[12, 16, 16, 4]
-0.831449
0.580083
1.15242
-0.577596
0.585862
0.391639
1.72304
-2.01901
1.13913
0.124803
-0.181557
0.953841
-2.10114
-0.195501
-0.167996
-0.468498
-0.472033
-3.24124
0.368863
-0.731166
-0.729045
0.558875
-0.512199
-1.80713
1.50395
0.0842294
-0.012557
0.337762
-0.831757
-0.451978
-1.30857
2.03385
-2.17768
1.9767
-1.44556
1.36131
-0.0108791
0.488186
1.80344
0.930216
1.0005
-0.594963
0.49714
-0.641612
-1.03432
0.186092
-0.0997263
-1.46016
0.839323
-0.290033
-1.01758
-1.16357
-0.895047
0.725978
-0.426491
-0.045237
0.866615
1.48659
-0.863277
-0.646905
-0.301833
-2.58195
1.32365
0.0462775
-0.762992
-2.31052
-0.910708
-1.22322
-0.127035
0.650546
1.06931
-0.0814378
0.706546
0.0850414
0.364349
-0.158936
2.82395
0.323192
-1.25187
1.48997
-0.253811
-0.758131
0.607796
0.257251
-0.645875
2.42429
0.344937
-1.82214
0.641654
0.688237
-0.353303
0.501107
2.57158
1.11436
1.53328
-0.858176
0.0133914
0.0277356
0.128167
-1.00267
-0.0706925
1.8618
-0.659673
-1.61976
-0.0489194
0.655067
0.66678
0.851057
1.51576
-0.149047
0.0590318
-0.228652
-0.600967
1.69529
1.5804
0.965407
-0.45876
-2.12808
0.589783
-2.70271
0.899819
1.40323
0.577772
0.862361
-1.68212
-1.10427
0.264044
0.916338
2.94365
0.466518
-0.980309
-1.32615
1.68522
5.58675
0.724015
-0.316092
-1.27296
3.7385
-1.70189
2.8169
-1.04665
-2.10528
1.76612
0.479788
-3.65232
0.0760808
0.630788
0.473144
-4.15247
-2.89481
2.20206
0.10925
-0.503069
-1.62262
-0.141578
-0.858503
1.29283
3.01641
-2.15969
-0.852477
0.73893
1.77788
-1.59939
-0.367419
-1.14607
0.161788
1.40206
5.79007
2.04085
-1.32825
1.06311
-1.05758
0.935631
-0.741867
-0.900051
0.216017
1.71892
-0.822026
-0.267291
1.20384
-0.188665
1.1345
0.901369
-0.309976
-0.408576
0.045373
2.5439
2.53228
-2.43064
-1.89881
-0.230994
-0.895392
0.843391
3.17527
0.58961
-0.853073
-1.00343
1.19721
2.69951
-2.77288
-0.732034
1.08288
0.0784101
0.0940234
0.404206
0.336506
-1.48701
-1.03206
-0.707904
1.05121
-0.0842123
-0.120154
-1.5421
-0.272753
-0.52468
-1.03255
0.378779
-0.40899
2.34611
-1.46603
1.05897
0.879999
-0.970476
-0.0294893
0.519196
1.18673
2.05439
0.350837
-2.18264
0.373709
1.1033
0.359402
1.40548
1.03688
1.45411
-1.30547
0.931552
1.06123
-0.219115
-1.27151
1.05108
1.8279
2.14534
0.142748
-0.602803
-0.324798
-0.934291
0.450741
-0.458673
-0.353518
-0.467344
0.31249
1.37273
0.918379
-2.03454
0.846792
1.47912
-1.89859
-2.29055
0.356451
2.0135
0.976332
-0.527496
-0.118233
0.574228
0.416607
0.891983
2.7105
-2.62032
3.6418
-3.53588
1.61907
-0.342346
1.3086
1.33409
2.44135
6.74654
-4.37892
-0.216608
1.12371
0.612855
-0.0188801
2.17724
-1.98104
-1.40436
1.47011
2.09598
2.84614
0.344163
-2.09656
1.72959
2.0806
6.14571
4.5563
0.739891
4.55763
-0.231172
-2.46285
-1.20134
-0.985087
1.44794
-3.98835
1.55185
3.10543
0.482228
-0.135898
-1.41574
2.84381
-1.31167
1.82995
0.991479
-3.29922
1.7969
-0.141402
0.286353
-0.888435
1.59612
-0.160101
0.142528
-0.280963
0.715311
0.557733
2.97083
0.176024
0.136954
-6.10174
2.255
4.99787
-5.17159
2.66704
-1.93524
1.52632
-0.850471
-1.94828
1.88708
1.69501
-0.666726
-2.09957
-2.48371
0.230991
0.768959
1.94052
-2.85138
-3.63302
-2.49665
-4.86387
-0.834812
1.36826
1.07818
-0.780049
-0.1308
-1.0947
-1.14396
-1.30558
-0.681206
-0.0845315
-2.56717
-0.335574
-1.54554
3.27176
-0.0316736
0.917132
-1.00888
0.00939661
-0.580047
-0.622472
0.789925
0.862195
-1.1552
0.744111
-1.54148
0.442263
2.21895
-2.77285
1.70644
-0.0266721
4.56294
-4.24868
1.99712
1.68616
1.77589
-1.15631
0.571395
-0.582782
0.909654
-0.537866
1.63856
0.143439
-2.92105
-1.95346
-0.174583
-1.46701
-2.30986
0.954619
-3.87091
2.70559
-2.10299
1.68556
-0.837793
-1.36834
-0.259842
-0.992162
-0.661776
0.388584
1.79172
0.820813
0.199693
2.16879
-2.06801
-1.35911
4.37964
-3.14116
2.11206
-1.85433
0.550853
0.124177
-1.72422
0.676998
1.68534
0.372003
-1.44395
0.101472
-0.447475
2.26495
-0.909038
1.84026
0.0939302
0.297662
4.99235
-3.33783
4.60045
0.421929
-2.69261
0.0771179
-1.28167
0.0494226
0.539653
-2.13304
0.0967696
0.282187
-0.332962
0.179769
0.752113
-0.990228
-3.61254
-2.57346
-0.154013
-0.28202
-0.240671
-2.15269
1.5081
2.27005
1.7959
-0.0523554
0.223854
-0.785834
-0.184983
-1.22061
-1.46967
-1.82471
-0.729108
1.27001
2.00446
-2.63766
0.164119
0.213271
-0.116833
-1.20703
-1.29272
0.810486
0.21979
0.0704
-0.126583
-0.0879386
-0.297022
0.29524
0.18669
-0.38344
-2.96144
2.11136
-2.10553
-8.60044
-5.57041
-3.60567
2.49565
-0.739611
-0.461958
-1.76042
-0.597832
4.09851
0.729526
-0.0663526
0.200724
-4.23929
-0.44837
-2.02516
-8.21309
4.92514
-4.66447
4.4446
-2.68388
-4.4394
-3.34865
-2.88854
0.243688
-3.21234
-1.55706
-1.02143
-3.65872
7.37149
5.74232
-7.30994
2.11724
-2.77317
-1.57562
2.74297
-5.117
-0.888318
0.741495
-3.51088
2.45317
-1.69018
-0.302176
0.33503
-0.0885214
-5.2777
1.22967
-3.93194
-1.70842
4.54541
-1.71226
-0.319545
3.79515
-0.243661
2.79229
2.73685
-3.78828
2.40266
-1.44924
0.767205
-1.3959
0.424775
-0.770898
0.533217
-0.927322
-3.97013
-2.30358
-0.73625
