[20, 25, 25, 4]
1.30639
0.790141
-0.630659
1.34369
1.52774
-1.4142
0.968941
0.436699
-0.236552
1.44787
-0.190905
0.887512
0.0615058
-0.572782
-1.48726
-0.158748
0.163797
1.11553
-0.481076
0.241851
-0.56664
0.333227
-0.0577015
1.49314
-2.06368
1.8426
0.857219
-0.518816
1.19472
1.43491
-1.89161
0.447278
0.070206
1.02837
0.64926
0.727217
0.823481
0.154747
-0.0387774
-0.0781416
0.546799
0.267457
0.909181
-0.189859
-1.1672
-0.393475
0.229216
0.239395
1.36917
-1.28313
1.68486
1.11019
-0.379305
1.24164
1.57806
-2.43766
0.503761
-0.260624
-0.0728276
0.114425
-0.432643
0.777812
0.643422
0.195668
0.247143
1.27012
0.488648
0.829847
-0.102528
0.630518
-0.301697
-0.000109795
0.371405
1.25154
-0.332839
1.81787
0.725902
-0.380796
0.658473
1.3011
-2.85987
0.425588
0.0232007
0.297638
0.305338
-1.24884
0.834033
-0.507989
0.509593
0.788339
0.191815
0.805833
0.472712
-0.855212
0.407317
-0.183811
-0.782863
0.102486
1.22844
-0.943543
1.97326
1.50025
-0.998822
1.87491
0.396445
1.7333
1.35602
-0.643991
1.05481
0.668569
-2.55293
-0.476469
-1.63122
0.996326
1.41285
-0.0369252
0.548205
0.594088
-0.260838
0.67318
0.708165
0.597231
-0.421113
0.464814
-1.03702
1.08831
1.264
0.461673
-0.314818
2.09502
-0.927638
-2.13832
-0.0978631
-1.55511
0.0643086
-0.556292
0.82727
1.0149
0.477734
0.857644
1.23408
-0.753682
-0.457369
1.66327
-1.29638
0.230383
0.249854
-0.0887391
-1.14667
-3.02511
0.478057
1.48464
0.640385
1.08722
1.90733
-0.760774
-1.28461
-1.02895
-0.484737
-0.408229
1.71904
0.778926
-1.05791
-0.4378
1.05998
0.181995
-0.0958797
-0.012194
-0.653233
-0.0115015
0.18808
0.227995
-0.911138
-1.3756
-1.42296
0.945228
0.933556
0.635547
1.31728
1.47726
-0.0596754
-2.50097
-1.70724
-0.225034
-0.252581
2.45625
1.1526
-0.421482
-0.469502
1.41464
-0.217078
-0.378908
-1.32943
0.188794
-1.05543
0.310424
0.675001
0.261346
-2.10392
-0.714907
0.985441
-0.0827786
0.579453
-2.602
0.706446
-0.919754
-2.20431
-1.85316
-0.687422
-0.324402
0.773808
1.11875
1.16036
-0.519684
0.332092
0.184174
-0.254823
-0.660963
-2.29163
0.956974
0.763001
2.61755
0.857885
-1.10247
-1.07163
0.120924
-1.48333
0.0712405
-2.15608
1.34912
1.84258
-2.18331
0.060503
-1.16227
-2.2643
3.77763
-0.226258
0.104554
-0.818733
0.317929
-0.840926
-1.09502
-1.18044
-0.0764842
0.177598
1.52724
-0.0572046
-0.585052
1.78459
-1.88737
0.144695
1.19304
0.0261658
0.82211
0.602979
-1.01889
3.22972
-0.184038
-2.53762
-0.755324
-0.203546
0.191823
1.38212
0.243166
-1.23922
-0.0483419
0.877203
-1.81907
0.93692
-0.128532
0.697104
0.607272
-0.718557
2.40834
-1.69444
-0.360647
1.29452
0.539551
2.40857
0.509046
-0.394466
-1.0354
2.34829
-2.35551
0.842517
-0.535807
0.509791
-0.158573
0.0746199
-2.71119
0.0119322
-0.299358
0.123608
1.03537
-0.892923
0.736619
1.70325
-0.872748
1.7292
-0.494104
0.492571
-3.57708
-0.975
-1.25244
2.39226
2.28672
0.722394
2.442
0.37004
-0.377246
1.39231
-0.855047
0.17037
-1.44499
0.147927
0.271929
-1.09502
0.346746
0.306676
-1.83706
0.815123
0.714402
-1.51022
1.02998
-2.00499
0.995049
0.686254
-1.21946
1.50916
0.647668
0.913791
1.36904
0.366311
-1.65813
2.39472
1.05175
1.84393
0.475631
-1.29961
-2.38043
-0.190494
-0.0354818
0.802756
-0.433435
-2.85172
-0.602479
-0.501609
-2.00537
-0.270666
-0.396796
0.543678
2.55183
0.0923199
2.15172
0.742248
-2.16247
-0.334347
1.75153
-0.791458
2.21476
0.0723437
2.80661
-0.220944
-0.240603
-2.55802
-0.251957
-0.965147
-0.37552
-1.19232
-0.0250987
-0.133287
0.776179
-1.32858
0.455775
0.639312
0.786068
0.946559
-0.57637
-0.0923724
2.35
-0.718615
0.595874
0.531101
-1.33229
1.25297
0.107367
0.771294
1.15304
-1.52865
-1.31279
0.458397
-0.175172
1.52342
0.307707
-1.6824
-0.233147
1.25177
-1.11949
3.12429
-0.690164
3.61374
-0.0492758
0.876021
0.0354899
2.78184
-0.767687
0.597706
0.202579
5.00136
0.0205165
-1.47174
1.69639
2.36492
-2.60967
3.24773
1.94441
-1.00075
-0.119585
-0.0754693
3.67853
-0.863378
-1.68404
0.520133
-0.447382
2.18229
-4.6316
0.670204
2.03341
-0.580973
-3.04848
-0.861491
-1.38984
-1.13624
-4.12752
0.660099
1.07795
-2.37473
-0.257839
4.01684
-5.99758
0.90242
2.47391
-0.398248
-0.605043
-2.7829
0.212806
0.574487
-2.96819
1.81386
-2.15698
0.562981
1.33477
-7.27556
-4.96173
-3.69655
-0.21067
-0.969463
-0.426647
-0.250832
3.17152
-0.666667
-1.80536
-1.72241
-2.07614
-1.50647
-0.0501381
2.3429
-2.1051
1.01498
-0.77468
-4.23603
0.959994
-1.2131
0.434606
-0.545603
0.441869
-2.14117
0.277364
-1.32578
1.26251
-0.364802
2.46169
0.618293
-0.56742
-1.92522
0.63
3.55227
0.418934
0.680527
2.38863
0.0129396
0.739519
-0.860444
0.0502538
0.157784
3.99819
-1.82394
4.23207
-1.01049
-1.15684
-0.000129658
0.275788
-0.645985
0.354436
-1.57575
-0.160196
-1.92969
0.447902
-0.590078
1.11469
-0.443952
-0.261947
0.530168
1.40667
-1.19633
0.479278
2.61302
-0.584874
1.1885
1.31402
-0.126234
-0.259371
-0.352666
-0.383371
-0.235069
1.30081
0.519154
1.33782
-2.29618
-3.63893
2.86213
3.43695
-0.229406
-1.20804
-1.62164
-0.312495
-2.85792
1.47957
-1.90153
0.984713
-0.603772
0.744263
2.47867
0.0331094
-0.50493
-1.24637
-1.65667
0.627817
-0.950971
-0.519535
-0.207284
0.343754
-0.0436463
-2.70954
-0.679659
0.269373
-0.924863
0.654958
-0.0362645
0.27613
0.913267
-0.202725
1.64617
-0.0618675
-2.09022
-0.0233105
-0.0838409
0.0812892
-0.239115
-1.08418
-0.701474
0.352028
0.317368
2.17106
-2.64574
3.74525
2.09165
0.740721
0.915355
-6.68899
2.59239
0.531816
-0.798105
-0.637237
2.00771
-0.44629
-1.76597
0.45593
-2.94235
-0.0280084
0.373422
-1.89835
-0.300525
-0.144446
-1.24903
-0.0748693
2.67155
-2.02679
-0.727646
0.0260146
0.0817739
-1.04682
-0.18722
-0.58843
6.42968
-1.23419
0.460615
0.0455382
0.475326
3.09234
0.74298
-1.9491
-1.21554
5.03295
-1.52751
1.7403
1.43803
-0.430225
-0.659235
-0.594268
-3.05153
0.454612
1.36643
-0.457629
0.122529
-3.13121
1.16867
-0.62716
2.49788
2.35569
-3.26657
0.730379
-0.535258
0.863691
-2.03968
-0.585278
1.21017
-0.254106
1.35172
3.76132
1.89945
-0.910907
-1.67265
-0.202491
-1.40354
2.50941
-1.39384
0.479606
-1.06199
0.477947
0.000303306
0.689498
0.490242
0.773081
0.785005
2.29121
-0.302188
2.33917
-0.49141
-0.216958
1.10328
-0.402217
-0.273073
-0.917139
-0.618744
2.60707
-0.758808
-0.83916
0.00612689
-2.59579
0.0316441
-0.0112132
0.308445
0.380857
-0.0726557
0.565847
-0.517656
0.224154
2.68893
0.25987
0.723835
0.153869
-2.23692
-0.142418
1.97492
-0.842872
-0.825755
-0.367502
-0.501763
0.114951
0.289334
-0.871987
1.07788
-2.8582
-0.531984
0.265566
-0.281908
0.372933
-0.449893
0.709313
0.921845
0.304973
-0.253061
1.60397
1.19678
1.43504
2.96736
2.21859
-1.08005
1.33968
0.539483
-1.54632
0.0842834
1.04455
1.19219
-0.216561
-0.324935
-3.67143
-0.520326
0.894821
0.223701
0.684256
-0.9455
-0.101861
-0.103087
-0.32842
0.229556
-0.0426572
1.80704
-1.61114
2.59985
-1.9956
-2.03904
-1.07259
-1.64649
-0.125331
0.00155503
1.84428
1.35644
-0.190766
-0.440612
1.12629
-0.0141045
-2.50269
2.2033
-1.03675
-0.574838
0.0312415
0.258932
1.70003
-0.066435
0.511583
0.176274
4.60472
0.829687
-1.99909
0.531749
3.01732
3.16946
1.76331
-0.914937
-0.993747
-0.696495
0.277355
-0.315706
0.0768734
0.457603
-0.099739
0.390775
-1.50756
2.1529
-0.503974
-0.183391
2.18903
0.784434
-0.831708
-0.294851
0.724026
1.37479
0.355986
-1.0023
2.84091
0.629447
0.736917
-2.50848
1.21569
1.43902
-2.36563
-0.113574
-0.354797
0.0678445
-0.0875194
0.159015
-0.487832
0.264565
0.396862
-0.264075
-1.9623
3.16234
0.315143
-0.410022
0.674258
-0.408044
0.805612
-0.472329
-1.24592
0.765531
0.787742
-1.90701
2.01507
-2.28496
0.408447
-1.27624
-0.59766
-0.384914
-0.130333
-1.07994
0.259475
-0.0332395
0.221704
1.28802
2.23688
0.292123
-0.767683
0.220327
-0.814587
0.0561379
0.284345
0.0306396
-0.15393
-0.341938
-0.691109
-0.279794
1.41791
-2.86797
2.78957
-0.827672
3.85661
-0.81904
-1.53409
-0.224089
-1.19084
-0.89712
0.0153095
1.13989
-0.396942
-0.569618
-1.42359
1.53526
-2.61602
-1.29544
2.02318
-0.442193
-2.73442
-0.534642
0.875962
-0.305939
-1.06242
-2.35446
-3.31453
0.495356
-0.295972
5.56156
-1.76306
1.21876
-0.0197
2.69539
-0.0719282
-0.383196
0.263193
0.496047
1.99101
-0.500871
-0.273273
7.18824
-2.44074
0.747828
-0.310371
0.839145
0.0594007
1.10483
1.10623
-0.368665
0.291759
3.0303
-0.463632
0.291657
-3.61123
-3.30298
-2.48488
0.306759
1.2786
2.24036
-0.0149695
-1.69276
-1.0816
-0.85431
-0.718429
1.24855
-4.94143
-0.778816
-0.867539
-0.243605
3.32808
0.691633
-0.455654
-0.284971
-0.457217
0.412393
0.743494
0.334936
1.27438
-1.44731
-0.410871
-0.0517397
-2.85706
1.88708
-0.658542
-0.484962
0.129635
0.385924
0.842915
-0.17299
0.94365
0.333099
0.705941
0.892024
-0.496037
0.0475162
-0.385822
-0.822671
-1.2229
-0.14905
-0.555551
-0.0401712
0.479223
2.1512
-3.68531
1.00471
-2.20592
1.54431
1.1557
-1.72168
-1.16295
-1.19122
1.93823
1.41072
-2.05929
1.1504
0.326842
-0.804546
-1.18521
1.21431
0.208673
-3.78917
-0.858053
2.47177
0.303515
0.693771
-0.585953
-1.08144
-0.336072
-0.0661368
-1.76287
-2.13894
1.55583
-3.98926
-2.56001
-2.39163
-0.366327
1.71329
-1.16891
-0.211045
0.126284
0.0676094
0.212055
0.523492
-0.223653
1.10383
-2.03397
-0.799054
1.47579
0.466265
0.390714
-0.370738
-0.354102
1.20237
0.653543
1.50882
0.32546
-0.350257
2.20283
-0.01124
-0.564957
-0.460119
-1.07626
-1.13418
0.32906
-0.363318
0.633731
0.528943
-1.19599
-0.779893
0.395575
1.00392
-1.63257
-2.45318
-3.37269
0.676759
-0.351108
0.603255
1.17126
2.00877
-0.128158
-0.733784
-0.243829
-0.428473
-1.72308
-3.37299
0.941807
1.47181
-0.2113
-0.0994228
0.951641
0.939474
-0.101934
-2.5321
0.699859
1.00308
-0.0475489
1.33106
0.551399
-1.1458
-2.08715
1.04364
0.352382
0.346373
0.964737
-0.0244316
1.68799
0.233799
-1.62401
0.724029
-3.35362
2.54783
2.62396
-0.66016
0.369526
-2.79011
0.638241
0.812202
0.446336
-0.694842
1.48631
0.0571908
-0.597809
0.165665
-1.81917
-0.137268
-0.296514
1.18929
0.643507
-2.21862
0.440195
1.92397
0.194868
0.838258
-1.14762
1.37213
0.583264
0.44884
-0.171239
-1.07188
-1.44906
-0.403029
-2.28525
-0.198237
0.48814
-1.62075
-1.92666
-0.287288
-0.438202
-0.448843
-1.30724
2.40526
2.75197
-0.465961
0.778353
-2.48478
-0.392699
-0.184345
0.159888
1.05073
1.12877
-0.283629
-0.553695
0.0358481
-0.65506
-0.741076
0.891619
0.792405
-1.3377
0.24626
0.0700316
-0.11782
1.2568
0.211365
1.31395
-0.740405
-0.910441
2.53895
-0.593818
-0.569913
1.57898
-0.785333
-0.32492
0.896819
-2.40463
-0.418343
-0.507547
-2.1192
1.72059
2.4786
-1.97167
-0.108588
-0.276873
-1.1096
-0.0757618
-3.41622
0.955604
0.414068
-0.0537211
-0.779344
1.80983
-2.45877
0.153233
-0.754337
1.33122
-0.167209
0.232748
0.231688
-1.40345
2.24892
-0.171697
2.73559
0.278175
-0.738175
1.98904
1.11229
0.78188
-0.0352047
1.19812
0.0845016
-1.75477
-0.566846
-0.0185879
0.14802
0.193224
-0.37734
-0.188989
-0.784588
-1.12205
1.74301
-0.996757
-1.45926
-1.09111
-0.175319
0.584242
-0.119317
0.575727
-0.496327
-0.52173
-0.0510732
0.387967
-2.00713
-5.15466
-3.11444
-3.34042
-2.75554
-0.268793
1.40174
-2.47857
-2.20068
-5.6344
1.32083
-3.58108
-0.864714
3.6286
-1.30295
-2.66476
1.36603
4.66242
-7.28982
-7.48743
-6.49509
-6.51184
5.45265
-7.0944
-0.406938
-1.74662
-1.2141
-4.8238
4.22053
-0.758103
0.771807
-1.1297
-2.77553
-7.01123
-1.99592
-3.46976
-1.95528
-5.96083
-3.55204
-3.29825
4.97352
0.288445
-1.13588
-1.67559
0.39152
0.360539
-3.69857
-5.8075
-3.54027
-9.70289
5.09489
6.22562
-9.65368
1.89437
1.18368
3.1769
1.02354
-2.77471
-2.18693
-1.83107
-2.3971
-1.32934
-1.18787
-1.12837
0.916031
-0.868572
-1.08609
0.618083
1.47683
0.0889023
-0.589785
-0.297658
0.810442
-0.42841
1.13488
-1.02599
-0.781892
2.5916
-5.27605
4.21703
-3.92993
1.12098
-3.51161
6.30418
2.20894
2.63183
-0.788968
-0.919923
3.03962
-2.1453
-1.10143
-1.17246
-1.56745
-1.58407
1.40262
-1.47694
0.0984783
2.77089
1.80678
2.65706
-4.65212
-3.15228
-1.32877
-1.01801
-0.496599
