[229, 25, 25, 4]
0.0
0.0
0.0
0.0
0.0
0.0
0.0
0.0
0.0
0.0
0.0
0.0
0.0
0.0
0.0
0.0
0.0
0.0
0.0
0.0
0.0
0.0
0.0
0.0
0.0
0.0
0.0
0.0
0.0
0.0
0.0
0.0
0.0
0.0
0.0
0.0
0.0
0.0
0.0
0.0
0.0
0.0
0.0
0.0
0.0
0.0
0.0
0.0
0.0
0.0
-0.556764
0.0
0.0
0.0
0.0
0.0
0.0
0.0
0.0
0.0
0.0
0.0
0.0
0.0
0.0
-0.238907
0.0
0.0
0.0
0.040079
0.0
0.0
0.0
0.0
0.0
0.0
0.0
0.0
0.0
0.0
0.0
0.0
0.0
0.0
0.0
0.0
0.0
0.0
0.0
0.0
0.0
0.0
0.0
0.0
0.0
0.957655
0.0
0.0
0.0
0.0
0.0
0.0
0.0
1.33505
0.0
0.0
0.0
0.964171
0.0
0.0
0.0
0.0
0.0
0.0
0.0
0.0
0.0
0.0
0.0
0.0
0.0
0.0
0.0
0.0
0.0
0.548463
0.403593
1.12795
0.40616
-0.190603
0.0270152
0.391182
0.268222
0.13272
-0.956951
0.52847
-0.538257
0.423365
-0.982908
0.0846543
-0.485374
-1.41913
0.488095
-0.569537
-0.0382856
0.495171
0.364133
-0.0529288
-0.249542
-0.494929
0.0
0.0
0.0
0.0
0.0
0.0
0.0
0.0
0.0
0.0
0.0
0.0
0.0
0.0
0.0
0.0
0.0
0.0
0.0
0.0
0.0
0.0
0.0
0.0
-1.13313
0.337177
0.586182
1.05748
0.553567
-0.129813
0.00452111
0.35332
0.243255
0.200182
-0.320811
0.620046
-0.396892
0.2789
-1.18636
-0.086432
-0.508714
-0.33468
0.322226
0.174408
-0.583526
0.532512
0.213707
-0.366327
0.339022
-0.51579
0.0
0.0
0.0
0.0
0.0
0.0
0.0
0.0
0.0
0.0
0.0
0.0
0.0
0.0
0.0
0.0
0.0
0.0
0.0
0.0
0.0
0.0
0.0
0.0
0.0
0.205071
0.802483
0.974079
-0.285278
-0.376378
0.0525601
0.313366
0.445833
0.185945
0.0954144
0.128874
-0.310668
0.0369433
-1.39624
-0.268633
-0.833377
-0.324775
0.345778
0.341658
-0.014159
0.512468
0.299804
-0.625216
0.0321981
-0.553009
0.0
0.0
0.0
0.0
0.0
0.0
0.0
0.0
0.0
0.0
0.0
-0.577627
0.0
0.0
0.0
0.0
0.0
0.0
0.0
0.0
0.0
0.0
0.0
0.0
0.0
0.0
0.0
0.0
0.0
0.0
0.0
0.0
0.0
0.0
0.0
0.0
0.0
1.47244
0.0
0.0
0.0
0.0
-0.0618297
0.0
0.0
0.0
0.0
0.0
0.0
0.0
0.0
0.0
0.0
-2.30156
0.0
0.0596225
0.0
0.0
0.0
0.0
0.0
0.0
0.0
0.0
0.0
0.0
0.0
0.0
0.0
0.0
-1.05484
0.0
0.0
0.0
0.0
0.0
0.0
0.0
0.0
0.0
0.0
0.0
0.0
0.0
0.0
0.0
0.0
-0.150201
0.0
0.0
0.0
-1.21069
0.0
0.0
-0.0377517
0.0
0.0
0.0
0.0
0.0
0.0
0.0
0.0
0.0
0.0
0.0
0.0
0.0
0.0
0.0
0.0
0.0
0.0
0.0
0.0
0.0
0.0
0.0
0.0
0.0
0.0
0.0
0.0
0.0
0.0
0.0
0.0
0.0
0.0
0.0
0.0
0.0
0.0
0.0
0.0
0.0
0.0
0.0
0.0
0.0
0.0
0.0
-0.792291
0.0
0.0
0.0
0.0
0.0
0.0
0.0
0.0
0.0
0.0
0.0
0.0
0.0
0.0
0.0
0.0
0.0
0.0
0.0
0.0
0.0
0.0
0.0
0.0
0.0
0.0
0.0
0.0
0.0
0.0
0.0
0.0
0.0
0.876993
-0.656541
0.0
0.0
0.0
-1.95013
0.0
1.34777
0.842641
0.0
-0.66619
0.0
0.422868
0.0
0.0
0.0
0.0
0.0
0.0
0.0
0.0
0.0
0.0
0.224512
0.0
0.0
0.0
0.0
0.0
0.0
0.0
0.0
0.0
0.0
0.0
0.0
0.0
0.0
0.0
0.0
0.0
0.0
0.0
0.0
0.0
0.0
0.0
0.0
0.0
0.554987
0.34116
1.05791
0.62682
-0.302302
0.130778
0.404762
0.0646786
0.151169
-0.693644
0.21478
-0.754379
0.274189
-0.951522
0.0724892
0.025519
-1.3076
0.436723
-0.00324354
-0.00412943
0.490281
0.412312
-0.261211
0.32749
-0.383662
0.0
0.0
0.0
0.0
0.0
0.0
0.0
0.404237
0.0
0.0
0.0
0.0
0.0
0.0
0.0
0.0
0.0
0.587685
0.0
0.0
0.0
0.0
0.0
0.0
0.0
0.0
0.0
0.0
0.0
0.0
0.0
0.0
0.0
0.0
0.0
-0.755508
0.0
0.0
0.0
0.0
0.0
0.0
0.0
0.0
0.0
0.0
0.0
0.0
0.0
0.0
0.0
0.0
0.0
0.0
0.0
0.0
0.0
0.0
0.0
0.0
0.0
0.0
0.0
0.0
0.0
0.0
0.0
1.28343
0.0
0.0
0.0
0.0
0.0
0.0
0.0
0.0
0.0
0.0
0.0
0.0
0.0
0.0
0.0
-0.15067
0.0
0.0
0.0
0.0
-0.621371
0.0
0.0
0.0
0.0
0.0
0.0
0.0
0.0
0.0
0.0
0.0
0.0
0.0
0.0
0.0
0.0
0.0
0.0
0.0
0.0
0.0
0.0
0.0
0.0
0.0
0.0
0.0
-0.692881
0.0
0.0
0.0
0.0
0.0
0.0
0.0
0.0
0.0
0.0
0.0
0.0
0.0
-0.829804
0.0
0.0
0.0
-0.0781674
0.0
0.0
0.0
0.0
0.0
0.0
0.0
0.0
0.0
0.0
0.0
0.0
0.0
0.0
0.0
0.106228
0.640593
0.851585
-0.256326
-0.510354
0.212396
0.238855
0.138173
0.138728
0.379859
0.0891681
-0.288928
-0.0799415
-1.44617
-0.349153
-0.496005
0.188568
0.506276
-0.447234
-0.064027
0.498538
0.316525
-0.277179
-0.0693914
-0.472699
0.0
0.0
0.0
0.0
0.0
0.0
0.0
0.0
0.0
0.0
0.0
0.0
0.0
0.0
0.0
0.0
0.0
-0.336198
0.0
0.0
0.0
0.0
0.0
0.0
0.0
0.0
0.623374
0.0
0.0
0.0
0.0
0.0
0.0
0.0
-1.06832
0.0
0.0
-0.391729
0.0
0.0
0.0
0.0
0.0
0.0
0.0
0.0
0.0
0.0
-0.798953
0.0
0.0
0.0
0.0
0.0
0.0
0.0
-0.124009
0.0
0.0
0.0
0.0
0.0
0.0
0.0
0.0
0.0
0.0
0.0
0.0
0.0
0.0
0.0
0.0
-2.45273
0.0
0.0
0.0
0.0
0.0
0.0
0.0
0.0
0.0
0.0
0.0
0.0
0.0
0.0
0.0
0.0
0.0
0.0
0.0
1.95378
0.0
0.0
0.0
0.0
0.0
0.0
0.0
0.0
0.0
0.0
0.0
0.0
0.0
0.0
0.0
0.0
0.0
0.0
1.18893
0.0
-0.234444
0.0
-0.529912
0.0
0.0
0.0
0.0
0.0
0.0
0.0
0.0
0.664506
0.455604
1.01117
0.324171
-0.273315
0.0166118
0.438015
-1.13051
0.132095
-0.532095
0.384897
-1.12596
0.485066
-0.903841
0.147394
0.100849
-1.70552
0.675611
-0.211923
-0.306947
0.446043
0.461354
-0.140191
0.164508
-0.376642
0.0
0.0
0.0
0.0
0.0
0.0
0.0
0.0
0.0
0.0
0.0
0.0
0.0
0.0
0.0
0.0
0.0
0.0
0.0
0.0
0.0
0.0
0.0
0.0
0.0
0.0
0.0
0.0
0.0
0.0
0.0
0.0
0.0
0.0
0.0
0.0
0.0
0.0
0.0
0.0
0.0
0.0
0.0
0.0
0.0
0.0
0.0
0.0
0.0
0.0
0.0
0.0
0.0
0.0
0.0
0.0
0.0
0.0
0.0
0.0
0.0
0.0
0.0
0.0
0.0
0.0
0.0
0.0
0.0
-0.237396
0.0
0.0
-1.42617
0.0
0.0
0.0
0.942728
0.0
0.0
0.0
0.0
0.0
0.0
0.0
0.0
0.291808
1.33534
0.0
0.0
0.0
0.0
0.0
0.0
0.0
0.0
0.0
0.0
0.0
0.0
0.0
0.0
0.0
0.0
0.0
0.0
0.0
0.0
0.0
0.0
0.0
0.0
0.0
0.0
0.0
0.0
0.0
0.0
0.0
0.0
0.0
0.0
0.0
0.0
-0.539022
0.0
0.0
0.0
0.0
0.0
0.0
0.0
0.0
0.0
0.0
0.0
0.0
0.0
0.0
-0.679059
0.0
0.0
0.0
0.0
0.0
0.0
0.0
1.05186
1.68019
0.0
0.0
0.0
0.0
0.0
0.0
0.0
0.0
0.0
0.0
0.0
0.0
0.0
0.0
0.0
0.0
0.0
0.0
0.0
0.0
0.0
0.0
0.0
0.0
0.0
0.0
0.0
0.0
0.0
0.0
0.0
0.0
0.0
0.0
0.0
0.0
0.0
0.0
0.0
0.0
0.0
0.0
0.0
0.0
0.0
0.0
0.0
0.0
0.383339
0.0
0.53445
0.0
-1.54223
0.0
0.0
0.0
0.0
0.0
0.0
0.0
0.0
0.0
0.0
0.0
0.0
0.0
0.0
0.0
0.0
0.0
0.0
0.0
0.0952363
0.0
0.0
0.0
0.0
0.0810254
0.615327
0.846359
-0.171226
-0.50733
0.217588
0.21773
0.510971
0.119918
0.298615
-0.202681
-0.166623
-0.10037
-1.46243
-0.368101
-0.537467
0.411188
0.466108
-0.0713289
0.12735
0.501607
0.288414
-0.441016
0.120464
-0.475801
0.0
0.0
-0.696321
0.0
0.0
1.89858
0.0
0.0
0.0
0.0
0.0
-0.546529
0.0
0.0
0.0
0.0
0.0
0.0
0.0
0.0
0.0
0.0
0.0
0.0
0.0
0.0
0.0
-0.901602
0.0
0.0
0.0
0.0
0.0
0.0
0.0
0.0
0.0
0.0
0.0
0.0
0.0
0.0
0.0
0.0
0.0
0.0
0.0
0.0
0.0
0.0
0.0
0.0
0.0
0.0
0.0
0.0
0.0
0.0
0.0
0.0
0.0
0.0
0.0
0.0
0.0
0.0
-0.92733
0.0
0.0
0.0
0.0
0.0752007
0.0
0.0
0.0
0.0
0.0
0.0
0.0
0.0
-1.83522
0.0
0.0
0.0
0.0
0.0
0.0
0.0
0.363446
0.0
0.0
0.0
0.0
0.0
0.0
0.0
0.0
0.0
0.0
0.0
0.0
0.0
0.0
0.0
0.0
0.0
0.0
0.0
0.0
0.0
0.0
0.431621
0.0
0.0
0.0
0.0
0.0
0.0
0.0
0.0
0.0
0.0
0.0
0.0
0.0
0.0
0.0
0.0
0.0
0.0
0.0
0.0
0.0
0.0
0.0
0.0
0.0
0.0
0.0
2.12174
0.0
0.0
0.0
0.0
0.0
0.0
0.0
0.0
0.0
0.0
0.0
0.0
0.0
0.0
0.933087
0.0
0.0
0.0
0.0
-0.240138
0.0
0.0
-0.948336
0.0
0.0
0.0
-0.527571
0.0
0.0
0.0
0.0
0.0
0.0
0.0
0.0
0.0
0.629111
0.0
0.0
0.0
0.0
0.0
0.0
0.0
0.0
0.0
0.0
0.0
0.0
0.0
0.0
0.0
0.0
0.0
0.0
0.0
0.0
0.0
0.0
-0.38978
0.0
0.0
0.0
0.0
0.0
0.0
0.0
0.381025
0.0
0.0
1.03519
0.0
0.0
0.0
0.0
0.0
0.0
0.0
0.0
0.0
-0.723171
1.24482
0.0
0.0
0.0
0.0
0.0
0.0
0.0
0.0
0.0
0.0
0.0
0.0
0.0
0.0
0.0
-0.41871
-1.08561
0.0
0.0
0.0
0.0
0.0
0.0
0.0
0.0
0.0
0.0
0.0
0.0
1.31819
0.0
0.0
0.0
0.0
0.0
0.0
0.0
0.0
0.0
0.0
-0.448323
0.0
0.0
0.0
0.0
0.0
0.0
0.0
0.0
0.0
0.0
0.0
0.0
0.0
0.0
0.0
0.0
0.0
0.0
0.0
0.0
0.0
0.0
0.0
0.0
0.0
0.0
0.0
0.0
0.0
0.0
0.0
0.0
0.0
0.0
0.0
0.0
0.0
0.103736
0.0
0.0
0.0
0.0
0.0
0.0
0.0
0.0
0.0
0.0
0.0
0.0
0.0
0.0
0.0
0.0
0.0
0.0
0.0
0.0
0.0
0.0
0.0
0.0
0.0
-0.251628
0.0
0.0
0.0
0.0
0.0
0.0
0.0
0.0
0.0
0.0
0.0
0.0
0.0
0.0
0.0
0.0
0.0
0.0
0.0
0.0
0.0
0.0
0.0
0.0
0.0
0.0
0.0
0.0
0.0
0.0
0.893968
0.0
0.0
0.0
0.0
0.0
0.0
0.0
0.0
0.0
0.0
0.0
0.0
0.281393
0.0
0.0
0.0
0.0
1.59704
0.0
0.0
0.0
0.0
0.0
0.0
0.0
0.0
0.0
0.0
0.0
0.0
0.0
0.0
0.0
0.0
0.0
0.0
0.0
0.0
0.0
0.0
0.0
0.0
0.0
0.0
0.0
0.0
0.0
0.0
0.0
0.0
0.0
0.397665
0.875686
0.0
0.0
0.0
0.0
0.0
0.0
0.0
0.0
0.0
0.0
0.0
0.0
0.0
0.0
0.0
0.0
0.0
0.0
0.0
0.0
0.0
0.0
0.0
0.0
0.0
0.0
0.0
0.0
0.0
0.0
0.0
0.0
0.0
0.0
0.0
0.0
0.0
1.92684
0.0
0.724551
0.378206
1.01286
0.471155
-0.188413
0.0907094
0.469983
-0.345391
0.12509
0.280497
0.79949
-1.69597
0.513529
-0.845634
0.196501
1.08521
-1.65582
0.763915
0.149406
-0.92773
0.437431
0.624742
-0.3443
0.0200052
-0.320813
0.0
0.0
0.0
0.0
0.0
0.0
0.0
0.0
0.0
0.0
0.0
0.0
0.0
0.0
0.0
0.0
0.0
0.0
0.0
0.0
0.0
0.0
0.0
0.0
0.0
0.0
0.0
-2.06884
0.0
0.0
0.0
0.0
0.0
0.0
0.0
0.0
-2.39545
0.0
0.0
-0.752997
0.0
0.0
0.0
0.0
0.0
0.0
0.0
0.0
0.0
0.0
0.0
0.0
0.0
0.0
0.0
0.0
0.0
0.0
0.0
0.0
0.0
0.0
0.0
0.0
0.0
0.0
0.0
0.0
0.0
0.0
0.0
0.0
0.0
0.0
0.192767
0.0
0.0
0.0
0.0
0.0
0.0
0.0
0.0
0.905617
0.0
0.0
0.0
0.0
0.0
0.0
0.0
0.0
0.0
0.0
0.0
0.0
0.0
0.0
0.0
0.0
0.0
0.0
0.0
0.0
0.0
0.0
0.0
0.0
0.0
-1.97539
0.0
0.0
0.0
0.0
0.253039
0.0
0.0
0.0
0.0
0.0
0.0
-1.43273
0.0
0.0
0.0
0.0
0.0
0.0
0.0
0.0
0.0
0.0
0.0
0.0
0.0
0.0
0.0
0.0
0.0
0.0
0.0
0.0
0.0
0.0
0.0
-1.14447
0.0
0.0
0.0
0.0
0.0
0.0
0.0
0.0
0.0
0.0
0.0
0.0
0.0
0.0
0.0
0.0
0.0
0.0
0.0
-0.271168
0.0
0.0
3.6629
0.0
0.0
0.0
0.349536
0.0
0.0
0.623517
0.0
0.0
0.0
0.0
0.0
0.0
0.0
0.0
0.0
0.0
0.0
0.0
0.0
0.0
0.0
0.0
0.600937
0.0
0.0
-0.191074
0.0
-0.822747
0.0
0.0
0.0
0.0
0.0
0.0
0.0
-0.586938
0.0
0.0
0.0
0.0
0.0
0.0
0.0
0.0
-0.396829
0.0
0.132479
0.0
0.0
0.0
0.0
0.0
0.202529
0.0
1.32463
0.0
0.0
0.0
0.0
0.0
0.0
0.0
0.0
0.0
0.0
0.0
0.0
0.0
0.0
0.0
0.0
0.0
0.0
0.0
0.0
1.90958
0.0
0.0
0.0
0.0
0.0
0.0
0.0
0.0
0.0
0.0
0.0
0.0
0.0
0.0
0.0
0.0
0.0
0.0
0.0
0.0
0.0
0.0
0.0
0.0
0.0
0.0
0.0
0.0
0.0
0.0691799
0.645517
0.802639
-0.273584
-0.551067
0.24489
0.199721
0.452869
0.110052
0.265909
-0.481207
-0.0602241
-0.0840646
-1.49352
-0.410779
-0.325602
0.714034
0.441117
-0.143934
0.0419835
0.489026
0.349187
-0.3857
0.440265
-0.48553
0.0
0.0
0.0
0.950753
0.0
0.0
0.0
0.0
0.0
0.0
0.0
0.0
0.0
0.0
0.0
0.0
0.0
0.0
0.0
0.0
0.0
0.0
0.0
0.0
0.0
0.758906
0.369257
1.03091
-0.398126
0.027266
0.0168022
0.500588
-0.430441
0.0999737
-0.00341204
-0.462006
-1.82019
0.695552
-0.797811
0.267008
1.07539
-1.81771
0.801328
-0.155662
-0.487913
0.434982
0.550391
-0.145246
-0.505305
-0.386342
-0.193709
0.0
0.0
0.0
0.0
0.0
0.0
0.0
0.0
0.0
0.0
0.0
0.0
0.0
0.0
0.0
0.0
0.0
0.0
0.0
0.0
0.0
0.0
0.0
0.0
0.0
0.790293
0.0
0.0
0.0
0.0
0.0
0.0
0.0
0.0
0.0
0.0
1.39149
0.0
0.0
0.0
0.0
0.0
0.0
0.0
0.0
0.0
0.0
0.0
0.0
0.0
1.27957
0.0
0.0
0.0
0.0
0.0
0.0
0.0
0.0
0.0
0.0
0.0
0.0
0.0
0.0
0.0
0.0
-0.466269
0.0
0.0
-1.42254
0.0
0.0
0.0
0.0
0.0
0.0
0.0
0.0
0.0
0.0
-0.610251
0.0
0.0
-1.19299
0.0
0.0
0.0
0.0
0.0
0.0
0.0
0.0
0.0
0.0
0.0
0.0
0.0
0.0
0.0
-0.667862
0.0
0.0
0.0
0.0
0.0
0.0
0.0
0.0
0.0
0.0
0.0
0.0
0.0
0.0
0.0
0.0
0.0
-1.07316
0.0
0.0
0.0
0.0
0.0
0.0
0.0
0.0
0.0
0.0
0.0
0.0
0.0
0.421992
0.0
0.0
0.0
0.0
0.0
0.0
0.0
0.0
0.0
-0.400205
0.0
0.0
0.0
0.0
0.0
0.0
0.0
0.0
0.0
0.0
0.0
0.0
-0.205542
0.0
0.0
0.0
0.0
0.0
0.0
0.0
0.0
-0.85706
0.0
0.0
0.0
0.0
0.0
0.0
0.0
0.0
0.0
0.0
0.0
0.0
0.0
0.0
0.0
0.0
0.0
0.0
0.0
0.0
0.0
0.0
-0.943091
0.0
0.0
0.0
0.0
0.0
0.0
0.0
0.0
0.0
0.0
0.0
0.0
0.0
0.0
0.0
0.0
0.0
0.0
0.601799
0.0
0.0
0.0
0.0
0.0
0.0
0.0
0.0
0.0
0.0
0.0
0.0
0.0
0.0
1.11069
0.0
0.0
0.0
0.0
0.0
0.0
0.0
0.0
0.0
0.0
0.0
0.0
0.0
0.0
0.0
0.0
0.0
0.0
0.0
0.0
-0.622448
0.0
0.0
0.0
0.0
0.0
0.0
0.0
0.0
0.0
0.0
0.0
0.0
0.0
0.0
0.0
0.0
0.0
0.0
0.0
0.0
0.0
0.0
0.0
0.0
0.0
0.0
0.0
0.0
0.0
0.0
0.0
0.0
0.0
0.0
0.0
0.0
0.0
0.0
0.0
-1.28141
0.0
0.0
0.0
0.0
0.0
0.0
0.0
0.0
0.0
0.0
0.0
0.0
0.0
0.0
0.0
0.0
0.0
0.0
0.0
0.0
0.0
0.0
0.0
0.0
0.0
0.0
0.0
0.0
0.0
0.0
0.0
0.0
0.0
0.0
0.0
0.0
0.0
0.0
0.0
0.0
0.0
0.0273784
0.978796
0.834102
-0.667863
-0.399766
0.0170465
0.237362
0.283122
0.132296
0.108475
-0.599883
0.127499
0.0914325
-1.63451
-0.50103
-1.39824
0.155761
0.31086
-0.401232
-0.0874046
0.491884
0.202988
-0.248292
-0.0818147
-0.655417
0.0
0.0
0.0
0.0
0.0
0.0
0.0
0.0
0.0
0.0
0.0
0.0
0.0
0.0
0.0
0.0
0.0
0.0
0.0
0.0
0.0
0.0
0.0
0.0
0.0
0.0
0.0
0.0
0.0
0.0
0.0
0.0
0.0
0.0
0.0
0.0
0.0
0.0
0.0
0.0
0.0
0.0
0.0
0.0
-0.0610617
0.0
0.0
0.0
0.0
0.0
0.0
0.0
1.58735
0.0
0.0
0.0
0.0
0.0
0.0
0.0
0.0
0.0
0.0
0.0
0.0
0.0
0.0
0.0
0.0
0.0
0.0
0.0
-0.921488
0.0
0.0
0.0
0.0
0.0
0.0
0.0
0.0
0.0
0.0
0.0
0.0
0.0
0.0
0.0
0.0
0.0
0.0
0.0
-1.05074
0.0
0.0
0.0
0.0
0.0
0.0
0.0
0.0
0.0
0.0
0.0
0.0
1.62002
0.0
0.0
0.0
0.0
0.0
0.0
0.0
-0.712447
0.0
0.0
0.0
0.0
0.0
0.0
0.0
0.0
0.0
0.0
0.0
0.0
0.0
0.0
0.0
0.0
0.0
0.0
0.0
0.0
0.0
0.0
0.0
0.0
0.0
0.0
0.0
0.0
0.0
0.0
0.0
0.0
0.0
0.0
0.0
0.0
0.0
0.0
0.0
0.0
0.0
0.0
0.0
0.0
0.0
0.0
0.0
0.0
0.0
0.0
0.0
0.0
0.0
0.0
0.0
0.0
0.0
0.0
0.0
0.0
0.0
-2.95946
0.0
0.0
0.0
0.0
0.0
0.0
0.0
-0.597818
0.0
0.0
0.0
0.0
0.0
0.296852
0.0
0.0
0.0
0.0
0.973694
0.0
0.0
0.0
0.0
0.0
0.0
0.0
0.0
-0.0516885
0.0
0.0
0.0
0.0
0.0
0.0
0.0
0.0
2.10983
0.0
0.0
0.0
0.0
0.0
0.0
0.541264
0.0
0.0
0.0
0.0
0.0
0.0
0.0
0.0
1.26871
0.0
0.0
0.0
0.0
0.984701
0.0
0.0
-1.21301
-1.1779
0.0
0.0
0.0
0.592725
0.0
0.0
0.0
0.0
0.0
0.0
0.0
0.0
0.0
0.0
0.0
0.0
0.0
0.0
0.0
0.0
0.0
0.0
0.0
0.0
0.0
0.0
0.0
0.0
0.0
0.0
0.0
0.798841
0.0
0.0
-0.365687
0.0
-1.60544
0.0
0.0
0.0
0.0
0.0
0.0
0.0
0.0
0.0
0.0
0.0
0.0
0.0
0.102398
0.0
0.0
0.0
0.0
0.0
0.0
0.0
0.0
0.0
0.0
0.0
0.0
0.0
1.01125
0.0
0.0
0.0
0.0
0.0
0.0
0.0
0.0
0.0
0.0
0.0
0.0
0.0
0.0
0.0
0.0
0.0
0.0
0.0
0.0
0.0
0.0
0.0
0.0
0.0
0.0
-0.661958
0.0
0.0
0.0
0.0
0.0
0.0
0.0
0.0
0.0
0.0
0.0
0.0
0.0
0.0
0.0
0.0
0.0
0.0
0.0
0.0
0.0
0.0
0.0
0.0
0.0
0.0
0.0
0.0
0.0
0.0
0.0
0.0
0.0
0.0
0.0
0.0
0.0
0.0
0.0
0.0
0.0
0.0
0.0
0.0
0.0
0.795715
-0.670873
1.30277
-1.34938
1.03764
0.572524
0.648765
-0.540232
0.0578215
-0.23858
0.451518
-1.54738
0.570642
-0.454534
0.431364
-0.208499
-0.510107
-0.171919
0.846318
-0.337357
0.535577
0.819817
0.0367206
-0.778549
-0.252442
0.0
0.0
0.0
0.0
0.0
0.0
0.0
0.0
2.50101
0.0
0.0
-1.16506
0.0
0.0
0.0
0.0
0.0
0.0
0.0
0.0
0.0
0.0
0.0
0.0
0.0
0.0
0.0
1.71601
0.0
0.0
0.0
0.0
0.0
0.0
0.0
0.0
0.0
0.0
0.0
0.0
0.0
0.0
0.0
0.0
0.0
0.0
0.0
0.0
0.0
0.0
0.0
0.0
0.0
0.0
0.0
0.0
0.0
0.0
0.0
0.0
0.0
0.0
-0.57149
0.0
0.0
0.0
0.0
0.0
0.0
0.0
0.0
0.0
0.0
0.0
0.0
0.0
0.0
0.0
0.0
0.0
0.0
0.0
0.0
0.0
0.0
0.0
0.0
0.0
0.0
0.0
0.0
0.0
0.0
0.0
0.0
0.0
0.0
0.0
0.0
0.0
0.0
0.0
1.53613
0.0
0.0
0.0
0.0
0.0
0.0
0.0
0.0
0.0
0.0
0.0
0.0
0.0
0.0
0.0
0.0
2.21735
0.0
0.0
0.0
0.0
0.0
0.0
0.0
0.0
0.0
0.0
0.0
0.0
0.0
0.0
0.0
0.0
0.0
0.0
0.0
0.0
0.0
0.0
0.0
0.0
0.0
0.0
0.0
0.0
0.0
0.0
0.0
0.0
0.0
0.0
0.0
0.0
0.0
0.0
0.0
0.0
0.0
0.0
0.0
0.379688
0.0
0.0
0.0
0.0
0.0
0.0
0.0
0.0
0.0
0.0
0.0
0.0
-1.21498
0.0
0.0
0.0
0.0
0.0
0.0
0.0
0.0
0.0
0.0
0.0
0.0
0.0
-0.826568
0.0
0.0
0.0
0.0
0.0
0.0
0.0
0.0
0.0
0.0
0.0
0.0
0.0
0.0
0.0
0.0
0.0
0.0
0.0
0.0
0.0
0.0
0.0
0.0
0.0
0.0
0.0
0.0
0.0
0.0
0.0
0.0
0.0
0.0
0.0
0.0
0.0
0.0
0.0
0.0
0.0
0.0
0.0
0.0
0.0
0.0
0.0
0.0
0.0
0.0
0.0
0.0
0.0
0.0
0.0
0.0
0.0
0.0
0.0
0.0
0.0
0.0
0.0
0.0
0.0
0.0
0.0
0.0
0.0
0.0
0.0
0.0
0.0
0.0
0.0
0.0
0.0
-0.0406529
0.0
0.0
-0.564656
0.0
0.0
0.0
0.0
0.0
0.0
0.0
0.0
0.670968
0.0
0.0
0.0
0.0
0.0
0.0
0.0
0.625555
0.0
0.0
0.0
0.0
0.0
0.0
0.0
0.0
0.0
0.0
0.0
0.0
0.0
0.0
0.0
-0.562375
0.0
0.0
0.0
0.0
0.0
0.0
0.0
0.0
0.0
0.0
1.35561
0.0
0.0
0.0
0.0
0.0
0.0
0.0
0.0
0.0
-0.255963
0.852262
0.777682
-0.526879
-0.731021
0.295762
0.0513799
-0.537277
-0.116946
0.0203471
-0.180096
-0.125073
-0.337158
-1.82578
-0.583261
-0.875641
0.541701
0.444421
-0.466972
-0.0764496
0.432463
0.460061
0.104706
-0.566766
-0.481423
0.0
0.0
0.0
0.0
0.0
0.0
0.0
0.0
0.0
0.0
0.0
0.0
0.0
0.0
0.0
0.0
0.0
0.0
0.0
0.0
0.0
0.0
0.0
0.0
-0.675104
0.0
0.0
0.0
0.0
0.0
0.0
0.0
0.0
0.0
0.0
0.0
0.0
0.0
0.0
0.0
0.0
0.0
0.0
0.0
0.0
0.0
0.0
0.0
0.0
0.0
0.0
0.0
0.0
0.0
0.0
0.0
0.0
0.0
0.0
0.0
0.0
0.0
0.0
0.0
0.0
0.0
0.0
0.0
0.0
0.0
0.0
0.0
0.0
0.0
0.0
0.0
0.0
0.0
0.0
0.0
0.0
0.524015
0.0
0.0
0.0
0.0
0.0
0.0
0.0
0.0
0.0
0.0
0.0
0.0
0.0
0.0
0.0
0.0
0.0
0.0
0.0
0.0
0.0
0.0
0.0
0.0
0.0
0.0
0.0
0.0
0.0
0.0
0.0
0.0
0.0
0.0
0.0
0.0
0.0
0.0
0.0
0.0
0.202803
0.0379543
0.0
0.0
0.0
0.0
0.0
-0.676904
0.0
-1.64262
0.0434981
-1.62187
0.0
0.0
0.0
0.0
0.0
0.0
0.0
0.0
0.0
0.0
0.0
0.0
0.0
0.0
0.0
0.0
0.0
0.0
0.0
0.0
0.0
0.0
0.0
0.0
0.0
0.0
0.0
0.0
0.0
0.0
0.0
0.468399
0.0
0.0
0.0
0.0
0.0
0.0
0.61195
0.0
0.0
0.0
0.0
0.0
0.0
0.62461
0.0
0.0
0.0
0.0
0.0
0.0
0.0
0.0
0.0
0.0
0.0
0.0
0.0
0.0
0.0
0.0
0.0
-0.128071
0.0
0.0
0.0
0.0
0.0
0.0
0.0
0.0
0.0
0.0
0.0
0.0
0.0
0.0
0.0
0.0
0.0
0.0
0.0
0.0
0.0
0.0
0.0
0.0
0.0
0.0
0.0
0.0
0.0
0.0
0.0
0.366865
0.0
0.0
0.0
0.0
0.0
0.0
0.0
0.0
0.0
0.0
0.0
0.0
0.0
0.0
0.0
0.0
0.0
0.0
0.0
0.0
0.0
0.0
0.0
0.0
0.0
0.0
0.0
0.0
1.188
0.0
0.0
0.0
0.0
0.0
0.0
0.0
0.0
0.0
0.0
0.0
0.0
0.0
0.0
0.472482
0.0
0.0
0.0
0.946083
0.0
0.0
0.0
0.0
0.0
0.0
0.0
0.0
0.0
0.0
0.0
0.0
0.0
0.0
0.0
0.0
0.0
0.0
0.0
0.0
0.0
0.0
-0.360339
0.0
0.0
0.0
0.0
0.0
0.0
0.0
0.0
0.0
0.0
0.0
0.0
0.0
0.0
0.0
-0.637754
0.0
0.0
0.0
0.0
0.0
0.0
0.0
0.0
0.0
0.0
0.0
0.0
-0.775535
0.0
0.0
-1.06286
0.0
0.0
0.0
0.0
0.0
0.0
0.0
0.0
0.0
0.0
0.0
0.0
0.0
0.0
0.0
0.0
0.0
0.0
0.0
0.0
0.0
0.0
-0.886762
0.0
0.0
0.0
0.0
0.0
0.0
0.0
0.0
0.0
0.0
0.0
0.0
-1.13481
0.0
0.0
0.0
0.0
0.0
0.0
0.271411
-0.850728
0.684843
0.372087
-0.368912
0.474983
0.317512
0.95422
-0.0566791
0.976498
-0.605701
-0.622453
0.155832
-0.737838
-0.0160873
-0.0369178
0.916924
0.15753
-0.45119
-0.0504401
0.479529
-0.0540751
-0.831091
0.661466
0.309173
0.0
0.0
0.0
0.0
0.0
-0.0726317
0.0
0.0
0.0
0.0
-0.405649
0.0
0.0
0.0
0.0
0.0
0.0
0.0
0.0
0.0
0.0
0.0
0.0
0.0
0.0
0.0
0.519551
0.0
0.0
0.0
0.0
-0.384137
0.0
0.0
0.0
0.0
0.0
0.0
0.0
0.0
0.0
0.0
0.0
0.0
0.0
0.0
0.0
0.0
0.0
0.0
0.0
0.0
0.0
0.0
0.0
0.0
0.599859
0.0
0.0
0.0
0.0
-0.438544
0.0
0.0
0.0
0.0
0.0
0.158454
0.373589
0.0
0.0
0.0
0.0
0.0
0.0
0.0
0.0
0.0
0.0
0.0
0.0
0.176976
0.0
0.0
0.0
0.0
0.0
0.0
0.0
0.0
0.0
0.0
0.0
0.0
0.0
0.0
0.0
0.0
0.0
0.0
0.0
0.0
0.0
1.3886
0.0
0.0
0.0
0.0
0.0
-0.48805
0.0
-0.223559
0.0
0.0
0.0
0.0
0.0
2.21937
0.0
0.0
0.0
0.0
0.0
0.0
0.0
0.0
0.0
0.0
0.0
0.0
0.0
0.0
0.0
0.0
0.0
0.0439474
0.0
0.0
0.0
0.0
0.0
0.0
0.0
0.0
0.0
0.0
0.0
0.0
0.0
0.0
0.0
0.0
0.0
0.0
0.0
-0.940997
0.0
0.0
0.0
-1.46507
0.0
0.0
0.0
0.0
0.0
0.0
0.0
0.0
0.0
0.0
0.0
0.0
0.0
0.0
0.0
0.0
0.0
0.0
0.0
0.0
0.0
0.0
0.0
0.0
0.0
0.0
0.0
0.0
0.0
0.0
0.0
0.0
0.0
0.0
0.0
0.0
0.0
0.0
0.0
0.0
0.0
0.0
0.0
0.0
0.0
0.0
0.0
0.905531
0.0
0.0
0.0
0.0
0.0
0.0
0.0
0.0
0.0
0.0
0.0
0.0
0.0
0.0
0.0
0.0
0.0
0.0
0.0
0.0
0.0
0.0
0.0
0.0
0.0
0.0
0.0
0.0
0.0
0.0
0.0
0.0
0.0
0.0
0.0
0.0
-0.100565
0.660712
0.0
0.0
0.0
0.0
0.0
0.0
-0.0392885
0.0
0.0
0.0
0.0
0.0
0.0
0.0
0.0
0.0
0.0
0.0
0.0
0.0
0.0
0.0
0.0
0.0
0.0
0.0
0.385116
0.0
0.0
0.0
0.0
0.0
0.0
0.0
0.0
0.0
0.0
0.0
0.0
0.0
0.0
0.0
0.0
0.0
0.0
0.0
0.0
0.0
0.0
0.0
0.0
0.0
0.0
0.0
0.0
0.0
0.0
0.0
0.0
0.0
0.0
0.0
0.0
0.0
0.0
0.0
0.0
0.0
0.28996
0.0
0.0
0.0
0.0
0.0
0.0
0.0
0.0
0.0
0.0
-0.339345
0.622932
0.462008
0.0204812
-0.845464
0.496011
-0.122879
0.0747003
-0.138239
-0.492813
0.595421
0.37784
-0.130537
-1.72733
-0.791798
-1.18766
1.62392
0.199702
-0.567459
-0.401361
0.383013
0.593628
1.0116
-0.487884
-0.290726
-0.235061
0.0
0.0
0.0
0.0
0.0
0.0
0.0
0.0
0.0
0.0
0.0
0.0
0.0
0.0
0.0
0.0
0.0
0.0
0.0
0.0
-0.631118
0.0
0.0
0.0
0.0
0.0
0.0
0.0
0.0
0.0
0.0
0.0
0.0
0.0
0.0
0.0
0.0
0.0
0.0
0.0
0.0
0.0
0.0
0.0
0.0
0.0
0.0
0.0
0.0
0.0
0.0
0.0
0.0
0.0
0.0
0.0
0.0
0.0
0.0
0.0
0.0
0.0
0.0
0.0
0.442558
-0.479722
0.0
0.0
0.0
0.0
0.0
0.0
0.0
-0.24344
1.77548
0.0
0.0
0.0
0.0
0.0
0.0
0.442368
0.0
0.0
0.0
0.0
0.0
-0.75656
0.0
0.0
0.0
0.0
0.0
0.0
0.0
0.0
-1.89745
0.0
0.0
0.0
0.0
0.0
0.0
0.0
0.0
0.0
0.0
-0.0732467
0.0
0.0
0.0
0.0
0.0
0.0
1.1904
0.0
-0.24027
0.0
0.0
0.0
0.0
0.0
0.0
0.0
0.0
0.0
0.0
0.0
0.0
0.0
0.0
0.0
0.0
0.0
0.0
0.0
0.0
0.0
0.0
0.0
0.0
0.0
0.0
0.0
0.0
0.0
0.0
0.0
0.0
0.0
0.0
0.0
0.0
-1.01773
0.0
0.0
0.0
0.0
0.0
0.0
0.0
0.0
0.0
0.0
0.0
0.0
0.0
0.0
0.0
0.0
0.0
0.0
0.0
0.0
0.0
0.0
0.0
0.0
0.0
0.0
0.0
0.0
0.0
0.0
0.0
0.0
0.0
0.0
0.0
0.0
0.0
0.0
0.0
0.0
0.891193
0.0
0.0
0.0
0.0
0.0
0.0
0.0
0.0
0.0
0.0
0.0
0.0
0.0
0.0
0.0
0.0
0.0
0.0
0.0
0.0
0.0
0.0
0.0
0.0
0.0
0.0
0.0
0.0
0.0
0.0
0.0
0.0
0.0
0.0
0.0
0.453266
0.0
0.0
0.0
0.0
0.0
0.0
0.0
0.0
0.0
0.0
1.78538
0.0
0.0
0.0
0.0
0.0
0.0
0.0
0.0
0.0
0.0
0.0
0.0
0.0
0.0
0.0
0.0
0.0
0.0
0.0
0.0
0.0
1.33549
0.0
0.0
0.0
0.0
0.0
0.0
0.0
0.0
0.0
0.0
0.0
0.0
0.0
0.0
0.0
0.0
0.0
0.0
0.0
0.0
0.0
0.0
0.0
-0.903487
2.05605
0.0
0.0
0.0
0.0
0.0
0.0
0.0
0.0
0.0
0.0
0.0
0.0
0.0
0.0
0.0
0.0
0.0
0.0
0.0
0.0
0.0
0.0
0.0
-0.103985
0.0
0.0
0.0
0.0
0.249205
0.0
0.0
0.0
0.0
0.0
0.0
0.0
0.0
0.0
0.0
0.0
0.0
0.0
0.0
0.0
1.53423
0.0
0.0
0.0
0.0
0.0
0.0
0.999844
0.0
0.0
0.0
0.0
0.0
0.0
0.0
0.0
0.0
0.0
0.0
0.0
0.0
0.0
0.0
0.0
0.0
0.0
0.0
0.0
0.0
0.0
0.184312
0.0
0.0
0.0
0.0
0.0
0.0
0.0
0.0
0.0
0.0
0.0
0.0
0.0
0.0
0.0
0.905746
0.0
0.185191
0.0
0.0
0.0
0.0
1.19852
0.0
-2.80219
0.0
0.0
0.0
0.0
1.35288
0.0
0.0
0.0
0.0
0.0
0.250292
-0.40041
0.890133
0.156748
-0.445008
0.486845
0.296769
0.240766
0.109134
0.551494
0.24328
-0.887763
-0.0390168
-0.892226
-0.0484306
0.289208
0.959169
0.26326
0.017705
0.036392
0.545764
0.0943156
-0.632978
-0.0141251
-0.061388
0.0
0.0
0.0
-0.174726
0.0
0.0
0.0
0.0
0.0
0.0
0.0
0.0
0.0
0.0
0.0
-1.01921
0.0
0.0
0.0
0.0
0.0
0.0
0.0
0.0
0.0
0.0
0.0
0.0
0.0
0.0
0.0
0.0
0.0
0.0
0.0
0.0
0.0
0.501482
0.0
0.0
0.0
0.0
0.0
0.0
0.0
0.0
0.0
0.0
0.0
0.0
0.0
0.0
0.0
0.0
0.0
0.0
0.0
0.0
0.0
0.0
0.0
0.0
0.0
0.0
0.0
0.0
0.0
0.0
0.0
0.0
0.0
0.0
0.0
0.0
0.0
0.0
0.0
0.0
0.0
0.948436
0.0
0.0
0.0
0.0
0.0
0.251951
0.0
0.0
0.0
0.0
-0.690663
0.0
0.0
0.0
0.0
0.0
0.330314
0.0
0.0
0.0
0.0
0.0
0.0
0.0
0.0
0.0
0.0
0.0
0.0
0.0
0.0
0.0
0.0
0.0
0.0
0.0
0.0
0.0
0.0
0.0
0.0
0.0
0.0
0.0
0.0
0.0
0.0
0.0
0.0
0.0
0.0
0.0
0.67771
0.0
0.0
0.0
0.0
0.0
0.0
0.0
0.0
0.0
0.0
0.0
0.0
0.0
0.0
0.0
0.0
0.0
0.0
0.0
0.0
0.0
0.0
0.0
0.0
0.0
0.0
-0.172941
0.0
0.0
0.0
0.0
0.0
0.0
0.0
0.0
0.0
0.0
0.0
0.0
0.0
0.0
0.0
0.0
0.0
0.0
0.0
0.0
0.0
0.0
0.0
0.0
0.0
1.73036
0.0
0.0
0.0
0.0
0.0
0.0
0.0
0.0
0.0
0.0
0.0
0.0
0.0
0.0
-0.756437
0.0
0.0
0.0
0.0
0.0
0.0
0.0
0.0
0.0
0.0
0.0
0.0
0.0
0.0
0.0
0.0
0.0
0.0
0.0
0.0
0.0
0.0
0.0
0.0
-1.01251
0.0
0.0
0.0
0.0
0.0
0.0
0.0
0.0
0.0
0.0
-1.14213
0.0
0.0
0.0
0.0
0.0
0.0
0.0
0.0
0.0
0.0
0.0
0.0
0.0
0.0
0.0
0.0
0.0
0.0
0.0
0.0
1.30618
0.0
0.0
0.0
0.0
0.0
0.0
0.0
0.0
0.0
0.0
0.0
0.0
0.0
0.0
-1.02354
0.0
-0.486105
-0.154685
0.46073
0.598774
-0.126859
-0.752275
0.401926
0.0618858
0.149811
-0.0455108
-0.361328
-0.366752
0.060915
-0.145726
-1.53923
-0.567576
-0.307492
1.19233
0.121313
0.234084
0.0659351
0.41887
0.424542
0.447528
-0.447842
-0.234397
0.0
-1.60153
0.0
0.0
0.0
0.0
0.0
0.0
0.0
-0.0228323
0.0
0.338663
0.0
0.0
0.0
0.0
0.0
0.0
0.4123
0.0
0.0
0.0
0.0
0.0
0.0
0.0
0.840008
0.0
0.0
0.0
0.0
0.0
0.0
0.0
0.0
0.0
0.0
0.0
0.0
0.0
0.0
0.302414
0.0
0.0
0.0
0.0
0.0
0.0
0.0
0.0
0.0
0.0
0.0
0.0
0.0
0.0
0.0
0.0
0.878906
0.0
0.0
0.0
0.0
0.0
0.0
0.0
0.0
0.0
0.0
0.0
0.0
0.0
0.0
0.47162
1.57929
0.224865
-0.34857
0.910671
0.0178297
-0.462073
0.453313
0.255804
0.529853
0.0743223
0.296013
-0.349724
-0.749526
-0.0586287
-0.95374
-0.0630722
0.0262364
0.403373
0.404953
0.0903443
0.402437
0.539463
0.0918503
-0.590034
0.307458
-0.121735
-0.194797
0.0
0.0
0.0
0.0
0.0
0.0
0.0
0.0
0.0
0.0
0.0
0.0
0.0
0.0
0.0
0.0
0.0
0.0
0.0
0.0
0.0
0.0
0.0
0.0
0.0
0.0
0.0
-0.265099
0.0
0.0
0.0
0.0
0.0
0.0
0.0
0.0
0.0
0.0
0.0
0.0
0.0
0.0
0.0
0.0
0.0
-0.642967
0.0
0.0
0.0
0.0
0.0
0.0
0.0
0.0
0.0
0.0
0.0
0.0
0.0
0.0
0.0
0.0
0.0
0.0
0.0
0.0
0.0
0.0
0.00147733
0.0
0.0
0.0
0.0
0.0
0.0
0.0
-1.46677
0.0
0.0
0.0
0.0
0.0
0.0
0.0
0.0
0.0
0.0
0.0
0.0
0.0
0.0
0.0
0.0
0.0
0.0
-2.3052
0.0
-0.487117
0.0
0.0
0.0
0.0
0.0
0.0
-0.965333
0.0
0.0
0.0
0.0
0.0
0.0
0.0
0.0
0.31401
0.0
0.0
0.0
0.0
0.0
0.0
0.0
0.0
0.0
0.0
0.0
0.0
0.0
0.0
1.44524
0.0
-0.161054
0.0
0.0
0.0
0.0
0.0
0.0
0.0
0.183609
0.0
0.0
0.0
0.0
0.0
0.0
0.0
0.0
0.0
0.0
0.0
0.0
0.0
0.0
0.0
0.214957
0.0
0.0
0.0
0.0
0.0
0.767813
0.0
0.0
0.0
0.0
0.0
0.0
0.0
0.0
0.0
0.0
0.0
0.0
0.0
0.0
0.0
0.0
0.0
0.0
0.0
0.0
0.0
0.0
0.0
0.0
0.0
0.0
0.0
0.0
0.0
0.0
0.0
0.0
0.0
0.0
0.0
0.0
0.0
0.0
0.0
0.0
0.0
0.0
0.0
0.0
0.0
0.0
0.0
0.0
0.0
0.0
0.0
0.0
0.0
0.0
0.0
0.0
0.0
0.0
0.0
0.0
0.0
0.101709
0.0
-0.136362
0.396473
0.617977
-0.240102
-0.721824
0.414063
0.0787737
0.103486
-0.0347901
-0.21021
-0.0598823
0.00745199
-0.148049
-1.48682
-0.530138
-0.171581
1.52089
0.176449
0.0605893
0.187022
0.429561
0.405536
0.278151
-0.25295
-0.185023
0.0
0.0
0.0
0.0
0.0
0.0
-0.187238
0.0
0.0
0.0
0.0
0.0
0.0
0.0
0.0
0.0
0.0
0.0
0.0
0.0
0.0
0.0
0.0
0.0
0.0
0.0
0.0
0.0
-0.535144
-0.012186
0.0
0.0
0.0
0.0
0.0
0.0244772
0.0
0.0
0.0
0.0
0.0
0.0
0.0
0.0
0.0
0.0
0.0
0.0
0.0
0.0
0.0
0.0
0.0
0.0
0.0
0.0
0.0
0.0
0.0
0.0
0.0
0.0
0.0
0.0
0.0
0.0
0.0
0.0
0.0
0.0
0.0
0.0
0.0
0.0
0.0
-0.476518
0.578224
0.0
0.0
0.0
0.0
0.0
0.0
0.0
0.0
0.0
0.0
0.0
0.0
0.0
0.0
0.0
0.0
0.0
0.0
0.640049
0.558567
0.0
0.0
0.0
1.19538
0.0
0.0
0.0
0.0
0.0
0.0
0.0
0.0
0.781631
0.0
0.0
0.0
0.0
0.0
0.0
0.0
-0.409849
0.0
0.0
0.0
0.0
0.0
0.0
0.0
0.189946
-0.363614
0.866325
-0.0369154
-0.4715
0.445937
0.231487
0.123836
0.0270104
0.156106
-0.150965
-0.570512
-0.0128092
-0.997127
-0.0897705
0.176147
0.476215
0.35426
0.186252
0.172402
0.520476
0.0779696
-0.305649
0.373429
-0.143906
0.0
0.0
0.0
0.0
0.0
0.0
0.0
0.0
0.0
0.0
0.0
0.0
0.0
0.0
0.0
0.0
0.0
0.0
0.0
-1.63615
0.0
0.0
0.0
0.0
0.0
0.0
0.0
0.0
0.0
0.0
-0.452512
0.0
0.0
0.0
0.0
0.0
0.0
0.0
0.0
0.0
0.0
0.0
0.0
0.0
0.0
0.0
0.0
0.0
0.0
0.0
0.0
0.0
0.0
0.0
0.0
0.0
0.22918
0.0
0.0
0.0
0.0
0.0
0.0
0.0
0.0
0.0
0.0
0.0
0.253407
0.0
0.0
0.0
0.0
0.0
0.0
0.0
0.0
0.0
0.0
0.0
0.0
0.0
0.0
0.0
0.0
0.0
0.0
0.0
-0.43798
0.0
0.0
0.0
0.0
0.0
0.0
0.0
0.0
0.0
1.12426
0.0
0.0
0.0
-1.15106
0.0
-0.770789
0.0
0.0
0.0
0.0
0.0
0.0
0.0
0.0
-0.819813
0.0
0.0
0.0
0.0
-0.0464188
0.0
0.0
0.0
0.0
0.0
0.0
0.0
0.0
0.0
0.0
0.0
0.0
-1.43787
0.0
0.0
0.0
0.0
0.0
0.0
0.0
0.0
0.0
0.0
-0.0113084
0.0
0.0
0.0
0.0
0.0
0.0
0.0
0.0
0.0
0.0
0.0
0.0
0.0
0.0
0.0
0.0
0.0
0.0
0.0
0.0
0.0
0.0
0.0
0.0
0.0
0.0
0.0
0.0
0.0
0.0
0.0
0.0
-0.122259
0.365319
0.60158
-0.230951
-0.739118
0.437298
0.0820688
-0.00706197
-0.0424563
-0.371827
0.449984
0.107127
-0.102929
-1.46694
-0.520777
0.25062
1.50453
0.0866009
0.462848
0.244428
0.425132
0.4239
0.304973
-0.355406
-0.206935
0.0
0.0
0.0
0.0
0.0
0.0
0.0
0.0
0.0
0.0
0.0
0.0
0.0
0.0
0.0
0.0
0.0
0.0
0.0
0.0
0.0
0.0
0.0
0.0
0.0
0.0
0.0
0.0
0.0
0.0
0.0
0.0
0.0
0.530607
0.0
0.0
0.0
0.0
0.0
0.0
0.0
0.0
0.0
0.0
0.0
0.0
0.0
0.0
0.0
0.0
0.0
0.0
0.0
0.0
0.0
0.0
0.0
0.0
0.0
0.0
0.0
0.0
0.0
0.0
-1.17909
0.53809
0.0
0.0
0.0
0.0
0.0
0.0
0.0
0.0
0.0
0.0
0.0
0.0
0.0
0.0
0.0
0.0
0.0
0.0
0.0
0.0
0.0
0.0
0.0
0.0
0.0
0.0
0.347476
0.0
0.0
0.0
0.0
0.0
0.0
0.0
0.0
0.0
0.0
0.0
0.0
0.145838
0.0
0.0
0.0
0.0
0.0
0.0
0.0
0.0
0.0
0.0
0.0
0.0
0.0
-0.409071
0.0
0.0
0.0
0.0
0.0
0.0
0.0
0.0
0.0
0.0
0.0
0.0
0.0
0.0
0.0
0.0
0.0
0.0
0.0
0.0
0.0
0.0
0.0
0.0
0.0
0.0
0.0
0.0
0.0
0.0
0.0
0.0
0.0
0.0
0.0
0.0
0.0
0.0
0.0
1.1071
0.0
0.0
0.0
0.0
0.0
0.0
1.54808
-0.386029
0.0
0.0
0.116585
0.0
0.0
0.0
0.0
0.0
0.0
0.0
0.0
1.54775
0.0
0.0
0.0
1.66687
0.0
0.0
0.0
0.0
0.0
0.0
0.0
0.0
0.0
0.0
0.0
0.0
0.0
0.0
-0.278289
0.0
0.0583585
-0.518757
0.67863
-0.212407
-0.614491
0.51984
0.0935115
-0.467952
-0.157796
-0.0522732
0.85612
-0.101657
0.0918741
-0.964452
-0.162434
0.198398
0.384814
0.258659
0.00687934
-0.120118
0.456612
0.0270313
0.0752773
0.279484
0.116416
0.0
0.0
0.0
0.0
0.0
0.0
0.0
0.0
0.0
0.0
0.0
0.0
0.0
0.0
0.0
0.0
0.0
0.0
0.0
0.0
-0.724809
0.0
0.0
0.0
0.0
-0.0527898
-0.052385
0.679401
-0.882614
-0.64642
0.496559
0.0529372
0.280385
-0.121691
-0.210482
0.338184
0.125447
-0.120951
-1.25624
-0.342179
0.0702434
1.55538
0.223985
0.0151135
0.209574
0.475719
0.182845
-0.215279
0.382984
-0.165576
0.0
0.0
0.0
0.0
0.0
0.0
0.0
0.0
0.0
0.0
0.0
0.0
0.0
0.0
0.0
0.0
0.0
0.0
0.0
0.0
0.0
0.0
0.0
0.0
0.0
-0.247458
0.128532
0.458601
-0.060805
-0.806644
0.547671
-0.0226474
0.0816339
-0.143252
-0.66169
0.00780758
0.30156
-0.0721558
-1.36842
-0.56785
0.0151486
2.88403
-0.135386
0.224436
0.420533
0.400867
0.354836
0.4709
-0.372616
0.00669355
0.0
0.0
0.0
0.0
0.0
0.0
0.0
0.0
0.0
0.0
0.0
0.0
0.0
0.0
0.0
0.0
0.0
0.0
0.0
0.0
0.0
0.0
0.0
0.0
0.0
0.0
0.0
0.0
0.0
0.0
0.0
0.0
0.0
0.0
0.0
1.87856
0.0
0.0
0.0
0.0
0.0
0.0
0.0
0.0
0.0
0.0
0.0
0.0
0.0
0.0
0.0
0.0
0.0
0.0
0.0
0.0
0.0
0.0
0.0
0.0
0.0
0.0
0.0
0.0
0.0
0.0
0.0
0.0
0.0
0.0
0.0
0.0
0.0
0.0
-2.03658
0.0
0.0
0.0
0.0
0.0
0.0
0.0
0.0
0.0
0.0
0.0
0.0
0.0
0.0
0.0
0.0
0.0
0.0
0.0
0.0
0.0
0.0
-0.51404
0.0
0.0
0.0
0.0
0.0
0.0
0.0
0.0
0.0
0.0
0.0
0.0
0.0
0.0
0.0
0.0
0.0
0.0
0.0
0.0
0.0
0.0
0.0
0.0
0.0
0.0
0.0
4.88362
0.746981
3.26102
0.130568
-0.645279
1.22206
-1.51584
0.903262
3.6495
1.19721
1.44206
-3.14665
1.51903
-2.42311
3.29384
-0.496471
2.86559
-0.918495
0.403249
-0.651681
0.820554
-0.307029
1.47597
-1.77435
0.447233
-4.61015
-1.41629
-3.3101
0.287989
1.03007
-0.43362
1.41346
-0.688261
-3.66557
-0.515657
0.109863
2.8799
-1.55386
3.17681
-3.78718
1.3371
-3.99433
0.41421
-0.0757772
0.879417
-0.723295
0.539483
-1.48795
-0.0991366
-0.409637
1.37813
-1.07823
1.18577
-0.671667
-0.340822
-1.67877
-0.860958
-1.05893
0.501321
0.210732
-0.455621
0.187969
1.84089
-1.37455
0.245065
-0.951055
1.7372
0.174694
-0.252629
0.500727
-0.169682
-1.38392
-3.07326
-0.703007
-2.98761
2.27168
1.63436
0.443394
-0.00816589
3.24626
1.41343
-1.53123
-0.300677
0.215561
0.792744
0.334408
2.68196
-1.81294
1.24566
-1.46734
2.6022
-3.24876
-1.12169
1.13365
0.823759
1.08854
3.93933
-0.139957
0.175693
1.008
0.27277
-0.668993
-0.0467168
0.454809
0.384395
0.78541
-0.101851
0.215053
-0.0128951
0.681096
1.55264
-0.267103
-0.0355146
0.753009
-0.491827
0.840524
-0.17875
-0.50263
0.32742
0.227136
0.0976337
0.228054
-0.0118206
-0.636747
0.0376798
-1.35999
3.36393
-1.848
-0.514635
-0.586657
-0.0599873
-1.27048
0.0305787
1.50235
-0.640682
0.120095
-0.432098
0.491582
-2.30763
1.63136
-0.173173
-1.98327
-1.06282
-0.0396839
-0.529177
-1.49367
1.42042
-2.46951
-0.087739
3.84633
1.01086
-1.38464
1.85719
-0.300697
1.62527
0.226327
-0.539107
0.835075
-0.787037
0.122695
-0.257647
-0.614567
1.63144
0.916999
0.1749
-0.0793758
1.55644
-1.10313
-0.102451
-0.0316599
0.381152
-1.07054
0.0434797
0.188161
-1.4768
1.53769
1.06466
-0.887936
-1.4571
-0.232499
0.783568
-0.488969
0.206535
-0.411835
1.29959
-0.350158
-0.792627
4.36322
0.279538
-0.151587
-1.98991
-0.165593
-0.992057
-0.139245
-0.0295157
-1.17061
0.0184686
0.0236297
-0.484407
1.90799
1.70456
-2.12032
-1.7424
-0.666765
2.50745
0.440269
0.82819
-0.70618
0.954584
0.396181
0.151761
0.751538
-1.25679
2.98924
-3.59227
2.38507
1.42368
-0.145659
-0.224719
0.396078
1.16542
-0.95957
-0.292757
0.213993
1.35922
-0.193228
0.314342
2.45333
3.22251
1.44052
-3.16571
-0.628342
-1.70875
0.885587
1.96873
0.156248
0.894209
-2.32159
0.373842
1.23504
2.36695
0.952834
-1.9249
-0.245164
0.684567
-0.710764
-2.06433
0.865837
0.228377
1.24183
1.66524
1.42919
1.33388
1.7578
0.997666
1.58652
-1.39392
2.33285
0.545726
0.990091
-0.750233
-0.11626
-0.441473
-1.51891
-0.221366
1.5382
-0.591575
1.11229
-0.0401496
-0.350005
-0.844431
-0.362922
0.185427
-0.224272
1.0578
0.0931566
0.738814
-0.363878
3.25089
1.27298
2.72146
1.72706
-1.58441
-1.52117
-0.279402
0.0612458
1.1152
1.14338
1.02677
-0.725224
0.575509
-0.413358
2.76471
-2.82545
2.45172
1.09668
-0.148603
0.117096
-0.396838
0.183084
0.200324
0.360254
-0.562438
-0.202586
0.551056
0.645471
0.452066
1.28458
0.643664
-0.0165042
-0.150923
0.366534
-1.25273
0.158936
-0.819474
0.0530614
0.069012
-1.30317
-0.455086
1.06503
0.602547
-1.09837
0.123095
-0.281325
0.223169
-1.19817
2.55157
1.02455
-0.503796
-0.382276
-1.64594
-1.65383
-1.8032
-3.24634
-3.20118
-0.0645366
-0.10357
-0.199321
-1.12271
0.982468
-0.358223
-2.16483
0.953769
-2.63818
2.45266
-2.37686
1.15355
-1.80605
0.620126
0.330934
-0.474555
2.07354
-1.12737
-1.17989
1.16488
0.0856188
-0.827082
2.10658
-0.711081
3.26141
-0.013737
1.43648
0.401423
0.467395
1.14244
0.705104
2.06229
0.899098
0.435706
-1.4374
0.557905
-0.463357
0.46058
2.21844
-0.650011
-0.105172
-0.786381
0.000633864
0.503424
0.510368
0.601612
1.45574
0.504208
2.21957
-2.21398
1.84622
0.440116
-0.149619
0.681107
0.275493
0.657853
0.0551556
-0.608303
-0.240441
0.530612
-0.572101
-1.57078
-2.41567
2.55746
-0.23751
0.480466
-0.0372336
-0.0486542
0.508263
1.12788
0.00659472
-0.799967
-0.0491016
-1.98266
2.76029
-2.43154
-1.5557
-3.4576
0.221372
-1.81432
2.83659
0.797765
0.276839
-0.0657358
0.551499
-0.672131
1.85239
2.7336
-4.0707
-0.253086
-1.11864
-1.18816
-0.41749
0.425792
0.965
0.571268
0.502155
0.0222827
-2.06389
-4.47775
2.89726
-2.63675
3.56388
-0.617039
0.284981
0.0724859
0.013925
2.41764
-0.0667445
-0.362508
0.199584
0.179241
-3.93395
3.0429
0.118299
-4.17003
2.17026
-2.21101
0.431812
1.94339
0.00408929
2.68834
-0.652029
-1.75873
0.864267
0.207711
-0.125102
7.39235
-1.33086
3.65484
2.07341
-0.269734
1.19611
-0.122704
0.456422
-1.81754
1.08477
-0.524325
-0.310067
5.66467
-2.59197
0.660291
1.30633
-0.294049
0.581204
-1.78956
0.639757
0.439173
0.179584
0.187171
-0.0564803
1.99358
-4.33973
-3.27627
-1.97698
0.229978
5.50408
0.702001
-0.081537
-0.368093
1.02814
-1.63768
-0.884592
0.0468023
-3.75821
0.386773
-2.01105
0.47259
2.90773
-0.0657847
-0.00133121
0.0622015
-0.30164
0.282636
-0.508996
0.241938
0.62699
-1.24901
-1.07957
0.400992
-2.28412
1.99355
-1.1742
-0.249059
0.641053
-0.248302
0.386799
-0.0777933
0.137356
0.563359
-0.27589
1.44163
-3.73241
-0.73344
-2.55511
1.19413
1.02594
0.146129
-0.412964
0.664347
-0.158229
-0.183462
-0.518505
0.516602
-2.24749
1.77339
3.12781
1.11982
-0.960574
0.730823
0.0177779
-0.567468
0.126598
2.049
-1.58054
1.35053
-1.62581
0.457426
0.286397
-1.33675
1.48393
2.15164
0.0461786
0.00973707
0.672717
0.160356
-0.283464
0.236114
0.984251
-1.43069
1.34709
-0.364048
-1.35336
-2.40291
-0.525195
-0.0205488
1.14604
0.199402
1.10616
-0.0613849
0.737812
-1.12925
0.1551
-0.484601
-2.0734
-0.10979
2.08346
0.152815
0.589756
0.340582
-0.0258544
-0.244279
-0.332619
1.05753
0.784309
-0.0918439
2.20929
0.317094
-0.614302
-0.110961
-0.211799
-0.599797
-0.143217
-0.0536564
-0.789097
-0.487737
-0.450199
-0.207485
0.334046
0.528028
-1.868
-2.11611
-2.88653
0.00937464
0.269201
0.169635
1.1
-0.706582
0.369502
-0.203333
0.733875
-0.0233367
-1.62062
-3.0727
0.56711
1.50517
-0.0863085
-0.192973
0.205064
0.27122
0.0847255
-2.02609
-0.973212
-0.224905
-1.4667
-1.48686
3.66172
-0.566133
-1.16798
1.12671
0.514886
-0.499194
-0.399226
-0.67002
-0.366492
-1.82699
-3.34114
1.17971
-2.58687
2.24257
3.91425
0.993193
3.87468
-0.48289
0.646401
-0.792527
0.368769
-0.467099
0.421938
0.0380878
-1.02072
0.483396
-1.90689
0.315554
-1.46552
0.410116
0.339046
0.00354277
1.64219
-0.128614
0.329827
-0.786551
0.294801
1.61983
1.33036
1.20815
-0.973697
-2.8659
1.31169
-1.64862
0.255596
0.0023139
-0.468526
-0.31454
0.447374
0.831934
1.82872
0.594936
-0.794558
1.05531
2.45918
0.900401
-0.758357
2.01245
2.95629
0.757134
1.07249
1.4463
1.08247
-0.714472
-0.166984
-0.0353353
-0.0720536
-1.91897
-0.0397977
-0.160723
-1.47028
-0.278521
1.12805
0.108818
-0.766654
-0.0755596
1.14157
0.472526
-0.557585
2.92997
0.275872
1.81026
1.2976
-0.7539
-0.0253739
0.0598345
-0.893668
-0.232198
0.412499
-2.10661
3.4222
0.998758
-0.112071
0.852591
-2.0167
0.45471
0.559215
2.32741
-0.664843
0.910391
-1.09027
-1.24716
-2.24678
-3.60064
0.157294
-1.52915
-1.20728
-1.72606
-0.0577056
0.34011
-0.627463
-1.51748
-0.249498
0.174132
-0.211706
1.64998
-0.459096
3.25342
-1.49367
0.139381
2.33176
-0.365675
0.996466
0.0933428
-0.300152
-0.275851
0.510936
-1.09506
0.164486
1.42333
-1.25503
0.251372
-2.65758
-0.896751
-1.84203
-0.824136
0.29159
0.555341
-0.172074
-0.533949
1.07837
0.574382
-0.803259
-1.16218
-3.28916
-2.90358
-0.0737108
-2.99547
-2.47753
-2.04746
-4.72775
-1.77371
-4.30275
0.148096
-3.90199
-2.73227
-1.36227
-1.08619
-2.0054
-1.56464
-0.486493
-1.18565
0.921915
-0.445291
0.416244
3.43339
-3.63584
2.74968
1.63059
2.87928
3.43018
-0.582903
-1.31967
-0.556721
-0.895239
-0.393126
-2.72841
-3.77428
-3.3729
-2.06274
5.85912
-5.14287
-5.58567
0.245959
-1.72958
-1.24077
-1.67876
-1.05862
5.6167
-1.59157
2.28246
0.645568
-6.14109
8.9285
-10.5057
-7.15514
3.24262
3.99613
-0.444687
0.707055
-1.37562
-3.57861
-0.0897694
-3.47116
0.615384
-1.16052
-1.95567
1.01612
3.75844
-4.25272
-9.42886
5.68396
2.12181
1.06796
-1.3442
-0.485304
-0.0365816
-0.563448
-0.253307
-0.855483
-2.11466
-0.355011
-3.53779
0.383396
8.55637
-9.86366
9.70683
-15.5824
-1.40324
-1.00572
2.22689
0.0155793
3.77695
-5.59812
-2.1432
0.993465
-5.81032
0.450689
0.598996
4.29941
-7.11973
1.32632
6.1839
0.919815
-2.24127
-0.634629
-2.22617
-1.41604
