[20, 49, 49, 4]
0.120405
0.0177356
-0.00888789
0.672748
-0.515796
-0.130917
1.01186
-0.666041
0.165245
0.374954
-0.914212
-0.00621771
-0.282913
-0.395023
0.385081
0.350661
0.568619
-0.223466
-0.193253
0.145977
-0.00711755
1.13538
-0.0315938
0.290816
-0.154713
-0.31432
-0.954103
-0.083942
-0.453405
0.458324
-0.927954
-0.150192
0.129117
0.235575
0.112359
-0.275059
-1.35774
0.317448
0.135688
0.58694
0.0271164
-0.326352
-1.01307
-0.179688
-0.685011
-1.12113
0.967889
-0.857733
0.27756
-0.427359
-0.410986
-0.00109173
-0.488336
0.261718
-0.456394
0.313607
-0.293052
-0.634324
0.966703
-0.645161
-0.298498
-0.29406
-0.44954
-1.35181
-0.603633
0.0254479
-1.36873
-0.324953
0.90651
0.940373
1.48958
-0.111196
-1.01215
0.364962
1.42308
-1.65266
0.60735
-0.279243
-0.617834
-0.823963
-0.113565
0.514464
-0.61485
0.751576
0.106577
-0.532
0.200788
1.14324
-1.11779
0.299334
-0.67373
-0.377676
0.364137
-1.46954
-0.412532
-0.401458
-0.765403
0.347675
-0.0114734
-0.277433
-0.0095209
-1.58886
-0.269528
0.213452
1.4979
-0.602825
-0.718529
0.550267
-0.401936
-0.297769
-0.35751
-1.20206
-0.850981
0.126899
0.301946
0.147544
-0.104666
2.46593
-0.120817
0.879246
2.03825
0.149392
-1.02797
2.16334
-1.06332
0.402122
0.459007
-0.442178
-0.873992
-1.03309
0.138826
-0.913513
1.15929
0.493782
-0.0490936
0.350659
-0.207957
0.0132607
0.151415
0.136648
-0.0668892
-0.397442
-1.71445
-0.447918
0.516712
0.0789782
0.259869
0.0625256
-0.889653
0.00957505
-1.23088
-1.52657
0.634226
0.391113
0.185989
0.565595
0.867257
0.0319051
0.0399907
0.88039
-0.36526
0.951911
0.343317
-1.0036
-0.0322118
-0.0509443
0.902305
-1.8261
1.39567
-2.17673
1.48428
-1.66475
1.07393
-0.187816
0.146764
0.241242
0.842656
-0.574235
-0.45887
0.119362
0.156965
-0.552381
-0.420012
0.0940928
1.27139
1.27344
0.631716
-0.613377
-0.536902
-0.473331
-0.0534465
-0.685447
-0.950612
1.87489
-0.298978
0.812906
-0.34303
-0.0796202
0.0624336
0.168978
0.163502
0.791297
-0.395918
0.514114
1.34975
-0.332807
0.770388
-0.400632
-0.883082
-0.0158307
-1.05835
-0.339936
-0.83714
-1.96415
-0.777911
-0.714597
-0.323514
0.681952
0.94456
-0.666454
-0.430214
0.625558
-3.02699
0.101094
0.73866
-0.245593
-1.61075
-0.744702
-0.242258
-1.19766
0.632255
-0.104056
0.377007
-0.638854
-1.25983
0.524736
1.36982
-1.89241
0.400162
0.292622
0.36399
-0.758602
-0.182336
-0.467632
0.582845
0.0690382
2.14198
0.0114487
-0.694339
1.47748
1.3824
0.135347
1.43923
1.39302
0.662364
-1.98716
-0.598781
-0.0505988
0.0903108
1.15452
1.31575
-0.596112
-0.0816156
0.250266
0.151627
-0.475956
1.36167
-0.0802025
0.031332
0.115785
1.15238
-1.50392
0.80998
-0.0510556
-0.289639
-0.0403616
-0.120793
-0.328769
-0.525381
-0.377505
-0.830108
0.362233
-0.812382
0.367653
0.342484
-0.0230943
0.416518
0.358976
0.378292
1.07071
0.257167
0.634287
0.34674
0.602236
-1.00284
-0.00395765
-0.0265418
-0.8251
-0.0517291
0.923341
-0.793894
0.982177
2.19703
-0.179235
0.584424
-1.01398
-0.582666
0.30996
0.919857
0.135494
-1.48322
-0.434652
-1.40756
-0.774528
-1.52726
0.958963
-0.719011
-0.215145
-0.493021
0.913531
-0.756819
0.267563
-1.24574
-0.919692
-0.191604
0.236962
-0.0631529
-1.49849
-0.8056
-0.0140547
0.167707
-0.74602
0.374848
0.313843
-0.259491
0.224922
-1.28636
0.666308
0.843828
-1.96684
1.17987
1.01335
-0.0481135
-1.09439
0.0524501
0.0103441
-0.254825
1.34366
0.679728
-1.04416
0.600108
0.757853
-0.280013
-0.139822
-1.19302
-0.0680912
-0.161946
0.0312346
0.508947
0.0667235
-0.349242
-0.326327
0.660322
-0.429647
-0.173696
0.155682
-0.483804
-0.420545
2.52404
-0.22188
0.848806
0.22407
-0.0626589
-2.58907
-0.517814
-0.260203
-2.38288
1.0349
-1.01626
-0.572072
-0.926104
-0.298226
-0.103791
0.05083
0.103342
-0.206603
1.12709
-0.0161767
1.38617
0.228673
0.22755
0.307662
-0.237137
-1.22794
-0.375643
0.139259
-0.916753
1.89207
-0.0438742
0.731954
-0.887958
-2.09835
0.331398
-0.884459
-0.729238
0.556749
1.39845
-1.2223
-1.18251
0.34199
-0.446927
-1.778
0.0816438
-0.862427
2.00264
-0.414175
0.112354
0.1135
1.80813
0.0560368
-0.840604
0.0266736
0.627224
-0.921034
1.5963
-0.513815
-0.855375
-1.40769
1.03673
-1.07066
-0.0238354
-0.859515
-0.614854
1.17695
0.131831
1.20623
0.962804
1.65108
1.55069
-0.652476
1.61698
-0.018225
-1.07383
-0.376271
0.543399
-0.198171
0.253732
0.530331
-0.295684
-0.0105487
-0.228024
-0.237367
1.3362
-0.170651
-0.243499
-0.551816
0.802451
1.01743
-0.0946482
0.764811
-0.160878
0.189613
-0.860208
-0.199732
0.597529
1.60536
0.714446
-1.39125
0.316378
-0.26766
-0.351967
2.12336
0.0126346
-0.134682
-0.190273
0.371832
0.393998
-1.61625
-1.61411
-0.380261
-0.102715
0.596481
0.385738
-1.37369
0.361686
-0.834439
-0.41128
0.641815
1.63894
-1.05241
0.425909
0.189649
-0.370062
-0.347381
-0.200265
-0.188582
-0.0563833
-0.586874
-0.268667
0.47783
-1.07975
0.616859
0.158502
0.696296
0.0240114
0.288691
1.27668
-0.565086
0.687264
0.401829
-0.0602344
-1.54253
0.66278
0.51775
2.57612
-1.30096
1.66996
0.553127
-0.101088
-0.0323835
0.442177
-1.15134
-0.628629
0.126359
1.32141
0.149
-0.462912
-0.689499
0.251981
-0.790583
0.27368
-0.241976
-0.311756
2.68645
0.309321
-0.898387
-0.311641
-1.05317
0.0774404
-0.533634
-0.580024
-0.464422
0.63884
0.0938676
1.77833
0.913037
-2.42254
0.0453787
-0.287216
0.0585822
2.00109
-1.02492
1.16103
-1.86146
0.794347
0.0558544
0.874823
-1.33205
-0.297163
0.944596
-0.580635
0.440312
-0.703505
1.56521
-1.46767
-0.469885
0.81465
-0.62718
0.174645
0.381937
-0.372297
0.599868
0.0883663
0.513172
-0.373064
0.0586569
-0.803402
-1.25084
0.475239
0.350335
0.450003
0.116501
1.50933
-0.0179108
-1.05279
-0.0297372
0.790174
0.120762
-0.0324599
0.149867
-0.0275689
-0.467791
-0.29311
0.188098
-0.230994
-0.335752
-1.32707
0.975244
-0.12542
0.872364
-1.46328
0.0719421
0.181848
0.0914912
-0.181857
1.84439
-0.030486
-1.15534
0.280037
-0.492079
0.419983
0.0882903
0.904442
-2.16284
-0.28223
-1.56298
-0.331337
0.345791
-1.50063
0.962172
-0.460987
-0.39526
0.0842343
0.946787
-0.480335
-0.322371
0.139674
1.10956
0.0612831
0.133812
-1.04663
-0.225398
0.72717
-0.0797951
0.532878
-1.31551
-1.26832
-0.526277
0.817322
0.534153
1.38221
3.1238
-0.388471
-0.296359
1.60427
0.603573
-0.399606
-0.482597
0.773067
0.891638
-0.162862
2.10598
-0.484174
0.408285
0.17901
1.07885
1.57414
2.98916
1.08055
-0.949792
2.15268
-1.61502
0.874502
2.63038
0.408965
1.61503
-0.265349
-2.58862
0.66483
0.80961
-1.76099
-1.08417
0.862649
-1.05418
-2.49369
-0.39086
-0.883391
0.335546
-0.114759
-0.291301
0.291328
-0.178748
-1.2504
0.230261
-0.404194
0.249404
-0.613573
0.695343
-0.0650408
-0.871303
1.68638
-0.392828
1.0777
-0.859774
2.14941
1.27162
-0.307885
1.2203
0.674933
0.757727
-0.769519
-0.12208
1.34342
-0.269296
0.825508
1.26337
0.743374
2.22503
-0.18011
-0.66728
1.26777
-1.51721
-0.371449
-2.36121
0.830357
-1.40957
-1.06279
1.0398
2.73609
0.022679
0.120236
0.705193
0.648444
0.84701
-0.837529
-0.720683
0.114949
-0.492163
0.867453
-1.48535
-0.641367
-2.27412
1.29557
-1.24201
1.28253
-0.0396806
0.641249
-0.0235815
0.343459
0.151595
-0.0350006
2.27062
-0.126827
0.735471
0.54927
0.807969
-0.210296
0.429444
0.00140888
-0.209318
0.12257
-0.110311
0.482694
0.121168
1.21704
0.472265
2.28526
2.68699
0.746294
1.30111
-0.92706
-0.547369
-0.568886
0.230299
0.26434
-0.15636
1.29091
-0.89278
0.43866
-0.488729
0.996066
-1.36322
1.2769
-0.201805
0.731508
-0.191766
-0.128339
0.963752
-0.489889
2.08626
-1.26759
1.63311
-0.414309
0.232841
0.0837892
-2.86684
1.5145
0.155393
-0.00566392
2.87266
1.46322
1.6665
-2.4671
0.15816
0.831643
-3.58786
0.69492
0.488351
0.134752
0.1347
3.32909
-1.92867
-1.36562
0.283308
-0.902307
-1.10298
0.701155
-1.27278
0.878208
1.6216
-2.10769
-1.38641
0.195363
-1.01996
0.367583
0.159316
1.56252
0.157995
-2.99211
0.592534
-2.5333
0.268345
-0.0431564
2.24004
-0.528069
-0.776048
-0.466401
2.3608
0.352031
1.3637
1.09982
-1.87948
-0.056443
-0.0308261
0.350085
-1.24881
1.51631
0.00270395
-2.01721
-0.798901
-0.195012
2.64534
-0.621168
-0.744619
1.24882
-1.19212
-1.9028
-1.05797
1.64356
-3.33967
1.21482
0.392357
0.230971
1.02776
1.80884
-2.55591
0.350657
-0.758969
-2.30389
0.144065
2.9714
1.05672
2.41714
-0.821104
-1.33606
0.9736
-1.1958
0.965905
0.956852
0.164799
-0.886468
0.429934
-2.08815
-0.108662
-0.149592
2.09492
-1.85863
-1.31154
-3.45978
0.743173
2.43633
0.333619
-0.146517
-0.583879
0.0532286
0.159236
0.537085
-1.18926
3.41676
-1.13292
-0.118328
2.20081
-0.297063
-1.15815
0.0939971
2.14825
1.22869
-0.413507
0.515608
-0.293756
0.0313548
1.34906
-1.61437
0.415457
0.0616461
0.486528
-2.36251
-1.25315
2.96273
0.0815798
0.00116504
1.04956
-1.15544
3.25709
-0.036724
1.08331
-1.56835
2.33769
1.02112
2.54666
3.41477
-0.595988
-0.207137
-0.862332
3.25309
2.82249
-0.900094
0.363849
1.61822
0.0482523
0.194544
0.715192
-0.369272
-0.559812
0.414863
0.00648397
0.987996
0.689647
-1.61081
0.771202
0.0974218
2.30528
0.596556
3.08342
-1.26605
1.29951
-0.56692
1.03864
-1.38975
0.819745
0.146007
1.24185
-2.26402
0.08835
-0.0914306
-0.6588
2.29607
-0.959049
1.29653
1.25326
2.40838
0.808566
-0.985387
0.553764
-2.48706
0.247074
-1.56212
-0.992859
-0.0976248
-0.733726
-0.499598
0.597192
0.655107
-1.16728
0.305628
0.640548
-1.47239
0.646823
-1.34757
-1.52186
0.0529574
-0.512086
1.94013
0.156158
-0.536678
0.112707
0.664229
1.56234
-0.0643119
-0.459201
0.779139
-0.0688455
0.508242
0.186786
8.44568e-05
0.100707
-1.14078
0.631438
1.32296
0.514394
0.124923
-1.13152
0.14099
-0.41821
0.360777
-1.49
-0.802792
-0.0299234
0.219806
0.115355
-0.453483
-0.33381
-0.0019754
1.23965
0.535258
-0.104562
-1.86466
-0.624158
1.16519
-0.266063
-1.86298
0.110099
0.134796
-0.39478
-2.07391
-1.52552
0.258453
-0.0851422
1.09968
-0.00781949
-0.101416
-0.171555
0.0222344
0.141926
-0.279118
0.26786
-0.0710973
-0.132649
0.201718
-0.124845
0.055035
-0.111944
0.0135017
0.163857
0.154687
0.292858
0.218683
0.075592
0.0159421
0.0822867
-0.705065
-0.20742
0.289518
-0.0914771
-0.17883
0.0523459
0.190266
0.0699345
-0.425988
0.513598
0.569258
-0.265263
0.0556437
0.191327
-0.167293
-0.0635687
0.0506243
-0.260901
-0.154512
-0.406004
-0.0255326
0.186586
-0.0253587
0.293158
0.640329
-0.00427178
0.401525
0.105158
1.33521
0.697195
0.673963
0.00235296
0.114272
0.0815994
-0.612678
0.376358
-0.0215169
-0.125046
-0.0624701
-0.419297
0.505063
0.216702
-0.326008
0.00826666
-0.206299
0.225499
0.0128352
-0.250072
-0.88057
0.944694
0.087385
0.0503063
-0.577977
-0.692105
-0.107414
-0.775211
0.00777492
0.145542
-0.902233
-0.173794
-0.0844238
-0.78952
1.29514
-1.66938
0.460012
1.01333
-0.309626
0.387008
-0.203428
-0.0598522
-0.703883
0.225876
-0.158938
-0.0192457
-0.0140593
-0.20528
0.736623
1.84041
0.776797
-0.40672
0.02127
-1.40362
0.609008
-0.145586
0.614717
0.039789
-0.0407505
0.135998
-0.24533
1.45452
0.340471
-0.500602
0.157045
-0.290965
0.441999
0.0253033
0.20207
-0.131507
-0.155685
0.192139
0.330952
0.0537638
1.24336
-2.2257
-0.0901705
0.0732562
-0.201333
-0.292156
-0.0601221
-0.171465
-0.10086
0.211352
-0.0932044
1.22788
-0.818025
-0.230089
-0.00554614
-0.466468
-0.190985
-0.124878
-0.13522
-0.34212
0.256311
0.275311
-0.0886595
0.0318515
1.7821
-1.69288
-2.18207
0.0176603
2.62166
0.326803
-0.336809
0.420634
-0.0635738
0.136019
-0.0621427
-0.0150187
-1.31476
2.58067
-2.78172
1.76288
1.55563
-0.00737037
0.0707665
0.0553154
-0.585021
0.391859
0.0750328
0.315916
1.01274
-0.222835
-0.777786
1.13393
0.655457
-0.512771
-0.243158
0.389021
-0.368358
0.0721144
0.33464
-0.149355
-0.0933681
1.05965
-0.243623
-0.0753277
-0.465167
0.116483
-0.0408982
-0.249418
-0.237498
0.206804
-0.0314321
0.0461988
0.395082
0.0850368
0.862561
1.8404
2.47992
2.63123
-2.02944
-0.46376
-0.46038
0.768129
-0.0532887
-0.0681673
0.0470606
-0.42911
-0.0196628
2.90034
2.21299
-0.297825
-1.91331
0.0717207
0.121982
-0.841075
0.45186
-0.144405
0.322121
1.67879
0.0692715
1.50517
0.377853
-0.222219
-0.374381
0.0716308
0.00374044
-0.47835
-0.440947
0.378599
-0.0868379
-0.0986984
-0.0459215
-0.193553
0.0266003
-0.476943
-0.460279
-0.153245
-0.779782
-0.277111
-0.153442
0.100756
0.0311459
0.454426
-0.0180412
0.217415
1.46769
2.15767
1.84622
1.08705
-0.231438
1.29285
1.11807
-0.239119
-0.32613
-0.253754
0.0609954
-2.03412
-0.540695
2.73111
-2.73311
0.265027
0.0119653
-0.625997
0.835776
-0.343635
-0.329124
0.323183
-1.43581
-1.54182
0.119377
0.955061
0.0429348
-2.43354
1.01656
-0.863259
-2.6339
2.08317
-0.128259
-0.0454363
-0.0376954
0.359091
-0.157237
0.912022
-2.11049
-2.66522
-0.436374
0.343571
-1.03367
0.505677
1.06622
-0.34493
-0.259009
-0.0300039
-0.670979
0.981794
2.47772
-0.283427
0.98484
1.57258
-2.54208
0.176817
0.301315
0.256109
-0.211769
0.953913
0.69894
0.936922
0.226148
-0.351409
1.78285
-2.80571
1.88421
1.56804
-1.12764
0.291778
0.208218
-0.0321796
-1.04689
0.107113
-2.08372
0.0771424
-1.57347
-0.810056
-1.22928
-0.0635369
-1.01926
-0.373269
-0.184139
0.224248
-0.13054
0.0230595
-0.338193
-0.712121
-0.324716
-0.0245585
-0.855186
-0.375861
-0.814548
0.25006
-0.737287
0.696074
0.100394
0.342415
0.00268894
0.0268193
0.687664
-2.28476
1.72898
2.04062
-0.816636
0.55253
1.05364
0.683603
0.42007
0.168765
-1.23994
0.0728579
0.329244
-1.51005
-0.492938
1.24168
-0.54556
1.72459
0.0592018
0.29847
0.222094
0.704125
-1.51582
0.0115563
-0.934074
0.94262
2.45576
-1.64473
-0.184826
-1.07908
-1.24315
0.10044
0.557505
0.167157
-0.913892
0.34929
-0.552655
-0.896587
-0.304531
-2.83651
0.461818
-0.177812
-0.385787
-1.28454
-0.0431341
-0.0323458
0.609754
-0.670185
0.0252756
0.0597654
1.46296
-3.374
-1.37751
-1.14446
-0.981284
-0.0275363
0.455784
-0.929568
-1.27756
1.52932
0.108277
-0.00647052
-0.26357
-2.45408
2.4187
-0.450515
0.937062
-1.20453
0.213187
0.223503
0.425374
0.525656
0.995777
0.0415619
-0.37028
0.407836
0.00623674
-0.202387
-1.57265
0.912471
0.471463
-0.583588
-0.560632
0.141837
-1.38538
-0.190168
0.204134
-0.999468
0.831293
-1.56931
-0.104357
0.502442
-0.101329
-0.311997
-0.0308768
0.0606169
-0.0121914
0.00455256
0.130032
-0.779961
0.257154
1.91847
1.06729
0.683324
0.0369553
0.0984969
0.679186
-0.322297
-0.372925
-0.198751
1.13826
0.499042
0.451303
0.22392
5.61449
-0.29528
-0.856838
2.77699
0.221436
1.68966
-0.151794
1.43143
0.000984597
0.662069
-0.284099
-0.414876
1.53237
0.783654
-0.63024
0.366992
-0.148588
0.548919
0.327771
0.187374
-0.211103
-0.374342
0.00569367
1.61465
0.131337
-1.70485
-0.374682
0.754176
0.850222
-0.0151529
-0.271094
-0.0334706
0.0265
0.276611
0.224506
1.13846
1.0031
1.84465
-2.20305
1.7174
-0.488846
-0.444215
0.397004
-0.0955132
0.243784
0.230054
-0.0703415
0.0659761
0.462573
-0.780577
-1.32902
-1.41568
2.66642
-0.256573
0.308811
-0.387473
0.289272
0.0728855
0.24956
-0.414704
0.732175
-0.220836
0.076523
-0.317998
-0.446466
-0.790074
-0.954353
-0.414264
-0.190919
-0.468091
0.105623
-0.261748
0.00268745
2.12393
0.262833
0.0337723
0.0251885
0.364656
-0.013886
0.152715
-0.172564
0.0024275
0.00945235
0.435601
0.017745
-0.0775366
-1.49332
1.946
-2.89022
-1.0044
-0.0857942
0.28481
0.291737
0.0690004
0.3925
-0.0451004
0.0374845
-0.0697465
-0.129711
2.05944
1.47785
-2.48606
-0.338629
0.721817
0.0028726
-0.123719
0.0157623
-0.229888
-0.0293207
-0.586174
2.2829
0.714867
-2.02843
2.37147
0.46853
0.873935
-0.571723
-0.548364
-0.0882794
-0.0456004
0.181835
0.942404
-0.0285131
-0.0947523
-0.199786
0.566841
-0.274129
0.0514801
-0.515723
-0.120135
0.00189412
0.176809
-0.445386
-0.131193
-0.0840726
0.23264
-1.95776
3.03052
-0.765371
-1.17463
-0.740393
0.4059
0.203966
0.00933773
-0.298195
0.0526639
0.522164
2.17519
-0.145028
-1.95018
1.92923
-0.490327
0.0208959
0.801925
-0.580155
0.0267491
-0.248061
0.0839595
0.815619
-0.0486418
-1.55718
-1.82299
-1.31071
-0.449833
1.4159
0.143881
0.38797
-0.271417
-0.195525
0.577967
-0.76927
-1.1396
-1.18515
0.447604
-0.897642
-0.513003
-2.53255
0.847535
-0.27912
-0.0024128
-0.00581213
0.0501433
-0.479585
0.892005
-0.0226767
0.042455
0.17947
-0.546537
1.69115
-1.11973
2.77567
0.115056
-0.107136
0.204167
0.018187
-0.115683
-1.5768
-0.426786
-0.119393
0.0100083
2.633
-2.82154
-1.6396
-0.445694
0.0227487
-0.261192
0.225139
1.15011
0.108396
-0.664295
-0.573404
-0.189476
0.160425
0.304407
-3.26046
-0.240377
0.016617
0.499081
0.705224
0.127054
0.274979
0.722201
-0.3808
0.23433
-0.412844
-1.92799
0.946994
0.05306
-0.00519674
0.146615
1.14182
0.324344
0.822801
0.0176347
0.352052
-0.0143575
0.563931
-1.67654
-2.51648
-1.30655
-0.169656
0.735209
0.107645
-0.0107546
0.917316
-1.79682
0.305735
0.687487
0.0446319
-3.05907
0.457881
-1.47983
1.50977
0.00648083
0.173695
-0.733386
0.680346
0.218231
-0.315062
-0.425857
-0.904156
0.352735
-3.05408
-0.436665
0.17759
-0.186871
-0.316553
-1.39711
-0.101354
-0.849029
0.0651811
0.566642
0.114849
0.531293
0.0255697
-1.88839
-0.173945
2.16882
0.0713448
0.0546079
0.474395
0.0649162
0.442187
0.260955
-0.118904
0.489671
-0.0997144
-0.232305
0.738543
-2.61063
1.0141
0.0295081
0.0726585
0.0539671
-0.316399
-0.470377
-0.0963955
0.295401
-0.349405
-2.05974
-0.243915
0.643937
0.0731018
-0.512152
0.855333
2.43929
-0.451333
-0.63643
-0.283249
0.238573
0.159218
0.746063
0.0356026
0.456434
0.888827
-0.556783
0.19643
-0.467751
0.0149413
0.403238
0.11537
0.580491
0.374044
0.102278
0.506781
-0.97054
0.0216829
-1.16848
-0.397994
-1.49692
1.5343
-0.161096
0.496686
-0.0350695
1.23903
-0.0465697
-0.712014
-2.58648
2.0964
0.54489
-0.263047
-0.656038
0.165776
-1.09105
0.186609
-0.122706
0.277026
-0.0423832
2.40076
1.26776
1.39674
2.17392
1.09739
0.805551
-0.435291
-0.258801
-1.88251
-0.175763
0.243583
1.35145
0.548379
-2.53402
0.97523
-0.284079
1.84488
1.56621
-0.921409
1.68321
0.308907
-0.20806
0.456004
-0.316586
0.076488
-0.440382
1.22226
0.113684
-1.2836
1.32214
0.800599
0.919292
0.241249
0.183682
0.0275981
0.738384
0.192767
0.953653
-0.76709
1.60101
-1.97976
-1.90467
-2.35721
-1.32485
-0.327045
0.389775
-0.524118
0.0519173
0.710406
-2.80114
-1.58941
-1.31009
-1.47837
-0.0232963
-1.20517
-0.825164
0.0519691
-0.923404
0.557604
0.390509
-0.334359
-0.0477963
0.330576
-0.264794
-0.303229
1.49797
0.590917
-0.271665
-0.461451
-1.00862
-0.145352
-0.893103
-0.323098
0.11377
0.0579031
-0.119615
-0.00542697
-2.45388
-0.846989
2.62282
-0.175759
-0.345237
-0.142686
-0.0332816
0.0423045
-0.12566
-0.0671946
0.305529
-0.0552912
1.43536
1.18186
-0.654401
0.097034
0.612263
-0.290705
-0.00849712
0.00781634
-0.160315
0.0216462
1.92213
-2.22014
0.00424414
0.234283
2.40118
0.561886
1.75908
2.29635
-0.0632766
-0.0384643
-0.0757871
0.332862
-0.0921096
0.754826
-0.0279111
-0.0948324
-0.0702096
-0.803312
-0.216536
-0.227249
0.250681
-0.0559156
-0.201696
0.0625579
-0.445652
0.395014
0.0163983
0.296609
-1.58113
-1.19178
-2.1464
-0.740168
0.0247773
-0.0826701
0.0728205
-0.523124
-0.728727
-0.440348
0.0260657
-1.13725
-0.531445
-2.77192
-0.137972
1.55757
-0.0104469
0.968418
0.286015
-0.796176
-0.76647
0.113603
0.663507
1.07828
-0.284442
-2.35524
-2.39449
-3.00896
0.595993
-1.01439
-0.80518
0.103365
-0.936878
-0.175366
1.87865
1.53069
1.10592
0.230238
0.396793
-2.25464
0.646062
-0.0915616
0.289096
1.29773
0.0936745
-0.274315
0.160659
-0.00400382
0.201854
-0.727703
3.31052
-0.816993
0.579762
-0.562476
-0.170138
0.437001
-0.164973
0.240014
-0.986222
0.058586
-2.30494
-0.486837
-2.59852
1.82319
3.2217
1.69048
0.212571
-0.136033
0.751069
0.489347
-0.616775
-0.767018
0.00788317
-2.97063
0.444868
-0.978707
0.549379
-0.421495
-1.7824
-0.39457
-0.82175
0.553811
-1.07463
-0.682092
-0.769603
0.769713
1.46389
1.26435
0.853134
-1.42893
2.30388
-1.19955
-0.0852784
-0.00496034
0.115227
0.0426274
0.0262641
0.104652
0.718863
1.25638
-2.90868
1.21985
2.07062
-0.135509
-0.404841
0.134611
-1.50361
0.83143
0.128973
-0.941951
0.363706
1.89555
-0.108726
3.80518
0.140784
-1.57997
0.268799
0.0269189
-0.533333
1.21668
-0.613663
0.0674633
-1.10811
0.279658
-0.305262
-0.19898
-0.502639
1.86044
0.351763
-0.864295
2.37884
0.0419643
0.251042
0.0487336
0.0708256
-0.351913
0.362099
-1.44622
-3.99456
-0.0224332
-0.803372
-1.1506
0.162431
0.175277
-0.10471
0.0218406
0.0796112
0.610917
0.0268273
0.848275
1.37873
2.20309
2.38172
1.82809
0.511887
0.0532525
1.60682
-0.032024
0.763192
0.126408
1.25686
-0.897677
0.607229
-0.591639
-0.697692
-1.17709
1.50828
0.159631
0.220492
0.573262
-0.0401066
1.13717
-0.145441
0.513824
-0.334223
2.60269
0.042869
0.5209
0.731448
0.207593
1.32458
-0.896632
-0.199854
0.0201686
-2.72949
0.788217
0.576912
-1.19289
-0.133754
-0.146804
-0.115314
0.0978428
-0.0920822
-0.168859
0.0165949
0.240111
0.219231
-0.0902684
2.00437
-0.652254
-0.992007
2.64621
0.356819
-0.0876218
0.290056
0.0453433
0.0582653
-0.0685842
0.241425
0.084512
0.211165
-2.24184
3.07696
2.03075
-0.319649
0.0318427
-0.205685
-0.0389909
0.15883
0.0714511
-0.503618
-0.0503538
3.31227
-0.403452
-0.214707
2.63248
-2.96756
-0.153765
-1.60963
-0.291704
-0.0353221
-0.463326
0.162269
-0.127728
0.136699
-0.287614
3.48987
-0.129149
-1.76256
0.417919
0.0982117
0.424769
-0.0451083
0.0130124
-0.0391912
0.806486
0.904208
-0.4081
-0.529547
-3.27928
0.712857
-0.621754
-0.043515
1.56218
-0.489222
0.216314
0.865296
0.252445
0.0280747
-0.466173
0.431651
-0.0146477
0.170919
2.29173
-1.01977
-1.4775
-0.605068
-0.619351
0.0175281
-0.52264
0.246045
0.952732
-0.019982
0.973938
1.0539
3.90675
0.0696351
0.222245
-0.708497
-0.58128
0.131199
0.243704
0.497041
0.752674
0.148723
-0.0784332
-2.77504
2.61973
0.734723
-0.00399074
1.89456
-0.310051
0.0276577
0.258132
-1.17123
-0.43446
-0.41417
-0.461456
-0.21425
0.320952
-0.283252
-0.191989
-2.06389
0.693701
-1.87222
1.30936
0.102066
0.0635001
1.37801
0.811811
0.675097
1.42843
0.319967
-1.90296
1.82733
2.42927
0.427189
0.0187878
1.39879
-0.443957
-2.15688
-0.225485
1.83532
-0.339145
-0.705337
2.19758
1.12804
-0.436786
0.178873
0.082445
0.585902
-0.802743
-0.585079
0.282195
0.32691
0.666034
0.144175
-0.874298
1.15523
-3.33749
-0.0697974
0.00478082
-0.0383117
0.381836
0.00410797
-1.3803
-0.318911
0.897269
-0.404507
-0.610792
2.92272
0.534282
-1.945
1.13442
0.291612
-0.0735398
0.166513
-0.333747
0.599915
0.51279
0.105498
-0.024532
-2.3704
1.52357
1.2523
0.784892
-0.00270623
1.31939
0.569224
-0.212794
-0.130594
-0.783236
-0.49455
-0.980801
2.68215
-2.07893
0.233725
-0.374721
-0.514355
-0.375966
0.177025
0.548964
0.0989906
-0.446745
-0.254979
0.311463
-1.56111
0.802684
0.00947944
-0.348344
0.0282593
1.33847
-0.410185
-0.190179
0.489682
-0.237331
0.846661
-0.431751
-0.67916
-2.32319
-1.8564
0.0986103
0.110021
1.17051
-0.670819
-0.0111268
-1.1765
-1.51132
0.198427
0.641207
0.269495
0.625737
3.34129
-0.23252
-1.93797
-0.0686701
0.226155
0.664166
0.419724
-0.346983
-0.385493
0.693215
0.0734653
0.693024
1.41242
1.93468
-0.447333
-1.72159
0.185977
-0.42105
0.800138
0.839797
0.382825
0.142404
-0.680966
0.14332
0.0616816
-0.076692
1.38147
1.55711
-0.142042
2.76918
-0.291791
0.421423
0.24
0.0160429
-0.0691295
-0.0239918
-1.7396
0.277854
1.61414
3.01375
1.09252
0.391946
0.0655047
0.0793483
0.0140318
0.119307
-0.127451
0.327751
-0.00096619
-0.234042
0.116267
1.26198
2.24931
-0.434229
-2.78818
0.0630388
-0.449023
-0.126378
0.250156
-0.686028
-0.825718
-3.30414
0.95972
-2.75832
-0.417892
0.152633
-0.136986
-0.272525
-0.32256
0.261501
0.0408005
0.0938478
0.392213
0.0116628
-0.273477
2.36628
-0.721946
1.80404
0.306769
-0.0400472
0.602912
-1.43704
0.0788508
0.0585515
-0.766115
0.241158
-0.0443928
0.640299
0.076203
2.1718
-0.694897
0.0430769
-0.315727
-0.0855959
0.720551
0.0455183
0.00897309
-0.397189
0.938158
-0.650736
-1.39868
2.85427
-0.222062
-0.194265
0.898629
0.117571
1.27019
-0.554553
-1.08074
0.0794109
1.86472
-0.128945
0.548634
-1.53022
0.661333
0.28033
0.116592
-0.660269
0.157311
-0.222379
-0.115689
-0.610533
-0.0438438
0.353623
0.113489
0.00853284
-0.782359
0.528355
-0.637306
0.176579
-0.196976
0.064967
0.11716
-0.394539
0.565881
0.22961
-0.989768
-0.641628
-1.31078
2.55715
-1.20792
-0.490772
-1.15492
-0.900415
0.535701
0.0624165
0.752737
-0.0554252
-0.315864
0.14638
1.87559
0.509748
-0.339584
-0.679459
0.266359
-2.41704
0.467015
0.0817033
-0.451258
1.1389
-0.116892
0.120368
-0.022089
1.43201
2.99372
0.939699
0.376818
0.714837
0.0686062
-0.492081
-1.19924
0.0511957
-0.0824359
-0.45673
0.0221992
2.60101
1.0003
-1.96802
-1.20269
-0.681374
0.432968
-0.248015
0.863692
0.359678
-0.300482
-0.525577
0.0207998
3.58373
-0.436923
-0.668582
-0.579949
0.505482
3.27413
-0.17685
0.186136
0.651077
1.7204
1.32361
0.47656
0.467046
1.39527
1.17392
1.74295
-1.06372
0.0359729
-0.948353
2.01026
0.429265
0.433636
-0.0127829
0.358469
-0.951853
1.8697
-1.29797
2.49739
-0.693716
-2.05507
1.75365
-0.555549
-0.607958
0.0455368
-0.0131403
-0.00248154
-0.00362618
0.117463
0.263441
-2.66815
0.00769691
0.110644
-0.482693
0.0704672
0.0600436
-0.488591
0.0744198
0.272067
-2.24419
-0.87585
0.618688
1.79113
-0.437494
1.19941
-0.60173
0.215335
0.00948633
0.0844249
-0.595199
-0.681579
-0.616102
2.89745
0.157582
-2.94852
0.610023
2.04555
-0.14976
0.0165364
0.15038
-0.165053
0.108485
-0.203874
-0.349052
1.64155
1.91886
-1.87884
0.213558
-0.188373
-0.418963
0.320031
0.210044
-0.345174
-0.0243658
-0.275156
-1.08378
-0.00167635
0.18656
0.972807
-0.991583
-2.22761
0.839843
-1.11412
-0.30963
-1.86676
0.447006
-0.128437
-1.42075
-1.55764
1.07788
-2.28468
1.50497
-0.551979
0.12949
-2.01952
-0.737506
0.106365
-0.118926
-0.625284
0.297843
-0.0405068
0.0168082
1.02193
-0.441985
3.74379
-1.94112
3.03986
1.34964
0.491704
-1.39602
-0.820483
-1.18043
0.322309
-0.628487
-1.18699
-1.92377
1.29383
-1.64513
0.251284
0.612525
-1.17274
0.910337
0.0934108
-0.057725
-0.416969
0.0169886
0.084436
-0.197461
-0.457837
-0.147394
-0.158885
-0.573913
-1.54954
-0.922746
-1.76144
-0.0133651
0.317567
0.0657378
-0.53795
-0.900002
0.0375188
0.60635
0.85557
2.53132
0.177633
-0.213311
1.06898
-1.32571
-1.87277
1.15142
-0.00730617
1.4117
-0.483038
0.62378
-2.65189
-1.20084
-0.424771
1.30573
1.17115
0.953475
1.14752
-0.465206
0.152765
-0.970265
-0.443799
0.632803
2.12113
-0.671098
0.280037
-0.379893
-0.80041
0.234562
-0.423657
-0.174039
0.0245304
0.113239
0.247613
-0.175919
0.160441
-0.0548507
0.824956
-0.359719
-0.0442803
-1.38952
-0.656169
0.776728
-0.0291773
-0.514973
-0.0500337
0.0646858
0.807181
-1.21207
-3.40911
2.31576
1.32526
-0.407483
-0.65718
-0.899116
-0.14761
-0.0323666
-0.309996
0.874228
-1.25229
-1.26089
-2.33451
1.95732
0.664513
0.892754
-0.741598
0.312832
-0.152752
0.0153756
-0.537669
0.43255
-0.278894
0.432921
-0.843045
-0.406699
-1.32297
-0.90373
-0.0207806
0.12716
-0.57361
0.0247207
0.0098
-1.38258
0.453135
-0.231141
0.740788
1.52707
-0.27811
0.68992
0.296866
0.634678
-0.711533
-0.223496
1.19807
0.0844404
0.264029
-0.252024
-1.92445
-0.718734
-0.302924
2.69422
-0.831974
0.115453
1.27531
0.57049
0.00969389
-0.596466
0.131854
-0.927843
-0.256255
1.11201
-1.61595
-1.26387
0.689722
0.213552
0.0862443
-0.569793
-0.560097
-0.0195035
-0.631574
-3.18171
1.59098
0.0378399
0.14383
1.30992
-0.390974
-0.043818
-0.186461
0.269188
0.0104262
0.276523
-2.10503
-0.368985
-0.0959823
-0.795662
0.663122
0.0994689
-0.469792
-1.00358
-0.346439
-2.54669
-0.0822454
0.235921
0.860488
0.016067
0.313027
1.71746
1.185
-1.56639
0.254845
0.272705
-2.20455
-1.44118
1.21616
2.86656
0.668911
0.174724
1.21551
0.022184
-1.12149
1.44913
-1.35366
-2.17665
1.01792
1.76301
0.594924
0.0596856
0.284738
0.612833
1.48137
0.837029
-1.17361
-0.222134
-0.253112
1.4421
0.0159766
1.67594
0.0199476
-0.00441192
-0.396648
0.363484
1.10881
0.156548
-0.890803
1.42116
-0.173711
0.0598824
-2.88556
0.170338
0.980386
0.0469174
-0.68752
0.610125
-0.0478171
0.450744
1.22404
0.721199
0.0149008
0.00222816
-2.0641
-0.56999
-0.579598
0.651253
0.0326634
0.378585
-0.573469
0.0705351
0.262163
-0.157605
0.543104
0.0182699
-3.86993
3.72568
-0.647394
-2.18525
0.00877825
-0.848797
0.0322391
1.34284
-0.446691
-1.0207
0.321457
-0.287963
0.12924
-0.000206839
1.98001
0.581139
0.0148249
2.52567
-0.156685
-0.202479
-1.22166
0.914942
-0.880422
0.619333
0.0466517
-0.295381
-0.560093
-0.165084
0.272096
0.489478
-0.216199
-0.0531086
-0.575385
0.438431
0.603
-0.308883
0.135217
0.911899
-0.228345
-0.0229493
-2.98149
0.662021
1.41639
0.455389
-0.159631
-0.00668191
-0.77886
0.547791
-0.0683189
0.281855
0.998816
2.00926
-3.14281
-0.0715277
0.212151
-0.251675
-0.703855
1.15205
0.402476
-0.519465
0.45578
0.432653
-0.00567178
0.0739352
-0.00374273
0.000954379
0.0311098
2.45188
-0.0848962
0.0735832
0.168784
-0.390512
0.0432957
0.0447212
-0.3899
-1.66688
0.0996446
0.722702
2.77738
0.295427
-0.0371179
-0.00580596
-0.395229
-0.496025
-0.090411
0.0131498
0.114562
1.1093
0.671734
0.316161
0.0044554
0.633008
-0.102093
-0.625752
0.103703
-0.0663698
0.213461
0.0700736
-0.13726
-0.14859
-0.12925
-0.471783
-2.91551
2.10305
0.772502
-0.0911914
0.0315147
-0.197347
0.148447
0.0478121
-1.49026
0.0784126
-0.984545
-0.0196356
0.0247102
0.205512
-0.368302
-0.647842
0.291835
-0.296501
-0.669565
-0.0501445
0.245585
0.0507113
-0.265528
-1.1882
-0.0134441
-0.149552
-0.339582
-0.820478
-1.0338
-0.615736
-0.241586
-0.582873
0.253411
0.991538
-0.126112
0.81657
0.349664
2.11023
-2.54198
-0.853607
-0.0951188
-0.131307
0.043121
0.0430797
0.62186
0.90281
0.0981703
-3.8231
0.0302398
-1.56412
0.0285526
-0.317265
-0.483583
1.49644
-0.0593246
-0.291597
0.327897
-0.610342
-0.0366476
-0.541175
0.289318
-0.0012741
0.0640062
-0.302449
0.05324
2.52621
1.18989
-0.507759
0.271765
-0.204033
-0.301238
0.768819
0.287031
-0.0112221
-0.735194
1.90086
-0.035692
-1.34144
-0.754904
-0.51044
-0.439597
0.0293868
0.458643
-1.06529
-0.144307
-2.20816
-2.48508
0.271089
-0.775922
-0.553851
0.12929
0.0915691
-0.516316
-0.942576
0.0205436
1.83464
0.630249
-1.91625
-0.0147389
-1.47176
1.99955
-0.468227
0.132298
0.428854
0.000524286
0.545788
-0.0538453
0.149903
0.0936737
-0.558959
0.00972924
-0.0280924
1.36107
-0.186255
-1.31965
0.8191
-0.108054
-0.293889
-0.950793
0.662567
0.405706
-1.15375
-2.77273
-0.313647
-0.588459
-0.164983
-0.506947
0.0984307
-0.8021
-0.0814172
0.239297
-0.34664
0.419535
0.869153
-0.853112
-0.0157416
-0.423672
-2.40872
1.13637
-0.00842036
1.58855
0.00189353
-0.375857
-0.189033
0.0128947
-1.20926
-0.273718
-2.62201
2.11342
1.51278
0.752775
0.409124
0.328107
1.27346
-0.0911359
0.361611
-0.0233484
0.230164
-0.116821
0.00907242
0.00870922
-0.250635
-0.322716
-0.176689
0.544973
0.300892
-0.155229
0.342264
-0.0151351
0.654053
0.675276
-0.000628545
-0.141957
0.274075
-1.51938
-2.88283
-2.89793
-0.20951
-0.328558
0.123
1.14842
-0.432753
0.134323
0.507006
0.000655047
-0.471618
-0.817298
0.998905
-0.626854
-1.89803
-1.29179
1.62424
0.343347
0.337691
0.162546
0.0562414
-0.139604
0.612665
0.19606
-0.573962
-0.495777
-1.17886
-1.18695
0.459615
-0.449611
0.0117829
-0.253937
-0.588728
-0.0111422
0.0886674
-1.67242
-0.721367
2.24486
-0.782902
-0.744571
0.32518
-0.171805
0.858219
0.6025
-1.63073
-0.160437
1.21212
-0.380504
-0.0653166
-1.22187
-3.19484
-1.68235
-0.919173
0.176541
1.12401
0.313859
-0.729708
-0.321947
0.019974
0.568779
-0.419167
1.04628
1.35445
0.893648
-0.666772
-2.15151
0.282803
-0.535806
-1.33463
0.315155
-0.340934
0.404233
0.483786
-1.18576
0.534895
-0.024585
-0.464835
0.59779
1.12021
-0.022487
0.245299
-0.147243
0.0187447
0.251581
-0.600845
0.302219
0.0412347
-1.22319
-0.25997
-0.57809
-0.613289
-0.558659
0.290338
-0.329648
0.171784
-0.0661957
0.302635
-0.0121996
0.290767
-0.729892
0.620717
-0.649762
0.279008
-0.123045
-0.0296475
-0.190757
0.0927992
0.0666862
-0.340697
-0.450148
-2.04507
-0.154871
-0.123372
-1.97745
-0.810958
0.0825072
-0.611794
-0.354482
0.379848
-0.466855
0.18942
-2.78097
-0.117674
-1.02908
-0.762078
-1.88173
-0.670607
-0.220582
-0.0432462
0.218085
-0.302478
0.0101295
0.0566249
0.751895
-0.180483
-0.825808
0.215122
-1.372
-0.125413
-0.184872
-0.176558
0.209839
-1.59749
0.3735
-0.0799439
1.16963
-2.65673
1.13605
-1.75151
-0.159004
-0.74323
0.135093
0.481207
0.0545406
0.100852
-0.744412
0.0267143
-1.35633
-0.158315
0.117994
-0.127901
1.93394
0.402279
-0.184951
0.375681
0.458998
-0.664556
0.0104195
-0.145961
-0.233422
0.105497
0.537971
0.167211
2.14164
1.5864
-1.18057
0.46873
0.00188521
0.0937393
0.00560398
0.00242797
0.164303
-0.55749
0.0717454
-0.319273
0.631234
-0.397175
0.0461234
0.480102
-0.490215
-0.554281
0.686857
0.0429499
-0.597512
0.605435
-0.0336536
0.467334
0.847838
0.144613
-1.50285
0.242167
-0.137365
-0.101797
-1.01282
0.408605
0.0702526
0.396327
-0.460506
0.0327644
-0.112397
-0.951474
0.249774
-0.101258
-0.205803
-0.725642
-0.196611
-0.186195
-0.319815
0.0693336
0.203481
0.0629837
-1.68613
0.519874
2.12305
2.6376
0.422213
0.0225
0.0511887
-0.0644116
0.134827
-0.508164
-0.240347
0.871353
-0.167487
-0.110835
0.0329152
0.125955
-0.0226487
0.204385
-0.0470745
-0.341789
-0.0680309
-0.41438
0.112098
-0.0523494
0.186627
0.378883
0.0910932
-0.479546
-0.747791
0.309745
2.50302
-0.100217
0.200888
0.143911
0.476603
-0.111965
0.117676
0.161019
-0.0665365
-0.131721
0.734507
0.255529
-0.07025
1.35193
0.256664
1.72301
-0.137098
0.355676
-0.0254299
-0.533526
-0.22379
0.0738865
-0.255935
-0.434699
-0.628663
-0.521223
-1.27982
-0.642062
-0.0119563
1.27817
2.54037
3.93804
-2.09775
1.60676
-2.01765
-1.22411
-0.785203
-0.59688
-1.47631
-0.747681
-0.404217
-0.628875
-1.42571
-0.717549
-3.15297
0.936423
4.62035
-4.74357
-3.21385
2.09463
-4.04848
-4.04496
-2.34136
-1.6779
-7.07331
1.41209
0.0584355
2.26799
1.54655
0.493994
-0.00149116
-0.197281
-0.313818
0.0788193
-1.33434
0.795872
-2.29055
-0.60064
0.826487
2.16022
2.31099
3.4692
0.459838
-1.79193
-1.45514
-1.11621
-0.697718
0.929867
-0.739601
-1.49631
-1.5664
0.178692
-0.918732
-0.325534
-0.615732
-0.411608
-1.2124
-0.443335
2.34006
-5.74511
-5.45926
1.78882
-1.40783
2.4486
0.172016
0.625674
0.269927
-0.247478
-0.227828
-0.0534022
-1.68884
0.335307
0.143362
-1.25493
-4.39141
4.32167
3.45583
-5.73062
-0.257363
0.0185747
1.18217
-0.337484
-0.610328
-0.779785
-2.76279
-0.641672
-0.802717
-0.423819
-1.35673
-0.615233
-3.10127
1.20031
-1.81725
1.49349
2.60898
-4.12407
-4.46303
-3.18937
3.49968
-3.10165
3.96419
-1.70201
0.368457
0.0534941
0.451827
0.277376
-0.782644
-0.623329
-1.90283
-0.742926
2.74527
-1.65301
-3.694
0.522865
-0.312843
0.134028
-0.943473
0.498258
0.410288
-6.64036
2.2061
0.671336
-0.121907
-0.399249
1.51974
0.163703
2.41222
-5.98987
3.27571
-6.60886
1.02365
1.00498
3.47832
1.33255
-1.11968
-0.268538
-3.43686
0.391939
2.18917
-0.0453159
1.78335
1.85903
1.17145
-0.599139
-0.747203
2.37264
-1.28811
2.3076
1.28087
-0.984901
-0.527129
-2.16107
-3.4661
-1.94645
-0.043863
-0.296036
-0.192696
-0.00423284
1.49879
-1.16632
-0.503348
1.62616
-0.426191
1.1262
-3.09027
-0.803791
-2.93806
-1.35975
3.78316
-3.93471
0.226691
-0.109447
-2.22804
0.405984
-1.92524
-1.05143
-3.7044
-1.99456
-0.367849
-0.00754914
0.348546
-2.21676
1.04489
0.728523
1.22395
2.20253
-1.2667
0.223448
-0.756932
1.04705
-0.808429
-0.84394
-3.05109
-1.15119
