[-5.815350955649983,
 -9.579021981776918,
 14.47445351053318,
 -3.8195872062795786,
 6.399359976441588,
 9.008490517836577,
 4.4791753830338905,
 -7.658525971600405,
 5.977920160666486,
 0.24171694212273565,
 0.3991235372581059,
 5.027280446064387,
 -5.593563887797956,
 8.395407494805681,
 1.4635695043257897,
 1.8784916998059806,
 16.931679103830987,
 -12.00365442099693,
 -2.0180884990495827,
 12.599248752154438,
 -2.9103238564503044,
 -3.2623352060588076,
 5.594957682379601,
 2.4689483377695325,
 -1.4318467393150307,
 1.95152257686998,
 3.7792304540936357,
 -2.718310940329445,
 5.94268037738351,
 -0.5369862188910268,
 -2.8051486052951304,
 -9.453838846907331,
 20.594870045939984,
 25.47887250770968,
 1.831140495145064,
 -19.809193275421848,
 1.630675284581173,
 -5.474888400349606,
 -11.522782937138565,
 -2.373420564484036,
 -30.271626577111633,
 -3.54789572906634,
 0.4517759491907327,
 4.261588114199412,
 -0.7223282166173703,
 -28.744517930346674,
 -6.305301836143457,
 2.8943522737561693,
 1.1492409105284764,
 -0.6864014282219273,
 1.6219857861809004,
 -0.3155771007637611,
 25.5498266762487,
 14.918963237501515,
 -4.730302464704607,
 -4.8547556765531965,
 17.1304121139201,
 -8.9600746537335,
 1.6260829702886497,
 3.5771802709794542,
 -5.651697964908301,
 3.547490801995174,
 -4.130655850906436,
 6.900144705441221,
 -4.300230838950569,
 1.0094747157385484,
 -13.917653186580623,
 -11.22887967108852,
 3.5293982806553004,
 4.172747138555216,
 2.2836642485321903,
 -19.781757040354307,
 -3.6323310462617098,
 20.284892328789255,
 17.148175727548335,
 1.6974832594342075,
 -17.29437920234767,
 -3.005618269599637,
 -13.600008842540262,
 1.0239334775078888,
 -0.09697767394300172,
 25.073433844893245,
 -5.809344650981679,
 -8.141781164621932,
 2.88400103012809,
 -1.4077847500924463,
 14.476302675851798,
 1.1557578290265411,
 -17.14737342608646,
 19.79414544874163,
 -0.9995148359312154,
 17.323209199877127,
 1.7758049599905377,
 12.981243379712907,
 12.569812968298095,
 11.773974025082794,
 -2.9895099753060776,
 1.4308111104381132,
 2.2822380255151984,
 -0.11750619664474016,
 8.573886950254916,
 -7.096997416323461,
 -3.9749920329326187,
 -16.969803402504056,
 -2.0834951610136443,
 1.5885677735166484,
 -22.57523776337584,
 20.76007180676396,
 -2.217809826495852,
 -19.92081177151819,
 -1.833828274248333,
 4.52400451003831,
 10.277450187824286,
 4.867917225638507,
 -17.070453587538566,
 14.726735247462443,
 -8.641795123425908,
 -2.842323455181088,
 -51.90031564935725,
 -1.8268788663097235,
 -20.043471198513544,
 1.5143206905399325,
 -2.6754663918732717,
 -3.8131884822750806,
 4.5098879509853305,
 8.367101529712272,
 -2.7510784791842426,
 -0.8928964285247503,
 17.035995029697403,
 -19.822303213160282,
 3.2106972370512494,
 -28.639101373889062,
 20.462850222488555,
 1.692695697568439,
 -4.960059793909863,
 20.222977208787853,
 -14.010102657119198,
 -3.955468231756811,
 -0.9699253835035506,
 16.94848242142278,
 7.117269376943966,
 -1.3755034455573227,
 -2.0026510486987092,
 -2.8555382618652345,
 1.4449044559228952,
 9.510398439143074,
 -8.884617273414733,
 0.6467347922763809,
 4.053868147301031,
 -17.002079165063435,
 -13.770070948928485,
 15.33466247898545,
 2.688422303070638,
 -1.6597912577095713,
 -2.97616782833839,
 20.56815102694503,
 4.441467234554636,
 -11.98651588105082,
 -19.822846918916653,
 12.684628500257418,
 6.063633030130433,
 -2.0951278375875972,
 16.921850337088827,
 1.5578095896752409,
 3.0836819368590795,
 2.6426610292703003,
 2.6297690128601516,
 -3.1829851163748586,
 8.67319540353219,
 -2.3913966304439773,
 -1.3949610497235199,
 -7.667465241082631,
 9.396947150347891,
 -1.877262963677481,
 -6.5610083033793885,
 -15.143062519916981,
 1.6831494564006562,
 5.261675741126567,
 -17.007787041398473,
 -17.06529503984018,
 -0.4322462944560357,
 1.0578517457614849,
 8.13741139539627,
 22.3606297352639,
 -0.7991469703049461,
 -1.935891693701592,
 20.236097371895738,
 0.060869909253284504,
 -0.9049204656532197,
 6.601255005825035,
 15.562685760675492,
 -13.917972137563247]
