[229, 36, 36, 4]
0.0
0.0
0.0
0.0
0.0
0.0
0.0
0.0
0.0
0.0
0.0
0.0
0.0
0.0
0.0
0.0
0.0
0.0
0.0
0.0
0.0
0.0
0.0
0.0
0.0
0.0
0.0
0.0
0.0
0.0
0.0
0.0
0.0
0.0
0.0
0.0
0.0
0.0
0.0
0.0
0.0
0.0
0.0
0.0
0.0
0.0
0.0
0.0
0.0
0.0
0.0
0.0
0.0
0.0
0.0
0.0
0.0
0.0
0.0
0.0
0.0
0.118747
0.0
0.0
0.0
0.0
0.0
0.0
0.0
0.0
0.0
0.0
0.0
0.0
0.0
0.0
0.0
0.0
0.0
0.0
0.0
0.0
0.0
0.0
0.0
0.0
0.0
0.0
0.0
0.0
0.0
0.0
0.0
0.0
0.0
0.0
0.0
0.0
0.0
0.0
0.0
0.0
0.0
0.0
0.0
0.0
0.0
0.0
0.0
0.0
0.0
0.0
-0.846806
0.0
0.0
0.212744
0.0
0.0
-1.01643
0.0
0.0
0.0
0.0
0.0
0.0
0.0
0.0
0.0
0.0
0.0
0.0
0.0
0.0
0.0
0.0
0.0
0.0
0.0
0.0
0.0
0.0
0.0
0.0
0.0
0.0
0.0
0.0
0.0
0.0
0.0
0.0
0.0
0.0
0.0
0.0
0.0
0.0
0.0
0.0
0.0
0.0
0.0
0.0
0.0
0.0
0.0
0.0
0.0
0.0
0.0
0.0
0.0
0.0
-0.0604127
0.0
0.0
0.0
0.0
0.0
0.0
0.0
0.0
0.0
0.0
0.0
0.0
0.0
0.0
0.0
0.0
0.0
0.0
0.0
0.0
0.0
-0.785066
0.0
0.0
0.0
0.0
0.0
0.0
0.0
0.0
0.0
0.0
0.0
0.0
0.0
0.0
0.0
0.0
0.0
0.0
0.0
0.0
0.535725
0.0
0.0
0.167606
0.0
0.0
0.0
0.0
0.0
0.0
0.0
0.0
0.0
0.320224
0.0
0.0
0.283433
0.0
0.0
0.0
0.0
0.0
0.0
0.0
0.0
0.0
0.0
0.0
0.0
0.0124757
0.0
0.0
0.0
0.0
0.0
-1.45963
-0.0451022
1.06029
0.390038
0.0584211
0.113859
-0.839449
-0.691317
2.08439
-0.533833
0.236443
0.00941554
0.115439
-0.0161076
0.907949
-0.73264
0.00945512
0.324532
0.54193
-0.260557
-0.835907
-0.437677
0.183026
-0.664705
0.591202
0.484215
-0.950292
-1.64729
-0.712974
0.030924
0.900639
-0.566021
-0.203404
0.1962
-0.463888
0.143844
0.0395012
0.0
0.0
0.0
0.0
0.0
0.0
0.0
0.0
0.0
0.0
0.0
1.16704
0.0
0.0
0.0
0.0
0.0
0.0
0.0
0.0
0.0
0.0
0.0
0.0
0.0
0.0
0.0
0.0
0.0
0.0
0.0
0.0
0.0
0.0
0.0
0.0
0.0
0.0
0.0
0.0
0.0
0.0
0.0
0.0
0.0
0.0
0.0
0.0
0.0
0.0
0.0
0.0
0.0
0.0
0.0
0.0
0.0
0.0
0.0
1.02887
0.0
0.0
-0.478615
0.0
0.0
0.0
0.0
0.0
0.0
0.0
0.171766
0.0
0.0
0.0
0.0
0.0
0.0
0.0
0.0
0.0
0.0
-0.251621
0.0
0.0
0.0
0.0
0.0
0.0
0.0
0.0
0.0
0.0
0.0
0.0
0.0
0.0
0.0
0.0
0.0
0.0
0.0
0.0
0.0
0.0
0.0
0.0
0.0
0.0
0.0
0.0
0.0
0.0
0.0
0.0
0.0
0.0
0.0
0.0
0.0
0.0
0.0
0.0
0.0
0.0
0.0
0.0
0.0
0.0
0.0
0.0
0.0
0.0
0.0
0.0
0.0
0.0
0.0
0.0
0.0
0.0
0.0
0.0
0.0
0.0
0.0
0.0
0.0
-0.680249
0.0
0.0
0.0
0.0
0.0
0.0
0.745477
0.0
0.0
0.0
0.0
0.0
0.0
0.0
0.0
0.0
0.0
0.0
0.0
0.0
0.0
0.0
0.0
0.0
0.0
0.0
0.0
0.0
0.0
0.0
0.0
0.0
0.0
0.0
0.0
0.0
-1.0823
0.0
0.0
0.0
0.0
0.0
0.0
0.0
0.0
-1.16283
0.0
0.0
0.0
0.0
0.0
0.0
0.0
0.0
0.0
0.0
0.0
0.0
0.0
0.0
0.0
0.0
0.0
0.0
-0.637891
0.0
0.0
0.0
0.0
0.0
0.0
0.0
0.0
0.0
0.0
0.0
0.0
0.0
0.0
0.0
0.0
0.0
0.0
0.0
0.0
0.0
0.0
0.0
0.0
0.0
0.0
0.0
0.0
0.0
0.0
0.0
0.0
0.0
0.0
0.0
0.0
0.0
0.0
0.0
-0.756982
0.864506
0.0
0.0
-0.287771
0.0
-1.23675
0.0
0.0
-0.269813
0.0
0.0
0.0
0.0
0.0
0.0
0.0
0.0
0.0
0.0
-1.05953
0.0
0.0
0.0
0.0
0.0
0.0
0.0
0.0
0.0
0.0
0.0
0.0
0.0
0.0
0.0
0.0
-1.66135
0.0
0.0
0.0
0.0
0.0
0.0
0.0
0.0
0.0
0.0
0.0
0.0
0.0
0.0
0.0
0.0
0.0
0.0
0.0
0.0
0.0
0.0
0.0
0.0
0.0542039
0.0
0.0
0.0
0.0
0.0
0.0
0.0
0.0
1.35329
0.0
0.0
0.0
0.0
0.0
0.0
0.0
0.0
0.0
0.0
0.0
-2.42058
0.107465
0.0
0.0
0.0
0.0
0.0
0.0
0.0
0.0
0.0
0.0
0.0
0.0
0.0
0.0
0.0
0.0
0.0
0.0
0.0
0.0
0.0
0.0
0.0
0.0
0.0
0.0
0.0
0.0
-1.06598
0.0
0.0
0.0
0.0
0.0
0.0
0.0
0.0
0.0
0.0
0.0
0.0
0.0
0.0
0.0
-1.71018
0.0
0.0
0.266002
0.0
0.0
0.0
0.0
0.0
0.0
0.0
0.0
0.0
0.0
0.0
0.0
0.0
0.0
-0.0473909
0.0
-0.719941
0.0
-1.13035
0.0
0.0
0.0
0.0
0.0
0.0
0.0
0.0
0.0
0.694417
0.0
0.0
0.0
0.0
0.0
0.0
0.0
0.0
0.0
0.0
0.0
0.0
0.0
0.0
0.0
0.0
0.0
0.0
0.0
0.0
0.0
0.0
0.0
0.0
0.0
0.0
0.0
0.0
0.0
0.0
0.0
0.0
0.0
0.0
0.0
0.0
0.0
0.0
0.0
0.0
0.0
0.0
-1.08856
0.0
0.0
0.0
0.0
0.0
0.0
0.0
0.0
0.0
0.0
0.0
0.0
0.0
0.0
0.0
0.0
0.0
0.0
0.0
0.0
0.0
0.0
0.0
0.0
0.0
0.0
0.0
0.0
0.0
0.0
0.0
-3.01726
0.0
0.0
0.0
0.0
-1.18224
0.0
0.0
0.0
0.0
0.0
0.0
0.0
0.0
0.0
0.0
0.0
0.0
0.0
-0.525809
0.0
0.0
0.0
0.0
0.0
0.0
0.0
0.0
0.0
0.115738
0.0
0.0
0.0
0.0
0.0
0.0
0.0
0.0
0.0
0.0
0.0
0.0
0.0
-0.126627
0.0
-2.67915
0.0
0.0
0.0
-0.295048
-2.38286
0.0
0.0
0.0
0.0
0.0
0.0
0.0
0.0
0.0
0.0
0.0
0.0
0.0
0.0
0.0
0.0
0.0
0.0
0.0
0.0
0.0
0.0
0.0
0.0
0.0
0.0
0.0
0.0
0.0
0.0
0.0
0.0
0.0
0.0
0.0
0.0
0.0
0.0
0.0
0.0
0.0
0.0
0.0
0.0
0.0
0.0
0.0
0.0
0.0
0.0
0.0
0.0
0.0
0.0
0.0
0.0
0.0
0.0
0.0
0.0
0.0
0.0
0.0
0.0
0.0
0.0
0.0
0.0
0.0
0.0
0.0
0.0
0.0
0.0
0.0
0.0
0.0
0.0
0.0
0.0
0.0
0.0
0.0
0.0
0.0
0.0
0.0
0.0
0.0
0.0
0.0
0.0
0.0
0.0
0.0
0.0
0.0
-0.128125
0.0
0.0
0.0
0.0
0.0
0.0
0.0
0.0
0.0
0.0
0.0
0.0
0.0
0.0
0.0
0.0
0.0
0.0
0.0
0.0
0.0
0.0
0.0
0.0
0.0
0.0
0.0
0.0
0.0
0.0
0.0
0.0
0.0
0.0
0.0
0.0
0.0
0.0
0.0
0.0
0.0
0.0
0.0
0.0
0.0
0.0
0.0
0.0
0.0
0.0
2.51914
0.0
0.0
0.0
0.0
-1.64086
0.0
0.0
0.0
0.0
0.0
0.0
0.0
0.0
0.0
0.0
0.0
0.0
0.0
0.0
0.0
0.0
0.0
0.0
0.0
0.0
0.0
0.0
0.0
0.0
0.0
0.0
0.0
0.0
0.0
0.0
0.0
0.0
0.0
0.0
0.0
0.0
0.0
0.0
0.0
0.0
0.0
0.0
0.0
0.0
0.0
0.0
0.0
0.0
0.0
0.0
0.0
0.0
0.0
0.0
0.0
0.0
0.0
0.0
0.0
0.0
0.0
0.0794379
0.0
0.0
0.0
0.0
0.892506
0.0
0.280932
0.0
0.0
0.0
0.0
0.0
0.0
0.0
0.0
0.0
0.0
0.0
0.0
0.0
0.0
0.0
0.0
0.0
0.0
0.0
0.0
0.0
0.0
0.0
0.0
0.0
0.0
0.364411
0.0
0.0
0.0
0.0
0.0
0.0
0.0
0.0
0.0
0.0
0.0
0.0
0.0
0.0
0.0
0.0
0.0
0.0
-0.986082
0.0
0.0
0.0
0.330579
0.0
0.0
0.0
0.0
0.0
0.0
0.0
0.0
0.0
0.0
0.0
0.0
0.0
0.0
0.0
0.0
0.0
0.0
0.0
0.0
0.0
0.0
0.0
0.0
0.0
0.0
0.0
0.0
0.0
0.0
0.0
0.0
0.0
0.0
0.0
0.0
0.0
0.0
0.0
0.0
0.0
0.0
0.905926
0.0
0.0
0.0
0.0
0.0
0.0
0.0
0.0
0.0
0.118164
-0.23024
0.123186
-0.0162248
0.165729
-0.781668
-0.0862023
-0.187582
0.936043
-0.111928
0.042506
0.708505
-0.814342
2.17188
0.357301
-0.0188026
-0.0156638
-0.499136
0.0456705
0.312333
-1.10857
-0.00422565
0.0320736
0.396562
0.0115867
0.551344
0.159272
0.541071
0.0612867
0.0598286
0.170701
0.0141411
0.0543385
-0.047544
0.121868
0.200285
0.0
0.0410029
0.0
0.0
0.0
0.0
0.0
0.0
0.0
0.0
0.0
0.0
0.0
0.0
0.0
0.0
0.0
0.0
0.0
0.0
0.0
0.0
-0.612461
0.0
0.0
0.0
0.0
0.0
0.0
0.0
0.160666
0.0
0.0
-1.72566
0.0
0.0
0.0
0.0
0.0
0.0
0.0
0.0
0.0
0.0
0.0
0.0
0.0
0.0
0.0
0.0
0.0
0.0
0.0
0.0
0.0
0.0
0.0
0.0
0.0
0.0
0.0
0.0
0.0
0.0
0.0
0.0
0.683224
0.0
0.0
0.0
0.0
0.0
0.0
0.0
0.0
0.0
0.0
0.0
0.0
0.0
-0.429307
0.0
0.0
0.0
0.0
0.0
0.0
0.0
0.0
0.0
0.0
0.0
0.0
0.0
0.0
0.0
0.0
0.0
0.0
0.0
0.0
0.0
0.0
0.0
0.0
0.0
0.0
0.0
0.0
0.0
0.0
0.0
0.0
0.0
0.0
0.0
0.0
0.0
0.0
0.805411
0.0
0.0
0.0
0.0
0.0
0.0
0.0
0.0
0.0
0.0
-1.27306
0.0
0.0
0.0
0.0
0.0
0.0
0.0
0.0
0.0
0.0
-0.18251
0.0
-1.71813
0.0
0.0
0.0
0.0
0.0
0.0
0.0
0.0
0.0
0.0
0.0
0.0
0.0
0.0
0.0
0.0
0.0
0.0
0.0
0.0
0.0
0.0
0.0
0.0
0.0
0.0
0.0
0.0
0.0
0.0
-1.90518
-0.423647
0.0
0.0
0.0
0.0
0.0
0.0
0.0
0.0
0.0
-0.613602
0.0
0.0
0.0
0.0
0.0
0.0
0.0
0.0
0.0
0.0
0.0
0.0
0.0
0.0
0.0
0.0
0.0
0.0
0.0
0.0
0.0
0.0
0.0
0.0
0.0
0.0
0.0
-0.554499
0.0
0.0
0.0
0.0
0.0
0.0
0.0
0.0
0.0
0.0
0.0
0.0
0.0
0.0
0.0
0.0
0.0
0.0
0.0
0.0
0.0
0.0
0.0
0.0
0.0
-1.04959
0.0
0.0
0.0
1.43506
0.0
0.0
0.0
0.0
0.0
0.0
0.0
0.0
0.0
0.0
0.0
-0.2374
1.17326
0.145449
0.0
0.0
0.0
0.0
0.0
0.0
0.0
0.0
0.0
0.0
0.0
0.0
0.0
0.0
0.0
0.0
0.0
0.0
0.0
0.0
0.0
0.0
0.0
0.0
0.0
0.0
0.0
0.0
0.0
0.0
0.0
0.0
0.0
0.0
0.382939
0.0
0.0
0.0
0.0
0.0
0.0
0.0
0.0
0.0
0.0
0.0
0.0
0.0
0.0
0.0
0.0
0.0
0.0
0.0
0.0
0.0
0.0
0.0
0.0
0.0
0.0
0.0
0.0
0.0
0.0
0.0
-0.0381652
0.0917042
0.485601
0.0350137
-0.333216
-1.08057
-0.336395
0.7736
0.577584
0.164619
-0.261904
0.0100569
0.13054
0.876042
0.873686
0.0371425
0.173849
-0.408782
-0.0389622
1.16989
0.167034
0.275669
-0.12711
-0.274523
-0.0829776
-0.261093
-0.990479
0.162259
-0.03153
0.581231
-0.153946
-0.294086
0.0570275
0.0720013
0.218041
0.954248
0.0
0.0
0.0
0.0
0.0
0.0
0.0
0.0
0.0
0.0
0.0
0.0
-0.210515
0.0
0.0
0.0
0.0
0.0
0.0
0.0
0.0
0.0
0.0
0.0
0.0
0.0
0.0
0.0
1.4339
0.0
0.0
0.0
0.0
0.0
1.25975
0.0
0.0
0.0
0.0
0.0
0.0
0.0
0.0
0.0
0.0
0.0
0.0
0.0
0.0
0.0
0.0
0.0
0.0
0.0
0.0
0.0
0.0
0.0
0.0
0.0
0.0
0.0
0.0
-1.3957
0.0
0.0
0.0
0.0
0.0
0.0
0.0
0.0
-0.00155862
-0.0441411
0.0
0.0
0.0
0.0
0.0
0.0
0.0
0.0
0.0
0.0
0.0
0.0
0.0
0.0
0.0
0.0
0.0
0.0
0.0
0.0
0.0
0.0
0.0
0.0
0.0
0.0
0.0
0.0
0.0
0.0
0.0
-0.599398
0.0
0.0
0.0
0.0
0.0
0.0
0.0
0.0
0.717119
0.0
0.0
0.0
0.0
0.0
0.0
0.417586
0.0
0.0
0.0
0.0
0.0
0.0
0.0
0.0
0.0
0.0
0.0
0.0
0.0
0.0
0.0
0.0
0.0
0.0
0.0
0.0
0.0
0.0
0.0
0.0
0.0
0.0
0.0
0.0
0.0
0.0
0.0
0.0
0.0
0.0
0.0
0.0
0.0
0.0
0.0
0.0
0.0
0.0
0.0
0.0
0.0
0.0
0.0
0.0
0.0
0.0
0.0
0.0
0.0
0.0
0.0
0.0
0.0
0.0
0.0
-0.855111
0.0
0.0
0.0
0.0
0.0
0.0
0.0
0.0
0.0
0.0
0.0
0.0
0.0
0.0
0.0
0.0670964
0.0
0.0
0.0
0.0
0.0
0.0
0.0
0.0
0.0
0.0
0.0
0.0
0.0
0.0
0.0
0.0
0.0
0.0
0.0
0.0
0.0
0.0
0.0
0.0
0.0
-0.372508
0.0
0.0
0.0
0.0
0.0
0.0
0.0
0.0
0.0
0.0
0.0
0.0
0.0
0.0
0.0
0.0
0.0
0.0
0.0
0.0
0.0
0.0
0.0
0.0
0.0
0.0
0.0
0.0
0.0
0.0
0.0
0.0
0.0
-0.509499
0.0
0.0
0.0
-1.39201
0.0
0.0
0.0
0.0
0.0
0.0
0.0
0.0
0.0
-2.62674
0.0
0.0
0.0
0.0
0.0
0.0
0.0
0.0
-0.207611
0.0
0.0
0.0
0.0
0.0
0.0
0.0
0.0
0.0
0.0
0.0
0.0
0.0
0.0
0.0
0.0736206
0.0
0.0
0.0
0.0
0.0
0.0
0.0
0.0
0.0
0.455679
0.0
-0.172709
0.0
0.0
0.0
0.0
0.0
0.0
0.0
0.0
0.0
0.0
0.0
-0.068643
0.0
0.0
0.0
0.0
0.645367
0.0
0.0
0.0
0.0
0.0
0.0
0.0
0.0
0.0
0.0
0.0
0.0
0.0
0.0
0.0
0.0
0.0
0.0
0.0
0.0
0.0
0.0
0.0
0.0
0.0
0.0
0.0
0.0
0.0
0.0
0.0
0.0
0.0
0.0
0.919356
0.0
0.0
0.0
0.0
0.0
0.0
0.0
0.0
0.0
0.0
0.0
0.0
0.0
0.0
0.0
0.0
1.85742
0.0
0.0
0.0
0.0
0.0
0.0
0.0
1.18848
0.0
0.0
0.0
0.0
-0.40764
0.0
0.0
0.0
0.0
0.0
0.0
1.09273
0.0
0.0
0.0
0.0
0.0
0.0
0.0
0.0
0.0
0.0
0.0
0.0
0.0
0.0
0.0
0.0
0.0
0.0
0.0
0.0
0.0
0.0
0.0
0.0
0.0
0.0
0.0
0.0
0.0
0.0
0.0
0.0
0.0
0.0
0.0
0.0
0.0
0.0
0.0
0.0
0.0
0.0
0.0
0.0
0.0
0.0623634
0.0
0.0
0.0
0.0
0.0
0.0
0.0
0.0
0.0
0.0
0.0
0.0
0.0
0.0
0.0
-0.789077
0.0
0.0
0.0
0.0
0.0
0.0
1.404
0.0
0.0
0.0
0.0
0.0
0.0
0.0
0.0
0.0
0.0
0.0
0.0
0.0
0.0
0.0
0.0
0.0
0.0
0.0
0.0
0.0
0.0
0.0
0.0
0.0
0.0
0.0
0.0
0.0
0.0
0.0
0.0
-0.383886
0.0
1.18801
0.0
0.0
0.0
0.0
0.0
0.0
0.0
0.0
0.0
-0.302553
0.0
0.0
0.0
0.0
0.0
0.0
0.0
0.0
0.0
-2.46389
0.0
0.0
0.616729
0.0
0.0
0.0
0.0
0.0
0.0
0.0
0.0
0.0
0.0
0.0
0.0
0.0
0.0
0.0
0.0
0.0
0.0
0.0
0.0
0.0
0.0
0.0
0.0
0.0
0.0
0.0
0.0
0.0
0.0
0.0
0.0
0.0
0.0
0.0
0.0
0.0
0.0
0.0
0.0
0.0
0.0
0.0
0.0
0.0
0.0
0.0
0.0
0.0
0.0
-0.369852
0.0
0.0
0.892002
0.0
0.0
0.0
0.340641
0.0
0.0
0.0
0.0
0.0
0.0
0.0
0.0
0.0
0.0
0.0
0.0
0.0
0.0
0.0
0.0
0.0
0.0
0.0
0.0
0.0
0.0
0.0
0.0
0.0
-0.182557
0.0
0.0
0.0
0.0
0.0
0.0
0.0
0.0
0.0
0.0
0.0
0.0
0.0
0.0
0.0
0.0
0.0
0.0
0.0
0.0
0.0
-0.487172
0.0
0.0
1.05282
0.0
0.0
0.0
0.0
0.0
0.0
0.0
0.0
0.0
0.0
0.0
0.0
0.0
0.0
0.0
-0.378782
0.0
0.0
0.0
0.0
0.0
0.0
0.0
0.0
0.0
0.0
0.0
0.0
0.0
0.0
0.0
0.0
0.0
0.0
0.0
0.0
0.0
0.0
0.0
0.0
0.0
0.0
0.0
0.0
0.0
0.0
0.0
0.0
0.0
0.0
0.0
0.0
0.0
0.0
0.634384
0.0
0.0
0.0
0.0
0.0
0.0
0.0
0.0
0.0
0.0
0.0
0.0
0.0
0.0
0.0
0.0
0.0
0.0
0.0
-0.148863
0.0
0.0
0.0
0.0
0.0
0.0
1.12147
0.0
0.0
0.0
0.0
0.0
0.0
2.52049
0.0
0.0
0.0
0.0
0.0
0.0
0.0
0.0
0.0
0.0
0.0
0.150179
0.0
0.0
0.0
0.0
0.0
0.0
0.0
0.0
-1.68746
0.0
0.0
0.0
0.0
0.0
0.0
0.0
0.0
0.0
0.0
0.0
0.0
0.0
0.0
0.0
-0.325996
0.0
0.0
0.0
0.0
0.0
0.0
0.0
0.0
0.0
0.0
0.0
0.0
-0.413604
0.0
0.0
0.0
0.0
0.0
0.0
0.0
0.0
0.0
0.0
0.0
0.0
0.0
0.0
0.0
0.0
0.0
0.0
0.0
0.0
0.0
0.0
0.81309
0.0
0.0
0.639618
0.0
0.0
0.0
0.0
0.0
0.0
0.0
0.0
0.0
0.0
0.0
0.0
0.0
0.0
1.20495
-0.847576
0.0
0.192248
0.0
0.0
0.0
0.0
0.0
0.0
0.0
0.0
0.0
0.0
0.0
0.0
0.0
0.0
0.0
0.0
0.0
0.0
0.0
0.0
0.0
0.0
0.0
0.25892
0.0
0.0
0.0
0.0
0.0
0.0
0.0
0.0
0.0
0.0
0.0
0.0
0.0
0.0
0.0
0.0
0.0
0.0
0.0
0.0
0.0
0.0
0.0
-0.932703
0.0
0.0
0.0
0.0
0.0
1.27752
-0.27965
0.0
0.0
-0.904573
0.0
0.0
0.0
0.0
0.0
0.0
-0.194605
0.0
0.0
0.0
0.988535
0.0
0.0
0.0
0.0
0.0
0.0
0.0
0.0
0.0
0.0
0.0
0.0
0.723272
0.0
0.0
0.0
0.0
0.0
0.0
2.6572
0.0
-0.82741
0.0
0.0
0.0
0.0
0.0
0.0
0.0
0.0
0.0
0.0
0.0
0.0
0.0
0.0
0.0
0.0
0.0
0.0
1.31484
0.0
0.0
0.0
0.0
0.0
0.0
0.0
0.0
0.0
0.0
1.19748
0.0
0.0
0.0
0.0
0.0
0.0
0.0
0.0
0.0
0.0
0.0
0.0
-0.575322
1.32991
0.0
0.0
0.0
0.0
0.0
0.0
0.0
0.0
0.0
0.0
0.0
0.0
0.0
0.0
0.0
0.0
0.0
0.443075
0.0
0.0
0.0
0.0
0.0
0.0
0.0
0.0
0.0
0.0
0.0
0.0
0.0
0.0
0.0
0.0
0.0
0.0
0.0
0.0
0.0
0.0
0.0
0.0
0.0
0.0
0.0
0.0
0.0
0.0
0.0
0.0
0.0
0.0
-1.06467
0.0
0.0
0.0
0.0
0.0
0.0
0.0
0.0
0.0
0.0
0.0
0.0
-1.31346
0.0
0.0
0.0
0.0
-0.690584
0.0
0.0
0.0
0.0
0.0
0.0
0.0
0.0
0.0
0.0
0.0
0.0
0.0
0.0
0.0
0.0
0.0
0.0
0.0
0.0
0.0
0.0
0.0
0.0
0.0
0.0
0.0
0.0
0.0
0.0
0.0
0.0
0.0
0.0
0.0
0.0
0.0
0.0
0.0
0.0
0.0
0.580354
0.0
0.0
0.0
0.0
0.0
0.0
0.0
0.0
0.0
-0.152403
0.0
0.0
0.0
0.0
0.0
0.0
0.0
0.0
0.0
0.0
0.0
0.0
0.0
0.0
0.0
0.0
0.0
0.0
0.919271
0.0
0.0
0.0
0.0
0.0
0.0
0.0
0.0
0.0
0.0
0.0
0.0
0.0
0.0
0.0
0.0
0.0
0.0
0.0
0.0
0.0
0.0
0.0
0.0
0.0
0.0
0.0
0.0
0.0
0.0
0.0
0.0
0.0
0.0
0.0
0.0
0.0
0.0
0.0
0.0
-1.05404
0.0
0.0
0.0
0.0
0.0
0.0
0.0
0.0
0.0
0.0
0.0
0.0
0.0
0.0
0.0
0.0
0.0
0.0
0.0
0.0
0.0
0.0
0.0
0.0
-0.387111
0.0
0.0
-1.21727
0.0
0.0
0.0
1.58881
0.0
0.0
0.0
0.0
0.0
0.0
0.0
0.0
0.0
0.0
0.0
0.0
-0.557604
0.0
0.0
0.0
0.0
0.0
0.0
0.0
0.0
0.0
0.0
-0.239632
0.0
0.0
0.0
0.0
0.0
0.0
0.0
0.185714
0.0
-1.85936
0.0
0.0
0.849422
-1.48488
0.0
0.0
0.0
0.0
0.0
0.0
0.0
0.0
0.0
0.0
0.0
0.0
0.0
0.0
0.0
0.0
0.0
0.0
0.0
0.0
0.0
0.0
0.0
0.0
0.0
0.0
0.0
0.0
0.0
0.0
0.0
0.0
0.0
0.0
0.0
0.0
0.0
0.0
0.0
0.0
0.0
0.0
0.0
0.0
0.0
0.0
0.0
0.0
0.0
1.39455
0.0
0.0
0.0
0.0
0.0
0.0
0.0
0.0
0.0
0.0
0.0
1.62991
0.0
0.0
0.653481
0.0
0.0
0.0
0.0
1.57431
0.0
0.0
0.0
0.0
0.0
0.0
0.0
0.0
0.0
0.0
-0.0477585
0.0
0.0
0.0
0.0
0.0
0.0
0.0
0.0
0.0
0.0
0.0
0.0
0.0
0.0
0.0
0.0
0.0
0.0
0.0
0.0
0.0
0.0
0.0
0.0
0.0
0.0
0.0
0.0
0.0
0.0
0.0
0.0
0.0
0.0
0.0
0.0
0.0
0.0
0.0
0.149804
0.0
0.0
-1.60669
0.0
0.0
0.0
0.0
0.0
0.0
0.0
0.0
0.0
0.0
0.0
0.0
-0.495781
0.0
0.0
0.0
0.0
0.0
-0.144803
0.0
0.0
0.0
0.0
0.0
0.0
0.0
0.0
0.0
0.0
0.0
0.0
0.124314
0.0
0.0
0.0
0.0
0.0
0.0
0.0
0.0
0.0
0.0
0.0
0.0
0.0
0.0
0.0
0.0
0.0
0.0
0.0
0.0
0.0
0.0
0.0
0.0
0.0
0.0
0.0
0.0
0.0
0.0
0.0
0.0
0.0
0.0
0.0
0.0
0.0
0.0
0.0
0.0
0.0
0.0
0.0
0.0
0.0
0.0
0.0
0.0
1.50069
0.0
0.0
0.0
0.828902
0.0
0.0
0.0
0.0
0.0
1.74581
0.0
0.0
0.0
0.0
0.0
0.0
0.0
0.0
0.0
0.0
0.0
0.0
0.0
0.0
0.0
0.0
0.0
0.0
0.0
0.0
0.0
0.0
0.0
0.0
0.0
0.0
0.0
0.0
0.0
0.0
0.0
0.0
0.0
-1.02416
0.0
0.0
0.0
0.0
0.0
0.0
0.0
0.0
0.0
0.0
0.0
0.0
0.0
0.0
0.0
0.0
0.0
0.0
0.0
0.0
0.0
0.0
0.0
0.0
0.0
0.0
0.0
0.0
0.0
0.0
0.0
0.0
0.0
0.0
0.0
0.0
0.0
0.0
0.0
0.0
0.0
0.0
0.0
0.0
0.0
0.0
0.0
-0.145996
0.0
0.0
0.0
0.0
0.0
0.0
0.0
0.0
0.0
0.0
0.0
0.0
0.0
0.0
0.0
0.0
0.0
0.0
0.0
0.0
0.0
0.0
0.0
0.0
0.0
0.0
0.0
0.0
0.0
0.0
0.0
0.0
0.0
0.0
0.0
0.0
0.0
0.0
0.0
0.0
0.0
0.0
0.0
0.0
0.0
0.0
0.0
0.0
0.0
0.0
0.0
0.0
0.0
0.0
0.0
0.0
0.0
0.0
0.0
0.0
0.0
-1.44186
0.0
0.0
0.0
-1.90667
0.0
0.0
0.0
0.0
0.0
0.431089
0.0
0.0
0.0
0.0
0.0
0.0
0.0
0.0
0.0
0.0
0.0
0.0
0.0
0.0
0.0
0.0
0.0
0.0
0.0
0.0
0.0
0.0
0.0
0.0
0.0
0.0
0.0
-1.05336
0.0
0.0
0.0
0.0
0.0
0.0
0.0
0.0
0.0
0.0
0.0
0.0
0.0
0.140582
0.0
0.0
0.0
0.0
-0.512188
0.0
-0.200095
0.0
0.0
0.0
0.0
0.0
0.0
0.0
0.0
0.0
0.0
-0.13647
0.0
0.0
0.0
0.0
0.391717
0.0
0.0
0.0
0.0
0.0
0.0
0.0
0.0
0.0
-0.210134
0.0
0.0
0.0
0.0
0.0
0.0
0.0
0.0
0.0
0.0
0.0
0.0
-1.12278
0.0
0.0
0.0
0.0
0.0
0.0
0.0
0.0
0.0
0.0
0.0
0.0
0.0
1.69471
0.0
0.0
0.0
0.0
0.907546
0.0
0.0
0.0
0.0
0.0
0.0
0.0
0.0
0.0
0.0
0.0
-0.105011
0.528218
0.0
0.0
0.0
0.0
0.0
0.0
2.04488
0.0
0.0
0.0
0.0
0.0
0.0
0.0
0.0
0.0
0.0
0.0
0.0
-0.637349
0.0
0.0
0.0
0.0
0.0
0.0
0.0
0.0
0.0
0.0
0.0
0.0
0.0
0.0
0.0
0.195848
0.0
0.0
0.0
0.0
0.0
0.0
0.112275
0.0
1.14975
0.0
0.0
0.0
0.0
0.0
0.0
0.0
0.0
0.0
0.0
0.0
0.0
0.0
0.0
0.0
0.0
0.0
0.0
0.0
0.0
0.0
0.0
-2.0535
0.0
0.0
0.0
0.0
0.0
0.0
0.0
0.0
0.0
0.0
0.0
0.0
0.0
0.0
0.0
0.0
0.0
0.0
0.0
0.0
0.0
0.0
0.0
0.0
0.0
0.0
0.0
0.0
0.0
0.0
0.0
0.0
0.0
0.0
0.0
0.0
0.0
0.0
0.0
0.0
0.0
0.0
0.0
0.0
0.0
0.805076
0.0
0.0
0.0
0.0
0.0
0.0
0.0
0.0
0.0
0.0
0.0
0.0
0.0
0.0
0.0
0.0
0.0
0.0
0.0
0.0
-0.267611
0.0
0.0
0.0
0.0
0.0
0.0
0.0
0.0
0.0
0.0
0.0
0.0
0.0
0.0
1.00046
0.0
0.0
0.0
0.0
0.0
0.0
0.0
0.0
0.0
0.0
0.0
0.0
0.0
0.0
0.0
0.0
0.0
0.0
0.0
0.0
0.0
0.0
0.0
0.778851
-0.661037
0.0
0.0
0.0
0.0
0.0
0.0
0.0
0.0
0.0
0.0
0.0
0.0
0.0
0.0
0.0
0.0
0.0
0.0
0.0
0.0
0.0
0.0
0.0
0.0
0.0
0.0
0.0
0.0
0.0
0.0
-0.633029
0.0
0.0
0.0
0.0
0.0
1.5408
-1.80037
0.0
0.0
0.0
0.0
0.0
0.0
0.0
-0.204439
0.0
0.0
0.0
0.0
0.0
1.38258
0.0
0.0
0.0
0.0
0.0
0.0
0.0
-1.69088
0.0
0.0
0.0
0.0
0.0
0.0
0.0
0.0
0.0
0.0
0.0
0.0
0.0
-0.950412
0.0
0.0
0.0
0.219174
0.0
0.0
0.0
0.0
0.0
0.0
0.0
0.0
0.0
0.0
0.0
0.783442
0.0
0.0
0.0
0.0
0.0
0.0
0.0
0.0
0.0
0.0
0.0
0.0
0.0
0.0
0.0
0.0
0.0
0.0
0.0
0.0
0.0
0.0
0.0
0.0
0.0
0.0
0.0
0.0
0.0
0.0
0.0
0.0
0.0
0.0
0.0
0.0
0.0
0.0
0.0
0.0
0.0
0.0
0.0
0.0
0.0
0.0
0.0
0.0
0.0
0.0
0.0
0.0
0.0
0.0
0.0
0.0
0.0
0.0
0.0
0.0
0.558148
0.0
0.0
0.0
0.0
0.0
0.0
0.0
0.0
0.0
0.0
0.0
0.0
0.0
0.0
0.0
0.0
0.0
0.0
-0.412848
0.0
0.0
0.0
0.0
0.0
0.0
0.0
0.0
0.0
0.0
-0.380308
0.0
0.0
0.0
0.0
0.0
0.0
0.0
0.0
0.0
0.0
0.0
-0.911376
0.0
0.0
0.0
1.16315
0.0
0.0
0.0
0.0
0.0
0.0
0.0
0.0
0.0
0.0
0.0
0.0
-0.010959
0.0
0.0
0.0
0.0
0.0
0.0
0.0
0.0
0.85104
0.0
0.0
0.0
0.0
0.0
0.0
0.0
0.0
0.935517
0.0
0.0
0.0
0.0
0.976929
0.0
0.0
0.0
0.0
0.0
-0.942564
0.0
0.0
0.0
0.0
0.0
0.0
0.0
0.0
0.0
0.0
0.0
0.452196
0.0
0.0
0.0
0.0
1.43033
0.0
0.0
0.0
0.0
0.0
0.0
0.0
0.0
0.0
0.0
0.0
0.0
0.0
0.0
0.0
0.0
0.0
0.0
0.0
0.0
0.0
0.0
0.0
0.0
0.0
0.0
0.0
0.0
0.0
0.0
0.0
0.0
0.0
0.0
0.0
0.0
0.0
0.0
0.0
0.722903
0.0
0.0
0.0
0.0
0.0
0.0
0.0
0.0
0.0
0.0
1.07435
0.0
0.0
0.0
0.0
0.0
0.0
0.0
0.0
0.0
0.0
0.0
0.0
0.0
0.0
0.0
0.0
0.0
0.0
0.0
0.0
0.0
0.0
0.0
0.0
0.0
0.0
0.0
0.0
0.0
0.0
0.0
0.0
0.0
0.0
0.0
0.0
0.0
0.0
0.0
0.0
0.0
0.0
0.0
0.0
0.0
0.0
0.0
0.0
0.0
0.0
0.0
0.0
0.0
0.0
0.0
0.0
-0.0396395
-1.07911
-1.17817
0.188988
0.0950163
0.409231
0.54167
-1.07898
0.308948
0.0462564
-0.035383
-0.362859
-0.577585
-0.68976
0.305169
-0.0386734
0.0973619
-0.448508
-0.0944196
0.562775
-0.908062
-0.242218
0.466896
0.933249
-0.219819
0.409873
-0.643329
0.90747
-0.0871561
-0.66073
-0.661912
-0.0149954
-0.00607334
0.04346
0.0229048
-0.196055
0.0
0.0
0.0
0.0
0.0
0.0
0.0
0.0
0.0
0.0
-0.110793
0.0
0.0
0.0
0.0
0.0
0.0
0.0
0.0
0.0
0.0
0.0
0.0
0.0
0.0
0.0
0.270141
0.0
0.0
0.0
0.0
0.0
0.0
0.0
0.678398
0.0
0.0
0.0
0.0
0.0
0.0
0.0
0.0
0.0
-0.115956
0.0
0.0
0.0
0.0
0.0
0.0
0.0
0.0
0.0
0.0
0.0306169
0.0
0.0
0.0
-0.00501571
0.0
0.0
0.0
0.0
0.0
0.0
0.0
0.0
0.0
0.0
0.0
0.0
0.0
0.0
0.0
0.0
-0.223756
0.0
0.0
0.0
0.0
0.0
0.0
0.0
0.0
0.0
0.0
0.0
0.0
0.0
0.0
0.0
0.0
0.0
0.0
0.0
0.823732
0.0
0.0
0.0
0.0
0.0
0.0
-0.987374
0.0
0.0
0.0
0.0
0.0
0.0
0.0
0.0
0.0
0.0
0.0
0.0
0.0
0.0
0.0
0.0
0.0
0.0
0.0
0.0
0.0
0.0
0.0
0.0
0.0
1.19974
0.0
0.0
0.0
0.0
0.0
0.0
0.666095
0.0
0.0
0.0
0.0
0.0
0.0
0.0
0.0
-0.12417
0.0
0.0
0.0
0.0
0.0
0.0
0.0
0.0
0.0
0.0
0.0
0.0
0.0
0.0
0.0
0.0
0.0
0.0
0.0
0.0
0.0
0.0
0.0
0.0
0.0
0.0
0.0
0.0
0.0
0.0
0.0
0.0
0.0
0.0
0.0
0.0
0.0
0.0
0.0
0.0
0.0
0.0
0.0
0.0
0.0
0.0
0.0
0.0
0.0
0.0
0.0
0.0
0.207258
0.0
0.0
0.0
0.0
0.0
0.0
0.0
0.0
0.0
0.0
0.0
0.0
0.0
0.0
0.0
0.0
1.34949
0.0
0.0
0.0
0.0
0.0
0.0
0.0
0.0
0.0
0.0
0.0
-0.318774
0.0
0.0
0.0
0.0
0.0
0.0
0.0
0.0
0.0
0.0
0.0
0.0
0.0
0.0
-0.20022
0.0
0.0
0.0
0.0
0.0
0.0
0.0
0.0
0.0
0.0
0.0
0.0
0.0
0.0
0.0
0.0
0.0
0.0
0.0
0.0
0.0
0.0
0.0
0.0
0.0
0.0
0.0
0.0
0.0
0.0
0.0
0.0
0.0
0.0
0.0
0.0
0.0
0.0
0.0
0.0
0.0
0.852788
0.0
0.0
0.0
0.0
0.0
0.0
0.0
0.0
0.0
0.0
0.0
0.0
0.0
0.0
0.0
0.0
0.0
0.0
0.0
0.0
0.0
0.0
0.0
0.0
0.0
0.0
0.0
0.0
0.0
0.0
0.0
0.449085
-2.19822
0.0
0.0
1.38099
0.0
0.0
0.0
0.0
0.0
0.0
-0.0408829
0.0
0.0
0.0
0.0
0.0
0.0
0.0
0.0
0.0
0.0
0.0
0.0
0.0
0.0
0.0
0.0
0.0
0.0
0.0
0.0
0.0
0.0
0.147383
0.0
0.0
0.0
0.0
0.0
0.0
0.0
0.0
0.0
0.0
0.0
0.0
0.0
0.0
0.0
0.0
0.0
0.0
0.0
0.0
0.0
-1.42693
0.0
0.0
0.0
0.982183
0.0
0.0
0.0
0.0
0.0
0.0
0.0
0.0
0.435878
0.0
0.0
0.0
0.0
0.0
0.0
0.0
0.0
0.0
0.0
0.0
0.0
0.0
0.0
0.0
0.0
0.0
0.0
0.0
0.0
0.0
0.0
0.0
0.0
0.0
0.0
0.0
0.0
0.0
0.0
0.0
0.0
0.0
0.0
0.0
0.0
0.0
0.0
0.0
0.0
0.0
0.0
0.0
0.0
0.0
0.0
0.0
0.0
0.0
0.0
0.0
0.0
0.0
0.0
0.0
0.0
0.0
0.0
0.0
0.0
0.0
0.0
0.0
0.0
0.0
0.0
0.0
0.0
-1.37496
0.0
0.0
0.0
0.0
0.0
0.0
0.0
0.0
0.0
-0.283631
0.0
0.0
-0.456568
-0.0927214
-0.686286
-0.431972
-0.0440904
-0.247066
-0.267451
0.455955
-0.0111002
0.461758
0.323945
-0.358831
0.758477
-0.915612
-0.610196
0.79042
0.129395
0.0472335
-0.428721
0.103395
1.02443
0.285057
-0.11057
0.211635
0.430572
0.371828
0.354269
-0.283653
0.552129
-0.0412296
-0.801014
0.02716
-0.774321
-0.121625
0.433936
0.206091
0.916444
0.0
0.0
0.0
0.0
0.0
0.0
0.0
-0.303878
0.0
0.0
0.0
0.0
0.434581
0.0
0.0
0.0
0.0
0.0
0.0
0.0
-0.439169
0.0
0.0
0.107585
0.0
0.0
0.0
0.0
0.0
0.0
0.0
0.0
0.0
0.0
0.0
0.0
0.0
0.0
0.0
0.0
0.0
0.0
0.0
0.0
0.0
0.0
0.0
0.0
0.0
0.0
0.0
0.0
0.0
0.0
0.0
0.0
0.0
0.0
0.0
0.0
-0.578733
0.0
0.0
-0.177568
0.0
-0.80762
0.0
0.0
0.0
0.0
0.0
0.0
0.0
0.0
0.0
0.0
0.0
0.0
0.0
0.0
0.0
0.0
0.0
0.0
0.0
0.0
0.0
0.0
0.0
0.0
0.0
0.0
0.0
0.0
0.0
0.0
0.0
0.0
0.0
0.0
0.0
0.0
0.0
0.0
0.0
0.0
0.0
0.0
0.0
0.0
0.0
0.0
0.0
0.0
0.0
0.0
-2.25769
0.0
0.0
0.0
0.0
0.0
0.0
0.0
0.0
0.0
2.84749
-0.455126
0.0
0.0
0.0
0.0
0.0
0.0
0.0
0.0
0.0
0.0
0.0
0.0
0.0
0.0
0.0
0.0
0.0
0.0
0.0
0.0
0.0
0.0
0.0
0.0
0.0
0.0
0.0
0.0
0.0
0.0
0.0
0.0
0.0
0.0
0.0
0.0
0.0
0.0
0.0
0.0
0.0
0.0
0.0
0.0
0.0
1.78555
0.0
0.0
0.0
0.0
0.0
0.0
0.0
0.0
-0.0633574
0.0
0.0
0.0
0.0
0.0
0.0
0.0
0.0
0.0
0.0
0.0
0.0
0.0
0.209588
0.0
0.0
0.0
0.0
2.56383
0.0
0.0
0.22229
0.0
0.0
0.0
0.0
0.0
0.0
0.0
0.0
0.545888
0.0
0.0
0.0
0.0
0.0
0.0
0.0
0.0
-0.145442
0.0
0.0
0.0
0.0
0.0
0.0
0.0
0.0
0.0
0.0
0.0
0.0
0.0
0.0
-0.684161
0.0
0.0
0.0
0.0
0.0
0.0
0.0
0.0
0.0
0.0
0.0
0.0
0.0
0.0
0.0
0.0
0.0
0.0
0.746358
0.0
0.0
0.0
0.0
0.0
0.0
0.0
0.0
0.0
0.0
1.55619
0.0
0.0
0.0
0.0
0.0
0.0
0.0
0.0
0.0
0.0
0.0
0.0
0.0
0.0
0.0
0.0
0.0
0.0
0.0
0.0
0.0
0.0
0.0
0.0
0.0
0.0
0.0
0.0
0.0
0.0
0.0
0.0
0.0
0.0
0.0
0.0
0.0
0.0
0.0
0.0
0.0
0.0
-0.348148
0.0
0.0
0.0
0.0
0.0449384
0.0
0.0
0.0
0.0
0.0
0.0
0.0
0.0
0.0
0.0
0.0
0.0
0.0
0.0
0.0
0.0
0.0
0.0
0.0
0.0
0.0
0.0
0.0
0.0
0.0
0.0
0.0
0.0
0.0
0.0
0.0
0.24626
0.0
0.0
0.0
0.0
0.0
0.0
0.0
0.0
0.0
0.0
0.0
0.0
0.0
0.0
0.0
0.0
0.0
0.0
-0.131746
0.0
0.0
0.0
0.0
0.0
0.0
0.0
0.0
0.0
0.0
0.0
0.0
0.0
0.0
0.0
0.0
0.0
0.0
0.0
0.0
0.0
0.0
0.0
0.0
0.0
0.0
0.0
0.0
0.0
0.0
0.0
0.0
0.0
0.0
0.0
0.0
0.0
0.0
0.0
-0.858814
0.0
0.0
0.0
0.0
0.0
0.0
0.0
0.0
0.0
0.0
0.0
0.491862
0.0
0.0
0.0
0.0
0.0
0.0
0.0
0.0
0.0
0.0
0.0
0.0
0.0
0.0
0.0
0.0
0.0
0.0
0.0
0.156965
0.0
0.0
-0.836791
0.0
0.0
0.0
0.0
0.0
0.0
0.0
0.0
0.0
0.0
0.0
0.0
0.0
0.0
0.0
0.0
0.0
0.0
0.0
0.0
0.0
-0.0198552
0.0
0.0
0.0
0.0
0.0
0.0
-0.986492
0.0
0.0
0.0
0.0
0.0
0.0
0.0
0.0
0.0
0.0
0.0
0.0
0.0
-0.610562
0.0
0.0
0.0
0.0
0.0
0.0
0.0
0.0
-1.1198
0.0
0.0
0.0
-0.297308
0.0
0.0
0.0
0.0
0.0
0.0
0.181649
0.0
0.0
0.0
0.0
0.0
0.0
0.0
0.0
0.0
0.0
0.0
-0.493646
0.0
0.0
0.0
0.0
0.0
0.0
0.0
0.0
0.0
0.0
0.0
0.0
0.0
0.0
0.0
0.0
0.0
0.0
0.0
0.0
0.0
-0.718608
0.0
0.0
0.0
0.0
0.0
0.0
0.0
0.0
0.0
0.0
0.0
0.0
0.0
0.0
0.0
0.0
0.0
0.0
0.0
-0.415558
0.0
0.0
0.0
0.0
0.0
0.0
0.0
0.0
0.0
0.0
0.0
0.0
0.0
0.0
0.0
0.0
0.0
0.0
-0.206177
0.0
0.0
0.0
0.0
0.0
0.0
0.0
0.0
0.0
0.0
0.0
0.0
0.0
0.0
0.0
0.0
0.0
0.0
0.0
0.0
0.0
0.0
0.0
0.0
0.0
0.0
0.0
-0.187948
0.0
0.0
0.0
0.0
0.0
0.0
0.0
0.0
0.0
0.0
0.0
0.0
0.0
0.0
0.0
0.0
0.0
0.0
0.0
0.0
0.158134
0.0
0.0
0.0
0.0
0.0
0.0
0.0
0.0
0.0
0.0
0.0
0.0
0.0
0.0
0.0
0.0
0.0
0.0
0.0
0.0
0.0
0.0
0.0
0.0
0.0
0.0
0.0
0.0
0.0
0.0
0.0
0.0
0.0
0.0
0.0
0.0
0.0
0.0
0.0
-0.987994
0.0
0.0
0.0
0.0
0.0
0.0
0.0
0.699991
0.0
0.0
-0.566208
0.0
0.0
0.0
0.0
0.0
0.0
0.0
0.0
0.0
0.0
0.0
0.0
0.0
0.0
0.0
0.0
0.0
0.0
0.0
0.0
0.0
0.0
0.0
0.0
-1.56007
0.0
0.0
0.0
0.0
0.0
0.0
0.0
0.0
0.0
0.0
0.0
0.944274
0.0
0.0
0.0
0.0
0.0
0.0
0.0
0.0
0.0
0.0
0.0
0.0
0.0
-1.55233
0.0
0.0
-0.0407078
0.0
0.0
0.0
0.0
0.0
0.0
0.0
0.0
0.0
0.0
0.0
0.0
0.0
0.0
0.0
0.0
0.0
0.0
0.0
0.0
0.0
0.0
0.0
0.0
0.0
0.0
1.17003
0.0
0.0
0.0
0.0
0.0
0.0
0.0
0.0
0.0
0.0
0.0
0.0
-1.49184
0.0
-0.171714
0.0
0.0
0.0
0.0
0.0
0.0
0.0
0.0
0.0
0.0
0.0
0.0
0.0
0.0
0.0
0.0
1.73149
1.32703
0.0
0.0
0.0
0.0
0.0
0.0
0.0
0.0
0.0
-1.24359
0.0
0.0
0.0
0.0
0.0
0.0
0.0
1.04445
0.328601
0.0
0.0
0.0
0.0
0.0
0.0
0.0
0.0
0.0
0.0
0.0
0.0
0.0
0.0
0.0
0.0
0.0
0.0
0.0
0.0
0.0
0.0
0.0
0.0
0.0
0.0
0.0
0.0
0.0
0.0
0.0
0.0
0.0
0.0
0.0
0.0
0.0
0.0
0.0
0.0
0.0
0.0
0.0
0.0
0.0
0.0
0.0
0.0
0.0
0.0
0.0
0.0
0.0
0.0
0.0
0.0
0.0
0.0
0.0
1.92192
0.0
0.0
0.0
-0.250628
0.0
0.0
0.0
0.0
0.0
0.0
0.0
0.0
0.0
0.0
0.0
0.0
0.0
0.0
0.0
0.0
0.0
0.0
0.0
0.0
0.0
0.0
0.0
0.0
0.0
0.0
0.0
0.0
0.0
0.0
0.0
0.0
0.0
0.0
0.0
0.0
-1.28258
0.0
0.0
0.0
0.0
0.0
0.0
0.0
0.0
0.0
0.0
0.0
0.0
0.0
0.0
0.0
0.0
0.0
0.0
0.0
0.0
0.0
0.0
0.0
1.44319
0.0
0.0
1.1184
0.0
0.0
0.0
0.0
0.0
0.0
0.0
0.0
0.0
0.0
0.0
0.0
0.0
0.0
0.0
0.0
0.0
0.0
0.0
0.0
0.0
0.0
0.0
0.0
0.0
0.0
0.0
0.0
0.0
1.80368
0.0
0.0
0.0
0.0
0.0
0.0
0.0
0.0
0.0
0.0
0.0
0.0
0.0
0.0
0.0
0.0
0.0
0.0
0.0
0.0
0.0
0.0
0.0
0.0
0.0
-2.69237
0.0
0.0
-0.486646
0.0
0.0
0.0
0.0
0.0
0.0
0.0
0.0
0.0
0.0
0.0
-1.16133
0.0
0.0
0.0
0.0
0.0
0.0
0.0
0.0
0.0
0.0
0.0
0.0
0.0
0.0
0.0
0.0
0.0
-0.412139
0.0
0.0
0.0
0.0
0.0
0.0
0.0
0.0
0.0
0.0
0.0
0.0
0.0
0.0
0.0
0.0
0.0
0.0
0.0
0.0
0.0
0.0
0.0
0.0
0.0
0.0
0.0
0.0
0.0
0.0
0.0
0.0
0.0
0.0
0.0
0.0
0.0
0.0
0.0
0.0
0.0
0.0
0.0
0.0
0.0
0.0
0.0
0.0
0.0
0.0
0.0
0.0
0.0
0.0
0.0
0.0
0.0
0.0
0.0
0.0
0.0
0.0
0.0
0.0
0.0
0.0
0.0
0.0
0.0
0.0
0.0
0.0
0.0
0.0
0.0
0.0
0.168913
0.0
0.0
0.0
0.0
0.0
0.0
0.0
0.0
0.0
0.0
0.0
0.0
0.0
0.0
0.0
0.0
0.0
0.0
0.0
0.0
0.0
1.24779
0.0
0.0
0.0
0.0
0.0
0.0
0.514997
0.0
0.0
0.0
0.0
0.0
0.0
0.0
0.0
0.0
0.0
0.0
0.0
0.0
0.0
0.0
0.0
0.0
0.0
0.0
0.0
0.0
0.0
0.0
0.0
0.0
0.0
0.0
0.0
0.0
0.0
0.0
0.0
0.0
0.0
0.26319
0.0
0.0
0.0
0.0
0.0
0.0
0.0
0.0
0.0
0.0
0.0
0.0
0.0
0.0
0.0
0.0
0.0
0.0
0.0
0.0
0.0
0.0
-1.12044
0.0
0.0
0.0
0.0
0.0
0.0
0.0
-0.752838
0.0
0.0
0.0
0.0
0.0
0.0
0.0
0.0
0.0
0.0
0.0
0.0
0.0
0.0
0.0
0.0
0.0
0.0
0.0
0.0
0.0
0.0
0.0
0.0
0.0
0.0
0.0
0.0
0.0
0.826247
0.0
0.0
-0.943767
0.0
0.0
0.0
0.0
0.0
0.0
0.0
0.0
0.0
0.0
-0.385856
0.0
0.0
0.0
0.0
-1.23999
0.0
0.0
0.0
-1.45965
0.0
0.0
0.0
0.0
0.0
0.0
0.0
0.0
0.0
0.0
0.0
0.0
0.0
0.0
0.0
0.0
0.0
0.0
0.0
0.0
0.0
0.0
0.0
0.0
0.0
0.0
0.0
0.0
0.0
0.0
0.0
0.0
0.0
0.0
0.0
0.0
0.0
0.0
0.0
0.0
0.0
0.0
0.0
0.0
0.0
0.0
0.0
0.0
0.0
0.0
0.0
0.0
0.0
0.0
0.0
0.797515
0.0
0.0
0.0
0.0
0.0
0.0
0.0
0.0
0.0
0.0
-0.801269
0.0
0.0
0.0
0.0
0.0
0.0
0.0
0.0
0.0
0.0
0.0
0.0
0.0
0.0
0.0
0.0
0.0
0.0
0.0
0.0
0.0
0.0
0.0
0.0
0.0
0.0
0.0
0.0
-0.405305
0.0
0.0
0.0
-1.52689
0.0
0.0
0.0
0.0
0.0
0.0
0.0
0.0
0.0
0.0
0.0
0.0
0.0
0.0
0.0
0.0
0.0
0.0
0.0
0.0
0.0
0.0
0.0
0.0
0.0
0.0
0.0
0.0
0.0
0.0
0.0
0.0
0.0
0.0
0.0
0.0
0.0
1.10019
0.0
0.0
0.0
0.0
0.0
0.0
0.0
0.0
0.0
-0.63999
0.0
0.0
1.11139
1.07653
0.0
0.0
0.0
0.0
0.0
0.0
0.0
0.0
0.0
0.0
0.0
0.0
0.0
0.0
0.0
0.0
0.0
0.0
0.0
0.0
0.0
0.0
0.0
0.0
0.0
0.0
0.0
0.0
0.0
0.0
0.0
0.0
0.0
0.0
0.0
0.0
0.0
0.0
0.0
0.0
0.0
0.0
0.0
-0.989841
0.0
0.0
0.0
0.0
0.0
0.0
0.0
0.0
0.0
0.0
0.0
0.0
0.0
0.0
0.0
0.0
1.81276
0.0
0.0
0.0
0.0
1.60576
0.0
0.0
0.0
0.0
0.0
0.0
0.242854
0.0
0.0
0.0
0.0
1.50358
0.0976633
0.0
0.0
0.0
0.0
0.0
0.0
0.0
0.0
0.0
0.0
0.0
0.0
0.0
0.0
0.0
-0.429609
0.0
0.0
0.0
0.0
0.0
0.0
0.171356
-0.211424
0.0
0.0
0.0
0.0
0.0
0.0
0.0
0.0
0.0
0.0
0.0
0.0
0.0
0.0
0.0
0.388842
0.0
0.0
0.0
0.0
0.0
0.0
0.0
0.0
0.0
0.0
0.0
0.0
0.0
0.0
0.0
0.0
0.0
0.0
1.15845
0.0
0.0
0.0
0.222034
0.0
0.0
0.0
0.0
0.0
0.0
0.0
0.0
0.0
0.0
0.0
0.0
0.0
0.0
0.0
0.0
0.0
0.0
0.0
0.0
0.0
0.0
0.0
0.0
0.0
0.0
0.0
0.0
0.0
0.0
0.0
-0.273004
0.0
0.0
0.0
0.0
0.0
0.0
0.0
0.0
0.0
0.0
0.0
0.0
0.0
0.0
0.0
0.0
0.0
0.0
0.0
0.0
0.0
0.0
0.0
0.0
-1.06127
0.0
0.0
0.0
0.0
0.0
0.0
0.0
0.0
0.0
0.0
0.0
0.0
0.0
0.0
0.0
0.252232
0.0
0.0
0.0
0.0
2.33425
0.0
0.0
0.0
0.0
0.0
0.0
0.0
-0.11373
0.0
0.0
-0.711964
0.0
0.0
0.0
0.0
0.0
0.0
0.0
0.0
0.0
0.0
0.0
0.0
0.0
0.0
0.0
0.0
0.0
0.0
0.0
0.0
0.0
0.0
0.0
-0.272828
1.4906
0.0
0.0
0.0
0.0
0.0
0.0
0.0
0.0
0.0
0.0
0.0
0.0
0.0
0.0
0.0
0.0
0.0
0.881302
0.0
0.0
0.0
0.0
0.0
0.0
0.0
0.0
0.0
0.0
0.0
0.0617478
0.0
0.0
0.0
0.0
0.0
0.0
0.528636
0.0
0.0
0.0
0.0
0.0
0.0
0.0
0.0
0.0
0.0
0.0
0.0
0.0
0.0
0.0
0.0
0.0
0.0
0.0
0.0
0.0
0.0
0.0641006
1.33677
0.0
0.0
0.0
0.0
0.0
0.0
0.0
0.0
2.32455
0.0
0.0
0.0
0.0
0.0
0.0
0.0
0.0
0.0
0.0
0.0
0.0
0.0
0.0
0.0
0.0
0.0
0.0
0.0
0.0
0.0
-0.5871
0.0
0.0
0.0
0.0
0.0
0.0
0.0
0.0
0.0
0.0
0.0
0.0
0.0
0.0
0.0
0.0
0.0
0.0
0.0
0.936114
0.0
0.0
0.0
0.0
0.0
0.0
0.0
-0.113519
-1.15399
0.0
0.0
0.0
0.0
0.0
0.0
0.0
0.0
0.0
0.0
0.0
0.0
0.0
0.0
-1.0599
0.0
0.0
0.0
0.0
0.0
0.0
0.0
0.0
0.0
0.0
0.0
0.0
0.0
0.0
0.0
0.0
-0.662297
0.0
0.0
0.0
0.0
0.0
0.0
0.0
0.0
0.0
0.0
0.0
0.0
0.0
0.0
0.841127
0.0
0.0
0.0
0.0
0.0
0.0
0.0
0.0
0.0
0.0
0.0
0.0
0.0
0.0
0.0
0.0
0.0
0.0
0.0
0.0
0.0
0.0
0.394497
0.0
0.0
0.0
0.0
0.0
0.0
0.0
0.0
0.0
0.0
0.0
0.0
0.0
0.0
0.0
0.0
0.0
0.0
0.0
0.0
0.0
0.0
0.0
0.0
0.0
0.0
0.0
0.0
0.0
0.0
0.0
0.0
0.0
0.0
0.0
0.0
-0.987815
0.0
0.0
0.0
0.0
0.0
0.0
0.0
0.0
0.0
0.0
0.675215
0.0
0.0
0.0
0.117574
0.0
0.0
0.0
0.0
0.0
0.0
0.0
0.0
0.0
0.0
0.0
0.0
0.0
0.0
0.0
0.0
0.0
0.0
0.0
0.0
0.0
0.0
0.0
0.0
0.0
0.0
0.0
0.0
0.0
0.0
0.492657
0.0
0.0
0.0
0.0
0.0
0.0
0.0
0.0
0.0
0.0
0.0
0.0
0.0
0.0
0.0
0.0
0.0
0.0
0.0
0.0
0.0
0.0
0.0
0.0
0.0
-2.27987
0.0
0.0
0.0
0.0
0.0
0.0
0.0
0.0
0.0
0.0
0.0
0.0
0.0
0.0
0.0
0.0
0.0
0.0
0.0
0.0
0.0
0.0
0.0
0.0
-0.00924671
0.0
0.0
0.0
0.0
0.0
0.0
0.0
0.0
0.0
0.0
0.0
0.0
0.0
0.0
0.0
-0.063536
0.0
0.0
0.0
0.0
0.0
0.0
0.0
0.0
-0.671855
0.0
0.0
0.0
0.0
0.0
0.0
0.0
0.0
0.0
0.0
0.0
0.0
0.0
0.0
0.0
0.0
1.25016
0.0
0.0
0.0
0.0
0.0
0.0
0.0
0.0
0.0
0.0
0.0
0.0
0.0
0.0
0.0
0.0
0.0
0.0
0.0
0.0
0.0
0.0
0.0
0.0
0.0
0.0
0.0
0.0
0.0
0.0
0.0
0.0
0.0
0.0
0.0
0.0
0.0
0.0
0.0
0.325479
0.0
0.0
0.0
0.0
0.0
0.0
0.0
0.0
0.0
0.0
0.0
0.0
-0.945542
0.732627
0.0
0.0
0.0
0.0
0.0
0.0
0.0
0.0
0.0
0.0
0.0
0.0
0.660272
0.0
0.0
0.0
0.0
0.0
0.0
0.0
0.0
0.0
0.0
0.0
0.0
0.0
0.0
0.0
0.0
0.0
0.0
0.0
0.0
0.0
0.0
0.0
0.0
0.0
-0.425492
0.0
0.0
0.0
2.14353
0.0
0.0
0.0
0.0
0.0
0.0
-1.31672
0.0
0.312978
0.0
0.0
0.0
0.0
0.0
0.0
0.0
0.0
0.0
0.0
0.0
0.0
0.0
0.0
0.0
0.0
0.0
0.0
0.0
0.0
0.0
-1.89119
0.0
0.0
0.0
0.0
0.0
0.0
0.0
0.0
0.0
0.0
0.0
0.0
0.0
0.0
0.0
0.0
0.0
1.04862
-1.44625
0.0
0.0
0.0
0.0
0.0
0.0
0.0
0.0
0.0
0.0
0.0
0.0
0.0
0.0
0.0
0.0
0.0
0.0
0.0
0.0
0.0
0.0
0.0
0.0
0.0
0.0
0.676234
0.0
0.0
0.0
0.0
0.0
0.0
0.0
0.0
0.0
0.0
0.0
0.0
0.0
0.0
0.0
0.0
0.0
0.0
0.0
0.0
0.0
0.0
0.0
0.0
0.0
0.0
0.0
0.0
0.0
-0.709443
0.0127738
0.145858
0.35247
-0.0269828
0.321058
1.21854
-0.352581
-0.778037
0.0474476
-0.0560627
0.0348895
-0.0129854
-0.227783
-0.359269
-0.742152
-0.0642795
-0.155296
-0.0117101
-0.0332054
0.51149
0.365138
-1.06422
0.339278
0.212215
-0.269969
0.872569
-0.629988
0.00458153
-0.143252
0.131704
-0.876489
0.0496235
-0.0761683
0.937326
0.0989537
0.0810134
0.0
0.0
0.0
0.0
-0.584407
0.0
0.0
0.0
0.0
0.0
0.0
-1.28896
0.0
0.0
-1.24543
0.0
0.0
0.0
-1.37087
0.0
0.0
-0.727495
0.0
0.0
0.0
0.0
0.0
0.0
0.0
0.0
0.0
0.0
0.0
0.0
0.0
0.415799
0.0
0.0
0.0
0.0
0.0
0.0
0.0
0.0
0.0
0.0
0.0
0.0
0.0
0.0
0.0
0.0
0.0
0.0
0.0
0.0
0.0
0.0
0.0
0.0
0.0
0.0
0.0
0.0
-0.199882
0.0
0.0
0.0
0.0
0.0
0.0
0.0
0.0
0.0
0.0
0.0
0.0
0.0
0.0
0.0
0.0
0.0
0.0
0.0
0.0
0.0
0.0
0.0
0.0
0.0
0.0
0.0
0.0
0.0
0.0
-0.536921
0.0
0.0
0.0
0.0
0.0
0.0
0.0
0.0
0.0
0.0
0.0
0.0
0.0
0.0
-0.749693
0.0
0.0
0.0
0.0
0.0
0.0
0.0
0.0
0.0
0.0
0.0
0.0
0.0
0.0
0.0
0.0
0.0
0.0
0.0
0.0
0.0
0.0
0.0
0.0
0.0
0.0
0.0
0.0
0.0
0.0
0.0
0.0
0.0
0.0
0.0
0.0
0.0
0.0
0.0
0.0
0.0
0.0
0.0
0.0
0.0
0.0
0.0
-0.507845
0.0
0.0
0.0
0.0
0.0
0.0
0.0
0.0
0.0
0.0
0.0
0.0
0.0
2.3047
0.0
0.0
0.0
0.0
0.0
0.0
1.89517
0.0
0.0
0.0
0.0
0.0
0.0
0.0
0.0
0.0
0.0
0.0
0.0
0.0
0.374041
0.0
0.0
0.943185
0.683314
0.336611
0.0
0.0
0.0
0.0
0.398763
-1.81711
0.127582
0.0
0.0
0.0
0.0
0.0
0.0
0.0
0.0
0.0
0.0
0.0661778
0.0
0.0
0.0
0.0
0.0
0.0
0.0
0.0
0.0
0.0
0.0
0.0
-0.768174
0.0
0.0
0.0
-0.806771
0.0
0.0
0.0
0.0
0.0
0.0
0.0
0.0
-1.26307
0.0
0.0
0.0
0.0
0.0
0.0
0.0
0.0
0.0
0.0
0.0
0.0
0.0
0.0
0.0
0.0
0.0
0.0
0.0
0.0
0.0
0.0
0.0
0.0
0.0
0.0
0.0
0.0
0.0
0.0
0.0
0.0
0.0
0.0
0.0
0.0
0.0
0.0
0.0
0.0
0.0
0.0
0.0
0.0
-0.165243
0.0
0.0
0.0
0.0
0.0
0.0
0.0
0.0
0.0
0.0
0.0
0.0
0.0
0.0
0.0
0.0
0.0
0.0
0.0
0.0
0.0
0.0
0.0
0.0
0.232355
0.0
0.0
0.588787
0.0
1.60707
0.0
0.0
0.0
0.0
0.0
0.0
0.259057
-0.678639
-0.587765
-0.20602
-0.00696873
0.731482
0.09558
-1.52279
-0.0757735
-0.158321
0.17322
-0.536864
0.140924
-0.0619046
-0.646362
0.19294
0.121462
-0.0947468
-0.327047
-0.792326
-1.21948
-0.177628
-0.141619
0.297458
0.486009
1.02404
-0.434579
0.414391
0.0900566
-0.371712
-0.278144
0.148502
-0.473051
-0.176805
0.2528
-0.234973
0.0
0.0
0.0
0.0
0.0
0.0
0.0
0.0
0.656155
0.0
0.0
0.0
0.0
-1.48117
0.0
0.0
0.0
0.0
0.0
0.0
-0.401975
0.0
0.0
0.0
0.0
0.0
0.0
0.0
0.0
0.0
0.0
0.0
0.0
0.0
0.0
0.0
0.0
0.0
0.0
0.0
0.0
0.0
0.0
-1.22062
0.0
0.0
0.0
0.0
0.0
0.0
0.0
0.0
0.0
0.0
0.0
-0.62149
0.0
1.4666
0.0
0.0
0.0
0.0
0.0
0.0
0.0
0.0
0.401213
0.0
0.0
0.0
0.0
0.0
0.0
0.0
0.0
0.0
0.0
0.0
0.0
0.0
0.0
0.0
0.0
0.0
0.699581
0.0
0.0
0.0
0.0
0.0
0.644101
0.0
0.0
0.0
0.0
0.0
0.0
0.0
0.0
0.0
0.0
0.0
0.0
0.0
0.0
0.0
0.0
0.0
0.0
0.0
0.0
0.0
0.0
0.0
0.0
0.0
0.0
0.0
0.0
0.0
0.0
0.0
0.0
0.0
0.0
0.0
0.0
0.0
0.0
0.0
0.0
-0.730506
0.0
0.0
0.0
0.0
0.0
0.0
0.0
0.0
0.0
0.0
0.0
0.0
0.0
0.0
0.0
0.0
0.0
0.0
0.0
0.0
0.0
0.0
0.0
0.0
0.0
0.0
0.147217
0.0
0.0
0.0
-0.171899
0.0
0.0
0.0
0.0
0.0
0.0
0.0
0.0
0.0
0.0
0.0
0.0
0.0
0.0
0.0
0.0
0.0
0.0
0.0
0.0
0.0
0.0
0.0
0.0
0.0
0.0
0.0
0.0
0.0
0.0
0.0
0.0
0.0
0.0
0.0
0.0
0.0
0.0
0.0
-1.11516
0.0
0.0
0.0
0.0
-1.03004
0.0
0.0
0.0
0.0
0.0
0.0
0.0
0.0
0.0
0.0
0.0
0.0
0.0
-1.13401
0.0
0.0
0.146153
0.0
0.0
0.0
0.0
0.0
0.0
0.0
0.0
0.0
0.0
-0.887128
0.0
0.0
2.24786
0.0
0.0
0.0
0.0
0.0
0.0
0.0
0.0
0.0
0.0
0.0
0.0
0.0
0.0
0.0
0.0
0.0
0.0
0.0
0.0
0.0
0.0
0.0
0.0
-1.20472
0.0
0.0
0.0
0.0
0.0
0.0
0.0
0.0
0.0
0.0
0.0
0.0
0.0
0.0
0.0
0.0
0.0
0.0
0.0
0.511994
-0.841581
0.0
-0.36703
0.0
0.0
0.0
0.0
0.0
0.0
0.0
0.0
0.0
0.0
0.0
0.0
0.0
0.0
0.0
0.0
0.0
0.0
0.0
0.0
0.0
0.0
0.0
0.0
0.0
0.0
0.0
0.0
0.0
0.0
0.0
0.0
0.0
0.0
0.0
-1.21334
0.0
0.0
0.0
0.355891
0.0
0.0
0.0
0.0
0.0
0.0
0.0
0.0
0.0
0.0
0.0
0.0
0.0
-0.367021
0.0
0.0
0.0
0.0
0.0
1.53547
0.0
0.0
0.0
0.0
0.0
0.0
0.0
0.0
0.0
0.0
0.0
0.0
0.0
0.0
0.0
0.0
0.0
0.0
0.0
0.0
0.0
0.0
0.0
0.0
0.0
0.0
0.0
0.242277
0.0
0.0
0.0
0.0
0.0
0.0
0.0
0.0
0.0
0.0
0.0
0.0
0.0
0.0
0.0
0.0
0.0
0.0
0.0
0.0
0.0
0.0
0.0
0.0
0.881115
0.0
0.0
0.0
0.0
0.0
0.0
0.0
0.0
0.0
0.0
0.0
0.0
0.0
0.0
0.0
0.0
0.0
0.0
0.0
0.0
0.0
0.0
0.0
0.0
0.0
0.0
0.0
0.0
0.0
0.0
0.0
0.0
0.0
0.0
0.0
0.0
0.0
0.0
0.0
0.0
0.0
0.0
-0.79026
0.0
0.0
0.0
0.0
0.0
0.0
0.0
0.0
0.0
0.0
0.0
0.0
0.0
0.0
0.0
0.0
0.0
0.0
0.0
0.0
0.0
0.0
0.0
0.0
0.0
0.0
0.0
0.831932
0.0
0.0
0.0
0.0
0.0
0.0
0.0
0.0
0.0
0.0
0.0
0.0
0.0
0.0
0.0
0.0
0.0
0.0
0.0
0.0
-1.51968
0.0
0.0
0.0
0.0
0.0
-0.365732
0.893966
0.0
0.0
0.0
0.0
0.0
-0.889715
0.0
0.0
0.0
0.459974
0.0
0.0
0.0
0.0
1.13032
0.0
0.0
0.0
0.0
0.0
0.0
0.0
0.0
0.0
0.0
0.0
0.859438
0.0
0.0
0.0
-0.979803
0.0
0.0
0.0
0.0
0.0
0.0
0.0
0.0
0.0
0.0
0.0
0.0
0.0
0.0
0.0
0.0
0.0
0.0
0.0
0.0
0.0
0.0
0.0
0.0
0.0
0.0
0.0
1.02229
0.0
0.0
-1.88077
0.0
0.0
0.0
0.0
0.0
0.0
0.0
0.0
0.0
0.0
0.282935
0.0
0.0
0.0
0.0
0.0
0.0
0.0
0.0
-0.841152
0.0
0.0
0.0
0.0
0.0
0.0
0.0
0.0
0.0
0.0
0.0
0.0
0.0
0.0
0.0
0.0
0.0
0.0
0.0
0.0
0.0
0.0
0.0
0.0
0.0
0.0
0.0
0.0
-0.854419
0.0
0.0
0.0
0.0
0.0
0.0
0.0
0.0
0.0
0.0
0.0
0.0
0.0
0.0
0.0
0.0
0.0
0.0
0.0
0.0
0.0
0.0
-0.333678
0.0
0.0
0.0
0.0
0.0
0.0
0.0
0.0
0.0
0.0
0.0
0.0
0.0
0.0
0.0
0.0
0.0
0.287143
0.0
0.0
0.0
0.0
0.0
0.0
0.0
0.0
0.0
0.0
0.0
-2.54026
-1.80705
0.0
0.0
0.0
1.34781
0.0
0.0
0.0
0.0
0.0
0.0
0.0
0.0
0.0
0.0
0.0
0.0
0.0
0.0
0.0
0.0
0.0
0.0
0.0
0.0
0.0
0.0
0.0
0.0
0.0
0.0
0.0
0.0
0.0
0.0
0.0
0.0
0.0
0.0
0.0
0.0
-0.51852
0.0
0.0
0.0
0.0
0.0
0.0
0.0
0.0
0.0
0.0
0.0
0.0
-1.05033
0.0
0.0
0.0
0.0
0.0
0.0
0.0
-0.0843484
0.0
0.0
0.0
0.0
0.0
0.0
0.0
0.0
0.0
0.0
0.0
0.0
0.0
0.0
-0.744811
0.0
0.0
0.0
0.0
0.0
-1.49905
0.0
0.0
0.0
0.0
0.0
0.0
0.0
0.0
0.0
0.0
0.0
0.0
0.0
0.0
0.0
0.0
0.0
-1.07368
0.0
-1.17504
0.0
0.0
0.0
0.0
0.0
0.0
0.0
0.0
0.0
0.0
0.0
0.0
0.0
0.0
0.0
0.0
0.0
0.0
1.07408
0.0
0.0
0.0
0.0
0.0
0.0
0.0
0.0
0.0
0.0
0.0
0.0
0.0
-0.75904
0.0
0.0
0.0
0.0
0.0
0.0
0.124351
0.0
-0.904237
0.0
0.336237
0.0
0.0
0.0
0.0
0.0
0.0
0.0
0.0
0.0
0.0
0.0
0.0
0.0
0.0
0.0
0.0
0.0
0.0
0.0
0.0
0.0
-0.321017
0.0
0.0
0.0
0.0
0.0
0.0
0.0
0.0
0.0
0.0
0.0
0.0
0.0
0.0
0.0
0.0
0.545507
0.0
0.842598
0.0
0.0
0.0
0.0
0.0
0.0
0.0
0.0
0.0
0.0
0.0
0.0
-0.137473
-0.11119
0.183721
0.0780578
0.14044
1.24771
-0.0440908
-1.89204
-0.167978
-0.0790691
0.00111924
-1.08266
-0.724087
-0.19289
-0.025846
-0.059844
0.169962
0.340244
0.122537
-1.05591
-0.88085
-0.15596
0.521087
-0.200459
-0.179047
0.49335
1.01674
-0.0624164
-0.0662458
0.077798
-0.783359
-0.00756244
0.136514
1.55162
-0.0181833
0.436008
0.0
0.0
0.0
0.0
0.0
0.0
0.0
0.0
0.0
0.0
0.0
0.0
0.0
0.0
0.0
0.0
0.0
0.0
0.0
0.0
0.0
0.0
0.0
0.0
0.0
0.0
0.0
0.0
0.0
0.0
0.0
0.0
0.0
0.0
0.0
0.0
0.0
0.0
0.00110585
0.0
0.0
0.0
0.0
0.0
0.0
-0.0286901
0.0
0.0
0.0
0.0
0.0
-1.98164
0.0
0.0
0.0
0.0
0.0
0.0
0.0
0.0
0.0
0.0
0.0
-0.211738
0.0
0.0
0.0
0.0
0.0
0.0
0.0
0.0
0.0
0.0
0.0
0.0
0.0
0.0
0.0
0.0
0.0
0.0
0.0
0.0
1.79254
0.0
0.0
0.0
0.0
0.0
0.0
0.0
0.0
0.0
0.0
0.0
0.0
0.0
0.0
0.0
0.0
0.0
0.0
0.0
0.0
0.0
0.0
0.0
0.0
0.0
0.0
0.0
0.0
0.0
0.0
0.0
0.0
0.0
0.0
0.0
0.0
0.0
0.0
0.0
0.0
0.0
0.0
0.0
0.312328
0.0
0.0
0.0
0.0
0.0
0.0
0.0
0.0
0.0
0.0
0.0
0.0
0.0
0.0
0.0
0.0
0.0
0.0
0.0
0.0
0.0
0.0
0.0
0.0
0.0
0.0
0.0
0.0
0.0
0.0
0.0
0.0
1.00909
0.0
0.0
0.0
0.0
0.0
0.0
0.0
0.0
0.0
1.15233
0.0
0.0
0.0
0.0
0.0
0.0
0.0
0.0
0.0
0.0
0.0
0.0
0.0
0.0
0.0
0.0
0.0
-0.755296
0.0
0.0
0.0
0.0
0.0
0.0
0.0
0.0
0.0
0.0
0.0
0.0
0.0
0.0
0.0
0.0
0.0
0.0
0.0
0.0
0.0
0.0
0.0
0.0
0.0
0.0
0.0
0.0
0.0
0.0
0.0
0.0
1.13013
0.0
0.0
0.0
0.0
0.0
0.0
0.0
0.0
0.0
0.0
0.0
0.0
-0.769526
0.0
0.0
0.0
0.0
0.0
0.0
0.0
0.0
0.0
0.0
0.0
0.0
0.0
0.0
0.0
0.0
0.155577
-2.46351
2.05664
0.03968
0.279603
2.50326
-5.00117
2.36775
1.0163
0.175586
0.0526638
0.434042
0.253744
-0.570782
-0.545377
0.250539
-0.189019
0.751366
0.154682
-0.0920747
-4.4911
0.58598
0.591644
0.694451
-1.52565
0.209112
0.152374
0.0842476
0.0738573
0.200577
-0.782629
0.0393583
-0.0472634
0.610089
0.333904
-0.228273
-0.176029
2.335
-2.26491
0.0311724
0.0599395
-3.20363
3.56369
-2.18849
-1.16463
-0.217646
0.0918611
-0.356607
-0.112285
0.998245
0.641419
-0.11934
-0.15151
-0.846365
-0.145884
0.2154
2.95691
-0.555491
-0.555254
-0.607285
1.37823
-0.387542
-0.430063
-0.24103
0.0972904
-0.0856568
0.437423
0.215348
0.258117
-0.552708
-0.313334
0.0843341
-1.50853
0.311805
-0.749395
-0.0107303
0.0230645
0.901772
-0.553261
-0.28047
-0.0035262
0.305941
0.459675
-1.03449
0.262668
-0.711949
-2.55938
-0.053138
0.106135
-0.153134
-0.380467
-2.4453
0.250106
-0.578038
0.917892
0.480816
0.642382
1.06325
-2.01546
-2.08315
0.000321986
-0.387574
0.392819
-0.0307928
-0.0137565
-0.952167
0.10466
1.52777
0.226253
0.577156
-0.692065
-0.00265068
-0.0137179
1.38242
-0.0754691
-1.61344
0.323292
1.51545
-0.0519857
1.33991
-1.22622
0.572391
1.94206
0.050473
0.00126646
-0.00966022
1.18285
0.12356
-2.33746
0.750405
0.644024
-0.132743
-1.6257
-1.30668
1.13548
1.39076
-0.0048584
0.377321
-0.566491
-0.0124322
-0.00666387
2.17666
0.379809
-0.30852
-0.0204844
-0.128537
-0.208253
0.0708304
0.339525
-0.699782
-0.0367863
0.17907
-0.148371
-0.0420877
0.904107
0.0776362
1.23862
0.427378
0.0967453
0.131198
-0.340581
-0.0950403
0.00878039
0.123255
0.208515
0.343083
0.0363452
0.0870186
-0.147648
-0.178451
-0.277985
-0.820839
0.171171
0.114859
-0.345505
0.254724
0.21082
0.05754
0.0205504
-0.143635
-0.000178123
0.189226
0.360207
0.0210198
0.0614042
0.313563
-0.0948541
0.195864
-0.188713
-0.208493
0.27583
0.178972
-0.583158
-0.00343828
0.106036
-0.0364504
-0.46138
0.281606
0.0489349
-0.479528
-0.359111
-0.194166
0.275364
0.120764
-0.137125
-0.237241
-0.980712
0.250321
0.118016
-0.00294559
0.261106
0.163918
0.200674
-0.564653
-0.125596
-0.443605
1.27223
-0.488572
2.61979
0.00496292
0.065201
0.343073
1.40412
-1.18573
0.669824
0.607534
0.184941
0.592648
-0.00595783
-0.181671
0.338156
-0.106333
0.273497
-0.269359
-0.120861
0.0828812
0.170118
0.15697
1.13532
-0.665037
-0.241244
-1.5156
-1.43546
-0.138927
0.0834925
-0.939712
0.908724
0.194669
-0.484634
0.216212
0.427598
1.81984
1.8712
2.31597
1.77162
0.00182748
-1.62792
-0.349274
1.56862
0.448971
0.17439
-0.169162
0.292941
-0.46025
0.723614
-1.21889
-0.967485
-0.117727
-0.433839
-0.149684
0.0105518
-0.0871391
-0.146173
0.00351078
0.171399
-0.383459
0.303684
2.41175
-2.76184
0.868738
0.131952
-1.80027
0.735823
0.168502
-0.307003
1.01032
0.835724
0.968492
1.71039
-1.59482
-2.13095
0.0223365
2.5607
0.032889
-0.266472
-0.092603
0.234769
-0.305595
0.289198
0.116497
-1.08197
2.4141
-2.87986
1.59049
1.25086
0.131047
-0.0564509
-0.208943
-0.117976
-0.0185832
-0.0641427
0.0938495
0.751275
-0.218311
-0.594492
0.951426
0.702372
-0.177457
0.187138
0.167697
0.220052
-0.167492
-0.190885
-0.179241
-0.0119007
0.995374
1.87834
2.47019
2.70832
-2.44292
-0.280271
-0.915009
0.221926
-0.287414
0.289299
0.112016
0.102697
0.0609894
2.65333
2.17839
-0.391239
-1.78663
-0.0400577
-0.226868
-0.140577
-0.0618286
-0.055885
0.093196
1.44815
-0.232981
2.00733
-0.00282319
-0.173186
-0.136985
0.17784
0.168047
0.17844
-0.238564
-0.194145
-0.190648
0.182214
-0.0103857
2.87866
2.14491
1.56181
2.91546
-0.858544
2.31279
1.31655
0.778494
0.354895
0.375301
0.611981
-2.91872
-0.610666
2.60588
-4.2608
1.14557
0.247903
-0.968125
-0.74236
0.120995
0.425768
-0.510809
-1.11142
-2.6904
-0.830082
2.18612
0.138794
-3.25109
2.76975
0.306867
-2.79539
1.36121
-1.24561
0.633422
-0.058235
1.69858
0.840298
2.48689
-0.423126
1.49693
3.89404
-1.99544
-1.49403
0.236755
0.24801
-0.0380607
-0.870927
0.251551
0.0173792
-0.161486
-0.0206506
1.52196
-2.79027
1.9686
-0.496373
0.0354371
0.946186
0.0627278
1.07058
-0.134321
-1.51831
-0.813921
0.139766
0.320656
0.717352
0.225687
-0.729913
-0.00189391
0.849122
2.24471
-0.193107
0.75107
0.449168
-0.00276708
0.397229
-0.386411
1.89492
1.94383
0.411867
-0.615649
0.0844031
0.679805
0.0934332
0.25952
0.0572684
0.00285518
-0.761893
-0.770959
-0.25002
1.53172
-0.486621
0.0874091
-0.475721
-0.064681
0.575452
-1.17652
-1.34442
-0.91922
-0.908819
-0.239328
1.96913
-0.650903
-0.158272
0.610541
0.109722
1.4177
0.0672996
-0.192659
0.00207668
0.0142949
0.00731519
0.419552
-3.05296
-2.50582
-2.12988
-1.6271
0.160514
0.0413857
0.653753
-0.549386
0.395138
0.0429308
-0.418438
1.04074
-2.63182
2.77417
-1.51627
-0.18564
-0.434433
0.246384
-0.120842
-0.217361
0.26744
1.01772
0.0623937
-0.487029
-0.440003
0.0621081
0.279473
-2.5739
-0.409653
-0.919642
-0.0498937
-0.158534
0.181236
0.00432326
-0.0440858
1.20622
-0.839338
2.13846
1.15419
2.74056
0.0927855
0.849693
0.234322
0.181905
-0.842259
-0.0403415
1.1213
0.395937
0.234171
-1.54328
2.51698
-0.634326
0.0578382
2.66788
-0.126707
-0.235869
-0.843453
-0.0902643
0.0252169
0.198713
-0.589966
-1.23186
1.30875
1.68912
-0.319741
-0.040113
-0.0297683
-0.0712159
-0.1359
0.0227036
0.0667998
-0.0774209
1.10954
0.654638
2.2042
-2.71442
1.97447
0.0581871
0.128371
0.0918921
0.0398769
-0.0412115
-0.277399
0.094929
-0.049994
-0.120732
-0.689222
-1.68585
-1.85746
2.39614
-0.182607
-0.191088
0.00222839
-0.0719462
0.113053
-0.150131
0.089666
0.162723
0.166073
-0.110935
-0.175111
-0.235149
-0.0187121
0.273152
0.87804
0.00966836
-0.0142523
-0.586658
0.41483
0.540669
-0.658023
1.99828
-2.33619
0.746083
-0.331464
-0.113439
0.666881
-0.0699264
-1.61542
0.906587
-0.308496
0.438583
-0.503161
2.15153
1.44387
-3.08495
-0.217276
-0.91723
-1.46519
0.196824
0.110411
-0.807055
0.421556
0.117667
2.07635
-0.0572834
-2.19439
3.58431
0.0371593
-0.308519
-1.50944
0.0144986
-0.0132233
-0.698199
-0.534781
-0.35834
0.193868
-1.75572
2.94342
-2.07966
0.527028
0.240442
0.211898
0.0703711
1.17837
-0.629507
0.0554227
0.0583101
1.85515
-0.214708
-3.04285
2.61628
-0.787483
-0.425482
1.3344
-0.493958
-0.00500413
1.03214
-0.926146
0.00567869
0.450545
-0.165302
-2.14446
-1.78907
-2.73437
0.830985
-1.02727
0.0077395
0.0088069
-0.0970043
-0.0527938
-0.0356517
0.385719
0.135798
0.0160337
0.448494
3.0748
-1.22073
3.37427
-0.00618159
0.457925
0.23297
-0.0767014
0.293921
0.239572
0.0570346
-0.366401
0.0622177
2.68929
-2.41908
-0.958259
-0.403545
-0.000180026
0.867507
-0.590399
0.00807678
0.0290547
-0.675249
-0.0337262
-0.40512
-2.06577
0.473579
-0.0302678
0.0120266
0.00960618
0.684839
0.662543
-0.982386
0.532406
0.347386
0.298051
1.99345
-2.88797
-2.29063
-0.989757
-0.0736423
-0.820042
0.478254
-0.217243
-0.642529
-0.937262
0.488996
0.769897
-0.281709
-2.27006
-1.68937
-2.04066
1.48877
0.128986
-0.174934
0.321869
0.192177
-0.0753866
-0.128845
0.230696
1.76515
-0.0258263
-1.9504
-0.137538
2.16505
0.0600759
0.0346518
-0.272506
-0.0959368
0.148247
-0.280602
0.287843
0.100509
0.145142
0.117402
0.554108
-2.78898
0.488593
0.182681
-0.0161698
-0.213772
-0.0803275
-0.0501679
-0.0273142
0.0554922
-0.235484
-2.47434
-0.445673
0.198395
0.119697
-0.113428
0.14496
2.18053
0.192761
-0.175831
-0.201846
-0.230396
-0.103045
0.168255
-1.25036
0.0221202
-1.25827
0.140864
0.1785
-0.293301
-0.15334
-0.0334718
-0.0644182
-0.792513
0.280939
-0.485406
-2.27486
1.94874
1.82074
-0.829676
-0.648692
0.280932
0.296305
-0.209437
0.225552
0.381335
0.566818
3.6399
-0.160614
1.5942
2.10123
-0.311191
-0.598941
-0.0260282
0.270093
-0.0638803
0.163404
-0.205897
0.0828109
-0.390539
1.46397
0.117881
-1.40596
2.39909
1.41762
0.448691
0.269474
-0.235477
0.29432
1.07212
-0.246865
0.281727
0.0260395
1.5253
-3.66029
-1.11006
-2.36979
-1.5812
-0.250633
-0.0642827
0.177
-0.351971
-0.902975
-3.74697
-2.48292
-1.44562
-1.3592
-0.183876
0.687988
0.153625
-0.196795
-0.182112
-0.354695
0.176219
-0.00239159
0.0224152
0.0466105
0.00266216
-2.53278
-1.2609
2.4566
0.0379966
-0.20011
-0.0183268
0.00347399
-0.172114
0.0932029
-0.0398011
-0.19426
-0.18486
1.77038
1.02324
-0.669733
-0.126413
0.183888
-0.0760449
-0.0940515
0.00722128
0.209914
-0.0246981
1.6938
-1.68301
0.000420292
-0.0595885
2.38887
0.895482
1.3795
2.54004
0.0448571
-0.11342
-0.0622679
-0.369035
-0.210148
0.020021
0.0946077
-3.10993
-2.30544
-2.28083
-0.157815
0.242214
0.143489
-0.0456337
0.166408
0.0536442
0.889013
-0.0488141
0.265977
-1.44542
-2.78797
0.84952
1.45107
0.463238
-0.654929
0.494096
-0.56567
0.60068
1.02739
-0.723659
1.0649
0.976469
-1.87806
-2.47294
-2.35494
-0.472785
0.309535
-0.543844
-0.0527295
-0.5619
0.484578
0.0190078
0.10111
-0.975914
1.10178
-0.538324
0.65122
0.199286
0.0414679
-0.168286
1.18061
0.298364
-1.24844
-0.085074
-0.00153201
-2.02341
-2.68484
1.89523
2.28217
1.21755
-0.560351
0.861455
-0.769094
1.34601
-0.474339
0.434873
0.0325105
-2.55993
0.295469
-0.634764
0.976278
-0.147372
-2.65443
-3.78415
-0.0447698
0.0522235
-0.350186
0.0238165
0.0313911
-0.677727
-0.287139
-1.31493
1.22035
0.179058
0.241415
-0.244889
0.292179
0.285391
0.433521
-0.00293059
-0.306242
0.000268189
1.81133
1.25032
1.99542
-1.21133
-1.9479
-0.146808
-0.023328
-0.493968
0.789598
-0.361445
0.0937895
-0.280705
0.107278
0.085956
0.185671
0.376051
1.40192
-0.158372
-0.188307
1.08259
2.45912
0.00588321
0.0396983
0.408293
-0.163629
-0.767237
1.08836
2.72809
2.79345
0.965421
-0.506543
-0.268037
-0.415477
-0.0978879
-1.13836
0.497711
0.879312
-1.02304
0.137738
0.481548
0.387743
-2.20828
-0.0427617
0.0584794
-0.38827
0.289873
0.132643
-0.683115
0.720796
-1.13049
-0.848386
1.83454
-0.364539
1.04593
-0.0514066
0.0518974
-0.905214
0.0186701
0.064251
0.336766
0.13393
1.33241
-0.586478
-1.32872
2.72078
-0.128092
0.638442
0.242399
-0.641951
0.0546601
1.99461
-0.618701
0.251969
0.474708
-2.02913
2.92053
2.15351
0.363346
0.31831
0.794885
1.52199
-0.314845
-0.0186558
0.498671
-1.26185
2.89846
0.107593
0.860645
2.3085
-2.88093
-0.248016
0.273329
0.123315
0.00684437
0.0683427
-0.0770124
0.521994
-0.455898
-0.0813501
-2.06142
0.605926
-0.922103
-0.0168354
0.0367902
-0.524422
-0.0933445
0.432916
-0.429167
-0.155225
0.479199
0.315336
0.245041
0.399886
2.10792
-0.328147
0.0991754
0.104518
-0.81246
0.0822926
0.251315
0.346096
0.178583
-0.456184
-0.719582
1.97098
3.6717
-0.225598
1.71554
-0.163223
0.0223779
0.109575
-1.88399
-0.352338
1.21329
-1.05797
0.101157
-0.146539
-0.586456
-0.36033
-2.44452
-1.29567
-1.87927
2.74474
-1.92615
0.128373
1.14142
1.5233
-0.598951
0.370461
-0.36184
-0.213735
3.82581
1.43422
0.783094
-0.0963386
-0.995925
0.791264
-0.0847754
0.15898
0.187785
-0.256165
-0.563653
1.10455
-3.13615
-1.30299
0.0187304
-0.00767666
0.298324
-0.59776
0.14781
-0.912041
-0.0334927
-0.0227065
-0.257867
3.6841
2.15814
-0.724256
1.21151
1.04282
0.0874114
0.0777572
-0.519844
0.375762
-0.282358
0.369637
0.37475
-3.10967
-0.147079
2.66388
0.0678932
-0.0104987
3.94505
-1.36381
0.00516508
0.582787
-0.410588
-0.63851
-2.56694
0.884698
-0.407684
0.0892496
0.0213185
1.32572
0.315813
-1.2912
0.0547289
0.0352062
-0.337801
0.283774
0.263202
-2.77722
-2.16156
0.229694
-0.04859
-1.00687
0.451804
0.157541
-0.945239
-0.917043
-0.279735
0.245627
-0.338232
-0.821427
1.64622
-1.91947
-1.39568
0.0284758
-0.22663
0.563908
0.166767
0.277243
-0.802908
-0.381625
-0.0708812
-0.0261864
-0.122022
1.42839
1.55922
-0.289405
2.31426
-0.255817
-0.0629202
0.169249
-0.296748
0.281893
0.0656032
-1.39138
0.10605
1.51008
2.76071
0.907621
0.0989989
-0.0608798
-0.137895
-0.00486097
-0.0284883
-0.125865
0.0736289
-0.173008
-0.208041
0.508587
1.14889
2.29195
-0.179291
-2.60313
0.162427
0.21621
-0.165642
-0.159752
-0.19283
-0.170259
-0.368666
1.39261
-0.714629
1.72451
0.435029
0.972894
0.480987
-0.474233
0.431233
-0.00158921
1.56685
-0.0297062
0.631259
1.65329
0.0217797
1.31156
-0.0902755
-0.122047
-0.000692983
1.02245
0.0725816
0.558247
0.189801
0.324195
-0.804163
-0.446682
-2.03856
2.83554
0.322173
-2.07972
0.953942
0.0846593
0.0536811
0.205158
0.836776
0.0875211
-0.128618
1.34998
0.0016867
-0.826673
-0.517358
-0.472261
0.702399
-0.308667
-0.61948
0.283346
0.746983
-0.565156
-0.849564
-0.105627
-1.03289
-3.88309
3.27064
-1.16301
-0.591038
-0.912921
-0.272712
0.140582
-1.50161
-0.78292
-0.484391
-2.06663
1.81833
2.01943
-1.0205
1.23154
1.48823
-0.108261
-2.70656
-0.623335
-0.0618262
-0.0114181
-0.10673
-0.135663
0.0212185
2.60114
-0.104317
-0.251402
-0.0676455
0.216469
-0.337128
0.285827
0.0361829
0.103426
0.102824
0.0750668
-0.0423185
2.38873
1.08787
-0.788419
-1.24441
-0.120966
2.79369
-0.130996
0.0463798
-0.218713
-0.168071
0.0122678
-0.0460863
0.577083
-1.06873
1.55493
1.81574
-0.753813
-0.208655
-0.183605
-0.220907
0.100015
-0.144524
0.0268684
0.00409896
-0.0238612
-0.214581
-3.18071
0.079689
0.267065
0.0664561
0.000951452
0.0646024
0.146159
-0.327586
0.251192
-2.4061
-0.174943
0.0901439
1.66061
-0.769667
1.37209
-0.00641751
-0.140516
0.00190528
-0.070195
0.148605
0.0479729
0.361428
2.89533
-0.319526
-2.74158
1.10931
1.80909
0.292517
-0.275789
-0.150223
0.0643837
-0.350806
0.335094
0.00437834
-0.0163071
-0.648882
-0.133246
-2.30457
2.0674
0.728257
0.0297125
-0.932448
1.0465
-0.42892
-1.52123
-1.78781
0.860728
-2.91734
1.11502
0.700884
0.381606
-2.37668
-0.994753
0.245392
0.718318
0.603404
-0.143813
0.539648
-0.00812962
-0.176285
-1.24023
0.692988
-2.29218
2.05842
2.77091
0.148032
-0.101626
0.869115
-0.131085
0.00481077
0.0907008
-0.372359
2.72439
0.596132
-1.3109
-1.74149
-0.996896
-0.884175
-0.638481
0.166272
-0.139432
-0.0177022
0.454466
-0.601616
-0.0292855
0.149168
0.97391
1.89146
0.0821744
-0.28209
0.83612
0.414231
-0.739951
-0.0474844
0.0581546
0.335278
-2.42232
2.9937
-3.00275
-0.802291
1.1404
1.84524
-0.416907
-1.45133
0.0251637
0.00591941
0.0750261
0.76788
2.16553
0.31434
-1.08241
0.166944
0.298325
0.132177
0.068857
1.80354
-0.799805
-0.0685084
-0.470223
0.037693
-0.176203
-0.180775
0.109615
-2.65794
3.13951
0.981916
1.02318
-0.0951273
1.80168
-0.454764
0.132554
3.44644
0.208711
0.158758
-1.89769
-1.96441
2.82874
5.42992
0.0123905
-0.0976132
-0.075059
0.0462911
0.290837
-0.535742
0.137609
0.183851
0.405022
2.0024
-0.144598
-0.0900261
0.0329026
0.3407
0.00492396
0.179988
-0.125779
-0.256579
0.0741527
0.316619
0.0833405
0.0814382
-0.553893
2.67303
0.0290275
0.120272
-0.167508
-0.073488
0.0505118
0.228235
-0.36026
0.0756446
0.165263
0.199674
-1.945
-1.04508
-0.0712349
-0.473658
-1.3079
-0.743276
5.09982
0.94293
4.78806
-2.74303
2.85052
-2.92025
1.75605
-7.01599
-1.71766
-0.719424
-1.6514
-0.332185
-0.945014
-2.49035
-1.5646
-0.319151
-6.63778
-5.53754
1.75436
-1.96861
5.33049
3.80149
1.56759
-0.448473
-1.18052
-0.926313
-2.76235
-2.96561
-1.78463
-2.75564
-1.24203
-2.2566
-1.37716
-2.01376
1.27277
-0.20294
-2.16198
-0.759607
-1.23548
-0.356047
-0.599373
-1.82601
0.0320437
-1.63191
-4.47709
2.21078
-3.53714
-0.308512
-2.19204
2.39306
-2.52305
1.11462
-2.6536
2.83679
-0.354923
0.997172
-1.86147
-0.442333
-1.63081
-0.341971
3.79124
-3.61957
-1.31317
-0.0502332
-1.84599
0.860243
1.03061
-0.827284
-0.211456
-1.20086
-0.290472
-0.127393
-1.03952
1.48813
-1.00164
0.16623
2.91649
2.66267
1.60156
4.2029
-0.625521
-0.587219
-1.72686
-0.155564
0.143558
-3.1169
2.01183
-3.94953
-0.72208
-1.99307
-2.7011
0.644281
1.67622
0.807347
0.649981
0.771372
6.9991
-6.46531
1.70211
0.0302316
-5.6714
4.9678
-5.26278
3.12877
-0.459141
-1.88103
-0.22251
0.128485
-0.853339
0.585301
-1.54945
-0.317996
-4.03343
3.55617
-2.08089
0.0666613
0.499692
-1.34408
5.83125
-1.39963
-0.739738
-0.656682
-1.50807
-0.324288
-1.54089
0.000697575
-0.356906
-0.158585
0.0498056
-2.31076
-1.48086
-0.486667
0.96702
-0.977832
-1.48631
-0.488524
-9.95302
6.70931
0.276366
-2.10213
-1.07524
-1.11918
-0.610652
-0.383304
