[125, 36, 36, 4]
0.0
0.0
0.0
0.0
0.0
0.0
0.0
0.0
0.0
0.0
0.0
0.0
0.0
0.0
0.0
0.0
0.0
0.0
0.0
0.0
0.0
0.0
0.0
0.0
0.0
0.0
0.0
0.0
0.0
0.0
0.0
0.0
0.0
0.0
0.0
0.0
0.0
0.0
0.0
-0.228454
0.0
0.0
-2.21521
0.0
0.0
0.0
0.0
0.0
0.449878
0.0
0.0
0.0
-0.0495558
0.0
0.0
0.0
0.0
0.0
0.0
0.0
0.0
0.0
0.0
0.0
0.0
0.0
0.0
0.251014
0.0
0.0
0.0
0.0
0.0
0.0
0.844304
0.0
0.0
0.0
0.0
0.0
0.0
0.0
0.0
0.0
0.0
0.0
0.0
0.0
0.0
0.0
0.0
0.0
0.0
0.0
0.0
1.58718
0.132268
0.0
0.0
0.0
0.0
0.0
0.0
0.0
0.0
0.0
0.0
0.0
0.0
-0.608976
0.0
0.0
0.0
0.0
0.0
0.0
0.721222
0.0
0.0
0.0
0.0
0.0
0.0
0.0
0.0
0.0
0.0
-0.505667
0.0
-0.576379
0.0
-1.62821
-0.0270484
0.0
-0.956739
0.0
0.0
0.0
0.0
0.0
0.0
0.0
0.0
0.0
0.0
0.0
0.0
0.0
0.0
0.0
0.0
0.0
0.0
0.0
0.0
0.0
-1.08307
0.0
0.0
0.0
0.0
0.0
0.0
0.0
-0.709642
0.0
0.0
0.0
0.0
0.0
0.0
0.0
0.0
0.0
0.0
0.535578
0.0
-0.906432
0.0
0.0
-0.81203
0.552837
0.170751
0.00566174
0.183836
-0.568599
0.0804441
-0.209557
0.0545561
0.18332
-0.0191429
-0.876998
0.113105
0.87129
0.199843
-0.0248824
1.61332
0.577206
-0.0495533
0.082653
0.4368
0.00843186
-0.203431
0.148734
-0.294871
-0.186082
-0.00509087
-0.0292158
0.088142
0.0269801
-0.230559
0.246929
0.0923206
-0.0795299
0.285279
-0.140232
0.0
0.0
0.721546
0.0
0.0
0.0
0.0
0.0
0.0
0.0
0.0
0.0
0.0
0.0
0.0
0.0
0.0
0.0
0.0
0.0
0.0
0.0
0.0
0.0
0.0
0.0
0.0
-0.781756
0.0
0.0
0.0
0.0
0.0
0.683499
0.265301
0.0
0.0
0.0
0.0
0.0
0.0
0.0
0.0
0.0
0.0
0.0
0.0
-1.00801
0.0
0.0
0.0
0.0
0.0
0.0
0.0
0.0
0.0
0.0
0.0
0.0
0.0
0.0
0.0
0.0
1.92521
0.0
0.0
0.0
0.0
0.0
0.0
0.0
0.0
0.0
0.801589
0.0
0.0
0.0
0.0
0.0
0.0
0.0
0.0
0.0
0.0
0.0
0.0
0.0
0.0
0.0
1.35904
0.0
0.0
0.0
0.0
0.0
0.0
-0.294969
0.0
0.0
0.0
0.0
0.0
0.0
-0.808155
0.0
0.0
0.0
0.0
0.0
0.0
0.0
0.0
0.0
-1.14632
0.0
0.0
0.0
0.0
0.0
0.0
0.0
0.0
0.0
0.0
0.474456
0.0
0.0
0.0
0.0
-0.689681
0.0
0.0
0.0
0.0
0.0
0.0
0.0
0.0
0.0
0.0
0.0
0.0
0.0
0.0
0.182745
0.0
0.0
0.0
0.0
0.0
0.0
0.862965
0.0
0.0
0.0
-1.47523
-0.658021
0.0
0.0
0.0
0.0
0.0
0.0
0.0
0.0
0.730319
0.0
0.0
-1.21133
0.0
0.0
0.0
0.0
0.0
0.0
0.0
0.0
0.0
0.0
0.0
0.0
0.0
0.0
0.0
0.0
-0.204549
0.0
0.0
0.0
0.0
0.0
0.0
0.0
0.0
0.0
0.0
0.0
0.0
-0.698707
0.0
0.0
0.0
0.0
0.0
0.0
0.0
0.0
0.0
0.0
0.0
0.0
0.0
-0.2281
0.756928
0.0
0.0
0.0
0.0
0.0
-1.61742
0.0
-1.21525
0.0
0.0
0.0
0.0
0.0
0.0
0.0
0.0
0.0
0.0
0.0
-0.882228
0.0
0.0
-0.246519
0.0
0.0
0.0
0.0
0.0
1.06831
0.0
0.0
0.0
0.0
0.0
0.0
0.0
0.0
0.0
0.0
0.0
0.0
0.0
0.0
0.0
0.0
1.62873
-0.0655039
0.0
0.0
0.614579
0.0
0.0
1.17289
0.0
0.0
0.0
0.0
0.0
0.0
0.0
0.0
0.0
0.145934
0.0
0.0
0.0
0.0
0.0
0.0
0.0
0.0
0.0
0.0
0.0
0.0671061
0.0
0.0
0.0
0.0
0.0
0.0
0.0
0.0
0.800417
0.0
0.0
0.0
0.0
0.0
-0.0331857
0.0
1.22866
0.0
0.0
-1.52112
0.0
0.0
0.591113
0.0
0.0
0.0
0.0
0.0
0.0
0.0
0.0
0.0
0.0
0.0
0.0
0.0
0.287937
0.0
0.0
0.0
0.0
0.0
0.0
0.0
0.0
0.0
0.366015
0.0
0.0
0.0
0.0
0.0
0.756685
0.0
0.0
0.0
0.0
0.0
0.0
0.0
0.0
0.0
0.0
0.0
0.0
0.0
0.0
0.0
0.0
0.0
0.0
0.0
0.0
0.0
0.0
0.0
0.0822364
0.0
0.0
-0.0271149
0.0
0.0
0.0
0.0
0.0
0.0
0.0
-1.90241
0.0
0.0
0.0
0.0
0.0
0.0
0.0
0.0
0.0
0.0
0.0
0.0
0.0
0.0
0.0
0.0
0.0
0.0
0.45877
0.0
0.0
0.0
0.0
0.0
0.0
0.0
0.0
0.0
0.446377
0.0
0.0
0.0
0.0
0.319255
0.0
0.0
0.0
0.0
-0.699619
-0.167718
0.0
0.0
0.0
0.0
0.0
0.230715
0.0
0.0
0.0
0.0
0.0
0.0
0.0
0.0
0.0
0.0
0.0
0.0
0.0
0.0
-0.620471
0.0
0.0
0.0
0.0
-1.1261
0.0
0.0
0.0
0.0
0.0
0.0
0.0
0.0
0.0
0.0
0.0
0.0
0.0
0.0
0.139832
0.0
0.0
0.0
0.0
0.0
-0.629396
0.0
0.0
0.0
0.0
0.0
0.0
-1.60967
0.0
0.0
-1.66684
0.0
0.0
0.0
0.0
0.0
0.0
0.364508
0.0
0.0
0.0
0.0
0.0
0.0
0.0
0.0
0.0
0.0
0.0
0.0
0.0
0.0
0.0
0.0
0.0
0.0
-0.33202
0.0
-0.00894687
0.0
0.0
0.0
0.0
0.0
0.0
0.0
0.0
0.756954
0.0
0.0
0.0
0.0
0.0
0.0
0.487155
0.0
0.0
0.0
0.0
0.0
0.0
0.0
0.0
0.0
0.0
0.0
2.35601
0.0
0.0
0.0
0.0
0.0
0.0
0.0
0.0
0.0
0.0
0.0
0.0
0.0
0.0
0.0
0.0
0.0
0.0
0.0
0.0
0.0
0.0
0.0
0.0
0.0
0.0
0.10559
0.0
0.0
0.0
0.0
0.0
0.0
0.0
0.0
0.0
0.0
0.0
0.0
0.0
0.0
0.0
0.0
0.0
0.0
0.0
0.0
0.0
0.0
0.0
0.0
0.911955
0.0
0.0
0.0
-1.81113
0.0
0.0
0.0
1.09686
0.0
0.0
0.0
0.0
0.0
0.0
0.0
0.0
0.0
0.0
0.0
0.0
0.0
0.0
0.0
0.0
0.0
0.0
0.0
0.0
0.0
0.0
0.0
0.0
-1.04991
0.0
0.0
0.0
0.0
0.969795
0.0
0.0
0.0
0.0
0.0
0.0
0.0
0.0
0.0
0.0
0.0
0.0
0.0
0.0
0.0
0.0
0.0
0.0
0.0
0.0
0.0
0.0
0.0
0.0
0.0
0.0
0.0
-0.166089
0.0
0.0
0.0
0.0
0.0
0.0
0.0
-0.465077
0.0
0.0
0.0
0.0
0.0
-0.739383
0.0
1.0174
0.0
0.0
0.0
0.0
0.0
0.0
0.0
0.0
0.0
0.0
0.0
-0.90462
0.604246
0.0
0.0
0.0
0.0
0.0
0.0
0.389813
-0.378577
0.0
0.0
0.0
0.0
0.0
0.0
0.0
1.6594
0.0
0.0
0.0
0.0
-0.0912505
0.0
0.0
0.0
0.0
0.0
2.07341
0.0
0.0
-2.32228
0.0
0.638972
0.0
0.0
-0.0726111
0.0
0.0
0.0
0.0
-0.063068
0.0
0.0
0.0
0.0
0.0
0.331358
0.0
0.0
0.0
-0.363446
0.0
0.0
0.0
0.0
0.0
0.0
0.0
0.0
0.0
0.0
0.0
0.0
0.0
0.0
0.0
0.0
0.0
0.0
0.0
0.0
0.0
0.0
0.0
0.0
0.0
0.0
0.0
0.0
0.0
0.437204
-0.378993
0.0
0.0
0.0
0.0
1.56024
0.0
0.0
0.0
0.0
0.0
0.0
0.0
0.0
0.0
1.75635
0.0
0.0
0.0
0.0
0.0
0.0
0.0
-0.860664
0.0
0.0
0.0
0.0
0.0
0.0
0.0
0.304656
0.0
-1.03661
0.0
0.0
0.0
0.0
0.0
0.0
0.0
0.0
0.0
0.0
0.0
0.0
-1.02534
0.0
0.0
0.0
-0.0630602
0.0
0.0
0.0
0.0
0.0
0.0
0.0
0.0
0.0
0.0
0.0
0.0
0.120906
-0.58713
0.0
0.0
0.0
0.0
-0.582514
-0.762201
-1.22595
0.0
0.0
0.0
0.0
0.0
0.0
0.0
0.0
0.0
0.0
0.0
0.0
0.195119
0.0
0.0
0.0
0.0
0.0
0.0
0.0
0.0
0.0
-0.396051
0.0
0.0
0.0
0.0
-0.0288499
0.0
0.0
0.0
0.0
0.0
0.0
0.0
0.0
0.0
0.0
0.0
0.0
0.0
0.0
0.0
0.0
0.0
-0.762326
0.0
0.0
0.0
0.0
0.0
0.0
0.0
0.0
0.0
0.0
0.0
0.0
0.0
0.0
0.0
0.0
0.0
-1.34087
0.0
-1.45275
1.8121
0.0
0.0
0.0
0.0
0.0
0.0
0.0
0.0
0.0
0.0
0.0
0.0
-1.02181
0.0
0.0
0.0
0.0
0.0
0.0
0.0
0.0
0.0
0.0
0.0
0.0
0.0
0.0
0.0
0.0
0.0
0.0
0.0
0.0
0.0
0.0
0.0
0.0
0.0
0.0
0.0
0.0
0.0
0.0
0.0
0.0
0.0
0.0
0.0
1.62075
0.0
0.0
0.0
0.0
0.0
0.0
0.0
0.0
0.0
0.0
0.0
0.0
-1.50948
0.0
0.0
0.0
0.0
0.0
0.0
0.0
0.0
1.78862
-0.695174
0.284649
0.0
0.0
0.0
0.0
0.0
0.0
0.0
0.0
0.0
0.0
0.0
0.0
0.0
0.0
0.0
0.0
0.0
-1.43295
0.0
0.0
0.0
0.0
0.0
0.0
0.0
0.0
0.0
-0.261218
0.0
0.0
0.0
0.0
0.0
0.0
0.0
0.0
0.0
0.0
0.0
0.0
0.0
0.0
0.0
0.0
0.0
0.0
0.0
0.0
0.0
0.0
0.0
0.0
0.0
0.0
0.0
0.0
0.0
-0.983551
-2.32417
-0.839451
-0.611633
0.0
0.0
0.0
0.0
0.0
0.0
0.0
0.0
0.0
0.0
0.0
0.0
0.0
0.0
0.0
0.0
0.0
0.0
3.70537
0.0
0.0
0.0
0.0
0.0
1.52855
0.0
0.0
0.0
0.0
0.0
0.0
0.0
0.0
0.0
0.784341
0.0
0.0
0.0
0.0
0.0
0.0
0.0
0.0
0.0
0.0
-1.82084
0.0
0.0
0.0
0.0
0.0
0.0
0.0
0.0
0.0
0.552479
0.0
0.0
0.0
0.0
0.0
0.0
0.0
0.0
0.0
0.0
0.0
0.0
0.0
0.0
0.0
-0.184235
0.0
0.0
0.0
0.0
0.0
0.0
0.0
0.743802
0.0
0.0
0.0
0.0
0.0
0.0
0.0
0.0
0.0
0.0
0.0
0.0
0.0
0.0
0.0
0.0
-0.709373
0.0
0.0
0.0
0.0
0.0
0.0
0.0
0.0
0.0
0.0
0.0
-0.0155639
0.0
-0.703725
0.0
0.0
0.0
0.0
0.0
1.46779
0.0
0.0
0.0
0.0
0.0
0.0
0.0
0.0610394
0.0
0.0
0.0
0.0
0.0
0.0
0.0
1.16661
-0.509736
0.0
0.0
0.0
0.0
0.0
0.0
-0.443132
0.0
0.0
-1.19743
0.0
0.0
0.0
0.0
0.0
0.0
0.0
0.0
0.0
0.0
0.0
0.0
0.0
0.0
0.0
0.0
0.0
0.0
0.0
0.0
0.0
0.0
0.0
0.0
0.0
0.0
0.0
0.0
-1.19276
0.0
0.0
0.0
0.0
-1.43465
0.0
0.0
0.0
0.0
0.0
0.0
0.0
1.25582
0.0
0.0
0.0
0.0
0.0
0.0
0.0
0.0
0.0
0.0
0.0
-1.47342
0.0
0.0
0.0
0.0
0.0
0.0
0.0
0.0
0.0
0.0
1.58035
0.0
0.0
0.0
0.0
0.0
0.0
1.61816
0.0
0.0
0.0
0.0
0.0
0.0
0.0
0.0
0.0
0.225851
0.0
0.0
0.0
0.0
0.0
0.0
0.0
0.0
0.0
0.0
0.0
0.0
0.0
-1.63839
0.0
0.617582
-1.1151
1.30928
0.0
0.0
0.0
0.0
0.0
0.0
0.0
0.0
0.0
0.0
0.0
0.44429
1.34314
0.0
0.0
0.0
0.0
0.0
0.0
0.0
-1.08167
0.0
0.0
0.0
0.0
0.0
0.0
0.0
0.0
0.0
0.0
0.0
0.0
0.0
0.0
0.0
0.0
0.0
0.0898278
0.0
0.0
-2.05086
0.0
0.0
0.0
0.0
0.0
0.0
0.0
0.0
0.0
0.0
0.0
0.0
0.982453
0.0
0.0
0.414311
0.0
0.0
0.313523
0.0
0.0
0.0
0.0
0.0
0.0
0.0
0.0
0.0
-2.75548
0.0
0.0
0.0
0.0
0.0
0.0
-0.521883
0.0
0.0
0.0
0.0
0.0
0.0
0.0
0.0
0.0
0.0
0.0
0.0
0.0
0.0
0.0
0.40802
0.0
0.0
0.0
-1.02135
0.0
0.0
0.0
0.0
0.0
0.0
0.760095
0.0
0.0
0.0
0.0
0.0
0.0
0.0
0.0
0.0
0.672602
0.0
0.0
0.283371
0.0
1.36022
0.0
0.0
0.0278591
1.06915
0.0
0.0
0.0
0.0
0.0
0.0
0.0
0.0
0.0
0.0
0.0
0.0
0.0
0.0
0.0
0.0
0.0
0.0
0.0
0.0
-1.39095
0.0
0.0
0.0
0.489765
0.33995
0.0
0.0
0.0
0.0
0.0
0.0
0.0
-1.30073
0.0
0.0
0.0
0.0
0.0
0.0
0.0
0.0
0.0
1.68574
0.0
0.0
0.0
0.0
0.0
0.0
0.0
0.0
-0.289578
0.0
0.0
0.0
0.0
-0.408994
0.0
0.0
0.0
0.0
0.0
0.0
0.0
0.0
-0.392156
0.0
0.0
0.0
0.0
0.0
-0.559646
0.0
0.0
0.0
0.0
0.0
0.0
0.0
0.0
0.0
0.0
0.0
-1.01524
0.0
0.0
0.0
0.0
0.0
0.0
0.0
0.0
0.0
0.0
0.0
0.0
0.0
0.883817
0.0
1.76923
0.0
0.0
0.0
0.0
0.0
1.39153
0.712424
0.0
0.0
0.0
0.0
-0.968962
0.0
0.0
0.0
0.0
0.0
0.0
0.0
0.0
0.0
0.0
0.102206
0.0
0.0
-0.849485
0.0
0.0
0.0
0.0
0.0
0.0
0.0
0.0
0.0
0.0
0.0
-1.6185
0.0
0.0
0.0
0.0
0.0
0.0
0.0
0.0
0.0
0.0
0.0
0.0
0.0
-1.52546
0.0
-0.829207
0.0
0.0
0.0
0.0
0.0
0.0
0.0
0.0
0.0
0.0
0.0
0.0
0.0
-0.929317
0.0
0.0
0.0
0.0
0.0
0.0
-0.0453983
0.0
0.0
0.0
0.0
-0.0576419
0.0
0.0
0.0
0.0
-1.41255
0.0
0.0
0.0
0.0
-1.64001
0.0
0.0
0.0
2.33418
0.0
0.0
0.0
-0.196651
-1.05387
0.0
0.0
0.0
0.0
-0.902623
0.0
0.0
0.0
0.0
0.0
0.0
0.0
0.0
0.0
1.28569
0.0
0.0
0.0
0.0
0.0
0.0
0.0
0.0
-0.764846
0.0
0.0
0.0
0.0
0.0
0.0
0.0
0.0
0.0
0.0
0.719821
0.0
0.0
-2.13939
0.0
0.0
0.0
0.0
0.0
0.0
0.0
0.0
0.0
0.0
0.0
0.917688
0.0
0.0
0.0
0.419113
0.0
0.0
0.0
0.0
0.0
0.0
0.0
0.0
0.0
0.0
0.0
0.0
0.0
0.0
0.0
0.0
0.0
0.0
0.0
0.0
0.0
0.0
-1.11358
0.0
0.0
0.0
0.0
-1.54334
0.0
0.443865
0.0
-0.705622
0.0
0.0
0.0
0.0
0.0
0.0
0.0
0.0
0.0
0.0
0.0
0.0
-0.22879
0.0
0.0
0.0
0.0
-0.82581
0.968112
0.0
0.0
0.0
0.0
0.0
0.0
0.0
0.0
0.0
0.0
0.0
0.0
0.0
0.0
1.71295
0.0
0.0
0.0
0.0
0.0
0.0
0.0
0.0
0.0
0.0
0.0
0.0
0.0
0.0
0.0
0.0
0.0
0.0
0.0
0.0
0.0
0.0
0.0
0.0
0.0
0.0
0.0
0.0
0.0
0.0
0.0
0.0
0.0676436
0.0
0.0
0.0
0.0
0.0
0.0
0.0
0.0
0.0
0.0
0.0
1.89831
0.0118784
-2.03934
0.135992
-0.0755619
-0.0521559
-3.20266
-0.596638
0.0266673
0.172208
1.25974
-0.0310036
-0.778002
-0.292603
-0.470192
-0.642194
-0.0402594
0.0608748
-0.00395399
-0.126776
-0.0914447
-0.264553
0.0410263
-0.0652251
-1.71845
0.200132
0.0487167
-1.32289
0.0874586
0.201931
-0.272116
-0.0171266
0.244093
0.154714
0.103618
0.261508
-0.605459
0.0
0.0
0.0
0.0
0.0
1.30172
0.0
0.0
0.0
0.0
0.0
0.0
0.0
0.0
0.0
0.0
0.0
0.0
0.0
0.0
0.0
0.0
0.0
0.0
0.0
0.0
0.0
0.0
0.0
0.0
0.0
0.0
0.0
-0.826095
0.0
0.0
0.0
0.0
0.0
0.0
0.0
0.0
0.0
-1.73623
-0.850304
0.0
-0.184313
0.0
0.0
0.0
0.0
0.0
0.356153
0.0
0.0
-0.816047
-0.9538
0.0
0.0
0.0
0.0
0.0
0.0
0.0
0.0
0.0
0.0
-0.822313
0.0
0.0
0.0
0.0
0.0
0.0
0.0
0.0
0.0
0.0
0.0
0.0
0.0
0.0
0.0
-0.785134
0.0
0.0
0.0
0.0
0.838153
0.547805
-0.107952
0.0
0.0
0.0
0.0
0.0
0.0
0.0
0.0
0.0
0.0
0.0
0.0
0.0
0.0
0.0
0.0
0.0
0.0
0.0
0.0
0.0
0.0
0.0
0.0
-0.554623
0.0
0.0
0.0
0.0
0.0
0.0
0.0
0.0
0.0
0.0
0.0
0.0
0.0
0.0
0.0
0.0
0.0
-0.145422
0.0
0.0
0.0
0.0
0.528723
0.0
0.0
0.0
0.0
0.0
0.0
-0.644121
0.0
0.0
-0.0161226
0.0
0.0
-1.11823
0.0
0.0
0.0
0.0
0.0
0.0
0.0
-1.49031
0.0
0.0
0.0
0.0
0.0
0.0
0.0
0.0
0.0
0.0
0.0
0.0
0.0
0.0
0.0
0.0
-0.200432
0.0
0.0
0.0
0.0
0.0
0.0
0.0
0.0
0.0
1.63027
0.0
-0.692017
0.0
0.0
0.0
0.0
0.0
-0.0542357
0.0
0.0
0.0
0.0
0.0
0.0
0.0
0.0
-0.165402
0.0
0.0
0.0
0.0
0.0
0.0
0.0
0.0
0.0
0.0
0.0
0.0
0.0
0.0
0.0
0.0
0.0
0.0
0.0
0.0
0.0
0.0
0.992171
0.0
0.0
0.0
0.0
0.874599
0.0
0.0
0.0
0.0
0.0
0.0
0.0
0.0
0.0
0.0
0.0
0.0
0.0
0.0
0.0
0.0
0.0
0.0
0.0
0.0
0.0
0.0
0.0
0.0
0.0
0.0
0.0
0.0
-0.330456
0.0
0.0
0.299491
0.0
0.0
0.0
0.0
0.0
-0.209816
0.0
0.0
0.0
0.0
0.0
0.0
0.0
0.0
0.0
-0.378789
0.0
0.0
0.486395
0.0
0.0
0.0
-0.614149
0.0
0.0
0.0
0.0
0.0
0.0
0.0
0.0
0.0
-0.305379
0.0
0.0
0.0
0.0
0.0
0.0
-0.755803
0.0
0.0
0.0
0.0
0.0
0.0
0.0
0.0
0.0
0.0
0.0
0.0
0.0
0.0
1.63987
0.0
0.0
0.0
0.0
0.0
-0.020562
0.168517
-0.294054
0.0310871
0.227623
0.594561
1.04512
-0.0355488
0.0340664
0.0310443
0.0595334
-0.147541
-0.460568
0.256786
-0.0268766
-0.00162569
0.043165
0.114336
-0.0986988
-0.0984581
-0.329772
-0.0653404
-2.74323
0.162967
0.914571
0.0700642
-1.19314
0.00429323
0.0608543
-0.199428
0.197733
0.0207606
0.00734484
0.353269
0.379445
0.265683
0.0
0.0
0.0
0.0
0.0
0.0
0.0
0.0
0.0
0.0
0.0
-0.341134
0.0
-1.04966
0.0
0.0
0.0
-0.00510682
0.0
0.0
0.0
0.0
0.0
0.0
0.0
0.0
0.0
0.0
0.35267
0.0
0.0
-0.638138
0.0
0.0
0.0
0.0
0.0
0.0
-0.332384
0.0
0.0
0.0
0.0
0.0
0.0
0.0
0.0
0.0
0.0
0.0
0.0
0.0
0.0
-0.713668
0.0
0.0
0.0
0.0
0.0
0.0
0.0
0.0
0.0
0.0
0.0
0.0
0.0
0.0
0.0
0.0
0.0
0.0
-0.756264
0.0
0.0
0.0
0.0
-0.4126
0.0
0.0
0.0
0.0
0.0
0.0
0.0
0.0
-1.46453
0.0
0.0
0.0
0.0
0.0
0.0
-0.129597
0.0
0.0
0.0
0.0
0.0
0.0
0.0
0.999492
0.0
0.0
0.0
0.876019
0.0
0.0
0.803041
0.0
0.0
0.0
-0.735993
0.0
0.0
0.0
0.0
0.0
0.0
0.0
0.0
0.0
0.0
0.0
0.0
0.0
0.0
0.0
0.0
0.0
0.0
-0.192031
0.0
0.0
0.0
0.0
0.0
0.73397
0.0
0.0
0.0
0.0
0.952204
0.0
0.0
-0.653877
0.0
0.0
0.0
0.185552
0.0
0.0
0.0
0.0
0.0
0.0
0.0
0.0
0.0
0.0
0.0
0.0
0.0
0.0
0.0
0.0142501
-1.14412
0.0
0.0
0.0
0.0
0.0
-0.521665
0.0
0.0
0.0
0.0
0.0
0.0
0.0
0.0
0.0
0.144648
0.0
0.0
0.0
0.0
0.0
0.0
0.0
0.0
0.0
0.0
0.0
0.0
0.0
0.0
0.0
0.0
0.0
0.0
0.0
0.0
0.0
0.0
0.0
0.0
0.0
0.0
0.0
0.0
0.0
0.0
0.0
0.381848
0.0
-0.952637
0.0
0.0
0.0
0.0
0.0
0.0
0.0
0.0
0.0387874
0.0
0.0
0.173072
0.0
0.0
0.0
0.0
1.61983
-0.537818
0.0
0.0
0.0
0.0
0.0
0.0
0.0
0.0
0.0
0.0
1.42155
0.0
0.0
0.0
0.684165
0.0
0.0
0.0
0.0
0.0
0.0
0.0
0.0
0.0
0.0
0.0
0.452562
0.0
0.0
0.0
0.0
0.0
0.0
-0.770833
0.0
0.0
0.0
0.0
0.0
0.0
0.0
0.0
0.0
0.0
0.0
0.0
0.0
0.0
0.0
0.0
0.0
0.0
0.0
0.0
0.0
0.0
0.0
0.0
0.0
0.0
0.0
0.0
0.0
0.0
0.0
0.0
0.0
0.0
0.0
2.26024
0.0
0.0
0.0
0.0
0.0
0.0
-0.64581
-0.358684
0.0
0.0
1.2447
0.0
0.0
0.0
0.0
0.0
0.0
0.0
0.0
0.0
0.0
0.0
0.0
0.0
0.0
0.0
0.0
0.0
0.0
0.0
0.0
0.0
0.0
0.0
0.0
0.0
0.0
1.0302
0.0
0.0
0.0
0.0
0.0
0.0
0.0
0.0
1.47933
0.0
0.0
0.0
0.0
0.0
0.0
0.0
0.0
0.0
0.0
0.0
0.0
0.0
0.0
0.0
0.0
0.803982
0.0
0.0
0.0
0.0
0.0
0.0
0.0
0.0
0.0
0.749938
0.644691
0.0
0.0
0.0
0.0
0.0
0.0
0.0
0.0
0.0
0.0
0.0
0.0
0.0
0.0
-0.188336
0.0
0.0
0.0
0.0
0.0
0.0
0.0
0.0
0.0
0.0
0.0
0.0
-1.22333
0.0
0.0
0.0
0.0
0.0
0.0
0.0
0.0
0.0
0.0
0.0
0.0
0.0
0.0
0.0
0.0606771
0.0
0.0
0.875941
0.0
0.0
0.0
0.0
0.0
0.0
0.0
0.0
0.0
0.0
0.0
1.24674
0.0
0.0
0.0
0.0
0.0
0.0
0.166866
0.0
0.0
0.0
0.0
0.0
0.0
0.0
0.0
0.768909
0.0
0.0
0.0
0.0
0.0
0.0
0.0
0.0
0.0
0.0
0.0
0.0
0.0
0.0
0.0
0.0
0.0
0.0
0.0
0.0
0.0
0.0
0.0
0.0
0.0
0.0
0.0
-1.66909
0.0
0.0
0.0
0.0
0.0
0.319824
0.0
0.0
0.0
0.0
0.0
0.0
0.0
0.0
0.0
-1.02629
0.0
0.0
0.0
0.0
-0.256548
0.0
-0.474745
0.0
0.0
0.0
0.0
0.0
0.0
0.0
0.0
0.0
-1.54684
0.0
0.0
0.0
0.0
0.0
0.0
0.0
2.35381
0.0
0.0
0.0
0.0
0.0
0.0
0.0
0.0
0.0
0.0
0.0
0.0
0.0
0.198762
0.0
0.0
0.0
0.0
0.0
1.37359
0.0
0.0
0.0
0.0
0.0
0.0
0.0
0.0
0.0
0.0
0.0
0.0
0.895256
0.0
0.0
0.0
0.0
0.0
0.0
0.0
0.0
0.0
0.0
1.7419
0.0
0.0
0.276514
0.0
0.0
0.0
0.0
0.0
0.0
0.0
0.0
-0.907366
0.0
0.0
0.0
0.145406
0.0
-1.2264
0.0
0.0
0.0
0.0
0.0
0.0
0.0
-0.158473
0.0
0.0
0.0
0.0
0.0
0.0
0.0
0.0
0.0
0.0
0.0
0.0
0.0
0.0
0.0
0.0
-0.900141
0.0
0.0
0.0
0.0
0.0
0.0
0.0
0.0
0.0
-2.20201
0.0
0.0
0.0
0.0
0.0
0.0
0.0
0.0
0.0
1.07209
0.0
0.0
0.0
0.0
0.0
0.0
-0.200173
0.0
0.0
0.0
0.0
0.0
0.0
0.0
0.0
0.0
0.0
0.0
0.0
-0.724609
0.0
0.0
0.0
1.78901
0.0
0.0
0.0
1.40578
0.0
0.0
0.0
0.0
0.0
0.0
0.0
0.0
0.0
0.0
0.0
0.0
0.0
0.0
0.0
0.0
-0.17286
0.0
0.0
0.0
0.371889
0.0
0.0
0.0
0.0
0.0
0.0
0.0
0.0
0.0
0.0
0.0
-0.455889
0.0
0.0
0.0
0.0
0.0
0.925405
0.0
0.0
0.0
0.0
0.0
0.0
0.0
0.0
0.362573
0.0
0.0
0.0
0.0
0.202362
1.03045
0.0
0.0
0.0
0.0
0.0
0.0
0.0
0.0
0.0
0.0
0.0
0.0
0.560061
0.0
0.0
0.0
0.0
0.0
0.0
-1.54738
0.0
0.0
0.0
0.0
0.0
0.806472
0.0
0.0
0.0
0.0
0.661465
0.0
0.0
0.0
-0.159718
0.0
0.0
0.0
0.0
0.0
0.0
0.0
0.0
0.0
0.863106
0.0
0.0
0.0
0.0
-2.5281
0.0
0.0
0.0
0.0
0.0
0.0
0.0
0.0
-1.37648
0.0
0.0
0.0
0.0
0.0
2.80497
0.0
0.0
0.0
0.0
0.0
0.143149
-2.05378
0.0
0.0
0.0
0.0
0.0
0.0
0.0
0.0
0.0
0.0
0.0
0.0
0.0
0.0
0.0
0.0
0.0
0.0
0.0
0.0
0.0
0.0
0.0
0.0
0.0
0.0
0.0
0.0
0.0
0.0
0.0
0.0
0.0
0.0
0.0
0.0
1.46349
0.0
0.0
0.0
0.0
0.0
0.0
0.0
0.0
0.0
0.862891
0.0
0.0
0.0
0.0
0.0
0.0
0.0
0.0
0.0
0.0
0.0
0.0
0.0
0.0
0.0
0.0
0.0
0.0
0.0
0.0
0.0
0.0
0.0
0.0
0.0
0.0
0.0
0.0
0.0
0.0
0.0
0.0
0.0
0.0
0.0
0.0
0.0
0.0
0.0
0.0
0.0
0.0
0.0
0.0
0.0
-0.8757
0.0
0.0
0.0
0.0
0.0
0.0
0.0
0.0
0.0
0.0
0.0
0.0
0.0
0.0
0.0
0.0
0.0
0.0
1.618
0.0
-2.23043
0.0
0.0
0.0
0.0
0.0
0.0
0.0
0.0
0.0
0.0
0.0
0.0
0.0
0.0
0.0
0.223876
0.0
0.0
0.0
0.0
0.0
0.0
0.0
0.836542
0.0
-1.456
0.0
0.0
0.0
0.0
0.0
0.0
0.0
0.0
0.0
0.0
0.0
0.0
0.0
0.0
1.03808
0.0
0.0
0.0
0.0
0.0
0.0
0.204103
0.0
0.0
0.0
0.0
0.0
0.0
0.0
0.0
-0.112173
0.0
0.0
0.0
0.0
0.0
0.0
0.0
0.0
0.0
0.0
0.0
0.0
0.0
0.0
0.0
0.736945
0.0562013
0.0
-1.54997
0.0
-0.134124
0.0
-0.345546
0.0
0.0
-0.109569
0.0
0.0
0.0
0.0
0.0
0.0
0.0
0.0
0.0
0.0
0.0
0.0
0.0
0.0
0.0
0.0
0.0
0.0
1.85263
-0.698243
0.0
0.0
0.0
0.0
0.0
0.0
0.0
0.0
0.0
0.0
0.0
0.0
0.0
0.0
0.0
0.0
0.0
0.0
0.0
0.0
0.0
-1.6181
0.0
0.0
0.0
0.0
0.0
0.0
0.0
0.0256482
0.568711
0.0
0.0
0.0
0.0
1.23824
0.0
0.0
-0.546043
0.0
0.473911
0.0
0.0
-2.20441
0.0
0.0
0.0
0.0
0.0
0.0
-0.972079
0.0
0.0
0.0
0.0
0.0
0.0
0.0
0.0
0.0
0.0
0.0
0.0
0.0
0.0
0.0
0.0
2.20376
-0.228978
0.0
0.0
0.0
0.0
0.0
0.0
0.0
0.0
0.0
0.0
0.0
0.0
0.0
0.0
0.0
0.0
0.0
0.0
1.538
-0.455151
-1.72034
0.0
1.21886
0.0
0.0
0.0
0.0
0.0
0.0
0.0
0.0
-0.385386
0.551675
0.0477965
0.0
0.0
0.0
0.0
0.0
0.0
0.0
0.0
0.0
0.0
0.0
0.0
0.0
0.0
0.0
0.0
0.0
0.0
0.0
0.0
0.0
0.0
0.0
0.0
0.0
0.0
0.0
0.0
0.0
0.0
0.0
0.0
0.0
0.0
0.0
0.0
0.0
0.0
0.0
0.0
0.0
-0.425843
0.0
0.0
0.0
0.0
0.0
0.0
0.0
0.0
0.0
0.0
0.0
0.0
0.0
-0.805855
-0.322293
0.0
0.0
0.0
0.0
0.0
0.0
0.0
-0.165161
0.0
0.0
0.0
0.0
0.0
0.0
0.0
0.0
0.0
0.0
0.0
0.0
0.0
0.0
0.0
0.0
0.0
0.0
0.0
0.0
0.0
1.74065
0.0
0.94503
0.553729
0.0
0.141744
0.0
0.0
0.0
0.0
0.0
-0.957493
0.0
0.0
0.0
0.0
0.0
0.0
0.0
1.02586
0.0
0.0
0.0
0.0
0.0
0.0
0.0
0.0
0.799973
0.0
0.0
0.0
0.0
0.0
0.0
0.0
0.0
0.0
0.0
0.0
0.0
0.0
0.0
0.0
0.0
0.0
0.0
0.0
0.0
0.0
0.0
0.0
0.0
0.0
0.0
0.0
0.0
0.0
0.0
0.0
0.0
0.0
0.0
0.0
-0.0725827
0.0
0.0
0.945929
0.0
0.0
0.0
0.0
0.0
0.0
0.0
0.0
0.0
0.0
0.0
-0.24641
0.0
0.0
0.0
0.0
0.0
0.0
0.0
0.0
0.0
0.0
0.0
0.0
0.0
0.0
0.0
0.0
0.0
0.0
0.0
0.0
0.0
0.0
0.0
0.0
-1.67448
0.0
0.0
-1.73543
0.0
0.0
0.0
0.0
0.254681
0.0
0.0
0.0
0.0
0.0
0.0
0.0
0.0
1.61746
0.0
0.0
0.0
0.0
0.0
0.0
0.0
0.0
0.0
-0.0353822
0.0
0.0
0.0
0.0
0.0
0.0
0.0
0.0
0.611833
0.0
0.0
0.0
0.0
0.0246628
1.4037
0.0
1.13047
0.0
0.0
0.0
0.0
0.0
0.0
0.0
0.0
-0.51237
0.0
0.0
0.0
0.0
0.0
0.0
0.0
0.0
0.598117
0.0
0.840658
0.0
0.0
0.0
0.0
0.0
0.0
0.0
0.0
0.0
0.0
0.0
0.0
1.23475
0.0
0.0
0.0
0.0
0.0
0.0
0.0
0.0
0.0
0.0
0.0
0.0
0.0
0.0
0.0148022
0.0
0.0
0.0
0.0
0.0
0.0
0.0
0.0
0.0
0.0
0.0
0.0
0.0
0.0
0.0
0.0
0.0
0.0
0.0
0.0
0.0
0.0
0.0
0.0
0.0
0.0
0.0
0.0
-1.69629
0.0
0.0
0.0
0.0
0.0
0.0
0.0
0.0
0.0
0.0
0.0
0.0
0.0
0.0
0.0
0.0
0.0
0.0
0.0
0.0
0.0
0.0
1.16964
0.0
0.0
0.0
0.0
0.0
0.0
0.0
0.0
0.0
0.0
0.0
0.0
0.108966
0.0
0.0
0.0
0.0
0.0
0.0
0.0
0.0
0.0
0.0
0.0
0.0
0.0
-0.671368
0.0
0.0
0.0
0.0
0.0
0.0
0.0
0.0
0.0
0.0
0.0
0.0
0.0
0.656819
0.0
0.0
0.0
0.0
0.0
0.0
0.0
0.0
0.0
0.0
0.0
0.0
0.0
0.0
0.0
0.0
0.0
0.0
0.0
0.0
0.0
0.0
0.0
0.0
0.0
0.0
0.0
0.0
0.0
0.0
0.0
-0.380942
0.0
0.0
0.0
0.0
0.965112
0.0
0.0
0.0
0.0
0.0
0.0
0.0
0.0
0.0
0.0
0.0
0.0
0.0
0.0
-0.038023
0.0
0.0
0.0
0.386639
0.0
0.0
0.0
0.0
0.0
0.0
0.0
0.0
0.0
0.0
0.0
0.0
0.0
0.0
0.0
0.0
0.0
0.0
-0.104548
0.0
0.0
0.0
0.0
0.0
0.0
0.0
0.0
0.0
0.0
0.0
0.0
0.0
0.582231
0.0
0.0
0.0
0.208405
-0.0963107
0.0
0.0
0.0
0.0
0.0
0.0
0.0
0.0
0.0
0.0
0.0
0.0
0.0
-0.185589
0.0
0.0
0.0
0.0
0.0
0.0
0.0
0.0
0.0
0.0
0.0
0.76879
0.0
0.0
0.0
0.0
0.0
0.0
0.0
0.0
0.0
0.0
0.0
0.0
0.0
0.0
0.0
0.0
0.0
0.0
0.0
0.0
0.0
0.0
0.0
0.0
0.0
0.0
0.0
0.0
0.0
-0.0504127
0.0
0.0
0.0
0.0
0.0
0.0
0.0
0.0
0.0
0.0
0.0
0.0
0.255851
0.0
0.0
0.0
0.0
0.0
0.0
0.0
0.0
0.0
0.0
0.0
0.0
0.0
0.0
0.0
0.0
0.0
0.0
0.0
-0.675155
0.0
0.0
0.0
0.0
-0.00144555
0.0
0.0
0.0
0.0
0.0
0.0
0.0
0.0
0.703992
0.0
0.0
0.0
0.0
0.216495
0.0
0.0
0.0
0.0
0.0
0.0
-0.269309
0.0
0.0
0.0
0.0
0.0
0.0
0.0
0.0
0.0
0.0
0.0
0.0
0.0
0.0
0.0
0.0
0.0
0.0
0.0
0.0
0.0
0.0
0.931156
0.0
0.0
0.0
0.0
0.0
0.0
0.0
0.0
0.0
0.0
0.0
-0.0506614
0.0
0.244904
0.0
0.0
0.0
0.0
0.0
0.0
0.0
0.0
0.0
0.0
-0.549233
0.0
0.0
-0.37375
0.0
0.0
0.0
0.0
0.0
0.0
0.0
-0.420223
0.0
0.0
0.0
-0.146882
0.0
0.0
0.0
0.0
0.0
0.0
0.0
0.0
0.0
0.0
0.0
0.0257971
-0.00512865
-0.144676
-0.0176253
0.0638648
1.62544
0.492913
-0.402719
-0.233732
0.0101419
0.0121879
-0.773309
0.0515466
-1.5314
-0.166541
-0.000912881
0.0444955
-0.423474
0.0556802
-1.35638
-0.261181
0.309216
-0.711632
0.279472
0.235139
-0.0804508
-1.55454
-0.149383
-0.091119
0.396305
0.154542
0.106331
-0.012242
0.40169
-0.162784
0.00166649
0.0
0.0
0.0
0.0
0.0
0.0
0.0
0.0
0.0
0.0
0.0
0.0
0.0
0.0
0.0
-1.27663
0.0
0.0
0.0
0.0
0.0
0.0
0.0
0.0
0.0
0.0
-0.230068
0.0
0.0
0.0
0.77205
0.0
0.0
0.0
0.0
0.0
0.0
0.0
0.0
0.0
-0.309157
-1.73576
0.0
0.0
0.0
0.0
1.57605
0.0
0.0
0.0
0.0
0.0
0.0
0.0
0.6616
0.0
0.0
0.0
0.0
0.0
0.107202
0.0
0.0
-0.65414
-0.409335
0.0
0.0
0.0
-0.898507
0.0
0.0
0.0
0.0
0.0
0.0
0.0
0.0
0.0
0.0
1.61281
0.0
0.0
0.0
0.0
0.0
0.0
0.0
0.0
0.0
0.0
0.0
0.0
0.0
0.0
0.0
0.0
0.0
0.0
0.0
0.0
0.0
0.0
0.0
0.0
0.0
0.0
0.0
0.297541
0.0
0.0
-1.30664
1.34727
0.0
0.0
0.0
0.0
0.345403
0.0
0.0
0.0
0.0
0.0
0.0
0.0
0.0
0.0
0.0
0.0
0.0
0.0
0.0
0.0
0.0
0.0
0.0
0.0
0.0
0.0
0.688001
0.0
0.0
-0.107838
0.0
0.0
-0.25185
0.198419
0.0
1.09339
0.0
0.0
0.0
0.0
0.0
0.0
0.0
0.0
0.0
0.0
0.0
0.0
0.0
0.374832
-1.58003
0.0
0.0
0.0
0.0
0.0
0.0
0.0
0.0
0.0
0.0
0.0
-0.798865
0.0
0.0
0.0
0.241343
0.0
0.0380529
0.147665
-0.233113
0.0752489
-0.101611
-0.33368
1.91483
-0.344697
0.312509
0.409955
-0.0999686
0.0431743
-1.06791
-0.412617
-0.155631
-0.0288376
0.264394
-0.564362
0.0160643
0.474319
-0.12359
0.251295
0.987854
1.4841
2.39438
-0.297353
0.983115
-1.54097
0.117897
0.00581039
-0.0704801
0.221269
0.162783
1.13342
2.87502
-2.39901
0.00555689
-0.265454
0.303704
0.00860603
-0.570688
0.612206
-2.14256
0.449246
-0.267783
-0.47053
0.0623195
0.319796
1.20987
0.516311
-0.278724
0.0139203
-0.30157
1.42355
-0.0442839
-0.598007
0.169919
0.056213
-0.973105
-1.45152
-2.52129
0.378729
-0.843776
1.51219
-0.00176398
-0.0143511
0.0721221
-0.363847
-0.297665
-0.994267
-3.14989
3.03484
-0.00240115
0.708438
0.282397
0.0154929
-0.0846068
0.38899
0.291121
-0.14132
0.238884
-0.0783681
0.0631518
-0.443011
1.51704
0.310561
-0.0840061
-1.09466
-0.0107332
0.355487
0.00895153
0.0174873
-0.31321
0.117588
0.0826231
0.104043
0.318699
-0.25522
-1.14029
-0.0503378
0.464236
-0.519768
0.0521415
-0.289502
0.0538401
0.740801
0.872257
0.356429
-0.00723901
0.0371368
-0.0969089
0.115231
-0.143452
-0.409467
0.3579
-0.266303
-0.125247
0.0583247
0.0980773
-1.03053
-0.0976568
0.859306
-0.0102997
-0.0167838
0.0389748
1.64086
-0.0084574
-0.174527
0.249002
0.0349036
-0.190089
0.276794
0.250002
-0.000282759
0.923631
0.0597149
-0.214417
-0.0822601
0.252273
0.132949
-0.119688
-0.258566
0.0196461
-1.14091
0.0436228
-0.118918
0.0706722
0.151177
-0.527518
0.279569
-0.227819
0.104245
0.0447161
-0.0606328
-0.0377533
0.36587
0.141449
0.103568
0.0307799
1.07428
-0.0370281
-0.00694305
-0.489428
-1.1213
0.0461884
0.307133
0.0160157
0.0325279
-0.128141
0.0808799
0.138118
-0.0289093
0.116145
-0.00805607
0.00180958
-0.142703
0.0358883
-0.313072
-0.274868
-0.560233
0.0382622
-0.0536365
0.0562034
0.00736069
-0.023147
-0.150916
-0.151109
-0.21772
0.065724
-0.113982
0.023289
-0.122921
0.120028
0.0865628
-0.101468
0.0111826
-0.0456235
0.108281
0.0718109
-0.0121836
0.0542439
0.133411
0.10035
0.107009
-0.1273
0.0723102
0.13911
0.0126436
0.0209931
0.11276
-0.0157064
-0.0177034
-0.0452619
0.103885
-0.0754975
-0.00306121
1.29256
1.43688
0.791799
-0.000422263
-0.00903638
0.542391
0.120731
-1.3717
0.651452
0.664554
-0.00597198
0.89463
1.02135
0.48926
-0.198858
0.00649192
0.0749635
0.353655
0.0068707
-0.298824
-1.75201
-0.183752
0.503518
0.503006
-0.13963
-1.80352
0.237951
-1.31312
0.0114842
0.041308
0.214539
0.246398
0.0559903
0.16628
-0.536941
0.747024
1.84318
1.04282
-0.356242
0.00699335
-1.67304
-0.0190627
-0.30086
-0.143463
0.101032
-0.0823299
0.0436384
-0.159458
2.09757
0.00380183
-0.906763
0.00769697
-0.0391752
-0.0153801
0.0692618
-0.0287883
-0.0175507
0.128159
0.0826729
0.0382346
-0.0265563
1.90372
-1.25451
0.0984537
0.019776
0.0473526
-0.024818
-0.0395029
-0.0311433
0.0462416
-0.081477
0.186197
1.76467
-1.53112
-1.96284
0.00712769
2.4929
-0.0957515
-0.0817925
-0.192984
0.0714036
-0.11471
0.0187325
-0.0732861
-1.08064
2.43982
-2.9898
1.62885
1.59435
0.0972891
0.0709277
0.0318958
0.0595531
0.130703
0.100143
0.0867839
0.896376
0.0792088
-0.454476
1.03877
0.602949
0.093845
-0.00886964
-0.0296361
-0.027742
0.0670052
-0.0440498
0.0326807
0.042719
1.08856
2.056
2.45539
2.64652
-2.72518
-0.0387626
-1.09145
0.0350566
-0.114004
0.015279
-0.0633067
0.110899
0.122606
2.50128
2.2248
-0.0420096
-1.78382
0.0743502
-0.00334225
0.0401425
0.135027
0.136289
0.0717467
1.60188
0.0507481
2.10416
0.0145863
-0.273534
0.108087
-0.0413386
-0.0296263
-0.0702896
0.070859
-0.0347584
-0.0222417
-0.0332795
-0.174585
2.18147
2.14203
1.57557
5.03812
-1.23806
4.06832
-0.379838
-0.11856
0.106287
0.328234
-0.825706
-3.01548
0.234271
2.66096
-1.89147
-0.71826
0.0784625
-0.55803
0.198869
0.197643
-0.85963
-0.705946
0.26348
-1.22312
0.967695
2.27406
0.0220715
-3.803
1.61175
-0.61586
-2.49537
0.483813
-0.158899
0.541019
-0.0178416
0.166941
-0.351307
2.48216
-0.499807
1.95636
3.30457
-1.47451
-0.802207
0.0986158
-0.00801678
-0.202166
-1.8412
0.622099
1.13569
0.00307321
-0.0424013
3.52593
-2.8235
2.05568
-0.245406
-0.150629
0.1917
-0.14235
-0.160598
-0.10325
-0.84358
-1.0368
0.00765595
-0.333309
0.169271
-0.141533
0.0356383
-1.22545
-0.564365
-2.22271
-0.00757396
-0.152213
0.140986
0.00112568
0.375953
1.37265
0.575751
3.31267
-0.285956
-0.169342
0.100213
0.486047
0.375902
-0.379906
-0.0510285
0.000752379
-0.321195
-2.18578
-0.441019
0.990341
-0.017531
0.0712191
-0.768157
-0.0780627
0.322919
0.0859028
0.0548873
-0.04527
-0.977018
-0.702842
1.84192
-0.685903
0.090309
0.319771
0.323791
1.1755
0.0214123
0.0718903
0.0954842
0.00433576
-0.0115202
-0.27797
-3.17862
-2.60343
-2.70144
-1.29792
0.0173127
-0.086076
0.411042
-0.0609657
-0.224525
0.00549447
-0.0155011
0.274704
-2.54475
2.68772
-2.18515
0.038792
0.0701206
0.0115321
-0.131688
0.0985888
0.127304
1.06444
0.00865267
0.132691
0.0394301
-0.0465151
0.0548639
-2.22298
-0.103842
0.291149
-0.00952129
0.415649
-0.00888866
-0.00111152
-0.0265423
0.400863
-1.01736
2.02788
0.818884
2.84113
0.0302586
-0.0419049
-0.827261
-0.185293
0.0670824
0.0012811
1.06512
0.30443
0.4385
-1.52685
2.1018
-0.944939
0.315002
2.9053
-0.346944
0.217115
-0.848359
0.0772294
0.0194574
0.000315177
0.135576
-1.30323
1.78362
1.75031
-0.173423
0.311715
0.0435776
-0.0158645
0.0471743
0.00733039
-0.00445925
-0.197137
1.38667
0.393789
2.12516
-2.52408
1.69192
0.0175187
0.094381
0.156188
-0.0233875
0.0086166
-0.012055
0.246243
0.0681488
0.00278682
-0.637375
-1.53149
-1.5938
2.39782
-0.116883
0.0552216
-0.05113
0.0211344
0.0179444
0.143285
-0.0016664
0.0133852
-0.0596937
-0.0449086
-0.0429059
0.0519752
-0.0111826
0.266508
0.126891
0.00149697
-0.0411253
1.37918
-0.507242
0.443597
-1.09671
2.02753
-2.58257
0.502512
-0.539548
-0.347699
0.0544221
0.00207815
-0.189708
-0.318997
0.0632887
0.141251
-0.613779
2.04416
1.98504
-2.58907
-0.000129147
0.234208
0.0113262
-0.0247555
0.0298664
-0.322395
-0.0779721
-0.753574
2.41557
0.0849359
-2.79168
3.65424
0.0641101
-0.196431
0.19725
0.00770151
0.0698944
-1.75158
0.273873
-0.294655
-0.0787368
-2.02662
2.90328
-1.68497
2.58912
0.411428
-0.553701
0.0130895
0.23566
0.366889
0.00512532
-0.497344
1.26479
-0.0178992
-3.2537
2.17572
0.130443
-0.114982
1.20944
-0.240511
-0.0350153
0.674024
0.284093
1.08314
-0.0225063
-0.126114
-1.07888
0.42245
-2.61041
1.23062
-0.442267
0.00222828
0.0160394
-0.523982
0.805053
-0.332375
-0.0994572
0.0224456
-0.000535713
-0.28895
2.57872
-1.21792
2.68293
0.00432086
-0.240017
0.408416
-0.00450032
0.0327965
-0.0474465
-0.028703
0.310004
0.225291
2.85941
-1.79605
-1.58815
-0.11979
0.00107059
0.325702
0.0938281
0.105283
0.0464016
-0.21345
0.015505
-0.683737
-2.08955
0.881379
-0.116737
-0.000185138
0.0110904
0.247819
0.694105
-0.0489508
-0.0978805
-0.09408
-0.0286329
0.328463
-2.25929
-2.61885
-0.767132
0.00207198
-0.076856
-0.0133302
0.0040708
0.0965343
-0.216752
-0.0363116
0.0621652
-0.156585
-2.62652
-1.06378
-0.826887
1.57294
0.00497581
-0.0839677
0.0254131
-0.170514
0.046903
-0.242827
-0.0499569
-0.22142
0.0405694
-1.90096
0.0562484
2.14896
-0.000952005
-0.102325
-0.0701183
-0.1843
0.072376
-0.105831
0.0213736
-0.0570095
0.126399
0.115121
0.441447
-2.74607
0.898069
0.0679787
0.0709891
0.00324639
0.0200855
0.130153
0.0887323
0.0765617
-0.0620305
-2.08583
-0.435047
0.357926
0.0208892
0.0851099
0.0122081
1.97962
-0.0154873
0.056515
-0.0481749
0.0681437
0.0446589
0.0801928
-0.862376
0.00698019
-1.33121
0.149912
-0.170075
-0.245243
0.0408726
0.166753
-0.0113633
-0.113664
0.4541
0.100943
-2.10959
1.89507
0.074883
-0.0037088
-0.649941
-0.100741
0.0393666
0.110091
0.0357421
0.239527
-0.149769
2.7698
-0.628428
1.53393
2.16702
0.194383
0.0679477
0.149625
-0.0289754
0.124013
-0.0532526
-0.0413311
0.00164343
0.0780702
0.848942
0.11474
-1.37153
1.84675
3.42948
-1.33736
-0.158064
0.393777
0.00285402
-0.674607
-1.01692
0.505806
-0.121501
1.58067
-1.96885
-0.763272
-2.38696
-0.946365
-0.215958
-0.113676
0.35465
0.592646
-0.0969877
-2.3388
-2.37044
-1.10797
-1.49084
0.0228463
0.508965
0.318122
0.00899906
-0.418115
-0.276176
-1.40694
-0.00516511
-0.023388
0.0054067
-0.000486026
-2.5179
-0.986801
2.30435
0.0884034
-0.000938037
0.0085626
0.0053329
0.0140566
0.11211
-0.0529122
-0.0101165
-0.166806
1.52752
0.894061
-0.599301
-0.0997012
0.00449838
-0.0111638
-0.142743
-0.0285983
-0.00973611
0.0263899
2.0022
-1.7683
-0.00116195
-0.0315841
2.66197
0.892808
1.65357
2.50705
-0.00961163
0.111808
0.0411347
-1.2838
-0.00566906
0.00698439
0.00530081
-2.36825
-1.9091
-1.60952
-0.316611
-0.857485
-0.0111211
0.351287
-0.901845
0.1013
0.167501
0.00824059
-0.232188
-1.27124
-2.80443
0.705868
1.91035
0.269882
0.251868
-0.4513
0.195029
-0.172376
0.020336
-0.544298
1.03692
0.478664
-1.81912
-3.10195
-2.74002
-0.422026
0.097455
-0.198901
0.0472392
-1.54311
0.0872406
0.00724117
0.00563704
-0.393663
2.5063
1.16881
-0.155175
-0.796456
0.00312826
0.257286
-0.947457
0.0798715
0.328793
0.00683569
-1.5398
-1.0395
-2.57222
3.06544
3.96943
1.13933
0.285421
-0.723625
0.095261
-0.157295
-1.4015
0.167497
0.0329894
-1.90485
0.0875144
-1.32022
0.497908
-0.564755
-1.98343
-2.33507
0.0369852
-0.0390491
0.0494573
0.0069081
0.000556474
-0.265408
-0.014835
-1.65258
1.38399
0.527083
0.00189919
-0.102643
0.255073
0.134196
-0.0450557
0.00959133
-0.00948647
0.0315777
1.86645
0.99876
1.97626
-0.926
-1.58754
0.139318
-0.0134313
0.0596719
0.0527211
0.0441678
0.0127048
-0.0917161
0.0941338
-0.00262148
-0.0178622
0.12404
1.38639
-0.0693571
-0.0181125
0.800467
0.0457855
0.000426963
-0.050868
1.49428
0.606331
0.0884758
-0.0758165
3.0669
2.47361
1.22891
-1.97079
-0.520579
0.58205
-0.00302268
-0.200037
-0.018106
1.23162
-0.903596
-0.398887
0.452831
0.556019
-1.67147
-0.422458
0.267412
-1.42791
-0.05731
0.0394809
-0.226515
-0.0379331
-2.41854
-0.381183
1.96663
-1.49104
0.615197
0.0329446
0.140295
-0.165219
0.00645256
0.0273712
-0.4338
-0.0472696
1.07399
-0.510741
-0.987278
2.69051
0.653028
0.598877
0.151703
-0.173992
0.0126934
0.164297
0.0289936
0.0700644
-0.280783
-2.19292
2.81549
1.89181
-0.627638
-0.0710056
0.0255241
0.472379
0.120037
-0.0019693
0.302908
0.0757741
3.06489
0.0381459
-0.0961118
2.21832
-2.23352
-0.0219739
0.505553
-0.148027
-0.000284068
-0.022034
0.102092
1.05994
-0.3528
0.00319629
-2.03358
0.436196
-0.368442
-0.818319
-0.032344
0.237125
0.00333534
-0.00359786
0.0513335
0.0535617
-0.310645
-0.955542
-0.167105
0.663906
1.92055
0.252734
0.00974757
-0.533329
-0.172359
-0.00312171
-0.140763
0.0930765
-0.256564
0.12043
-0.316042
1.09429
2.62223
0.040772
0.996676
0.0592426
0.00738561
-0.010196
-0.203973
-0.231299
-0.0385106
-0.00685861
-0.181155
0.0059913
-0.188933
0.0425963
-1.76495
-0.0196935
-1.90461
-0.0979201
-0.0357025
0.0776778
0.0533714
0.128622
0.168524
0.140364
0.114956
-1.30567
1.76517
1.06321
0.0276922
0.0244794
0.132833
-0.11246
-0.0563445
-0.0520343
0.347042
-0.0494675
-0.135425
1.03083
-4.0083
0.200244
0.00660056
0.0209266
0.239225
-1.30125
1.99166
-0.717964
-0.0940945
-0.0700752
-0.231155
4.12114
1.12308
-1.45821
1.16989
0.452492
-0.481605
0.123384
-0.000322741
1.84455
0.172754
-0.632839
-0.448998
-2.83598
0.206706
3.15535
-0.205669
-0.00709705
2.20736
-0.00780335
-0.184
0.022885
0.413603
0.289117
-0.0722981
0.804386
0.00152038
0.117875
0.00735878
1.28957
-0.283722
-0.904151
-0.17569
0.320063
-0.12294
0.0502708
-0.0932529
-2.15352
-2.46764
-0.285548
0.00558375
-0.0329576
-0.194633
0.0695788
-0.0708043
-0.050929
0.149608
0.0800998
0.0578737
0.0900315
1.81397
-0.808921
-1.65995
-0.073126
0.103716
-0.0682859
0.00694426
-0.071477
0.246
-0.0991497
0.856513
0.0392796
-0.0716147
1.60129
1.54319
-0.362091
2.32619
-0.0794724
-0.187734
0.0661844
-0.120123
0.0171923
-0.0786123
-1.41195
0.125612
1.44442
2.79802
1.208
0.10043
0.071093
0.0410231
0.0830423
0.132774
0.104982
0.0870233
-0.0935879
0.0693237
0.672788
1.26656
2.19873
0.0997288
-2.78161
-0.0328647
-0.0294483
0.066922
-0.039512
0.0146771
0.0330869
-0.148404
1.92557
-0.715542
1.77154
-0.847082
0.654855
-0.391204
-0.0633239
0.0158294
-0.0208394
-0.454347
0.514861
0.273738
0.989757
0.00137114
0.697686
-0.035321
0.00647845
-0.02767
0.192597
-0.0235823
0.158264
0.232845
-0.447595
-0.168001
0.534879
-2.16049
2.84095
0.299778
-1.24355
1.06237
0.0413078
-0.0929918
0.130211
-0.666032
-0.00828741
0.198276
0.0112158
-0.000492233
-0.831254
0.512833
-0.317437
0.0216033
0.00394761
0.261953
0.0256957
0.0649592
0.0473067
-0.127096
-0.0162384
-0.888126
-2.00093
2.95368
-1.19986
0.00126667
-1.44906
-0.0800351
-0.169476
-0.0225508
-0.0923368
0.110762
-0.0424431
1.14214
1.8569
0.621227
0.0821508
1.41938
0.0947264
-2.50317
-0.041124
0.328309
0.0405662
0.333145
0.00427793
0.00698614
2.53279
-0.568338
-0.650514
-0.327288
0.186741
0.363815
-0.138681
-0.0617331
1.57326
0.204329
-0.259814
0.00805998
3.09561
1.03346
-0.642494
-1.44826
-0.0196745
2.72754
-0.433037
0.190339
-0.436615
0.0599504
0.879987
0.0107587
0.438724
-0.595255
1.62468
2.42152
-1.04026
-0.118441
-0.0624145
0.000207169
-0.00529903
0.0181032
-0.00117929
-0.000687488
0.00055937
0.173052
-2.80714
0.101351
0.0923197
0.0368583
0.00871681
0.0409725
-0.0418024
-0.0566658
0.012977
-2.3893
-0.545817
-0.00782962
1.83168
-0.709922
1.18938
-0.0196403
-0.0433726
0.0340738
-0.00758701
0.0654441
-0.00597412
0.0469917
2.89251
-0.0224191
-2.52328
1.10779
1.9044
0.20403
-0.019193
0.210171
-0.00595581
-0.14777
0.216452
0.000166496
-0.00611906
-0.358754
-1.24293
-0.888772
1.93012
0.143249
-0.041172
-0.0827803
1.13471
-0.0814245
-0.306104
-1.78505
-0.0320911
-3.11144
1.59601
0.210121
0.223415
-2.53349
-0.783145
-0.311156
-0.0825416
0.0917903
0.183835
-0.0422115
-0.0102011
-0.0625808
0.025369
0.224821
-2.03021
2.68311
2.67336
0.495704
-0.0108931
0.311173
-0.122944
0.00171363
-0.0164955
-0.316885
0.629462
0.0428777
-0.350628
-1.27748
-1.19518
-0.392507
-0.15641
-0.0264944
0.146063
0.00658975
0.088948
0.0798279
0.141342
-0.395584
0.271557
2.0106
-0.4888
-0.367406
0.56323
-0.0314022
-0.295927
-0.345882
-0.0148408
0.0538106
-2.37892
2.51278
-2.56481
-1.02976
-0.221383
0.31657
0.0241758
0.918531
0.328541
0.00845406
-0.0454421
2.27031
-0.456778
-0.328373
0.0962903
0.162444
0.154131
0.0358768
-0.741142
-0.717291
-0.593517
0.00192071
-0.00475292
-0.136271
0.0797789
-0.716823
-0.674288
-2.59874
3.07348
1.00811
0.310022
0.121223
-1.32352
-0.157893
0.0235016
-0.00538403
0.0321963
-0.319087
-1.4726
-2.18759
1.82137
5.22116
0.00907379
-0.0462213
0.0152564
0.0773733
-0.0918197
0.290389
-0.107629
0.227891
0.588344
1.88986
-0.0627742
0.397278
0.0294684
0.0384236
0.0847209
-0.0243652
0.0279624
-0.00778026
-0.0956539
-0.151152
0.00806984
0.18511
-0.658097
2.62484
-0.0679879
-0.0245378
0.0577222
-0.0764893
0.0955565
-0.0822791
-0.0507368
-0.112296
-0.0126087
0.0558007
-2.34332
-1.03902
-0.953282
-0.320002
-0.221531
0.226008
-1.3179
-1.8244
-0.0169651
3.16615
-0.55677
0.377655
-0.0358766
-0.217444
-1.10367
-0.424927
-1.30045
-0.0570023
0.668459
-0.609138
0.320651
0.0604996
3.79145
2.25007
-1.48687
-5.20774
-2.5444
-3.19597
0.982464
-6.78177
4.19441
0.315553
-2.32774
-3.36824
-1.40449
-0.549867
-0.766093
0.340195
-2.22908
-1.05611
-0.616959
2.29222
-0.898044
-0.667665
1.30329
0.660332
-0.309077
1.86185
-1.05285
-1.09224
5.79294
-4.33341
0.0903589
1.32612
-2.00819
-0.750315
0.8346
0.873806
-0.930918
-0.0463432
0.521105
-2.17085
-1.10801
-0.462977
0.367284
-0.0762258
0.859207
-1.25465
-0.677037
0.62431
-1.45287
-0.338299
3.34066
0.490906
-0.0847357
-0.223035
1.23615
-0.114321
-1.78735
2.03884
0.399793
-2.70493
-1.42364
1.90922
0.159092
-3.18058
-1.16184
-1.34903
-0.552235
-1.10885
-3.81007
0.998642
-3.10351
0.509758
-1.60988
-4.17566
0.623253
1.1119
-2.67465
-2.87174
-2.5189
-4.11544
-0.333154
0.655669
0.051078
0.726091
2.86416
-1.82086
-3.23492
-1.67961
0.401859
0.0567505
3.13235
0.624787
-2.44324
-0.368456
-0.0611435
-0.0469411
-2.29667
-0.954639
0.119735
2.07499
0.782584
-0.832569
-0.462367
-0.262731
1.36448
-3.05326
0.256228
2.20119
-0.331537
0.268074
-0.110813
-0.0572836
-1.95705
-0.7586
-0.795419
-0.935014
-2.37848
-4.02474
-5.90544
-2.71481
2.58198
3.17474
-6.64721
4.89236
-1.2288
-0.633491
-0.294061
-0.172887
