[125, 49, 49, 4]
0.0
0.0
0.0
0.0
0.0
0.0
0.0
0.0
0.0
0.0
0.0
0.0
0.0
0.0
0.0
0.0
0.0
0.0
0.0
0.0
0.0
0.0
0.0
0.0
0.0
0.0
0.0
0.0
0.0
0.0
0.0
0.0
0.0
0.0
0.0
0.0
0.0
0.0
0.0
0.0
0.0
0.0
0.0
0.0
0.0
0.0
0.0
0.0
0.0
0.0
0.0
0.0
0.0
0.0
0.0
0.0
0.0
0.0
0.0
0.0
0.0
0.0
0.0
0.0
-1.82295
0.0
-0.238109
0.0
0.0
-0.180432
0.0
0.0
0.0
0.0
0.0
0.0
0.0
0.0
0.0
0.0
-0.224251
0.0
0.0
0.0
0.0
0.0
0.0
-1.436
0.0
0.0
0.0
0.0
2.32675
0.0
0.0
0.0
0.0
0.0
0.0
0.0
0.0
0.0
0.0
0.0
0.0
0.0
0.334606
0.0
0.0
0.0
0.0
0.0
1.38617
-0.164009
0.0
0.0
0.0
0.0
0.0
0.0
0.0
0.0
0.0
0.0
0.0
0.0
0.0
0.0
0.0
0.0
0.0
0.0
0.0
0.0
0.0
0.0
0.0
0.0
0.0
0.0
0.0
0.0
0.0
0.0
0.0
0.0
0.0
0.00877707
-0.266115
0.0765244
0.000803973
-0.00029185
-0.0249632
0.124815
0.453097
-0.147677
0.642579
0.00184327
-0.781979
0.447483
-0.195226
0.0816962
0.971087
0.337854
-0.475521
-0.0461481
-0.902259
0.204659
-0.129876
-1.43306
-0.0320334
-0.0201003
0.974608
-0.119198
-0.0771324
-0.031629
0.0468916
0.174915
-0.0996494
0.0265745
-0.835166
0.358942
0.352046
0.334602
0.357739
0.0468888
-0.789906
0.0963753
-0.628972
0.129638
-0.00443088
-0.338885
-0.11133
0.0736225
0.0859514
0.705096
0.0
0.0
0.0
0.0
0.0
0.0
0.0
0.0
-0.209792
0.0
0.0
0.0
0.0
0.0
0.0
0.0
0.0
0.0
0.0
0.0
0.0
0.0
0.0
0.0
0.0
0.0
0.0
0.0
0.0
1.34204
0.0
0.0
0.0
0.0
0.0
1.33121
2.46332
0.0
0.0
0.0
0.0
0.0
0.0
0.0
0.0
0.0
-0.384717
0.0
0.0
0.00482066
0.250397
0.0884646
-0.707587
-0.00302211
-0.0162786
0.0471143
0.821053
-0.0344427
-0.0489429
0.0422768
-0.172432
-0.0195595
-0.487865
-0.378186
-0.0322731
0.348699
0.0467512
-0.0215002
-0.255363
0.386805
-0.36371
-0.242467
0.0427676
-0.167438
0.925067
-0.266177
-0.0727023
0.0150768
0.787168
-0.142295
-0.0884462
0.0170941
-0.622569
-0.0885235
-0.407412
1.49435
0.238183
0.236115
0.312705
0.0511599
0.137496
0.067633
0.112188
0.431392
-0.919779
0.26353
-0.244051
-0.151533
0.0
0.0
0.0
0.0
0.0
0.0
0.0
0.0
0.0
0.0
0.0
-0.474602
0.0
0.0
0.0
0.0
0.0
0.0
0.0
0.0
0.0
0.0
0.0
0.0
0.0
0.157539
0.0
0.0
0.0
-1.16231
0.0
0.0
0.0
0.0
0.0
0.0
0.0
0.0
-1.03185
0.0
-1.27179
0.0
0.0
0.0
0.0
0.0
0.0
-1.48072
0.0
0.00918836
-0.197846
0.207403
0.397818
-0.00304072
-0.0512276
0.275875
0.744315
-0.238166
0.231527
-0.0621148
-0.844569
0.00510682
-0.798257
0.326293
0.0188795
0.153257
-0.367275
0.398395
-0.56667
0.0194587
0.00937276
0.642716
0.0343713
0.173177
-0.288002
0.113571
0.0400479
0.0370947
0.0250452
-0.22628
0.280119
1.0571
-0.213962
-0.00687469
-0.44145
0.0924239
0.286858
-0.547072
-0.272941
0.243905
0.635415
-1.18312
0.201854
0.375307
-0.903301
0.170743
-0.279975
-0.112149
0.0
0.0
0.409316
0.0
0.0
0.0
0.0
0.0
0.0
0.0
0.0
0.0
0.0
0.0
0.118607
0.0
0.0
0.0
0.0
0.0
0.0
0.326003
0.0
0.0
0.0
0.0
-0.25069
0.0
0.0
0.0
0.0
0.0
0.0
0.374514
0.0
0.0
0.0
0.771773
0.0
0.0267524
0.0
0.0
0.0
-1.09345
0.0
0.0
0.0
0.0
0.0
0.0
0.0
0.0
0.0
0.0
0.0
0.0
0.0
0.0
0.0
0.0
0.0
0.0
0.0
0.0
0.0
-0.578807
0.0
0.0
0.0
0.0
0.0
0.0
0.0
0.0
0.0
0.0
0.0
0.0
0.0
0.0
0.0
0.0
0.0
0.0
0.0
0.0
0.0
0.0
0.0
0.0
0.0
0.0
0.0
0.0
0.0
0.0
0.0
0.0
0.0
0.0
0.0
1.42144
0.0
0.0
0.0
0.0
0.0
0.0
0.0
0.0
0.0
0.0
0.0
0.0
0.0
0.0
0.0
0.0
-0.671546
0.0
0.0
0.0
0.0
0.0
0.0
0.0
0.0
0.0
0.0
0.0
0.0
0.0
0.0
0.0
0.0
0.0
0.0
0.0
0.0
0.0
0.0
-0.0754507
0.0
0.0
0.0
0.0
0.0
0.0
0.0
0.0
0.0
0.31917
0.0
0.0
0.0
0.0
0.0
0.0
0.0
0.0
0.0
0.0
0.0
0.0
0.0
0.0
0.0
0.0
0.0
-0.15305
0.0
0.0
0.0
0.0
0.0
0.0
0.0
0.0
0.0
0.0
0.0
0.0
0.0
0.0
0.0
0.0
-1.64199
0.0
0.0
0.0
0.0498606
0.0
0.0
0.0
0.0
0.0
0.0
0.0
0.0
0.0
0.0
0.0
0.0
0.0
0.0
0.0
0.0
0.0
0.0
0.0
0.0
0.0
0.0
0.148808
0.0
0.0
0.0
0.0
0.0
0.0
0.0
0.0
0.0
1.05342
0.0
0.0
-0.804468
0.0
0.0
0.0
0.0
0.0
0.0
0.0
0.0
0.0
0.0
0.0
0.0
0.0
0.0
0.0
0.0
0.0
0.0
-0.611266
-0.210795
0.133951
0.00165206
0.00210729
-0.0532969
-0.0765821
0.418079
0.239989
-0.132898
-0.0141682
-0.387955
0.234632
-1.92917
-0.406238
-0.00190036
0.00126497
0.0017265
-0.0189697
-1.30794
0.21683
0.0454846
-0.32709
0.0579775
0.0133561
0.768047
-0.186047
0.0353961
0.0135314
0.0262657
-0.00239452
-0.0662268
0.0279042
-0.364605
0.231076
0.0661209
0.360527
0.325623
0.150698
-0.561521
0.120941
-0.114394
0.168948
-0.000131891
-0.363366
-0.0943355
0.0965445
-0.0544098
0.430102
0.0
0.0
-0.427995
0.0
0.0
0.0
0.0
0.0
0.139782
0.0
0.0
0.0
0.0
0.0
0.0
0.0
0.0
0.0
0.0
0.0
0.0
0.0
0.0
1.11374
0.0
0.0
0.0
0.0
0.0
0.0
0.0
0.0
0.0
0.0
0.0
0.0
0.0
0.0
-0.893474
0.0
0.0
0.0
0.0
0.0
0.0
0.0
0.0
0.0
-0.24631
0.0
0.0
0.0
-1.03406
0.0
0.0
0.0
0.0
0.0
0.0
0.0
0.0
0.0
0.0
0.0
0.0
0.0
0.0
0.0
0.0
0.0
0.0
0.0
0.0
-0.859464
0.0
0.0
-0.184603
0.0
0.0
0.0
0.0
0.0
0.0
0.0
0.0
0.6042
0.0
0.0
0.0
0.0
0.0
0.0
0.0
0.0
0.0
0.0
0.0
0.0
0.0
0.0
0.0
0.0
0.0
0.0
0.0
0.0
0.0
0.0
0.0
0.0
0.0
0.0
0.0
0.0
0.0
0.0
0.0
0.0
0.0
0.0
0.0
0.0
0.0
0.0
0.0
0.0
0.0
0.0
0.0
0.0
0.0
0.0
0.0
0.0
0.0
0.0
-0.732292
0.0
0.0
0.0
0.0
0.0
0.0
0.233805
0.0
0.0
0.0
0.0
0.0
0.0
-0.0130839
0.0
-0.121797
0.0
0.0
0.0
0.0
0.0
0.0
0.0
0.0
0.0
0.0
0.0
-0.817758
0.0
0.0
0.0
0.0
0.0
0.0
0.768774
0.0
0.0
0.0
0.0
0.0
0.0
0.0
0.0
0.0
0.0
0.0
0.0
0.0
0.0
0.0
0.0
0.504745
0.0
0.0
0.0
0.0
0.0
0.0
0.0
0.0
0.0
0.0
0.0
0.0
0.0
0.0
0.0
0.248698
0.0
0.0
0.0
0.0
1.64861
0.0
0.0
0.0
0.0
0.0
-0.917833
0.0
0.0
0.0
0.0
0.0
0.5402
0.0
0.0
0.0
0.0
0.0
0.161347
0.0
0.0
0.0
0.0
0.0
0.96205
0.0
0.46643
0.0
0.0
0.0
0.0
0.0
0.0
0.0
0.0
0.0
0.0
0.0
0.0
0.0
0.0
0.0
0.0
0.0
0.0
0.0
0.0
0.0
-0.0979848
0.0
0.0
0.0
0.0
0.0
0.0
0.0
0.0
0.0
0.0
0.0
0.0
1.33435
0.0
0.0
0.0
0.0
0.0
0.0
-0.986792
0.0
0.0
0.0
0.0
0.0
0.0
0.794999
0.608031
0.0
0.0
0.922635
0.0
0.0
0.0
0.0
0.3246
0.0
0.0
0.0
0.0
-0.361289
0.0
0.0
0.0
0.0
-2.61417
0.0
0.0
0.0
0.0
0.0
0.0
0.0
0.0
0.0
0.0
0.945573
0.0
0.0
0.0
0.0
0.0
0.0
0.0
0.0
0.0
0.0
0.0
0.0
2.20944
0.0
0.0
0.0
1.06704
0.0
-0.694698
0.0
0.0
0.0
0.0
0.0
0.0
0.0
0.0
0.0
0.0
0.0
-0.791154
0.0
0.0
0.0
1.46371
0.0
0.0
0.0
0.0
0.0
0.0
-0.128636
0.0
0.0
0.0
0.0
0.0
0.0
0.0
0.0
0.0
0.0
0.0
0.0
0.0
0.0
0.0
0.0
0.0
-0.636943
0.0
0.0
0.0
0.0
0.0
0.0
0.0
0.0
1.22367
0.0
0.0
0.0
0.0
0.0
0.0
0.0
0.0
0.0
0.0
-1.89819
0.0
0.0
0.0
0.0
-1.84468
0.0
0.67898
0.0
0.0
0.0
0.0
0.0
0.0
0.0
0.0
0.0
-0.306169
0.0
0.0
0.0
0.0
-1.08823
0.0
0.0
0.0
0.0
0.0
0.0
0.0
0.0
0.0
0.0
0.0
0.0
0.0
-0.10157
0.0
0.0
0.0
0.0
0.120074
0.0
0.0
0.0
0.0
0.0
0.0
0.0
0.701716
0.0
0.415956
0.0
0.0
0.629609
-0.0766639
0.0
0.0
0.0
0.0
-1.05375
0.0
0.0
0.0
0.0
0.0
0.0
0.0
0.744311
0.0
0.0
0.0
0.0
0.0
0.0
0.0
0.0
0.0
-0.164723
0.0
0.0
0.0
0.0
0.0
0.0
0.0
0.0
0.0
0.0
0.0
0.0
0.441454
0.0
0.0
0.0
0.0
0.0
0.0
0.0
0.0
0.0
0.0
0.0
0.0
0.0
0.0
0.0
0.0
0.0
0.0
0.0
0.0
0.0
-0.0470277
0.0
0.228041
0.0
0.645003
0.0
0.0
0.0
-0.183273
0.0
0.0
0.0
0.0
0.0
0.0
0.0
-0.41344
0.0
0.0
0.0
0.0
0.752791
0.0
0.0
0.0
0.0
0.0
0.0
0.0
0.0
0.0
0.0
1.61329
0.0
0.0
0.0
0.0
0.0
0.0
0.0
0.0
0.0
0.0
0.0
0.0
0.0
0.0
-1.31305
0.0
0.0
0.0
0.0
0.0
0.0
0.0
0.0
0.0
0.0
0.594993
0.0
0.709223
0.0
0.0
0.0
0.0
0.0
0.0
1.10638
0.0
0.0
0.0
0.0
0.0
0.0
0.279596
0.0
0.0
0.0
0.0
0.0
0.0
0.0
0.527991
-1.59319
0.0
0.0
0.0
0.0
1.14183
0.0
0.0
0.0
0.0
0.0
0.0
0.508902
0.0
0.0
0.0
0.0
-0.449065
0.0
0.0
-0.429112
0.0
0.0
0.0
0.0
0.0
0.0
0.0
0.0
0.0
0.0
0.0
-0.618717
0.0
0.0
0.0
0.0
0.0
0.0
0.746102
0.23025
0.0
0.0
0.0
0.0
0.0
-1.04708
0.0
0.0
0.0
1.17133
0.0
0.0
0.0
0.0
0.0
0.0
0.765808
0.121054
0.0
0.0
0.0
-1.52284
0.0
0.0
0.0
0.0
0.0
0.0
0.0
1.14594
-0.218559
0.0
0.0
0.409319
0.578621
0.0
0.0
0.0
0.0
0.0
0.0
1.81749
0.0
0.0
0.0
0.0
-0.797605
-0.860892
0.0
0.0
0.0
0.0
0.0
0.0
0.0
0.0
0.0
0.0
0.0
0.0
0.0
0.0
-0.104253
0.0
0.0
0.0
0.0
0.0
0.0
0.0
0.0
0.0
0.0
0.0
0.0
0.0
0.0
0.0
0.0
0.0
-1.55431
1.42574
0.0
1.36861
0.0
0.0
0.0
0.0
-1.12618
0.0
0.0
0.0
0.0
0.0
0.0
0.0
0.0
0.0
0.0
0.0
0.0
0.0
0.0
0.0
0.0
0.0
0.0
0.0
0.0
0.0
0.0
0.650229
0.0
0.0
0.0
0.0
0.0
0.0
0.0
0.0
0.0
0.0
0.0
0.0
0.0
0.0
0.0
0.0
0.0
-1.09848
0.0
-0.254712
0.0
0.0
0.0
0.0
0.0
0.0
0.0
0.0
0.0
0.0
0.0
0.0
0.0
0.0
0.0
0.0
0.0
0.0
0.43919
0.0
0.0
0.0
0.0
0.0
-1.38215
0.0
0.0
0.0
0.0
0.0
0.0
0.0
0.0
0.0
0.0
0.0
0.0
0.0
0.0
0.0
-1.70125
0.0
0.0
0.0
0.323384
0.0
0.0
0.0
0.0
0.0
0.0
0.0
0.0
0.602668
0.0
0.0
0.0
0.0
0.0
0.0
0.0
0.0
0.0
0.0
0.0
0.0
0.0
0.0
0.0
0.0
0.0116411
0.341556
0.225967
0.000948882
0.00411062
-0.0144646
0.0386109
0.188735
-0.178019
0.0919421
-0.0314114
0.148676
0.206253
0.246553
-0.317413
-0.0463169
0.177772
0.0274955
-0.23732
-0.0329973
0.225493
8.68496e-05
-0.0857607
-0.00335756
-0.0441323
-0.0360569
0.436167
0.0518812
1.13067
-0.00274874
-0.500483
-0.0736579
0.0266254
-0.249407
-0.275759
0.289427
0.224007
0.473445
-0.0763599
-0.0181222
0.00785885
0.0528082
0.201721
-0.134248
0.338017
-0.33851
-0.0966871
0.0187988
0.196549
0.0
0.0
-1.02695
0.0
0.883945
0.0
0.0
0.0
0.0
0.0
0.0
0.0
0.0
0.0
0.0
0.0
0.303098
-1.04415
0.0
0.0
0.0
0.0
0.0
0.0
0.0
0.0
0.0
0.0
0.0
0.0
0.0
0.0
0.0
0.0
0.0
0.0
0.0
0.0
0.0
0.0
0.0
0.0
0.0
0.0
0.0
0.0
0.0
0.0
0.0
0.0
0.0
0.0
0.0
0.0
0.0
0.0
0.0
0.0
0.0
0.0
-0.280908
0.0
-1.4608
0.0
0.0
0.0
0.0
0.0
0.0
0.0
0.0
0.0
0.0
0.0
0.0
0.0
0.0
0.0
0.0
0.0
0.0
0.0
0.0
0.0
0.0
0.0
0.0
0.0
0.0
0.0
0.0
0.9299
0.0
0.0
0.0
0.0
0.288953
0.0
0.00502702
-0.288457
-0.11615
-0.000358648
-0.00492325
0.0520682
-0.371243
0.591834
-0.226202
-0.0253276
-0.0670483
0.127552
-0.220417
0.133613
-0.277557
0.024486
0.113889
0.164044
0.0034619
-0.543275
0.132288
-0.0669723
0.360143
0.00586182
-0.0749989
0.421669
-0.21269
0.0148227
0.0109938
-0.0213271
0.620906
-0.100874
-0.0139831
-0.409266
0.512309
0.0872287
0.32313
0.413035
0.381464
-0.469331
0.0430636
0.147787
0.00803778
0.208119
-0.125726
-0.138092
-0.180491
0.272173
0.291569
0.0
1.19584
0.0
0.0
0.0
0.0
0.0
-1.27321
-1.29385
0.0
0.0
0.0
0.0
2.19388
0.0
0.0
0.0
0.0
0.0
0.0
0.0
0.0
0.0
0.48116
0.0
0.0
0.0
0.0
0.0
0.177732
0.595433
1.98968
0.0
0.00558198
0.0
0.0
0.0
0.0
0.0
0.0
0.664909
0.0
0.0
0.0
0.0
0.0
0.0
0.0
0.42813
0.0
0.285027
0.0
0.0
0.0
0.0
0.919611
0.0
0.0
0.0
0.0
0.0
0.310954
0.0
-0.0557696
0.0
0.0
0.0
0.0
0.0
0.0
0.0
0.0
-0.698179
0.325723
1.31684
0.0
0.0
0.0
-2.19086
0.0
0.0
0.0
0.0
0.0
0.0
0.0
0.0
0.0
0.0
-1.72654
1.01198
0.0
0.0
0.0
0.0
0.71827
0.0
0.0
0.0
0.0
0.0
-1.95585
1.31171
0.0
1.00747
0.0
0.0
0.0
0.0
0.0
0.0
0.0
0.0
0.0
0.0
0.0
-0.178397
0.0
0.0
1.1657
0.0
0.0
0.0
0.0
0.0
0.0
0.0
0.0
0.0
0.0544587
0.0
0.0
0.0
0.0
0.0
1.47729
-0.133725
0.0
0.0
0.0
0.0
0.0
0.0
-1.55451
0.0
0.0
0.328836
0.0
0.0
0.0
0.0
0.0
0.0
0.0
0.0
0.0
0.0
0.0
0.0
0.0
-0.250963
0.0
0.0
0.0
0.0
0.0
0.0
0.0
0.0
0.0
0.0
0.0
0.0
0.0
0.0
0.0
0.0
0.0
0.0
0.0
0.0
0.0
0.0
0.0148713
0.0
0.0
0.0
0.0
0.0
0.0
0.0
0.0
0.0
0.0
-0.414084
0.860156
0.0
0.0
0.0
0.0
0.0
0.0
0.0
0.0
0.0
0.0
-0.0360571
0.0
0.0
0.0
0.0
0.0
0.0
0.0
0.0
0.0
-0.491124
0.0
0.0
0.0
0.0
0.0
0.0
0.0
0.0
0.0
0.0
0.0
0.28248
0.0
0.0
0.0
0.0
0.0
0.0
0.0
0.0
0.0
0.0
0.0
0.0
0.0
0.0
0.0
0.0
0.0
0.0
0.0
0.0
0.0
0.0
-0.708901
0.0
0.0
0.0
0.0
0.0
-0.965729
0.0
0.356617
0.0
0.0
0.0
0.0
0.0323311
0.0
0.0352046
0.0
0.0
0.0
0.0
0.0
0.0
0.0212548
0.0
0.0
-0.913254
0.0
0.0
0.0
0.0
0.0
1.31787
0.0
0.0
0.0
0.0
0.0
0.0
0.0
0.0205602
-1.05045
0.0
-0.125715
0.0
0.0
0.0
0.0
0.0
0.0
0.0
0.0
0.0
0.0
0.0
0.0
0.0
0.0
1.72523
0.0
0.0
0.0
0.0
0.0
0.0
0.0
-0.471185
0.0
0.0
0.0
0.0
0.0
0.0
0.0
0.0
0.0
0.0
0.0
0.0
0.0
0.0
0.0
0.0
0.0
0.0
0.0
0.0
0.0
0.0
0.0
0.0
0.0
0.0
0.0
0.0
0.0
0.0
-0.29215
0.0
1.63315
0.0
0.0
0.0
0.0
0.0
0.0
0.0
0.0
0.868435
0.0
0.0
0.0
0.0
0.0
0.0
0.0
0.0
0.0
0.0
0.0
0.0
0.0
0.0
0.0
0.0
0.0
0.0
0.0
0.0
0.0
0.0
0.0
0.0
0.0
0.0
0.0
0.0
0.0
0.0154953
0.0
-1.53676
0.0
-0.00515072
-0.25147
-0.260626
-0.000357976
0.00283475
-0.101311
0.0835056
0.556491
-0.0927469
-0.00970141
-0.594189
-0.389358
-0.0888516
-0.166127
0.51138
0.0524162
0.235518
0.250887
-0.0259024
-0.630731
0.00664534
0.0346711
-0.297654
0.493968
0.00131543
-0.339078
0.375881
-0.245976
-0.0132702
0.0008029
-0.335025
0.181655
0.0199645
0.0601502
0.258976
-1.31892
-0.206908
0.401857
-1.18851
0.149903
-1.06379
0.143528
-0.283367
0.287041
0.35403
-0.56485
0.305242
0.0851259
-0.0896073
0.0
0.0
0.0
0.0
0.0
0.0
0.0
0.0
0.0
0.0
2.76919
0.0
0.0
0.0
0.0
0.0
0.0
0.0
0.0
0.0
0.0
0.0
0.0
0.0
0.0
0.0
0.0
0.0
0.0
0.0
0.0
0.0
0.0
0.0
0.0
0.0
0.0
0.0
0.0
0.0
0.0
0.0
-1.11672
0.0
0.0
0.0
0.0
0.0
0.0
0.0
0.0
0.0
0.0
0.0
0.0
0.0
0.0
0.0
0.0
0.0
0.0
0.0
0.0
0.0
0.0
0.0
0.0
0.0
0.0
0.0
0.0
0.0
1.64271
0.0
0.0811536
0.0
0.0
0.0
-0.470682
0.0
0.0
0.0
0.0
0.0
0.0
0.0
0.0
0.0
0.0
0.0
0.0
0.512736
0.0
0.0
-0.0479473
0.0
0.0
0.0
0.0
0.0
0.0
0.0
0.0
0.0
0.0
0.0
0.388424
0.0
0.0
0.92249
0.0
0.0
0.0
0.0
0.0
0.0
0.0
0.0
0.0
0.0
1.34926
0.0
0.0
0.0
-0.0706335
0.0
0.0
0.0
0.0
0.365023
0.0
0.0
0.0
0.224414
0.0
0.0
0.0
0.0
0.0
0.0
0.0
0.0
-1.1008
0.329044
0.0
0.0
-1.08179
0.0
0.0
0.0
0.0
0.0
0.0
0.0
0.0
0.0
0.0
0.0
0.0
0.0
0.0
0.0
0.0
0.0
0.0
0.0
0.0
0.0
0.0
0.0
0.0
0.0
0.0
0.0
0.0
-0.208373
0.0
0.0
0.0
0.0
0.0
0.0
0.0
0.0
0.0
0.0
0.0
0.0
0.0
0.0
0.0
0.0
0.0
0.0
0.0
0.0
0.0
0.0
0.0
0.0
0.0
-1.53679
0.0
0.0
0.0
0.0
0.0
0.0
-1.66187
0.0
0.0
0.0
0.0
0.0
0.0
0.0
0.0
-0.0254887
0.0
0.0
0.0
0.571028
0.0
0.0
0.0
0.0
0.103823
0.0
0.0
0.0
0.0
0.0
0.0
0.0
0.0
0.557283
0.0
0.0
0.0
0.0
0.0
0.0
0.0
0.0
0.0
0.0
0.422583
0.0
0.0
0.0
0.0
0.0
0.0
0.0
0.0
0.0
0.0
0.0
0.0
0.0
0.0
0.0
0.0
0.0
0.0
0.0
0.0
0.0
0.0
0.0
0.0
0.0
0.0
0.0
0.0
0.0
0.0
-1.64076
0.0
0.653024
0.0
0.0
0.0
0.0
0.671747
0.0
0.0
0.0
0.0
0.0
0.0
0.0
0.0
-1.4297
0.0
0.0
1.48904
0.0
0.0
0.0
0.0
0.0
0.0
0.0
0.0
0.0
0.0
0.0
0.0
0.0
0.0
0.0
0.0
0.0
0.0
0.0
0.0
-0.00193029
0.0
0.0
0.0
0.0
0.0
0.0
-0.356205
0.0
0.0
0.0
-0.42108
0.0
0.0
0.0
0.0
0.0
0.0
0.0
0.0
0.0
0.0
0.0
0.0
0.0
0.0
0.0
0.0
0.0
-0.272801
0.0
0.0
0.0
-0.52408
0.0
0.0
0.0
0.0
0.0
-0.75026
0.0
0.0
0.0
0.0
-1.04889
0.0
0.0
0.0
0.772032
0.0
0.0
0.0
-0.318669
-0.00330559
0.0
0.0
0.0
0.0
0.539969
0.0
0.0
0.0
0.430308
0.0
0.0
0.0
0.0
0.0
0.0
0.0
0.98999
0.0
0.0
1.82328
0.0
-0.842531
0.0
0.0
0.0
-0.0620255
0.0
0.0
0.0
0.0
0.0
0.0
0.0
0.0
0.0
0.0
0.0
0.0
0.0
0.0
0.0
-0.203738
0.0
0.0
0.0
0.0
0.0
0.0
0.18223
0.0
0.0
0.0
0.0
0.0
0.0
0.0
0.0
0.0
0.0
0.0
0.0
0.0
0.0
0.0
0.0
-0.968042
0.0
0.0
0.0
0.0
0.0
-0.482445
0.0
0.0
0.0
-1.88842
0.0
0.0
0.0
0.0
0.0
0.0
0.0
0.0
0.0
0.0
0.0
0.0
-0.0497536
0.0
0.0
0.0
0.0
0.0
1.39349
0.0
0.0
0.0
0.0
0.0
0.0
-1.35564
0.0
0.0
0.0
0.0
-0.147602
-0.595029
0.0
-0.902168
0.281806
0.0
0.0
0.0
0.0
0.0
0.0
0.0
0.0
0.0
0.0
0.0
0.0
0.0
0.0
0.0
0.0
0.0
0.0
0.0
0.251732
0.0
0.0
0.0
0.0
0.069417
0.0
0.0
0.0
0.0
0.0
0.0
0.0
0.0
0.764606
0.0
-1.5967
0.0
0.0
0.802011
0.0
0.0
0.0
0.0
0.0
0.0
0.0
0.0
-0.845222
0.0
0.0
0.0
0.0
0.0818119
0.0
0.0
0.0
0.0
-0.00516486
-0.403903
0.0632463
-0.0135225
-0.00129071
0.0183041
-0.394879
0.521819
-0.159132
-0.0576531
-0.0227796
-0.266845
1.9753
0.153877
-0.436821
-0.373682
0.473535
-0.245273
0.0150879
-0.00717062
0.067982
0.261469
0.0835714
0.00250615
0.111729
0.449004
-0.453847
0.0853007
-0.640034
-0.0063631
0.267576
0.16802
-0.00165442
-1.03051
0.154574
0.672522
0.394846
0.406419
0.822567
0.0771335
0.0916701
0.0173407
0.0658
-0.0454587
0.0416307
0.136623
-0.172905
0.0437728
0.413674
0.0
0.0
0.0
0.0
0.0
0.0
0.0
0.0
0.0
0.0
0.0
0.0
0.0
0.0
0.0
0.0
0.426188
0.0
0.0
0.0
0.0
0.0
0.845246
0.0
0.0
0.0
0.0
0.0
0.0
0.0
0.0
-1.2362
0.0
0.0
0.0
1.64421
-0.579844
0.0
-0.188435
0.0
0.0
0.0
0.0
0.0
0.0
0.0
0.0
0.0
0.0
0.0
0.0
0.0
0.0
0.0
0.0
0.0
0.0
0.0
0.0
0.0
0.0
0.0
0.0
0.0
0.0
0.0
-0.89737
0.0
0.0
0.0
0.0
0.0
0.0
0.0
0.0
0.0
0.0
0.0
2.17641
0.0
0.0
0.0
0.0
0.0
-2.30199
0.0
0.0
0.0
0.0
0.0
0.982339
0.0
0.0
0.0
0.0
0.869974
0.0
0.0
0.0
0.0
0.865372
0.0
0.0
0.0
0.0
0.0
0.0
0.0
0.0
0.0
0.0
0.0
0.0
0.0
0.0
0.0
0.0
0.0
0.0
0.0
0.0
0.0
0.0
0.0
0.0
0.0
0.0
0.0
0.0
0.0
0.0
0.0
0.0
0.0
0.0
0.0
0.0
0.0
0.0
-0.0599003
0.0
0.0
0.0
0.856723
0.0
0.0
0.0
0.0
0.824515
0.0
0.0
0.0
0.660961
0.0
0.0
0.0
0.0
0.0
0.0
0.0
0.0
0.0
0.0
0.0
0.0
0.0
0.0
0.0
0.0
0.0
0.0
0.0
0.0
0.0
0.0
0.0
0.0
0.0
0.0
0.0
0.0
1.28117
0.0
0.0
-1.21341
0.0
0.0
0.0
0.0
0.0
0.0
0.0
0.0
0.0
-1.55545
0.0
0.0
0.0
0.0
0.0
0.467054
0.0
0.0
0.0
0.0
0.0
0.0
0.0
0.0
0.0
0.0
0.0
0.0
0.0
-0.323957
0.0
0.0
0.0
0.0
-0.0910883
0.0
0.0
-0.449525
0.0
0.0
0.0
0.0
0.0
0.0
0.0
0.0
0.0
0.0
0.0
0.976114
0.0
0.0
0.0
0.0
0.0
0.0
0.0
0.0
-1.79278
0.0
0.0
-0.0605433
-0.0149663
0.0
0.0
0.0
0.0
0.0
0.0
0.0
0.0
0.0
0.0
0.0
0.0
0.0
0.0
0.0
0.0
0.0
0.0
0.0
0.0
0.0
0.0
0.0
0.0
0.0
0.0
0.0
0.0
0.0
0.0
0.478041
0.0
0.0
0.0
0.759728
0.0
0.0
0.0
0.0
0.0
0.0
0.0
0.0
0.0
-1.19101
0.0
0.0
0.0
0.0
0.0
0.540324
0.0
0.735068
0.0
0.0
-0.534686
0.0
0.0
0.0
0.0
0.0
0.0
0.0
0.0
0.0
0.0
0.0
0.0
0.0
0.0
0.0
0.0
0.0
0.0
0.0
0.0
0.0
0.0
0.0
0.0
0.0
0.0
0.0
0.0
0.0
0.0
0.0
0.0
0.0
0.0
0.0
0.0
0.0
0.0
0.0
0.71123
0.0
0.0
0.0
0.0
0.0
0.0
0.0
0.0
0.0
0.0
0.0
0.0
1.52987
0.0
0.0
0.0
0.0
0.0
0.0
0.0
0.0
0.0
0.342022
0.0
0.0
0.0
0.0
0.0
0.0
0.0
0.0
0.0
0.0
0.0
0.0
0.0
0.464683
0.0
0.0
0.0
0.0
0.0
0.0
0.0
0.0
0.0
0.665571
0.0
0.0
0.0
0.0
0.0
0.0
0.0
0.0
0.0
0.0
0.0
0.0
0.0
0.0
0.0
0.0
0.0
1.11542
0.0
0.0
0.0
0.0
0.0
0.0
0.682168
0.0
-0.244233
0.0
0.0
0.0
0.0
0.0
0.0
0.0
0.0
0.0
0.0
0.0
0.0
0.0
0.0
0.0
0.0
0.0
0.0
0.0
0.0
0.0
0.0
0.0
0.000321364
0.216409
-0.208597
-0.00110652
0.00213531
-0.0245681
0.218398
0.290977
0.159957
0.268673
-0.103169
0.40944
-0.424674
0.518191
0.800439
-0.552779
-0.188036
0.0963558
-0.0175588
0.0245589
-0.0487761
0.0082096
-0.0131249
-0.0828562
0.0172162
-0.956458
0.427602
-0.294977
0.027402
0.0453107
0.146442
0.28753
0.000571088
-0.165408
0.0100808
-0.599507
-0.854663
0.408166
-0.885743
0.458299
-0.211579
0.49791
-0.1208
-0.173757
0.0186462
-0.386363
-0.0748425
-0.0787046
-0.304916
0.263806
0.0
0.0
0.0
0.0
-0.851043
0.0
0.0
0.0
0.0
0.0
0.0
0.0
0.0
0.0
0.0
0.0
0.0
0.0
0.0
0.0
0.0
0.0
0.0
0.0
0.0
0.0
1.65297
0.0
0.0
1.60439
0.0
0.0
0.262933
0.0
0.0
0.0
0.0
0.0
1.71417
0.0
0.0
0.0
0.0
0.0
0.0
0.0
0.0
0.0
0.0
0.0
0.0
0.0
0.0
0.0
0.0
0.0
0.0
0.0
0.0
0.0
0.0
0.0
0.0
0.0
0.0
0.0
0.0
0.0
0.0
0.0
0.0
0.0
0.0
0.0
0.0
-0.639626
0.0
0.0
-0.632705
0.0
0.0
0.0
0.0
0.0
0.0
0.0
0.0
0.0
0.0
0.0
0.0
1.27072
0.0
0.0
0.0
0.0
0.0
0.0
0.0
0.0
0.0
0.0
0.0
0.0
0.0
0.0
0.0
0.0
-0.505893
0.0
0.343337
0.0
0.0
0.0
0.0
0.0
0.0
0.0
-1.27359
0.0
0.0
0.0
0.0
-0.449219
0.0
0.0
0.0
0.0
0.0
0.0471837
0.0
0.0
0.0
0.0
0.0
0.0
-1.56291
0.0
0.0
0.0
0.0
0.0
0.0
0.0
0.0
0.0
0.0
0.0
0.946231
0.0
0.0
0.0
0.0
0.0
0.0
0.0
0.0
0.0
0.0
0.0
0.0
0.0
0.0
0.0
0.0
0.0
0.0
0.0
0.0
0.354798
0.0
0.0
0.0
0.0
0.0
0.0
0.0
0.0
0.0
1.09134
0.0
0.0
0.0
0.0
0.0
0.0
0.0
0.0
0.0
0.0
-1.29338
0.0
0.336629
0.0
0.0
0.0
0.0
0.0
0.0
0.0
0.0
0.0
0.0
-0.257166
0.0
0.00736037
0.0
0.0
0.0
0.0
0.0
0.0
0.0
0.0
0.499978
0.0
0.0
0.0
0.0
0.0
0.0
-2.48853
0.0
0.0
0.0
0.0
0.0
2.56682
0.0
-0.415339
0.0
0.0
0.0
0.0
0.0
0.0
-2.63231
0.0
0.0
0.0
0.0
0.894966
0.0
-0.0922196
0.0
0.0
0.0
0.0
-2.19945
0.62363
0.0
0.0
0.0
0.0
0.0
0.0
0.0
-1.18716
0.0
0.0
0.0
0.0
0.0
0.0
0.0
0.0
0.0
0.0
0.0
0.0
0.0
0.0
0.0
0.0
0.0
0.270674
0.0
0.0
0.0
0.0
0.0
0.0
0.0
0.0
0.0
0.693454
0.0
0.0
0.0
1.49359
0.0
0.0
0.0
0.0
0.0
0.0
0.0
0.0
0.0
0.0
0.0
0.0
-1.00078
0.662732
0.0
0.0
0.0
-0.0526503
0.0
0.0
0.0
0.0
0.0
-1.0243
0.0
-0.174353
0.0
0.0
0.0
0.0
0.0
0.0
0.213988
0.0
-1.27923
0.0
0.0
0.0
0.0
0.0
0.0
0.0
0.0
0.0
0.0
0.0
1.35542
0.0
0.0
0.0
0.0
0.0
-0.257878
0.0
0.0
0.0
0.0
0.0
0.0
0.0
0.0
0.0
0.839192
0.0
0.0
0.0
0.0
0.0
0.0
0.0
0.0
0.0
0.0
0.0
0.0
0.0
0.0
0.0
0.0
0.0
0.0
0.0
-0.244141
-0.154969
0.0
0.0
0.0
0.0
0.0
0.0
0.0
0.0
0.0
0.0
0.0
0.0
0.0
0.0
0.0
0.0
0.0
0.0
0.0
0.0
0.0
0.0
0.0
0.0
0.0
0.0
0.0
0.0
0.0
0.0
0.0
0.0
0.0
0.0
0.0
0.0
0.0
0.0
0.216834
0.0
0.0
-1.13343
0.0
-0.451926
0.0
0.0
0.0
0.0
0.0
0.0
0.0
0.0
0.0
0.402276
0.0
0.0
0.0
0.0
0.0
0.0
0.0
0.0
-0.129026
0.0
1.58847
0.0
0.0
-0.757317
0.0
0.0
0.0
0.0
0.0
0.033638
0.0
0.0
0.0
1.72072
1.17271
0.0
1.68983
0.0
0.0
0.0
0.0
0.120155
0.0
0.0
2.05091
0.0
0.455992
-0.0637108
0.0
0.0
0.0
0.0
0.0
0.0
0.341598
0.0
0.0
0.0
0.0
0.0
0.0
0.0
-1.37937
0.0
-0.133636
0.0
0.0
0.0
0.0
0.0
0.0
0.810995
0.0
0.0
0.0
0.0
0.0
0.0
0.0
0.0
0.0
0.0
0.0
0.0
0.0
0.0
0.0
0.0
0.0
0.0
0.0
0.0
0.0
0.0
0.0
2.0908
0.0
0.0
0.0
0.0
0.0
0.0
-1.15162
0.0
0.0
0.0
0.0
-0.565581
0.0
0.0
0.0
0.0
0.0
0.426372
0.0
0.0
0.0
0.0
0.0
0.0
-0.000761747
-0.245991
0.132465
0.00152052
0.000451663
0.212971
-0.337441
0.326681
-0.214318
-0.249595
0.0720964
0.244248
0.600798
-0.123429
-0.55679
0.0723369
-0.316316
-0.00893254
0.0217895
0.262152
0.318741
0.0647107
-0.51449
1.04291
0.47447
-0.605497
0.0134081
0.109164
-0.0039534
-0.158849
0.997604
-0.611713
-0.0172845
-0.0460005
-0.584728
1.56397
0.199933
0.652902
1.88396
-0.175219
0.224065
-0.243974
-2.1623
-0.300538
0.287241
0.439977
-0.125585
-0.285697
-0.268762
-0.0754563
0.0
0.0
-0.530853
0.0
0.0186019
-0.883517
0.0
0.0
-0.511978
0.0
0.0
0.0
0.0
0.0
0.0
0.0
0.0
0.0
0.0
0.0
0.0
0.0
0.0
0.0
0.0
0.0
0.0
0.0
0.0
0.0
0.0
0.0
0.0
0.0
0.0
0.0
0.0
0.0
0.0
0.0
0.0
0.0
0.0
0.0
0.0
0.0
0.0
0.0
0.0
0.0
0.0
0.0
0.0
0.0
0.0
0.0
0.0
0.0
0.0
0.0
0.0
0.0
0.0
0.0
-1.28124
0.0
0.341856
-0.546915
0.0
0.0
-0.472702
0.0
0.0
0.0
0.0
0.0
0.0
0.0
0.0
0.0
0.0
0.0
0.0
0.0
0.0
-1.4446
0.0
-1.54569
0.0
0.0
0.0
0.0
-1.91302
0.0
0.0
0.0
0.0
0.166042
0.0
0.0
0.0
-0.761726
-2.02863
0.0
0.0
0.0
0.0
0.0
0.0
-1.17529
0.0
0.0
0.0
0.0
0.0
0.0
0.0
0.0
0.0
0.0
0.0
0.0
0.0
0.0
0.0
0.0
-1.98838
0.579529
0.0
0.0
0.0
0.0
0.0
0.0
0.0
0.0
0.0
0.0
0.0
0.0
0.0
0.0
0.0
0.0
0.0
0.0
0.0
0.0
0.0
0.0
0.0
0.0
0.0
1.04981
0.0
0.0
0.0
0.0
0.0
0.0
0.0
0.0
0.0
0.0
0.0
0.561271
0.0
0.0
0.0
0.0
0.0
0.0
0.0
-0.948021
0.0
2.00412
0.0
0.0
0.0
0.0
0.0
0.0
0.0
0.0
0.0
0.0
0.0
0.0
0.0
0.0
0.0
0.0
0.0
0.0
0.0
0.0
0.0
0.0
0.0
0.0
0.0
0.0
0.0
0.123321
0.0
0.0
0.0
0.0
0.0
0.0
0.0
0.0
0.0
0.0
0.0
0.0
0.0
0.0
1.48647
0.0
0.0
0.325827
0.0
0.0
0.0
0.0
0.0
0.0
0.0
0.0
0.0
0.0
0.0
0.0
0.0
-0.305885
0.0
0.0
-0.50354
0.0
0.0
0.0
0.0
0.0
0.0
1.02599
0.0
0.0
0.0
-1.398
0.0
0.0
0.0
0.0
0.0
0.0
0.0
0.0
0.0
0.0
0.0
0.0
0.0
0.0
0.0
0.0
0.0
0.0
0.0
0.0
0.0
0.0
0.0
0.0
0.0
0.0
0.0
0.0
0.0
0.0
0.0
0.0
0.0
0.0
0.0
0.0
0.0
0.0
0.0672645
0.0
0.0
0.0
0.0
0.428465
0.0
0.0
-0.28247
0.0
0.268306
0.0
0.0
0.0
-0.615689
0.0
0.0
0.0
0.0
0.0
0.0
0.0
0.0
0.0
0.0
0.0
0.0
0.0
0.0
-0.855334
0.0
0.0
0.0
0.0
0.0
0.0
0.0
0.0
0.0
0.0
0.0
0.0
0.0
0.0
0.0
0.0
0.0
0.0
0.0
0.0
0.0
0.0
0.0
0.0
0.0
0.0
0.0
0.0
0.0
0.0
0.0
0.0
0.0
0.0
0.0
0.0
0.0
-0.926435
0.0
0.0
0.0
0.0
0.0
0.0
0.0
0.128199
0.0
0.0
0.0
-2.54251
0.0
0.0
0.0
0.0
0.0
0.0
0.210208
0.0
0.0
0.0
0.0
0.0
0.0
0.0
0.0
0.0
0.0
0.0
0.0
0.0
0.0
0.0
0.0
-0.760403
0.0
0.0
0.0
0.0
0.0
-1.13311
0.0
0.0
0.0
0.0
0.0
0.0
0.0
0.0
0.0
0.0
0.0
0.0
0.0
0.0
0.0
0.0
0.0
0.0
0.0
0.0
0.0
0.0
0.0
0.0
0.0
0.0
0.0
0.0
-1.38095
0.0
0.0
0.0
0.0
0.0
0.0
0.0
0.0
0.0
0.0
0.0
0.0
0.0
0.0
0.0
0.0
0.0
0.0
0.0
0.0
0.0
-0.949104
0.0
0.0
0.0
0.0
0.0
0.0
0.0
0.0
0.0
0.0898834
0.0
0.0
0.0
0.0
0.0
0.0
0.0
0.0
0.0
0.0
0.695864
0.0
0.0
0.0
0.0
0.0
0.0
0.0
0.0
0.0
0.0
0.581939
0.0
0.0
-0.10514
0.0
0.0
0.0
-0.678698
0.0
0.0
0.162529
0.964521
0.0
0.0
0.0
0.0
0.486769
0.0
0.0
0.0
0.0
-2.6339
0.0
0.0
0.0
0.0
0.0
0.0
0.0
0.0
0.0
0.0
0.0
0.0
0.0
0.0
0.0
0.42456
0.0
0.0
0.0
0.0
0.0
0.0
0.0
-0.60755
0.0
0.0
-0.100374
0.0
0.0
0.0
0.0
-0.0675668
0.0
0.24094
0.124676
0.0
0.0029251
-1.36243
0.0923661
-0.00186753
0.000586454
0.00614816
0.0270598
2.07861
-0.48993
0.0145441
0.41795
0.0321999
0.323416
-0.0109472
-0.704725
-0.020922
0.0464913
0.061993
0.0307449
0.331386
-0.625107
-0.101808
-0.280165
0.188945
0.88014
0.0129262
-0.537355
0.183785
-0.582183
-0.0178289
-0.652207
-0.235531
-0.0107256
0.349363
0.126748
0.627727
0.145571
0.76908
-0.663244
0.239665
-0.136129
1.61046
-0.239097
-0.316783
-0.304884
0.967449
1.69804
-0.476358
-0.321802
0.0
0.0
0.0
0.0
0.0
0.0
-1.69471
0.0
0.0
0.0
0.418635
0.0
0.0
0.0
0.0
0.0
0.0
0.0
0.00767668
0.0
0.0
0.0
0.0
0.0
0.0
0.0
0.0
0.0
0.0
0.0
0.0
0.0
0.0
0.0
0.0
-0.537459
0.0
0.0
0.0
0.0
0.0
0.0
0.0285109
0.0
0.0
-0.523654
0.0
0.0
0.0
0.0
0.0
0.0
0.0
0.0
0.0
0.692797
0.0
0.0
0.0
-0.768535
0.0
0.0
0.0
0.0
0.0
0.0
0.0
0.0
0.0
0.0
0.0
0.0
0.0
0.0
0.0
0.0
0.226157
0.0
0.0
0.0
0.0
0.0
0.538526
0.0
0.0
0.0
0.0
0.0
0.0
0.0
0.0
-1.05176
0.0
0.0
0.0
0.0
0.0
0.0
0.0
0.0
0.0
0.0
0.0
0.0
0.0
0.0
0.0
0.0
0.0
0.0
0.0
0.0
0.0
0.0
0.643891
-1.01926
0.0
0.0
0.0
0.0
0.0
0.0
0.0
0.0
0.0
0.0
0.0
0.0
0.0
0.0
0.0
0.0
0.0
0.0
0.0
0.0
0.0
0.0
0.0
0.0
0.0
0.0
0.0
0.0
0.0
0.0
0.448735
0.0
0.0
0.0
0.0
0.0
0.0
0.0
0.0
0.0
0.14591
-1.08534
0.0
0.0
1.7859
0.0
0.0
0.0
0.0
0.0
0.0
0.0
0.0
0.0
0.0
0.0
0.0
0.0
0.0
0.0
0.0
-0.353454
0.0
0.0
0.19473
0.0
0.0
0.0
0.0
0.0
0.0
0.0
0.0
0.0
0.0
0.0
0.0
0.0
0.0
0.0
0.0
0.0
0.0
0.0
0.0
2.22629
0.0
0.0
0.0
-0.737265
0.0
0.0
0.0
0.0
0.0
0.684069
0.0
0.0
0.0
0.0
0.0
0.0
0.0
0.0
-1.68583
0.0
0.0
0.0
-1.32096
0.0
-0.0528831
0.0
0.0
0.0
0.0
0.0
0.0
0.0
0.0
0.0
0.0
0.0
0.0
0.0
0.0
0.0
0.0
0.0
-0.138136
0.0
0.0
0.0
0.0
0.0
0.0
0.0
0.0
0.0
0.0
-0.382686
0.79515
0.0
0.0
0.0
0.0
0.0
0.0
0.0
0.0
0.0
0.0
0.0
0.0
0.0
0.0
0.0
0.0
0.0
0.0
0.0
0.0
0.700564
0.0
0.0
0.0
0.0
0.0
0.0
0.0
0.0
0.0
0.0
0.0
0.0
0.0
0.0
0.0
0.293454
0.0
-0.872745
0.0
-0.0729034
0.0
0.0
0.0
0.818476
0.0
0.0
0.0
0.0
0.0
0.0
0.0
0.0
0.0
0.0
0.0
0.0
0.0
1.05252
0.0
0.0
0.0
0.0
0.0
-0.665968
0.0
0.0
0.0
0.0
0.0
0.0
-1.3673
0.0
0.0
0.0
-0.920456
0.0
0.0
0.0
0.0
0.0
0.0
0.0
0.0
0.0
0.0
-0.000251846
-0.0852126
0.289091
0.000661239
0.000841891
-0.0307058
-0.0787717
-0.430649
0.160771
0.773633
0.106991
-0.373063
-0.128347
0.196926
0.313983
-0.0032072
-0.145805
-0.185759
0.0327092
-0.0989194
0.0554285
-0.857778
-0.558411
0.0033949
-0.244204
-0.66073
0.654707
-1.81019
-0.00448966
0.0070515
-0.0422611
0.0214166
0.00832285
-0.0718405
0.28838
-0.175492
-0.903097
0.712768
-0.501112
0.38946
-0.184292
0.209272
0.137633
-0.295498
0.136393
0.276621
-0.10795
0.214199
0.383909
0.0
0.0
0.0
0.0
0.0
0.0
0.0
0.0
0.0
1.51652
0.0
0.0
1.91023
0.0
-0.763533
0.0
0.0
0.0
0.0
0.0
0.0
0.0
0.0
0.0
0.0
0.0
0.0
0.0
0.0
0.0
0.0
0.0
0.0
0.0
0.0
0.0
0.0
0.0
0.0
0.0
0.0
0.0
0.0
0.0
0.0
0.0
0.0
0.0
0.0
0.0
0.0
0.0
0.363965
-0.513892
0.0
0.0
0.0
0.0
0.0
0.0
0.0
0.0
0.0
0.0
0.0
0.0
0.0
0.0
0.0
0.0
0.667921
0.0
0.0
0.0
0.0
0.0
-0.629605
0.0
0.0
0.0
0.0
0.0
0.0
0.408402
0.0
0.0
0.0
0.0
0.0
0.0
0.0
0.0
0.0
0.0
0.0
0.594808
0.0
-0.58494
0.0
0.0
0.0
0.0
0.0
0.0
0.0
0.0
0.0
0.0
0.0
0.0
0.0
0.0
0.0
0.0
0.0
0.0
-0.901984
0.0
0.0
0.0
0.0
0.0
0.0
0.0
0.0
0.0
0.0
0.0
0.0
0.0
0.0
0.0
-1.1754
0.0
-0.869619
0.0
0.0
0.0
0.0
1.50857
0.0
0.0
0.183689
0.0
0.0
0.0
0.0
0.0
0.0
0.0
0.0
0.0
0.0
0.0
0.0
0.0
-1.02714
0.0
-0.189106
0.477573
0.0
0.0
0.0
0.0
0.0
0.0
0.0
0.0
0.0
0.0
0.0
0.0
0.0
0.0
0.0
0.0
0.0
0.0
0.0
0.0
0.0
0.0
0.0
0.0
0.0
0.0
0.0
1.23572
0.0
0.0
0.0
0.0
0.0
0.0
0.0
0.0
-0.0020471
-0.537814
0.165122
-0.00030052
-0.0020072
0.0195093
0.514019
-0.515524
0.0367182
0.0020714
0.0746692
0.131904
-0.169543
-0.703501
-0.824479
-0.149643
0.518688
-0.592787
-0.00258492
0.0905048
0.464273
-1.12562
0.232088
0.00331832
-0.229757
-0.119154
0.62577
0.0184873
-0.0230524
-0.0247375
-0.253528
-0.0837185
0.000186983
0.0151797
-0.0244468
0.348308
0.483919
0.443977
0.745891
0.0290512
0.00928216
0.157126
-0.328454
-0.0721092
0.857957
0.115259
0.132024
0.326018
0.0163059
0.976705
0.392285
0.0
0.0
-0.960933
0.0
-0.827203
0.0
0.0
0.0
0.0
0.0
0.0
0.0
0.0
0.0
0.0
0.0
0.0
0.0
0.0
0.0
0.0
0.0
0.0
0.0
0.0
0.0
0.0
0.0
0.0
0.00419381
0.0
0.0
0.0
0.0
0.0
0.0
0.0
0.322127
0.0
0.0
0.0
0.0
0.0
0.0
0.0
0.0
0.0
0.137779
0.0
0.866477
0.0
0.0460868
0.0
0.0
0.0
0.0
0.0
0.0
0.0
0.0
0.0
0.0
0.0
0.0
0.0
0.0
0.0
0.00761175
0.0
0.362837
0.0
0.0
-2.14491
0.0
0.0
0.0
0.0
0.0
0.0
0.0
0.0
0.0
0.0
0.0
0.0
0.0
0.0
-0.756495
0.0
0.0
0.0
0.0
0.0
0.0
0.0
0.0
0.0
0.0
0.0
0.0
0.0
0.0
0.0
0.0
0.0
0.0
0.0
0.0
-0.629146
0.0
0.0
0.0
0.0
0.0
0.0
0.0
0.0
0.0
0.0
0.0
0.0
0.0
0.0
0.0
0.0
0.0
0.0
0.0
0.0
0.0
0.0
0.0
0.0
0.239161
0.0
0.0
0.0
0.0
0.0
0.0
0.0
0.0
0.0
0.0
0.0
0.0
0.0
0.0
0.0
0.0
0.0
0.254176
0.0
-0.0104555
0.0
0.0
0.0
0.0
0.0
0.0
0.0
0.0
0.0
0.0
0.0
0.0
0.0
1.8617
0.0
0.651048
0.0
0.0
0.0
0.0
0.0
0.0
0.0
0.133135
0.0
0.0
0.0
0.0
0.420218
0.0
0.0
0.0
0.0
-0.392426
0.0
0.0
0.0
0.0
0.0
0.0
0.00735058
0.503124
-0.261334
0.000515448
-0.000491379
0.0578747
-0.416625
-0.73547
-0.182543
0.0398878
-0.0772005
0.116899
0.75733
0.162377
0.391863
0.184309
0.510299
-0.256805
-0.0318207
-0.254783
0.188001
-0.286448
0.0231244
-0.0045076
-0.58094
-0.787149
0.546989
-0.137521
-0.0040871
-0.0257883
0.0514764
-0.0643789
0.00637883
0.207927
0.324882
-0.226012
0.054889
0.583097
0.493348
0.177303
-0.157365
-0.0115675
0.253062
0.20894
-0.0767913
1.67506
0.183468
-0.542241
-0.159687
0.0
0.0
0.0
0.0
0.0
-0.484135
0.0
0.0
0.0
0.0
0.0
0.0
0.0
0.0
0.0
1.80851
0.0
0.0
0.0
0.0
0.0436879
0.0
0.0
0.0
0.0
0.0
0.0
0.0
0.0
0.0
0.0
0.0
0.0
0.0
0.478041
1.13234
0.0
0.0
0.0
0.0
0.0
-0.214874
0.0
0.0
-1.70091
0.0
0.757044
0.0
0.0
0.0
0.0
0.0
0.0
0.0
0.45318
0.0
0.0
0.0
0.0
0.288211
0.0
0.0
0.0
0.0
0.0
0.0
0.0
0.0
0.928672
0.0
0.0
0.0
0.0
0.0
0.0
0.0
0.0
0.0
0.0
0.0
0.0
0.0
0.0
0.0
0.0
0.0
0.0
0.0
0.0
0.0
0.0
-0.687753
0.0
0.0
0.0
0.518922
0.0
0.0
-0.824335
0.0
0.0
0.0
0.0
0.0
0.0
0.0
0.0
0.0
0.0
0.0
0.0
0.0
0.0
-0.459576
0.581407
-1.46473
0.0
0.0
0.0
0.0
0.0
0.0
0.0
0.0
0.0
0.0
0.0
0.0
0.0
0.0
0.0
0.0
0.0
0.0
0.379146
-0.795917
0.0
0.0
0.0
0.0
0.0
0.0
0.0
0.0
0.0
0.0
0.518765
0.0
0.0
0.0
0.0
0.0
0.0
0.0
0.0
0.0
0.0
0.0
0.0
0.0
0.0
0.0
-0.992186
0.0
0.0
0.205248
0.0
0.0
0.0
0.0
0.0
0.0
0.0
0.0
0.0
-0.457905
0.0
0.0
0.0
0.0
0.0
0.0
0.0
0.0
-1.02168
0.142185
0.0
0.0
0.0
0.0
0.0
0.0
0.0
0.0
0.0
0.0
0.0
0.0
0.0
0.0
0.0
-0.127024
0.0
0.0
0.0
0.0
0.0
0.0
0.0
0.0
1.01056
0.0
0.0
0.0
0.0
0.0
0.505118
0.0
-0.13106
0.0
0.0
0.0
-0.398242
0.0
0.0
0.0
0.0
0.0
0.0
0.0
0.0
0.0
0.0
0.0
-0.119861
0.0
0.14345
1.15105
0.0
0.0
0.0
0.0
0.0
0.0
0.0
0.0
0.0
0.0
0.0
0.0
0.0
0.0
0.0
0.0
0.0
-0.839702
0.0
0.104932
0.0
-1.06047
0.0
0.0
0.651061
0.0
0.0
0.278774
0.0
0.0
0.0
0.0
0.0
0.370355
0.0
0.0
0.0
0.0
0.0
1.58084
1.81882
0.0
-0.197297
0.0
0.0
0.0
0.0
0.0
0.0
0.0
0.0
0.0
0.0
0.0
0.0
0.0
-0.00194081
0.103987
0.0579224
0.00108837
0.00240004
-0.00241175
0.284933
-0.127357
1.34824
0.0405488
1.67244
0.216561
0.0989263
0.445689
-0.537987
-0.025878
0.146355
-1.31349
-1.1717
-0.224774
0.502334
0.154937
-0.331779
-0.0246955
-0.243961
-0.624836
0.770174
0.030334
-0.0183779
-0.0448165
-0.502381
0.221447
0.0319623
0.0921458
0.527468
0.455064
0.279925
0.525169
0.563236
0.030477
0.0166067
-0.176316
0.27192
0.0615746
0.389081
0.6731
-0.368172
0.00186086
0.746558
0.0
0.0
0.0
0.0
0.0
0.0
0.0
0.0
0.0
0.0
0.0
0.0
0.0
0.0
0.0
0.0
0.349336
0.0
0.0
0.0
0.0
0.0
0.0
0.0
0.0
0.0
0.0
0.0
1.78886
0.0
0.0
0.0
0.0
0.0
0.0
0.0
0.738593
0.0
0.0
0.0
0.0
0.0
0.0
0.0
0.0
0.0
0.0
0.0
0.0
-0.00705161
0.156164
-0.100057
-0.00086063
0.00241701
-0.0466659
0.418665
-0.600925
0.147415
-0.0208758
0.648587
-1.1924
0.220607
0.0278636
0.0695745
0.0456877
0.2398
-0.981933
0.00154201
0.157808
0.159616
-0.193816
0.268224
-0.00955408
-0.410436
-0.931856
0.868634
-0.283517
-0.0283779
0.089929
-0.616895
0.244908
0.0433922
-0.23678
0.0873237
0.215776
0.199574
0.6969
-0.344937
0.7422
-0.126916
0.266969
-0.133675
-0.319861
0.519159
-0.104353
-0.12909
0.161053
-0.169009
0.0
1.15258
0.0
0.0
0.0
0.0
0.0
0.0
0.0
-1.49134
0.0
0.0
0.0
0.0
0.0
0.0
-0.687908
0.0
0.570147
0.0
0.0
0.0
-0.622021
0.0
0.0
0.0
0.0
-0.188365
-0.84546
0.0
0.0
0.0
-0.390162
0.0
0.0
-1.82033
0.0
0.0
0.0
0.0
0.0
0.0
0.0
0.0
0.0
0.0
0.0
0.0
0.0
0.0
0.0
-0.800609
0.0
0.0
0.0
0.0
0.0
0.0
0.0
0.0
0.0
0.051572
-2.56388
0.00912775
0.0
0.566598
0.0
0.0
0.0
0.0
0.0
0.0
0.0
-0.147137
0.0
0.0
0.0
0.0
0.71556
0.0
0.0
0.0
0.0
0.0
0.0
0.0
0.0
0.0
0.0
0.0
0.0
0.0
-0.472215
0.0
-1.39734
0.0
0.0
0.0
0.0
0.0
0.0
0.0
0.0
0.0
0.0
0.0
0.0
0.0
0.0
0.636407
0.0
0.0
0.0
0.0
0.0
0.0
0.0
0.0
0.363598
0.0
0.0
0.0
0.0
0.0
0.94351
0.0
0.0
0.623168
0.0
0.0
0.0
0.231801
0.0
0.0
0.0
0.0
0.0
0.0
0.0
0.0
0.0
0.0
-1.09831
0.0
1.25555
0.0
0.0
-0.869189
0.0
0.0
0.0
0.0
0.0
-1.91487
0.0
0.0
0.0
0.0
0.0
0.0
0.0
0.0
-0.326424
0.0
0.0
0.0
0.0
0.0
0.0
0.0
0.0
-0.302374
0.0
0.0
0.0
-0.0551346
0.0
0.0
0.0
0.0
0.0
0.0
0.0
0.0
0.0
0.0
0.0
0.0
0.0
0.0
0.0
0.0
0.0
0.0
0.0
0.0
0.0782202
2.20699
0.687391
0.0406699
-0.0354546
0.0375747
0.358989
0.211801
-0.51848
0.0964373
0.208858
-0.736503
0.743485
0.0167007
0.573105
0.174976
-4.05096
-2.62409
0.0256789
1.64194
1.03339
-0.0746799
-0.163527
0.232745
-0.0299966
-1.18074
-0.349201
0.149189
-0.00604136
0.138319
-0.18034
-0.0240297
0.0989797
-0.493681
0.907812
0.0414139
0.257126
0.195749
-0.235474
0.113417
0.0346876
1.06313
-0.0622008
-0.529346
0.159947
0.338371
2.12227
0.238428
1.40103
-0.077564
-2.23823
-0.920579
2.85988e-06
-0.0160608
0.0349393
-0.475129
1.00462
0.460479
-0.00980769
-0.359253
0.899602
-0.966794
-0.0772094
-0.542988
-0.0924984
1.94351
2.73918
0.014237
-1.90051
-1.26723
0.0796909
0.186667
-0.313869
0.148614
1.27984
0.479701
-0.137125
-1.98262
-0.0315526
0.306038
-0.0392488
-0.151852
0.536072
-1.13571
0.0482898
-0.304427
-0.137021
0.254056
-0.20362
-0.0691073
-1.17873
-0.787308
1.96826
-0.290135
0.0304241
-2.39516
-0.0720845
-1.47703
-0.0221376
0.768242
0.128391
-0.0697555
0.407783
0.316797
-0.0635743
-0.222659
0.295998
-0.153474
-0.261254
-0.182233
0.162017
-0.728766
0.270201
0.233882
1.24997
-0.160816
-0.357906
-0.0944043
-0.0740101
0.0838935
-0.021639
0.120787
0.238598
-0.056557
0.125911
0.163326
0.442302
-0.854864
-0.0986683
-0.00273115
-0.238849
0.341636
-0.0786632
0.00049677
-0.328666
0.268614
-0.0762221
-0.170738
0.109483
-0.144848
-0.203811
0.123416
0.899939
-0.0373059
0.636896
-0.308379
-0.464145
0.0110497
0.585227
-0.320798
-0.0274217
-0.436526
-0.311952
0.252417
0.180168
-0.204696
0.513514
-0.0376152
0.460084
-0.520558
0.677015
-0.448626
-0.156058
-0.937088
0.391038
0.519716
0.123358
0.331009
0.0161161
0.203283
-0.25985
-0.083115
-0.368459
0.532238
-0.264854
-0.438567
0.106892
-0.356394
0.0132089
0.240436
-0.498271
-0.198433
1.11828
0.345203
-0.0767723
-0.968369
0.168598
-0.0514714
-0.0915163
0.347803
0.213269
-0.549985
-0.0257152
-0.234604
0.119303
0.141247
0.000659014
-0.0312888
-0.233189
-0.0958414
-0.0516658
0.376937
-0.116222
0.0380171
-0.0579817
0.0865169
-0.150371
-0.433584
-0.223344
-0.0605006
0.0302979
0.0824583
0.0592145
0.223103
0.0398728
-1.218
-0.234051
0.201297
0.0233002
-0.0810488
0.118501
0.0993996
0.130743
0.0120998
0.0720974
-0.120683
0.66361
-0.0632942
-0.0528785
0.0424067
-0.228046
0.0894263
-0.0470823
0.0571902
0.018353
-0.0901954
-0.0343268
-0.121156
0.0721281
-0.0373016
-0.130814
-0.188441
-0.272836
0.166531
-0.0757085
-0.00665056
0.00822216
-0.0509178
0.00386122
-0.0273976
0.055857
-0.135719
0.0125633
0.0576748
-0.173207
0.106738
0.00440802
-0.104063
-0.160989
0.0290754
0.0118504
0.0496128
0.115739
-0.119329
-0.0887579
-0.146701
0.113022
-0.00536738
0.0575015
-0.110698
0.231388
0.0339624
0.0964699
0.0708894
0.0274177
0.0498202
-0.0256351
-0.0718828
0.121239
-0.0377084
-0.0405613
-0.0205671
-0.108395
-0.0524206
-0.0977872
-0.0620099
0.0424602
-0.0504793
-0.082893
0.0698163
-0.152208
-0.0508229
0.155471
0.0156814
1.2916
-0.0449818
1.01014
0.00613944
-0.0172215
0.0116697
0.226458
-1.17891
-0.0269742
-0.0498288
0.105523
0.0845367
1.41001
0.653919
-0.896083
0.0236693
-0.105464
0.0220765
-0.0694933
-0.92877
-0.618341
-0.217941
0.107609
0.118355
0.4307
-1.33896
-0.595576
-1.06955
-0.0197455
0.153457
0.314967
0.0723448
0.0302914
-0.391614
0.667943
-0.106228
0.234669
-0.52934
0.000477827
-0.13508
0.109173
-0.495899
0.0189615
-0.055479
0.974431
0.495306
0.0423916
-0.431522
-0.0127842
1.79896
1.1624
-0.329813
0.00364265
-1.69776
0.0532683
-0.0450106
-0.00576325
-0.0372816
-0.108357
0.11898
-0.293004
2.01145
-0.0653395
-0.86435
0.0319407
-0.00419021
0.00619005
-0.11707
-0.0973087
-0.0827526
0.120273
-0.0611178
0.0920267
0.182244
1.93287
-1.65736
0.0746772
0.0518491
0.0426006
-0.0428461
-0.0156399
-0.0517193
0.0369088
0.181353
-0.0791446
2.08246
-0.215479
-0.117074
-0.108813
-0.0493626
-0.0246728
-0.0322686
-0.145068
0.171478
0.099708
-0.145088
0.313314
-0.0959832
1.71927
-1.42834
-2.03141
0.00353009
2.47221
0.0522719
-0.141712
-0.00238741
0.0560265
-0.115745
0.121767
-0.171115
-1.29705
2.25002
-2.88355
1.64373
1.67273
0.0510932
-0.121713
-0.0454453
-0.0951022
0.134851
0.0192756
0.062092
0.997137
0.155516
-0.524484
1.08438
0.65052
0.0314816
-0.0304973
-0.00509245
-0.0798387
0.148684
-0.0662108
-0.124599
-0.0194042
1.98586
-0.0984355
-0.102928
-0.0585774
0.022724
-0.0607955
-0.00219661
0.0497562
-0.0572686
-0.0428338
0.17241
-0.0938229
-0.00561223
1.17803
1.98745
2.45128
2.63153
-2.49084
-0.130668
-0.841857
0.0235393
-0.130795
0.128809
-0.178945
-0.0760426
-0.0640495
2.62227
2.26337
-0.00101701
-1.88201
-0.121591
-0.0655359
-0.0863687
0.141813
-0.001074
0.0619375
1.70154
0.168614
2.00238
0.0974419
-0.225503
0.02841
-0.0304073
-0.00715693
-0.0833706
0.171613
-0.0615233
-0.130435
-0.0257396
-0.223875
-0.0984935
-0.112304
-0.0567696
0.0261633
-0.0657453
-0.0082852
0.0275028
-0.0631232
-0.0468483
0.178603
-0.118441
-0.0100568
0.036082
2.23988
2.14583
1.58489
2.30492
-0.111326
2.62464
0.030435
-0.0945182
0.108911
-0.106257
-0.116702
-2.4148
0.0617015
2.68331
-1.84261
0.0803179
-0.120748
-0.568106
-0.0341396
0.136258
0.000750288
0.0607023
0.019052
-1.33107
0.00799145
2.02803
0.0682233
-2.69134
1.59243
-0.00612544
-2.60826
0.822571
-0.0804168
-0.0906511
-0.0367293
-0.149214
-0.0852632
-0.100583
-1.74497
-2.1291
-0.0348123
0.0502658
-0.0842771
-0.117277
-0.0881626
0.130221
-0.109106
-0.00523888
-0.141241
0.251404
2.48613
-0.533908
1.70147
0.608214
-1.48463
-0.290783
0.370925
-0.141112
-0.244444
-0.260915
0.419278
0.234484
0.00070678
-0.193392
1.7723
-2.84578
1.87889
-0.0918701
0.308263
-0.485131
-0.0346638
0.326497
-0.560507
-0.790257
-1.21025
-0.0573912
0.0807583
0.40336
-0.106541
-0.165978
-0.302081
0.131292
-0.261552
0.356779
1.09861
-0.350152
0.121617
-0.0736283
0.0643879
-0.888825
0.141383
0.735569
0.419887
-0.48189
0.831967
-0.456395
0.00265314
0.164911
0.448847
0.00106368
0.386414
-0.860006
2.12546
3.01681
-0.389766
0.158245
-0.0074089
-0.689109
-0.0369906
0.231687
-1.01328
-0.00872281
0.0192416
-2.20412
-0.447517
1.37437
-0.102181
0.235302
-0.284196
-0.0596881
-0.609376
-0.0222401
1.54394
-0.277353
-1.03241
0.135645
1.67701
-0.751402
-0.161618
-0.340778
-0.284075
-0.628926
0.774108
0.135068
-2.67439
0.0698362
-0.0520806
0.374503
-0.477305
-0.475076
0.082221
0.432601
0.0560957
0.896455
-0.0441565
0.000164951
0.0943295
0.0358008
0.0031006
-0.0148792
0.0166697
-3.11742
-2.63127
-2.96078
-1.45013
0.114237
-0.0951251
-0.00231936
0.0510713
0.368305
0.0423864
0.188389
0.480017
-2.6874
2.47178
-1.97554
0.195441
0.0317754
0.0556229
-0.375337
0.0345891
-0.101103
1.16305
0.0676731
-0.000172807
-0.073897
0.0278061
-0.0590721
-2.32522
-0.294375
-0.119402
0.230098
-0.34621
-0.0382687
-0.00744168
-0.0296791
0.137051
0.0485006
-0.136118
-1.33779
-0.0181603
-0.0763123
-0.0128666
0.412962
-0.0107656
-0.0543501
-0.0588557
0.00224238
-0.00555224
0.00292303
-0.940624
2.28551
0.478336
2.48985
-0.0152563
0.0522092
0.0374969
0.0965837
0.0839078
0.000912346
1.28946
0.199094
0.458411
-1.62425
2.67177
-0.831143
0.0227376
2.74706
-0.0133945
-0.0201073
0.440736
-0.0721597
0.0189742
0.0325895
-0.0192591
-1.42094
1.59119
1.4389
-0.0771451
-0.0490926
-0.0706975
-0.0199911
-0.0277807
-0.067631
0.00525723
0.0164923
0.0903229
0.258673
-0.180441
0.112432
-0.0687181
-0.115851
-0.219224
-0.0049429
0.0702959
-0.0121443
0.00357355
-0.0256462
0.0524717
1.25717
0.701863
2.11125
-2.54734
1.78298
-0.0574134
-0.111561
-0.0409543
0.0711316
0.0199801
-0.0979254
0.094486
-0.116898
0.0635344
-0.73024
-1.50045
-1.72195
2.38916
-0.0305112
0.0621609
-0.0681519
0.0608239
0.0630736
0.0407056
-0.0313297
-0.00960823
-0.0682619
0.230534
-0.0974116
-0.0675186
0.045306
0.0736035
-0.0582649
-0.0763158
-0.0618975
0.0658431
-0.0547284
0.00191234
2.44402
-0.152247
-0.0226486
0.200053
0.0389376
-0.00518036
0.171288
-0.0883253
0.00270354
-0.00661755
0.0452763
-0.227427
-0.110547
-1.12148
1.92076
-2.44248
-0.472712
0.037701
-0.319223
-0.424795
-0.0109665
0.557485
-0.0294277
-0.0493157
-0.340597
-0.652875
1.90284
1.63593
-2.44184
0.0957484
0.118702
0.0601419
0.115408
0.0688694
-0.0300824
0.00950732
-0.0260422
2.28893
0.129019
-2.53223
2.85306
-0.49704
0.0649548
-0.0211539
-0.0676426
-0.0461898
-0.0212911
-0.0695672
0.211966
0.274587
-0.324215
-0.249906
0.184997
-0.485737
-0.00152152
-0.0942505
-0.187559
0.00124718
-0.00116758
0.0331847
-0.0897741
0.280607
-0.33143
-1.63957
2.88676
-0.822584
-0.218
0.472669
0.215997
0.0708209
-0.817524
-0.227404
-0.00853649
-0.218135
0.927262
0.110597
-2.65051
1.93944
-0.384105
-0.296151
0.374217
-0.0346701
0.00563297
0.0949037
0.480342
-0.102657
-0.0522879
-0.00509005
-1.32165
0.090569
0.357752
0.212681
0.363735
-0.30108
-0.0815298
0.163547
0.336301
-0.371101
-0.168667
-0.0329368
-0.258039
-0.0429342
-0.246309
-2.63377
1.22868
-0.317635
0.00225426
-0.0144435
0.0251166
0.142932
-0.0507501
-0.220381
0.182848
-0.0203235
0.275814
2.60603
-1.3417
2.68978
-0.0164351
-0.0581649
0.0539263
-0.000917805
-0.383042
0.00221654
0.00850903
-0.0556368
0.000532801
3.19516
-2.04481
-1.24127
-0.0575574
-0.00972487
0.0409057
0.24494
-0.139189
-0.0183655
-0.242943
0.134807
-0.0936492
0.254816
1.35073
-2.23082
-0.0306206
-0.0536597
-0.0795327
0.187212
-0.262025
0.315808
0.281825
-0.209275
0.118822
-0.166089
-2.07787
1.1763
0.215471
0.00373456
-0.00443925
-0.0641688
-0.165144
0.208028
0.226984
-0.0401042
0.224973
-1.38355
-1.9854
-2.65291
-1.31923
0.0604912
0.645705
-0.436982
-0.0390349
0.314263
0.291751
0.267148
-0.213311
0.1091
-2.8425
-1.17582
-1.00115
1.56778
-0.013037
0.0909193
-0.551168
0.105548
0.0912859
0.16704
0.0687037
-0.358474
0.174842
-3.05772
-0.64213
-0.0203589
-0.0834334
0.212664
-0.165444
0.0665141
0.0835278
0.0469022
0.243034
0.574773
0.541625
-0.00730714
-1.90194
-0.0719799
2.14563
-0.0263105
0.0580927
-0.164165
0.0294566
-0.0118586
-0.239167
0.10095
0.0290349
-0.0359181
-0.238343
0.730726
-2.72316
0.839681
0.0443383
-0.118473
-0.133984
-0.11433
0.110047
-0.0322165
0.0448602
-0.0482928
-1.87626
-0.548473
0.462948
0.0674839
0.028207
0.0830666
1.95959
-0.0584694
0.175223
-0.0328324
-0.0505665
0.0321264
-0.0761134
0.187345
-0.09401
1.25002
0.0655755
-0.0502102
-0.0990515
0.135475
-0.102941
-0.0546909
0.252318
0.0114654
-0.0158572
-0.201917
-0.961055
0.00115005
-1.38114
0.412598
-0.25813
-0.598698
0.168401
-0.147539
0.0266774
0.621874
-0.466671
-0.280905
-2.33607
1.88268
-0.268313
0.82375
-0.802622
-0.502191
-0.291748
-0.0876057
0.0284056
-0.0107572
0.0572996
1.6913
-0.598097
1.65672
2.25804
-0.0970085
0.134384
0.0160071
-0.157236
-0.589016
-0.495391
0.0118684
-0.392417
0.995533
-2.20985
0.0754291
-0.0764555
-0.400291
0.221595
0.257347
-0.158339
-0.457582
0.297774
-0.204412
0.0288474
-0.0266665
-0.894313
1.19102
0.115204
-1.40189
2.26595
1.30943
-0.049255
0.0214192
0.24802
-0.140188
-0.0686326
-0.354875
0.0981338
-0.254903
1.55074
-1.50843
-1.32685
-2.35426
-0.943015
0.435616
0.204014
-0.135785
-0.0575411
0.396664
-2.90423
-1.00666
-1.48326
-1.4894
-0.0453984
-0.0626493
-0.00525385
-0.149365
-0.316105
-0.291567
-0.257499
-0.153307
0.534683
0.101324
0.0071067
-0.245223
0.725559
0.62852
0.0901456
-0.175684
-0.128944
-0.424223
0.28514
-0.510403
-0.0153554
0.0242287
-0.0119948
0.00236865
-2.5248
-1.06252
2.41479
0.0250536
-0.0317669
0.0471379
-0.0239539
0.0562464
-0.0460766
-0.00954058
0.048048
-0.179837
1.54452
1.06424
-0.607117
-0.108104
0.0788596
-0.0271687
0.0622904
-0.00124597
0.0192912
-0.0735421
1.98146
-1.76402
0.000298537
0.0437737
2.57276
0.884008
1.61861
2.47981
0.0220875
0.0928511
-0.0160304
0.0456073
0.0209055
0.927533
0.0118052
-0.00997938
0.0303562
-1.11356
-0.0501757
0.046762
-0.0678361
0.0489915
-0.0370344
0.00757938
-0.550451
-0.142629
0.00353491
-0.00165707
-2.1273
-2.42824
-2.46321
0.481747
-0.0632702
0.179723
-0.157429
0.204834
-0.162719
0.477038
0.0921986
0.11895
-2.06399
-2.90658
-0.133873
0.516006
0.0596327
0.128592
0.0741057
-0.792256
0.949597
-0.318151
-0.512551
1.00825
0.511283
-1.41196
-2.59452
-2.61898
0.297633
-0.139746
0.739004
0.0190054
-0.625158
-0.620998
1.84721
1.91807
1.3543
-0.151609
0.252068
-0.962859
-0.157753
-0.168646
-0.548114
-0.14127
0.00194446
-0.549492
0.0723322
0.00347977
-0.00651089
-0.0271298
2.19734
-0.327013
0.607754
0.0826282
0.0818688
0.301675
0.0658274
0.0687413
0.608025
0.0484018
-0.898858
-0.912336
-2.59274
2.22897
1.79708
0.975568
0.31081
0.0525396
-0.320848
-0.0142637
-1.624
0.00945315
0.00525457
-1.85039
-0.0724662
-0.859802
0.555883
0.472116
-2.25902
-1.48845
-0.277057
-0.318035
-0.358991
0.165838
-0.029092
0.158662
-0.0449024
2.71297
0.94949
-0.30485
2.1641
-0.268975
0.0580893
-0.00983288
0.0527278
-0.0223171
0.00411795
-0.0287299
0.054187
-0.0899881
-1.4208
1.39452
0.412122
0.123943
-0.160741
-0.0864388
-0.110976
-0.150849
0.00953097
0.118125
0.125616
1.66931
0.848072
1.68306
-0.97439
-1.66709
0.065792
0.144961
0.198591
-0.0692457
0.0991189
0.0628056
-0.162508
0.0748094
-0.00275433
-0.0719626
0.137161
1.44245
-0.0803516
-0.0585537
-0.115702
-0.0587686
-0.081988
-0.0589744
-0.0366371
-0.0578419
-0.028239
-1.56402
-2.36397
-0.0930574
-0.686755
-0.11432
0.00750535
0.0541046
0.0299542
0.00287845
-0.00732085
-0.00115086
-0.294477
-0.212453
0.194217
2.84167
2.47649
0.875497
0.000979128
0.0377328
-0.0280919
-0.02726
0.192298
-0.0132461
1.11239
-0.571129
-0.299094
0.538471
0.180592
-1.55258
-0.143495
0.964271
0.0974497
0.131908
-0.00764378
0.0287441
-0.366517
-1.28782
-0.466619
2.32181
-0.774704
-0.31362
0.213028
0.110639
-0.351983
0.00740757
0.0928183
0.296423
-2.40759
0.451022
0.364395
-0.695778
0.128195
0.341227
0.26375
-0.00660266
0.0294035
-0.0209922
0.00351932
-0.0256048
0.0528268
-0.123723
1.63621
-0.546557
-1.38679
2.83654
0.23643
-0.0927808
-0.0576
0.0867835
0.028351
-0.0338672
0.0382649
-0.118837
-0.00838142
-2.06438
3.0892
2.07052
-0.546395
0.0017422
0.159206
0.0836635
0.0657458
0.0641488
0.0334243
-0.0341997
2.87277
-0.0721435
0.21337
2.51757
-2.63412
0.00645597
-0.257066
-0.0921539
-0.115701
-0.0540765
0.038678
-0.0717638
-0.00670969
-0.0447113
2.94244
-0.0778437
-1.56561
-0.0957967
-0.0031144
0.0905101
0.419257
0.00346094
-0.037186
0.0907098
0.79138
0.0410625
-0.934052
-2.14158
0.363141
-0.959154
0.117327
0.530516
-0.426585
-0.043646
0.385428
0.211566
-0.0480344
-0.424034
0.477244
0.264649
0.342339
2.14278
0.19395
0.128171
-0.224359
-0.0379521
-0.106322
-0.00128766
0.278637
-0.0117277
0.0216848
0.616981
1.84805
3.61688
0.197246
0.677695
-0.486579
-0.350565
0.0464807
-0.16361
0.0366087
-0.159799
0.616779
0.200785
-2.97811
3.37707
0.195894
-0.0279013
1.43228
-0.325248
0.00476322
-0.00380412
-0.00303824
-0.531696
-0.512178
0.272599
-0.609831
0.345717
0.156443
0.0337073
-2.41051
0.226789
-1.90202
-0.618559
-0.0469376
-0.111032
-0.419721
-1.11096
-0.227099
0.422825
0.147979
-0.951061
1.33144
0.877367
0.364122
0.210158
0.0892418
-0.312662
0.021534
0.0228125
0.119494
-0.137051
0.627553
1.94708
-0.281722
0.191735
-0.128266
0.443377
0.0620761
-0.137309
-0.114892
-0.231288
-0.210404
0.426814
-0.659922
0.0871045
0.985948
-2.36903
-0.416379
0.00195107
0.000210725
0.000976995
-0.555563
0.55134
0.98931
0.0630702
-0.0285366
1.11411
2.31762
1.20254
-1.12245
1.17574
0.523905
0.445388
-0.00420801
0.255588
-0.940716
-0.0357874
0.395594
-0.0863062
-3.92169
0.256563
2.57199
-0.0202442
0.113191
2.17713
0.410043
-0.0110636
-0.1119
-0.500453
-1.14177
-0.576299
2.67663
-1.50822
1.05953
0.171312
-0.199875
0.220927
0.148162
-0.702122
0.160929
-0.203729
0.123463
-0.521775
-0.934816
0.75256
-0.0720931
-0.107251
0.00338002
1.27177
0.0411795
-0.0817054
-0.00762324
0.149529
-0.286301
0.124701
-0.0952945
-2.29879
-2.58699
0.144212
0.0103895
-0.152411
0.0962781
-0.113057
-0.0741717
-0.0872256
0.0732979
-0.0462385
0.0441536
0.162325
2.23134
-0.815
-1.83414
-0.0297836
0.0289099
0.0817457
-0.0520943
-0.056166
0.0155711
-0.0329887
0.0200588
0.0654058
-0.52087
0.791137
-1.08107
-1.36438
0.0578207
-0.136105
0.301893
0.0888481
-0.24155
0.112979
0.013709
0.00368089
-0.00800692
0.0384993
1.51604
1.53938
-0.374322
2.48844
-0.109358
0.00506301
0.0223322
-0.122816
0.126421
-0.18765
-1.58355
-0.119135
1.55452
2.83685
1.25774
0.0187939
-0.121651
-0.0782862
-0.0716264
0.141496
-0.004355
0.0644077
0.0252886
0.119228
0.67025
1.30975
2.25894
0.0239992
-2.76366
-0.00314481
-0.0796418
0.136039
-0.055479
-0.122041
-0.623245
-2.91515
1.17706
-2.74145
0.017302
0.0466267
-0.0801525
0.0319784
0.0479638
-0.0209475
-0.0182721
0.185648
-0.136757
-0.0101123
0.127436
1.98862
-0.718792
1.73237
-0.00788497
-0.0465237
0.0794293
0.0522591
0.0926406
-0.025572
0.0718161
-0.14747
0.148631
1.07146
-0.069547
0.757087
0.0231998
-0.000203289
0.112188
0.0735458
-0.00542396
0.0756104
-0.00125695
-0.0994962
-0.323026
0.249719
-1.91736
2.84432
-0.273527
-1.37364
0.95593
0.0107981
-0.087078
-0.10138
0.0491026
0.0251208
-0.229323
0.0143467
0.872992
-1.63149
-0.31361
0.121495
-0.0521291
-0.0474033
0.0294403
-0.0664469
0.0238946
-0.0304779
-0.0105694
-0.404968
0.167263
0.00107592
-0.818287
-0.0119355
-0.141091
0.4965
0.239984
0.230295
-0.0605997
-0.0904117
-0.282338
-0.101116
-0.042859
-0.844029
-2.003
2.24916
-1.17885
0.569837
-1.23164
0.109505
0.00391252
-0.0408191
-0.491721
0.635182
0.59549
1.17984
1.871
0.976622
-0.332866
1.29396
-0.104209
-2.7388
-0.118301
-0.349325
0.250509
-0.769353
-0.220214
0.625717
-0.0239223
1.7714
2.70004
0.169632
-0.290594
-0.460561
0.0193698
-0.140257
-0.275381
-0.0110393
0.0496424
-0.0280937
0.00377707
2.48065
0.0470744
-0.0925692
0.0571581
0.116254
-0.125179
0.10951
-0.0614053
-0.214638
-0.0988368
-0.0778606
0.00876474
2.95273
1.06803
-0.852926
-1.11164
-0.36887
2.91069
0.0248865
0.0590202
-0.0618489
0.351145
0.243647
0.0966366
0.527234
-0.88791
1.37803
1.66888
-1.07122
0.0078162
0.0247801
-0.135432
-0.0717768
-0.145117
-0.0387678
-0.16374
-1.13946
0.923408
-2.39755
2.74943
0.0762984
-0.0577581
1.24545
0.0921034
-0.186141
-0.0152236
-0.00868542
-0.0130592
0.00208835
-0.00674807
-0.00367975
-2.64038
0.080572
-0.0348871
0.0847672
-0.0275782
0.0506301
-0.0379272
-0.00674912
-0.00777182
-2.39321
-0.447161
0.148442
1.83909
-0.699715
1.33862
-0.0137098
0.043369
-0.000999004
-0.103055
0.0144004
0.185827
0.00268383
2.89308
0.0417454
-2.59999
1.10628
1.82297
0.101455
-0.0526752
0.103152
-0.031321
0.089836
0.0204872
0.0188483
1.75374
1.96381
-1.71599
0.0336397
-0.178522
0.00811863
-0.035911
0.247536
0.00134884
0.00609345
0.260592
-0.144393
0.0019313
0.00393154
-0.00714861
-0.478883
-1.30545
2.259
-0.106823
0.154271
-0.665121
0.0173548
0.0227455
0.721177
-1.71451
-0.0375844
-2.36388
1.51052
-0.47779
-0.249781
-2.36859
-0.693779
-0.00346761
-0.648462
-0.652108
-1.00034
-0.00838772
0.0804474
0.014645
0.191103
0.638655
-2.12791
1.40504
2.64482
-0.0643772
-0.26266
-0.670418
-0.208187
0.372797
-0.567158
0.0922506
-1.50224
-0.221037
-2.06993
-0.359692
0.32755
-0.236139
0.190588
-0.0204882
0.12637
0.0686757
0.00418306
-0.0245353
0.0243641
0.126205
-0.484082
-0.125589
-1.72717
-1.05241
-0.280183
0.136063
0.391472
-0.59239
0.00833762
-0.250017
-0.172067
-0.0634483
-0.0601475
0.301152
2.22553
-0.139994
-0.264807
-0.261055
0.470484
0.295944
0.13209
-0.0252017
0.0571113
-2.20632
3.02125
-2.55829
-1.06224
-0.129475
1.43755
0.233661
0.613675
0.108259
0.270009
0.0613265
-0.252426
-0.671096
-0.27986
2.51773
-0.41634
0.0479511
-0.127897
0.620121
-0.00795475
-0.162526
-0.0114429
0.00247904
-0.0059753
-0.0328349
-0.452019
-1.23268
0.225086
0.650978
-0.174797
-0.0511964
-0.161202
0.258693
-0.286968
-0.0963876
-0.609921
-0.0406243
-0.0464019
0.349756
0.0728332
-2.68724
3.28056
1.18118
-0.132438
1.30963
-0.304048
0.194142
-0.00996228
0.0371299
-0.657151
0.0368801
-1.48043
-1.1703
1.63961
1.28753
0.630896
0.422865
-0.510287
-0.0331395
0.0514692
0.162654
0.0527523
0.461131
0.0195591
-0.691412
-0.0899949
-1.54364
-0.287572
0.00453938
0.431854
-0.104717
0.00326226
-0.0135621
0.0739618
-0.0994288
0.633357
0.295285
1.8466
0.107553
0.320425
0.00100105
0.127285
-0.141761
-0.00596408
-0.690072
0.288451
-0.110736
-0.0252739
0.613182
0.00471878
-0.179856
2.72848
-0.0787667
-0.39631
0.732618
-0.114827
0.0831115
0.0551927
0.170998
-0.0480931
-0.0409313
0.0999398
-2.83437
-1.25091
-0.0434443
-0.275385
0.163609
-0.140509
-0.11011
0.28611
-0.165378
-1.8978
0.137708
0.108521
0.433562
0.711985
0.258221
-0.0533864
-0.456737
-0.471284
0.00277216
-0.0289144
0.119824
1.16365
-0.543375
-0.398303
-0.0174806
-0.390959
1.34582
-0.347567
-0.606811
-2.43276
0.00658848
-0.256748
0.876095
-0.0154302
0.449543
1.53606
0.0587262
-0.0443904
-0.16742
-0.691921
-2.84854
-0.0913521
0.216593
2.80804
-0.0723654
0.453813
-0.0375597
-0.0253606
0.843347
0.0514014
1.21223
-2.2544
3.76517
0.320463
0.208814
0.158649
-0.306088
-0.0295744
1.08368
-0.575747
-0.64179
-0.511728
-0.241968
0.79702
-0.0223314
1.96449
-0.0589887
0.00191456
-0.504566
0.0152446
0.00236617
-0.113973
-0.202133
-0.00497475
0.0361754
-0.0314459
-2.59119
-0.147712
0.21384
0.125641
0.0928003
0.160969
-0.00393829
-0.150425
-0.0165728
-0.0394198
0.0352319
0.0117609
-1.58637
0.186554
0.442991
0.25852
0.00296107
0.0389047
0.0303236
0.0228702
0.0121944
0.197331
-0.0224224
0.106342
-2.8408
3.00926
-1.3228
-2.64592
0.0431891
-0.0241799
0.0128739
0.0216308
-0.0118982
0.0141139
-0.139109
-0.0398036
0.373286
-0.0078101
2.00164
0.283263
0.00225326
2.39303
0.0102817
-0.126074
0.050419
0.174241
0.0453514
0.0157309
0.101078
0.0315685
0.0401791
0.223575
0.0264317
0.227359
-0.162877
-0.0163933
0.0677151
0.021714
0.00885248
-0.0148191
0.0234699
-0.913905
-0.0577398
-0.846179
-2.48896
0.641449
2.33872
-0.0667689
-0.0324765
0.0293524
-0.0808487
0.00203481
0.284093
-0.147188
0.561787
1.80229
-1.71064
-0.0187023
0.171299
0.0300211
-0.0866543
0.0205478
-0.180604
-0.0679127
0.0668937
1.15069
-0.0258003
0.0492753
-0.0116422
0.00314329
-0.00862962
2.44063
0.0885876
0.12284
-0.105878
0.0789436
-0.0261497
0.0765411
-0.0190839
-1.78816
0.119102
0.33566
2.88134
0.103192
-0.000944662
-0.0592682
0.110535
-0.0278535
0.094045
0.000983991
-0.0300614
1.23361
1.37165
0.786148
-0.000852404
0.687861
-0.0384259
0.00522071
0.0442254
-0.0263206
0.0132001
0.15997
-0.00405194
-0.984959
0.0331592
-0.303729
-2.87478
2.06639
0.784848
-0.0529594
-0.100598
0.101073
-0.114383
0.152818
-1.33774
0.0016249
-1.14265
-0.188342
0.00379783
-0.0104271
0.0130111
0.0405867
0.542223
0.168242
-0.0314584
0.154407
-0.264055
-0.144577
-0.185536
0.073571
0.0274662
-0.25578
-0.336131
-1.04881
-0.0298601
0.0949542
0.122823
0.0131656
0.0911411
-0.381997
0.635977
0.362489
0.053586
2.13136
-1.71773
-0.334268
0.0149347
-0.0665467
0.15501
0.00760944
0.0466989
0.020898
-0.340878
-3.11259
0.694829
-1.21104
0.132205
-0.085963
0.210294
-0.0207849
-0.244999
-0.14399
-0.0947177
0.195356
-0.012507
-0.0259802
0.0228093
0.00182417
-0.00501826
-0.0092414
0.0444522
2.66989
0.0751833
0.160109
-0.0314875
-0.102428
-0.0708814
-0.0521748
0.156782
-0.00874476
0.644509
1.19161
-0.000288114
-1.21557
0.142651
-0.000762331
-0.0271988
0.00993602
0.0454752
0.0458408
0.446894
-2.16633
-2.51938
0.228773
-0.464599
0.0140757
-0.0129876
-0.180031
0.0733802
-0.0419618
0.0769809
-0.299859
-0.119529
-2.37561
0.0200201
-0.789149
1.65891
0.045243
-0.288647
0.171116
-0.214063
0.0326051
0.00568246
-0.0148953
-0.984814
-0.070263
0.00435568
-0.0199619
2.8589
0.0469396
-3.15427
0.497069
-0.198306
0.0934797
0.24236
-0.104021
-0.311508
0.184689
-2.89118
1.06621
0.0721623
-0.098527
0.224942
0.360147
0.122996
0.0160731
0.0461436
-0.664429
0.754731
-0.926493
0.215037
0.122993
-0.513902
-1.6124
-0.0257245
-0.102516
1.38134
-0.308024
0.467375
-0.316856
0.804766
-0.265313
0.0794979
-2.56139
1.93168
1.32479
1.36401
-0.423467
-0.460017
-0.0649357
-0.493463
0.459809
-0.0308203
0.849057
0.426961
0.00202485
-0.0385696
0.10283
0.69217
0.598099
-0.482792
0.229962
-0.022809
-0.850308
0.0136794
0.586582
-0.596799
0.0564724
-0.223287
0.167254
-1.6078
-2.72182
-2.74646
0.0538009
-0.641604
-0.00249943
0.736102
-0.589609
-0.129662
-0.0827631
-0.120879
0.918102
-0.955378
2.33705
-0.669745
-2.74247
-1.44617
-0.58045
0.508419
0.497808
0.106419
0.153205
0.021034
-0.187297
0.36261
-1.81272
0.00306322
0.731789
-1.18446
1.92558
0.498793
-0.0324573
0.365016
0.249268
0.00177161
-0.0389094
0.152781
-0.155661
0.962425
-0.446348
0.400236
-0.100746
-0.934693
-0.0647252
0.758753
0.140856
0.0253793
0.0281876
-0.156669
-0.0157309
-0.949249
-0.308371
0.0777969
-0.897074
-0.0608624
0.641149
-1.15485
0.375803
-0.430904
-0.0932387
0.109353
-0.107247
-1.98228
1.45719
-0.741528
-0.558799
-3.00475
-0.290621
-0.464173
-0.0171701
0.122651
-0.0388476
-0.406698
0.205201
-1.13746
1.00488
-0.118856
0.0903832
0.198266
0.0486842
-0.00731456
-0.432746
-0.32997
0.00429907
-0.00354505
-0.0123534
0.114827
0.23497
-1.1327
-0.0713431
-0.342331
0.0887026
0.0311086
-0.555267
-0.0351427
0.0943213
-0.129139
-0.444914
-0.110533
0.337653
-0.0210103
0.289822
-0.332281
0.134779
-0.330103
0.46222
0.0325642
0.312493
0.100127
0.0875676
-0.228001
-1.8931
-0.0248353
-0.363799
-1.53136
-0.984874
-0.166671
0.294412
0.229365
-0.0220529
-0.0561615
0.315684
-2.99717
0.346311
-1.03859
-1.79885
-1.53658
-2.05922
0.235614
-0.0317731
0.563712
0.266733
0.00339427
-0.0368718
0.112772
0.754388
0.668711
-0.509076
0.00262644
-0.092196
-0.371963
0.143696
0.674632
-0.795567
0.0124814
-0.500943
0.632534
-2.72287
1.45285
0.303336
1.10896
-0.623682
-0.0668994
0.640636
-0.99337
-0.841035
-0.34049
-0.113834
0.0973717
0.582269
-0.00635491
0.0566232
-0.455076
0.239229
0.256112
-0.316669
0.0829104
-0.156063
0.085764
0.0361802
-0.3923
0.0166027
-0.984706
0.358715
3.19588
1.65856
-0.315126
-0.301896
-0.0121917
-0.161152
-0.230846
0.0033145
-0.0158573
0.043312
0.283364
-0.183632
-0.243179
-0.100479
-0.0473269
0.134898
-0.00379786
-0.282487
-0.395982
-0.0100319
-0.45901
0.367561
-0.0880485
-0.18099
0.474628
-0.0289089
-0.841092
0.0151131
0.50486
0.104074
-0.674163
0.11915
0.00296226
0.00160929
0.102989
-0.000929771
0.0176101
-0.199301
0.589293
1.31595
-0.099311
0.630932
-0.0434433
-0.0655771
0.0548732
0.0286326
-0.0108045
0.306873
-1.93099
-0.0391323
1.86226
1.41652
-0.443587
0.0214934
-0.0830742
-0.197146
-0.101263
-0.0199216
0.0233252
-0.0504122
0.00554516
-0.0577312
0.15615
-0.252365
0.278728
-0.0978506
0.0127475
-0.067243
0.0493406
0.0270468
0.0937034
0.161424
-0.198159
-0.237711
0.0806551
-0.0396631
-0.141637
0.129127
2.76491
0.038138
-0.083073
0.00406559
0.0342042
0.181865
-0.0619794
0.00349662
-0.0917662
-0.162471
0.110495
0.232974
0.201286
0.686697
-0.00586259
1.89125
-0.134816
0.107542
-0.0612049
-0.0613168
-0.150645
-0.171929
-0.0402961
-0.544236
-0.80267
-0.576362
-0.901607
-0.71671
-2.76688
-3.92247
-2.96512
-2.58331
-0.618757
-0.821388
-0.728957
-1.74794
-1.18647
1.11372
0.296814
-0.799957
-0.844615
-0.571219
-0.878993
0.963818
0.767154
-0.573403
-1.78495
-0.747277
0.0953605
-1.26506
1.91483
-1.88711
4.07913
-3.25584
1.01669
-1.02197
-0.383542
0.146964
-0.949667
0.713219
-0.285051
-0.126406
-0.668536
0.708059
-0.751961
-0.453995
-1.0464
-1.00419
-0.559555
0.681017
-0.843295
1.99346
-0.474216
-0.292425
-2.45899
-1.15564
-0.421482
-0.395584
0.375447
0.492978
-0.127077
-1.02344
-1.98883
-1.22354
-0.800236
-0.603983
-0.767109
-0.759959
1.41274
3.3218
3.26841
3.87406
3.06828
2.20192
4.14974
1.79831
-0.0240505
-0.100972
-0.116023
-0.392443
-1.35055
-1.33932
-2.86744
-1.32703
-1.80562
0.416099
-1.54052
-0.307553
-0.634159
-1.13274
-0.582237
-0.95987
-1.51349
0.993008
-2.31898
-0.23092
-0.733949
-0.637554
-1.66449
-1.0196
-1.13553
0.662982
2.98005
-4.36012
2.07632
1.49036
-3.832
3.10903
1.37058
-1.90792
-3.82492
3.25308
-0.767568
0.716106
-1.34749
-0.430053
-1.06844
-0.54747
-0.794548
-0.0293229
0.231257
-0.474302
-0.253206
-0.0787188
1.65228
-2.01699
-1.89279
0.687415
-0.808066
-0.566464
-0.833569
-1.00138
0.153044
-0.19623
-0.222462
-0.0711352
-1.16782
1.33765
-1.0758
2.53098
-3.2025
0.464465
0.297587
-2.2357
-2.39772
2.90145
-2.26474
-0.50906
0.626224
-1.82457
-1.7559
-0.700561
-4.13262
1.61253
3.12118
-2.73585
-0.763753
0.36323
0.868977
-0.172372
-0.103598
0.176113
-0.233449
-0.27017
0.000802888
-0.570734
-0.26362
0.214322
-1.74356
-1.37401
-2.63579
-0.26476
0.832821
-0.346136
-0.628083
-0.568324
-1.3862
1.423
1.84026
2.27634
1.42072
-2.64437
2.92808
-4.46082
2.66704
-1.04473
4.45121
-2.40381
-2.53606
-2.08195
-4.01376
0.183884
1.50378
-2.54352
1.68404
-4.33765
-2.20797
-0.979631
-0.77217
-2.26551
-0.855204
-0.663444
-0.97866
-0.906748
