[125, 9, 9, 4]
0.0
0.0
0.0
0.0
0.0
0.0
0.0
0.0
0.0
0.0
-0.638483
0.0
0.0
0.0
0.0
0.0
0.0
-1.10815
0.0
-1.7484
0.0
0.0
0.0
0.0
0.0
0.0
0.0
0.0
0.0
0.0
0.0
0.0
0.0
0.0
0.0
0.0
0.0
0.0
-0.410209
0.0
0.0
1.15729
0.0
0.0
0.0
-0.0398148
0.348209
0.175323
-0.0443381
-0.018175
-0.127053
0.497143
-0.59368
0.163661
0.0
-0.151038
0.67501
0.0
0.118226
0.0
0.0
1.59963
0.0
0.0
0.0
0.0
0.0
0.0
0.0
0.0
0.0
0.564031
0.0
0.0
0.0
0.899658
0.0
0.0
0.0
0.0
0.0
0.0
0.0
0.0
0.0
0.0
0.0
0.0
0.0
0.0
0.0
0.0
0.0
0.0
0.0
0.0
0.0
0.0
0.0
0.0
0.0
0.0
0.0
0.0
-1.02709
0.0
0.0
0.0
0.0
0.0
0.0
0.0
0.0
0.0
0.0
1.92287
0.0
0.0
0.0
0.0
0.0
0.631577
0.0
0.0
0.0
0.0
0.0
0.0
-0.274125
0.0
0.0
0.0
0.0
0.0
1.14267
0.0
0.0
0.0
0.0
0.0
0.0
0.147018
0.0
0.0
0.0
0.0
0.0
0.0
0.0
0.0
0.0
0.0
0.0
0.0
0.0
0.0
0.0
0.0
0.0
0.0
0.0
0.0
0.0
0.0
0.0
0.0
0.0
-1.17151
0.0
0.0
0.0
0.0
0.0
0.0
0.0
0.0
0.0
0.0
-1.77592
0.0
0.0
0.0
0.0
0.0
0.0
0.0
0.0
0.0
0.0
1.51699
0.0
0.0
0.0
0.0
0.0
0.0
0.0
0.0
0.0
0.0
0.0
0.0
0.0
0.0
0.0
0.0
0.0
1.6836
0.0
0.807248
0.0
2.50838
0.0
0.0
0.0
0.0
0.0
0.0
0.0
0.0
0.0
0.0
0.0
0.654056
0.0
0.0
0.0
0.0
0.0
0.0
0.0
0.0
0.0
0.0
0.0
0.0
0.0
0.0
0.0
0.469534
0.0
0.0
0.0
0.0
0.0
0.0
0.0
0.0
0.0
0.0
0.0
0.0
0.0
0.0
0.0
0.0
0.0
0.0
0.0
0.0
0.0
0.0
0.0
0.968683
0.0
0.0
0.0
-1.14632
0.0
0.0
0.0
0.0
0.0
0.0
0.0
0.147016
0.841245
0.0
0.0
0.0
0.0
0.0
0.0
0.0
0.0
0.0
0.0
0.0
0.0
0.0
-1.2437
0.0
0.0
0.0
-0.892126
1.97649
0.0
0.0
0.0
0.0
-1.27473
0.0
0.0
0.0
0.0
0.0
0.0
0.0215798
0.0
0.0
-0.916499
0.0
0.744553
0.0
0.0
0.0
0.0
0.0
0.0
0.0
0.0
0.0
0.0
0.593886
-0.435549
0.0
0.0
0.0
0.0
2.61099
0.0
0.0
0.0
0.0
0.0
0.0
0.0
0.0
0.0
0.0
0.0
0.0
0.0
-0.481508
0.0
0.0
0.0
0.0
0.0
0.0
0.0
0.0
-0.76864
0.0
0.0
0.0
0.0
0.0
0.0
0.0
0.0
0.0
0.0
0.0
0.0
0.0
0.0
0.0
0.0
0.0
0.0
-1.15428
0.0
0.0
0.0
0.0
0.0
0.0
2.13663
0.0
0.0
0.0
0.0
0.0
-1.16788
0.0
0.0
0.0
0.0
-2.07577
0.0
0.0
0.667046
0.0
0.0
0.0
0.0
0.0
0.0
0.0
0.0
0.0
0.0
0.296122
0.167959
0.0
0.0
0.0
0.0
0.0
0.0
0.0
0.0
0.0
0.0
0.0
0.0
0.0
0.0
0.0
0.0
0.0
0.0
0.0
0.0
0.0
0.0
0.0
0.0
0.0
0.0
0.0
0.0
0.0
0.0
1.24832
0.0
0.0
0.0
0.0
0.0
0.0
1.89844
0.0
0.0
0.0
0.602059
0.0
0.0
0.0
0.0
0.0
0.0
0.0
0.0
0.0
0.0
0.0
0.0
0.0
0.0
0.0
0.0
0.0
0.0
0.0
0.0
0.0
0.0
0.0
0.0
0.0
-1.88725
0.0
0.0
0.0
0.0
-0.339485
0.0
0.0
0.0
0.0
0.0
0.0
0.0
0.0
0.0
0.0
0.0
0.0
0.0
0.0
0.0
0.0
0.0
-0.031671
0.221296
0.0555533
-0.0331571
0.0146977
-0.137113
0.517644
-0.586487
0.213509
0.0
0.0
0.0
0.0
0.0
0.0
0.0
0.0
0.0
0.0
0.0
0.0
0.0
0.0
0.0
0.0
0.388207
0.0
0.0
0.0
0.0
0.0
0.0
0.0
0.0
0.0
0.0
0.0
0.0
0.0
0.0
0.0
0.0
0.0
0.0
0.0
0.0
0.0
0.0
0.0
0.0
0.0
0.0
0.0
0.0
0.0
0.0
0.0
0.0313848
0.0
0.0
0.176157
0.0
-0.111693
0.0
-0.311335
0.0
0.0
0.0
0.0
0.0
0.0
0.0
0.0
0.0
0.0
0.0
0.0
0.0
0.0
0.0
0.0
0.0
0.0
0.0
-1.55483
0.0
0.0
0.0
0.0
1.60659
0.666215
0.433567
-0.0500348
0.00227417
0.0790417
1.86321
0.771305
-1.07375
0.0780247
0.0
0.513224
0.0
0.0
0.0
0.0
0.0
0.0
0.0
0.0
0.0
0.0
0.0
0.0
0.0
0.0
0.0
0.0
0.0
0.0
0.401963
0.0
0.0
0.0
0.0
0.0
0.0
0.0
0.0
0.0
0.0
1.71059
0.0
0.0
0.0
0.0
0.0
0.0
0.0
0.0
0.0
0.0
0.0
0.107226
0.0
-0.987337
0.778474
0.0
0.0
0.0
0.0
0.0
0.0
0.0
0.0
0.0
0.153439
0.0
0.0
0.0
0.0
0.0
0.0
0.0
0.0
0.0
0.0
0.0
0.0
0.0
0.0
0.0
0.0
0.0
0.0
1.01046
0.0
0.0
0.0
0.0
0.0
0.745688
0.0
0.0
-0.41889
0.0
0.0
0.0
0.0
0.0
0.0
0.0
0.0
0.0
0.0
0.0
0.0
0.0
0.0
0.0
0.0
0.0
0.0
0.0
0.0
0.0
-1.59564
0.0
0.0
0.0
0.0
0.0
0.0
0.0
0.0
0.0
0.0
0.0
0.0
0.0
0.0
0.0
0.0
-0.940872
0.0
0.0
0.0
0.0
0.0
0.0
0.0
0.0
-1.02073
0.0
0.0
0.0
0.0
0.0
0.0
0.0
0.0
0.0
-0.537
0.0
0.0
0.0
0.0
0.0
1.31324
0.0
0.0
0.0
0.0
-0.747681
0.0
0.0
0.0
0.0
0.0
0.0
0.372295
0.0
0.0
0.0
0.0
0.0
-1.31171
0.0
0.0
0.0
0.0
0.0
0.0
0.0
0.0
0.0
0.0
0.0
0.0
0.0
0.0
0.0
0.0
0.0
0.0
0.0
0.0
0.0
1.82077
0.0
0.0
0.0
0.0
0.0
0.0
0.0
0.0
0.0
0.0
0.0
0.0
0.0
0.0
0.0
0.0
0.0
0.0
0.0
0.0
0.0
0.0
0.0
0.0
0.0
1.10617
0.0
-0.125603
0.0
0.0
0.0
-0.373038
0.0
0.0
0.0
0.0
0.0
0.0
0.0
0.0
0.0
0.124746
0.0
0.0
0.0
0.0
0.984598
0.0
0.0
0.877907
0.0
0.0
-2.40429
0.20783
0.0
0.0
0.0
0.00943188
0.0
0.0
0.0
0.0
-2.23814
0.0
0.0
0.0
0.0
0.0
0.0
0.0
0.0
0.0
0.0
1.74969
0.0
0.0
0.0
0.0
0.0
0.0
0.0
0.0
0.0
0.816479
0.0
0.0
-0.174103
0.0
0.0
0.0
0.0
0.0
0.0
0.0
-0.28585
0.0
0.0
0.0
0.0
0.0
0.0
0.0
0.0
0.0
0.0
0.0
0.0
0.0
0.0
0.0
0.0
0.0
0.0
0.0
0.0
0.0
0.0
0.864118
0.0
0.0
0.0
0.0
-0.301656
0.0
0.0
0.0
0.0
0.0
0.0
0.0
0.0
0.0
0.0
0.0
0.0
0.0
0.0
-0.923308
0.0
1.2593
0.0
0.0
0.0
0.0
0.0
0.0
0.0
0.0
0.0
0.0
0.0
0.0
0.0
0.0
0.0
0.0
0.0
0.0
0.0
-0.737297
0.0
-1.55376
-0.302673
0.0
0.0
0.0
0.0
0.0
0.0
0.0
0.0
0.0
0.0
0.0
0.926269
0.0
0.0
0.0
0.0
0.0
0.0
0.0
0.0
0.0
0.0
0.0
0.0
0.0
0.0
0.0
0.0
0.0
0.0
0.0
0.0
0.0
0.0
0.0
0.0
0.0
0.0
0.0
0.0
0.0
0.0
0.0
0.0
-0.146434
0.0
0.0
0.0
0.0
0.0
0.0
0.0
0.0
0.0
0.0
0.0
0.0
0.0
0.980096
0.0
0.0
0.0
0.0
0.0
-0.871362
0.0
0.0
0.0
0.0
0.0
-1.02607
0.0
0.0
0.0
0.0
0.0
0.0
0.0
0.0
0.0
0.0
0.0
0.0
0.0
0.0
0.0
0.0
0.0
0.0
-0.164188
0.216063
0.054303
-0.0522659
-0.516061
-0.147741
0.393263
-0.436867
0.512968
0.0
0.0
0.0
-0.709965
0.0
0.0
0.0
0.0
0.0
0.0
0.0
0.0
0.0
0.0
0.0
0.0
0.0
0.0
0.0
0.0
0.0
0.0
0.0
0.0
0.0
0.0
-0.185957
0.0
-3.01554
0.0
0.0
-0.400496
0.0
0.0
0.0
0.59233
-1.44538
0.0
0.0
0.424828
-2.0854
0.0
0.0
1.47855
0.0
-0.0204284
2.36016
1.96562
-0.127625
-0.0101114
0.671283
-0.73046
1.71287
0.496362
0.0240295
-2.12751
-2.11579
0.131203
-0.0472652
-0.885022
0.747276
-1.82281
-0.00967861
-0.0225095
-0.0244448
0.0235949
0.0111306
-0.439002
0.587922
-0.203568
1.53999
-0.182875
0.201744
0.0507615
0.13544
-0.101993
1.19252
-0.3031
0.810063
-0.0428001
-0.115885
0.00354071
0.232472
-0.577771
1.32478
-0.0569337
-0.210699
0.0215319
-0.110285
0.48782
0.0723047
0.384216
-0.0639137
0.0300426
-0.00199324
-0.255429
-0.858042
-0.336178
0.79092
1.29747
-0.104367
0.367017
-0.0741484
0.0367739
-0.799794
-0.861836
-0.377101
0.907694
1.7477
0.534991
-0.979301
-0.0504807
-1.69919
-0.267528
-0.285969
-0.156277
0.128559
1.77636
-1.18781
-2.05969
0.0412345
2.48683
-0.28614
-0.417677
-0.238096
0.525531
0.0537541
1.49892
1.99094
2.48893
2.63889
-2.85045
-0.648439
-1.11697
0.589467
-0.2758
-0.751289
1.55001
2.13403
1.4918
3.49118
0.509395
2.66502
-0.68179
-0.271599
-1.14076
0.00606182
2.49377
-0.747642
3.54714
5.4965
-2.36645
-2.83893
-0.0272009
-0.841839
-0.609523
-0.0193596
0.294816
0.629228
2.98389
3.29784
-1.48741
0.110807
0.632688
0.0831822
-0.00468413
0.0983468
-1.00507
-3.885
-2.06823
-1.82259
-0.0462097
-0.102281
-0.122605
-0.0387323
-0.0593689
0.167392
-0.544938
2.59336
0.549615
-0.969846
0.384727
0.0180575
-0.247062
-3.56654
-3.0509
-2.96265
-2.92049
-1.03963
-1.68562
-1.80501
-3.00534
-1.16582
1.01028
-0.0174356
0.877755
-1.39165
-0.616014
-0.0268495
1.00109
0.442315
-3.25846
-3.64693
-1.62791
6.40398
0.420561
2.14496
-5.69406
-1.79144
-1.39916
-1.3204
-1.13319
-2.4663
-1.37878
-0.604152
1.23067
-1.66418
0.234795
-0.145861
-0.85879
