[28, 49, 49, 4]
0.0160352
0.0362265
-0.119349
-0.000204558
0.000893741
0.0657899
0.0373302
-0.024198
0.159516
-0.853599
0.00156803
-0.255526
0.422897
-0.121224
0.319848
-0.0343324
-0.444282
0.454372
-0.0336435
-0.87385
0.185317
-0.67253
-0.427113
-0.00589625
0.218779
0.209037
-0.0601947
0.202384
0.000583219
-0.0468554
0.758141
-0.332851
0.00135731
-0.624578
-0.949191
-0.0164731
0.0782345
-0.702788
-0.269795
-0.248139
0.0131753
0.0407849
0.0609191
-0.0112751
-0.0962114
-0.11362
0.158133
0.544148
-0.192163
-0.0053576
0.10514
0.0746259
-1.35955e-05
0.00170033
-1.13346
0.078835
0.625863
-0.390918
-0.99773
0.644932
-0.689013
0.357032
-0.284928
0.3849
0.213415
0.0783866
0.0838735
2.19882
-0.569928
0.800643
-0.0413565
-0.912007
0.0159275
-0.270038
0.633554
-0.336658
0.367009
0.000290324
0.341375
1.13591
-0.523129
0.722275
-0.651977
0.0519373
0.0261322
0.0446075
-0.00729468
-0.486542
0.0542085
0.031856
0.0359286
0.080176
-0.0445305
0.383824
-0.249993
0.0358303
0.0744609
-0.136096
-0.81788
-0.104401
0.127314
-0.330256
1.23485
0.424655
0.356624
-1.59882
0.99841
0.666405
-0.842146
-1.28609
-1.12016
-0.144252
-0.0199691
-0.695607
-0.0145374
1.80894
-0.00869024
0.231264
0.384478
-0.223007
-0.230204
-0.995007
0.675925
0.568475
-0.0840018
-0.535778
-0.305929
-0.721509
0.613912
-0.506671
-1.3239
0.768401
-1.95205
0.055293
0.439068
-0.320861
-0.119857
1.11631
0.0399537
0.00545263
0.0460308
-0.055912
0.0180643
0.153287
-0.328709
1.18126
-0.386953
-0.682698
-0.0928318
-0.892859
-0.259274
1.77156
-0.00133925
0.363856
-0.0519124
0.0556443
-0.00935071
0.661101
-0.674998
0.168474
-0.286433
0.552988
0.205119
0.100565
-0.573182
0.0123067
-0.933784
0.453362
-0.618117
-0.112225
0.823109
-0.0649012
-0.106493
-0.319836
0.861409
6.75084e-05
0.125692
1.16998
-0.625074
0.00222201
0.0281189
-0.480269
-0.150251
0.411572
-0.590941
-1.35156
0.399035
0.783127
-0.00323989
-1.57065
-0.0376673
-0.251841
-0.172944
-1.00831
-0.262508
-0.18663
-0.0085251
0.183607
-0.0493452
-1.9515e-05
-0.000775607
-1.76531
-0.111066
-0.543904
0.125921
1.0081
-0.144943
-1.1086
-0.0316559
-0.854651
0.524542
-0.62665
0.0671132
1.17766
0.00393457
-0.827848
0.498352
0.106027
-0.335469
0.00295224
0.0535131
0.736147
-0.23469
-0.998238
-0.0418484
0.141702
-0.172047
-0.000463619
0.122275
0.974428
-0.717196
2.0856
-0.311927
-0.63438
-0.0269227
-0.0323722
0.00298533
1.44243
0.649549
1.17852
-0.849747
0.341871
0.00229612
-0.511166
-0.0120441
-0.301212
0.833226
-0.50185
0.958457
0.88883
-0.00584966
0.681392
-0.0190829
-0.0504757
1.1478
0.740916
-1.04345
-0.371911
-0.328276
0.355277
-0.159868
0.171422
0.834356
-0.00201382
-0.500322
0.108028
-0.408991
-0.885157
0.00150805
-0.472431
0.527286
0.0145496
-0.857377
0.00189982
0.0605605
0.463381
0.356995
-0.00618747
0.304469
-0.103284
-0.383639
0.128869
-1.31868
-0.128545
1.22861
0.0440695
0.0427153
1.6353
1.27481
-0.351068
-0.460568
-0.0969577
-0.0660858
-0.191405
-0.00141965
-1.25378
-0.320265
2.21093e-05
-0.000133787
-0.0473062
-0.153967
-0.830754
0.759712
2.12879
0.523555
-0.0323582
-0.437493
0.283579
-0.290647
-0.0646046
-0.118125
0.400601
-0.00310543
-0.620251
0.440204
-0.507756
0.442301
-0.736314
0.483013
0.0838652
-0.245937
0.455219
-0.261948
-0.096158
-0.649139
-1.07618
0.312046
0.803453
-0.906613
0.356597
-0.0185025
0.151698
-0.267107
-0.630349
0.826351
0.0837018
0.0898779
0.0489751
-0.176157
-0.10973
-0.426218
0.16904
-0.609681
-0.0121705
0.661011
0.014461
1.20363
-0.00243613
-0.0195094
0.428847
-1.18566
-0.0391855
0.39818
0.246481
-0.620671
-0.0936497
0.131962
-1.07314
0.0946145
0.180336
0.0688391
0.0183394
-0.955571
0.542741
-0.911731
-0.713675
-0.00372283
-0.00899732
-0.482674
0.0197233
-0.13942
0.000774482
-0.109822
-0.210868
-0.57733
-0.0276763
-0.0215532
-0.53168
0.673755
-0.0157229
-1.08673
0.0510229
0.827246
0.0178256
-0.488502
-1.22558
-0.715088
-0.70256
-0.277158
-0.625346
-2.03677
-0.183983
0.0819601
-0.740583
0.055814
-1.84448
-0.00238707
-1.3872
-0.935978
-0.0114862
-0.268862
-1.22077
0.110662
0.138875
-0.703607
0.0614444
-0.725586
0.300871
0.346344
0.159802
0.0195357
-1.11654
0.422242
-0.795598
-0.53274
0.00288275
0.0125212
0.316642
-0.543496
-0.194698
-0.000618985
0.048772
-0.577586
-0.864236
-0.0322939
0.00498951
-0.43829
0.123021
0.0518244
-0.206385
-0.453868
0.536611
-0.209393
-0.0518048
0.0390048
-0.0887945
-0.326716
-0.375456
-0.248115
-0.21193
-0.603778
-0.0449186
-0.341616
0.459868
-0.263099
0.301551
-0.179556
0.0405125
-1.89449
-0.0674042
-1.36537
0.096132
0.0822801
-0.293312
0.351339
1.01883
0.262707
-0.50072
-0.404054
0.00905209
0.0258048
0.399249
-0.365112
-1.87703
0.00519564
0.823951
-0.121963
-0.220581
-0.127335
0.0297512
0.637197
0.525317
-0.685047
-0.030109
-1.57264
-0.792073
0.146404
0.0189519
-0.0445531
0.0130356
0.358941
0.00600957
-0.581223
-0.330104
-0.927832
0.117805
-0.182244
0.109921
-0.774278
-0.39548
-0.0395268
-0.266982
0.340868
0.00037392
-2.65898
-0.121044
-0.865025
-0.0933587
0.123829
-0.432116
0.823925
0.133507
-0.212327
0.522815
0.0599998
-1.28993
0.309009
-0.729779
0.882948
0.204064
0.419499
-0.0277917
-0.161866
-0.891503
-1.19438
-0.643441
0.108801
0.509378
-1.90195e-06
-0.205131
-0.729154
-0.758566
0.147179
1.11334
0.247314
0.0950322
-0.0313666
-0.373811
0.264083
-0.410279
1.28765
-1.90589
0.330535
1.37536
0.25682
0.0398445
-2.09803
-0.601862
-0.609498
-0.0126224
-0.254328
0.437587
0.000203897
1.43551
0.0306193
0.382947
-0.204331
0.470133
-0.048648
-0.0329149
0.133667
-1.0861
0.139575
-0.266875
-2.38376
0.682743
-0.375377
-1.87341
0.612739
0.314613
0.622284
0.00384262
-0.0269232
-0.0548436
-0.388902
-0.397748
-0.0116203
1.22254
0.85347
-0.338409
-0.67529
-0.176773
0.220223
-0.492867
-0.88987
2.0892
-0.533423
0.474351
0.0294818
-0.0587421
-0.0769746
-0.0661238
0.125739
-0.776723
-0.181898
-0.944332
-0.327149
-0.357883
0.000260939
0.355094
0.485762
0.281298
0.0016878
-0.00289447
-0.273786
1.66092
-0.11878
-0.159826
-0.177055
0.133771
-0.722104
0.749443
-1.05142
-0.30078
-0.287742
-1.26163
-0.0135418
-0.450613
-0.0375592
0.279032
-0.109382
-0.00604792
-0.699797
-0.398428
0.419054
-0.148599
0.158702
-0.0228253
-1.24414
-0.485803
-0.00475971
0.0389978
-0.236698
1.56012
0.664416
0.0878025
0.349518
-1.18853
1.11944
-0.0108119
-0.439706
0.0700786
0.0348986
0.820426
-0.272924
-1.11272
-0.416145
0.00577813
0.382939
0.171901
-0.000128618
-0.837219
-0.00607434
-0.110686
0.128643
0.129677
0.603605
-0.270852
-0.150646
0.419883
0.118961
-0.324114
-0.958195
-0.271664
-1.22168
-0.0271296
2.02136
-0.0150149
0.901758
-0.137403
-0.0205627
-0.610056
-0.523582
0.831162
-0.308172
4.12689e-05
-0.0906909
-0.898299
-0.211124
0.00895669
-0.212923
0.250424
1.08313
0.439348
-0.851058
0.675485
-0.855905
-0.724541
0.22982
-0.078261
-0.611936
-0.525203
0.367955
1.32851
0.237253
-0.367122
-0.0554618
0.10037
0.452323
-0.695904
0.491045
0.00825542
-0.407645
0.0998571
-0.086152
0.0161103
-0.500989
0.408312
-0.0800993
0.398544
0.176609
-0.262339
-0.298074
-0.587384
-0.0221011
1.19819
0.132963
2.07495
0.528264
-0.0366401
-0.392967
-0.345972
1.79698
-0.285872
0.28639
-0.906344
-0.272581
0.362334
0.0203968
0.166384
0.0616942
0.140697
-0.128959
-0.952427
0.57898
-1.03902
-0.00624419
-0.00921824
-0.0756275
0.175105
-0.705709
0.637816
-0.301773
-0.953378
0.486279
-0.00669233
1.21384
1.04259
-0.642006
0.641538
0.0350495
-0.904907
-0.0235068
-0.776708
0.354627
-0.352055
0.547967
0.661036
0.383233
0.117275
-0.275083
-0.639199
0.0299882
0.379706
0.349148
-0.257046
1.37781
0.366402
-0.021858
-0.167893
-0.757456
-0.0630439
0.744591
0.000398113
0.367937
0.889762
0.120627
0.489091
0.290123
-0.159457
0.165165
-0.173585
-0.401846
0.467378
-0.866818
0.583947
-0.413996
0.821571
0.131694
-0.252482
0.223004
1.11321
-0.286595
-0.745155
0.000214377
0.316097
0.605764
0.000118777
0.0541898
-0.935253
-0.83677
0.873609
0.225888
0.0851858
-0.42645
0.930343
-0.914862
-0.586375
0.124297
-0.344964
0.325524
-1.45034
-0.81212
-0.65641
0.216726
0.700221
0.463346
0.0154345
-0.273243
0.0230302
-0.336872
-0.209755
0.307666
-0.0871467
1.19906
0.387192
0.0245308
0.488053
0.121569
1.02369
-0.357207
-0.140171
1.58616
0.00426582
-0.0292759
-0.0170817
-0.0705322
0.13273
-0.664995
-0.112693
0.444052
-0.134897
-0.785366
0.0112147
0.351678
0.146972
-0.000113249
0.000186582
0.0244287
-0.402607
0.0204448
-0.401369
-0.135311
-0.226378
1.00842
-0.166353
-0.72215
0.229685
-0.340901
-0.689937
2.00001
0.0589516
-0.103345
0.0592124
0.807561
0.220237
-1.23471
-0.401048
-1.26193
0.428835
0.0238833
0.000371245
0.499242
0.856453
0.223917
0.0120533
-0.0889871
0.0212564
0.00593697
-1.0234
-1.59008
0.0567188
-0.204347
0.0300958
0.00372936
-0.0161982
-1.30225
-0.308901
-1.10547
-0.128817
0.369895
-0.518507
0.00986295
-0.302933
-0.0138517
-0.000180711
5.81165e-05
0.843472
-1.52332
-0.916932
-0.413617
-0.367005
-1.42214
0.145635
-0.802651
0.258975
0.479443
0.214502
0.238349
0.812509
0.86738
-0.202543
-0.00784256
0.558777
0.102218
0.137418
-0.311945
0.782953
0.0669034
0.108899
0.000976855
0.109626
0.794543
-0.417074
0.300666
0.0613798
-0.485992
-0.747648
0.201902
-0.392877
0.161914
0.48931
0.865122
0.00506397
0.0221243
0.190095
-0.158239
0.451165
-0.138953
0.165679
0.0592108
0.0109662
0.0139192
1.04509
-0.000182983
-1.1535
0.356881
0.148251
0.0163526
-0.516954
-0.70888
0.445097
-0.0647217
1.52505
-0.989276
0.82076
-0.00911485
-0.260156
0.938603
0.397409
0.978393
0.235569
0.356295
0.401995
0.0968115
-0.272299
-0.207357
0.0172351
0.187602
0.00183832
0.183857
1.14115
-0.121201
0.0104514
1.26338
0.491796
-0.285308
0.0261449
-0.29749
0.703486
0.283587
-0.306554
0.0172187
-1.38309
-0.0302727
-0.821187
0.0708219
1.52009
0.463792
-0.531894
0.412317
-0.0985419
0.256217
-0.0679989
0.00450498
0.000985914
0.576265
0.0326305
0.480312
-1.19808
-0.00638124
0.0236468
0.497797
-1.03985
0.56007
1.13198
-0.184623
0.5222
0.417822
-0.504897
0.413951
-0.252119
0.272463
0.163326
0.856618
-0.777006
0.424368
0.921637
-6.18982e-05
-0.465964
0.520484
0.408402
0.332778
0.470962
-1.33017
-0.190044
-0.0585907
-0.951302
0.0316478
-0.225323
0.00291679
-0.00117846
-0.0042021
-0.00779996
-1.02897
0.0275306
0.882214
0.102412
-0.605019
1.76298
-0.903903
-0.810586
0.0325602
0.000317259
-1.16868
1.04143
-0.564707
0.246854
-1.32881
-0.124394
-0.929854
0.556678
0.298377
0.410361
-0.0427027
-0.278911
1.16007
-0.0146227
0.334247
0.182433
-0.179582
0.35233
-1.98037
-0.0277133
-0.3941
0.349363
0.183033
-0.00267688
-1.22035
0.313078
-0.116605
1.15989
0.57763
-0.760832
0.544175
0.434294
-0.0212609
0.307116
-0.118059
1.41741
-0.0367204
-0.0588786
0.451665
-0.751205
-0.484305
-0.285305
-0.254073
-1.0441
-0.575815
-1.08999
1.81339
-0.000160599
-0.000245645
-1.07732
0.189132
0.00514143
0.0757502
-0.565196
-0.0636089
-0.26522
0.382004
0.296923
0.205893
-0.273839
0.201426
0.344715
-0.00658355
-0.305279
0.301155
-0.0284391
0.198782
-0.0222521
-0.0247319
-0.138128
0.175909
0.0192207
-1.01983
-0.00922731
0.674412
-0.204985
0.00758794
0.771625
-1.06378
0.00672974
-0.00397431
-1.15542
-0.020712
-0.208134
-0.00862068
0.231208
0.93473
0.0138088
-1.51667
-0.85795
-0.117798
1.11132
-0.0275179
0.0447217
-0.00235865
-0.107024
-0.530047
-0.000564753
0.0592407
0.749189
-1.57742
0.404775
-1.35279
0.417173
-0.336789
0.428775
0.563151
0.257713
0.110044
-0.118805
0.817436
-0.0171181
0.093129
0.36598
-0.358332
0.744162
-0.620007
-0.035976
-1.25025
0.591915
0.330557
1.34747
-0.0312324
0.856927
0.191588
0.0049868
0.541664
-0.682081
-0.85646
-0.302483
-0.141581
0.115936
0.596281
0.00112407
-1.39404
-1.00114
0.0147798
-0.916908
-0.0709229
0.597199
0.274996
-1.37792
-0.373584
-0.434332
2.19845
2.20619
-0.00882955
0.344029
-0.869425
-0.0174978
1.15888
0.566647
-0.0355085
-1.07254
-3.0547
0.113344
0.397462
0.538787
0.17642
0.944863
-0.000194213
0.208686
0.547404
0.362738
-0.266433
-0.38111
-0.229682
-0.264143
3.27216
1.77151
-0.158661
0.0940653
1.01152
0.0240943
0.467056
4.10408
0.888229
0.000369865
1.10383
2.02912
-0.490988
0.661496
-0.0776814
0.0755109
-1.15837
0.121969
-0.949786
0.722706
2.1355
-0.876204
-0.325218
0.0181002
0.745342
-2.52445
-0.0024224
0.00805544
0.0933193
0.919928
-0.0610676
-1.26121
-0.777749
-0.0411614
-0.0650411
2.16782
-0.131043
-0.487961
-2.31575
0.185292
-0.0551954
0.0337097
0.963079
-1.17553
-0.830155
1.60861
1.72147
0.0656113
0.266474
-2.33827
-1.2158
0.0050471
0.0402308
-0.468257
-0.137372
-0.0778165
-3.67018
-1.41266
-0.0691483
0.330825
-2.63692
-0.866806
-1.67305
-0.0475183
-0.0582178
0.183461
0.81657
1.21166
-0.634117
0.506909
0.0393281
0.482868
2.59289
-1.24803
0.635187
0.0154553
0.0851578
-0.0759857
-2.10091
-0.0305793
-0.0799977
0.771453
0.344696
0.303047
0.216892
-0.463501
-0.0262484
0.0570383
-0.156736
-0.464266
-0.210438
-0.887131
0.189233
0.0484257
0.264988
0.0509267
0.10107
0.146376
-0.727032
-0.0456738
0.124724
-0.0192824
0.0544908
0.824277
0.115859
-0.0566003
0.0309633
0.183735
0.0388082
-0.358624
-0.079483
-0.168963
0.83486
0.0334892
0.90685
-0.0378168
0.867647
-0.438731
0.038061
-0.248041
0.137794
-0.00725751
-0.418377
-1.10294
-0.126053
-0.126042
-0.311689
0.316207
0.0342449
0.298713
-2.11881
0.356447
-2.13687
-1.62217
-0.347041
-0.211869
0.00892557
-0.413028
0.612974
0.240318
0.147861
-0.886362
-0.168715
-0.124348
-0.0252469
0.26908
-0.215645
-0.367361
-0.819619
-0.278714
-0.332515
0.228177
0.10311
-0.834285
0.572778
-0.0398991
0.51075
-0.00550134
0.694624
-0.759697
0.34988
-0.118344
1.01987
-0.054944
-0.0482608
-0.0420501
0.34235
0.00481982
0.295587
0.253884
0.0269799
0.134464
-0.484666
0.750004
-0.000757369
0.0562465
0.653918
-0.0783029
-0.102246
-0.155734
-0.0765247
0.544069
0.128982
-0.0176975
-1.09121
-0.0889723
-0.890418
-0.0303523
0.138579
0.274815
0.643512
0.25406
0.305098
1.97536
-0.163921
-0.598644
-0.32179
-0.132527
0.879851
0.134283
-0.105938
-0.113768
-1.69441
-0.0827845
-1.99836
-0.0688047
0.223331
-0.249124
0.108098
-0.0901321
-0.912628
2.28773
0.74707
1.90442
0.119213
0.0877147
0.0425043
-0.0425187
0.0713576
0.0112594
0.0844112
0.244733
-0.00234695
0.0462931
0.0671978
-0.13213
0.0723779
-0.133738
-0.0231371
-0.0129737
0.300754
0.288252
-0.0371458
0.165943
-0.138169
-0.169876
-0.19332
0.0109565
0.247935
0.162454
0.0933844
0.140874
0.00586402
-0.131495
0.0759034
0.0148417
-0.0433652
-0.000475033
0.152537
-0.163371
-0.110246
-0.0957639
-0.0588008
-0.113495
-0.0910981
0.14814
-0.574717
0.0958126
-0.197532
-0.0328279
-0.0152028
0.0792552
0.145283
-0.0590023
0.185979
0.0600672
-0.222564
-0.0420744
1.28447
0.357834
1.21742
-0.00050828
0.00551794
0.0419417
0.563753
-0.0222074
-0.0681956
0.277759
-0.179703
0.0964523
1.12691
0.610969
-0.0915663
0.0336004
-0.502817
0.593691
0.000378504
0.298862
-0.0853829
-0.230779
-0.00132263
-0.0108617
-0.296342
-2.31187
-0.881121
-1.23738
3.36711e-05
0.0497079
-0.306287
-1.13971
-0.0195976
-0.00570649
-0.133977
0.00651297
-0.0273342
0.0174725
-0.206513
0.435967
-0.0242428
0.0117282
0.0624528
0.0368693
-0.189476
0.465137
0.1925
-0.128854
-0.5316
1.76284
1.39327
0.89976
-0.00220572
-1.62878
0.179804
1.21357
0.281745
0.117506
0.117852
-0.21647
0.349939
1.48579
0.175012
0.0143286
-0.21661
-0.244003
0.515579
0.0156114
0.533187
-0.35072
0.000343761
0.0163571
-0.0171891
-0.749838
1.09511
-1.3196
0.162706
-0.000260379
0.186544
-0.102129
-0.448155
-0.0813788
-0.245691
-0.702388
-0.0142801
1.94968
0.0801376
0.442472
0.272314
-0.0368423
0.015364
0.319801
0.165243
-0.142251
0.486748
0.30855
0.0699014
-0.502563
1.74324
-1.38586
-1.81694
-0.0022367
2.54394
0.0594549
-0.0835204
0.0608583
-0.128506
-0.110003
0.00529681
0.246312
-0.962449
2.27175
-2.91535
1.5215
1.43381
-0.148846
0.0123259
0.288204
0.289101
0.0479441
0.0889142
0.0100855
0.88131
0.0253939
-0.563405
0.912995
0.581242
0.124369
-0.159467
-0.157459
-0.0964945
0.00881625
-0.0268159
-0.0884561
0.136565
1.95868
0.127921
-0.0828226
-0.0346034
-0.0178995
0.0451353
0.131121
-0.107425
0.194898
0.0651091
-0.107498
0.106955
0.0229903
1.23989
2.2331
2.4458
2.69778
-2.48505
0.00451267
-0.743005
-0.10724
-0.193006
0.0164282
0.182697
0.228613
-0.0452303
2.63017
2.10094
-0.180773
-2.05767
0.0120631
0.312826
0.3874
0.0414337
0.0341731
0.00855272
1.54729
0.0592081
2.03136
-0.0386882
-0.295178
0.171446
-0.186159
-0.183075
-0.104159
-0.0250028
0.00951095
-0.114713
0.150192
-0.307824
0.116669
-0.124196
-0.0340953
-0.0172442
-0.00237315
0.160089
-0.119112
0.214535
0.0262484
-0.11846
0.0423641
0.0205376
0.098248
2.49752
2.13979
1.65414
2.31007
-0.0191416
2.72321
0.0444505
-0.272266
0.0361581
0.14646
0.176944
-2.3662
0.0733464
2.54342
-1.97988
-0.0168738
0.0112032
-0.279288
-0.398077
-0.0284444
0.0316693
0.010388
-0.140151
-1.43319
-0.244835
1.86778
-0.000618696
-2.5764
1.52138
-0.0739606
-2.62796
0.57415
-0.0235503
-0.0961392
0.14046
-0.150344
0.0950639
0.042957
-1.73214
-2.14983
0.0195528
0.153558
0.0814397
0.326388
-0.0229624
-0.100815
-0.0545559
0.00485003
-0.610665
0.491323
2.48391
-0.495356
1.74907
0.207169
-1.62013
0.213334
0.916538
-0.568196
0.692048
0.414902
0.517521
-0.0362472
0.440468
-1.05709
2.28438
-2.83741
1.61588
-0.145806
0.415086
0.0465066
-0.0184423
-0.817651
-0.291517
-0.819982
-1.68196
-0.00433881
-0.35158
-0.124809
0.6948
-0.0732182
-0.646686
-0.476815
-0.0338756
0.129963
-0.239435
-0.0407519
0.701986
-0.109667
0.0165117
-1.14653
0.0676272
-1.36976
-1.81735
0.752212
-0.277233
1.42005
-0.0135613
0.0478168
0.397999
-0.000135452
0.405747
-0.887254
2.03529
2.42623
-0.321408
0.293308
0.00831859
-0.408898
0.294324
-0.174401
-0.0913812
-0.0196248
0.0453666
-1.74672
-0.439513
0.714668
0.737652
0.0335248
-0.048513
-0.000413274
-0.00487038
0.333893
0.330733
0.138379
-0.98794
-0.029913
2.69213
0.172914
-0.0134389
-0.254556
0.118057
0.055543
-0.0348737
0.393327
-2.26335
0.506635
-0.00145476
-0.0113858
0.077902
-0.0943338
0.0568636
-0.0563891
-0.127072
-0.156027
-0.161753
-0.000379665
0.226253
0.275863
-0.00183951
0.0352238
0.0080051
-2.77072
-2.28906
-2.58371
-1.38741
0.313704
-0.268894
-0.0444146
0.148814
0.140226
-0.146659
0.694498
0.707675
-2.59074
2.84081
-1.95781
-0.417244
-0.251668
-0.0108109
0.376551
0.00102152
0.353043
1.26644
0.000366614
0.159347
0.0551424
-0.793969
-0.0528972
-2.27793
-0.0876238
-0.144667
-0.0920951
0.202734
-0.193335
-0.266791
0.0109508
0.161816
0.0324315
0.0874062
-0.878601
0.513333
-0.411055
-0.0963142
-0.0850309
-0.0190755
0.0753755
1.43325
-0.000434936
0.0108867
0.027632
0.107492
2.53706
0.454147
-1.167
-0.0586595
-1.10019
0.501969
-0.180901
0.389442
0.105683
1.01632
0.45726
0.497267
-2.19369
1.36806
-1.16095
-0.630566
2.737
-0.722288
-0.268866
-1.82792
-0.355185
0.00295554
0.0680493
-0.0174769
-1.16359
1.57053
1.43983
0.26034
0.0518503
0.0951588
0.92918
-0.686893
0.903006
-0.0541713
0.121186
0.105065
0.000232611
0.537604
0.114328
0.190859
0.0338151
0.340337
0.0232437
0.087584
0.127498
-0.00225376
0.0448553
0.0508051
0.981472
0.791362
2.19371
-2.19772
1.56041
0.168266
0.107237
0.0196806
0.149112
-0.163515
-0.268098
-0.0567978
-0.00788841
0.0528484
-1.15117
-1.70928
-1.66578
2.33722
-0.299445
0.12105
-0.0700368
0.0565384
-0.000639019
0.134244
-0.0289066
-0.253296
-0.0925578
0.0532859
-0.193695
-0.150668
0.0727586
-0.284029
0.139454
-0.141551
-0.0282831
0.00558195
0.0165013
0.163391
2.53017
0.503545
-0.00277419
-0.180153
-0.224335
-0.0150502
0.128451
2.21937
-0.00121295
0.022148
0.106128
0.97918
0.198671
-2.09948
1.79224
-2.7289
-0.0983095
0.211609
0.113189
0.438494
-0.562664
-1.18085
-0.611015
0.0315782
0.142262
0.226955
1.81008
1.63569
-2.51139
0.188161
-0.328293
0.349431
-0.693225
-0.00178358
0.11232
-0.369506
-0.802964
2.2524
-0.134273
-2.10483
3.07367
0.0336551
-0.606818
0.0974537
0.398559
-0.0225214
-0.0407528
0.408178
0.113559
-0.233418
0.491552
0.372918
-0.254294
0.211557
-0.00266592
-0.147444
0.0108101
-0.00140018
0.0169327
0.0306698
0.0900123
0.130388
0.658049
-2.0609
3.10444
-1.18347
0.704398
-0.0987549
-0.218713
-0.178695
0.162735
-0.459608
-0.0132777
0.131741
-0.503807
0.285258
-2.35571
1.95274
-0.19867
-0.0192604
-0.0246589
-0.190171
0.00298876
0.0815157
0.325437
0.528039
-0.0474064
-0.035148
-1.52727
-0.0912786
0.182677
-0.754191
0.025149
-0.976142
0.010969
-0.0515496
-0.0578574
0.0467085
-0.3513
-0.314577
0.0759586
-0.847584
0.182827
-2.61879
1.17834
-0.376524
-2.42817e-05
0.00161284
-0.0181722
-0.360956
0.0584457
-0.154635
0.370984
-0.154203
-0.271091
2.51004
-1.67901
2.39856
0.144546
-0.133099
-0.33678
-0.00113673
0.116029
-0.134329
0.0276849
0.0186672
0.0176803
2.9731
-1.59541
-0.912707
-0.0470989
-0.000240745
-0.0656638
-0.485398
0.272352
0.00250203
0.106112
0.151991
0.0194402
0.0277067
1.35626
-2.09211
-0.0696784
-0.00940568
-0.050783
0.0452138
-0.0348278
-0.0774129
-0.301455
-0.0197508
-0.16635
0.529582
-2.11572
0.893586
0.598738
-0.000652577
0.0123655
0.0663246
0.180587
0.044515
-0.236253
0.11878
0.166242
0.338021
-2.23328
-2.79391
-1.11538
-0.129185
-0.335793
-0.300145
0.0116524
0.340862
-0.0256966
-0.105942
-0.0521554
-0.035952
-2.55146
-0.728176
-0.725321
1.8029
-0.00203756
0.173043
-0.426987
-0.75831
-0.0402821
0.271841
0.161813
0.0096879
0.00706306
-2.29013
0.126236
0.249459
0.00379551
0.0638152
0.162093
0.00734385
-0.0372982
0.241012
-0.199682
-0.0339218
-0.155659
0.0370301
-1.56434
0.0865808
2.14084
0.0286535
-0.00606365
-0.695215
0.124997
0.494542
-0.152808
0.0538904
-0.290923
0.0952505
-0.0594412
0.301124
-2.29535
1.26423
-0.00651454
0.000267059
-0.173549
-0.105727
0.024641
-0.117746
0.0548922
-0.393355
-1.82481
-0.830103
0.577834
-0.00328206
0.235326
0.287072
2.61023
-0.0321454
0.159973
-0.00136127
-0.116158
0.120724
0.174713
0.060053
0.111709
1.28268
-0.00516542
-0.114124
0.151255
0.422866
0.165517
-0.180386
0.145102
0.0067237
0.0180281
0.0841428
-2.79103
-0.00145189
-1.32493
0.236503
-0.0965598
-0.315551
0.603483
0.730137
0.171649
-1.29011
0.559777
-0.161446
-2.29496
2.45254
0.341567
0.554257
-0.721629
-0.34947
-0.395422
0.449387
-0.382621
0.0858472
0.0783016
3.01552
-1.23591
1.42307
2.16043
0.192852
0.543101
1.53367
0.0010235
1.00465
-0.102213
-0.192987
0.0806165
0.165398
-2.86802
-0.375567
0.0554581
0.201213
-0.488707
-0.00271693
-0.348443
-0.253921
0.136694
0.318563
-0.289538
-0.0243717
-0.322088
0.487907
0.114518
-1.36949
2.20901
2.25965
-0.0696651
-0.320015
1.2587
-0.124153
0.636522
-0.0915135
0.520977
-0.469722
1.77932
-1.74896
-1.20308
-2.34958
-1.92821
-1.0488
0.00319435
-0.0033795
0.052405
0.350131
-2.13924
-2.75447
-1.56874
-1.50629
-0.0706594
1.32166
0.557253
0.00651858
-0.257725
-0.270801
0.0377743
-0.00762081
0.886422
0.14765
0.558471
-0.209665
1.25338
0.450125
-0.109565
0.134049
-1.30131
-0.102553
-0.267154
-0.168419
-0.00651753
-0.0247481
-0.0319649
-3.8935e-05
-2.51454
-1.05926
2.21536
-0.0449382
0.0101425
0.0573095
0.00631963
0.0288073
0.00606292
-0.00615653
-0.0595752
-0.137439
1.55663
0.949631
-0.605161
-0.113309
-0.20786
-0.00610999
0.0362187
0.00330172
0.0281377
-0.0346431
1.90033
-1.83834
-0.000186301
-0.0423664
2.6201
0.922681
1.59863
2.55073
-0.04664
0.0316698
-0.0162473
0.0468391
0.000610387
0.932125
0.00128274
0.000631507
0.0542591
-1.16153
0.0540437
0.0122256
0.0331686
0.0246324
0.0508432
0.0247805
-0.0468205
0.3994
-0.00181842
0.0376841
-2.03106
-1.08681
-2.60303
-0.699302
-0.221845
0.189114
-0.0990206
0.659942
0.0482648
-0.213269
-0.0546155
-0.207223
-1.32342
-2.83708
-0.0233035
1.37747
-0.00123091
-0.104475
0.0134955
-0.311443
0.207706
-0.113053
-0.61279
1.00601
0.624772
-1.34411
-2.40535
-2.76165
-0.581234
0.0768931
-0.0970079
0.221182
0.0502185
0.108027
1.7616
1.9093
1.02051
-0.0313258
0.177599
-2.12396
-0.621386
0.0289105
-0.735756
0.175072
0.0586402
-0.726681
1.50369
3.92151e-05
0.00982572
0.159313
4.05103
-0.0943073
-0.800619
-0.28831
-0.326001
0.982564
-1.05442
-1.35726
0.19979
-0.319608
-3.14604
-2.32291
-2.57649
2.48282
1.74951
0.322648
0.230965
-0.138303
-2.14767
0.39753
1.41144
0.531251
-0.00497297
-2.26253
-1.77429
-1.49281
0.468766
-1.01495
-3.36864
-1.94534
0.279995
-0.269182
0.473371
0.135424
-0.156973
-0.100852
-0.0395436
2.27211
0.183402
-1.67455
2.97357
-0.636442
0.936514
0.0316492
-0.193221
-0.527921
-0.00175597
0.0387108
0.0103653
0.239823
-1.36032
1.29714
0.700135
0.192136
-0.163173
-0.0945856
-0.0643071
-0.123638
0.184959
0.30413
-0.189881
1.79728
0.530712
0.954221
-1.44669
-1.73545
0.0612924
0.415083
0.234432
0.334696
0.0524336
-0.000468739
-0.24355
0.223912
-0.294761
-0.0805202
0.13908
1.2057
-0.108079
0.177221
-0.0688389
-0.280481
-0.339555
0.00356811
-0.0362648
0.0489766
0.0424105
-1.11789
-2.49316
-0.0102229
-1.12623
-0.0298566
-0.00572155
-0.094852
0.718671
-0.000765869
0.0116562
0.0727129
-0.0988348
0.610707
0.0411821
2.82311
2.5412
0.457243
0.236092
0.163027
0.0622586
-0.104171
-0.250236
0.018811
1.16145
-0.706837
-0.3156
0.281731
-0.152091
-1.50995
-0.0270379
-0.0999577
0.302168
-0.0588633
0.00188119
-0.00156701
-0.195635
-1.68925
-0.499559
2.00323
-1.12707
0.0450731
0.00908159
-0.0833529
-0.076643
-0.162208
-0.000422902
0.0476614
-2.2163
-0.00718331
0.110246
0.515987
0.0810773
-0.0888394
-0.109437
0.0197549
0.0848491
0.189402
-0.00222116
0.0442591
0.0585277
-0.114459
1.65685
-0.654312
-1.42897
2.7333
0.579831
0.227833
-0.048188
0.0435938
-0.0929353
-0.192552
-0.147865
0.0113004
0.304726
-1.74874
2.97545
2.12075
-0.596793
-0.100828
0.0619189
-0.0485152
-0.0786978
-0.000461594
0.140929
-0.17334
2.70855
-0.0982363
0.00486722
2.56039
-2.65284
0.138373
-0.285325
0.111445
-0.110006
-0.033371
-0.0171324
0.0291738
0.139212
-0.112521
3.20444
0.049356
-1.8512
0.0363663
0.0727868
-0.475808
-2.07955
-0.000269801
-0.00394016
-0.194988
-0.955187
-0.269174
-0.242408
-2.57964
0.127393
-1.80924
0.299164
-0.0176409
-0.777779
0.682443
1.47981
-0.212507
-0.0355384
-0.426226
-1.43967
-0.801705
0.383933
2.17217
-0.507535
-0.604559
-0.89637
0.274415
-0.000494239
-0.10912
-0.0280594
0.249221
-0.00287786
0.683789
1.54269
2.7912
0.0954494
0.377434
0.201751
-0.33974
0.0154062
-0.100238
-0.2737
-0.107778
0.133465
-0.517227
-2.72421
2.52345
0.130524
-0.0475266
1.16918
-1.12791
-0.00241386
0.0530984
0.102855
0.988564
-0.36468
0.959775
-0.39658
1.24386
0.54555
-0.0766694
-1.75339
0.586078
-2.19729
0.0322402
0.915431
0.0272574
0.214883
-1.1811
0.24488
0.0262318
-0.0732483
-1.46248
1.33317
0.961187
-0.358784
0.00174866
0.016473
1.30031
0.343736
-0.069992
-0.453466
-0.744367
-0.204799
1.77121
-0.350274
-0.809611
0.372135
0.574494
0.275906
-0.00194261
0.146969
1.24866
0.859809
0.110939
0.13688
-0.721255
1.01259
-2.90799
0.780464
-0.0021953
0.0467675
0.129134
-0.995017
0.402781
0.494512
-0.153112
0.76151
0.172941
3.31996
1.10407
-0.702455
0.939935
0.400406
-0.850234
0.0218065
1.11207
0.620025
0.616029
0.154254
-0.00484489
-1.58854
1.29108
3.31934
0.41194
0.000448122
2.2145
-0.420246
0.074661
-0.0762509
0.0285593
0.149762
-0.0340171
2.40187
-2.14639
-0.218689
-0.770393
0.0288349
0.0254991
0.206285
0.164755
-0.347069
0.696591
-0.264059
0.0248182
-0.956299
0.778899
-0.0761263
-0.116817
-0.00212711
1.33678
0.0418433
-0.432025
0.0200075
0.0751872
-0.659573
0.113096
-0.136083
-2.37206
-2.43811
0.0126749
0.0614616
0.220349
-0.501124
0.00772381
0.359042
0.410044
0.332311
-0.242508
0.0132853
0.298933
1.73825
-0.0404868
-1.77045
-0.0914394
0.153348
-0.210566
0.134393
-0.0774584
-0.0508302
0.287632
-0.0604721
0.0672185
-0.306871
0.685612
-0.974798
-1.38824
0.00347768
-0.0264444
0.156278
0.292161
-0.00288933
-0.0726783
-0.16193
0.189472
0.0210748
0.0961507
1.76641
1.53378
-0.307076
2.49529
-0.0445267
0.0753797
-0.124998
-0.13682
0.00938308
0.218516
-1.2902
-0.0425916
1.54037
2.68149
1.0568
-0.149529
0.0122278
0.30356
0.34797
0.0559247
0.0635871
0.00912539
-0.116619
0.0346476
0.572221
1.16645
2.17733
0.15105
-2.93879
-0.168827
-0.100438
-0.00501299
0.00195846
-0.101125
-0.447989
-2.9979
1.39527
-2.7269
0.0338621
-0.0181906
0.023316
0.145425
-0.117632
0.208771
0.0494961
-0.11815
0.0798092
-0.00736189
0.0863843
2.19082
-0.720367
1.74059
-0.00389803
-0.498504
-0.0408168
0.125086
0.0898513
0.0843851
-0.0232854
0.041698
0.119742
1.19197
-0.0291456
0.68702
-0.0284862
0.00783842
-0.105848
-0.653365
-0.053351
-0.0434735
0.00468198
0.106671
-0.198988
0.120909
-1.90753
2.84402
-0.243188
-1.19998
1.11666
0.00132029
0.116136
0.225792
0.020971
-0.0247925
-0.224545
-0.0467677
0.79019
-1.62084
-0.16401
0.140747
-0.041994
-0.0417723
0.18765
-0.0836421
0.100675
-0.187487
-0.0300764
0.210818
-0.185311
-0.000209413
-0.80995
-0.00776916
0.497238
-0.0258378
-0.18529
-0.0933969
-0.215353
-0.126566
-0.347611
0.295496
0.37627
-0.870729
-1.80773
3.7028
-1.16275
-0.995515
-1.2319
-0.0530339
-0.127186
0.0282996
0.0619667
-0.18035
-0.630429
1.01223
1.85536
0.750225
1.27236
1.56943
0.0172279
-2.97515
0.168814
0.0912126
-0.101893
0.393123
0.011916
1.07906
0.0395869
1.76428
3.12169
-0.0962267
0.562811
-0.611684
-0.167366
-0.248088
-0.52282
0.0285723
-0.620364
-3.04011
-0.000789399
2.52951
-0.185449
0.973744
-0.187482
0.894155
1.04119
0.605857
-1.03976
-0.754302
0.205095
-0.426864
1.07542
3.89571
2.1449
-0.757713
-2.75113
-2.09149
2.46639
-0.0593956
0.151916
0.927286
0.218722
-0.385689
0.377963
0.459983
-1.45677
2.933
0.824419
-0.98538
0.485237
-1.14448
-0.166478
0.0912981
1.62751
-0.705963
-0.329544
-1.03463
0.963741
-2.35109
2.61151
0.275106
-1.49132
1.67651
-0.440428
0.423406
-0.00181787
-0.0279223
0.0118544
-3.82534e-05
0.00147302
0.000366037
-2.75132
-0.0181243
-0.0124522
0.0617185
0.00084336
0.00259874
-0.00216429
-0.00299735
-0.0271795
-2.36078
-0.526165
0.0548046
1.83939
-0.762282
1.15974
0.00647297
0.0203721
0.000359018
0.0132964
-0.00461668
0.0126739
-0.00399227
2.892
-0.0155666
-2.59248
1.11376
1.81493
0.185308
-0.00464203
0.0130138
-0.00607203
-0.013665
-0.00837972
0.00762847
1.73779
1.98606
-1.74381
-0.0139613
0.0199035
-0.017617
0.0219338
0.228532
0.0381657
-0.00699166
0.397248
0.539432
-0.000902902
0.0284781
0.0464875
0.0876506
-1.3998
1.82411
-0.354404
0.0261146
-0.539894
-1.00195
-0.0227065
0.282599
-1.85022
-0.155837
-2.49311
1.55888
0.702628
0.743152
-2.31811
-0.535719
-0.0142293
0.0852412
-0.0841162
0.579932
0.251655
-0.00336962
0.106618
-0.646957
0.036152
-2.15317
2.5196
2.94022
-0.166604
-0.192061
1.28934
0.201695
0.564514
-0.533707
0.00282047
-1.30316
0.245532
-1.75381
0.795859
-0.313758
0.743614
0.0958871
0.0415365
-0.42205
-1.17454
0.000118835
-0.00303397
-0.153513
-1.11552
-0.188962
0.329331
-1.49969
-1.37994
-1.55511
-0.688369
0.031164
-0.811503
0.83639
1.28338
-0.305936
-0.0497957
0.528766
-0.141155
1.76605
-0.143925
-0.309193
0.992916
-0.998126
-0.672836
0.38109
-0.00015908
-0.0656738
-3.34844
3.28307
-2.61576
-0.189365
-0.431579
0.885985
0.0773452
1.17992
-0.275967
-0.958233
0.00990931
-0.0793127
-0.703686
-0.0892089
2.91003
-0.633592
0.0244519
0.750659
0.882204
0.00229346
-0.0957082
-0.258537
4.86079e-05
0.000950662
-0.00767963
-0.601169
-0.0601695
-0.191483
0.864243
-0.15624
-0.676358
-0.110858
0.0564147
-0.0890225
-0.00348523
-0.0567894
-0.176732
-0.00159355
0.0150445
0.627315
-2.72929
2.61626
1.18501
0.280132
-0.302293
0.483444
0.039105
-0.000303765
-0.0584794
-0.0670966
0.0600839
-1.5103
-1.73176
1.61778
2.55059
-0.014002
-0.25301
0.0289656
-0.453577
0.00651361
-0.0134495
0.0361065
-0.0324347
-0.869032
-0.63696
0.0417087
-2.24476
0.323394
0.00979967
0.0560766
0.151256
-0.00221704
0.0446836
0.0521469
-0.163864
0.0422313
0.711501
1.64372
0.319963
-0.0746788
0.266578
0.00763128
0.0472776
-0.151727
0.104172
-0.147995
0.0143721
-0.0201461
-0.665774
0.0523877
-0.545053
2.70749
0.218865
0.137461
-0.296993
-0.0837282
-0.000739384
0.132353
0.0401279
-0.181829
-0.0976795
-0.064085
-1.99584
-1.25819
0.0441254
-0.243392
-0.0027959
-0.134918
-0.0311442
-0.00390556
0.0489236
-1.63033
1.11722
0.411895
0.335078
0.710638
-0.0765943
0.0821729
0.206783
-0.905213
0.000536771
-0.00696086
-0.095897
-0.236179
0.178451
-1.39433
0.439382
-0.931464
-1.64734
0.00277189
0.240973
-2.16518
0.887463
0.408612
0.0606401
-0.0159259
-1.02213
1.24981
-0.374199
-0.469374
0.0806847
0.394115
-3.17346
-0.0702878
0.465009
2.83543
-0.253606
-0.283273
1.04868
-0.01047
-0.0988742
1.4917
-0.00344863
-1.4255
0.298426
-0.156671
-0.0398585
-0.0411303
-0.185005
0.187008
-0.127403
-0.420302
-1.7803
0.162653
-0.104331
1.87078
0.00584349
1.90922
0.464863
-0.000291413
-0.490914
0.046759
-0.280238
0.0312925
-0.399022
0.319168
-0.118919
0.782601
-2.68432
0.180809
0.481961
-0.38565
-0.46952
-0.555055
-0.00609703
0.31128
1.24188
0.197609
0.368535
-0.0236859
-1.7549
-0.0431499
0.325889
-0.191848
-0.0025369
-0.0335573
-0.438486
-0.506303
-0.00974903
-0.167506
-0.325094
0.060309
-2.66115
2.02885
-1.56089
-2.94705
-0.0130984
-0.0433923
0.122957
0.0467048
-0.463101
0.199928
0.328204
-0.0243737
0.326286
0.0186533
2.07789
0.391556
-0.000203613
2.40622
-0.0238153
0.202894
-0.0972375
-0.0251516
0.385507
0.0194643
0.386919
-0.257896
0.128814
0.202715
0.056407
-0.12425
0.665174
0.00595207
-0.865237
0.578946
-0.704188
-0.293237
0.0179608
-0.863818
0.0268831
-1.1487
-2.26616
0.635798
2.24521
0.385798
-1.24555
0.000966967
0.0726792
0.421498
-0.0727825
-0.037437
0.958148
1.97957
-1.47044
0.00147257
-0.00353026
0.208088
-0.0475803
0.0239871
-0.22831
-0.337763
0.0904809
0.36971
-0.00901795
-0.048821
-0.0303728
-7.69866e-05
0.00421527
2.4405
-0.160538
-0.0809332
-0.0898965
0.22212
-0.0190519
0.146332
-0.00950335
-1.77448
-0.110384
0.345254
2.91422
-0.0398831
0.000897977
-0.0399617
-0.130398
0.0410616
0.113866
0.00106287
0.0405843
1.31377
1.14712
0.642573
-0.000342115
0.535159
0.0203554
0.0361783
0.0143789
0.0657437
-0.0437666
0.0491359
-0.0239475
-0.890197
0.0251351
-0.254154
-2.89086
2.05256
0.834031
-0.0529368
0.0132478
-0.070667
0.0565269
-0.00822067
-1.11577
0.0203728
-0.953197
-0.0221997
-0.00217487
0.0429233
0.0645596
-0.291925
0.111355
0.124276
-0.200783
0.0332631
0.313148
0.216365
-0.089475
0.0586526
-0.100678
-0.570879
-0.0598399
-0.924996
-0.247842
-0.204805
-0.0377405
0.103544
0.0170222
-0.0290915
0.177414
-0.0605299
-0.0777499
2.09358
-1.67109
0.0262622
-0.327173
-0.090357
-0.0624281
-0.203171
-0.0973878
0.143638
-0.402868
-2.94694
0.753048
-1.2045
0.0039917
0.0384445
0.123597
0.0926721
0.369144
-0.0641726
-0.0694929
-0.329478
-0.00816817
0.207557
0.859315
-0.000350471
0.00585297
0.0233889
-0.335026
2.41621
-0.277862
0.193616
-0.0295804
0.370847
0.222778
-0.0321902
0.11835
-0.295956
0.578452
1.33799
5.83527e-05
-1.58139
0.344255
0.0347413
0.145412
-0.0155706
-0.168205
0.09739
0.150323
-2.15669
-2.52123
0.217083
-0.249848
0.0778652
0.00434338
0.0398029
-0.1013
0.0310368
-0.0186764
-0.256126
0.0348478
-2.33425
-0.00780808
-0.844075
1.78958
-0.0390399
-0.16628
-0.229959
0.0072267
-0.0491907
-0.0752073
0.0179504
0.00863478
-0.0163413
-0.0021448
0.0428873
2.91295
0.0359036
-1.76595
-0.137629
-0.0826236
-0.0186567
0.135985
0.193809
-0.0282906
-0.227449
-2.94551
-0.0141179
-0.0779056
0.010319
0.30662
-0.0235676
-0.0101198
0.0703224
0.0067751
-0.018992
0.0405588
-0.238783
-0.0852686
-0.000873687
-0.309317
-1.43556
-0.101165
-0.096365
1.14261
-0.0273901
-0.0935864
0.143914
-0.0916656
0.0907192
-0.063013
-2.56593
2.19408
1.32885
0.591248
0.037674
0.123598
-0.017567
-0.153541
0.0409824
-0.0242435
0.0790215
0.914899
-0.00162641
0.0145759
0.0413923
-0.668142
0.263834
0.408235
0.16238
0.127588
0.0427448
-0.105036
-0.0705607
0.156876
0.0449113
-0.329198
-0.428072
-1.59737
-2.86245
-1.88037
0.058879
-0.0408804
0.00648924
0.0734695
0.18748
1.28773
0.323628
0.000644507
0.795265
-1.37419
1.35382
-0.590869
-1.81989
-1.76869
-0.0201823
-0.00597416
-1.24022
-0.153754
-0.554339
0.0173496
0.0720101
0.378251
-1.11451
0.221868
0.425405
-1.19903
0.725361
-0.204134
-0.0902957
0.08792
0.473501
-0.00274456
0.0422417
0.102822
-1.29436
0.297231
0.55826
-0.388166
0.611303
-0.522391
0.792947
0.288575
0.573323
-0.120726
0.541511
-0.482503
0.0192727
0.515761
0.203074
0.35452
-0.309713
-0.0141719
0.190699
0.371122
1.15216
0.524694
0.00475752
0.312613
-0.292061
-2.7295
1.40524
0.0151612
-0.325039
-2.77565
-0.129359
-1.77017
-0.737761
-0.925831
0.118172
0.145471
0.311466
0.123725
1.37939
0.0234465
-0.672845
-0.0865803
-0.546802
0.0419996
-0.165424
-0.224587
-0.000816623
0.0340321
0.0624634
0.586478
-0.0386248
-1.7612
0.0412883
-0.678759
0.129273
-0.374719
-0.3325
-0.0305115
0.29024
-0.404422
0.106735
0.00834337
0.460726
0.898825
0.290172
-0.502505
0.0128642
0.402548
-0.056744
-1.01656
-0.149097
-0.000869065
-0.182009
0.0930864
-1.44779
-0.0802769
-0.575336
-1.35005
-1.34435
0.13423
0.600407
0.0999403
0.387832
-0.0383876
-0.0792266
-2.71526
0.0965385
-0.196567
-1.24429
-1.59782
-0.728082
0.0127465
0.0482932
-0.116154
-0.130964
-0.000254945
0.00243761
-0.0842648
-1.05556
-0.0497643
0.323652
-0.0318222
0.0357074
-0.174632
0.195774
0.268647
-0.115899
0.26241
0.665833
-0.763268
-2.72492
1.93686
0.247927
0.889337
-0.0577932
0.0247847
0.742808
-0.414272
0.0277413
0.249512
-0.000258313
0.037866
-0.798305
0.130947
0.00131202
0.483778
1.11658
-0.328508
0.0222538
-0.0023482
-0.173178
-0.72624
0.0204981
-0.0272065
-0.071033
-0.046939
-0.207413
1.79104
1.76014
-0.699083
0.704571
0.0845407
-0.134403
0.153208
0.000581165
-0.00127714
-0.0785475
1.00044
-0.00949484
-1.57504
1.34851
-0.664147
-0.272874
-0.941694
-0.432948
-1.16838
0.608592
-1.01306
-0.519475
-0.00573984
-0.598211
0.921254
0.392441
-0.913654
0.0044575
0.401519
0.51625
-0.796095
-0.673649
-0.00690645
-0.15108
-0.548377
2.07029
-0.0416954
-0.636661
0.912142
1.09473
0.253611
2.3514
0.499396
0.874796
-0.131161
-0.167949
-0.189897
-0.0123173
-1.84208
-1.95105
2.53918
1.30195
0.574448
0.00942373
0.0498519
-0.0297278
0.0495288
-0.0459732
-0.00319328
0.146124
-0.134535
0.0269204
-0.0489738
-0.0809111
0.294239
-0.0995934
0.0248808
-0.104855
0.00684603
-0.0270257
0.118291
0.0211963
-0.00840007
-0.246834
-0.165561
0.0468904
0.0193947
-0.0685818
2.74597
-0.270234
-0.028795
-0.15289
0.0152221
0.0514948
0.0383786
0.0365313
-0.0969627
-0.0876551
0.0165245
0.325219
-0.012647
0.573157
-0.0115088
1.79026
0.0352128
0.0236786
0.009673
0.227818
-0.104744
-0.0255068
-0.00261346
-0.554806
-0.500665
-0.318446
-0.16717
-0.388583
0.338332
1.09226
0.919637
-0.469435
-4.49617
1.46273
0.244477
-6.1082
0.216523
-0.365048
-0.132162
-0.475038
-0.549651
-0.351047
-0.137287
-0.361146
-0.449319
0.946202
-0.103363
-0.411232
4.73505
-0.572912
4.4325
-3.6372
-1.55128
0.961838
-0.270096
-0.308865
-2.20973
-1.17575
-3.96764
0.731578
-2.36506
-1.5173
1.22559
-1.64232
-0.473163
-0.235037
-0.396682
-0.230879
-1.8948
1.48778
1.57223
-2.25788
1.73282
3.15297
0.903856
3.46552
-0.000183464
-0.216822
-0.0268328
-0.163852
-0.627391
0.610847
0.00190426
-0.104179
0.672666
-2.63503
-1.66395
0.054916
2.72207
-1.69732
-2.39682
1.40153
0.402432
-0.251752
1.43544
-0.52218
-0.545552
-0.0111594
-1.37872
-0.118298
1.2269
0.0859424
0.210588
-0.118042
-3.23005
-4.82998
3.9256
-3.7411
0.444751
-1.40638
-0.474454
1.6764
-0.860387
1.0427
0.748552
-0.640418
-0.57056
-0.346495
-0.107294
-0.441482
-0.627819
-2.28074
0.199724
2.4112
0.208415
0.504913
-0.683326
1.39424
-3.97622
2.91787
-2.3278
0.668945
-0.0795181
0.0906115
-2.81329
0.0120285
-0.410156
-0.363064
-0.129334
-0.431752
-0.337645
0.163206
-0.0430417
-0.204532
0.309694
-0.431078
-0.0393053
-0.516265
2.55237
-2.80521
-3.53512
1.58682
-0.0388213
-0.0515807
-0.0387317
-0.076244
-5.49966
-5.53918
-4.84576
-4.3893
-1.32446
-1.97154
-1.05478
-0.918441
-0.1544
-0.0500045
0.103634
-0.182451
-0.532728
-0.231449
-0.0403358
-0.0578367
-0.436671
-1.30281
-3.59572
-2.21847
-1.00837
-0.0113418
0.550234
-0.545992
-0.753982
-0.703204
-1.51091
-1.19117
-0.0762429
0.0156883
-0.658332
-0.220105
-0.391768
-0.42358
-0.173137
-2.00542
-0.709912
1.3849
0.623157
0.0255364
-0.338131
-0.642401
-0.195948
-0.361323
-3.63774
1.31408
-1.16084
2.09063
-4.42296
2.29276
-4.14596
3.3363
1.68336
-2.30566
0.064279
-3.8454
-0.608356
-2.35165
-0.0575261
0.747321
1.45055
-2.41757
2.50428
-2.34872
-0.589291
-0.365881
-0.132413
-0.495783
