[229, 36, 36, 4]
0.0
0.0
0.0
0.0
0.0
0.0
0.0
0.0
0.0
0.0
0.0
0.0
0.0
0.0
0.0
0.0
0.0
0.0
0.0
0.0
0.0
0.0
0.0
0.0
0.0
0.0
0.0
0.0
0.0
0.0
0.0
0.0
0.0
0.0
0.0
0.0
0.0
0.0
0.0
0.0
0.0
1.9711
0.0
0.0
0.0
0.0
0.0
0.0
0.0
0.0
0.0
0.0
0.0
0.0
0.0
0.0
0.0
0.0
0.0
0.0
0.0
0.0
-0.75101
0.0
0.0
0.0
0.0
0.0
0.0
0.0
0.0
0.0
0.0
0.0
0.0
0.0
0.0
0.0
0.0
0.0
0.0
0.0
0.0
0.0
0.0
0.0
0.0
0.0
0.0
0.0
0.0
0.0
0.0
-0.15329
0.0
0.0
0.0
0.0
0.0
0.0
0.0
0.0
-0.402273
0.0
0.0
0.0
0.0
0.916268
0.0
0.0
0.0
0.0
0.0
0.0
0.0
0.0
0.0
0.0
0.0
0.0
0.0
0.0
0.0
0.0
0.0
0.0
0.0
0.0
0.0
0.0
0.0
0.155421
0.0
0.0
0.0
0.0
1.09419
0.0
0.0
0.0
-0.125657
0.0
0.0
0.0
0.0
0.0
0.0
0.0
0.0
0.0
0.0
0.0
0.0
0.0
0.197837
0.0
0.0
0.0
0.0
0.0
-0.0283735
0.0
0.0
0.0
0.0
0.0
0.0
0.0
0.0
0.0
0.0
0.0
0.0
0.0
-1.18716
0.0
0.0
0.0
-0.373401
-0.0451075
0.140927
-0.0203209
-0.149039
0.112225
0.187528
-0.295401
-0.465409
0.215465
0.26711
0.00240048
-0.0150788
-0.106911
0.123183
-0.141578
-0.185861
0.0100223
-0.0579976
-0.460387
0.130317
-0.208775
-0.380305
0.117073
-0.0502739
0.0727501
0.0817275
-0.605875
0.147315
0.103736
0.33877
-0.174125
-0.154297
0.125588
0.0243352
-0.0177419
0.0426232
0.0963995
0.0
0.0
0.0
0.0
0.0
0.0
0.0
0.0
0.0
0.0
-0.0406825
0.0
0.0
0.0
0.0
0.0
0.0
0.0
0.0
0.0
0.0
0.0
0.0
0.0
0.0
0.0
0.0
0.0
0.0
0.0
0.0
0.0
0.0
0.0
0.0
0.0
0.00827422
-0.148277
0.0539855
0.131625
0.250598
-0.19441
-0.698448
0.17648
0.37171
0.126454
0.0918941
-0.206764
0.139908
-0.0951575
-0.234563
-0.0105984
-0.0248178
-0.551582
0.116014
0.135094
-0.18094
0.103271
-0.0499917
-0.0119513
0.214551
-0.201926
0.137453
0.151297
-0.291274
-0.26817
0.0321471
0.0193435
-0.118979
-0.134201
0.0923269
0.148549
0.0
0.0
0.0
0.0
0.0
0.0
0.0
0.0
0.0
0.0
0.0
0.0
0.0
0.0
0.0
0.0
0.0
0.0
0.0
0.0
0.0
0.0
0.240151
0.0
0.0
0.0
0.0
0.0
0.0
0.0
0.0
0.0
0.0
0.0
0.0
0.0
0.0229033
-0.0586188
-0.126144
0.153169
0.0564
0.971814
0.71965
0.029741
-0.0895069
0.0302449
0.0563929
-0.221739
0.292185
-0.0207453
-0.299565
0.0230514
0.0428662
0.465884
0.0400137
1.20836
0.257636
0.0537404
-0.16479
0.0498835
0.202751
0.0289187
0.187655
0.204681
0.185357
-0.0615428
-0.0633901
0.0355925
0.488103
-0.079867
-0.0397171
-0.0941345
0.0
0.0
0.0
0.0
0.0
0.0
0.0
0.0
0.0
0.0
0.0
0.0
0.0
0.0
0.0
0.0
0.0
0.0
0.0
0.0
0.0
0.0
0.878288
0.0
0.0
0.0
0.0
-0.114824
0.0
0.0
0.0
0.0
0.0
0.0
0.410744
0.0
0.0
0.0
0.0
0.0
0.0
0.0
0.0
0.0
0.0
0.0
0.0
0.0
0.0
0.0
0.0
0.0
0.0
0.0
0.0
0.0
0.0
0.0
0.0
0.0
0.0
0.0
0.0
0.0
0.0
0.0
0.0
0.0
0.0
0.0
0.0
0.0
0.0
0.0
0.0
0.0
0.0
0.0
0.0
0.0
0.0
0.0
0.0
0.0
0.0
0.0
0.0
0.0
0.0
0.0
0.0
0.0
0.0
0.0
0.0
0.0
0.0
0.0
0.0
0.0
0.0
0.0
0.0
0.0
0.0
0.0
0.0
0.0
0.0
0.0
0.0
0.0
0.0
0.0
0.0
0.0
0.0
0.0
0.0
0.0
0.0
0.0
0.0
0.0
0.0
0.0
-0.604636
0.0
0.0
0.0
0.0
0.0
0.0
0.0
0.0
0.0
0.0
0.0
0.0
0.0
0.0
0.0
0.0
0.0
0.0
0.0
0.0
0.0
0.0647342
0.0
0.0
0.0
0.0
0.0
0.0
0.0
-1.05675
0.0
-0.434589
0.0
0.0
0.0
0.0
-0.630565
0.0
0.0
0.0
0.0
0.0
0.0
0.0
0.0
0.0
0.0
0.0
0.0
0.0
0.0
0.0
0.0
0.0
0.0
0.0
0.0
0.0
0.0
0.0
0.0
0.0
0.0
0.0
0.0
0.0
0.0
0.0
0.0
0.0
0.0
0.0
0.0
0.0
0.0
0.0
-1.11808
0.0
0.0
0.0
0.0
0.0
0.0
0.0
0.0
0.0
0.0
0.0
0.0
0.0
0.0
0.0
0.721409
0.0
0.0
0.0
0.0
0.0
0.0
0.0
0.0
0.0
0.0
0.0
0.0
0.0
0.0
0.0
0.0202434
0.0
0.0
0.0
0.0
0.0
0.0
0.0
0.0
0.0
0.0
0.0
0.0
0.0
0.0
0.0
0.0
0.0
0.0
0.0
0.0
0.0
0.0
0.0
0.0
0.0
0.0
0.0
0.0
0.0
0.0
0.402546
0.0
0.0
0.0
0.0
0.0
0.0
0.0
0.0
0.0
0.0
0.0
0.0
0.0
0.0
0.0
0.0
0.0
0.0
0.0
0.0
0.0
0.00198989
-0.0808058
0.108074
-0.118961
-0.35344
-0.35195
-0.915368
-0.0937926
0.403984
-0.0325136
0.0936449
-0.343235
-0.183344
-0.155601
-0.297301
0.0188678
0.0431085
-0.475777
0.0915796
0.0369254
-0.318881
0.0175688
0.0262405
0.0764971
0.067245
-0.200694
0.152284
-0.0643608
0.10509
-0.207727
0.191366
0.040857
-0.145464
0.0428883
0.429137
-0.0721883
0.0
0.0
0.0
0.0
0.0
0.0
0.0
0.0
0.0
0.0
0.0
0.0
0.0
0.0
0.0
0.0
0.0
0.0
0.0
0.0
-0.224257
0.0
0.0
0.0
0.0
0.0
0.0
0.0
0.0
0.0
0.0
0.0
0.433268
0.0
0.0
0.0
0.0
0.0
0.0
0.0
0.0
0.0
-0.31746
0.0
0.0
0.0
0.0
0.0
0.0
0.0
0.0
0.0
0.0
0.0
0.0
0.0
0.0
0.0
0.0
0.0
0.0
0.0
0.96019
0.0
0.0
0.0
0.0
0.0
0.0
0.0
0.0
0.0
0.0
0.0
0.0
0.0
0.0
0.0
0.0
0.0
0.0
0.0
0.0
0.0
0.0
0.0
0.0
0.414152
0.0
0.0
0.0
0.0
0.0
0.0
0.0
0.0
0.0
0.0
0.0
0.0
0.0
0.0
0.0
0.0
0.0
0.0
0.0
0.0
0.0
0.0
0.0
0.0
0.0
0.0
0.0
0.0
0.0
0.0
0.0
0.0
0.0
0.0
0.0
0.0
0.0
0.0
0.0
0.0
0.0
0.0
0.0
0.0
0.0
0.0
0.0
0.0
0.0
-0.426855
0.0
0.0
0.0
0.0
0.0
0.0
0.0
0.0
0.0
0.0
0.0
0.0
0.0
0.0
0.0
-0.863659
0.0
0.0
0.0
0.0
0.0
0.0
0.0
0.0
0.0
0.0
0.0
0.0
0.0
0.0
0.0
0.0
0.0
0.0
0.0
0.0
2.0626
0.0
0.0
0.0
0.0
0.0
0.0
0.0
0.0
0.0
0.0
0.0
0.0
0.0
0.0
0.0
0.0
0.0
0.0
0.0
0.0
0.0
0.0
0.0
0.0
0.0
0.0
0.0
0.0
1.56567
0.0
0.0
0.0
0.0
0.0
0.0
0.0
0.0
0.0
0.0
0.0
0.0
0.0
0.0
0.0
0.0
0.0
0.0
0.0
0.0
0.0
0.0
0.0
0.0
0.0
0.0
0.0
0.0
0.0
0.0
0.0
0.0
0.0
0.0
0.469519
0.0
0.0
0.0
0.0
0.0
0.0
0.0
0.0
0.0
0.0
0.0
0.0
0.0
0.050141
-0.394502
-0.252671
0.110011
0.219329
0.525728
0.724873
0.191496
-0.0690989
0.152257
-0.0406493
-0.226514
2.21575
-0.230374
-0.331893
0.00574761
0.0264643
0.838952
-0.0526889
-0.354269
-0.50692
-0.0861634
-0.202692
0.119781
0.430718
0.287813
0.11496
0.00802963
0.197033
0.0814008
-0.00625399
0.0178426
0.0316767
-0.0981452
0.068673
1.05012
0.0
0.0
0.0
0.067618
0.0
0.0
0.0
0.0
0.0
0.0
0.0
0.0
0.658803
0.0
0.0
0.153324
0.0
0.0
0.0
0.0
0.0
0.0
0.0
0.0
0.0
0.0
0.0
0.0
0.0
0.0
0.0
0.0
0.0
0.0
0.0
-0.560062
0.0
1.03269
0.0
0.0
0.0
0.0
0.0
0.0
0.0
0.509492
0.0
0.0
-0.279536
0.0
0.0
0.0
0.0
0.0
0.0
0.0
0.0
0.0
0.0
0.0
0.0
0.0
0.0
0.0
0.0
0.0
0.0
0.0
0.0
0.0
0.0
0.0
0.0
0.0
0.0
0.0
0.0
0.0
0.0
0.0
0.0
0.0
0.0
0.0
0.0
0.0
0.0
-1.33902
0.0
0.0
0.0
0.290082
0.0
0.0
0.0
1.6815
0.0
0.0
0.0
0.0
0.0
0.0
0.0
0.0
0.0
0.0
-1.86356
0.0
0.0
0.0
0.0
0.0
0.0
0.0
0.0
0.0
0.0
0.0
0.0
0.0
0.0
0.0
0.0
0.0
0.0
-0.44285
0.0
0.559497
0.0
-0.321653
0.0
0.0
0.0
0.0
0.0
0.0
0.0
0.0
0.0
0.0
0.0
0.0
0.0
0.0
0.0
0.0
0.0
0.0
0.0
0.0
0.0
0.0
0.0
0.0
0.0
0.0
0.0
0.0
0.0
2.06177
0.0
0.0
0.0
0.0
0.0
0.0
0.0
0.87601
0.0
0.0
0.0
0.0
0.0
0.0
0.0
0.0
0.0
0.0
0.0
-0.119533
0.0
0.0
0.0
0.0
0.0
0.0
0.0
0.0
0.0
0.0
0.0
0.0
0.0
0.0
0.0
0.0
0.0
-1.20135
0.0
0.0
0.0
0.0
0.0
0.0
0.0
0.0
0.0
0.0
0.0
0.0
0.0
0.0
0.0
0.0
0.0
0.0
0.0
0.0
0.0
0.0
0.0
0.0
0.0
0.0
0.0
0.0
0.0
0.0
0.0
0.0
0.0
0.0
0.0
0.0
0.0
0.0
0.0
0.0
0.0
0.0
0.0
0.0
0.0
0.0
1.2454
0.0
0.0
0.0
0.298271
0.0
0.0
0.0
0.0
0.0
0.0
0.0
0.0
0.490177
0.0
0.0
0.0
0.0
0.0
0.0
0.0
0.0
0.0
0.0
0.0
0.0
0.0
0.0
0.0
0.0
0.0
0.0
0.0
0.0
0.0
0.0
0.0
0.0
0.0
0.0
0.0
0.0
0.0
0.0
0.0
0.0
0.863207
0.0
0.0
0.0
0.0
0.0
0.0
0.0
0.0
0.0
-1.01563
0.0
0.0
0.0
0.0
0.0
0.0
0.0
0.0
0.0
0.0
0.0
0.0
0.0
0.0
0.0
0.0
0.0
0.0
0.0
0.0613758
0.0
0.0
0.0
1.12978
0.0
2.02404
0.0
0.0
0.0
0.0
0.0
0.0
0.0
0.0
0.278353
0.0
0.0
0.0
0.0
0.0
0.0
0.0
0.0
0.0
-0.135891
0.0
0.0
0.0
0.0
0.0
0.0
0.0
0.0
0.0
0.0
0.0
0.0
0.0
0.0
0.0
0.0
0.0
0.0
0.0
0.0
0.0
0.0
0.0
0.0
0.0
0.0
0.0
0.0
0.0
0.0
0.0
0.0
0.0
0.0
0.0
0.0
0.0
0.0
0.0
0.0
0.0
0.0
0.0
0.0
0.0
0.0
0.0
0.0
0.0
0.0
0.560956
0.0
0.0
0.0
0.0
0.0
0.0
0.318467
0.0
0.0
0.0
0.0
0.0
-0.749033
0.0
0.0
0.0
0.0
0.0
0.0
0.0
0.0
0.0
0.0
0.0
0.0
0.0
0.0
0.0
0.0
0.0
0.649662
0.0
0.0
0.0
0.0
0.0
0.0
0.0
0.0
0.0
0.0
0.0
-1.07603
0.0
0.0
0.0
0.0
0.0
0.0
0.0
0.0
0.0
0.0
0.0
0.0
0.0
0.0
0.0
0.0
-2.11582
0.0
0.0
0.0
0.0
0.0
0.0
0.0
0.0
0.0
0.0
0.0
0.0
0.0
0.601341
0.0
0.0
0.0
0.0
0.188691
0.0
0.0
0.0
0.0
0.0
0.0
0.0
0.0
0.0
0.0
0.0
0.0
0.0
0.0
0.0
0.0
0.0
0.0
0.844796
0.0
0.0
0.0
0.0
0.0
0.0
0.0
0.0
0.0
0.0
0.0
0.0
0.0
0.0
0.441858
0.0
0.0
0.0
0.0
0.0
0.0
0.0
0.0
0.0
0.0
0.0
0.0
-0.739976
0.0
0.0
0.0
0.0
0.0
-0.274545
0.0
0.0
0.0
0.0
0.0
0.0
0.869191
0.0
0.0
0.0
0.0
0.0
0.0
0.0
-1.00077
0.0
0.0
0.0
0.0
0.0
0.0
0.0
0.0
0.0
0.0
0.0
0.0
0.0
0.0
0.0
0.0
0.0
0.0
0.0
0.0
0.0
0.0
0.0
0.0
0.0
0.0
0.0
0.0
0.0
0.0
0.0
0.0
0.0
0.0
0.0
0.0
0.0
-0.841087
0.0
0.0
0.0
0.0
0.0
0.0
0.0
0.0
0.0
0.0
0.56217
0.0
0.0
0.0
0.0
0.0
0.0
0.0
0.0
0.0
0.0
0.0
0.0
0.0
0.0
0.0
0.0
0.0
0.0
0.0
0.0
0.0
0.0
0.0
0.412167
0.0
0.0
0.0
0.0
0.0
0.0
0.0
0.0
0.0
0.0
0.0
0.0
0.0
0.653598
0.0
0.0
0.0
0.0
0.0
0.0
0.0
0.0
0.0
0.0
0.0
0.0
0.0
0.0
0.0
0.0
0.0
0.0
0.0
0.0
0.0
0.0
0.0
0.0
0.0
0.0
0.0
0.0
0.0
0.0
0.0
0.0
0.0
0.0
0.0
0.0
0.0
0.0
0.0
0.0
0.0
1.80377
0.0
0.0
0.0
0.0
0.0
0.0
0.0
0.0
0.0
0.0
0.0
0.0855917
-0.492447
-0.286702
-0.0351183
-1.12711
-0.632754
-0.358735
-0.0287736
-0.657817
0.144428
0.141957
-0.67486
-0.128595
-0.0449325
0.262715
0.0976534
-0.0539247
-0.52911
0.2768
0.0876698
-0.350922
0.312174
-0.136897
0.664201
0.519532
-0.115284
0.343726
0.104732
0.0632856
-0.213543
-0.0486193
0.0451276
-0.020742
0.144012
0.128464
-0.207998
0.0
0.0
0.0
0.0
0.0
0.0
0.0
0.0
0.0
0.0
0.0
0.0
0.0
0.0
0.0
0.0
0.0
0.0
0.0
0.0
0.0
0.0
0.0
0.0
0.0
0.0
0.0
0.0
0.0
0.0
0.0
0.0
0.0
-0.787526
0.0
0.0
0.0
0.0
0.0
0.0
0.0
0.0
0.0
0.0
0.0
0.0
0.0
0.0
0.0
0.0
0.0
0.0
-0.128196
0.0
-0.895643
0.0
0.0
0.0
0.0
-0.433439
0.0
0.0
0.0
0.0
0.0
0.0
0.0
0.0
0.0
0.0
0.0
0.0
0.0
0.0
0.0
0.0
0.0
0.0
0.0
0.0
0.0
-0.774983
0.0
-0.828971
0.0
0.0
0.0
0.0
0.0
0.0
0.0
0.0
0.0
0.0
0.0
0.0
0.0
0.0
0.0
0.0
0.0
-0.23361
0.0
0.0
0.0
0.0
0.0
0.0
0.0
0.0
0.0
0.0
0.0
0.0
0.939721
0.0
0.0
0.0
0.0
0.0
0.0
0.0
0.0
0.0
2.15973
0.0
0.0
0.0
0.214114
0.0
0.0
0.0
0.0
0.0
0.0
0.0
0.0
0.0
-1.20025
0.0
0.0
0.0
0.0
0.0
0.0
0.0
0.0
0.0
0.0
1.36752
0.0
0.0
0.0
0.0
0.0
0.0
0.0
0.0
0.0
0.0
-0.364175
0.0
0.0
0.0
0.0
0.0
0.0
0.0
0.0
0.0
0.0
0.0
0.0
0.0
0.0
0.0
0.253554
0.0
0.0
0.0
0.0
0.0
0.0
0.0
0.0
0.0
0.0
-1.03172
0.0
0.0
0.0
0.0
0.0
0.0
0.0
0.0
0.0
0.659146
0.0
0.0
0.0
0.0
0.0
0.0
0.0
0.0
0.0
0.0
0.0
0.0
0.0
0.0
-0.154605
0.0
0.0
0.0
0.0
0.0
0.0
0.0
0.0
0.0
0.0
0.0
0.0
0.0
0.0
0.0
0.0
0.0
0.0
0.0
0.0
0.0
0.0
0.0
-0.346658
0.0
0.0
0.0
0.0
0.0
0.0
0.0
0.0
0.0
0.0
0.0
0.0
0.0
0.0
0.0
0.0
1.07307
0.0
0.0
0.0
0.0
0.0
0.0
0.0
0.0
0.0
0.0
0.0
0.0
2.03835
0.0
0.0
0.0
0.0
0.0
0.0
0.0
0.0
-0.359332
0.0
0.0
0.723025
0.0
0.0
0.0
0.0
0.0
0.0
0.0
0.0
0.0
0.0
0.0
0.0
0.0
0.0
0.0
0.0
0.0
0.0
0.0
-1.96829
0.0
0.0
0.0
0.0
0.0
0.0
-2.65597
0.0
0.0
0.0
0.0
0.0
0.0
0.0
0.0
0.0
0.0
0.0
0.0
0.0
0.0
0.0
0.0
0.0
0.0
0.0
0.0
0.0
0.0
0.0
0.0
0.0
0.0
0.0
0.0
0.0
0.0
0.0
0.0
0.0
0.0
0.0
0.0
0.0
0.0
0.0
0.0
0.0
0.0
0.0
0.0
0.0
0.0
0.0
0.0
0.0
0.0
0.0
0.0
0.0
0.0
0.0
0.0
0.0
0.0
0.0
0.0
0.0
0.0
0.0
2.54421
0.0
0.0
0.0
0.0
0.0
0.0
0.0
0.0
0.0
0.0
0.0
0.0
1.26985
0.0
0.451762
0.0
0.0
0.0
0.0
0.0
0.0
0.0
0.0
0.0
0.0
0.0
0.0191135
0.0628445
-0.0588871
-0.0770611
0.00730106
0.561065
1.15619
-0.236201
-1.72874
0.0728869
-0.02809
-0.0348773
0.0672973
-0.0767045
0.225215
0.0786573
-0.0247746
-0.313361
-0.043346
-0.0715655
-0.251375
-0.117318
-0.218222
0.0350088
-0.124215
-0.905671
0.207752
0.0778048
0.324171
0.0362967
-0.0406269
0.514222
-0.0611423
0.625589
-0.096512
-0.127298
0.0
0.0
0.0
0.0
0.0
0.0
0.0
0.0
0.0
0.0
0.0
0.0
0.0
0.0
0.0
0.0
0.0
0.0
0.0
0.0
0.0
0.0
0.0
0.0
0.0
0.0
0.0
0.0
0.0
0.0
0.0
0.0
0.0
0.0
-1.35114
0.0
0.0
0.0
0.0
0.0
0.0
0.0
0.0
0.0
0.0
0.0
0.0
0.0
0.0
0.0
0.0
0.0
0.0
0.0
0.0
0.0
0.0
0.0
-1.13009
0.0
0.0
0.0
0.0
0.0
0.0
0.0
0.0
0.0
0.0
0.0
0.0
-1.05
0.0
0.0
0.0
-0.366623
0.0
0.0
0.0
0.0
0.0
0.0
0.0
0.0
-2.16673
0.0
0.0
0.0
0.0
0.0
0.0
0.0
0.0
0.0
0.0
0.0
0.0
0.0
0.0
0.0
0.0
0.0
0.0
0.0
0.0
0.0
0.0
0.0
1.87155
0.0
0.0
0.0
0.0
0.0
0.0
0.0
0.0
0.0
0.0
0.0
0.0
0.0
0.0
1.35497
0.0
0.0
0.0
0.0
0.0
0.0
0.0
0.0
0.0
0.0
0.0
0.0
0.0
0.0
0.0
0.0
0.0
0.0
0.0
0.0
0.0
0.0
0.0
0.0
0.0
0.0
0.0
0.0
0.0
0.0
-1.13414
0.0
0.0
0.0
0.0
0.0
0.0
0.0
0.0
0.0
0.0
0.0
0.0
0.0
0.614208
-0.968917
0.0
0.0
0.0
0.0
-1.01726
0.0
0.0
0.0
0.0
0.0
0.0
0.0
0.0
0.0
0.0
0.0
0.0
0.0
0.0
0.0
0.0
0.0
0.0
0.0
0.0
0.0
0.0
0.0
0.0
0.0
-0.495652
0.0
0.0
0.0
0.0
0.0
0.0
0.0
-1.4046
0.0
0.0
0.0
0.0
0.0
0.0
0.0
0.0
0.310799
0.0
0.0
0.0
0.0
0.0
0.0
0.0
0.0
0.0
0.0
0.0
0.0
0.0
0.0
1.07486
0.0
0.175473
0.0
0.0
0.0
2.23523
0.0
0.0
0.0
0.0
0.0
0.0
0.0
0.0
0.0
0.0
0.0
-1.12409
0.0
0.0
0.0
0.0
0.0
0.0
0.0
0.0
0.0
0.0
0.0
0.0
0.0
0.0
0.0
0.0
0.0
0.0
0.0
0.0
0.0
0.0
0.0
0.0
0.0
0.0
0.0
0.0
0.0
0.0
0.0
0.0
0.0
-0.900143
0.0
0.0
0.0
0.0
0.0
0.0
0.0
0.0
0.0
0.0
0.0
0.0
0.0
0.0
0.0
0.0
0.0
0.0
0.0
0.0
0.0
0.0
0.0
0.0
0.0
0.0
0.0
0.0
0.0
0.0
0.0
0.0
0.0
0.0
0.0
0.0
0.0
0.0
0.0
0.0
0.0
0.0
0.0
0.0
0.0
0.0
0.0
0.0
0.0
0.0
0.0
0.0
0.0
0.0
0.0
0.0
0.0
0.0
0.0
0.0
-1.01181
0.0
0.0
0.0
0.0
0.0
0.0
0.0
0.0
0.0
0.0
0.488808
0.0
0.0
0.0
0.0
0.0
0.0
0.0
0.0
0.0
0.0
0.0
0.0
0.0
0.0
0.0
0.0
0.0
0.0
0.0
0.0
0.0
0.0
0.0
0.0
-1.46285
0.0
0.0
0.0
-0.340086
0.0
0.0
-0.698124
0.0
0.0
0.0
0.0
0.0
0.0
0.0
-2.3587
0.0
0.0
0.0
0.0
0.0
0.0
-0.303858
0.0
0.0
0.0
0.0
2.03087
0.0
0.0
0.0
0.0
0.0
0.0
0.0
0.0
0.0
0.0
0.0
0.0
0.0
0.0
0.0
0.0
0.0
0.0
0.0
0.0
0.0
0.0
0.0
0.254552
-0.519644
0.0
0.501615
0.0
0.0
0.0
0.0
0.0
0.0
0.0
0.0
0.0
0.0
0.0
0.0
0.0
0.0
0.0
0.0
0.0
0.0
0.0
0.0
0.0
0.0
0.0
0.0
0.0
0.0
0.0
0.0
0.0
0.0
0.0
0.0
0.0
0.0
0.0
0.0
0.0
-0.0180337
0.0
0.0
0.0
0.0
0.0
0.0
0.0
0.0
0.0
0.0
0.0
0.0
0.0
0.0
0.0
0.0
1.48772
0.0
0.0
0.0
0.0
-0.593858
1.42353
0.0
0.501873
-1.66899
0.0
0.0
0.0
0.0
0.0
0.0
0.0
0.0
0.0
0.0
0.0
0.0
0.0
0.0
0.0
0.0
0.0
0.0
0.0
0.830625
0.0
0.0
0.0
-0.2901
0.0
0.0
0.0
0.0
0.0
0.0
0.0
0.0
0.0
0.0
0.0
0.0
0.0
0.0
0.0
0.0
0.0
0.0
0.0
0.0
0.0
0.0
0.0
0.0
0.0
0.0
0.0
0.0
0.0
0.0
0.0
0.0
0.0
0.0
0.0
0.0
0.0
0.0
0.0
0.0
0.0
0.0
0.0
-0.0685489
0.0
0.0
0.0
0.0
0.0
0.0
0.557421
0.0
-0.0328673
-0.0279574
0.234811
-0.0966451
-0.635028
-0.756305
-0.435672
0.00656088
0.0228777
-0.0926965
0.0321226
-0.306514
0.0289572
-0.0232266
-0.354535
-0.0452936
-0.00243395
-0.632472
0.126116
0.249332
-0.221887
-0.0172962
0.0681011
0.471108
0.296572
-0.00801768
0.316772
0.0414172
-0.193432
-0.0197828
0.0790631
-0.0486539
-0.0615288
0.140223
0.17755
0.0235765
0.0
0.0
0.0
0.0
0.0
0.0
0.0
0.0
0.0
0.0
0.0
0.0
0.0
0.0
0.0
0.0
0.0
0.0
0.0
0.0
0.0
0.0
0.0
0.0
0.0
0.0
0.0
0.0
-0.59425
0.0
0.0
0.0
0.0
0.0
0.0
0.0
0.0281741
0.0
0.0
0.0
0.0
0.0
0.0
0.0
0.0
0.0
0.0
0.0
0.0
0.0
0.0
0.0
0.0
0.0
0.0
0.0
0.553023
0.0
0.0
0.0
0.0
0.0
0.0
0.0
0.569893
0.0
0.0
0.0
0.0
0.0
0.0
0.0
0.0
0.0
0.0
0.0
0.0
0.0
0.0
0.0
0.0
0.0
0.0
0.0
0.0
0.0
0.0
0.0
0.0
0.0
0.0
0.0
0.0
0.0
0.0
0.0
0.0
0.0
0.0
0.0
0.0
0.0
0.0
0.0
0.0
1.40821
0.0
0.0
0.0
0.0
0.0
0.0
0.0
0.0
0.0
0.0
0.0
0.0
0.0
0.0
0.0
0.0
0.0
0.0
0.0
0.0
0.0
0.0
0.0
0.0
0.0
0.0
0.0
0.0
0.0
0.0
0.0
0.0
0.0
0.0
0.0
0.0
0.0
0.0
0.0
0.0
0.0
0.0
0.0
0.0
0.0
0.0
0.0
0.0
0.0
0.0
0.0
0.0
0.0
0.0785793
0.0
0.0
0.0
0.0
0.0
0.0
0.0
0.0
0.0
0.0
0.0
0.0
0.0
0.0
0.0
0.0
0.0
0.0
0.0
0.0
0.0
0.0
0.0
0.0
0.0
0.0
0.0
0.0
0.0
0.0
0.0
0.0
0.0
0.0
0.0
0.0
0.0
0.0
0.0
0.0
0.0
0.0
0.0
0.0
0.0
0.0
0.0
0.0
0.0
0.0
-0.551426
0.0
0.0
0.0
0.0
0.0
0.0
0.0
0.0
0.0
0.0
0.0
-1.74125
0.0
0.0
0.386926
0.0
0.0
0.0
0.0
0.0
0.0
0.0
0.0
0.0
0.0
0.0
0.0
0.0
0.0
0.0
0.0
-0.122599
0.0
0.0
-0.757912
0.0
0.0
0.0
0.0
1.64599
0.0
0.0
0.0
0.0
0.0
0.0
1.34428
0.0
0.0
0.0
0.0
0.0
0.0
0.0
0.0
0.0
0.783385
0.0
0.0
0.0
0.0
0.0
0.0
0.0
0.0
0.0
0.0
0.0
0.0
0.0
0.0
0.0
0.0
0.0
0.0
0.0
0.0
0.0
0.0
0.0
0.0
0.0
0.0
0.0
0.0
0.0
0.0
0.0
0.0
0.0
0.0
0.0
0.0
0.0
0.0
0.0
0.0
0.0
0.0
0.0
0.0
0.0
0.0
0.0
0.0
-0.988775
0.0
0.0
0.0
0.0
0.0
0.0
0.0
0.0
0.0
0.0
0.0
0.0
0.0
0.0
0.0
0.0
0.0
0.0
0.0
0.0
0.0
0.0
0.0
0.0
0.0
0.0
0.0
0.0
0.0
0.0
1.39244
0.0
0.0
0.0
0.0
0.0
0.0
0.0
0.0
0.0
0.0
0.0
0.0
0.0
0.0
0.0
0.0
-0.944394
0.0
0.0
0.0
0.0
0.0
0.0
0.0
0.0
0.0
0.0
0.0
0.0
-0.914739
0.0
0.0
0.0
0.0
0.0
0.0
0.0
0.0
0.0
0.00952134
0.0
-0.961638
0.0
0.0
0.0
0.0
0.0
0.0
0.0
0.0
0.0
0.0
0.0
0.0
0.0
0.0
0.0
0.0
0.0
0.0
0.0
0.0
0.0
0.0
0.0
0.0
0.0
0.0
0.0
0.0
0.0
0.0
0.0
-0.283672
0.0
0.0
0.0
0.0
0.0
0.0
0.0
0.0
0.0
0.0
0.0
0.0
0.0
0.0
0.0
0.916491
0.0
0.0
0.0
0.0
0.0
1.82148
1.98418
0.0
0.0
0.0
0.0
0.0
0.0
0.698825
0.0
0.0
0.0
0.0
0.0
0.0
0.0
0.0
0.0
0.0
0.0
-1.49583
0.0
0.0
0.0
0.0
-0.0133353
0.137196
-0.185837
0.0231204
-0.0789547
0.751201
0.499696
-0.216725
-0.277206
-0.0118065
-0.0572413
-0.0491577
0.153291
0.00756917
-0.204753
0.0308775
-0.312945
0.27017
-0.0555311
-0.257555
0.0669385
-0.049223
-0.0950073
-0.156717
0.0348335
-0.0864091
0.20233
0.0710663
-0.991191
-0.0620388
0.0479042
-0.00868996
0.0451477
-0.0928921
-0.0279097
0.142914
0.0
0.0
0.0
0.0
0.0
0.0
0.0
0.0
0.0
0.0
0.0
0.0
0.0
0.0
0.0
0.0
0.0
0.0
0.0
0.0
0.0
0.0
0.0
0.0
0.0
0.0
0.0
0.0
0.0
0.0
0.0
0.0
0.0
0.0
0.617889
0.0
0.0
0.0
0.0
0.0
0.0
0.0
0.0
0.0
0.0
0.0
0.256852
0.0
0.0
0.0
0.0
0.0
0.0
0.0
0.0
0.0
0.0
0.0
0.0
-0.144663
0.0
0.0
0.0
0.405495
0.0
0.0
0.0
0.0
0.0
0.0
0.0
0.0
0.0
0.0
0.0
0.0
0.0
0.0
0.0
0.0
0.0
0.0
-0.0683593
0.0
0.472001
0.0
0.0
0.0
0.0
0.0
1.07158
0.0
0.0
0.0
0.0
0.0
0.0
0.0
0.0
0.0
0.0
0.0
0.0
0.0
0.0
0.0
0.0
0.0
0.0
0.0
0.0
0.0
0.0
0.0
0.0
0.0
0.0
0.0
0.0
0.0
0.0
0.0
0.0
0.0
0.0
0.0
0.0
0.0
0.0
0.0
0.0
0.0
0.0
0.0
0.0
0.0
-0.062252
0.0
0.0
0.327193
0.0
0.0
0.0
0.0
0.0
0.0
0.0
0.0
0.0
0.0
0.0
0.0
0.0
0.0
0.0
0.0
0.0
0.0
0.0
-1.97692
0.0
0.0
0.0
0.0
0.0
0.0
0.0
0.0
-0.23254
0.0
0.0
0.0
0.0
0.0
0.0
0.0
0.0
0.0
0.0
0.0
0.0
0.0
0.0
0.0
0.0
0.0
0.0
0.0
0.0
0.0
0.0
0.0
0.0
0.0
0.0
0.0
0.0
0.0
0.0
0.0
0.0
0.0
0.0
0.0
0.0
0.0
0.0
0.0
0.0
0.0
0.0
-1.11335
0.0
0.0
0.0
0.0
0.0
-2.33108
0.0
0.0
0.0
0.0
-1.70453
0.0
0.0
0.0
0.0
0.0
0.0
0.0
0.0
0.0
0.0
0.0
0.0
1.48368
0.0
0.0
0.0
0.0
0.0
0.0
0.0
0.0
0.0
-0.302197
0.0
0.0
0.0
0.0
0.0
0.0
0.0
0.0
0.0
0.0
0.0
0.0
0.0
-0.0122985
0.0
0.0
0.0
0.0
0.0
0.0
0.0
0.0
0.0
0.0
0.0
0.0
0.0
0.0
0.0
0.0
0.0
0.0
0.0
0.484077
0.0
0.0
0.0
0.0
0.0
0.0
0.0
0.0
0.0
0.0
0.0
0.0
0.0
0.0
0.0
0.0
0.0
1.98667
0.0
0.0
0.0
-0.377783
-0.771806
0.0
0.0
0.0
0.521447
0.0
0.0
0.0
0.0
0.0
0.0
0.0
0.0
0.0
0.0
0.0
1.43866
0.0
-0.214397
0.0
0.0
0.0
0.0
0.0
0.0
0.0
0.0
0.0
0.0
0.0
0.0
0.0
0.0
0.0
0.0
0.0
0.0
0.0
0.0
0.0
-0.235244
0.0
0.0
0.0
0.0
-1.16615
1.27292
0.0
0.0
0.0
0.0
0.0
0.0
0.0
0.0
0.0
0.0
0.0
0.0
0.0
0.0
0.0
0.0
0.0
0.0
0.0
0.0
0.0
0.0
0.0
0.0
0.0
0.0
0.0
0.0
1.43102
0.0
0.0
0.0
0.0
-0.800165
0.0
0.0
0.0
0.0
0.0
0.0
0.0
0.0
0.0
0.0
0.0
0.0
-1.36016
0.0
0.0
0.0
0.0
0.0
0.0
0.0
0.0
-0.621179
0.0
0.0
0.0
0.0
0.0
0.988967
0.0
0.0
0.0
0.0
0.0
0.0
0.0
0.0
0.0
0.0
0.0
0.0
0.0
0.0
0.0
0.0
0.0
0.0
0.0
0.0
0.0
-0.47923
0.0
0.0
0.0
0.0
0.0
0.0
0.0
0.0
0.0
0.0
0.0
0.0
0.0
0.0
0.0
0.306641
0.0
0.0
0.0
0.0
0.0
0.0
0.0
0.0
0.0
0.0
0.0
0.0
0.0
0.0
0.0
0.0
0.0
0.0
0.0
0.0
0.0
-0.631199
0.0
0.0
0.0
0.0
0.0
0.0
0.0
0.0
0.0
0.0
0.0
0.0
0.0
0.0
0.0
0.0
0.0
0.0
0.0
0.0
0.0
0.0
0.0
0.0
0.0
0.916566
0.0
0.0
0.0
0.0
0.0
0.0
0.0
0.0
0.0
0.0
0.0
-0.920308
0.0
0.0
0.0
0.0
0.0
0.0
0.0
0.0
0.0
0.0
0.0
0.0
0.0
0.0
0.0
0.0
0.0
0.0
0.0
0.0
0.0
0.0
-0.312676
0.0
0.0
0.0
0.0
0.0
0.0
0.0
1.36678
-0.0543
0.790266
0.327534
0.00576298
0.116735
-1.02933
-0.563605
0.0944043
0.0112839
-0.136847
0.0229164
0.255789
0.0235488
0.537456
-0.650457
-0.11583
-0.0903996
-0.696642
0.0588856
0.513967
-0.218966
-0.0808354
-0.197093
-0.0443781
-0.453407
-0.121985
0.601999
-0.709164
-0.348777
0.258778
1.89056
0.00116406
0.0037831
0.334943
0.0140309
0.186724
0.0
0.0
0.0
0.0
0.0
0.0
0.0
0.0
0.0
-2.31349
0.0
0.0
0.0
0.0
0.0
0.0
0.961419
0.0
0.0
0.0
0.0
0.0
0.0
0.0
0.0
0.0
0.0
0.0
0.0
0.0
0.0
0.0
0.0
0.0
0.0
0.0
0.0
0.0
0.0
0.0
2.32989
0.0
0.384319
0.0
0.0
0.0
0.0
0.0
0.0
0.0
0.0
0.0
0.0
0.0
0.0
0.0
0.0
0.0
0.0
0.0
0.0
0.0
0.0
0.0
0.0
0.0
0.0
0.0
0.0
0.0
0.0
0.0
0.0
0.0
0.0
0.0
0.0
0.0
0.0
0.0
0.0
0.0
0.0
0.0
0.0
0.0
0.0
0.0
0.0
0.0
0.0
0.0
0.0
0.0
0.0
0.0
0.0
0.0
0.0
0.0
0.0
0.0
0.0
0.0
0.0
0.0
0.0
0.0
0.0
0.0
0.0
-1.42104
-1.27095
0.0
0.0
-1.03476
0.0
0.0
0.0
0.0
0.0
0.0
0.0
0.0
-0.673811
0.0
0.0
0.0
0.200907
0.0
0.0
0.0
0.0
0.0
0.0
0.0
0.0
0.0
-1.13778
0.0
0.0
0.0
0.0
0.0
0.0
0.0
0.0
0.0
0.0
0.0
0.0
0.0
0.0
0.0
0.0
0.0
0.0
0.0
0.0
0.0
0.0
0.0
0.0
0.0
0.0
0.0
0.0
0.932217
0.0
0.0
0.0
0.0
0.0
0.0
0.0
0.0
0.0
0.0
0.0
0.0
0.0
0.0
0.0
0.0
0.0
0.0
0.0
0.0
0.0
0.0
0.0
0.0
-0.566117
0.0
0.0
0.0
-1.89437
0.0
0.0
0.0
0.0941504
-0.175066
0.0
0.0
0.0
0.0
0.0
0.0
0.0
0.0
0.0
0.0
0.0
0.0
0.0
0.0
0.0
0.0
0.0
1.32254
0.0
0.0
0.0
0.0
0.0
0.0
0.0
0.0
0.0
0.0
-0.873347
0.0
0.0
0.0
0.0
0.0
0.0
0.0
0.0
0.0
0.0
0.0
-2.32647
0.0
0.0
0.0
0.0
0.0
0.0
-0.705088
0.0
0.0
0.0
0.0
0.0
0.0
0.0
0.0
0.0
0.0
0.0
0.0
0.0
0.0
0.0
0.0
0.0
0.0
0.0
0.0
0.0
0.0
0.0
0.0
0.0
0.0
0.0
0.0
0.0
0.0
0.0
0.0
0.0
0.0
0.0
0.0
1.22081
0.0
0.0
0.0
0.0
0.0
0.0
0.0
0.0
0.0
0.0
0.0
0.0
0.0
0.0
0.0
0.0
0.0
0.0
0.0
-0.193685
0.0
0.953143
0.0
0.0
0.0
0.0
0.0
0.0
0.0
0.0
0.0
0.0
0.0
0.0
0.0
0.0
-0.665101
0.0
0.0
0.0
0.0
0.0
0.0
0.0
0.0
0.0
-0.568856
0.0
0.0
0.0
-0.67112
0.0
0.0
0.0
0.0
0.0
0.0
0.0
0.0
0.0
0.0
0.0
0.0
0.0
0.0
0.0
0.0
0.0
0.0
0.0
0.0
0.0
0.0
0.0
0.0
0.0
0.0
0.0
0.0
0.0
0.0
0.0
0.0
0.0
0.0
0.0
0.0
0.0144276
0.0
0.0
0.0
0.0
0.0
0.0
0.0
0.0
0.0
0.0
0.0
0.0
0.0
0.0
0.0
0.0
0.0
-0.511171
1.19419
0.0
0.0
0.0
0.0
0.0
0.0
0.0
0.0
0.0
0.0
0.0
0.0
0.0
0.0
0.0
0.0
0.0
0.0
0.0
0.0
0.0
0.0
0.0
0.0
0.0
0.0
0.0
-1.98041
0.0
0.0
0.0
0.0
0.0
0.0
0.0
0.0
0.0
0.0
0.0
0.0
0.0
0.0
0.0
0.0
0.0
0.0
0.0
0.42777
0.0
0.0
0.0
0.397118
0.0
0.0
0.0
0.0
0.0
0.0
0.0
0.0
0.0
0.0
0.0
0.0
0.0
0.0
0.0
0.0
0.0
0.0
0.0
0.0
0.0
0.0
-0.0205042
0.0875057
0.0936053
-0.171597
-0.121507
2.71373
1.17625
-0.0645479
-0.632315
-0.387922
0.0855954
-0.343639
0.374621
-0.0514695
-0.145034
-0.0997464
0.101532
0.598145
-0.0245721
-0.357462
0.914552
-0.00521619
-0.34542
-0.117279
0.116219
0.432724
0.345102
1.63643
0.042505
-0.0566136
0.067872
0.0101526
-0.0372842
-0.564933
0.118858
-0.284431
0.0
-0.637019
0.0
0.0
0.0
0.0
0.0
0.0
0.0
0.0
0.0
0.0
0.0
0.0
0.0
0.0
0.0
0.0
0.0
0.0
0.0
0.0
0.0
0.0
0.0
0.0
0.0
0.0
-0.202193
0.0
-0.839091
0.0
0.0
0.0
0.0
0.0
0.0
0.0
0.0
0.0
0.0
0.0
0.0
0.0
0.0
0.0
0.0
0.0
-1.68677
0.0
0.0
0.0
0.0
0.0
0.0
0.0
0.0
0.0
0.0
0.0
0.0
0.0
0.0
0.0
0.0
0.0
0.0
-0.893596
0.0
0.0
0.0
0.0
0.0
0.0
0.0
0.0
0.0
0.0
0.0
0.0
0.0
0.0
0.0
0.0
0.0
-1.17803
-0.125767
0.0
0.0
0.0
0.0
0.0
0.0
0.0
0.0
0.0
0.0
-1.01927
0.0
0.327495
0.0
0.0
0.0
0.0
0.0
0.0
0.402917
0.0
0.0
0.0
0.0
0.0
0.0
-0.34005
0.0
0.0
-1.4531
0.0
0.0
0.0
0.0
0.0
0.0
0.0
0.0
0.0
-0.413004
0.0
0.0
0.0
0.0
0.0
0.0
0.0
0.0
0.0
0.0
0.0
0.0
0.0
0.0
0.0
0.0
0.0
0.0
0.0
0.0
0.0
0.0
0.0
0.0
0.0
0.0
0.0
-0.988361
0.0
0.0
0.0
0.0
0.0
0.0
0.0
0.0
0.0
0.0
0.0
0.0
0.418598
0.0
0.0
0.0
0.0
0.0
0.921859
0.0
0.0
0.0
0.0
0.0
0.0
0.0
0.0
0.0
0.0
0.0
0.0
0.0
0.0
0.0
0.0
0.0
0.0
0.0
0.0
0.0
0.0
0.0
0.0
0.0
0.0
0.0
-0.432774
0.0
0.0
0.0
0.0
0.0
0.0
0.0
0.0
0.0
-0.296025
0.0
0.0
0.0
0.0
0.0
0.0
0.0
0.0
0.0
0.0
0.0
0.0
0.0
0.0
0.0
-0.743586
0.0
0.0
0.0
0.0
0.0
0.0
0.0
0.875073
0.0
1.19453
0.0
0.0
0.0
0.0
0.0
0.0
0.0
0.348704
0.0
0.0
0.0
0.0
0.0
0.0
0.0
0.0
-0.0366676
0.0
0.0
0.0
0.0
0.0
0.0
0.0
0.0
0.0
0.0
0.0
0.0
0.0
0.0
0.0
0.0
0.0
0.0
0.0
0.0
0.0
0.0
0.0
0.0
0.0
0.0
0.0
0.0
0.0
0.964452
1.50008
0.0
0.0
0.0
0.0
0.0
0.0
0.0
0.0
0.0
0.0
0.0
0.235641
0.0
0.0
0.0
0.0
0.0
0.0
0.0
0.0
0.0
0.0
0.0
0.0
0.0
0.0
0.0
0.0
0.0
0.0
0.0
0.0
0.0
0.0
0.0
0.0
0.0
0.0
0.0
0.0
0.0
0.0
0.0
0.0
-0.38788
0.0
-0.948733
0.0
1.22644
0.0
0.0
0.0
0.0
0.0
0.0
0.0
0.0
0.0
0.0
0.0
0.0
0.0
0.0
0.0
0.0
0.0
0.0
0.0
0.0
0.0
0.0
0.0
0.0
0.0
0.0
0.0
0.0
0.0
0.0
0.0
-0.865253
0.0
0.0
0.0
0.0
0.0
0.0
-0.235986
0.0
0.0
0.0
0.0
0.0
-0.0889073
0.0
-0.647533
0.0
0.0
0.0
0.0
0.0
0.0
0.0
0.0
0.0
0.0
0.0
0.0
0.0
0.0
0.34281
0.0
0.0
0.0
0.0
0.0
0.0
0.0
0.0
0.0
0.0
0.0
0.0
0.0
0.0
0.0
0.0
0.0
0.0
0.0
-1.06718
0.0
0.0
0.0
0.0
0.0
0.0
0.0
0.0
0.0
0.0
0.0
0.0
0.0
0.0
0.0
0.0
0.0
0.0
0.0
0.0
0.0
0.0
0.0
0.0
0.0
0.0
0.0
0.0
0.545248
0.0
0.0
0.0
0.0
0.0
0.0
0.0
0.0
-2.18664
0.0
0.0
0.0
0.0
0.0
0.0
0.0
0.0
0.0
0.0
0.0
0.0
0.0
0.0
0.0
0.0
0.0
0.0
0.0
0.0
0.0
0.0
0.0
0.0
0.292537
1.853
0.0
0.0
0.0
0.0
0.0
0.0
0.0
0.0
0.0
0.0
0.0
0.0
0.0
0.0
0.0
0.0
0.0
0.832993
0.0
0.0
0.0
0.0
0.0
0.0
0.0
0.0
0.0
0.0
0.0
0.0
0.0
0.0
0.0
0.0
0.0
0.0
0.0
0.0
0.0
0.0
0.0
0.0
0.0
0.0
0.0
0.0
0.0
0.0
0.0
0.0
0.0
0.0
0.0
0.0
0.0
0.0
0.0
0.0
0.0
-0.00297358
0.413699
0.142257
-0.0516636
0.068165
-1.32978
-0.401747
0.181495
-0.0309784
-0.0691092
0.100658
-0.109954
0.0853779
-0.0224142
-0.452956
-0.131817
-0.0397447
-0.605774
0.218528
0.30945
-0.179729
0.00989508
-0.191559
0.222339
-0.0815438
0.180658
0.451113
-0.346898
-0.164165
0.221493
-0.0246219
0.00126901
-0.0342594
0.0941535
0.0673767
0.00615464
0.474735
0.982683
0.0
0.0
0.0
0.0
0.0
0.0
1.77803
-0.0322313
0.0
0.0
0.0
1.10214
0.0
0.0
0.0
0.0
0.0
0.0
0.0
0.0
0.0
0.0
0.0
0.0
0.0
0.0
0.0
0.0
0.0
0.0
0.0
0.0
0.0
0.0
-1.33422
-0.315499
0.0
0.0
0.0
0.0
0.0
0.0
0.0
0.0
0.0
0.0
0.0
0.0
0.0
0.0
0.0
0.0
0.0
0.0
0.0
0.0
0.0
0.0
0.0
0.0
0.0
0.0
0.0
-0.0498793
0.0
0.0
0.0
0.0
0.0
0.0
0.0
0.0
0.0
0.0
0.0
0.0
0.0
0.0
0.0
0.0
0.0
0.0
0.0
0.0
0.0
0.0
0.0
0.0
0.0
0.0
0.0
0.0
-0.138064
0.0
0.0
0.0
0.0
0.0
0.0
0.0
0.0
0.0
0.0
0.0
0.0
0.0
0.0
0.0
0.0
0.0
0.0
0.0
0.0
0.0
0.0
0.0
0.0
0.0
0.0
0.0
0.0
0.0
0.0
0.0
0.0
0.0
1.46498
0.0
0.0
0.0
0.0
0.0
0.0
0.0
0.0
0.0
0.0
0.0
0.0
0.0
0.0
0.0
0.0
0.0
0.0
0.0
0.0
0.0
0.0
0.0
0.0
0.0
0.0
0.0
0.0
0.0
0.0
0.0
0.0
-1.79985
0.0
0.0
0.0
0.0
0.0
0.0
-0.00047307
0.0
0.0
0.0
0.0
0.0
0.0
0.0
0.0
0.0
0.0
0.0
0.0
0.0
0.0
0.0
0.0
0.0
-0.01553
0.0
0.0
0.0
0.0
0.0
0.0
0.0
0.0
0.0
0.0
0.0
0.0
0.0
0.0
0.0
0.0
0.0
0.0
1.27648
0.0
0.0
0.0
0.0
0.0
0.0
0.0
-2.03483
0.0
0.0
0.0
0.0
0.0
0.0
0.0
0.0
0.0
0.0
-1.15159
0.0
0.0
0.0
0.0
0.0
0.0
0.0
0.0
0.0
0.0
0.0
0.0
0.0
0.0
0.0
0.0
0.0
0.0
0.0
0.0
0.0
0.0
0.0
0.0
0.0
0.0
0.0
0.0
0.0
0.0
0.0
0.0
0.0
0.0
0.170284
0.0
0.0
0.0
0.0
0.0
0.0
0.0
0.0
0.0
0.0
0.0
0.0
0.0
0.0
0.0
0.0
0.0
0.0
0.0
0.0
0.0
0.0
0.0
0.0
0.0
0.164335
0.0
0.0
0.0
0.0
0.0
0.0
-0.770927
0.0
0.0
0.0
0.0
0.0
0.0
0.0
-1.63487
0.0
0.0
0.0
0.0
0.0
0.0
0.0
0.0
0.0
0.0
-0.723903
0.0
0.0
0.0
0.0
0.0
0.0
0.0
0.0
0.0
0.0
0.0
0.0
0.0
0.0
0.0
0.0
0.0
0.0
0.0
0.0
0.0
0.0
-0.133411
0.0
0.0
0.0
0.0
0.0
0.0
0.0
0.0
0.0
0.0
0.0
0.0
0.0
1.62504
0.0
0.0
0.0
0.0
0.0
0.0
0.0
0.0
2.01689
0.0
0.0
0.0
0.0
0.0
0.0
1.06009
0.0
0.0
0.0
0.0
0.0
0.0
0.0
0.0
0.0
0.0
0.0
0.0
0.0
0.987098
0.0
0.0
0.0
0.0
0.0
0.0
0.0
0.0
0.0
0.0
0.0
0.0
0.0
1.47339
0.0
0.0
0.0
0.0
0.0
0.0
0.0
0.0
0.0
0.0
0.0
0.0
0.0
0.0
1.76054
0.0
-0.308474
0.0
0.0
0.0
0.0
0.0
0.0
0.0
0.0
0.0
0.0
0.0
0.0
0.0
0.0
0.0
0.0
0.0
0.0
0.0
0.0
0.0
0.0
0.0
0.0
0.0
0.0
0.0
0.0
-0.237019
0.0
0.0
0.0
0.0
0.0
0.0
0.0
0.0
0.0
0.0
0.0
0.0
0.0
0.0
0.0
0.0
0.0
0.0
0.0
0.0
0.0
0.0
0.0
0.0
0.0
0.0
0.0
0.0
0.0
-0.0325556
-0.113564
-0.00638777
-0.0850349
-0.201341
0.870895
0.307001
-0.197151
1.41808
-0.170269
-0.000261775
-0.213079
0.278202
-0.0058584
-0.377263
-0.076371
0.0931664
0.278385
0.0462877
-0.441659
-0.797252
-0.00561867
-0.265353
0.158904
0.209996
0.278586
0.109372
0.394338
0.129187
-0.141746
0.0844696
0.0063441
-0.00645377
-0.0835342
0.210585
-0.00662495
0.0
0.0
0.0
0.0
0.0
0.0
0.0
0.0
0.0
0.0
0.0
0.0
0.0
0.201098
0.0
1.12317
0.0
0.0
0.0
0.0
0.0
0.0
0.0
0.0
0.0
0.182785
0.0
0.0
0.0
0.0
0.0
0.0
0.0
0.202017
0.0
0.0
0.0
0.0
0.0
0.0
0.0
0.0
0.0
0.0
0.0
0.0
0.0
0.0
0.0
0.0
0.0
0.0
0.0
0.0
0.0
0.859708
0.0
0.0
0.71193
0.0
0.0
0.0
0.0
0.0
0.0
0.0
0.0
-1.50904
0.0
0.0
0.0
0.0
0.0
0.0
0.0
0.0
0.0
0.0
0.0
0.0
0.0
0.0
0.0
0.0
0.0
0.0
0.0
0.137819
0.0
0.0
0.0
0.0
0.0
0.0
0.0
0.0
0.0
0.0
0.0
0.0
0.0
0.0
0.0
0.0
0.0
0.0
0.0
0.0
0.0
0.0
0.0
0.0
0.0
0.0
0.0
0.0
0.0
0.0
0.0
-0.647513
0.0
0.0
0.0
0.0
0.0
0.0
0.0
0.0
0.0
0.0
0.0
0.0
0.0
0.0
0.0
0.0
0.0
0.0
0.0
0.0
0.0
0.0
1.6556
0.0
0.0
0.0
0.0
0.0
0.0
0.0
0.0
0.0
0.0
0.0
0.0
0.0
0.0
0.0
0.0
0.0
0.0
0.0
0.0
0.0
0.0
0.378745
0.0
0.0
0.0
0.0
0.0
0.0
0.0
0.0
0.0
0.784649
0.0
0.0
0.0
0.0
0.0
0.0
0.0
0.0
0.0
0.0
0.0
0.0
0.0
0.0
0.0
0.0
0.0
0.0
0.0
0.0
0.0
0.0
0.0
0.0
0.0
0.0
0.0
0.0
0.0
0.0
0.0
0.0
0.0
0.0
0.0
0.0
0.0
0.0
0.0
0.0
0.0
0.0
0.0
0.0
0.0
0.0
0.0
0.0
0.0
0.0
0.0
0.0
0.0
0.0
0.0
0.0
0.0
0.0
0.0
0.0
0.0
0.0
0.0
0.0
0.0
0.0
0.0
0.0
0.0
0.0
0.0
0.0
0.0
0.0
0.0
0.0
0.0
0.0
0.0
0.0
0.0
0.0
0.0
0.0
0.0
0.0
-1.34321
0.0
0.0
0.0
0.0
0.0
0.0
0.0
0.0
0.0
0.0
0.0
0.0
0.0
0.0
0.0
0.0
0.0
0.0
0.0
0.0
0.0
0.0
0.0
0.0
0.0
0.0
0.0
0.0
0.0
0.0
0.0
0.0
0.0
0.0
0.0
0.0
0.0
0.0
0.0
0.0
0.0
0.0
0.0
0.0
0.0
0.0
0.0
0.0
0.0
0.0
0.0
0.0
0.0
0.0
0.0
0.0
0.0
0.0
0.0
0.0
0.36898
0.0
0.0
0.0
0.0
0.0
0.0
0.0
0.0
0.0
0.0
0.0
0.0
0.0
0.0
0.0
0.0
0.0
0.0
0.0
0.0
0.0
0.0
0.0
0.0
0.0
0.0
0.0
0.0
0.0
0.0
0.0
0.0
0.0
0.0
0.0
0.0
0.0
0.0
0.0
0.0
0.0
0.0
0.0
0.0
0.0
0.0
0.0
0.0
0.0
0.0
0.0
0.0
-0.307758
0.0
0.0
0.0
0.0
-0.86942
0.0
0.0
0.0
0.0
0.0
0.0
0.0
-0.19138
0.0
-1.82953
0.0
0.0
0.0
0.0
0.0
0.0
0.0
0.0
0.0
0.0
0.0
0.0
0.0
0.0
0.0
0.0
0.0
0.0
0.0
0.0
0.0
0.0
0.0
0.0
0.0
-1.08018
0.0
0.0
0.0
0.0
0.0
-0.937345
0.0
0.0
0.0
0.0
0.0
0.0
0.0
0.0
0.0
0.0
-0.208932
0.0
0.0
0.0
0.0
0.0
0.0
0.0
0.0
0.0
0.0
0.0
0.0
0.0
0.0
0.0
0.0
0.0
0.0
0.0
0.0
0.0
0.0
-1.03419
0.0
0.0
0.0
0.0
0.0
0.0
0.0
0.0
0.0
0.0
0.0
0.0
0.0
0.0
0.0
0.0
0.0
1.10788
0.0
0.0
0.0
0.0
0.0
0.0
0.0
0.0
0.0
0.0
0.0
0.0
0.0
-0.675591
0.0
0.0
0.0
0.0
0.0949303
0.0
0.0
0.0
0.0
0.0
0.0
0.0
-0.567568
0.0
0.0
0.0
0.0
0.0
0.0
0.0
0.0
0.0
0.0
0.0
0.0
0.0
0.0
0.0
0.0
0.0
0.0
0.0
0.0
0.0
0.0
0.0
1.42791
0.0
0.0
0.0
0.0
0.0
0.0
0.0
0.0
0.0
0.0
0.0
0.0
0.0
0.0
0.0
0.0
0.0
-0.349367
0.0
0.0
0.0
0.0
0.0
0.0
0.0
0.0
0.0
0.0
0.0
0.0
-0.387715
0.0
0.0
0.0
0.0
1.02109
0.0
0.0
0.0
0.0
0.0
0.0
0.0
0.0
0.0
0.0
0.0
0.0
0.0
0.0163725
0.186712
0.0880325
-0.0014687
-0.305244
-1.40006
-0.838693
0.123955
0.220659
-0.00571882
0.0840983
-0.0816703
-0.195609
-0.0367153
0.0704288
0.0233633
0.152337
-0.744812
-0.0383818
0.349002
-0.24382
0.0169292
-0.0734898
0.235548
0.0238522
0.125333
0.407163
-0.16099
0.355549
-0.785726
0.0734739
0.0205586
-0.110599
0.167768
0.0402361
0.197406
0.0
0.0
0.0
0.0
0.0
0.0
0.0
0.0
0.0
0.0
0.0
-0.0233058
0.0
0.0
0.0
0.0
0.0
0.0
0.0
0.0
0.0
0.0
0.0
0.0
0.0
0.0
0.0
0.0
0.0
0.0
0.0
0.0
0.0
0.0
-0.100671
0.0
0.0
0.0
0.0
0.0
0.0
0.0
0.0
0.0
0.0
0.0
0.0
0.0
0.0
0.0
0.0
0.0
0.0
0.0
0.0
0.0
0.0
-0.189313
0.0
0.0
0.0
0.0
0.0
0.0
0.0
0.0
0.0
0.0
0.0
0.0
0.0
0.0
0.0
0.0
0.0
0.0
0.0
0.0
0.0
0.0
0.0
0.0
0.0
0.0
0.0
0.0
0.0
0.0
0.0
-0.602455
0.0
0.0
0.0
0.0
-0.396353
0.0
0.0
0.0
0.0
0.0
0.0
0.0
0.0
0.0
0.0
0.0
0.0
0.580963
0.0
0.0
0.0
0.0
0.0
0.0
0.0
0.0
0.0
0.0
0.0
0.0
0.0
0.0
0.203332
0.0
0.0
0.0
0.0
0.0
0.0
0.0
0.0
0.0
0.0
0.0
0.0
0.0
0.0
0.0
0.0
0.0
0.0
0.0
0.0
0.0
0.0
0.0266333
0.0
0.0
0.0
0.0
0.0
0.0
0.0
0.0
0.0
0.0
0.0
0.804138
0.0
0.0
0.0
0.0
0.0
0.0
0.0
0.0
0.0
0.0
0.0
-0.907025
0.0
0.0
0.0
0.0
0.0
0.0
0.0
0.0
0.0
0.0
0.0
0.0
0.0
0.0
0.0
0.0
0.0
0.0
0.0
0.0
0.0
0.0
0.0
0.0
0.0
0.0
0.0
0.0
0.0
0.0
0.0
0.0
0.0
0.0
0.0
0.0
0.0
0.0
0.0
0.0
0.0
0.0
0.0
0.0
0.0
0.0
0.678371
0.0
0.0
0.0
0.0
0.0
-0.496164
0.0
0.0
0.0
0.0
0.0
0.0
0.0
0.0
0.0
0.0
0.0
0.0
0.0
0.0
0.0
0.0
0.0
-0.977876
0.0
0.0
0.0
0.0
0.0
0.0
0.0
0.0
0.0
0.0
0.0
0.0
0.0
0.0
0.0
0.0
0.521061
0.0
0.0
0.0
0.0
0.0
0.0
0.0
0.0
0.0
0.0
0.1853
0.0
0.0
0.0
0.0
0.0
0.0
0.0
0.0
0.0
0.0
0.0
0.0
0.0
0.0
0.0
0.0
0.0
0.0
-0.994438
0.182518
0.0
0.0
0.769227
0.0
0.0
0.0
0.0
0.0
0.0
0.0
0.0
0.0
0.0
0.0
0.0
0.0
0.0
0.0
0.0
0.0
0.0
0.0
0.0
0.0
0.0
0.0
0.0
0.0
0.0
0.0
0.0
0.0
0.0
0.0
0.0
0.0
0.0
0.0
0.0
0.0
0.0
-1.58078
0.163831
0.0
0.0
-0.907371
-0.369027
0.0
0.0
0.0
0.0
0.0
-1.82813
0.0
0.0
0.0
0.0
0.0
0.0
0.0
0.0530927
-0.911715
0.0
0.0
0.0
0.0
0.0
0.0
0.0
0.0
0.0
0.0
0.0
0.0
0.0
0.0
0.0
0.0
0.0
0.0
0.0
0.0
0.0
0.0
0.0
0.0
0.0
0.0
0.0
0.0
0.0
0.0
0.0
0.0
0.0
0.0
0.0
0.0
0.0
0.0
-0.811485
0.0
0.0
0.0
0.0
0.0
0.0
0.0457657
-0.113694
0.00262847
0.0717438
0.308626
0.542841
0.278263
0.0343262
-0.344673
0.109073
-0.0741575
-0.169896
0.257073
0.101655
-0.417719
0.0382248
-0.00469836
0.202158
-0.110771
-0.446295
0.037094
-0.0186879
-0.329019
0.231832
0.144538
0.150456
0.0915944
0.209649
0.382482
-0.195745
-0.0392508
0.00768747
0.0762389
0.0832227
0.017186
0.0718466
0.0
0.0
0.0
0.0
0.0
0.0
0.0
-0.267196
0.0
0.0
0.0
0.0
-0.513944
0.0
0.0
0.0
0.0
0.0
0.0
0.0
0.0
0.0
0.0
0.0
0.0
0.0
0.0
0.0
0.0
0.0
0.0
0.0
0.0
-0.0677763
0.0
0.0
0.0
0.0
0.0
0.0
0.0
0.0
0.0
0.0
0.0
0.0
0.0
0.0
0.0
0.0
0.0
0.0
0.0
0.0
0.0
0.0
0.0
0.0
0.0
0.0
0.928715
0.0
0.0
0.0
0.0
0.0
0.0
0.0
0.0
0.0
0.0
0.0
0.0
0.0
0.0
0.0
0.0
0.0
0.0
0.0
0.0
0.0
0.0
0.0
0.0
0.0
0.0
0.0
0.0
0.0
0.0
0.0
0.0
0.0
0.0
0.0
-1.58664
0.0
0.0
0.0
0.0
0.0
0.0
0.0
0.0
0.0
0.0
0.0
0.0
0.0
0.0
0.0
0.0
0.0
0.0
0.0
0.0
0.0
-1.58241
0.0
0.0
0.0
0.0
0.0
0.0
0.0
0.0
0.0
0.0
0.0
0.0
0.0
0.0
0.0
0.0
0.0
0.0
0.0
0.0
0.0
0.0
0.0
0.0
0.0
0.0
0.0
0.0
0.0
0.0
0.0
0.0
0.0
0.0
0.0
0.0
0.0
0.0
0.0
0.0
0.0
0.0
0.0
0.0
0.0
0.0
0.0
0.0
0.0
0.0
0.0
0.0
0.0
0.0
0.0
0.378363
0.0
0.915355
0.0
0.0
0.0
0.0
0.0
0.0
0.0
0.0
0.0
0.0
0.0
0.0
0.0
0.0
0.935549
0.0
0.0
0.0
0.0
0.0
0.0
0.0
0.0
0.0
0.0
0.0
0.0
0.0
0.0
0.0
0.0
0.0
0.804543
0.214853
0.0
0.0
0.0
0.0
0.0
0.0
0.0
0.0
0.0
0.0
0.0
0.0
0.0
0.0
0.0
0.0
0.0
0.0
0.0
0.0
0.0
0.0
0.0
0.0
0.0
0.0
0.0
0.0
0.0
0.0
0.0
0.0
0.0
0.0
-0.19944
1.03031
0.0
0.0
0.0
0.0
0.0
0.0
0.0
0.0
0.0
-0.220901
0.0
0.0
0.0
0.0
0.0
0.0
0.0
0.0
0.0
0.0
0.0
0.0
-0.877436
0.0
0.0
0.0
0.0
0.0
0.0
-0.41021
0.0
1.0676
0.0
0.0
0.0
0.0
0.0
0.0
0.0
0.0
0.0
0.0
0.0
0.0
0.0
0.0
0.0
0.0
0.0
0.0
0.0
0.0
0.0
0.0
0.0
0.0
0.0
0.0
0.0
0.0
0.0
0.0
0.0
0.0
0.0
0.0
0.0
0.0
0.0
0.0
0.0
0.0
0.0
0.0
0.0
0.0
0.0
0.0
0.0
0.0
0.0
0.0
0.0
0.0
0.997965
0.0
0.0
0.0
0.0
0.0
0.0
0.0
0.0
0.0
0.0
0.0
0.0
0.0
0.0
0.0
0.0
0.0
0.0
0.0
0.0
0.0
0.0
0.0
0.0
0.0
0.0
0.0
0.0
0.0
0.0
0.0
0.0
0.0
0.0
0.0
0.0
0.0
0.0
0.0
0.0
0.0
0.0
0.0
0.0
0.0
0.0
0.602944
0.0
0.0
0.0
0.0
0.0
0.0
0.0
0.0
0.0
0.0
-0.33195
0.0
0.0
0.0
0.0
0.0
0.0
0.0
0.0
0.0
0.0
0.0
0.0
0.0
0.0
-0.947826
0.0
0.0
0.0
0.0
0.0
1.32933
0.0
0.0
0.0
0.0
0.0
0.0
0.0
0.0
0.0
0.0
0.0
0.186582
0.0
0.0
0.0
0.0
0.0
-0.186547
-0.424148
0.0
0.0
0.0
0.0
0.0
-1.30376
0.0
0.0
0.0
0.0
0.0
0.0
0.0
0.0
0.0
0.0
1.58355
0.0
0.0
0.0
0.0
0.0
0.0
0.0
0.0
0.0
0.0
0.0
0.0
0.0
0.0
0.0
0.0
0.0
0.0
0.0
0.0
0.0
0.0
0.0
0.0
0.0
0.0
0.0
0.0
0.0
0.0
0.0
0.0
0.0
0.0
0.0
2.08816
0.0
0.0
0.0
-1.64983
0.0
1.41539
0.0
0.0
0.0
0.0407491
0.0
0.0
0.0
0.0
0.0
0.0
0.0
0.0
0.0
0.0
0.0
0.0
0.0
0.108477
0.0
0.0
0.0
0.0
0.0
0.0
0.0
0.0
0.0
0.0
0.0
0.0
0.112237
0.0
0.0
0.0
0.0
0.0
0.0
0.0
0.0
0.0
0.0
0.0
0.723501
0.0
0.0
0.0
0.0
0.0
0.0
0.0
0.0
0.0
0.0
-1.78266
0.0
1.25224
0.0
0.0
0.0
0.0
0.0
0.0
0.0
0.0
0.889085
0.0
0.0
0.0
0.0
0.0
0.0
0.0
0.0
0.0
0.0
0.0
0.0
0.0
0.0
0.0
0.0
0.0
0.0
0.0
-1.6294
0.0
0.0
0.0
0.0
0.0
0.0
0.0
0.0
0.0
0.0
0.0
0.0
0.0
0.0
0.0
0.0
0.0
0.0
0.0
0.0
0.0
0.0
0.0
0.0
0.0
0.0
0.0
0.0
0.0
0.0
0.0
0.0
0.0
0.0
0.0
0.0
0.0
0.0
0.0
0.0
0.0
-0.441141
0.0
0.0
0.0
0.0
0.0
0.0
0.0
0.0
0.0
0.0
-1.58272
0.0
0.0
0.0
0.0
0.0
0.0
0.0
0.0
0.0
0.0
0.0
0.408356
0.0
0.0
0.0
0.0
0.0
0.0
0.0
0.0
0.0
0.0
0.0
0.0
0.0
0.0
0.0
0.0
0.0
0.0
0.0
0.0
0.0
0.0
0.0
0.131937
0.0
0.0
0.0
-0.831182
0.0
0.0
0.0
0.0
0.0
0.0
0.0
0.0
0.0
0.0
0.0
0.0
0.0
0.0
0.0
0.0
0.0
0.000223321
0.0954049
0.0697667
-0.114591
-0.157339
-0.979824
-0.86343
0.0201775
0.280436
0.325897
0.107228
-0.175755
0.200081
-0.256019
-0.219205
0.0184785
-0.0776629
-0.658835
0.172206
0.308917
-0.383872
0.0435007
0.104479
0.262681
-0.157794
0.101962
0.170391
-0.304133
-0.373154
0.117203
0.137445
0.0120931
-0.0761943
0.194423
0.0272692
-0.173775
0.0
0.0
0.0
-0.286474
-0.168072
0.0
0.0
0.0
0.0
0.0
0.0
0.775771
0.0
0.0
0.0
0.0
0.0
0.0
0.0
0.0
0.0
0.0
0.0
0.35007
-0.98508
0.0
-0.286249
0.0
0.0
0.0
0.0
0.0
0.0
0.0
0.0
0.0
0.0
0.0
0.0
0.0
0.0
0.0
0.0
0.0
0.0
0.0
0.0
0.0
0.0
0.0
0.0
-0.485013
0.0
0.0
0.0
0.0
0.0
0.0
1.62265
0.0
0.0
0.0
0.0
0.0
0.0
0.0
0.0
0.0
0.0
0.0
0.0
0.110714
0.0
0.0
0.0
-0.656667
0.0
0.0
0.0
0.0
0.0
0.0
0.0
0.0
0.0
0.0
0.0
0.0
0.0
0.0
0.0
0.0
0.0
0.0
0.0
0.0
0.0
0.0
0.0
0.0
0.0
0.407631
0.0
0.0
0.0
0.0
0.0
0.0
0.0
0.0
0.0
0.0
0.0
0.0
-1.00163
0.0
0.0
0.0
0.0
0.0
0.0
0.0
0.0
0.0
0.0
0.0
0.0
0.0
0.0
0.0
0.0
0.0
0.0
0.0
-0.348439
0.0
0.0
0.0
0.0
0.0
0.0
0.0
0.0
0.0
0.0
-1.63767
-0.187755
0.0
0.0
0.0
0.0
0.0
0.0
0.0
0.0
0.0
0.0
0.0
-1.30299
0.0
0.0
0.0
0.0
0.0
0.0
0.0
0.0
0.0
0.0
0.0
0.0
0.0
0.0
0.0
0.0
0.0
0.0
0.0
0.0
0.0
0.0
0.0
0.0
-0.424138
0.0
0.0
0.0
0.0
0.0
0.0
0.0
0.0
0.0
0.0
0.0
0.0
2.53348
0.0
0.0
0.0
0.0
0.0
0.0
0.0
0.0
0.0
0.0
0.0
0.0
0.0
0.0
0.0
0.0
0.0
0.0
0.33078
-1.13403
0.0
0.0
0.0
0.0
0.100866
0.0
0.0
0.0
0.0
0.0
0.0
0.0
0.0
0.0
0.0
0.0
0.0
0.0
0.0
0.0
0.0
0.0
0.0
0.0
0.0
0.0
0.0
0.894103
0.0
0.0
0.0
0.0
0.0
0.0
0.0
-0.0273065
-0.238217
-0.0686297
0.00302135
0.0607924
0.494716
0.14468
-0.211038
-0.0754768
0.305681
-0.1426
-0.199096
0.303814
-0.129965
-0.226682
0.0953939
-0.0533301
0.113191
-0.229832
0.0841132
0.163104
-0.0772365
-0.195372
0.0170378
0.216491
-0.228026
0.0894334
0.20387
-0.273511
-0.273804
-0.0914671
-0.0989151
0.242014
0.254125
0.0972178
0.180074
0.0
-0.190289
0.0
0.0
0.0
0.0
0.0
0.0
0.0
0.0
0.0
0.0
0.0
0.0
0.0
0.0
0.0
0.0
0.0
0.0
0.0
0.0
0.0
0.0
0.0
0.0
0.0
0.0
0.0
0.0
0.0
0.0
0.0
0.0
0.0
0.0
0.0
0.0
0.0
0.0
0.0
0.0
0.0
0.0
0.0
0.0
0.359845
0.0
0.0
0.0
0.0
0.0
0.0
0.0
0.0
0.0
0.0
0.0
0.0
0.0
0.0
0.0
0.144901
0.0
0.0
0.0
0.0
0.0
0.0
0.0
0.0
0.0
0.0
0.0
0.0
0.0
0.0
0.0
0.0
0.0
0.80953
0.0
0.0
0.0
0.0
0.0
0.0
0.0
0.0
0.0
0.0
0.0
0.0
0.0
0.0
0.0
0.0
0.0
0.0
0.0
0.0
0.0
0.0
0.0
0.0
0.0
0.0
0.0
0.0
0.0
0.0
0.0
0.0
0.0
0.0
1.1888
0.0
0.00575826
0.0
0.0
0.0
0.0
0.0
0.0
0.0
0.0
0.0
0.0
0.0
0.0
0.0
0.0
0.0
0.0
0.0
0.0
0.0
0.0
0.0
0.0
0.0
0.0
0.0
0.0
0.0
0.0
0.0
0.0
0.0
0.0
0.0
0.0
0.0
0.0
0.0
-0.471015
0.0
0.0
0.0
0.0
0.0
0.0
0.0
0.0
0.0
0.0
0.0
0.0
0.0
0.0
0.0
0.0
0.0
0.0
0.0
0.0
0.0
-0.122698
0.0
1.53953
0.0
0.0
0.0
0.0
0.0
0.0
0.0
0.0
0.0
0.0
0.0
0.0
0.0
0.0
0.0
0.0
0.0
-0.742238
0.0
0.0
-0.336355
0.0
0.0
0.0
0.0
0.0
0.0
0.0
0.0
0.0
0.0
0.0
0.0
0.0
0.0
0.0
0.0
0.0
0.0
0.0
0.0
0.0
0.0
0.0
0.322982
0.0
0.0
0.0
0.0
0.0
0.0
0.0
0.0
0.0
0.0
0.0
0.0
0.0
0.0
0.0
0.0
0.0
0.0
0.0
0.0
0.0
0.0
0.0
0.0
0.0
0.0
0.0
0.0
1.7222
0.0
-0.480272
-1.05126
0.0
-0.68505
0.0
0.0
-0.489609
0.0
0.0
0.0
0.0
0.0
0.0
0.0
0.0
0.0
-0.638663
0.0
0.0
0.0
0.0
0.0
0.0
0.0
0.0
-0.514647
0.0
0.0
0.510509
0.0
0.0
0.0
0.0
-0.0161434
-0.161012
-0.0896362
-0.0643724
-0.368486
0.254946
-0.265775
-0.0705733
0.101784
0.186072
0.0127132
0.135465
0.0513774
-0.0270477
-0.22418
-0.98272
0.0679465
-0.20802
-0.147218
-0.0410534
-0.327133
-0.0143109
0.194486
0.167203
-0.0646888
-0.236172
-0.0696207
0.101594
-0.0737837
0.0548771
0.148471
0.012828
-0.0502115
0.157103
0.0249378
0.136017
0.0
0.0
0.0
0.0
0.0
0.0
0.0
0.0
-1.14116
0.0
0.0
0.0
0.0
0.848346
0.0
0.0
0.0
0.0
0.0
0.0
0.0
0.0
0.0
0.0
0.0
0.0
0.0
0.0
0.0
0.0
0.0
0.0
0.0
0.0
0.0
0.0
-0.0618622
0.0837123
-0.0368995
0.0480281
0.496583
0.12146
-0.854396
0.162755
-0.101503
0.303556
-0.253591
-0.204951
-0.195041
0.0489055
-0.357275
0.0216183
-0.21556
-0.0601182
0.646316
0.176023
0.082905
-0.241676
0.02921
-0.00468642
0.191228
-0.245057
0.245186
0.269827
-0.304915
0.138516
-0.397753
-0.153152
0.230012
-0.139446
-0.0125899
0.59125
0.0
0.0
0.0
0.0
0.0
0.0
0.0
0.0
0.0
0.0
0.0
0.0
0.0
0.0
0.0
0.0
-0.39887
-2.34
0.0
0.0
0.0
0.0
0.0
-1.61645
0.0
0.0
0.0
0.0
0.0
0.0
0.0
0.0
0.0
0.264097
0.0
0.0
-0.0586001
-0.0299039
-0.0701229
0.0153905
0.113301
0.402199
0.115446
-0.0642012
-0.107066
0.185868
-0.143787
-0.246483
0.0692938
-0.0073976
-0.33078
0.0926667
-0.0735704
0.000177455
-0.14777
0.261272
0.196026
-0.266034
0.0846061
0.0239688
0.00831674
-0.300429
0.115531
0.239077
-0.257183
-0.0924043
-0.120484
-0.092611
0.128597
0.299795
0.0102111
0.155398
0.0
0.0
0.0
0.0
0.0
0.0
0.0
0.0
0.0
0.0
0.0
0.0
0.0
0.0
0.0
0.0
0.0
0.0
0.0
0.0
0.0
0.0
0.0
0.0
0.0
0.0
0.0
0.0
0.0
0.0
0.0
0.0
0.0
0.0
0.0
0.0
0.0
0.0
0.920406
0.0
0.0
0.0
0.0
0.0
0.0
0.0
0.0
0.0
0.0
0.0
0.0
0.696248
0.0
0.0
0.0
0.0
0.0
0.0
0.0
0.0
0.0
0.0
0.0
0.250718
0.0
0.0
0.0
0.0
0.0
0.0
0.0
0.0
0.681831
0.0
0.0
0.0
0.0
0.0
0.0
0.0
0.0
0.0
0.0
-1.60495
0.0
0.0
0.0
0.0
0.0
0.0
0.0
0.0
0.0
0.0
0.0
0.0
0.0
0.0
0.0
0.0
0.0
0.0
0.0
0.0
0.0
0.0
0.0
0.0
0.0
2.16563
0.0
0.0
0.0
0.0
0.0
0.0
0.579197
0.0
0.0
0.0
0.0
0.0
0.0
0.0
0.0
0.0
0.0
0.0
0.0
0.0
0.0
0.0
0.0
0.0
0.0
-0.964923
0.0
0.0
0.0
0.0
0.0
-1.3806
0.0
0.0
0.0
0.0
0.0
0.0
0.0
0.0
0.0
0.0
0.0
0.0
0.0
0.0
0.0
0.0
0.0
0.0
0.0
0.0
0.0
0.0
-0.550271
0.0
0.0
0.0
0.0
0.0
0.0
0.0
0.0
0.0
0.0
0.0
0.0
0.0
0.0
0.0
-0.0217563
-0.402206
0.380861
-0.119687
0.108399
0.918584
0.43654
0.301095
1.26195
0.720529
-0.0235976
-0.173186
0.314424
-0.181496
-1.50558
0.138428
-0.148218
-0.0565198
0.123451
0.341213
-3.68991
-0.0855382
-0.989595
2.6994
0.340388
0.0824461
0.291907
-0.0247298
-0.0499636
1.19415
-0.188685
-0.0460646
0.0224232
0.0141407
0.557642
-0.18577
0.00255865
0.449269
-0.302013
0.00311666
-0.0156693
-0.510045
-0.380218
-0.244738
-1.34092
-0.657074
-0.0704456
0.231526
-0.24692
0.0491565
1.88795
0.0130304
0.00640957
0.0999969
0.0647132
-0.116999
2.32882
0.229314
0.981401
-2.85129
-0.595734
-0.0212883
-0.0306008
0.0950018
-0.0387818
-1.26707
-0.0635596
0.0762824
-0.0149727
0.13976
-0.656795
0.231277
0.0194476
0.38576
-1.22056
-0.00441929
0.00570441
0.639436
-0.664252
0.0294761
0.400894
0.26601
-0.00544004
-0.583181
0.854059
-1.82472
-0.569475
0.00252311
0.00646233
-0.813742
0.00516838
0.499124
-0.249713
-0.00963074
-0.0673357
0.42504
-0.819029
0.113888
-2.00062
0.503798
0.823247
-0.0429445
0.00968175
-0.00717828
-0.000242186
0.647478
0.0633598
-0.295939
-0.103488
-0.942377
0.386932
0.0143163
0.00331963
-0.608235
1.6679
0.057818
-0.527463
0.12982
0.0812538
-0.255643
-0.813549
2.26815
-0.97918
-0.0180341
0.0353065
0.715631
-0.0100618
-0.363233
-0.0634075
-0.0679033
-0.150637
0.27286
0.61084
-0.239916
2.6163
-1.47011
0.0638582
0.193477
0.135591
0.00351586
0.00314878
-0.071668
1.67885
0.311354
-0.0191627
0.0465669
-0.139372
-0.116542
0.0927094
-0.0194837
0.0563664
0.0561781
-0.0790436
0.0634804
-0.0940417
0.0585675
0.0673236
-0.132588
0.382633
0.15146
-0.141791
0.0436211
0.188126
1.37775
0.133747
0.14375
-0.00842916
-0.15198
-0.256595
0.0611341
0.261115
0.0702667
-0.0888345
-0.0731953
-0.252238
0.0302047
0.00744537
0.153927
-0.0991749
0.0454385
-0.0227125
-0.0977535
-0.0385836
0.0327154
0.0214991
0.377152
-0.099489
-0.044614
0.120666
-0.0547345
-0.0113441
-0.101089
-0.00638314
-0.407316
-0.020184
-0.00956026
0.0364335
-0.151846
-0.016473
0.141852
0.0938259
0.0805314
-0.0633006
-0.0316237
0.0114409
0.222383
0.204832
0.151924
-0.00570341
-0.0102924
-0.0972204
0.0591413
0.0116046
0.118289
-0.0661659
-0.024502
1.28786
1.62991
1.24417
0.0114345
-0.0136473
-0.333357
0.548421
-0.189884
-0.639822
0.532364
-0.164818
-0.695327
-0.204526
-0.215418
0.386893
-0.0256269
0.0671939
1.41745
-0.0525024
-0.153216
-0.219491
-0.100876
-0.208157
1.00819
1.19962
-2.14386
-2.43062
-0.852067
-0.00171892
-0.673229
0.0520027
0.0593021
0.0128013
-1.01966
0.840334
0.572912
1.78296
1.48549
-0.0620942
0.030752
-1.63895
0.16824
0.273859
-0.0439586
-0.0311206
0.21809
-0.0118186
-0.354483
1.86073
-0.0545299
-1.26934
-0.0121908
0.0456384
0.0875764
-0.0204086
0.0846677
0.125612
-0.00184292
-0.115413
0.162204
0.396201
1.91699
-0.724627
0.0427434
-0.00219712
0.119176
-0.0795625
0.0401912
0.0185618
0.157211
-0.0602634
-0.130403
1.6749
-1.43746
-2.04811
0.0338677
2.50616
0.0109564
-0.103496
-0.0306933
0.125564
-0.123251
-0.01545
-0.124839
-1.21354
2.26719
-2.77853
1.60559
1.6796
-0.118642
-0.0201835
0.163037
0.0415666
0.0729392
0.00313793
-0.0861836
1.02258
0.192059
-0.508704
0.976549
0.575351
0.0445772
-0.103102
0.0397799
0.00986128
0.0980674
-0.0320335
0.0223195
-0.0475607
1.13292
1.95933
2.47852
2.66572
-2.40898
-0.0407447
-0.83621
0.0357583
-0.12352
-0.0142961
-0.0974926
-0.0399522
-0.129712
2.75625
2.18054
0.0403428
-2.0385
-0.00214321
0.118903
0.0300702
0.0718346
0.0434979
-0.087616
1.66624
0.243668
2.11122
0.055151
-0.300723
0.0523678
-0.0969955
0.0406261
-0.0144166
0.100743
-0.027667
0.0285079
0.0318951
0.68842
2.64202
2.14452
1.66004
1.31297
0.798818
2.41264
-0.100202
-0.0321774
0.00560776
-0.412227
0.876507
-3.70904
-0.10725
2.64609
-1.79659
-0.328826
0.00358035
-0.433569
0.622977
-0.035306
-0.950022
-0.192008
-0.442177
-1.06086
0.523209
2.31891
0.0283516
-2.59889
1.58254
0.0464403
-2.49173
1.30499
-0.617429
-0.91995
0.00143812
0.151806
0.0690258
2.48815
-0.495121
1.39853
0.625652
-1.73063
0.0477966
0.0111426
-0.0890968
0.326401
0.0130515
-0.419848
0.0236887
0.00656411
0.0478847
2.19664
-2.84078
1.99108
-0.0937191
0.103662
-0.309495
-0.153416
-0.178626
-0.421464
0.15342
-0.943397
0.0156728
-0.21401
0.0601896
-0.025028
0.000775014
-0.268944
0.4397
0.18975
-0.00171088
0.153864
0.0742149
0.00750004
0.409319
-0.248123
1.87582
1.97416
-0.0495654
0.108117
0.00917469
-0.117635
0.215653
-0.00634417
-0.143694
0.00286487
-0.243817
-1.94282
-0.475776
1.15032
0.0609372
-0.0563452
-0.0839294
0.023628
-0.0605552
-0.0355693
-0.10508
-0.0633324
-0.971264
-0.295355
1.81402
-0.658549
0.0255493
0.135569
3.23658e-05
0.00452647
-0.0540466
-0.788598
-0.205154
0.0275604
0.0216123
0.488889
-2.37138
-2.45386
-2.52842
-1.69767
-0.00777083
0.230467
0.607995
-0.191206
0.0283369
-0.0090138
0.0314721
0.243833
-2.57587
2.63884
-1.95572
-0.0262607
-0.824753
-0.498383
-0.242333
0.350369
-0.331746
0.934546
0.0140957
-0.13105
-0.0930162
0.0514585
0.0191707
-2.63408
-0.68111
-0.187858
-0.0106115
0.183335
-0.0080975
0.0101628
0.032008
-0.444444
-0.936491
2.45058
0.532801
2.49574
-0.00705753
-0.298801
0.462426
0.0661652
0.107522
0.0132771
1.1316
-0.248018
0.445155
-1.50314
2.31413
-0.769614
-0.10248
2.84685
-0.386855
-0.115336
0.302786
-0.3956
0.0144616
0.410266
-0.0338421
-1.3869
1.6527
1.75103
0.139126
-0.0771016
-0.0424695
-0.0481063
-0.0622671
0.0322849
0.0274996
0.208912
1.24783
0.687949
2.18656
-2.57032
1.68355
-0.0714341
-0.0996058
-0.106554
0.176727
-0.00355005
0.0329303
-0.0585672
-0.0219539
0.14476
-0.678418
-1.59563
-1.78936
2.24628
0.0398688
0.162037
-0.0241992
0.02747
-0.00514394
-0.0386299
-0.10414
0.0561021
0.0119712
0.0699682
-0.0537211
0.0468955
-0.00156448
-0.388746
-0.129153
0.0161041
-0.00505034
0.181617
0.27266
-0.0253673
-1.08566
2.01075
-2.5937
-0.33442
0.620616
-0.0624819
0.0973946
-0.00161798
0.0183702
-0.396871
0.0383458
0.110324
-0.279411
1.98044
1.52322
-2.62748
-0.448915
0.291058
1.5201
-0.0246711
0.00280149
0.298274
-0.0424918
-0.0545552
2.34471
0.252949
-2.84158
2.51108
-0.00813468
-1.2587
0.15151
0.0179936
0.0625999
1.21929
-0.403302
0.0559785
0.64971
-2.46949
3.07671
-0.84171
1.44421
0.148124
-0.529733
0.0417776
-0.00252279
0.2532
-0.00763664
0.0155559
0.966737
-0.188503
-3.09054
0.788798
-0.253471
0.129992
-1.16913
-0.665712
0.0112975
-0.899942
-0.0723899
0.417785
0.0473607
-0.549779
-2.52457
-0.528998
-2.69003
0.863485
-0.42936
0.0144621
0.0359934
-1.0711
-0.223643
0.0747556
-0.186738
0.0905295
0.0241539
0.0719185
2.32636
-0.282224
2.36749
0.0243726
-0.191921
0.0211571
-0.00621637
0.0979908
-0.14437
-0.0522651
0.398872
-0.102973
3.42542
-2.16607
-1.89252
-0.905728
0.00946361
0.372402
-0.0682177
0.032758
0.0312512
-0.0591242
-0.164521
0.253522
-2.14288
2.35564
0.157049
0.0119296
-0.00358256
-0.700189
0.381728
0.0249829
-0.535657
0.215467
-0.0406985
-0.737538
-2.43006
-1.77844
-0.973375
-0.0387519
0.0431963
0.84574
0.0300819
-0.018944
-0.288453
0.128599
0.978618
0.304379
-1.7738
-1.21967
-1.29698
1.26362
-0.0154282
0.830979
0.00740898
-0.250813
-0.0013991
-0.0617515
0.905941
0.576683
-0.0445515
-1.79475
-0.029396
2.17409
0.0540105
-0.266272
-0.124077
-0.00841602
0.109043
-0.091518
-0.0145997
-0.0758141
-0.0861082
-0.145457
0.586606
-2.76413
0.972371
-0.193809
-0.00222959
0.179554
0.0252677
0.0654672
0.0342973
-0.0702625
0.0128516
-1.98123
-0.277359
0.266648
-0.00670108
0.115566
-0.117533
2.05101
0.0192918
0.159699
-0.0355343
0.0616599
-0.0503247
0.0637196
-0.940313
0.0339175
-1.32679
0.215071
-0.11074
-0.0280556
0.126639
-0.132331
-0.0154616
-0.121667
-0.0319948
0.0546793
-1.85198
1.8711
0.0353664
-0.146857
-0.750688
0.17287
0.043384
0.0741694
0.0278674
-0.0908252
0.0843961
2.83859
-0.946316
1.43385
2.14925
0.0963416
-0.0972572
0.037715
0.0119217
0.0759698
-0.0363606
0.0406713
-0.0139812
0.0813298
1.12946
0.120882
-1.32666
2.09913
2.03782
-0.0727947
-0.354286
0.293052
-0.0393688
-0.202833
-0.428688
-0.0496801
-0.690781
1.58106
-1.95291
-1.20171
-2.37054
-0.934451
-0.0450084
-0.0428857
0.0740663
0.484726
0.501678
-2.95575
-1.72911
-1.47686
-1.49338
0.0854251
0.165954
0.0169644
0.0338667
-0.0271392
0.161262
0.136503
-0.00397477
-0.0623515
0.0043569
0.00644284
-2.47264
-1.00309
2.42681
-0.0113846
-0.0206609
0.149583
0.00432201
-0.0225472
0.135554
-0.315342
-0.0869389
-0.15309
1.55554
0.92563
-0.615993
-0.0767949
0.0300162
-0.0121778
-0.0243255
-0.0035992
-0.0472409
-0.209364
1.97736
-1.86941
0.00891057
0.0154473
2.5347
0.874054
1.6165
2.5319
0.00704668
0.0317155
-0.0413356
-0.322159
-0.0989486
0.0349571
0.0462282
-1.83058
-2.33157
-2.5321
0.202605
-0.077664
-0.0163684
0.0528092
0.0881336
-0.235934
0.0571781
0.00329068
0.0352411
-1.34857
-2.86877
0.342249
1.23476
0.0786853
-0.0473313
-0.180807
-0.141118
0.134928
0.246066
-0.667938
1.00883
0.424568
-1.60151
-2.53626
-2.63989
0.0574564
-0.0691743
0.0606483
0.0274987
-0.0539042
0.254493
0.00639162
-0.00887608
0.25325
1.24506
0.0307979
0.184822
-0.369802
0.0657862
0.0560976
1.04677
-0.325513
0.0559115
0.0156325
-1.30037
-0.857844
-2.55996
2.45904
2.85204
1.25635
1.26915
-0.365403
-0.177955
0.302758
-0.428884
0.0675888
-0.0216082
-1.9298
0.287539
-0.749297
0.510795
-0.0937167
-1.23011
-1.72864
-0.0422004
0.191007
0.0675583
0.0327568
0.0238214
-0.0114635
-0.146645
-1.53039
1.4798
0.527954
-0.0461998
0.127353
-0.301643
-0.0264851
-0.00709516
-0.0125919
0.0374495
-0.0491975
1.77139
1.15959
1.94626
-1.02815
-1.40739
-0.235619
0.011851
0.057419
-0.211916
-0.0929826
-0.00835426
-0.247166
-0.0706959
0.0812962
0.0122314
0.00707201
1.42804
0.0399609
-0.0392667
0.862565
-0.0223491
0.0134005
0.00759315
-0.258893
0.82806
0.384586
-0.906309
2.9785
2.40371
0.298599
-1.37378
-0.0435051
1.71356
-0.0501828
0.0201608
0.6151
1.13843
-0.855108
0.248923
0.5652
0.640611
-0.939067
-0.0318571
-0.0457833
0.535748
0.605908
-0.0140364
1.06742
0.0137432
-1.72214
-0.480881
2.06893
-0.235376
0.281847
-0.0709719
0.184108
-0.185198
0.0345799
0.0457044
0.306593
0.127138
1.51947
-0.735832
-1.06965
2.61539
0.475362
-1.16403
-0.0144514
-0.33599
0.0101811
0.0661508
0.482543
-0.0824311
0.0708055
-2.14487
2.70603
1.7777
-0.386924
0.903646
-1.02656
-0.572126
-0.300504
0.0136917
-0.417274
-0.0729059
2.9461
0.0394237
-0.0771387
2.32105
-2.14545
-0.0880396
1.1878
0.10752
0.0137842
0.0248108
0.386509
0.387996
-0.179202
-0.683812
-1.54198
0.35402
-1.66534
-2.36373
-0.515444
0.690374
-0.0280569
0.0689449
1.29054
-0.0865973
-0.112365
-0.530302
-0.20647
1.16992
3.63637
1.27642
-1.19178
-0.947031
-0.0737248
-0.00248944
-0.299752
-0.0277256
0.0403963
0.0243838
-0.0102646
1.73883
3.67044
-0.0514644
0.327863
-0.488268
0.0369088
-0.0113284
-0.740827
-0.593198
-0.220286
0.342349
-0.288152
-0.0123732
0.987254
0.146735
-1.67958
0.142033
-1.90459
0.026205
-0.972218
0.0190931
0.203246
0.458324
0.128154
0.220735
-1.20837
-2.62369
2.13062
0.590371
-0.178704
-0.0111871
0.132336
-0.051495
0.0244658
0.00927598
-0.261329
-0.365184
-0.199651
0.968121
-4.37263
-0.190718
0.0302747
0.0273937
0.0189342
-0.524915
0.0997808
1.10187
-0.708603
0.110185
0.545073
4.62871
2.04902
-1.98398
1.20373
0.373979
-1.58432
0.00291699
0.338202
0.352625
0.000349687
-0.327347
-0.988137
-3.6418
0.524045
2.70881
-0.746973
0.0236892
2.55706
-0.0901938
-0.0454547
0.015235
0.667175
-1.09312
-0.650885
0.753665
0.215347
0.0295153
0.0248743
1.31601
0.00571966
-0.0660141
-0.0396178
0.23828
-0.146939
-0.00390401
-0.197974
-1.98454
-3.35454
-0.0427223
-0.0240782
0.0691083
-0.514236
0.0240204
0.152945
0.179318
0.151079
-0.33115
-0.113807
-0.333679
2.21277
-0.415252
-1.58522
-0.0945943
0.187152
-0.0729609
0.0196933
-0.002567
0.112052
-0.0116717
-0.257991
-0.0639196
0.211266
1.53912
1.57252
-0.32471
1.9651
-0.137132
-0.0286997
0.122067
-0.243489
-0.0147958
-0.135862
-1.53578
0.0890564
1.69977
2.73446
1.31184
-0.111485
-0.0229325
0.182293
0.0229489
0.0650453
0.08805
-0.0842081
0.16501
0.146884
0.20822
1.01761
2.16913
0.144448
-2.84208
0.0363217
0.00902789
0.0985645
-0.024431
0.0890354
-0.0760568
-0.483104
1.54967
-0.685027
1.76234
0.456484
0.393156
0.123116
-0.122213
0.197896
-0.0581586
0.354717
-0.447506
1.19755
0.582247
0.00404741
0.750886
0.149274
-0.0496944
0.0520985
-0.154988
-0.193476
-0.286098
-0.053834
0.417903
-0.704731
0.109605
-2.59534
2.84797
-0.0789697
-1.39836
0.852835
0.037342
0.0215015
-0.465553
0.0563488
-0.0104619
-0.0433652
0.0038013
0.00619776
-0.776694
-0.0527418
-0.00341859
0.018509
0.0431551
0.0451205
0.00703179
0.0682707
0.13218
-0.164453
-0.0850514
-0.906465
-2.07605
2.73507
-1.17593
0.0276278
-1.34351
-0.0318844
-0.0243005
0.00347797
-0.20353
-0.0542324
0.201605
0.974794
1.86289
0.774943
-0.024512
1.31916
0.0186392
-2.28718
-0.011668
0.0649437
-0.0410143
0.0109751
-0.0119364
0.033065
2.53533
0.0951248
-0.132241
-0.0125893
0.103034
-0.0908063
-0.0221501
-0.0135987
-0.170842
-0.0854486
0.0915217
-0.0176239
2.77916
0.872346
-0.750836
-0.920996
0.0392165
2.90701
0.0664103
-0.164052
-0.0586957
0.180082
0.105022
-0.00369319
0.452019
-0.936883
1.28141
1.73191
-0.978743
0.0879449
-0.0344459
0.0845995
-0.00146879
-0.109889
0.0133215
0.00499809
0.013704
0.204984
-2.62052
-0.0236109
0.0343618
0.100023
0.00468574
-0.00442754
0.148982
-0.10669
-0.0742804
-2.38295
-0.514584
0.00591291
1.8149
-0.732133
1.2575
-0.0123802
-0.0405588
-0.00315899
-0.0644374
-0.0983461
0.0155331
-0.0771397
2.9013
-0.0627417
-2.60655
1.09754
1.82895
0.175274
0.00436431
0.0166621
0.00107949
0.0577917
0.137798
0.00613772
0.0130383
0.67993
0.286776
-1.43496
1.75833
0.00466595
-0.00735449
-0.398683
0.522266
0.0335875
-0.0179754
-1.79188
0.0373929
-2.59669
1.49286
0.0082961
-0.0839791
-2.52409
-0.599141
0.103422
0.162701
0.341512
0.332722
0.0489182
0.00921497
0.457248
-0.0344591
0.404192
-2.11717
2.94696
2.9838
-0.157305
-0.0519199
0.738037
0.117457
0.0280828
0.0138383
0.270082
-0.253074
-0.0616773
-0.519436
-1.31663
-1.3218
0.538967
-1.84246
0.4362
0.368515
-0.0383541
0.0404066
0.487152
-0.0569499
0.125955
0.579882
1.86092
1.15425
-0.380048
0.168276
-0.0825306
-1.03471
0.3028
-0.017214
0.0961392
-2.4448
2.94241
-2.62138
-1.44682
-0.0803569
1.43731
-0.0447747
0.221372
0.0928756
0.0255635
0.0359765
-0.651084
0.0011123
-0.0273963
0.0146218
0.57177
-0.0681938
-0.570792
-0.543875
-0.0512937
0.349192
-0.0163251
-0.000763922
0.07861
-0.00260731
0.132553
0.103228
-2.74672
2.91441
1.06148
-0.0467438
0.0700575
0.544783
0.0860631
-0.0149766
0.479332
-0.032815
-0.128346
-1.51265
-2.51521
1.54756
2.63674
0.0276245
0.141428
-0.102213
-0.154892
0.0475844
0.310673
0.0897509
0.0990843
0.411488
1.92284
-0.0822366
0.156242
-0.0285051
0.177988
0.329458
0.150432
-0.19446
0.237787
0.212621
0.0655436
0.0574245
0.0739234
-0.607173
2.62113
-0.204105
0.0276027
0.086546
0.174252
-0.0912287
-0.0979358
-0.132797
-0.00472643
-0.023959
0.0404678
-2.20007
-1.14387
-0.397857
-1.2034
0.193857
-0.754942
-2.86825
2.84378
3.1069
-5.46523
-0.898317
-0.754085
-0.659943
-1.25777
-0.523896
-1.24138
0.047097
-0.54312
-0.513775
-1.21833
0.0683555
-1.15561
-1.57605
-1.92554
-1.98946
-1.58662
-2.12756
1.94888
-0.0245313
-1.48264
-0.485478
-0.393039
-0.354163
-0.304549
-1.35007
-3.99596
-0.654488
-0.743306
-1.23822
-0.313832
-0.510752
-2.64569
-0.489769
-0.853679
0.155248
-0.770891
0.043721
-1.06812
-0.235782
1.25669
6.39847
-3.65077
1.69238
-3.05171
0.540743
-2.06919
-1.21018
-0.383865
-1.76242
3.28731
0.953311
3.93875
1.27537
-1.23216
0.0459864
-0.535829
-0.53163
-1.24976
-1.10056
-0.478977
-1.39018
1.20979
-0.610199
0.320101
0.040636
0.0536184
-0.0540233
0.0180467
-0.390169
-1.28895
-0.000342443
-0.671062
4.7317
5.35748
3.40951
2.26577
-0.557573
-0.638241
0.623805
-0.576178
-2.11676
1.92397
-1.98202
5.34365
-3.69424
0.111024
-2.87444
-4.58508
-2.92512
3.62893
-2.01433
-2.04955
-0.0308477
-1.86555
2.2574
0.518023
3.96334
-5.90737
-3.92522
1.72142
-0.362989
-1.06899
-0.326003
-0.270807
-0.526537
-2.71921
-0.326632
-0.524643
-1.77545
-2.90798
-3.57223
-0.248761
0.0231935
-0.272773
-0.354334
-0.178972
-0.632996
-1.37311
1.03673
-0.751274
-0.019419
-0.237047
-0.00613774
-0.0882602
-1.65968
0.292617
-3.00534
0.904769
-3.30404
2.48337
-0.0399766
-1.49478
-1.45852
-0.000622233
-0.867106
0.6326
-0.550738
-1.35916
0.00501463
-0.563486
