[36, 9, 9, 4]
3.10656
-4.24444
-1.28971
-2.74688
-2.13279
0.247657
-0.364824
-0.353029
-0.426052
6.59848
-1.1412
-3.73858
-4.84988
-1.11541
-1.75569
-0.935933
-1.00507
-0.19529
-4.68394
4.05266
-2.24269
-1.38616
-1.5156
-2.65104
-1.5989
-0.590821
-0.423844
-2.28966
3.53785
-1.63926
-2.54527
2.26631
-1.04984
-0.457768
-0.321327
-0.604871
-2.47903
0.0450589
-1.50445
-2.40217
-1.17517
-1.38007
-0.481995
-0.192614
-0.6118
-2.30971
-1.12243
-1.34768
-2.3736
-0.277439
-1.36167
-0.404325
-0.0808415
-0.624136
-2.25862
-1.14126
-1.18729
-2.20249
-0.0693955
-1.40214
-0.431529
0.0181754
-0.644923
-2.10514
-0.971093
-0.938631
-1.72893
0.0432877
-1.71317
-0.628022
0.206837
-0.709141
-1.89944
-1.37199
-0.775073
-1.76039
-1.2247
-1.66141
-0.528375
0.322212
-0.694353
-1.6038
-1.49029
-0.666622
-1.79508
0.309696
-1.61196
-0.475124
0.394405
-0.696817
-1.46503
-0.477897
-0.603739
-1.53663
0.281662
-1.96969
-0.634114
0.463766
-0.743609
-1.95652
-3.52919
-1.62878
-3.91542
0.569444
-1.11469
0.782844
-0.365551
-0.260789
-1.918
-3.45729
-1.56408
-3.76703
-0.221411
-1.33716
0.57348
-0.312968
-0.305417
-4.23884
-2.06838
-1.58927
-1.97147
-1.26943
-0.906413
-0.795604
-0.893138
-0.476416
-3.84485
-1.61469
-1.59133
-2.00597
0.358408
-0.962735
-0.790265
-0.887859
-0.456101
-3.45807
-1.12739
-1.61348
-2.15873
1.85098
-1.05611
-0.725359
-0.88034
-0.432056
-3.01077
-0.218413
-1.73736
-1.01835
0.889032
-0.42828
-1.4151
-1.0685
-0.358836
-1.76864
0.476291
-1.68535
-2.47361
0.84627
-0.350184
-0.519749
-1.09753
-0.330212
-2.80293
1.48081
-1.77438
-2.78163
1.60459
-0.393176
-0.115484
-0.946062
-0.227735
-2.76147
1.50314
-1.81487
-2.85536
0.57907
-0.44857
-0.0903788
-0.896518
-0.234125
-0.185265
-0.583878
-1.64439
-2.17535
-1.08286
-0.590002
-0.673402
-0.67892
-0.46227
-0.186382
0.544895
-1.66898
-2.03543
-0.479255
-0.549098
-0.802699
-0.675073
-0.472704
0.140626
3.64967
-1.73919
-1.99894
0.367812
-0.650177
-0.947628
-0.636081
-0.51613
0.20392
4.21481
-1.77506
-1.99362
-1.21683
-0.684491
-0.993786
-0.611319
-0.526293
0.69726
3.67885
-1.84587
-2.12289
-1.48889
-0.74905
-1.02047
-0.605661
-0.544006
0.626287
4.12768
-1.84788
-2.0654
-0.944871
-0.773071
-1.06541
-0.572899
-0.552578
1.63169
4.29777
-1.98177
-2.18406
0.281993
-0.918973
-1.24665
-0.574913
-0.595291
0.671836
2.88357
-1.87316
-1.93869
-0.715957
-0.838451
-1.23311
-0.529793
-0.582057
0.55192
0.888691
-1.88627
-1.85122
2.12131
-0.88965
-1.31445
-0.507927
-0.58408
0.643472
0.225273
-1.91647
-1.77538
-0.392728
-0.968068
-1.44057
-0.494818
-0.600541
0.479612
0.0720518
-1.93307
-1.62141
1.74612
-0.995575
-1.57872
-0.489313
-0.592059
0.171939
-0.712066
-2.07413
-1.29671
-1.34033
-1.17957
-1.93416
-0.503762
-0.517997
0.484661
9.59937
5.1116
0.695862
6.10272
5.44299
3.41807
-0.0285078
-5.86198
-2.2643
-7.74899
-4.35508
-2.78163
-3.93135
-7.15243
-2.66688
2.59527
8.78428
-11.5174
3.30726
8.16602
2.62697
2.75417
0.954003
-0.727824
-0.158534
0.557005
10.0337
3.91008
-2.63869
-2.86071
4.45946
-10.4339
-0.469153
-0.757987
-1.41778
-0.523124
1.8494
0.756751
-2.11872
3.12571
-2.94704
-0.385123
2.45439
3.92759
1.34453
3.35198
-1.00534
1.18044
0.669576
0.317584
0.534918
-0.776951
1.02827
4.35425
-2.12878
0.312437
-5.5304
-2.20875
-3.47958
2.25182
-0.566482
-6.56212
1.42154
3.81732
1.15008
-2.38792
-1.14002
-1.38012
-4.11366
-4.57322
-2.03629
5.96605
-1.66856
-4.14513
3.93482
1.77705
-2.6933
0.358851
0.729592
2.60171
2.76322
-1.01078
3.0309
-0.66653
4.81685
0.73794
-0.501557
0.746935
5.78197
2.29365
-1.3986
5.03609
2.80565
5.6306
1.93373
2.41297
7.13213
-0.971243
-9.1278
-2.58965
-4.23546
11.113
-1.28909
-0.57015
-1.53869
-1.65352
1.98785
-7.98022
-0.992352
-2.07105
1.22571
0.330716
3.14562
0.59896
3.69669
-0.75687
0.80088
-4.59885
-0.627954
2.2829
-2.50178
0.64784
-2.51169
-7.57256
-9.24842
2.36689
-1.0351
-3.05618
3.80764
5.82576
-4.32901
-0.92871
3.10517
1.91437
0.628807
-0.248405
3.37846
-4.20739
-11.3643
-4.96803
-6.46601
-6.27021
-5.33544
-2.71948
-4.29734
-4.2571
10.2327
-7.84907
7.85843
-9.52861
-0.130451
6.19241
-4.72511
-2.18385
-1.98175
-1.17765
-0.160722
-0.970673
-3.50265
-3.9487
-3.90408
-3.96401
13.6766
-9.8118
-5.87937
9.12422
-0.0345436
1.55191
2.99416
3.04735
-14.5837
-0.0787639
-4.19938
-0.541198
