[229, 25, 25, 4]
0.0
0.0
0.0
0.0
0.0
0.0
0.0
0.0
0.0
0.0
0.0
0.0
0.0
0.0
0.0
0.0
0.0
0.0
0.0
0.0
0.0
0.0
0.0
0.0
0.0
0.0
0.0
0.0
0.0
0.0
-0.651926
0.0
0.0
0.0
0.0
0.0
0.0
0.0
0.0
0.0
0.0
0.0
0.0
0.0
0.0
0.0
0.0
0.0
0.0
0.0
0.0
1.6407
0.0
0.0
0.0
0.0
0.0
0.0
0.0
0.0
0.0
0.0
0.0
0.0
0.0
0.0
0.0
0.0
0.0
0.0
0.0
0.0
0.0
0.0
0.0
0.0
0.0
0.0
0.0
0.0
0.0
0.0
0.0
0.0
0.0
0.0
0.0
0.0
0.0
0.0
0.0
0.0
0.0
0.0
0.0
0.0
0.0
0.0
0.0
0.0
0.0
0.0
0.0
0.0
0.0
0.0
0.0
0.0
0.0
0.0
0.0
0.0
0.0
0.0
0.0
0.0
0.0
0.0
0.0
0.0
0.0
0.0
0.0
0.0
0.0
0.688911
0.419205
0.433563
-0.539817
-0.174389
-0.309328
0.912763
-0.508513
0.632386
-0.073575
-0.354937
-0.408927
0.123573
-0.526122
-1.40876
0.212988
0.371303
0.33631
-0.1244
0.294242
0.738261
1.30761
0.210085
-0.100289
0.237681
0.0
0.0
0.0
0.0
0.0
0.0
0.0
0.0
0.0
0.0
0.0
0.0
0.0
0.0
0.0
0.0
0.0
0.0
0.0
0.0
0.0
0.0
0.0
0.0
0.0
0.147712
0.387266
0.575158
-0.589225
-0.34712
0.119459
0.670482
-0.522908
0.181484
1.0974
-0.023198
-0.529273
0.108747
0.631403
-1.00445
-0.122493
-0.292772
0.532376
0.11649
0.192661
0.88273
0.693357
0.23787
-0.157883
0.271387
0.0
0.0
0.0
0.0
0.0
0.0
0.0
0.0
0.0
0.0
0.0
0.0
0.0
0.0
0.0
0.0
0.0
0.0
0.0
0.0
0.0
0.0
0.0
0.0
0.0
-0.078656
0.460349
0.42487
-0.586503
-0.471383
0.126977
0.548418
0.0486401
-0.0120882
0.814102
-0.140493
-0.647363
0.201772
0.568963
-0.92048
0.0175906
-0.259848
0.437438
0.244436
0.208722
0.700343
0.102859
-0.062971
-0.0642021
0.0597046
0.0
0.0
0.0
0.0
0.0
0.0
0.0
0.0
0.0
0.0
0.0
0.0
0.0
0.0
-1.11518
0.0
0.0
0.0
0.0
0.0
0.0
0.0
0.0
0.0
0.0
0.0
0.0
0.0
0.0
0.0
0.0
0.0
0.0
0.0
0.0
0.0
0.0
0.0
0.0882806
0.0
0.0
0.0
0.0
0.0
0.0
0.0
0.0
0.0
0.0
0.0
0.0
1.67318
0.0
0.0
0.0
0.0
0.0
0.0
-0.0914921
0.0
0.0
0.0
0.0
0.0
-0.430854
0.0
0.0
0.0
0.0
0.0
0.0
0.0
0.0
0.0
0.05602
0.0
0.0
0.0
0.0
0.0
0.0
0.0
0.0
0.0
0.0
0.0
0.0
0.0
0.0
0.0
0.0
0.0
0.0
0.0
0.0
0.0
0.0
0.0
0.0
0.0
0.0
0.0
0.0
0.0
0.0
0.0
0.0
0.0
0.0
0.0
0.0
0.0
0.0
0.0
0.0
0.0
0.0
0.0
0.0
0.0
0.0
0.0
0.0
0.0
0.0
-0.39405
0.0
0.0
0.0
0.0
0.0
0.0
0.0
0.0
0.0
0.0
0.0
0.0
0.0
0.0
0.0
0.0
0.0
0.0
0.0
0.0
0.0
0.0
0.0
0.0
0.0
0.0
0.0
0.0
0.0
0.0
0.0
0.0
0.0
0.0
0.0
0.0
0.0
0.0
0.0
0.0
0.0
0.0
1.19811
0.0
0.0
0.0
0.0
0.0
0.0
0.398895
0.0
-2.39433
0.0
0.0
0.0
0.0
0.0
0.0
0.0
0.0
0.0
0.0
0.0
0.0
0.0
0.0
0.0
0.0
0.0
0.0
0.0
0.0
-1.12962
0.0
0.370694
0.237387
0.540268
-0.812015
-0.179775
0.18957
0.346193
-0.321916
0.121212
-0.0261612
-0.115485
-0.137093
0.0890722
-0.133911
-1.18341
-0.0947284
0.283797
0.33619
-0.322914
0.426821
-0.370855
0.903787
0.257122
-0.0874913
0.995675
0.0
0.0
0.0
0.0
0.0
0.584324
0.0
0.0
0.0
0.0
-0.975627
0.0
0.0
0.0
0.612456
0.0
0.0
0.0
0.0
0.0
0.0
0.0
0.0
0.0
1.42648
-0.82789
0.0
0.0
0.0
0.0
0.0
0.0
0.0
0.0
0.0
0.0
0.0
0.0
0.0
0.0
0.0
0.0
0.0
0.0
0.0
0.0
0.0
0.0
0.0
0.0
0.0
0.0
0.0
0.0
0.0
0.0
0.0
0.0
0.0
0.0
0.0
0.0
0.0
0.0
-2.03178
0.0
0.0
0.0
0.0
0.0
0.0
0.0
0.0
0.0
0.0
0.0
0.0
0.0
0.0
0.0
0.0
0.0
0.0
0.0
0.0
0.0
0.0
0.0
0.0
0.0
0.0
-0.703605
0.0
0.0
0.0
0.0
0.0
0.0
0.0
0.0
0.0
0.0
0.0
0.0
0.0
0.0
0.0
0.0
0.0
0.0
0.0
0.0
0.0
0.0
0.0
0.0
0.0
-1.78857
0.0
0.0
0.0
0.0
0.0
0.0
0.0
0.0
0.0
0.0
0.0
0.0
0.0
0.0
0.0
0.0
0.0
0.0
0.0
0.0
0.0
0.0
0.0
0.0
0.0
0.0
0.0
0.0
0.0
0.0
0.0
-0.488518
0.0
0.0
0.0
0.0
0.0
0.0
0.0
0.0
0.0
0.0
0.0
0.0
0.0
0.0
0.0
0.0
0.0
0.0
0.0
0.0
0.0
-1.43222
0.0
0.0
0.0
0.106494
0.345377
0.46865
-0.803468
-0.412054
0.301561
0.603189
0.116051
-0.0707049
0.440994
-0.454299
-0.510092
0.131963
0.896742
-0.885534
-0.0521089
-0.422469
0.487049
0.499179
0.253508
0.285939
0.463045
-0.409705
-0.0965049
0.122129
0.0
0.0
0.0
0.0
0.0
-0.969259
0.0
0.0
0.0
0.0
0.277928
0.0
0.0
0.0
0.0
0.0
0.0
0.0
0.0
0.0
0.0
0.0
0.0
0.0
0.0
0.0
0.0
0.0
0.0
0.0
1.40107
0.0
0.0
0.0
0.0
0.0
0.0
0.0
0.0
0.0
0.0
0.0
0.0
0.0
0.0
0.0
0.0
0.0
0.0
0.0
0.0
0.0
0.0
0.0
0.0
0.0
0.0
0.0
0.0
0.0
0.0
0.0
0.0
0.0
1.08184
0.0
0.0
0.0
0.0
0.0
-0.170725
0.0
0.0
0.0
0.0
0.0
0.0
0.0
0.0
0.0
0.0
0.0
0.0
0.0
0.0
0.0
0.0
0.418251
0.0
0.0
0.0
0.0
0.0
0.0
0.0
0.0
0.0
0.0
0.0
0.0
0.0
0.0
0.0
0.0
0.0
0.0
-0.709926
0.0
0.0
0.0
0.0
0.0
0.0
0.0
0.0
0.0
0.0
0.0
0.0
0.0
0.0
0.0
0.0
0.0
0.0
0.0
0.0
0.0
0.0
0.0
0.0
0.0
0.0
0.0
0.0
0.0
0.0
0.0
0.0
0.0
0.0
0.0
0.0
0.0
0.0
0.0
0.0
0.0
0.0
0.0
0.0
0.0
0.0
0.074927
0.0
0.0
0.0
0.0
0.0
0.0
0.0
0.0
0.0
0.0
0.0
0.0
0.0
0.0
0.0
0.0
0.0
0.0
0.0
0.0
0.0
-0.261402
0.0
0.0
1.23128
0.0
0.0
0.0
0.0
0.0
0.0
0.0
0.0
-1.51164
0.0
0.0
0.0
0.0
0.0
0.0
0.0
0.0
0.0
0.0
0.0
0.0
0.0
0.0
0.0
0.0
0.0
0.0
0.0
0.0
-1.71286
1.48889
0.467164
0.0
0.0
0.0
0.0
0.0
0.0
0.0
0.0
0.0
0.0
0.0
0.0
0.0
0.0
0.0
0.0
0.0
1.08068
0.0
0.0
0.0
-0.750108
1.75418
0.0
0.0
0.0
0.0
0.0
0.0
0.0
0.0
0.0
0.0
-0.438173
0.0
0.0
0.0
0.0
0.0
0.0
0.0
0.0
0.0
0.0
0.0
0.0
0.0
0.0
0.0
0.0
0.0
0.0
0.0
0.0
0.0
0.0
0.0
0.0
0.0
0.0
0.0
0.0
0.0
0.0
0.0
0.0
0.0
0.0
2.18995
0.0
0.0
0.0
0.0
0.0
0.0
0.0
0.0
-1.06118
0.0
0.0
0.0
0.0
0.0
0.0
0.0
0.0
0.0
0.0
0.0
0.0
0.0
0.0
0.0
0.0
0.0
0.0
0.0
0.0749723
-2.04031
0.0
-0.505897
0.0
0.0
0.0
0.0
0.0
0.0
0.0
0.0
0.0
0.0
0.0
0.0
0.0
0.0
0.0
0.0
0.0
0.0
0.0
0.0
0.0
0.0
0.0
0.0
0.0
0.0
0.0
0.0
0.0
0.0
0.0
0.0
-0.305214
0.0
0.0
0.0
0.0
0.0
0.0
0.0
0.0
0.0
0.0
0.0
0.0
0.0
0.0
0.0
0.0
0.0
0.0
0.645821
0.0
0.0
0.0
0.0
0.0
0.0
0.0
0.0
0.0
0.0
-1.03051
0.0
0.0
-0.780186
0.0
0.0
0.0
0.0
0.0
0.0
0.0
0.0
0.0
0.0
0.0
0.0
0.0
0.0
0.0
0.0
0.0
0.0
0.0
0.0
0.156177
0.0
0.0
0.0
0.0
0.0
0.0
0.0
-2.45059
0.0
0.0
0.0
0.0
0.0
0.0
0.0
0.0
0.0
0.0
0.0
0.0
0.0
0.0
0.0
0.0
0.0
0.0
0.0
0.0
0.0
0.0
0.0
0.0
0.0
-0.309445
0.0
0.0
0.0
0.0
0.0
0.0
0.0
0.638402
0.0
0.635098
0.0
0.0
0.0
0.0
0.0
0.0
0.0
0.0
0.0
0.0
0.0
0.0
0.0
0.0
0.0
0.0
0.0
0.0
0.0
0.0
0.0
0.0
0.0
0.0
0.0
0.0
-0.525198
0.0
0.0
0.0242233
0.0
0.0
0.376124
0.289582
0.496996
-1.01924
-0.183796
0.0798172
0.219327
-0.416715
0.191103
0.14649
-0.0127705
-0.0484578
0.0407513
-0.348121
-1.21685
-0.0999506
0.428875
0.329086
-0.8
-0.52789
0.0324487
0.735087
0.0759148
0.103628
0.819035
0.0
0.0
0.0
0.0
0.0
0.0
0.0
0.0
0.0
0.0
0.0
0.0
0.0
0.0
0.0
0.0
0.0
0.0
0.0
0.0
0.0
0.0
0.0
0.0
0.0
0.0
0.0
0.0
0.0
0.0
0.0
0.0
-0.41964
0.0
0.0
0.0
0.0
0.0
0.0
0.0
0.0
0.0
0.0
0.0
0.0
0.0
0.0
0.0
0.0
0.0
0.0
0.0
0.0
0.0
0.0
0.0
0.0
0.0
0.0
0.0
0.0
0.0
0.0
0.0
0.0
0.0
0.0
0.0
0.0
0.0
0.0
0.0
0.0
0.0
0.0
-1.57117
0.0
0.0
0.0
0.0
0.0
0.0
0.0
0.0
0.0
0.0
0.0
0.0
0.0
0.0
-1.5088
0.0
0.0
0.0
0.0
1.83028
0.0
0.0
0.0
0.0
0.0
0.0
0.0
0.0
0.0
0.0
0.0
0.0
0.0
0.0
0.0
0.0
0.0
0.0
0.0
-0.671289
0.0
0.0
0.0
0.0
0.0
0.0
-0.241844
0.0
0.0
-1.40651
0.0
0.0
0.0
0.0
0.0
0.0
0.0
0.0
0.0
0.0
0.0
0.0
0.0
0.0
0.0
0.0
0.0
0.0
0.0
0.0
0.0
-0.439344
0.0
0.0
0.0
0.0
0.0
0.0
0.0
0.0
0.0
0.0
0.0
0.0
0.0
0.0
0.0
0.0
0.0
0.0
0.0
0.0
-0.249393
0.0
0.0
0.0
0.0
0.0
0.0
0.0
0.0
0.0
0.0
-0.330841
0.0
0.0
0.0
1.82526
0.0
0.0
0.859498
0.0
0.0
0.0
0.0
0.0
-0.803879
0.0
0.142831
0.0
0.0
0.0
0.0
0.0
0.0
0.0
0.0
0.0
0.0
0.0
0.0
0.0
0.0
0.0
0.0
0.0
0.0
0.0
0.0
0.0
0.0
0.0
0.0
0.0
0.0
0.0
0.0
0.0
0.0
0.0
0.0
0.0
0.0
0.0
0.0
0.0
0.0
0.0
0.0
0.0
0.0
0.0
0.0
0.0
0.0
0.0
0.0
0.0
0.0
0.0
0.0
0.0
0.392622
0.0
0.0
0.0
0.0
0.0
0.0
0.0
0.0
0.0
0.0
-0.894716
0.0
0.0
0.0
0.0
0.0
0.0
0.0
0.0
0.0
0.0
0.0
0.0
0.0
0.0
0.0
0.190084
0.329677
0.521107
-0.521772
-0.3855
0.33746
0.842057
0.0618577
-0.0630746
0.553492
-0.608811
-0.520209
0.158926
0.896692
-0.875607
-0.0744505
-0.450166
0.437197
0.334857
0.415016
0.0899089
0.320062
-0.59856
-0.200651
0.0900073
0.0
0.0
0.0
0.0
0.0
0.0
0.318709
0.0
0.0
0.0
0.0
0.0
0.0
0.0
0.0
0.0
0.0
0.0
0.0
0.0
0.0
0.0
0.0
0.0
0.0
-1.4355
0.0
0.0
0.0
0.786811
0.0
0.0
0.0
0.0
0.0
0.0
0.0
0.0
0.0
0.0
0.0
0.0
0.0
0.0
0.0
0.0
0.0
0.0
0.0
0.0
0.0
0.0
0.0
0.0
0.0
0.0
0.0
0.0
0.0
0.0
0.0
0.0
0.0
0.0
0.0
0.0
0.0
0.0
0.0
0.0
0.0
0.0
-0.810447
0.531158
0.0
0.0
0.0
0.0
0.0
0.0
0.0
0.0
0.0
0.0
0.0
0.0
0.0
0.0
0.0
0.0
0.0
0.0
0.0
0.0
0.0
0.0
0.0
0.0
0.0
0.0
-0.528514
0.0
0.0
0.0
0.0
0.0
0.0
0.0
0.0
0.0
0.0
0.0
-0.175799
0.0
0.0
0.0
0.0
0.0
0.0
0.0
0.0
0.0
0.0
0.0
-0.401606
0.0
0.0
0.0
0.0
0.0
0.0
0.0
0.0
0.0
0.0
0.0
0.0
0.0
0.0
0.0
0.0
0.0
0.0
0.0
0.0
0.0
0.0
0.0
0.0
0.0
0.0676233
0.0
0.0
0.0
0.0
-1.32063
0.0
0.0
0.0
0.0
0.0
0.0
0.0
0.0
0.0
0.0
0.0
0.0
0.0
0.0
0.0
0.0
0.0
0.0
0.0
0.0
0.0
0.0
0.0
0.0
0.0
0.0
0.0
0.0
0.0
0.0
0.0
0.0
-1.05448
0.0
0.0
0.0
0.0
0.0
0.0
0.0
0.0
0.0
0.0
0.0
0.0
0.0
0.0
0.0
0.0
0.0
0.0
0.0
0.0
0.0
0.0
0.0
0.0
0.0
0.0
-0.327014
0.0
0.0
0.0
0.0
0.0
0.0
0.0
0.0
0.0
0.0
0.0
0.0
0.0
0.0
0.0
0.0
0.0
0.0
0.0
0.0
0.0
0.0
0.0
0.0
0.0
0.0
0.0
0.0
0.0
0.0
0.0
1.03386
0.0
0.0
0.0
0.0
0.0
0.0
0.0
0.0
0.0
0.0
0.0
0.0
0.0
0.0
0.0
0.0
0.0
0.0
0.0
0.0
0.0
0.0
0.0
0.0
0.430984
0.0
0.0
0.0
0.0
0.0
0.0
0.0
0.0
0.0
0.0
0.0
0.0
0.0
0.0
0.0
0.0
0.0
0.0
0.0
0.0
0.0
0.0
0.0
-0.253143
0.0
0.0
0.0
0.0
0.0
0.0
0.0
0.0
0.0
0.0
-0.940491
0.0
0.0
0.0
0.0
0.0
0.0
0.0
0.0
0.0
0.0
1.07183
-0.367498
0.0
0.0
0.0
0.0
0.0
0.0
0.0
0.0
0.0
0.0
0.0
0.890445
0.0
0.0
0.0
0.0
-0.162914
0.0
0.0
0.0
0.0
0.0
0.0
0.155807
0.0
0.0
0.0
0.0
0.0
0.0
0.0
0.0
0.0
0.0
0.0
0.0
0.0
0.0
0.0
0.34315
0.0
0.0
0.0
0.0
0.0
0.0
0.0
0.0
0.0
0.0
0.0
0.0
0.0
0.0
0.0
-0.00964089
0.0
0.0
0.0
0.0
0.0
0.0
0.0
0.0
-0.47986
0.0
0.0
0.0
0.0
0.0
0.0
0.0
0.0
0.0
0.0
0.0
0.0
0.0
0.0
0.0
0.619407
0.0395289
0.265549
-0.512491
-0.300805
-0.213121
-0.0799269
-0.870362
-0.0599144
-0.323089
-0.190327
-0.152104
-0.0527019
-0.498562
-1.24071
0.102243
0.569699
0.456718
-0.114408
0.319419
0.174684
0.689525
0.165054
-0.280253
1.05736
0.0
0.0
0.087
0.0
0.0
0.704831
0.0
0.0
0.0
0.0
0.0
0.0
0.0
0.0
0.0
0.0
0.0
0.0
0.0
0.0
0.0
0.0
1.3999
0.0
0.0
0.0
0.0
0.0
0.0
0.0
-1.07927
0.0
0.0
0.0
0.0
0.0
0.0
0.0
0.0
0.0
0.0
0.0
0.0
0.0
0.0
0.0
0.0
0.0
0.0
0.0
-0.608781
0.0
0.0
0.0
0.0
0.0
0.0
0.0
0.0
0.0
0.0
0.0
0.0
0.0
0.0
0.0
0.0
0.0
0.0
0.0
0.0
0.0
0.0
0.0
0.0
0.0
0.0
0.0
-2.52546
0.0
0.0
0.0
1.0015
0.0
0.0
0.0
0.0
0.0
0.0
0.0
0.0
0.0
0.0
0.0
-0.693272
0.0
0.0
0.0
0.0
0.0
0.0
0.0
0.0
0.0
0.0
0.0
0.0
0.0
0.0
0.0
0.0
0.0
0.0
0.0
0.0
0.0
0.0
0.0
0.0
0.0
0.0
0.0
0.0
0.0
0.0
0.0
-0.833849
-1.49381
0.916513
0.0
0.0
0.0
0.0
0.0
0.0
0.0
0.0
0.0
0.0
-1.22977
0.0
0.0
0.0
0.0
0.0
0.0
0.0
0.0
0.0
0.0
0.0
0.0
0.0
0.0
0.0
0.0
0.0
0.0
0.0
0.0
0.0
0.0
0.0
0.0
0.0
0.0
0.0
0.0
0.0
0.0
0.0
0.0
0.0
0.0
0.0
0.0
0.0
0.0
0.0
0.0
0.0
0.0
0.0
0.0
0.0
0.0
0.0
0.0
0.0
0.0
0.0
0.0
0.0
0.0
0.0
0.0
0.0
0.0
0.0
0.0
0.0
1.02157
-1.19647
0.0
0.0
0.0
0.0
0.0
0.0
0.0
0.0
0.0
-1.10339
0.0
-1.35251
0.0
0.0
0.0
0.0
0.0
0.0
0.0
0.0
0.0
0.0
0.0
0.0
0.0
0.0
0.0
0.0
0.0
0.0
0.0
0.0
0.0
0.0
0.0
0.0
0.0
0.0
0.0
0.0
0.0
0.0
0.0
0.0
0.0
0.0
0.0
0.0
0.0
0.0
0.0
0.0
0.0
0.0
0.0
0.0
0.0
0.0
0.0
0.937788
0.0
0.0
0.0
0.0
0.0
0.0
0.0
0.0
0.0
0.0
0.0
0.0
0.0
0.0
0.0
0.0
0.0
0.0
0.0
0.0
0.0
0.0
0.0
0.0
0.0
0.0
0.0
0.0
0.0
0.0
0.0
0.0
0.0
0.0
0.0
0.0
0.0
0.0
0.0
0.0
0.0
0.0
0.0
0.0
0.0
0.0
0.0
0.0
0.0
0.0
0.0
0.0
0.55654
-2.08208
0.0
0.0
1.53632
0.0
0.0
0.0
0.0
0.0
0.0247975
0.451126
0.495846
-0.307502
-0.374964
0.361351
0.508393
0.241882
0.0306664
0.203985
-0.563701
-0.758046
0.255563
0.504995
-0.912877
0.0753694
-0.327405
0.327698
0.606766
1.23544
-0.0107316
0.38091
0.109414
0.438906
0.21046
0.0
0.0
0.0
0.0
0.0
0.0
0.0
0.0
0.0
0.0
0.0
0.0
0.0
0.0
0.0
0.0
0.0
0.0
0.0
0.0
0.0
0.0
0.0
0.0
0.0
0.0
0.0
0.0
0.0
-1.16526
0.0
0.0
0.0
0.0
0.0
0.0
0.0
0.0
-1.66735
0.0
0.0
0.0
0.0
0.0
0.0
0.0
0.0
0.0
0.0
0.0
0.0
0.0
0.0
0.0
0.0
0.0
0.0
0.0
0.0
0.0
0.0
0.0
0.0
0.0
0.0
0.0
0.0
0.0
0.0
0.0
0.0
0.0
0.0
0.0
0.0
0.0
0.0
0.0
0.0
0.0
0.0
0.0
0.0
0.0
0.0
0.0
0.0
0.0
0.0
0.0
0.0
0.0
0.0
0.0
0.0
0.0
0.0
0.0
0.0
0.0
0.0
0.0
0.0
0.0
0.0
0.0
0.0
0.0
0.0
0.0
0.0
0.0
0.0
-0.658536
-0.111087
0.0
0.0
0.0
0.0
0.0
0.0
0.0
0.0
0.0
0.0
0.0
0.0
0.0
-0.298263
0.0
0.0
0.0
0.0
0.0
0.0
0.0
0.0
0.0
-0.490248
0.0
0.0
0.0
0.0
0.0
0.0
0.0
0.0
0.0
0.0
0.0
0.0
0.0
0.0
0.0
0.0
0.0
0.0
0.0
0.0
0.0
0.0
0.0
0.0
0.0
0.0
0.0
0.0
0.0
0.0
0.851921
0.0
1.38633
0.0
0.0
-0.48144
0.0
0.0
0.0
0.0
0.0
0.0
-0.713503
0.0
0.0
0.0
0.0
0.0
-1.37903
0.0
0.0
0.0
0.0
0.0
0.0
0.0
0.0
0.0
0.0
0.0
0.0
0.0
0.914761
0.0
0.0
0.0
0.0
0.88192
0.0
0.0
0.0
0.0
-0.805049
0.0
0.0
0.0
0.0
0.0
0.0
0.0
0.0
0.0
0.0
0.0
0.0
0.0
0.0
0.0
0.0
0.0
0.0
0.0
0.0
0.0
0.0
0.0
0.0
0.0
0.0
0.0
0.0
0.0
0.0
0.0
0.0
0.0
0.0
0.0
0.0
0.0
0.0
0.0
0.0
0.0
0.0
0.0
0.0
0.0
0.433351
-0.554455
0.0
0.0
0.0
0.0
0.0
0.0
0.0
0.0
0.0
0.0
0.0
0.0
0.0
0.0
0.0
0.0
0.0
0.0
1.15241
0.0
0.0
0.0
0.0
0.0
0.0
0.0
0.0
0.0
0.0
0.0
0.0
0.0
0.0
0.0
0.0
0.0
-1.35841
0.0
0.0
0.0
0.0
0.0
0.0
0.0
-0.466888
0.0
0.0
0.0
0.0
0.0
0.0
0.0
0.0
0.0
0.0
0.0
0.0
0.0
0.0
0.0
0.0
-0.957971
0.0
0.0
0.0
0.0
0.0
0.0
0.0
0.0
-1.00632
0.0
0.0
0.0
0.0
0.0
0.0
0.0
0.0
1.02801
0.0
0.0
0.0
0.0
0.0
0.0
0.0
0.258001
0.0
0.0
0.0
0.0
0.0
0.0
0.0
0.0
0.0
0.0
0.0
-0.0954036
0.0
0.0
0.0
0.0
0.0
0.0
1.3471
0.0
0.0
0.0
0.0
0.0
0.0
0.0
0.0
0.0
0.499372
0.28473
0.0919148
0.257809
-0.27023
-0.126147
0.0897811
0.100395
0.0206953
-0.427541
0.17246
-0.144082
0.140657
-0.705125
-1.3132
0.0100077
0.774387
0.394749
-0.42
-0.542365
0.186221
-0.135403
-0.461867
0.154577
0.375733
0.0
0.0
0.0
0.0
0.0
0.208944
0.0
0.0
0.0
0.0
-0.223865
0.0
0.0
0.0
0.0
0.0
0.0
0.0
0.0
0.0
0.0
-1.62899
0.0
1.31134
0.0
-0.155138
0.0
0.0
0.0
0.0
0.0
0.0
0.0
0.831412
0.0
0.0
0.0
0.0
0.0
0.0
0.0
0.0
0.0
0.0
0.0
0.0
0.0
0.0
0.0
0.362578
0.0
0.436187
0.0
0.0
0.0
0.0
0.0
0.0
0.0
0.0
0.0
0.0
0.0
0.0
-1.09756
0.0
0.0
0.0
0.0
0.0
0.0
0.0
0.0
0.0
0.0
0.0
0.0
0.0
0.0
0.0
0.0
0.0
0.0
0.0
0.0
0.283633
0.0
0.0
0.0
0.0
0.0
0.0
0.0
0.0
0.0
0.0
0.0
0.0
0.0
0.0
0.0
0.0
0.0
0.0
0.0
0.0
0.0
0.0
0.0
0.0
0.0
0.0
0.0
0.0
0.0
0.0
0.0
0.0
0.0
0.0
0.0
0.0
0.0
0.0
0.0
0.0
0.0
0.0
0.0
0.0
0.0
0.0
0.0
0.0
-1.52024
-1.02448
0.0
0.0
0.0
0.0
0.0
0.0
0.0
0.0
0.0
0.0
0.0
0.0
0.0
0.0
0.0
0.0
0.0
0.0
0.0
0.0
0.0
0.0
0.0
0.0
0.0
0.721405
0.0
0.0
0.0
0.0
0.0
0.0
0.0
0.0
0.0
0.0
0.0
0.0
0.0
0.0
0.0
0.0
0.0
0.0
0.0
0.0
0.0
0.0
0.0
0.0
0.0
0.0
0.0
0.0
0.0
0.0
0.0
0.0
0.0
0.0
0.0
0.0
0.0
0.0
0.0
0.0
0.0
0.0
0.0
0.0
0.0
0.0
0.0
0.0
0.0
0.0
0.0
0.0
0.0
0.0
0.0
0.0
0.0
0.0
0.0
0.0
0.0
0.0
0.0
0.0
0.0
0.0
0.0
0.0
0.0
0.0
0.0
0.0
0.0
0.0
0.0
0.0
0.0
0.0
0.0
0.0
0.0
0.0
0.0
0.0
0.0
0.0
0.0
0.0
0.0
0.0
0.0
0.0
0.0
0.0
0.0
0.0
0.0
0.0
0.0
0.0
0.0
0.0
0.0
0.389667
0.0
0.345216
0.0
0.0
0.0
0.0
0.0
0.0
1.25979
0.0
-0.386318
0.0
0.0
0.0
0.0
0.0
0.0
0.0
0.0
0.0
0.0
0.0
0.0
0.0
0.0
-2.25709
0.0
0.0
0.0
0.0
0.0
0.0
-0.607228
0.0
0.0
0.0
0.0
0.0
0.0
0.0
0.0
0.0
0.0
0.019511
0.0
0.0
0.0
0.0
0.170991
0.0
0.0
0.0
0.0
0.0
0.0
0.0
1.09115
0.0
0.0
0.109326
0.422797
0.318009
0.435659
-0.415303
0.669925
0.0197454
0.654331
-0.19411
0.0627174
0.0317448
-0.504112
0.318114
0.548425
-0.791189
0.0624732
-0.433661
0.309967
0.121953
-0.103284
-0.251399
-0.205315
-0.155668
-0.101838
0.375537
0.0
0.0
0.0
0.0
0.0
0.0
0.0
0.0
0.0
0.0
0.0
0.0
0.0
0.0
0.0
0.0
0.0
0.0
0.0
0.0
0.0
0.0
0.0
0.0
0.0
0.0
0.0
0.0
0.0
0.0
0.0
0.0
0.0
0.0
0.0
0.0
0.0
0.0
0.0
0.0
0.0
0.0
0.0
0.0
0.0
0.0
0.0
0.0
0.0
0.0
0.0
0.0
0.0
0.0
0.0
-0.0350686
0.0
0.0
0.0
0.0
0.667475
0.0
0.0
0.0
0.0
0.0
0.0
0.0
0.0
0.0
0.0
0.0
0.0
0.0
0.0
0.0
0.0
0.0
0.0
0.0
0.0
0.0
0.0
0.0
0.0
0.0
0.0
0.0
0.0
0.0
0.0
0.0
0.0
0.0
0.0
0.0
0.0
0.0
0.0
1.2893
0.0
0.0
0.0
0.0
0.0
0.0
0.0
0.0
0.0
0.0
0.0
0.0
0.0
0.0
0.0
0.0
0.0
0.0
0.0
0.0
0.0
0.0
0.0
0.0
0.0
0.0
0.0
0.0
0.0
0.0
0.0
0.0
0.0
0.0
0.0
0.0
0.0
0.0
0.0
0.0
0.0
0.0
0.0
0.0
1.22398
0.0
0.0
-0.712478
0.0
0.998698
0.0
0.0
0.0
0.0
0.0
0.0
0.0
0.0
-0.42195
0.560374
0.0
-2.49482
1.58334
0.0
0.0
0.0
0.0
0.0
0.0
0.0
-0.452438
0.0
0.0
0.0
0.0
0.0
0.0
0.0
0.0
0.0
0.0
0.0
0.0
0.0
0.0
0.0
0.0
0.0
0.0
0.0
0.0
0.0
0.0
0.0
0.0
0.0
0.0
0.0
0.0
0.0
0.0
0.0
-1.05953
0.0
0.0
0.0
0.0
0.0
0.0
0.0
0.0
0.0
0.0
0.245291
0.0
0.0
0.0
0.0
0.0
0.0
0.000873365
0.0
0.0
0.0
0.0
0.0
0.0
0.0
0.0
0.0
0.0
0.0
0.0
0.0
0.0
0.0
0.0
0.0
0.0
0.0
0.0
0.0
0.0
0.0
0.0
0.0
-0.882479
0.0
0.0
0.0
0.0
0.0
0.0
0.0
0.0
0.0
0.0
0.0
0.0
0.0
0.0
0.0
0.0
0.0
0.0
0.0
0.0
0.0
0.0
0.0
0.0
0.0
0.0
0.0
0.0
0.0
0.0
0.0
0.0
0.0
0.0
0.0
0.0
0.0
0.0
0.0
0.0
0.0
0.0
0.0
0.0
0.0
0.0
0.0
0.0
0.0
0.0
0.0
0.0
0.0
0.0
0.0
0.0
0.0
0.965134
0.0
0.0
0.0
0.0
0.0
0.0
0.0
0.0
0.0
0.0
0.0
0.0
0.0
0.0
0.0
0.0
0.0
0.0
0.0
0.0
0.0
0.0
0.0
0.0
0.0
0.0
-0.197653
0.0
0.0
0.0
0.0
0.0
0.0
0.0
0.0
0.0
-0.440986
0.229257
-1.30288
0.0
0.0
0.0
0.0
0.0
0.0
0.0
0.0
0.0
0.165222
0.0
0.0
0.0
0.0
0.0
0.0
0.0
0.0
0.0
0.0
0.0
0.0
0.504022
0.0
0.0
0.0
0.427359
0.0
0.0
0.0
0.0
0.486545
0.242596
0.287483
0.350212
-0.196517
0.0647639
-0.0326409
-0.0874313
-0.0308041
-0.335559
0.471893
0.0823843
0.135645
-0.735247
-1.21394
-0.131651
0.700442
0.251024
-0.377396
-0.223552
0.0594343
-0.316696
-0.135895
-0.0269624
0.64639
0.0
0.0
0.0
0.0
0.0
0.0
0.0
0.0
0.0
0.0
0.0
0.0
0.0
0.0
0.0
0.0
0.0
0.0
0.0
0.0
0.0
0.0
0.0
0.0
0.0
0.0
-1.03597
0.0
0.0
0.0
0.0
0.0
0.0
0.0
0.0
0.0
0.0
0.0
0.0
0.0
0.0
0.0
0.0
-0.789716
0.0
0.0
-0.59855
0.0
0.0
0.0
0.0
0.0
0.0
0.0
0.281448
0.0
0.0
0.0
0.0
0.0
0.0
0.0
0.0
0.0
0.0
0.0
0.0
0.788405
0.0
0.0
0.0
0.0
0.0
0.0
0.0
0.0
0.0
0.0
0.0
0.0
0.0
0.0
0.0
0.0
0.0
0.0
-0.762128
-0.245949
0.0
0.0
0.0
0.0
0.0
0.0
0.0
0.0
0.0
0.0
0.0
0.0
0.0
0.0
0.0
0.0
0.0
0.0
0.0
0.0
0.0
0.0
0.0
0.0
0.0
0.0
0.0
0.0
0.0
0.0
0.0
0.0
0.0
0.0
0.0
0.0
0.0
0.0
0.0
0.0
0.0
0.53507
0.0
0.0
0.0
0.0
0.0
0.0
0.0
0.0
0.0
0.0
0.0
0.0
0.0
0.0
0.0
0.0
0.0
0.0
0.0
0.0
0.0
0.0
0.0
0.0483583
0.0
0.0
0.0
0.0
0.0
0.0
-0.866487
0.0
0.0
0.0
0.0
0.0
0.0
0.0
0.0
0.0
-0.895391
0.0
0.0
0.0
0.0
0.0
0.0
0.0
0.0
0.0
0.0
0.0
0.892419
0.0
0.0
0.0
0.0
0.0
0.0
0.0
0.0
0.0
0.0
-0.724389
-0.400292
0.0
0.0
0.0
0.0
0.0
0.0
0.0
0.0
0.0
0.0
0.0
0.0
1.22233
0.0
0.0
0.0
0.0
0.0
0.0
0.0
0.0
0.0
0.0
0.0
0.0
0.0
0.0
0.0
0.0
0.0
0.0
0.0
0.0
0.0
0.0
0.0
0.0
0.0
0.0
0.0
-0.174195
0.0
0.0
0.0
0.0
0.0
0.0
0.0
0.0
0.0
0.0
0.0
0.0
0.0
0.0
0.0
0.0
0.0
0.0
0.0
0.0
0.0
0.0
0.0
0.0
-0.806759
0.0
0.0
0.0
0.0
0.0
-0.819171
0.0
0.0
0.0
0.857297
0.0
0.0
0.0
0.0
0.0
0.0
0.0
0.0
0.0
0.0
0.0
0.0
0.0
0.0
0.0
0.0
0.0
0.0
0.0
0.0
0.0
0.0
0.0
0.0
0.0
0.0
0.0
0.0
0.0
0.0
0.0
0.0
0.0
0.0
0.0
1.58285
0.0
0.0
0.0
0.0
0.0
0.0
0.0
0.0
0.0
0.0
0.00745651
0.0
0.0
0.0
0.0
0.0
0.0
0.0
0.184346
0.45292
0.547832
1.02819
-0.27241
0.848992
0.0353767
0.589075
-0.0493739
-0.363012
0.652266
0.0588567
0.387532
0.244849
-0.714289
-0.156906
-0.271703
0.151503
-0.0358404
-0.34779
-0.430091
-0.376747
0.278086
-0.245538
0.791217
0.0
0.0
0.0
0.0
-1.21526
0.0
0.0
0.0
0.0
0.0
0.0
0.0
0.0
0.0
0.0
0.0
0.0
1.77832
0.0
0.0
0.0
0.0
0.0
0.0
0.0
0.0
0.0
0.769262
0.0
0.0
0.0
0.0
0.0
0.0
0.0
0.0
0.0
0.0
0.0
0.0
0.0
0.0
0.0
0.0
0.0
0.0
0.0
0.0
0.0
0.0
0.0
0.0
0.0
0.0
0.0
0.0
0.0
0.0
0.0
0.0
0.0
0.0
0.0
0.0
0.0
0.0
0.0
0.0
-0.247733
0.0
0.0
0.0
0.0
0.0
0.0
0.0
0.0
0.0
0.0
0.0
0.0
0.0
0.0
0.0
0.0
0.0
0.0
0.0
0.0
0.0
0.0
0.0
0.0
0.0
0.0
0.0
0.0
0.0
0.0
0.0
0.0
0.0
0.0
0.0
0.0
0.0
0.0
0.0
0.0
0.0
0.0
0.0
-1.6848
0.0
0.0
0.0
0.0
0.0
0.0
0.0
0.0
0.983186
0.0
0.0
0.0
0.0
0.0
0.0
1.37645
0.0
0.0
-0.355559
0.0
0.0
0.0
0.0
-0.799464
0.0
0.0
0.0
0.0
0.0
0.0
0.0
0.0
0.0
-0.189382
0.0
0.414112
0.0
0.0
0.0
0.0
0.0
0.0
0.0
0.0
0.0
0.0
0.0
0.0
0.0
0.0
0.0
0.0
-0.857933
0.0
-1.06748
0.0
0.0
0.0
0.705549
0.0
0.0
0.0
0.0
0.0
0.0
0.0
0.0
0.0
0.0
0.0
0.0
0.0
0.0
0.0
0.0
0.0
0.0
0.0
0.0
0.0
0.0
0.0
0.0
0.0
0.0
0.0
0.0
0.0
0.0
0.0
0.0
0.0
0.0
0.0
0.0
0.0
0.0
0.0
-1.03366
0.0
0.0
0.0
0.0
0.0
0.0
0.0
0.0
0.0
-1.32338
0.0
0.0
0.0
0.0
0.0
0.0
0.0
0.0
0.0
0.0
0.0
0.0
0.0
-1.25157
0.0
0.212557
0.0
0.0
0.0
0.0
0.0
0.0
0.0
0.0
0.0
0.0
0.0
0.0
0.0
0.0
0.0
0.0
0.0
0.0
0.0
0.0
0.0
0.0
0.0
0.0
0.0780214
0.0
0.0
0.0
0.0
0.0
0.0
0.0
0.0
0.0
0.0
0.0
0.0
0.0
0.0
0.0
0.0
0.0
0.0
0.0
0.0
0.0
0.0
0.0
0.0
0.0
0.0
0.0
0.0
0.0
0.0
0.0
0.0
0.0
0.0
0.172194
0.0
0.0
0.0
0.0
0.0
0.0
0.0
0.0
0.0
0.0
0.0
0.0
0.0
0.0
0.0
0.0
0.0
0.0
0.0
0.0
0.0
0.0
0.0
0.0
0.0
0.0
0.0
0.0
0.0
0.0
0.0
0.0
0.0
0.0
0.0
0.0
0.0
0.0
0.0
0.0
0.0
0.0
0.0
0.0
0.0
-0.371398
0.0
0.0
0.0
0.0
0.0
0.0
0.0
0.0
0.0
0.0
0.0
0.668623
0.0
0.0
0.0
0.037245
0.0
0.0
0.0
0.0
0.0
0.0
0.0
0.0
0.0
0.0
0.0
0.0
0.0
0.0
0.0
0.0
0.0
0.0
0.0
0.0
0.0
0.0
0.0
-0.419883
0.0
0.0
0.962198
0.0
0.0
0.0
0.0
0.0
0.0
0.0
0.0
0.0
0.0
0.0
0.0
0.0
0.490653
0.277309
0.518947
0.188731
-0.149096
0.200438
0.223783
-0.102128
0.111302
-0.17246
0.0559853
-0.0549058
0.204317
-0.502277
-1.20796
-0.200979
0.402892
0.200875
-0.362683
-0.55001
0.273324
-0.0676658
0.153612
-0.0354657
0.438744
0.0
0.0
0.0
0.0
0.0
0.0
0.0
0.0
0.0
0.0
0.0
0.0
0.0
0.0
0.0
-0.130518
0.0
0.0
0.0
0.0
0.0
0.0
0.0
0.0
0.0
0.0
0.0
0.0
-1.20544
0.0
0.0
0.0
0.0
0.0
0.0
0.0
0.0
0.0
0.0
0.0
0.0
0.0
0.0
0.0
0.0
0.0
0.0
0.0
0.0
0.0
0.0
0.0
0.0
0.0
0.0
0.0
0.0
0.0
0.0
0.0
0.0
0.0
0.0
0.0
0.0
0.0
0.0
0.0
-0.00437775
0.0
0.0
0.0
0.0926262
0.0
0.0
0.0
0.0
0.0
0.0
0.0
0.0
0.0
0.00276376
0.0
0.0
0.0
0.0
0.0
0.0
0.0
0.0
0.6804
0.0
-0.3535
0.0
0.0
-0.86088
0.0
0.0
0.0
0.0
0.0
0.0
0.0
0.0
0.0
0.0
0.0
0.0
0.0
0.0
0.0
0.0
-0.762862
0.0
0.0
-0.831966
0.0
0.0
2.81941
0.0
0.0
0.0
0.0
0.0
0.0
0.0
0.0
0.0
0.0
0.0
0.0
0.0
0.0
0.0
0.0
0.0
0.0
0.0
0.0
0.0
0.0
0.0
0.0
0.0
0.0
0.0
0.391664
0.0
0.135186
0.0
0.0
0.0
-0.499246
0.0
0.0
1.20447
0.0
0.0
0.0
0.0
0.0
0.0
0.0
0.0
0.0
0.0
0.0
0.0
0.0
0.0
0.0
0.0
0.0
0.0
0.0
0.0
-0.14469
0.0
0.0
0.305929
0.0
0.0
0.0
0.0
0.0
0.0
0.0
0.0
0.0
0.0
0.0
0.0
0.0
0.0
0.0
0.0
0.0
0.0
0.0
0.0
0.0
0.0
0.0
0.0
-0.0137921
0.0
0.0
0.0
0.0
0.0
0.0
0.0
0.0
0.0
0.0
0.0
0.0
0.0
0.0
0.0
0.0
0.0
0.0
0.0
0.0
0.0684645
0.0
0.0
0.0
0.0
0.0
0.0
0.0
0.0
0.0
0.0
0.0
0.468921
0.0
0.0
0.0
0.0
0.0
0.0
0.0
0.0
0.0
0.0
0.0
0.0
0.0
0.0
0.0
0.0
0.0
0.0
0.0
0.0
0.200816
0.0
0.0
0.0
0.0
0.0
0.0
0.0
0.0
0.0
0.0
0.0
0.0
0.0
0.0
0.0
0.191007
0.305279
0.507733
0.956737
-0.334421
0.697413
-0.133808
0.0657877
-0.23105
-0.0598733
0.561911
0.201684
0.382523
-0.0698938
-0.85156
-0.239352
-0.0544175
0.0867384
-0.151396
-0.19105
-0.297945
-0.400621
0.279289
-0.056373
1.00691
0.0
0.0
0.0
0.0
0.0
0.0
0.0
0.0
0.0
0.0
0.0
0.0
0.0
0.0
0.0
0.0
0.0
0.0
0.0
0.0
0.0
0.0
0.0
0.0
0.0
0.0
0.0
0.0
0.0
0.0
0.0
0.0
0.0
0.0
0.0
0.0
0.0
0.0
0.0
0.0
0.0
0.0
0.0
0.0
0.0
0.0
0.0
0.0
0.0
0.0
0.0
0.0
0.0
0.0
0.0
0.0
0.0
0.0
0.0
0.0
0.0
0.0
0.0
0.0
0.0
0.0
0.0
0.0
0.0
0.0
0.0
0.0
0.0
0.0
0.0
0.0
0.0
0.0
0.0
0.0
0.0
0.0
0.0
0.0
0.0
0.0
0.0
0.0
0.0
0.0
0.0
0.289279
1.12885
0.0
0.953428
0.0
0.0
0.0
0.0
0.0
0.0
0.0
0.0
0.0
0.0
0.0
0.0
0.0
0.0
0.0
0.0
0.0
0.0
0.0
0.0
0.0
0.0
0.0
0.0
0.0
0.0
0.0
0.0
0.0
0.0
0.0
0.0
0.0
0.0
0.0
0.0
0.0
0.0
0.0
0.0
0.0
0.0
0.0
0.0
0.0
0.0
0.0
0.0
0.0
0.0
0.0
0.0
0.0
0.0
0.0
0.0
0.0
0.0
0.0
0.0
0.0
0.403402
0.0
0.0
0.0
0.0
0.0
0.0
0.0
-0.760413
0.0
0.0
0.0
0.0
0.0
0.0
0.0
0.0
0.0
0.0
0.0
0.0
0.0
0.0
0.0
0.0
0.0
0.0
0.0
-1.37427
0.0
0.0
0.0
0.0
0.0
0.0
0.0
0.87555
0.0
0.0
-0.72947
0.0
0.0
0.0
0.0
0.0
0.0
0.0
0.0
0.0
0.0
0.0
0.0
0.0
0.0
0.0
0.0
0.0
0.0
0.0
0.0
-0.498832
1.95312
0.0
0.0
0.0
0.0
0.0
0.0
0.0
0.0
0.0
0.0
0.0
0.0
0.0
0.0
0.0
0.0
0.0
0.0
-0.427428
0.0
0.0
0.0
0.0
0.0
0.0
0.0
0.0
-0.587443
0.0
0.0
0.0
0.0
0.0
0.0
0.0
0.0
0.0
0.0
0.0
0.0
0.0
0.0
0.0
0.0
0.0
0.0
0.0
0.0
0.0
0.0
0.0
0.0
0.0
0.0
0.0
0.3902
0.0
0.0
0.0
0.0
0.0
0.0
0.0
0.0
0.0
0.0
0.0
0.0
0.0
0.0
0.0
0.0
0.0
0.0
0.0
0.0
0.0
0.0
0.0
0.0
0.0
0.0
0.0
0.0
0.0
0.0
0.0
0.0
0.0
0.0
1.18998
0.0
0.0
0.0
0.0
0.0
-0.929308
0.0
0.0
0.0
0.0
0.0
0.0
0.0
0.0
0.0
0.0
0.0
0.0
0.0
0.0
0.0
0.0
0.0
0.0
0.0
0.0
0.0
0.0
0.0
0.0
0.0
0.0
0.0
0.0
0.0
0.0
1.33615
0.0
0.0
-0.283571
0.0
0.0
0.0
0.0
0.0
-2.56728
0.0
0.0
0.0
0.0
0.0
0.0
0.0
0.0
0.0
0.0
0.0
0.0
0.0
0.0
0.0
0.0
0.0
0.475772
-0.284325
0.0
0.0
0.0
0.0
0.0
0.0
0.0
0.0
0.0
0.0
0.0
0.0
1.2323
0.0
0.0
0.0
0.0
-0.283915
0.0
0.0
0.0
0.0
0.0
-0.336567
0.0
0.0
0.0
0.0
0.0
0.0
0.0
-0.799286
0.0
0.0
0.0
0.0
0.0
0.0
0.0
0.0
0.234703
0.0
0.0
0.0
0.0
0.0
1.23112
0.0
0.0
0.0
0.0
0.0
0.0
0.0
0.0
0.0
1.39951
0.0
0.0
0.0
0.0
0.0
0.0
0.0
0.0
0.0
0.0
0.0
0.0
0.0
0.0
0.0
0.0
0.0
0.0
0.0
0.0
0.0
0.0
0.0
0.0
0.0
0.0
0.0
0.0
-2.89617
0.0
0.0
0.0
-0.636555
0.0
0.0
0.0
0.0
0.0
0.0
0.0
0.0
0.0
2.23148
0.0
0.522989
0.269347
0.532551
0.177933
-0.135177
0.221661
0.205134
-0.055166
0.104678
-0.0836977
0.132832
-0.0582309
0.209071
-0.513109
-1.19687
-0.191786
0.425088
0.195449
-0.183756
-0.297423
0.453003
-0.141667
0.219626
-0.0581883
0.354787
0.0
0.0
0.0
0.0
0.0
0.0
0.0
0.0
0.0
0.0
0.000397572
0.0
0.0
0.0
0.0
0.0
0.0
0.0
0.0
0.0
0.0
0.0
0.0
0.0
0.0
0.0
0.0
0.0
0.0
0.0
0.0
0.0
0.0
0.0
0.0
3.16627
0.0
0.0
0.0
0.0
0.0
0.0
0.0
0.0
0.0
0.0
0.0
0.0
0.0
0.0
0.0
0.0
0.0
0.0
0.0
0.0
0.0
0.0
0.0
0.0
0.0
0.0
0.0
0.0
0.0
0.0
0.0
0.0
-0.179493
0.0
0.0
0.0
0.0
0.0
0.0
0.0
1.13792
-0.0189901
0.0
0.0
0.0
0.0
1.50618
0.0
-0.116598
0.0
0.0
0.0
0.0
0.0
0.0
0.0
0.0
0.0
0.0
0.0
0.0
0.0
0.0
0.0
0.0
0.0
0.0
0.0
0.0
0.0
0.0
0.0
0.0
0.0
0.0
0.0
0.0
0.0554267
0.0
0.710591
0.0
0.0
0.0
0.0
0.0
0.0
0.0
0.0
0.0
0.0
0.0
0.0
0.0
0.0
0.0
0.0
1.22974
0.0
0.0
0.0
0.0
0.0
0.0
0.0
0.0
0.0
0.0
-0.220766
0.0
0.0
0.0
0.0
0.0
0.0
0.0
0.0
0.0
0.0
0.0
0.0
0.0
0.0
0.0
1.95048
0.0
0.0
0.0
0.0
0.0
-0.082952
0.0
0.0
0.0
0.0
0.0
0.0
0.0
0.0
0.0
0.242269
0.235035
0.522547
0.309145
-0.16671
0.680456
-0.127418
0.0602105
-0.221903
-0.0843138
1.77565
0.306444
0.29006
-0.221889
-0.971133
-0.339943
0.22637
0.143954
-0.389653
0.707035
0.511248
-0.132564
0.422734
0.0837128
0.930339
0.0
0.0
0.0
0.0
0.0
0.0
0.0
0.0
0.0
0.0
0.0
0.0
0.747785
0.0
-0.250338
0.0
0.0
0.0
0.0
0.0
0.0
0.0
0.0
0.0
0.0
0.0
0.0
0.0
0.0
0.0
0.0
0.0
0.0
0.0
0.0
0.0
0.0
0.0
0.0
0.0
0.0
0.0
0.0
0.0
0.0
0.0
0.0
0.0
0.0
0.0
0.0
0.0
0.0
0.0
0.0
0.0
0.0
0.0
0.0
0.0
0.0
0.0172081
0.0
0.0
0.0
0.0
0.0
0.0
0.0
0.0
0.0
0.0
0.0
0.0
0.0
0.0
0.0
0.0
0.0
0.0
0.0
0.0
0.0
0.0
0.0
0.0
0.0
0.0
0.0
0.0
0.0
0.0
0.0
0.0
0.0
0.0
0.0
0.0
-0.540157
0.0
0.0
0.0
0.0
0.0
0.0
0.0
0.0
0.0
0.24743
0.0
0.0
0.0
0.0
0.0
0.0
0.0
0.0
0.0
0.0
0.0
0.0
0.0
0.688622
0.0
0.0
0.0
0.0
0.0
0.0
0.505521
0.0
0.0
0.0
0.0
0.0
0.0
0.0
0.0
0.0
0.0
0.0
0.0
0.0
0.0
0.0
0.0
0.0
0.0
0.0
0.0
0.0
0.0
0.0
0.0
0.0
0.0
0.0
0.0
0.0
0.0
0.0
0.0
0.0
0.0
0.0
0.0
0.0
0.0
0.0
0.0
0.0
0.0
0.0
0.0
0.0
0.0
0.0
0.0
0.0
0.0
0.0
0.0
0.0
0.0
1.41999
0.0
0.0
0.0
0.0
0.0
-1.16954
0.0
0.444217
0.0
0.0
0.0
0.0
0.0
0.0
0.0
0.407937
0.325393
0.208494
0.819943
-0.184597
0.112338
0.0921145
-0.0641625
-0.0203409
-0.477622
0.141796
0.220506
0.172704
-0.821285
-1.20778
-0.250434
0.806324
0.214914
-0.235992
-0.107533
0.258859
-0.272287
-0.0655644
0.389409
0.734463
0.0
-0.168684
0.0
0.0
0.0
0.0
0.0
0.0
0.0
0.0
0.0
0.0
0.0
0.0
0.0
0.0
0.0
0.0
0.0
0.0
0.0
0.0
0.0
0.0
0.0
0.441009
0.263001
0.363376
0.349321
-0.172733
0.210189
0.0449004
0.0509647
-0.0683052
-0.342966
0.159272
0.114198
0.20723
-0.723107
-1.1534
-0.232487
0.677784
0.122613
-0.219852
-0.315496
0.196546
-0.278161
0.0246702
0.0890104
0.497145
0.0
0.0
0.0
0.0
0.0
0.0
0.0
0.0
0.0
0.0
0.0
0.0
0.0
0.0
0.0
0.0
0.0
0.0
0.0
0.0
0.0
0.0
0.0
0.0
0.0
0.300889
0.298162
0.464076
0.693671
-0.161472
0.470224
-0.00512773
0.0510698
-0.118848
-0.320431
0.712918
0.405331
0.256487
-0.591639
-1.05009
-0.386854
0.489634
0.0469788
-0.283508
0.0669289
0.17776
-0.322618
0.181026
0.145286
0.849197
0.0
-0.295055
0.0
0.0
0.0
0.0
0.0
0.0
0.0
0.0
0.0
0.0
0.0
0.0
1.20478
0.0
0.0
0.0
0.0
0.0
0.0
0.0
0.0
0.0
-0.331751
0.0
0.0
0.0
0.0
0.0
0.0
0.0
0.813855
0.0
0.0
0.0
0.0
0.0
0.0
0.0
0.0
0.0
0.0
0.0
0.0
0.0
0.0
0.0
0.0
0.0
0.0
0.792488
0.0
0.0
-0.345388
-0.942752
0.0
0.0
0.0
0.0
0.0
0.0
0.0
0.0
0.0
0.0
0.0
0.0
0.0
0.0
0.139703
0.0
0.0
0.0
0.0
0.0
0.0
0.0
0.0
0.0
0.0
0.0
0.735356
0.0
0.0
0.0
0.0
0.0
0.0
0.0
0.0
0.0
0.0
0.0
0.0
0.0
0.0
0.0
0.0
0.0
0.0
0.0
0.0
0.0
0.0
0.0
0.0
0.0
0.0
0.0
0.0
0.0
0.0
0.0
0.0
0.0
0.0
0.0
0.0
0.0
0.0
0.0
0.0
0.0
0.0
0.255154
3.29998
3.50951
-0.379544
-0.574841
1.11717
-2.48446
-0.164047
-3.3458
0.198765
1.29568
1.8478
-0.926957
-0.347308
-0.0838182
2.74866
4.08296
1.10693
-0.340078
0.241192
4.12241
1.5042
2.39018
-0.450384
-0.499359
-1.45438
-3.12227
-3.17446
-0.259487
0.792597
-1.11219
2.20037
0.173186
3.26682
-0.147841
-0.306636
-1.18074
0.307938
-0.602766
-0.26928
-3.36918
-2.56554
-0.878036
0.445507
-0.133715
-4.14555
-1.80567
-2.06648
1.15826
0.815467
0.331142
1.98869
0.513002
-0.314471
-0.722767
0.878279
-0.549924
-0.18795
0.190992
0.00711225
-0.0207683
1.46717
0.412485
0.0691317
-3.15484
0.636867
2.63195
0.817618
0.0260869
0.12929
-1.6933
-4.0392
0.634875
-0.024106
-0.0782578
-2.55471
-1.85021
-0.652682
-0.199444
-0.36699
0.543879
-1.96683
0.255549
1.40034
0.00990264
0.0253015
0.44712
-0.169578
2.53083
2.95452
0.159395
-1.94624
0.949679
-0.0238998
-0.145107
0.873125
1.51959
0.590936
-0.159353
1.08127
-1.1992
0.177534
0.335228
-0.639015
1.0322
0.00512534
0.724878
0.00915008
-0.0790084
0.0509506
0.236004
0.666991
-0.618896
-0.950131
-0.353356
-0.620603
-0.636978
0.228807
0.10549
0.107483
-0.0228859
-0.928188
0.323747
0.610686
0.595957
0.00475274
2.08861
-0.568623
0.337759
-0.190299
-0.215437
0.649131
-0.29342
-3.49745
-0.00244507
-0.496406
-1.43363
2.10797
2.17943
3.01136
0.469095
-3.06555
2.47793
0.248596
-0.749029
-2.44635
-1.04853
-0.828698
0.715301
0.876749
2.97036
2.0978
1.08149
-0.362954
0.599922
0.0907479
-1.82145
0.342619
0.252584
0.0159878
0.00798324
-0.608842
0.412678
2.22926
-0.513309
1.32664
-2.47683
2.42845
0.476923
-0.295913
1.06128
-0.459028
-2.90363
0.616434
-2.23435
4.23371
-0.363662
-0.480121
0.336058
-1.49229
0.992931
1.19739
-0.0654063
3.2281
0.0657983
-0.10481
-1.16507
4.64322
0.6611
0.371795
0.30991
-0.643565
-1.0356
0.249657
0.580793
-0.614364
-0.634392
-1.76338
0.321191
-0.187987
1.2052
-1.25554
-1.95434
-0.294557
2.88425
-0.272465
-0.519342
0.408264
-0.276554
-0.451348
-0.233623
0.87276
-2.13854
1.89049
-2.88897
1.58214
2.21956
0.714807
0.40594
0.0225873
0.061335
-0.330095
0.887518
0.57686
1.54603
-1.39306
1.03862
2.68387
2.02083
2.19584
-3.51993
0.187899
-1.05269
-0.476318
-0.16777
-0.157459
-0.379459
-2.19034
-0.33229
2.80336
1.55612
1.78004
-1.57331
0.444768
-0.0346155
-0.59614
0.552643
1.18412
0.729724
2.09639
-0.137927
-0.695002
1.37717
2.19729
2.38646
2.21353
-0.814749
2.5609
0.985051
0.0865509
-0.0101967
-0.321379
1.05466
-3.97417
-4.04577
2.71768
-1.24041
0.115199
0.00631309
-0.157514
0.728683
-0.658482
0.60155
0.162585
1.05337
0.628853
0.403975
-2.23546
2.67024
-0.221294
3.13973
2.95122
-1.57324
0.6582
-0.0716604
-0.0622187
0.334045
-3.76718
-1.86908
-1.12577
-0.802043
-1.08262
2.07911
-2.8188
2.52055
0.685495
-0.675933
1.0948
0.215489
0.130975
0.452616
-0.254938
0.228106
0.00728744
0.017436
-0.908654
2.36245
2.04449
-0.655007
-0.06269
-0.00605223
-0.0812386
0.198926
0.151995
-0.665066
-0.00194327
0.0104551
-1.44615
-0.346418
0.877549
-0.0211321
0.154385
0.474765
0.0779934
0.193903
-3.28014
-1.32227
-1.18808
0.424618
-0.728964
0.497959
-3.67494
-2.07599
-2.26893
-1.46108
-0.314804
0.116458
-0.864504
1.29116
2.43223
-0.852441
1.67244
0.275453
-2.16196
3.22913
-4.18386
-0.0862851
0.492966
0.494157
1.38822
0.0868242
0.170195
0.0689104
0.0480009
-0.234043
0.289256
-1.30064
2.5681
0.542853
2.42676
0.00602412
0.347427
0.564009
-0.0116682
-0.367131
0.38434
1.4345
0.244974
0.488702
-1.61074
2.22855
-0.495294
0.220073
2.87637
-0.151943
-0.546924
0.523515
0.277037
-0.33487
0.283709
-0.237654
0.591301
0.921879
1.56426
-2.61171
1.48548
0.765406
-0.504022
-0.405563
-0.502598
-0.259438
1.07878
0.180212
0.468986
0.197419
-0.700162
-1.81986
-1.03213
3.07186
0.734033
-0.505118
-0.203728
-1.01766
0.445897
0.011569
0.884859
0.229582
0.240582
-1.73611
1.87138
-2.81333
-0.652493
1.64742
-0.0487913
-0.636461
0.216057
-1.56457
-0.370368
0.132226
-0.535995
-1.26179
1.67075
1.27163
-1.94689
0.60569
-3.22152
0.607953
0.412135
0.319361
-0.333714
0.127764
-1.47853
-0.174767
0.160953
-2.08683
2.90489
-2.17967
0.588663
0.114281
-0.0965783
0.240078
-0.660856
-1.97332
0.0177583
0.479008
0.723409
2.30082
-5.29931
1.97471
-0.39867
-4.4401
1.69923
-1.44445
0.272356
-0.133336
-0.257249
1.64727
0.732901
-1.13429
0.0708562
-0.231952
-0.472829
5.62727
-1.68471
3.48691
-1.01151
0.217924
0.411077
0.097199
0.136209
0.857828
0.0022173
-0.894562
0.485808
3.53446
-1.48186
2.33614
0.737266
-0.320804
-0.72582
-0.017706
-1.52211
0.527456
0.446536
0.000383572
0.095519
-0.804548
-3.69533
-4.423
0.100759
1.56904
-1.85105
-0.0727688
0.0662173
-1.52841
0.861202
-1.03946
-1.2194
0.306466
-5.06168
2.52408
-4.66846
-1.34017
2.27126
1.05606
-0.378073
0.689195
-0.167083
2.73683
0.0513223
-0.166739
-0.240817
3.01425
1.67289
1.55055
-4.17009
-0.808677
0.227781
0.361959
1.57847
1.23218
0.778882
-1.51606
0.384733
-1.67218
0.552813
-0.993648
-1.80387
0.50546
-1.72169
0.198091
0.164299
-0.526516
1.27343
-0.179855
-0.0809688
-1.04244
3.65755
0.326548
-3.11373
1.80943
-1.50077
-1.11642
-0.732742
0.408596
-1.12751
1.00709
-1.64554
0.326671
-0.1863
1.88376
-0.515633
0.564934
-0.124078
-2.08297
3.33352
1.42107
0.16971
0.0873433
0.124631
-0.0204552
-1.66641
0.14544
1.48504
-0.902126
2.24202
-3.14366
-2.0729
-2.3662
-1.03049
0.0859691
0.908781
-0.681959
0.266965
-1.38386
0.113942
0.0267603
0.0926412
0.000844783
-2.1602
-0.78233
2.5121
-0.142768
-0.227957
0.275349
-0.00634092
0.388625
-0.0569433
-0.300514
-0.449177
-0.14924
1.49454
0.537769
-0.577969
0.0732081
-0.0290167
-0.141325
0.121329
0.166656
0.582138
-0.405088
0.103444
0.328978
-0.306089
0.234766
-2.74744
-2.61929
-2.23283
-0.313721
-0.0581475
-0.132397
0.318769
-0.824658
0.501887
-1.14351
1.06054
0.56307
-0.827102
-2.84667
0.160085
1.30878
0.714882
0.281202
0.307534
0.113826
-0.344704
-3.92441
1.3094
0.379676
-0.931464
0.728555
5.11474
-0.238909
0.702942
0.0533732
-0.137311
0.721966
-0.761705
0.288989
-1.24316
-0.584746
-0.984729
-2.1895
-2.45519
3.1158
3.93845
0.781411
0.207393
0.041787
-0.20777
3.94637
-0.551247
1.10353
-0.133262
-1.05458
-2.24378
0.587139
-2.15855
2.18822
0.580036
-0.0629712
-0.0630487
-0.976499
-1.47544
1.29638
0.0806945
0.146511
-0.475296
1.83183
1.68038
2.67662
-0.738518
-3.11107
0.231214
-2.11811
0.547211
-0.127536
-0.946646
0.372689
0.337096
-0.302521
1.07958
0.607743
-1.67285
2.82416
2.47432
2.08479
0.0262277
-1.00581
-1.63868
-0.234125
-0.917667
0.361821
1.08648
-1.73501
0.339045
1.01004
1.20849
-1.02108
-1.08753
-0.335401
0.951912
0.644756
-0.345084
0.248997
-0.522421
-0.681232
1.89318
-0.927025
-1.37888
2.50687
1.04679
-0.542894
-0.271977
-0.563524
0.175205
0.696371
0.401999
0.450243
0.0705109
-1.85001
2.64073
2.77301
0.0948908
0.222022
-1.50978
1.60542
-0.615413
-0.682852
0.559834
-0.779154
-0.200857
-0.147598
-0.0433769
-2.48422
0.384986
-2.1629
-1.03948
-0.738659
-1.02884
-0.763986
0.69969
-0.331201
-0.0572962
-0.158838
0.317497
0.33982
0.241067
2.32059
0.0208134
-0.652462
1.08504
-0.140998
-0.330975
0.0452556
0.112007
0.367418
-0.199363
0.206221
0.183174
0.453928
-0.485558
-0.0536727
-2.185
-0.0879266
-2.44806
-0.267948
-0.205294
-0.358494
0.104772
-0.0277449
0.0415695
-0.394424
-0.214569
-1.21358
6.50554
-8.53952
9.2893
-9.22316
6.4315
-8.37789
5.05208
-3.97628
0.719241
-4.83284
-6.58757
-3.84177
-0.85923
-1.77486
0.546378
-1.25083
0.150395
-1.19616
-0.474186
-0.338642
-1.23277
-2.70195
-1.14449
-1.98815
-8.36117
6.1958
9.95394
-8.25286
-0.64276
-0.667092
0.473644
-0.528312
-1.22188
1.61502
-5.11328
6.28979
-0.332833
0.00944198
-0.392372
-0.23209
-0.283564
-1.45619
0.0012182
0.162685
-2.17733
3.708
1.41019
-5.75839
6.23747
-6.40215
-10.054
7.15814
2.72536
-5.23086
3.24639
-4.1503
7.46952
-7.37273
-0.888836
-5.4777
1.14792
-3.74952
-1.11566
-3.24435
-6.39763
-0.549094
-5.78851
1.49712
-2.01947
-1.26279
4.23912
-2.87694
0.314215
-1.3118
-0.518492
-0.179935
-2.1329
2.9818
-5.02928
3.97225
-8.42638
7.62481
-2.38739
-7.65409
-4.13337
-0.445421
-4.01175
-0.577053
-6.0345
7.15056
4.02857
-5.9801
0.883613
-1.84998
0.868581
-0.305628
-0.142948
0.2829
-2.68273
4.43221
1.40518
-1.6999
-1.86553
-0.725802
