[-0.08540634578403683,
 -0.40336867544985466,
 -0.08619323899449682,
 0.20017618442260243,
 0.2754706138476024,
 0.033155545464296665,
 -0.4811800849712995,
 -0.8045193513446947,
 -0.8403553149521201,
 -0.11457111696392985,
 -0.14880805283507925,
 -0.9391920985222271,
 -0.4261091075122394,
 0.0684508842281275,
 -0.0937695078607419,
 0.09881080502910322,
 -0.3059206582298657,
 0.9410054661612435,
 -0.40463106850057784,
 -1.6068552855784333,
 -0.07674490986448745,
 -0.10151574210951253,
 0.19706966573887996,
 -0.05635870746030491,
 0.2229886806659067,
 -0.13047831997403136,
 -0.1318902624596774,
 0.1651650850045172,
 -0.8905866423087048,
 -0.053975804417575546,
 0.053579955745533425,
 0.054126632290788734,
 -0.07517911533810206,
 -0.40899703602173076,
 -0.16338824301278265,
 -0.20972470102117313,
 -0.2880850384525502,
 0.05655580891931322,
 -0.5440926447292611,
 0.7703360155395842,
 0.11784440358756854,
 0.7310678266325112,
 0.5378085800514327,
 -0.21694020286747673,
 0.021450244771870075,
 0.07591356869809118,
 -0.20887531308210328,
 -0.07231253416009764,
 -0.12957611480435816,
 0.15838476586111483,
 0.5019383941561273,
 0.04061887375723927,
 -0.193377270104655,
 0.2889798502014287,
 -1.6949537244760222,
 -0.2986413233484484,
 -0.05641189483893072,
 0.007989202684541397,
 0.14155537459868128,
 0.16056087416205855,
 0.032088879036109574,
 0.05980381216693331,
 -0.2733473325155842,
 -0.1799023681225549,
 0.03705719395553331,
 -0.46839582483566033,
 -1.1239323843801685,
 0.16421959685592924,
 -0.8290857617722054,
 0.1849408278425244,
 -0.04130602208695677,
 -0.31804892143048846,
 0.6205875512078478,
 0.009736891183138141,
 0.39969369825499257,
 0.4431582510570138,
 -0.07318958595396907,
 -0.24228520144012577,
 0.19553161377862693,
 -0.15230984165212647,
 -0.019665449537086488,
 -1.0170459075645795,
 0.02425341236026668,
 -0.1331284557311676,
 -0.016994765216395535,
 -0.0675820949373076,
 0.17562316394008803,
 -0.16539493433145935,
 -1.2194201277985712,
 0.4418723440647625,
 0.004438162203001639,
 0.2268931520797821,
 -0.12646383718390553,
 -0.1710357050743596,
 -0.25197691534663136,
 1.1154164651156258,
 -0.0539703865552994,
 -0.12963389594790442,
 -0.211049296869934,
 -0.08670372251290814,
 -0.5442580632238787,
 0.29043648813618006,
 0.1607742504939722,
 0.07271372374439977,
 0.09661094180070506,
 -0.23261846751236703,
 -0.5466450470979254,
 0.8668083834908202,
 -0.4746694420590032,
 -0.06411437482253746,
 0.2790408957893078,
 -0.1870597462124124,
 0.034046763694945525,
 -0.4245173472155557,
 -1.0579122165898127,
 -0.5131395679607067,
 -0.009661719380787304,
 0.07641662034379237,
 0.14226526986436738,
 0.006578220027506632,
 0.033339381090627285,
 -0.873067731771016,
 -0.2144738805739621,
 -0.567747203869402,
 0.26793870433274947,
 -0.8381416221714062,
 -0.0037110026792817052,
 -0.4847009325677618,
 0.06097988198953885,
 -0.4616167716177699,
 0.16566527737188608,
 -0.11502775088160888,
 0.0007062463424603038,
 0.09515076921696419,
 -0.315534641688469,
 -0.19929346155179672,
 0.04582873528318032,
 -0.4152972730273632,
 -0.6732996008089174,
 -0.24868364925461606,
 0.29186758506270394,
 -0.35967018307738385,
 0.046504851654120216,
 -0.4689787399619689,
 -0.10625788745323916,
 -0.04240065603386256,
 0.5445848712711836,
 0.10728721740613878,
 0.015543472452065998,
 -0.007402123877412237,
 0.38899407867418745,
 0.07606923170447999,
 -0.056704818539031976,
 0.31696077807509937,
 -0.12237432141034787,
 0.014024928075969001,
 -0.13169161172581312,
 -0.6957470187119981,
 -0.7397790106838045,
 -0.39435387565126234]
