[293, 36, 36, 4]
0.0
0.0
0.0
0.0
0.0
0.0
0.0
0.0
0.0
0.0
0.0
0.0
0.0
0.0
0.0
0.0
0.0
0.0
0.0
0.0
0.0
0.0
0.0
0.0
0.0
0.0
0.0
0.0
0.0
0.0
0.0
0.0
0.0
0.0
0.0
0.0
0.0
0.0
0.0
0.0
0.0
0.0
0.0
0.0
0.0
0.0
0.0
0.0
0.0
0.0
0.0
0.0
0.0
0.0
0.0
0.0
0.0
0.0
0.0
0.0
0.0
0.0
0.0
0.0
0.0
0.0
0.0
0.0
0.0
0.0
0.0
0.0
0.0
0.0
0.0
0.0
0.0
0.0
0.0
0.0
0.0
0.0
0.0
0.0
0.0
-1.02668
0.0
0.0
0.0
0.0
0.0
0.0
0.0
0.0
0.0
0.0
0.0
0.0
0.0
0.0
0.0
0.0
0.374487
0.0
0.0
0.0
0.0
0.0
0.0
0.0
0.0
0.0
0.0
0.0
0.0
0.0
0.0
0.0
0.0
0.0
0.0
0.0
0.0
0.0
0.0
0.0
0.0
0.0
0.0
0.0
0.0
0.0
0.0
0.0
0.0
0.0
0.0
0.0
0.0
0.0
0.0
0.0
0.0
0.0
0.0
0.0
0.0
0.318677
0.0
0.0
0.0
2.61372
0.0
0.0
0.0
0.0
0.0
0.0
0.0
0.0
0.0
-1.14071
0.0
0.0
0.0
0.0
0.0
0.0
0.0
0.0
0.0
0.0
0.0
0.0
0.0
0.0
0.0
0.0
0.0
0.0
0.124617
-2.21211
-0.367579
0.63587
0.355276
1.64298
2.5651
-0.149286
-2.09849
-0.424169
-3.04996
4.39799
-4.18784
0.25112
2.92243
-0.335754
0.0614071
2.70168
-0.206029
-1.13093
0.818372
0.181896
0.28577
-2.43284
-3.3428
0.31199
-1.77366
0.797976
-0.303756
0.211579
0.54049
-0.22659
0.517096
1.94856
0.0852557
1.14176
0.0
0.0
0.0
0.0
0.0
0.0
0.0
0.0
0.0
0.0
0.0
0.0
0.0
0.0
0.0
0.0
0.0
0.431348
0.0
0.0
0.0
0.0
0.0
0.0
-0.158733
0.0
0.0
0.0
2.21151
0.0
0.0
0.0
0.0
0.0
0.0
0.0
0.119323
-2.0787
0.609595
0.71662
-0.311589
2.89429
3.03254
-0.212991
-2.86971
0.228573
-3.8871
3.61602
-4.19961
1.08277
2.52923
-0.284026
0.00839072
3.80812
-0.541218
-1.21607
1.14685
-0.64964
0.0811845
-2.4045
-3.84676
-0.608905
-1.69374
1.02626
-0.597643
-0.0546984
0.39735
-0.393665
-0.358027
1.2747
0.0475469
1.29834
-0.183762
-3.50477
-0.869233
0.0882734
0.017072
3.00435
1.82637
-0.0701392
-2.94173
1.94044
-3.66615
4.68717
-2.83527
-0.152259
2.42277
-0.0111035
-0.17934
2.74981
-0.417011
-0.288874
-0.690903
0.297957
0.809871
-1.78288
-3.31752
-0.773768
-1.95337
1.07448
0.339325
0.0133857
-0.207763
-0.736447
0.658344
0.775167
0.332492
1.2447
0.0
0.0
0.0
0.0
0.0
0.0
0.0
0.0
0.0
0.0
0.0
1.80474
0.141869
0.0
0.0
0.0
0.0512927
0.0
0.0
0.0
0.0
0.0
0.0
0.0
0.0
0.0
0.0
0.0
0.0
0.0
0.0
0.0
0.0
0.0
-3.17184
0.0
0.750409
-1.65166
-0.926364
0.373614
-0.29332
2.37784
1.65755
-0.173877
-1.2712
1.29194
-2.47488
3.42161
-3.45552
0.83529
2.44894
-0.222294
-0.210187
1.62469
-0.179677
-0.452242
-0.133067
0.260417
0.105706
-1.88573
-2.64199
-0.297828
-1.86895
1.02613
-0.650499
-0.152014
0.038962
-0.397819
0.51333
0.488807
0.417646
1.81247
0.0
0.0
0.0
0.0
0.0
0.0
0.0
0.0
1.28428
0.0
0.0
0.0
0.0
0.0
0.0
0.0
0.0
0.0
0.0
0.0
0.0
0.511058
0.0
0.0
0.0
0.0
0.0
0.0
0.0
0.0
0.0
0.0
0.0
0.0
0.0
0.0
0.0
0.0
0.0
0.0
0.0
0.0
0.0
0.0
0.0
0.0
0.0
0.0
0.0
0.0
0.0
0.0
0.0
0.0
0.0
0.0
0.0
0.0
0.0
0.0
0.0
0.0
0.0
0.0
0.0
0.0
0.0
1.19549
0.233847
0.0
0.0
0.0
0.0
0.0
0.0
0.193944
0.0
0.0
0.0
0.0
0.0
0.0
0.0
0.0
0.0
0.0
0.0
0.0
0.0
0.0
0.0
0.0
0.0
0.0
0.0
0.0
0.0
0.0
0.0
0.0
0.0
0.0
0.822447
0.0
0.0
0.0
0.0
0.0
0.0
0.0
0.0
0.0
0.0
0.0
0.0
0.0
0.0
0.0
0.0
0.0
0.0
0.0
0.0
0.0
0.0
0.0
0.0
0.0
0.0
0.0
0.0
0.0
0.0
0.0
0.0
0.0
0.0
0.0
0.0
0.0
0.0
0.0
0.0
-0.0109718
0.0
0.0
0.0
0.0
0.0
0.0
0.0
0.0
0.0
0.0
0.0
0.0
0.0
0.0
0.0
0.0
0.0
0.0
0.0
0.0
0.0
0.0
-0.415231
0.0
0.0
0.0
0.0
0.0
-0.0505042
0.0
0.0
0.0
0.0
0.0
0.0
0.0
0.0
0.0
0.0
0.0
0.0
0.0
0.0
0.0
0.0
0.0
0.0
0.0
0.0
0.0
0.0
0.0
0.0
-0.203511
0.0
0.0
0.0
0.0
0.0
0.0
0.0
0.0
0.0
0.0
0.0
0.0
0.0
0.0
0.0
0.0
0.0
-0.705839
0.0
0.0
0.0
0.0
0.0
0.0
0.0
0.0
0.0
0.0
0.0
0.0
0.0
0.0
0.0
0.0
0.0
0.0
0.0
0.0
0.0
0.0
0.0
0.0
0.0
0.0
0.0
0.0
0.0
0.0
0.0
0.0
0.0
0.0
0.0
0.0
0.0
0.0
0.0
0.0
0.0
0.0
0.0
0.0
0.0
0.0
0.0
0.0
0.0
0.0
0.0
0.0
-0.701286
0.0
0.0
0.0
0.0
0.0
0.0
0.0
0.500516
0.0
0.0
0.0
0.0
0.0
0.0
0.0
0.0
0.0
0.0
0.320561
0.0
0.0
0.0
0.0
0.0
0.0
0.0
0.0
0.0
0.0
0.0
0.0
0.0
0.0
0.0
0.0
0.0
0.0
0.0
0.0
0.0
0.0
0.0
0.0
0.0
0.0
0.0
0.0
0.0
0.0
0.0
0.0
0.0
0.0
0.0
0.0
0.0
0.0
-1.43985
0.0
0.0
0.0
0.0
0.0
0.0
0.0
0.0
0.0
0.0
0.0
0.0
0.0
0.0646996
0.0
0.0
0.0
0.0
0.0
0.0
0.0
0.0
0.0
0.0
0.0
0.0
0.0
0.0
0.0
0.0
0.0
0.0
0.0
-0.301495
-3.44234
-2.19565
0.665872
-0.59434
1.13299
0.716157
-0.613255
0.245192
0.285857
-1.08493
3.23156
-4.47051
0.082584
4.76075
0.228529
-0.326481
-1.03883
-0.228855
-1.31376
-0.266004
-0.380332
-1.16326
-2.0453
-2.75432
-0.319665
-1.66919
2.35452
-0.24507
-1.07684
-1.20504
-0.207012
0.549861
1.3567
0.0208173
-1.084
0.0
0.0
0.0
0.0
0.0
0.0
0.0
0.0
0.0
0.0
0.0
0.0
0.0
-1.79978
0.0
0.0
0.0
0.0
0.0
0.0
0.0
0.0
0.0
0.0
0.0
0.0
0.0
0.0
0.0
0.0
0.0
-0.0590957
0.0
0.0
0.0
0.0
0.0
0.0
0.0
0.0
0.0
0.0
0.0
0.0
0.0
-0.0508377
0.0
0.0
0.0
0.0
0.0
0.0
0.0
0.0
0.0
0.0
0.0
-0.679669
0.0
0.0
0.0
0.0
0.0
0.0
0.0
0.0
0.0
0.0
0.0
0.0
0.0
0.0
0.0
0.0
0.0
0.0
0.0
0.0
0.0
0.0
0.0
0.0
0.0
1.63444
-1.17205
0.0
0.0
0.0
0.0
0.0
0.0
0.0
0.551104
0.0
0.0
0.0
0.0
0.0
0.0
0.0
0.0
0.0
0.0
0.0
0.0
0.0
0.0
0.0
0.0
0.0
0.0
0.0
0.0
0.0
0.0
0.0
0.0
0.0
0.0
1.10745
0.0
0.0
0.0
0.0
0.0
0.0
0.0
0.0
0.0
0.0
1.97781
0.0
0.0
0.0
0.0
0.0
0.0
0.0
0.0
0.0
0.0
0.0
0.0
0.0
0.0
0.0
0.0
0.0
0.0
-1.20413
0.0
0.0
0.0
0.0
0.0
0.0
0.0
0.0
0.0
0.0
0.0
0.0
0.0
0.0
0.0
0.0
0.0
0.0
0.0
0.0
0.0
0.0
0.0
0.0
0.0
0.0
0.0
0.0
0.0
0.0
0.0
0.0
0.0
0.0
0.0
0.0
0.0
0.0
0.0
0.0
0.0
0.0
0.0
0.0
0.0
0.0
0.0
0.0
0.0
0.0
0.0
0.0
0.0
0.0
0.0
0.0
0.0
0.0
0.0
0.0
0.0
0.0
0.0
0.748922
0.0
0.0
-0.0193705
-0.989537
-0.143806
0.146653
0.0406761
1.90012
1.82115
-0.0947617
-0.582571
0.552285
-0.72957
2.62276
-2.99218
-0.144877
3.3087
-0.110553
0.0304757
1.44122
-0.0979944
-0.960249
-0.690413
0.217629
0.567805
-0.715331
-2.86398
-0.306749
-2.05287
1.23527
0.173418
-0.103604
-0.284888
-0.218431
0.448494
0.25065
-0.000494828
0.00348302
0.0
0.0
0.0
0.0
0.0
0.0
0.0
0.0
0.0
0.0
0.0
0.0
0.0
0.0
1.02201
0.0
0.0
0.0
0.0
0.0
0.0
1.38348
0.0
0.0
0.0
0.0
-0.0432468
0.0
0.0
0.0
0.0
0.0
0.0
0.0
0.0
0.0
0.26772
-1.31205
-0.823244
-0.0871339
0.394039
3.14956
1.45304
0.208882
-0.682334
-0.338401
0.865159
2.08732
-3.10631
-0.882774
3.58095
0.126429
0.823223
-1.45678
-0.177473
-0.312229
-1.35817
0.887233
1.41205
-0.667142
-2.6497
0.992971
-2.14347
2.69032
0.631939
-0.735883
0.115151
-2.3382
-0.297294
0.192472
0.581755
0.813195
0.0
0.0
0.0
0.0
0.0
0.0
0.0
0.0
0.0
0.0
0.0
0.0
0.0
0.0
0.0
0.0
0.0
0.0
0.0
0.0
0.0
0.0
0.0
0.0
0.0
0.0
0.0
0.0
0.0
0.0
0.0
0.0
0.0
0.0
0.0
0.0
0.2567
0.0
0.0
0.0
0.0
0.0
0.0
0.0
0.0
0.0
0.0
0.0
0.0
0.0
0.0
0.0
0.0
0.0
0.0
0.0
0.0
0.0
0.0
0.0
0.0
0.0
0.0
0.0
0.0
0.0
0.0
0.0
0.0
0.0
0.0
0.0
0.0
0.0
0.0
0.0
0.0
0.204408
0.0
0.0
0.0
0.0
0.0
-0.304948
1.52677
0.0
0.0
0.0
0.0
0.0
0.0
0.0
0.0
0.0
0.0
-0.0883228
0.0
0.0
0.0
0.273091
0.0
0.0
0.0
0.0
0.0
0.0
0.0
0.0
0.0
0.0
0.0
0.0
0.0
0.0
0.0
0.0
0.0
0.0
0.0
0.0
0.0
0.0
0.0
0.0
0.0
0.0
0.0
1.56405
0.0
0.0
0.0
0.0
0.0
0.0
0.0
0.0
0.0
0.0
0.0
0.0
0.0
0.0
0.0
0.0
0.0
0.0
0.0
0.0
0.0
0.0
0.0
0.0
0.0
0.0
0.0
0.0
0.0
0.0
0.0
0.0
0.0
0.0
0.0
0.0
0.0
0.0
0.0
0.0
0.0
0.0
0.0
0.0
0.0
0.0
0.0
0.0
0.0
0.0
0.0
0.0
0.0
0.0
0.0
0.817421
0.0
0.0
0.0
0.0
0.0
0.0
0.0
0.0
0.0
0.0
0.0
0.0
0.0
0.0
0.0
0.0
0.0
0.0
0.0
0.0
0.0
0.0
0.0
0.0
0.0
0.0
0.0
0.0
0.0
0.0
0.0
0.0
-0.119544
-3.03272
-0.717856
0.0513186
-0.625946
1.99923
0.915745
-0.0203232
-0.712658
0.369287
-1.35145
1.59618
-3.2983
0.133807
2.96589
-0.0394523
-0.554793
-1.92707
0.034817
-1.21821
-1.41345
-1.01278
0.504808
-2.14132
-3.21209
1.0831
-2.37021
2.33658
-0.584744
-0.272721
0.297134
0.0508662
-0.606854
1.89424
-0.0683395
-0.879623
0.0
0.0
0.0
0.0
0.0
0.0
0.0
0.361361
0.0
0.810316
0.0
0.0
-0.262955
0.0
0.0
0.0
0.0
0.0
0.0
0.0
0.0
0.0
0.0
0.0
0.0
0.0
0.0
0.0
0.0
0.0
0.0
0.0
0.0
0.0
0.0
0.0
0.0
0.0
0.0
1.83303
0.0
0.0
0.0
0.0
0.0
0.0
0.0
0.0
0.0
0.0
0.0
0.0
0.0
0.0
0.0
0.0
0.0
0.0
0.0
0.0
0.0
0.0
0.0
-0.050764
0.0
0.0
0.0
0.0
0.0
0.0
0.762192
0.0
0.0
0.0
0.0
0.0
0.0
0.0
0.0
0.176751
0.0
0.0
0.0
0.0
0.0
0.0
0.0
0.0
0.0
0.0
0.0
0.0
0.0
0.0
0.0
0.0
0.0
0.0
0.0
0.0
0.0
0.0
0.0
0.0
0.0
0.0
0.0
0.0
0.0
0.0
0.0
0.0
0.0
0.0
0.0
0.0
0.0
0.0
0.0
0.0
0.0
0.0
0.0
0.0
0.0
0.0
0.0
0.0
0.0
0.0
0.0
0.0
0.0
0.0
0.0
0.0
0.0
0.0
0.0
0.0
0.0
0.0
0.0
0.0
0.0
0.0
0.0
0.0
-0.374456
-0.925664
0.0
0.0
0.0
0.0
0.0
0.0
0.0
0.0
0.0
0.0
0.0
0.0
0.0
0.0
0.0
0.0
0.0
0.0
0.0
0.0
0.0
0.0
0.0
0.0
0.0
0.0
0.0
0.0
0.0
0.0
0.0
0.0
0.0
0.0
0.0
0.0
0.0
0.0
0.0
0.0
0.0
0.0
0.0
0.0
0.0
-1.76897
0.0
0.0
0.0
0.0
0.0
0.0
0.0
0.0
0.0
0.0
0.0
-2.03788
0.0
0.0
0.0
0.0
0.0
0.0
-0.739324
0.0
-2.64976
0.0
0.0
0.0
0.0
0.0
0.0
0.0
0.0
0.0
0.0
0.0
0.0
0.0
0.0
0.0
0.0
0.0
0.0
0.0
0.0
0.0
0.0
0.0
0.0
0.0
0.0
0.0
0.0
0.0
-0.609171
0.0
0.0
0.0
0.0
0.0
0.0
0.0
0.0
0.0
0.0
0.0
0.0
0.0
0.0
0.0
0.0
0.0
0.0
0.0
0.0
0.0
0.0
0.0
1.93764
0.0
0.0
0.0
-0.0842688
0.0
0.0
0.0
0.0
0.0
0.0
0.0
0.0
0.0
0.0
0.0
0.0
0.0
0.0
0.0
0.0
0.0
0.0
-0.885761
0.0
0.0
0.0
0.0
0.0
0.0
0.0
0.0
0.0
0.0
0.0
0.0
0.0
0.0
0.0
0.0
0.0
0.0
0.0
0.432375
0.0
0.0
0.0
0.0
0.0
0.0
0.0
0.0
0.0
0.0
0.0
0.0
0.0
0.0
0.0
0.0
0.0
0.0
0.0
0.0
0.0
0.0
0.0
0.0
0.0
0.0
0.0
0.0
0.0
0.0
0.0
0.0
0.0
0.0
0.0
1.84707
0.0
-0.418223
0.0
0.0
0.0
0.0
0.366026
0.0
0.0
0.0
-0.258692
-1.73502
-1.05008
0.188212
-1.03726
3.63421
1.97792
0.282556
1.13115
-0.0842809
1.12305
1.77802
-2.28196
-0.500723
4.03654
-0.214446
-0.000958167
-2.28901
-0.000295759
-0.604524
-1.01734
-0.164653
1.12875
-1.26714
-2.45574
0.853077
-2.49057
2.49726
-0.74616
-0.339266
-1.16497
-0.323699
-0.258681
0.201706
-0.246641
-0.0537949
0.0
0.0
0.0
0.0
0.0
0.0
0.0
0.0
0.0
0.0
0.0
0.0
0.0
0.0
0.0
0.0
0.0
0.0
0.0
0.0
0.0
0.0
0.0
0.0
0.0
0.0
0.0
0.0
0.0
0.0
0.0
0.0
0.0
0.0
0.0
0.0
0.0
0.0
0.0
0.0
0.0
0.0
0.0
0.0
0.0
0.0
0.0
0.0
0.0
0.0
0.0
0.0
0.0
0.0
0.0
0.0
0.0
0.0
0.0
0.751028
0.0
0.0
0.0
-0.369842
0.0
0.474769
0.0
0.0
0.0
0.0
0.0
0.0
0.0
0.0
0.0
0.0
0.0
0.0
0.0
0.0
0.0
0.0
-1.19112
0.0
0.0
0.0
0.0
0.0
0.0
0.0
0.0
0.0
0.0
0.0
0.0
0.0
0.0
0.0
0.0
0.0
0.0
0.0
0.0
0.0
0.0
0.0
0.0
0.661468
0.0
0.0
0.0
0.0
0.0
0.0
0.0
0.0
0.0
0.0
0.0
0.0
0.0
0.0
0.0
0.0
0.0
0.0
0.0
0.0
0.0
0.0
0.0
0.0
0.0
0.0
0.0
0.0
0.0
0.0
0.0
0.0
0.0
-0.409671
0.0
0.0
0.19435
-0.303637
2.20462
-0.372616
0.442776
2.47586
0.719173
0.518303
0.69014
-2.37608
1.86416
-0.250946
-1.00175
-0.160067
1.17959
0.235137
-0.0163102
-2.04541
0.0250876
-0.629294
-0.113155
0.710607
0.988737
-0.290779
-1.60548
2.32687
-4.27936
1.40605
0.465798
-0.165935
0.39562
0.244462
0.739869
-3.9893
-0.644742
-0.145024
0.0
0.0
0.0
0.0
0.0
0.0
0.0
0.0
0.0
0.0
0.0
0.0
0.0
0.0
0.0
-0.382884
0.0
1.34777
0.0
0.0
0.0
0.0
0.0
0.0
0.0
0.0
0.0
0.0
0.0
-0.274256
0.0
0.0
0.0
0.0
0.0
-0.210141
0.0
0.0
0.0
0.0
0.0
0.0
0.0
0.0
0.0
0.0
0.0
0.0
0.0
0.0
0.0
0.0
0.0
0.0
0.0
0.0
0.148347
0.0
0.0
0.0
0.0
0.0
0.0
0.0
0.0
0.0
0.0
0.0
0.0
0.0
0.0
-0.943989
0.0
0.0
0.0
0.0
0.0
0.0
0.500037
0.0
0.0
0.0
0.0
1.19707
0.0
0.0
0.0
0.0
0.0
0.0
0.0
0.368651
0.0
0.0
0.0
0.0
0.0
0.0
0.0
0.0
0.0
0.0
-0.742387
0.0
0.0
0.0
0.0
0.0
0.0
0.0
0.0
0.0
0.0
0.0
0.0
0.0
0.0
0.0
0.0
0.0
0.0
0.0
0.0
0.0
0.0
0.0
0.0
0.0
-0.102798
0.0
0.0
0.0
0.0
0.0
0.0
0.0
0.662144
0.0
0.0
0.0
0.0
0.0
0.0
0.0
0.0
0.0
0.0
0.0
0.0
0.0
0.0
0.0
0.0
0.0
0.0
0.0
0.0
0.0
0.0
0.0
0.0
0.0
0.0
0.0
0.0
0.0
0.0
0.0
0.514961
0.0
0.0
0.0
0.0
0.0
0.0
0.0
0.0
0.0
0.0
0.0
0.0
0.0
0.0
0.0
0.0
2.0503
0.0
0.0
0.0
0.0
0.0
0.0
0.0
0.0
0.0
0.0
0.0
0.0
0.0
0.0
0.0
0.0
0.0
0.0
0.0
0.0
0.0
0.0
0.0
0.0
0.0
0.0
0.0
0.0
0.0
0.0
0.0
0.0
0.0
0.0
0.0
0.0
0.0
0.0
0.0
0.0
0.0
0.0
0.0
0.0
0.0
0.0
0.0
0.0
0.0
-1.07591
0.0
0.0
0.0
0.0
0.0
0.0
0.0
0.0
0.0
0.0
0.0
0.0
0.0
0.84709
0.0
0.0
0.0
0.0
0.0
0.0
0.0
0.0
0.0
0.0
0.0
0.0
0.0
-2.04348
0.0
0.0
0.0
0.0
0.0
0.0
0.0
0.0
0.0
0.0
0.0
0.0
0.0
0.0
0.0
0.0
0.0
0.0
0.0
0.0
0.0
0.0
0.0
0.0
0.0
0.0
0.0
0.0
0.0
0.0
0.0
0.0
0.0
0.0
0.0
0.0
0.0
0.0
0.0
0.0
0.0
0.0
0.0
0.0
1.29524
0.0
0.0
0.0
0.0
0.0
0.0
0.0
0.0
0.0
0.0
0.0
0.0
0.0
0.0
0.0
0.0
0.0
0.0
0.0
-0.381529
0.0
0.0
0.0
0.0
0.0
0.0
0.0
0.0
0.0
0.0
0.0
0.0
0.0
0.0
0.0
0.0
0.0
0.0
0.0
0.0
0.0
0.0
0.0
0.0
0.0
0.0
0.0
0.0
0.0
0.0
0.0
0.0
0.0
0.0
0.0
0.0
0.0
0.0
0.0
0.0
0.0
0.0
0.0
0.0
0.0
0.0
0.0
0.0
0.0
0.0
0.0
0.0
0.0
0.0
0.0
-1.3939
0.135121
0.0
0.0
0.0
0.0
0.0
0.0
0.0
0.0
0.0
0.0
0.0
0.0
0.0
0.0
-0.369479
0.0
0.0
0.0
0.0
0.0
0.0
0.0
0.0
0.671152
0.0
0.0
0.0
0.0
0.0
0.0
0.0
0.0
0.0
0.0
0.0
0.0
0.0
0.0
0.0
0.0
0.0
0.0
0.0
0.0
0.0
0.0
0.0
0.0
0.0
0.0
0.0
0.0
0.0
0.0
0.0
-1.68515
0.420914
0.0
0.0
0.0
0.0
0.0
0.0
0.0
0.0
0.0
0.0
0.0
0.0
0.0
0.0
0.0
0.0
0.0
0.0
0.0
0.0
0.0
0.0
0.0
0.0
0.0
0.0
0.0
0.0
0.0
0.0
0.760135
0.0
0.0
0.0
0.0
0.0
0.0
0.0
0.0
0.0
0.0
0.0
0.0
0.0
0.0
0.0
0.0
0.0
0.0
0.0
0.0
0.0
0.0
0.0
0.0
0.503657
0.0
0.0
0.0
0.0
0.0
0.0
0.0
0.0
0.0
0.0
0.0
0.0
0.0
0.0
0.0
0.0
0.0
0.0
0.0
-1.34987
0.0
0.0
0.0
0.0
0.0
0.0
0.0
0.0
0.0
0.0
0.0
0.0
0.0
0.0
0.0
0.0
0.0
0.0
0.0
0.0
0.0
0.278453
0.550349
1.56129
-0.190935
0.249921
1.95981
1.26273
1.10725
2.06147
-2.81739
2.31896
0.660043
-1.23381
-1.36227
0.81798
0.267703
0.148983
-1.19668
-0.530458
-0.982623
0.317174
0.610035
1.06854
-0.0627036
-2.20147
3.21577
-3.94271
3.05865
0.292755
0.074129
1.40359
0.105463
-0.545052
-5.02252
-1.28402
0.41261
0.0
0.0
0.0
0.0
0.0
0.985783
0.0
0.0
0.0
0.0
0.0
0.0
0.0
0.0
0.0
0.0
0.0
0.0
0.0
0.0
0.0
0.0
0.0
0.0
0.0
0.0
0.0
0.0
0.0
0.0
0.0
0.0
0.0
0.0
0.0
0.0
0.0
0.0
0.0
0.0
0.0
0.0
0.0
0.0
0.0
0.0
0.0
0.904384
0.0
0.0
0.0
0.0
0.0
0.0
1.63044
0.0
0.0
0.0
0.0
0.0
0.0
0.0
0.0
0.452814
0.0
0.0
0.0
0.0
0.0
0.0
0.0
0.0
0.0
0.0
1.62767
0.0
0.0
0.0
0.0
0.0
0.0
0.0
0.0
0.0
0.0
0.0
0.0
0.0
0.0
0.0
0.0
0.0
0.0
0.0
0.0
-2.25424
0.0
0.0
0.0
0.0
0.0
0.0
0.0
0.0
0.0
0.0
0.0
0.0
0.0
0.66501
0.0
0.0
0.0
0.0
0.0
-1.19993
0.0
0.0
0.0
0.0
0.0
0.0
0.0
0.0
0.0
0.0
0.0
0.0
0.0
0.0
0.0
0.0
0.0
0.0
0.0
0.0
0.0
0.0
0.0
0.0
0.0
0.0
0.0
0.0
0.0
0.0
0.0
0.0
0.0
0.0
0.0
0.0
0.0
0.0
0.0
0.0
0.0
1.46459
0.0
0.0
0.0
0.0
0.0
0.0
0.0
0.0
0.0
0.0
0.0
0.0
0.0
0.0
0.0
0.0
0.0
0.0
0.0
0.0
0.0
0.0
0.0
0.0
0.0
0.0
0.0
0.0
0.0
0.0
0.0
0.0
0.0
0.0
0.0
0.0
0.0
0.0
0.0
0.0
0.0
0.0
0.0
0.0
0.0
0.0
0.0
0.0
0.820672
0.0
0.0
0.0
0.0
0.0
0.0
0.0
0.0
0.0
0.0
0.0
0.0
0.0
0.0
0.0
0.0
-1.18752
0.0
0.0
0.0
0.0
0.0
0.0
0.0
0.0
0.0
0.0
0.0
0.0
0.0
0.0
0.0
0.0
0.0
0.0
0.0
0.0
0.0
0.0
0.0
1.02958
0.0
0.0
0.0
0.0
0.0
0.0
0.0
0.0
0.0
0.0
0.0
0.0
0.0
0.0
0.0
0.0
0.0
0.0
0.0
0.0
0.0
0.0
0.0
0.0
0.0
0.0
0.0
0.0
0.0
0.0
0.0
0.0
0.0
0.0
0.0
0.0
0.0
0.0
0.0
-0.320527
0.0
0.0
0.0
0.0
0.0
0.0
0.0
0.0
0.0
0.0
0.0
0.0
0.0
0.0
0.0
0.0
0.0
0.0
0.0
0.0
0.0
0.0
0.0
0.0
0.0
0.0
0.0
0.0
0.0
1.33357
0.0
0.0
0.0
0.0
0.0
0.0
0.0
0.0
0.0
0.0
0.0
0.0
0.0
0.0
0.0
0.0
0.0
-1.41218
0.0
0.0
0.0
0.0
0.0
0.0
0.0
0.0
0.0
0.0
0.0
0.0
0.0
0.0
0.0
0.0
0.0
0.0
0.0
0.0
0.0
0.0
0.0
0.0
0.0
0.0
0.0
0.0
0.0
0.0
0.0
0.0
0.0
0.0
0.0
0.0
0.0
0.0
0.0
0.488752
0.0
0.0
0.0
0.0
0.0
0.0
0.0
0.0
0.0
-0.872594
0.0
0.0
0.0
0.0
0.0
0.0
0.0
0.0
0.0
0.0
0.0
0.0
0.0
0.0
0.0
0.0
0.0
0.0
0.0
0.0
0.0
0.0
0.0
0.0
0.0
0.0
0.0
0.0
0.0
0.0
0.0
0.0
0.0
0.0
0.0
0.0
0.0
0.0
0.0
0.0
0.0
0.0
0.0
0.0
0.0
0.0
0.0
0.0
1.32517
0.0
0.0
0.0
0.0
0.0
0.0
0.0
0.0
0.0
0.0
0.0
0.0
0.0
0.0
0.0
0.0
0.0
0.0
0.0
0.0
0.0
-0.118804
0.0
0.0
0.0
0.0
0.0
0.0
0.0
0.0
-0.832607
0.0
0.0
0.0671719
0.402497
0.41216
-0.188166
1.24444
4.79534
0.172957
-0.407962
0.575011
-1.8863
0.661326
0.657641
-0.984335
-0.700146
4.26523
0.0639466
0.651377
1.63892
0.396585
-2.6946
3.83283
1.20059
-1.30268
-0.0177631
1.37498
0.753232
-2.90274
1.7232
0.0899217
-0.729604
-0.461567
0.668712
-0.448005
0.385816
0.417475
-0.379261
0.0
0.0
0.0
0.0
0.0
-1.72905
0.0
0.0
0.0
0.0
0.0
0.0
0.0
0.0
0.0
0.0
0.0
0.0
0.0
0.0
0.0
0.0
0.0
0.0
0.0
0.0
0.0
0.0
0.0
0.0
0.0
0.0
0.0
0.0
0.0
0.0
0.0
0.0
0.0
0.0
-0.750485
0.0
0.0
0.0
0.0
0.0
0.0
0.0
0.360206
0.0
0.0
0.0
0.0
0.0
0.0
0.0
0.0
0.0
0.955142
0.0
0.0
0.0
0.0
0.0
0.0
0.0
0.0
0.0
0.0
0.0
0.0
0.0
0.0
0.0
0.0
0.623855
0.0
0.0
0.0
0.0
1.0201
0.0
0.0
1.47604
0.0
0.0
0.0
0.0
0.0
0.0
0.0
0.0
0.0
0.0
0.0
0.0
0.0
0.0
0.0
0.0
0.0
0.0
0.0
0.0
1.53537
0.0
0.0
0.0
0.0
0.0
0.0
0.0
0.0
-0.725746
0.0
0.0
0.149354
0.0
0.0
0.0
0.0
0.0
0.0
0.815507
0.0
0.0
0.0
0.0
0.0
0.0
0.0
0.0
0.0
0.0
0.0
0.0
0.0
0.0
0.0
0.0
0.0
0.365246
-1.68048
0.0
0.0
0.0
1.9533
0.0
0.0
0.0
0.0
0.0
0.0
0.0
0.0
0.0
0.0
0.0
0.0
0.0
0.0
0.0
0.0
0.0
0.0
0.0
0.0
0.0
0.0
0.0
0.0
0.0
0.0
0.0
0.0
0.0
0.0
0.0
0.0
0.0
0.0
0.0
0.0
0.0
0.0
0.0
0.0
0.0
0.0
0.0
0.0
0.0
0.0
0.0
0.0
0.0
0.0
0.0
0.0
0.699261
0.0
0.573649
0.0
0.0
0.0
0.0
0.0
0.0
0.0
0.0
0.0
0.0
0.0
0.0
0.0
0.0
0.0
0.251348
-0.716523
0.0
0.0
0.0
0.0
0.0
0.0
0.0
0.0
0.0
0.0
0.0
0.0
0.0
0.0
0.0
0.0
0.0
0.0
0.0
0.0
0.0
0.0
0.0
0.0
0.0
0.394371
0.0
0.0
0.0
0.0
0.0
0.0
0.0
0.0
0.0
0.0
0.0
0.0
0.0
0.0
0.0
0.0
0.0
-0.698605
0.0
0.0
0.0
0.0
0.0
0.0
0.0
0.0
0.0
0.0
0.0
0.0
0.0
0.0
0.0
0.0
0.0
0.0
0.0
1.91381
0.0
0.0
0.0
0.0
0.0
0.0
0.0949435
0.0
0.0
0.0
0.0
0.0
0.0
0.0
0.0
0.114855
0.0
-0.300003
0.0
0.0
0.0
0.0
0.0
0.477566
0.0
0.0
0.0
0.0
0.0
0.0
0.0
0.0
0.0
0.0
0.0
0.0
0.0
0.0
0.0
0.0
0.0
-1.34672
0.0
0.0
0.0
0.0
0.0
0.0
0.0
0.0
0.0
0.0388365
0.0
0.0
0.0
0.0
0.0
0.0
0.0
0.0
0.0
0.244668
0.0
0.0
0.0
0.0
0.0
-0.624141
0.0
0.0
-0.0937124
0.0
-0.407584
0.0
0.0
0.0
0.0
0.0
0.0
0.0
0.0
0.0
0.0
-0.957157
0.0
0.0
0.0
0.0
0.0
0.0
0.0
0.0
0.0
0.0
0.0
0.0
0.62397
0.0
0.0
0.0
0.0
0.0
0.0
0.0
1.17279
0.0
0.0
0.0
0.0
0.0
0.0
0.0
0.0
0.0
0.0
0.0
0.0
0.0
0.0
0.0
0.0
0.0
0.0
0.0
0.0
0.0
0.0
0.0
0.0
0.0
0.0
0.0
0.0
0.0
0.0
0.0
0.0
0.0
0.0
0.0
0.0
0.0
0.0
0.0
0.0
0.782954
0.0
0.0
-0.282568
0.0
0.0
0.0
0.0
0.0
0.0
0.0
0.0
0.0
0.0
0.0
0.0
0.0
0.0
0.0
0.0
0.649605
0.0
0.0
-1.2255
0.0
0.0
0.0
0.0
0.0
0.0
0.0
0.0
0.0
0.0
0.0
0.0
0.0
0.0
1.16385
0.0
0.0
0.0
0.0
0.0
0.0
0.0
0.0
0.0
0.0
0.0
0.0
0.0
0.0
0.0
0.0
0.0
0.0
0.0
0.0
0.0
0.0
0.0
0.0
0.0
0.0
0.0
0.0
0.0
0.0
-0.630738
0.0
0.0
0.0
0.0
0.0
0.0
0.0
0.0
0.0
0.76575
0.0
0.0
0.0
0.0
0.0
0.0
0.0
0.0
0.0
0.0
0.0
0.0
0.0
0.0
0.0
0.0
0.0
0.0
0.0
0.0
0.0
0.0
0.0
0.0
0.0
0.0
0.0
0.0
0.0
-0.815129
0.0
0.0
0.0
0.0
0.0
0.0
0.0
0.0
0.0
0.0
0.0
0.0
0.0
0.0
-0.118518
0.0
0.0
0.0
0.0
0.0
0.0
0.0
0.0
0.0
0.0
0.0
0.0
0.0
0.0
0.0
0.0
0.0
0.0
0.0
0.0
0.0
0.592845
0.0
0.165145
0.304156
-2.36343
0.242482
-0.292395
-1.13127
1.20799
0.0159579
0.113823
1.08912
3.21068
-1.16664
-2.96508
0.256235
2.21184
-0.66314
1.57189
1.44134
-0.795938
0.780518
0.176089
0.0355069
-0.699669
-0.371798
0.545315
0.197227
-2.17867
1.20371
0.200311
0.0297775
0.309979
-0.190864
-0.73116
0.597097
2.12032
1.24189
0.0
0.0
0.0
0.0
0.0
0.0
0.0
0.0
0.0
0.0
0.0
0.0
0.0
0.0
0.0
0.0
-0.450058
0.0
0.0
0.0
0.0
0.0
0.0
0.0
0.0
0.0
0.0
0.0
0.300659
0.0
0.0
0.0
0.0
0.0
0.0
0.0
0.36093
1.26103
1.1888
0.188575
0.436945
1.43986
0.476061
0.149599
0.946003
-1.86219
2.62218
-2.24733
-1.52472
-1.11228
0.274251
-0.136742
0.627194
-0.616403
-0.899836
-1.09961
-0.589795
-0.901933
-1.57006
-0.423901
-0.377326
2.87063
-2.66028
1.27546
0.317411
0.333744
2.15476
0.474418
-0.877201
-5.20592
0.189031
1.89023
0.0
0.0
0.0
0.0
0.0
0.0
0.0
0.0
0.0
0.0
0.0
0.0
0.0
0.0
0.0
0.0
0.0
0.0
0.0
0.0
-1.012
0.0
0.0
0.0
-0.636237
0.0
0.0
0.0
0.0
0.0
0.0
0.0
0.0
0.0
0.0
0.0
0.0
0.0
0.0
0.0
0.0
0.0
0.0
0.0
0.0
0.0
0.0
0.0
0.0
0.0
0.0
0.0
0.0
0.684063
0.0
0.0
0.0
0.0
0.0
0.0
0.0
0.0
0.0
0.0
0.0
0.0
0.0
0.0
0.0
0.0
0.0
0.0
0.0
0.0
0.0
0.0
0.0
0.0
0.0
0.0
0.0
0.0
0.0
0.0
0.0
0.0
0.0
0.0
0.0
0.0
0.0
0.0
0.0
0.0
0.0
0.0
0.0
0.0
0.0
0.0
0.0
0.0
0.0
0.0
0.0
0.0
0.0
0.0
0.0
0.0
0.0
0.0
0.0
0.0
0.0
0.0
0.0
0.0
0.0
0.0
0.0
0.0
0.0
0.0
0.0
0.0
-0.991368
0.0
0.0
0.0
0.0
0.0
0.0
0.0
0.0
0.0
0.0
0.0
0.0
0.0
0.0
0.0
0.0
0.0
0.0
0.0
0.0
0.0
0.0
0.0
0.381479
0.0
-0.575386
0.0
0.0
0.0
0.0
0.0
0.0
0.0
0.0
0.0
0.0
0.0
0.0
0.0
0.0
0.0
0.0
0.0
0.0
0.0
0.0
0.0
0.0
0.0
0.0
0.0
0.0
0.0
0.0
0.0
0.0
-0.615137
0.0
0.0
0.0
0.0
0.0
0.0
0.0
0.0
0.0
0.0
0.0
0.0
0.0
0.0
0.0
0.0
0.0
0.0
0.0
0.0
0.0
0.0
0.0
0.0
0.0
0.0
0.0
0.0
-0.0969548
0.0
0.0
0.0
0.0
0.0
0.0
0.0
0.0
0.0
0.0
0.0
0.0
0.0
0.0
0.0
0.0
0.0
0.105637
0.0
0.0
0.0
0.0
0.0
0.0
0.0
0.0
-0.632362
0.0
0.0
0.0
0.0
0.0
0.0
0.0
0.0
0.0
0.0
0.0
-1.3095
0.0
-0.367598
0.0
0.0
0.0
0.0
0.0
0.0
0.0
1.71099
0.0
0.0
0.0
0.0
0.0
0.0
0.0
0.161302
0.0
0.0
0.0
0.0
0.0
0.0
0.0
2.48151
0.0
0.0
0.0
0.0
0.0
0.0
0.0
0.0
0.0
0.0
0.0
0.0
0.0
0.0
0.0
0.0
0.0
0.0
0.0
0.0
0.0
0.683025
0.0
0.0
0.0
0.0
0.0
0.0
0.0
0.0
0.0
0.0
0.0
0.0
0.0
0.0
0.0
0.0
0.0
0.0
0.0
0.0
0.0
0.0
0.0
0.0
0.0
0.0
0.0
0.0
0.0
0.0
0.0
0.292471
0.0
0.0
0.0
0.0
0.760988
0.0
0.0
0.0
0.0
0.0
0.0
0.0
0.0
0.0
0.0
0.0
0.0
0.0
0.0
0.0
0.0
0.0
0.0
0.0
0.0
0.0
0.0
0.0
0.0
0.0
0.0
0.0
0.0
0.0
0.0
0.0
0.0
0.0
0.0
0.0
0.0
0.0
0.0
0.0
0.0
0.0
-0.465355
0.0
0.0
0.0
0.0
0.0
0.0
0.0
0.0
0.0
0.0
0.0
0.0
0.648089
0.0
0.0
0.0
0.0
0.0
0.0
-1.70644
0.0
0.0
0.0
-0.983425
0.0
0.0
0.0
0.0
0.0
0.0
-1.1565
0.0
0.0
0.0
0.0
0.842435
0.0
0.0
0.0
0.0
0.0
0.0
0.0
0.0
0.0
0.0
0.0
2.00117
0.0
0.0
0.0
0.0
0.0
0.0
0.0
0.0
0.0
0.196519
0.0
0.0
0.0
0.0
0.0
0.0
0.0
0.0
0.0
0.0
0.281706
0.0
0.0
0.0
0.0
0.0
0.0
0.0
0.0
0.0
0.0
0.0
0.0
0.0
0.0
0.0
0.0
0.0
0.0
0.0
0.0
0.0
0.0
0.0
0.0
0.0
0.0
0.0
0.0
0.0
0.0
0.0
0.0
0.0
0.0
0.0
0.0
0.0
0.0
0.0
0.0
0.0
0.0
0.0
0.0
0.0
0.0
0.0
0.0
0.587029
0.0
0.0
0.0
0.0
0.0
0.0
0.0
0.0
0.0
-1.65336
0.0
0.0
0.0
0.0
0.0
0.0
-0.229509
0.0
0.0
0.0
0.0
0.0
0.0
0.0
0.0
0.0
0.0
0.0
0.0
0.0
0.0
0.0
0.0
0.0
0.0
0.0
0.0
0.0
0.0
0.0
0.0
0.0
0.0
-0.342145
1.77402
-0.551467
-0.227904
0.0743331
2.8729
-0.992188
-0.265935
-1.19654
-0.933186
0.0237659
-1.51498
-1.21791
-0.924918
2.91068
-0.0481615
0.116936
0.928546
0.67705
-1.41302
1.95573
0.468535
-0.600682
0.728974
0.0238329
0.357824
3.49598
1.19868
0.265538
-0.569961
0.0345828
0.343808
-0.584171
0.820886
1.27915
1.3638
0.149068
5.00089
-0.346718
-0.415821
-0.106893
1.19495
1.73906
0.291597
-0.859605
-2.18247
2.35647
-0.938257
1.03976
-1.12341
0.867851
0.0536011
0.719634
0.197748
-0.327063
-0.775852
0.0825851
0.598882
-1.82426
0.37263
2.02319
0.431112
-0.813475
-0.0112547
0.846727
-0.581963
0.581501
0.47009
-0.314306
-0.629606
1.56554
-0.421884
0.0
0.914561
0.0
0.0
0.0
0.0
0.0
0.0
0.0
0.0
0.0
0.0
0.0
0.0
0.0
0.0
0.0
0.0
0.0
0.0
-2.22543
0.0
0.0
0.0
0.628113
0.0
0.0
0.0
0.0
0.0
0.0
0.0
0.0
0.0
0.0
0.374779
0.0
0.0
0.0
0.0
0.0
0.0
0.0
0.0
0.0
0.0
0.0
0.0
0.0
0.0
0.0
0.0
0.0
1.5164
0.0
0.0
0.0
0.0
0.0
0.0
0.0
0.0
0.0
0.0
0.0
0.0
0.0
0.0
0.0
0.0
0.0
0.0
0.0
0.0
0.0
0.0
0.0
0.0
0.0
0.0
0.0
0.0
0.0
0.0
0.0
0.0
0.0
0.0
0.0
0.0
0.0
0.0
0.0
0.0
0.0
0.0
0.0
0.0
0.0
0.0
0.0
0.0
0.0
0.0
0.0
0.0
0.0
0.0
0.0
0.0
0.0
0.0
0.0
0.0
0.0
0.0
0.0
0.0
0.0
0.0
0.0
0.0
0.0
0.0
0.0
0.0
0.0
0.0
0.0
0.0
0.0
-0.828151
0.0
0.0
0.0
0.0
0.0
0.0
0.0
0.0
0.0
0.0
0.0
0.0
0.0
0.0
0.0
0.0
0.0
0.0
0.0
0.0
0.0
0.0
0.0
0.0
0.0
0.0
0.0
0.0
0.0
0.0
0.0
0.0
0.0
0.0
0.0
0.0
3.06117
0.0
0.0
0.0
0.0
0.0
0.0
0.0
0.0
0.0
0.0
0.0
0.0
0.0
0.0
0.0
0.684314
0.0
0.0
0.0
0.0
0.0
0.0
0.0
0.0
0.0
0.0
0.0
0.0
0.0
0.0
0.0
0.0
0.0
0.0
0.0
0.0
0.0
0.0
0.0
0.0
0.0
0.0
0.0
0.0
0.0
0.0
0.0
0.0
0.0
0.0
0.0
0.0
0.0
0.0
0.574487
0.0
0.0
0.0
0.0
0.0
0.0
0.0
0.0
0.0
0.0
-0.431926
0.0
0.0
0.0
0.0
0.0
0.0
0.0
0.0
0.0
0.0
0.0
0.0
0.0
0.400093
0.0
0.0
0.0
0.0
0.0
0.0
0.0
0.0
0.0
0.0
0.0
0.0
0.0
0.0
0.0
1.25611
0.0
0.0
0.0
0.0
0.0
0.0
-0.218483
0.0
0.0
0.0
0.0
0.0
-2.4483
0.0
0.0
0.0
0.0
0.0
0.0
0.0
0.0
0.0
0.0
0.0
0.0
0.0
0.0
0.0
0.0
0.0
0.0
0.0
0.0
0.0
0.0
0.0
0.0
0.0
-1.86336
0.0
0.0
0.0
0.0
0.0
0.0
0.0
0.0
0.516421
0.0
0.0
0.0
0.0
0.0
0.0
0.0
0.0
0.0
0.0
0.819602
0.0
0.0
0.0
0.0
0.0
0.0
0.0
0.0
0.0
0.0
0.0
0.0
0.0
0.0
0.0
-0.0503183
0.0
0.0
0.0
0.0
1.00049
0.0
0.0
0.0
0.0
0.0
0.0
0.0
0.0
0.0
0.0
0.0
0.0
-0.825555
0.0
0.0
0.0
0.0
0.0
0.0
0.0
0.0
0.0
0.0
0.0
0.0
0.0
0.0
0.0
0.0
0.0
0.0
0.0
0.0
0.0
0.0
0.0
0.0
0.0
0.0
0.0
0.0
0.0
0.0
0.0
0.0
0.0
0.0
0.0
0.0
0.0
0.0
0.0
0.0
0.0
0.0
0.0
0.0
-0.24166
0.0
0.0
0.0
0.0
0.0
0.0
0.0
0.0
0.0
0.0
0.0
0.0
0.0
0.0
-1.00573
0.0
0.0
0.0
0.0
0.0
0.0
0.0
0.0
0.0
0.0
0.0
0.0
0.0
0.0
0.0
0.0
0.0
0.0
0.0
0.0
0.0
0.0
0.0
0.0
0.0
0.0
0.0
0.0
0.0
0.0
0.0
0.0
0.0
0.0
0.0
0.0
0.0
0.0
0.0
0.0
0.0
0.0
0.0
0.0
0.0
0.0
0.0
0.0
0.0
0.0
0.0
0.0
0.0
0.0
0.0
0.0
0.0
0.0
1.38733
0.0
0.0
0.0
0.0
0.0
-0.529922
0.0
0.0
0.0
0.0
0.0
0.0
0.352615
0.0
0.0
0.0
0.0
0.0
0.0
-0.20865
0.0
0.0
0.0
0.0
0.0
0.0
0.0
0.0
0.0
0.0
0.0
0.185406
0.0
0.0
0.0
0.0
0.0
0.0
0.0
0.0
0.0
0.0
0.0
0.0
0.0
0.0
0.0
0.0
0.0
0.0
0.0
0.0
0.0
0.0
0.0
0.0
0.0
0.0
0.0
0.0
0.0
0.0
0.0
0.0
0.0
0.0
0.0
0.0
0.0
0.0
0.0
0.0
0.0
0.0
0.0
0.0
0.0
0.0
0.0
0.0
0.0
0.0
0.0
0.0
0.0
0.0
0.0
0.0
0.0
0.0
0.0
0.0
0.0
0.0
-1.56743
0.0
0.0
0.0
0.0
0.0
0.0
0.0
0.0
0.0
0.741785
0.0
0.0
0.0
0.0
0.0
0.0
0.0
0.0
0.0
0.0
0.0
0.0
0.0
0.0
0.0
0.0
0.0
0.0
0.0
0.0
0.0
0.0
0.0
0.0
0.0
0.0
0.545165
0.0
0.0
0.0
0.0
0.0
0.0
0.0
0.0
0.0
0.0
0.0
0.0
0.0
0.0
0.0
0.0
-1.07522
0.0
0.0
0.0
0.0
0.0
-0.865594
0.0
0.457069
0.0
0.0
0.0
0.0
0.0
0.0
0.0
0.0
1.23353
0.0
0.0
0.0
0.0
0.0
0.0
0.0
0.0
0.0
0.0
0.0
0.0
0.0
0.0
0.0
0.0
0.0
0.0
0.0
0.0
0.0
0.0
0.0
0.0
0.0
0.0
0.0
0.0
0.0
0.0
0.0
0.0
0.0
0.0
0.0
0.0
0.0
-0.135296
0.0
0.0
0.0
0.0
0.0
0.0
0.0
0.0
0.0
0.0
0.0
0.0
0.0
0.0
0.0
0.0
0.0
0.0
0.0
0.0
0.0
0.0
0.0
0.0
0.0
0.0
0.0
0.0
1.33545
0.0
0.0
0.0
0.0
0.0
0.0
0.0
0.0
0.0
0.0
0.0
0.0
0.0
0.0
0.0
0.0
0.0
0.0
0.0
0.0
0.0
0.0
0.0
0.0
0.0
0.519053
0.225718
0.0
0.0
0.0
0.0
0.0
0.0
0.0
0.0
0.0
0.0
0.0
0.0
0.0
0.0
0.0
0.0
0.0
0.0
0.0
0.461789
0.0
0.0
-0.917619
0.0
0.0
0.0
2.1224
0.52069
0.0
0.0
0.0
-0.00984852
0.0
0.0
0.0
0.0
0.0
0.0
0.0
0.0
0.0
0.0
0.0
0.0
0.0
0.0
0.0
0.0
0.0
0.0
0.0
0.0
0.0
0.0
0.0
0.0
0.0
0.0
0.0
0.0
0.0
0.0
0.0
0.0
0.0
0.0
0.0
0.0
0.0
0.0
0.0
0.0
0.0
0.0
0.0
0.0
-0.0438659
-0.120775
0.0
0.0
0.0
0.0
0.0
0.0
0.0
0.0
-0.599535
0.0
0.0
0.0
0.0
0.0
0.0
1.40226
0.0
0.0
0.0
0.0
0.0
0.0
0.0
0.0
1.84765
0.0
0.0
0.0
0.0
0.0
0.0
0.0
0.0
0.0
0.0
0.0
0.0
0.0
0.0
0.0
0.0
0.0
0.0
0.0
0.0
0.0
0.0
0.0
0.0
0.0
0.0
0.0
0.0
0.0
0.0
0.0
0.0
0.0
0.0
0.0
0.0
0.0
0.0
-2.35145
0.0
0.0
0.0
0.0
0.0
0.0
0.0
0.0
0.0
0.0
0.0
0.0
0.0
0.0
0.0
0.0
0.0
0.0
0.0
0.0
0.0
0.0
-0.215536
0.0
0.0
0.0
0.0
0.0
0.0
0.0
0.0
0.0
0.0
0.0
-0.360195
0.0
0.0
0.0
0.0
0.0
0.0
0.0
0.0
0.0
0.0
0.0
0.0
-0.295267
0.0
0.0
0.0
0.0
0.0
0.0
0.0
0.0
0.0
0.0
0.0
0.0
0.0
0.0
0.0
0.0
0.0
0.0
0.0
0.0
0.0
0.0
0.0
0.0
0.0
0.0
0.0
0.0
0.0
0.0
0.0
0.0
0.0
0.0
0.0
0.0
0.0
0.0
0.0
0.0
0.0
0.0
0.0
0.0
-1.39123
0.0
0.0
0.0
0.0
0.0
0.0
-0.38222
0.0
0.0
0.0
0.0
0.0
0.0
0.0
0.0
0.0
0.0
0.0
0.0
0.0
0.0
0.0
0.0
0.0
0.0
0.0
0.0
0.0
0.0
0.0
0.0
0.0
0.0
0.0
0.0
0.0
0.0
0.0
0.0
0.0
0.0
-1.17163
0.0
-0.570037
0.0
0.0
0.0
0.0
0.0
0.0
0.0
0.0
0.0
-0.69635
0.0
1.04553
0.0
0.0
0.0
0.0
0.0
0.0
0.0
0.0
0.0
0.0
0.0
0.0
0.0
0.0
0.0
0.0
0.0
0.0
0.0
0.0
0.0
0.0
-1.00606
0.0
0.0
0.0
0.0
0.0
0.0
0.0
0.0
0.0
0.0
0.0
0.0
0.0
0.0
0.0
0.0
0.0
0.0
0.0
0.0
0.0
0.0
0.0
0.0
0.0
0.0
0.0
0.0
0.0
0.0
0.0
0.0
0.0
0.0
0.0
0.0
0.0
0.0
-0.641276
0.0
0.0
0.0
0.0
0.0
1.78185
0.0
0.0
0.0
0.0
0.0
0.0
0.873532
0.0
0.0
0.0
0.0
0.0
0.0
0.0
0.0
0.0
0.0
0.0
0.0
0.0
0.0
0.0
0.0
0.0
0.0
0.0
0.0
0.0
0.0
0.0
0.0
0.0
0.0
0.0
0.0
0.0
0.0
0.0
0.0
0.0
0.0
0.0
0.0
0.0
0.0
0.0
0.0
0.0
0.0
0.0
0.0
0.0
0.0
0.0
0.0
0.0
-0.0110122
0.0523787
-2.14383
-0.57837
0.520741
2.29267
-0.140884
0.313404
-1.19914
-1.0067
-1.56673
0.219744
-2.1893
-0.584646
2.10282
-0.721589
-0.107879
-0.896491
0.351422
-1.54542
1.10113
0.177803
-1.11525
0.363864
1.37978
0.842618
1.81293
3.50977
-0.545559
-0.207377
0.112211
0.181703
0.089793
-0.558441
2.22957
0.634808
0.0399099
3.7221
-0.142196
0.00107207
0.146168
1.03023
4.26251
-0.0495505
-1.88172
-3.6575
3.70931
-2.29301
0.592244
-0.20135
0.786187
0.535806
-0.285717
-0.338947
-0.16219
-0.0922737
0.750067
0.676876
-0.459002
-0.733254
2.78853
-0.194842
-0.795341
-0.296013
-0.113397
-0.231783
-0.3401
0.102628
0.0170551
0.76742
3.08605
2.13439
0.0
0.0
0.0
0.0
0.0
0.0
0.0
0.0
0.0
0.0
-0.27001
0.0
-0.481766
0.0
0.0
0.0
0.0
0.0
0.0
0.0
0.0
0.0
0.0
0.0
0.0
0.0
0.0
0.0
0.0
0.0
0.0
0.0
0.0
0.0
0.0
0.0
0.0
0.0
-0.286056
0.190321
0.0
0.0
0.0
0.0
0.0
0.0
0.0
0.0
0.0
0.0
0.0
0.0
0.0
0.0
0.0
0.0
0.0
0.0
0.0
0.0
0.0
0.0
0.0
0.0
0.0
0.0
0.0
0.0
0.0
-0.792128
0.0
0.0
-1.04528
0.0
0.0
0.0
0.0
0.0
0.0
0.0
0.0
0.0
0.0
0.0
0.0
0.0
0.817595
0.0
0.0
0.0
0.0
0.0
0.0
0.0
0.0
0.0
0.0
0.0
0.0
0.845678
0.0
0.0
0.0
0.0
0.0
0.0
1.22308
0.0
0.0
-0.0858768
0.0
0.0
0.0
0.0
0.0
0.0
0.0
0.0
0.0
0.0
0.0
0.0
0.0
0.0
0.0
0.0
0.0
0.0
0.0
0.0
0.0
0.0
0.0
0.0
0.0
0.0
0.0
0.0
0.0
0.0
0.0
0.0
0.0
0.0
0.0
0.0
0.0
0.0
-3.38437
0.0
0.0
0.0
0.0
0.0
0.0
0.0
0.0
0.0
0.0
0.0
0.0
0.0
0.0
0.0
0.0
0.0
-1.11777
0.0
0.0
0.0
0.12644
0.0
0.0
0.0
0.0
0.0
0.0
0.0
0.0
0.0
0.0
0.0
0.0
0.0
0.0
0.0
0.0
0.0
0.0
0.0
0.0
0.0
0.0
0.0593279
0.0
0.0
0.0
0.0
0.0
0.0
0.0
0.0
0.0
0.0
0.0
-0.0379175
0.0
0.0
0.0
0.0
0.0
0.0
-1.20901
0.0
0.0
0.0
0.0
0.0
0.0
0.0
0.0
0.0
0.00014906
0.0
0.0
0.0
0.0
0.0
0.0
0.0
0.0
0.0
0.0
0.0
0.0
0.0
0.0
0.0
0.0
0.0
0.0
0.0
0.0
0.0
0.0
0.0
0.0
0.0
0.0
0.0
0.0
0.0
0.0
0.0
0.0
0.0
0.0
0.0
0.143522
0.0
0.0
0.0
0.0
0.0
0.0
0.0
0.0
0.0
0.0
0.0
0.0
0.0
0.0
0.0
0.0
0.0
0.0
0.0
0.0
0.0
0.0
0.0
0.0
0.0
0.0
0.0
0.0
0.0
1.0819
0.0
0.0
0.0
0.0
0.0
0.0
0.0
0.0
0.0
0.0
0.0
0.0
0.0
0.0
0.0
0.0
0.0
0.0
0.0
0.0
0.0
0.0
0.0
0.0
0.0
-0.460221
0.0
0.0
0.0
0.0
0.0
0.0
0.0
0.0
0.0
0.0
0.0
0.0
0.0
0.0
0.0
0.0
0.0
0.0
0.0
0.0
0.0
0.0
0.0
0.0
0.0
0.0
0.0
0.0
0.0
0.0
0.0
0.0
0.0
0.0
0.0
0.0
0.0
0.0
0.0
0.0
0.0
0.0
0.0
0.0
0.0
0.0
0.151087
0.0
0.0
0.0
0.0
0.0
0.0
0.0
0.0
0.0
0.0
0.0
0.0
0.0
0.0
-0.484703
0.0
0.0
0.0
0.0
0.0
0.0
0.0
0.0
0.0
0.0
0.0
0.0
0.0
0.0
0.0
0.0
0.0
0.0
0.0
0.0
0.0
0.0
0.0
0.0
0.0
0.0
0.0
0.0
0.0
0.0
0.0
0.0
0.0
0.0
0.0
0.0
0.0
0.0
0.0
0.0
0.0
0.0
0.0
0.0
0.0
0.0
0.0
0.0
0.0
0.0
0.0
0.0
0.0
0.0
0.0
0.0
0.0
0.0
0.0
0.0
0.0
0.0
0.0
0.0
0.0
0.0
0.0
0.0
0.0
0.0
0.0
0.0
0.0
0.0
0.0
0.0
0.0
0.0
0.0
0.0
0.0
0.0
0.0
0.0
0.0
0.0
0.0
0.0
0.0
1.09451
0.0
0.0
0.0
0.0
0.0
0.0
0.0
0.0
0.0
0.0
0.0
0.0
0.0
0.0
0.0
0.0
0.0
0.0
0.0
0.0
0.0
0.0
0.0
0.0
0.0
0.0
0.0
0.0
0.0
0.0
0.0
0.0
0.0
0.0
0.0
0.0
0.0
0.0
0.0
0.0
0.0
0.0
0.0
0.0
0.0
0.0
0.0
0.0
0.0
0.0
0.0
0.0
0.0
0.0
0.0
0.0
0.0
0.0
0.0
0.0
0.0
0.0
0.0
0.0
0.0
0.0
0.0
0.0
0.0
0.0
-0.520954
1.20445
0.0
-0.729071
0.0
0.0
-0.350124
0.0
0.0
0.0
0.0
0.0
0.0
0.0
0.0
0.0
0.0
0.0
0.0
0.0
0.0
0.0
0.0
0.0
0.0
0.0
0.0
0.0
0.0
0.0
0.0
0.0
0.0
0.0
0.0
0.0
0.0
0.812482
0.0
-0.185797
1.86202
-1.00126
-0.729523
1.91429
0.547297
-0.776253
-0.0354
0.147294
-2.71155
2.04581
-1.17635
1.73598
-2.68018
-1.51757
-0.0423451
-0.817575
-2.49195
1.6489
-0.689786
-0.638619
0.737223
-0.677812
-1.94353
1.17038
0.565542
-1.35408
0.178905
-0.0229376
-0.226748
0.277624
0.413609
0.829614
0.920381
2.64794
1.77499
0.0
0.0
0.0
0.0
0.0
0.0
0.0
0.0
0.0
0.0
0.0
0.0
0.0
0.0
0.0
0.0
0.0
0.0
0.0
0.0
0.0
0.0
0.0
0.0
0.0
1.12927
-0.909846
1.93652
0.0
0.0
0.0
0.0
0.0
0.0
0.0
0.0
0.0
0.0
0.0
0.0
0.0
0.0
0.0
0.0
0.0
0.0
0.0
0.0
0.0
0.0
0.0
0.0
0.0
0.0
0.0
0.0
0.0
0.0
0.0
0.0
0.0
0.0
2.33094
0.0
0.0
0.0
0.0
0.0
0.0
0.0
0.0
0.0
0.0
0.215492
0.0
0.0
0.0
0.0
0.0
0.0
0.0
0.0
0.0
0.0
0.0
0.0
0.0
0.0
0.0
0.0
0.0
0.0
0.0
0.0
0.0
0.0
0.0
0.0
0.0
0.0
0.0
0.0
0.0
0.0
0.0
0.0
0.0
0.592025
0.0
-0.641793
0.0
0.0
0.0
0.0
0.0
0.0
0.0
0.0
0.0
0.0
0.0
0.0
-1.83472
0.0
0.0
0.0
0.0
0.0
0.0
0.0
0.0
0.0
0.0
0.0
0.0
0.0
0.0
0.0
0.0
0.0
0.0
0.0
0.0
0.0
0.0
0.0
0.0
0.0
0.0
0.0
0.0
0.0
0.0
0.0
0.0
0.0
0.0
0.0
0.0
0.0
-0.900108
0.0
0.0
0.0
0.0
0.0
0.0
0.0
0.0
0.0
0.0
0.0
0.0
0.0
0.0
0.0
0.0
0.0
0.0
0.0
0.0
0.0
0.0
0.0
0.0
0.0
0.0
0.0
0.0
0.0
0.0
0.0
0.0
0.0
0.0
0.0
0.0
0.0
0.0
0.0
0.0
0.0
0.0
0.0
0.0
0.0
0.0
0.0
0.0
0.0
0.0
0.0
0.0
0.0
0.0
0.0
0.0
0.0
0.0
0.0
0.0
0.0
0.0
0.0
0.0
0.0
0.0
0.0
0.0
1.98182
0.0
0.0
0.0
0.0
0.0
0.0
0.0
0.0
0.0
0.0
0.0
0.0
0.0
0.0
0.0
0.0
0.0
0.0
0.0
0.0
0.0
0.0
0.0
0.0
0.0
0.0
0.0
0.0
0.0
0.0
0.0
0.0
0.0
0.0
0.0
0.0
0.0
0.0
0.0
0.0
0.0
0.0
0.0
0.0
-0.0647985
0.0
0.0
0.0
0.0
0.0
0.0
0.0
0.0
0.0
0.0
0.0
0.0
0.0
0.0
0.0
0.0
0.0
0.0
0.0
0.0
0.0
0.0
-1.16586
0.0
0.0
0.0
0.0
0.0
0.0
0.0
0.0
0.0
0.0
0.0
0.0
0.0
0.0
0.0
0.0
0.0
-1.86287
0.0
0.0
0.0
0.0
0.0
0.0
0.0
0.0
0.0
0.0
0.0
0.0
0.0
0.0
0.0
0.0
0.0
0.0
0.0
0.0
0.0
0.0
0.0
0.0
0.0
0.0
0.0
0.0
0.0
0.0
0.0
0.0
0.0
0.0
0.0
0.460646
-0.263897
0.0
0.0
0.0
0.0
0.0
0.0
0.0
0.0
0.0
0.0
0.0
0.0
0.0
0.0
0.0
0.0
0.0
0.0
0.0
0.0
0.0
0.0
0.0
0.0
0.0
0.0
0.0
0.0
0.0
0.0
0.0
0.0
0.0
0.0
0.0
0.0
0.0
0.451025
-1.3188
0.0
0.0
0.0
0.0
0.0
0.0
0.0
0.0
0.0
0.0
0.0
-0.37646
0.0
0.0
0.0
0.0
0.0
0.0
0.0
0.0
0.0
0.0
0.0
0.0
0.0
0.0
0.0
0.0
0.0
0.0
0.0
0.0
0.0
0.0
0.0
0.0
0.0
0.0
0.0
0.0
0.0
0.0
0.0
0.0
0.0
0.0
0.0
0.0
0.0
0.0
0.0
0.0
0.0
0.0
0.0
0.0
0.0
0.0
0.0
0.0
-0.677403
0.0
0.0
0.0
0.0
0.0
0.0
0.0
-0.0273621
0.0
0.0
0.0
0.0
0.0
0.0
0.0
0.0
0.0
0.0
0.0
0.0
0.0
0.0
0.0
0.0
0.0
0.0
0.0
0.0
-0.44252
0.0
0.0
0.0
0.0
0.0
0.0
0.0
0.47431
0.0
0.0
0.0
0.0
0.0
0.0
0.0
0.0
0.0
0.0
0.0
0.0
0.0
0.0
0.0
0.0996384
0.0
0.0
0.0
0.0
0.0
0.0
0.0
0.0
0.0
0.0
0.0
0.0
0.0
0.0
0.0
0.0
0.0
0.0
0.0
0.0
0.0
0.0
0.0
0.0
0.0
0.0
0.0
0.0
0.0
0.0
0.0
0.0
0.0
0.0
0.0
0.0
0.0
0.0
0.0
0.0
0.0
0.0
0.0
0.0
0.0
0.0
0.0
0.0
0.0
0.0
0.0
0.0
0.0
0.0
0.0
0.0
0.0
0.0
1.17369
0.0
-0.21891
-0.309848
0.0
0.0
0.0
0.0
0.0
0.0
0.0
0.0
0.0
0.0
0.0
0.0
0.0
0.0
0.0
0.0
0.0
0.0
0.0
0.0
0.0
0.0
0.0
0.0
0.0
0.0
0.0
0.0
-0.122109
0.0
0.0
0.0
0.0
0.0
0.0
0.0
0.0
0.0
0.0
0.0
0.0
0.0
0.0
0.0
0.0
0.0
0.0
0.0
0.0
0.0
0.0
0.0
0.0
0.0
0.0
0.0
0.0
0.0
0.0
0.0
0.0
-0.767119
-0.413291
0.0
0.0
0.0
0.0
0.0
0.0
0.0
0.0
0.0
0.0
0.0
0.0
0.0
0.0
0.0
0.0
0.0
0.0
0.0
0.0
0.0
0.0
0.0
0.0
0.0
0.0
0.0
0.0
0.0
-0.809873
0.0
0.0
-0.481652
0.0
0.0
0.0
0.0
0.0
0.0
0.0
-1.03271
0.0
0.0
0.0
0.0
0.0
0.0
0.0
0.0
0.0
0.0
0.0
0.0
0.0
0.0
0.0
0.0
0.0
0.0
0.0
0.0
0.263199
0.0
0.0
0.0
0.0
0.0
0.0
0.0
0.0
-1.56273
0.0
0.0
0.0
0.0
0.0
0.0
0.0
0.0
0.0
0.0
0.0
0.0
0.0
0.0
0.0
0.0
0.0
0.0
0.0
0.0
0.0
0.0
0.0
0.0
0.0
0.0
-1.31687
0.0
0.0
0.0
0.0
0.0
0.0
0.0
0.0
0.0
0.0
0.0
0.0
0.0
0.0
0.0
0.0
0.0
0.0
0.0
0.0
0.0
0.0
0.0
0.0
0.0
0.0
0.0
0.0
0.0
0.0
0.0
0.0
0.0
0.0
0.0
-1.1899
0.0
0.0
0.0
0.0
0.0
0.0
0.0
0.0
0.0
0.0
-0.147644
0.0
0.0
-0.541601
0.0
0.0
0.0
0.0
0.0
0.0
0.0
0.0
0.0
0.0
0.0
0.0
0.0
0.0
0.0
0.0
0.0
0.0
0.0
0.0
0.0
0.0
0.0
0.0
0.0
0.0
0.0
-0.586373
0.0
0.0
0.0
0.0
0.0
0.0
0.0
0.0
0.0
0.0
0.0
0.0
0.0
0.0
0.0
0.0
0.0
0.0
0.0
0.0
0.0
0.0
0.0
0.0
0.0
0.0
0.0
0.0
0.0
0.0
0.0
0.0
0.0
0.0
0.0
0.0
0.0
0.0
0.0
0.0
0.0
0.0
0.0
0.0
0.0
0.0
0.0
0.0
0.0
0.0
0.0
0.0
0.0
0.0
0.0
0.0
0.0
0.0
0.0
0.0
0.0
0.0
0.0
0.0
0.0
0.0
0.0
0.0
0.0
0.0
0.0
0.0
0.0
0.0
0.0
0.0
0.0
0.0
0.0
0.0
0.0
0.0
0.0
0.0
0.0
0.0
0.0
0.0
0.0
0.0
0.0
0.0
0.0
0.0
0.0
0.0
0.0
0.0
0.0
0.0
0.0
0.0
0.0
0.0
0.0
0.0
0.0
0.0
0.0
0.0
0.0
0.0
0.0
0.0
0.0
0.0
0.0
0.0
0.0
0.0
0.0
0.0
-0.212552
0.0
0.0
-0.293654
0.0
0.0
0.0
0.0
0.0
0.0
0.0
0.0
0.0
0.0
0.0
0.0
0.0
0.0
0.0
0.0
0.0
0.0
0.0
0.0
0.0
0.0
0.0
0.0
0.0
0.0
0.0
0.0
0.0
0.0
0.0
0.0
2.13432
0.0
0.0
-0.471578
0.0
0.0
0.0
0.0
0.0
0.0
0.0
0.0
0.0
0.0
0.0
0.0
0.0
0.0
0.0
0.0
0.0
0.0
0.0
0.0
0.0
0.0
-0.499768
-0.198203
0.0
0.0
0.0
0.0
0.0
0.0
0.0
0.0
0.0
0.0
0.0
0.0
0.993692
0.0
0.0
0.0
0.0
0.0
0.0
0.0
0.0
0.0
0.0
0.0
0.0
0.0
0.0
0.0
0.0
0.0
0.0
0.0
0.0
-0.818853
0.0
0.0
0.0
0.0
0.0
0.0
0.0
0.0
0.0
0.0
0.0
0.0
0.0
0.0
0.0
0.0
0.0
0.0
0.0
0.0
0.0
0.0
0.0
0.0
0.0
0.0
0.0
0.0
0.0
0.0
0.0
0.0
0.0
0.0
0.0
0.0
0.0
0.0
0.0
0.0
0.0
0.0
0.0
0.0
0.0
0.0
0.0
0.0
0.0
0.0
0.0
0.0
0.0
0.0
0.0
0.0
0.0
0.0
0.0
0.0
0.0
0.0
0.0
-1.48058
0.0
0.0
0.0
0.0
0.0
0.0
0.0
0.0
0.0
0.0
0.0
0.0
-1.29698
0.0
0.0
0.0
0.0
0.0
0.0
0.0
0.0
0.0
0.0
0.0
0.0
0.0
0.0
0.0
0.0
0.0
0.0
0.0
0.0
0.0
0.0
0.0
0.0
0.0
0.0
0.0
0.0
0.0
0.0
0.0
0.0
0.0
0.0
0.0
0.0
0.0
0.0
0.0
0.0
0.733229
0.0
0.0
0.0
0.0
0.0
0.0
0.0
0.180926
2.43052
-2.83702
-0.440182
0.0822867
0.287644
2.72254
0.57138
0.67906
-0.705085
-2.06186
0.205563
7.34197
0.291305
-1.67941
-0.0945692
0.0991603
-0.5777
-0.0645501
1.47679
2.39732
0.356248
-2.79337
0.188146
0.707241
-1.38737
1.94487
-2.77424
-0.055769
-0.163014
0.196696
-0.0763501
-0.445189
-2.24018
0.603903
-2.64282
0.0
0.0
0.0
0.0
0.0
0.0
0.0
0.0
0.0
0.633172
0.0
0.0
0.0
0.0
-0.485997
0.0
0.0
0.0
0.0
0.0
0.0
0.0
0.0
0.0
0.0
0.0
0.0
0.0
1.36331
0.0
0.0
0.0
0.0
0.0
0.0
0.0
-0.158289
0.535845
-2.68595
-0.324864
1.21846
-0.359705
0.67679
0.511764
-0.327086
-1.48108
2.65112
-1.26592
-0.982355
-1.04216
-0.226148
-0.221328
-0.772688
-0.300521
1.05916
1.75451
-0.0474578
0.890957
0.460579
0.621981
1.36103
0.111979
-1.5386
0.756595
-0.344035
1.13917
0.0583799
0.0782051
0.819201
0.199396
1.85973
2.69674
0.0
0.0
0.0
0.0
0.0
0.0
0.0
0.0
0.0
0.0
0.0
0.0
0.0
0.0
0.0
0.0
0.0
0.0
0.0
0.0
0.0
0.0
0.0
0.0
0.0
-0.440396
0.0
0.0
0.0
0.0
0.0
0.0
0.0
0.0
0.0
0.0
0.0
0.0
0.0
0.0
0.0
0.0
0.0
0.0
0.0
0.0
0.0
0.0
0.0
0.0
0.0
0.0
0.0
0.0
0.0
0.0
0.0
0.0
0.0
0.0
0.0
0.0
0.0
0.0
0.0
0.0
0.0
0.0
0.0
0.0
0.0
0.0
0.0
0.0
0.0
0.0
0.0
0.291735
0.0
0.0
-0.501264
0.0
0.0
0.0
0.484957
0.0
0.0
0.0
0.0
0.0
0.0
0.0
0.0
0.0
0.0
-0.193661
0.0
0.0
0.0
0.0
0.0
0.0
0.0
0.0
0.0
0.152578
0.0
0.0
0.0
0.0
0.0
0.0
0.0
0.0
0.0
0.0
0.0
0.0
0.0
0.0
0.0
0.0
0.0
0.0
0.0
0.0
0.0
0.0
0.0
0.0
0.0
0.0
0.0
0.0
0.0
0.0
0.0
0.0
0.0
0.0
0.0
0.0
0.0
0.0
0.0
0.0
0.0
0.0
0.0
0.0
0.0
0.0
0.0
0.0
0.0
0.0
0.0
0.0
0.0
0.0
0.0
0.0
0.0
0.0
0.0
0.0
0.0
0.0
0.0
0.0
0.0
0.0
0.0
0.0
0.0
0.0
0.0
0.0
0.0
0.102639
0.0
0.0
0.0
0.0
0.0
0.0
0.0
0.0
0.0
0.0
0.0
0.0
0.0
0.0
0.0
0.0
0.0
0.0
0.0
0.0
0.0
0.0
0.0
0.0
0.0
0.0
0.0
0.0
0.0
0.0
0.0
-0.446565
0.0
0.0
0.0
0.0
0.647446
0.0
0.0
0.0
0.0
0.0
0.0
0.0
0.0
0.0
0.0
0.0
0.0
0.0
0.0
0.0
0.0
0.0
0.0
0.0
0.0
0.0
0.0
0.0
0.0
0.0
0.0
0.0
0.98322
0.0
0.0
0.0
0.0
0.0
0.0
0.0
0.0
0.0
-0.936605
0.0
0.0
0.0
0.0
0.0
-0.33111
0.0
0.0
0.0
0.0
0.0
0.0
0.0
0.0
0.0
0.0
0.0
0.0
0.0
0.0
-0.956243
0.0
0.0
0.0
0.0
0.0
0.0
0.0
0.0
0.0
0.0
0.0
0.0
0.0
0.0
0.0
0.0
0.0
0.0
0.0
0.0
0.0
0.0
0.0
0.0
0.0
0.0
0.0
0.0
0.0
0.0
0.0
0.0
0.0
-0.937443
0.0
0.0
0.0
0.0
0.0
0.0
0.0
0.0
0.0
0.0
0.0
0.0
0.0
0.0
0.0
0.0
0.210114
0.0
-0.5086
0.0
0.0
0.0
0.0
0.0
0.0
0.0
0.0
0.0
0.0
0.0
0.0
-1.54511
0.0
0.0
2.07608
0.0
1.08553
0.0
0.0
0.0
0.0
0.0
0.0
0.0
0.0
0.0
0.0
0.0
-1.49757
0.0
0.0
0.0
0.0
0.0
0.0
0.0
0.0
0.0
0.0
0.0
0.0
0.0
0.0
0.0
0.0
0.0
0.0
0.0
0.0
0.275962
0.0
0.0
0.0
0.0
0.0
0.0
0.0
0.0
0.0
0.0
0.0
0.0
0.0
0.0
0.0
0.0
0.0
0.0
0.0
0.0
0.0
0.0
0.0
0.0
0.0
1.14041
0.0
0.0
0.0
0.0
0.0
0.0
0.0
0.0
0.0
0.0
0.0
0.0
0.0
0.604779
-0.357037
0.0
0.0
0.0
0.0
0.0
0.0
0.0
0.0
0.0
0.0
0.0
0.0
0.0
0.0
0.0
0.0
0.0
0.0
0.0
0.0
-0.916679
0.0
0.0
0.0
0.0
0.0
0.0
0.0
0.0
0.0
-1.26801
0.0
0.0
0.0
0.0
0.0
0.0
0.0
0.0
0.0
0.0
0.0
0.0
0.0
0.0
0.0
0.0
0.0397808
0.960682
-0.370992
0.800994
0.207486
-0.699563
0.133027
0.103452
0.592751
-0.520855
1.15988
-0.773466
2.65077
-0.281256
-0.627489
0.0531862
-0.174162
0.709119
0.595575
2.36739
1.7083
0.42482
1.2883
1.12696
0.331253
-0.215315
1.28567
-1.96535
0.0291957
-1.05864
-0.623161
0.14945
-0.0247957
0.83364
0.353102
-2.83256
0.0
0.0
0.0
0.0
0.0
0.0
0.0
0.0
0.0
-0.899244
0.0
0.0
0.0
0.0
0.0
0.0
0.0
0.0
0.0
0.0
0.0
0.0
0.0
0.0
0.0
0.0
0.0
0.0
0.0
0.0
0.0
0.0
0.0
0.0
0.0
0.0
0.0
0.0
0.0
0.0
0.0
0.0
0.0
0.0
0.0
0.0
0.0
0.0
0.0
0.0
0.0
0.0
0.0
0.0
0.0
0.0
0.0
0.0
0.0
0.0
0.0
-0.292435
0.0
0.0
0.0
0.0
0.0
0.0
0.0
0.0
0.0
0.0
0.0
0.0
0.0
0.0
0.0
0.0
0.0
0.0
0.0
0.0
0.0
0.0
0.0
0.0
0.0
0.0
0.0
0.244936
0.0
0.0
0.0
0.0
0.0
0.0
0.0
0.0
0.0
0.0
0.0
0.0
0.0
0.0
0.26918
0.0
0.0
0.0
0.0608706
-0.335159
-1.53144
0.307292
-0.246848
-1.96642
-0.373273
0.206354
0.799345
-0.131664
2.98952
-1.34375
-2.69561
0.211867
-1.31546
0.471441
-0.236585
1.61464
-0.114882
2.08887
1.24274
0.619212
-1.09086
-1.06602
2.55031
-1.22224
-0.502867
1.39201
-0.473459
1.76125
-0.211831
-0.111425
0.143243
-0.227955
0.169094
4.12092
0.0
0.336222
0.0
0.0
0.0
0.0
0.526336
0.0
0.0
0.0
0.0
0.0
0.0
0.0
0.0
0.0
0.0
0.0
0.0
0.0
0.0
0.0
0.0
0.0
0.0
0.0
-1.10086
0.0
0.0
0.0
0.0
0.0
0.0
0.0
0.0
0.0
-0.796496
0.0
0.0
0.0
0.0
0.0
0.0
0.0
0.0
0.0
0.0
0.0
0.0
0.0
0.0
0.0
1.15189
0.0
0.0
0.0
0.0
0.0
0.0
0.0
0.0
0.0
0.0
0.0
0.0
0.0
0.0
0.0
0.0
0.0
0.0
0.0
0.0
0.0
0.0
0.0
0.0
0.0
0.0
0.0
0.0
0.646164
0.0
0.0
0.0
0.0
0.0
0.0
0.0
0.0
0.0
0.0
0.0
0.0
0.0
0.0
0.0198117
0.0
0.0
0.0
0.0
0.0
1.02704
0.0
0.0
0.0
0.136212
0.0
0.0
0.0
0.0
0.0
0.0
0.0
0.0
0.0
0.0
0.0
0.0
0.0
0.0
0.0
0.0
0.0
0.0
0.0
0.0
0.0
0.0
0.0
0.0
0.0
0.0
0.0
0.0
0.0
0.0
0.0
0.0
0.0
0.0
0.0
0.0
0.0
0.0
0.0
0.0
0.0
0.0
0.235961
0.0
0.0
0.0
0.0
0.0
0.0
0.0
0.0
0.0
0.0
0.0
0.0
0.0
0.0
0.0
0.0
0.0
0.0
0.0
0.0
0.0
0.0
0.0
0.0
0.0
0.0
0.0
0.0
0.0
0.0
-0.164612
0.0
0.0
0.0
0.0
0.0
0.0
0.0
0.0
0.14655
0.0
0.0
0.0
0.0
-1.20928
0.0
0.0
0.0
0.0
0.0
0.0
0.0
0.0
0.0
0.0
0.0
0.0
0.0
0.0
0.0
0.0
0.0
0.0
0.0
0.498618
0.0
0.0
0.0
0.0
0.0
0.0
0.0
0.0
0.0
0.0
0.0
0.0
0.0
0.0
0.0
0.0
0.0
0.0
0.0
0.0
0.0
0.0
0.0
0.0
0.0
0.0
0.0
0.0
0.0
0.0
0.0
0.0
-0.168512
0.0
0.0
0.0
0.0
0.0
0.0
0.0
0.0
0.0
0.0
0.0
1.20351
0.0
1.1458
0.0
0.0
0.0
0.0
0.0
0.0
1.17982
0.0
0.0
0.0
0.0
0.0
0.0
0.0
0.0
0.0
0.0
0.0
0.0
0.0
0.0
0.958209
0.0
0.0
0.0
0.0
0.0
0.0
0.0
0.0471025
0.0
0.0
0.0
0.0
0.0
0.0
0.0
0.0
-0.376769
0.0
0.0
0.0
0.0
0.0
0.0
0.0
0.0
0.0
0.0
0.0
0.0
0.0
0.172029
0.0
0.0
0.0
0.0
0.0
0.0
0.0
0.0
0.0
0.0
0.0
0.0
0.0
-0.559376
0.0
0.0
0.0
0.0
0.0
0.0
0.0
0.0
0.0
0.0
0.0
0.0
0.0
0.0
0.0
0.0
0.0
0.0
0.0
0.0
0.0
0.0
0.0
0.0
0.0
0.0
0.0
0.0
0.0
0.0
0.0
0.0
0.0
0.0
0.0
0.0
0.0
0.0
0.0
0.0
0.0
0.0
0.0
0.0
0.0
0.0
0.0
-1.20727
0.0
-0.570027
0.0
0.0
0.0
0.0
0.606121
0.0
0.0
0.0
0.0
0.0
0.0
0.0
0.0
0.0
0.0
0.0
0.0
-0.0768638
0.403146
0.364404
-0.0284114
0.790163
1.38598
-0.041217
-0.116246
1.43517
-2.36967
-0.0587986
2.00427
3.35391
0.133008
-2.23317
0.0481434
-0.219778
-0.604757
0.193361
2.13032
0.935711
0.190409
-2.15138
0.608896
0.977627
-0.197154
1.02845
-2.66889
-0.115193
-0.789377
-0.394484
0.530058
0.0740373
0.526091
-0.232237
-1.13419
0.0
0.0
-0.0963132
0.0
0.0
0.0
0.0
0.0
0.0
0.0
0.0
0.0
0.0
0.0
0.0
0.0
0.0
0.0
0.0
0.0
0.0
0.0
-0.0980691
0.0
0.0
0.0
0.0
0.0
0.0
0.0
0.0
0.0
0.0
0.0
0.0
0.0
0.0
0.0
0.0
0.0
0.0
0.0
0.0
0.0
0.0
0.0
0.0
0.0
0.0
0.0
0.0
0.0
0.0
0.0
0.0
0.0
0.0
0.0
0.0
0.0
0.0
0.0
0.0
1.75292
0.0
0.0
0.0
0.0
0.0
0.0
0.0
0.0
0.0
0.0
0.0
0.0
0.0
0.0
0.0
0.0
0.0
0.0
0.0
0.0
0.0
0.0
0.0
0.0
0.0
0.0
0.0
0.0
0.0
0.0
0.0
0.0
0.0
0.0
0.0
0.0
0.0
0.0
0.0
0.0
0.0
0.0
0.0
0.0
0.0
0.0
0.0
0.0
0.0
0.0
0.0
0.0
0.0
0.0
0.0
0.0
0.0
0.0
0.0
0.0
0.0
0.0
0.0
0.0
0.0
0.0
0.0
0.0
0.0
0.0
0.0
0.0
0.0
0.0
0.0
0.0
0.0
0.0
0.0
0.0
0.0
0.0
0.0
0.0
0.0
0.0
0.0
0.0
0.0
0.0
0.0
0.0
0.0
0.0
0.0
0.0
0.0
0.0
0.0
0.0
0.0
0.0
0.0
0.0
0.0
0.0
-0.359125
0.0
0.0
0.0
0.0
0.0
0.0
0.0
0.0
0.0
-0.167896
-0.12047
-0.39304
0.0289803
-0.295878
-1.01286
0.0825411
-0.0935802
0.670793
-0.166991
2.25718
-2.45558
-1.40857
0.285381
-1.03588
0.350018
-0.684437
0.00481397
0.323102
1.82227
0.531555
0.177674
-0.0912627
-0.593125
2.42897
-0.724259
-0.763538
1.5377
-0.427805
1.16118
-0.469233
0.0527012
0.489252
0.679185
-0.267422
1.81449
0.0
0.0
0.0
0.0
0.0
0.0
0.0
0.0
0.0
0.0
0.0
0.0
0.0
0.0
0.0
0.0
0.0
0.0
0.0
0.0
0.0
0.0
0.0
0.0
0.0
0.0
0.0
0.0
0.0
0.0
1.26725
0.0
0.0
0.0
0.747859
0.0
0.0
0.0
0.0
0.0
0.0
0.0
0.0
-1.32363
0.0
0.0
0.0
0.0
0.0
0.0
0.0
0.0
0.0
0.0
0.0
0.0
0.0
-1.64168
0.0
0.0
0.0
0.0
0.0
0.0
0.0
0.0
0.979878
0.0
0.0
0.0
0.0
0.0
0.0
0.0
0.0
0.0
0.0
0.0
0.0
0.0
0.0
0.0
0.0
0.0
0.0
0.0
0.0
0.0
0.0
0.0
0.0
0.0
0.0
0.734444
0.0
0.0
0.0
0.0
0.0
0.0
0.0
0.0
0.0
0.0
0.0
0.0
0.0
0.0
0.0
0.0
0.0
0.0
0.0
0.0
0.0
0.0
0.0
0.0
-0.278304
0.0
0.0
0.0
0.0
0.0
0.0
0.0
0.0
0.0
0.0
0.0
0.0
0.0
0.0
0.0
0.0
0.0
0.0
0.0
0.0
0.0
0.0
0.0
0.0
0.0
-0.217472
0.0
0.0
0.0
0.0
0.0
0.0
0.0
0.0
0.0
0.0
0.0
0.0
0.0
0.0
0.0
0.0
0.0
0.545694
0.0
0.0
0.0
0.0
0.0
0.0
0.0
0.0
0.0
0.0
0.0
0.0
0.0
0.0
0.0
0.0
0.0
0.0
0.0
-0.103667
0.0
0.0
0.0
0.0
0.0
0.0
0.0
0.0
0.0
0.0
-0.00320529
0.0
1.24522
0.0
0.0
0.0
0.0
0.0
0.0
0.0
0.0
0.0
0.0
0.0
0.0
0.0
0.0
0.0
0.0
0.0
0.0
0.0
0.0
0.0
0.0
0.0
0.0
0.0
0.0
0.0
0.0
0.0
0.0
0.0
0.0
0.0
0.0
0.0
0.0
0.0
0.0
0.0
0.0
0.0
0.0
0.0
0.0
0.0
0.0
0.0
0.0
0.0
0.0
0.0
0.0
0.0
0.0
0.0
0.0
0.146347
0.0
0.0
0.0
0.0
0.0
0.0
0.0
0.0
0.0
0.0
0.0
0.0
0.0
0.0
0.0
0.0
0.0
0.0
0.0
0.0
0.0
0.0
0.0
0.0
0.0
0.0
0.0
0.0
0.0
0.0
0.0
0.0
0.0
0.0
0.0
0.0
0.0
0.0
0.0
0.0
0.0
0.0
0.0
0.0
0.0
0.0
0.0
0.0
0.0
0.0
0.0
0.0
0.0
0.0
0.0
0.0
-0.606788
0.0
0.0
0.0
0.0
0.0
0.0
0.0
0.0
0.0
0.0
0.0
0.0
0.0
0.0
-0.176402
2.46255
1.10088
-0.398525
-0.11926
-0.648965
-0.775831
-0.637546
1.46856
-0.881975
0.0232917
0.671746
0.869648
0.590574
-1.4427
0.161312
-0.429791
-2.91568
0.272853
2.13798
0.766527
0.273711
-0.291146
0.328398
-0.335855
-0.43791
2.26104
-1.21135
0.102475
3.00509
-0.586161
-0.160333
0.479924
-0.464065
-0.744551
-1.57047
0.0
0.0
0.0
0.0
0.0
0.0
0.0
0.0
0.0
0.0
0.0
0.0
0.0
0.0
0.0
0.0
0.0
0.0
0.0
0.0
0.0
0.0
0.0
0.0
0.0
0.0
0.0
0.0
0.0
0.0
0.0
0.0
0.0
0.0
0.0
0.0
0.0
0.0
0.0
0.0
0.0
0.0
0.0
0.0
0.0
0.0
1.07837
0.0
0.0
0.0
0.0
0.0
0.0
0.0
0.0
0.0
0.0
0.0
0.0
0.0
0.0
0.0
0.0
0.0
0.0
0.0
0.0
0.0
0.0
0.0
0.0
0.0
0.0
0.0
0.0
0.0
0.0
0.0
0.0
0.0
0.0
0.0
0.0
0.0
0.0
0.0
0.0
0.0
0.0
0.0
-0.465097
0.0
-0.815953
0.0
0.0
0.0
0.0
0.0
0.0
0.0
0.0
0.0
0.0
-0.311225
0.0
0.0
0.0
0.0
0.0
0.0
0.0
0.0
0.0
0.0
0.0
0.0
0.0
0.0
0.0
0.0
0.0
0.0
0.0
0.0
0.0
0.0
0.0
0.0
0.0
0.0
0.0
0.0
0.0
0.0
0.0
0.0
0.0
0.0
0.0
0.0
0.0
0.0
0.0
0.0
0.0
0.0
0.0
0.0
0.0
0.0
0.0
0.0
0.0
0.0
0.0
0.587347
0.0
0.0
0.0
0.0
0.0
0.0
0.0
0.0
0.0
0.0
0.0
0.0
0.0
0.0
0.0
0.0
0.0
0.0
0.0
0.0
0.0
0.0
0.0
0.0
0.0
0.0
0.0
0.0
0.0
0.0
0.0
0.0
0.0
0.0
0.0
0.0
0.0
0.0
0.0
0.0
0.0
0.0
0.0
0.0
0.0
0.0
0.0
0.0
0.0
0.0
0.0
0.0
0.0
0.0
0.0
0.0
0.0
0.0
0.0
0.0
0.0
0.0
0.0
0.0
0.0
0.0
0.0
0.0
0.0
0.0
0.0
0.0
0.0
0.0
0.0
0.0
0.0
0.0
0.0
0.0
0.0
0.0
0.0
0.0
0.0
0.0
0.0
0.0
0.0
0.0
0.0
0.0
0.0
0.0
0.0
0.0
0.0588767
1.5425
1.47511
0.203319
-0.0907763
-3.86848
-2.99676
-0.0139889
0.957194
-0.546691
1.47873
-1.2653
1.90645
0.967724
-3.72074
0.186052
-0.145788
0.172089
0.0980355
0.317836
-0.32934
0.0989576
0.864603
0.116619
3.03574
-0.53744
1.18225
-2.80202
0.138476
0.302336
-0.411115
0.20301
0.319888
-1.24133
-1.19086
3.29359
0.0
0.0
0.0
0.0
0.0
0.0
0.0
0.0
0.0
0.0
0.0
0.0
0.0
0.0
0.0
-0.52408
0.0
0.0
0.0
0.0
0.0
0.0
0.0
0.0
0.0
-0.705704
0.0
0.0
0.0
0.0
0.0
0.0
0.0
0.0
0.0
0.0
0.0
0.0
0.0
0.0
0.0
0.0
0.0
0.0
0.0
0.0
0.0
0.0
0.0
0.549225
0.0
0.0
0.0
0.0
0.0
0.0
0.0
0.0
0.0
0.0
0.0
0.0
0.0
0.0
0.0
0.0
0.0
0.0
0.0
0.0
0.0
0.0
0.0
0.0
0.0
0.0
0.0
0.0
0.0
-0.646256
-0.340506
0.0
0.0
0.0
0.0
0.0
0.0
0.0
0.0
0.0
0.0
0.0
0.0
0.0
0.0
0.0
0.0
0.0
0.0
0.0
0.0
0.0
0.0
0.0
0.0
0.0
0.0
0.0
0.0
0.0
0.0
0.0
0.0
0.0
0.0
0.0
0.0
0.0
0.0
0.0
0.0
0.0
0.0
0.0
0.0
0.0
0.0
0.0
0.0
0.0
1.79185
0.0
0.0
0.0
0.0
0.0
0.0
1.20339
0.0
-1.08653
0.0
-0.172904
0.0
0.0
0.0
0.0
0.0
0.0
0.0
0.0
0.0
0.0
0.0
0.0
0.0
0.0
0.0
0.0
0.0
0.0
0.0
0.0
0.0
0.0
0.0
0.0
-1.02185
0.0
0.0
0.0
0.0
0.0
0.0
0.0
0.0
0.0
0.0
0.0
0.0
0.0
0.0
0.0
0.0
0.0
0.0
0.0
0.0
0.0
0.0
0.0
0.0
0.0
0.0
0.0
0.0
0.0
0.0
0.0
0.0
0.0
0.0
0.0
0.0
-1.16577
0.0
0.0
0.0
-0.265327
0.0
-1.84068
0.0
0.0
0.0
0.0
0.0
0.0
-0.183255
0.0
0.0
0.0
0.0
0.0
0.0
0.0
0.0
0.0
0.0
-0.338965
0.0
0.0
0.0
0.0
0.0
0.0
0.0
0.0
0.0
0.0
0.0
0.0
0.0
0.0
0.0
0.0
0.299164
0.0
0.0
0.0
0.0
0.0
0.0
0.0
0.0527539
1.31925
2.72523
0.167142
-0.363988
-0.862998
-0.510028
0.252482
1.58909
-0.655431
-2.6475
0.526487
2.3053
1.38689
-3.00431
0.000897414
-0.248788
-1.68233
-0.188929
3.65067
2.23026
-0.34466
-2.13603
-0.141281
1.43102
-1.62521
1.26044
-2.91988
0.0480879
0.974066
-0.10947
-0.18173
-0.193491
-1.96382
-0.396729
2.67289
0.0
0.0
0.0
0.0
0.0
0.0
0.0
0.0
0.0
0.0
0.0
0.0
0.0
1.21221
0.0
0.0
0.0
0.0
0.0
0.0
0.0
0.0
0.0
0.0
0.0
0.0
0.0
0.0
0.0
0.0
0.0
0.0
0.0
0.0
0.0
0.0
0.0
0.0
0.0
0.0
0.0
0.0
0.0
0.0
0.0
0.0
0.0
0.0
0.0
0.0
0.0
0.0
0.0
0.0
0.0
0.0
0.0
0.0
0.0
0.0
0.0
0.0
0.0
0.0
0.0
0.0
0.0
0.0
0.0
0.0
0.0
0.0
0.0
0.0
0.0
1.29231
0.0
0.0
0.0
0.0
0.0
0.0
0.0
0.0
0.0
0.0
0.0
0.0
0.0
0.0
0.0
0.0
0.0
0.0
0.0
0.0
0.0
0.0
0.0
0.0
0.0
0.0
0.0
0.0
0.0
0.0
0.0
0.0
0.0
0.0
0.0
0.0
0.0
0.0
0.0
0.0
0.0
0.0
0.0
0.0
0.0
0.0
0.0
0.0
0.0
0.0
0.0
0.0
0.0
0.0
0.0
0.0
0.0
0.0
0.0
0.0
0.0
0.0
-0.221577
0.0
0.0
0.0
0.0
0.0
0.0
0.0
0.0
0.0
0.0
0.0
-0.279616
0.0
0.0
0.0
0.0
0.0
0.0
0.0
0.0
0.0
0.0
0.0
0.0
0.0
0.0
0.0
0.0
0.0
0.0
0.0
0.0
0.0
0.0
0.0
0.0
0.0
-1.34682
0.0
0.0
0.0
0.0
0.0
0.0
0.0
0.48198
0.0
0.0
0.0
-2.45766
0.0
0.0
0.0
0.0
0.0
0.0
0.0
0.0
0.0
0.0
0.0
0.0
0.0
0.0
0.0
-0.127159
0.0
0.0
0.0
0.0
0.0
0.0
0.0
0.0
0.0
0.0
0.0
0.0
0.0
0.0
0.0
0.0
0.0
0.0
0.0
0.0
0.0
0.0
0.0
0.0
0.0
0.42672
0.0
0.270469
0.0
0.0
0.0
0.0
0.0
0.0
0.0
0.0
0.0
0.0
0.0
0.0
0.0
0.0
0.0
0.0
0.0
0.0
0.0
0.0
0.0
1.51696
0.0
0.0
0.0
0.0
0.0
0.0
0.0
0.0
0.0
0.0
0.0
0.0
0.0
0.0
0.0
0.0
0.0
0.0
0.0
0.0
0.0
0.0
0.0
0.0
0.0
0.0
0.0
0.855083
0.0
0.0
0.0
0.0
0.0
0.0
0.0
0.0
-1.83029
0.0
0.0
0.0
0.0
0.0
0.0
0.0
0.0
0.0
0.0
0.0
0.0
0.0
0.0
0.0
0.0
0.0
0.0
0.0
0.0
0.0
0.0
0.0
0.0
0.0
0.0
0.0
0.0
0.0
0.0
0.0
0.0
0.0
0.0
0.0
0.0
0.0
0.0
0.0
0.0
0.0
0.0
0.0
0.0
0.0
0.0
0.0
0.0
0.0
0.0
0.0
0.0
0.0
0.0
0.0
0.0
0.0
0.0
0.0
0.0
0.0
0.0
0.0
0.0
0.0
0.0
0.0
0.519511
0.161929
0.647577
1.95811
0.284686
-0.269617
-4.10488
-2.20072
0.106712
1.04896
-0.0198269
0.169561
-1.10938
2.62019
1.30208
-3.83855
-0.0577108
0.308718
-0.456127
-0.311805
0.819034
-1.35078
-0.476545
0.455872
0.333496
2.83221
-0.954372
2.49358
-2.64503
0.0327302
0.511054
-0.0468263
-0.0572122
-0.359222
-1.28935
-1.45313
2.30339
-0.0463721
2.32443
3.69228
-0.334357
-0.736434
-3.18146
-3.42621
-0.678478
1.52957
-1.14747
1.45934
-2.02397
4.76994
0.775217
-5.65558
0.541453
0.0752304
-1.17434
-0.129752
2.32063
-2.23504
-0.296771
-0.0646735
-0.215712
1.08472
-1.19643
0.767484
-2.38245
1.02122
0.546841
-0.729656
0.00114094
-0.287794
0.663469
-1.51649
2.19043
0.0
1.30431
0.0
0.0
0.0
0.0
0.0
0.0
0.0
0.0
0.0
0.0
0.0
0.0
0.0
1.30262
0.0
0.0
0.0
0.0
0.0
0.0
0.0
0.0
0.0
0.0
0.0
0.0
0.0
-1.09799
0.0
0.0
0.0
0.0
0.0
0.0
-0.04354
0.908888
3.06458
-0.0388804
-0.420453
-3.48029
-2.08904
-0.543418
1.00322
-0.102727
-1.00631
-1.42294
2.44943
1.02016
-4.23547
-0.223639
0.128907
-0.549838
0.00900865
1.60427
0.26256
-0.514086
-0.0296734
-0.270451
3.0852
-3.11575
2.28435
-2.77504
-0.184345
-0.741486
-0.149205
-0.0126159
0.032465
-0.00726007
-1.96779
1.72071
0.0475234
0.88915
2.10162
0.30565
-0.544944
-3.40347
-2.49799
-0.19986
0.985399
-0.270289
-1.06523
-0.226506
2.85419
1.9727
-3.45489
0.915065
0.128206
0.0453149
-0.132063
1.75572
0.358714
-0.690549
0.390756
0.23282
1.75764
-2.5889
2.40472
-3.2315
0.149451
0.339952
-0.419829
-0.0438258
-0.191495
-1.05988
-1.81938
1.17938
0.0
0.0
-1.87447
0.0
0.0
0.0
0.0
0.0
0.0
0.0
0.0
0.0
0.0
0.0
0.0
0.0
0.0
0.0
0.0
-0.0567806
1.05974
0.0
0.0
0.0
0.0
0.0
0.0
0.0
0.0
0.0
0.0
0.0
0.0
0.0
0.0
0.0
0.0
0.0
0.0
0.0
0.0
0.0
0.0
0.0
0.0
0.0
0.0
0.0
0.0
0.0
0.21471
0.0
0.0
0.0
0.0
0.0
0.0
0.0
0.0
0.0
0.0
0.0
0.0
0.0
0.0
0.0
0.0
0.0
0.0
0.19116
0.0
0.0
0.0
0.0
0.0
0.0
0.0
0.0
0.0
0.0
0.0
0.0
0.0
0.0
0.0
0.0
0.0
0.0
0.0
0.0
0.314723
0.0
0.0
0.0
0.0
0.0
0.0
0.0
0.0
0.0
0.0
0.0
0.0
0.0
0.0
0.0
0.0
0.0
0.0
0.0
0.0
0.0
0.0
0.0
0.0
0.0
0.191842
0.0
0.0
0.0
0.0
0.0
0.0
0.0
0.0
0.0
1.78053
0.0
0.0
0.0
0.0
0.0
0.0
0.0
0.0
0.0
0.0
0.0
0.0
0.0
0.0
0.0
0.0
0.0
0.0
0.0
0.0
0.234776
0.0
0.0
0.0
0.0
0.0
0.0
0.0
0.0
0.0
0.0
0.0
0.0
-1.03341
0.0
0.0
0.0
0.0
0.0
0.0
0.0
0.0
0.0
0.0
0.0
0.0
0.0
0.0
0.0
-1.33274
0.0
0.0
0.0
0.0
0.0
0.0
0.0
0.0
0.0
0.0
0.0
0.0
0.0
0.0
0.0
0.0
0.0
0.0
0.0
0.0
0.0
0.0
0.0
0.0
0.0
0.0
0.0
0.0
0.0
-0.868459
0.0
0.0
0.0
0.0
0.0
0.0
0.0
0.0
0.0
-0.0282717
2.89654
1.53242
0.140834
0.310859
5.98138
5.7685
0.672129
0.479667
4.72432
0.600271
4.399
6.96845
0.172242
-1.61522
-0.248038
0.0671354
1.16967
1.26457
0.966784
0.92779
2.17064
-3.92648
-1.21845
-4.23542
-1.56042
-0.83266
0.764278
-0.170991
-1.65853
-0.405289
1.09104
1.4941
0.19632
1.54113
5.91633
0.0659909
-0.967477
-0.855406
0.0319945
0.0188675
-4.61006
-5.77297
-1.71361
0.155049
-5.69055
-0.965633
-5.7229
-5.42148
-0.125675
0.631074
-0.208116
-0.182703
-1.44751
-0.974566
0.0648803
0.97034
-0.376326
2.18565
1.14387
2.80041
2.09613
1.07771
-1.18582
0.258115
1.88256
-0.400945
-0.439546
-0.423085
-2.22772
-1.8551
-7.92248
-0.120986
1.92674
-2.54383
-0.000809645
-0.0266387
5.88869
0.415831
2.69462
0.301451
1.32181
0.755322
-1.32471
5.54681
1.11248
0.727301
0.00597161
-0.430195
4.66158
0.172423
4.32941
4.20373
2.4508
2.06241
4.36099
-2.21684
-4.19566
-0.956255
-2.43869
0.0312985
-0.545045
0.355218
0.276768
0.255707
-7.15075
1.91737
-5.10329
0.867625
2.37087
-0.707778
-0.00493022
0.0132058
-0.944358
2.18294
-0.476522
-5.19138
4.49779
-1.11107
2.0229
-5.01375
0.394588
-3.87012
-0.0451821
0.139129
-2.32235
0.222179
2.60685
-0.445396
-0.626735
-0.510503
-0.402766
2.51724
5.05582
-2.15593
-2.83054
-0.195469
0.161638
0.251017
-0.574175
0.677357
-0.615347
-0.085663
-1.75983
0.0386051
1.9359
0.67485
0.172407
0.328884
1.3637
-0.00614143
-1.04181
0.631404
-0.969434
-0.368322
-1.32005
1.5433
0.047521
-0.979082
-0.455606
-0.115739
-0.280395
0.290178
1.02997
1.8979
1.79417
-1.73974
-0.0788059
-1.42903
0.536153
0.277538
-0.423167
0.0870618
0.222584
-0.805985
0.651739
1.07155
-2.03227
-0.316135
-2.00729
0.0418502
-0.243671
0.973822
0.0182962
0.152921
0.415465
0.82335
-0.0854413
0.575441
-1.12399
0.225479
0.408943
0.699742
-0.690367
0.197479
-0.0877623
0.565011
-0.673165
-0.35638
-0.049174
-0.1746
0.495077
-0.116564
0.165083
0.175422
0.340282
-1.15432
0.172082
0.274845
-0.481587
-0.436031
0.0675779
-0.141979
-0.664602
0.649299
2.44504
1.25088
-2.0381
0.832864
0.0142081
0.177864
1.45747
1.85732
0.0381095
-0.649348
1.6023
1.74342
1.3444
0.511472
0.590775
-1.13743
-0.248608
0.634501
1.1988
-0.734932
0.750793
-0.226013
-0.051646
0.499256
0.491646
1.25889
-4.19192
-6.7992
-0.36207
0.230097
-3.29389
-0.498753
-0.443349
0.866529
-0.104772
-0.677579
1.97348
1.90512
-0.0625364
-0.898676
0.0239233
-1.52919
0.624923
0.592437
0.369927
-0.154132
0.421813
-1.25481
3.19251
-0.113448
-0.926422
0.887384
-0.0816651
0.581452
-0.419849
-0.390427
-0.989119
-1.31906
0.241796
0.84969
-0.854783
-0.839655
1.62778
-2.04662
0.750364
0.272746
-0.35011
-0.430043
0.083787
-0.134373
-0.407398
0.446399
2.15292
1.75322
-1.07065
-0.93899
0.0188672
2.66335
0.407898
1.00079
-0.0928908
0.557494
-1.16806
0.205824
0.7187
-0.31396
1.63312
-2.65185
1.54755
2.30569
-0.869695
-0.387257
0.421705
0.62931
0.683366
-0.16405
-0.350198
1.04622
0.0456723
-1.50645
1.0615
0.863162
-0.625558
-0.439133
0.0699992
-0.0822312
-0.499925
0.560762
2.14024
0.0223225
1.62622
3.05698
2.4668
2.83603
-2.10104
1.0559
-1.0283
0.489594
-1.1895
0.293993
0.304136
0.89464
-0.613634
2.55347
2.09318
0.660684
-2.67706
-0.386971
0.198347
0.540709
0.733694
-0.392869
-0.27315
2.03631
-0.275939
1.05639
-0.143302
-0.012841
-0.636647
-0.481041
0.100223
-0.119067
-0.205645
0.639645
2.16577
-0.104392
4.23485
0.965075
2.13563
1.76592
3.90131
-3.48289
2.16374
-0.524511
-0.330488
1.47988
-1.77899
0.436176
-3.59569
0.712408
2.77598
-1.20261
2.9484
-0.558996
-6.06216
-3.8181
-0.411931
2.3227
1.76578
1.45645
0.899448
-1.21337
2.2163
0.275842
-3.39266
1.14742
0.497799
-2.39304
3.74043
3.0585
-0.879649
0.0102164
-4.09389
-1.16548
2.48652
-0.294201
-1.64181
1.59387
-1.69812
0.996218
-0.421951
-4.10124
6.11796
0.163131
-0.347044
0.876329
0.249942
0.578109
3.32302
-2.89467
4.91193
2.68027
0.73191
0.49481
-0.156594
1.71601
0.204757
-0.492993
-2.3914
0.268893
0.180218
-0.433632
0.18078
0.0973616
-1.90647
-1.55158
-2.60713
-0.0143843
1.95971
0.76835
0.00172902
0.462754
-0.0819452
0.798157
2.0056
-0.157004
0.77442
0.668243
-2.32412
1.17584
0.079489
-1.64025
-0.043556
-0.00601714
-1.7919
-0.480416
1.01606
1.02843
0.386395
-0.469232
0.812535
1.85102
1.08858
1.16761
0.247414
-0.944832
-0.25522
1.54694
-0.62974
0.242453
0.384016
-0.191505
0.139011
-0.0272247
0.855154
0.434671
0.0197402
0.168837
1.94897
-2.12903
-2.28615
-2.9024
-1.75857
-0.898005
-0.259835
-0.849498
0.102553
0.807487
-0.0402544
0.505819
-0.591582
-2.9391
1.11862
-1.84035
0.286841
2.93473
1.24946
2.15022
-0.325865
1.07657
-0.503472
0.256954
0.714559
-0.439179
0.24851
-0.206793
-2.29374
0.531414
1.39362
0.0257629
2.47381
0.149224
0.000223365
0.178484
5.85052
-3.96486
2.29499
0.755418
2.22198
0.179623
-0.578256
0.608493
0.123472
-1.28838
0.0885157
1.60879
-3.49216
0.901967
-2.1406
5.67421
-0.71086
5.04838
8.48279
2.04532
3.45913
-1.16723
2.30428
0.298237
0.0107536
-0.358667
-0.989791
2.14873
4.11435
-0.881726
-2.54553
0.144975
0.168745
1.09936
0.0244758
0.14641
-0.818927
1.41105
1.01772
2.7952
-1.72645
-1.8972
3.14527
-1.04789
1.30982
0.348085
0.00748582
0.59952
-1.09948
-0.51424
1.30355
0.00461799
-0.367222
-0.44838
2.76669
2.26399
0.393806
0.752668
-2.55293
0.247456
1.32887
-0.498086
-0.0744635
0.164614
-0.552746
-0.00730307
-2.53463
-0.117191
-0.368144
-0.590888
-0.011411
0.188371
0.966253
0.507591
-1.17003
-2.62783
0.1246
-0.573673
1.9297
0.904948
-0.292852
0.233994
0.144854
0.481181
-1.3515
0.256441
-0.828776
-0.00545359
1.31193
-0.343849
-2.27518
1.8773
-0.509289
-1.23995
0.588222
0.159804
1.91795
-0.280908
0.366467
2.88408
1.31757
-1.88876
1.41473
0.00882273
-2.83925
0.859004
-0.0113262
0.231209
-3.76406
0.546817
1.31453
1.00845
-1.92068
3.8113
-1.29939
-1.25717
-1.02243
-1.22638
0.0266831
0.707001
-0.717153
0.269063
1.22944
0.824341
-0.58265
-4.18009
4.11706
-2.70742
1.31196
3.19003
-2.30451
-0.0744689
3.23998
-0.6752
0.973642
0.574914
-1.96394
-1.99773
-2.45057
-2.61238
1.01534
-0.128652
-0.000153548
0.0938003
-0.920486
0.645705
0.0735905
-0.287248
-0.959631
0.428507
0.574579
2.81664
-1.85338
2.31089
-0.0695867
-0.0461566
-0.433378
0.011377
0.876172
-0.00765986
0.611213
-1.64736
-1.29229
3.18715
-1.95712
-0.735412
-1.28105
-0.0231287
-0.0327828
-0.214277
0.0607641
0.309599
-0.410613
-0.0632917
-1.34438
-2.07045
-0.438234
0.181108
0.00954977
0.0825664
-0.215081
2.40733
0.00785689
-1.86401
1.11652
-0.702939
2.83345
-3.03095
-2.6091
-0.0597378
-0.148452
0.154854
-0.396698
-0.281315
-0.13386
1.18616
1.08641
1.30418
-2.09968
-1.71858
-0.439645
-0.156694
-0.153212
0.120988
-1.34915
-0.202438
-0.0124062
-0.362608
-1.74866
-0.0853374
-0.435994
0.0413537
-1.7725
1.0598
2.16019
0.144398
0.491375
1.07857
-0.108376
0.495734
-0.879884
0.151856
0.758155
0.765106
-0.632633
0.953123
-2.83153
1.54214
-0.752623
-0.399375
0.122141
0.366173
0.593328
0.371569
-0.00949232
-0.0651667
-1.84267
-1.48539
0.601723
0.281101
-0.63919
-0.429241
2.10123
-0.267285
-0.71514
0.615842
2.60953
0.0346145
0.329986
-0.0559425
0.0177166
-1.20696
1.1139
1.25212
-0.224619
0.273355
-0.632189
0.232411
0.684793
0.463584
-0.449429
-1.65303
1.79495
0.446133
-0.634587
-1.1128
-0.0728048
0.248138
0.376043
0.345428
-0.297403
0.268804
2.51918
-2.22301
1.69716
2.44342
-0.553566
-0.39209
0.0747355
-0.237943
-0.417277
0.603204
2.70671
-0.0413402
2.94667
1.28281
0.113766
-1.19525
7.95482
2.38718
-0.178232
1.40062
-0.139139
-0.401779
-0.243229
0.337272
0.0795799
-1.29392
1.52378
-1.85662
1.0542
-2.77343
-4.46249
-0.482121
0.419333
-0.535859
3.49408
1.11663
-4.40462
-1.913
-2.51862
-1.3807
0.756713
-0.230324
0.00295182
0.443523
-0.900466
0.436533
-0.636174
-0.0416886
0.640654
0.0668216
0.00198445
-2.41466
-0.201887
2.02813
-0.107606
-0.717635
0.489585
0.238384
-1.17972
0.190985
-0.263101
-0.572978
-0.210811
1.71036
0.988528
-0.604557
-0.0565112
0.467663
0.45042
-1.55766
-0.143147
0.474865
-1.05378
2.26705
-2.87319
0.00771229
-0.325573
2.42831
0.95287
2.09071
2.55944
-0.0111789
-1.63917
0.201663
1.46676
1.66594
0.0133874
0.200213
-7.18335
-1.55071
-2.20228
-1.66938
0.648015
-0.00399935
-0.796284
1.02917
-1.13348
0.311204
-0.255655
0.505617
-2.43922
-2.75809
2.74098
0.707819
1.09427
0.0553866
-4.45656
-1.358
1.5202
-0.10361
-0.120533
0.960269
-2.72133
-1.55564
-2.29803
-2.37385
-3.20627
0.213842
-3.7269
0.209818
-1.47628
1.22425
0.0145906
0.207548
-0.388743
1.07615
0.652464
0.0675523
2.85058
1.04539
-3.06634
-1.07031
-1.21856
0.108078
-0.0721272
-0.564057
-5.54665
-2.37156
4.56905
-0.311045
1.59551
-2.84984
1.15815
-3.18161
0.123653
1.65511
2.59651
0.157373
-7.13044
0.402665
-0.332451
0.190797
0.394643
-2.67811
-15.3556
-0.00855794
0.594274
0.833096
0.0171174
0.186599
-0.149678
0.470187
-1.47595
0.926862
-0.569886
0.565884
-0.717567
1.07942
-0.27753
0.397109
-0.0873114
0.403834
-0.315497
1.39628
0.952592
1.90217
-0.875491
-2.46221
-0.993603
0.407532
-1.00398
-0.659452
-0.495646
0.226751
-0.778893
-0.262497
-0.088052
-0.0554871
0.0745526
1.84163
1.72327
0.0385673
0.358829
0.763074
0.0138194
0.0552172
1.20351
-1.3738
-0.179153
0.97214
1.78793
2.2287
-1.47391
0.280222
1.60055
-1.2709
-0.119039
0.347308
0.478817
0.804056
-3.04232
-1.08056
-0.192802
-0.456811
1.30338
1.72181
-1.79346
-0.700474
1.01803
0.283392
1.41877
-0.310032
-2.13282
-1.21592
3.43553
-0.723119
2.52512
0.060003
0.326807
0.293625
0.0244515
0.22748
-1.30877
-3.5461
1.55686
1.26746
-2.02614
2.87613
-1.049
-1.03363
1.39875
-1.01632
-0.0836121
0.544547
-2.01154
-0.40058
-0.39308
-4.03943
3.51518
2.1146
-0.131968
0.827752
1.00468
3.12984
-1.18095
0.245544
4.72409
-0.602728
2.42318
0.0764684
-0.615739
2.01434
-5.90061
0.0702864
0.911268
0.876036
0.0281551
0.0752573
-1.54797
1.27213
-0.432774
0.0577907
-1.6015
2.25371
-1.93216
-1.24512
1.86245
0.284101
0.0236322
0.17072
2.07579
-0.471566
0.130278
-1.74125
0.221201
2.16994
4.87608
-1.55625
-2.78751
-0.728646
0.997511
0.272851
1.58352
0.0106521
-1.32565
0.00429614
-0.847633
-0.15476
2.62386
0.115963
-2.04653
1.95098
0.015969
0.0744425
-4.51031
0.354388
-0.50306
-1.06499
2.20354
0.450279
-1.15364
-0.246618
-3.63727
-0.580303
-2.0117
0.550513
0.551571
0.232897
-0.256191
4.55637
-0.143394
0.620823
-1.58164
-0.469256
2.58415
-0.654485
-0.827125
0.31656
0.428046
-0.551514
0.457916
-0.213295
0.540886
0.434269
1.94103
0.844971
-7.53793
-0.622665
-0.0041447
0.0768404
1.64649
-2.97564
0.100254
1.36837
0.894129
-3.46824
-3.40014
2.09198
-0.966982
-0.198803
1.14589
0.437943
-1.12849
0.65479
-0.693475
2.6245
0.583615
-2.27119
2.61033
-4.34896
1.70576
11.4706
-0.466281
0.0432635
3.94695
-0.211792
0.441818
-1.23639
1.89141
4.21405
-4.82813
0.750795
1.28766
-0.439342
0.0153637
1.39119
4.39577
-1.90126
-0.249517
0.460594
1.21752
-1.43452
-5.04149
-2.863
-3.51851
0.00554804
-0.106626
0.421205
-1.96441
-0.160279
0.46325
1.24618
0.619917
1.38708
0.17438
0.609798
4.5737
-0.634553
0.574494
0.260877
-2.1342
-0.297604
0.204925
-0.637468
0.700411
2.55004
2.15748
0.0467933
0.0868609
2.58315
1.55286
-0.165856
2.54801
1.1431
-0.064469
0.615503
-1.45767
0.223865
0.732385
-0.579182
-0.576
1.72802
2.64198
1.84483
-0.754344
-0.394572
0.264337
0.582735
0.613026
-0.153974
-0.231295
0.0964332
0.294416
-0.227333
1.4257
2.45511
-0.569358
-3.17462
0.0708711
-0.23089
-0.911902
0.56363
2.43039
-0.144868
-2.0275
2.3337
-0.719671
1.80378
-0.91275
2.83958
-0.155935
0.735142
-0.804787
0.7505
0.912252
-0.0010501
-0.867813
-1.09093
-0.0982412
0.854302
-1.0568
0.0585794
-1.486
-1.12125
0.333389
-1.05428
1.27363
-0.545563
-1.70249
2.74642
-2.57987
2.84655
0.471271
-1.47154
1.01398
0.0872221
-1.14971
0.631511
-0.0160556
-0.0237434
0.229799
0.140999
-0.000240785
-0.719
0.200979
-0.112339
0.0700094
-0.406234
0.151884
0.155099
-1.34614
0.313378
-0.368128
-0.640043
-1.01959
-1.72684
2.73163
-1.16733
0.409232
-0.399217
0.469911
-1.43277
-0.086698
0.268855
-0.0868416
0.914886
0.579799
1.85242
0.726494
-0.445486
1.40444
0.328208
-2.43574
-0.100268
-1.07054
-0.0199724
0.722832
1.1046
0.0197635
2.69674
-0.103413
0.411933
-0.0478334
0.396149
-1.79542
-0.215819
-0.124077
0.716358
-0.129275
-0.322932
-0.0146205
3.07986
0.438849
-1.11356
-1.2492
-1.00403
2.52248
-0.20846
-0.211514
0.69229
-0.897736
1.25401
-0.911003
0.721909
-1.25547
0.994214
1.0778
-1.00563
0.698807
0.0107165
2.04958
-0.0047258
3.17376
0.3313
0.00260719
0.15498
1.14297
-3.14431
0.286213
-0.786987
-1.04121
0.5199
-0.0172633
1.58412
0.615476
-2.74418
-2.44451
-0.265172
0.0219676
1.71778
-0.531839
3.03711
0.684089
-2.54493
-0.557106
2.28991
-2.3104
0.877729
-1.34165
2.89007
-0.442025
-2.81304
1.15408
1.94936
1.33926
0.398562
-1.71075
0.0928458
0.631142
-0.853124
-0.00474686
0.0819915
2.12469
-0.102909
-2.63006
-0.121179
0.75641
-0.119688
5.30759
-4.27412
0.610504
0.527123
-1.6314
0.279468
-3.2898
1.73364
-1.17729
-1.83024
-3.49468
2.4561
1.57679
2.51879
-0.365326
3.28976
0.942449
0.222733
-0.127594
0.0485293
0.552556
-2.10485
2.75048
2.04411
0.232857
0.034868
-1.04497
-1.72305
0.0238521
0.0860818
-0.751228
0.148651
-0.196739
-0.312429
-0.988342
-1.36528
0.564171
-2.76257
-0.315606
1.41012
-0.0511891
0.401934
0.0979473
-0.361076
-2.04437
-2.61546
1.3726
2.14415
0.705782
2.03135
0.0777738
2.77286
3.26036
0.309211
-0.44185
-2.32353
2.84879
-3.26142
1.37506
-1.27168
2.0369
0.252185
2.46108
0.5636
0.0230982
0.136764
-2.14022
-2.1377
-1.04809
0.94185
1.54678
3.54511
-4.21802
1.58266
-0.995848
-1.58174
-0.204201
0.543927
0.822054
-0.224819
-1.34898
-1.03627
-2.97183
2.18547
-3.38562
-1.3757
-0.459102
-2.84478
0.500026
0.290046
-0.394296
-0.391441
0.517101
-1.58989
-1.01008
0.416086
4.90546
0.0251405
1.16657
-0.45926
0.154236
0.0619142
0.735952
-0.876113
-0.905248
1.24536
1.84731
-0.718601
-0.859899
0.528388
0.86759
-0.593656
-0.295701
-0.875288
0.439525
0.662307
0.637661
0.98629
0.749214
-1.1515
3.01598
-1.974
0.758772
0.891459
0.121112
-0.195963
0.945401
-0.1972
0.501424
0.937589
-1.36459
-3.03616
-4.46649
-0.356304
-0.511496
-0.0829919
-0.366603
-3.99843
2.05321
-0.311293
-0.378946
-0.884696
-3.23656
1.32788
0.773826
-0.281729
-1.16453
-0.374909
-0.463881
-2.90256
-0.457145
-0.399402
-0.463084
-12.5878
-1.49813
5.34799
-5.58245
6.9856
-14.0322
-0.631245
-2.38384
1.65893
-0.815932
1.68843
-3.55448
3.17719
0.606515
1.37127
-1.78152
0.194697
-3.96425
-5.39693
-3.9832
8.92646
-6.6736
0.385302
-4.15921
-4.60077
-7.79992
-10.006
-4.94639
-6.62982
-7.42315
-7.29213
-6.90371
0.132482
-0.758817
0.0483887
0.148162
1.44353
1.60419
0.0591369
1.52631
0.907886
-1.19329
-0.119709
-0.412148
-0.223974
-2.20153
-0.401711
-0.543808
0.0722546
-5.50411
4.01547
-3.93532
0.839933
-0.75067
-0.922676
0.168274
-11.7645
9.46228
-2.26365
5.75291
-8.06383
3.12987
-4.76252
4.75717
-1.36735
-0.27963
-0.959116
1.52962
4.67289
2.66089
0.793644
-2.59699
9.14261
-2.12537
0.49353
-0.0559611
7.59946
-4.4991
0.346854
0.0714755
2.85586
-3.03773
-0.033604
-0.242986
7.00634
-7.21502
0.379001
-3.96477
-4.03811
5.04427
2.58478
0.0526984
-0.123967
-1.09665
-0.964738
-0.38646
7.68614
-8.8574
-4.28079
-0.122002
-0.257939
-0.419075
0.0718274
-0.503638
0.0482939
-0.315891
-0.210157
-0.599887
-0.452701
-0.321736
-0.260727
-0.150304
-0.380383
-0.904686
-2.26524
-1.05352
-1.3334
3.35764
-0.3104
-0.621618
-22.6569
15.2124
-0.0997144
0.15319
-0.539667
-1.22351
-0.499115
-0.668929
