[125, 16, 16, 4]
0.0
0.0
0.0
0.0
0.0
0.0
0.0
0.0
0.0
0.0
0.0
0.0
0.0
0.0
0.0
0.0
0.0
0.0
0.0
0.0
0.0
0.0
0.525786
0.0
0.0
-1.25161
-0.244685
0.0
0.0
0.0
0.0
0.0
0.0
0.0
0.0
0.0
0.0
0.0
0.0
0.0
0.0
0.0
0.0
-1.8261
0.0
0.0
0.0
0.0
0.050457
1.08518
0.0882984
0.000555701
0.833987
-1.56265
0.423031
-0.0282879
-0.401725
1.24747
-2.95499
0.739787
2.162
0.526807
-0.764168
0.0797102
0.0
0.0
-2.23315
0.0
0.0
0.0
0.0
0.0
0.0
0.0
0.0
0.0
-0.64063
0.0
-0.667069
0.0
0.770568
-0.119765
0.00521231
0.0138927
1.34766
-0.762473
-0.788233
-1.07686
0.564339
-0.115993
1.13635
0.448182
-0.105166
0.51037
-1.38618
-0.336243
0.0
0.882468
0.0
0.0
0.0
0.0
0.0
0.0
0.0
0.0
0.0
0.0
0.0
0.0
-1.36332
-0.779108
0.201653
0.187256
-0.617333
0.00946332
0.37088
0.145683
-1.3545
-1.05882
0.613162
-0.410163
0.707318
1.1893
0.0797494
0.167723
-1.25266
-0.234588
-0.369256
0.0
0.479191
0.0
0.0
-0.391625
0.548114
0.0
0.0
0.0
-0.159496
0.0
0.0
0.0
0.0
0.0
0.0
0.0
0.0
0.0
0.0
0.0
0.0
-0.633334
1.77831
0.0
0.0
0.0
0.0
0.0
0.0
0.0
0.0
0.0
0.0
0.0
0.0
-1.77404
0.0
0.0
0.0
0.0
0.0
0.0
0.0
0.0
0.0
0.0
0.0
0.0
0.0
0.0
-1.24472
0.0
0.0
0.0
0.0
0.0
0.049127
0.0
0.0
0.0
0.0
0.0
0.0
0.0
0.0
0.0
0.0
0.0
0.889763
0.0
0.0
-0.138088
0.0
0.0
0.0
0.452893
0.0
-1.34281
-0.0606458
0.648148
0.216063
0.00212138
0.623782
-1.17689
0.161401
-0.0588343
0.0589292
0.405012
0.208621
-0.245881
0.524639
0.370901
0.122067
-0.588466
0.297284
0.0
0.0
0.0
0.0
0.0
0.0
0.0
0.0
0.0
0.0
0.0
-1.74578
0.0
0.282502
0.0
0.0
0.0
0.0
0.0
0.0
0.0
0.0
0.0
0.0
0.0
0.0
-1.1233
0.0
0.0
0.0
-0.691443
-0.0909508
0.0
0.0
0.0
-1.75795
0.0
0.0
0.0
0.0
0.0
0.0
0.0
0.0
0.0
0.0
0.364868
0.0
0.0
0.0
0.0
0.0
0.0
0.0
0.0
0.0
0.0
0.0
0.0
-0.221219
0.0
0.0
0.0
0.0
-0.48315
0.0
-0.7482
0.0
0.0
0.0
0.0
0.0
0.0
0.379418
0.0
0.0
0.0
0.0
0.0
0.0
0.0
0.0
0.0
0.0
0.0
0.0
0.0
0.0
0.0
0.0
0.0
0.0
0.0
-0.345323
0.0
0.0
0.0
0.0
0.0
0.0
0.0
0.0
0.0
0.0
0.0
0.0
0.0
0.0
0.0
0.0
0.0
0.0
0.0
0.0
0.0
0.0
0.0
0.0
0.0
0.0
0.0
0.0
0.0
0.0
0.0
0.0
0.0
0.0
0.0
0.0
0.0
0.0
0.0
0.0
0.0
0.0
0.0
0.0
0.0
0.0
0.0
0.0
0.0
-1.11695
0.0
0.0
0.487405
0.0
0.0
0.0
0.0
0.0
0.0
0.0
0.0
0.0
0.0
0.0
0.0
0.0
-1.39979
0.0
0.399525
0.205214
0.0
0.0
-1.18429
1.88053
0.0
0.0
0.0
0.0
0.0
0.0
0.0
0.0
0.0
0.0
0.190864
0.0
0.0
0.0
0.0
0.0
0.0
0.0
0.0
0.0
0.0
0.0
0.0
0.0
0.0
0.0
-0.536853
0.0
0.0
0.0
0.0
0.0
0.0
0.0
0.0
-1.13978
0.0
0.0
0.0
0.0
0.0
0.0
0.0
0.0
0.0
0.0
0.0
0.0
0.0
0.0
0.0
0.0
0.0
0.0
0.0
0.0
0.0
0.0
0.0
0.0
0.0
0.0
0.0
0.0
0.0
0.0
0.0
0.0
0.0
0.0
0.0
0.0
0.0
0.0
0.0
0.0
0.0
0.0
0.0
0.0
0.0
0.0
0.0
0.0
0.0
0.0
0.0
0.0
0.0
-0.902551
0.0
0.0
0.0
0.0
0.0
0.0
0.0
0.0
0.0
0.0
0.0
0.0
0.0
-0.0532244
0.0884688
-0.0957932
-0.0311455
-0.266621
0.963328
-1.79404
0.309436
0.850703
0.737811
1.07078
-0.341522
0.0391956
0.725758
-1.63706
-0.675338
0.0
0.0
0.0
0.0
0.0
0.0
-0.726335
0.0
0.0
0.995132
0.0
0.0
0.0
0.0
0.0
0.0
0.0
0.0
0.0
0.0
0.0
0.0
0.0
0.0
0.0
0.0
0.0
0.0
0.0
0.0
0.0
-0.136676
-0.0936165
0.692475
0.190062
0.0135959
-0.448446
-1.15346
0.183295
-0.0360797
0.183145
0.609502
-0.0391553
-0.240374
0.603632
0.343676
0.273937
-0.599287
0.0
0.0
0.0
0.668189
-0.995242
0.0
0.0
0.0
0.0
-0.626629
0.0
0.0
0.0
0.0
0.0
0.0
0.0
0.0
0.0
0.0
0.0
1.37811
1.43577
0.0
0.0
0.0
0.0
0.0
0.0
0.0
0.0
0.0
0.0
0.0
0.0
0.0
0.0
0.0
0.0
0.0
0.0
0.0
0.0
0.0
0.0
0.0
-1.2927
0.0
0.0
0.0
0.0
0.0
0.0
0.0
0.0
0.0
0.0
0.0
0.0
0.962212
0.0
-0.946508
0.0
0.0
0.0
0.0
0.0
0.0
0.0
-0.427632
0.0
0.0
0.0
0.0
0.0
0.0
0.0
0.0
0.0
0.0
0.0
0.0
0.0
0.0
0.0
2.27061
0.0
0.0
0.0
0.0
-0.56635
0.0
0.0
0.0
0.0
0.0
0.0
0.0
0.0
0.0
0.0
0.0
0.0
0.0
0.0
-1.1635
0.0
0.0
0.0
0.0
0.0
0.0
0.0
-0.743891
0.0
0.0
0.0
-0.46479
0.0
0.0
0.0
0.0
0.0
0.0
0.0
0.0
0.0
-1.17832
-0.269709
0.0874354
-0.12703
-0.0188292
-0.177515
1.19877
-1.98015
0.631675
0.553254
0.891704
1.25306
-0.681036
-0.260218
0.793621
-1.74798
-0.672755
0.0
0.0
0.0
0.0
0.0
0.0
0.0
0.0
0.0
0.0
0.0
0.0
0.0
0.0
0.0
0.0
0.0
0.0
0.0
0.0
0.111275
0.0
0.0
0.0
0.0
0.0
0.0
0.0
0.446501
0.0
0.0
0.0
0.0
0.0
0.398718
0.0
0.0
-1.0298
-0.0868095
0.0
0.0
0.0
0.0
0.0
0.0
0.0
0.0
0.0
0.0
0.0
0.0
0.0
0.0
0.0
0.0
0.0
0.0
0.0
0.0
0.0
-0.617046
0.0
0.0
0.0
0.0
0.0
0.0
1.10197
0.0
-0.295715
0.0
0.0
0.0
0.288699
0.0
0.0
0.0
0.0
0.0
0.0
0.0
0.0
0.0
0.0
0.0
0.0
1.80531
-1.94747
0.0
0.0
0.0
0.0
0.0
0.0
0.0
0.0
0.0
0.0
0.0
0.0
0.0
0.0
0.0
0.0
0.0
0.0
0.0
0.261826
0.0
0.0
0.0
0.0
0.0
0.0
0.0
0.0
-0.155692
0.0
0.0
0.0
0.0
0.0
0.0
0.0
0.0
0.0
0.0
0.0
0.0
0.0
0.681618
0.0
0.0
-0.863004
-0.960971
0.0
0.0
0.0
0.0
0.0
0.0
0.0
0.0
0.0
0.0
0.0
0.0
0.0
0.0
0.0
0.0
0.0
0.0
0.0
0.0
0.0
0.0
0.0
0.0
0.0
0.0
0.0
0.0
0.0
0.0
0.0
0.0
-1.05704
0.0
0.0
0.0
0.0
0.0
0.0
0.0
0.0
-0.0906465
0.730045
0.102943
0.0082875
-0.537733
-1.14991
0.230748
-0.116489
0.223794
0.932343
-0.12718
-0.255562
0.648536
0.327506
0.46976
-0.544769
0.0
0.0
0.0
0.0
0.0
0.0
0.0
0.0
0.0
0.0
0.0
0.0
0.0
0.0
0.0
0.0
0.0
-1.01174
-0.0478023
0.0
0.0
0.0
0.0
-0.423256
0.0
0.0
0.0
0.0
0.0
0.0
0.0
0.0
0.233493
-0.096532
0.0
0.0
0.0
0.0
0.0
0.615903
0.0
0.0
0.0
0.0
-1.31862
0.0
0.0
1.1451
0.0
0.0
0.488602
-2.18645
0.0
0.0
0.0
0.0
0.0
0.0
0.0
0.0
0.0
0.0
0.0
0.0
0.0
0.0
0.0
0.0
0.0
0.0
0.0
0.0
0.0
0.812334
-0.826629
0.0
0.0
0.0
0.0
0.0
0.0
0.0
0.0
0.0
0.0
0.0
0.0
0.0
0.0
0.0
0.0
0.252745
0.0
0.0
0.0
0.742558
0.0
0.0
0.0
0.0
0.0101041
0.0
0.0
0.0
0.0
0.0
0.0
0.0
0.0
0.0
0.0
0.0
0.0
0.0
-2.706
0.0
0.0
0.0
0.0
0.0
0.146359
1.50749
0.0
0.0
0.0
0.0
-0.513265
0.0
0.0
0.0
0.0
0.0
0.0
0.0
0.0
0.0
0.0
0.0
0.0
0.0
0.0
0.0
0.0
0.0
-0.125116
0.881102
0.107166
-0.00830384
0.414239
1.06731
-1.03954
-0.989875
1.08899
-0.185703
0.327848
0.485699
0.17362
0.318012
0.763707
-0.498285
0.0
0.0
0.0
0.0
0.0
0.0
0.0
0.0
0.0
0.0
0.0
0.0
0.0
0.0
0.0
0.0
-1.97026
0.0
0.0
0.0
0.0
0.0
0.0
0.0
0.0
0.0
0.0
0.0
0.0
0.0
0.0
0.0
0.0
0.0
0.0
0.0
0.0
0.0
0.0
0.0
1.08083
0.0
0.0
0.0
-0.126841
0.0
0.0
0.614495
0.0
0.803223
0.819295
0.0
0.0
0.0
0.0
-0.826405
0.0
0.0
0.0
0.0
0.233684
0.0
0.0
0.0
0.0
-0.156398
0.0
0.0
0.0
0.0
0.0
0.0
0.0
0.397206
0.0
0.0
0.0
0.0
0.0
0.0
0.0
0.0
0.0
0.0
0.0
0.0
0.0
0.0
0.0
0.0
0.0
0.0
0.0
0.0
0.0
0.0
-0.403682
0.0
0.0
0.0
0.0
0.0
0.0
0.0
0.0
0.0
0.0
0.0
0.0
0.0
0.0
0.0
0.0
0.0
0.0
0.0
0.0
0.0
2.34698
0.0
-0.554504
0.0
0.0
0.0
0.0
0.0
0.0
0.0
0.0
0.0
0.0
0.0
0.0
0.0
0.0
0.0
0.0
0.0
0.0
-1.32787
0.0
0.204212
0.0
-0.0973119
0.0
0.0
0.0
0.0
0.0
0.0
0.0
0.0
0.0
0.0
0.0
0.0
0.0
0.0
0.0
0.0
0.0
0.899977
0.0
0.0
0.0
0.0
0.0
0.0
0.0
0.0
0.0
0.0
0.0
0.0
0.0
0.0
-0.0806406
0.506119
0.0146541
0.0057049
0.600028
-1.15955
0.269981
-0.118345
0.470707
0.689739
-0.0411385
-0.459368
0.61071
0.357893
0.671146
-0.501893
0.0
0.379131
0.0
0.0
0.0
0.0
0.0
0.0
-0.611605
0.0
0.0
0.0
0.0
0.0
0.0
0.0
0.0
0.0
0.0
0.0
0.0
-0.459769
0.0
0.258265
0.0
0.0
0.0
0.0
0.0
0.0
0.0
0.0
0.0
0.0
0.0
0.0
0.0
0.0
0.0
0.0
-0.366345
0.0
0.0
0.0
0.0
0.0
0.0
0.0
-1.18506
0.0
0.0
0.0
0.0
0.0
0.0
0.0
0.0
0.0
0.0
0.0
0.0
0.814559
0.0
0.0
0.0
0.0
0.0
0.0
0.0
0.0
0.0
0.0
0.0
0.0
0.0
0.636194
0.0
0.0
0.0
0.0
0.0
0.0
0.0
0.0
0.0
0.0
0.0
0.0
0.0
0.0
0.0
0.0
0.0
0.0
0.0
0.0
0.0
0.0
0.0
0.0
0.0
-1.52932
0.0
0.0
0.0
0.0
0.525376
0.0
0.0
0.0
0.0
0.0
0.0
0.0
0.0
0.0
0.0
0.0
0.0
0.0
0.0
0.0
0.0
0.0
0.0
0.0
1.02317
0.0
-0.71335
0.0
0.0
0.0
0.0
0.0
0.0
0.0
0.0
0.0
0.0
0.0
0.0
0.0
0.0
0.0
0.0
0.0
-1.12687
0.573041
0.0
0.0
0.0
0.0
0.0
0.0
0.0
0.0
0.0
0.0
0.0
-1.37939
0.0
0.0
0.0
0.0
0.0
0.0
0.0
-1.12963
0.0
0.0
0.0
0.0
0.0
0.0
0.0
0.0
-0.0821899
0.560356
0.00954163
0.00364956
0.725144
-1.19259
0.311824
-0.146273
0.362979
1.08918
-0.120229
-0.58081
0.556622
0.381745
0.757331
-0.441973
0.0
0.0
0.0
0.0
0.940761
0.0
0.0
0.0
0.0
0.0
0.0
-0.00927093
1.02138
0.0
0.0
0.0
0.0
0.0
0.0
0.0
0.0
0.0
0.0
0.0
0.0
-0.426652
0.0
0.0
0.0
0.0
0.0
0.0
1.30523
0.0
0.0
0.0
-0.646266
0.0
0.0
0.0
0.0
0.0
0.0
0.0
0.0
0.0
0.0
0.0
0.0
0.0
0.0
0.0
0.0
0.0
0.0
0.747677
0.0
0.0
-0.730193
0.74405
0.0
-0.680982
0.0
0.0
0.0
0.0
0.0
0.0717449
0.0
0.0
0.0
0.0
0.0
0.0
0.0
0.0
0.0
1.37023
0.0
0.0
0.0
0.0
0.0
0.0
-0.688173
0.0
0.0
0.0
0.0
0.0
0.0
0.0
1.74386
0.0
0.0
0.0
0.0
0.0
0.0
0.0
0.0
0.0
-0.297141
0.0
0.0
0.0
0.0
0.0
0.0
1.71498
0.0
0.0
0.40315
0.433954
0.156881
-0.0152948
-0.0721747
-0.910909
0.201449
-1.20388
0.304047
-0.348002
-0.739671
-0.00883541
0.286274
0.520247
1.1001
-0.151053
0.0
0.0
0.0
0.0
0.0
0.0
0.0
0.0
0.0
0.0
0.0
2.61363
0.0
0.0
-2.33322
0.0
0.0
0.0
0.0
-1.34615
0.0
0.0
0.0
0.0
0.0
0.0
0.0
1.00044
0.0
0.0
0.0
0.0
0.0
0.0
0.0
0.0
0.0
0.0
0.0
0.0
0.0
0.320679
0.0
0.0
0.0
0.0
0.0
0.0
0.0
0.0
0.0
0.0
-0.171067
0.0
0.0
0.0
0.0
0.0
0.0
0.0
0.0
0.0
0.0
0.0
-0.0545653
0.623147
0.191495
-0.00877072
-0.375969
-1.19277
0.347596
-0.226643
0.346099
0.828098
-0.228031
-0.63437
0.50196
0.397248
0.869545
-0.407597
0.0
0.0
0.0
1.13526
0.0
0.0
0.0
0.0
0.0
0.0
0.0
0.0
0.0
-0.239476
0.0
0.0
0.0
0.0
-0.319481
0.0
-0.699075
0.0
0.0
0.0
0.978525
0.0
0.0460106
0.0
0.0
0.0
0.0
0.0
0.0
-1.39695
0.0
0.0
0.0
0.0
0.0
0.0
0.0
-0.445691
0.0
0.0
0.0
0.0
0.0
-0.467876
0.0
0.0
0.0
0.0
0.0
0.0
0.0
0.0
0.0
0.0
0.0
0.0
0.0
-0.341536
0.0
0.0
0.4135
0.426723
0.0776563
0.0042264
-0.470402
-0.930634
0.205011
-1.18668
0.313144
-0.189905
-0.571933
-0.145935
0.165895
0.562256
1.09164
-0.139026
0.0
0.0
0.0
0.0
0.0
0.0
0.0
0.0
0.0
0.0
0.0
0.873623
0.0
-1.04615
0.0
0.0
0.0
0.0
0.0
0.0
0.0
0.0
0.0
0.0
0.0
0.0
0.0
0.0
0.0
0.0
0.0
0.0
0.0
0.0
0.0
0.0
0.0
0.0
0.0
0.0
0.0
-0.512938
0.0
0.0
0.0
0.0
0.166394
0.0
0.0
0.0
0.0
0.0
0.0
0.0
0.0
0.0
0.0
0.0
0.745132
0.0
0.0
0.0
0.0
0.0
0.930207
0.0
0.0
0.0
0.0
0.0
0.0
0.0
0.0
0.0
0.0
0.0
0.0
0.0
-0.205578
0.0
0.0
0.0
0.0
0.0
0.0
0.0
0.0
0.0
-0.470786
0.0
0.0
0.0
0.0
0.0
0.0
0.0
0.0505845
0.50734
1.36557
-0.003233
-1.18602
-1.32655
0.576268
-0.74146
-0.156337
-0.17889
-0.461897
-0.924229
0.251456
0.530259
1.50409
0.10885
0.0
0.0
0.0
0.0
0.0
0.0
-0.318296
0.0
-1.32729
0.0
0.0
-1.53879
-0.0866157
0.0
0.0
0.518542
0.39264
0.601316
0.219227
0.00229461
-0.823094
-0.949647
0.212619
-0.94128
0.234257
0.653459
-0.629552
-0.502489
0.0564819
0.721923
1.10076
-0.14906
0.0
0.0
0.0
0.0
0.0
0.0
0.0
0.0
-0.579589
0.0
0.0
0.0
0.0
0.0
0.0
0.0
0.0
0.0
0.0662054
0.0
0.0
-0.658471
0.0
0.0
0.0318472
0.0
0.0
0.0
0.0
0.0
0.0
0.0
0.0
0.0
0.0
0.0
0.0
0.0
0.0
0.0
0.0
0.0
0.167736
1.7361
0.0
0.0
0.0
0.0
0.0
0.0
0.0
0.0
0.0
0.325554
0.0
0.0
0.0
0.0
0.0
0.0
0.0
-0.532711
0.0
0.0
1.62742
2.53846
5.06582
0.0486703
0.0664853
-0.237208
1.2556
0.124043
0.880924
-0.0829214
0.0436216
1.03972
-1.88296
-0.152367
2.28029
-0.0497984
-2.59154
-2.03195
-4.35398
0.896338
0.024786
-0.291583
-1.01612
0.0575901
0.896958
-0.235859
-0.333557
-0.371143
-0.318943
0.899962
-3.44464
-0.936359
-1.68484
-0.691326
-0.18304
1.8629
0.0726993
-0.0320122
1.5894
0.341412
-1.62233
-0.335631
0.0944137
-1.25494
-0.39966
0.770228
0.809964
0.221393
0.455681
0.913004
0.356228
-1.96645
-0.0574558
1.63916
-0.220378
-0.805582
-0.258671
0.502823
0.636569
0.633214
0.559012
0.234124
-3.17714
-0.375081
-2.61591
0.505696
-0.61764
0.677746
0.091326
-0.530175
0.240368
0.182454
0.308961
-0.319031
0.102199
0.668314
-1.00562
0.747616
-0.854003
-0.98614
0.907217
-1.2027
-0.0774493
-0.0652853
-0.496898
1.58758
-0.744945
-0.183622
-0.690056
1.83831
-0.585832
1.15533
-2.31397
-1.14523
2.80954
1.39804
1.29222
0.389725
0.968035
0.594767
1.05357
-2.71662
0.416247
-0.953958
1.4193
-1.5122
1.06243
-0.658751
3.51298
1.74496
-1.34249
-1.16433
1.82264
1.30027
0.55774
0.0679916
-1.16483
-0.715881
0.22172
0.506185
0.147553
-0.239557
1.74981
-1.05058
2.40213
1.24483
-0.0107655
0.258387
0.836999
-1.27299
-2.66801
0.719532
3.32622
0.369031
0.247107
0.38726
-0.242138
-0.320497
0.198113
0.452972
-1.83633
4.60028
-2.48336
0.737937
-0.810868
1.46564
1.2219
3.24506
2.59612
-3.24801
-0.034045
-0.907062
0.549635
-0.452154
-0.401755
-0.0590236
-1.3321
-0.280995
3.74815
1.55705
1.82331
-0.284697
1.62495
2.28402
0.61651
2.799
0.799326
3.72121
-1.15413
-1.75714
-0.63043
-0.992621
3.34728
-3.53923
-1.79127
4.58037
0.0169986
-2.44076
0.677371
2.38652
-1.38271
5.36642
3.4396
-0.13125
-1.04521
0.687216
-1.27233
-0.891958
2.27353
0.382768
-2.18165
1.89893
0.106423
-0.278259
-0.0258394
-0.00163253
1.29993
-0.32574
1.26784
0.296805
-1.3114
0.125563
-1.77352
1.16227
-2.09878
-1.75754
1.65873
1.21671
-0.690376
0.103139
-0.359833
0.703336
-0.117545
0.315902
-2.31423
-2.02763
-0.828331
-1.85936
-0.343082
-0.791975
0.253296
0.943859
-0.857843
-1.41586
1.40651
-0.606628
-0.0462302
0.334006
0.0906182
3.4657
-3.74878
2.92688
-0.0951011
2.53332
0.596556
2.43558
1.43059
-0.220543
1.74944
-1.44855
-0.0500471
1.33387
-0.678319
0.346239
0.000768835
0.905012
1.13033
0.314866
2.462
-2.17474
3.39737
1.30143
0.596004
0.128821
-0.10611
-1.36343
-0.822374
-0.674914
-0.311158
0.450958
0.059358
-0.664
0.158124
-0.905839
-1.33079
2.69136
-3.16344
0.334121
-1.24181
-0.372985
2.10306
0.698512
0.0248733
1.94916
0.786961
0.0191913
0.297482
1.77626
0.206355
-1.07316
0.595448
-2.75081
5.54524
-1.90492
1.50741
1.00649
0.131191
-1.67453
-4.10148
1.9546
-0.789517
0.818099
0.329938
0.70903
-1.82751
-0.368327
3.1528
-1.52093
0.258051
-0.557442
2.86688
-0.809859
4.38054
-2.09503
-2.74652
0.178892
0.332063
0.353289
1.41766
-1.88802
-3.16816
0.493414
0.387745
1.92311
-2.18002
1.61384
-4.87572
-3.92238
-0.160403
-0.600646
0.316469
-2.66586
-0.898098
2.464
-1.0061
0.802698
1.02412
0.594182
-0.65998
-0.330774
-0.259175
0.00721546
-0.444767
-3.2933
-0.514935
-0.786574
-0.0715575
0.192435
-0.746921
-0.215102
-1.93868
0.0416255
0.308703
-0.0405383
0.232506
0.0736453
0.438287
-0.0340637
0.206647
-0.495935
-3.28108
2.42931
-2.22532
-2.03812
-2.3063
-2.87755
-2.03878
0.427984
-7.13732
-0.708111
-6.88033
-5.21539
-5.09486
-8.58564
1.43847
-0.288138
-0.598072
1.36031
-0.639536
-1.85124
-0.832052
1.4314
1.80068
-0.879199
5.85772
-6.54569
-6.19541
-4.77504
1.06144
-4.69207
1.85827
-2.43065
-1.45994
-4.694
-1.62268
1.15307
-0.806373
1.98841
0.422749
-1.60383
-6.17011
0.0281156
-5.53091
1.0475
1.85964
-6.00807
1.28212
-3.1694
-2.39656
-0.847004
-2.08198
5.84256
-2.30223
-1.72847
-2.4876
2.79727
-0.188334
2.69904
-0.955787
-3.75146
-2.48418
0.455296
1.25352
-0.802503
5.81008
-1.71552
-0.180941
-0.969873
-0.697435
0.691094
