[229, 25, 25, 4]
0.0
0.0
0.0
0.0
0.0
0.0
0.0
0.0
0.0
0.0
0.0
0.0
0.0
0.0
0.0
0.0
0.0
0.0
0.0
0.0
0.0
0.0
0.0
0.0
0.0
0.0
0.0
0.0
0.0
0.0
0.0
0.0
0.0
0.0
0.0
0.0
0.0
0.0
0.0
0.0
0.0
0.0
0.0
0.0
0.0
0.0
0.254713
0.0
0.0
0.0
0.0
0.0
0.0
0.0
0.0
0.0
0.0
0.0
0.0
0.0
0.0
0.0
0.0
0.0
0.0
0.0
0.0
0.0
0.0
0.0
0.0
0.0
0.0
0.0
0.0
0.633796
0.0
0.0
0.0
0.0
0.0
0.0
0.0
0.0
0.0
0.0
0.0
0.0
0.0
0.0
-0.094734
0.0
0.0
0.0
0.0
0.0
0.0
0.0
0.0
0.0
0.461944
0.0
0.0
0.0
0.0
0.0
0.0
0.0
0.0
0.0
0.0
0.0
0.0
0.0
0.0
0.0
0.0
0.0
0.0
0.0
0.0
0.0
0.0
0.0
0.0
0.0998378
0.512594
-0.389945
-0.150865
0.369011
0.179484
-0.433255
-0.465898
-0.170586
-0.687577
-0.178367
-0.313376
0.0259027
-0.11578
-0.899114
0.223496
0.0274903
0.582868
-0.0801872
0.250412
-1.01831
1.02747
0.336353
0.939455
0.108783
0.0
0.0
0.0
0.0
0.0
0.0
0.0
0.0
0.0
0.0
0.0
0.0
0.0
0.0
0.0
0.0
0.0
-0.0286873
0.0
0.0
0.0
0.0
0.0
0.0
0.0
0.124069
0.544025
0.291281
0.450915
-0.444645
0.298587
-1.57704
0.117221
0.473707
-0.328661
0.291588
-0.386063
-0.393042
-0.30878
-0.725958
-0.364397
0.926378
0.584986
-0.316536
0.0521631
-1.31147
0.977908
0.456098
-0.102547
-0.128831
0.0
0.0
0.0
0.0
0.0
0.0
0.0
0.0
0.0
0.0
0.0
0.0
0.0
0.0
0.0
0.0
0.0
0.0
0.0
0.0
0.0
0.0
0.0
0.0
0.0
0.0638941
0.533665
-0.259641
-0.488736
0.0316966
0.767006
-0.1468
0.074514
0.0371257
-0.417746
0.0455764
-0.647362
0.0705131
-0.847434
-0.886576
0.175817
0.0719374
-0.00491553
-0.0976421
-0.696079
-0.9166
0.806461
0.151316
-0.12378
-0.0286041
0.0
0.0
0.0
0.0
0.0
0.0
0.0
0.0
-0.899925
0.0
0.0
0.0
0.0
0.0
0.0
0.0
0.0
0.0
0.0
0.0
0.0
0.0
0.0
0.0
0.0
0.0
0.0
0.0
0.0
0.0
0.0
0.0
0.0
0.0
0.0
0.0
0.0
0.0
0.784934
0.0
0.0
0.0
0.0
0.0
0.0
0.0
0.0
0.0
0.0
0.0
0.0
0.0
0.0
0.0
0.0
0.0
0.0
0.0
0.0
0.0
0.0
0.0
0.0
0.0
0.0
2.43052
0.0
0.0
0.0
0.0
0.0
0.0
0.0
0.0
0.0
0.0
0.0
0.0
0.0
0.0
0.0
0.0
0.0
0.0
0.0
0.818676
0.0
0.0
0.0
0.0
0.0
0.0
0.0
0.0
0.0
0.0
0.0
-0.305899
0.0
0.0
0.0
0.0
0.0
0.0
0.0
0.0
0.0
0.0
0.0
0.0
0.0
0.0
0.0
0.0
0.0
0.0
0.0
0.0
0.0
0.0
0.0
0.0
0.14998
0.0
0.0
0.0
0.0
0.0
0.0
0.0
0.0
0.0
0.0
0.0
0.0
0.0
0.0
0.0
0.0
-1.06398
0.0
0.0
0.0
0.0
0.0
0.0
0.0
0.0
0.0
0.0
0.0
0.0
0.0
0.0
-0.0840518
0.0
0.0
0.0
0.0
0.0
0.0
0.0
0.0
0.819405
0.0
0.0
0.0
0.0
0.0
0.0
0.0
0.0
0.555867
0.0
1.12196
0.0
0.0
0.0
0.0
0.0
0.0
0.0
0.0
0.0
0.0
0.0
0.0
0.0
0.0
0.0
0.0
-0.285203
0.0
0.0
0.0
0.0
0.0
0.0
0.0
0.0
-0.0413088
0.110486
-0.244122
0.30604
-0.208635
-0.297712
0.0318329
-0.189166
0.0446668
-0.712908
-0.500412
-0.0613609
0.250836
-0.112961
-0.725027
0.0759823
-0.424595
0.376682
0.225067
0.483951
-0.853273
0.826165
0.113912
-0.406404
0.0264206
0.0
0.160919
0.0
0.0
0.0
0.0
0.0
0.0
0.0
0.0
0.0
0.0
0.0
0.0
0.0
0.0
0.0
0.0
0.0
0.0
0.0
0.0
0.0
0.0
0.00527027
0.0
0.0
1.05714
0.0
0.0
0.0
0.0
0.0
0.0
0.0
0.0
0.0
0.0
0.0
0.0
0.0
0.0
0.0
0.0
0.0
0.0
0.0
0.0
0.0
0.0
0.0
0.0
0.0
0.0
0.0
0.0
0.0
0.0
0.0
0.0
0.0
0.0
0.0
0.0
0.0
0.0
0.0
0.0
0.0
0.0
0.0
0.0
0.0
-1.12138
0.0
0.0
0.0
0.0
0.0
0.0
0.0
0.0
0.0
0.0
0.0
0.0
0.0
0.0
0.0
0.0
0.0
0.0
0.0
0.0
0.0
0.0
0.0
0.0
0.0
0.0
0.0
0.0
0.0
0.0
0.0
0.0
0.0
0.0
0.0
0.0
0.0
0.0
0.0183773
0.0
0.0
0.0
0.0
0.0
0.0
0.0
0.0
0.0
0.0
0.0
0.0
0.0
0.517465
0.0
0.0
0.0
0.0
0.0
0.0
0.0
0.0
0.0
0.0
0.0
0.0
0.0
0.0
0.0
0.0
0.0
0.0
0.0
0.0
0.0
0.0
0.0
0.0
0.0
0.0
0.0
0.0
0.0
0.0
0.0
0.0
0.0
0.0
0.0
0.0
0.0
0.65006
0.0
0.0
0.0
0.0
0.0
0.0
0.0
0.0
0.0
0.0
0.108171
0.206323
-0.31045
-0.221503
-0.50532
0.133968
-0.0322179
0.0624002
0.127415
-0.479074
0.0850544
-0.102024
0.207969
-0.602056
-0.830088
-0.0109945
0.38774
0.298879
-0.181934
0.22272
-0.809266
0.66263
-0.0243879
0.175531
-0.0493342
0.0
0.0
0.0
0.0
0.0
0.0
0.0
0.0
0.0
0.0
0.0
0.0
0.0
0.0
0.0
0.0
0.0
0.0
0.0
0.0
0.0
0.0
0.0
0.0
0.0
0.0
0.0
0.0
0.0
0.0
0.0
0.0
0.0
0.0
0.0
0.0
-0.284547
0.0
0.0
0.0
0.0
0.0
0.0
0.0
0.0
0.0
0.0
-0.119448
0.0
0.0
0.0
0.0
0.0
0.0
0.0
0.0
0.0
0.0
0.0
0.0
0.0
0.0
0.0
0.0
0.0
1.12609
0.0
0.0
0.0
0.0
0.0
0.0
0.0
0.0
0.0
0.0
0.0
0.0
0.0
-2.20118
0.0
0.0
0.0
0.0
0.0
0.0
0.0
0.0
0.0
0.0
0.0779318
0.0
0.0
0.0
0.60169
0.0
-1.82064
0.0
0.0
0.0
0.0
0.0
0.0
0.0
0.0
0.0
0.0
1.30184
0.0
0.0
0.0
0.0
0.0
0.0
0.0
0.0
0.0
-0.441282
0.0
0.0
0.0
0.0
0.0
0.0
0.0
0.0
0.0
0.0
0.0
0.0
0.0
0.0
0.0
1.76571
0.0
0.0
0.0
0.0
0.0
0.0
0.0
0.0
0.0
0.0
0.0
0.0
0.0
0.0
0.0
0.331993
0.0
0.0
0.0
0.0
0.0
0.0
0.0
0.0
0.0
0.0
0.0
-1.1457
0.0
0.0
0.0
0.0
0.0
0.0
0.0
0.0
0.0
0.0
0.0
0.0
0.0
0.0
0.0
0.0
0.0
0.0
0.0
0.0
0.0
0.0
0.0
0.0
0.0
0.0
0.0
0.0
0.0
0.0
0.0
0.0
0.0
0.0
0.0
0.0
0.0
0.0
0.0
0.0
0.0
0.0
0.0
0.0
1.20595
0.0
0.0
0.0
0.0
0.0
0.0
0.0
0.0
0.0
0.0
0.0
0.0
0.0
0.0
0.0
0.0
0.0
0.0
0.0
0.330219
0.0
0.0
0.0
0.0
0.0
0.0
0.0
0.0
0.0
0.0
0.0
0.0
0.0
0.0
0.0
0.0
0.0
0.0
0.0
0.0
0.0
0.672241
0.0
0.0
0.0
-0.624122
0.0
0.0
0.0
0.0
0.0
0.0
0.0
0.0
-0.515887
0.0
0.0
0.0
0.518847
0.0
-1.41379
0.0
0.0
0.0
0.0
0.0
0.0
0.0
0.0
0.0
0.0
0.0
0.0
0.0
0.0
0.0
0.0
0.0
0.0
0.0
0.0
0.0
0.0
0.0
0.0
0.0
-1.07488
0.0
0.0
0.0
0.0
0.0
0.0
0.0
0.0
0.682909
0.0
0.0
0.0
0.0
0.0
0.0
0.0
0.0
0.0
-1.40859
0.0
0.0
0.0
0.0
0.0
0.0
0.0
0.0
0.0
0.0
0.0
0.0
0.0
0.0
0.0
0.0
0.0
0.0
0.0
0.0
0.0
0.0
0.0
0.0
0.0
0.0
0.0
0.0
-0.790062
0.0
0.0
0.0
0.0
0.0
0.0
0.0
0.0
0.0
0.0
0.0
0.0
-0.99987
0.0
0.0
0.0
0.0
0.0
0.0
0.0
0.0
0.0
0.0
0.0
0.0
0.0
0.0
0.0
0.0
0.0
0.0
0.0
0.0
0.0
0.0
0.0
0.0
-1.33008
0.0402307
0.0
0.0
0.0
0.0
0.0
0.0
0.0
0.0
0.0
0.0
0.0
0.0
1.08504
0.0
0.0
0.0
0.0
0.0
0.0
0.0
0.0
0.0
0.0
-0.604112
0.0
0.0
0.0
0.0
0.0
0.0
0.0
0.0
0.0
0.0
0.0
0.0
0.0
0.0
0.0
0.0
0.0
0.0
0.0
0.0
0.0
0.0
0.0
0.0
0.0
-2.05756
0.0
0.0
0.0
0.0
0.0
-0.710163
0.0
0.0
0.0
0.0
0.0
0.861076
0.0
0.0
0.0
0.0
0.0
0.0
0.0
0.0
0.0
-1.22367
0.0
0.0
0.0
0.0
0.0
0.0
0.0
0.92705
0.0
0.0
0.0
0.602797
0.0
0.0
0.0
1.60143
0.0
0.0
0.0
0.0
0.0
0.0
-0.029374
-0.107728
-0.0513569
-0.806533
-0.200407
0.139596
0.117957
0.276349
-0.044818
0.847693
-0.808481
-0.368742
0.249771
-0.0353049
-0.787575
0.321202
0.286679
-0.397204
0.464818
0.461696
-0.849077
0.747264
0.0660075
-0.415537
0.385285
0.0
0.0
0.0
0.0
-1.21422
0.0
0.0
0.0
0.0
1.10859
0.0
0.0
0.0
0.0
0.0
0.0
0.0
0.0
0.438987
0.0
0.0
0.0
0.0
0.0
-1.0571
0.0
0.0
0.0
0.0
0.0
0.0
0.0
0.0
0.0
0.0
0.0
0.0
0.0
0.0
0.0
0.0
0.0
1.92072
0.0
0.0
0.0
0.0
0.0
0.0
0.0
0.0
0.0
0.0
0.0
0.0
0.0
0.0
0.0
1.10024
0.0
0.0
0.0
-1.48241
0.0
0.0
0.0
0.0
0.0
0.0
0.0
0.0
0.0
0.0
0.0
0.0
0.0
0.0
0.0
0.0
0.0
0.0
0.0
1.66313
0.0
0.0
0.0
0.0
0.0
0.0
0.0
0.0
0.0
0.0
0.0
0.242542
0.0
0.0
0.0
0.0
0.0
0.0
0.0
0.0
0.0
0.0
0.0
0.0
0.0
0.0
0.0
0.0
-1.07361
0.0
0.0
0.0
0.0
0.0
0.0
0.0
0.0
0.0
0.0
0.0
0.0
0.0
0.0
0.0
0.0
0.0
0.0
0.0
0.0
0.0
0.0
0.0
0.0
0.0
0.0
-0.471323
0.0
0.0
0.0
0.0
0.0
0.0
0.0
0.0
0.0
0.0
0.0
0.0
0.0
0.0
0.0
0.0
0.0
0.0
0.0
0.0
0.0
0.0
0.0
0.0
0.0
0.0
0.0
0.0
0.0
0.0
0.0
0.0
0.0
0.0
0.0
0.0
0.0
0.0
0.0
0.0
0.0
-0.252733
-0.66978
0.0
0.0
0.0
0.0
0.0
0.0
0.0
0.0
0.0
0.0
0.0
0.0
0.0
0.0
0.0
0.0
-1.71279
0.0
0.0
0.0
0.0
0.0
0.0
0.0
-1.14176
0.0
0.0
0.0
0.0
0.0
0.0
0.339558
0.0
0.0
0.0
0.0
0.0
0.0
0.0
0.0
0.0
0.0
0.0
-0.625298
0.0
0.0
-0.147534
0.0
0.0
0.0
0.0
0.0
0.0
0.0
0.0
0.0
0.0
0.0
0.0
0.0
0.0
0.0
0.0
0.0
0.0
0.61515
0.0
1.45926
0.0
0.0
0.0
0.0
0.0
0.0
0.0
-0.384257
0.0
0.0
0.0
0.0
0.0
0.0
0.0
0.0
0.0
0.0
0.0
0.0
0.0
0.0
0.0
0.0
0.0
0.0864369
0.140947
-0.260922
-0.39747
-0.501899
0.329769
0.0167397
0.0477776
0.087472
0.107745
-0.0599196
-0.175702
0.226994
-0.689383
-0.854186
-0.090073
-0.287099
0.247455
-0.0595333
0.46439
-0.790712
0.557671
-0.132471
-0.121966
-0.409686
0.0
0.0
0.0
0.0
0.0
0.0
-0.135043
0.0
0.0
0.0
0.0
0.0
0.0
0.0
0.0
0.0
0.0
0.0
0.0
-0.667063
0.0
0.0
0.0
0.0
0.0
0.0
0.0
0.0
0.0
0.0
0.0
0.0
0.0
0.0
0.0
0.0
0.0
0.0
0.0
0.0
0.0
0.0
0.0
0.0
0.0
0.0
0.0
0.0
0.0
-1.25904
0.0
0.0
0.0
0.0
0.0
0.0
0.0
0.0
0.0
0.0
0.0
0.0
0.0
0.0
0.0
0.0
0.0
0.0
0.0
0.0
0.0
0.0
0.0
0.0
0.0
0.0
0.0
0.0
0.0
0.0
0.0
1.40202
0.0
0.0
0.0
0.285697
0.0
0.0
0.0
0.0
0.0
0.0
0.0
0.0
0.0
0.0
0.0
0.0
0.0
0.0
0.0
0.0
0.0
0.0
0.0
0.0
0.0
0.0
0.0
0.0
0.0
0.0
0.0
0.0
-0.0365777
0.0
0.0
0.0
0.0
0.0
0.0
0.0
0.0
0.0
0.0
0.0
0.0
0.0
0.0
0.0
0.0
0.0
0.0
0.0
0.0
0.0
-1.17633
0.0
0.0
0.0
0.0
0.0
0.0
0.0
0.0
0.0
0.0
0.0
0.0
0.0
0.0
0.0
0.0
0.0
0.0
0.0
0.0
0.0
0.0
0.0
0.0
0.0
0.0
0.0
0.0
0.0
0.48925
0.0
0.0
0.0
0.0
0.0
0.0
0.0
0.0
0.0
0.0
0.0
0.0
0.0
0.0
0.0
0.0
0.0
-0.861551
0.0
0.0
0.0
0.0
0.0
0.0
0.0
0.0
0.0
0.0
0.0
-1.09176
0.0
0.0
0.0
0.0
0.0
0.0
0.0
0.0
0.0
0.0
0.0
0.0
0.0
0.0
0.0
0.0
0.0
0.0
0.0
0.0
0.0
0.0
0.0
0.0
0.0
0.0
0.0
0.0
-0.185442
0.0
0.0
0.0
0.0
0.0
0.0
0.0
0.0
0.0
0.0
0.0
0.0
0.0
0.0
0.0
0.0
0.0
0.0
0.0
0.0
0.0
0.0
0.0
0.0
0.0
0.0
0.0
0.0
0.0
0.0
0.0
0.0
0.0
0.0
0.0
0.0
0.0
0.0
0.0
0.0
0.0
0.0
0.0
0.0
0.0
0.0
0.0
0.0
0.0
0.0
0.0
0.0
0.0
0.0
0.0
0.0
0.0
0.0
0.0
0.0
0.0
0.0
0.0
-0.00715644
0.0
0.0
0.84331
0.0
0.0
0.0
0.0
0.0
-0.967479
0.0
0.0
0.0
0.0
0.0
0.0
0.0
0.0
0.0
0.0
0.0
0.0
0.0
0.0
0.496029
0.0
0.0
0.0
0.0
0.0
0.0
0.0
0.0
0.0
0.0
0.0
0.0
0.0
0.0
0.0
0.0
0.0
0.0
0.0
0.0
0.0
0.0
0.0
0.0
0.0
0.0
0.0
0.0
-1.88738
0.0
0.0
0.0
0.0
0.0
0.0
0.0
0.0
0.0
0.0
-1.94892
0.0
0.0
0.0
0.0
0.0
0.0
0.0
-0.699052
0.0
0.0
0.0
0.0
0.0
0.0
0.0
0.0
0.0
0.0
0.0
0.0
3.11351
0.0
0.0
0.0
0.0
0.0
0.0
0.0
0.0
0.0
0.0
0.0
0.0
0.814213
0.0
0.0
0.0
0.0
0.0
0.0
0.0
0.0
0.0
0.200437
0.0
0.0
0.248347
-0.0411372
-0.057276
0.0858543
0.219192
0.721864
-0.0228005
0.569002
-0.135468
0.261115
-0.0721947
0.0857347
0.216084
0.131402
-0.700833
0.184133
0.213403
-0.00575148
0.244833
-0.200066
-0.933714
0.881402
0.116976
-0.0669347
0.381714
0.0450282
0.0
0.0
0.0
0.0
0.0
0.0
0.0
0.0
0.0
0.0
0.0
0.0
0.0
0.0
0.0
0.0
0.0
0.0
-0.63409
0.0
0.0
0.0
0.0
0.0
0.0
-0.96717
0.0
0.0
0.0
-0.7469
0.0
0.0
0.528241
0.0
0.0
0.0
1.31886
-0.468827
0.0
0.0
0.0
0.0
0.0
0.0
0.0
0.0
0.0
0.0
0.0
0.0
0.0
0.0
0.592074
0.0
0.0
0.0
0.0
0.0
0.0
0.0
-1.06824
0.0
0.0
0.0
0.0
0.0
0.0
0.0
0.0
0.0
0.0
0.0
0.0
0.0
0.0
0.0
0.0
0.0
0.991029
0.0
0.0
0.0
0.0
0.0
0.0
0.0
0.0
0.0
0.0
0.0
1.59974
0.0
0.0
0.0
0.0
0.0
0.0
0.0
0.0
0.0
0.0
0.0
0.0
0.0
0.0
0.0
0.0
0.0
1.1151
0.0
0.0
0.0
0.0
0.0
0.0
0.0
0.0
0.0
0.0
0.0
0.0
0.0
0.0
0.0
0.0
0.0
0.0
0.0
0.0
0.0
0.0
0.0793273
0.0
1.51689
0.0
0.0
0.0
0.0
0.0
0.0
0.0
0.0
0.0
0.303782
0.0
0.0
0.0
0.0
0.0
0.0
0.0
0.0
0.0
0.0
0.0
0.0
0.0
0.0
0.0
0.0
0.0
0.0
0.0
0.0
0.0
0.0
0.0
0.0
0.0
0.0
0.0
0.0
0.0
0.0
0.0
0.0
0.0
0.0
0.0
-1.22055
0.0
0.0
0.0
0.0
0.0
0.0
0.0
0.0
1.48051
0.0
0.0
0.0
0.0
0.0
0.0
0.0
0.0
0.0
0.0
0.0
0.0
0.0
0.0
0.0
0.0
0.0
0.0
-0.681377
0.0
0.0
0.0
0.0
0.0
0.0
0.0
0.0
0.0
0.0
0.0
0.0
0.0
0.810319
0.0
0.0
0.0
0.0
0.0
0.0
0.0
0.0
0.0
0.0
0.0
0.0
0.0
0.0
0.0
0.0
0.0
0.0
0.0
0.0
0.0
0.0
0.0
0.0
0.0
0.0
0.0
0.0
0.0
-0.176746
0.0
0.0
0.0
0.0
0.0
0.0
0.0
0.0
0.0
0.0
0.0
0.0
0.0
0.0
0.0
0.0
0.0
-0.00193144
0.0
0.0
0.0
0.0
0.0
0.0
0.0
0.0
0.0
0.0
0.0
0.0
0.0
0.0
0.0
0.0
0.0
0.0
0.0
0.0
0.0
0.0
0.0
0.0
0.0
0.0
0.0
0.0
0.0
0.0
0.0
0.0
0.0
0.0
0.0
0.0
0.0
0.0
0.0
0.0
0.0
0.0
0.0
0.0
0.0
0.0
0.430222
0.0
0.0
1.69737
0.0
0.0
0.0
0.0
-0.108558
0.119448
-0.240756
-0.0740176
-0.491694
0.214824
-0.0687224
0.249468
0.0256159
-0.182896
0.151201
-0.337108
0.270989
-1.02237
-0.86053
-0.131536
-0.584913
0.0752195
-0.150439
0.0761793
-0.775216
0.456605
-0.190762
0.405828
-0.418958
0.0
0.0
0.0
0.0
0.0
0.0
0.0
0.0
0.0
0.0
0.0
0.0
0.0
0.0
0.0
0.0
0.0
0.0
0.0
0.0
0.0
0.0
0.0
0.0
0.0
0.0
0.0
0.0
0.0
0.0
0.0
0.0
0.0
0.0
0.0
0.0
0.0
0.0
0.0
-0.812267
0.0
0.0
0.0
0.0
0.0
0.0
0.0
0.0
0.0
0.0
0.0
0.0
0.0
0.0
0.0
0.0
0.0
0.0
0.0
0.0
0.0
0.0
0.0
0.0
0.0
0.0
0.0
0.0
-1.824
0.0
0.0
0.0
0.112622
0.0
0.0
0.0
0.0
0.0
0.0
0.0
0.0
0.0
0.0
0.0
0.0
0.0
0.0
0.0
0.0
0.0
0.0
0.0
0.0
0.0
0.0
0.0
0.0
0.0
0.0
0.0
0.0
0.0
0.0
0.0
0.0
0.0
0.0
0.0248797
0.0
0.0
0.0
0.0
0.0
0.0
0.0
0.0
0.0
2.03165
0.0
0.0
0.0
0.0
0.0
0.0
0.0
0.0
0.0
0.0
0.0
0.0
0.0
0.0
-0.556611
1.90593
0.0
0.0
0.0
0.0
0.0
0.0
0.0
0.0
0.0
0.0
-1.95326
0.0
0.0
0.0
0.0
0.0
0.0
0.0
1.62151
0.0
0.0
0.0
0.0
0.0
0.0
0.0
0.0
-0.751853
0.0
0.0
0.0
0.0
0.0
0.0
0.0
0.0
0.0
0.0
0.0
0.0
0.0
-0.381462
0.0
0.0
0.0
0.0
0.0
0.0
0.0
0.0
0.0
0.0
0.0
0.0
0.0
0.0
0.0
0.0
0.0
0.0
0.0
0.0
0.0
0.0
0.0
0.0
0.0
0.0
0.0
0.0
0.0
0.0
0.0
0.0
0.0
0.0
0.0
0.0
0.0
0.0
0.0
0.0
0.0
0.0
0.0
0.0
0.0
-0.338811
0.0
0.0
0.0
0.0
0.0
0.0
0.0
0.0
0.0
0.0
0.0
0.0
0.0
0.0
0.0
0.0
0.0
0.0
0.0
0.0
0.0
0.0
0.0
0.0
0.0
0.0
0.0
0.0
0.0
0.0
0.0
0.0
0.0
0.0
0.0
0.0
0.0
0.0
0.0
0.0
0.0
-0.00235408
0.0
0.0
0.0
0.0
0.0
0.0
-0.172139
0.0
0.0
0.0
0.0
0.0
0.0
0.0
0.0
0.0
0.0
0.0
0.0
0.692222
0.0
0.0
0.0
0.0
0.0
0.0
0.0
0.0
0.0
0.0
0.0
0.0
0.0
0.0
0.0
0.0
0.0
0.0
0.0
0.0
0.0
0.0
0.0
0.0
0.0
0.0
0.0
0.0
0.0
2.00689
0.0
0.0
0.0
0.0
0.0
0.0
0.0
0.0
0.0
0.0
0.0
0.0
0.0
0.0
0.0
0.0
0.0
0.0
0.0
0.746104
-0.282514
0.0
0.0
0.0
0.0
0.0
0.0
0.0
0.0
0.0
0.0
0.0
0.0
0.0
0.0
0.0
0.0
0.0
0.0
0.0
0.0
0.0
0.0
0.0
0.0
0.0
0.0
0.0
0.0
0.0
0.0
0.0
0.0
0.0
0.0
0.0
0.0
0.0
0.0
0.0
0.0
-0.0448986
-0.40152
-0.000173823
-0.169322
0.216119
0.0511784
0.312368
-0.548559
-0.121643
0.215769
0.0194604
0.342795
0.408377
0.192297
-0.599121
0.823732
-0.170202
0.437781
-0.0521931
-0.333702
-0.681632
0.870758
0.204314
-0.312931
0.125281
0.0
0.0
0.0
0.0
0.0
0.0
0.0
0.0
0.0
0.0
0.0
0.0
0.0
0.0
0.0
0.0
0.0
0.0
0.0
0.0
0.0
0.0
0.0
0.0
0.0
0.0
0.0
0.0
0.0
0.0
0.0
0.0
0.0
0.0
0.0
2.42016
0.0
0.0
-2.52527
0.0
0.0
0.0
0.0
0.0
0.0
0.0
-0.560605
0.0
0.0
0.0
0.0
0.0
0.0
0.0
0.0
0.80043
0.0
0.0
0.0
0.0
0.0
0.0
0.0
0.0
0.0
0.0
0.0
0.0
-2.36035
0.0
0.0
0.0
2.32943
0.0
0.0
0.0
0.0
0.0
0.805748
0.0
0.0
0.0
0.289788
0.0
0.0
0.0
0.0
0.0
0.0
0.0
0.0
0.0
0.0
0.0
0.0
0.0
0.0
0.0
0.0
0.0
0.0
-1.30933
0.0
0.0
0.0
0.0
0.0
0.0
0.0
0.0
-0.457481
0.0
0.0
0.0
0.0
0.0
0.0
0.0
0.0
0.0
0.0
0.0
0.0
0.0
0.0
0.0
-0.420348
0.0125117
0.0
0.0
0.0
0.0
0.0
0.0
0.0
0.0
0.0
0.0
0.0
0.0
0.0
2.00428
0.0
0.0
0.0
0.0
0.0
0.0
0.0
0.0
0.0
0.0
0.0
0.0
0.0
0.0
0.0
0.0
0.0
0.0
0.0
0.0
0.0
0.0
0.0
0.0
0.0
0.0
-1.94387
0.0
0.647546
0.0
0.0
0.0
0.0
0.0
0.0
0.0
0.0
0.0
0.0
0.0
0.0
0.0
0.0
0.0
0.0
0.0
0.0
0.0
0.0
-0.454149
0.0
0.0
0.0
0.0
0.0
0.0
0.0
0.0
0.0
0.0
0.0
0.0
0.0
0.0
0.0
0.0
0.0
0.0
0.0
0.0
0.0
0.0
0.0
0.0
0.0
0.0
0.0
0.0
0.0
0.0
0.0
0.0
0.0
0.0
0.0
0.0
0.0
0.0
-0.570647
-0.382873
0.0
0.0
0.0
0.0
0.0
0.0
0.0
0.573471
0.0
0.0
0.0
0.0
0.0
0.0
-1.54015
0.0
0.0
0.0
0.0
0.0
0.0
1.19568
-0.593598
0.0
0.0
0.0
0.0
0.0
0.0
0.0
0.0
0.0
0.0
0.0
0.0
0.0
0.0
0.0
2.6547
0.0
0.0
0.0
0.0
0.0
0.0
0.0
0.0
0.0
0.0
0.0
0.0
0.0
0.0
0.0
0.0
0.0
0.0
0.0
0.0
0.0
0.0
0.0
0.0
0.0
0.0
0.0
0.0
0.0
0.0
0.0
0.0
-1.00206
0.0
0.0
0.0
0.0
0.0
0.0
0.0
0.0
0.0
0.0
0.0
0.0
0.0
0.0
0.0
0.0
0.0
0.0
0.0
0.0
0.0
0.0504571
0.00544486
-0.145699
0.213993
-0.833904
0.518243
0.267799
0.530897
-0.342531
0.127955
0.0625802
-0.365675
0.163857
-1.0489
-0.89502
-0.153747
0.392965
0.179617
-0.162442
-0.201054
-0.596554
0.230068
-0.301541
0.367704
0.130031
0.0
0.0
0.0
0.0
0.0
0.0
0.0
0.0
0.0
0.0
0.0
0.0
0.0
0.0
0.0
0.0
0.848525
0.0
0.0
0.0
0.0
0.0
0.0
0.0
0.0
0.0
0.0
0.0
0.0
0.0
0.0
0.0
0.0
0.0
0.0
0.0
0.0
0.0
0.0
0.0
0.0
0.0
0.0
0.0
0.0
0.0
0.0
0.0
0.0
0.769823
0.0
0.0
0.0
0.0
0.0
0.0
0.0
0.0
0.0
0.0
0.0
0.0
0.0
0.0
0.0
0.0
0.0
0.0
0.0
0.0
0.0
0.0
0.0
0.0
0.0
0.0
0.0
0.0
0.0
0.0
0.0
0.0
0.0
0.0
0.0
0.0
0.0
0.0
0.0
0.0
0.0
0.0
0.0
0.0
0.0
0.0
0.0
0.0
-2.15337
0.0
-0.164129
0.0
0.0
0.0
-0.188256
0.0
0.0
0.0
0.0
0.0
0.0
0.0
0.0
0.0
0.0
0.0
0.0
0.0
0.0
0.0
0.0
0.0
0.0
0.0
0.0
0.0
0.0
0.0
1.81902
0.0
0.0
0.0
0.0
0.0
0.0
0.0
0.0
0.0
0.0
0.0
0.213252
0.0
0.0
0.0
0.0
-0.509788
0.0
0.0
0.0
0.0
0.0
0.0
0.0
0.0
0.0
0.0
0.0
0.0
0.416626
0.0
0.0
0.0
0.0
0.0
0.0
0.0
0.0
0.0
0.0
0.0
0.0
0.0
0.0
0.0
0.0
0.0
0.0
0.0
0.0
-1.12753
0.0
0.73803
0.0
0.0
0.0
0.0
0.0
0.0
0.0
0.0
0.0
0.0
0.0
0.0
0.0
0.0
0.0
0.0
0.0
0.0
0.0
0.0
0.0
0.0
0.0
0.0
0.0
0.0
0.0
0.0
0.0
0.0
0.549294
0.0
0.0
0.0
0.0
-2.39195
0.0
0.0
0.0
0.0
0.0
0.0
0.0
-0.35464
0.0
0.0
0.0
0.0
0.0
0.0
0.752321
0.0
0.0
0.0
0.0
0.0
0.0
0.0
0.0
0.0
0.0
0.0
0.0
-0.0267132
0.0
0.0
0.0
0.0
-0.165071
0.0
0.0
-1.2317
0.0
0.0
0.0
0.0
0.0
0.0
0.0
0.0
0.0
0.0
0.0
0.0
0.0
0.0
0.0
0.0
0.0
0.0
0.0
0.0
0.0
0.0
0.0
0.0
0.0
0.0
0.0
0.0
0.0
0.0
0.0
0.0
0.0
0.0
0.0
0.0
0.0
0.0
0.0
0.0
1.04066
0.0
0.0
0.0
0.0
0.0
0.0
0.0
0.0
0.0
0.0
0.0
0.0
0.0
0.0
0.0
-0.170741
0.0
0.0
0.0
0.0
0.0
0.0
0.0
0.0
0.0
0.0
0.0
0.0
0.0
0.0
0.0
0.0
0.0
0.0
0.0
0.0
1.68574
0.0
0.0
0.0
0.0
0.0
1.17412
0.0
0.0
-0.96959
0.0
0.0
0.0
0.0
0.0
0.0
0.0
0.0
0.0
0.0
0.0
0.0
0.0
0.0
0.0
0.0
0.0
0.0
-1.28602
0.0
-0.560247
0.0
-0.95622
0.0
0.0
0.0
0.0
0.0
0.0
0.0
0.0
0.0
0.0
0.0
-0.184431
-0.956396
0.102708
0.390574
0.0467326
-0.251498
0.807442
-0.66281
-0.618976
0.201697
0.829313
1.23774
0.711715
0.516475
-0.427332
-0.119965
-0.390749
0.232077
-0.5475
1.00812
-0.623086
0.421426
-0.32418
-0.0182779
-0.671276
0.0
0.0
0.0
0.0
-1.1847
0.0
0.0
0.0
0.0
0.0
0.0
0.0
0.0
0.0
0.0
0.0
-0.573925
0.0
0.0
-1.36599
0.0
0.0
0.0
0.0
0.0
0.0
0.0
0.0
0.0
0.0
-0.629306
0.0
0.0
0.0
0.0
0.0
0.0
0.0
0.0
0.0
0.0
0.0
0.0
0.0
0.0
0.0
0.0
0.0
0.0
0.0
0.0
0.0
0.0
0.0
0.0
0.0
0.0
0.0
0.0
0.0
0.0
0.0
0.0
0.0
0.0
0.0
0.0
0.0
0.0
0.0
0.0
0.0
0.0
-0.148925
0.606081
0.0
0.0
0.0
0.0
0.0
0.0
0.0
0.0
0.0
0.0
0.0
0.0
0.0
0.0
0.0
0.0
0.949812
0.0
0.0
0.0
0.0
0.0
0.0
0.0
0.0
-1.17046
0.0
0.0
0.0
0.0
0.0
0.0
0.0
0.0
0.0
0.0
0.0
0.0
0.0
0.0
0.0
0.0
0.0
0.0
0.0
0.450393
0.0
0.0
0.0
0.0
0.0
0.0
0.0
0.0
0.0
0.0
0.0
0.0
0.0
0.0
0.0
0.0
0.0
0.0
-0.248425
0.0
0.0
0.0
0.0
0.0
0.0
0.0
0.0
0.0
0.0
0.0
0.0
0.0
0.0
0.0
0.0
-0.32923
0.0
0.0
0.0
0.0
0.0
0.0
0.0
0.0
0.0
0.0
0.0
0.0
0.0
0.0
0.0
0.0
0.0
0.0
0.0
0.659021
0.0
0.0
0.0
0.0
0.0
0.0
0.0
0.0
0.0
0.0
0.0
0.0
0.0
0.0
0.0
0.0
0.0
0.0
0.0
0.0
0.0
0.0
0.0
0.0
0.0
0.0
0.0
0.0
1.24385
0.0
0.0
0.0
0.0
0.0
0.0
0.0
0.0
0.0
0.0
0.0
0.0
0.0
0.0
0.0
0.0
0.0
0.0
0.0
0.0
0.0
0.0
0.0
0.0
0.0
0.0
0.0
0.0
0.0
0.0
0.0
0.0
0.0
0.0
0.0
-1.11773
0.0
0.0
0.0
0.0
0.0
0.0
0.0
0.1519
0.0
-0.18462
0.0
0.0
0.0
0.0
0.0
0.0
0.0
0.0
0.0
0.0
1.3377
0.0
0.0
0.0
0.0
0.0
0.0
0.0
0.0
0.0
0.0
-1.85834
0.0
0.0
0.0
0.0
0.0
0.0
0.0
0.296194
0.368052
0.0
0.0
0.0
0.0
0.0
0.0
0.0
0.0
0.0
0.0
0.0
0.0
0.0
0.0
0.0
0.0
0.0
0.0
0.0
0.0
0.0
0.0
0.0
0.0
0.0
0.0
0.0
0.0
0.0
0.0
0.0
0.0
0.0
0.0
0.0
0.0
0.0
0.0
0.0
0.0
0.0
0.0
0.260899
0.288062
-0.0152417
-0.431062
-1.30206
0.333001
0.815195
1.02233
-0.459237
0.998904
-0.494952
0.461927
-0.109465
-1.21384
-0.331096
-0.250671
0.675827
-0.427784
0.371881
0.0700019
-0.417694
0.124483
-0.381481
-0.760315
0.890069
0.0
0.0
0.33481
0.0
0.0
0.0
0.0
0.0
0.0
0.0
0.0
0.0
0.0
0.0
0.0
0.0
0.0
0.0
0.0
1.17078
0.0
0.0
0.0
0.0
0.0
0.0
-0.724966
0.0
0.0
0.0
0.0
0.0
0.0
0.0
0.0
0.0
0.0
0.486184
0.0
0.0
0.0
0.0
0.0
0.0
0.0
0.0
0.0
0.0
0.16766
0.0
0.0
0.0
0.0
0.0
0.0
0.0
0.353574
0.0
0.0
0.464248
1.68312
0.0
0.0
0.0
0.0
0.0
0.0
0.0
0.0
0.0
0.0
0.0
0.121373
0.0
0.0
0.0
0.0
0.0
0.0
0.0
0.0
0.0
0.0
0.0
0.0
0.0
0.0
0.0
0.0
0.0
0.0
0.0
0.0
0.0
0.0
0.0
-0.0855486
0.0
0.0
0.0
0.0
0.0
0.0
0.0
0.0
0.0
1.08059
0.0
0.0
0.0
0.0
0.0
0.0
0.0
0.0
-0.728369
0.865016
0.0
0.0
0.0
0.0
0.0
0.0
0.0
0.0
0.0874704
0.0
0.0
0.0
0.0
0.0
0.0
0.0
0.0
0.0
0.0
0.0
0.0
0.0
0.614171
0.0
0.0
-1.33501
0.0
0.0
0.0
0.0
0.0
0.0
0.0
0.0
0.0
0.0
0.77188
0.0
0.0
0.0
0.0
0.0
0.0
0.0
0.0
0.0
0.0
0.0
0.0
0.0
0.0
0.0
0.0
0.0
0.0
0.0
0.0
0.0
0.0
0.0
0.0
0.8818
0.0
0.0
0.0
0.0
0.0
0.0
0.0
0.0
0.0
0.0
0.0
0.0
0.0
0.0
0.0
0.0
0.0
0.0
0.0
0.0
0.0
0.0
0.0
0.0
0.0
0.0
0.0
0.0
0.0
0.0
0.0
0.0
0.0
0.0
0.0
0.0
0.0
0.0
0.0
0.0
0.0
0.0
0.0
0.0
0.0
0.0
0.0
1.80753
0.0
0.0
0.0
0.0
0.0
0.0
0.0
0.0
0.0
0.0
0.0
0.0
0.0
-1.32144
0.0
0.0
0.0
0.0
0.0
0.0
0.0
0.0
0.0
0.0
0.0
0.0
0.0
0.0
0.0
0.228364
0.0
0.0
1.75219
0.0
0.0
0.0
0.0
0.0
0.363024
0.0
0.0
0.0
0.0
0.0
0.0
-0.00609077
0.0
0.0
0.0
0.0
0.0
0.0
0.0
-0.495904
0.0
0.0
0.0
0.0
0.0
0.0
0.0
0.0
0.0
0.0
0.0
0.0
0.676515
0.0
0.0
0.0
0.610478
0.0
0.0
0.0
0.0
0.0246943
0.0
-1.02287
0.0
0.0
0.0
0.0
0.0
-0.750074
-1.12677
0.0
0.0
0.0
0.0
0.0
0.0
0.0
0.0
0.0
0.0
-1.39073
0.0
0.0
0.0
0.0
0.0
0.0
0.0
0.0
0.0
0.0
0.0
0.0
0.0
0.0
0.0
0.0
0.0
0.0
0.0
0.0
0.0
0.0
0.0
0.0
0.0
0.506072
0.0
0.0
0.0
0.0
0.0
0.0
0.0
0.0
0.0
0.0
0.0
0.0
0.0
0.0
0.0
0.0
0.0
0.0
0.0
0.0
0.0
0.0
-0.880867
0.0
0.0
0.0
0.0
0.0
0.0
0.0
0.0
0.0
0.0
0.0
0.0
0.0
1.7285
0.0
-0.347539
0.0
0.0
0.994513
0.0
0.242243
0.0
0.0
0.0
0.0
0.0
1.3681
0.0
-0.277456
-0.505451
0.569023
0.389634
-0.431743
0.0982492
1.86987
-0.330649
-0.610885
-0.345826
0.128498
1.12043
0.293222
0.261306
-0.441069
0.18055
-0.214899
-0.543637
-0.313035
-0.492982
-0.460917
0.378574
-0.380875
-0.102984
0.417645
0.0
0.0
0.0
0.0
0.0
0.0
0.0
0.0
-1.32932
0.0
0.0
0.0
0.0
0.0
0.0
0.0
0.0
0.0
0.0
0.0
0.0
0.0
0.0
0.0
0.0
0.0
0.0
1.54255
0.0
0.0
0.0
0.0
0.0
0.0
0.0
0.0
0.0
0.0
0.0
0.0
0.0
0.0
0.0
0.0
0.0
0.0
0.0
0.0
0.0
0.0
0.0
0.0
0.0
0.0
0.0
0.0
0.0
0.0
0.0
0.0
0.0
0.0
0.0
0.0
0.0
0.0
0.0
0.0
0.0
0.0
0.0
0.0
0.0
0.0
0.0
0.0
0.0
0.0
0.0
0.0
0.0
0.0
0.0
0.0
0.0
0.0
0.0
0.0
0.0
0.0
0.0
0.0
0.0
0.112297
0.0
0.0
0.286713
0.0
0.0
0.0
0.0
0.0
0.0
0.0
0.0
0.0
0.0
0.0
0.0
0.0
0.0
0.0
0.0
0.0
0.0
0.0
0.0
0.0
0.0
0.0
0.0
0.0
0.0
0.0
0.0
0.0
0.0
0.0
1.14224
0.0
-1.37302
0.0
0.0
0.0
0.0
0.0
0.0
0.0
0.0
0.0
0.0
0.0
0.0
0.0
0.0
0.0
1.00625
0.0
0.0
0.0
0.661525
0.0
0.0
0.0
0.0
0.0
0.0
0.0
0.0
0.0
0.0
0.0
0.0
0.0
0.0
0.0
0.0
0.0
0.0
0.0
0.0
0.0
0.0
-0.153575
0.0
0.0
0.0
0.0
0.0
0.0
0.0
0.0
0.0
0.0
-0.807519
0.0
0.0
0.0
0.0
0.0
0.0
0.0
0.0
0.0
0.0
-0.352042
0.0
0.0
0.0
0.0
-1.0801
0.0
-0.926404
0.0
0.0
0.0
0.0
0.0
0.0
0.0
0.0
0.0
0.0
0.0
0.0
0.0
0.0
0.0
0.0
0.0
0.0
0.0
0.0
-0.869806
0.0
0.0
0.0
0.0
0.0
0.0
0.0
0.0
0.0
0.0
0.0
0.0
0.0
0.0
0.0
0.809639
0.0
0.0
0.0
0.0
0.0
0.0
0.0
0.0
0.0
0.0
0.0
0.0
0.0
0.0
0.0
0.0
0.0
0.0
0.0
0.0
0.0
0.0
0.0
0.0
0.0
-0.309829
0.0
0.0
0.0
0.0
0.0
0.0
0.0
0.0
0.0
0.0918217
0.364954
0.216443
-0.63955
-1.3433
0.420415
1.16204
0.330212
-0.0585696
-0.113498
-0.628173
1.19323
0.00883165
-1.10627
-0.0343381
0.147916
-0.503763
-0.365111
1.32625
-0.448121
-0.453329
0.0685689
-0.897575
0.0973917
-0.225777
0.0
0.0
0.0
0.0
0.0
0.686571
0.0
-1.64443
0.0
0.0
0.0
0.0
0.0
0.0
0.0
0.0
-0.265455
0.0
0.0
0.0
0.0
0.0
0.0
0.0
0.0
0.0
0.0
0.0
0.0
0.0
0.0
0.0
0.0
0.0
0.0
0.964442
0.0
0.0
0.0
0.0
0.0
0.0
0.0727198
0.509289
0.0
0.0
0.0
0.0
0.0
0.0
0.0
0.0
0.0
0.0
0.0
0.0
0.0
0.0
0.0
0.0
0.0
0.0
0.116985
0.0
0.0
0.0
0.0
0.0
0.0
1.26571
0.0
0.0
0.0
0.0
0.0
0.0
0.0
0.0
0.0
0.0
0.0
0.0
0.0
-0.345268
0.0
0.0
0.0
0.0
0.0
0.0
0.0
0.0
0.0
0.0
0.0
0.0
0.0
0.0
0.0
0.0
0.0
0.0
0.0
0.379
0.0
0.0
0.0
0.0
0.0
0.0
0.0
0.0
0.0
0.0
0.0
0.0
0.0
0.0
0.0
0.0
0.0
0.0
0.0
0.0
0.0
0.0
0.0
0.0
0.0
0.0
0.0
0.0
0.0
0.0
0.0
1.78152
0.0
0.0
0.0
0.0
0.0
0.0
0.0
0.0
0.0253592
0.0
-1.1443
0.0
0.0
0.0
0.0
0.0
0.0
0.0
0.0
0.0
0.0
0.0
0.0
0.0
0.0
1.40872
0.0
-1.70418
0.0
0.0
0.55914
0.0
0.0
0.0
0.0
0.0
0.0
0.0
-1.19833
0.0
0.0
0.0
0.0
0.0
0.0
0.0
0.0
0.0
0.0
0.0
0.0
0.0
0.0
0.0
0.0
0.0
0.0
0.0
0.0
0.0
0.0
0.0
0.0
0.0
0.0
0.0
0.0
0.0
0.0
0.0
0.0
1.65712
0.0
0.0
0.0
0.0
0.0
0.0
0.0
-2.01308
0.0
0.0
0.0
0.0
0.0
0.0
0.0
0.0
0.0
0.0
0.0
0.0
0.0
0.39107
0.0
0.0
0.0
0.0
0.0
0.0
0.0
0.0
0.0
0.0
0.0
0.0
0.0
0.0
0.0
0.0
0.0
0.0
0.0
0.0
0.0
0.0
0.0
0.0
0.0
0.0
0.0
0.0
0.0
0.0
0.0
0.0
0.0
0.0
0.0
0.0
0.253085
0.0
0.0
0.0
0.0
0.0
0.0
0.0
0.0
0.0
1.49213
0.0
0.0
0.0
0.0
0.0
0.0
0.0
0.594153
0.0
0.0
0.0
0.0
0.0
0.0
0.0
0.0
0.0
0.0
0.0
0.0
0.0
0.0
0.0
0.0
0.0
0.0
0.0
0.0
0.0
0.0
0.0
0.0
0.0
0.0
0.0
0.0
0.0
0.0
0.0
0.0
0.0
0.0
0.0
0.0
0.0
0.0
0.0
0.0
0.0
0.0
0.0
0.0
0.0
0.0
0.0
0.0
0.0
0.0
0.0
0.0
0.0
0.0
0.0
0.0
0.0
0.173128
0.0
0.0
0.0
0.0
0.0
0.0
0.0
0.0
0.0
0.0
0.0
0.0
0.0
0.0
0.0
0.0
0.0
0.0
0.0
0.0
0.0
0.0
0.0
0.0
0.0
0.0
0.0
0.0
0.0
0.0
0.990648
0.0
0.0
0.0
0.0
0.0
0.0
0.0
0.0
0.0
0.0
0.0
0.0
0.0
0.0
0.0
0.0
0.0
0.0
0.0
0.0
0.0
0.0
0.0
0.0
0.0
0.0
0.0
0.0
0.0
0.0
0.0
0.0
0.0
0.0
0.0
0.0
0.0
0.0
0.0
0.0
0.0
0.0
0.0
0.0
0.0
0.0
0.205102
0.0
0.0
0.0
0.0
0.0
0.0
0.0
0.0
0.0
0.0
0.0
0.0
0.0
0.0
0.0
0.0
0.0
0.0
0.0
0.0
0.0
0.0
-2.39432
0.0
0.0
0.0
0.0
0.0
0.0
0.0
0.0
0.0
0.0
0.0
0.0
0.0
0.0
0.0
-0.653621
0.0
0.0
0.00961667
0.554891
0.0
0.0
0.0
0.0
0.0
0.0
0.0
0.0
0.0
0.0
0.0
-0.187979
-0.367613
0.411202
0.239825
-0.683669
-1.35542
2.62877
-0.581863
-0.562538
0.40724
0.338728
0.570688
0.265729
0.36833
-0.12425
-0.00651948
0.287757
-0.81417
-0.506531
0.231054
-0.360712
0.31554
-0.473029
-0.524844
-0.131857
0.0
0.0
0.0
0.0
0.0
0.0
0.0
0.0
1.46252
0.0
0.0
0.0
0.0
0.0
0.0
0.0
0.0
0.0
0.0
-0.242278
0.461679
-1.91047
0.0
0.0
0.0
0.0
0.0
0.0
0.0
0.0
0.0
0.0
0.0
0.0
0.46573
0.0
0.0
0.0
1.23657
-0.635723
0.0
0.0
0.0
0.0
0.0
0.0
0.0
0.0
0.0
0.0
0.0
0.0
0.0
0.0
0.0
0.0
0.0
0.0
0.0
0.0
0.0
0.00481988
0.0
0.0
0.0
0.0
0.0
0.0
0.0
0.0
0.0
0.0
0.0
0.0
0.0
0.0
0.0
0.0
0.0
0.0
0.0
0.0
0.0
0.0
0.0
0.0
0.0
0.0
0.0
0.0
0.0
0.0
0.0
0.0
0.0
0.0
0.0
0.0
0.0
0.0
0.0
0.0
0.0
0.0
0.0
0.0
0.0
0.0
0.0
0.0
0.0
0.0
0.0
1.82601
0.0
0.0
0.0
0.0
0.0
0.0
0.0
0.0
0.0
0.0
0.0
0.0
0.0
0.0
0.0
0.0
0.0
0.0
0.0
-0.176271
0.0
0.0
0.0
0.0
0.0
0.0
0.0
0.0
0.0
0.0
0.0
0.0
0.0
0.0
0.0
0.0
0.0
0.0
0.0
0.0
0.516873
0.0
0.0
-1.77865
0.0
0.0
-0.0694304
0.0
0.0
0.0
0.0
0.0
0.0
0.0
0.0
0.0
0.0
0.0
0.0
0.0
0.0
0.225907
-0.398288
0.635336
-0.814791
-1.22497
0.159194
1.44573
0.0430893
0.302276
0.414693
-0.994116
0.138843
0.0982064
-0.114121
-0.113115
0.0076934
1.35018
-0.0567575
1.0727
-0.059476
-0.360927
0.263666
-0.43602
-0.357058
0.404287
0.0
0.0
1.06625
0.0
0.0
0.0
0.0
0.0
0.0
0.0
0.0
0.0
0.0
0.0
-1.65106
0.0
0.0
0.0
0.0
0.0
0.0
0.0
0.0
0.0
0.0
0.0
0.0
0.0
0.0
0.0
0.0
0.0
1.76087
0.0
0.0
0.0
0.0
0.0
0.0
0.0
0.0
0.0
0.0
0.0
0.0
0.0
0.0
0.0
0.0
0.0
0.0
0.0
-0.154341
0.0
0.0
0.0
-0.0850506
0.0
0.0
0.0
0.0
0.0
0.0
0.0
0.0
0.331241
1.90335
0.0
0.0663123
0.0
0.0
0.0
0.0
0.0
0.0
0.0
0.0
0.0
0.0
0.0
0.0
0.0
0.0
0.0
-1.81648
-0.14221
0.0
0.0
0.0
0.0
0.0
0.0
0.0
0.0
0.0
0.0
0.0
0.0
0.0
0.0
0.0
0.0
0.0
0.0
0.0
0.0
0.0
0.0
0.0
0.0
0.0
0.0
0.0
0.0
0.0
0.0
0.0
0.0
0.0
0.0
0.0
0.0
0.0
0.0
0.0
0.0
0.0
0.0
0.0
0.0
0.0
0.0
0.0
0.0
0.0
0.0
0.0
0.0
0.0
0.0
0.0
0.0
0.0
0.0
0.0
0.0
0.0
0.0
0.0
0.0
0.0
0.0
0.0
0.0
0.0
0.0
0.0
0.211256
0.0
0.0
0.0
0.0
0.0
0.0
0.0
0.0
0.0
0.0
0.0
0.0
0.0
0.0
0.0
0.0
0.0
0.0
0.0
0.0
0.0
0.0
0.0
0.0
0.0
0.0
0.0
0.0
0.0
0.0
0.0
0.0
0.0
0.0
-0.0988587
0.0
-0.534246
0.0
0.0
0.0
0.0
0.0
-0.415209
-1.01354
0.160851
0.969935
0.29111
-1.44988
2.70786
0.578141
-0.60258
0.406249
-0.0628569
0.218631
0.729927
0.117799
-0.138751
-0.173359
0.037527
0.111862
-0.0257858
0.676386
-0.27174
0.0321507
-0.53378
-0.654259
0.439377
0.0
0.0
-0.00864492
0.0
0.0
0.0
0.108526
0.0
0.0
0.0
0.0
0.0
0.0
0.0
0.0
0.0
0.0
0.0
0.0
0.0
0.0
0.0
0.0
0.0
0.0
0.282025
-1.23966
-0.316465
0.678599
0.706709
-1.22231
1.84136
-0.297484
-0.799089
-0.315502
0.116158
0.230059
1.1711
-0.825636
-0.0498089
0.694496
-1.381
-0.516944
-0.010715
-0.0649069
-0.117493
-0.245084
-0.588956
0.00727718
-0.577664
0.0
0.0
0.0
0.0
0.0
0.0
0.0
0.0
0.0
0.0
0.0
0.0
0.0
0.0
0.0
0.0
0.0
0.0
0.0
0.0
0.0
0.0
0.0
0.0
0.0
0.309881
-0.887357
0.677711
0.533493
-0.983748
-0.190323
1.30159
0.27544
0.347242
-0.183512
0.387817
0.132528
0.45365
-0.414704
-0.113114
-0.0980585
0.157391
-0.146745
-0.45251
0.40849
-0.261507
-0.0184185
-0.489404
1.04358
0.56633
0.0
0.0
0.0
0.0
0.0
0.0
0.0
0.0
0.0
0.0
0.0
0.0
0.0
0.0
0.0
0.0
0.0
0.0
0.0
0.0
0.0
0.0
0.0
0.0
0.0
0.0
0.0
0.0
0.0
0.0
0.0
0.0
0.0
0.827918
0.0
0.0
0.0
0.0
0.0
0.0
0.0
0.0
0.0
0.46084
0.0
0.0
0.317689
0.0
0.0
0.0
0.0
-0.59339
0.0
0.0
0.0
0.0
0.0
0.0
0.0
0.0
0.0
0.0
-0.545542
0.0
0.827936
0.0
0.0
0.0
0.0
0.0
0.0
0.0
0.0
0.0
0.0
0.0
0.0
0.0
0.0
0.0
0.0
0.0
0.0
0.0
0.0
0.0
0.0
0.0
0.0
0.0
0.0
0.0
0.0
0.0
0.0
0.231976
0.334572
0.428099
0.0
0.0
0.0
0.0
0.593816
-1.43332
0.0
0.0
0.0
0.0
0.0
0.0
0.0
0.0
0.0
0.0
0.0
0.0
0.0
0.0
0.0
0.0
0.0
0.0
0.0
-0.645637
0.0
5.46736
0.917669
0.0740901
-0.30395
2.07309
-0.514914
4.67361
-0.298214
-1.50658
0.202688
-0.687182
-0.838948
-2.52195
-0.387096
-1.56174
1.10796
3.05695
-3.19131
-0.334861
-1.29195
-0.366383
1.05346
-0.456725
0.215029
1.5283
-3.9896
-0.513459
-0.241217
0.386743
-2.68732
0.984035
-4.74536
1.54162
2.03065
-0.0298129
-0.00850822
0.135804
3.78611
-0.866833
1.37614
-0.96367
-2.18243
3.02525
0.545952
1.36354
0.0415361
-1.19435
0.87329
0.91734
-0.762636
0.214808
3.45865
3.13037
0.247955
0.237837
-1.536
-1.06704
-1.01474
-1.06071
0.0393429
-0.0294918
-0.681827
5.06589
1.39344
-1.73914
-0.459365
1.99791
-0.613054
0.979382
-2.92357
1.06071
-0.867328
-1.31225
-0.531169
0.257973
-0.599967
-2.57397
0.576817
-0.245774
-2.38768
1.44729
1.46283
-0.155541
-0.166521
-0.0229797
0.0195242
0.353819
1.76044
-0.866512
2.18273
0.603921
-1.56199
0.51338
0.186799
0.540978
3.71604
1.19496
0.616274
0.0398493
-3.22759
-0.152818
0.403947
-0.166344
0.0827976
-0.614335
0.469002
-0.0719262
1.24327
0.524421
0.172749
-0.695704
-0.703062
2.3246
-1.25385
-0.185602
0.144249
0.874339
-0.165957
0.211074
0.071633
-0.324513
-0.140321
0.416325
1.1325
-0.0417946
1.39331
2.0292
2.21082
-0.15648
-2.42279
-1.10658
-0.0568383
-0.343486
-1.56266
-0.470545
0.155986
0.501263
1.48046
1.09006
1.25837
0.566852
-1.04095
0.494064
0.00542315
-0.841056
-0.327596
-0.35077
0.547503
0.0154658
1.37756
2.11756
0.695849
2.61407
-0.168495
-0.241679
-1.0003
-0.140813
-0.647584
1.2746
-0.439972
0.0244994
-0.397999
1.66467
0.414882
-0.828321
-0.0685848
-0.952655
-0.926842
-0.092926
-0.311076
1.082
-2.81852
-2.08574
-0.32567
-1.92308
2.49807
0.10407
-0.212742
0.309395
-3.23114
-0.17736
-2.22609
0.882318
0.286197
-0.299841
0.0965312
0.465306
2.97092
0.767318
-0.152962
-0.106761
-1.26807
1.35121
-0.155967
0.689272
0.688306
1.13588
0.637585
0.30529
-1.61092
1.6278
-1.62222
-3.573
0.193451
3.03236
0.0375278
-0.151432
-0.109247
0.897493
-0.251983
0.0668949
0.406091
-1.44189
2.6461
-3.20884
1.92093
1.25701
-0.701834
-0.13776
0.142145
-1.73143
-0.320449
0.582487
0.615993
0.861128
-0.738795
1.97706
2.23027
2.41854
1.67712
-2.18361
1.51952
-1.35612
-0.280115
-0.266229
0.0779244
-0.231751
-2.25632
0.460799
2.68462
0.943547
0.910938
-2.95647
-0.661246
0.184341
0.396646
-0.281769
-0.85161
0.55492
2.55733
0.267227
-0.792296
1.21058
2.1692
2.69138
2.37629
-0.320937
2.47603
0.759448
-0.207166
0.131888
0.114859
0.952643
-1.91383
0.798623
3.1099
-2.59345
-0.198483
0.158393
-0.0889643
-0.826785
-0.449697
-0.308928
0.035939
-0.401731
0.507554
-0.000424753
-1.0224
2.4445
-2.28729
1.28224
-0.744755
-2.4522
0.470299
-0.459307
0.0888059
0.921787
-0.477587
0.743588
-0.330134
0.272741
-1.48362
3.77474
-2.62297
1.9315
-1.40595
1.06984
0.605558
-0.13441
0.00906511
-0.496389
-0.739277
1.30857
-0.0358847
1.12191
0.144624
1.22938
1.55077
-0.0945568
-0.330225
0.0928105
-0.468221
-1.09018
-0.665264
-0.214247
0.488644
-0.461302
-2.01699
-0.104716
0.996678
2.47455
1.17373
0.511601
0.246322
0.491764
-0.0264285
-0.789131
-0.0600304
0.188596
-0.742049
0.405842
-3.81317
-2.6695
-3.81933
-1.52543
0.0606904
1.11053
-0.938675
1.78958
-0.230934
1.07799
0.0451386
1.16108
-2.21487
3.21834
-0.893915
-0.382001
1.92094
0.656391
0.435724
0.012978
0.208655
-0.192407
0.00839967
0.263212
-0.25094
-1.08569
2.66815
0.946062
2.08775
0.064982
-0.279023
0.356315
-0.997479
-1.01987
0.0529113
1.27693
-0.102514
0.51431
-1.4888
1.83419
-0.735607
0.069066
2.75916
0.140543
-0.1409
-0.38226
-1.41784
0.193323
0.663125
0.213914
1.26433
0.574004
2.30839
-2.55762
1.70495
0.509935
-0.581227
1.04142
0.263636
0.270495
-0.575969
-0.654071
-0.150537
0.159898
-2.17737
-2.04601
-1.22683
2.91657
-0.108378
0.852522
-0.0586294
-0.735106
0.0595653
0.203556
1.2825
-1.60583
0.385135
-1.30085
1.94835
-2.56422
0.267762
-0.63598
-0.344598
-0.156143
0.66588
-0.909013
0.0635585
0.0397951
-0.0627278
-0.294677
1.39086
2.97447
-2.35982
1.41266
-1.78278
1.85952
-0.228481
0.283814
0.465778
-0.00198916
0.759898
-0.679307
-1.27303
-2.32428
2.95074
-2.65034
-0.868058
-1.4871
0.860997
0.836836
2.53482
-1.51682
0.071492
0.442419
1.80381
-0.520136
-3.59353
1.99344
-1.41175
-3.17148
3.27696
-2.20126
0.415971
1.28416
-0.331639
-0.730098
0.976013
-1.75459
-0.13399
0.00693881
0.144775
2.68969
-2.727
3.0245
0.0892867
0.267728
-1.02599
0.18446
0.422255
0.541781
0.103068
-0.927107
0.126841
4.64557
-3.79135
3.66215
-0.706006
0.519948
2.72448
-0.34598
1.61962
-0.0635592
2.26126
-0.151825
0.0272699
-1.54154
-3.39801
-5.79604
-0.739239
-0.54698
-0.0549545
-2.72039
-0.473303
1.18159
0.829038
-1.4932
-0.640834
0.296829
-6.51155
-0.451391
-1.29733
-0.976389
2.2963
0.754295
-0.813495
0.344919
-0.438565
0.280952
-0.136296
0.0130416
0.710068
-0.00548959
0.384976
1.81135
-1.73062
0.630313
-0.627175
-0.498525
0.0859288
0.357796
-1.39871
0.676332
0.560379
-0.724974
-0.398267
1.44544
0.71814
-0.16282
-1.57961
-0.769295
-0.374764
-0.0157574
-0.0547286
-0.35567
0.0368631
-0.943107
1.56601
0.551564
-1.7594
1.48499
2.03661
-0.171627
-0.570554
-0.357401
0.651621
-2.08745
-0.125125
0.21906
-0.27616
0.232272
-2.18714
-0.336621
0.350299
-1.93019
3.15185
0.962855
0.896486
0.60166
-0.0599191
0.0464981
0.701525
1.98152
-0.627136
-1.40933
1.74418
-3.07192
-2.19772
-2.29201
-0.509805
0.00258419
0.193247
0.770403
0.210645
0.15195
0.350182
2.08788
0.681313
-0.0194169
-1.41892
-1.11366
1.80658
0.823587
-1.13714
-0.200739
0.0653456
0.130105
0.584258
0.396186
-1.69014
-0.128927
1.52047
0.184295
-0.577714
-0.270977
1.06605
-0.207882
0.00919445
0.0234709
-1.19746
0.372193
-2.35732
-1.10833
0.237455
0.773902
-1.96164
-1.96426
-1.96224
1.66459
-0.281774
0.0513345
0.243259
1.09336
-2.72175
1.04951
-0.281814
0.249637
-1.68131
-2.93765
0.314583
1.3478
0.394572
-0.993139
0.611047
1.40348
-0.246861
0.298857
2.96638
0.191824
1.05571
0.992246
0.967073
0.205177
0.142296
-0.202137
0.0696273
-0.28057
-1.14042
-0.0166583
-0.316458
-2.16473
-1.17622
2.01327
-2.74138
2.69103
4.26305
4.67763
-0.960712
0.532019
0.221948
1.02768
-1.3098
1.62233
0.089919
1.67535
-0.426173
-0.720224
-1.70975
1.01428
0.253407
0.10498
-0.0442957
-0.279895
-0.639647
-0.50691
-0.908798
0.402234
0.954037
2.31812
0.307915
1.23371
2.9554
-2.77683
0.206473
1.44759
1.87632
0.0990583
-0.258959
0.12456
0.909363
1.49549
0.608392
1.16633
-0.414367
2.74238
2.59775
0.0682995
0.0247064
0.321572
-0.708494
-0.320389
-1.8452
-1.38993
0.490307
-0.276967
-1.52732
0.124927
2.58742
-1.28225
1.31018
-0.164765
-0.422787
-1.2649
0.197473
0.48899
-0.232763
-0.243538
1.57296
0.337322
-1.47228
2.72798
0.585454
0.187618
-0.0235573
-0.518135
0.23843
0.0498146
-0.728885
-0.0626914
0.146837
-2.45698
2.74053
1.97778
-0.145731
0.00207945
-1.01095
-1.51433
0.925611
0.379104
-0.577738
0.437211
0.772109
0.58655
1.35367
-2.29004
0.527498
-3.13386
0.968754
-0.838442
0.323943
-0.883171
-0.817393
0.471663
0.061651
-0.482652
0.124351
2.13164
2.01388
2.39703
2.39402
-0.051684
1.87388
1.49664
-0.114855
-1.14158
0.550541
0.157355
0.983695
-0.341407
0.641253
-0.812762
-0.698979
0.900303
-2.46841
0.899299
-2.05515
0.876325
0.734149
0.277827
-0.161791
1.00599
-0.0408747
0.150221
0.56431
-1.25421
-5.48664
-6.51046
-8.10278
-3.98243
3.68984
-7.70305
1.44688
-2.63705
-1.99813
2.53361
0.795676
1.36552
-2.18773
-1.27489
-1.92961
0.958752
1.93294
-4.7528
1.85803
-2.99538
-4.47568
2.79837
-3.52624
2.94851
-4.86351
-2.66733
-4.6835
-3.72793
-2.84333
1.07451
-5.56373
4.14001
1.06699
1.56833
-0.866183
-0.404492
-0.317274
-0.231259
1.05177
-0.22825
0.146999
-1.22199
-1.93964
1.09382
-0.709
-1.51414
-1.01927
2.30515
3.61169
-4.37874
4.21814
-3.87513
-1.59149
-2.34476
-4.92754
3.98543
1.77164
-2.77322
1.61463
2.06983
1.36567
-2.23224
-2.04963
1.00497
4.88483
-5.87671
0.873491
-4.31589
-2.60053
5.66079
-1.99305
2.4673
-0.189932
-2.52752
-0.417114
2.39741
-0.985163
0.859144
0.0171004
-1.13362
-10.2231
8.2277
11.8582
-8.4231
-9.38327
4.71364
0.647494
-5.10549
-2.69809
1.90365
-7.272
5.09025
-0.789283
-0.402566
-1.81438
0.967965
-3.19563
5.32376
-1.2614
-0.815665
-1.12651
-1.43076
-2.56003
0.892451
