[36, 36, 36, 4]
0.0810724
-1.56085
-0.658058
0.148494
-0.268502
0.748571
0.539145
2.97382
-1.19934
-0.980268
0.570429
0.62252
-0.0265959
-1.65137
0.0406908
0.512824
0.0747951
0.191573
-0.848093
0.197446
0.282029
-1.68789
1.26694
0.546716
-0.864541
0.235642
1.18955
0.0594418
1.00497
0.950877
-0.215247
-0.417923
-1.52255
-0.799992
-0.836792
3.66344
0.0689556
-1.59025
-0.0419279
-0.106271
1.08922
0.846578
-0.293723
1.79481
-1.22147
-0.847022
-0.181547
0.0954594
0.292041
-1.17699
-4.5562
0.191036
0.339076
-0.403958
-0.852303
1.2605
-0.053695
-0.628792
-1.19023
-0.118694
0.996138
-0.826991
0.491428
-1.17882
-0.111745
1.99523
-0.43571
-0.692817
-0.747413
-0.679263
-0.125607
5.24878
-0.302455
-0.361194
-0.202285
-0.246598
0.29938
0.995529
-0.460103
1.70126
-0.2167
-2.20007
2.84675
-0.742263
0.957247
-1.72674
-0.883496
-0.722686
2.55073
-0.819121
-0.133094
0.0632397
-0.721761
-0.870173
-0.452943
-0.302992
-0.605031
-0.642598
0.690261
-0.392341
-0.0350876
1.31461
2.01661
-2.10465
0.0779441
-1.31909
-0.0737822
0.630899
-0.0328071
0.233765
0.306437
0.265184
-0.11448
1.0206
-0.194329
2.54053
-0.0560396
0.669929
-0.688697
-0.0623235
1.32622
-1.08939
0.048266
0.28492
0.148915
0.428783
0.0749899
-0.418239
-1.36097
-0.378371
-1.26059
-0.54303
0.393459
-0.250088
0.686427
0.549891
0.0101526
1.66101
-0.398083
-0.149364
1.29587
-1.87023
0.783024
1.96334
0.142906
-0.887354
0.067523
0.466542
-0.785222
1.31216
-1.09322
-0.433819
0.439787
-1.18816
1.01562
-1.22126
0.872944
-1.21524
-0.459656
-1.78103
-0.00940842
0.343835
0.176988
-1.43565
-0.23138
-1.43125
-0.559958
-1.15904
0.180853
-1.20138
1.23764
0.0124996
0.109721
0.65806
-1.28979
-0.183538
-0.737557
0.124624
-0.367461
0.479202
-0.173596
-1.28995
0.156782
-0.0453962
1.17273
1.08687
-0.406147
0.086766
0.731252
-1.90776
-0.218326
-0.888832
0.774182
-0.358661
-1.34997
0.928765
0.0520695
-0.312351
-2.61881
1.0403
-0.240481
-0.613888
-0.601877
-0.845149
2.09924
0.284421
1.09249
-0.0859615
-0.850009
1.11257
0.768309
0.381373
0.390791
-0.998816
-0.208401
2.41134
-0.570911
0.22398
0.357312
0.28557
0.111361
1.27759
-1.07557
0.163515
0.286812
-1.47542
0.875509
-0.918368
1.57073
-0.561388
-0.198273
0.148824
0.827391
0.50209
0.307012
-0.297438
-0.356932
-0.966261
-0.626988
-1.82894
-0.193618
2.84232
0.655945
0.440626
0.592291
1.08583
1.04318
-0.187331
-1.56572
-1.36032
0.142007
2.39708
0.726341
1.1114
0.217452
-0.0584109
-0.81378
1.31035
-1.42604
0.398566
1.01238
0.589155
0.731801
-1.20401
1.40165
0.406129
-0.682866
0.973259
0.0958885
1.50317
0.153036
-0.483745
-0.697583
-1.53522
-1.86009
-0.960128
1.57981
-0.754034
2.56404
0.134282
0.419739
0.396727
-0.319454
-0.262913
1.86605
-3.05091
-0.103663
1.07982
0.200845
2.02714
1.3267
-0.2533
-2.02965
0.377394
-0.953029
-0.992717
1.4742
1.23786
0.844201
-0.337565
1.78431
1.04526
-0.30215
0.392652
-0.0411813
0.748044
0.853671
-1.61129
-0.128054
0.503469
-0.373168
-0.122011
0.111793
-0.597782
-0.252702
-0.213151
-1.32523
-0.857503
1.17924
0.919325
-1.19627
-2.21435
1.17434
-0.392281
0.0792561
0.833763
0.847088
-0.4323
-1.6339
0.283644
-0.336032
-1.2973
0.833355
0.185374
0.162421
-1.69591
0.741139
0.534466
-0.977019
-0.459372
0.646175
-0.707423
0.459875
0.197922
0.165944
2.40467
-1.30712
-0.277996
-1.30203
0.762247
-0.026292
0.22395
-0.555233
-0.915569
-0.357667
1.92335
-0.977692
-1.53563
1.54223
-1.33704
0.0538483
3.62471
0.901812
-0.071751
-0.937523
-1.12734
1.23125
0.46698
-0.454225
0.548001
-0.80482
1.13905
0.0833916
-0.497939
1.51164
-0.298608
0.262584
-0.0327891
-0.707578
-0.021123
0.388345
2.10944
0.34429
-1.45318
-1.67542
0.789859
-1.06018
1.03893
-1.1286
-1.05451
-1.3867
1.42198
0.84605
-0.672123
0.853042
-1.33291
-0.0320166
1.36646
-0.255099
0.804776
0.650055
0.716607
-0.061633
-0.987737
0.170716
-0.336813
0.367557
-1.75918
0.93449
0.778038
-0.922601
0.332829
0.0343114
-0.782673
1.08258
-0.222212
-0.139639
0.798123
-0.890704
1.46975
-1.62471
0.238484
0.568247
-1.11869
-1.14203
-0.677342
0.487927
-0.18991
0.226444
0.400906
-0.0184007
-1.53263
-0.178489
0.574687
2.92853
-0.106639
0.938605
-0.80242
-0.856643
2.00035
0.574832
-0.0911819
0.630613
-0.887043
1.45782
-0.957922
-0.343279
-1.62899
0.223034
-0.674431
-0.00850434
0.900607
1.3115
3.16418
-0.914861
0.821577
-1.9822
1.06949
-1.58683
0.94301
-0.0619444
-0.414651
-1.034
-0.225141
1.68903
-0.36007
1.86492
-2.04253
-0.979864
2.0543
0.804967
-2.24733
0.562423
-0.204218
0.640035
-0.809951
0.467532
-0.207143
0.109261
-0.609691
0.569439
0.721123
-2.18722
0.486913
-0.0486154
-0.104939
0.23476
-0.280619
0.859313
0.823694
-0.237037
1.85319
-0.762786
-0.147504
-0.216533
-0.523907
-1.15705
-0.98644
0.0279823
0.689086
0.233592
-0.990569
0.875614
-1.57952
-0.205848
0.616786
2.14826
-0.227152
0.736108
-0.979531
-0.566963
0.412964
1.00582
-0.307011
-0.864239
-1.49936
1.04747
-0.171729
-0.461257
0.1451
-0.0528988
-1.12942
2.44807
-0.473058
1.1734
0.818503
-0.966674
0.904782
-2.17365
0.1671
-1.9914
0.86737
-0.175967
-0.950754
0.292099
0.135432
0.830279
-0.0407263
1.58045
-2.0331
-0.911312
1.46352
1.00058
-0.522484
0.0366137
-0.5759
1.03065
-0.982909
0.54713
0.636894
0.953215
-0.964174
0.813943
-0.112819
-3.59419
-0.81146
-0.0364099
-1.20561
1.24761
-0.111594
0.875549
0.53119
-0.18843
2.14965
-1.73101
1.11285
-0.987107
-0.607477
-0.126538
-1.04168
-1.28918
0.150441
-1.08015
-0.115704
1.64079
-1.81265
-0.178236
-1.29045
1.11707
0.202693
0.0174424
-1.28014
0.605808
0.319852
-0.114647
2.57315
-0.688727
-0.846677
0.348849
1.26022
-0.145549
0.0194559
-0.388525
-0.656162
1.65116
-0.385209
0.307605
-0.014918
-0.500251
0.0807499
-2.70567
0.558692
-1.57385
0.0988121
-0.332039
-0.97109
-0.742094
-1.34285
0.943403
-1.01555
1.81548
-2.65775
0.209186
-3.39051
-0.197358
0.127279
1.48849
-2.53425
0.072332
-1.25862
0.806822
-3.19057
-0.815743
-2.28467
-0.59355
0.295122
1.3478
0.272129
-0.447164
-0.15983
0.386288
0.108302
0.109836
0.939981
-0.374323
-0.15543
-1.66901
0.544558
-3.64402
-0.0198157
-0.0493617
0.167949
0.395447
1.36195
2.44524
0.760184
1.88996
-1.80014
-0.471203
-1.72737
1.41198
-0.490896
-0.272149
-0.544884
-0.0974705
0.13164
0.269865
1.55225
-1.10657
-1.28726
-0.646019
-0.16814
1.61712
-0.865396
0.841663
-1.83217
-0.0813589
0.488592
0.20223
1.11332
0.407222
0.58263
-2.44655
0.090809
-0.299751
1.72761
-0.555055
-0.399809
-1.56933
0.345022
1.26638
0.813297
1.14113
-3.53605
0.391929
-2.10027
0.640403
1.09821
0.681189
-0.878566
0.966779
-0.440347
0.59417
0.125324
0.452909
-0.832965
-1.22691
1.05219
-1.33805
-0.439953
0.950362
0.191419
0.677523
-0.291553
-0.417848
0.655872
0.936548
-0.168354
-2.32711
0.55731
-0.376538
-0.562436
0.850534
-0.118074
-0.500895
-0.0654042
0.746045
-0.857921
-1.98007
-2.97979
-0.449479
-2.6997
2.10083
0.632489
-0.192161
1.28374
-0.146291
-0.608132
-0.445641
0.342385
-0.844987
-0.313723
-0.256782
0.964984
1.22761
-0.166875
-0.107922
-0.27191
0.783856
1.20283
0.668122
0.591867
0.823178
2.2398
-0.966162
-0.0102996
0.255799
-1.50993
-0.184628
0.719657
-0.0669259
-2.55932
0.841687
0.716757
-3.40956
-2.48328
0.099905
-1.45111
0.473878
0.523831
0.919263
-1.3364
0.941533
0.390531
-0.124826
0.166041
-1.04178
-1.02658
-0.862819
0.0751347
0.262741
0.648937
-0.0868899
-2.39776
-0.486533
0.0834214
-0.544775
0.37244
1.01791
0.307238
-0.55259
1.33781
-1.65258
-0.0133577
-0.0174762
-0.0938698
-0.858488
-0.28662
1.37318
1.34244
-0.0374625
-3.74232
-0.0913795
-0.096591
-0.242369
-0.958261
0.929349
-2.31902
1.32856
-0.613548
-0.821109
0.121832
-0.503583
0.231171
-1.14924
0.231483
1.27063
-0.226352
-0.243541
-0.43736
0.0776297
0.171147
0.0601976
0.858487
0.826906
0.461635
-0.826391
0.224329
-3.08037
1.78054
-0.649609
-0.0258608
-1.02603
0.0311879
1.0539
1.35763
0.529575
-3.40685
1.87484
0.176659
-1.13358
0.669306
2.58321
-1.54474
1.15663
-0.494054
-0.809813
1.06697
-0.635057
0.438637
-1.37329
-0.477187
1.75164
-0.658983
-0.233519
-0.145237
-0.130719
1.76241
-0.110569
1.86897
0.963805
0.591949
-1.507
0.614794
-1.79615
0.114474
-1.72059
0.0772321
-1.05283
2.4933
1.16062
0.8341
-0.213696
-4.58171
-0.165105
-1.4902
-1.14148
1.78354
1.822
-2.48118
1.16474
0.454811
-0.494333
0.558499
-0.408493
0.727969
-2.09388
-0.858051
2.90588
-0.14265
-0.0566046
0.132743
0.150106
0.372167
-0.679093
0.743549
0.495503
-2.85652
-0.457838
0.354996
-1.44319
-0.0210635
-0.240617
-0.476335
1.59349
0.193288
-0.365621
0.905768
-0.394654
-1.4243
-1.02179
-0.452782
0.283376
-0.24285
-0.113796
-0.300114
1.04146
3.47577
-2.1341
1.55618
0.321333
0.968308
-2.25446
-1.28062
0.442407
0.0894367
-0.483005
0.166818
0.284667
-0.511257
-0.235442
-1.15399
1.91435
0.993803
-1.02647
0.228624
0.492902
0.0886177
0.117066
0.573743
0.781046
0.784471
-0.805214
2.20986
-1.11478
0.365703
-0.175554
-0.311748
-1.15638
0.0965332
-0.465121
0.299482
0.275699
2.84788
-2.19955
-0.168923
0.867717
0.148903
-1.26437
-0.936636
1.4616
0.508738
0.118351
-0.816956
0.377035
-1.76455
-0.134565
-1.67764
2.50816
-0.0822553
-0.611359
-0.328995
0.673228
0.222709
0.0145885
-0.0670255
-0.236415
-0.102595
0.125837
0.946885
-0.924815
0.823301
0.307761
-2.94667
-2.91996
-0.12862
-1.37951
-0.792597
0.851858
6.88379
-2.19857
-1.07647
1.79835
-0.513695
-1.59649
-3.82874
-0.319685
1.26009
0.158065
0.224859
0.150208
-0.110293
0.58326
-2.45095
2.52281
1.36202
-1.71314
-0.0296523
0.33353
0.33695
0.346174
-0.377516
0.963629
-0.653082
-0.477118
1.70374
0.217143
-0.100451
-0.190421
-3.05102
-1.09205
-0.438588
-1.54781
-0.646847
1.03572
1.97995
-0.239342
0.181427
1.48995
-0.677436
-1.27848
-1.71074
0.554539
1.03371
0.0339645
0.303687
-1.01142
-0.101054
1.35024
0.132828
2.26829
0.927839
-1.23751
-0.199945
0.353863
1.4499
0.902949
0.370671
-2.41895
-0.320191
-1.38076
-0.0324471
-0.295306
0.897233
-0.516745
-1.91911
-1.28626
-1.31949
-1.37519
-0.588814
1.12576
4.27895
-1.4242
1.03327
1.19569
0.453379
-1.21378
-0.795988
1.03047
-0.257445
0.581068
-0.7143
-0.0766997
-0.169506
1.23443
-1.76671
1.63575
0.724075
-2.24921
-0.638721
1.00348
0.856535
0.369639
-0.283081
-1.37271
-0.272302
0.847425
-0.339247
-0.991719
0.675796
-0.556294
-1.79401
-1.05965
-0.0333679
-0.304636
0.659515
0.197674
3.25509
-1.11128
-0.131954
0.374261
0.356807
-0.574241
-0.334502
1.3623
0.296661
0.163805
-1.79639
-0.196576
-0.438585
2.19109
-1.41074
1.71264
0.190705
0.768306
-0.574728
0.665664
1.42238
1.3488
0.717367
-1.36423
-0.902677
-0.404498
-0.222995
-0.630828
1.92428
0.257024
-2.5992
-2.11953
-0.531861
-0.170409
-0.472359
0.0666765
2.37045
-1.33499
-2.14039
-0.879593
-0.701427
-1.20012
-1.37467
0.389924
0.16407
1.06954
-2.72597
-1.08366
-3.12046
-1.46406
-2.38892
1.48118
-1.40719
-1.05607
-0.0752044
-0.11718
0.933383
0.173933
-0.770251
-2.17512
-0.237796
-0.346111
1.93474
0.492005
2.07885
0.46245
1.98998
-0.712275
-0.883108
-2.64289
0.726552
2.27871
3.84813
-1.81908
-0.237213
2.85135
3.11151
-0.540221
-0.374289
1.18201
2.28914
1.19279
0.430149
1.53538
-0.321025
4.39495
-1.22588
1.31092
0.616421
-3.76596
1.09695
2.45222
0.769
1.20576
-1.11476
-2.96702
-1.37051
1.49198
1.85504
1.31161
-0.0312278
-0.0377351
-4.31921
-0.220465
-0.0108581
-0.0407348
-1.00628
-4.08953
-3.17089
1.96503
-0.808713
-2.20058
-2.17928
0.266047
1.28594
-2.35864
-0.118572
-0.0840252
-1.56207
0.00366598
0.363434
-2.74505
1.3376
0.228781
0.0751479
5.24166
1.25822
-0.800503
-0.536159
0.11251
-0.782931
0.556261
0.0993484
-0.14858
-1.91
-2.66307
-1.82364
-0.0676276
2.61536
1.40383
-0.0100144
0.104983
5.166
2.17456
1.30596
1.2234
1.57909
-4.23115
5.89076
4.66963
0.594941
3.30471
-0.00942825
-1.4647
-3.10955
-0.0432122
-1.41541
0.53453
-1.64846
-4.4764
-0.628509
3.63376
-1.664
-1.89301
-0.318242
0.00290124
-0.262472
-2.06279
0.148826
-0.267687
1.6898
0.172231
1.37086
0.250324
3.55374
2.641
-0.709899
0.463828
-2.33817
-0.270556
1.97114
2.72795
2.04664
1.44319
-0.145018
-1.71527
-0.00437605
0.508796
0.279365
0.110064
3.22756
0.0572919
0.6566
-0.00605192
1.7182
0.716587
3.01153
1.03779
2.15951
-6.97082
-0.961742
0.00551992
-0.284297
-2.10183
0.47875
0.610193
2.6494
1.75972
7.20663
1.45429
-2.48186
-0.0602751
-0.258661
-1.61569
-0.280392
-1.55589
1.6253
1.57084
-1.046
1.0851
0.931158
1.44741
2.11489
0.11375
0.768132
1.50423
-1.13157
1.53903
0.0422859
0.486373
0.111138
-1.7487
-0.0516899
0.622351
0.958139
0.38359
1.72886
1.31826
-1.17142
-1.81136
-1.22277
1.24483
0.987001
-1.3138
-0.816404
-0.311884
0.0854143
0.0436532
-0.0110809
-0.0198466
0.698236
-0.247458
-0.163501
0.234555
0.0264156
-0.363311
-0.718678
2.0028
-0.59869
-0.730703
-0.21675
0.274684
0.337129
-0.0920072
-0.0419905
-0.0816379
0.0418473
-0.368018
-0.135436
0.274315
-0.172448
0.10663
-0.12987
-0.106338
0.26067
-0.829861
0.672744
0.309437
0.573366
0.526161
-0.698956
1.47611
1.72854
4.08137
0.102726
-1.91704
0.523889
-0.41937
-2.12011
-2.13212
0.489922
-0.537318
-2.29059
5.17831
3.25616
-1.67498
-0.139672
0.08896
1.01568
-0.0961936
0.649835
-0.558878
1.80657
-0.827609
-1.0966
0.714935
-0.45784
1.9126
-0.556347
-0.040377
-1.43003
1.45541
0.254726
0.0735878
0.943884
0.402698
-0.398853
2.07486
-0.18453
-0.33396
0.0849438
-1.51219
0.228205
0.521605
-0.401863
-2.58766
-0.579481
-0.307042
-2.51519
0.384459
1.02428
-1.48686
-0.0378518
0.112595
0.323869
-0.250032
-0.531489
1.75738
-1.1196
-1.3617
0.144574
0.609925
2.14076
-0.34726
-0.356034
-0.0964394
-0.466644
1.40257
0.204211
-0.815284
2.85664
-0.214814
-0.685956
1.63603
-1.66396
-1.57042
0.0051115
3.08534
1.40282
-0.891684
-0.418612
0.926255
-0.0469721
-0.105838
-0.75046
-0.583209
2.18166
-3.15097
1.55462
1.90487
-0.448421
0.0457004
-0.195719
0.0116696
0.0653713
0.362573
0.106302
0.99177
0.0801859
0.00487131
0.711163
0.473473
-0.720891
-0.669803
0.692001
-0.11283
-0.316177
0.217066
-0.449419
-0.26025
1.04979
2.30871
2.31903
2.02857
-2.38624
1.71316
-1.49783
-1.02416
2.07145
-0.991521
-1.1477
-2.06929
-2.64547
3.1392
2.12214
0.205927
-1.20852
0.171656
-0.313411
-0.727681
-0.435702
-1.01508
0.237615
0.780386
-0.789921
2.52418
-0.381982
-0.44776
1.69666
1.09679
0.844182
-0.77823
0.106853
1.22665
0.454053
0.00655855
0.0608966
0.725431
2.28959
1.65463
1.12237
-0.991193
1.87856
-0.79379
0.351462
-0.4362
0.0555613
-0.980264
-3.13604
0.433595
2.62363
-1.54838
1.8697
-0.264715
-0.236744
0.581488
0.0136779
-1.13535
-1.0001
2.10611
-2.88647
-3.1285
2.72494
-0.114848
-2.1747
3.5837
0.916631
-0.966944
0.0743417
1.00121
-0.69876
0.0744889
-3.0507
0.849937
2.6709
0.348694
1.57316
0.733526
-0.509403
-0.911079
-2.31452
-0.371017
0.103052
-0.503463
0.344853
2.15335
0.561115
0.326133
2.26838
-3.0107
2.47561
0.0606271
0.494195
-3.20224
1.73606
-1.90808
-2.27557
-0.142742
-1.19847
0.139557
0.829489
1.11312
0.102412
1.08836
-1.00484
0.158616
-0.267594
-0.205448
-1.35983
-0.88552
0.208588
-0.845162
-0.811599
1.4471
1.20926
0.303746
-2.29772
2.35437
-0.051142
-1.15856
0.08213
-0.590083
-0.133433
0.0950406
-0.260765
-0.711852
0.824468
-0.237765
1.56201
-0.252935
1.03605
-1.18308
-0.824203
-2.08695
1.00259
-0.91708
0.0325306
1.30885
-0.153725
1.28359
-0.7007
-1.10351
1.39597
0.187155
-1.42074
-1.7685
0.0481692
0.822499
-0.524984
-0.847265
-2.76668
-1.56304
0.561886
-0.937968
1.66592
0.461798
1.17513
-1.01147
-0.105716
0.184497
-0.709916
-2.73917
3.14867
-0.10421
-0.146613
1.86202
-0.893374
-0.0574346
0.959418
-0.58124
0.487455
-0.0395698
1.20175
0.970902
0.529395
-0.588638
-1.22668
-0.369816
0.972917
-0.101691
-0.0542118
-0.0700103
0.0937678
-2.4183
-1.04904
-0.971157
0.273121
3.0851
0.45636
-0.025767
1.31024
1.21105
-0.577393
-1.03858
-0.291083
1.21072
-0.809943
0.248622
-1.25827
2.18737
-1.11018
0.931278
2.60066
-0.240168
-0.388304
-0.0213479
-0.231333
0.0354586
-2.35035
0.727457
-0.37581
3.02409
2.58285
0.387514
1.03162
0.03707
-4.5474
-1.64223
0.0799643
-0.301159
-1.23042
2.35239
4.28849
1.13592
-2.81355
0.792653
-0.513275
0.829589
-0.573228
2.47044
-0.0264475
0.219434
0.101642
-0.0352236
-0.459307
-0.33626
-1.90044
0.0723023
1.62729
0.155141
-0.838078
-0.808622
0.568894
-0.0765123
-0.786673
1.7775
0.633501
-0.657628
-2.47676
-0.037207
1.43903
0.0623431
-1.73093
-2.48926
0.0815286
-0.125209
0.39703
-1.51799
-0.396813
1.82282
3.75583
-1.80028
0.46534
1.45204
-0.887336
0.95589
-0.0102893
0.184352
-1.5512
-0.0740004
0.96475
-2.72183
1.57971
0.806228
-1.90087
0.851605
-1.44667
1.36069
0.890302
-0.132291
-0.518809
0.0415442
1.1504
1.84081
0.519807
-2.26377
0.607138
-0.224018
2.0779
0.384797
0.172561
-0.230346
-2.85613
1.10508
-0.660367
-2.9836
-3.67062
2.64588
-0.585365
0.689986
2.73578
-0.972694
0.0218273
-0.0155972
-1.47861
-0.312532
-0.859801
2.64574
1.35549
-3.41604
1.66839
-1.59209
0.371743
0.835095
0.0216269
0.0285222
1.05388
0.920559
-0.188847
-0.458726
-1.06762
1.83795
1.44339
-2.43589
1.54119
-0.0228698
0.0578385
-1.97488
0.275294
1.48063
-1.25047
-0.114041
-0.596793
-0.86276
-0.475317
0.985142
-1.69594
0.956575
0.893419
-0.0726987
-0.943904
-0.237681
0.000432682
0.397322
0.702884
1.7074
0.166447
2.94499
0.213244
0.621394
0.624596
0.0780445
-0.172397
-1.07067
0.161323
0.212743
0.366786
1.18635
-1.79484
-1.96924
-0.370499
0.470848
0.000725025
-0.714594
-0.709231
0.816773
-0.0548998
1.95143
-0.391649
-0.456071
-1.39512
-1.08194
-2.36881
1.39632
0.0294468
0.0743032
-0.836702
-0.115804
0.751054
-0.481456
0.388158
-0.322931
0.0432471
-4.78605
-0.737104
-1.24221
1.27286
0.0336642
0.576093
-0.0917607
0.892108
-0.0468337
2.22702
0.23016
-1.44818
-0.0242817
-1.34955
0.096412
2.18351
0.299132
-0.752388
0.13411
-0.273017
0.0740178
0.241504
-0.463161
0.448998
-2.26903
-1.57467
0.915065
-3.37624
1.22823
1.06571
-0.0549074
0.0385101
-0.54458
0.336322
-0.527034
1.0356
-1.10732
-2.16969
0.0201757
0.0854604
-0.0920019
0.141771
0.240963
2.85311
0.140825
0.321187
0.135543
0.509888
0.0775639
-0.570212
-1.66396
0.111184
-1.1861
1.38998
-0.819393
-0.267223
0.887309
-0.309411
-0.0642211
0.636444
0.494686
-0.596451
-2.51137
1.85975
0.273872
-0.44761
-0.926031
0.158663
0.0232351
0.0130667
0.389939
0.134393
0.0182977
2.84969
-0.731366
1.32388
2.08464
-0.305083
-1.04546
0.732067
0.0893395
0.0781183
0.0701046
-0.014343
0.181093
-0.16702
0.420912
0.135038
-2.0295
2.4569
2.03467
0.1672
1.91503
-0.516064
-1.08143
1.04915
-1.12576
1.47958
-2.21372
1.54013
-1.74745
-0.282228
-2.36437
-0.470279
0.843029
0.524881
-0.615127
-0.366695
0.7993
-2.71797
-2.30463
-1.41738
-1.55314
-0.842508
0.12779
0.250659
0.744389
-2.75241
0.920258
0.870818
0.359879
1.31842
0.117593
0.124367
-4.12782
-0.761608
2.12086
-0.0533002
0.547294
-1.08401
0.730467
0.385603
1.16225
-1.22478
-0.580444
0.162575
1.61849
0.708162
-0.809726
0.449349
0.154676
-0.781777
0.585634
0.0655816
0.902166
-0.355194
1.95039
-1.854
0.0601461
-0.163829
1.68972
1.34751
3.3563
2.74949
0.554181
1.20838
-0.396564
0.0153569
0.0382497
0.0206067
0.573108
0.487153
-2.42858
-3.18651
0.845166
0.356929
-0.231097
-0.19823
0.200346
0.20029
-0.335226
-0.272607
0.264728
-0.916933
-3.08201
-0.0357248
1.38019
0.12174
-0.951417
-0.194812
0.0178646
0.0640934
-0.837495
-0.75564
0.902714
-0.313833
-0.823832
-1.91889
-3.28816
-0.296995
0.326464
0.787908
0.0329014
3.40485
2.3243
0.138727
0.0372959
0.341633
0.74678
-0.219044
0.167149
0.383534
0.743933
-1.32658
1.0369
-0.559143
-2.48904
0.160467
-1.03574
-0.238279
-2.74623
2.13946
1.33827
1.22883
0.510029
-0.604624
0.863604
1.24502
1.08816
0.306619
-0.0401547
0.96796
-0.00473798
-0.368809
0.664923
0.0031095
-2.16901
-1.41308
-0.16226
0.675123
-0.00543538
0.0669625
-0.726918
0.108693
-0.338849
-1.31214
1.4252
0.354088
-0.988737
0.618833
-0.428909
0.133092
-1.67655
0.555148
0.277124
1.65326
1.48504
0.8674
1.43205
-0.250323
-0.804458
0.0795475
-0.246962
1.1179
0.258129
0.455309
-0.157885
-0.793172
-0.290526
0.672055
-1.26227
2.17592
0.497993
-0.00414344
-0.103049
-0.0506213
0.39241
-0.0233015
0.917513
0.76424
-0.348208
0.244992
0.639953
1.18568
1.62372
0.463518
0.691957
-1.78175
0.32114
-0.0530164
0.213075
-2.43607
1.18182
-0.329691
-0.599878
1.8489
1.26739
0.297367
-0.81618
0.130518
1.15807
0.0199059
0.00473312
1.49691
1.32126
-0.823597
1.23387
4.01905
0.664448
-0.312594
0.0898931
1.76452
1.38733
0.138067
-0.157351
0.108843
1.30737
1.91291
-1.04607
-3.08493
2.43751
-1.1495
3.38702
1.3932
0.0180783
0.020566
0.260392
1.24151
-0.210367
0.0836952
-1.72909
1.47711
0.0747083
-0.649611
-0.233997
-0.501885
0.711429
-0.157465
-0.0357465
0.89761
-0.672365
3.1567
0.364637
-2.83449
2.87159
-3.07486
0.183159
0.152443
0.778654
-0.0017881
-0.87696
-0.110482
-0.628558
-0.0285136
-0.805323
-2.03497
2.53049
-1.78866
0.667867
1.69964
-1.75059
0.198109
0.194613
-1.11759
-0.0187493
0.736769
-2.40076
-0.970622
0.306529
2.10287
-0.666629
0.746413
-1.75256
-0.602205
-0.0669569
-2.16562
0.935273
0.68374
0.56652
-0.259573
1.88759
2.86254
0.0948456
1.18161
-0.140226
0.108112
0.2729
-0.59174
-0.63709
-1.65259
0.832004
0.574813
-0.496275
-0.861879
-1.06057
-0.381948
0.312386
-1.86894
0.204479
-0.0616691
-0.130829
0.165466
-0.265062
-0.00508497
0.972555
0.597004
-1.55689
0.734265
0.641998
-0.391878
-0.0193002
-0.137929
-2.12752
0.723249
-0.0334946
0.506251
-0.0704147
-0.797541
1.22073
-1.64837
-0.0307051
0.0980459
-0.381478
-2.34614
1.25352
-0.70499
0.436063
-1.19858
0.181624
-1.3932
0.26295
1.02867
-0.328581
0.973341
0.334813
-1.47906
-0.246951
-0.0478636
1.25021
0.120997
-0.617644
2.19236
-1.1495
2.2511
-0.624923
1.08237
0.0522831
1.76376
-1.34105
0.208607
-0.975992
1.3162
-1.38362
1.18854
0.692242
-0.359167
-0.521428
0.116087
1.22183
2.4601
-1.49222
-0.351607
0.825364
-0.618804
0.0977676
0.727105
-1.12568
-2.35446
-1.38394
-0.00170076
0.296216
-0.594213
-0.174554
0.216516
-0.150667
-0.397979
-0.264216
-0.307517
0.815846
1.65705
-0.395652
-1.88011
-0.161438
-0.900068
-0.998245
0.660466
0.418321
-1.05476
0.710047
1.66572
-0.066428
-0.175617
0.302014
1.60293
0.989998
1.46897
-1.99397
-0.449928
0.756334
0.659055
-0.319428
0.509656
-0.787764
0.0871372
0.861071
2.44489
1.49371
-0.550394
-0.106815
0.134712
-0.0287012
0.0600169
-0.266754
-0.0540855
-0.154498
0.41874
0.819356
0.890999
2.03825
-0.0758324
-3.36368
0.627656
0.238708
-0.0919904
0.480055
0.511651
-0.0675274
-0.313236
0.656501
-0.724843
2.72659
-0.483078
0.864142
-0.0895565
-0.256208
-0.31099
-0.324869
-1.5995
-0.153751
1.25697
2.24228
-0.241147
0.735443
-2.17681
0.00987566
0.546632
1.83879
-1.03349
0.950662
1.87474
-0.675443
1.15125
1.22385
-1.71548
2.85951
0.594365
-2.70831
0.923699
-1.47425
0.858191
-0.77519
-1.42882
-0.0105014
0.165448
0.833855
0.0335778
-0.548885
3.32348
-0.180261
-1.48376
-0.340954
0.553756
-1.16485
1.39415
-1.65431
-1.31059
-0.94238
-0.899297
-1.95203
1.97397
-1.20814
0.0795123
-0.235756
-0.975695
-1.37273
-1.14244
1.48184
-1.32974
0.19376
1.00517
1.85307
0.222279
-1.26117
1.24125
0.410742
-0.203666
0.88099
0.662319
-0.0688115
-0.195466
-0.889844
0.0300816
4.01538
-1.43177
-0.247159
-0.808278
0.823952
0.349509
-0.642653
1.24809
-1.40624
0.174917
0.610283
-0.179269
2.97425
0.931211
-0.814811
-1.22908
0.23825
2.70389
0.493984
0.296852
-0.616136
0.325313
-2.05095
-0.250721
0.341314
-0.801755
1.13339
2.08348
-2.50683
-0.0882251
-0.210415
-0.979069
0.201252
-0.263004
-0.143151
0.178543
-0.961115
0.926621
-3.19404
0.476341
1.54433
-2.02383
1.17425
0.635745
0.673411
1.55856
-1.64125
-2.24784
-0.410486
-0.925686
1.4387
-0.373163
1.59935
0.121983
-0.237605
0.313797
-0.333344
0.40812
-0.565276
0.0886913
2.96671
-2.24811
-3.33318
1.15932
1.64239
-0.465148
0.0284085
1.55827
0.304642
0.231096
-1.28375
0.19091
0.959093
0.319456
-0.312095
0.299208
4.38332
0.943847
-0.297414
1.48987
0.583222
-0.204463
0.891941
-2.25664
0.0705536
-5.40609
1.24355
0.415054
0.716726
-0.820491
0.323929
1.15384
0.735938
0.295184
-0.163215
0.287878
0.0506108
0.895534
0.246786
1.3589
-1.92413
0.474673
2.24464
-0.713976
-0.45522
0.913034
2.37127
0.0508816
0.316057
1.32365
0.408368
0.561099
0.258432
-0.178098
-0.612892
1.2188
0.421316
-0.562194
-1.0701
-0.300735
0.214006
0.839673
-0.079556
-0.56756
1.49058
-0.727307
0.945063
-0.379872
0.817538
0.393865
-0.286608
-0.481369
-0.128536
0.952334
0.122181
3.71502
-2.87987
-1.5143
-0.352419
0.322322
0.53961
0.579376
-0.633332
-0.0540308
0.438839
-0.194851
-0.0609731
2.07345
-0.952309
-0.0910756
3.39462
-0.685162
0.815571
-0.672381
0.0132205
0.448501
0.206096
-0.0766324
-0.0562619
-0.993617
-0.947079
-4.2372
1.4959
2.83792
-0.212324
-1.2997
-0.312956
0.297448
-0.119902
-1.04074
2.29206
0.231229
-1.08906
-2.02516
-0.530851
0.624272
0.401746
-2.25052
0.660094
-1.02811
-1.43871
-1.61482
-0.654388
-0.00977352
0.494009
1.42533
1.43677
0.0587308
-1.12972
1.62448
0.93308
0.680352
0.795963
-0.72683
1.72781
-0.204652
0.43614
0.149366
-1.26111
2.63795
0.347608
0.524227
0.589876
0.312891
1.37891
-0.678081
-0.767693
-2.06356
1.00192
0.815894
-3.77493
-2.26464
-0.293912
-0.300941
-0.635892
-0.851909
-1.15772
-0.448323
-1.17696
0.238478
0.145279
2.63394
0.470772
4.6562
0.133231
-0.0240216
-0.738541
-0.556831
-0.569804
-1.048
0.895984
-0.432973
-11.022
5.8999
4.56069
-7.28674
-2.85636
1.62501
-0.431566
-2.64171
-1.42655
-3.79778
-3.36765
-3.57224
4.01295
0.706184
0.892667
1.33481
-0.414085
-0.273475
-0.801061
-0.43972
4.99465
-2.88803
4.7185
-3.04297
-2.95227
-3.03557
-1.01305
-3.70048
2.77519
-6.13116
-2.4374
2.05486
-0.410383
-1.08603
-2.77909
4.25868
1.44025
-3.20718
-1.29767
-0.516083
0.0566747
0.897892
-0.732233
-1.01753
0.195289
-1.55229
-1.94728
-0.744383
-5.44372
0.871932
0.0694545
-1.25411
-0.224379
-0.397489
-0.0608699
-0.32851
-0.596932
-0.115513
-1.327
-2.30273
-8.94648
0.559187
-7.30686
3.1157
-0.900689
2.22202
-3.92045
0.470058
0.246447
-1.96626
-1.52814
-2.61111
1.23111
0.536982
-0.83978
-0.329089
2.31664
4.39263
3.53869
5.1828
0.0565331
0.889308
-1.1535
0.662711
-6.40085
-7.87859
-5.0819
1.82189
0.571799
-0.826704
-0.29423
-2.50313
0.217114
-0.621155
-0.860964
-0.658579
-4.39701
-6.59356
-3.93659
2.50693
-7.21541
-0.354999
4.82321
-1.24292
0.211729
-0.513657
-0.783714
-0.178953
-0.138689
-0.222712
1.20318
-0.0651308
-2.61101
-1.4427
-1.98629
-1.34343
-4.88716
-0.172922
-1.44176
-1.12967
2.88834
-7.77474
6.76365
-9.15912
-0.044968
-0.783656
-0.790894
-0.804388
