[0.04630918895334446,
 -1.0609573944541921,
 0.7280413311490719,
 1.9488576218110438,
 0.07749311324721475,
 2.507280980174812,
 0.028288942889048485,
 -0.2977434617860695,
 -1.9852486176696402,
 -0.06261954958470685,
 -0.1641775730772359,
 -0.33606561133208857,
 -0.20886608185338673,
 0.5282608082740126,
 0.01919413610730203,
 0.0250938265915579,
 0.48208207709120643,
 -0.01941740979597739,
 1.6965974132779493,
 -0.36157513285697007,
 -0.2532502396525729,
 -1.8945198140381763,
 -4.094305788624929,
 -0.7263734311150785,
 -2.704439209940233,
 -0.16634406189757556,
 -1.2050400546983226,
 0.9816492977782048,
 -3.8022616295172043,
 0.08364068365710864,
 -0.19351298791150384,
 -0.2493426991428862]
