[36, 49, 49, 4]
0.0015727
-0.0673026
-0.091795
-0.000549907
-0.0016055
-0.0158843
0.0474446
-0.526738
0.294834
-0.0698829
0.220318
-0.171703
-0.051325
-0.369125
0.00905716
-0.0178382
0.0315731
0.0897959
0.0384384
0.488132
-0.017753
-0.252996
0.181609
-0.057444
-0.461065
0.135272
-0.0857275
0.0373127
-0.000380514
-0.00244981
0.0170519
1.46222e-05
0.000989759
0.0104026
-0.0301831
-0.97281
-0.0643419
0.19058
0.00101924
-0.0450604
0.00207085
-0.0436105
-0.0687122
0.105743
-0.0670459
0.113731
0.211829
-0.360007
-0.185816
0.00305446
-0.183959
-0.0451595
-1.0611
-0.000118436
-0.0325805
0.00816518
-0.683828
0.173272
-0.0425814
0.0140122
1.16874
-0.163171
-0.56134
-1.249
-0.030478
0.0458255
-0.0101199
0.0326831
0.431202
0.266605
0.12162
-0.432739
-0.0684464
-0.499246
0.257479
-0.559002
0.0585565
-0.000381179
-0.000741603
0.0174757
1.29255
4.18612e-05
0.111003
-0.361281
-1.31873
-0.0402876
0.239116
-0.00138913
-0.0675202
-0.0208013
-0.0277155
-0.278665
0.0912063
-0.246727
0.884826
0.324732
-0.445252
0.0183343
0.00232054
0.705805
0.46129
-0.000392865
-0.166005
-0.0394563
0.105173
-0.173053
0.143729
-0.0493009
-0.00216371
-0.0458109
-0.14589
-0.516614
0.000323024
-1.77314
-0.207692
-0.00701296
0.0221526
0.337268
0.188004
-2.65485
-0.00598786
0.457027
-0.018602
0.607663
-0.155418
0.0562978
0.000348701
-1.73224
0.791535
0.70818
-1.1692
0.053073
0.167195
-0.072247
-0.0468083
0.110266
-0.00182231
-0.185768
0.235225
-0.941949
-0.0397857
0.107353
-0.095962
-0.248432
0.138045
-0.382856
-0.0424491
0.0020761
-0.205389
-0.000663527
-0.00021861
-0.896945
-1.04128
0.135124
-1.40434
0.807006
-0.0438182
0.010172
-0.0849678
0.0217521
-0.538345
-0.00862888
-0.0176192
-1.44637
-0.0369555
0.635469
0.264308
-0.00725146
-0.735232
-0.195896
-0.0234781
0.136069
0.365304
0.0161462
-0.483884
-1.11853
0.00171488
0.0493814
-0.000145078
-1.10585
0.0216078
1.00252
-0.34338
0.153265
0.273013
-1.43266
-0.134453
-0.00218736
0.104514
-0.0302367
0.151971
-0.0449423
0.345607
0.381284
-0.467476
-0.495575
0.00328374
1.8149
0.42468
-6.02568e-05
0.870173
0.0102174
0.860122
0.320567
0.796786
-0.0228831
-0.0505986
-0.910495
-0.659699
-0.77888
-0.00486282
-0.00376262
0.467165
0.0180921
0.0127596
-0.400017
0.00501454
-0.405054
0.0152585
1.71035
-0.349675
0.48085
0.135916
0.0512442
-0.00116444
-0.564757
-0.377524
-0.00015843
0.00217626
0.00898416
0.0410132
-0.489624
0.411617
0.524613
0.000629412
-0.0977857
-0.0171031
0.000173576
-0.0662213
0.123954
1.52472
0.187887
-1.61235
-0.25724
-0.3992
0.00649398
-0.309082
0.0259196
-2.67848e-05
-1.3477
0.00552425
0.712008
-0.283885
0.078598
-0.0264105
0.340213
-0.306384
-0.510224
-0.892445
0.00242217
0.000356122
0.0125677
-0.183816
0.0215671
0.342082
-0.00634982
-0.315665
0.343479
-0.0154239
0.0817882
0.751901
0.0680374
0.0450404
1.32714
0.00319392
1.96842
0.485211
0.00416122
0.0173675
0.984441
-0.704
-0.781907
-0.631664
-0.000419889
-0.149539
0.0397172
-0.0021516
-0.315119
0.142049
-0.193232
0.0475264
0.157258
-0.148806
-0.334373
0.00123698
0.220062
-0.00946907
0.518071
0.00792716
0.652797
0.162268
-0.348228
0.53318
0.682936
-0.0340708
0.469137
-0.263368
-0.124873
-0.00699869
0.00246156
-0.0359453
0.130596
0.0640574
0.718862
-0.0360149
-0.270836
0.0516503
-0.177731
0.00493664
-0.0766358
-0.230236
0.396421
-0.000339382
0.367302
-0.102863
1.06063
0.00398439
-0.408693
-0.430648
-2.53273
0.798472
-0.159146
0.00369172
0.0394051
0.0496932
-0.0458964
-0.0861201
-0.677461
-0.327713
0.0106721
-0.137328
-0.220033
-0.0398771
-0.00675511
0.613414
0.165844
-4.89496e-05
0.00105963
-0.309038
0.75981
-0.307788
0.321025
-0.156772
0.0359505
-0.235564
0.346359
0.319169
-0.263628
0.00299705
-0.111551
0.0432716
2.13806
0.962744
0.899815
-0.425237
2.27265
-0.290744
-0.220391
-0.102516
-0.0837915
0.866068
0.000107302
-0.00584119
0.304408
-0.00169931
0.00338131
-0.353594
0.425777
-0.660201
0.337908
0.229815
0.00638557
0.153669
0.0772297
-0.0865851
-0.105977
0.156372
-0.281347
-0.147054
0.105116
-0.470977
0.0728699
-0.0110583
-0.597271
-0.0523577
-1.57937e-06
0.415067
0.013331
0.200708
-0.0706325
0.126341
-0.171439
-1.40929
-0.116437
0.493994
0.726224
-0.0781806
-0.501294
-0.159204
1.15234
1.31557
1.2241
-0.0193409
-0.322999
-0.426339
-0.183271
0.0148737
0.260392
0.322048
-0.0764873
-0.000360954
-0.00497684
-0.0132106
-0.00164379
0.103677
0.0441191
0.0472944
-0.11709
0.236005
0.165319
0.174104
0.624231
0.0643134
0.187936
-0.0395839
0.166528
0.16438
-0.0701924
-0.197677
-0.049267
0.0527512
-0.00147217
0.263471
-0.0246537
-4.35838e-05
-0.0110154
0.003619
0.270093
0.0388669
0.0287363
-0.117997
0.0642568
0.0185736
0.0984183
0.613972
-0.0742436
-0.267771
-0.105588
-0.0113646
0.0433246
0.382464
-1.67678
-0.0444149
-0.432097
0.933193
0.0793363
-0.116774
0.0468873
-0.0559515
-0.000486566
-0.00230117
-0.0117351
-0.001547
0.00122204
0.00455776
1.12778
0.190874
-0.405543
-0.799826
0.855423
0.170531
0.0676741
1.44733
-0.474649
0.29863
-0.0498218
0.21758
-0.216437
0.0642229
-0.879636
-0.218312
0.229709
1.92547
-0.000192473
-0.0179986
-0.019382
0.291923
-0.341488
0.247755
-0.0726661
1.03748
0.181788
0.0246752
0.695511
-0.0323415
0.694416
-0.473594
-0.786616
0.0193781
0.302411
0.018251
1.23345
-0.257833
0.00420401
-0.327768
-0.809216
-0.0259437
0.407749
-0.73397
-0.0015841
-0.00418046
-0.814318
-0.000483226
0.0143341
-0.0653776
0.0257755
-0.360551
0.113155
-0.563503
-0.255209
0.0652776
-0.884134
0.171462
0.0702103
-0.0474573
0.00975479
-0.139067
-0.580159
0.220971
1.33184
-0.680686
0.00416241
-1.06247
-2.24911
-0.0217622
0.0712284
-0.453143
0.180404
-0.14022
-0.0508925
0.616542
0.0143136
0.887738
-0.0110321
0.00871883
-0.045349
0.212587
0.258643
0.364652
0.0196057
-0.709858
-0.202726
0.263092
0.0781274
0.0681211
0.158158
0.00543743
1.75433
-0.836188
-0.0296509
0.428109
0.0557334
0.0286558
-0.334424
1.02651
-0.61974
-0.132215
-0.00154419
0.147057
0.0314731
0.66115
1.28295
0.624218
-0.0631504
0.414971
0.0358405
-0.523635
0.446883
1.81753
0.218735
0.0351812
4.22505e-05
0.00805518
-0.00156885
-0.121278
-0.148203
-0.263473
0.0968524
-0.0152848
0.467386
0.234741
0.623845
-0.00460374
-0.58466
0.0199081
-0.0456105
-0.0302415
0.319326
-0.984244
-0.167409
-0.548239
0.262576
0.0722803
-0.770977
0.211787
0.0410628
0.473973
-0.44749
-0.0738806
1.94428
-2.22746
0.0179035
1.50921
0.305475
-0.263449
-0.121123
0.805
0.057921
0.0493412
0.640547
-0.0234735
0.633808
0.139459
1.50979
1.46582
-0.397813
0.17691
0.00505426
0.179558
0.0648302
1.18437
-1.05039
0.335906
0.0386826
-0.850906
0.114668
-0.810893
0.0325962
-0.247823
0.234537
0.699473
0.0104809
0.195405
0.293883
-0.879571
-0.0323272
0.447977
-0.35618
0.785405
-0.340206
-0.0177631
-0.249417
-0.237541
0.0931726
0.0609384
0.000511654
-0.000681744
-0.080624
-0.0004014
0.55549
0.0184883
-0.168054
0.0347204
-1.89828
-0.132074
0.0747073
0.0558049
0.096341
1.35765
0.223786
-1.04797
-0.0457666
0.341161
-1.67372
-0.203469
0.646349
0.342298
0.226112
-0.107745
0.000141421
0.0147528
0.010988
0.20573
-0.274765
0.202948
-0.0280445
0.0361035
0.955861
1.14359
0.601866
-0.000365039
0.894973
1.77542
0.961404
-0.0166653
0.505219
-0.0285945
0.27066
-0.558377
-0.0127646
0.473876
-0.0882773
-0.0237564
0.68657
0.000309003
-0.000253124
-0.0201119
-0.000654037
1.65574
-0.825577
-0.785896
0.327459
-0.0369717
0.382514
-0.00201664
0.118049
-0.020308
-1.73277
-0.0465184
0.096959
0.65373
0.016187
-0.227527
-1.47419
0.682862
0.00284148
-1.31212
-0.17405
7.0544e-05
0.00713745
-0.060854
-0.133909
1.0652
0.18129
-0.0330577
0.0301871
0.0864331
-0.0488289
0.751393
-0.0205794
0.00356804
0.0116144
-0.204153
-0.013133
0.274598
1.01435
0.224393
-0.454554
0.0690281
0.10519
0.0471766
0.279803
0.277251
1.82961
-1.0185
-0.992682
0.519301
0.0263678
-0.0297306
-0.953358
1.13093
-1.55875
0.272715
0.000529532
-0.0121218
0.028071
-0.575261
0.0220925
-0.0331135
-0.714003
0.0532216
-0.139561
-0.291906
0.203373
0.00204089
0.162138
-0.0577217
1.81183
0.00669725
0.0194909
2.7153
0.289817
-0.0150101
-0.00423485
0.432205
0.10179
0.100289
0.544655
0.147187
0.738389
0.0177522
-0.555183
-0.0259959
-0.373085
0.0222477
0.127991
-0.351676
0.0807608
-0.217325
-0.738936
-0.0562471
0.00884581
0.000397567
-0.00344134
0.0234677
0.0814561
0.737907
-0.0688705
-0.103159
-0.254533
-0.929316
-0.843085
-0.137237
-0.13764
0.0810093
0.130555
0.0738759
-0.126376
-0.271437
0.309225
-0.642633
-1.18436
-0.000269259
1.22232
-0.0726957
-0.0252014
1.51702e-05
-0.162223
1.08576
-0.0358805
1.38589
-0.0898494
0.0277778
-0.0248341
0.395931
0.118381
-0.973941
-0.0113605
-0.00990009
-0.00356711
-0.0314443
-0.0312686
-0.0457652
0.011254
0.536038
-0.104845
0.0191065
-0.25935
0.567904
0.355082
0.00420695
0.000200256
-0.00402747
-1.1595
0.00154142
0.0129666
0.221496
-0.201625
0.205574
-2.41989
2.0024
-0.00447533
-0.153572
-1.52614
0.108714
0.0369757
-0.0872635
0.315251
-0.0749224
-0.188178
0.407384
0.0113148
-0.00134134
0.0682272
-0.0414086
0.013808
-0.518755
0.00920189
-0.0521895
-0.130725
-0.0351404
0.0127642
-0.0736034
0.493914
-0.115771
-0.366387
-0.0287539
-1.2963
-0.0222376
-0.120174
-0.0267409
-0.0417056
-0.0575883
0.159511
0.0694777
-0.558483
-1.90504
-0.305544
-0.37696
0.0109762
-0.000865804
-0.0014038
0.111437
-0.288725
-0.000803231
-1.7847
0.120742
0.22299
-0.940204
0.483032
0.000400752
-0.93417
-0.00470956
-0.00679772
-2.74662
-1.11163
0.128353
-0.404233
-0.0137648
0.247337
0.0588278
-0.00100043
0.0734997
-0.0393536
-0.000106425
-0.00231159
-0.00183219
-0.101517
-0.112412
0.73719
2.6583
-0.0119066
0.25253
-0.0491056
-0.67921
0.56307
-0.0162
-0.00699821
-0.408694
-0.343428
-2.09982
0.0764169
0.261007
-0.142558
-1.16399
0.399396
-0.317741
0.0938485
-1.18751
-0.00130919
0.000380404
0.527239
0.00216775
0.575765
-0.647818
-0.774126
-0.525674
-0.898405
0.834138
0.00310553
0.0245878
-0.0823166
-0.185204
0.00529381
-0.0564301
-0.0119744
-0.373634
0.210331
0.0434246
0.0284178
0.069965
0.0092862
0.0370888
-0.0551531
-0.00292026
0.00508571
-0.0495067
0.962217
0.166371
2.8159
0.0295694
-0.16349
-0.0504394
-0.854316
0.0187439
-0.0173111
0.00213146
-0.302144
-0.10365
0.0771299
-0.0654166
0.125725
0.0273988
0.316371
-0.145775
0.44075
0.228763
0.138166
-0.000568499
-0.247246
0.0543783
0.00084528
-0.0174166
-0.00921923
0.32381
-0.445962
-0.121401
0.453606
0.184018
0.0418308
-0.0332463
-0.068793
-0.928116
-0.227301
0.935357
-0.0985371
0.114795
0.2135
-0.000122506
1.80407
-0.65632
-0.645547
-0.000290842
-0.00382468
0.0139304
0.0213292
-0.412344
1.20822
-0.629635
0.0420877
-0.0482283
-1.30473
-1.50229
0.037833
-1.05335
-0.0696413
-0.337334
-0.00199319
-0.676918
-0.0355812
1.62741
0.077223
0.0427599
1.09493
1.02235
-0.236623
-0.87416
0.00029953
-0.000382966
0.0103987
-0.000101917
-0.0112284
-0.946344
0.387028
-0.0303721
0.403015
-0.0782501
0.00428644
-0.0490839
-0.365818
-0.0741881
0.00614593
-0.38353
1.61811
-0.0260076
0.0920714
0.0334678
-0.948117
1.1445
0.819927
1.56348
-0.000143767
-0.00201847
-0.00438396
-0.0655455
0.358528
1.79477
0.0909056
-0.304403
-1.24051
-0.0731915
-2.72239
0.00918071
-0.0089071
-0.647649
0.116518
-1.36027
0.872197
-0.0231486
-0.254427
0.954134
-0.5927
-0.238596
0.105187
0.17509
-0.00526678
-1.0667
-0.000739962
0.0144978
-0.000126801
-0.00681057
0.0266135
0.481626
0.608954
0.25971
0.0552481
0.00948294
-1.13002
1.31179
-0.0872636
-0.0180516
-0.233606
-0.100877
0.0285685
-0.391868
0.0803188
0.192546
-0.852103
0.354586
-0.0142171
-9.15357e-05
1.25668
-0.12108
-0.160481
0.1589
-0.245327
-0.70856
0.0333825
-0.339879
0.0504596
-0.297992
-0.800753
-0.0133827
-0.0280538
0.206198
0.00717193
-1.50148
-0.0145226
-0.286827
0.0670682
0.0327474
-0.282872
0.233404
-0.384935
1.18427
-0.00098133
-0.00199308
0.197664
0.000182739
-0.00311432
1.11957
0.257694
0.892867
0.515712
0.0439639
0.00728764
-0.0253262
-0.214011
0.0148883
-0.0245951
0.0963038
-0.112503
-0.0103859
-0.340307
0.0679194
-0.123597
-0.00296709
-0.148082
-0.762568
-0.000188838
-0.592498
-1.97158
0.296491
-0.220078
0.289154
0.0711376
0.0765243
-0.505667
0.0485468
-0.308248
-0.000529967
-0.473034
-0.016048
-1.97998
0.026911
0.171814
0.0185789
-0.46265
0.11413
0.00472912
-0.815669
0.236233
-0.447735
-0.0108155
-0.00045084
0.000246336
0.0057548
0.345123
-0.00129229
0.365248
1.01566
0.33468
0.120473
-0.295112
-0.00145672
-0.113064
-0.0243609
0.16371
-0.120875
-0.895344
-0.955495
0.159492
-1.63774
-0.0142387
0.384077
-0.00675959
-0.0209201
-0.0193841
-0.000148145
-0.00156143
0.552268
0.262404
0.506238
0.447083
0.062067
0.113684
-0.49389
-0.758796
-1.72922
0.00325572
-0.00328673
0.00267139
-0.0601912
0.0330966
0.10508
0.0403955
-0.417061
0.0447601
-0.0503647
-0.868256
-0.0537788
-0.321612
-0.00900246
0.000211329
1.40361
0.0407194
0.000287316
-0.00222098
-1.91937e-05
-0.180894
0.179035
0.106242
-0.220941
-0.00476006
-0.06084
-0.247977
0.131179
0.652449
0.355354
-0.0147238
0.471038
-0.175635
-0.0176511
-0.467958
-0.000874459
0.968424
0.0369146
-0.0433361
0.000403878
-0.0727727
0.386287
0.148225
-0.0173057
0.0585264
-0.216721
-0.391486
0.0942761
-1.01443
-0.361124
0.188512
0.0593636
-0.0256653
0.0256963
-0.0191812
0.00163016
-0.452333
0.521849
-0.0650838
0.116405
0.0235961
-0.327954
2.0175
0.00040354
0.889661
0.0190635
0.000152348
-0.00266769
-0.84441
-0.147201
0.430122
-0.940459
-0.429158
-0.00373581
-0.55758
-0.0309302
0.0680278
-0.087679
0.570378
-0.0657689
0.2442
-0.00287863
-0.700852
-0.199975
0.298171
0.166438
0.0123895
-5.86534e-05
0.00177748
-0.0366835
0.119318
0.224411
0.163457
0.702778
0.0906269
-0.264826
0.0214403
-0.381655
-0.19063
0.00677276
-0.514601
0.0223855
0.026319
0.0324115
0.592179
-0.654518
-0.173698
-0.158005
-0.599962
0.395169
-0.224619
0.00278361
-0.000227934
-0.174268
0.000902725
0.00081139
-0.00275233
0.00729351
0.250217
-0.494538
0.432099
0.0105687
0.0036831
-0.0137195
-0.0707638
-0.175739
-1.32792
0.168643
-0.108002
0.0477224
0.856963
0.0802422
-0.192549
0.00136057
-0.703023
0.028632
-0.00910383
0.00388177
-0.0370893
0.27262
-0.542665
0.235636
0.494782
0.0752625
-0.238332
-0.286189
-0.662825
0.0135747
7.06192e-05
0.778824
-0.155156
0.0233748
0.560946
0.994081
-0.574354
0.310098
-0.751321
-0.251362
0.151966
-0.247523
0.0161147
-0.709751
-0.00124119
-0.89723
-0.801455
-0.00283507
-0.00158076
-0.125213
-0.438542
-0.436956
0.685786
0.00119109
-1.05943
-0.0397845
0.321839
-0.0134785
0.2059
-0.090946
0.220031
-0.190384
-0.446505
-0.197429
0.8889
0.0350338
0.836216
-5.40019e-06
0.00669238
-0.92766
0.0323158
-0.664341
0.135055
0.506752
0.067791
-0.146004
0.0139451
-0.352386
-0.0959211
-0.00368095
0.0606927
0.764063
0.00206424
0.038593
0.0777261
-0.214438
0.286661
-0.154715
-0.482251
0.450716
0.124054
0.0398267
-0.730158
-0.00285832
-0.0615813
0.00104572
0.145157
-0.721777
-0.000916465
-0.337364
0.0529363
1.14094
-0.857412
0.955402
0.0696322
-0.0166125
-0.0801121
0.587402
-0.210681
0.0395212
2.02129
-0.0112246
-0.0677988
0.00110711
0.0465368
-0.231365
6.68383e-05
0.00343325
0.0197748
-0.035578
-0.29121
0.672856
0.812105
0.504365
-0.0713108
0.0325862
-1.1613
0.00852196
0.0074719
-0.68395
0.302758
-0.273468
0.239663
-0.0298398
-0.0341126
0.358423
-0.112128
-0.257174
-0.129766
-0.167271
0.0342145
0.00126316
-0.00417553
-0.0153148
0.000569405
0.00697068
0.337149
0.134524
-1.25673
-0.502383
-0.503454
-0.766312
-0.0548108
0.118852
0.048319
-0.0526041
0.999674
0.223034
0.333166
-0.0677713
-0.611278
-0.211499
0.000332286
0.1362
-0.035242
-0.000195207
-0.00218152
0.597987
0.836598
-0.690909
-1.38069
-0.148915
-1.34016
-0.713574
-2.21415
-0.0184915
0.296478
0.00838568
1.47998
-1.04476
0.0151859
0.0166848
-0.0758642
-0.181077
0.42685
-0.0257261
-0.104826
0.963831
-0.594978
0.0154435
0.000323641
-0.00310574
0.0576126
0.000468977
0.0038804
-0.278707
0.161094
-0.553302
0.740491
-0.0531577
-1.56083
-0.0298902
0.0578894
0.0839513
-0.00955915
0.0985916
-1.83199
0.100561
-0.235907
-0.0536422
-0.626803
-0.0131678
0.360114
0.0320141
0.84772
-0.0107176
-1.11505
0.126668
0.357999
-0.54231
-0.0374
1.37751
-1.90519
-0.742691
-1.37492
-1.56468
0.0312125
0.134545
-0.719789
0.0628312
0.16643
-0.113667
-0.120475
-1.30956
-0.183156
-0.106215
0.193692
0.46166
1.63115
0.519591
-0.144096
-0.258333
0.0298016
-1.21624
-0.0345212
-0.178937
0.055944
1.17702
2.94651
-2.71295
-0.89078
1.20062
1.06078
0.271874
0.487582
3.21415
0.705927
-0.232669
-0.675034
-0.425398
0.00253929
-1.54847
0.336233
-0.000276191
-0.0010528
0.563125
-0.198401
1.68741
0.665494
-0.000600982
-3.01033
0.352454
0.867035
1.4123
0.659748
-0.00693631
0.636541
1.56797
-2.10917
-0.109803
0.166817
0.205739
1.39207
0.242707
-0.0314392
-0.995658
0.0526409
-0.487868
0.00263257
0.0657972
0.25979
0.0234094
0.14813
0.0323404
0.0354286
-1.36723
-1.19749
-1.94043
-0.0583679
0.391658
-0.224424
-0.752188
-0.247629
-0.136565
-2.28065
-0.268255
0.287353
0.830616
-0.0677829
-0.0132984
0.623272
-1.20093
-0.256878
-0.528499
0.00836745
0.49025
-0.103842
0.0355022
0.0848309
-2.10855
-0.00782977
0.0808749
0.165733
0.252894
0.0499404
-0.145242
0.0789882
-0.0310114
0.168296
1.36698
2.66174
0.810054
0.0793742
0.186411
-0.0915629
-0.05132
-0.280159
2.53945
-0.328706
0.353043
0.0323175
-0.0067011
0.224619
-0.125439
0.450296
-0.0237856
0.725796
0.00828344
-0.530859
0.00536491
-0.069509
1.11511
0.000915466
-0.105911
0.0411758
-1.05774
0.0847381
-0.0565958
-0.00156305
0.020574
0.10002
-0.0520818
-0.0517592
0.00410645
0.0664367
-0.0632043
0.0267839
0.0535218
-0.0964437
-0.00309436
1.10345
1.71518
0.00884334
0.380205
0.0570056
0.177137
1.01147
1.61792
0.186504
1.29598
-3.32592
-0.0169368
-0.401265
0.0363144
-0.262551
0.816107
-1.8672
0.00670829
0.71056
0.0201447
-0.664226
0.0211401
-2.05577
0.0470662
2.2065
-1.0565
-0.0160891
-1.05372
-0.019978
-0.061197
1.79115
0.0432168
0.17777
-0.0478724
-0.157887
0.352258
-0.741838
-0.0107224
-0.0105074
0.284893
-0.0203318
-0.0130777
-0.0307654
-0.0706145
-0.104659
0.122521
-0.0377917
-1.02637
-0.7304
0.123209
1.33264
0.0534099
0.0243765
-0.00830975
0.35607
0.0621476
-1.11759
0.054091
0.0853555
0.0826668
0.558556
-0.138885
0.030047
-0.203726
-0.109636
-0.0245888
-0.960647
-0.0321917
0.249878
0.060556
-0.00182533
-0.126572
-0.272146
-1.43333
-0.955018
-0.0684377
0.559698
0.0177226
-0.140921
0.0245188
0.397545
-0.0179148
0.121063
0.0549165
0.157938
0.0307345
-0.00506767
-0.075457
-0.0383047
-0.000886402
0.00278526
-0.0304907
-0.244985
0.0675098
0.0439247
-0.126594
-0.208019
0.0204321
0.0103773
-0.279957
0.0509076
-0.0129465
-0.00735202
-0.204841
0.0827257
-0.027364
-0.117304
0.00502572
-0.116658
-0.0027314
-0.308879
0.179525
0.17182
-0.0350019
-0.0118388
-0.0271297
0.00325177
-0.00413405
0.056386
-0.0934767
-0.0981962
-0.290877
-0.03112
-0.158142
-0.0632124
-0.0427094
0.0484059
-0.0119824
0.0409303
-0.117211
0.0696865
0.114054
0.143544
0.0625348
0.132809
1.29512
-0.11911
0.929667
0.000419134
0.00712706
-0.0766555
-0.32096
0.0523561
0.23089
0.0659894
-0.0114225
-0.307675
1.32041
-0.0248873
0.114745
-0.0034217
0.0863517
-0.278242
0.0069532
0.465812
-0.0456053
0.0230121
0.147025
-0.0266159
-0.0587628
-1.85675
-0.0112759
-1.25946
-0.0149184
0.0190776
-0.0465099
-0.00140479
-0.0237539
0.100236
0.000989445
0.732122
-0.205719
-0.400675
-0.0131346
-0.0505052
-0.0147821
-0.00185278
-0.0618534
0.019755
-0.225583
-0.760086
0.319144
-0.975818
0.134201
1.80075
1.04795
-0.408094
-0.00077728
-1.6803
-0.0405419
-0.12229
-0.0273783
0.112791
-0.232448
-0.192041
-0.0595177
2.08129
-0.0975889
-0.854797
-0.0161684
-0.0125459
-0.15494
0.0861431
-0.00936945
-0.105246
0.00449402
-0.12299
-0.00909116
-0.218088
1.8712
-1.4548
-0.0494485
-0.01531
-0.0136582
0.0127841
-0.00245438
0.0529506
-0.0866176
-0.0641126
-0.154446
1.97244
-0.105421
-0.0629249
-0.0373923
0.00596763
-0.0481737
0.0256316
-0.0318833
0.05319
0.0854404
0.116803
0.0896339
0.0884392
1.71431
-1.50947
-2.05198
-0.000564934
2.49832
-0.0312814
-0.1626
-0.00949507
0.0345026
-0.125128
-0.17948
-0.0110704
-1.16396
2.24697
-2.8971
1.61596
1.63982
-0.11003
0.0870807
-0.0284463
-0.0850882
0.0156579
-0.0891432
2.71734e-05
0.746109
0.0413387
-0.423443
0.955375
0.563073
-0.0219278
0.0192755
-0.00376659
0.0517989
-0.05563
-0.104476
-0.239997
-0.0893315
2.07931
-0.0633468
-0.0433979
0.0421251
-0.0422662
0.0447706
-0.0525715
0.0771133
0.140632
0.112645
0.079466
0.0341297
-0.00690585
1.08584
1.96822
2.44704
2.65233
-2.57563
-0.162476
-0.82305
0.0487199
-0.135389
-0.190563
-0.0131301
0.0107983
-0.0763413
2.59029
2.20018
-0.0111393
-2.03552
0.0871096
-0.055467
-0.125971
0.00173726
-0.117077
0.00114727
1.44777
0.0342699
2.20498
-0.0519056
-0.30802
-0.0275622
0.0272539
-0.00431851
0.0569739
-0.0870341
-0.08899
-0.239164
-0.0843012
-0.13436
-0.0633052
-0.0443367
0.0393196
-0.0373288
0.0550325
-0.0721904
0.105553
0.137146
0.10741
0.0693772
0.0215711
-0.00521786
0.0040335
2.24064
2.14068
1.61358
2.20619
-0.0682342
2.64646
0.123874
-0.319085
-0.215385
0.0303208
0.0641862
-2.36478
0.0459117
2.63414
-1.87953
-0.0203964
0.0876631
-0.510524
-0.149266
-0.0441494
-0.0145732
-0.00865338
-0.0334953
-1.55358
-0.169338
1.90278
-0.00680365
-2.73644
1.60442
-0.00211193
-2.46474
0.608666
0.0484677
0.0121252
-0.249377
0.0160711
-0.0641511
-0.0171365
-1.75272
-2.23985
0.0397359
-0.0765226
0.0141936
-0.00730831
0.0805138
0.174881
0.125737
-0.0264947
-0.212335
0.180535
2.48478
-0.511359
1.45151
1.37827
-1.90117
0.11966
-0.241842
0.461806
0.244009
0.188871
0.234809
-0.18561
0.0527556
0.0539589
1.8955
-2.71889
2.30784
0.0455592
-0.483851
0.625132
-0.231857
1.12827
0.836512
-0.875943
-1.08014
-0.0134846
0.0264331
0.0839011
-0.00358646
-0.000647682
0.0681407
-0.0801236
-0.141576
0.011699
0.705291
-0.0918393
0.082429
-0.310279
0.243684
-1.48212
0.974486
0.110447
-0.114134
-0.685131
0.722362
-0.352057
-0.0382743
-0.310795
-0.0101542
0.00102844
0.399547
-1.06253
1.53448
3.43454
-0.0952092
0.541942
0.462321
1.13628
-0.946778
-0.401177
-0.38061
0.0340858
-0.423844
-2.51335
-0.489716
1.59836
-0.251964
0.208458
0.285509
0.0908903
0.365315
0.580339
-0.405044
0.111923
-0.9964
-0.222333
2.01748
-0.636193
-0.00923197
-0.0530985
-0.350918
0.758507
-0.131718
0.387107
-2.24596
0.00858191
0.185128
1.19337
-0.222068
-0.194187
0.0750696
-0.952466
-0.193887
-0.302602
0.111849
-0.0296628
0.036146
-0.0139975
-0.000348994
-0.00429144
-0.0080677
-2.49749
-2.12099
-2.3227
-1.36716
0.145798
-0.272793
0.0345846
-0.0654925
0.0394512
-0.0143222
-0.0303372
0.00210133
-2.5294
2.5346
-2.1936
-0.186145
0.00421558
0.0260029
-0.209438
-0.205119
-0.0996997
1.0652
-0.0135604
0.00184546
0.085494
-0.00842418
0.0208813
-2.4064
0.247827
0.0500507
0.406349
0.205769
-0.0272017
0.0330885
-0.081174
-0.0898961
-0.0849709
-0.238426
-1.59497
-0.295741
-0.0804891
-0.264184
0.125463
-0.00603574
-0.149626
0.0350708
0.000995503
-0.0024916
0.034152
-1.08052
2.32562
0.614325
2.479
0.211898
0.374942
-0.2458
-0.557646
-0.0164839
0.03046
1.09693
-0.0958904
0.449232
-1.91914
2.09469
-0.443141
0.676023
2.94179
0.269483
0.146381
-0.23684
0.0254388
-0.0147775
-0.0960604
0.0107995
-1.31827
1.59559
1.77382
0.319869
0.0250401
0.32078
-0.184508
-0.00330951
-0.0495947
0.197288
0.242053
0.00375566
-0.0824447
0.119553
-0.2998
-0.296056
-0.251038
-0.222033
-0.0528548
-0.172154
0.00165114
-0.000828106
-0.0158468
0.0137263
1.28005
1.00295
1.80089
-2.03548
1.7783
-0.0101722
-0.377179
0.345474
0.0403508
-0.0152021
-0.0302359
0.395484
0.0888244
-0.536286
-0.965748
-1.88354
-1.66354
2.19629
-0.250081
-0.344149
0.163279
-0.0783937
-0.00994033
-0.00601371
-0.0136155
-0.0274613
-0.00755981
0.0100561
-0.0256586
-0.197006
0.592478
0.120606
-0.114043
-0.0634862
-0.0497193
0.100841
0.0861722
-0.110038
2.32315
0.23965
-0.0947266
-0.395952
-0.55131
0.00706592
-0.0849985
0.0171663
2.99851e-05
0.000887817
-0.0592531
0.245396
0.0662019
-0.857692
1.91636
-2.3727
0.141131
-0.00601662
0.0946084
-0.124733
-0.00402176
-0.0578478
-0.159468
0.00207104
0.0237051
-0.743045
2.04204
2.22933
-2.24774
0.356727
0.0669498
-0.170309
-0.00520528
-0.00199031
-0.061417
0.0571673
0.00802999
2.38399
-0.0101411
-2.76687
3.07939
-0.00533777
-0.0295717
0.0221918
0.0358595
-0.0330148
0.177595
-0.0862464
0.0577837
0.149837
-0.33497
-0.144222
-0.0109966
0.244471
-0.0114592
0.0268765
0.0391853
0.00103864
-0.0219521
0.216118
-0.831895
0.108029
-0.219826
-2.20088
2.54896
-1.30333
-0.0164258
0.00365287
0.0473924
0.0283097
0.0768987
-0.179731
0.0142344
0.0429441
1.39464
0.0979228
-3.12732
1.88103
-0.853066
0.18046
0.748026
-0.014516
-0.0270771
0.0324355
0.0918327
-0.000677194
0.0266518
0.139567
-1.59033
-0.539987
0.210566
-0.265656
-0.0196129
-0.0331866
0.167923
0.0924007
0.329996
-0.119792
0.0676538
0.341483
0.118365
0.106929
-0.325824
-2.65532
1.24245
-0.371726
0.00169602
-0.00915177
-0.0216552
0.545975
-0.851867
0.0912834
-0.22104
0.121841
0.0138334
2.77571
-0.280593
2.56171
0.0320505
-0.264531
0.339168
0.0684671
-0.138846
0.149335
0.235029
-0.0827527
-0.0846816
3.64192
-2.28035
-0.968365
-0.228317
-0.033729
0.0407472
-0.0166815
0.0034789
-0.00841385
0.142805
0.270806
0.340284
-0.39925
0.983173
-2.26498
-0.066575
-0.0553443
-0.379066
0.00933715
0.454743
-0.0252798
-0.259497
-0.156097
-0.225134
-0.385177
-2.06416
0.921856
0.00597854
0.000345428
3.60146e-05
0.022626
0.00895318
-0.158672
-0.045423
-0.224803
-0.144234
-0.179135
-2.04189
-2.62048
-0.945036
0.0073816
0.0422864
0.110251
-0.00020177
-0.0509463
0.0692402
0.0444552
-0.0646247
0.073787
-2.58173
-1.10216
-0.992801
1.60395
-0.0084173
-0.00891793
0.00782203
0.00330426
0.00328365
0.0320861
-0.0252621
0.028774
-0.065711
-2.65383
0.0134284
-0.015854
-0.0149397
-0.279771
0.00144832
0.0169447
0.0378974
0.104291
0.0804234
0.125602
0.0634519
-0.00991773
-1.91122
-0.0468771
2.14128
-0.0025817
-0.0300316
-0.123095
0.0106969
0.0206617
-0.141006
-0.186181
-0.00562296
0.0142528
-0.13853
0.535936
-2.75815
0.904299
-0.127885
0.0867601
-0.11094
-0.130285
-0.00864394
-0.118189
0.0020531
-0.216297
-2.17064
-0.355588
0.264031
-0.0151352
-0.0241331
0.0171922
2.00596
0.0562995
-0.122103
-0.0696647
-0.287899
-0.0171373
-0.0920404
0.168838
-0.0371976
1.33499
-0.0251723
0.0256959
-0.064606
0.0886749
0.207282
0.0515421
0.157298
0.0609066
-0.00698427
-0.00869886
-0.949871
-0.000827162
-1.35815
0.347714
-0.232864
0.0402053
0.0303385
-0.109286
-0.19393
0.0391546
0.0157153
-0.100246
-1.97516
1.87852
0.0047158
-0.14333
-0.646832
-0.0237913
-0.102463
0.0609094
-0.10338
-0.00144324
-0.233404
2.77481
-0.667224
1.4416
2.14332
-0.0259667
0.0111082
-0.00410528
0.0537741
-0.06123
-0.0839567
-0.233187
-0.134911
-0.154266
-2.77943
-0.031028
0.0596545
-0.0636228
0.0509998
-0.127475
0.0961051
0.0558489
0.168882
0.069651
0.0954514
-0.00227313
-0.723076
1.18183
0.115383
-1.37943
2.26071
2.05776
-0.76405
0.249349
-0.642853
0.331223
-0.393356
0.469055
0.324872
-0.603401
1.61393
-1.91255
-2.0752
-2.28709
-1.09191
0.343262
-0.165348
0.145174
-0.0380909
0.315357
-1.7352
-1.94491
-1.54133
-1.52462
0.0345232
0.258344
0.0132436
0.00519199
0.123347
-0.0247184
-0.2051
0.204544
0.37078
-0.0200098
0.056523
-0.499872
0.58696
0.159263
0.441215
0.0306112
-0.0709084
0.0947505
0.354006
0.246912
-0.0109255
0.0407512
0.0197297
0.00135988
-2.52986
-1.06419
2.35971
-0.0487228
-0.027106
0.0167925
0.0210928
-0.0092379
0.0343778
0.072554
-0.00195237
-0.141203
1.52667
1.03555
-0.604113
-0.0692111
0.112932
0.0299994
0.0258556
0.00111287
-0.0481245
-0.0876953
1.92811
-1.79831
-0.0210085
0.023276
2.58296
0.885199
1.57569
2.50751
-0.0273982
-0.0610594
0.0822942
-0.0203744
0.000418058
0.908327
0.00361239
0.00342456
-0.0144612
-1.07918
-0.0865082
0.0889199
-0.0459949
0.031656
-0.0224397
-0.00165766
0.482653
-0.033879
0.000724176
-0.0107356
-2.11114
-2.49524
-2.14515
-0.271619
-0.127814
-0.157858
0.417123
0.130017
0.165884
0.0305545
0.0100271
-0.0476161
-0.798927
-2.82866
0.590746
1.00895
0.0784446
0.0458411
-0.064184
1.01498
-0.194467
-0.00413866
-0.644194
0.990668
0.424623
-1.59108
-2.57217
-2.60325
0.0338258
0.123582
1.2461
-0.918669
0.361649
-0.0230945
1.91436
1.99161
1.15447
0.240786
0.282771
-1.76559
-0.716048
-0.145126
-0.471729
-0.148887
-0.0122666
0.096588
0.0190125
0.00110141
0.00944148
0.0189157
2.3239
-0.0040123
-0.0430817
0.0105077
0.0246206
-0.0363212
0.00414097
0.0184254
0.00690991
0.0284678
-1.25237
-0.913626
-2.5667
2.51406
2.67117
0.944632
0.111721
-0.017082
0.0424365
0.0645949
0.00878727
0.00112494
-0.0164239
-1.88005
0.243024
-0.823329
0.510106
0.316662
-1.92859
-1.92413
-0.083491
-0.184059
-0.000110572
-0.0421494
0.0745666
-0.0652217
0.028883
2.10139
0.911084
-0.194289
2.11895
-0.211938
-0.475887
-0.0111941
0.124625
-0.0482145
-0.000158379
0.00911954
-0.0182606
-0.167811
-1.31781
1.25943
0.471441
-0.156059
0.0495849
0.0654768
-0.0292139
0.0663226
-0.00166351
0.00673494
-0.143375
1.86666
1.05834
1.83419
-0.972235
-1.73726
-0.0202544
-0.0135815
-0.100217
0.0894481
-0.0464575
-0.0204879
-0.211211
0.0238617
-0.00362255
0.0476897
0.0339782
1.54669
0.114081
-0.38885
-0.0917613
-0.0602823
0.01658
0.0478415
-0.137009
0.03774
-0.139901
-1.7381
-2.48982
0.0528867
-0.808928
0.271164
-0.0243887
-0.600093
-0.0686079
-4.81205e-05
0.0157871
0.0801119
0.034663
0.246418
0.138084
2.85218
2.6458
0.320057
-0.731881
1.81315
-0.261599
0.0480479
-0.315362
0.336414
1.2795
-1.54745
-0.149725
-0.672518
0.686258
-1.38509
-1.37478
-0.402678
0.529302
-0.339937
0.00873458
-0.000996794
0.179368
-1.30042
-0.428797
1.94093
-1.12181
-0.198013
1.3031
-0.306374
0.000256511
-0.0431457
-0.1358
0.156983
-2.64189
0.0731398
0.372811
0.666922
-0.244202
-1.22419
-1.27047
-0.0235047
-0.000948666
-0.053209
-0.000654966
-0.000304235
-0.026984
0.0984092
1.36577
-0.574892
-1.3639
2.63728
0.314325
0.0143084
0.112648
-0.0139503
-0.000578109
-0.0081501
-0.0844914
0.0880772
-0.129708
-2.08822
2.97521
1.77969
-0.616834
-0.0782776
-0.124388
-0.00310004
-0.0474464
-0.0181192
-0.0258104
0.0994004
2.88021
0.0437054
-0.069035
2.50728
-2.88423
-0.105546
0.0355227
-0.0631032
-0.0528586
0.0369151
0.106674
0.0589603
0.00278218
0.126958
3.34628
0.0491812
-1.61432
-0.0187213
-0.0144111
0.430939
-0.00753182
-0.000284638
0.00379382
-0.129713
0.837391
-0.639977
0.020657
-2.4824
0.932814
-0.938676
0.394702
0.97439
-0.0585063
-0.0164134
-0.0173151
0.35013
0.0997728
-0.303534
-0.0509805
0.237182
1.2323
2.05473
0.549233
-0.583339
-0.812367
-0.154779
-0.0091249
0.0568618
0.030875
-0.00848261
0.0112375
-0.0622724
2.40704
3.16741
-0.320294
0.391003
-0.0789043
0.155764
-0.263339
-0.325092
0.0928869
0.144999
0.21102
-0.736259
-3.24936
2.11137
-0.153884
-0.0241659
1.43565
-0.181344
0.000654391
-0.00109238
0.079371
-0.988436
1.35233
0.228246
0.757097
-0.986114
0.711988
-0.557246
-1.41668
0.26098
-1.89791
-0.170675
0.018543
4.56147e-05
0.757979
-0.313763
-0.138699
-0.269506
0.0573945
-1.51431
1.5167
1.12842
-0.0274865
-0.0200432
-0.114348
-0.0207144
-0.0146795
0.0489631
-0.216826
0.0960305
0.560549
1.55394
-0.363136
0.0239529
0.0849973
0.832837
0.106338
0.025409
-0.784701
-0.799426
-0.358175
0.693001
-0.219158
1.11921
0.988334
-2.77934
-0.0703924
-0.000145593
-0.00620186
0.263476
-0.607674
-0.0559766
-0.138907
0.228566
-0.468141
0.227449
3.31852
0.598921
-0.996334
1.16319
0.423089
-0.374023
-0.003733
0.0860569
0.145286
0.191
-0.464228
-0.00999209
-2.95688
0.564417
3.63116
0.0801952
-0.0229009
2.02491
0.0358037
9.46495e-05
0.0519505
0.0657544
-0.661883
-0.460184
2.09326
-2.2093
0.674935
-0.27329
0.542139
-0.197634
0.510789
-0.17006
0.0319536
0.259174
0.31158
0.502134
-0.596919
0.737897
0.0159933
-0.0568292
-0.000150388
1.2855
-0.0356326
-0.196324
0.0743865
0.0190207
-0.0984111
-0.168404
0.0731714
-2.39183
-2.56048
0.0471593
0.000892804
-0.0780091
-0.143258
0.0866315
0.00293107
-0.0863143
0.00853368
-0.0905247
-0.0133272
-0.286101
1.69711
-0.617837
-2.00048
-0.114333
-0.0150305
0.0220585
-0.00259301
0.0445792
-0.204724
-0.028997
-0.22735
-0.0176644
-0.0769596
0.648666
-0.82931
-1.33878
0.061085
0.0131503
-0.0677465
0.0183921
0.183993
0.0517676
0.0935422
0.0748307
-0.0132768
-0.0210982
1.47662
1.53464
-0.312847
2.40445
-0.162427
-0.0241436
0.0126422
-0.115451
-0.163379
-0.00018031
-1.47423
-0.0712598
1.52787
2.76846
1.24908
-0.129088
0.0871812
-0.0162111
-0.109595
-0.00158598
-0.0588214
-0.00253535
-0.268349
0.0164232
0.782857
1.17712
2.17328
-0.0368755
-2.75
-0.00606986
0.0538447
-0.0340161
-0.11706
-0.273988
-0.651608
-2.8469
1.20589
-2.68018
0.117678
-0.046579
0.030008
-0.0600235
0.103931
0.137675
0.107047
0.0754814
0.0658652
-0.00270622
0.0110638
2.006
-0.719569
1.73052
0.021506
-0.0270875
-0.02641
-0.0240169
0.0388013
-0.00393194
0.0136812
-0.0424982
-0.00769928
1.16812
0.00811948
0.748984
-0.000884266
0.000879425
-0.00870802
0.0549039
0.00381964
0.0117957
0.00262517
-0.0396958
-0.181878
-0.0339041
-1.81993
2.83646
-0.321013
-1.28244
0.958209
-1.7585e-05
0.0189208
-0.0461571
-0.034825
0.0295623
0.0158666
-0.000858636
0.862007
-1.60651
-0.167784
0.00852405
-0.00813525
-0.00187979
0.0403484
-9.42691e-05
-0.0292803
-0.0687101
-0.0142511
-0.100681
0.0520714
0.00131198
-0.827451
-0.0379853
0.285708
0.378982
-0.168382
-0.0082921
0.115568
0.18424
-0.161075
0.0139363
-0.0550059
-0.863029
-2.12266
2.741
-1.17781
0.0614184
-1.29173
0.0719761
0.437517
0.114043
0.302336
0.238539
-0.24848
1.14256
1.83451
0.792948
0.0739511
1.33093
-0.0252245
-2.39395
-0.197028
-0.323633
0.389197
0.0594004
0.0366524
0.880262
-0.012021
2.14669
2.8876
0.110988
-0.119426
-0.00822984
-0.196268
0.0589793
-0.115988
-0.00995151
-0.0377049
-0.0444162
-0.000802559
2.51038
-0.0391995
-0.153774
-0.00924214
0.0541866
-0.131749
-0.183183
-0.011754
0.0447428
-0.0656626
0.0427429
-0.00931232
2.74256
0.912709
-0.644909
-1.09481
-0.101134
2.85647
-0.10967
-0.00203609
-0.234627
0.0206726
0.146597
-0.0521821
0.444196
-0.943512
1.39168
1.6617
-0.935852
-0.0579223
-0.103054
-0.236706
-0.113385
-0.130186
-0.0630006
-0.041934
-1.06322
0.892649
-2.32422
2.74002
0.0741024
0.137837
1.42652
0.105252
0.0526897
-0.00331404
0.0163559
0.00450147
0.000309895
0.00406863
0.00586476
-2.70263
0.0151045
-0.00837961
-0.0745485
0.00517708
0.00983704
-0.0111584
-0.00636307
-0.00237946
-2.38397
-0.539936
0.0727817
1.83893
-0.706787
1.25276
0.00846847
0.0744222
0.00141194
-0.00144368
-0.00995673
-0.0715116
0.000221339
2.88751
-0.00797755
-2.57667
1.10016
1.81772
0.180712
-0.0173847
-0.0489184
0.053533
0.0110067
-6.34403e-05
0.0120295
1.72085
2.02382
-1.78678
0.0051432
-0.0153034
0.010888
-0.0139325
0.244538
0.0151144
-0.00643326
0.0261486
0.0168636
0.000975312
-0.00118277
0.0218281
-0.0877151
-1.57704
1.69887
-0.00124099
-0.0177146
-0.0710925
0.0169262
0.0564152
0.0258242
-1.7667
0.0192493
-2.43714
1.55294
-0.107718
0.0251204
-2.50166
-0.197508
0.00452584
-0.0954639
-0.145259
0.0150152
-0.010866
-0.0151375
0.018143
-0.00854575
0.652157
-2.14586
2.495
2.88845
-0.200329
0.0931568
-0.137623
0.000364399
-0.0116875
-0.464692
-0.0407144
-1.37469
0.111597
-2.02059
0.100109
-0.0622848
-0.0555511
-0.236721
-0.00146863
-0.0205261
-0.0093939
-0.00138169
0.029227
-0.278511
0.451217
0.301008
0.000414309
-1.74476
-1.00926
-0.230216
0.357158
0.426353
-0.0648419
-0.0634048
-0.000766185
0.163339
0.102075
0.0864545
0.486761
1.99183
0.287782
-0.673904
0.405968
-0.108042
-1.24861
-0.136622
0.00391153
0.0848498
-2.64335
2.98499
-2.61251
-1.13135
0.600384
2.0868
-0.445996
0.0366261
-0.0290115
0.110052
-0.235995
-0.756526
-0.655366
-0.460977
1.85249
-2.01633
0.43984
-0.907978
0.368964
-0.0367415
-0.944694
0.0634496
0.000791899
-0.0096526
-0.0401797
-0.484168
1.36528
-0.0883258
0.58601
0.0115977
-0.304678
-0.470265
1.19859
-0.32167
0.0319221
-0.0325807
-0.126168
0.0587148
-0.692243
0.0680908
-2.93456
3.08185
1.22815
-0.628392
1.04258
-1.91235
-0.226866
-0.0231306
0.0234221
-0.213784
-0.000703338
-1.52788
-1.94658
2.08292
3.07667
0.560493
0.530385
-0.021652
0.0491992
-0.177125
0.425497
-0.216579
-0.63871
-1.23279
-0.682781
0.12092
-3.06739
-0.641256
-0.0473108
0.0843288
-0.164081
0.000153853
-0.0236826
0.0824273
-0.199903
0.654452
0.106448
2.0904
-0.661307
-0.401006
-0.20408
0.628059
0.0835566
0.00968536
-0.227953
0.422381
0.051688
-0.0642527
-0.012999
-0.379887
-1.34072
3.12381
-0.632115
-0.291144
0.796216
-0.00108336
-0.0275213
-0.0561593
0.119702
-0.0012741
-0.0132134
-0.165933
-2.51086
-1.40458
0.139096
-0.439172
0.00661727
-0.0872786
0.40103
0.330459
-0.109125
-2.10219
0.799472
1.40251
0.334331
1.26645
-0.127837
-0.0623343
-0.0637613
0.111946
4.69495e-06
0.0152673
-0.34327
0.527469
-0.61688
-0.081192
-0.328244
0.583515
-0.144221
0.267711
-0.174701
-2.35362
0.00764938
0.0195146
0.435272
0.0921857
0.539695
-0.122967
-0.26202
0.617842
-0.393609
0.141424
-2.50848
-0.879228
0.0861471
2.81914
0.0526922
-0.307594
0.00514111
-0.0877428
0.0565428
0.505277
1.04888
-1.99848
1.27695
-0.0746818
-0.0163315
-0.275344
0.426922
-0.2283
0.622143
-0.509384
-0.464155
-0.0850023
-0.504673
1.06183
0.000569603
1.93253
0.001177
0.000201411
-0.498471
0.000478758
-0.0177922
-0.0610614
0.0210188
-0.0570863
-0.00663907
-0.0481506
-2.70916
-0.0241217
-0.00899343
0.00444286
0.00782958
-0.0503347
0.000113044
0.0345477
0.0463188
0.0049306
-0.0742833
-0.014397
-1.68775
0.00120825
0.608325
0.0683365
-0.00381417
0.00752383
-0.0155319
0.000864292
-0.00367943
0.00270887
-0.0476849
-0.0563587
-2.68561
2.96415
-1.28367
-2.6341
0.00447679
-0.0040518
-0.000604298
0.0246502
0.00584243
0.0862742
0.00726741
0.078919
0.665125
-0.00573526
2.01857
0.248617
0.000255439
2.40511
0.00637996
-0.107653
-0.104714
0.184623
0.000996091
0.114325
0.0310127
0.0670802
0.0261929
-0.050379
0.00429164
-0.0154626
-0.289055
0.0109869
0.023412
-0.00965962
0.0593629
0.183814
0.0070547
-0.659601
0.0896266
-0.679895
-2.56405
0.630398
2.29654
0.0117781
0.00102182
0.0274614
-0.0090553
0.0177522
0.346196
0.0122182
0.568437
1.90309
-1.76778
0.0288721
0.0715853
0.0575383
0.0592517
0.062672
-0.313077
-0.0403209
-0.343012
1.30504
-0.0180896
0.091762
-0.00228514
0.00185915
-0.0026822
2.47748
-0.0104287
0.0552425
-0.179935
0.216255
0.0452934
-0.0407857
-0.0488971
-1.76584
-0.0271755
0.343552
2.94073
-0.0215359
0.000830323
-0.0119968
0.139281
0.0552699
-0.0129999
0.0084457
-0.107007
1.28113
1.14527
0.714738
-0.0268356
0.605824
0.031489
0.000746161
-0.0130875
0.0288517
-0.0682253
-0.0874643
0.061894
-0.941183
-0.00149482
-0.330745
-2.85564
2.135
0.733779
0.0281506
-0.0551868
0.116125
-0.0283494
-0.0873858
-1.20318
-0.0271265
-1.04554
-0.0218762
-0.000403296
0.00609622
-0.0746314
0.461025
-0.00651224
-0.103771
0.406619
0.0989876
-0.0535889
-0.100288
0.0264935
-0.028829
-0.00552313
-0.526113
-0.176774
-0.848927
-0.728846
-0.178329
-0.0698497
0.168285
-0.0385348
0.0529287
0.175055
0.262065
-0.0334601
2.07861
-1.86396
0.054908
-0.0116063
0.0221091
-0.0184274
-0.141911
-0.0316032
0.344451
-0.230186
-3.06183
0.791242
-1.07547
0.0685995
0.0676907
0.13117
-0.0231451
0.0943889
-9.0831e-05
-0.195853
-0.165261
-0.0208086
0.0321361
0.110387
0.001533
-0.00687767
-0.0164351
0.240554
2.40718
-0.297337
0.0684913
0.091245
-0.140997
0.131896
-0.0906867
0.0142586
0.0237846
0.758239
1.51828
0.00223171
-1.5625
0.216566
0.0965302
-0.0155812
-0.0130271
0.0766081
0.144983
-0.419209
-2.15746
-2.54724
0.203225
-0.244853
0.00576393
-0.0254519
0.132579
-0.011585
-0.474826
0.234556
-0.0580363
-0.0034077
-2.27189
0.00430117
-0.806076
1.70203
0.070928
-0.134573
0.120005
0.0883212
-0.0415927
0.0289113
-0.0125202
-0.0839561
0.0128318
-0.00032662
0.00544028
2.81837
0.0187506
-2.40455
0.121312
-0.472663
-0.120258
0.125159
0.450122
-0.0246763
-0.0219417
-2.92492
0.0863009
-0.0751289
0.0969701
-0.151781
-0.05879
0.0559046
0.102423
-0.322494
0.226919
0.13385
0.00472783
-0.0956368
-0.0202445
-0.341434
-1.49367
-0.00177868
0.0372053
1.1895
0.206831
0.372348
-0.0271396
-0.313671
-0.0738011
-0.105518
-2.52226
1.78226
1.39846
0.572002
0.0769182
-0.300495
-0.0555163
0.0710194
0.0219847
-0.0742151
-0.143108
0.0557546
0.000350947
-0.000899205
-0.077642
0.328546
0.50754
-0.183616
0.592279
0.125184
0.20497
-0.386038
-0.358385
0.0920548
0.00944646
-0.0222967
-0.0115133
-1.50832
-2.4364
-2.34647
-0.199348
0.0727371
-0.271438
0.127267
0.0536617
-0.369955
0.0884547
-0.0239731
0.75299
-1.38279
2.35121
-0.633721
-2.26157
-1.47789
-0.022746
0.350858
0.348442
-0.106114
0.119392
0.0102317
0.176153
0.0336048
-1.04185
-0.201597
-0.0739243
-1.2307
0.718198
-0.171541
0.0024414
0.342587
-0.0391257
5.63877e-05
-0.000366754
0.110711
0.46091
-1.40194
-0.0695533
-0.139445
0.0463927
-0.435138
0.280534
-0.980164
0.197529
0.0146324
0.0915864
0.727461
0.0361175
-1.06241
-0.0268868
0.141444
-0.368503
-0.0189481
0.667253
-1.16786
0.174798
0.180253
-0.0260443
-0.0335249
0.189569
-1.85731
1.48559
-0.0442442
-1.1686
-3.01198
-0.514943
0.54131
-0.0663563
0.0692151
-0.107342
-0.0340324
0.259019
0.449593
1.4599
-0.121484
-0.0184877
0.804305
0.0203767
0.0316606
-0.0629416
-0.0383387
-0.000551991
0.00644563
0.000503694
-0.333316
0.162319
-0.943744
-0.132776
-0.940355
-0.0319786
-0.0924986
-1.0188
0.219062
-0.0261645
0.0699036
-0.354064
-0.00742407
-0.111889
-0.05893
0.463963
-0.990265
0.0700442
0.157616
0.278406
0.288494
0.0587638
-0.011191
-0.0422584
0.0281989
-1.88916
0.0568157
-0.653779
-1.81881
-1.48381
-0.0558098
-0.67176
-0.0174966
0.073383
0.183068
-0.277865
-2.83833
-0.290938
-0.132928
-1.80074
-1.90921
-0.94437
0.164617
0.00742569
0.66931
-0.0783717
6.20235e-05
-0.0100143
0.19676
0.931706
-1.40333
-0.203534
-0.170376
0.123489
-0.249561
0.436205
-0.495864
0.257482
0.0108281
0.00772177
0.906322
-2.71498
1.23929
0.114573
1.11977
-0.0824187
0.0480883
1.24716
-1.14111
-0.351772
0.0528237
-0.0164982
-0.0161806
0.215631
0.00465005
0.0685482
-0.197598
-0.208474
-0.390559
-0.802527
0.456269
-0.0437276
0.00791434
-0.0407158
-0.270399
0.230936
0.313552
0.478168
2.83721
1.15468
-0.19339
0.150014
0.00852847
0.0664903
-0.0335845
-0.00110897
0.0194011
-0.200282
0.21934
-0.181181
0.113107
0.0379318
0.0552803
0.0446352
0.14512
-0.725145
0.13342
-0.0413893
0.0722001
-0.287859
0.00273977
0.177999
-0.170116
0.369924
-0.980993
-0.0228982
0.475724
0.00477761
-0.277734
0.0308363
0.00174517
-0.0329666
-0.123608
0.0013536
0.0441748
-0.561959
0.0309926
1.01153
-0.726495
-0.333938
-0.0473701
0.0520214
-0.0307186
-0.0529766
-0.0836416
-0.0931205
-2.33835
-0.315882
2.26323
1.73609
0.371569
0.00716952
0.00651086
0.0620714
-0.0203665
-0.0113598
-2.29988e-05
0.0880599
-0.0732957
0.111122
0.0751788
-0.146986
0.0138875
0.0722123
0.101889
0.0146188
0.0150746
-0.00812474
0.132886
-0.0247493
0.0712283
0.0790877
0.056368
0.140328
0.0609778
0.133959
2.76142
-0.0127852
-0.0452516
0.00288627
-0.0667388
-0.0430787
0.0559606
0.00350092
0.0395543
-0.010211
-0.0152154
0.281212
-0.0860804
0.588466
0.0873935
1.85775
-0.098192
-0.00743535
-0.0452364
-0.0712126
-0.0547271
-0.0304755
0.0457144
-0.615561
-0.288623
-0.0527354
-0.690894
-0.0371735
-0.532695
-0.508167
-0.84925
-0.898806
0.102453
-0.316256
-0.514909
-0.0759177
-0.0110204
-0.399756
-0.814874
-0.213237
0.0147466
0.0840009
-0.59324
-0.109336
0.0824929
0.268476
-0.616155
0.0722988
1.08331
-0.794353
1.19702
-1.247
-3.70149
4.16149
1.17505
0.430572
0.0515127
0.316722
1.78303
-0.326265
-1.99026
1.33958
0.245736
-2.56246
-2.07582
-1.95649
-0.0246347
-3.76865
-0.693985
2.50723
0.562162
0.319373
0.134466
-1.44512
-0.586505
0.603382
0.635909
-0.113402
2.16173
-0.444706
1.04554
0.509357
0.586081
0.235756
-1.00764
-0.299931
-0.488491
-0.129874
0.0848644
-1.78996
-0.574676
-0.318054
1.76997
0.541449
1.67243
0.925645
-0.0539638
-0.02899
0.0474537
-0.274665
-0.764412
-0.274022
-1.33226
0.448833
-0.147989
-0.447338
-0.800645
0.2322
0.203807
-0.405993
1.03863
0.051342
-0.74814
2.14604
2.11183
-1.75891
-0.338821
-0.218938
-0.532179
-0.314979
0.622139
-0.300554
1.63148
-1.22116
-3.71117
1.16985
-2.73459
-0.864697
0.239136
-1.71827
-1.50669
1.54634
-0.703702
-0.324242
-0.826368
0.0870756
-0.0188824
0.900892
-0.915354
-0.248884
0.0906541
0.133785
-0.0216369
1.66218
-0.92565
0.636294
-0.0751894
-0.797576
0.0898578
-0.565523
-0.611662
-0.0349931
-0.0865546
1.57503
-0.00128468
-0.630136
0.253742
0.0137766
-0.513773
-0.0235652
1.11996
-0.321005
0.785637
-1.14617
-1.19042
-2.08221
2.29272
-2.46608
-1.26199
0.435357
-1.55486
-1.22202
-3.11954
-2.73963
-3.06544
-2.58733
0.207139
-0.0520759
-0.247923
0.110725
0.00389807
0.798695
0.168638
0.0849762
-0.24918
-1.29629
-2.1104
-0.543256
-2.49828
-0.440687
-0.537226
-1.11636
-0.363734
-0.569951
-0.144607
-0.415924
0.837267
-1.72478
-0.0509204
0.400834
-2.27094
-2.68197
-2.29852
-2.3745
-0.126748
-2.01199
-1.60087
0.403864
0.484802
0.165126
-0.558318
1.9916
1.38875
0.219614
-0.74962
1.81492
-0.206068
0.673513
-0.941767
0.0815738
0.841573
-0.413505
-0.574719
0.0808384
