[12, 16, 16, 4]
-0.832757
0.580929
1.15289
-0.577552
0.588238
0.39639
1.72325
-2.01565
1.14065
0.125137
-0.181127
0.954138
-2.1021
-0.195592
-0.170275
-0.469359
-0.471701
-3.24306
0.368285
-0.731044
-0.730118
0.556863
-0.512143
-1.80708
1.50309
0.0862431
-0.0120832
0.339568
-0.832628
-0.454464
-1.30745
2.03281
-2.17918
1.97736
-1.44686
1.36185
-0.0117143
0.4866
1.80401
0.931437
0.999102
-0.5976
0.498234
-0.64084
-1.03356
0.186655
-0.100899
-1.45591
0.839662
-0.289812
-1.01629
-1.16421
-0.890767
0.727232
-0.428076
-0.0461534
0.866801
1.48788
-0.864329
-0.646799
-0.30204
-2.58409
1.32273
0.0449131
-0.765663
-2.31272
-0.911648
-1.22333
-0.128995
0.650037
1.06814
-0.0815229
0.70821
0.0843154
0.370623
-0.160174
2.82235
0.326121
-1.2525
1.48902
-0.253574
-0.757297
0.606046
0.257281
-0.647056
2.42582
0.343695
-1.82327
0.641598
0.690141
-0.352322
0.502757
2.57295
1.11565
1.53082
-0.859204
0.0144545
0.0264586
0.12732
-1.00265
-0.0716534
1.86334
-0.658807
-1.62064
-0.0489098
0.655801
0.66535
0.849827
1.51519
-0.148959
0.0597358
-0.227501
-0.601512
1.69365
1.58178
0.964552
-0.457058
-2.13242
0.590109
-2.70231
0.900052
1.40228
0.577734
0.864668
-1.68202
-1.10544
0.266135
0.91582
2.94164
0.465395
-0.981542
-1.3275
1.68638
5.5887
0.724512
-0.315337
-1.27196
3.7397
-1.70356
2.81771
-1.04659
-2.10573
1.7653
0.481659
-3.65115
0.0768086
0.631419
0.473897
-4.15419
-2.89607
2.20238
0.108418
-0.504359
-1.62243
-0.137111
-0.859189
1.2939
3.01803
-2.15858
-0.854295
0.740261
1.7775
-1.60076
-0.36748
-1.14622
0.162607
1.40238
5.79113
2.04083
-1.3284
1.0631
-1.05895
0.935413
-0.743585
-0.900481
0.216196
1.71909
-0.822055
-0.265945
1.20389
-0.187583
1.13571
0.901466
-0.307673
-0.407074
0.044972
2.54254
2.53377
-2.43463
-1.90122
-0.232993
-0.892964
0.842555
3.17488
0.589008
-0.853666
-1.00399
1.1979
2.70033
-2.77295
-0.732325
1.08427
0.0812057
0.0941473
0.405343
0.33767
-1.48672
-1.032
-0.709897
1.05062
-0.0827457
-0.121102
-1.54399
-0.269451
-0.525415
-1.03465
0.378425
-0.410437
2.34866
-1.46854
1.05946
0.881484
-0.969964
-0.0271426
0.518546
1.18767
2.05552
0.350684
-2.184
0.374931
1.10358
0.360671
1.40666
1.03761
1.45372
-1.30587
0.93229
1.06317
-0.219452
-1.27292
1.04916
1.82944
2.14712
0.142686
-0.603202
-0.328112
-0.936493
0.448121
-0.457509
-0.355355
-0.466396
0.311879
1.3693
0.919295
-2.03554
0.845382
1.47875
-1.89765
-2.29143
0.356168
2.01239
0.977
-0.526998
-0.118555
0.573522
0.418283
0.893278
2.71147
-2.61966
3.64197
-3.53537
1.61901
-0.343324
1.30878
1.3348
2.44111
6.75003
-4.37772
-0.216661
1.12717
0.61328
-0.0199572
2.17771
-1.98098
-1.40238
1.46766
2.09617
2.84544
0.345109
-2.09699
1.72947
2.07962
6.14475
4.55702
0.740918
4.5615
-0.231624
-2.46393
-1.20127
-0.985521
1.4448
-3.98904
1.55261
3.11072
0.480659
-0.135451
-1.41464
2.84348
-1.31257
1.83072
0.991442
-3.30153
1.7982
-0.13961
0.284109
-0.887901
1.59499
-0.160047
0.141641
-0.282069
0.717193
0.560604
2.96853
0.176074
0.136238
-6.10489
2.25414
5.00086
-5.1734
2.67013
-1.9382
1.5286
-0.850565
-1.95139
1.88663
1.695
-0.666289
-2.10169
-2.48193
0.230909
0.770062
1.94148
-2.85223
-3.63617
-2.49556
-4.86381
-0.835529
1.3704
1.07596
-0.778942
-0.13045
-1.09615
-1.14329
-1.30421
-0.681593
-0.08504
-2.56639
-0.336531
-1.54461
3.27453
-0.0323858
0.917384
-1.01081
0.00855798
-0.579812
-0.622445
0.789026
0.862139
-1.15473
0.743119
-1.54123
0.442428
2.22105
-2.77418
1.70684
-0.0271838
4.56166
-4.2501
1.99968
1.68494
1.77804
-1.15723
0.56872
-0.582771
0.91361
-0.536587
1.63877
0.143247
-2.92137
-1.95525
-0.173862
-1.47033
-2.31167
0.955256
-3.87328
2.70942
-2.10259
1.68486
-0.839829
-1.37005
-0.255493
-0.993563
-0.662499
0.388542
1.79069
0.822088
0.1959
2.16951
-2.06947
-1.35929
4.38333
-3.14357
2.111
-1.851
0.550603
0.125153
-1.72413
0.676777
1.68589
0.372362
-1.44118
0.100559
-0.449433
2.26519
-0.909756
1.84074
0.0942835
0.299682
4.99453
-3.34216
4.60574
0.422214
-2.69351
0.0769423
-1.28256
0.0486996
0.537659
-2.13529
0.0971544
0.278716
-0.331486
0.179525
0.753554
-0.98995
-3.61396
-2.57341
-0.152163
-0.281776
-0.239826
-2.15297
1.50684
2.26965
1.79475
-0.0523534
0.225003
-0.783474
-0.184947
-1.22207
-1.47015
-1.82808
-0.729671
1.2715
2.00573
-2.63508
0.163909
0.213291
-0.117156
-1.2072
-1.29277
0.810516
0.219879
0.0708202
-0.127312
-0.0879676
-0.295611
0.295122
0.187052
-0.383718
-2.96163
2.11232
-2.10549
-8.60304
-5.57276
-3.60656
2.49647
-0.738826
-0.459488
-1.76112
-0.597007
4.09933
0.729886
-0.067398
0.200501
-4.24056
-0.448618
-2.02605
-8.21353
4.91833
-4.66451
4.44725
-2.68397
-4.44019
-3.34923
-2.88939
0.243483
-3.21359
-1.55731
-1.02225
-3.66075
7.37486
5.74183
-7.31028
2.11822
-2.7726
-1.57741
2.74388
-5.11741
-0.889314
0.74287
-3.51143
2.45359
-1.69105
-0.301282
0.334646
-0.0887934
-5.28317
1.23552
-3.93287
-1.71076
4.55344
-1.71457
-0.319024
3.79621
-0.246941
2.79385
2.73594
-3.78866
2.40416
-1.45341
0.766153
-1.39518
0.426958
-0.775235
0.534743
-0.927553
-3.97143
-2.30382
-0.737146
