[12, 49, 49, 4]
0.0484412
-0.293268
0.0506202
0.121238
-0.527308
-0.187432
-0.50862
-0.0788441
-0.00302584
1.49529
0.623164
0.406949
0.287322
0.0223349
-0.169303
0.0482604
0.00820283
0.744905
0.605243
-0.833308
0.27213
-0.414431
-1.46909
-0.707993
0.747864
0.554474
0.199875
-0.287068
-0.349818
-0.0826315
0.167773
-0.187911
-0.151342
-0.527488
0.0766465
0.252256
0.216114
0.136713
-0.0516957
0.101449
-0.152818
-0.0368162
0.178886
-0.260225
0.889312
0.662383
-0.233441
-0.207918
0.155752
1.4291
-0.323058
-1.17531
-0.112114
-2.01028
0.192932
-0.474763
-1.61536
2.07968
1.44225
1.1658
0.256398
0.963626
1.23223
0.582572
-0.110878
0.00483406
0.421057
0.128554
-0.758813
1.55745
0.132802
0.654463
-0.327057
-0.377531
0.136396
-0.542302
2.27115
0.864876
-0.124667
-1.44099
-1.02966
-1.14326
-0.512372
0.0432968
-0.531497
0.0218864
-0.0709063
-0.180062
-0.248724
-0.514114
0.871226
0.0138163
-0.449051
0.638219
-0.0291918
-0.480662
0.500652
0.375884
0.0517795
-0.912061
0.144152
0.145795
-0.776702
-2.01732
0.660231
-0.0386118
-0.307153
1.93068
-0.00695574
0.176345
1.18448
-1.38707
-0.175789
-1.19127
0.113723
-0.108066
-1.80034
-1.43427
0.121229
-1.657
-0.428107
-1.15615
-0.767099
0.318649
-0.35709
0.0512602
0.143954
-0.108444
-0.346542
-0.423173
0.928023
-0.739108
0.658512
0.200354
0.885318
0.610988
0.938016
-0.443765
-0.0380872
-0.887607
-0.592092
-0.473281
1.4307
-0.580366
0.423684
-0.0874216
0.326771
1.94166
2.54417
0.461932
0.214329
-1.1378
0.0321448
-0.39688
-0.958418
1.12227
1.07473
-0.244567
-0.243735
0.996217
-0.123268
-1.02349
0.558481
-0.0445342
0.652239
-0.181059
-0.778289
0.959286
1.30407
-0.127702
0.681531
-0.469316
0.188882
-0.663551
-0.109186
0.447747
0.249533
-1.29855
-1.11534
-0.175638
-0.908817
0.269968
-0.222404
0.118682
-0.891596
0.0375513
1.01787
-0.100599
1.59041
-0.188341
-0.330005
0.195505
0.797367
-1.02895
0.245137
-0.106031
0.0107882
-0.292388
-0.455626
1.17949
1.07021
0.274312
0.280306
-0.910084
2.15685
1.85688
-0.279137
-0.491803
-1.5784
0.120125
0.137724
-0.0767089
1.21987
-1.13126
0.991433
-0.558862
0.937572
0.405927
0.158822
1.16094
-0.574232
-0.46768
-0.302226
-0.973979
-0.0462426
0.582978
-1.18208
-1.47323
-0.0809681
-1.23477
0.0631866
-0.645947
0.487012
-0.3644
-0.608227
0.224868
-0.183292
0.432814
1.83851
0.0799653
2.16344
0.458625
1.37217
-0.120456
-0.606327
-0.783836
-0.409494
0.416399
-0.107311
-0.436635
-1.30655
1.03062
0.395022
-0.0172443
-0.537365
-0.523794
-0.0573327
0.791403
0.169149
-0.119075
-1.31442
-0.0913657
-0.0347077
-0.143727
0.0768061
-0.0841206
2.64931
0.763539
-0.217231
-0.874888
0.879338
-0.237815
0.117794
-0.0598535
0.0774536
-0.235533
1.76334
2.85421
-0.582113
-0.0922758
0.159048
1.00779
0.604503
-0.571491
0.459425
-0.908559
0.142131
-0.103153
-0.0716762
-0.867407
-0.215747
0.337104
1.04302
0.55109
1.19565
-0.803367
0.799141
0.132593
0.58698
-0.435005
-0.0884622
-0.244048
0.575149
1.11874
-0.0177165
1.49558
-0.555421
0.260304
1.37612
-0.0588067
-1.08312
0.938297
0.268288
2.3227
0.695684
-0.607925
-1.41571
-0.468735
0.520843
1.35411
-0.0376229
-0.117984
-0.563875
0.0059305
-0.501737
0.589465
0.921409
-0.159519
-0.0127496
0.68086
1.11039
-1.36492
0.878534
1.1643
-0.151003
0.0162128
0.880314
-0.639696
0.393439
0.141725
0.600846
1.51875
0.567721
-0.446779
-0.164986
0.586877
-1.43989
0.4929
1.19769
-0.0876833
0.131652
0.270761
0.993717
0.413049
-2.03028
0.42448
-0.653565
0.359343
1.16323
0.0663955
-0.307053
0.264172
-0.269514
0.318311
-0.391367
1.381
-0.448306
0.296464
0.286374
-0.369339
-0.180321
1.31161
-1.58989
0.558347
-1.59972
0.471725
-0.809451
-0.538487
-0.761369
-0.401752
0.299966
0.358001
0.504221
-1.45406
-0.779718
1.44524
0.836123
1.45783
-0.272907
-0.826108
0.445498
1.55558
0.690537
-2.28402
0.977447
-0.973071
-0.866943
1.01688
0.866278
0.00104727
-0.39508
-0.323147
1.09543
2.99528
2.09444
0.283552
-0.0102793
0.146413
-1.47145
1.53837
0.154296
0.271738
-0.179845
0.218597
1.60233
-0.469284
1.9521
0.243345
-1.52541
1.80324
-0.00121244
-0.0429341
-0.608182
1.2079
-0.661521
0.910794
-0.179244
1.14073
2.64243
-1.53894
0.406707
-0.0112476
0.387146
0.148928
-0.391434
-0.340555
-3.12318
-0.05548
-0.298488
1.04123
0.295704
1.40705
0.464918
-1.7992
-1.26191
0.00328629
-0.768111
-0.201208
-0.74185
1.38403
-0.214499
-0.58051
-2.10371
-1.02536
-0.0463303
-0.838263
-0.0148891
1.53202
-0.432968
-0.0037099
-0.545747
1.25526
-0.275318
-1.07955
-0.850821
-2.07818
-0.153056
3.60982
-0.897901
0.0100332
0.244026
-0.178359
-0.01291
-0.00212379
-1.07716
0.340544
0.701926
-2.38575
2.0234
-0.344516
-0.392155
-0.448682
1.09172
0.613122
-0.432858
0.798824
0.639379
2.28674
-0.234304
-0.690681
0.364499
0.22954
-1.08993
2.09675
0.0980126
-0.800384
1.03509
-2.26098
-2.15278
0.0588632
-3.32177
-1.50186
0.545164
-0.27313
1.31819
-0.691819
-0.376404
-0.0150588
0.273974
1.3484
1.43248
-0.295408
1.10185
0.665163
-0.0960675
-0.385433
0.0146699
-0.568666
-2.14547
0.334866
0.179297
-0.779036
-0.923044
-0.347167
0.221192
-1.42607
1.30894
-0.24368
1.57938
-0.393571
-0.286276
-0.156191
-0.0517842
2.39429
-0.367272
-0.135422
0.429615
-0.350177
-0.198435
-0.0570169
0.609052
-0.0616414
0.851682
-0.000169532
-0.248064
-1.61582
0.333545
0.508621
1.77705
0.522855
-0.488835
-1.24469
2.34219
0.533311
-0.0652957
-0.069876
-0.0122189
-1.38994
-0.937367
-0.949565
0.546986
-1.73146
-0.632223
-0.920578
-0.470965
-1.18677
-1.56708
0.0731012
1.13266
-1.56293
0.00954056
1.17074
-0.303376
-2.13947
-0.0574001
0.471616
-3.03906
0.571305
1.36256
-0.821648
-1.38356
0.0258849
-0.984568
-1.39692
-0.0547452
0.916064
-0.722486
1.27503
0.0602253
0.995689
1.55412
-0.724487
0.216168
-0.326022
0.306998
0.436746
1.8722
0.312717
-0.254895
-0.112571
0.03544
-1.13939
-0.00400398
0.676481
2.10995
-0.604446
0.150564
0.801954
-0.418788
2.34981
-0.790559
-0.0241922
0.895343
-0.00222401
0.117171
-0.0824818
-0.908223
-1.92251
-0.265438
1.63118
-0.156745
1.54999
-0.259008
0.427073
-0.101103
0.0842217
0.0620244
-0.215216
-0.416105
-0.400995
-0.460924
0.450279
-0.0360149
-0.703629
0.286468
2.78534
-1.86954
0.0188065
-0.198529
-0.143139
0.0411281
-0.139923
0.0020482
0.150895
0.0107218
0.107695
-0.138186
0.208016
-0.0187453
-0.182176
-0.0855108
-0.0879103
0.0166106
0.0073158
0.0360279
-0.0324646
0.0887734
0.0125061
-0.000553981
-0.0654847
0.120834
0.0414604
0.120629
-0.0500155
-0.0270572
-0.0089523
0.000920728
-0.0394918
-0.0218594
-0.136183
-0.0691659
0.125565
-0.356913
-0.0603145
0.149224
-0.0220719
-0.0919357
-0.0637016
-0.0218681
-0.0296857
-0.0303243
-0.16847
0.109085
0.0756868
0.044422
0.00997613
1.31506
0.48216
0.217069
0.0279813
-0.040257
-0.329469
0.308575
-0.199061
0.365885
0.260263
-0.564994
-0.955242
1.91704
0.0277468
0.300073
0.0370762
0.00456554
-0.310615
-0.0445269
0.694179
0.554176
0.0282443
-0.382156
0.0777651
0.118755
-1.87782
0.125161
-1.28401
-0.0033931
-0.0201436
-0.122932
0.0244643
-0.0103559
0.70243
-0.729347
0.482076
-0.366435
1.09766
-0.0468553
-0.28334
-0.070917
0.250689
0.00972711
0.28466
-1.03402
0.161581
0.281822
-0.495968
1.04601
1.82654
0.942589
-0.583691
0.0442448
-1.67202
-0.00360796
-0.138778
0.0106841
0.0870886
-0.291974
0.476477
-0.209489
2.1176
0.0747359
-1.01396
0.0216181
0.0653184
-0.124307
-0.0333337
0.152445
-0.0875402
-0.0170413
0.367014
0.107577
0.022951
1.65969
-1.44106
-0.110645
-0.0229926
0.0218427
-0.116475
0.0200627
-0.104817
0.0548233
-0.046644
0.0261155
2.01134
0.219901
-0.039321
-0.0153322
-0.066714
2.25231e-05
-0.0643913
0.0828124
-0.277128
0.0290918
-0.0861773
0.0904851
0.112179
1.728
-1.61984
-2.16947
0.0116471
2.56583
0.0848347
-0.138127
0.14213
0.166116
0.0125606
0.309896
-0.0491317
-1.10019
2.34093
-2.73831
1.56577
1.60735
-0.0250296
-0.0326378
0.00297331
-0.0646248
-0.0504356
0.1369
0.124059
1.11251
0.168353
-0.858239
1.07431
0.618857
0.0266713
0.0104318
-0.113271
-0.0610798
0.0533607
0.225649
-0.309973
-0.0779564
2.11329
-0.0839687
-0.0568035
-0.0543992
0.0104738
0.0460076
-0.0419289
-0.0971092
0.0773692
-0.0108997
0.0468574
-0.0890819
0.000527644
1.55211
2.01673
2.4731
2.79928
-2.43614
-0.281257
-0.839056
0.216608
0.105089
0.115354
0.222123
-0.153737
0.29694
2.79759
2.05578
-0.133775
-1.98659
-0.0322925
0.120907
-0.32452
-0.0751495
0.0446352
0.124761
1.386
0.31424
1.3814
-0.0677707
-0.29154
0.0323692
-0.0707894
-0.119142
-0.0737169
0.183929
0.371589
0.183403
-0.150124
0.406841
0.0565758
0.63258
-0.0689256
-0.15748
-0.0286325
0.116735
0.191124
-0.209102
-0.00689368
-0.0860859
-0.246947
0.0151051
-0.489137
1.8769
2.16715
1.47219
2.28416
0.63918
2.9611
0.187122
-0.190668
0.276313
0.154761
-0.783946
-2.51372
0.182003
2.72522
-1.81712
0.259674
-0.0238364
-0.241615
-0.401871
-0.0445048
0.0951355
0.0976481
0.151849
-1.99397
0.145634
1.97039
0.00160623
-2.66388
1.51054
-0.041179
-2.5494
0.834159
0.0658848
0.382709
-0.649575
0.593353
0.507887
-0.0344158
-1.75222
-2.1442
-0.000932979
0.0094446
-0.3439
0.122921
-0.230441
0.0853455
-0.12689
0.0189855
-0.288878
-0.46628
2.5206
-0.535728
2.06494
1.30978
-1.74242
-0.0110993
-1.62342
0.262579
-1.19504
0.364361
-0.536451
0.25433
0.268347
-0.0979609
2.97017
-2.8347
3.02749
0.0602695
0.190494
-0.238849
0.0141506
1.09921
-1.62502
-1.88802
-0.598646
-0.0393807
-0.0336729
-0.0204342
0.00370583
-0.169313
0.175395
-0.551724
0.154944
-0.517495
0.912217
0.254153
-0.0855899
-0.127097
-0.0767059
-1.2068
0.223558
-2.03011
-0.750244
0.599302
-0.370967
0.468922
0.0106385
0.549587
0.0806599
0.00803579
0.465012
-0.869869
1.90316
1.9837
-0.375959
0.313132
-0.0330865
0.0913507
0.190986
-0.0629763
-0.345065
-0.000545886
-0.0971724
-2.08483
-0.436587
1.60653
0.74122
-0.0379961
0.127877
-0.0368806
-0.277305
-0.075089
0.432995
-0.0555983
-1.03558
0.0320723
1.69284
-0.447615
-0.0363319
0.0914157
-0.469059
-0.215631
0.0687897
-0.123334
-2.34738
0.186588
-0.0311807
-0.266561
-0.0795933
0.260007
-0.523387
-0.0148769
0.323668
0.0794675
0.671268
0.0230357
0.233732
0.118625
0.0481313
-0.0508199
-0.0430741
-2.8495
-2.35799
-3.00667
-1.5495
-0.0597693
-0.151297
0.194241
0.21928
-0.372469
-0.112432
0.0218749
0.385549
-2.62427
2.14902
-2.41257
-0.0668279
0.0360813
0.183182
0.305234
0.311293
0.205187
0.851059
-0.0306828
0.0505542
-0.14205
0.0998769
-0.143321
-2.3693
0.0534208
0.430619
0.0148801
-0.504956
-0.227507
0.0167703
-0.0556879
-0.168359
-0.0630264
-0.0948693
-1.58984
0.00129988
0.0379629
-0.286878
-0.149524
0.0178244
0.593048
0.526524
0.0141303
-0.114301
0.595274
-1.8024
2.49716
-0.00154923
2.33571
-0.154101
1.79934
-0.632651
-0.680323
0.729583
-0.103806
1.2601
-0.988356
0.454484
-0.854568
2.94508
-0.637167
1.10736
2.58318
-0.743789
1.07706
0.810508
0.224906
-0.0267497
0.0219158
-0.00474125
-1.18403
1.45789
2.37741
-0.561792
1.06149
0.561924
-1.01515
-0.529007
0.356631
0.00561222
-0.752123
-0.123227
0.160193
0.391066
-0.895455
0.694443
-0.0431369
0.884875
0.010406
0.351556
0.251822
0.00470881
-0.118044
0.152255
0.522875
0.75336
1.86015
-2.87228
1.2717
0.214138
0.0993988
0.218963
-0.0415467
-0.135408
-0.0338006
0.0770596
-0.0312835
-0.39866
-0.966191
-1.70986
-0.959742
2.54248
0.565984
0.365615
0.190235
-0.29243
-0.012039
0.047312
-0.104939
-0.0821634
-0.0617449
0.127258
0.163224
0.146409
0.250799
-1.36109
-0.453725
-0.0982926
-0.031344
-0.0841924
-0.0571509
-0.214521
2.56425
-0.101322
0.221943
-0.17643
0.179106
0.0145302
-0.187443
0.0870663
0.016106
-0.0217344
-0.189748
-0.194357
0.0198087
-1.79895
2.08365
-2.3102
-0.570717
0.543246
0.44626
-0.0137685
-0.161576
0.0781343
-0.21144
-0.0493637
-0.681173
0.397244
2.1254
2.35118
-2.42536
-1.04684
0.368619
0.440725
0.0382601
-0.0364658
0.0342006
-0.0727178
0.0145582
2.1858
0.133366
-2.4072
2.23239
0.773171
0.717109
-0.073301
0.145176
-0.0353363
-0.436193
-0.0755918
0.0720695
0.328054
0.109377
-0.314232
0.17326
-0.175547
0.0260586
0.0509834
0.292519
0.0325153
-0.170473
0.146848
-0.643596
-0.0555772
0.0759918
-2.2487
2.77336
-2.1383
-0.493445
0.173458
-0.33776
0.0434859
0.160677
0.0773485
-0.00689449
0.317841
0.968503
0.14549
-3.19507
1.96793
0.0944291
-0.176201
0.282706
-0.151845
-0.0189681
-0.0235333
0.028864
0.146707
-0.138853
-0.324561
-1.29107
-0.120072
0.519776
-0.565223
-0.177641
-0.0770784
-0.0861082
0.165676
-0.094532
0.0837228
0.89705
0.00675094
-0.0855463
0.672077
0.0166636
-2.60807
1.49893
-0.0677174
0.0146889
-0.0973573
-0.092611
0.053742
-0.188859
0.222015
-0.39473
0.113093
0.162905
2.50402
-1.41797
2.11308
-0.0453107
-0.183376
0.12332
-0.00625596
0.0187389
-0.458936
-0.0839151
-0.0206553
0.0252077
3.00707
-1.73216
-0.914021
-0.195645
0.0016676
0.0333249
0.0641339
0.0283619
-0.0326511
-0.176179
-0.298317
0.258217
0.37751
0.522627
-2.55904
-0.0402503
-0.0225625
-0.143054
-0.0388662
0.0788779
0.166392
-0.130154
0.0882709
0.118365
-0.274326
-2.06597
1.21286
-0.0681357
0.0246422
-0.162004
0.084199
0.132252
-0.0384306
-0.137154
-0.0327358
0.286322
-0.405547
-1.54689
-2.70381
-1.18088
0.000865843
0.154178
-0.0205197
-0.0127027
0.25292
-0.317539
-0.00985904
0.0839825
-0.00695297
-2.65745
-0.943691
-0.478768
1.4444
-0.0480459
-0.0236773
-0.0427713
0.0799233
-0.0428906
-0.0288558
-0.649003
0.0294707
0.00112345
-2.52009
-0.357207
0.201098
-0.0237459
0.182912
-0.102222
0.168809
0.0252027
0.244275
-0.276626
-0.0569463
0.686026
0.0164885
-1.71841
0.00137515
2.14418
-0.000799439
0.0640666
0.0607643
0.0968623
0.125468
-0.422368
0.0983186
0.264851
-0.658523
0.218791
0.535221
-2.83786
0.975642
-0.0721591
-0.0319854
0.119362
-0.531743
-0.248399
-0.276854
0.137212
-0.0825597
-2.06322
-1.14368
0.177752
-0.0182485
0.0256231
-0.0991983
1.93883
-0.0468772
0.197881
0.223986
-0.0869696
-0.293199
0.0363078
-0.057484
0.332134
1.2773
-0.154987
-0.0514769
0.0500448
0.113571
-0.324464
-0.0781867
-0.313316
-0.308168
0.0167824
-0.0179872
-1.0571
0.0501227
-1.3974
0.362472
0.267065
0.0394494
-0.106266
0.0268171
0.1109
-0.209668
-0.0176031
0.0521992
-1.8039
1.90253
-0.135932
0.134304
-0.760498
0.0164609
0.208153
-0.0831813
0.0223685
0.108116
-0.050396
2.73636
-1.0541
1.4611
2.17771
0.041837
0.00173537
-0.167883
-0.110106
0.0491436
0.32334
-0.168317
-0.0899806
0.0827091
-2.65206
-0.0479879
-0.0651612
-0.0729681
-0.0072988
-0.0448608
-0.201766
0.096668
0.0912565
0.0273349
-0.106347
0.0181346
-1.15069
0.926762
0.150152
-1.29064
2.0976
1.4022
-0.0752619
0.498875
-0.267872
0.583568
-0.308781
-0.225384
-0.0500988
-0.960611
1.64618
-1.78144
-2.03674
-2.37164
-0.498811
-1.16234
0.0742986
0.104065
0.0284558
0.182723
-2.75923
-1.7734
-1.40184
-1.54774
-0.0436345
0.120613
0.242191
-0.0345074
0.309602
-0.117304
-0.0787674
-0.171585
-0.701764
-0.393371
-0.44887
-0.258526
1.27732
0.191021
0.0694987
-0.106705
0.115919
0.109255
0.280376
0.0700191
0.0156363
0.121912
0.129539
0.0220733
-2.387
-1.20393
2.36192
-0.049783
0.0483994
-0.1371
0.100947
-0.592058
0.338227
-0.00362894
-0.151355
-0.178819
1.56728
0.979103
-0.606334
-0.133268
-0.0634931
-0.00879084
-0.202153
-0.000167162
-0.0348736
-0.0128366
2.12982
-1.82225
-0.0306917
-0.0033762
2.5885
0.977433
1.52128
2.6143
-0.253987
0.219907
0.0485822
-0.180994
-0.137216
0.882086
-0.0165473
-0.0084847
-0.0892899
-1.01284
0.0899597
0.187031
-0.0477148
0.116763
-0.074359
0.0199155
-0.303003
-0.730433
0.0495264
0.219038
-2.36333
-2.25554
-2.42783
-0.0701336
0.193731
-0.361043
0.0166402
-0.520416
-0.0354072
-0.494876
0.0412437
-0.00594423
-1.46928
-2.89675
0.165157
1.43
-0.0914055
0.237322
0.168427
-0.253703
-0.0613631
0.782174
-0.69925
0.983344
0.44961
-1.59779
-2.47784
-2.71827
0.713399
-0.335444
-0.0534466
-0.51084
1.54854
0.394219
1.77254
1.88027
1.33004
-0.0713189
0.169197
-1.79256
0.521711
-0.271012
-0.0502536
-0.435715
0.0148519
0.814902
-0.384639
0.0198736
-0.147561
0.337135
3.4274
-0.139612
-0.75031
-0.565214
-0.193954
-0.382669
1.72996
-0.818259
0.18237
0.15916
-1.39809
-0.435808
-2.5916
2.9042
2.76202
0.933676
-1.56672
-0.181401
0.793272
-0.55265
-1.28239
0.291272
-0.00795746
-1.9362
0.323696
-0.803707
0.372597
-0.670609
-2.13899
-2.15681
0.162949
1.03485
0.270489
0.803649
-0.174648
-0.5146
-0.0400552
1.97947
2.21043
-0.0353747
2.83923
-0.329524
0.924333
0.0244232
-0.0579934
-0.138741
0.0604203
0.167607
-0.0991304
-0.0146042
-1.41839
1.5999
0.488814
0.239029
-0.338135
-0.0866249
0.0460538
-0.0955683
0.000344369
0.00197565
0.0792505
1.75634
0.936699
1.68896
-1.14197
-1.71933
0.116593
0.214693
-0.0148408
-0.0454168
-0.0273345
-0.0111799
-0.167671
-0.00529649
-0.0294221
-0.0849255
0.0762033
1.64629
-0.112095
-0.120883
-0.0410944
-0.0401855
-0.0937571
-0.0740619
0.0646948
-0.0525366
-0.00723401
-1.68426
-2.10978
-0.116085
-0.68883
-0.358986
0.0137317
-0.146067
0.372003
-0.0320652
0.00155154
-0.846795
0.379065
0.338852
0.587102
3.26649
3.04139
2.10218
-1.51742
0.482092
-0.610667
0.0571567
-0.0354664
0.256917
1.07542
-1.51795
-0.128665
0.0531207
0.450929
-1.87961
0.681704
-0.837632
0.216969
-0.34245
0.0264522
-0.02012
0.0523073
-1.30755
-0.553457
0.841808
-0.746408
0.900146
0.491167
0.169084
-0.600925
-0.51058
0.0037172
0.257309
-2.32544
0.149135
1.90384
0.367816
-1.00337
-0.00829873
0.0910922
0.00941443
-0.226759
-0.112517
0.0340307
0.101338
0.0947815
0.0332796
1.71685
-0.486983
-1.22954
2.98762
0.130444
0.128718
-0.107441
0.18196
0.00323771
-0.00116818
0.0616717
-0.0304792
-0.0906232
-2.02445
2.88753
2.2607
-0.492573
0.135285
0.117306
-0.416901
0.0706553
0.0156431
0.0347264
-0.0633241
2.82241
-0.0663019
0.161031
2.70454
-2.70798
-0.0569264
0.0737187
0.0812334
-0.00946268
-0.0618893
-0.0274121
0.0151425
0.00215544
-0.224209
3.07714
-0.03556
-1.80328
0.0557427
0.0201826
0.04089
-0.318859
0.0210328
0.0471087
-0.313601
0.622217
0.0370835
0.113068
-2.55801
0.143193
-1.05817
-0.439201
0.60215
0.658896
-0.126192
0.00504197
0.382
-0.0370322
-0.751361
0.253141
0.114459
0.801517
2.21268
-0.309346
-0.609098
-0.717327
0.122915
-0.0356846
-0.0324918
-0.101764
-0.0413979
-0.069002
-0.254145
2.15301
2.16887
-0.498763
-0.213103
0.0962113
-0.0091386
-0.0400973
0.165628
-0.0779981
-0.107084
-0.969666
-0.610451
-2.32087
0.763031
0.324998
0.0224291
1.41592
-0.509964
0.0600297
0.0542117
-0.258599
-0.512142
-0.0291505
-0.235522
0.499922
-0.0679918
-0.389705
0.22316
-2.2025
-0.0585326
-1.89915
0.20083
-0.381198
-0.0154524
-0.22019
-0.136805
0.167293
-0.893362
0.0716475
-2.19818
2.09972
0.814392
-0.20376
-0.0143885
0.0218097
-0.0126331
0.117611
-0.133039
0.20743
0.821593
-0.555681
1.25254
0.0302563
-0.281385
-0.140533
0.533478
0.400527
-0.0585834
-0.0786573
0.388324
0.136405
-0.0947134
-0.28636
-0.207383
1.00636
-2.18127
0.383528
0.00419987
0.0831873
0.251683
-0.458285
-0.193792
0.0169298
0.468131
-0.0097025
0.309108
3.05564
0.186463
-1.10379
1.18357
0.363399
-0.4996
0.0138763
0.680883
-0.702222
-0.318794
-0.00419598
0.000185894
-2.71046
1.39098
1.99813
-0.377372
0.0156266
2.12529
0.119661
0.0607463
-0.168532
0.145833
-0.902455
0.0632167
2.81492
-1.75785
0.411589
0.0479219
-0.0378084
-0.195373
-0.0468039
0.249212
1.3257
1.30694
-0.343057
1.42529
-1.58769
0.781443
0.0936482
-0.0470824
0.0047852
0.757304
-0.0491594
-0.183188
0.0313317
-0.165558
-0.225733
0.0107552
0.284184
-2.69405
-2.27122
0.106484
-0.065627
0.0650977
0.102859
-0.0281813
0.185859
0.150843
-0.0628106
-0.0725028
0.0410365
-0.547065
1.80971
-1.04571
-2.14149
-0.105574
-0.0124069
-0.00351159
-0.322771
-0.0834688
-0.109271
-0.00995666
-0.557582
-0.0798297
0.0798231
0.357844
-0.538157
-1.37992
-0.0735013
-0.055226
-0.0282384
0.0302698
0.223231
0.0440741
-0.0547479
0.0705572
0.0104114
-0.128564
1.27534
1.55977
-0.43843
2.51336
0.101488
0.0962974
0.0283835
-0.225353
0.166885
-0.130996
-1.75256
0.0677883
1.4799
2.82749
1.26236
0.137878
-0.032826
0.0913996
0.0371756
-0.0430125
-0.200014
0.123728
-0.0242314
-0.0514981
0.278122
1.13843
2.17854
0.0306005
-2.89309
-0.0655747
-0.0659441
0.00470995
0.435818
-0.370567
-0.750446
-2.47471
1.38571
-2.66771
0.0176116
0.00534576
0.00954619
-0.0549763
-0.188893
-0.0633871
0.121015
-0.117152
-0.143429
0.0030976
0.0488748
2.06049
-0.709839
1.73467
-0.0252601
0.0752667
-0.0330132
-0.0227831
0.115437
0.0231774
0.087861
-0.0244151
0.11605
1.14155
0.00293323
0.703635
0.0256526
0.000640393
-0.0159135
-0.0137597
0.0108733
0.0697837
-0.00415735
0.139108
-0.179823
0.0918493
-1.7901
2.85223
-0.303573
-1.26579
0.988571
-0.0136171
-0.0806427
-0.0093365
0.163804
0.0500081
-0.104411
-0.0168207
0.84519
-1.64882
-0.192095
0.00306753
-0.00559888
-0.0250834
-0.0517212
0.0199286
0.0290919
0.0409187
0.00617944
0.0292059
0.0499429
-0.00836021
-0.699865
-0.0338213
-0.36345
0.0102307
0.0663954
-0.116197
0.119462
-0.238405
0.529453
-0.125062
-0.0180527
-0.865073
-1.99079
2.60233
-1.17587
-0.015016
-1.38456
-0.0134648
-0.243951
-0.000323956
0.167025
0.111206
0.485443
1.06631
1.83213
0.82126
-0.10945
1.50277
0.0230389
-2.28362
-0.122989
-0.120365
0.113245
-0.332416
-0.0930879
0.845879
0.00429364
1.69558
2.85575
0.0436022
0.102006
0.163724
-0.151252
0.258167
-0.0354677
0.0216078
0.236937
-0.0855544
0.0621359
2.39623
-0.103979
0.38987
-0.144543
0.270266
0.111003
0.171001
-0.093074
0.361357
0.193787
-0.106013
-0.050875
2.65192
1.32036
-0.763147
-1.04363
0.0377389
2.69742
0.0871972
0.120314
0.161139
0.0565934
0.350384
-0.167226
0.448667
-0.918053
1.40416
1.45234
-1.10283
-0.187828
0.26414
-0.0768146
-0.333378
-0.561219
-0.103857
-0.127268
-1.14517
1.01415
-2.40676
2.80552
-0.336759
0.181564
1.27159
0.0110639
0.047412
0.0132497
-0.113431
0.0322825
0.094273
0.145497
-0.213986
-2.34436
-0.243873
-0.0364611
-0.0707474
0.024446
-0.608072
0.125622
0.0851806
-0.272194
-2.28352
-0.545658
0.240473
1.8394
-0.858449
1.21408
0.231305
-0.196377
-0.00321807
0.514327
-0.218812
0.341454
0.0147395
2.84251
0.0203509
-2.69041
1.38627
1.64089
0.140089
0.0810634
-0.00678414
-0.0369922
-0.0930403
0.0878197
-0.253151
1.64294
1.97507
-1.86517
-0.0261811
-0.19662
-0.155174
-0.00265986
0.315758
0.0345248
0.0176536
1.01175
-0.239564
0.0129265
-0.052859
0.256137
0.483833
-1.42406
0.853913
-0.164031
-0.737667
0.359158
0.256567
-0.414364
-0.110063
-1.84283
-0.123895
-2.74916
1.53301
-0.611945
-0.048997
-2.51292
-0.608386
0.0410771
-0.689917
0.0393256
1.00043
-0.100762
-0.0175405
0.0502212
-0.063163
0.688108
-2.19883
2.02101
2.76271
-0.466761
-0.119112
-0.261564
-0.600924
0.412063
-0.498408
-0.258042
-1.45834
0.105261
-1.55001
-0.957314
0.218478
-0.872562
-0.178827
0.00507808
1.07055
-0.0898656
0.0084566
0.171412
-0.369354
0.835029
0.00176671
0.704539
-1.1099
-1.3424
-0.119641
0.214809
0.732702
-0.216202
-0.00019433
-0.105719
0.356531
-0.0339642
-0.370239
0.996888
1.91661
0.62889
-0.352975
0.796397
-0.932044
-0.677031
-0.315663
0.00935248
-0.0131576
-2.36914
2.93677
-2.6679
-2.15755
-0.0150893
1.05678
-0.671454
0.378912
-0.285152
0.194595
-0.000361449
0.0596506
-0.537605
0.0373361
1.72053
-2.06289
-0.384987
-0.728641
0.211178
0.0117076
0.442609
1.09796
0.0324676
-0.14954
-0.523063
0.49601
0.0532186
-0.0298772
0.450469
-0.432645
0.20233
-0.228308
0.609743
-0.374795
-0.0741774
0.112258
-0.219581
-0.0418306
0.110212
-0.29712
-2.99213
4.66004
1.11538
0.516989
-0.579435
-0.906876
-0.308355
-0.0373964
-0.0111786
-0.134065
0.067571
-1.56242
-2.02098
1.71095
1.81322
0.589459
0.792749
-0.566957
0.494307
-0.0801019
-0.502987
-0.129641
0.407079
0.297537
-1.42884
0.671799
-3.54837
0.84999
0.0217174
-0.206193
0.341743
0.040738
-0.0422492
0.166995
-0.278395
0.0179206
0.209337
1.74137
0.758979
-0.607714
0.219831
0.207002
-0.068326
0.0656001
0.124582
0.395124
-0.0248533
0.203064
-0.153476
0.101377
-0.327148
2.73082
-1.05495
-0.248617
0.636297
-0.0975092
-0.0135702
0.052957
-0.0431766
0.0840112
-0.13198
-0.409872
-2.26517
-1.22199
0.447301
-1.21301
-0.557258
-0.116455
-0.0539008
0.234866
-0.0546328
-1.66655
1.2793
0.110251
0.158046
1.38586
-0.556635
0.0115239
-0.208425
-0.3583
0.00903102
0.156292
-0.62523
-0.879233
0.115044
0.496812
0.983186
-1.74855
1.23851
-1.05951
0.0796849
-1.904
-0.117063
-0.155237
-0.115222
-0.0349137
0.24702
0.273218
-0.101419
-0.710756
-0.0696614
-0.646693
-2.13049
0.785364
-0.247316
2.83995
-0.092049
0.0159962
-0.176378
0.0411803
-0.418756
0.293686
2.32955
-1.05032
1.76695
1.05812
0.0225138
-0.0438241
-0.0546703
0.0306181
-0.126637
-0.120221
-0.85508
0.725188
-0.0944604
1.4636
0.0233657
1.44279
0.14196
0.0236869
-0.54768
-0.134267
0.223926
-0.107033
0.264405
0.104682
0.170813
-0.0750783
-2.65089
-0.00823023
-0.0323308
0.042011
0.112729
0.261893
0.000279848
0.345147
-0.212706
0.0184775
-0.202637
0.0506994
-1.73067
-0.247558
1.20608
-0.0340275
-0.0266481
-0.0466965
0.0387163
0.0649707
-0.0426643
-0.560062
-0.733693
-0.686304
-2.6513
2.54301
-1.76153
-2.73391
-0.031687
0.522166
-0.0721739
0.0257486
-0.294805
0.297669
-0.191388
0.34069
0.433225
0.01646
2.31536
0.393871
0.0226718
2.48775
-0.0639207
-0.291569
-0.0334582
0.133614
-0.0861624
0.0446225
0.28315
0.153232
0.227275
-0.239053
0.0098805
0.0279419
-0.126734
-0.0193336
-0.111033
0.217395
0.0985819
0.249591
0.115655
-0.647517
-0.181405
-1.17288
-2.45735
0.614945
2.33897
-0.0771658
0.178946
-0.101335
0.356471
-0.276889
-0.00853974
0.192847
0.748336
1.68497
-1.86697
-0.0497412
-0.239667
-0.0569831
0.0976105
-0.312656
-0.0303285
0.200392
-0.185893
0.933393
0.0223218
0.0397433
0.164596
0.0276323
-0.147247
2.31423
0.353331
-0.167944
-0.00224269
-0.0426413
-0.00754174
0.146564
-0.213507
-1.73781
-0.358735
0.321279
2.96081
-0.0598196
-0.000536469
0.0538866
0.00586369
-0.0280172
0.120148
-0.00293994
0.0213901
1.38582
1.43685
0.694817
-0.00251914
0.591332
0.131652
0.0539881
-0.0898864
-0.164577
-0.303489
0.0608029
0.102883
-0.895742
-0.162671
-0.319951
-2.91384
2.05048
0.695982
0.0263547
-0.0489548
0.23625
0.0275579
0.171401
-1.17705
0.010954
-1.47329
-0.225704
0.0299912
-0.0600804
-0.0981872
-0.318235
-0.119491
0.41537
-0.287747
-0.0727827
0.0939926
-0.474927
-0.129731
-0.00871678
0.0713412
-0.554831
-0.202101
-0.963041
-0.619871
-0.357115
-0.0898231
-0.222947
0.040684
0.86929
0.0319241
-0.511692
0.0667935
2.11538
-1.80894
0.0537551
-0.0384653
-0.118272
0.232779
0.788873
0.125017
0.027529
0.281113
-2.6926
0.460326
-1.20187
0.00640379
-0.00227747
-0.289118
0.491581
0.340464
-0.0780722
0.359804
-0.506743
0.0176263
0.133755
0.0970861
0.00247636
0.192223
-0.173678
-0.0034519
2.40808
0.122622
-0.263419
0.100422
-0.699327
0.385191
0.0155003
-0.184485
0.0295979
0.748967
1.20153
0.000489916
-1.46034
-0.115894
0.0431057
-0.488884
0.0104117
-0.0239643
-0.010981
0.302559
-2.2285
-2.56236
0.190206
-0.432051
0.304096
-0.0631146
0.0092331
-0.109461
0.0892828
0.0529988
-0.311927
-0.075093
-2.32107
-0.0174248
-0.841811
1.52289
0.120016
0.0838161
0.20875
-0.0828953
0.0567797
-0.181265
0.0126973
-0.239914
-0.419248
0.0216569
-0.0467734
2.84606
-0.0106625
-1.62725
-0.0786704
0.304616
-0.0797056
0.265741
-0.0100822
-0.420783
0.0493317
-2.87875
-0.119279
0.0306026
-0.0306598
0.510522
0.0221447
-0.0787976
0.138681
0.017353
-0.459733
0.138872
1.11388
-0.0198623
0.0264697
-0.433684
-1.30305
-0.159577
-0.0190461
1.28862
-0.127957
0.0306846
-0.172601
0.711904
0.299844
-0.00992363
-2.5357
2.16243
1.29272
0.389289
0.0884446
0.175849
0.0219852
0.137258
0.0153521
0.00389771
-0.28397
0.565593
0.00731967
-0.215278
-0.0498183
-0.788144
0.0315311
0.372912
0.327933
0.046187
-0.142931
-0.0872891
-0.330312
0.620222
0.0908544
0.0678507
0.748286
-1.57948
-2.52571
-2.68779
0.193303
-0.786758
-0.00521911
1.00102
0.661139
0.20276
-0.392546
0.0167115
0.792655
-1.22428
2.3543
-0.613496
-2.62451
-1.32341
1.78779
0.291137
-1.38448
-0.6832
-1.08336
0.0662134
0.313579
0.256229
-1.62297
0.604339
0.132571
-1.65709
1.58686
-0.493838
0.0125533
-0.689247
0.0579827
0.0230776
0.10717
-0.287739
-0.830732
-0.173047
0.709315
0.124041
0.12746
0.65858
-0.779776
0.00452077
-1.06687
-0.0972216
0.0766991
-0.655834
0.0210097
-1.8901
-0.596131
-0.135942
-0.0731796
0.107633
-0.0868512
0.615495
1.68056
0.0540283
0.0106414
0.0483826
0.0785877
-1.84484
1.40538
0.0850499
-0.665066
-2.74368
0.217882
0.0800674
0.318859
-0.629838
0.0960299
0.480154
0.21965
0.00495022
1.0853
0.315566
-1.02291
1.20317
-0.158725
0.0185596
0.122262
0.0134095
0.0484349
-0.00621797
0.0891098
0.143331
-0.0105278
-1.8418
0.0171175
-1.58991
-0.0423262
0.773281
-0.634481
0.215761
-0.015086
0.0313418
0.0145113
-0.0413682
0.885367
0.770713
0.375163
-0.999474
0.0215493
-0.183626
0.501188
0.0558646
0.04286
-0.0184554
0.00830541
-0.0796099
-1.87027
-0.127
-0.596569
-1.88635
-2.00621
0.414443
0.0690494
0.510677
0.361945
-0.0731431
-0.273496
-2.84151
0.24833
-0.49192
-0.963558
-1.22362
-0.755232
0.514584
0.026862
-0.803828
0.332305
0.0544757
-0.0979575
0.0850312
-1.06627
-0.0610933
0.19485
0.472484
0.0590939
-0.258693
0.24738
0.399384
-0.152263
-0.126717
0.183024
-0.252546
-2.69435
0.637514
-0.583871
1.19722
-0.335606
0.396732
-0.431447
0.879339
0.32425
0.153083
-0.0260632
0.000660749
0.0121187
0.0917571
-0.0913069
0.272077
-0.0859262
-1.3118
0.0450282
-1.07471
-0.131229
-0.0523362
0.0203017
0.160554
-0.0509884
-0.323055
-0.380108
3.22095
1.24098
-0.435266
-0.0985809
0.00566586
-0.503604
0.48549
0.0104193
0.0996049
0.284627
0.386266
0.0990756
-0.073986
0.620766
-0.795213
0.472031
0.0322065
0.694155
-0.0964838
-0.103511
0.277216
0.216728
-0.0330432
0.0492181
0.927965
0.157754
-0.0698483
0.175746
-0.390521
0.150648
-0.470356
0.228712
-0.0319312
-0.00378433
-0.204231
0.224941
0.0182508
-0.739233
-0.480801
0.63381
0.243962
0.221638
0.0878333
0.710735
-0.0497107
-0.184115
-0.0432684
0.108606
-2.78861
-0.246319
2.1648
1.45149
0.647049
0.0339285
0.126804
0.0730503
-0.0164666
0.204706
-0.139873
0.226901
-0.0431726
0.18839
0.0518288
0.0104347
-0.152172
0.0823773
-0.329169
0.138472
-0.0211178
0.0648408
0.0965303
0.183306
-0.239763
0.0932496
-0.0102573
0.00158693
-0.143862
-0.204306
2.80476
0.508773
0.00881362
0.0207831
-0.0518656
-0.222499
0.0935566
-0.0257649
-0.120425
-0.0524579
0.0945778
0.181882
0.0693904
0.72847
-0.126318
1.84076
0.0122924
-0.127661
-0.056965
0.119246
-0.408523
-0.00745306
-0.0122107
-0.502062
-0.711757
-0.686459
-0.816894
-0.443601
2.41763
0.137761
1.72439
1.68925
-0.472501
-1.07238
-0.552266
-2.54553
-1.67016
-0.621187
-0.736238
-0.451217
-0.944786
-0.442226
-0.54006
0.539748
-0.560927
-0.317243
-1.99649
-0.848711
1.25252
-2.02785
-2.63216
-1.4841
-0.177468
-0.216953
0.257399
-0.650617
1.52739
0.0100852
-0.163576
-0.873306
-1.0778
-0.180019
0.417664
-2.18
-0.263274
-0.202885
1.55926
-3.14784
-2.44531
-3.13841
-0.875896
-2.32252
-1.15542
-1.24701
0.930277
-0.740583
0.430333
-1.82073
0.665615
-1.41764
-0.39542
-0.267329
-0.200699
-0.566046
-0.652415
-0.771498
-0.485599
-0.126515
0.598427
0.243429
-2.03962
-0.355444
-0.297619
-0.790764
-0.342279
-1.39499
1.31467
1.28044
-0.142401
-0.0992144
-0.113429
-2.84137
-0.685133
1.41026
3.8026
-3.7494
-1.54181
2.27825
-0.817022
-0.823666
-1.01155
0.805259
-0.224967
-2.05277
1.59283
-4.52694
-0.935366
-0.641678
-1.08798
-1.06351
1.51162
-3.84842
-1.07972
-2.92315
-3.49737
1.39185
0.221959
0.922884
-0.790439
3.86857
3.78857
2.59092
-1.41051
-0.589161
-1.75963
-1.09943
-0.684178
-0.510124
-1.41777
-0.401751
-0.130989
-0.0611562
-0.149367
-0.230743
-1.08349
-0.140344
-0.213139
-0.142426
-0.762801
0.696173
-0.880499
-0.447986
-1.8555
-0.245889
-0.310744
-0.211107
-3.0897
0.0522648
-0.293208
0.517654
0.601068
0.967904
-0.72661
1.25435
3.76004
-1.19052
6.89281
-3.4767
-4.97916
1.42377
-0.14075
-3.47935
1.3918
-1.05138
2.08263
4.66673
-0.484242
-1.08537
-0.966249
-0.0773827
-0.233051
-1.08846
-0.4201
-0.230519
-0.209042
1.4877
-0.36781
-0.205804
-0.0719253
0.218473
-0.0198296
0.551512
-0.175322
-0.179562
-0.228371
-0.0887885
-0.0198972
-1.08144
-0.391125
0.959939
-1.87504
4.31271
4.91726
-1.96166
-2.07815
1.97432
-4.63586
-0.979179
0.458981
0.159058
-0.0938542
0.495208
-2.74805
-0.751633
-3.49185
-0.2629
0.937074
-1.95771
-2.1433
-2.05825
-0.815078
0.337728
1.27851
-0.602621
