[12, 9, 9, 4]
-1.45632
-3.20791
-0.740223
2.01671
-0.274861
-1.57187
-2.34481
1.76423
0.365961
0.321
-0.891394
-1.56514
0.997307
-1.6055
-0.275324
-3.36353
0.193561
1.45281
1.0925
1.0
-4.22896
1.30465
0.444041
-2.65613
-0.242282
-1.67467
1.37048
1.85814
-2.09156
-0.719071
1.39488
-1.36768
1.08601
0.348666
-0.065383
1.44126
1.06402
-2.5947
0.890939
1.7818
-3.53135
1.05735
0.7219
-0.265049
0.860725
1.59116
3.70648
-0.622386
2.33018
-0.0780426
2.26149
-2.71611
0.787703
-2.68864
0.0958527
1.88379
0.239655
1.41551
-0.237408
3.23156
0.126139
2.68202
-2.01107
0.0312174
-4.84239
3.17106
0.866013
0.305689
-1.64706
-2.05103
-0.661391
-0.388753
4.31657
1.25156
1.6504
1.05834
1.22769
2.33896
2.54418
-3.05301
0.85041
-4.40797
-0.800472
-0.995458
2.45465
1.70026
0.806505
-2.83755
4.19959
-4.35339
1.66094
1.21569
-1.66859
-1.92834
0.73166
2.93887
-2.26301
3.45325
1.03787
0.240279
1.93638
2.34681
3.39755
-1.93342
-5.21478
6.56268
-0.35935
-1.37674
-0.799741
0.67309
-0.449113
1.60504
1.36279
0.640752
-0.860515
0.679557
-2.24392
-2.30456
1.8337
5.04992
-1.43714
0.0696671
-5.21495
-1.38318
0.39452
1.60078
1.28995
1.8865
2.68061
-1.6153
1.27812
-2.84168
-2.77351
2.05806
3.18741
-0.646024
3.3217
2.33653
-0.967554
-2.15487
2.89754
-3.62175
3.96164
-0.60316
1.31293
-3.17939
-3.0605
-0.658991
2.73254
-1.77618
3.80173
-1.03673
4.60212
-0.59059
-1.50089
1.2431
2.43851
1.88751
-2.81176
1.91262
-3.69891
-3.30985
-0.174344
-2.85291
3.19841
5.1794
0.809314
6.7197
2.20395
2.09386
-0.299885
2.46696
-3.41491
-1.91328
3.88674
-2.13217
3.37432
2.16878
-3.34444
-3.30603
0.814471
3.68506
-0.482413
1.80584
0.635474
-2.70031
-3.14863
3.92812
-1.07229
-1.26155
-3.07475
-8.48879
-0.496757
-0.882133
2.55642
-9.20576
-4.95828
-4.17037
0.40662
2.30367
1.01372
2.19663
0.666688
1.76863
-3.92022
5.80157
0.657694
-2.97826
-5.97238
-8.23443
-5.79861
-7.03567
-1.51544
2.55375
-8.80428
-7.49197
1.13699
4.33824
-6.83013
0.782157
-1.23687
-2.71673
0.545124
-0.0382004
-2.33925
-1.61715
0.617869
-7.12554
6.01483
-1.10308
2.60262
-4.62278
-2.33102
-6.75976
4.82878
5.76232
2.17319
6.2163
-4.76742
-2.87616
-3.64615
-1.64262
-2.85247
0.302341
-1.97694
-3.19578
0.574563
