[293, 36, 36, 4]
0.0
0.0
0.0
0.0
0.0
0.0
0.0
0.0
0.0
0.0
0.0
0.0
0.0
0.0
0.0
0.0
0.0
0.0
0.0
0.0
0.0
0.0
0.0
0.0
0.0
0.0
0.0
0.0
0.0
0.0
0.0
0.0
0.0
0.0
0.0
0.0
0.0
0.0
0.0
0.0
0.0
0.0
0.0
0.0
0.0
0.0
0.0
0.0
0.0
0.0
0.0
0.0
0.0
0.0
0.0
0.754592
0.0
0.0
0.0
0.0
0.0
-1.49911
0.0
0.0
0.0
0.0
0.0
0.0
0.0
0.0
0.0
0.0
0.0
0.0
0.0
0.0
0.0
0.0
0.0
0.0
0.0
0.0
0.0
0.0
0.0
0.0
0.0
0.0
0.0
0.0
0.0
0.0
0.0
0.0
0.0
0.0
0.0
0.0
0.0
0.0
0.0
0.0
0.0
0.0
0.0
0.0
0.0
0.0
0.0
0.0
0.0
0.0
0.0
0.0
0.0
0.0
0.0
0.0
0.0
0.0
0.0
0.0
0.0
0.0
0.0
0.0
0.0
0.0
0.0
0.0
0.0
0.0
0.0
-0.703224
0.0
0.0
0.0
0.0
0.0
0.0
0.0
0.0
0.0
0.0
0.0
0.0
0.0
0.0
0.0
0.0
0.0
0.0
0.0
0.0
-0.0408111
0.0
0.0
0.0
0.0
0.0
0.0
0.0
0.0
0.0
0.0
0.0
0.0
0.0
0.0
0.0
0.0
0.0
0.0
0.0
0.0
0.0
0.0
0.0
0.0
0.0
0.0
0.0
0.0
0.0
0.13422
0.0
0.0
0.0
0.0
0.0
0.0
0.0
0.0
0.0
0.0
0.0
0.0
0.0
-0.192037
-1.03465
0.0
0.0
0.0
0.0
0.0
0.0
0.0
0.0
0.0
0.0
0.0
0.0
-0.0171163
0.0
0.0
0.0
0.0
0.0
0.0
0.0
0.0
0.0
0.0
0.0
0.0
0.0
0.0
0.0
0.0
0.0
0.0
0.0
0.0
1.64099
0.0
0.0
0.0
0.0
0.0
0.246201
0.0
0.0
0.0
0.0
-0.707019
0.0
0.0
0.0
0.0
0.0
0.0
0.0
0.0
0.0
0.0
0.0
0.0
0.0
0.0
0.0
0.0
0.0
0.0
0.0
0.0
0.0
0.0
0.0
0.0
0.0
0.0
0.0
0.0
0.0
0.0
0.0
0.0
0.0
0.0
0.0
0.0
0.0
0.0
0.0
0.0
0.0
0.0
0.0
0.0178675
0.325193
-0.00219819
-0.113304
0.114357
-0.418351
0.342638
-0.277011
0.070602
0.048403
-0.0937212
0.755071
-0.390923
-0.0977689
0.128918
-0.015687
0.111081
-0.338471
0.0344095
0.0549111
0.733916
0.206123
-0.278711
0.0673246
0.67801
-0.0742564
0.0538238
0.015245
0.00732438
0.134491
-0.730774
-0.0235973
0.259987
-0.0105423
0.603557
-0.607302
0.0
0.0
0.0
0.0
0.0
0.0
0.0
0.0
0.0
0.0
0.0
0.0
0.0
0.0
0.0
0.0
0.0
0.0
0.0
0.0
0.0
0.0
0.0
0.0
0.0
0.0
0.0
0.0
0.658154
0.0
0.0
0.726905
0.0
0.0
0.0
0.0
0.0
0.0
0.0
0.0
0.0
0.0
0.151296
0.0
0.0
0.0
0.0
0.0
0.0
0.0
0.0
0.0
0.0
0.0
0.0
0.0
0.0
0.0
0.0
0.0
0.0
0.0
0.0
0.0
0.0
0.0
0.0
0.0
0.0
0.0
0.0
0.0
0.0
0.0
0.0
0.0
0.0
0.0
0.0
0.0
0.0
0.0
0.0
0.584983
0.845084
0.0
0.0
0.0
0.0
0.0
0.0
0.0
0.0
0.0
-1.33855
0.0
0.0
0.0
0.0
0.0
0.0
0.0
0.0
0.0
0.0
0.0
0.0
0.0
0.0
0.0
0.0
0.0
0.0
0.0
0.0
0.0
0.0
0.0
0.0
0.0
0.0
0.0
0.0
0.0
0.0
0.0
0.0
0.0
0.0
0.0
0.0
0.0
0.0
0.0
0.0
0.0
0.0
0.0
0.0
0.0
-0.427757
0.0
0.0
0.0
0.0
0.0
0.0
0.0
0.0
0.0
0.0
0.0
0.0
0.0
0.0
0.0
0.0
0.0
0.0
0.0
0.0
0.0
0.0
0.0
0.0
0.0
0.0
0.0
1.43969
0.0
0.0
0.0
0.0
0.0
0.0
0.0
0.0
0.0
0.0
1.6714
0.0
-0.414535
0.0
0.0
0.0
0.0
0.0
0.0
0.0
0.0
0.0
0.0
0.0
0.0
0.0
0.0
0.0
0.0
0.0
0.0
0.0
0.0
0.0
0.0
0.0
0.0
0.0
0.0
0.0
0.0
0.0
0.0
0.0
0.0
-1.49387
0.0
0.0
0.402474
0.0
0.807836
0.0
0.0
0.0
0.0
0.0
0.0
0.0
0.0
0.0
0.0
0.0
0.0
-0.545235
0.0
0.0
0.0
0.0
0.0
0.0
0.0
0.0
0.0
0.0
0.0
0.0
0.0
0.0
0.0
0.0
0.0
0.0
0.0
0.0
0.0
0.0
0.0
0.0
-2.21644
0.0
0.0
0.0
0.0
0.338971
0.0
0.0
0.0
0.0
0.0
0.0
0.0
0.0
0.0
0.0
0.0
0.0
0.0
0.0
0.0
0.0
0.0
0.0
0.0
0.0
-0.531357
0.0
0.0
0.0
0.0
0.0
0.0
0.0
0.0
0.0
0.0
0.0996654
2.37112
0.0
0.0
0.0
0.0
0.0
0.0
0.0
0.0
0.0
0.0
0.0
0.0
0.0
0.0
0.0
0.0
0.0
0.68506
1.02114
0.0
0.0
1.6873
0.0
0.0
0.0
0.0
0.0
0.0
0.0
-0.916376
0.0
0.0
0.0
0.0
0.0
0.0
0.0
0.0
0.0
0.0
0.0
0.0
0.0
0.0
0.0
0.0
0.0
0.0
0.0
0.0
0.0
0.0
0.0
0.0
0.0
0.0
0.0
0.0
0.0
0.0
0.0
0.0
0.0
0.0
0.0
0.0
0.0
0.0
0.0
0.0
0.0
0.0
0.0
0.0
0.0
0.0
0.0
0.0
0.0
0.0
0.0
0.0
0.0
0.0
0.0
0.0
0.0
-1.09333
0.0
0.0
0.0
0.238712
0.0
0.0
0.0
0.0
0.0
0.0
0.0
0.0
0.0
0.0
0.0
0.0
0.0
0.0
0.0
0.0
0.0
0.0
0.0
0.0
0.0
0.0
0.0
0.0
0.0
0.0
0.0
0.0
0.0
0.0
0.0
0.0
0.0
0.0
0.0
0.0
0.275665
0.0
0.0
0.0
0.0
0.0
0.0
0.0
0.0
0.0
0.0
0.0
0.0
0.0
0.840966
0.0
0.0
0.0
0.0
0.0
0.0
0.545655
0.0
0.0
-1.51264
0.0
0.0
0.0
0.0
0.0
0.0
0.0
0.0
0.0
0.0
0.0
0.0
0.0
0.0140802
0.0
0.0
0.0
0.0
0.0
0.0
0.0
0.0
0.0
0.0
0.0
0.0
0.0
0.0
0.0
0.0
0.0
0.0
0.0
0.0
0.0
0.0
0.0
0.0
0.0
0.0
0.0
0.0
0.0
0.0
0.0
0.0
0.0
0.0
0.0
0.0
0.0
0.0
1.1611
0.0
0.0
0.0
0.0
0.0
0.0
0.0
0.0
0.0
0.0
0.0
0.0
0.0
0.0
0.0
0.0
0.0
0.0
0.0
0.0
0.0
0.0
0.0
0.0
0.0
0.0
0.0
0.0
0.0
0.0
0.0
0.0
0.0
0.0
0.0
0.0
0.0
0.0
0.0
0.0
0.0
0.0
0.0
0.0
0.0
0.0
0.0
0.0
0.0
0.0
0.0
0.0
0.0
0.0
0.0
0.0
0.0
0.0
0.0
0.0
0.0
0.0
0.0
0.0
0.0
0.0
0.0
0.0
0.0
0.0
0.0
0.0
0.0
0.0
0.0
0.0
0.0
0.0
0.0
0.0
0.0
0.0
0.0
0.0
0.0
0.0
0.0
0.0
0.0
0.0
0.0
0.0
0.0
0.0
0.0
0.0
0.0
0.0
0.0
-0.277212
0.0
0.0
0.0
0.0
0.0
0.0
0.0
0.0
0.0
0.0
0.0
0.0
0.0
0.0
0.0
0.0
0.0
0.0
0.0
0.0
0.0
0.0
0.0
0.0
0.0
0.0
0.050726
0.0
0.240276
0.0
0.0
0.0
0.0
0.0
0.0
0.0
0.0
0.0
0.0
0.0
0.0
0.0
0.0
0.0
0.0
0.0
0.0
0.0
0.0
0.0
0.0
0.0
0.0
0.0
0.0
0.0
0.0
0.0
0.0
0.0
0.0
0.0
0.0
0.0
0.0
0.0
0.0
0.0
0.0
0.0
0.0
0.0
0.0
0.0
0.0
0.0
0.0
0.0
0.0
0.0
0.0
0.0
0.0
0.0
0.0
0.0
0.0
0.0
0.0
0.0
0.0
0.0
0.0
0.0
0.0
0.0
0.0
0.0
0.0
0.0
0.0
0.0
0.0
0.0
0.0
0.0
0.0
0.0
0.0
0.0
0.0
0.0
0.0
0.0
0.0
0.0
0.0
0.0
0.0
0.0
0.468514
0.0
0.0
0.0
0.0
0.0
0.0
0.0
0.0
0.0
0.0
0.0
0.0
0.0
0.0
0.0
0.0
0.0
0.0
0.0
0.0
0.0
0.0
0.0
0.0
0.0
0.0
0.0
0.0
0.0
0.0
0.0
0.0
0.0
0.0
0.0
-0.752504
0.0
0.0
0.0
0.0
0.0
0.0
0.0
0.0
0.0
0.0
0.0
0.0
0.0
0.0
1.33829
0.0
0.0
0.0
0.0
0.0
0.0
0.0
0.0
0.0
0.0
0.0
0.0
0.0
0.0
0.0
0.0
0.0
0.0
0.0
0.0
0.0
0.0
0.0
0.0
0.0
0.0
0.0
0.0
0.0
0.0
0.0
0.0
0.0
0.0
0.0
0.0
0.0
0.0
-0.777868
0.0
0.0
0.0
0.0
0.0
0.0
0.0
0.0
0.0
0.0
0.0
0.0
0.0
0.0
0.0
0.0
0.0
0.0
0.0
0.0
0.0
0.0
0.0
0.0
0.0
0.0
0.0
0.0
0.0
0.0
0.0
0.0
0.0
0.0
0.0
0.0
0.0
0.0
0.0
0.0
0.0
0.0
0.0
0.0
0.0
0.0
0.0
0.0
0.0
0.0
0.0
0.0
0.0
0.0
0.0
-1.55197
0.0
0.0
0.0
0.0
0.0
0.0
0.0
0.0
0.0
0.0
0.0
0.0
0.0
0.0
0.0
0.0
0.0
1.18371
0.0
0.0
0.0
0.0
0.0
0.0
0.0
0.0
0.0
0.0
0.0
0.0
-0.572786
0.0
0.0
0.0
0.0
0.0
0.0
0.0
0.0
0.215223
0.0
0.0
0.0
0.0
0.0
0.0
0.0
0.0
0.0
0.0
0.0
0.0
-2.09048
0.0
0.0
0.0
0.0
0.0
0.0
0.0
0.0
-0.16876
0.0
0.0
0.0
0.0
0.0
0.0
0.0
0.0
0.0
0.0
0.0
0.0
0.0
0.0
0.0
0.0
0.0
0.0
0.0
0.0
0.0
0.0
0.0
0.0
0.0
0.0
0.0
0.0
1.00732
0.0
0.0
0.0
0.0
0.0
0.0
0.0
0.0
0.0
0.0
0.0
0.0
-0.0182977
0.562113
-0.0573094
-0.0661623
0.207347
0.237992
-0.338903
-0.423189
0.678888
-0.0106944
0.378559
0.438982
-1.14862
0.429653
-0.937833
0.0482524
0.142725
0.116131
-0.850942
0.776474
0.51026
0.526201
-0.524577
-0.0601613
0.0232374
-0.146527
-0.0592476
0.00522177
-0.0385871
-0.065461
-0.830765
-0.00352341
0.037596
0.501132
0.629404
0.486876
0.0
0.0
0.0
0.0
0.0
0.0
0.0
0.0
0.0
0.0
0.0
0.0
0.0
0.0
0.0
0.0
0.0
0.0
0.0
0.0
0.0
0.0
0.0
0.0
0.0
0.0
0.0
0.0
0.0
0.0
0.0
0.0
0.0
0.0
0.0
0.0
0.0
0.0
0.0
0.0
0.0
0.0
0.0
0.0
0.0
0.0
0.118102
0.0
0.0
0.0
0.0
0.0
0.0
0.0
0.0
0.0
0.0
0.0
0.0
-0.150394
0.0
0.0
0.0
0.0
0.0
0.0
0.0
0.0
0.0
0.16235
0.0
0.0
0.0
0.0
0.0
0.0
0.0
0.0
0.0
0.0
0.0
0.0
0.0
0.0
0.0
0.0
0.0
0.0
0.0
0.0
0.0
0.0
0.0
0.0
0.0
0.0
0.0
0.0
0.0
0.0
0.0
0.0
0.0
0.0
0.0
0.0
0.0
0.0
0.0
0.0
0.626087
0.0
0.0
0.0
0.0
0.0
0.0
0.0
0.0
0.0
0.0
0.0
0.0
0.0
0.0
0.0
0.0
0.0
0.0
0.0
0.0
0.0
0.0
0.0
0.0
0.0
0.0
0.0
0.0
0.0
0.64087
0.0
0.0
0.0
1.68488
0.0
0.0
0.0
0.0
0.0
0.0
0.0
0.0
0.0
0.0
0.0
0.0
0.0
0.0
0.0
0.0
0.0
0.0
0.0
0.0
0.0
0.0
0.0
0.0
0.0
0.0
0.0
0.0
0.0
0.0
0.0
0.0
0.0
0.0
0.0
0.0
0.0
0.0
0.0
0.0
0.0
0.0
0.0
0.0
0.0
0.0
0.0
0.0
0.0
0.0
0.0
0.0
0.0
0.0
0.0
0.0
0.0
0.0
0.0
0.0
0.0
0.0
0.0
0.0
0.0
0.0
0.0
0.0
-0.817204
0.0
0.0
0.0
0.0
0.0
0.0
0.0
0.0
0.0
0.0
0.0
0.0
0.0
0.0
0.0
0.0
0.0
0.0
0.0
0.0
0.0
0.0
0.0
0.0
0.0
0.0
0.0
0.0
0.0
0.0
0.0
-0.438858
0.0
0.0
0.0
0.0
0.0
0.0
0.0
0.0
0.0
0.0
0.0
0.0
0.0
0.0
0.0
0.0
0.0
0.0
0.0
0.0
0.0
0.0
0.0
0.0
0.0
0.0
0.0
0.0
0.0
0.0
0.0
0.0
0.0
0.0
0.0
0.0
0.0
0.0
0.0
0.0
0.0
0.0
0.0
0.0
0.0
0.0
0.0
0.0
0.0
-1.18538
0.0
0.0
0.0
0.0
0.0
0.0
0.0
0.0
0.0
0.0
0.0
0.0
0.0
0.0
0.0
0.0
0.0
0.0
0.0
0.0
0.0
0.0
0.0
0.0
0.0
0.0
0.0
0.0
0.0
0.0
0.0
0.0
0.0
0.0
0.0
0.0
0.0
0.0
0.0
0.0
0.0
0.854227
0.0
0.0
0.0
0.0
0.0
0.0
0.0
0.0
0.0
0.0
0.0
0.0
0.0
0.0
0.0
0.0
0.0
0.0
0.0
0.0
0.0
0.0
0.0
0.0
0.0
0.0
0.0
0.0
0.0
0.0
0.0
0.0
0.0
0.0
0.0
0.0
0.0
0.0
0.0
0.0
0.0
0.0
0.0
0.0
0.0
0.0
0.0
0.0
0.0
0.0
0.46944
0.0
0.208914
0.0
-2.50048
0.0
0.0
0.0
0.00341622
0.057549
0.178264
0.0841594
-0.0813283
-0.250349
0.460753
-0.169474
-0.150464
0.0638725
-0.0348228
0.236778
0.0121497
0.0124534
-0.092969
0.0343292
0.230665
-0.0929476
-0.0812258
0.00606578
1.19315
-0.0978769
-0.0849988
-0.235696
-0.213433
0.0593008
-0.602147
-0.0592318
-0.0703541
0.0303467
-0.28542
-2.69685
-0.140232
-0.172509
0.0409737
-0.144638
0.0
0.0
0.0
0.0
0.0
0.0
0.0
0.0
0.0
0.0
0.0
0.0
0.0
0.0
0.0
0.0
0.0
0.0
0.0
0.0
0.0
0.0
0.0
0.0
0.0
0.0
0.0
0.0
0.0
0.0
0.0
0.0
0.0
0.0
0.0
-2.47152
0.506431
0.0
0.0
0.0
0.0
0.0
0.0
0.0
0.0
0.0
0.0
0.0
0.0
1.75497
0.0
0.0
0.0
0.0
0.0
0.0
0.0
0.0
0.0
0.0
0.0
0.0
0.0
0.0
0.0
0.0
0.0
0.0
0.0
0.0
0.0
0.0
0.0
0.0
0.0
0.0
0.0
0.0
0.0
0.0
0.0
0.0
0.0
0.0
0.0
0.0
0.0
0.0
-0.0533757
0.0
0.0
0.0
0.0
0.0
0.0
0.0
0.0
0.0
0.0
0.0
0.0
0.0
0.0
0.0
0.0
0.0
0.0
0.0
0.0
0.0
0.0
0.0
0.0
0.0
0.0
0.0
0.0
0.0
0.0
0.0
0.0
0.0
0.0
0.0
0.0
0.0
0.0
0.0
0.0
0.0
0.0
0.0
0.0
0.0
0.0
0.0
0.0
0.0
0.0
0.0
0.0
0.0
0.0
0.0
0.0
0.0
0.0
-2.00773
0.0
0.0
1.05748
0.0
0.0
0.0
0.0
0.0
0.0
0.0
0.0
0.0
0.0
0.0
0.0
0.0
0.0
0.0
0.0
1.29668
0.0
0.0
0.0
0.0
0.0
0.0
0.0
0.0
0.0
0.0
0.0
0.0
0.0
0.0
0.0
0.0
0.0
0.0
0.0
0.0
0.0
0.0
0.0
0.0
0.436197
0.0
0.9239
-0.405907
0.0
0.0
0.0
0.0
0.0
0.0
0.0
0.0
0.0
0.0
0.0
0.0
0.0
0.0
0.0
0.0
0.0
0.0
0.0
0.0
0.277903
0.0
0.0
0.0
0.0
0.0
0.0
0.0
0.0
0.0
0.0
0.0
0.0
0.0
0.0
0.0
0.0
0.0
0.641754
0.0
0.0
0.0
0.0
0.0
0.0
0.0
0.0
0.0
0.0
0.0
0.0
0.0
0.0
0.0
0.0
0.0
0.0
0.0
0.0
0.0
0.0
0.0
0.0
0.0
0.0
0.0
0.0
0.0
0.0
0.0
0.0
0.0
0.0
0.0
0.0
0.670506
0.0
0.0
0.0
0.0
0.0
0.0
0.0
0.0
0.0
0.0
0.0
0.0
0.0
0.0
0.0
0.0
0.0
0.0
0.0
0.0
0.0
0.0
0.0
0.0
0.0
0.0
0.0
0.0
0.0
0.0
0.0
0.0
0.0
0.0
0.0
0.0
0.0
0.0
0.0
0.0
0.0
0.0
3.01451
0.0
0.0
1.27608
0.0
0.0
0.0
0.0
0.0
0.0
0.0
0.0
0.0
0.0
0.0
0.0
0.0
0.0
0.0
0.0
0.0
0.0
0.0
0.0
0.0
0.0
0.0
0.0
0.0
0.0
0.0
0.0
0.187961
0.0
0.0
0.0
0.0
0.0
0.0
0.0
0.0
0.0
0.0
0.0
0.0
0.0
0.0
0.0805006
0.0
0.0
0.0
0.0
0.0
0.0
0.0
0.0
0.0
0.0
0.0
0.0
0.0
0.0
0.0
0.0
0.0
0.0
0.0
0.0
0.0
0.0
0.0
0.0
0.0
0.0
0.0
0.0
0.0
0.0
0.0
0.0
0.0
0.0
0.0
0.0
0.0
0.0
0.0
0.0
0.0
0.0
0.0
0.0
0.0
0.0
-1.05184
0.0
0.0
0.0
0.0
0.0
0.0
0.0
0.0
0.0
0.0
0.0
0.0
0.0
0.0
0.0
0.0
0.0
0.0
0.0
0.0
0.0
0.0
0.0
0.0
0.0
0.0
0.0
0.565707
0.0
0.0
0.0
0.0
0.0
0.0
0.0
-2.60027
0.0
0.0
0.0
0.0
0.0
0.0
0.0
0.0
0.0
1.59505
0.0
0.0
-0.475818
0.0
0.0
0.0
0.0
0.480752
0.0
0.0
0.0
0.0
0.0
0.0
0.0
0.0
0.0
0.0
0.0
0.0
0.0
0.0
0.0
0.0
0.0
0.0
0.0
0.0
0.0
0.0
1.08648
0.0
-1.37481
0.0
0.0
0.0
0.0
0.0
0.0
0.0
0.0
0.0
0.0
0.0
0.0
0.0
0.0
0.0
0.0
0.0
0.0
0.0
0.0
0.0
0.0
0.0
0.0
0.0
0.0
0.0
0.0
0.0
0.0
0.0
0.0
0.0
0.0
0.0
0.0
0.0
0.0
0.0
0.0
0.0
0.0
0.0
0.0
0.0
0.0
0.0
0.0
-0.120601
0.0
0.0
0.0
0.0
0.0
0.0
0.0
0.0
0.0
0.0
-0.306505
0.0
0.0
0.0
0.0
0.0
0.0
0.0
0.0
0.0
0.0
0.0
0.0
0.0
0.0
0.0
0.0
0.0
0.0
0.0
0.0
0.0
0.0
0.0
0.0
0.0
0.0
0.0
0.0
0.0
0.0
0.0
0.0
0.0
0.0
0.0
0.0
0.0
0.0
0.0
0.0
0.0
0.0
0.0
0.0
0.0
0.0
0.0
0.0
0.0
0.0
0.0
0.0
0.0
0.0
0.0
0.0
0.0
0.0
0.0
0.0
0.0
0.0
0.0
0.0
0.0
0.0
0.0
0.0
0.0
0.0
0.0
0.0
0.0
0.0
0.0
0.0
0.0
0.0
0.0
0.0
0.0
0.0
0.0
0.0
0.0
0.622399
0.778362
0.0
0.0
0.0
0.0
0.0
0.0
0.0
0.0
0.0
0.0
0.0
0.0
0.0
0.0
0.0
0.0
0.0
0.0
0.0
0.0
-0.356085
0.0
0.0
0.0909569
0.0
0.0
0.0
0.0
0.0
0.0
0.0
0.0
0.0
0.0
0.0
0.0
0.0
0.0
0.0
0.0
3.20229
0.0
0.0
0.0
0.266463
0.0
0.0
0.0
0.0
0.0
0.0
0.0
0.0
0.0
0.0
0.0
0.0
0.0
0.0
0.0
0.0
0.0
0.0
0.0
0.0
-1.41475
0.0
0.0
0.0
0.0
0.0
0.0
0.0
0.0
0.0
0.0
0.0
0.0
0.0
0.0
0.0
0.0
0.0
0.0
0.0
0.0
0.0
0.0
0.0
0.0
0.0
0.0
0.0
0.0
0.0
0.0
0.0
0.0
0.0
-0.186656
0.0
0.0
0.0
0.0
0.0
0.0
0.0
0.0
0.0
0.0
0.0
0.0
0.0
0.0
0.0
0.0
0.0
0.0
0.0
0.0
0.0
0.0
0.0
0.0
0.0
0.0
0.0
0.0
0.0
0.0
0.0
0.0
0.0
0.0
0.0
0.0
0.0
0.0
0.0
0.0
0.0
0.0
0.0
0.0
0.0
0.0
0.0
0.0
0.0
0.0
0.0
0.0
0.0
0.0
0.0
0.0
0.0
0.0
0.0
0.0
0.0
0.0
0.0
0.0
0.0
0.0
0.0
0.0
0.0
0.0
0.0
-0.841776
0.0
-0.453203
0.0
0.0
0.0
0.0
-0.00858541
0.0
0.0
0.0
0.0
0.0
2.36732
-0.455285
0.453574
0.0
0.0
0.0
0.0
0.0
0.0
0.0
0.0
0.0
0.0
0.0
0.0
0.0
0.0
0.0
0.0
0.0
0.0
0.0
0.0
0.0
0.0
0.0
0.0
0.0
0.0
0.0
0.0
0.0
0.0
0.0
0.0
0.0
0.0
0.0
0.0
0.0
0.0
0.0
0.0
0.0
0.0
0.0
0.0
0.0
0.0
0.0
0.0
0.0
0.0
0.0
0.0
0.0
0.0
0.0
0.0
0.0
0.0
0.0
0.0
0.0
0.0
0.0
0.0
0.0
0.0
-1.06872
0.0
0.0
0.0
0.0
0.0
0.0
0.0
0.0
0.0
0.0
0.0
0.0
0.0
0.0
0.0
0.0
0.0
0.0
0.0
0.0
0.0
0.0
0.0
0.0
0.0
0.0
0.0
0.0
0.0
0.0
0.0
0.0
0.0
0.0
0.0
0.0
0.0
0.0
0.0
0.0
0.0
0.0
0.0
0.0
0.0
0.0
0.0
0.0
0.0
0.0
0.0
0.0
0.0
0.0
0.0
0.0
0.0
0.0
0.0
0.0
0.0
0.0
0.0
0.0
0.0
0.0
0.0
0.0
0.951207
0.0
0.0
0.0
0.0
0.0
0.0
0.0
0.0
0.0
0.0
0.0
0.0
0.0
0.0
0.0
0.0
0.0
0.0
0.0
0.0380935
0.0
0.0
0.0
0.0
0.0
0.0
0.0
0.0
0.0
0.0
0.0
0.0
0.0
0.0
0.0
0.0
0.0
0.0
0.0
0.0
0.0
0.0
0.0
0.0
0.0
0.0
0.0
0.0
0.0
0.0
0.0
0.0
0.0
0.0
0.0
-0.575741
0.0
0.0
0.0
0.0
0.0
0.0
0.0
0.0
1.49096
0.0
0.0
-1.37235
0.0
0.0
0.0
0.0
0.0
0.0
0.0
0.0
0.0
0.0
0.0
0.0
0.0
0.0
0.0
0.0
0.0
0.0
0.0
0.0
0.0
0.0
0.0
0.0
0.0
0.0
0.0
0.0
0.0
0.833544
0.0
0.0
-0.144837
0.0
0.0
0.0
-0.332788
0.0
0.0
0.0
0.0
0.0
1.62904
0.0
0.0
0.0
0.0
0.0
0.0
0.0
0.0
0.0
0.0
0.0
0.0
0.0
0.0
0.0
0.0
0.0
0.0
0.0
0.0
0.0
0.0
0.0
0.0
0.0
0.0
0.0
0.0
0.0
0.0
0.0
0.0
0.0
0.0
0.0
0.0
0.0
0.0
0.0
0.0
0.0
0.0
0.0
0.0
0.0
0.0
0.0
0.0
0.0
0.0
0.0
0.0
0.0
-0.296963
0.0
0.0
0.0
0.0
0.0
0.0
0.0
0.0
0.0
0.0
0.0
0.0
0.0
0.0
0.0
0.0
0.0
0.0
0.0
0.0
0.0
0.0
0.0
0.0
0.308992
0.0
0.0
0.0
0.0
0.0
0.0
0.0
0.0
0.0
0.0
0.0
-1.50205
0.0
0.0
0.0
0.0
0.0
0.0
0.0
-0.46145
0.0
0.0
0.0
-0.623956
0.0
0.0
0.0
0.0
0.0
-0.507126
0.0
0.0
0.0
0.0
0.0
0.0
0.0
0.0
0.0
0.0
0.0
0.0
-1.47945
0.0
0.0
0.0
0.0
0.0
0.0
0.0
-1.0666
0.0
0.0
0.0
-0.866363
0.0
0.0
0.0
0.0591899
0.0
0.0
0.0
0.0
0.0
0.0
0.0
0.0
0.0
0.0
0.0
0.0
0.0
0.0
0.0
0.0
0.0
0.0
0.0
-0.260533
0.0
0.0
0.0
0.0
0.0
0.0
0.0
0.0
0.0
0.0
0.0
0.0
0.0
0.0
0.0
0.0
0.0
0.0
0.0
0.0
0.0
0.0
0.0
0.0
0.0
0.0
0.0
0.0
0.0
0.0
0.0
-1.45563
0.0
0.0
0.0
0.0
0.0
0.0
0.0
0.0
0.0
0.0
0.0
0.0
0.0
0.0
0.0
0.0
0.0
0.0
0.0
0.0
0.0
0.0
0.0
0.0
1.71906
0.0
0.0
0.0
-0.962917
0.0
0.0
0.0
0.0
0.0
0.0
0.0
0.0
0.0
0.0
0.0
0.0
0.0
0.0
0.0
0.0
0.0
0.0
0.0
0.0
0.0
0.0
0.0
0.0
0.0
0.0
0.0
0.0
0.0
0.0
0.0
0.0
0.0
0.0
0.0
0.0
-1.20776
0.0
0.0
0.0
0.0
0.0
0.0
0.0
0.0
0.0
0.0
0.0
0.0
0.0
0.0
0.0
0.0
0.0
0.0
0.0
0.0
0.0
0.0
0.0
0.0
0.0
0.0
0.0
0.0
0.0
0.0
0.0
0.0
0.0
0.0
0.0
0.0
0.0
0.0
-0.447264
0.0
0.0
0.0
0.0
0.729803
0.0
0.0
0.0
0.0
0.0
0.0
0.0
0.0
0.0
0.0
0.992797
0.0
0.222507
0.0
0.0
0.0
0.0
0.0
0.0
0.0
0.0
0.0
-1.69559
0.0
0.0
0.0
0.0
0.0
0.0
0.0
0.0
0.0
0.0
0.0
0.0
0.0
0.0
0.0
0.0
0.0
0.0
0.0
0.0
0.0
0.0
0.0
0.0
0.0
0.0
0.0
0.0
0.0
0.0
0.0
0.0
0.0
0.0
0.0
0.0
0.0
0.0
0.0
0.0
0.0
0.0
0.0
0.0
0.0
0.0
0.0
0.0
0.0
0.0
0.0
0.0
0.0
0.0
0.0
0.288422
0.0
0.0
0.0
0.0
0.0
0.0
0.0
0.0
0.0
0.0
0.0
0.0
0.0
0.0
0.0
0.0
0.0
0.0
0.0
0.0
0.0
0.0
0.0
0.0
0.0
0.0
0.0
0.0
0.0
0.0
-0.278855
0.0
0.0
0.0
0.0
0.0
0.0
0.0
0.0
0.0
-0.339651
0.0
0.0
0.0
0.0
0.0
0.0
-0.463625
0.0
-0.707373
0.0
0.0
0.0
0.0
0.0
0.0
0.0
0.0
0.0
0.0
0.0
0.0
0.0
0.0
0.0
0.0
0.0
0.0
0.0
0.0
0.0
0.0
0.0
0.0
0.0
0.0
0.0
0.0
0.0
0.0
0.0
0.0
0.0
0.0
0.0
0.0
0.0
0.0
0.0
0.0
0.0
0.0
0.0
-1.8363
0.0410576
0.0
0.0
0.0
0.0
0.0
0.0
0.0
0.0
0.0
0.0
0.0
0.0
0.0
0.0
0.0
0.0
0.0
0.0
0.0
0.0
0.0
0.0
-0.455211
0.0
0.0
0.0
0.0
0.0
0.0
0.0
0.0
0.0
0.0
0.0
0.0
0.0
0.0
0.0
0.0
0.0
0.0
0.0
0.0
0.0
0.0
0.0
0.0
0.0
0.0
0.0
0.0
0.0
0.0
0.0
0.0
0.0
0.0
0.0
0.0
0.0
0.0
0.0
0.0
0.0
0.0
0.0
0.0
0.0
0.0
0.0
0.0
0.0
0.0
0.0
0.0
0.0
0.0
0.0
0.0
0.0
0.0
0.0
0.0
0.0
0.0
0.0
0.0
0.0
0.0
0.0
0.0
0.0
0.0
0.0
0.146448
0.0
0.0
0.0
0.0
0.0
0.0
0.0
0.0
0.0
0.0
0.0
0.0
0.0
0.0
0.0
0.0
0.0
0.0
0.0
0.0
0.0
0.0
0.0
0.0
0.0
0.0
0.0
0.0
0.0
0.0
0.0
0.0
0.0
0.0
0.0
0.0
-1.91258
0.0
0.0
0.0
0.0
0.0
0.0
0.0
0.0
0.0
0.0
0.0
-0.616618
0.0
0.0
0.0
0.0
0.0
0.0
1.49482
0.0
0.0
0.0
0.0
0.0
0.0
0.0
0.0
0.0
0.0
0.0
0.0
0.0
0.0
0.0
0.0
0.0
0.0
0.0
0.0
0.0
0.0
0.0455014
0.0
0.0
0.607167
0.0
0.0
0.0
0.0
0.0
0.0
0.0
1.04983
0.0
0.0
0.0
0.0
0.0
0.0
0.0
0.0
0.0
0.0
0.0
0.0
0.0
0.0
0.0
0.0
0.0
0.0
0.0
0.0
0.0
-1.64392
0.0
0.0
0.0
0.0
0.0
0.0
0.0
0.0
0.0
-0.246038
0.0
0.0
0.0
0.0
0.0
0.469454
0.0
0.0
0.0
0.0
0.0
0.0
0.0
0.0
1.37049
0.0
0.0
-0.0159904
0.0
0.0
0.0
0.0
0.0
0.0
0.0
0.0
0.0
0.0
0.0
0.0
0.0
0.0
0.0
0.0
0.0
0.0
0.0
0.0
0.0
0.0
0.0
0.0
0.0
0.0
0.0
0.0
0.0
-1.63976
0.0
0.0
0.0
0.0
0.0
0.0
0.0
1.3162
0.0
0.0
0.0
0.0
0.0
0.0
0.0
0.0
0.0
0.0
0.0
0.0
0.0
0.0
0.0
0.0
0.0
0.0
0.0
0.0
0.0
-1.83329
0.0
0.0
0.0
0.0
0.0
0.0
0.0
0.0
0.0
0.0
0.0
0.0
0.0
0.0
0.0
0.0
0.545395
0.0
0.0
0.0
0.0
0.0
0.0
0.0
0.0
0.0
0.0
0.0
0.0
0.0
0.0
0.0
0.0
0.0
0.0
0.0
0.0
0.0
0.0
0.0
0.0
0.0
-1.602
0.0
0.0
0.0
0.0
0.0
0.0
0.0
0.0
0.0
0.0
0.0
0.0
0.0
0.0
0.0
0.0
0.0
0.0
0.0
0.0
0.0
0.0
0.0
0.0
0.0
0.0
0.0
0.0
0.0
0.0
0.0
0.0
0.0
0.0
0.0
0.0
0.0
0.0
0.0
0.0
0.0
0.0
0.0
0.0
0.0
0.0
0.0
0.0
0.0
0.0
0.0
0.0
0.0
0.0
0.0
0.0
0.0
0.0
0.0
0.0
0.0
0.0
0.0
-0.19979
0.0
0.0
0.0
0.0
0.0
0.0
0.0
0.0
0.0
0.0
0.0
0.0
0.0
0.0
0.0
0.0
0.0
0.0
0.0
0.0
0.0
0.0
0.0
0.0
0.0
0.0
0.0
0.0
0.0
0.0
0.0
0.0
0.0
0.0
0.0
0.0
0.0
0.0
0.0
0.0
0.0
0.0
0.0
0.0
0.0
0.0
0.0
0.0
0.0
0.0
0.0
0.0
0.0
0.0
0.0
0.0
0.0
0.0
0.0
0.0
-0.0986326
0.0
0.437755
0.0
0.0
0.0
0.0
0.0
0.0
0.0
0.0
0.0
0.0
0.0
0.0
0.0
0.0
0.0
0.0
0.0
0.0
0.0
0.0
0.0
0.0
0.0
0.0
-0.472623
0.0
0.0
0.0
0.0
0.0
0.0
0.0
0.0
0.0
0.0
0.0
0.0
0.0
0.0
0.0
0.0
0.0
0.0
0.0
0.0
0.0
0.0
0.0
0.0
0.0
0.0
0.0
0.0
0.0
0.0
0.0
0.0
0.0
0.0
0.0
0.0
0.0
0.0
0.0
0.0
0.0
0.0
0.0
0.0
0.0
0.0
0.0
0.0
0.0
0.0
0.0
0.0
0.0
0.0
0.0
0.0
0.0
0.0
0.0
0.0
0.0
0.0
0.0
0.0
0.0
0.0
0.0
0.0
0.0
0.0
0.0
0.0
-0.548146
0.0
0.0
0.0
0.0
0.0
0.0
0.0
0.0
0.0
0.0
0.0
0.0
0.0
0.0
0.0
-1.48391
-0.126728
0.0
0.0
0.0
0.0
1.95099
0.0
0.0
0.0
0.0
0.0
0.0
0.0
0.0
0.0
0.0
2.47014
0.0
0.0
0.0
0.0
0.0
0.0
0.0
0.0
0.0
0.0
0.0
0.0
0.0
0.0
0.0
0.0
0.0
0.0
0.0
0.0
0.0
0.0
0.0
0.0
0.0
0.0
0.0
0.0
0.0
0.0
0.0
0.0
0.0
0.0
0.0
0.0
0.0
0.0
0.0
0.0
0.0
0.0
0.0
0.0
0.0
0.0
0.0
0.0
0.0
0.0
0.0
0.0
0.0
0.0
0.0
0.0
0.0
0.0
0.0
0.0
0.0
0.0
0.0
0.0
0.0
0.0
0.0
0.0
0.0
0.0
0.0
0.0
0.0
0.0
0.0
0.0
0.0
0.0
0.0
0.0
0.0
0.0
0.0
0.0
0.0
0.0
0.0
0.721065
0.0
0.0
0.0
0.0
0.0
-1.9374
0.0
0.0
0.0
0.0
0.0
0.0
0.0
0.0
0.0
0.0
0.0
0.0
0.0
0.0
0.0
0.0
0.0
0.0
0.0
0.0
0.0
0.0
0.0
0.0
0.0
0.0
0.0
0.0
0.0
0.0
0.0
-1.98657
0.0
0.0
0.998754
0.0
0.0
0.0
0.0
0.0
0.0
0.0
0.0
0.0
-1.36702
0.0
0.0
0.0
0.0
0.0
0.0
0.0
0.0
0.0
0.0
0.0
0.0
0.0
0.0
0.0
0.0
0.0
2.13209
0.0
0.0
0.0
0.0
0.0
0.0
0.0
0.0
0.0
0.0
0.0
0.0
0.535811
0.0
0.0
0.0
0.0
0.0
0.0
0.0
0.0
0.0
0.0
0.0
0.0
0.0
2.83929
0.0
1.17066
0.0
0.0
0.0
0.0
0.0
0.0
-0.396682
0.0
0.0
0.0
0.0
0.0
0.0
0.0
0.0
0.0
0.0
0.0
0.0
0.0
0.0
0.0
0.0
-1.68767
0.0
0.0
0.0
0.0
0.0
0.0
0.0
0.0
0.0
0.0
0.0
0.0
0.0
0.0
0.0
0.0
0.0
0.0
0.0
0.0
0.0
0.0
0.0
0.0
0.0
0.0
0.555115
0.0
0.0
0.0
0.0
0.0
0.0
0.0
0.0
0.0
0.0
0.0
0.0
0.0
0.0
0.0
0.0
0.0
0.0
0.0
0.0
0.0
0.0
0.0
0.0
0.0
0.0
0.0
0.0
0.0
0.0
0.0
0.0
0.0
0.0
0.0
0.0
-0.677078
0.0
1.18627
0.0
0.0
0.0
0.0
0.0
0.0
0.0
0.0
0.0
0.0
0.0
0.0
0.0
0.0
0.0
0.0
0.0
0.0
0.0
0.0
0.0
0.0
0.0
0.0
0.0
0.0
0.0
0.0
0.0
-1.18962
0.0
0.0
0.0
0.0
0.0
0.0
0.0
0.0
0.0
0.0
0.0
0.0
0.0
0.0
0.0
0.0
0.0
0.0
0.0
0.0
0.0
0.0
0.0
0.0
0.0
0.0
0.0
0.0
0.0
0.0
0.0
0.0
0.0
0.0
0.0
0.0
0.0
0.0
0.0
0.0
0.0
0.0
0.0
0.0
0.0
0.0
0.0
0.0
0.0
0.0
0.0
1.04404
0.0
0.0
0.0
0.0
0.0
0.0
0.0
0.0
0.0
0.0
0.0
0.0
0.0
0.0
0.0
0.0
0.0
0.0
0.0
0.0
0.0
0.0
0.0
0.0
0.0
0.0
0.0
0.0
0.0
0.0
0.0
0.0
0.0
0.0
0.0
0.0
0.0
0.0
0.0
0.0
0.0
0.0
0.0
0.373644
0.0
0.0
0.0
0.0
0.0
0.0
0.0
0.0
0.0
0.0
0.0
0.0
0.0
0.0
0.0
0.0
0.0
0.0
0.0
0.0
0.0
0.0
0.0
0.0
1.14814
0.0
0.0
0.0
0.0
0.0
0.0
0.0
0.0
0.0
0.0
0.0
0.0
0.0
0.0
0.0
0.0
0.0
0.0590524
0.0
0.659151
0.0
0.0
0.0
0.0
0.0
0.0
0.0
0.0
0.0
0.0
0.0
0.0
0.0
0.0
0.0
0.0
0.0
0.0
0.0
0.0
0.0
0.0
0.0
0.0
0.0
0.0
0.0
0.0
0.0
0.0
0.0
0.0
0.0
0.0
0.0
0.0
0.0
0.0
0.0
0.0
0.0
0.0
0.0
0.0
0.0
0.0
0.0
0.0
0.0
0.0
0.0
0.0
0.0
0.0
0.0
0.0
0.0
0.0
0.0
0.0
0.0
0.0
0.0
0.0
0.0
0.0
0.0
0.0
0.0
0.0
0.0
0.0
0.0
0.0
0.0
0.0
0.0
0.0
0.0
0.0
0.0
0.0
0.0
0.0
0.0
0.0
0.0
0.0
0.0
0.0
0.0
0.0
0.0
0.0
0.0
0.0
0.0
0.0
0.0
0.0
0.0
0.0
0.0
0.0
0.0
0.0
0.0
0.0
0.0
0.0
0.0
0.26295
0.0
0.0
0.0
0.0
0.0
0.0
0.0
0.0
0.0
0.0
0.0
0.0
0.0
0.0
0.0
0.0
0.0
0.0
0.0
0.0
0.0
0.0
-0.22574
0.0
0.0
0.0
0.0
0.0
0.0
0.0
0.0
0.0
0.0
0.0
0.0
0.0
0.0
0.0
0.0
0.0
0.0
0.0
0.0
0.0
0.746799
0.0
0.0
0.0
0.0
0.0
0.0
0.0
0.0
0.0
0.0
0.0
0.0
0.0
0.0
0.0
0.0
0.0
0.0
0.0
0.0
0.0
0.783883
0.0
0.0
0.0
0.0
0.0
0.0
0.0
-1.46511
0.0
0.0
0.0
0.0
0.0
0.0
0.0
0.0
0.0
0.0
0.0
0.0
0.0
0.0
0.0
0.0
0.0
0.0
0.0
0.0
0.0
0.0
0.0
0.0
0.0
0.0
0.0
-0.780898
0.0
1.31304
0.0
0.0
0.0
0.0
-0.637041
0.0
-0.053435
0.0
0.0
0.0
0.0
0.0
-0.507316
-0.412529
0.0
0.0
0.0
0.0
0.0
0.0
0.0
0.0
0.0
0.0
0.0
0.0
0.0
0.0
0.0
0.0
0.746299
0.0
0.0
0.0
0.0
0.0
-1.2429
0.0
0.0
0.0
0.0
0.0
0.0
0.0
0.0
0.0
0.0
0.0
0.0
0.0
0.0
0.0
0.0
0.0
0.0
0.0
0.0
0.0
0.0
0.0
0.0
0.0
0.0
0.0
-1.29057
0.0
0.0
0.0
0.0
0.0
0.0
0.0
0.0
0.0
0.0
0.0
0.0
0.0
0.0
0.0
0.0
0.0
0.0
0.0
0.0
0.0
0.0
0.0
0.0
0.0
0.0
0.0
0.0
0.0
0.0
0.0
0.0
0.0
0.0
0.0
0.0
0.0
0.0
-1.08479
0.0
0.0
0.0
0.0
0.0
0.0
0.0
0.0
0.0
0.0
0.0
0.0
0.0
0.0
-0.532122
0.0
0.0
0.0
0.0
0.0
0.0
0.0
0.0
-0.518606
0.0
0.0
0.0
0.0
0.0
0.0
0.0
0.0
0.0
0.0
0.0
0.0
0.0
0.0
0.0
0.0
0.0
0.0
0.0
0.0
0.0
0.0
0.0
0.0
1.22461
0.0
0.0
0.0
0.0
0.0
0.67109
0.0
0.0
0.84863
0.0
0.0
0.0
0.0
0.0
0.0
0.0
0.0
0.0
0.0
0.0
0.0
0.0
0.0
0.0
0.0
0.0
0.0
0.0
0.0
-0.256874
0.0
0.0
0.0
0.0
0.0
0.0
0.0
0.0
0.0
0.0
0.0
0.0
0.0
0.0
0.0
0.0
0.0
0.0
0.0
-0.312497
0.0
0.0
0.0
0.0
0.0
0.0
0.0
0.0
0.0
0.0
0.0
0.0
0.0
0.0
0.0
0.0
0.0
0.0
0.0
0.0
0.0
0.0
0.0
0.0
0.0
0.0
0.0
0.0
0.0
0.0
0.0
0.0
0.0
0.0
0.0
0.0
0.0
0.0
-0.730691
0.0
0.0
0.0
0.0
0.0
0.0
0.0
0.0
0.0
0.0
0.0
0.0
0.0
0.0
0.0
0.0
0.0
0.0
0.0
-0.127589
0.0
0.0
0.0
0.0
0.0
0.0
0.0
0.0
0.0
0.0
0.0
0.0
0.0
0.0
0.0
0.0
0.0
0.0
0.0
0.0
0.0
0.0
0.0
0.0
0.0
0.0
0.0
0.0
0.0
0.0
-1.18911
0.0
0.0
0.0
0.0
0.0
0.0
0.0
0.0
0.0
0.0
0.0
0.0
0.0
0.0
0.0
0.0
0.0
0.0
0.0
0.0
0.0
0.0
0.0
0.0
0.0
0.0
0.0
0.0
0.0
0.0
0.0
0.0
0.0
0.0
0.0
0.0
-0.0016056
-1.07391
0.0622464
0.0237441
0.00661901
-0.0145267
-0.586699
-0.529594
1.33311
0.0272167
-0.00527647
-0.646046
-0.459469
-0.669791
0.953716
0.010041
0.0810256
-0.723628
-0.175598
1.05685
-1.53277
0.0636885
-0.701015
0.467998
0.394473
0.675413
-1.01848
0.0374306
-0.0482631
0.229854
-0.214642
-0.00858506
0.0135141
0.909387
0.934327
0.628561
0.0
0.806305
0.0
0.0
0.0
0.0
0.0
0.0
0.0
0.0
0.0
0.0
0.0
1.293
0.0
0.0
0.0
0.0
0.0
0.0
0.0
0.0
0.0
0.0
0.0
0.0
-0.847339
0.0
0.0
0.0
0.0
0.0
0.0
0.0
0.0
0.0
0.0
0.0
0.0
0.0
0.0
0.0
0.0
0.0
0.0
0.0
0.0
-0.125072
0.0
0.0
0.0
0.0
0.0
0.0
0.0
0.0
0.0
0.0
0.0
0.0
0.0
0.0
0.0
0.0
0.0
0.0
1.4358
0.0
0.0
0.0
0.0
0.0
0.0
0.0
0.0
0.0
0.0
0.0
0.0
0.0
0.0
0.0
0.0
0.0
0.0
0.0
0.0
0.0
0.0
0.0
0.0
0.0
0.0
0.0
0.0
0.0
0.0
0.0
0.0
0.0
0.0
0.0
0.0
0.0
0.0
0.0
0.0
0.0
0.0
0.0
0.0
0.0
-1.03767
0.0
0.0
-0.645111
0.271184
0.0
0.0
0.0
0.0
0.0
0.0
0.492182
0.0
0.0
0.0
0.0
0.0
0.0
0.0
0.0
0.0
0.0
0.0
0.0
0.0
0.0
0.0
0.0
0.0
0.0
0.0
0.0
0.0
0.0
0.0
0.0
0.0
0.0
0.0
0.0
0.0
0.0
0.0
0.0
0.0
0.0
0.0
0.0
0.0
0.0
0.0
0.0
0.0
0.0
0.0
0.0
0.0
0.0
0.0
0.0
0.0
0.0
0.0
0.0
0.0
0.0
0.0
0.0
0.0
0.0
0.0
0.0
0.0
0.0
0.0
0.0
0.0
0.0
0.0
0.0
-0.826154
0.0
0.0
-2.86432
0.0
0.0
0.0
0.0
0.0
0.0
0.0
0.0
0.0
0.0
0.0
0.0
0.0
0.0
0.0
0.0
0.0
0.0
0.0
0.0
0.0
0.0
0.0
0.0
0.0
0.0
0.0
0.0
-1.55184
0.0
0.0
0.0
-1.36833
0.0
0.0
0.265576
0.0
0.0
-0.486342
0.0
0.0
0.0
0.0
0.0
0.0
0.0
0.0
0.0
0.0
0.0
-0.225969
0.0
0.0
0.0
0.0
0.0
0.0
0.0
0.0
0.0
0.0
0.0
0.0
0.0
0.0
0.0
0.0
0.0
0.0
0.0
0.0
0.0
0.0
0.0
0.0
0.0
0.0
-0.702655
0.0
0.0
0.0
0.0
0.0
0.0
0.0
0.0
0.0
0.0
0.254546
0.0
0.0
0.0
0.675159
0.0
0.0
0.0
0.0
0.0
0.0
0.0
0.0
0.0
0.0
0.0
0.0
0.0
0.0
0.0
0.0
0.0
0.0
0.0
0.0
0.0
0.0
0.0
-0.0735975
0.0
0.0
0.0
0.0
0.0
0.0
0.0
0.0
0.0
0.0
0.0
0.0
0.0
0.0
0.0
0.0
0.0
0.0
0.0
0.0
0.0
0.0
-1.09584
0.0
1.3541
0.0
0.0
0.0
0.0
-1.70561
0.03249
0.0
0.0
0.0
0.0
0.0
0.0
0.0
0.0
0.0
0.47356
0.0
0.0
0.0
0.0
0.0
0.0
0.0
0.0
0.0
0.0
0.0
0.0
0.0
0.0
0.0
0.0
0.0
0.0
0.0
0.0
0.0
0.0
0.0
0.0
0.0
0.0
0.0
0.0
0.0
0.0
0.0
0.0
1.00113
0.0
0.0
0.0
0.115252
0.0
0.0
0.0
-2.84673
0.0
0.0
0.0
0.0
0.0
0.0
0.0
0.0
0.0
0.0
0.0
0.0
0.0
0.0
0.0
0.0
0.0
0.0
0.0
0.0
0.0
0.0
0.0
0.0
0.0
0.0
0.0
0.0
0.0
0.0
0.0
0.0
0.0
0.0
-1.79361
0.0
0.0
0.0
0.0
0.0
0.0
0.0
-0.364092
0.0
0.0
0.0
0.0
0.0
0.0
0.0
0.0
0.0
0.0
0.0
0.0
0.0
0.0
0.0
0.0
0.0
0.0
0.0
0.0
0.0
0.0
0.0
0.0
0.0
0.0
0.0
0.0
0.0
0.0
0.0
0.0
0.0
0.0
0.0
0.0
0.0
0.0
0.0
0.0
0.0
0.0
0.0
0.0
0.0
0.0
0.0
0.0
0.0
0.0
0.0
0.0
0.0
0.0
0.0
0.0
0.665946
0.0
0.0
0.0
0.0
0.0
0.913205
0.0
0.0
0.0
0.987098
0.0
0.0
0.0
0.0
0.0
0.0
0.0
0.0
0.0
0.0
0.0
0.0
0.0
0.0
0.0
0.0
0.0
0.0
0.0
0.0
0.0
-2.06897
0.0
0.0
0.0
0.0
0.0
0.0
0.0
0.0
0.0
0.0
0.0
0.0
0.0
-0.0295258
-0.105773
0.1964
0.296085
-0.465007
-0.0949808
0.387644
-0.00951391
-0.338278
0.00246669
-0.159136
-0.158681
-0.503504
-0.498295
-0.169512
0.0150065
0.0298222
0.0742308
0.0455152
0.146491
1.26256
-0.0622404
0.308879
-0.06438
-0.148138
-0.0219916
-0.419047
-0.166224
-0.249448
-0.0024186
-0.283596
0.0587598
-0.0536699
-0.168442
-0.176786
-0.125272
0.0
0.0
0.0
0.0
0.0
0.0
0.0
0.0
0.0
0.0
0.0
0.0
0.0
0.0
0.0
0.0
0.0
0.0
0.0
0.0
0.0
0.0
0.0
0.0
0.0
0.0
0.0
0.0
0.0
0.0
0.0
1.2744
0.0
0.0
0.0
0.0
0.0
0.0
0.0
0.0
0.0
0.0
0.0
0.0
0.0
0.0
0.0
0.0
0.0
0.0
-1.74747
0.0
0.0
0.0
0.0
0.0
0.0
0.0
0.0
0.0
0.0
0.0
0.0
0.0
0.0
0.0
0.0
0.0
0.0
0.0
0.0
0.0
0.0
0.0
0.0
0.0
-1.63914
-0.917463
0.0
0.0
0.0
0.0
0.0
0.849852
0.0
0.0
0.0
-0.416782
0.0
0.0
0.0
0.0
0.0
0.0
0.0
0.0
0.0
0.0
0.0
0.0
0.0
0.0
0.0
0.0
0.0
0.0
0.0
0.0
0.0
0.0
0.0
0.0
0.0
0.0
0.766443
0.0
0.0
-2.10371
0.0
0.0
0.0
0.0
0.0
0.0810998
0.0
0.0
0.0
0.0
0.0
0.0
0.0
0.0
0.0
0.0
0.0
0.0
0.0
0.0
0.0
0.0
0.0
0.0
0.0
0.0
0.0
0.0
0.0
0.0
0.0
0.0
0.0
0.0
0.0
0.0
0.0
0.0
0.0
0.0
0.0
0.0
0.0
0.0
0.0
0.0
0.0
0.0
0.0
0.0
0.0
0.0
0.0
0.0
0.0
0.99182
0.0
0.0
0.0
0.0
0.0
0.0
0.0
0.0
0.0
-0.440201
0.0
0.0
0.0
0.0
0.0
0.0
1.31058
-0.101608
0.0
0.0
0.0
0.0
0.0
0.0
0.0
0.0
1.23992
0.0
0.0
0.0
0.0
0.370562
0.0
0.0
0.0
0.0
0.0
0.0
0.0
0.0
0.0
0.0
-0.325724
0.0
0.0
0.0
0.0
0.0
0.0
0.0
0.0
0.0
0.0
0.0
0.0
0.0
0.0
0.0
0.0
0.0
0.0
0.0
0.0
0.0
0.0
0.0
0.0
0.0
0.0
0.0
0.0
0.0
0.0
0.0
0.0
0.0
0.0
0.0
0.0
0.0
0.0
0.0
0.0
0.0
0.0
0.0
0.0
0.0
0.0
0.0
0.0
0.51291
0.0
0.0
0.0
0.0
0.0
0.0
0.0
0.0
0.0
0.0
0.0
0.0
0.0
0.0
0.0
0.0
0.0
0.0
0.0
0.0
-0.105923
0.0
0.0
0.0
0.0
0.0
0.0
0.0
0.0
0.0
0.0
0.0
0.0
0.0
0.0
0.0
0.0
0.0
0.0
0.0
0.0
0.0
0.0
-0.50858
0.0
0.0
0.0
0.0
0.0
0.271787
0.0
0.0
-2.3782
0.0
0.0
-0.641639
0.0
0.0
0.0
0.0
0.0
0.0
0.0
0.0
0.0
0.0
0.0
0.0
0.0
0.0
0.0
0.0
0.0
0.0
0.0
0.0
0.0
0.0
0.0
0.0
0.0
0.0
0.0
0.0
0.0
0.0
0.0
0.0
0.0
0.0
0.0
0.0
0.0
0.0
0.0
0.0
0.0
0.0
0.0
0.0
0.0
0.0
0.0
0.705147
0.0
0.0
0.0
0.608526
0.0
0.0
0.0
0.0
0.0
0.0
0.0
0.0
0.0
0.0
0.0
0.0
0.0
0.0
0.0
-0.331613
0.0
0.0
0.0
0.0
0.0
0.0
0.0
0.0
0.0
0.0
0.0
0.0
0.0
0.0
0.0
0.0
0.0
0.0
0.0
0.0
0.0
0.0
0.0
0.0
0.0
0.0
0.0
0.811012
0.0
0.0
0.0
0.0
0.0
0.0
0.0
0.418693
0.0
0.0
0.0
0.0
0.0
0.0
0.0
0.0
0.0
0.0
0.0
0.0
0.0
0.0
0.0
0.0
0.0
0.0
0.0
0.0
0.0
0.0
0.0
0.0
0.0
0.0
0.0
0.0
0.0
0.0
0.0
0.0
0.0
0.0
0.0
0.0
0.0
0.0
0.0
0.0
0.0
0.0
-0.458101
0.0
1.22001
0.0
0.0
0.0
0.0
0.0
0.0
0.0
0.0
0.0
0.0
0.0
0.0
0.0
0.0
0.0
0.0
0.0
0.0
0.0
0.0
0.0
0.0
0.0
2.57996
0.0
0.0
0.0
0.0
0.0
0.0
0.0
0.0
0.0
0.0
0.0
0.0
0.0
0.0
0.0
0.0
0.0
0.0
0.0
0.0
0.0
0.0
0.0
0.0
-2.38676
0.0
0.0
0.0
0.0
0.0
0.0
0.0
0.0
0.0
0.0
0.0
0.0
0.0
0.0
0.0
0.0
0.0
0.0
0.0
0.0
0.0
0.0
0.0
0.0
0.0
0.0
0.0
0.0
0.0
0.0
0.0
0.0
0.0
0.0
0.13754
0.0
0.0
0.0
0.0
0.0
0.0
0.0
0.0
0.0
0.0
0.0
0.0
0.0
0.0
0.0
0.0
0.0
0.0
0.0
0.0
0.0
0.0
0.0
0.0
0.0
0.0
0.0
0.0
0.0
0.0
-1.67561
0.0
0.0
0.0
0.0
0.0
-1.51913
0.0
0.0
-1.33821
0.0
0.0
0.0
0.0
0.0
0.0
0.0
0.0
0.0
0.0
0.0
0.0
0.0
0.0
1.53591
0.0
0.0
0.0
0.0
0.0
0.0
0.0
0.0
0.0
0.0
0.0
0.0
0.0
0.0
0.0
0.0
0.0
0.0
0.0
0.0
0.0
0.0
0.0
0.0
0.0
0.0
0.0
0.0
0.0
0.0
0.0
0.0
0.0
0.0
0.0
0.0
0.0
0.0
0.0
0.0
0.0
0.0
0.0
0.0
0.0
0.0
0.0
0.0
0.0
0.0
0.0
0.0
0.0
0.0
0.0
0.0
0.0
0.0
0.0
0.0
0.0
0.0
0.0
0.0
0.0
0.0
0.0
0.0
0.0
0.0
0.0
0.0
0.0
0.0
0.0
0.0
0.0
0.0
0.0
0.0
0.0
0.378605
0.0
0.0
0.0
0.0
0.0
0.0
0.0
0.0
0.0
0.0
0.0
0.0
0.0
0.0
0.0
0.0
0.0
0.0
0.0
0.0
0.0
0.0
0.0
0.0
0.0
-0.588127
0.0
0.0
0.0
0.772284
0.0
0.0
0.0
0.0
0.0
0.0
0.0
0.0
0.0
0.0
0.0
0.0
0.0
0.0
0.0
0.0
0.0
0.0
0.0
0.0
0.756421
0.0
0.0
0.0
0.0
0.0
0.0
0.0
0.0
0.0
0.0
0.0
0.0
0.0
0.0
0.0
0.0
-0.326375
0.0
0.0
0.0
0.0
0.0
0.0
0.0
0.0
1.07653
0.0
0.0
0.0
0.0
0.0
0.0
0.0
0.0
0.0
0.0
0.0
0.0
0.0
0.0
0.0
0.0
0.0
0.0
0.0
0.0
0.0
0.0
0.0
0.0
0.0
0.0
0.0
0.0
0.0
0.0
0.0
0.0
0.0
0.0
0.0
0.0
0.0
0.0
0.0
0.0
0.0
0.0
0.0
0.0
0.0
0.0
0.0
0.0
0.0
0.0
0.0
0.0
0.0
0.0
0.0
0.0
0.0
0.0
0.0
-0.147257
-1.59725
0.0
0.0
0.0
0.0
0.0
0.0
0.0
0.0
0.0
0.0
0.0
0.0
0.0
-0.576848
0.0
0.0
0.0
0.0
0.0
0.0
0.0
0.0
0.0
0.0
0.0
0.0
0.0
0.0
0.0
0.0
0.0
0.0
0.0
0.0
0.0
0.0
0.0
0.0
0.0
0.0
0.0
0.0
0.0
0.0
0.0
0.0
0.0
0.0
0.0
0.0
0.0
0.0
0.0
0.0
0.0
0.0
0.0
0.0
0.0
0.0
0.305313
0.0
0.0
0.0
0.0
0.0
0.0
0.0
0.0
0.0
0.0
0.0
0.0
0.0
0.0
0.0
0.0
0.0
-0.388314
0.0
0.0
0.0
0.0
0.0
0.0
0.0
0.0
0.0
0.0
0.0
0.0
0.0
0.0
0.0
0.0
0.0
0.0
0.0
0.0
0.0
0.0
0.0
0.0
0.0
0.0
0.0
0.0
-0.916965
0.0
0.0
0.0
0.0
0.0
0.0
0.0
0.0
0.0
0.0
0.0
0.0
0.0
0.0
0.0
0.0
0.0
0.0
0.0
0.0
0.0
-2.29623
0.0
0.212408
0.0
0.0
0.0
0.0
0.0
0.0
0.0
0.0
0.0
0.0
0.0
0.0
0.0
0.0
0.0
0.0
0.0
0.0
0.0
0.0
0.0
0.0
0.0
0.0
0.0
0.0
0.0
0.0
0.0
0.0
0.0
0.0
0.0
0.0
0.0
0.0
0.0
0.0
0.0
0.0
0.0
0.0
-0.259621
0.0
0.0
0.0
0.0
0.0
-0.408924
0.0
0.0
0.0
0.0
0.0
0.0
0.0
0.0
0.0
0.0
0.0
0.0
0.0
0.0
0.0
0.0
0.0
0.0
0.0
0.0
0.0
0.0
0.0
0.0
0.0
0.0
0.0
0.0
0.0
0.0
0.0
0.0
0.0
0.0
0.0
0.0
0.0
0.0
0.0
0.111576
0.0
0.0
0.0
0.0
0.0
0.0
0.0
0.0
0.0
0.0
0.0
0.0
0.0
0.0
0.0197668
0.0
0.0
0.525988
0.0
0.0
0.0
0.0
0.0
0.0
0.0
0.0
0.0
0.0
0.0
0.0
0.0
1.61578
0.0
0.0
0.0
0.0
0.326108
0.0
0.0
0.0
0.0
0.0
0.0
0.0
0.0
-1.30274
0.0
0.0
0.0
0.0
0.0
0.0
0.0
0.0
0.0
0.0
0.0
0.0
0.0
0.0
0.0
0.0
0.0
0.0
0.0
0.0
0.0
0.0
0.0
0.0
0.0
0.0
0.0
0.0
0.0
0.0
0.0
0.0
0.0
0.0
0.0
0.0
0.0
0.0
0.0
0.0
0.0
0.0
0.0
0.0
0.0
0.0
0.0
0.0
0.0
0.0
0.0
0.0
0.0
0.0
0.0
0.0
0.0
0.0
0.0
-0.428343
0.0
0.0
0.0
0.0
0.0
0.0
0.0
0.0
-0.415277
0.0
0.0
0.0
0.0
0.0
0.0
-0.766699
0.603642
0.534949
0.0
0.0
0.0
0.0
0.0
0.0
0.0
0.0
0.0
0.0
0.0
-1.70895
0.0
0.0
0.0
0.0
1.35111
0.0
0.0
0.0
0.0
-0.604082
0.0
0.0
0.0
-0.0476685
0.0
0.0
0.0
0.0
0.0
0.0
0.0
0.0
0.0
0.0
0.0
0.0
0.0
0.0
0.0
0.0
0.0
0.0
0.0
0.0
0.0
0.0
0.0
0.0
0.0
0.0
0.0
0.0
0.0
0.0
0.0
0.0
0.0
0.0
0.0
0.0
0.0
0.0
0.0
0.0
0.0
0.0
0.0
0.0
0.0
0.0
0.0
0.0
0.0
0.0
0.0
0.0
0.0
0.0
0.0
0.0
0.377944
0.0
0.0
0.0
0.0
0.0
0.0
0.0
0.0
0.231612
0.0
0.0
0.0
0.0
0.0
0.0
0.0
0.0
0.0
0.0
0.0
0.0
0.0
0.0
0.0
0.0
0.0
0.0
0.0
0.0
0.0
0.0
0.0
0.0
0.0
0.0
0.0
0.0
0.0
0.0
0.0
0.0
0.0
0.0
0.0
0.0
0.0
0.0
0.0
0.0
0.0
0.0
0.0
0.0
0.141807
0.0
0.0
0.0
0.0
0.0
0.0
0.0
0.0
0.0
0.0
0.0
0.0
0.0
0.0
0.0
0.0
0.0
0.0
0.0
0.0
0.0
0.0
0.0
0.0
-1.04036
0.0
0.0
0.0
0.0
0.0
0.0
0.0
0.0
0.0
0.0
0.0
0.0
0.0
0.0
0.0
0.0
0.0
0.0
0.0
0.0
0.0
0.0
0.0
0.0
0.0
0.0
0.0
0.0
0.0
0.0
0.0
0.0
0.0
0.0
0.0
-0.739734
0.0
0.0
0.0
0.492301
0.0
0.0
0.0
0.0
0.0
0.0
0.0
-1.38459
0.0
0.0
0.0
0.0
0.0
0.0
0.0
0.0
0.0
0.0
0.0
0.0
0.0
0.0
0.0
0.0
0.0
0.0
0.0
0.0
0.0
0.0
0.0
0.0
0.0
-0.126507
0.0
0.0
0.0
0.0
0.0
0.0
0.0
0.0
0.0
0.0
0.0
0.0
0.0
0.0
0.0
0.0
0.0
0.0
0.0
0.0
0.0
0.0
0.0
0.0
0.0
0.0
0.0
0.0
0.0
0.0
0.0
0.0
0.0
0.0
0.0
0.0
1.46926
0.0
-1.91606
0.0
0.0
0.0
0.216865
0.0
0.0
0.0
0.0
0.0
0.0
0.0
0.0
0.0
0.0
0.0
0.0
0.0
0.0
0.0
0.0
0.0
0.0
0.0
0.0
0.0
0.0
0.0
0.0
0.0
0.0
0.0
0.0
0.0
0.0
0.0
0.0
0.0
0.0
-1.77524
0.0
0.0
0.0
0.0
0.0
0.0
0.0
0.0
0.0
0.0
0.0
0.228457
0.0
0.0
0.0
0.0
0.0
0.0
0.0
0.0
0.0
0.0
0.0
0.0
0.0
0.0
0.0
0.0
0.0
0.0
0.0
0.0
0.0
0.0
0.0
0.0
0.0
0.0
0.0
0.0
0.0
0.0
0.0
0.0
0.0
0.0
0.0
0.0
0.0
0.0
0.0
0.0
0.0
0.0
0.0
0.0
0.0
0.0
0.0
0.0
0.0
0.0
0.0
0.0
0.0
0.0
0.0
0.0
0.0
0.0
0.0
0.0
0.0
0.0
0.0
0.0
0.0
0.0
0.0
0.0
0.0
0.0
0.0
0.0
0.0
0.0
0.0
0.0
0.0
0.0
0.0
0.0
0.0
0.0
0.0
0.0
0.0
0.0
0.0
0.0
0.0
0.0
0.0
0.0
0.0
0.0
0.0
0.0
0.0
0.0
0.0
0.0
0.0
0.0
0.0
0.0
0.0
1.03601
0.0
0.0
0.0
0.0
0.0
0.0
0.0
0.0
0.0
0.0
0.0
0.0
0.0
0.0
0.0
0.0
0.580574
0.0
0.0
0.0
0.0
0.0
0.0
0.0
0.0
0.0
0.0
0.0
0.0
0.0
0.0
0.0
-0.601258
0.0
0.0
0.0
0.0
0.0
0.0
0.0
0.0
0.0
0.0
0.0
0.0
0.0
0.0
0.0
0.0
0.0
0.0
0.0
0.0
0.0
-1.60573
0.0
0.0
0.0
0.0
0.0
0.0
0.0
0.0
0.0
0.0
0.0
0.0
0.0
-0.69484
0.0
0.0
0.0
0.0
0.0
0.0
0.0
0.0
0.0
0.0
0.0
0.0
0.0
0.0
0.0
0.0
0.0
-2.29562
0.0538966
0.0
0.0
-0.269254
0.0
0.0
0.0
0.0
0.0
0.0
0.0
0.0
0.0
0.0
0.0
0.0
0.0
0.0
0.0
0.0
0.0
0.0
0.0
0.0
0.0
0.0
0.0
2.93461
0.0
0.0
0.0
0.0
0.0
0.0
0.0
0.0
0.0
0.0
0.0
0.0
0.0
0.0
0.0
0.0
0.0
0.0
0.0
0.0
0.0
0.0
-0.411653
0.0
0.0
0.0
0.0
0.0
0.0
0.0
0.0
0.0
0.0
0.0
0.0
0.0
0.0
0.0
0.0
0.0
0.0
0.0
0.0
0.0
-1.1452
0.0
0.0
1.29425
0.0
0.0
0.0
0.0
0.0
0.0
0.0
0.0
0.0
0.0
0.0
0.0
0.0
0.0
0.0
0.0
0.0
0.0
-0.872785
0.0
0.0
0.0
0.0
0.0
0.0
0.0
0.0
0.0
0.0
0.0
0.0
0.0
0.0
0.0
0.0
0.0
0.0
1.01974
0.0
0.0
0.0
0.0
0.0
0.0
0.0
0.0
0.0
0.0
0.0
0.571249
-1.01159
0.0
0.0
0.0
0.0
0.0
0.0
0.0
0.0
0.0
0.0
0.0
0.0
0.0
0.0
0.0
0.0
0.0
0.0
0.0
0.0
0.0
0.0
0.0
0.0
0.0
0.0
0.0
0.0
0.0
0.0
0.0
0.0
-0.528009
0.0
0.0
0.0
0.0
0.0
0.0
0.0
0.0
0.0
0.0
0.0
0.0
0.0
0.0
0.0
0.0
0.0
0.0
0.0
0.0
0.0
0.0
0.0
0.0
0.0
0.0
0.0
0.0
0.0
0.0
0.0
0.0
0.0
0.0
0.0
0.0
0.0
0.0
0.0
0.0
0.0
0.0
0.0
0.0
0.0
0.0
0.0
0.0
0.0
0.0
0.0
0.0
0.0
0.0
0.0
0.0
0.0
0.0
-0.815732
0.0
0.0
0.0
0.0
0.0
0.0
0.0
0.0
0.0
0.0
0.0
0.0
0.0
0.0
0.0
0.0
0.0
0.0
0.471899
0.0
0.0
0.0
0.0
0.0
0.0
0.0
0.0
0.0
0.0
0.0
0.0
0.0
-1.04796
0.0
0.0
-1.01421
0.0
-0.183687
0.0
0.0
0.0
0.0
0.0
0.0
0.0
0.0
0.0
0.0
0.0
0.0
0.0
0.0
0.0
0.0
0.0
0.0
0.0
0.0
0.0
0.0
0.0
0.0
0.0
0.0
0.0
0.0
0.0
0.0
0.0
0.0
0.0
0.0
0.0
0.0
0.0
0.0
0.0
0.0
0.0
0.0
0.0
0.0
0.0
0.0
0.0
0.0
0.0
0.0
0.0
0.0
0.0
0.0
0.0
0.0
0.0
0.0
0.0
0.0
0.0
0.0
0.0
0.0
0.0
0.0
0.0
0.0
0.0
0.0
0.0
0.0
0.0
0.0
0.0
0.0
0.0
0.0
0.0
0.0
0.0
0.0
0.0
0.0
0.0
0.0
0.0
0.0
0.0
0.0
0.0
0.0
0.0
0.0
0.0
0.245858
0.0
0.0
0.0
0.0
0.0
0.0
0.0
0.0
0.0
0.0
0.0
0.0
0.0
0.0
0.0
0.612511
0.0
0.0
0.0
0.0
0.0
0.0
0.0
0.0
0.0
0.0
0.0
0.0926769
0.0
0.0
0.0
0.0
0.0
0.0
0.0
0.0
0.0
0.0
0.0
0.0
0.0
1.08232
0.0
0.0
0.0
0.0
0.0
0.0
0.0
0.0
0.0
0.0
0.0
1.22817
0.0
0.0
0.0
0.0
0.0
0.0
0.0
0.0
0.0
0.0
-1.66349
0.0
0.0
0.0
0.0
0.0
0.0
0.0
0.0
0.0
0.0
0.0
0.0
0.0
0.0
0.0
0.0
0.0
0.0
0.0
0.0
0.0
0.0
0.0
0.0
0.0
0.0
0.0
0.0
-0.836182
0.0
0.0
0.0
0.0
0.0
0.0
0.0
0.0
0.0
0.0
0.0
0.0
0.0
0.0
0.0
0.0
-0.191341
0.0
0.0
0.0
0.0
0.0
0.0
0.0
0.0
0.0
0.0
0.0
0.0
0.0
0.0
0.0
0.0
0.0
0.0
0.0
0.0
0.0
0.0
0.0
0.0
0.0
0.0
0.0
0.0
0.0
0.0
0.0
0.0
0.0
0.0
0.0
0.0
0.0
0.0
0.0
0.0
0.0
0.0
0.0
0.0
0.0
0.0
0.0
0.0
0.0
0.0
0.0
0.0
0.0
0.0
0.0
0.0
0.0
0.0
0.0
0.0
0.0
0.0
0.0
0.0
0.0
0.0
0.0
0.0
0.0
0.0
0.0
0.0
0.0
0.0
0.0
0.0
0.0
0.0
0.0
0.0
0.0
0.0
0.0
0.0
0.0
-1.00441
0.0
0.0
0.0
0.0
0.0
0.0
0.0
0.0
0.0
0.0
0.0
0.0
0.0
0.0
-0.175489
0.0
0.0
1.11014
0.0
0.0
0.0
0.0
0.0
0.0
0.0
0.0
0.0
0.0
0.0
0.0
0.0
0.0
0.0
0.0
0.0
0.0
0.0
0.0
0.0
0.0
0.0
0.981397
0.0
0.0
0.0
0.0
0.0
0.0
0.0
0.0
0.0
0.0
0.0
0.0
0.0
0.0
0.0
0.0
0.0
0.0
0.0
0.0
0.0
0.0
0.0
0.0
0.0
0.0
0.0
0.0
0.0
0.348261
0.0
0.0
0.0
0.0
0.0
0.0
0.0
0.0
0.0
0.0
0.0
0.0
0.0
0.0
0.0
0.0
0.0
0.0
0.0
0.0
0.0
0.0
0.0
0.0
0.0
0.0
0.0
0.0
0.0
0.0
0.0
0.0
0.0
0.0
0.0
0.0
0.0
0.0
0.0
0.0
0.0
0.0
0.0
0.0
0.0
0.0
0.0
0.0
0.0
-0.59021
0.0
0.0
0.0
0.0
0.0
0.0
0.0
-1.83668
0.0
0.0
0.0
0.0
0.0
0.0
0.0
0.0
0.0
0.0
0.0
0.0
0.0
0.0
0.0
0.0
0.0
0.0
0.0
0.0
-0.23152
0.0
0.0
0.0
0.0
0.0
0.0
0.0
0.0
0.0
0.0
0.0
0.0
0.0
0.0
0.0
0.0
0.0
0.0
0.0
0.0
0.0
0.0
0.0
0.0
0.0
0.0
0.0
0.0
0.0
0.0
0.0
0.0
0.0
0.0
0.0
0.0
0.0
0.0
0.0
0.0
0.0
0.0
0.0
0.0
0.0
0.0
0.0
0.0
0.0
0.0
0.0
0.0
0.0
0.0
0.0
0.0
0.0
0.0
0.0
0.0
0.0
0.0
0.0
0.0
0.0
0.0
0.0
0.0
0.0
0.0
0.0
0.0
0.0
0.0
0.0
0.0
0.0
0.0
0.0
0.0
0.0
0.0
0.0
0.0
0.0
0.0
0.0
0.0
0.0
0.0
0.0
0.0
0.0
0.0
0.0
0.0
0.0
0.0
0.0
-1.31427
0.0
0.0
0.0
0.0
0.0
0.0
0.0
0.0
0.0
0.0
0.0
0.0
0.0
0.0
0.0
1.04424
0.0
0.0
0.0
0.0
0.0
0.0
0.0
0.0
0.0
0.0
0.0
0.0
0.0
0.0
0.0
0.0
0.0
0.0
0.0
0.0
0.0
0.0
0.0
0.0
0.0
0.0
0.0
0.0
0.0
0.0
0.0
0.0
0.0
0.0
0.0
0.0
0.0
0.0
0.0
0.0
0.0
0.0
0.0
0.0
0.0
0.0
0.0
0.0
0.0
0.0
0.0
0.0
0.0
0.0
0.0
0.0
0.0
0.0
0.0
0.0
0.0
0.0
0.0
0.0
0.0
0.0
0.0
0.0
0.0
0.0
0.0
0.0
-0.901817
0.0
0.0
0.0
0.0
0.0
0.0
0.0
0.0
0.0
0.0
0.0
0.0
-1.3056
0.0
-1.81348
0.0
0.0
0.0
0.0
0.0
0.0
0.0
0.0
0.0
0.0
0.0
0.0
0.0
0.0
-1.03798
0.0
0.0
0.0
0.0
0.0
0.0
-0.933586
0.0
0.0
0.0
0.0
0.0
0.0
0.0
0.0
0.0
0.0
0.0
0.0
0.0
0.0
0.0
0.0
0.0
0.0
0.0
0.0
0.0
0.0
0.0
0.0
0.0
0.0
0.0
0.0
0.0
0.0
0.0
0.0
0.0
0.0
0.0
0.0
0.0
0.0
0.0
0.0
0.0
0.0
0.0
0.0
0.0
0.0
0.0
0.0
0.0
0.0
0.0
0.0
0.0
0.0
0.0
0.0
0.0
0.0
0.0
0.0
0.0
0.0
0.0
0.0
0.0
-1.68929
0.0
0.0
0.0
0.0
0.0
0.0
0.0
0.0
0.0
2.57558
0.0
0.0
-0.155081
0.0
0.0
0.0
0.0
0.0
0.0
0.0
0.0
0.0
0.0
0.0
-0.797531
0.0
0.0
0.0
0.0
0.0
0.0
0.0
0.0
0.0
0.0
0.0
0.0
0.0
0.0
0.0
0.0
0.0
0.0
0.0
-0.632231
0.0
0.0
0.0
0.245548
0.0
0.0
0.0
0.0
0.0
0.0
0.342159
0.0
0.0
-1.58053
0.0
0.0
0.0
0.0
0.0
0.0
0.0
0.0
0.0
0.0
0.0
0.0
0.0
0.0
0.0
0.0
0.0
0.0
0.0
0.0
0.0
0.0
0.0
0.0
0.0
0.0
0.0
0.0
0.0
0.0
0.0
0.0
0.0
0.0
0.0
0.580316
0.0
0.0
0.0
0.0
0.0
0.0
0.0
0.0
0.0
0.0
0.0
0.0
0.0
0.0
0.0
0.0
0.0
0.0
0.0
0.0
0.0
0.0
0.0
0.0
0.0
0.0
0.0
0.0
0.0
0.0
0.0
0.0
0.0
0.0
0.0
0.0
0.0
0.0
0.0
0.0
0.0
0.0
0.0
0.0
0.0
0.0
0.0
0.0
0.0
0.0
0.0
0.0
0.0
0.0
0.0
0.0
0.0
0.0
0.0
0.0
0.0
0.0
0.0
0.0
0.0
0.0
0.0
0.0
0.0
0.0
1.88415
0.0
0.0
0.0
0.0
0.0
0.0
0.0
0.0
0.0
0.0
0.0
0.0
0.0
0.0
0.0
0.0
0.0
0.0
0.0
0.0
0.0
0.0
0.0
0.452086
0.0
0.0
0.0
0.0
0.0
0.0
0.0
0.0
0.0
0.0
0.0
0.0
0.0
0.0
0.0
0.0
0.0
0.0
0.0
-0.38036
0.0
0.0
0.0
0.0
0.0
0.0
0.498335
0.0
0.0
0.0
0.0
0.0
0.0
0.0
0.0
0.0
0.0
0.0
0.0
0.0
0.0
0.0
0.0
0.0
0.0
0.0
0.0
0.0
0.0
0.0
1.43807
0.0
0.0
0.201887
0.0
0.0
0.0
0.0
0.0
0.0
0.0
0.0
0.0
0.102476
0.0
0.0
0.0
0.0
0.0
0.0
0.0
0.0
0.0
0.0
0.0546721
-1.16962
0.0
0.0
0.0
0.0
0.0
0.0
0.0
0.0
0.0
0.0
0.0
0.0
0.0
0.0
0.0
0.0
0.0
0.0
0.0
0.0
0.0
0.0
0.0
0.0
0.0
0.0
0.234371
0.0
0.0
0.0
0.0
0.0
0.0
0.0
0.0
0.0
0.0
0.0
0.0
0.0
0.0
0.0
0.0
0.0
0.0
0.0
0.0
0.0
0.0
0.0
0.0
0.0
0.0
0.0
0.0
0.0
0.0
0.0
0.0
0.971804
0.0
0.0
0.0
0.0
0.0
0.0
0.0
0.0
0.0
0.0
0.0
0.0
0.0
0.0
0.0
-0.188843
0.0
0.0
0.0
0.0
-0.408811
0.0
0.0
0.0
0.0
0.0
0.0
0.0
-1.76655
0.0
0.0
0.0
0.0
0.0
-0.129631
0.0
-0.487072
0.0
0.0
0.0
0.0
0.0
0.0
0.0
0.0
0.0
0.0
0.0
0.0
0.0
0.0
0.0
0.0
0.0
0.0
0.0
0.0
0.0
0.0
0.0
0.0
0.0
0.0
0.0
0.0
0.0
0.0
0.0
0.0
0.0
0.0
0.0
0.0
0.0
0.0
0.0
0.0
0.0
0.0
0.0
0.0
1.12254
0.0
0.0
0.0
0.0
0.0
0.0
0.0
0.0
0.0
0.0
0.0
0.0
0.0
0.0
0.0
0.0
0.0
0.0
0.0
0.0
0.0
0.0
0.0
0.0
0.0
0.0
0.0
0.0
0.0
0.0
0.0
0.0
0.0
0.0
0.0
0.0
0.0
-0.0473256
-0.875645
0.225773
-0.155253
-0.00439605
0.475897
0.15316
0.0305346
0.333656
-0.179624
-0.115432
-0.120216
0.534505
-0.0746179
-0.507441
0.0512802
0.124942
-1.15421
1.37054
0.588158
-0.920305
0.724174
0.355569
0.0639215
1.08296
0.742014
0.247608
0.225387
0.127365
-0.0563765
-0.410248
0.111061
-0.296933
-0.237962
-0.401707
-0.114193
0.0
0.0
0.0
1.31435
0.0
0.0
0.0
0.0
1.45083
0.0
0.0
0.0
0.0
0.0
0.0
0.0
0.0
0.0
0.0
0.0
0.0
0.0
0.0
1.27781
0.0
0.0
0.0
0.0
0.0
0.0
0.0
0.0
0.0
0.0
0.0
0.0
0.0
0.0
0.0
-0.0404894
0.0
0.0
0.0
0.0
0.0
0.0
0.0
0.0
0.0
0.0
0.0
0.0
0.0
0.0
0.0
0.0
0.0
0.0
0.0
0.0
0.0
0.0
0.402432
0.0
0.0
0.0
0.0
0.0
0.0
0.0
0.0
0.0
0.0
0.0
0.0
0.0
0.0
0.0
0.0
0.0
0.0
0.0
0.0
0.0
0.0
0.0
0.0
0.0
-0.93527
0.0
0.0
0.0
0.0
0.0
0.0
0.0
0.0
0.0
0.0
0.0
0.0
0.0
0.0
0.0
0.0
0.0
0.0
0.0
0.0
0.0
-0.526792
0.0
0.0
0.0
0.0
0.0
0.0
0.0
0.0
0.0
0.0
0.0
0.0
0.0
0.0
0.0
0.0
0.0
0.0
0.0
0.0
0.0
0.0
0.0
0.0
0.0
0.0
0.0
0.0
0.0
0.0
0.0
0.0
0.0
0.0
0.0
0.0
0.0
0.0
0.0
0.0
0.0
0.0
0.0
0.0
0.0
0.0
0.0
0.0
0.0
0.0
0.0
0.0
0.0
0.0
0.0
0.0
0.0
0.0
0.0
0.0
0.0
0.0
0.0
0.0
0.0
-1.05921
0.0
0.0
0.0
0.0
0.0
0.0
0.0
0.0
0.0
0.0
0.0
0.0
0.174823
0.0
0.0
0.0
0.0
0.0
0.0
-0.505944
0.0
0.0
0.0
-0.104963
0.0
0.0
0.0
0.0
0.0
0.0
0.0
0.0
0.0
0.0
0.0
0.0
0.0
0.0
0.0
0.0
0.0
0.0
0.0
0.0
0.0
0.0
0.0
0.0
1.01446
-0.0495641
0.0
0.0
1.28777
0.0
0.0
0.0
0.0
0.0
0.0
0.0
0.0
0.0
0.0
0.0
0.0
0.245543
1.43508
0.0
0.0
0.0
0.0
0.0
0.0
0.0
0.0
0.0
0.0
0.0
0.0
0.0
0.0
0.0
0.167621
0.0
0.0
0.0
0.0
0.0
0.0
0.0
0.0
0.0
0.0
0.0
0.0
0.0
0.0
0.0
0.0
0.0
0.0
0.0
0.0
0.0
0.0
0.0
0.0
0.0
0.0
0.0
0.0
0.0
0.0
0.0
0.0
0.0
0.0
0.0
0.0
0.0
0.0414208
0.0
0.0
0.0
0.0
0.0
0.0
0.0
0.0
0.0
0.0
0.0
0.0
-0.673558
0.0
0.0
0.0
0.0
0.0
0.0
0.0
0.0
0.0
0.0
0.0
0.161635
0.0
0.0
0.0
0.0
0.0
0.0
0.0
0.0
0.0
0.0
0.0
0.0
0.0
0.0
0.0
0.0
0.0
0.0
0.0
0.0
0.0
0.534434
0.0
0.0
0.0
0.0
-0.479988
0.0
0.0
0.0
0.0
0.0
0.0
0.0
0.0
0.0
0.713004
0.0
0.0
0.0
0.0
0.0
0.0
0.0
0.0
0.0
-1.56335
2.11321
0.0
0.0
0.0
0.0
0.0
0.0
0.0
0.0
0.0
0.0
0.0
0.0
0.0
0.0
0.0
0.0
0.0
0.0
0.0
0.0
0.0
0.0
0.0
0.0
1.97138
0.0198018
-0.300065
-0.310229
0.789712
0.287021
0.129116
0.510866
0.0564294
-0.605596
0.00925616
-0.0203241
-0.395429
0.0331387
-0.166655
0.370081
0.0200505
0.0907736
0.721871
-0.0827587
0.402233
2.21089
0.0571847
0.357969
0.319729
-0.733612
0.135352
-0.745861
0.0621228
0.319501
0.1318
-0.0101242
-0.174566
0.300902
-0.72561
-0.738562
0.181999
0.0
0.0
0.0
0.0
0.0
0.0
0.0
0.0
0.0
0.0
0.0
0.0
0.0
0.0
0.0
0.0
0.0
0.0
0.0
0.0
0.0
0.0
0.0
0.0
0.0
0.0
0.0
0.0
0.0
0.0
0.0
0.0
0.0
0.0
0.0
0.0
0.0
-1.5815
0.0
0.0
0.0
0.0
0.0
0.0
0.0
0.0
-1.38285
0.0
0.0
0.0
0.0
0.0
0.0
0.0
0.0
0.0
0.0
0.7971
0.0
0.0
0.0
-0.221259
0.0
0.0
0.0
0.0
0.0
0.0
0.0
0.0
0.671892
0.0
0.0
0.0
0.0
0.0
0.0
-0.959168
0.0
0.0
0.0
0.0
0.0
0.0
0.0
0.0
0.0
0.0
0.0
0.0
0.0
0.0
0.0
0.0
0.507472
0.0
0.0
-0.101663
0.0
0.0
0.0
0.0
0.0
0.0
0.0
0.0
0.0
0.0
0.0
0.0
0.0
0.378754
0.0
0.0
0.0
0.0
0.0
0.0
0.0
0.0
0.0
0.0
0.0
0.0
0.0
0.424205
0.0
0.0
0.0
0.0
0.0
0.0
0.0
0.0
0.0
0.0
0.0
0.307656
0.0
0.0
0.0
0.0
0.0
0.0
0.0
0.0
0.0
0.0
0.0
0.0
0.0
0.0
0.0
0.0
0.0
0.0
0.0
0.0
0.0
0.0
0.0
0.0
0.0
0.0
0.0
0.0
0.0
0.0
0.0
0.0
0.0
0.0
0.0
0.0
0.0
0.0
0.0
0.0
0.484798
0.0
0.0
0.0
0.0
0.0
0.0
0.0
0.0
0.0
0.0
0.0
0.0
0.0
0.0
0.0
0.0
0.0
0.0
0.0
0.0
0.0
0.0
0.0
0.0
0.0
0.0
0.0
0.0
0.0
0.0
0.0
0.0
0.0
0.0
0.0
-0.987402
0.0
0.0
0.0
0.0
0.0
0.0
0.0
0.0
0.0
0.0
0.0
0.0
0.366987
0.0
0.0
0.0
0.0
0.0
0.0
0.0
0.0
0.0
0.0
0.0
0.0
0.0
0.0
0.0
0.0
0.0
0.0
0.0
0.0
0.0
0.0
0.0
0.0
0.0
0.0
0.0
0.0
0.0
0.0
1.63338
0.0
0.0
0.0
0.0
0.789338
0.0
0.0
0.0
0.0
0.0
0.0
0.0
0.0
0.0
0.0
0.0
0.0
0.0
0.0
0.0
0.0
0.0
0.0
0.0
6.77531e-05
0.0
0.265127
0.0
0.0
0.0
0.0
-0.695723
0.0
0.0
0.0
0.0
0.0
0.0
0.0
0.0
0.0
0.0
0.0
0.0
0.0
0.0
0.0
0.0
0.0
0.0
0.0
0.0
0.0
0.0
0.0
0.0
0.0
0.0
0.0
0.0
0.0
0.0
0.0
0.0
0.0
0.0
0.0
0.0
0.0
0.0
0.0
0.0
0.0
0.0
0.0
0.0
0.0
0.0
0.0
0.0
0.0987942
0.0
0.0
0.0
0.0
0.0
0.0
0.0
0.0
0.0
0.0
0.0
0.0
0.0
0.0
0.0
0.0
0.0
0.0
0.0
0.0
0.0
0.0
0.0
0.0
0.0
0.0
0.0
0.0
0.0
0.0
0.0
0.0
0.0
0.0
0.0
-0.44422
0.0
0.0
0.0
0.0
0.0
0.0
-0.203588
0.0
0.0
0.0
0.0
-0.804951
0.0
0.0
0.0
-0.903176
0.0
0.0
0.0
0.0
0.0
0.0
0.0
0.0
0.0
0.0
0.0
0.0
0.0
0.0
0.0
0.0
0.0
0.0
0.0
0.0
0.0
0.0
0.0
0.0
0.0
0.0
0.0
0.0
0.0
0.0
0.0
0.0
0.0
0.0
0.0
0.0
0.0
0.0
0.0
0.0
0.0
0.0
0.0
0.0
0.0
0.0
0.0
0.0
0.0
0.0
0.0
0.0
0.0
0.0
0.0
0.0
0.0
0.0
0.220883
0.0
0.0
0.0
0.0
0.0
0.0
0.0
0.0
0.0
1.37656
0.0
0.0
0.0
0.0
0.0
0.0
0.0
0.0
0.0
0.0
0.0
0.0
0.0
0.0
0.0
0.0
0.0
0.0
-0.487316
0.0
0.0
0.0
0.0
0.0
0.0
0.0
0.0
0.0
0.0
0.0
0.0
0.0
0.0
0.0
0.0
0.0
0.0
0.0
0.0
0.0
0.0
0.0
0.0
0.0
0.0
0.0
0.0
0.0
0.0
0.0
0.0
-0.388122
0.0
0.0
0.0
0.0
0.0
0.0
0.0
0.0
0.0
0.0
0.0
0.0
0.0
0.0
0.0
0.0
0.0
0.0
0.0
0.0
0.0
0.0
0.0
0.0
0.0
0.0
0.0
0.0
0.0
0.0
0.0
0.0
0.0
0.0
0.0
0.0
0.0
0.0
0.0
0.0
0.0
0.0
0.0
0.0
0.0
0.0
0.0
0.0
0.0
0.0
0.0
0.0
0.0
0.0
0.0
0.0
0.0
0.0
0.0
0.0
0.0
0.0
0.0
0.0
0.0
0.0
0.0
0.0
0.0
0.0
0.0
0.0
0.0
0.0
0.0
0.0
0.0
0.0
0.0
0.769146
0.0
0.0
0.0
0.0
0.0
0.0
0.0
0.0
0.0
-0.789307
0.0
0.0
0.0
0.0
0.0
0.0
0.0
0.0
0.0
0.0
0.0
0.0
0.0
0.0
0.0
0.0
0.0
0.0
0.0
0.0
0.0
0.0
0.0
0.0
0.0
0.0
0.0
0.0
0.527027
0.0
0.0
0.0
0.0
0.0
0.0
0.0
0.0
0.0
0.0
0.0
0.0
0.0
0.0
0.0
0.0
0.0
0.0
0.0
0.0
0.0
1.28211
0.0
0.0
0.0
0.0
0.0
0.0
0.0
0.0
0.0
0.0
0.0
0.0
0.0
0.0
0.0
0.0
0.0
0.0
0.0
0.0
0.0
0.0
0.0
0.0
0.0
0.0
0.0
0.0
-1.03087
0.0
0.0
0.0
0.0
0.0
0.0
0.0
0.0
0.0
0.0
0.0
0.0
0.0
0.0
-1.08972
0.0
0.0
0.0
0.0
0.0
0.0
0.0
0.0
0.0
0.0
0.0
0.0
0.0
0.0
0.0
0.0
0.0
0.0
0.0
0.0
0.0
0.0
0.0
0.0
0.0
0.0
0.0
0.0
0.0
0.0
0.775897
0.0
0.0
0.0
0.0
0.0
0.0
0.0
0.0
0.0
0.0
-0.169922
0.0
0.0
0.0
0.0
0.0
0.0
0.0
0.0
0.0
0.0
0.0
0.0
0.0
0.0
0.0
0.0
0.0
0.0
0.0
0.0
0.0
0.0
0.0
0.0
0.0
0.0
0.0
0.0
0.0
0.0
0.0
0.0
0.0
0.0
0.0
0.0
0.0
0.0
0.0
-0.471871
0.0
0.0
0.0
0.0
0.0
0.0
0.0
0.0
0.0
0.0
0.0
0.0
0.0
0.0
0.0
0.0
0.0
0.0
0.0
0.0
-0.509746
0.0
0.0
0.0
0.0
0.0
0.0
0.0
0.0
0.0
0.0
0.0
-1.10781
0.0
0.0
0.0
0.0
0.0
0.0
0.0
0.0
0.0
0.396802
0.0
0.0
0.0
0.0
0.0
0.0
0.0
0.0
0.0
0.0
0.0
0.0
0.0
0.0
0.0
-0.959456
0.0
0.0
0.0
0.0
0.0
0.0
0.0
0.0
0.0
0.0
0.0
0.0
0.0
0.0
0.0
0.0
0.0
0.0
0.0
0.0
0.0
0.0
0.0
0.0
0.0
0.0
0.0
0.0
0.0
0.0
0.0
0.0
0.0
0.0
-0.0264749
-1.245
0.0
0.0
0.200522
-0.486134
0.0
0.0
0.0
0.0
0.0
0.0
0.0
0.0
0.0
-1.90108
0.0
0.0
0.0
0.0
0.0
0.0
0.0
0.0
0.0
0.0
0.0
0.0
0.0
0.0
0.0
0.0
0.0
0.0
0.0
0.0
0.0
0.0
0.0
0.0
0.0
0.0
0.0
0.0
0.0
0.0
0.0
0.0
0.0
0.0
0.0
0.0
0.0
0.0
0.0
0.0
0.0
0.0
0.0
0.0
0.0
0.0
0.0
0.0
0.0
0.0
0.0
0.0
0.0
0.0
0.0
0.0
0.0
0.0
0.0
0.0
0.0
1.37054
0.0
0.0
0.0
0.0
0.0
0.25889
0.0
0.0
0.0
0.0
0.0
0.0
0.0
0.0
0.0
0.0
-0.00960564
1.20221
0.0
0.0
0.0
-0.0124684
-0.288325
-0.141802
-2.20089
0.093025
0.0263371
0.533829
0.156416
-1.16508
0.0167277
-0.0199791
-0.103949
1.3075
0.481052
-1.02525
0.000360109
0.141972
-0.65149
-0.0105383
0.266823
1.67562
0.1181
0.143034
-0.283546
0.584272
0.365656
0.55537
-0.08917
0.991042
0.041674
-0.447087
-0.0728874
0.0226334
-0.7174
-2.20848
0.829177
0.0
0.0
0.0
0.0
0.0
0.0
0.0
0.0
0.0
0.0
0.0
0.348463
0.0
0.0
0.0
0.0
0.0
0.0
0.0
0.0
0.0
0.0
0.0
0.0
0.0
0.0
0.0
0.0
0.0
0.0
0.0
0.0
0.0
-0.279565
0.0
0.0
0.0
0.0
0.0
0.0
0.0
0.0
0.0
-0.727981
0.0
0.0
0.0
0.0
0.0
0.0
0.0
0.0
0.0
0.0
0.0
0.0
0.0
0.0
0.0
0.0
0.0
0.0
0.0
0.0
0.0
0.0
0.0
0.0
0.0
0.0
0.0
-0.673497
0.0
0.0
0.0
0.0
0.0
0.0
0.0
0.0
0.0
0.0
0.0
0.0
0.0
0.0
0.0
0.0
0.0
0.0
0.0
0.0
0.0
0.0
0.0
0.0
0.0
0.0
0.0
0.0
0.0
0.0
0.0
0.261832
0.0
0.0
0.0
0.0
0.0
0.0
0.0
0.0
0.0
0.0
0.0
0.0
0.0
0.0
0.0
0.0
0.0
0.0
0.0
0.0
0.0
0.0
0.0
0.0
0.0
0.0
0.0
0.0
0.0
0.0
0.0
0.0
0.0
0.0
0.0
0.0
0.0
0.0
0.0
0.0
0.0
0.0
0.0
0.0
0.0
0.0
0.0
0.0
0.0
0.0
0.0
0.0
0.0
0.0
0.0
0.0
0.0
0.0
0.0
0.0
0.0
0.0
0.0
0.0
0.0
0.0
0.0
0.0
0.0
0.0
0.0
0.0
0.0
0.0
0.0
0.0
0.0
0.0
0.0
0.0
0.0
-2.25468
0.0
0.0
0.0
0.0
0.0
0.0
0.0
0.0
0.0
0.0
0.0
0.0
0.0
0.0
0.0
0.0
0.0
0.0
0.0
0.0
0.0
0.0
0.297466
0.0
0.0
0.0
0.0
0.0
0.0
0.0
0.0
0.0
0.0377147
0.0
0.0
0.0
0.0
0.0
0.0
0.0
0.0
0.0
0.0
0.0
-0.0994704
0.0
0.0
0.0
0.0
0.0
0.225391
0.0
0.0
0.0
0.0
0.0
0.0
0.0
2.51762
0.0
0.0
0.0
0.0
0.0
0.0
0.0
0.0
0.0
0.0
-2.05735
0.0
0.0
0.0
0.0
0.0
0.0
0.0
0.0
0.0
0.0
0.0
0.0
0.0
0.0
0.0
0.0
0.0
0.0
0.0
0.0
0.0
0.0
0.0
0.0
0.0
0.0
0.0
0.0
0.0
0.0
0.0
0.0
-0.0808968
-2.53437
-0.158756
-0.132803
0.163609
3.46533
0.18888
0.677988
0.0396303
-0.0142544
-0.0418019
1.8594
1.06098
0.17605
-1.06677
0.305942
1.16799
-1.10786
0.0188146
-1.59139
0.763042
0.164559
1.51928
1.43611
0.245277
-0.503314
0.424757
-0.403322
0.0219402
0.214934
0.356965
0.656407
0.12558
0.958521
0.25237
-0.239305
0.170109
2.41426
0.251062
0.00812983
-0.0250579
-3.45054
-0.510606
-0.676946
-0.422148
0.0378783
0.021258
-1.50413
-1.06532
-0.176711
1.46543
-1.3245
-1.15017
0.680689
-0.0246842
0.662981
-0.960635
0.104392
-1.54011
-1.53982
-0.322675
0.775719
-0.415258
0.805783
0.135111
-0.164388
-0.456164
0.260414
-0.0582656
-1.032
-0.27004
0.41198
-0.0114431
-0.858004
-0.0514578
-0.000809424
-0.00185736
0.0428125
0.544251
-0.108043
0.582449
-0.311766
-0.0510892
0.728548
-0.0314261
0.526578
0.442364
-0.00124049
-0.0884081
0.327342
-0.00734057
2.01837
-1.36305
-0.17663
-0.136613
-0.289696
0.0276728
-1.16294
3.1113
0.165454
0.0324003
-1.05765
0.659869
0.00665657
-0.0111684
-0.257533
0.205146
1.46614
-0.00497827
-0.540323
0.15438
0.000877998
0.0127206
0.885373
-1.03104
0.43738
-0.646338
0.189048
0.0510283
-0.559698
0.327911
-0.206927
-0.657436
0.0318809
0.147252
-1.42775
-0.023855
-2.10801
1.23988
0.0507043
-0.566335
0.682769
2.64147
1.25444
-1.74852
-0.0240152
-0.0298326
-0.0486805
-0.341353
-0.0298679
-0.0242661
0.565577
0.113287
-2.10008
0.0892284
-0.120019
0.0923355
-0.124678
0.138519
0.0146789
-0.321984
0.00072116
-0.0433499
0.0236082
-0.0205948
0.355316
-0.678987
1.87799
0.398618
-0.00552368
0.0178009
-0.427667
-0.00586369
0.191561
-0.197965
0.268773
-0.0208091
-0.103756
-0.0245703
0.271913
0.00924711
0.402511
0.156946
0.0505279
-0.0992727
0.185658
0.0673868
-0.0727825
-0.0176988
0.172775
0.0891078
-0.00717007
0.124808
0.00831977
-0.0153039
0.0672684
-0.184732
0.0397851
-0.00500046
-0.208012
0.0968175
-0.0766854
0.414658
0.176007
-0.239655
-0.114792
-0.0611354
-0.163593
0.0472306
0.167674
0.189679
0.100469
0.0195731
-0.045993
0.283234
-0.192223
0.0412485
0.0914831
0.035092
-0.0209861
0.0294545
0.205127
-3.1505e-05
0.0990303
0.00488953
-0.0879592
1.42761
-0.397244
0.99062
-0.00893188
-0.0364988
1.0005
1.76029
0.120007
-0.168343
0.307843
0.152168
0.194319
0.719272
0.165012
-0.458116
-0.242807
-0.247905
1.63778
0.0210191
-0.107128
-0.081591
0.0190127
1.96141
-0.3133
1.33387
-1.14641
-0.558613
-0.800004
0.0612458
-0.292059
0.706099
0.209467
-0.0589774
0.394756
-0.474329
1.04415
1.89018
1.1254
-0.246374
0.0056549
-1.6833
0.25666
-0.205701
-0.0379653
-0.111973
-0.130663
0.0709068
0.194867
2.01207
0.252878
-0.900447
-0.121839
0.00492649
-0.0196693
0.0510619
-0.00502723
-0.000847302
0.125519
0.0705794
-0.0734081
0.381675
1.56568
-1.65168
0.069241
0.0451276
-0.0159055
-0.0104007
0.19252
-0.00135119
0.0228769
0.0672355
0.00739378
1.82247
-1.56982
-1.87683
0.00998191
2.46957
0.195937
-0.298832
-0.0971492
-0.0447878
-0.11377
0.0951056
0.0599181
-0.965645
2.38966
-3.03623
1.48509
1.69041
-0.271825
0.0532412
0.163823
0.0736404
0.144636
-0.100725
-0.0315147
1.1766
-0.00466741
-0.312443
1.10931
0.626131
-0.0123142
-0.123046
0.208333
0.0288773
0.100472
0.0438729
-0.0421948
0.0900931
1.07216
2.14818
2.45682
2.6386
-2.33223
-0.264597
-0.87532
-0.105623
-0.108415
0.0971472
0.082449
0.202706
0.119566
2.39958
2.1057
0.0152542
-2.13914
0.0524777
0.0453424
0.0637762
0.142539
-0.0653522
-0.0212305
1.90895
-0.0818556
2.1015
0.0966237
-0.250853
-0.0111123
-0.0288879
0.207271
-0.0384437
0.0397664
0.0511054
0.0580153
-0.0532869
-0.00397219
2.08147
2.14016
1.61954
2.23617
0.934409
2.56463
0.18539
-0.381236
-0.127865
0.0258373
-0.15455
-1.27713
0.0443854
2.61984
-2.14773
0.638645
0.0561728
-1.78567
-0.0707197
-0.153975
-0.341182
1.28386
-0.145808
-3.12836
-0.865975
1.29988
0.0134763
-2.61061
1.86047
-0.0261893
-2.41041
0.0793544
0.173611
-0.581274
0.0259543
0.030282
-0.238241
2.48
-0.541
2.25027
1.19568
-2.04379
0.289996
-0.127004
-0.0831482
-0.64877
-0.759726
0.379788
0.211083
-0.258639
-0.177612
2.86911
-2.77779
1.12432
0.124068
-0.0959985
0.702926
0.0770632
0.491025
-0.857417
-0.882568
-1.02946
0.0638857
0.104086
0.535362
0.0284504
-0.00448727
0.886971
0.315489
-0.687234
-0.033893
0.555947
-0.00705264
-0.00325472
0.418313
-0.697191
2.77103
1.88338
-0.910348
0.166143
-0.084281
1.02613
-0.178219
0.0885937
0.260221
0.0349625
-0.109051
-0.912938
-0.374002
0.036938
0.0292034
0.0428249
-0.0745695
-0.041174
0.242968
-0.223515
-0.172101
-0.136484
-1.00772
0.0264395
2.61773
-0.637502
0.0542188
-0.512066
0.169751
0.169179
0.0568456
-0.309633
0.083723
0.00391965
0.00174474
0.249848
-2.50004
-2.30486
-2.36442
-1.58012
0.0354829
0.281094
0.119614
-0.236078
-0.0718002
-0.163175
0.0858755
0.125307
-2.59884
2.5641
-1.86761
0.0846075
0.0341498
0.0902983
0.133417
-0.208193
0.552813
1.27611
0.0420599
0.0373326
-0.0300835
0.153414
0.0330607
-2.2778
-0.0349997
0.385951
-0.0398977
0.0894891
-0.0541469
-0.00868301
0.0207833
-0.393026
-0.875241
2.27246
0.775566
2.04756
-0.0377658
0.334636
-0.554278
-0.450566
1.01684
-0.0781724
1.3165
-0.243805
0.507591
-1.39011
2.5658
-0.753411
-0.341415
2.23803
-0.194819
0.263713
-0.0264925
0.176121
-0.00415765
0.0195832
-0.151406
-1.27604
1.69932
1.1306
0.0775995
0.107656
0.094995
-0.044425
0.113088
0.00810764
-0.0177064
0.182506
1.08312
0.652512
1.94631
-2.56306
1.79138
-0.0187031
0.110906
0.12509
-0.00336519
-0.136537
0.0257887
-0.220699
0.053868
0.0956452
-0.664479
-1.52516
-1.85124
2.28967
0.190046
-0.0417367
0.0605764
0.118726
0.045049
-0.00781799
-0.108905
0.201502
-0.01277
0.191396
0.0375762
-0.0505965
-0.0372828
0.0480424
0.00465516
-0.00195904
0.0179126
-0.742553
-0.288558
0.121417
-0.699146
1.85128
-2.6493
0.629082
-0.104093
-0.228637
0.200734
0.0692382
0.314931
-0.335482
0.0627907
0.0261945
0.301093
2.01728
1.043
-2.32334
-0.409223
0.0728887
0.571972
-0.11022
-0.0330679
0.114053
-0.0850399
0.127637
2.43709
-0.978873
-2.3674
3.08877
0.0114655
-0.498888
0.238641
0.00960363
0.0169803
1.0022
0.105724
-0.529248
-0.561126
-1.9273
2.93446
-1.40313
0.852782
0.586776
-0.480811
0.0375591
0.254452
-0.184297
0.0549517
0.0186112
1.31133
0.157745
-2.906
2.70192
0.294164
-0.644699
-0.405754
0.0164592
0.0580965
0.170878
-0.278289
-0.008808
-0.016589
0.667793
-1.05296
-0.929203
-2.4836
0.71269
-0.3768
0.000105888
0.0609066
1.26829
-0.885649
-0.303219
0.213977
0.0988649
-0.0439937
-0.0924997
2.47204
-0.773191
2.36442
-0.155482
-0.0205803
-0.677472
0.0295525
-0.63364
-0.75623
0.083617
-0.0817406
0.575308
3.17824
-2.848
-1.73235
0.311982
0.118371
0.255573
0.257042
0.0344277
0.120861
0.344175
0.321865
0.0512428
-2.0383
0.818836
0.125888
-0.000959439
0.00319007
0.484828
-0.0986149
-0.147195
-0.241665
0.183579
0.122635
0.678648
-2.74769
-2.83965
-0.464389
-0.00456734
0.143371
-0.359151
0.013997
0.175331
-0.668981
0.176371
0.0399501
-0.633999
-2.25014
-0.642385
-0.883832
1.99071
0.0450773
0.050459
-0.0282956
0.165786
0.012146
-0.0589163
0.0885779
0.327294
0.098965
-1.79855
0.10941
2.15051
-0.00959997
0.126936
-0.451919
-0.0459436
-0.224692
-0.103756
0.0746851
-0.247397
0.186707
0.188614
0.176034
-2.86137
0.842627
-0.228991
0.0526527
0.144665
-0.157945
0.116727
-0.166075
-0.0530595
0.280648
-2.40296
-0.414747
0.31117
0.0450142
-0.0174932
-0.0309467
2.1814
0.00713646
0.0299418
0.140427
-0.0506718
0.0873578
-0.0365029
-0.739048
0.00782077
-1.36463
-1.15311
-0.560618
-0.0891983
0.358873
-0.133289
0.0878845
-0.0531469
0.322587
-0.20973
-2.02399
1.71936
0.187932
-0.430785
-0.675073
1.17764
0.357776
0.18095
-0.218772
-0.0402389
-0.0651207
3.12377
-0.665913
1.63147
2.14734
0.0964619
-0.305214
0.205662
-0.00191129
-0.0266522
0.00362067
0.205288
0.120785
-0.833989
1.01736
0.112324
-1.38636
3.67043
1.65189
-0.0650494
-0.138375
0.026227
-0.0106972
-0.531106
0.00459143
1.13396
-1.01231
1.28922
-2.21713
-1.33729
-2.37301
-1.55922
-0.647473
-0.0312429
0.799254
0.171158
1.10785
-3.31607
-2.62751
-1.19399
-1.39788
0.0810183
0.203182
0.0406044
0.0213781
0.275377
0.457132
-0.469166
-0.0197956
0.0125705
-0.017698
-0.0027232
-2.49956
-1.12713
2.44077
0.0973781
-0.129598
0.108873
-0.0104422
0.0876802
-0.116665
-0.150648
0.31169
-0.169445
1.578
0.943656
-0.573448
-0.366066
-0.305626
-0.0291228
0.192183
0.00561105
-0.0782348
0.0066737
1.51694
-1.65382
-0.00120539
0.0150695
2.60982
0.900653
1.55335
2.42311
-0.048048
0.182177
0.0676474
-0.347042
0.0967111
0.00855191
-0.0183511
-1.98574
-2.52684
-3.16083
0.0926259
-0.0319322
0.110037
-0.252471
0.219131
-0.242348
0.1823
-0.106734
0.2563
-1.11566
-2.82657
1.16773
1.35768
0.154489
0.0472587
-0.302503
-0.349292
0.00331574
0.433044
-0.331833
1.06082
0.507577
-2.35448
-2.39281
-2.63246
0.722503
0.209943
-0.306457
-0.080575
0.111201
-0.0503385
0.00223174
-0.0196528
-1.23893
2.84178
-0.0359574
0.316002
-0.0483594
0.0949725
-0.827989
0.0363412
-1.83572
0.629329
0.0433531
-0.974983
-0.569644
-2.4242
2.96425
2.50844
0.981738
0.0646923
-0.353202
-1.38687
1.79935
0.830495
0.0810955
-0.0607409
-2.0882
-0.0162031
-0.631107
0.593407
0.405328
-2.84529
-2.98483
0.0809602
-0.0453422
0.110229
0.00989677
-0.00312612
0.166036
-0.483599
-1.44108
1.26343
0.582254
0.0872799
-0.0305249
0.212029
0.165241
-0.153596
-0.0530737
-0.0196238
-0.290219
1.85502
0.988463
1.60464
-0.889219
-1.73111
0.0459583
0.206966
-0.152068
0.107693
0.0854602
0.0437454
-0.172354
0.0338586
0.205853
-0.0500178
0.130746
1.5325
0.0484177
0.0793108
0.2801
-0.309487
-0.0146115
-0.0349929
-0.668918
0.966115
0.64997
0.0514163
2.83808
2.53041
1.05412
-1.55758
0.214588
1.09553
-0.300825
-0.111604
0.974253
1.19165
-1.25079
-0.035375
0.323791
0.606729
-1.72025
-0.507782
0.250491
-1.30145
0.00487293
0.0337075
0.0250147
0.244106
-1.10399
-0.489258
0.97913
-1.41378
0.323125
0.0766454
-0.174091
-0.0113024
0.00464898
0.0163159
0.195762
-0.0372474
1.38151
-0.164196
-1.46265
2.68
-0.674004
0.701673
0.482468
-0.52087
-0.341107
-0.253855
-0.511532
0.0697806
0.0906886
-2.5002
2.86576
1.9924
-0.151203
0.195786
-0.609646
-0.329219
0.0104438
0.042577
0.0625362
0.0269539
2.94214
0.0835036
0.453006
2.53131
-2.6804
0.127225
0.60433
-0.272984
0.00080287
0.0243705
-0.462409
0.247213
0.0609084
-0.342539
-2.05861
0.370378
-2.48318
0.201801
1.46673
-1.63606
-0.326422
-0.810098
0.323366
0.0499897
0.24577
-0.00572826
-0.17529
1.46564
2.34662
0.87106
-1.05985
-0.595224
-0.10615
0.0267177
0.21318
0.444493
-0.0373951
0.018314
-0.0671438
1.91661
3.46558
-0.204716
1.41049
-0.0719822
0.000282632
-0.0918199
-1.34806
0.980138
0.309998
0.0236234
-0.222347
0.0925536
0.777049
-0.0928428
-4.35828
1.04434
-2.0118
-0.372607
0.738285
0.0521324
0.290064
1.29538
-0.212898
0.606806
-1.24855
-2.97868
4.62544
2.39586
-0.291191
-0.105456
-0.679178
0.0919789
0.20271
-0.057137
-0.673939
-0.412631
0.416136
0.961979
-2.97402
0.294389
0.0116744
0.0351305
0.316365
-1.24826
-0.032077
-0.489695
-0.0981456
0.0577912
0.265402
4.03859
1.02647
-0.35123
1.31626
0.721974
-1.4285
0.0698513
-0.068718
0.495894
0.30705
-1.58092
-0.318785
-3.37946
0.071116
2.74832
0.112328
0.0161483
2.07305
-0.512942
0.0640477
0.0145543
-0.258893
-0.00547555
-0.415352
0.828896
0.043541
0.12421
0.00915671
1.29578
0.246076
-0.413336
-0.0438234
-0.0218441
-0.0985351
0.0930695
0.206913
-2.12991
-1.98741
-0.159528
0.0353636
0.0908714
-0.198752
0.0467717
0.225946
0.0169272
0.182022
-0.248825
0.0342591
0.347878
1.16884
-0.675825
-1.95648
-0.0524816
0.0233993
-0.11367
0.201434
-0.0147903
-0.0873813
0.068839
-0.0273128
0.0907334
-0.0758708
1.68736
1.54392
-0.361406
2.59296
-0.26111
-0.0508744
-0.0918928
-0.11103
0.0980338
0.0716924
-1.32296
0.0748922
1.3162
2.66679
1.28207
-0.261728
0.0546697
0.105797
0.100927
0.141291
-0.0894445
-0.0301552
0.213951
-0.0134243
0.719046
1.32307
2.21992
-0.0141302
-2.81993
0.205333
-0.0440601
0.0514216
0.0532201
0.0546492
0.00826565
-0.0927219
2.07504
-0.718756
1.7567
-0.2365
0.00197995
-0.0668211
0.185117
0.0626661
-0.0015481
0.143223
0.225906
-0.26923
1.13285
-0.109329
0.77529
-0.403882
0.0159616
-0.107385
0.011381
0.0305591
-0.15316
0.176208
-0.158467
0.0642174
0.105009
-1.5585
2.85699
-0.281893
-1.20342
1.01225
0.0708496
-0.206812
-0.0775866
0.0958772
-0.0357241
0.06481
-0.122317
-0.00357994
-0.806264
0.83789
1.03648
-0.394409
-0.958218
0.137926
-0.0555836
0.329231
-0.469794
0.492378
0.312596
-0.803861
-2.10241
3.48221
-1.14685
-0.607098
-0.956553
0.0231434
0.128991
0.0299143
0.296113
-0.775803
0.200596
0.931877
1.88849
0.830179
0.0720732
1.32192
0.0385391
-2.13726
0.274813
-0.365399
0.0863039
-0.156116
0.124086
0.00845873
2.49866
0.152685
-0.215957
-0.119967
-0.00237993
-0.0108514
0.0770737
0.152877
0.231183
0.0582317
-0.153678
-0.125249
2.77062
0.694286
-0.669881
-0.76092
0.22447
3.02252
-0.000587065
0.0139282
0.150111
-0.0306357
0.284638
0.147551
0.504798
-0.909452
1.18414
1.85379
-0.918065
0.176862
0.0209806
-0.0892303
-0.0283258
-0.00451621
0.00115235
-0.00329301
0.0160987
-0.0542754
-2.41334
0.0447456
-0.0628687
0.0873508
-0.0209683
0.116943
-0.279299
-0.294998
0.288625
-2.41714
-0.406629
0.0906034
1.87004
-0.804854
1.18022
0.021078
0.00851148
-0.071661
-0.160648
0.134747
-0.127594
0.0615667
2.89392
0.0080135
-2.569
1.11566
1.82451
-0.058589
-0.0047143
0.41976
-0.0284721
-0.325754
-0.0280703
-0.000377947
0.0266305
-0.204401
-0.234529
-1.62052
2.16768
-0.149716
-0.0441106
-0.104839
-0.0586203
-0.822606
-0.0621396
-1.8301
0.195027
-3.02588
1.5814
0.551186
0.665086
-2.44102
-0.571783
0.137653
0.135727
0.535046
1.11697
0.0688284
-0.00331424
0.009878
-0.0539666
0.66092
-2.06284
1.89192
2.94471
0.115426
0.118479
0.143409
0.214611
0.0100246
-0.0206578
0.22585
0.0246398
0.174723
-0.259963
-1.41595
-1.09981
-0.144703
-0.144843
0.462587
-0.647028
-0.225206
-0.326811
0.648761
-0.0148446
-0.66879
-0.931132
1.98001
0.776172
0.296524
-0.0600622
0.163375
-0.982143
0.0110995
0.0374547
-0.0335715
-1.92325
3.09475
-2.63912
-1.30818
-0.199381
1.31719
0.10346
1.12833
0.0267373
-0.0182607
-0.0345119
-0.416726
1.03858
0.410683
0.0210429
0.632047
0.0532043
0.0731133
-1.5626
0.127949
1.36068
-0.281405
-0.0580389
1.04476
0.0307681
-1.31897
-0.271285
-2.74331
3.51206
0.230863
-0.484167
0.38049
-1.6557
0.103789
0.0267637
-0.127779
0.550233
0.21816
-1.54275
-3.2908
0.59263
2.89752
0.0125925
0.0167142
-0.0304481
-0.130324
0.135724
-0.131745
-0.143351
0.0866661
0.591227
1.93012
-0.0964446
0.229747
-0.199939
0.109568
0.364529
0.137846
-0.0787703
-0.0947591
-0.0765816
0.00980887
-0.315197
0.122397
-0.666321
2.63483
-0.131421
0.271033
-0.0472962
0.202138
0.111944
0.0248548
0.00462081
-0.038363
0.012571
-0.0972713
-2.16965
-1.09062
-0.473068
-0.731834
-1.06541
0.337468
2.85594
5.8329
4.53779
-1.77589
-0.421627
-0.741079
-1.24089
-0.2185
-2.02422
-0.821935
-1.44086
0.43682
-0.561252
-1.20797
-1.44601
0.452688
-4.09695
-3.43796
-3.90336
-8.15808
-3.23152
1.06521
1.11183
-2.43887
-0.0271433
-0.595435
-0.845662
-0.511703
-0.593093
0.238322
-0.8868
-0.930042
0.674631
-1.1833
-2.2496
-0.961375
-0.448277
-0.815169
-1.17681
0.188786
0.750874
-2.88601
-3.35889
-2.41247
-3.37458
-1.04188
-1.71911
1.12152
-2.37324
1.14969
-3.71968
3.15114
2.7366
0.1083
-0.160884
0.502487
-0.756352
-0.569058
-2.00174
0.940314
-0.126617
-3.93289
-1.83588
0.736557
-3.49429
2.84429
2.80928
-0.239251
-0.318406
-0.0621843
-0.16283
-0.106236
-0.328871
-1.03311
0.647975
0.900209
4.02813
-3.24846
1.95814
-1.95439
-0.768495
-0.680407
-1.29696
1.10129
0.410036
0.651703
2.26511
-6.76077
-4.08069
0.549931
-1.26952
1.02241
-9.04433
5.54903
1.35077
2.49697
2.29752
-0.357268
8.3887
-5.87142
1.91181
-1.86995
-4.11419
3.75687
0.497941
-1.87539
-1.41358
0.744666
-1.02934
-0.860153
-0.759789
0.497276
-0.806237
-0.00814321
-1.52379
1.4175
0.0547547
-0.287746
-0.603191
-0.412199
-0.802385
-0.743078
-1.33098
0.65827
-0.205155
-0.216469
-0.33875
-0.0486219
-0.813262
-0.612719
1.34174
-1.08124
-2.86281
2.60031
1.9419
1.36135
2.96083
-0.0712814
1.33292
-2.58861
-0.803737
-1.32241
-1.57078
0.355291
