[293, 49, 49, 4]
0.0
0.0
0.0
0.0
0.0
0.0
0.0
0.0
0.0
0.0
0.0
0.0
0.0
0.0
0.0
0.0
0.0
0.0
0.0
0.0
0.0
0.0
0.0
0.0
0.0
0.0
0.0
0.0
0.0
0.0
0.0
0.0
0.0
0.0
0.0
0.0
0.0
0.0
0.0
0.0
0.0
0.0
0.0
0.0
0.0
0.0
0.0
0.0
0.0
0.0
0.0
0.0
-0.618566
0.0
0.0
0.0
0.0
0.0
0.0
0.0
0.0
0.0
0.0
0.0
0.0
0.0
0.0
0.0
0.0
0.0
0.0
0.0
0.0
0.0
0.0
0.0
0.0
0.0
0.0
0.0
0.0
0.0
0.0
0.0
0.0
0.0
0.0
-0.885814
0.0
0.0
0.0
0.0
0.0
0.0
0.0
0.0
0.0
0.83727
0.0
0.0
0.0
0.0
0.0
0.0
0.0
0.0
0.0
0.0
0.0
0.0
0.0
0.0
0.0
0.0
0.0
0.0
0.0
0.0
0.0
0.0
0.0
0.0
0.0
0.0
0.0
0.0
0.0
0.0
0.0
0.0
-1.48514
0.0
0.0
0.0
0.0
0.0
0.0
0.0
0.0
0.0
0.0
0.0
0.0
0.0
0.0
0.0
0.0
0.0
0.0
0.0
0.0
0.0
0.0
0.0
0.0
-1.26104
0.0
0.0
0.0
0.0
0.0
0.0
0.0
-0.0119528
0.0
0.0
0.0
0.0
-0.041416
0.0
0.0
0.0
0.0
0.0
0.0
0.0
0.0
0.0
0.0
-0.337073
0.0
0.0
0.0
0.0
0.0
0.0
0.0
0.0
0.0
0.0
0.0
0.0
0.0
-0.42945
0.0
0.0
0.0
0.0
0.0
0.0
0.0
0.0
0.0
0.0
0.0
0.0
0.0
0.0
0.0
0.0
0.0
0.0
0.0
0.0
0.0
0.0
0.0
0.0
0.0
0.0
0.0
0.0
0.0
0.0
0.0
0.0
0.0
1.17008
0.0
0.0
0.0
0.0
0.468702
0.0
0.0
0.0
0.0
0.0
0.0
0.0
0.0
0.0
0.0
0.0
0.0
0.0
0.0
0.0
0.0
0.0
0.0
0.0
0.0
0.0
0.0
0.0
0.0
0.0
0.0
0.0
0.0
0.0
0.0
0.0
0.0
0.0
0.0
0.0
0.0
0.0
0.0
0.0
0.0
0.0
0.0
0.0
0.190677
1.83127
0.0
0.0
0.0
0.0
0.0
0.0
0.0
0.0
0.0
0.0
0.0
0.0
0.0
0.0
0.0
0.0
0.022618
0.703974
0.435587
0.162531
-0.121847
0.00479022
0.352499
0.393033
0.159406
-0.232895
0.183734
-0.943929
1.10033
0.191917
-0.229177
-0.0776039
0.273861
0.247665
-0.284755
0.124821
-0.588632
-0.129072
-0.290614
0.140816
0.334757
-0.237202
-0.67664
-0.0698218
-0.170232
-0.043504
0.487329
0.120798
0.142671
-0.0981619
-0.654692
-0.457877
-0.27922
-1.28033
-0.876055
0.822089
0.044082
0.203121
0.123157
0.264709
-0.865898
0.489965
0.280025
0.0975818
0.165405
0.0
0.0
0.0
0.0
0.0
0.0
0.0
0.0
0.0
0.0
0.951756
0.0
0.0
0.0
0.0
0.0
0.0
0.0
0.0
0.0
0.0
0.0
0.0
0.0
0.0
0.0
0.0
0.0
0.0
0.0
0.0
0.0
0.0
0.0
0.0
0.0
0.0
0.0
0.0
0.0
0.0
0.0
0.0
0.0
0.0
0.0
0.0
0.0
0.0
-0.0269734
0.294
0.17986
0.106769
-0.107386
-0.0205177
0.639029
0.367521
0.299377
-0.0889481
0.0466552
-0.656829
0.361179
-1.04144
0.391402
0.0734107
0.0953369
0.40062
-0.0314591
0.331886
-0.779661
0.310766
-0.0159616
-0.0425874
0.0794755
-0.242763
-0.467386
-0.275224
-0.209375
0.121368
0.184553
0.157104
-0.128625
0.343435
-0.870771
-0.0724491
-0.145881
-1.1679
-0.542419
-0.0743799
0.0227212
0.340065
0.0139345
0.308932
-0.5517
-0.363429
0.214988
-0.419097
-0.200503
0.0
0.0
0.0
0.0
0.0
0.0
0.0
0.0
0.0
0.0
-0.115588
0.0
0.0
0.0
0.0
0.0
0.0
0.0
0.0
0.0
0.0
0.0
0.0
0.0
0.0
0.0
0.0
0.0
0.0
0.0
0.0
0.0
0.0
0.0
0.0
0.0
0.0
0.0
0.0
0.0
0.0
0.0
0.0
0.0
0.251031
0.0
0.0
0.0
0.0
-0.0366319
-0.805652
-0.0664217
0.354723
-0.300266
0.122399
0.628523
0.256488
0.288208
-0.644298
0.240559
-0.646285
-0.530713
0.19685
0.449817
0.175869
-0.12032
0.0620217
0.254677
0.345596
-0.683331
0.44391
0.068247
0.0151707
0.298038
0.0962586
-0.0163874
0.0569847
-0.236712
-0.00983474
0.0694774
0.102701
-0.424861
0.706059
-0.636306
0.380566
-0.637511
-0.959267
-0.0901817
-0.39853
-0.0143499
0.306479
-0.116793
0.403918
-0.390461
-0.426408
0.0402019
-0.602885
-0.0995185
0.0
0.0
0.0
0.0
-0.514359
0.0
0.0
0.0
0.0
0.0
0.0
0.0
0.0
0.0
0.0
0.0
0.0
0.0
0.762651
0.0
0.0
0.0
0.0
0.0
0.0
0.0
0.0
0.0
0.0
0.0
0.0
0.0
0.0
0.0
0.0
0.0
0.0
0.0
0.0
0.0
0.0
0.0
0.0
-1.07708
0.0
0.0
0.0
0.0
0.0
0.0
0.0
0.0
0.0
0.0
0.453083
0.0
0.0
0.0
0.0
0.0
0.0
0.0
0.0
0.0
0.0
0.0
0.0
0.0
0.0
0.0
0.0
0.0
0.0
0.0
0.0
0.830017
0.0
0.0
0.0
0.0
0.0
1.38702
0.0
0.0
0.0
0.0
0.0
0.0
0.0
0.0
0.0
-1.48857
0.0
0.0
0.0
0.0
0.0
-1.04696
0.0
0.0
0.0
0.0
0.0
0.0
0.0
0.0
0.0
0.0
0.0
0.0
0.0
2.15465
0.0
0.0
0.0
0.0
0.0
0.0
0.0
0.0
0.0
0.0
0.0
0.0
0.0
0.0
0.0
0.0
0.0
0.0
0.0
0.0
0.0
0.0
0.0
0.0
0.0
0.0
0.0
0.0
0.0
0.0
0.0
0.0
0.0
0.0
0.0
0.0
0.0
0.0
0.0
0.0
0.0
0.0
0.0
0.0
0.0
0.0
0.0
0.0
0.0
0.0
0.0
0.0
0.0
0.0
0.0
0.0
0.0
0.0
0.0
0.0
0.0
0.0
0.0
0.0
0.0
0.0
0.0
-0.218042
0.0
0.0
0.0
0.0
0.0
0.0
0.0
0.0
0.0
0.0
0.0
0.0
0.0
0.0
0.0
0.0
0.0
0.0
0.0
0.0
0.0
0.0
0.0
0.0
0.0
0.0
0.0
0.0
0.0
0.0
-0.374651
0.0
0.0
0.0
0.0
0.0
0.0
0.0
0.0
0.0
0.0
0.0
0.365134
0.0
0.0
0.0
0.0
0.0
0.0
0.0
0.0
-1.38715
0.0
0.0
0.0
0.0
0.0
0.0
0.0
0.0
0.0
0.0
-0.0718193
0.0
0.0
0.0
0.0
1.10865
0.0
0.0
0.0
0.0
0.0
0.0
0.0
0.0
0.0
0.0
0.0
0.0
0.0
0.0
0.0
0.0
0.0134737
0.0
0.0
0.0
0.0
0.0
0.0
0.0267684
0.0
0.0
0.0
0.0
-1.35057
0.0
0.0
0.0
0.34108
0.0
0.0
0.0
0.0
0.0
0.0
0.0
-1.23163
0.0
0.0
0.0
0.0
0.0
0.0
0.0
0.0
0.0
0.0
0.0
0.0
0.0
0.0
0.0
0.0
0.0
0.0
0.0
0.0
0.0
0.0
0.0
0.0
-0.15617
0.0
0.0
0.0
0.0
0.0
0.0
0.0
0.0
0.0
0.0
0.0
0.0
0.0
0.0
0.0
0.0
0.0
0.0
0.0
0.0
0.0
0.0
-1.77833
-0.942547
0.0
0.0
0.0
0.0
0.0
0.0
0.484085
0.0
0.0
0.0
0.0
0.0
0.0
0.0
0.0
0.0
0.0
0.0
0.0
0.0
0.0
0.0
0.0
0.0
0.0
0.0
0.0
0.0
0.0
0.0
-0.0439214
0.0
0.0
0.0
-0.401502
0.0
0.0
0.0
0.0
0.0
0.0
0.0
0.0
0.0
0.0
0.0
0.0
0.0
0.0
0.0
0.0
0.0
0.0
0.0
0.0
0.0
0.0
0.0
0.0
0.0
0.0
0.0
0.0
0.0
0.0
0.0
0.0
0.0
0.0
0.0
0.0
0.0
0.0
0.0
0.0
0.0
0.0
0.0
0.0
0.0
0.0
0.0
0.0
0.0
0.0
0.0
0.0
0.0
0.0
0.0
0.0
0.0
0.0
0.0
0.0
0.0
0.0
0.0
0.0
0.0
0.0
0.0
0.0
0.0
0.0
0.0
0.0
0.0
0.0
0.0
0.0
0.0
0.0
0.0
0.0
0.0
0.0
0.0
0.0
0.0
0.0
-0.730623
0.0
0.0
0.0
0.0
0.0
0.0
0.0
0.0
0.0
0.0
0.0
0.0
0.0
0.0
0.0
0.0
0.0
0.0
0.0
0.0
0.0
0.0
0.0
0.0
0.0
0.0
0.0
0.0
0.0
0.0
0.00227914
1.00968
0.492905
-0.136311
0.107197
0.0896245
0.110181
-0.497559
-0.128493
-0.40388
0.160951
-1.24552
1.31998
-0.118551
-0.173474
-0.149154
0.296963
0.0281742
-0.074134
-0.249527
-0.40196
-0.539739
-0.676936
0.114968
0.775692
0.113554
-0.798032
0.234782
0.150593
-0.0207851
0.662877
-0.126841
0.182948
-0.282828
-0.115468
-0.998117
0.0616102
-0.935921
-0.76062
0.453744
0.0749905
0.0408596
-0.152476
0.32719
-0.711859
1.02109
0.107336
0.323715
0.406398
0.0
0.0
0.0
0.0
1.78344
0.0
0.0
0.0
0.0
0.0
0.0
0.0
0.0
0.0
0.0
0.0
0.0
0.0
0.0
0.0
0.0
0.0
0.0
0.0
0.0
0.0
0.0
0.0
0.0
0.0
0.0
0.0
0.0
0.0
0.0
0.0
0.0
0.0
0.0
-0.0610042
0.0
0.0
0.0
0.0
0.0
0.0
0.0
1.37431
0.0
0.0
0.0
0.0
0.0
0.0
0.0
0.0
0.0
0.0
0.0
0.0
0.0
0.0
0.0
0.0
0.0
0.0
0.0
0.0
0.0
0.0
0.0
0.0
0.0
0.0
0.0
0.0
0.0
0.0
0.0
0.0
0.0
0.0
0.0
0.0
0.0
0.0
0.0
0.0
0.0
0.0
0.0
0.0
0.0
0.0
0.0
0.0
0.0
0.0
0.0
0.0
0.0
0.0
0.0452093
0.0
0.0
0.0
0.0
0.0
0.0
0.0
0.0
-0.847804
0.0
0.0
0.0
0.0
0.0
0.0
0.0
0.0
0.0
0.0
0.0
0.0
0.0
0.0
0.0
0.0
0.0
0.0
0.0
0.0
0.0
-0.015212
0.0
0.0
0.0
0.0
0.0
0.0
0.0
0.0
0.0
0.0
0.0
0.255844
0.0
0.0
0.0
0.0
1.40552
0.0
0.0
0.0
0.0
0.0
0.0
0.0
0.0
0.0
1.03509
0.0
0.0
0.0
0.0
0.0
0.0
0.0
0.0
0.0
-0.597351
0.0
0.0
0.0
0.0
0.0
0.0
0.0
0.0432662
0.0
0.0
0.0
0.0
0.0
0.0
0.0
0.0
0.0
0.0
0.0
0.0
0.0
0.0
0.0
0.0
0.0
0.0
0.0
0.0
0.0
0.0
0.0
0.0
0.0
0.0
0.0
0.0
-1.22101
0.0
0.0
0.0
0.0
0.0
0.0
0.0
0.0
0.0
0.0
0.0
0.0
-0.02393
0.0
0.0
0.0
0.0
0.0
0.0
0.0
0.0
0.0
0.0
0.0
0.0
0.0
0.0
0.0
0.0
0.0
0.0
0.0
0.0
0.0
0.0
0.0
0.0
0.0
0.541037
0.0
0.0
0.0
0.0
0.0
0.0
0.0
0.0
0.0
0.0
0.0
0.0
0.0
0.0
0.0
0.0
0.0
1.35776
0.0
0.0
0.0
0.0
0.0
0.0
0.0
0.0
1.3054
0.0
0.0
0.0
0.0
0.0
0.0
0.0
0.0
0.0
0.0
0.0
0.0
0.0
0.0
0.0
0.0
0.0
0.0
0.0
0.962789
0.0
0.0
0.103318
0.0
0.0
0.0
0.0
0.0
0.0
0.0
0.0
0.0
0.0
0.0
0.0
-1.14595
0.0
0.0
0.0
0.0
0.0
0.0
0.0
0.0
0.0
0.0
0.0
0.0
0.0
0.0
-1.62382
0.0
0.0
0.0
0.0
0.905475
0.0
0.0
0.0
0.0
0.0
0.0
0.0
-1.32437
0.0
0.0
0.0
0.0
0.0
0.0443664
-0.559177
0.00882693
0.0554751
0.791808
0.107779
0.46705
-0.250615
0.289394
-0.218187
0.0258231
-0.135854
-0.111452
-0.0340392
-0.0144755
-0.0532377
0.0209085
0.532502
-0.0887368
0.189378
-0.597199
0.36837
-0.322274
-0.00224802
0.213257
-0.066593
-0.248513
0.107374
-0.14007
0.0418593
0.236648
0.20684
0.0937219
0.485385
-0.464551
0.0863131
0.1434
-0.71837
0.0795337
-0.471783
0.0105158
-0.349818
0.149835
-0.000875625
-0.540048
-0.240321
0.175985
-0.0849886
-0.138648
0.0
0.0
0.0
0.0
0.0
0.0
0.0
0.0
0.0
0.0
0.0
0.0
0.0
0.0
-1.73029
0.0
0.0
0.0
0.0
0.0
0.0
0.0
0.206461
0.0
0.0
0.0
0.0
0.0
0.0
0.0
0.0
0.0
0.0
0.0
0.0
0.0
0.0
0.0
0.0
0.0
0.0
0.0
0.0
0.0
0.0
0.0
0.0
0.0
0.0
0.0
0.0
0.0
0.0
0.0
0.0
0.0
0.0
0.0
0.0
0.0
0.0
0.0
0.0
0.0
0.0
0.0
0.0
0.0
0.0
0.0
0.0
0.0
0.0
0.0
0.0
0.0
0.0
0.0
0.0
0.0
0.0
0.0
1.01475
0.0
0.0
0.0
0.0
0.0
0.0
0.0
0.0
0.0
0.0
0.0
0.0
0.0
0.0
0.0
0.0
0.0
0.0
0.0
0.0
0.0
0.0
0.0
0.0
0.0
0.0
0.0
0.0
0.0
0.0
0.0
0.0
0.0
0.0
0.0
0.0
0.0
0.0
0.0
0.0
0.0
0.0
0.0
0.0
0.0
0.0
0.0
0.0
0.0
1.7492
0.0
0.0
0.0
0.0
0.0
0.0
0.0
0.0
0.0
0.0
0.0
0.0
0.0
0.0
0.0
0.0
0.0
0.0
0.0
0.0
0.0
0.0
0.0
0.0
0.0
0.0
0.0
0.0
0.0
0.0
0.0
0.0
0.537692
0.0
0.0
0.0
0.0
0.0
0.0
-1.6317
0.0
0.0
0.0
0.0
0.0
0.0
0.0
0.0
0.0
0.0
0.0
-0.506714
0.0
0.0
0.0
0.0
0.0
0.0
0.0
0.0
0.0
0.0
0.0
0.0
0.0
0.0
0.0
0.0
0.0
0.0
0.0
0.0
0.0
0.0
0.0
0.0
0.0
0.0
0.0
0.0
0.0
0.0
0.0
0.0
0.0
0.0
0.0
0.0
0.0
0.0
0.0
0.0
0.0
0.0
0.0
0.0
0.0
0.0
0.0
0.0
0.821178
0.0
0.0
0.0
0.0
0.0
0.0
0.0
0.0
0.0
0.0
0.0
0.0
0.0
0.0
0.0
0.0
0.0
0.0
0.0
-0.54869
0.0
0.0
0.0
0.0
-0.211467
0.0
0.0
0.0
0.0
0.0
0.0
0.0
0.0
0.0
0.0
0.0
0.0
0.0
0.0
0.0
0.0
-0.308738
0.0
0.0
0.0
0.0
0.0
0.0
0.0
0.0
0.0
0.0
0.0
0.0
0.0
0.0
0.0
0.0
0.0
0.0
-0.0207886
0.651564
0.505534
-0.470256
0.358794
0.121107
0.0156829
-0.345367
-0.169724
-0.377141
0.138756
-1.44493
1.08764
-0.320128
-0.0723997
-0.171611
0.371004
0.0758107
-0.295762
-0.074884
-0.20487
-0.956265
-0.57838
0.0282029
0.148989
0.196193
-0.797152
0.14118
0.461201
-0.0778697
0.513199
-0.136225
0.322975
-0.429725
0.0724396
-0.634162
0.138187
-0.823821
-0.918898
0.222546
0.260294
0.0941558
-0.0381717
0.437878
-0.483037
0.727243
0.164941
0.305317
0.606585
0.0
0.0
0.0
0.0
0.0
0.0
0.0
0.0
0.0
0.0
0.0
0.0
0.0
0.0
0.0
0.0
0.0
0.0
0.0
0.0
0.0
0.0
0.0
0.0
0.0
0.0
0.0
0.0
0.0
0.0
0.0
0.0
0.0
0.0
0.0
0.0
0.0
0.0
0.0
0.0
0.0
0.0
0.0
0.0
0.0
0.0
0.0
0.0
0.0
0.0
0.0
0.0
0.0
0.0
0.0
0.0
0.0
0.0
2.33337
0.0
0.0
0.0
0.0
0.0
0.0
0.0
0.0
0.0
0.0
0.0
0.0
0.0
0.0
0.0
0.0
0.0
0.0
0.0
0.0
0.0
0.0
0.0
0.0
0.0
0.0
0.0
0.0
0.0
0.0
0.0
0.0
0.0
0.0
0.0
0.0
0.0
0.0
0.0
0.0
0.0
0.0
0.0
0.0
0.0
0.0
0.0
0.477179
0.0
0.0
0.0
1.08749
-0.363102
0.0
0.0
0.0
0.0
0.0
0.0
0.0
0.0
-2.48964
0.0
0.0
0.0
0.0
0.0
0.0
0.0
0.0
0.0
0.0
0.0
0.0
0.0
0.0
0.0
0.0
0.0
0.0
0.0
0.0
0.0
0.0
0.0
0.0
0.0
0.0
0.0
0.0
0.0
0.0
0.0
0.0
0.0
0.0
0.0
0.0
0.0
0.0
0.0
0.0
0.0
0.0
-1.07306
0.0
0.0
0.0
0.0
0.0
0.0
0.0
0.0
0.0
0.0
0.0
0.0
0.0
0.0
0.0
0.0
0.0
0.0
0.0
0.0
0.0
0.0
-0.983543
0.0
0.0
0.0
0.0
0.0
0.0
0.0
0.0
0.0
0.0
0.0
0.0
0.0
-0.986415
0.0
0.0
0.0
0.0
0.0
0.0
0.0
0.0
0.0
0.0
0.0
0.0
0.0
0.0
0.0
0.0
0.0
0.0
0.0
0.0
0.0
0.0
0.0
0.0
0.0
-1.4515
0.0
0.0
0.0
0.0
0.0
0.0
0.0
0.0
0.0
0.0
0.0
0.0
0.0
0.0
-1.62744
0.0
0.0
0.0
0.0
0.0
0.0
0.0
0.0
0.0
0.0
0.0
0.0
-1.28725
0.0
0.0
0.677612
0.0
0.0
0.0
0.0
0.0
0.0
0.0
0.0
0.0
0.0
0.0
0.0
0.0
0.0
0.0
0.0
0.0
-0.80838
0.0
0.0
0.0
0.0
0.0
0.0
0.0
0.0
0.0
0.0
0.0
0.0
0.0
0.0
0.0
0.0
0.0
0.0
0.0
0.0
0.0
1.25071
0.0
0.0
0.0
0.0
0.0
0.0
0.0
0.0
0.0
0.0
0.0
0.0
0.0
0.0
0.0
0.0
0.0
0.0
0.0
0.0
0.0
0.0
0.0
0.0
0.0
0.0
0.0
0.0
0.0
0.0
0.0
0.0
0.0
0.0
0.0
0.0
0.0
0.0
0.0
0.0
0.0
0.0
0.0
0.0
0.0
1.26093
0.0
0.0
0.0
0.0
0.0
0.0
0.0
0.0
0.0
0.0
0.0
0.0
0.0
0.53267
-0.0325773
0.0
0.0
0.0
0.0
0.0979507
0.0
0.580716
0.0
0.0
0.0
0.0
0.0
0.0
0.0
0.0
0.0
0.0
0.0
0.0
0.0
0.0
0.0
0.0
0.0
0.0
0.0
0.0
-1.24665
0.0
0.0
0.0
0.0
0.0
0.0
0.0
0.0
0.0
0.0
0.0
0.0
0.0
0.0
0.0
0.0
-0.331704
0.0
0.0
0.0
0.0
0.0
0.0
0.0
0.0
0.0
0.0
0.0
0.0
0.0
0.0
0.625481
0.0
0.0
0.0
0.0
0.0
0.0
0.0
0.0
0.0
0.0
0.0
0.0
0.0
0.0
0.0
0.0
0.0
0.0
0.0
0.0
0.0
0.0
0.0
0.0
0.0
0.0
0.0
0.0
0.0
0.0
0.0
0.0
0.0
0.0
0.0
0.0
0.0
0.0
0.0
0.0
0.216181
0.0
0.0
0.0
0.0
0.0
0.0
0.0
0.0
0.0
0.0
0.0
0.0
-0.794436
0.0
0.0
0.519766
0.0
0.0
0.0
0.0
0.0
0.0
0.0
0.0
0.0
0.0
0.0
0.0
0.0
0.0
0.0
0.0
0.0
0.0
0.0
0.0
0.0
0.0
0.0
0.0
0.0
0.0
0.0
0.0
0.0
0.0
0.0
0.0
0.0
1.54624
0.0
0.0
0.0
0.0
0.0
0.0
0.0
0.0
0.0
0.0
0.0
0.0
0.0
0.0
0.0
0.0
0.0
0.0
0.0
0.0
0.0
0.0
0.0
0.0
0.0
0.0
0.0
0.0
0.0
0.0127253
-0.140611
0.112568
0.149897
-0.187083
0.0726459
0.280652
0.126299
0.376375
-0.741616
0.483544
-0.240072
-0.172203
0.30184
-0.0406405
0.000239297
-0.0903208
0.153535
0.171728
0.231305
-0.483421
-0.148313
-0.156702
-0.0975668
0.136093
-0.132863
-0.236229
-0.00905314
-0.145877
0.0617891
0.240485
0.0521455
-0.808325
0.294783
-0.485953
0.19811
0.088014
-0.793211
-0.0211502
-0.163216
-0.0228386
0.0654116
0.0502084
0.108552
-0.695143
-0.301262
0.191695
0.159742
-0.0674484
0.0
0.0
-1.09038
0.0
0.0
0.0
0.0
0.0
0.0
0.0
0.0
0.0
0.0
0.0
0.0
0.0
0.0
0.0
0.0
0.0
0.0
0.0
0.0
0.0
0.0
0.0
0.0
0.0
0.0
0.0
0.0
0.0
0.0
0.0
0.390343
0.0
0.0
0.0
0.0
0.0
0.0
0.0
0.0
0.0
0.0
0.0
0.0
0.0
0.0
0.0
0.0
0.0
0.0
0.0
0.0
0.0
0.0
0.0
0.0
0.0
0.0
0.0
-0.429215
0.984015
0.0
0.0
0.0
0.0
0.0
0.0
0.0
0.0
0.0
0.0
0.0
0.0
0.0
0.0
0.0
0.0
0.0
0.395728
0.0
0.0
0.0
0.0
0.0
0.0
0.0
0.0
0.0
0.0
0.0
0.0
0.0
0.0
0.0
0.0
0.0
0.0
0.0
0.0
0.0
0.0
0.0
0.0
0.0
0.0
0.0
0.0
0.0
0.0
0.0
0.0
0.0
0.0
0.0
0.0
0.0
0.0
0.0
0.0
0.0
0.0
0.0
0.0
0.0
0.0
0.0
0.0
0.0
0.0
0.0
0.0
0.0
0.0
0.0
0.0
0.0
0.0
0.0
0.0
0.0
0.0
0.0
0.0
0.0
0.0
0.0
0.0
0.0
0.0
0.0
0.0
0.0
0.0
0.0
0.0
0.0
0.0
0.0
0.0
0.0
0.0
0.0
0.0
0.0
0.0
0.0
0.0
0.0
0.0
0.0
0.0
0.0
0.0
0.0
0.0
0.0
0.0
0.0
0.0
0.0
0.0
0.0
-0.902134
0.0
0.0
0.0
0.0
0.0
0.0
0.0
0.0
0.0
0.0
0.0
0.0
0.0
0.0
0.0
0.0
0.0
0.0
0.0
0.0
0.0
0.0
-1.28218
0.0
0.0
0.0
0.0
0.0
0.0
0.0
0.0
0.0
0.0
0.0
0.0
0.0
0.0
0.0
0.0
0.0
0.268011
0.0
0.0
0.0
0.0
0.0
0.0
0.0
0.0
0.0
0.0
0.0
-0.0280221
0.0
0.0
0.0
0.0
0.0
0.0
-0.932588
0.0
0.0
-1.1707
0.0
0.0
0.0
0.0
0.0
0.0
0.0
0.0
0.0
0.0
0.0
0.0
0.0
0.0
0.0
0.0
0.0
0.0
0.0
0.0
0.0
0.0
0.0
0.0
0.0
0.0
0.0
0.0
0.0
0.0
0.0
0.0
0.0
0.0
0.0
0.0
0.0
0.0
0.0
0.0
0.0
0.0
0.0
0.0
0.0
0.0
0.0
0.0
0.0
0.0
0.0
0.0
0.0
0.0
0.0
0.0
0.0
0.0
0.0
0.0
0.0
0.0
0.0
0.0
0.0
0.0
0.0
0.0
0.0
0.0
0.0
0.0
0.0
0.0
0.0
0.0
0.0
0.0
0.0
0.0
0.0
0.0
0.0
0.0
0.0
0.0
0.0
0.0
0.0
0.0
0.0
0.0
0.0
0.0
0.0
0.0
0.0
0.0
0.0
0.0
0.0
0.0
0.0
0.0
0.0
0.0
0.0
0.0
0.0
0.0
0.0
0.0
0.0
0.0
0.0
0.0
0.0
0.0
0.0
0.0
0.0
0.0
0.0
0.0
0.0
0.0
0.0
-1.50429
0.0
0.0
0.0
0.0
0.0
0.0
0.0
0.0
0.0
0.0
0.0
0.0
0.0
0.0
0.0
0.0
0.0
0.0
0.0
0.0
0.0
0.0
0.0
0.0
0.0
0.0
0.0
0.0
0.0
0.0
0.0
0.0
0.0
0.0
0.545148
0.0
0.0
-0.0960411
0.0
0.0
0.0
0.0
0.0
0.0
0.0
0.0
0.0
0.0
0.0
0.0
0.0
0.0
0.0
0.0
0.0
0.0
0.0
0.0
0.0
0.0
0.0
0.0
0.0
0.0
0.0
0.0
0.0
0.0
0.0
0.34763
0.0
0.0
0.0
0.0
0.476794
0.0
0.0
0.0
0.0
0.0
0.0
-0.501421
0.0
0.0
0.0
0.0
0.0
0.0
0.0
0.0
0.0
0.0
0.0
0.0
0.0
0.0
0.0
0.0
-0.0204949
0.00873548
0.0
0.0
0.0
0.0
0.0
0.0
0.0
0.0
0.0
0.0
0.0
0.0
0.0
0.0
0.0
0.0
0.0
0.0
0.0
0.0
0.0
0.0
0.0
0.0
0.0
0.0
0.0
0.0
0.0
0.0
0.0
0.0
0.0
0.0
0.0
0.0
0.0
0.0
0.0
0.0
0.0
0.0
0.0
0.0
0.0
1.347
0.0
0.0
0.0
0.0
0.0
1.57558
0.0
0.0
0.0
0.0
0.0
0.0
0.0
0.0
0.0
0.0
0.0
0.0
0.0
0.0
0.0
0.0
0.0
0.0
0.0
0.0
0.0
0.0
0.0
0.0
0.0
0.0
0.0
0.0
0.0
0.0
0.0
0.205669
0.0
0.0
0.0
0.0
0.0
0.0
0.0
0.0
0.0
0.0
0.0
0.0
0.0
0.0
0.0
0.0
0.0
0.0
0.0
0.0
0.0
0.0
0.0
0.0
0.0
0.61865
0.0
0.0
0.0
0.0
0.0
0.0
0.0
0.0
0.0
0.0
0.0
0.0
0.0
0.0
0.0
0.0
0.0
0.0
0.0
0.0
0.0
0.0
0.0
0.0
0.0
0.0
0.0
0.0
0.0
0.0
0.0
0.0
0.0
0.0
0.0
0.0
0.0
0.0
0.0
0.0
0.0
0.0
0.0
0.0
0.0
0.0
0.0
0.0
0.0
0.0
0.0
0.0
0.0
0.90528
0.0
0.0
0.0
0.0
0.0
0.0
0.0
0.0
0.0
0.0
0.0
0.0
0.0
0.653889
0.0
0.0
0.0
0.0
0.0
0.0
0.0
0.0
0.0
0.0
0.0
0.0
0.0
0.0
0.0
0.0
0.0
0.0
-0.0886118
0.0
0.0
0.0
0.0
0.0
0.0
0.0
0.0
0.0
0.0
0.0
-1.16498
0.0
0.0
0.0
0.0
0.0
0.0
0.0
0.0
0.0
0.0
0.0
0.0
0.0
0.0
0.0
0.0
0.0
0.0
0.0
0.0
0.0
0.0
0.0
0.0
0.0
0.0
0.0
0.0
0.0
0.0
0.0
0.0
0.0
1.82624
0.350365
0.0
0.0
0.0
0.0
0.0
0.0
0.0
0.0
0.0
0.0
0.0
0.0
0.0
0.0
0.0
0.0
0.0
0.0
0.0
0.0
0.0
0.0
0.0
0.0
0.0
0.0
0.0
0.0
0.0
0.0
0.0
0.0
0.0
0.0
-0.138208
0.0
0.0
0.0
0.0
0.0
0.0
0.0
0.0
0.0
0.0
0.0
0.0
0.0
0.0
0.0
0.0
0.0
0.0
0.0
0.0
0.0
0.0
0.0
0.0
0.0
0.0
0.0
0.0
0.0
0.0
0.0
0.0
0.0
0.0
0.0
0.0
0.0
0.0
0.0
0.0
0.0
0.0
0.0
0.0
0.0
0.0
0.660694
0.0
0.135407
0.0
-0.300328
0.0
0.0
0.0
0.0
0.0
0.0
0.0
0.0
0.0
0.0
0.0
0.0
0.0
0.0
0.0
0.0
0.0
0.0
0.0
0.220293
0.0
0.0
0.0
-1.11038
0.0
0.0
0.0
1.52216
0.0
0.0
0.0
0.0
0.0
0.0
0.0
0.0
0.0
0.0
0.0
0.0
0.0
0.0
0.0
0.0
0.0
-0.695424
0.0
0.0
0.0
0.0
0.0
0.0
0.0
0.0
0.0
0.0
0.0
0.0
0.0
0.0
0.0
0.0
0.0
0.0
0.0
0.0
0.0
0.0
0.0
0.0
0.0
0.0
0.0
0.0
0.0
0.0
0.0
0.0
0.0
0.0
0.0
0.0
0.0
0.0
0.0
0.0
0.0
0.0
0.0
0.0
0.0
0.0
0.0
0.0
0.0
0.0
0.0
0.0
0.0
0.0
0.0
0.0
0.0
0.0
0.0
0.0
0.0
0.0
0.0
0.0
0.0
0.0
0.0
0.0
0.0
0.0
0.0
0.0
0.0
0.0
0.0
0.0
0.0
0.0
0.0
0.0
0.0
0.0
0.0
0.0
0.0
0.0
0.0
0.0
0.0
0.0
0.0
0.0
0.0
0.0
0.0
0.0
0.0
0.0
0.0
0.0
0.0
0.0
0.0
0.0
0.0
0.0
0.0
0.0
0.0
0.0
0.0
0.0
0.0
0.0
0.0
0.0
0.0
0.0
0.0
0.0
0.0
0.0
0.0
0.0
0.0
0.0
0.0
0.095574
1.44627
0.438218
0.601588
-0.0914235
-0.0339952
0.0019461
-0.367315
0.223747
-0.59866
0.340441
-1.8211
1.55719
-0.0189109
-1.16406
0.0621857
0.203024
-0.48711
0.088349
0.292596
0.301892
-0.269562
-1.25106
0.278715
0.556247
0.294675
-0.77579
-0.152467
-0.430373
-0.0472379
-0.494145
0.0625648
-0.295793
-0.0198339
0.39784
-0.819129
0.387015
0.0336471
-0.341692
0.815873
-0.13276
-0.262131
0.0240337
-0.498239
0.948201
0.960145
-0.315503
0.24068
-0.137661
0.0
0.0
0.0
0.0
0.0
0.0
0.0
0.0
0.0
0.0
0.0
0.0
0.0
0.0
0.0
0.0
0.0
0.0
0.0
0.0
0.0
0.0
0.0
0.0
0.0
0.0
0.0
0.236013
0.0
-0.979757
1.77882
0.0
0.0
0.0
1.30054
0.0
0.0
0.0
0.0
0.0
0.0
0.0
0.0
0.0
0.0
0.0
0.0
0.0
0.0
0.0
0.0
0.0
0.0
0.0
0.0
0.0
0.0
0.0
0.0
0.0
0.0
0.0
0.0
0.0
0.0
0.0
0.0
0.0
0.0
0.0
0.0
0.0
0.0
0.0
0.0
0.0
0.0
0.0
-0.202383
0.0
0.0
0.0
0.0
0.0
0.0
0.0
0.0
0.0
0.0
0.0
0.0
0.0
0.0
1.04106
0.0
0.201708
0.0
0.0
0.0
0.0
0.0
0.0
-0.213448
0.0
0.0
0.0
0.0
0.0
0.0
0.0
0.0
0.0
0.0
0.0
0.0
0.0
0.0
0.0
0.0
0.0
0.0
0.0
0.0
0.0
0.0
0.0
0.0
0.0
0.0
0.21414
0.0
0.0
0.0
0.0
0.0
0.0
0.0
0.0
0.0
0.0
0.0
0.0
0.0
0.0
0.0
0.0
0.0
0.0
0.0
0.0
0.0
0.0
-0.709921
0.0
0.0
-0.443984
0.0
0.0
0.0
0.0
0.0
0.0
0.0
0.0
0.0
0.0
0.0
0.0
0.0
0.0
0.0
0.0
0.0
0.0
0.0
0.0
0.0
0.0
0.0
0.0
0.0
0.0
0.0
0.0
0.0
0.0
0.0
0.0
0.0
0.0
0.0
0.0
0.0
0.0
0.0
1.32467
0.0
0.0
0.0
0.0
0.0
0.0
0.0
0.0
0.0
0.0
0.0
0.0
0.0
0.0
0.0
0.0
0.0
0.0
0.0
0.0
0.0
0.0
0.0
0.0
0.0
0.904748
0.0
0.0
0.0
0.0
0.0
0.0
0.0
0.0
0.0
0.0
0.0
0.0
0.0
0.0
0.0
0.0
0.0
0.0
0.0
0.0
0.0
0.0
0.0
0.0
0.0
0.0
0.0
0.0
0.0
-0.491534
0.0
0.0
0.0
0.0
0.0
0.0
0.0
0.0
0.0
0.0
0.0
0.0
0.0
0.0
0.0
0.0
0.0
-1.97314
0.0
0.0
0.0
0.0
1.33082
0.0
0.0
0.0
0.0
0.0
0.0
0.0
0.0
0.0
0.0
0.0
0.0
0.0
0.0
0.0
0.0
0.0
0.0
0.0
0.0
0.0
0.0
0.0
0.0
0.0
0.0
0.0
0.0
0.0
0.0
0.0
0.0
0.0
0.0
0.0
0.0
0.0
0.0
0.0
0.0
0.0
0.0
0.0
0.0
0.0
0.0
0.0
0.0
0.0
0.0
0.0
0.0
0.0
0.0
0.0802198
0.0
0.0
0.0
0.0
0.0
0.0
0.0
0.0
0.0
0.0
0.0
0.0
0.0
0.0
0.0
0.0
0.0
0.0
0.0
0.0
0.0
0.0
0.0
0.0
0.0
0.0
0.0
0.0
0.0
0.0
0.0
0.0
0.0
0.0
0.0
0.0
0.0
0.0
0.0
0.0
0.0
0.0
0.0
0.0
0.0
0.0
0.0
0.0
0.0
0.0
0.0
0.0
0.0
0.0
0.0
0.0
0.0
0.0
0.0
0.0
0.0
0.0
0.0
0.0
0.606529
0.0
0.0
0.0
0.0
0.0
0.0
0.0
0.0
0.0
0.0
0.0
0.0
0.0
0.0
0.0
0.0
0.0
0.0
0.0
-0.0180381
1.49288
0.0
0.0
0.0
0.0
0.0
0.0
0.0
0.0
0.0
0.0
0.0
0.0
0.0
0.0
0.0
0.0
0.0
0.0
0.0
0.0
0.0
0.0
0.0
0.0
0.0
0.0
0.0
-0.428776
0.0
0.0
0.0
0.0
0.0
0.0
0.0
0.0
0.0
0.0
0.0
0.0
0.0
0.0
0.0
0.0
0.0
0.0
0.0
0.0
0.0
0.0
0.0
0.0
0.0
0.0
0.0
0.0
0.0
0.0
0.0
0.0
0.0
0.0
0.0
0.0
-0.620292
0.0
0.0
0.0
0.0
0.0
0.0
0.0
0.0
0.0
0.0
0.0
0.0
0.0
0.0
0.0
0.0
0.0
0.0
0.0
0.0
0.0
0.0
0.0
0.0
0.0
0.0
0.0
0.0
0.0
0.0
0.0
0.0
0.0
0.0
0.0
-0.58229
0.0
-1.17224
0.0
0.0
0.0
-0.86857
0.0
0.0
0.0
0.0
0.0
0.0
0.0
-0.606605
0.0
0.0
0.0
0.0
0.0
0.0
0.0
0.0
0.0
0.0
0.0
0.0
0.0
0.0
0.0
0.0
1.82176
0.0
0.0
0.0
0.0
0.0
0.0
0.0
0.0
0.0
0.0
0.0
0.0
0.0
0.0
0.0
0.0
0.0
0.0
0.0
0.0
0.0
-0.492123
0.0
0.0
-2.58385
0.0
0.0
0.0
0.0
0.0
0.0
0.0
-0.392336
0.0
0.0
0.0
0.0
0.0
0.0
0.0
0.0
0.0
0.0
0.0
0.0
0.0
0.0
0.0
0.0
0.0
0.0
0.0
0.0
0.0
0.0
0.0
0.0
0.0
0.0
0.0
0.0
0.0
0.0
0.0
0.0
-0.891983
0.0
0.0
0.0
0.92869
0.0
0.0
0.0
0.0
0.0
0.0
0.0
0.0
0.0
0.0
0.0
-0.194544
0.0
0.0
0.0
0.0
0.0
0.0
0.0
-0.0112895
-0.0428011
0.168827
0.183504
-1.57689
-0.014549
0.212229
0.0821335
0.446962
-0.583572
0.118948
0.0389912
0.011612
0.18071
0.0243328
-0.022819
0.0309689
0.196388
-0.0151886
0.155918
-0.401044
-0.324035
-0.426531
-0.246917
0.282751
-0.153562
-0.236032
0.102869
-0.0284955
0.12717
-0.0219598
0.440587
-0.131299
0.278508
-0.382035
0.0953532
0.100514
-0.628933
0.21145
0.0203796
-0.0429529
0.113473
-0.0326354
0.127679
-0.525227
-0.405787
0.126862
-0.0372228
-0.0598119
0.0
0.0
0.0
0.0
0.0
0.0
0.0
0.0
0.0
0.0
0.0
0.0
0.0
0.0
0.0
0.0
0.0
0.0
0.0
0.0
0.0
0.0
0.0
0.0
0.0
0.0
0.0
0.0
0.0
0.0
0.0
0.0
0.0
0.0
0.0
0.00708694
0.0
0.0
0.0
0.0
0.0
0.0
0.0
0.0
0.0
0.0
0.0
0.0
0.0
0.346451
0.0
0.0
0.0
0.0
0.0
0.0
0.0
0.0
0.0
0.0
0.0
0.0
0.0
0.0
0.0
0.0
0.0
0.0
0.0
0.0
0.0
0.0
0.0
0.0
0.0
0.0
0.0
0.0
0.581479
0.0
0.0
0.0
0.0
0.0
0.0
0.0
0.0
0.0
0.0
0.0
0.0
-0.53758
0.0
0.0
0.0
0.0
0.0
0.0
0.0
0.0
0.0
0.0
0.0
0.0
0.215818
0.0
0.66204
0.0
0.0
0.0
0.0
0.0
0.0
0.0
0.0
0.0
0.0
0.0
0.0
0.0
0.0
0.0
0.0
0.0
0.0
0.0
0.0
0.0
0.0
0.0
0.0
0.0
0.0
0.0
0.0
0.0
0.0
0.0
0.0
0.0
0.0
0.0
0.0
0.0
0.0
1.39531
0.0
0.0
0.0
0.0
0.0
0.0
0.157889
0.0
0.0
0.0
0.632764
0.0
0.0
-1.22721
0.0
-0.0229763
0.0
0.0
0.0
0.0
0.0
-0.857491
0.0
0.0
0.0
-0.41402
0.0
0.0
0.0
0.0
0.0
0.0
0.0
0.456537
0.0
0.0
0.0
0.0
0.0
0.0
0.0
0.0
0.0
0.0
0.0
0.0
0.0
0.0
0.0
0.0
0.0
1.38091
0.0
0.0
0.0
0.0
0.0
0.0
0.0
0.0
0.0
0.0
0.0
0.0
0.0
0.0
0.0
0.0
0.0
0.0
0.0
0.0
0.0
0.0
0.0
0.0
0.0
0.0
0.0
0.0
0.0
0.0
0.0
-0.542437
0.0
0.0
0.0
0.0
0.0
0.0
0.0
0.0
0.0
0.0
0.0
0.0
0.0
0.0
0.0
0.0
0.0
0.0
0.0
0.0
-0.226855
0.0
0.0
0.0
0.0
0.0
0.0
0.0
0.0
0.0
0.0
0.0
0.0
0.0
0.0
0.0
0.0
0.0
0.0
0.0
0.0
0.0
0.0
0.0
0.0
0.0
0.0
0.0
0.0
0.0
0.0
0.0
0.0
-0.683412
0.0
0.0
0.0
0.0
0.0
0.0
0.0
0.0
0.0
0.0
0.0
0.0
0.0
0.0
0.0
0.0
0.0
0.0
0.0
0.0
0.0
0.0
0.0
0.0
0.0
0.0
0.0
0.0
0.0
0.0
0.0
0.0
0.0
0.0
0.0
0.0
0.0
0.0
0.0
0.0
0.0
0.0
0.0
0.0
0.0
0.0
0.0
1.00417
0.0
0.0
0.0
0.0
0.0
0.0
0.0
0.0
0.0
0.0
0.0
0.0
0.0
0.0
0.0
0.0
0.0
0.0
0.0
0.0
0.0
0.0
0.0
0.0
0.0
0.0
0.0
0.0
0.0
0.0
0.0
0.0
0.0
0.0
0.0
0.0
0.0
0.0
0.0
0.0
0.0
0.0
0.0
0.0
0.0
0.0
0.0
0.0
0.0
0.0
0.0
0.0
0.0
0.458094
0.0
0.0
0.0
0.0
0.0
0.0
0.0
1.74975
0.0
0.0
0.0
0.0
0.0
0.0
0.0
0.0
0.0
0.0
0.0
0.0
-0.0968819
0.0
0.0
0.0
0.0
0.0
0.0
-0.441071
0.0
0.0
0.0
0.700906
0.0
0.0
0.0
0.0
0.0
0.0
0.0
0.0
0.0
0.0
0.0
0.0
0.0
0.0
0.0
0.0
0.0
0.0
0.0
0.0
0.0
0.0
0.0
0.0
0.0
0.0
0.0
0.0
0.0
0.0
0.0
0.0
0.0
0.0
0.0
0.0
0.0
0.0
0.0
0.0
0.0
0.0
0.0
0.0
0.0
0.0
0.0
0.0
0.0
0.0
0.0
-0.688044
0.0
0.169736
0.0
0.0
0.0
0.0
0.0
0.0
0.0
0.0
0.0
0.0
0.0
0.0
0.0
0.0
0.0
0.0
0.0
0.0
0.0
0.0
0.0
0.0
0.0
-0.941692
0.0
0.0
0.0
0.0
0.0
0.0
0.0
0.0
0.0
0.0
0.0
0.0
0.0
0.0
0.0
0.0
0.982937
0.0
0.0
0.0
0.0
0.0
0.0
0.0
0.0
0.0
0.0
0.0
0.0
0.0
-0.0587622
0.0
0.0
0.0
0.0
0.0
0.0
0.0
0.0
0.0
0.0
0.0
0.0
0.0
0.0
0.0
0.0
0.0
0.0
0.0
0.0
0.0
0.0
0.0
0.0
-0.441019
0.0
0.0
0.0
0.0
0.0
0.0
0.0
0.0
0.0
0.0
0.0
0.0
0.0
0.0
0.0
0.0
0.0
0.0
0.0
0.0
0.0
0.0
0.0
0.0
0.0
0.0
0.0
0.0
0.0
0.0
0.0
0.0
0.0
0.0
0.0
0.0
0.23437
0.0
0.0
0.0
0.0
0.0
0.0
0.0
0.0
0.0
0.0
0.0
0.0
0.0
0.0
0.596224
1.18376
2.86448
0.0
0.0
0.0
0.0
0.0
0.0
0.0
0.0
0.0
0.0
0.0
0.0
0.0
0.0
0.0
0.0
0.0
0.0
0.0
0.0
0.0
0.0
0.0
0.0
0.0
0.0
0.0
0.0
0.0
0.0
0.0
0.0
0.0
0.0
0.0
0.0
0.0
0.0
0.0
0.0
0.0
0.0
0.0
0.0
0.0
0.0
0.0
0.0
0.0
0.0
0.0
0.0
0.0
0.0
0.0
0.0
0.0
0.0
0.0
0.0
0.0
0.0
0.0
0.0
0.0
0.0
0.0
0.0
-0.61429
0.0
0.0
0.0
0.0
0.0
0.0
0.0
0.0
0.0
0.0
0.0
0.0
0.0
0.0
0.0
-0.291992
0.0
-0.149907
0.0
0.0
0.0
0.0
0.0
0.0
0.0
0.0
0.0
0.0
0.0
0.0
0.0
-1.65085
0.0
0.0
0.0
0.0
0.0
0.0
0.0
0.0
0.0
0.0
0.0
0.0
0.0
0.0
0.0
0.0
0.0
0.0
0.0
0.0
0.0
0.0
0.0
0.0
0.0
-0.622219
0.0
0.0
0.0
0.0
0.0
0.0
0.0
0.0
0.0
0.0
0.0
0.0
-0.280873
0.0
0.0
0.0
0.0
0.0
0.0
0.463266
0.0
0.0
0.0
0.0
1.20759
0.0
0.0
0.0
0.0
0.0
0.0
0.0
0.0
0.0
0.0
0.0
0.0
0.0
0.0
0.0
0.0
0.0
0.0
0.0
0.0
0.0
0.0
0.0
0.0
0.0
0.0
0.0
0.0
0.0
0.0
0.0
0.0
0.256086
0.0
0.0
0.0
0.0
0.0
0.0
0.0
0.0
0.0
0.0
0.0
0.0
0.0
0.0
0.0
0.0
0.0
0.0
0.0
0.0
0.0
0.0
0.0
0.0
0.0
0.0
0.0
0.0
0.0
-0.307369
0.0
0.0
0.0
0.0
0.0
0.0
0.0
0.0
0.0
0.0
0.0
0.0
0.0
0.0
0.0
0.0
0.201066
0.0
0.0
0.0
0.0
0.0
0.117136
1.72355
0.0
0.0
0.0
0.0
0.0
0.0
0.0
0.0
0.0
0.0
0.0
0.0
0.0
0.0
0.0
0.0
0.0
0.531352
0.0
0.0
0.0
0.0
0.0
0.0
0.0
0.0
0.0
0.0
-0.487516
0.0
0.0
0.0
0.0
0.0
0.0
0.0
0.0
-0.0125366
0.415112
0.260753
0.112076
0.1121
-0.0753616
-0.0491999
-0.0244203
-0.294108
-0.6314
-0.403333
-1.63167
1.33234
0.248184
-0.900934
-0.0331248
0.699461
-0.22302
-0.0331414
0.108369
0.0586157
0.019041
-1.08098
0.013634
0.146041
0.898661
-0.812184
-0.16541
-0.0882507
-0.0143716
-0.202255
-0.167636
-0.188474
-0.422191
0.325557
-0.819464
0.343734
0.202687
-0.397581
0.613569
0.0619953
-0.27498
-0.030168
-0.236937
0.221634
0.919137
-0.121614
-0.279477
0.522063
0.0
0.0
0.0
0.0
0.0
0.0
0.0
0.0
0.0
0.0
0.0
-0.145438
0.0
0.0
0.0
0.0
0.0
0.0
0.0
0.0
0.0
0.0
0.0
0.0
0.0
0.0
0.0
0.0
0.0
0.0
1.05727
0.0
0.0
0.0
0.0
0.0
0.0
-0.966676
0.0
0.0
0.0
0.0
0.0
0.0
0.0
0.929745
0.0
-1.92216
0.0
0.0
0.0
0.0
0.0
0.0
0.0
0.0
0.0
0.0
0.0
0.0
0.0
0.0
0.0
0.0
0.0
0.0
0.0
0.0
0.0
0.0
0.0
0.0
0.0
0.0
0.0
0.0
0.0
0.0
0.0
0.0
0.0
0.0
0.0
0.0
0.0
0.0
0.0
0.0
0.0
0.0
0.0
0.0
0.0
0.0
0.0
0.0
0.0
0.0
0.0
0.0
0.0
0.0
0.0
2.16373
0.0
0.0
0.0
0.0
0.0
0.0
0.0
0.0
-0.717282
0.0
0.0
0.0
0.0
0.0
0.0
0.0
0.0
0.0
0.0
0.0
0.0
0.0
0.0
0.0
0.0
0.0
0.0
0.0
0.0
0.0
0.0
0.564147
0.0
0.0
0.0
0.0
0.0
0.0
0.0
0.0
0.0
0.0
0.0
0.0
0.0
0.0
0.0
0.0
0.0
0.0
0.0
0.0
0.0
0.0
0.0
0.0
0.0
0.0
0.0
0.0
0.0
0.0
0.0
0.0
0.0
0.0
0.0
0.0
0.0
0.0
0.0
0.0
-0.858381
0.0
0.0
0.0
0.0
0.0
0.0
0.0
0.0
0.0
0.0320877
0.0
0.0
0.0
0.0
-0.814371
0.445767
0.0
0.0
0.0
0.0
0.0
0.0
0.0
0.0
0.0
0.0
0.0
0.0
0.0
0.0
0.0
-0.741514
0.0
0.0
0.0
0.0
0.0
0.0
0.0
0.0
0.0
0.0
0.0
0.0
0.0
0.0
0.0
0.0
0.0
0.0
0.0
0.0
0.0
0.0
0.0
0.0
0.0
0.0
0.0
0.0
0.0
0.0
0.0
0.0
0.0
0.0
0.0
0.0
0.0
0.0
0.0
0.0
0.0
0.0
0.0
0.0
0.0
0.0
0.0
0.0
0.0
0.0
0.0
0.0
0.0
0.0
0.0
0.0
0.0
0.0
0.0
0.0
0.0
0.0
0.0
0.0
-2.30361
0.537625
0.0
0.0
0.0
0.0
0.0
0.0
0.0
0.0
0.0
-0.689062
0.0
0.0
0.0
0.0
0.0
0.0
0.0
0.0
0.0
0.0
0.0
0.0
0.0
0.0
0.0
0.0
0.0
0.0
0.0
0.0
0.0
0.0
0.0
0.0
0.0
0.0
0.0
0.0
0.0
0.0
0.0
0.0
0.0
-2.03346
0.0
0.0
0.0
0.0
0.0
0.0
0.0
0.0
0.0
0.0
0.918899
0.0
0.0
0.0
0.0
0.0
0.0
0.0
0.0
0.0
0.0
0.0
0.0
0.0
0.0
0.0
0.0
0.0
0.0
0.0
0.0
0.0
0.0
0.0
0.0
0.0
0.0
0.0
0.0
0.0
0.0
0.0
0.0
0.0
0.0
0.0
0.0
0.0
0.0
0.0
0.0
0.0
0.0
0.0
0.0
0.0
0.0
0.0
0.0
0.0
0.0
0.0
0.0
0.0
0.0
0.0
0.0
0.0
0.0
0.0
0.0
0.0
0.0
0.0
-0.793019
0.0
0.0
0.0
0.0
0.0
0.0
0.0
0.0
0.0
0.0
0.0
0.0
0.0
0.0
0.0
0.0
0.0
0.0
0.0
0.0
0.0
0.0
0.0
0.0
0.0
0.0
0.0
0.0
0.0
0.0
0.0
0.0
0.0
0.0
0.0
0.0
0.0
0.0
0.0
0.0
0.0
0.0
0.0
0.0
0.0
0.0
0.0
0.0
0.0
0.0
0.0
0.0
0.0
0.0
0.0
0.0
0.0
0.0
0.0
0.0
0.0
0.0
0.0
0.0
0.0
0.0
0.0
0.0
0.0
0.0
0.0
0.0
0.0
0.0
0.0
0.0
0.0
0.0
0.0
0.0
0.0
0.0
0.0
0.0
0.0
0.0
0.0
0.0
0.0
0.0
0.0
0.0
0.0
0.0
0.0
0.0
0.0
0.0
0.0
0.0
0.0
0.0
0.0
0.0
0.0
0.0
0.0
0.0
0.0
0.0
0.0
1.77398
0.0
0.0
0.0
0.0
0.0
0.0
0.0
0.0
0.0
0.0
0.0
0.0
0.0
0.0
0.0
0.0
0.0
0.0
0.0
0.0
0.0
0.0
0.0
0.0
0.0
0.0
0.0
0.0
0.0
0.0
0.0
0.0
0.0
0.0
0.0
0.0
0.0
0.0
0.0
0.0
0.0
0.0
0.0
0.0
0.0
0.0
0.0
0.0
0.0
0.0
0.0
0.0
0.0
0.0
0.0
0.0
0.0
0.0
0.0
0.0
0.0
0.0
0.0
0.0
0.0
0.0
0.0
0.0
0.0
0.0
0.0
0.0
0.0
0.0
0.0
0.0
0.0
0.0
0.0
0.0
0.0
0.0
0.0
0.0
0.0
0.0
0.0
0.0
0.297637
0.0
0.84394
0.636611
0.0
0.0
0.0
0.0
0.0
0.0
0.0
0.0
0.0
0.0
0.0
0.0
0.0
0.0
0.0
0.0
0.0
0.0
0.0
0.0
0.0
0.0
0.0
0.0
0.0
0.0
0.0
0.0
0.0
0.0
0.0
0.0
0.0
0.0
0.0
0.0
0.0
0.0
0.0
0.0
0.169154
0.0
0.0
0.0
0.0
0.0
-0.738935
0.0
0.0
0.0
0.0
0.0
1.00994
0.0
0.0
0.0
0.0
0.0
0.0
0.767152
-1.86706
0.0
0.0
0.0
0.0
0.0
0.0
0.0
0.0
0.0
0.0
0.0
0.0
0.0
0.0
0.0
0.0
0.0
0.0
0.0
0.0
0.0
0.0
0.0
0.0
0.0
0.0
0.0
0.0
0.0
0.0
0.0
0.0
0.0
0.0
0.0
0.0
0.0
-1.5943
0.0
0.0
0.0
0.0
0.0
0.0
0.0
0.0
0.0
0.0
0.0
0.0
0.0
0.0
0.0
0.0
0.0
0.0
0.0
0.0
0.0
0.0
0.0
0.0
0.0
0.0
0.0
0.0
0.0
0.0
0.0
0.0
0.0
0.0
0.0
0.0
0.0
0.0
-0.0119708
-0.521642
0.0454462
0.327053
-0.288597
0.112506
0.531318
-0.132849
0.408753
-0.424097
0.313767
-0.318943
-0.219744
0.283373
0.275961
0.133255
-0.0020275
-0.0486835
0.206934
0.364683
-0.524658
0.147215
-0.0366989
0.033593
0.245771
0.0156038
0.000228953
-0.0450282
-0.235012
0.00775308
0.0921528
0.157813
-0.218978
0.337851
-0.423342
0.274811
-0.176082
-0.845241
-0.0726441
-0.464796
-0.0657943
0.333821
0.00828002
0.104451
-0.500109
-0.711908
-0.0568352
-0.169123
0.0502386
0.0
0.225129
0.0
0.0
0.0
0.0
0.0
0.0
0.0
0.0
0.0
0.0
0.51023
0.0
0.0
0.0
0.0
0.0
0.0
0.0
0.0
0.0
0.0
0.0
0.0
0.0
0.0
0.0
0.0
0.0
0.0
0.0
0.0
0.0
0.0
0.0
0.0
0.0
0.0
0.0
0.0
0.0
0.0
0.0
0.0
0.0
0.0
0.0
0.0
0.0
0.0
0.0
0.0
0.0
0.0
0.0
0.0
0.0
0.0
0.0
0.0
0.0
0.0
0.0
0.0
0.0
0.0
0.795595
0.0
0.0
0.0
0.0
0.0
0.0
0.0
0.0
0.0
0.0
0.0
0.0
0.0
0.0
0.0
0.0
0.0
0.0
0.0
0.0
0.0
0.0
0.0
0.0
0.0
0.0
0.0
0.0
0.0
0.045553
0.0
0.0
0.0
0.0
0.0
0.0
0.0
0.0
0.0
0.0
0.0
0.0
0.0
0.0
0.0
0.0
0.0
0.0
0.0
0.0
0.0
0.0
0.0
0.0
0.0
0.0
0.0
0.0
0.0
0.0
0.0
0.0
0.0
0.0
0.0
0.0
0.0
0.0
0.0
0.0
0.0
0.0
0.0
0.0
0.0
0.0
0.0
0.0
0.0
0.0
0.0
0.0
0.0
0.0
0.0
0.0
0.0
0.0
0.811174
0.0
0.0
0.0
0.0
0.0
0.0
0.0
0.0
0.0
0.0
0.0
0.0
0.0
0.0
0.0
1.04569
0.0
0.0
0.0
0.0
0.0
2.3316
0.0
0.0
0.0
0.0
0.0
0.0
0.0
0.0
0.0
0.0
0.0
0.0
0.0
-1.07094
0.0
0.0
0.0
0.0
0.0
0.0
0.0
0.0
0.0
0.0
0.0
0.0
0.0
0.0
0.0
0.820378
0.0
0.0
0.473549
-1.71356
0.0
0.0
0.0
0.0
0.0
0.0
0.00134073
0.0
0.0
0.0
0.0
0.0
0.0
0.0
0.0
0.0
0.0
0.0
2.12502
0.0
0.0
0.0
0.0
-0.700966
0.0
0.0
0.0
0.0
0.0
0.0
0.0
0.0
0.0
0.0
0.0
0.0
0.0
0.0
0.0
0.0
0.0
0.0
0.0
0.0
0.0
0.0
0.0
2.185
0.694512
-0.216407
0.0
0.0
0.0
0.0
0.0
0.0
0.0
0.120965
0.0
0.0
0.0
0.0
0.0
0.0
0.0
0.0
0.0
0.0
0.0
0.0
0.0
0.0
0.0
0.0
0.0
0.0
0.0
0.0
0.0
0.0
0.0
0.0
0.0
0.0
0.0
0.0
0.0
0.0
0.0
0.0
0.0
0.0
0.0
0.0
0.0
0.0
0.0
0.0
0.0
0.0
0.0
0.0
0.0
0.0
0.0
0.0
0.0
0.0
0.0
-0.375747
0.0
0.0
0.0
0.0
0.0
-1.62529
0.0
0.0
0.0
0.0
0.0
0.0
0.0
0.0
0.0
0.0
0.0
0.0
0.0
0.0
0.0
0.0
0.0
0.0
0.0
0.0
0.0
-0.45185
0.0
0.0
0.0
0.0
0.0
0.0
0.0
0.0
0.0
0.0
0.0
0.0
0.0
0.0
0.0
0.0
0.0
0.0
0.0
0.0
0.0
0.0
0.0
0.0
0.0
0.0
0.0
0.0
0.0
0.0
0.0
-1.18775
0.0
0.0
0.0
0.0
0.0
0.0
0.0
0.0
0.0
0.0
0.0
0.0
0.0
0.0
0.0
0.0
0.0
0.0
0.0
0.0
0.0
0.0
0.0
0.0
0.0439973
0.0
-0.802846
0.0
0.0
0.0
0.0
0.0
0.0
0.0
0.0
0.0
0.0
0.0
0.0
0.0
0.0
0.0
0.0
0.0
0.0
-0.556755
0.0
0.0
0.0
0.0
0.0
0.0
0.0
0.0
0.0
0.0
0.0
0.0
0.0
0.175677
0.0
0.0
0.0
0.0
0.0
0.0
0.0
0.0
0.409869
0.0
0.0
0.0
0.0
0.0
0.0
0.0
0.0
0.0
0.0
0.0
0.0
0.0
0.0
0.0
0.0
0.0
0.0
-1.31252
0.0
0.0
0.0
0.0
0.0
0.0
0.0
0.0
0.0
0.0
0.0
0.0
0.249404
0.0
0.0
-0.778474
0.0
1.12546
0.0
0.0
0.0
0.0
0.0
0.0
0.0
0.0
0.0
0.0
0.0
0.0
0.0
0.0
0.0
0.0
0.0
0.0
0.0
0.0
0.0
0.0
0.0
0.0
0.0
0.0
0.0
0.162399
0.0
0.0
0.0
0.0
0.0
0.0
0.0
0.0
0.0
0.0
0.0
0.0
-1.60769
0.0
0.0
-0.245434
0.0
0.0
0.0
0.0
0.0
0.0
0.0
0.0
0.0
0.0
0.0
0.0
0.0
0.0
0.0
0.0
0.0
0.0
0.0
0.0
0.0
0.0
0.0
0.0
0.0
0.0
0.0
0.0
0.0
0.0
0.0
0.0
0.0
0.0
-0.545366
0.0
0.0
0.0
0.0
0.0
0.0
0.0
0.0
0.0
0.0
0.0
0.0
0.0
0.0
0.0
0.0
0.0
0.0
0.0
-1.0578
0.0
0.0
0.0
0.0
0.0
0.0
0.0
0.0
0.0
0.0
0.0
-0.162565
0.0
0.0
0.0
0.0
0.827134
0.0
0.0
0.0
0.0
0.0
0.0
0.0
0.0
0.0
0.0
0.0
1.78612
0.0
0.0
0.0
0.0
0.0
0.0
0.0
0.0
0.0
0.0
0.0
0.0
0.0
0.0
0.0
0.0
0.0
0.0
0.0
0.0
0.0
0.0
0.0
0.0
0.0
0.0
0.0
0.0
0.0
0.0
0.0
0.698751
0.0
0.0
0.0
0.0
0.0
0.0
0.0
0.0
0.0
0.0
0.0
0.0
0.0
0.0
0.0
0.0
0.0
0.0
0.0
0.0
0.0
0.0
0.0
0.0
0.0
0.0
0.0
0.0
0.0
0.0
0.0
0.0
0.0
0.0
0.0
0.0
0.0
0.0
-2.67187
0.0
1.78935
0.0
0.0
0.0
0.0
0.0
0.0
0.0
0.0
0.0
0.0
0.0
0.0
0.0
0.0
0.0
0.0
0.0
0.0
0.0
0.0
0.0
0.0
0.0
0.0
0.0
0.0
1.08926
0.0
0.0
0.0
0.0
0.0
0.0
0.0
0.0
0.0
0.0
1.1959
0.0
0.0
0.0
0.0
0.0
0.0
0.0
0.0
0.0
0.0
0.0
0.0
-0.0778439
0.0
0.0
0.0
0.0
0.0
0.0
0.0
0.0
0.0
0.0
0.0
0.0
0.0
0.0
0.0
0.0
0.0
0.0
0.0
0.0
0.257262
0.0
0.0
0.0
0.0
0.0
0.0
0.0
0.0
0.0
0.0
0.0
0.0
0.0
0.0
0.0
0.0
0.0
0.0
0.0
0.0
0.0
0.0
0.0
0.0
0.0
0.0
0.0
0.0
0.0
0.0
0.0
0.0
0.0
0.0
0.0
0.0
0.0
0.0
0.0
0.0
0.0
0.0
0.0
0.0
0.0
0.0
0.0
0.0
0.0
0.0
0.0
0.0
0.0479081
0.0
0.0
0.0
0.0
0.0
-1.87307
0.0
0.0
0.0
0.0
0.0
0.0
0.0
0.0
0.0
0.0
0.0
0.0
-0.0325859
0.426184
0.491385
-0.427952
0.434357
-0.595381
0.0205743
-0.413591
-0.356704
-0.180469
0.788895
-1.17057
1.27484
-0.381069
-0.0410147
-0.267935
-0.144902
0.0099705
0.0889502
-0.346654
0.669815
0.114409
-0.92803
-0.37923
0.233566
0.884732
-0.0214449
-0.14903
0.499331
0.00361988
-0.209285
0.0722785
0.0612106
-0.26696
0.887797
-0.50916
-0.225163
1.15005
0.267609
0.477945
0.0904267
-0.441923
0.0175163
-0.429439
1.176
0.51822
-0.140543
-0.0460155
0.199408
0.0
0.673283
0.0
0.0
0.0
0.0
0.0
0.0
0.0
0.0
0.0
0.0
0.0
0.0
0.0
0.0
0.0
0.0
0.0
0.0
0.0
0.0
0.0
0.0
0.0
0.0
0.0
0.0
0.0
0.0
0.0
0.0
0.0
0.0
0.0
0.0
0.0
0.0
0.0
0.0
0.0
0.0
0.0
0.0
0.0
0.0
0.0
0.0
0.0
-1.40721
0.0
0.0
0.0
0.0
0.0
0.0
0.0
0.0
0.0
0.0
0.0
0.0
0.0
0.0
0.0
0.0
0.0
0.0
0.0
0.0
0.0
0.0
0.0
-0.212303
0.0
0.0
0.0
0.0
0.0
0.0
0.0
0.0
0.0
0.0
0.0
0.0
0.0
0.0
0.0
0.0
0.0
0.0
0.0
1.34343
0.0
0.0
-2.2438
-0.812471
0.0
0.0
0.0
0.0
0.0
0.0
0.0
0.0
0.0
0.0
0.0
0.0
0.0
0.0
0.713873
0.0
0.0
0.0
0.0
0.0
0.0
0.0
0.0
0.0
0.0
0.0
0.0
0.0
0.0
0.0
0.0
0.0
0.0
0.0
0.0
0.0
0.0
0.0
0.0
2.63547
-0.672434
0.0
0.0
0.0
0.0
0.0
0.0
0.0
0.0
0.0
0.0
0.0
0.0
0.0
0.0
0.0
0.0
0.0
0.0
0.0
0.0
0.0
0.462918
0.0
0.0
0.0
0.0
0.0
0.0
0.0
0.0
1.08632
0.0
0.0
0.0
0.0
0.0
0.0
0.0
0.0
0.0
0.0
0.0
0.0
-0.891522
0.0
0.0
0.0
0.0
0.381365
0.0
0.0
0.0
0.0
0.0
0.0
0.0
0.0
0.0
0.0
0.0
0.0
0.0
0.0
0.0
0.0
0.0
0.0
0.0
0.0
0.0
0.0
0.0
0.0
0.0
0.0
0.0
0.0
0.0
0.0
0.0
0.0
0.0
0.0
0.0
0.0
0.0
0.0
0.0
0.0
0.0
0.0
0.0
0.0
0.0
0.0
0.0
0.0
0.0
0.0
0.0
0.0
0.0
0.0
0.0
0.0
0.0
0.0
0.0
0.0
0.0
0.0
0.0
0.0
-0.519805
0.0
0.0
0.0
0.0
0.0
0.0
0.0
-0.540038
0.0
0.0
0.0
0.0
0.0
0.0
0.0
0.0
0.0
0.0
0.0
0.0
0.0
0.0
0.0
0.0
0.0
0.0
0.0
0.0
0.0
0.0
0.0
0.0
0.0
0.0
-0.160681
0.0
0.0
0.0
0.0
0.0
-0.872187
0.0
0.0
0.0
0.480611
0.0
0.0
0.0
0.0
0.0
0.0
0.0
0.0
0.0
0.0
0.0
0.0
0.0
0.0
0.0
0.0
0.0
0.0
0.0
0.0
0.0
0.0
0.0
0.0
0.0
0.0
0.0
0.0
1.49733
0.0
0.0
0.0
0.0
0.0
0.96371
0.0
0.0
0.0
0.0
0.0
0.0
0.0
0.0
0.0
0.0
0.0
0.0
0.262116
0.0
0.0
0.0
0.0
0.0
0.0
0.0
0.0
0.0
0.0
0.0
0.0
0.0
0.0
0.0
0.0
0.0
0.0
0.0
0.0
0.0
0.0
0.0
0.0
0.0
0.0
0.0
0.0
0.0
0.0
0.0
0.0
0.0
-0.584006
0.0
-0.810276
0.0
0.0
0.0
0.0
0.0
0.0
0.0
0.0
0.0
0.0
0.0
0.0
0.0
0.0
0.0
0.0
0.0
0.0
0.0
0.0
0.0
0.0
0.0
0.0
0.0
0.0
0.0
0.0
0.0
0.0
0.0
0.0
0.0
0.0
0.0
0.0
0.0
0.0
0.0
0.0
0.0
0.0
0.0
0.0
0.0
0.0
0.0
0.0
-0.242643
0.0
0.0
0.0
0.0
0.0
0.0
0.0
0.0
0.0
0.0
0.0
0.0
0.0
0.0
0.0
0.0
0.0
0.0
0.0
0.0
0.0
0.0
0.0
0.0
0.0
0.0
0.0
0.0462418
0.0
0.0
0.0
0.0
0.0
0.0
0.265819
0.0
0.108415
0.0
0.0
0.0
0.0
0.0
0.0
0.0
-1.20753
0.824314
0.0
0.0
0.0
0.0
0.0
0.0
0.0
0.0
0.0
0.0
0.0
0.0
0.0
0.0
0.0
0.0
0.0
0.0
0.0
0.0
0.0
0.0
0.207396
0.0
0.0
0.0
0.0
0.0
0.0
0.0
0.0
0.0
0.0
0.0
0.0
-0.315349
0.0
0.0
0.0
0.0
0.0
0.0
0.0
0.0
0.0
0.0
0.0
0.0
0.0
0.0
0.0
0.0
0.0
0.0
0.0
0.0
0.771918
0.0
0.0
0.0
0.0
0.0
0.0
0.0
0.0
0.0
0.0
0.0
0.0
0.0
0.0
0.0
0.995725
0.0
0.0
0.0
0.0
0.0
0.0
0.0
0.0
0.0
0.0
0.0
0.0
0.582833
0.0
0.0
0.0
0.593372
0.0
0.0
0.0
0.0
0.0
0.0
0.0
0.0
0.0
0.0
0.0
0.0
0.0
0.0
0.0
-0.599876
0.0
0.0
0.0
0.0
0.0
0.0
0.0
0.0
0.0
0.0
0.0
0.0
0.0
0.367677
0.0
0.0
0.0
0.0
0.0
-0.409025
0.0
0.0
0.0
0.0
0.0
0.0
0.0
0.0
0.0
0.0
0.0
0.0
0.0
0.0
0.0
0.0
0.0
0.0
0.0
0.0
0.0
0.0
0.0
0.0
0.0
0.0
0.0
0.0
0.0
0.0
0.0
0.0
0.0
0.0
0.0
0.0
0.0
0.0
0.0
0.0
0.0
0.0
0.0
0.0
0.0
0.0
0.0
0.0
0.0
0.0
0.0
0.0
0.0
0.0
0.0
0.0
0.0
0.0
0.0
0.0
0.0
0.0
0.0
0.0
0.0
0.0
0.0
0.0
0.0
0.0
0.0
0.0
0.0
1.05222
0.0
0.0
0.0
0.0
-0.189661
0.0
0.0
0.0
0.0
0.0
0.0
0.0
0.0
0.0
0.0
0.0
0.0
0.0
0.0
0.0
0.0
0.0
0.0
0.0
0.0
0.0
0.0
0.0
0.0
-1.00887
0.0
0.0
0.0
0.0
0.0
0.0
0.0
0.0
0.0
0.0
0.0
0.0
0.0
0.0
0.0
0.0
0.0
0.0
0.0
0.0
0.0
0.0
0.0
0.0
0.0
0.0
0.0
0.0
-0.00728725
-0.393746
-0.187059
0.378263
-0.29126
0.551394
0.617481
-0.282818
0.452729
-0.195824
0.246268
0.0267142
-0.228442
0.246493
-0.403136
0.113724
-0.0383324
-0.115584
0.172992
0.503573
-0.529535
0.690222
-0.0700838
-0.0503222
0.295553
0.0993467
0.093058
-0.112783
-0.411843
-0.0211011
-0.0361563
0.163805
-0.167513
0.366628
-0.127737
0.248969
-0.282758
-0.749083
-0.234222
-0.557261
-0.00348215
0.0451981
-0.0271484
-0.10571
-0.495304
-0.752394
0.0805298
0.0279984
-0.040456
0.626925
0.0
0.0
0.0
0.0
0.0
0.0
0.0
0.0
0.0
0.0
0.0
0.0
0.0
0.0
-1.58251
0.0
0.0
0.0
0.0
0.0
0.0
0.0
0.0
0.0
0.0
0.0
0.0
0.0
0.0
0.0
0.0
0.0
0.0
0.0
0.0
0.0
0.0
0.0
0.0
0.0
-0.813988
0.0
0.0
0.0
0.0
0.0
0.0
0.0
0.0
0.0
0.0
0.0
0.0
0.0
0.0
0.0
0.0
0.0
0.0
0.0
0.0
0.0
0.0
0.0
0.0
0.0
0.0
0.0
0.0
0.0
0.0
0.0
0.0
0.0
0.0
0.0
0.0
1.17125
0.0
0.0
0.0
0.0
0.0
0.0
0.0
0.0
0.0
0.0
0.0
0.0
0.0
0.0
0.0
0.0
0.0
0.0
0.0
0.0
0.0
0.0
0.0
0.0
0.0
0.0
0.0
0.0
0.0
0.989428
0.0
0.0
0.0
0.0
0.0
-1.43279
0.0
0.0
0.0
0.0
0.0
0.0
0.0
0.0
0.0
0.0
0.0
0.0
0.0
0.0
0.0
0.0
0.0
0.0
0.0
0.0
-0.321022
0.0
0.0
0.0
0.0
0.0
0.0
0.0
0.0
0.0
0.0
0.0
0.0
0.0
0.0
0.0
0.0
0.0
0.0
0.0
0.0
0.0
0.0
0.0
0.0
0.0
0.0
0.0
0.0
0.0
0.0
0.0
0.0
0.0
0.0
0.0
0.0
0.0
0.0
0.0
0.0
0.0
0.0
0.0
0.0
1.46242
0.0
0.0
0.0
0.0
0.0
0.0
0.0
0.0
0.0
0.0
0.0
0.0
0.0
0.0
0.0
0.0
0.0
0.0
0.0
0.0
0.0
0.0
0.0222571
0.0
0.0
0.0
0.0
0.0
0.0
0.0
0.0
0.0
0.0
0.0
0.0
0.0
0.0
0.0
0.0
0.0
0.0
0.0
0.0
0.0
0.0
0.0
1.83707
0.0
0.0
0.0
0.0
0.0
0.0
0.0
0.0
-0.618452
0.0
0.0
0.0
0.0
0.0
0.0
0.0
0.0
0.0
0.0
0.0
0.0
0.0
0.0
0.0
0.0
0.0
0.0
0.0
-0.653395
0.0
0.0
0.0
0.0
0.0
0.0
0.0
0.0
0.0
0.0
0.0
0.0
0.0
0.0
0.0
0.0
0.0
0.0
0.0
0.0
0.0
0.0
0.0
0.0
0.0
0.0
0.0
0.0
0.0
0.0
0.0
0.0
0.0
0.0
0.0
0.124743
0.0
0.0179788
0.0
0.324429
1.17863
0.0
0.0
0.0
0.0
0.0
-0.654719
0.0
0.0
0.0
0.0
0.0
0.0
0.0
0.0
0.0
0.0
0.0
-0.307542
0.0
0.0
0.0
0.0
0.0
0.0
0.0
0.0
0.0
0.0
0.0
0.0
0.0
0.0
0.0
0.0
0.0
0.0
0.0
0.0
0.0
0.0
0.0
0.0
0.0
0.0
0.0
0.0
0.0
0.0
0.0
0.0
0.0
0.0
0.0
0.0
0.0
0.0
0.0
0.0
0.0
0.0
0.0
0.0
0.0
0.0
0.0
0.0
0.0
0.0
0.0
0.0
0.0
0.0
0.139089
0.0
0.0
0.0
0.0
0.0
-0.213951
0.0
0.0
0.0
-0.293754
0.0
0.0
0.0
0.0
0.0
0.0
0.526506
0.0
0.0
0.0
0.0
0.0
0.0
0.0
0.0
0.0
0.0
0.0
0.0
0.0
0.0
0.0
0.0
0.0
0.0
0.0
0.0
0.0
0.0
0.0
0.0
0.0
0.0
0.0
0.0
0.0
0.0
0.0
0.0
0.0
0.0
0.0
0.0
0.0
0.0
0.0
0.0
0.0
0.0
0.0
0.0
0.0
0.0
0.0
0.0
0.0
0.0
0.0
0.0
0.0
0.0
0.0
0.0
0.0
0.0
0.0
0.0
0.0
0.0
0.0
0.0
0.0
0.0
0.0
0.0
0.0
0.0
0.0
0.0
0.0
0.0
0.0
0.0
0.0
0.0
0.0
0.0
0.0
0.0
0.0
0.0
0.0
0.0
0.0
0.0
0.0
0.0
0.0
0.0
0.834821
0.0
0.0
-1.48748
0.0
0.0
0.0
0.0
0.0
0.0
0.0
0.0
0.0
0.0
0.0
0.0
0.0
0.0
0.0
0.0
0.0
0.0
0.0
0.0
0.0
0.0
0.0
0.0
0.0
0.0
0.0
0.0
0.0
0.0
0.0
0.0
0.0
0.0
0.0
0.0
0.0
0.0
-0.386649
0.0
0.0
0.0
0.0
0.0
0.0
0.0
0.0
0.0
0.0
0.0
0.0
0.0
0.0
0.0
0.0
0.0
0.0
-0.777994
0.0
0.0
0.0
0.0
0.0
0.0
0.0
0.0
0.0
0.0
0.0
0.0
0.0
0.0
0.0
0.0
0.0
0.0
0.0
0.0
1.33165
1.50832
0.0
0.0
0.0
0.0
0.0
0.0
0.0
0.0
0.0
0.0
0.0
0.0
0.0
0.0
0.0
0.0
0.0
0.0
0.0
0.0
0.0
0.0
0.0
0.0
0.0
0.0
0.0
0.0
0.891535
0.0
0.0
0.0
0.0
0.0
0.0
0.0
0.196912
0.0
0.0
0.0
0.0
0.0
0.0
0.0
0.0
0.0
0.0
0.0
0.0
0.667274
0.0
0.0
0.0
0.0
0.0
0.0
0.0
-0.755135
0.0
0.0
0.0
0.0
0.0
0.0
0.0
0.0
0.0
0.0
0.0
0.0
0.0
0.0
0.0
0.0
0.0
0.0
0.0
0.0
0.0
0.0
0.0
0.0
0.0
0.0
0.0
0.0
0.0
0.0
0.0
0.0
0.0
0.0
0.0
0.0
0.0
0.0
0.0
0.0
0.0
0.0
0.0
0.0
0.0
0.0
0.0
0.0
0.705359
0.0
0.0
0.0
0.0
0.0
0.0
0.0
0.0
0.301427
0.0
0.0
0.0
0.0
0.0
0.0
0.0
0.0
0.0
0.0
0.0
0.0
0.0
0.0
0.0
0.0
0.0
0.0
0.0
0.0
0.0
0.0
0.0
0.0
0.0
0.0
0.0
0.0
0.0
0.0
0.0
0.0
0.0
0.0
0.0
0.0
0.0
0.0
0.0
0.0
0.0
0.0
0.0
0.0
0.0
0.0
0.0
0.585069
0.0
0.0
0.0
0.0
0.0
0.0
0.0
0.0
0.0
0.0
0.0
0.0
0.0
-0.272488
0.0
-1.14079
0.0
0.0
0.0
0.0
0.0
0.0
0.0
0.0
0.0
0.0
0.0
0.0
0.0
0.0
0.0
0.0
0.0
0.0
0.0
0.0
0.0
0.0
0.0
0.0
0.0
0.0
0.0
-0.727855
0.0
0.0
0.0
0.0
0.0
0.0
0.0
0.0
0.0
0.0
0.0
0.0
0.0
0.0
0.0
0.0
0.0
0.0
0.0
0.0
0.0
0.0
0.0
0.0
0.0
0.0
0.0
0.0
0.0
0.0
0.0
0.0
0.0
0.0
0.0
-0.451393
0.0
0.0
0.0
0.0
0.0
0.0
0.0
0.0
0.0
0.0
0.0
0.0
0.0
0.0
0.0
0.0
0.0
0.0
0.0
0.0
0.0
0.0
0.0
0.0
0.0
-0.00204772
0.141235
0.134669
0.0990071
-0.0682
-0.0247482
0.151755
-0.107579
-0.0727987
-0.49592
-0.439875
-0.795658
0.245239
-0.153571
-0.0994401
0.0347058
-0.165217
-0.805886
0.0289296
-0.171252
0.407921
0.413203
-0.68116
-0.260861
-0.0543949
0.362624
-0.277678
-0.131708
0.0840675
0.0590064
-0.144392
-0.0910192
0.00634922
-0.611453
0.596512
-0.266722
0.305829
0.455854
0.141564
0.74507
-0.132275
-1.11814
0.00243154
-0.2891
0.681087
0.528098
0.0203074
0.129872
0.70199
0.0
0.0
0.0
0.0
0.0
0.0
0.0
0.0
0.0
0.0
0.0
0.0
0.0
0.0
0.0
0.0
0.0
0.0
0.0
0.0
0.0
0.0
0.0
0.0
0.0
0.0
0.0
0.0
0.0
0.0
0.0
0.0
0.0
0.0
0.0
0.0
0.0
0.0
0.0
0.0
0.0
0.0
0.0
0.0
0.0
0.0
0.0
0.0
0.0
0.0
0.0
0.0
0.0
0.0
0.0
0.0
0.0
0.0
0.0
0.0
0.0
0.0
0.0
0.0
0.0
0.0
0.0
0.0
0.0
0.0
0.0
0.0
0.0
0.0
0.0
0.0
0.0
0.0
0.0
0.0
0.0
0.0
0.0
0.372373
0.0
0.0
1.5201
0.0
0.0
0.0
0.0
0.0
0.0
0.0
0.0
0.0
0.0
0.0
0.0
0.0
0.0
0.265832
0.0
0.0
0.0
0.0
0.0
0.0
0.0
0.0
0.0
-0.542797
0.0
0.0
0.0
0.0
0.0
0.0
0.0
0.0
0.0
0.0
0.0
0.0
0.0
0.0
0.0
0.0
0.0
0.0
0.0
0.0
0.0
0.0
0.0
0.0
0.0
0.0
0.0
0.0
0.0
0.0
0.0
0.0
0.0
0.0
0.0
0.0
0.0
0.0
0.0
0.0
0.0
0.0
0.0
0.0518803
0.0
0.0
0.0
0.0
0.0
0.0
0.0
0.0
0.0
0.0
0.0
-0.531206
0.0
0.0
-1.02072
0.0
0.0
0.0
0.0
0.0
0.0
0.0
0.0
0.0
0.0
0.0
0.0
0.0
0.0
0.0
0.0
0.0
0.0
0.0
0.0
0.0
-1.70776
0.0
0.0
0.0
0.0
0.0
0.0
-0.134928
0.0
0.0
0.0
0.0
0.0
0.0
0.0
0.0
0.0
0.0
0.0
0.0
0.0
0.0
0.0
0.0
0.0
0.0
0.0
0.0
0.0
0.0
0.0
0.0
0.0
0.0
0.0
0.0
0.0
0.0
-0.791205
0.0
0.0
0.0
0.0
0.0
0.0
0.0
0.0
0.0
0.0
0.0
0.0
0.0
0.0
0.0
0.0
0.0
0.0
0.0
0.0
0.0
0.0
0.0
0.0
0.0
0.0
0.0
0.0
0.0
0.0
0.0
0.0
0.0
0.0
0.0
0.0
0.0
0.0
0.0
0.0
0.0
0.0
0.0
0.0
0.0
0.0
0.0
0.0
0.0
0.0
0.0
0.0
0.0
0.0
0.0
1.27713
0.0
0.0
0.0
0.87877
0.0
0.0
0.0
0.0
0.0
0.0
0.0
0.0
0.0
0.0
0.0
0.0
0.0
-0.000108206
0.0
0.0
0.0
0.0
0.0
0.0
0.0
0.0
0.0
0.0
0.0
0.0
0.0
0.0
0.0
0.0
0.0
0.0
0.0
0.0
0.0
0.0
0.0
0.0
0.0
0.0
0.0
0.0
0.0
0.0
0.0
0.0
0.0
0.0
0.0
0.0
0.0
0.0
0.0
0.0
0.0
0.0
0.0
0.0
0.0
0.0
0.0
0.0
0.0
0.0
0.0
-0.6982
0.0
0.0
0.0
0.0
0.0
0.0
0.0
-0.74439
0.0
0.0
0.0
0.0
0.0
0.0
0.0
0.0
0.0
0.0
0.0
0.0
0.0
0.0
0.0
0.0
0.0
0.0
0.0
0.0
0.0
0.0
0.0
1.0202
0.0
0.0
0.0
0.0
0.0
0.0
0.0
0.0
0.0
0.0
0.0
0.0
0.0
0.0
0.0
0.0
0.0
0.0
0.0
0.0
0.0
0.0
0.0
0.0
0.0
0.0
0.0
0.0
0.865336
0.0
0.0
0.0
0.0
0.0
0.0
0.0
0.0
0.0
0.0
0.0
0.0
0.0
0.0
0.0
0.0
0.0
0.0
0.0
0.0
0.0
0.0
0.0
0.0
0.0
0.0
0.0
0.0
0.0
0.0
-0.723468
0.0
0.0
0.0
0.0
0.0
0.0
0.0
0.0
0.0
0.0
0.0
0.0
0.0
0.0
0.0
0.0
0.0
0.0
0.0
0.0
0.0
0.0
0.0
0.0
0.0
0.0
0.0
0.0
0.0
0.0
0.0
0.0
0.0
0.0
0.0
0.0
0.0
0.0
0.0
0.0
0.0
0.0
0.0
0.0
0.0
0.26416
0.0
0.0
0.0
0.0
0.0
0.0
0.0
0.0
0.0
0.0
0.0
0.0
0.0
-1.64293
0.0
0.0
0.0
0.0
0.0
0.0
0.0
0.0
0.0
0.0
0.0
0.0
0.0
0.0
-0.913986
0.0
0.0
0.0
0.0
0.0
0.0
0.0
0.0
0.0
0.0
0.0
0.0
0.0
0.0
0.0
0.0
0.0
0.0
0.0
0.0
0.0
0.0
0.0
0.0
0.0
0.0
0.0
0.442449
0.0
0.0
0.0
0.0
0.0
0.0
0.0
0.0
0.0
0.0
0.0
0.0
0.0
0.0
0.0
0.0
0.0
0.0
0.0
0.0
0.0
0.0
0.0
0.0
0.0
0.0
0.0
0.0
0.0
0.0
0.0
0.0
0.0
0.0
0.0
0.0
0.0
0.0
0.0
0.0
0.0
-0.550664
0.0
0.0
0.0
0.0
0.0
0.0
0.0
0.0
0.0
0.0
0.0
0.0
0.0
0.0
0.0
0.0
0.0
0.0
0.0
0.0
0.0
0.0
0.0
0.0
0.0
0.0
0.0
0.0
0.0
0.0
0.0
0.0
0.0
0.0
0.0
0.0
0.0
1.46538
0.0
0.0
0.0
0.0
0.0
0.0
0.0
0.0
0.0
0.0
0.0
0.0
0.0
0.0
0.0
0.0
0.0
0.0
0.0
0.0
0.0
0.0
0.0
0.0
0.0
0.0
0.0
0.0
0.0
0.0
0.0
0.0
-1.44445
0.0
0.0
0.0
0.0
0.0
0.0
0.0
0.0
0.0
0.0
0.0
0.0
0.0
0.0
0.0
-1.24772
0.0
0.209609
0.0
0.0
0.0
0.0
0.0
0.0
0.0
0.0
0.0
0.0
0.0
0.0
0.0
0.0
0.0
0.0
0.0
0.0
0.0
0.0
0.0
0.0
0.0
0.0
0.0
0.0
0.0
0.0
0.0
0.0
0.0
0.0
0.0
0.0
0.0
0.0
0.0
0.0
0.0
0.0
0.0
0.0
0.0
0.0
0.0
0.0
0.0
0.0
0.0
0.0
0.0
0.0
-0.0229321
-0.328746
0.0307405
-0.0138524
-0.0106883
0.201552
0.552949
-0.236918
0.550371
-0.233375
0.283954
-0.0676514
-0.577866
0.14747
0.0446221
-0.0559622
-0.121039
-0.065359
0.0638629
0.644681
-0.370911
0.151028
0.0175605
0.135793
0.274222
0.211888
0.278597
-0.0428733
-0.0298525
-0.0871748
-0.0534232
0.114233
-0.000210593
0.0735963
-0.0665418
0.320485
0.223895
-0.621936
-0.261882
-0.828034
0.0326571
0.391447
0.0788949
0.0653955
-0.325622
-0.909419
-0.156916
0.0157689
0.226966
0.0
0.0
0.0
0.0
0.0
0.0
-3.0482
0.0
0.0
0.0
0.0
0.0
0.0
0.0
0.0
0.0
0.0
0.0
0.0
0.0
0.0
0.0
0.0
0.0
0.0
0.00280874
0.0
0.24553
0.0
0.0
0.0
0.0
0.0
0.0
0.0
0.0
0.0
0.0
0.0
0.0
0.0
0.0
0.0
0.0
0.0
0.0
0.0
0.0
0.0
0.0
0.0
0.0
0.0
0.0
0.0
0.0
0.0
0.0
0.0
0.0
0.0
0.0
0.0
0.0
0.0
0.0
0.0
0.0
0.0
0.0
0.0
0.0
0.0
0.0
0.0
0.0
0.0
0.0
0.0
0.0
0.0
0.0
0.0
0.0
0.0
0.0
0.0
0.0
0.0
0.0
0.0
0.0
0.0
0.0
0.0
0.0
0.0
0.0
0.0
0.0
0.0
0.173253
0.0
0.0
0.0
0.0
0.734252
0.0
0.0
0.0
0.0
0.0
0.0
0.0
0.0
2.42497
0.0
0.0
0.0
0.0
0.0
0.207094
0.0
0.0
0.0
0.0
0.0
0.0
0.0
0.0
0.0
0.0
0.0
0.0
0.0
0.0
0.0
0.0
0.0
0.0
0.0
0.0
0.0
0.0
0.0
0.0
0.0
0.0
0.0
0.0
0.0
0.0
0.0
0.0
0.0
0.0
0.0
0.0
0.0
0.0
0.0
0.0
0.0
0.0
0.0
0.0
0.0
0.0
0.0
0.0
0.0
0.0
0.0
-1.61252
0.0
0.0
0.0
0.0
-1.50246
0.0
0.0
0.0
0.0
-0.479792
0.0
0.0
0.0
1.04819
0.0
0.0
0.0
0.0
0.0
0.0
0.0
0.0
0.0
0.0
0.0
0.0
0.0
-0.99581
0.0
0.0
0.0
0.0
0.0
0.0
0.0
0.0
0.0
0.0
0.0
0.0
0.0
0.0
0.0
-0.432482
0.0
0.0
0.0
0.0
0.0
0.0
0.0
0.0
0.0
0.0
0.0
0.0
0.0
0.0
0.0
0.0
-0.532168
0.0
0.0
0.0
0.0
0.0
0.0
0.0
0.0
0.0
0.0
0.0
0.0
0.0
0.0
0.0
0.0
0.0
0.0
0.0
0.0
0.0
-0.180872
0.0
0.0
-0.0664295
0.0
0.0
0.0
0.0
-0.306363
0.0
0.0
0.0
0.0
0.0
0.0
0.0
0.0
0.0
0.0
-1.53058
0.0
0.0
0.0
0.0
0.0
0.0
0.0
0.0
0.0
0.0
0.0
0.0
0.0
0.0
0.0
0.0
0.0
0.0
0.0
0.0
0.0
0.0
0.0
0.0
1.70714
0.0
0.0
0.0
0.0
0.0
0.0
0.0
0.0
0.0
0.0
0.0
0.0
0.0
0.0
0.0
0.0
0.0
0.0
0.0
0.0
0.0
0.0
0.0
0.0
0.0
0.0
0.0
0.0
0.0
0.0
0.0
0.0
0.0
0.0
1.03334
0.0
0.0
0.0
0.0
0.0
0.0
0.0
0.0
0.0
0.0
0.0
0.0
0.0
0.0
0.0
0.0
1.87895
0.0
0.0
0.0
0.0
0.0
0.0
0.0
0.0
0.0
0.0
-1.69178
-1.71124
0.0
0.0
0.0
0.0
0.0
0.0
0.0
0.0
0.0
0.0
0.0
0.0
0.0
0.0
0.0
0.0
0.0
0.0
0.0
0.0
0.0
0.0
0.0
0.0
0.0
0.0
0.0
0.0
0.0
0.0
0.0
0.0
0.0
0.0
0.0
0.0
0.0
0.0
0.0
0.0
0.0
0.0
0.0
-0.0422065
0.0
0.0
0.0
0.0
0.0
0.0
0.0
0.0
0.0
0.578823
0.0
0.0
0.0
0.0
0.0
0.0
0.0
0.0
0.0
0.0
0.0
0.0
0.0
0.0
0.0
0.0
0.913897
0.0
0.0
0.0
0.0
0.0
0.0
0.0
0.285255
0.0
0.0
0.0
0.0
0.0
0.0
0.0
0.0
0.0
0.0
0.0
0.0
0.0
0.0
0.0
0.0
0.0
0.0
0.0
0.0
0.0
0.0
0.0
0.0
0.0
0.0
0.0
0.0
-0.474725
0.0
0.0
0.0
0.0
0.0
0.0
0.0
0.0
0.0
0.0
0.0
0.0
0.0
0.0
0.0
0.0
0.0
0.0
0.0
0.0
0.0
0.0
0.0
0.0
0.0
0.0
0.0
0.0
-0.327608
-1.9102
0.0
0.0
0.0
0.0
0.0
0.0
0.0
0.0
0.0
0.0
0.0
0.0
0.0
0.0
0.0
0.0
0.0
0.0
0.0
0.0
0.0
0.0
0.0
0.0
0.0
0.0
0.0
0.0
0.0
0.0
0.0
0.0
0.0
0.0
0.29196
0.0
0.0
0.0
0.0
0.0
0.0
0.0
0.0
0.0
0.0
0.0
0.0
0.0
0.0
0.0
0.0
0.0
0.0
0.204291
0.0
0.0
0.0
0.0
0.0
0.0
0.0
0.0
0.0
0.0
0.0
0.0
0.0
0.0
0.0
0.0
0.0
0.0
0.0
0.0
0.0
0.0
0.756891
0.0
0.0
0.0
0.0
0.0
0.0
0.0
0.0
0.0
0.0
0.0
0.0
0.0
0.0
0.0
0.0
0.0
0.0
0.0
0.0
0.0
0.0
0.0
0.0
0.0
0.0
0.0
0.0
0.0
0.0
0.0
0.0
0.0
0.0
0.0
0.0
0.0
0.0
0.0
0.0
0.0
0.0
0.0
0.0
0.0
0.0
0.0
0.0
0.0
0.0
0.0
0.0
0.0
0.0
0.0
0.0
0.0
0.0
0.0
0.0
0.0
0.0
0.0
0.0
0.0
0.0
0.0
0.0
0.0
0.0
0.0
0.0
0.0
0.0
0.0
0.0
0.0
0.0
0.0
0.0
0.0
0.0
0.0
0.0
0.0
0.0
0.0
0.0
0.0
0.0
0.0
0.0
0.0
0.0
0.0
0.0
0.0
0.0
0.0
0.0
0.0
0.0
0.0
0.0
0.0
0.0
0.0
0.0
0.0
0.0
0.0
0.0
0.0
0.0
0.0
0.0
0.0
-0.0250003
0.0
0.0
0.0
0.0
0.0
0.0
0.815126
-0.935875
0.0
0.0
0.12654
0.0
0.0
0.0
-0.432159
0.0
0.0
0.0
0.0
0.0
0.0
0.0
0.0
0.0
0.0
0.0
0.0
0.0
0.0
0.0
0.0
0.0
0.0
0.0
0.0
0.0
0.0
0.0
0.0
0.0
0.0
0.0
0.0
0.0
0.0
0.0
0.0
0.0
0.0
0.0
0.0
-0.352801
0.0
-0.213074
0.0
0.0
0.0
0.0
0.0
0.0
0.0
0.0
0.0
0.0
0.0
0.0
0.0
0.0
0.0
0.0
0.0
0.0
0.0
0.0
0.0
0.0
0.0
0.0
0.0
0.0
0.0
0.0
0.0
0.0
0.0
0.0
0.482803
0.0
0.0
0.0
0.0
0.0
0.0
0.0
0.0
0.0
0.0
0.0
0.0
0.0
0.0
0.0
0.0
0.0
0.0
0.0
0.0
0.0
0.0
0.0
0.0
0.0
0.0
0.0
0.0
-0.508472
0.0
0.0
0.0
0.0
0.0
0.0
0.0
0.0
0.0
0.0
0.0
0.0
0.0
0.0
0.0
0.0
0.0
0.0
0.0
0.0
0.0
0.0
0.0
0.0
0.0
0.0
0.0
0.0
-0.300359
0.0
0.0
0.0
0.0
0.0
0.0
0.0
0.0
0.0
0.0
0.0
0.0
0.0
0.0
0.0
0.0
0.0
0.0
0.0
0.0
0.0
0.0
0.0
0.0
0.0
0.0
0.0
0.0
0.0
0.0
0.0
0.0
0.0
0.0
0.0
0.0
0.0
-0.872423
0.0
-0.00961677
-0.112483
0.052149
-0.347659
0.283236
-0.0424954
0.136239
-0.514904
0.0404849
-0.779781
-0.477526
-0.220823
0.390459
-0.377116
0.00279964
-0.170148
1.06356
-0.684865
-0.0656312
-0.535832
0.684462
-0.333139
-0.664082
-0.206748
0.128983
0.827125
-0.213031
0.31896
0.306318
-0.0310054
-0.334934
-0.169975
0.24304
-0.79363
0.948324
-0.436869
0.368567
0.696032
0.349789
0.293229
-0.0581237
-0.652348
-0.102428
-0.105305
0.759724
0.666125
0.0583756
0.158983
0.723678
0.0
0.0
0.0
0.0
0.0
0.0
0.0
0.0
0.0
0.0
0.0
0.0
0.0
0.0
0.0
0.0
0.0
0.0
0.0
0.0
0.0
0.0
0.0
0.0
0.0
0.0
0.0
0.0
0.0
0.0
0.0
0.0
0.0
0.0
0.0
0.0
0.0
0.0
0.0
0.0
0.0
0.0
0.924627
0.0
0.0
0.0
0.0
0.0
0.0
0.0
0.0
0.0
0.0
0.0
0.0
0.0
0.0
0.0
0.0
0.0
0.0
0.0
0.0
0.0
0.0
0.0
0.0
0.0
0.0
0.0
0.3505
0.0
0.0
0.0
0.0
0.0
0.0
0.383133
0.0
0.0
0.0
0.0
0.0
-1.17603
0.0
0.0
0.0
0.0
0.0
0.0
0.0
0.0
0.0
0.0
0.0
0.0
0.0
0.0
0.0
0.0
0.0
0.0
0.0
0.0
0.0
0.0
0.0
0.0
0.0
0.0
0.0
0.0
0.0
0.0
0.0
0.0
0.0
0.0
0.0
0.0
0.0
0.0
0.0
0.0
0.0
0.0
1.37563
0.0
0.0
0.0
0.0
0.0
0.0
0.0
0.0
0.0
0.0
0.0
0.0
0.0
0.0
0.0
0.0
0.0
0.0
0.0
0.0
0.0
-0.627925
0.0
0.0
0.0
0.0
0.0
-0.437764
0.0
0.0
0.0
0.0
0.0
0.0
0.0
0.0
0.0
0.0
0.0
0.137096
0.0
0.0
0.0
0.0
0.0
0.0
0.0
0.0
0.0
0.0
0.0
0.0
0.0
0.0
0.0
0.0
0.0
0.0
0.0
0.0
0.0
0.0
0.0
0.0
0.0
0.0
0.0
0.0
0.0
0.0
0.0
0.562638
0.0
0.0
0.0
0.0
0.0
0.0
0.0
0.0
0.0
0.0
0.0
0.0
0.0
0.0
0.0
0.0
0.0
0.0
0.0
0.0
0.0
0.0
0.0
0.0
0.0
0.0
0.0
0.0
0.0
0.0
0.0
0.0
0.0
0.0
0.0
0.0
0.0
0.0
0.0
0.0
0.0
0.0
0.0
0.0
0.0
0.0
1.11366
0.0
0.0
0.0
0.0
0.0
0.0
-1.26955
0.0
1.92763
0.0
0.0
0.0
0.0
0.0
0.0
0.0
0.0
0.0
0.0
0.0
0.0
0.0
0.0
0.0
0.0307742
0.0
0.0
0.0
0.0
0.0
0.0
0.0
0.0
0.0
0.0
0.0
0.0
0.0
0.0
0.0
0.0
0.0
0.0
0.0
0.0
0.245362
0.0
0.0
0.0
0.0
0.0
0.0
0.0
0.0
0.0
0.0
0.0
0.0
0.0
0.0
0.0
0.0
0.0
0.0
0.0
0.131193
0.0
0.0
0.0
0.0
0.0
0.0
0.308433
0.0
0.0
0.600198
0.0
0.0
0.0
0.0
0.0
0.0
0.0
0.0
0.0
-0.135838
0.0
0.0
0.0
0.0
0.0
0.0
0.0
0.168178
0.0
0.0
0.0
0.0
0.0
0.0
0.0
0.0
0.0
0.0
0.0
-0.918713
0.0
-0.626576
0.0
0.0
0.0
0.0
0.0
1.85495
0.0
0.0
0.0
0.0
0.0
0.0
0.0
0.0
0.0
0.0
-0.0565226
0.0
0.0
0.0
0.0
0.0
0.0
0.0
0.0
0.0
0.0
0.0
0.0
0.0
0.0
0.0
0.0
0.0
0.0
0.0
0.0
0.0
0.0
0.0
0.0
0.0
0.0
0.0
0.0
0.0
0.0
0.0
0.0
0.0
0.0
0.0
0.0
0.270758
0.0
0.0
0.0
0.0
0.0
0.0
0.0
0.0
0.0
0.0
0.0
0.0
0.0
0.0
0.0
0.0
0.0
0.0
0.0
0.0
0.0
0.0
0.0
0.0
0.0
0.0
0.0
0.0
0.0
0.0
0.0
0.0
0.0
0.0
0.0
0.0
0.0
0.0
0.0
0.0
0.0
0.0
0.0
0.0
0.0
0.0
0.0
0.0
0.0
0.0
0.0
0.0
0.0
0.0
0.0
0.0
0.0
0.0
0.0
0.0
0.0
0.0
0.0
0.0
0.0
0.0
0.0
0.0
0.0
0.0
0.0
0.0
0.0
0.0
0.0
0.0
0.0
0.0
0.0
0.0
0.0
0.0
0.0
0.0
0.0
0.0
0.0
0.0
0.0
0.0
0.0
0.00876489
0.0
-2.42386
0.0
0.0
0.0
0.0
0.0
0.0
0.0
0.0
0.0
0.0
0.0
0.0
0.0
0.0
0.0
-1.15996
0.0
0.0
0.0
0.0
0.0
0.0
0.0
0.0
0.0
0.0
0.0
0.0
0.0
0.0
0.0
0.0
-0.901675
0.0
0.0
0.0
0.0
0.0
0.0
0.0
0.0
0.0
0.0
-0.960434
0.0
0.0
0.0
0.0
0.0
0.0
-0.429504
0.0
0.0
0.0
0.0
0.0
0.0
0.0
0.0
0.0
0.0
0.0
0.0
0.0
0.0
0.0
0.0
0.0
0.0
0.0
0.0
0.0
0.0
-0.697686
0.0
0.0
0.0
0.0
0.0726971
0.0
0.0
0.0
0.0
0.0
0.0
0.0
0.482708
0.0
0.0
0.0
0.0
0.0
0.0
0.0
0.0
0.0
0.0
0.0
0.0
0.0
0.0
1.80049
0.0
0.0
0.0
0.0
0.0
0.0
0.0
0.0
0.0
0.0
0.0
0.0
0.0
0.0
0.0
0.0
0.0
0.0
0.0
0.0
1.37652
0.0
0.0
0.0
0.0
0.0
0.0
0.0
0.0
0.0
0.0
0.0
0.0
0.0152847
0.224066
0.0116685
0.221737
-0.110617
0.00686258
0.357814
0.269407
0.581297
-0.132762
-0.0101216
0.0296
-0.356871
0.436135
-0.467135
0.125449
0.0101213
-0.131428
0.175106
0.920736
-0.385946
0.208267
-0.0937234
0.0942357
-0.0447379
0.093488
-0.025263
-0.0401238
-0.258464
0.00787168
-0.182378
0.13819
-0.092252
-0.0857306
0.0643703
0.136674
0.140214
-0.618768
-0.335677
-0.23252
-0.00737485
0.203461
0.000921795
-0.288444
-0.355461
-0.588479
0.0443831
0.077337
0.275839
0.0
0.0
0.0
0.0
0.0
0.0
0.0
0.0
0.0
0.0
0.0
0.0
0.0
0.0
-0.237701
0.0
0.0
0.0
0.0
0.0
0.0
0.0
0.0
0.0
0.0
0.0
0.0
0.0
0.0
0.0
0.0
0.0
0.0
0.0
0.0
0.0
0.0
0.0
0.0
0.0
0.0
0.0
0.0
0.0
-0.024801
0.0
0.0
0.0
0.0
0.0
0.0
0.0
0.0
0.0
0.0
0.0
0.0
0.0
0.0
0.0
0.0
0.0
0.0
0.0
0.0
0.0
0.0
0.0
0.0
0.0
0.0
0.0
0.0
0.0
0.0
0.0
0.0
-0.988018
0.0
0.0
0.0
0.0
0.0
0.0
0.0
0.0
0.0
0.0
0.0
0.0
0.0
0.0
0.0
0.0
0.0
0.0
0.0
0.0
0.0954798
0.0
0.0
0.0
0.0
0.0
0.0
0.0
0.0
0.0
0.0
0.0
0.0
0.0
0.0
0.0
0.0
0.0
0.0
-0.516968
0.0
0.0
0.0
0.0
0.0
0.0
0.0
0.0
0.0
0.0
0.0
0.0
0.0
0.0
0.0
0.0
0.0
0.0
0.0
0.0
0.0
0.0
0.0
0.0
0.0
0.0
0.0
0.0
0.0
0.0
0.0
0.0
0.0
0.0
0.0
0.0
0.0
0.0
0.0
0.0
0.0
0.0
0.0
0.0
0.0
0.0
0.0
0.0
0.0
0.0
0.0
0.0
0.0
0.0
0.0
0.0
0.0
0.0
0.0
0.0
0.0
0.0
0.0
0.0
0.0
0.0
0.0
0.0
0.0
0.0
0.0
0.0
0.0
0.0
0.0
0.0
0.0
0.0
0.0
0.0
0.0
0.0343009
0.0
0.0
0.0
0.0
0.0
0.0
0.0
0.0
0.0
0.0
0.0
0.0
0.0
0.267732
0.0
0.0
0.0
0.0
0.0
0.0
0.0
0.0
0.0
0.0
0.0
0.0
0.0
0.0
0.0
0.0
0.0
0.0
0.0
0.0
0.0
0.0
0.0
0.0
0.0
0.0
0.0
0.0
0.0
0.0
0.0
0.0
0.0
0.0
0.0
0.0
0.0
0.0
0.0
0.0
0.0
0.0
0.0
0.0
0.0
0.0
0.0
0.0
0.0
0.0
0.0
0.0
0.0
0.0
0.0
0.0
0.0
0.0
0.0
0.0
0.0
0.0
0.0
0.0
0.0
0.0
0.0
0.0
0.0
0.0
0.0
-1.68182
0.0
0.0
0.0
-0.186567
0.0
0.0
0.0
0.0
0.0
0.0
0.0
0.0
0.0
0.0
0.0
0.0
0.0
0.0
0.0
0.0
0.0
0.0
0.0
0.0
0.0
0.0
0.0
-0.042606
0.0
0.0
0.0
0.0
0.0
0.0
0.0
-0.328653
0.0
0.0
0.0
0.0
0.0
0.0
0.0
0.0
0.0
0.0
0.0
-0.240215
0.0
0.0
0.0
0.0
0.0
0.0
0.0
0.0
0.0
0.0
0.0
0.0
0.0
0.0
0.0
0.0
0.0
0.0
0.0
0.0
0.0
0.0
0.0
0.0
0.0
0.0
1.49446
0.0
0.0
0.0
0.0
0.0
0.0
0.0
0.0
0.0
0.0
0.0
0.0
0.0
0.0
0.0
0.0
0.0
0.0
0.0
0.0
0.0
0.0
0.0
0.0
0.0
0.0
0.0
0.0
0.0
0.0
0.0
0.340501
0.0
0.0
0.0
0.0
0.0
0.0
0.0
0.0
0.0
0.0
0.0
0.0
0.0
0.0
0.0
0.0
0.0
0.0
0.0
0.0
0.0
0.0
0.0
0.0
0.0
0.0
0.0
0.0
0.0
0.0
0.0
0.0
0.0
0.0
0.0
0.0
0.0
0.0
-0.0161544
0.0
0.0
0.0
0.261094
0.0
0.0
0.0
0.0
0.0
0.0
0.0
0.0
0.0
0.0
0.0
0.0
0.0
0.0
0.0
0.0
0.0
0.0
0.0
0.0
0.0
0.0
0.0
0.0
0.0
0.0
0.0
0.0
0.0
0.0
0.0
0.0
0.0
0.0
0.0
0.0
0.0
0.0
0.0
0.0
0.0
0.0
0.0
0.0
0.0
0.659485
0.0
0.0
0.0
0.0
0.0
0.0
0.0
0.0
0.0
0.0
0.0
0.0
0.0
0.0
0.0
0.0
0.0
0.0
0.0
0.0
0.0
0.0
0.0
0.0
0.0
0.0
0.0
0.373779
0.0
0.0
0.0
0.0
0.0
0.0
0.0
0.0
0.0
0.0
0.0
0.0
0.0
0.0
0.0
0.0
0.0
0.0
0.0
0.0
0.0
0.0
0.0
0.0
0.0
0.0
0.0
0.0
0.0
0.0
0.0
0.0
0.0
0.0
0.0
0.0
0.0
0.0
0.0
0.0
0.834339
0.0
0.0
0.0
0.0
0.398328
0.0
0.0
0.0
0.0
0.0
0.0
0.0
0.0
0.0
0.0
0.0
0.0
0.0
0.259687
0.0
0.0
0.0
0.0
0.0
0.0
0.0
0.0
0.0
0.0
0.0
0.0
0.0
0.0
0.0
0.0
0.0
0.0
0.0
0.0
0.0
0.0
0.0
0.0
0.0
0.0
0.0
0.0
0.0
0.0
0.0
0.0
0.0
0.0
0.0
0.0
-1.70916
0.0
0.0
0.0
0.0
0.0
0.0
0.0
0.0
0.0
0.0
0.0
0.0
0.0
0.0
-0.095279
0.0
0.0
0.0
0.0
0.0
0.0
-0.877925
0.0
0.0
0.0
0.0
0.0
0.770281
0.0
0.0
0.0
0.0
0.0
0.0
0.0
0.450106
0.0
0.0
0.0
0.0
0.0
0.0
0.0
0.0
0.0
0.0
0.0
0.0
0.0
0.0
0.0
0.0
0.0
0.0
0.0
1.15678
0.0
0.0
0.0
0.0
0.0
0.0
0.0
0.0
0.0
0.0
0.0
0.0
-0.546676
0.0
0.0
0.0
0.0
0.0
0.0
0.0
0.0
0.0
0.0
0.0
0.0
0.0
0.0
0.0
0.0
0.0
0.0
0.0
0.0
0.0
0.0
0.0
0.0
0.0
0.0
0.0
0.0
0.0
0.0
0.0
0.0
0.0
0.0
0.0
0.0
0.0
0.0
0.0
0.0
0.0
0.0
0.0
0.0
0.0
0.0
0.0
0.0
0.0
0.0
0.0
-0.13443
0.0
0.0
0.0
0.0
0.618909
0.524883
0.0
0.253335
0.0
0.0
0.0
0.0
0.0
0.0
0.0
0.0
0.0
0.0
0.0
0.0
0.0
0.0
0.0
0.0
-0.329084
0.0
0.0
0.0
0.0
0.0
0.0
0.0
0.0
0.0
0.0
0.0
0.0
0.0
0.0
0.0
0.0
0.0
0.0
0.0
0.0
0.0
0.0
0.0
0.0
0.0
1.89552
2.26009
0.0
0.0
0.0720446
0.0
0.0
0.0
0.0
0.0
0.0
0.0
0.0
0.638548
0.0
0.0
0.0
0.0
0.0
0.0
0.0
0.0
0.0
0.0
0.0
0.0
0.0
0.0
0.0
0.0
0.0
0.0
0.0
0.0
0.0
0.0
0.0
0.0
0.0
0.0
0.0
0.0
0.0
0.0
0.0
0.0
0.0
0.0
0.0
0.0
0.0
0.0
0.0
0.0
0.0
0.0
0.0
0.0
0.0
0.0
0.0
0.0
0.0
0.0
0.0
0.0
0.714502
0.0
0.0
0.0
0.0
0.0
0.0
0.0
0.0
0.0
-1.17681
0.0
0.0
0.0
0.0
0.0
0.0
0.0
0.0
0.0
0.0
0.0
0.0
0.0
0.0
0.0
0.0
0.0
0.0
0.0
-0.852909
0.0
0.0
-0.729893
0.0
0.0
0.0
0.0
0.0
0.0
0.0
0.0
2.19442
0.0
-0.877011
0.0
0.0
0.0
0.0
2.78212
0.0
0.0
0.0
0.0
0.0
0.0
0.0
3.37366
0.0
0.0
0.0
0.0
0.0
0.0
0.0
0.0
0.0
0.0
0.0
0.0
0.0
0.0
0.0
0.0
0.0
0.0
0.0
0.0513455
0.0
0.0
0.0
0.0
0.0
0.0
0.0
0.0
0.0
0.0
0.0
0.0
0.0
0.170078
0.0
0.0
0.0
0.0
0.0
0.0
0.0
0.0
0.0
0.0
0.0
0.0
0.0
0.0
0.0
0.0
0.0
0.0
0.0
0.0
0.0
0.0
0.0
0.0
0.0
0.0
0.0
0.0
0.0
0.0
0.0
0.0
0.0
0.0
0.0
0.0
0.0
0.0
0.0
0.0
0.0
0.0
0.0
0.0
-0.00660667
-0.343111
0.000445333
-0.439692
0.394445
-0.206938
0.213295
-0.376247
0.181313
-0.0222756
-0.506959
-0.205777
-0.106934
-0.556871
0.520779
-0.171877
-0.113351
-0.622267
-0.10884
-0.445367
0.540679
0.0822837
-0.753847
-0.193454
-0.0601723
0.747856
-0.24851
0.348472
0.384971
0.046083
0.046952
-0.152128
0.205162
-0.878213
0.563883
-0.228068
0.525348
0.866161
0.483179
0.389556
-0.00475759
-0.78721
-0.0868434
-0.199941
0.679309
0.420854
-0.0738701
-0.0473976
0.799546
0.0
0.0
0.0
0.0
0.0
0.0
0.0
0.0
0.0
0.0
0.0
0.0
0.0
0.0
0.0
0.0
0.0
0.0
0.0
0.0
0.0
0.0
0.0
0.0
0.0
0.0
0.0
0.0
0.0
0.0
0.0
0.0
0.0
0.0
0.0
0.0
0.0
0.0
0.0
0.0
0.0
0.0
0.0
0.0
0.0
0.0
0.0
0.0
0.0
0.0
0.0
0.0
0.0
0.0
0.0
0.0
0.0
0.0
0.0
0.0
0.0
0.0
0.0
0.0
0.0
0.0
0.0
0.0
0.0
0.0
0.0
0.0
0.0
0.0
0.0
0.0
0.313076
0.0
0.0
0.0
0.0
0.0
0.0
0.0
0.0
0.0
0.0
0.0
0.0
0.0
0.0
0.0
0.0
0.0
0.0
0.0
0.0
0.0
0.0
0.0
0.0
0.0
0.0
0.0
0.0
0.0
0.0
0.0
0.0
0.0
0.0
0.0
0.0
0.0
0.0
0.0
0.0
0.0
0.0
0.0
0.0
0.0
0.0
0.0
0.0
-0.0274826
0.0
0.0
0.0
0.0
0.0
0.0
0.0
0.0
0.0
0.0
0.0
0.0
0.0
0.0
0.0
0.0
0.0
0.0
0.0
0.0
0.0
0.0
0.0
0.529562
0.0
0.0
0.0
0.85895
0.0
0.0
0.0
0.0
0.0
0.0
0.0
0.0
0.0
-1.04611
0.0
0.0
0.0
0.0
0.0
0.0
0.0
0.0
0.0
0.0
0.0
0.0
0.0
0.0
0.0
0.0
0.0
0.0
0.0
1.22995
0.0
0.0
0.0
0.0
0.0
0.0
0.0
0.0
0.0
0.0
0.0
1.48876
0.0
0.0
0.0
0.0
0.0
0.0
0.0
0.0
0.0
0.0
0.0
0.0
0.0
0.0
0.0
0.0
0.0
0.0
0.0
0.0
0.0
0.0
0.0
0.0
0.0
0.0
0.0
0.0
0.0
0.0
0.0
0.0
0.0
0.0
0.0
0.0
0.0
0.0
0.0
0.0
0.0
0.0
0.0
0.0
0.0
0.0
0.0
0.0
0.0
0.0
0.0
0.0
0.0
0.0
0.0
0.0
1.00081
0.0
0.0
0.0
0.0
0.0
0.0
0.0
0.0
0.0
0.0
0.0
0.0
0.0
0.0
0.0
0.0
0.0
0.0
1.00157
0.0
0.0
0.0
0.0
0.0
-0.353697
0.0
0.0
0.0
0.0
0.0
0.0
0.0
0.0
0.0
0.835277
0.0
-0.325621
0.0
0.0
0.0
0.0
0.0
0.0
0.0
0.0
0.0
0.0
0.0
0.0
0.0
0.0
0.0
0.0
0.0
0.0
0.0
0.0
0.0
0.0
0.0
0.0
0.0
0.0
0.0
0.0
0.0
0.0
0.0
0.0
0.0
0.0
0.0
0.0
0.0
0.0
0.0
0.0
0.0
0.0
0.0
0.0
0.0
0.0
0.0
0.0
0.0
-1.45776
-1.32415
0.0
0.0
0.0
0.0
0.0
0.0
0.0
0.0
0.0
0.0
0.0
0.0
0.0
0.0
0.0
0.0
0.0
0.0
0.0
0.0
0.0
0.0
0.0
0.0
0.0
0.0
0.0
0.0
0.0
-1.46125
0.0
0.0
0.0
0.0
0.0
0.0
0.0
0.0
0.0
0.0
0.0
0.0
0.0
0.0
0.0
0.0
0.0
0.0
0.0
0.0
0.0
0.0
0.0
0.0
0.0
0.0
0.0
0.0
0.0
0.0
0.0
0.0
0.0
0.0
0.0
0.0
0.0
0.0
0.0
0.0
0.0
0.0
0.0
0.0
0.0
0.0
0.0
0.0
0.0
0.0
0.0
0.0
0.0
0.0
0.0
0.0
0.0
0.0
0.0
0.0
0.0
0.0
0.0
0.0
0.0
0.0
0.0
0.0
0.0
0.0
0.0
0.0
-1.53093
-0.378254
0.0
0.0
0.0
1.5283
0.0
0.0
0.0
0.0
0.0
0.0
0.0
0.0
0.0
0.0
0.0
0.0
0.0
0.0
0.0
0.0
0.0
0.0
0.0
0.0
0.0
0.0
0.0
0.0
0.0
0.0
0.0
0.0
0.0
0.0
0.0
0.0
0.0
0.0
0.0
0.0
0.0
0.0
0.0
0.0
0.0
0.0
0.0
0.0
0.0
-0.795777
0.0
0.0
0.0
0.0
0.0
0.0
0.0
0.0
0.0
0.0
0.0
0.0
0.0
0.0
0.0
0.0
0.0
0.0
0.0
0.698325
0.0
0.0
0.0
0.0
0.0
0.0
0.0
0.0
0.0
0.0
0.0
0.0
0.0
0.0
0.0
0.0
0.0
0.0
0.0
0.0
0.0
0.0
0.0
0.0
0.0439827
-0.162535
0.024927
0.478994
-0.257292
0.0776607
0.456486
1.49542
0.916444
-0.458252
-0.383917
0.0301412
-0.426361
0.0824433
-0.456839
0.248301
-0.0330815
0.213138
-0.0555618
0.678847
-0.554254
0.139375
0.0462749
-0.0295689
-0.232256
-0.373596
-0.125811
-0.0772981
-0.323536
0.0773219
-0.637568
0.15104
-0.0854806
-0.143934
-0.487649
0.167249
-0.33765
-0.530222
-0.111191
-0.594045
0.144567
0.146564
0.00743184
0.633955
-0.618179
-1.00252
-0.0863614
0.62617
0.00398088
0.0
0.0
0.0
-0.483006
0.0
0.0
0.0
0.0
0.0
0.539647
0.0
0.0
0.0
0.0
0.0
0.0
0.0
0.0
0.0
0.0
0.0
0.0
0.0
0.0
0.0
0.0
0.0
0.0
0.0
0.0
0.0
0.0
0.0
0.0
0.0
0.0
0.0
0.0
0.0
0.0
0.0
0.0
0.0
0.0
0.0
0.0
0.0
0.0
0.0
0.0
0.0
0.0
0.0
0.0
0.0
0.0
0.0
0.0
0.0
0.0
0.0
0.0
0.0
0.0
0.0
0.0
0.0
0.0
0.0
0.0
0.0
0.0
0.0
0.0
0.0
0.0
0.0
0.0
0.0
0.0
0.0
0.0
0.0
-0.447624
0.0
0.0
0.0
0.0
0.0
0.0
0.0
0.0
0.0
0.0
0.0
0.0
0.0
0.0
0.0
0.0
0.0
0.0
0.0
0.0
0.0
0.0
0.0
0.0
0.0
0.0
0.0
0.0
0.0
0.0
0.0
0.0
0.0
0.0
0.0
0.0
0.0
0.0
0.0
0.0
0.0
0.0
0.0
0.0
0.0
0.0
0.0
0.0
1.30238
0.0
0.0
0.0
1.48245
0.0
0.0
0.0
0.0
0.0
0.0
0.0
0.0
0.0
0.0
0.0
0.0
0.0
0.0
0.0
0.242401
0.0
0.0
0.0
0.0
0.0
0.0
0.0
-0.805915
0.0
0.0
0.0
0.0
0.0
0.0
0.0
0.0
0.0
0.0
0.0
0.0
0.0
0.0
0.0
0.0
0.0
0.0
0.0
0.0
0.0
0.0
0.0
0.0
0.0
0.0
0.0
0.0
0.0
0.0
0.0
0.0
0.0
0.0
0.0
0.0
0.0
0.0
0.0
0.0
0.0
0.0
0.0
0.0
0.0
0.0
0.0
0.0
0.0
0.0
0.0
0.0
0.0
0.0
0.0
0.0
0.0
0.0
0.0
0.0
0.0
0.0
0.0
0.0
0.0
0.0
0.0
0.0
0.0
0.0
0.0
0.0
0.0
1.43871
0.0
0.0
0.0
0.0
0.0
0.0
0.0
0.0
0.0
0.0
0.0
0.0
0.0
0.0
0.0
0.0
0.0
0.0
0.0
0.0
0.0
0.0
0.0
0.0
0.0
0.0
0.0
0.0
0.0
0.0
0.0
0.0
0.0
0.0
0.219411
0.0
0.0
0.0
0.0
-2.6266
0.0
0.0
0.0
0.0
0.0
0.0
0.0
0.0
0.0
0.0
0.0
0.0
0.0
0.0
1.6598
0.0
0.0
0.0
0.0
-0.0565139
-0.560875
0.104416
-1.63249
0.780422
-0.563736
0.477742
-0.417033
0.231134
0.0137717
0.00893679
0.862002
0.420416
-0.352176
0.791927
-0.286361
-0.046302
-0.130312
-0.14522
-0.386546
0.120129
-0.109436
-0.524395
0.309132
-0.408529
0.625414
-0.0641363
-0.256965
1.11886
0.0521798
0.0714149
0.251358
0.577352
-0.308876
-0.0288809
0.0171717
0.836797
1.23219
1.52081
0.610619
0.296444
-0.578518
0.060427
0.239329
0.750944
-0.0968686
-0.0935365
-0.23373
0.497169
0.0
0.0
0.0
0.0
0.0
0.0
0.0
0.0
0.0
0.0
0.0
0.0
0.0
0.576005
0.0
0.0
0.0
0.0
0.0
0.0
0.0
0.0
0.0
0.0
0.0
0.0
0.0
0.0
0.0
0.0
0.0
0.0
0.0
-0.668383
0.0
0.0
0.0
0.0
0.0
0.0
0.0
0.0
0.0
0.0
0.0
0.0
0.0
0.0
0.0
0.0
0.0
0.0
0.0
0.0
0.0
0.0
0.0
0.0
0.0
0.0
0.0
0.0
-2.03347
0.0
0.0
0.0
0.0
0.0
0.0
0.0
0.0
0.0
0.0
0.0
-1.0958
-0.936131
0.0
0.0
0.0
0.0
0.0
0.0
0.0
0.0
0.0
0.0
1.30448
0.0
0.0
0.0
0.0
0.0
0.0
0.0
0.0
0.0
0.0
0.0
0.0
0.0
0.0
0.0
0.0
0.0
0.0
0.0
0.0
0.0
0.0
0.0
0.0
0.0
-0.192473
0.0
0.0
0.0
0.0
0.0
0.0
0.0
0.0
0.0
0.0
0.0
0.0
0.0
0.0
0.0
0.0
0.0
0.0
0.0
0.0
0.0
0.0
0.0
-0.79936
0.0
0.0
0.0
0.0
0.0
0.0
0.0
-0.186849
0.0
0.0
0.0
1.20393
0.0
0.0
0.0
0.0
0.0
-0.683208
0.0
0.0
-1.24914
0.0
0.0
0.0
0.0
0.0
0.0
0.0
0.0
0.0
0.0
0.0
0.0
0.0
0.0
0.0
0.0
0.0
0.0
0.0
0.0
0.0
0.0
0.0
0.0
0.0
0.0
0.0
0.0
0.0
0.0
0.0
0.0
0.0
0.0
0.0
0.0
0.0
0.0
0.0
0.0
0.0
0.0
0.0
0.0
-0.438993
0.0
0.0
-0.101383
0.0
0.0
0.0
0.0
0.0
0.0
0.0
0.0
0.0
0.0
0.0
0.0
0.0
0.0
0.0
0.0
0.0
-0.955708
0.0
0.0
0.0
0.0
0.0
0.0
0.0
0.0
0.0
0.0
0.0
0.0
-2.02687
0.0
0.0
0.0
0.0
0.0
0.0
0.0
0.0
0.0
0.0
0.0
0.0
0.0
0.0
0.0
0.0
0.0
0.0
0.0
0.0
-2.10758
0.0
0.0
0.0
0.0
0.0
-0.473431
0.0
0.0
0.0
0.0
0.0
0.0
0.0
0.0
0.0
0.0
0.0
0.0
0.0
0.0
0.0
0.0
0.0
0.0
0.0
0.0
0.0
0.0
0.0
0.0
0.0
0.0
-0.78812
0.0
0.0
0.0
0.0
0.0
0.203769
0.0
0.0
0.0
0.0
0.0
0.0
0.0
0.0
0.0
0.0
0.0
0.0
0.0
0.0
0.0
0.0
0.0
0.0
0.0
0.0
0.0
0.0
0.0
0.0
0.0
-0.73062
0.0
0.0
0.0
0.0
0.0
0.0
0.0
0.0
0.0
-0.285012
0.0
0.0
0.0
0.883175
0.302059
0.0
0.0
0.0
0.0
0.0
0.00768103
-0.348128
-0.077763
0.536899
-0.387338
0.0883751
0.152069
0.32148
0.395093
-0.788643
-0.214836
0.220034
-0.119987
0.287946
-0.487995
0.15688
0.049575
0.150164
0.245495
0.570488
-0.317135
0.508777
-0.105624
-0.12551
0.0931571
0.170118
0.109552
-0.0423014
-0.505571
0.0188042
-0.0589401
0.0993957
-0.0816252
-0.0446531
0.0766681
0.289369
-0.021406
-0.559877
-0.415979
-0.544869
-0.20378
0.1622
-0.0498976
-0.164086
-0.59961
-0.313731
0.274207
0.476134
0.356337
0.812315
0.0
0.0
0.0
0.0
0.0
0.0
0.0
0.0
0.0
0.0
0.0
0.0
0.0
0.0
0.0
0.0
0.0
0.0
0.0
0.682382
0.0
0.0
0.0
0.0
0.0
0.0
0.0
0.0
0.0
0.0
-0.512457
0.0
0.0
0.0
0.0
0.0
0.0
0.0
0.0
0.0
0.0
0.0
0.0
0.0
0.0
0.0
0.0
0.0
0.0
0.0
0.0
0.0
0.0
0.0
0.0
-0.679346
0.0
0.0
0.0
0.0
0.0
0.0
0.0
0.0
0.0
0.0
0.0
0.0
0.0
1.49586
0.0
0.0
0.0
0.0
0.0
0.86888
0.0
0.0
0.0
0.0
0.0
0.0
0.0
0.0
0.0810496
0.0
0.0
0.0
0.0
0.0
0.0
0.0
0.0
0.0
0.0
0.0
0.0
0.0
0.0
0.0
0.0
0.0
0.0
0.0
0.0
0.0
0.0
0.0
0.0
0.0
0.0
0.0
0.254693
0.0
0.0
0.0
0.0
-0.043856
0.0
0.0
0.206167
0.0
0.0
0.0
0.0
-0.428287
0.0
0.0
0.0
-1.04327
0.0
0.0
0.0
0.0
0.0
0.0
0.0
0.0
0.0
0.0
0.0
0.0
0.0
0.0
0.0
0.0
0.0
0.0
0.0
0.0
0.0
0.0
0.723568
0.0
0.0
-0.370219
0.0
0.0
0.0
0.0
0.0
0.0
0.0
0.0
0.0
0.0
0.0
-0.21042
-1.40191
0.0
0.0
0.0
0.0
0.0
0.0
0.0
0.0
0.0
0.0
0.0
0.0
0.0
0.0
0.0
0.0
0.0
0.0
0.0
0.0
0.0
0.0
0.240031
0.0
0.0
0.0
0.0
0.0
0.0
0.0
0.0
0.0
0.0
0.0
0.0
0.0
0.0
0.0
0.0
0.0
0.0
0.0
0.0
0.0
0.0
0.0
0.0
0.0
0.0
0.0
0.0
0.0
0.0
0.0
0.0
0.0
0.0
0.0
0.0
0.0
0.0
0.0
0.0
-0.0771285
0.0
0.0
0.0
0.0
0.0
0.0
0.0
0.0
0.0
0.0
0.0
0.0
0.0
0.0
0.0
0.0
0.0
0.0
0.0
0.0
0.0
0.0
0.0
0.0
0.0
0.0
0.0
0.0
0.0
0.0
0.0
0.0
0.0
0.0
0.0
0.0
0.0
0.0
0.0
0.0
0.0
0.0
0.0
0.0
0.0
0.0
0.0
0.0
0.0
0.0
0.0
0.0
0.0
-1.78659
0.0
0.0
0.0
0.0
0.0
0.0
0.0
0.0
-1.04364
0.175848
0.0
-0.755193
0.0
0.0
0.0
0.0
0.0
0.0
0.0
0.0
0.0
0.0
0.0
0.0
0.0
-0.124739
0.0
0.0
-0.926537
0.0
0.0
0.0
0.0
0.0
0.0
0.0
0.0
0.0
0.0
0.0
0.0
0.0
0.0
0.0
0.0
0.0
0.0
0.0
0.0
0.0
0.0
0.0
0.0
0.0
0.0
0.0
0.0
0.0
0.0
0.0
0.0
0.0
0.0
0.0
0.0
0.0
0.0
0.0
0.0
0.0
0.0
0.0
0.0
0.0
0.0
0.0
0.0
0.0
0.0
0.0
0.0
0.0
0.0
-1.15747
0.0
0.0
0.0
0.0
0.0
0.0
0.0
0.0
0.0
0.0
0.0
0.0
1.42476
0.0
0.0
0.0
0.0
0.0
0.0
0.2156
0.0
0.0
0.0
0.0
0.0
0.0
0.0
0.0
-0.203983
0.0
0.0
0.0
0.0
0.0
0.0
0.539882
0.0
0.0
0.0
0.0
0.0
0.0
0.0
0.0
0.0
0.0
0.0
0.0
0.0
0.0
0.0
0.0
0.0
0.0
0.0
0.0
0.0910668
0.0
0.0
0.0
0.0
-1.09676
0.0
0.0
0.0
0.0
0.0
0.0
0.0
-0.875941
-0.946871
0.0
0.0
0.0
0.0
0.0
0.0
0.0
0.0
0.0
0.0
0.0
0.0
0.0
0.0
0.0
0.0
-0.133425
0.0
0.0
0.0
0.0
0.0
0.736762
0.0
0.0
0.0
0.0
0.0
0.0
0.0
0.0
0.0
0.0
0.0
0.0
0.0
0.0
0.0
0.078664
0.0
0.0
0.0
0.0
0.0
0.129901
0.0
0.0
-0.00739458
-0.951129
0.204074
-0.308787
0.158637
-0.0886207
0.358657
-0.177131
0.0471035
0.383286
0.0659803
0.312315
0.154939
-0.222737
0.407961
-0.145422
-0.0404443
-0.468856
-0.0329801
-0.19033
0.194577
-0.420884
-0.508407
-0.0300336
-0.4778
0.725376
-0.0430202
0.238117
0.264182
0.0683774
-0.0642503
-0.0127561
0.18596
-1.1104
0.422273
0.195404
0.22602
0.947048
0.0732462
0.599661
0.0744047
-0.470967
-0.106791
-0.48093
0.108269
-0.00868884
0.696418
0.449592
0.904147
0.0
0.0
0.0
0.0
0.0
0.0
0.0
0.0
0.0
0.0
0.0
0.0
0.0
0.0
0.0
0.0
0.0
0.0
0.0
0.0
0.0
0.0
0.0
0.0
0.0
0.0
0.0
0.0
0.0
0.0
0.0
0.0
0.0
0.0
0.0
0.0
0.0
0.0
0.0
0.0
0.0
0.0
0.0
0.0
0.0
0.0
0.0
0.0
0.0
0.0277403
-0.540047
-0.106045
-0.010472
-0.0720423
0.0129178
-0.0494437
0.564751
0.279981
-0.476579
-0.0324873
0.345204
-0.436272
-0.138924
0.16026
-0.0200147
0.127105
0.115939
-0.112138
0.205416
0.0247193
0.349299
-0.33275
-1.3101
-0.0676746
0.36921
0.370928
0.27106
0.074398
-0.0222857
-0.168375
0.0224441
0.168032
-0.568153
0.26775
0.217528
-0.153028
0.371446
-0.0730902
-0.75314
-0.182115
0.356837
0.0818516
-0.138242
0.000920328
-0.567422
0.0378427
0.554183
0.89711
0.0
0.0
0.0
0.0
0.0
0.0
0.0
0.0
0.0
0.0
0.0
0.0
0.0
0.0
0.0
0.0
0.0
0.0
-0.0561448
0.0
0.0
0.0
0.0
0.0
0.0
0.0
0.0
0.0
0.0
0.0
0.798803
0.0
0.0
0.0
0.0
0.0
0.0
0.0
0.0
0.0
0.0
-1.14252
0.0
0.0
0.0
0.0
0.0
0.0
1.17511
-0.0285196
-0.452656
-0.418217
0.00531282
-0.0819135
-0.352158
0.661384
0.0856055
0.457493
-0.185523
0.016582
0.286847
-0.60049
-0.378869
0.102832
0.597958
0.0554136
-0.272951
0.137747
0.752118
-0.504324
0.529403
0.167408
0.169337
0.299838
0.326758
0.504509
0.129523
-0.0609203
0.00399122
-0.183473
0.0768936
-0.144415
0.114572
0.145902
0.368353
0.0121878
-0.49125
-0.238094
-0.835411
0.081309
0.145313
0.0462935
0.0309505
-0.381787
-0.761698
-0.0841771
0.126405
0.364788
0.0
0.0
0.0
0.0
0.0
0.0
0.0
0.0
0.0
0.751086
0.0
0.0
0.0
0.0
0.0
0.0
0.0
0.0
0.0
0.0
0.0
0.0
0.0
0.0
0.0
0.0
0.0
0.0
-1.59346
0.0
0.0
0.0
0.0
0.0
0.0
0.0
0.0
0.657613
0.618933
0.0
0.0
0.0
0.0
0.0
0.0
0.0
-0.0750891
0.0
0.0
0.0
0.0
0.0
0.0
0.0
0.0
0.0
0.0
0.0
0.0
0.746399
0.0
0.0
0.0
0.0
0.0
0.0
0.0
0.0
0.0
0.0
0.0
0.0
-0.340453
0.0
0.0
0.754649
0.0
0.0
0.0
0.0
-0.378942
0.0
0.0
0.0
0.0
0.0
0.0
0.0
0.0
0.0
0.0
0.0
0.0
0.0
0.0
0.0
0.0
0.0
0.0
0.0
0.0
0.0
0.0
0.0
0.0
0.0
0.0
0.0
0.0
0.0
0.0
0.0
0.0
0.0
0.0
0.0
0.0
0.0
0.0
0.0
0.0
0.0
0.0
0.0
0.0
0.0
0.0
0.0
0.0
0.0
0.0
0.0
0.0
0.0
0.0
0.0
0.0
0.0
0.0
0.0
0.0
0.0
0.0
0.0
0.0
0.0
0.0
0.0
0.0
0.0
0.0
0.0
0.0
0.0
0.0
0.0
0.0
0.0
0.0
0.0
0.0
0.0
0.0
0.0
0.0
-0.0968174
0.0
0.0
0.0
0.0
0.0
0.0
0.0
0.0
0.0
0.0
0.0
0.0
0.0
0.0
0.0
0.0
0.0
0.0
0.0
0.0
0.0
0.0340157
0.0
0.0
0.0
-0.196191
0.0
0.0
-0.694389
0.0
0.0
0.0
0.0
0.0
0.0
0.0
0.0
0.0
0.0
0.0
0.0
0.0
0.0
0.0
0.0
0.0
0.0
0.0
0.0
0.0
0.0
0.0
0.0
0.0
0.0
0.0
0.0
0.0
0.0
0.0
-1.21159
0.0
0.0
0.0
0.0
-0.246591
0.0
0.0
0.0
0.0
0.0
0.0
0.0
0.0
0.0
0.0
0.0
0.248689
0.0
0.0
0.0
0.0
0.0
0.0
0.0
0.0
0.0
0.0
0.0
0.0
0.0
0.0
0.0
0.0
0.0
0.0
0.0
-0.931958
0.0
0.0
0.0
0.0
0.0
0.0
0.0
0.0
0.0
0.0
0.0
0.0
0.0
0.0
0.0
0.0
0.0
0.0
0.0
0.0
0.0
0.0
0.0
0.0
0.0
0.0
0.0
0.0
0.0
0.0
0.020469
0.724832
-0.172871
-0.0126004
0.186969
0.419186
-0.0989546
0.0507456
-0.967933
0.00757453
0.453287
-1.92392
0.103449
-0.168326
0.351063
-0.0499235
-0.340662
-0.734944
0.227498
1.06656
-0.242878
0.191546
-1.24628
0.212563
-0.588672
0.0224049
-0.190545
0.251394
0.0811071
0.146403
-0.0744206
0.0942424
0.234904
-1.94944
0.481091
3.30124
1.22981
-0.573842
0.536952
0.582407
0.0402629
0.215025
0.264695
0.67964
-0.4822
-0.750874
1.91616
-1.16289
0.742457
-0.0364145
-0.449048
-0.186017
-0.0014447
-0.0137929
-0.592036
0.109851
-0.117838
1.09601
-0.275462
-0.284071
1.95725
-0.0647026
-0.211756
-0.426694
0.00708746
0.13659
0.810475
-0.025626
-1.42171
-0.0350264
0.230577
1.27377
0.430612
0.538881
-0.286582
0.733496
-0.159288
-1.93943
-0.0279219
0.137614
-0.0565286
-0.20238
2.00843
-0.778551
-1.37554
-1.33301
0.853577
-0.259283
-0.581291
0.00230459
-0.22176
-0.0508897
-0.618857
0.739641
0.99899
-2.62648
0.940592
-1.11926
0.000614634
-0.0660213
-0.545647
0.00291151
0.004241
0.524927
-5.16341
0.84684
1.70867
-0.66119
0.062646
-0.452057
-0.904642
-0.312064
-0.266317
0.0737427
-1.30473
-1.65707
-0.00297219
0.961622
1.46227
-0.0816458
0.650056
-0.248603
0.526696
-0.512299
0.488292
-0.871224
0.0096769
-0.216709
2.93173
0.16742
0.00929056
-0.748192
-0.856902
-0.932992
-0.225313
1.4609
1.23287
1.96719
-0.0965481
0.304703
0.158361
-0.541605
-0.774048
-0.751484
-0.0431646
0.461421
2.03602
0.000108668
-0.352609
0.208518
-0.00316283
1.13183
-0.263695
0.369922
0.522538
-1.02265
3.03471
0.0660946
1.06608
0.582055
0.255268
0.337532
-0.0306605
0.183128
2.89273
-0.0923092
1.55104
-2.95531
1.07203
0.537205
0.0455622
-0.28694
-0.355977
-6.19387
0.04386
-0.0161311
0.0879344
-2.78788
-0.229165
-0.0517267
-0.670422
1.55982
0.974177
1.09367
-1.3418
-1.17896
-2.01265
0.0391163
-0.346401
-0.0234632
1.15062
-2.55754
-0.13667
-0.340974
-0.541487
-0.0189075
-0.0159397
0.275633
-0.358919
-0.0141647
0.173154
-0.17286
0.0111985
-0.0670324
0.128363
-0.268041
0.169187
0.0333201
0.0386582
-0.380148
-0.075699
-0.0428038
-0.204063
0.0754854
0.201839
-0.355219
-0.279862
0.422213
0.0274395
0.643124
-0.0506854
-0.264415
0.541252
0.0921492
0.0999016
0.118473
0.0631665
1.27023
0.0673109
0.0590654
-0.791006
-0.303333
-0.103057
0.279079
0.277744
0.00135841
0.0425332
-0.00676112
0.213839
0.0606004
0.256426
0.247952
-0.115295
-0.222062
-0.377023
-0.0318196
0.0399193
0.0109971
-0.00259759
0.0209081
0.170334
-0.192187
0.133472
-0.00938597
-0.267211
0.0820056
0.176175
-0.0508936
-0.262237
-0.0447765
-0.0817707
0.10463
0.273476
-0.0967942
-0.249964
-0.146089
-0.00842302
0.109797
0.301315
-0.14827
-0.00219263
-0.0373413
0.179389
0.0169114
-0.0659238
0.0570356
-0.0875504
-0.212127
0.0618408
-0.127837
-0.0213893
-0.0602945
0.326043
-0.0359107
-0.0752624
-0.0634305
-0.0508192
-0.0361243
-0.103173
0.265199
0.236364
0.00163184
-0.0659681
-0.0486009
1.28958
0.122883
1.09177
-0.000941254
0.0265356
0.288474
0.317312
-0.486657
-0.727938
-0.391479
0.16204
-1.42927
2.08692
1.451
-0.547669
-0.0658754
-0.0522058
0.219166
-0.00621964
-0.254698
-0.195435
-0.0898072
-0.333481
0.0616751
0.44785
-2.23198
0.502001
-1.52297
-0.00215601
0.0409761
-0.0755079
0.0877947
-0.0155997
-0.0850829
0.58831
-0.00652479
0.0033783
-0.416932
0.0641247
-0.282561
-0.0748853
-0.0522196
-0.0945254
-0.175928
-0.0365505
0.29351
0.375208
-0.269893
0.186107
1.77233
1.19965
-0.366035
-0.00366459
-1.64394
0.159294
0.137692
0.00593496
-0.223947
-0.481769
0.106745
-0.0784993
2.19577
0.0409139
-0.948037
-0.0778377
0.0867228
0.293405
-0.0861592
-0.306167
0.0784787
0.109653
-0.0369716
0.313373
0.140235
1.6586
-1.34327
0.198207
0.0139768
-0.0804203
0.0717038
-0.0731682
-0.216786
0.0247882
0.0316633
-0.108835
1.9442
0.286755
0.0222705
-0.112422
-0.0769671
-0.0719981
-0.0257038
-0.0328907
-0.101138
-0.0386256
-0.0153939
-0.0937997
0.115918
1.70134
-1.4149
-1.97811
-0.0037096
2.52206
0.162084
-0.0737246
0.0320168
-0.148766
-0.25883
0.110315
-0.0583805
-1.17659
2.324
-2.97415
1.513
1.74063
0.0841709
-0.0969429
-0.377609
-0.208358
0.142255
0.0424671
0.305228
0.777809
0.0389846
-0.295897
1.1703
0.599412
-0.0826993
-0.0359233
-0.081722
-0.220385
-0.0453516
-0.0269956
-0.0896552
0.010077
2.16991
-0.0738611
-0.205758
-0.0608236
0.000634307
-0.0306742
-0.110739
0.10585
0.251081
-0.0161848
-0.0614439
-0.0931888
-0.0436221
1.21996
2.05521
2.44555
2.66213
-2.38979
0.000631494
-0.842669
-0.110556
-0.198685
0.105169
-0.104667
0.110819
0.0213373
2.40087
2.14043
0.0996041
-1.65144
-0.0970704
-0.310945
0.0369414
0.215085
-0.133956
0.305088
1.4922
-0.157711
2.09659
0.120766
-0.277651
-0.0621141
-0.0366129
-0.077575
-0.207334
-0.0896274
-0.0414057
-0.195793
-0.0667115
0.0894121
-0.087894
-0.184177
-0.0665346
-0.00465095
-0.0348684
-0.0836796
0.0180841
0.273387
0.0577829
-0.0800159
0.00250652
-0.0363209
0.262877
2.40091
2.14081
1.63592
2.51388
0.0927773
2.47894
0.159059
-0.493998
0.100544
-0.225397
0.0914079
-2.18186
-0.184097
2.51126
-1.80129
0.261891
-0.0896964
-0.479991
-0.248734
0.250906
-0.355698
0.345976
0.50112
-1.30505
-0.216798
2.05726
0.012743
-2.77645
1.68908
0.0347432
-2.74954
1.17996
-0.0678569
0.0587151
0.137555
-0.0346009
-0.170477
-0.206794
-1.76525
-2.20001
-0.0544444
0.00125196
-0.474146
-0.0546366
-0.297521
-0.200011
-0.0265115
-0.0268898
-0.0700236
0.427366
2.48198
-0.483728
1.72174
1.40625
-0.943765
-1.06119
0.284095
-0.189738
-0.742354
0.0130662
0.151567
-0.331058
-0.0344131
0.422394
2.24479
-2.84047
2.56723
0.747232
0.200313
0.142417
0.219838
0.351718
0.433583
0.0462329
-0.80638
-0.0385048
0.035487
0.410175
0.0208807
-0.141417
-0.308408
0.139123
1.04423
0.363285
0.140911
-0.126633
-0.30362
-0.122156
-0.00361238
-0.949994
0.395285
0.594093
-0.920216
0.558403
-0.209784
1.05037
0.0198666
-0.334559
-0.133111
0.00138486
0.42355
-0.0896985
1.86201
1.62213
-0.549593
-0.0865899
0.0616948
-0.524525
-0.760954
0.368073
-0.940367
0.0402661
0.435561
-1.33127
-0.449637
0.985504
-0.686461
-0.223593
0.00216377
0.0403788
-0.186167
0.810535
1.06164
0.468556
-1.02813
-0.0178904
2.5522
-0.636883
-0.255407
0.686242
0.471282
0.498958
0.371237
-0.439805
-1.95225
-1.0739
0.0532594
-0.354165
0.268628
-1.36714
0.838396
0.133488
0.555776
-1.1971
0.231912
-0.0168837
-0.0131996
-0.000729367
-0.00216804
0.0176963
0.00349752
-2.67213
-2.11502
-2.46186
-1.34821
0.248239
-0.135506
-0.0734487
0.1212
-0.214664
-0.0362122
0.059906
0.34165
-2.66249
1.90067
-1.3439
0.422855
0.0141098
0.178145
-0.260161
-0.000194437
0.443371
1.0744
0.0193122
-0.0367154
-0.490502
-0.00844926
-0.108083
-2.35344
0.262454
-0.55761
0.0355925
-0.35556
-0.0624866
-0.0553519
-0.0703441
0.462225
-0.0564745
-0.0512205
-1.62344
0.459113
-0.0444301
-0.0911383
-0.277768
-0.0147484
-0.327573
0.225307
-0.00108349
0.0214741
0.535989
-1.0172
2.75782
0.338437
3.56353
0.0811129
1.06162
0.27522
0.274539
-0.367696
0.036299
1.33691
-2.02614
0.43158
-0.069807
2.19473
0.0772602
-0.371804
2.77014
-1.60961
1.60336
1.16316
-0.303094
-0.00783265
0.103833
-1.25553
-1.5133
1.48648
2.10241
-1.36506
0.22523
1.51894
-2.72874
0.0431975
0.245447
-0.135861
-0.368698
0.127877
0.60688
-1.01216
-0.550851
1.22312
-0.283599
1.71324
-0.0322192
0.0766692
0.0882357
-0.00363185
0.0221646
0.208574
1.39076
0.708326
1.9202
-2.57292
1.76939
-0.0313531
0.0534
0.0420947
-0.0289791
-0.0942259
0.107862
0.188489
-0.0941903
-0.0577154
-0.449026
-1.39376
-1.64694
2.64695
-0.149768
0.0152712
-0.067408
0.161342
0.0146492
-0.0499994
0.0108666
-0.101149
-0.212099
-0.121057
-0.0235768
-0.0309023
-0.0794295
0.152897
-0.0877541
-0.10679
-0.0720888
-0.00697189
-0.062059
-0.0492176
2.459
0.212477
-0.0190787
0.00652043
-0.0222897
-0.015027
-0.812109
0.00738429
-0.00713939
0.00338818
-0.0463857
0.140005
-0.384723
-0.785018
2.1708
-2.47017
0.338435
0.138768
-0.345976
0.281473
-0.0512106
0.21619
0.313135
-0.0661678
-0.550167
0.292025
1.93221
1.36292
-2.24143
0.0898618
0.379505
-0.0323374
-0.0380601
0.0105792
-0.0151295
-1.55704
-0.0307368
2.1775
-0.341755
-2.19211
1.2799
0.153607
-0.112556
0.0824575
-0.275291
-0.0616086
-0.307064
0.0197482
0.0943355
0.245306
0.106075
0.313651
-0.10742
0.0855306
-0.0208286
-0.0811317
0.183278
-0.00116458
0.0305186
-0.14707
0.98933
-0.560544
1.14914
-1.98817
3.03551
-1.76119
0.0858177
-0.467003
0.153489
0.0262727
0.139971
-0.36844
-0.0121545
0.648005
0.205717
0.550238
-3.015
1.90882
-0.310286
0.913201
0.0886222
0.0683179
0.014975
0.0591494
-0.144818
0.148422
0.0611994
-0.558487
-1.86831
0.683088
-0.0438205
-1.23968
-0.317376
-0.522247
0.0468057
0.445228
-0.0187448
0.706253
0.0154314
-0.567022
-0.213733
0.0251652
0.57936
-2.63726
0.758655
-0.356156
-0.00280857
0.0286592
-0.0718824
0.369037
0.0820632
-0.0558853
0.153514
0.0587297
-0.147825
3.1877
-1.92487
2.90576
-0.0362959
-0.139072
0.343133
-0.00483132
0.13195
0.363948
0.0264564
0.0497214
0.0156955
3.32538
-1.2224
-0.371744
-0.0255087
0.00536152
0.00860869
-0.0997152
0.0362383
0.0473636
-0.0913792
-0.176745
-0.531054
0.157013
0.559218
-2.21738
0.084875
0.00322295
-0.00642988
-0.0509057
0.402099
0.392963
-0.227787
-0.0674899
-0.0615182
0.249703
-2.10763
0.938354
0.00649394
-0.000466635
0.0220917
-0.0155328
0.275693
-0.340232
0.329498
-0.256499
0.159048
-0.821544
-2.07985
-2.58241
-1.32716
-0.0106875
-0.0435953
-0.17313
-0.00431447
0.264758
-0.294184
0.412946
-0.589094
-0.0065689
-2.24169
-1.20431
-0.552559
1.3634
0.00365897
0.105563
-0.221445
0.00703659
0.0587681
0.0235144
0.165833
0.0177039
-0.157046
-2.90783
-0.218281
-0.346735
0.0157327
0.128114
-0.0527175
0.162824
-0.194199
-0.00381751
-0.10276
-0.110978
0.0309163
-0.0284577
-1.82793
0.0161567
2.1395
0.0194064
0.313334
-0.169338
0.213117
0.077388
-0.208835
0.0687906
0.176147
-0.0672594
-0.60271
0.441177
-2.84094
1.05352
0.393806
-0.095239
0.0152407
-0.0625229
-0.0209728
0.0912689
0.317117
-0.0919049
-1.94944
-0.412719
0.536608
0.0160093
-0.0809624
0.0182523
1.90661
-0.21967
0.15214
-0.294552
-0.246558
0.0418986
0.509125
0.200686
-0.113156
1.25105
-0.0880486
-0.0325648
-0.112015
0.0415109
0.279474
0.0105755
-0.0337299
-0.0108569
-0.0300695
0.133178
-0.855
-0.00532439
-1.33008
0.553878
0.265041
-0.173458
-0.209509
-0.0948137
0.10879
-0.163664
0.175272
0.0985007
-2.08724
1.77666
0.0631752
0.123737
-0.822251
-0.364992
0.120381
0.13051
-0.135911
0.290513
-0.119656
2.63115
-0.535838
1.63282
2.17395
-0.0611226
-0.16437
-0.0872519
-0.208865
-0.0311968
-0.157338
0.00375773
0.058024
0.0813868
-2.84262
-0.146207
-0.0850581
0.0237295
-0.0318225
0.000255303
-0.0244325
0.224974
0.0936493
-0.0240668
0.113514
-0.000265245
-0.206584
1.13681
0.111763
-1.35718
2.75416
1.70373
1.01919
0.224276
-0.858752
-0.0601918
-0.502614
0.0259304
0.221642
-0.512439
1.54136
-1.89295
-1.55134
-2.37619
-0.538459
0.288451
0.0342188
0.0210842
0.362249
0.410706
-1.91556
-1.12215
-1.33557
-1.54593
-0.037054
0.100686
0.0768505
-0.110719
-0.34498
-0.403796
0.460788
-0.380982
0.186718
0.0373174
-0.122731
-0.238015
1.06776
0.273511
-0.105203
0.124834
-0.187406
0.598286
-0.495334
-0.0948797
-0.0187798
0.0989682
-0.0375845
-0.0013925
-2.49604
-1.07634
2.14786
-0.0344512
0.21182
-0.000160724
0.0781893
-0.0839833
-0.159297
-0.00858282
-0.132004
-0.220722
1.52599
1.08117
-0.60653
-0.235496
-0.391606
0.00275777
-0.00665023
0.00356122
0.008647
-0.122506
2.29033
-2.00537
0.00248026
0.0569163
2.5713
0.897062
1.6452
2.36583
-0.0342947
-0.0108983
-0.0482348
-0.180104
-0.0401489
0.825922
0.00606317
0.00844138
-0.0176535
-1.09429
-0.0370976
0.0710896
-0.064174
-0.164824
-0.184643
-0.00465102
-0.578568
0.250768
-0.000146981
0.02517
-3.4107
-1.75405
-2.88596
-0.159646
0.0807074
0.076103
-0.11142
-0.593551
-0.198005
-0.0605829
-0.101458
0.10621
-1.764
-2.93854
0.00827492
2.11777
0.884336
-0.170849
-0.112639
0.375838
-0.0661792
-0.930275
-0.312228
1.03217
0.47239
-2.02632
-2.89298
-2.63546
0.717868
0.303284
0.439203
0.325459
0.628545
-0.44827
2.08809
1.82526
1.36506
-0.0279524
0.474418
-0.962141
-0.21873
0.850585
0.283401
0.277112
-0.0256881
-0.24323
0.178537
-0.00125655
0.0335611
-1.18965
2.88794
-1.03132
0.477803
0.572381
0.0436755
-0.857221
0.00819471
0.388716
-0.243177
-0.000834701
-1.29696
-1.51988
-2.60318
2.45335
2.24921
2.02028
-0.976391
-0.0549033
0.676388
-0.184919
-0.373277
-0.151921
0.0161434
-1.84547
-0.389213
-1.20877
0.584832
0.548867
-1.66904
-1.48292
1.01938
0.857265
0.298423
0.241599
-0.188773
0.0765273
-0.0814477
3.04429
0.227326
-0.384473
3.05772
0.610016
1.38028
-0.0416316
-0.110709
-0.0480153
-0.00448794
0.0262163
0.0968515
-0.272373
-1.40222
1.27191
0.17935
0.100761
0.567343
-0.416774
-0.142659
0.083078
-0.142502
0.0740912
0.250459
1.69402
0.299518
1.09724
-1.27934
-1.20368
0.309986
-0.67681
0.160032
0.927334
0.11565
0.0174139
-0.295134
-0.0795793
-0.106279
-0.205074
0.0862289
1.1461
0.239465
-0.0349981
-0.436838
-0.0780023
-0.447296
-0.0386821
0.0239936
-0.0337107
0.0252407
-1.22245
-2.1692
-0.174915
-0.921243
-0.525829
-0.00413978
-1.18888
0.386911
0.00202564
-0.000786596
0.414872
-0.957875
0.1274
0.318529
2.84022
2.60554
0.849248
-0.327854
0.219067
0.163842
-0.0154218
0.109704
0.391484
1.07385
-1.00498
-0.113299
0.690136
-0.0493034
-1.04074
1.05534
0.35961
-3.22657
0.0536822
-0.0203781
-0.0254581
0.0780095
-1.29921
-0.663997
1.73118
0.19609
0.566575
-0.6553
1.67407
0.234886
1.11534
-0.172321
0.214335
-2.40352
0.275426
1.18172
-0.562112
0.246042
-0.304849
-0.728194
-0.0357696
0.073513
0.0315651
-0.00137176
0.0217065
0.146907
0.150206
1.63865
-0.563592
-1.4349
2.79031
0.410084
0.0445249
0.0311119
-0.153728
-0.0549506
0.0995439
0.0945453
-0.0960218
-0.00228511
-1.82778
3.18543
2.0686
-0.319711
-0.170467
-0.19471
0.213132
0.0829398
0.0152348
-0.0161827
-0.0104926
2.79474
-0.207269
-0.0880914
2.41002
-2.56075
0.00426587
0.119923
-0.0748634
-0.195087
-0.069815
0.0186315
-0.0624589
-0.0327345
-0.116534
3.12518
0.0596076
-1.83504
0.0926702
-0.0220847
-0.428422
0.298441
0.00713573
0.00667244
-0.00831746
0.18982
-0.751084
0.85407
-1.87087
0.579796
-0.939988
-0.662056
-0.802349
-0.45242
0.0710712
0.0890594
0.441661
-0.0477324
1.21417
-0.181738
0.651316
1.22561
2.56434
-0.596616
0.52745
-1.18905
0.0610217
-0.00380604
-0.0566246
0.654652
-0.106644
-0.0823943
-0.0414301
0.881179
2.41036
-0.62807
0.455126
-0.0729005
0.251031
-0.0289373
0.453472
-0.15089
0.526757
-0.17266
-0.658903
-2.46793
2.01112
-0.249106
-0.0351096
1.92742
-0.468921
-0.0056006
0.0245753
-0.287301
-0.904255
0.524124
0.600487
0.0327308
0.231893
0.46073
-1.27322
-1.62669
-0.442728
-1.9873
-0.0795622
-0.477003
-0.0607779
-0.513337
-0.899679
-0.504067
-0.224128
-0.251948
-1.09034
-0.068625
0.777944
-0.480931
0.034592
0.0275922
0.108654
-0.00847407
-0.067976
0.184323
0.0960145
0.339978
0.685245
0.774169
-0.265996
-0.728114
0.635567
-0.0881705
0.022015
-1.29313
-0.425808
0.642696
-0.714295
-0.075617
-1.00576
0.964817
-2.75619
-0.209781
-0.00415113
0.0321261
-0.0775483
-0.0887811
0.642412
-0.0286817
0.112822
-0.0230194
0.317971
2.4691
1.62955
-0.525448
1.06333
0.513484
-0.172448
-0.0597732
-0.0882869
0.0412845
0.313458
-0.846152
-0.230596
-2.54934
0.0352532
1.60385
0.0683448
0.0343159
2.10427
-1.06276
0.172951
0.0132404
0.642351
-1.06799
-0.273211
2.6834
-3.13697
0.333691
-0.857251
0.1044
0.364702
-0.0893738
0.422675
-1.45388
0.296228
-0.358211
0.182476
-0.0908026
0.726452
-0.142098
-0.0193796
-0.00263804
1.30751
-0.0175821
-0.208512
0.228671
0.309888
-0.0769943
0.0990843
0.364113
-2.39194
-3.35097
0.0489776
-0.118882
0.0934534
0.540535
-0.0936698
0.0972728
-0.104474
-0.164026
-0.126642
0.27954
0.193187
2.19271
-0.626056
-1.87646
-0.0740943
-0.0281477
0.00855694
-0.091409
-0.195797
0.213613
-0.653404
0.120297
-0.127363
0.538765
0.526971
-0.865777
-1.3687
-0.0682794
-0.0304075
-0.0502114
0.553985
0.0687419
-0.141526
0.0487281
0.0547627
-0.0381288
0.0455093
1.59668
1.53451
-0.328465
2.5827
0.0823173
-0.0192404
-0.0534418
-0.228737
0.0850745
0.0449005
-1.45849
0.0147038
1.37018
2.71538
1.35312
0.202906
-0.0968561
-0.19197
0.066523
0.212538
0.00763905
0.303709
-0.14891
-0.152192
0.604979
1.38765
2.19446
-0.0401474
-2.79451
-0.0774847
-0.210917
-0.0333734
-0.0826899
-0.0927741
-0.715412
-2.57923
1.18219
-2.80609
-2.17103e-05
0.00260533
-0.0496037
-0.0204111
-0.0636355
0.0810837
0.0152204
-0.0593845
0.0647095
-0.0183759
0.197115
2.01035
-0.721256
1.75612
0.0173702
0.251966
-0.0908842
-0.0446205
-0.0351349
0.104741
-0.231284
-0.113121
0.405487
1.01216
-0.0333354
0.748698
-0.0744372
-0.000342825
-0.416604
-0.413042
0.18948
-0.0826108
-0.00245186
-0.233927
-0.419659
0.696241
-2.0477
2.84374
-0.2636
-1.38347
0.989614
0.0398169
-0.266587
0.158819
-0.161712
0.0139898
-0.62945
-0.105759
0.554426
-1.62481
-0.112047
-0.0167866
0.0205844
-0.289008
0.129302
0.00719295
-0.144325
-0.22242
-0.0147368
-0.336383
-0.163042
-0.00160323
-0.807102
0.245455
-0.0491454
1.07164
0.0169443
-0.443127
0.0551318
0.311528
-0.520727
-0.345599
0.0439676
-0.909138
-1.73552
2.77213
-1.1782
-0.612149
-2.20537
-0.207374
-0.00544558
0.0267593
-0.0678514
0.698977
1.06256
1.36837
1.83596
0.853746
0.290151
1.45049
-0.114269
-2.8735
0.427143
-0.97627
-0.164045
-1.48327
0.0513307
-0.0154027
0.124543
1.46688
3.00965
-0.985877
0.3657
0.434515
0.0603009
-0.326329
-0.685622
-0.0391842
-0.0107433
-0.0407861
-0.00265075
2.54552
0.540325
0.0571119
0.0720714
-0.0776971
0.108401
0.184797
0.338778
-0.335029
0.0131931
0.0479221
-0.0713857
2.80736
1.40876
-0.824273
-1.73678
-0.60932
2.86868
0.223299
0.325474
-0.416911
-0.115633
0.636272
0.0646775
0.47866
-0.950963
1.4109
1.66577
-1.17821
-0.188103
-0.15001
0.0723612
-0.0608811
-0.260176
-0.118271
-0.390151
-1.13501
1.01519
-2.41811
2.65841
-0.000188017
0.160574
1.26985
-0.22858
-0.272048
-0.0233964
0.152559
-0.0323788
-0.000350506
0.0164379
-0.0135371
-2.55756
0.0124775
0.113442
-0.104107
0.0761145
-0.223906
-0.115227
0.0268921
-0.147557
-2.40618
-0.524597
0.306633
1.83886
-0.748299
1.09732
0.0484409
-0.166576
-0.00373541
0.133988
-0.239534
0.227178
-0.23995
2.89473
0.0686898
-2.71464
1.11948
1.8638
0.103476
-0.0758503
-0.082764
-0.116542
-0.0890036
-0.032517
-0.0576145
1.73602
1.97892
-1.80155
0.120896
-0.22821
-0.0560181
0.0427353
0.118145
-0.00475487
-0.0262679
-0.214209
0.306077
-0.000268061
0.0259399
-1.19781
-0.720842
-2.50352
2.1039
0.212826
0.31527
0.103172
0.477269
0.166054
-0.613043
-1.77912
-0.0178942
-2.81605
1.45984
-0.408212
2.04721
-1.12783
-1.01261
0.177753
0.874282
0.252116
-0.527511
-0.389435
0.0306328
0.0684193
-1.00696
0.277007
-2.13642
1.49834
2.09832
-0.552467
0.294239
0.167471
-0.610201
0.506829
-0.681392
0.401133
-1.52218
0.0788091
-2.19211
0.597397
-0.0458778
0.340472
0.626729
-0.0184926
-0.805551
0.132521
0.000856735
0.0173081
0.371073
-0.229654
0.00154666
-0.834552
-1.35053
-0.65387
-0.0440656
1.08378
-0.188281
-0.162272
-0.0763559
-0.336658
0.0601113
-0.0686369
-0.231182
0.754826
2.50501
0.3973
-0.0307193
0.642256
0.122881
-0.47995
-0.00237684
0.00961518
-0.00510733
-1.73228
2.77755
-2.6052
-1.08344
-0.092084
0.971004
0.271279
0.289601
-0.145519
1.01793
-0.132343
0.660401
-0.618424
0.289295
2.49338
-0.390993
-0.0131377
-0.467837
0.20438
-0.0318395
-0.308892
0.20207
0.00019987
0.0399975
0.847842
-0.177133
0.0999008
-0.0688408
0.401198
0.215383
-1.18164
-0.605607
0.207058
-0.144551
-0.0435787
-0.228408
0.479042
-0.0897868
0.154184
-1.1973
-2.07387
3.5963
1.4006
-0.533118
-0.69941
-0.995267
-0.154464
-0.00459961
0.0534769
0.338503
0.131932
-1.52623
-1.33655
2.66298
1.16872
-0.448053
-0.706001
-0.483794
0.262297
-0.0594705
0.351709
-0.0850847
0.448306
-0.221531
-0.711073
-0.880131
-1.30668
-0.79211
-0.0368714
-0.0790483
0.024157
-0.00256874
0.0255394
0.303596
-0.300834
0.987303
0.886046
1.71665
0.00833931
0.119544
-0.0246079
-0.114335
-0.148861
-0.046299
0.137826
-0.62016
-0.0946667
0.0784186
0.155978
0.0650479
-0.510781
2.56778
-0.391942
0.0619477
0.0981012
0.13339
0.0255999
-0.00861847
0.141326
-0.0531661
-0.146086
0.422765
-2.59346
-0.520483
-0.279215
-0.41743
-0.166622
-0.220925
-0.0464006
0.029663
-0.0503802
-2.41863
0.367399
0.11962
0.0845927
0.859491
0.141598
-0.034727
0.423457
0.159328
-0.00108382
0.0197468
-0.589171
-0.81871
0.280645
-0.253589
0.718322
-0.325317
0.581819
-0.596782
-0.0607717
-2.34467
-0.150436
0.0786151
0.766209
-0.0517776
0.271443
0.116878
-0.169144
0.294376
0.526989
0.453863
-1.91261
-0.824999
-0.198487
2.83481
-0.0235084
0.0899377
0.0412682
-0.0545369
-0.93096
0.674038
-0.710299
-1.16966
1.1407
0.689889
0.60191
-0.117502
-0.404449
-0.0222589
0.228859
0.0612104
-0.545249
0.395549
0.309115
1.78923
-0.0269493
2.14433
0.0345802
-0.00147009
-0.47261
-0.0990613
0.0889921
0.00086209
0.130886
-0.0892849
0.0446379
-0.225547
-2.64118
0.141709
-0.103268
-0.0584689
-0.0421065
0.399912
-0.00758272
-0.0436876
0.420988
0.080749
-0.160568
0.0237078
-1.6083
-0.462579
0.503433
-0.311703
0.00577598
0.0949228
-0.206287
0.040993
0.0702642
-0.124995
-0.355461
-0.580118
-2.6429
2.86116
-1.51246
-2.53131
-0.0279517
0.0519682
-0.0646274
0.260769
-0.587453
0.138475
0.11994
0.0111477
0.728856
-0.0179587
1.9051
0.296028
-0.00248044
2.42338
-0.0466534
-0.366667
0.0458981
0.1336
-0.288529
0.0656493
-0.417007
-0.119663
-0.224758
-0.204407
-0.0271789
0.0419453
0.193871
-0.0177173
0.405405
0.0366068
0.114322
0.3424
0.0278342
-0.32791
0.0436185
-1.08031
-2.57443
0.639986
2.34837
-0.01273
-0.0429505
0.0394709
0.118839
0.526316
-0.563151
-0.0163915
0.813847
2.03536
-1.63301
-0.021835
-0.161096
-0.0240937
0.225357
0.101636
0.0385215
-0.192385
0.126962
0.932138
-0.0305465
0.149666
-0.0247009
-0.000395332
0.0305271
2.40211
-0.093713
-0.0784733
0.229879
-0.00628133
0.112291
-0.0783541
-0.227135
-1.77102
-0.271837
0.272742
2.94716
0.285078
-0.00215553
-0.132181
-0.212288
0.0385263
0.159367
0.0028308
-0.0817997
1.02634
1.57623
0.351666
0.00278533
0.719012
-0.0791845
0.0259335
0.0831476
-0.148617
-0.0272745
-0.188958
-0.113732
-0.999963
-0.074129
-0.371406
-2.90495
2.06036
0.685269
0.102043
-0.165846
0.0800864
-0.00573932
-0.187216
-1.42985
-0.0263073
-1.31267
-0.0675066
-0.00181526
0.0265145
0.0066955
-0.286403
0.161098
0.246009
0.17072
0.152222
0.0386169
-0.306025
0.121383
0.0561364
-0.0862813
-0.453387
-0.487355
-1.03459
-0.209409
0.163477
0.576131
0.282806
0.266679
0.29967
-0.248367
-0.117399
0.158004
2.11662
-1.84736
-0.137765
-0.14501
-0.171188
0.198208
0.637781
0.0564037
-0.134581
-0.539406
-2.87056
0.395654
-1.19258
-0.00945761
-0.0764771
-0.0264347
-0.359931
-0.0674215
-0.0607514
-0.0968092
-0.84143
-0.0202819
0.0854948
-0.0705212
-0.00032264
0.0166321
0.00687025
0.0622888
2.44058
0.139889
-0.0552693
0.069853
-0.0339088
-0.127241
0.0165049
-0.124356
-0.0340677
0.67085
1.45936
-0.000690358
-1.46013
0.0429615
0.0650933
-0.0105785
-0.00247872
-0.17191
-0.13716
0.526085
-2.39861
-2.51705
0.256714
-0.427091
0.0329318
0.0479748
-0.0787804
-0.141316
-0.291618
-0.0538363
-0.289695
-0.0266252
-2.48266
0.0177741
-0.820319
1.58016
0.0327409
-0.227964
0.0545045
0.0383894
-0.144884
-0.0287854
-0.0370612
-0.390938
-0.0634364
-0.00292709
0.0357875
2.38785
-0.652311
-2.16006
0.365726
0.812642
0.144081
0.279891
0.404897
-0.120512
-0.0875048
-3.02661
-0.165548
-0.606284
-0.0901613
1.19223
0.694084
0.574698
-0.28315
0.271734
0.432737
-0.487957
0.602245
-0.13586
0.0392944
-0.382262
-2.01484
-0.173205
-0.0511518
1.75499
-0.269601
-0.0557195
-0.217994
-0.544501
0.004252
-0.167364
-2.571
2.19719
1.13665
1.53619
-0.632758
-0.641663
-0.0813599
0.331327
0.129227
-0.0322164
-0.158345
0.0540622
0.00112032
0.0149877
0.72809
1.19437
0.616855
0.36476
-0.621058
-0.05265
-0.100266
-0.116294
-0.0730619
-0.279103
-0.07494
0.0866997
1.00363
-1.58044
-2.86865
-2.61334
-0.531856
-0.102301
0.27833
-0.96788
0.23001
0.220805
-0.00355399
-0.0193061
0.758141
-0.717145
2.50144
-0.746944
-3.40788
-1.77721
0.0745061
-0.482354
0.487262
0.222631
-0.062938
0.0271838
-0.191563
0.295587
-1.53285
-0.421145
-0.144526
-1.10197
0.270465
0.395665
-0.0320876
0.295736
-0.156328
-0.00427765
0.0135068
0.0184372
-0.166299
-0.214144
-0.570023
-0.274002
0.265772
-0.0175597
-0.185596
0.0921139
-0.15131
-0.0784219
0.18238
0.246951
-0.0247945
-1.55005
0.126429
-0.235173
-0.294124
0.0922148
0.484251
0.022592
0.227734
0.00390624
0.00896859
-0.00102208
-0.135207
-1.70282
1.40048
0.366053
-0.677168
-1.23058
-0.365864
-0.366326
-0.288163
-0.202995
-0.0328289
0.0993835
0.192421
-0.269677
0.600322
-1.15354
0.255963
-0.606033
-0.131498
-0.022932
0.442438
-0.073032
-0.00375871
0.043701
-0.704113
0.518546
-0.134621
-1.39018
0.351955
-0.695869
-0.188121
-0.303389
0.349891
-0.113046
-0.115979
-0.00872093
-0.654639
-0.069923
0.46471
-0.0765716
0.612975
-1.17394
-0.0705154
-0.243311
-0.0585349
0.237241
-0.0759353
0.0176156
0.0490115
0.308304
-2.12747
-0.00323236
0.0466555
-1.6479
-0.261785
0.672394
0.164596
-0.0338254
-0.173049
-0.0528756
-0.380726
-2.79865
0.218946
0.55791
-1.46348
-1.1267
-0.605433
0.793173
-0.0197219
-0.0119205
-0.135845
0.00193085
0.0125209
-0.578958
-0.409278
-0.621147
0.265585
-0.260823
0.0865165
0.870778
-0.564227
-0.34335
-0.379769
0.00210396
0.148141
0.448447
-2.72708
1.46895
0.00645636
0.967962
0.300304
0.128647
0.173514
-0.093914
0.152223
-0.0608142
0.0110342
0.0415644
-0.212652
0.120777
0.0138122
-0.0587815
0.407768
-0.264483
-0.684703
0.24091
-0.214982
-0.328619
0.0216594
0.167242
-0.060681
0.4973
-0.89125
1.75422
1.27265
-0.879756
-0.417097
-0.0289385
0.356654
0.00839866
0.00173458
0.0221
-0.664146
0.0114455
-0.903285
-0.43956
0.343289
-0.329668
0.34642
-0.567802
0.226136
-0.222359
-0.0480532
0.0812992
0.531794
-0.0528306
0.847762
0.571182
0.206715
0.0850854
0.279978
0.214458
-0.449284
-0.721253
0.0109971
-0.00536686
-0.0351396
0.634553
-0.185371
-0.0873363
-0.679092
0.629221
0.337573
-0.00295359
1.02788
0.309314
0.0196958
-0.0933103
-0.460115
0.0174469
0.313873
-1.74452
-0.066941
1.81832
2.05082
-0.132817
0.0332398
0.135539
-0.370608
-0.0106867
0.130845
-0.309987
0.0292047
-0.0286054
0.091139
-0.031269
0.0012846
0.134827
0.133283
-0.390791
0.141572
0.0665136
-0.296943
-0.228565
0.299109
-0.00967932
-0.0925904
0.21672
-0.00064819
0.335922
0.0916291
2.73229
0.131566
0.150559
0.081313
0.11984
0.148909
0.10288
0.199629
0.168463
-0.226747
-0.139777
0.259548
0.274657
0.983271
0.239595
1.98847
-0.0042762
0.277422
0.0643714
0.344116
0.0613992
-0.0931241
-0.0361024
-0.879959
-0.259128
-0.748465
-0.126405
-0.67262
-0.743672
-0.705927
0.0768018
-0.785623
-0.401302
-0.36095
0.0748926
-0.776758
-0.301179
0.360049
-0.418199
-0.682668
-0.435166
-0.790058
-1.02882
-0.680328
-0.14557
-0.589202
-0.0576941
-4.34174
-5.67554
-1.66597
1.29893
-1.85327
-2.21797
-5.39191
2.63342
-3.56164
1.59535
0.802262
0.25762
0.841721
1.43862
-2.46253
-0.758676
-1.0873
-0.327609
-0.736048
-0.108422
-0.872022
3.59616
2.81201
1.4372
4.36842
-0.111594
-0.227138
-0.75606
-0.0243883
0.279362
-1.49611
-0.331713
0.56892
-1.06164
-0.50387
-0.533036
-0.44815
0.171567
-0.536383
0.0175564
-0.958051
0.0710598
-1.24753
0.0467564
-0.139663
-2.97157
2.948
2.54667
-1.83873
-0.0275014
-0.048793
-1.09874
-0.135095
-2.75349
-3.23921
-3.02556
3.20586
-4.963
-1.94388
-2.70013
2.19775
-0.646093
-0.564173
-0.178538
-0.47795
-0.386064
3.55938
1.54164
0.314547
-0.2202
0.34335
-0.095062
-0.767624
-2.42541
2.23116
0.336879
0.968111
4.1184
-2.96725
0.101687
-0.331596
2.78865
-2.3987
-1.62939
0.508586
0.240543
-0.477338
-0.0721756
-0.556562
-0.306165
-0.7787
-0.331018
-0.669214
-0.141233
-0.464599
-0.0584723
-0.256975
-0.507125
-1.27993
2.56856
-0.318175
1.14382
-0.628206
-0.0175539
-1.27683
-0.444823
-0.269794
0.195607
-0.190691
4.05663
3.01648
-4.72409
3.42045
-1.80038
0.903191
-1.77432
-1.42689
-5.45799
-2.32518
-5.27062
-5.27798
2.10813
-4.03018
-0.442229
-1.00752
-3.9483
4.44925
-0.0387468
2.09337
-0.322386
0.0501018
-0.255927
-0.395913
-1.04727
-1.1826
-0.737216
-0.403144
-0.276532
-0.202942
-0.0329581
-0.221431
-0.425525
-0.805069
-0.884705
0.43417
-0.178988
-0.13648
0.172707
-0.212927
-0.918279
0.307173
-4.08494
1.62164
-0.623649
1.15627
2.79433
-2.90083
0.723873
0.771594
1.11543
0.130946
-3.17419
-4.76224
-3.50975
-1.56732
-0.461169
1.07372
0.86894
1.73941
-3.60012
-0.269559
-1.64566
-0.568439
-0.4292
-0.861629
-0.199251
-0.810378
