[0.5157769110157346,
 -0.4984078334146602,
 0.39341439550656787,
 0.11124677371338976,
 -0.2266666343850403,
 -0.5984079343316964,
 -0.12564697138143494,
 3.935021560373144,
 0.06652451325130215,
 -0.642473147891593,
 -0.24213118973423775,
 -0.7479890528142619,
 -0.2660870600407481,
 -0.2199992576616978,
 -0.5039596240268338,
 -0.17779033982594683,
 43.72177396452375,
 -0.18733514412721775,
 -0.003882006096233681,
 0.09848066894574004,
 0.4062098053131251,
 3.621125116578085,
 -0.26961761927825023,
 0.11495798592872575,
 0.19968831276426613,
 -0.005730974297534885,
 0.4710171356783306,
 -0.35413111015901677,
 -1.656481112225606,
 -0.03301445941633574,
 1.4063852271616497,
 0.09776991110754096,
 1.150467702565976,
 0.16572620321198883,
 0.5998994099817878,
 0.16117073771732748,
 6.788319166080356,
 1.2814682965696704,
 0.1256581104058796,
 -0.04512910508015011]
