[5.054772266086161,
 -0.7484868147910788,
 -0.4925931654908661,
 -1.082173148636457,
 4.6616356859475445,
 -13.753024225147783,
 -0.7189304747750498,
 14.430710206237734,
 7.623237384535173,
 4.603253164578433,
 -10.680726576926652,
 3.179801630093607,
 -0.47400164639222453,
 -0.7725509846233081,
 5.15380166488066,
 6.452375489404744,
 2.1694160864302603,
 -10.672267659345891,
 -130.86275925007695,
 32.983618234527626,
 8.509062615139257,
 2.8024655897663777,
 -2.214694695220473,
 -0.4857470935892252,
 7.110340776593645,
 -0.7410534132918656,
 -28.099498024307792,
 80.67273584504801,
 -0.04998495918154076,
 -19.34324924494679,
 21.03399996498662,
 -5.043029837179809]
