[12, 36, 36, 4]
-0.0167364
-0.0805024
0.0315213
-0.105901
-0.0403222
-1.14146
-0.0175068
0.257529
-0.370562
-0.918257
-0.0991278
-0.167663
0.267025
0.376345
-0.056738
0.0147989
-0.135603
-0.0157748
-0.0727317
-0.418019
-0.405369
0.381041
0.370496
0.327426
-0.253515
-0.0865661
0.00353888
0.106908
-0.133439
-0.108305
0.574204
0.0839825
0.0555317
0.40663
0.547724
0.174834
0.775687
0.0627641
1.41559
-0.312528
1.93269
-0.252515
0.540592
-0.479778
0.356421
0.00172409
-0.767695
-0.322702
-1.57982
0.972234
0.315936
-0.354966
-1.00903
0.00523981
-0.351985
-0.0479205
1.52666
0.755873
0.215686
0.667927
-0.463529
1.21905
-0.51628
-1.10786
0.455995
0.0218097
-0.0930636
-0.119755
-1.86209
0.271221
0.329505
1.29865
1.07094
-1.25112
-0.654588
-0.531956
-0.807747
-0.964479
0.339347
-0.896499
-1.21451
0.768687
0.428133
-0.945366
1.34122
-0.421799
1.60369
0.661779
-0.0903822
-0.360069
-0.747193
-0.662239
0.0656913
0.121443
-0.185006
0.181874
-0.378017
0.0314724
-0.13399
0.163795
-0.0339639
-0.389973
1.21065
-1.32513
0.592446
0.235459
-0.653541
0.331883
-1.12721
0.127304
0.827575
0.649469
0.4483
-0.296705
-0.521811
0.627022
-0.106838
0.414588
0.16606
0.799049
-0.685119
-0.049209
-0.347463
-0.662692
0.2648
-0.253793
-1.0904
-1.04368
-0.274721
1.29457
-1.39904
1.04421
0.142527
-0.252155
0.987756
0.471191
0.102809
-1.823
-2.01443
-0.857808
-0.117864
0.934433
-0.605971
0.864406
0.20625
0.0126258
0.781376
0.0359558
0.103655
-0.519151
0.416194
-0.228588
0.0192908
-0.844566
-0.252772
-0.565783
1.58456
0.187068
0.480318
-0.072067
0.107061
-1.14779
0.659629
0.212447
-0.706941
-0.585283
1.91913
0.113879
-1.52726
-0.388657
-0.150856
0.0316892
-1.13211
1.11788
-1.45828
-1.845
1.66724
0.94202
0.387739
-0.369209
-0.000982219
-0.316803
-0.0137464
0.359073
-0.62896
-0.635017
0.758168
-0.315972
0.694124
-0.304874
-0.0854856
1.42712
-0.258028
-0.13022
-0.802399
-0.436078
-0.0893364
-1.44934
0.427093
0.492749
0.142273
-0.875202
-0.0176847
-0.100156
-0.52357
-0.795359
-0.0916956
0.287808
-0.886975
1.48484
1.05324
0.522271
1.46185
0.700292
-0.283667
-0.317638
-0.333653
0.203401
1.75565
0.382847
-0.254691
-0.659189
0.302812
0.0864965
0.368719
-1.37577
0.2204
0.00193345
-0.643219
1.59077
-0.635421
0.0102833
-0.187116
-0.404254
-0.0131073
0.624444
0.419137
-0.324296
-0.201707
1.36184
-0.417524
0.618199
-1.85683
-1.28603
2.89281
0.189639
-0.0580912
0.0488397
0.232726
0.63452
-0.0236376
0.129085
-0.0123895
0.329326
0.784756
-0.232266
-0.116752
-0.871504
-0.748534
-0.206078
0.657111
1.1571
-1.2673
0.232794
-0.111135
0.545693
1.9823
1.56853
0.252981
-0.0868724
0.557615
-0.468993
-0.252753
0.437186
0.137647
0.679519
-0.0499552
-0.0416487
-0.281785
0.320104
1.47096
0.108102
-0.55643
-2.0472
1.23934
0.0591815
0.57479
-0.559731
0.392473
0.723575
1.44864
0.461812
-1.4538
0.528386
1.59585
-2.12905
-0.853345
0.401054
2.73937
3.1498
0.216469
0.0810914
-0.733801
0.874185
0.0173654
-1.10603
-0.403799
-1.74979
0.943193
-1.55798
-0.33846
0.467864
0.565856
1.34466
-2.54634
-0.728563
0.0977277
-0.6848
0.665039
1.22143
0.0360797
0.950646
-0.0728322
-2.02299
-1.44801
-0.276195
-2.504
-0.0712989
-0.264176
-0.514815
-1.47881
3.5459
2.71107
-0.251156
-2.27409
-3.21299
-0.657953
0.390482
-0.231485
0.2013
0.703742
1.23216
0.050194
-1.25209
-1.41961
1.8052
0.50445
-3.58946
-0.652149
1.09292
0.97837
-0.131124
0.00273128
-0.764286
0.424819
-1.99599
0.662548
-2.22959
-1.23374
1.47231
1.87885
-1.14355
-0.899843
-5.80893e-05
-0.173063
0.544834
0.0326528
-0.350646
1.53358
0.3759
1.21821
2.80384
-1.49096
-1.95213
0.464811
-0.0088055
0.69044
-0.369427
1.30064
1.30334
0.970983
0.0590695
-2.065
3.009
-0.636421
-0.0180722
0.18222
-0.0867625
-0.37481
0.267727
-0.825176
0.260335
0.527372
-0.881676
-1.84302
-0.0160147
0.00767457
0.0367785
0.309914
-0.493205
-0.180569
0.557764
-0.687995
-1.21714
3.04037
0.618871
0.134201
-1.99921
0.618085
1.19683
0.937695
0.0185084
0.706209
-1.13059
-0.00768081
-0.764603
0.0420503
-1.59785
4.27844
-1.07449
-1.19438
0.13267
0.635163
0.399225
-0.401923
-0.29802
2.67661
-1.25736
0.534832
-0.789255
-2.11294
1.60348
0.816408
0.21872
1.76071
0.969604
-0.542774
0.82757
0.488918
-1.37518
0.0910308
0.059853
0.243124
-0.204416
-0.714861
0.293893
-1.40738
-0.0528686
0.000987617
0.260192
1.018
-0.134051
0.521093
0.344032
0.120205
-1.84369
-2.81286
-0.0939516
-0.134623
-0.712816
0.396757
-0.17537
0.378118
-0.512334
-1.16194
-1.1165
0.534163
-0.0213638
0.0202913
0.348151
0.0584844
-0.00243531
0.0133657
0.449302
0.279013
-0.576538
-0.0549167
-0.119557
-0.0698877
-0.0243619
0.032457
0.197032
-0.137032
0.0394452
-0.00971726
0.231991
-0.0964063
-0.0360716
0.0803227
0.0864196
0.0565728
-0.463806
-0.166117
0.00558355
-0.207289
-0.0811699
0.0271011
-0.0739217
0.192391
-0.153848
-0.0907023
-0.512924
-0.151524
-0.217841
1.28337
0.261246
0.991967
-2.18048e-05
-0.0887122
-0.102711
0.262635
-0.286239
0.688401
-0.315207
0.155362
-0.402388
1.20551
1.03236
-0.230419
0.0220578
-0.02103
-0.0447578
-0.078747
-0.493492
0.640634
0.946008
0.262653
0.694364
0.417896
-2.06045
0.0623616
-1.86386
0.0311114
-0.00334131
0.506607
-0.229356
0.0122204
-0.336491
-0.681221
-0.112704
1.82068
1.3988
-0.345539
-0.00282007
-1.65226
0.839828
-0.229307
-1.31318
0.0891431
-0.331607
-0.442083
-0.197146
2.17922
-0.216426
-0.871567
0.0106638
-0.00956637
0.345958
-0.0548862
-0.0356529
0.673416
0.279754
-0.551939
-0.909529
-0.211328
1.85573
-1.57062
0.0936156
0.0327583
-0.0251893
0.139152
-0.369964
-0.0452707
-0.319857
-0.446581
-0.0829797
1.74643
-1.09873
-1.92309
-0.00338552
2.41449
0.496076
0.300817
-0.67853
-0.122558
-0.0783575
-0.0206376
-0.0758024
-1.07653
2.56692
-2.97361
1.63677
1.63384
0.255415
-0.0669097
-0.078163
-0.0529033
0.119948
0.0376884
-0.442855
0.898528
0.0672791
-0.738438
0.999363
0.610146
-0.0652963
0.0402408
-0.182606
-0.0920398
-0.332291
-0.195871
-0.230396
0.0176461
0.894026
1.84644
2.44634
2.62089
-2.43126
-0.173097
-1.01519
0.0237509
0.308333
-0.165209
-0.627966
0.107063
-0.239936
2.51017
2.24592
0.0695658
-1.76776
-0.133763
0.0979355
-0.171736
0.152405
0.274403
-0.0596231
1.64392
0.145325
1.99575
0.339576
-0.281471
-0.242239
0.277662
0.364624
-0.459755
-0.0332127
-0.179993
-0.267265
0.00533708
0.0521109
1.56353
2.141
1.60194
3.15207
-1.24777
0.933335
-1.60677
0.39926
-1.18647
0.265905
0.67401
-2.75339
0.262183
2.72928
-1.88058
0.370598
-0.0532901
-0.929782
0.269203
0.968954
0.121239
-0.421455
0.198711
-1.45603
0.0187331
2.28692
0.0312588
-2.78236
1.93107
-0.427218
-2.36033
0.334239
-0.110769
1.63382
0.00825666
0.036791
-0.0869563
2.4814
-0.215157
1.89326
0.814583
-1.20109
0.372861
0.417847
-1.08475
-0.17527
0.0900736
0.663992
0.378228
-0.015919
-0.0165384
3.39225
-2.75876
2.31822
0.242357
-0.401362
0.712202
-0.278165
0.566549
0.0275697
-0.478673
-0.790265
0.0751887
0.0121854
-0.173643
-0.283769
0.0356103
0.511928
0.635095
0.70293
-0.0727667
-0.215658
0.580279
-0.0040258
0.0725901
-1.69804
0.723539
5.14524
-0.264345
3.45855
-1.16258
-0.309699
-0.0500691
-0.159405
-0.00983071
0.0690667
-0.505757
-1.09968
-0.484802
1.43887
1.21401
-0.327622
-0.971979
1.73809
0.869825
0.0461402
-1.657
0.341782
-1.06965
0.0169701
1.99102
0.0541794
-0.000430055
0.14047
-1.62227
0.588424
0.0203884
-0.365565
-0.548167
-0.00299478
-0.191035
0.350892
-3.95937
-2.09135
-1.15497
-3.05742
0.776206
0.0468182
0.061614
-0.179562
0.0338668
0.0340051
0.0189642
-0.247759
-2.71262
3.19346
-2.8067
0.626805
1.10306
1.18931
-0.524303
0.0813885
0.453847
0.369145
0.0200814
-0.19021
0.371409
-0.437787
0.035783
-2.49886
0.783899
-0.282549
-0.103403
0.0289376
0.349849
-0.00429199
-0.123143
-1.39731
-2.28314
5.29266
0.773082
3.94343
-1.10394
-0.316732
-0.613326
-0.657809
-0.298729
0.00810637
0.931882
-0.432215
0.443395
-0.940438
2.00915
-2.27918
1.34728
4.48862
-0.404042
0.110594
-0.297172
-0.606524
-0.0227557
0.137633
0.903937
-0.671114
1.463
2.91533
-0.0450443
-0.481504
0.0243376
-1.61307
-0.175177
-0.00170204
-0.093897
-1.46532
1.93208
2.44656
3.33059
-1.9833
3.32314
-0.0417902
-0.510483
0.612342
-0.077306
0.0279141
0.135685
-1.63782
-0.0812285
-0.0740254
-1.32463
-0.702382
-1.60029
3.00871
-0.278243
0.0263816
1.9242
-0.0736477
-0.0296796
-0.0615398
-0.693875
0.0892694
-0.0749477
-0.624331
1.3149
1.94992
-0.0302109
-0.340051
0.209313
-0.00154091
0.0735982
0.149018
0.53374
0.558028
-0.861812
4.84888
-3.65816
0.53286
-1.22727
-0.143172
-0.0765509
-0.00273863
-0.0597422
0.461102
-0.026386
0.815392
0.0863762
1.84833
2.15417
-2.68369
-0.0400903
-0.102169
-0.0784937
0.451288
0.0261107
0.109061
-0.803617
0.315289
2.27187
-0.184598
-2.97171
3.71607
0.000738218
0.65117
0.101192
-0.000927103
-0.0167274
0.0328791
0.0875265
-0.674003
-0.269055
-2.36362
2.67694
-0.98149
0.0392565
0.351304
-0.19003
0.00818074
-0.00937082
-0.134934
-0.00647168
-0.0275144
1.02708
0.253053
-2.52936
1.72441
0.0615065
-0.127133
-0.140313
-0.186423
0.0176616
0.0639419
-0.370421
-0.326028
0.246655
0.211396
-1.06539
-0.298148
-2.60897
1.66424
-0.173872
-0.00157114
0.0607258
-0.61812
0.425785
-0.586631
-0.26643
0.620234
0.199664
-0.573845
2.65968
-1.39888
2.57417
0.0219218
-0.246408
-0.387738
0.00345539
-0.192812
0.408464
-0.208727
-0.263791
0.399186
2.96704
-1.81735
-1.17136
-0.596814
0.0161626
0.103254
0.517402
-0.514725
0.27107
0.0787959
0.566937
0.299581
-2.07633
1.09054
0.100399
-0.000817294
0.0579244
-0.190484
0.0805332
-0.196705
0.0894258
0.170062
0.146808
0.00398098
-2.00956
-2.42619
-1.12042
-0.00892254
0.0185143
0.116193
0.0814082
-0.102438
0.18357
0.128493
-0.449741
0.535925
-2.58722
-1.05042
-0.97536
1.51835
0.0120851
0.00801356
0.297205
-0.0504364
0.0714803
-0.378698
0.465922
-0.0944683
0.0236232
-1.42423
0.0696433
2.13928
0.0765335
0.179048
0.202329
-0.41152
-0.227468
-0.000170338
-0.00745576
-0.0690095
-0.0975206
0.531707
0.432356
-2.73938
0.963584
0.288052
-0.0552936
-0.0961709
0.152564
0.00150822
0.0966653
-0.207905
-0.16056
-2.13298
-0.739423
0.213205
0.0232788
-0.116152
0.203814
2.05088
-0.35202
-0.657946
-0.316116
-0.626564
0.0157903
0.216064
-0.936075
-0.00191577
-1.49193
0.459921
0.0378559
-0.541637
-0.102719
0.323974
-0.0592271
0.249701
-0.278789
0.183918
-2.11506
1.92465
0.0142275
0.173345
-0.871989
0.177809
-0.566292
-0.207691
0.0313935
-0.30909
-0.0643485
2.69006
-1.06457
1.47144
2.18829
-0.0853173
-0.0521299
-0.053025
-0.129204
0.0318963
0.11226
0.240198
0.0511377
-0.43049
0.837073
0.114236
-1.15228
3.11199
1.62797
-1.10237
-0.523975
-0.699631
0.0798294
0.690333
-0.0776504
0.557949
-0.685904
1.56884
-1.90645
-1.87204
-2.32898
-0.87218
0.18114
-0.105771
-0.363763
-1.80788
-0.170284
-2.54331
-1.65641
-1.22078
-1.46946
0.00547139
0.300385
-0.370348
0.278053
-0.704883
0.682766
0.26513
-0.000358836
-0.0203783
0.0716655
-0.00226945
-2.63812
-0.92224
2.35258
0.0947336
0.181407
0.323577
0.289627
-0.0168957
0.0485465
-0.100732
0.113918
-0.182194
1.50158
0.879076
-0.559105
-0.153627
-0.0183402
0.0396554
0.186735
-0.477545
-0.00861483
0.0993044
1.90053
-1.708
0.0108012
0.0886001
2.65525
0.749578
1.68269
2.1413
-0.113244
0.230893
0.0187048
0.225421
-0.441236
-0.0014989
0.340092
-2.69575
-2.90357
-2.90051
-1.07907
-1.34683
0.715502
0.385954
0.883579
-0.0207399
0.127373
-0.020755
0.0084845
-1.23979
-2.87255
0.0198288
0.77597
0.738849
-0.690025
-0.172118
0.888905
0.00681357
-0.0264058
-0.679565
1.0303
0.396485
-0.859348
-2.49427
-2.75904
0.546051
0.149591
-1.44127
0.00473757
0.696883
0.265968
-0.0019708
0.191936
0.634405
2.06404
-0.927919
0.166123
-1.27337
-0.598898
-1.14271
0.685025
-0.350807
-0.0721069
0.0369216
-1.32298
0.0629476
-2.56867
2.81017
3.61106
0.516627
-1.03456
0.141824
0.309774
0.0243951
-0.198548
-0.291306
0.0387246
-1.85492
0.365724
-1.12715
0.43356
-0.0609362
-2.65427
-2.75036
0.0044937
-0.078987
0.202123
-0.00394525
0.233442
-0.831156
1.26024
-0.370132
1.13395
-0.0747071
0.0228493
-1.16884
-0.0639105
0.215583
0.12409
0.032162
0.14018
0.734457
1.86028
1.49728
2.4773
-1.73692
-2.99581
-0.0357683
0.136506
-0.0304748
-0.163986
0.49947
0.0344255
-0.227954
-0.766064
0.0393308
0.18944
0.297757
0.77338
-0.098462
-0.0587941
0.196882
0.0803102
-0.00145572
-0.0380109
-1.00986
-0.491578
0.801322
-2.21312
3.22721
1.60103
0.763024
-0.305422
-0.390195
0.167748
0.00429845
-0.175642
-0.583273
0.950503
-0.862212
0.972223
0.997702
-0.452359
-2.67188
0.162538
0.088887
-0.531484
-0.356538
-0.0381518
0.119591
-0.547731
-1.15842
-0.609111
1.72855
-1.983
0.93105
-0.0967543
-1.10663
-1.27481
-0.00115617
-0.232355
-0.849989
-0.934197
2.40185
-1.36417
-2.89176
2.55256
0.041451
-0.672115
-0.627473
-0.258344
0.0526809
-0.191828
-1.75243
0.0597034
-1.34591
-4.19038
2.68175
1.60556
-0.581697
-0.71827
-0.0506793
1.16915
-0.334281
-0.0388293
0.0748454
0.622678
3.4926
0.154778
0.100488
3.40069
-3.28326
0.00345396
0.386263
-0.04569
-5.86324e-05
0.0485678
-0.444827
0.757862
-0.548382
0.473835
-2.86937
0.470812
-1.65778
0.5148
0.164225
-0.0714453
0.00894268
-0.055965
0.387647
0.0394009
0.0238426
-0.482052
0.175894
0.248219
1.631
0.38673
-0.0451972
-0.199447
0.407903
0.0177923
0.0460663
0.00837171
-0.0373213
0.0285081
0.4142
1.50594
2.95464
0.0245132
1.26133
0.0150728
-0.00233199
-0.0663781
0.37048
0.37131
-0.535255
-0.0353466
-0.21126
0.0886939
0.0766347
-0.151034
-1.82734
-0.0211672
-1.86754
0.0306996
0.257487
-0.091894
-0.08447
0.155637
-0.207567
-0.155624
-0.391791
-1.61037
1.81412
0.46639
0.00385046
0.0283767
-0.0773282
0.251081
-0.0603675
-0.229477
-0.391852
-0.160185
0.034204
1.02905
-2.70388
-0.226543
-0.00219172
-0.0334764
-0.459942
0.133742
1.17799
0.0732695
0.109481
0.576617
-0.44782
2.90548
1.61778
-1.22293
1.13848
0.393353
0.282804
0.0320619
0.470559
-1.08442
-0.343871
-0.371988
-0.181793
-2.80051
0.39898
2.42455
0.21299
0.00558298
1.95409
0.151211
0.0283061
-0.0403374
-0.42636
0.268662
0.0781038
0.782368
0.245518
0.065616
-0.00281387
1.18398
0.43213
-0.693055
-0.177473
-0.2166
0.221266
-0.0936921
0.454308
-1.76445
-2.37322
0.0371156
0.0171292
0.131093
0.22211
-0.0759559
-0.28468
0.595767
-0.362937
-0.806125
0.615109
-0.092636
1.91363
-0.72825
-1.94902
-0.0872036
-0.216931
-0.207349
0.122923
-0.403086
-0.47279
-0.448686
-0.392737
0.0254851
0.38021
1.60051
1.53503
-0.341411
2.69334
0.321944
-0.559538
-0.0066834
-0.0968652
-0.0176746
0.125159
-1.53354
-0.0715543
1.40301
2.85347
1.20488
0.232577
-0.139702
-0.152996
0.163037
0.0894999
-0.158192
-0.343516
-0.17538
-0.0829313
0.374572
1.10339
2.19902
0.0196631
-2.63308
-0.0625951
-0.0754461
-0.47659
-0.164736
0.00035729
0.0116556
-0.105723
2.10891
-0.721309
1.76034
0.336631
0.179555
-0.107423
0.149651
0.365641
0.184222
0.0744384
-0.116538
-0.0147577
1.22685
-0.00797265
0.674389
-0.152287
-0.0286666
0.142648
-0.220386
-0.0582742
0.197832
-0.3759
0.076646
-0.168891
-0.0762618
-1.70949
2.84873
-0.242378
-1.41022
0.879744
0.179002
0.000367554
0.0486234
0.152158
-0.0429569
0.0516858
-0.293317
-0.00112538
-0.894013
-0.161338
-1.4412
0.533908
-0.597834
0.58235
-0.0676341
0.0231884
0.0849043
-0.972043
0.250627
-0.862376
-2.26692
2.45538
-1.23021
-0.724749
-0.659221
0.19749
0.199999
1.41631
0.0173631
-0.0352548
0.396699
0.829089
1.84713
0.912683
0.73724
1.27214
0.250646
-2.93552
0.0649036
-0.155479
-0.0130536
-0.992284
-0.531098
-0.000529425
2.38041
-1.96753
0.849
1.82591
0.138011
0.968242
0.990249
-0.145333
-0.340857
0.260047
-0.0761809
0.115856
2.80851
0.690751
-0.936308
-0.545141
-0.333912
2.60294
0.867434
0.172994
-0.256073
-0.193824
0.64845
0.484787
0.464577
-1.08962
0.602245
2.12854
-0.706759
1.12378
0.0100537
0.822711
0.00173367
-0.0527482
0.0739682
-0.00261344
-0.218436
0.395858
-2.25389
-0.494121
0.494681
-0.434002
0.0200714
0.360436
-0.279067
-0.353167
0.217891
-2.39121
-0.513012
0.224244
1.87478
-0.725444
1.31352
-0.522498
-0.61745
-0.312331
-0.524604
0.0311412
0.18058
0.162045
2.90835
0.129625
-2.57831
0.475597
2.15373
-0.0287901
-0.0970491
0.384616
-0.0853533
-0.100486
-0.607846
-0.000434574
-0.153232
-0.511833
0.505498
0.34499
2.65237
0.13342
0.075249
-1.47195
0.037466
0.511134
-0.304174
-1.77008
-0.107961
-2.81498
1.43742
0.567438
-0.206505
-2.76125
-0.372581
1.201
0.851596
-0.20545
0.779743
-0.775539
-0.0140212
0.106041
-0.115044
0.650792
-1.98861
2.77548
2.4698
-0.0258978
-0.0182239
-0.60742
-0.537582
-0.000395475
-0.122997
1.2538
0.660221
-1.07275
0.801276
-1.24991
-0.738207
0.862271
-0.295418
0.152417
0.10164
0.0654636
-0.102938
-0.42988
-0.0835243
-0.126445
-1.28501
0.818883
-1.50574
-0.342841
1.13026
-0.18894
0.388751
0.511207
-0.0215344
0.0197538
-2.69847
3.74716
-2.47805
-0.747562
0.407565
1.05955
0.0497643
-0.283807
0.965494
-0.00194122
0.39422
-0.620422
-1.98793
0.146735
0.25886
1.63602
0.345488
0.362504
-0.270655
-0.738776
0.175524
0.0252193
-0.0106225
-0.762082
-0.0639676
0.985913
0.109525
-2.42649
3.72459
1.99722
-0.202185
0.176335
-1.30216
0.307432
0.0276742
-0.0440356
-1.34919
-0.650894
-1.72434
-1.33853
2.3983
3.73924
0.0292409
0.0704101
0.0354936
0.0386352
-0.16622
0.0622675
-0.238462
0.206642
0.794297
1.73647
0.242439
-0.0251328
0.119516
0.0267106
-0.108316
-0.0705143
0.0808854
0.0068686
-0.0704905
-0.0945277
-0.0574286
0.227135
-0.121911
2.35813
0.0387535
-0.00705759
0.3157
-0.153024
0.0682025
-0.0961103
0.204547
0.0203618
-0.031077
-0.58869
-2.19155
-0.941159
-0.113873
-1.53949
-1.08048
-0.993697
-0.636817
-1.72373
-2.23343
0.20132
0.685414
-2.85315
-2.48751
-0.613352
-0.155963
-1.50689
0.0634209
-0.964479
-0.000532226
-0.965996
-0.722055
-0.102725
4.77164
-7.8709
-0.659825
2.21331
-1.7697
-4.88274
-3.14441
1.78045
-6.44313
8.83334
-2.15724
3.94432
2.35027
1.56735
2.44195
-2.31883
-8.6181
4.2619
-9.24108
9.31209
-2.26212
-0.773492
5.29073
-9.47851
-4.15781
-3.42394
-3.85423
-2.16537
-0.80162
-1.72679
-0.262695
1.37925
-2.18751
-0.564426
0.300587
-0.389938
-0.0841608
-0.343279
-0.117393
-0.409693
-0.364451
-1.55947
-0.99387
-0.711021
-0.337494
0.270777
-0.590212
-0.64297
1.97439
-3.11205
-0.250666
1.10832
-0.0898328
-0.263502
-2.13838
-0.273881
0.938267
-0.28296
-0.273488
-0.542158
2.9224
-0.0112943
-4.3199
0.689092
0.249243
1.99407
-1.7242
-0.222245
-1.47042
-0.417781
-2.42649
1.21128
-6.59653
3.23371
-3.61707
-1.27804
0.0284315
0.0799056
-0.497013
-0.41386
-0.253903
-0.730464
-0.680429
-0.708696
0.972723
1.56
4.10606
0.0599227
0.563634
-1.61931
-0.0994504
-0.160569
-0.439202
-2.98746
-1.82458
-0.917803
-0.68624
-0.103398
-0.381858
-0.311508
-2.15669
-1.44014
-1.31812
1.43966
-2.34152
0.892491
2.62647
-2.34855
-0.214487
-0.467912
-0.167051
-0.570252
-2.63517
-0.570564
-0.721014
-0.665778
-4.7566
1.27666
2.84637
-2.52658
2.4833
1.335
0.0478911
-1.50986
-1.80618
-1.64265
-1.02381
-1.07798
