[0.045016540256995086,
 0.19911816645134195,
 0.24694973052521618,
 0.2598092725608865,
 0.09730798363661108,
 0.10437149801038004,
 -0.413106224442771,
 0.1317441872097902,
 0.8092561570199592,
 0.016854931658526695,
 -0.9494566551279036,
 0.5282880029440093,
 -0.35240967087520403,
 -0.20576484217881585,
 -0.03045383016882397,
 -0.5772091670439181,
 0.15247484565068703,
 0.06569854030612987,
 -0.02051712407285322,
 0.06493262669863498,
 -0.14043849991170987,
 -0.12455620070724649,
 -1.0966980486411728,
 0.048588978991517706,
 1.193480956877636,
 0.11264323481722727,
 0.15056519841209592,
 1.342684577413877,
 0.05595690435242773,
 -0.003204828272373561,
 -0.2180256192512786,
 -0.023537140715802707,
 0.21169800855540188,
 -0.18089434726130094,
 0.735104258973589,
 -0.036207837759690165,
 -0.045364357779849485,
 0.17086809313025242,
 0.09372958851275826,
 0.08626492052786716,
 -0.32095095783719785,
 -0.4105966713738667,
 1.841214386392835,
 -0.09602204088629662,
 0.342654908121915,
 -0.20351290250783904,
 0.33611674249857515,
 0.06333154595293422,
 0.14216614074970124,
 -0.7291562664713638,
 -0.4805794822318177,
 0.0919539517247756,
 0.8064051246683874,
 0.1436073192870282,
 0.20589234770119447,
 -0.18511748868627365,
 0.17268263178482357,
 -0.04969873490756527,
 -0.10151037498684445,
 -0.2163299426841263,
 -0.04175255084004448,
 -0.0450527998988548,
 -0.10302775823979005,
 -0.07458892424102714,
 0.4971089715279362,
 -0.012044265137745924,
 0.15437548803329548,
 0.2341697485902614,
 0.026147962852036244,
 -0.07981318230602596,
 -0.004001617424592041,
 -0.010085565446757982,
 0.11086941392650829,
 1.3962819161880162,
 0.1391852483855871,
 -0.08101647592633299,
 0.015863860766273774,
 -0.1672326962549846,
 0.9941542412296656,
 0.49556344133497987,
 -0.6344418148508879,
 4.125862300905155,
 0.2486846736706525,
 -0.13779092320154973,
 0.2964363148338407,
 -0.06297468803882111,
 -0.20839872447999142,
 0.2034354281504136,
 0.0015231726760802644,
 0.03744959408049908,
 -1.621230403477881,
 -1.4807085521284051,
 -0.09005579083265047,
 0.09035040153065665,
 0.16786687107323672,
 0.5416444394130622,
 -1.957022905345129,
 -0.12723443624074093,
 0.10752900551545963,
 -0.9229504370629655,
 0.04652305898241593,
 -5.42358026592613,
 0.2898251549578106,
 0.022460448912291042,
 -0.0746112804274901,
 0.13229280219832162,
 0.1135282801872961,
 -0.4064109832845304,
 -0.024813573777805686,
 -1.6351136352699314,
 0.009970615334225386,
 -0.6134766924536734,
 0.44343558454977483,
 -0.08738245830164715,
 0.04203423392613104,
 -0.19360407824780168,
 0.04572868374788186,
 0.11992033209745756,
 -0.07949329828022655,
 -0.007611173565578611,
 0.925553691922147,
 -0.37882844347586087,
 -0.256741005345301,
 0.4506752048529137,
 -0.11264900750407492,
 0.5634263590962973,
 0.06554467031029176,
 0.0894183707005709,
 0.2780195390442728,
 -0.24429037958958588,
 0.004608840220271304,
 -0.12991015379725468,
 -0.5039396088879471,
 -0.04410058240966919,
 1.3465474434857185,
 -1.452650939370642,
 -0.029396838634454525,
 -0.09191207715502969,
 0.1186293496655253,
 0.10547747764530868,
 0.502089544818233,
 -0.16146131836710964,
 -2.2620287921245676,
 -0.4326267209725785]
