[-2.0770721220900725,
 -0.18001360034163838,
 -1.2581427281335493,
 0.06735796054204002,
 0.8714961042931577,
 -1.1441535104766913,
 0.8989027369253222,
 0.04583267889509557,
 0.09783866952463427,
 1.6318176416884427,
 0.10805918476380327,
 -0.2206004866161635,
 -0.9796076881284534,
 -0.5616715635288756,
 0.1095345141849009,
 -0.2776822879230565,
 0.11458574392264609,
 -1.3300737205967437,
 -0.5100815274502324,
 -1.697017605001804,
 -2.21188611414604,
 -0.40820438687106275,
 1.8594529819054912,
 -0.28300876463272573,
 0.7337952983088485,
 0.8212697190905658,
 0.35235244822621326,
 0.7181643889635438,
 -0.09503098655153508,
 0.16441123611080322,
 0.3830134824901421,
 1.0466538234625915,
 0.5202874968920526,
 -1.9206141387780917,
 0.08776862257502671,
 0.6121047552954906,
 0.5734352072505544,
 -0.20065593015220884,
 -0.16369870271802256,
 -0.03137165510344175,
 -0.28539477175468164,
 -0.486957833863638,
 0.27541262019249046,
 0.10316776796878457,
 -0.18456630101348992,
 0.2755720415318592,
 2.4640302074946305,
 0.37004376086491675,
 0.1311675819192999,
 0.07909380579030767,
 0.10011508340619457,
 -0.6130573290419932,
 -0.08764592617217204,
 0.12762932966421658,
 -2.6116782914742487,
 0.2596594299814967,
 -1.1236639711141265,
 0.05206474346402956,
 -1.3227353423706631,
 -0.2609790870318136,
 -0.09335140681037046,
 1.1681680138037223,
 -1.0210087290430643,
 -0.029359848660305943,
 -0.252827488408343,
 -0.29784399744284684,
 -1.4601873443454565,
 1.1108697520649002,
 -0.8366205433433151,
 0.16322988577121578,
 0.07705648058833958,
 -3.6364622513894176,
 0.15458074638002017,
 0.3804264846357057,
 1.056906481251076,
 -1.4412834391053764,
 0.05784831420970704,
 0.004879969630110281,
 0.08188454882798624,
 -0.3211961031104522,
 0.21997802731796412,
 -0.19589667983345294,
 -0.4582924551474754,
 -1.1701287220013512,
 0.688804205853117,
 1.9631689719064411,
 -0.5166198324537561,
 -0.10768141607101711,
 0.19843167118628458,
 -0.055565117375557804,
 0.3575134245934066,
 0.14158598126843458,
 0.013505100730185404,
 -0.5235147744158439,
 0.6200643114593731,
 1.1049892426503902,
 -0.39771626144669625,
 1.2873909475075607,
 1.062534797283888,
 -1.5841073125865677,
 0.34377590025280824,
 0.043166680665422064,
 -0.16113791720616177,
 -0.46860793721322835,
 0.13011539417078666,
 -1.606059065767198,
 0.4832373197116908,
 0.08665278251299924,
 0.16715810867586356,
 0.936500996859877,
 0.7347823114232028,
 0.09533830283342581,
 0.1788613250452613,
 -0.404166234109681,
 0.2221697416223236,
 0.022628999177982223,
 0.23584270498457727,
 -1.2843334223391025,
 0.6168382381202377,
 0.10554395239807945]
