[293, 9, 9, 4]
0.0
0.0
0.0
0.0
0.0
0.0
0.0
0.0
0.0
0.0
0.0
0.0
0.0
0.0
0.0
0.0
0.0
0.0
0.0
0.0
0.0
0.0
0.0
0.0
0.0
0.0
0.0
0.0
0.0
0.0
0.0
0.0
0.0
0.0
0.0
0.0
0.0
-1.57351
0.0
0.0
0.0
0.0
0.0
0.0
0.0
0.0
0.0
0.0
0.0
-0.231908
0.0
0.0
0.0
0.0
4.58032
2.74789
1.61821
-3.0027
-0.221554
-0.278446
0.801137
-2.69191
1.80545
0.0
0.0
0.0
0.0
0.0
0.0
-0.124016
0.0
0.0
0.84257
1.03108
5.282
4.12589
0.503484
-1.07797
1.05983
-2.02861
0.651267
0.0
0.0
0.0
0.0
0.0
0.0
0.0
0.0
0.0
0.96301
1.16694
4.87414
1.84522
0.612094
-1.0286
0.998495
-1.98062
0.317857
0.0
0.0
0.0
0.0
0.0
0.0
0.0
0.0
-1.67669
0.0
0.0
0.0
0.0
0.0
0.227364
0.0
0.0
0.0
0.238848
0.0
0.0
0.0
0.0
0.0
0.0
0.0
0.0
0.0
0.0
0.0
0.330209
0.0
0.0
0.0
0.0
0.0
0.0
0.0
0.0
0.0
0.0
0.0
0.0
0.0
0.0
0.0
0.0
0.0
0.0
0.0
0.0
0.0
0.0
0.0
-0.479849
0.0
0.0
0.326378
0.0
0.0
0.0
0.0
0.0
0.0
0.0
-1.09743
0.0
0.0
0.0
0.0
0.0
0.0
0.0
0.0
0.0
0.0
0.0
0.0134538
0.0
0.0
0.0
-0.375613
-0.517417
0.0
0.0
0.0
0.0
0.0
0.0
0.0
-0.815142
2.6473
1.9107
-3.3304
0.522127
-0.32861
0.72362
-2.47238
1.65254
0.0
0.0
0.0
0.0
0.0
0.0
0.0
0.0
-0.145735
0.0
0.0
0.0
0.0
0.332938
0.0
0.0
0.0
0.0
0.0
-0.397971
0.0
0.0
0.0
0.0
0.0
0.0
0.0
0.0
0.0
0.0
0.0
0.0
0.0
0.0
0.0
0.0
0.0
0.0
0.0
0.0
0.0
0.0
0.0
0.0
0.0
0.0
0.0
0.0
0.0
0.0
0.0
0.0
0.0
0.0
0.0
0.0
0.0
0.0
0.0
0.0644037
0.0
0.0
0.0
-0.0198473
1.36224
4.64278
1.71179
0.662558
-1.00099
1.01753
-1.90041
0.275929
0.0
0.0
0.0
0.0
0.0
0.0
0.0
0.0
0.0
0.0
0.0
0.0
0.0
0.0
0.0
0.0
0.0
0.0
0.0
0.0
0.0
0.0
0.0
0.0
0.0
0.0
0.0
0.0
0.0
0.0
0.155969
0.0
0.0
0.0
0.0
0.0
0.0
0.0
0.0
0.0
0.0
0.0
0.0
0.0
0.0
0.0
0.0
0.0
0.0
0.0
0.0
0.0
0.0
-0.0823431
-1.07264
2.8271
1.61879
-3.24258
-0.114848
-0.254707
0.720774
-2.34159
1.88765
0.0
0.0
0.0
0.0
0.0
0.0
0.0
0.0
0.0
0.0
0.0
0.0
0.0
0.0
0.0
0.0
0.734811
0.0
0.0
0.0
0.0
0.0
0.0
0.0
0.0238107
1.34182
0.0
0.0
0.0
0.0
0.0
0.0
0.0
0.0
0.0
0.0
0.0
0.0
0.0
0.0
0.0
0.0
0.0
0.0
0.0
0.0
0.0
0.0
0.0
0.0
-1.51546
0.0
0.0
0.0
0.0
0.0
0.0
0.0
-1.17388
0.0
0.0
0.0
0.0
0.0
0.0
0.0
0.0
0.0
0.0
0.0
0.0
0.0
0.0
0.0
0.0
0.0
0.0
0.0
0.0
0.0
0.0
0.0
0.0
0.0
0.0
0.0
0.0
0.0
-1.19949
0.0
0.0
0.0
0.0
0.0
0.362761
0.0
0.0
0.0
0.0
1.71258
1.25386
4.7267
2.67272
0.665314
-1.02429
0.983092
-1.86374
0.0346784
0.0
-0.683745
0.0
0.0
0.0
0.0
0.0
0.0
0.0
0.0
0.0
0.0
0.0
0.0
0.0
0.0
0.0
0.0
0.0
0.0
0.0
0.0
0.0
0.0
0.0
0.0
0.0
0.0
0.0
0.0
0.415528
0.0
0.0
0.0
0.0
0.0
0.0
0.0
0.0
0.0
0.0
0.0
0.0
0.0
0.0
0.0
0.0
0.0
0.0
0.0
-0.428909
0.0
0.0
0.0
0.0
0.0
0.170946
0.0
0.0
0.0
0.0
0.0
0.0
0.0
0.0
0.0
0.0
0.0
0.0
0.0
0.0
0.0
0.0
0.0
0.0
0.0
0.0
0.0
0.0
0.0
0.0
0.0
0.0
0.0
0.0
0.0
0.0
0.0
0.0
0.0
0.0
0.0
0.0
0.0
0.0
0.0
0.0
0.0
0.0
0.0
0.0
0.0
0.0
0.0
0.0
0.0
0.0
0.0
0.0
0.0
0.0
0.0
0.0
0.0
0.0
0.0
0.0
0.0
0.0
0.0
0.0
0.0
0.0
0.0
0.0
0.0
0.0
0.0
0.0
0.0
0.0
0.0
0.0
0.0
0.0
0.0
0.0
0.0
0.0
0.0
0.0
0.0
0.0
0.0
0.0
0.0
0.0
0.0
0.0
0.0
0.0
0.0
0.0
0.0
0.0
0.0
0.0
0.0
0.0
0.0
0.0
0.0
0.0
0.0
0.0
0.0
0.0
0.0
0.0
0.0
0.0
0.0
0.0
0.0
0.0
0.0
0.0
0.0
0.0
0.0
-1.39219
2.69977
1.71721
-3.19891
0.0386125
-0.277738
0.721784
-2.20555
1.98108
0.0
0.0
0.0
0.0
0.0
0.0
0.0
0.0
0.0
0.0
0.0
0.0
0.0
0.0
0.0
0.0
0.0
0.0
0.0
0.0
0.0
0.0
0.0
0.0
0.0
0.0
0.0
0.0
0.0
0.0
0.0
0.0
0.0
0.0
0.0
0.0
0.0
0.0
0.0
0.0
0.0
0.0
0.0
0.0
0.0
0.0
0.0
0.0
0.0
0.0
0.0
0.0
0.0
1.03017
0.0
0.0
0.0
0.0
0.0
0.0
0.0
0.0
0.0
0.0
0.0
0.0
0.0
0.0
0.0
0.0
0.0
0.0
0.0
0.0
0.0
0.0
0.0
0.0
1.13119
0.0
0.0
0.0
0.0
0.0
-0.983932
0.0
0.504262
0.0
0.0
0.0
0.0
0.0
0.0
0.0
-0.816711
0.0
0.0
0.0
0.0
-1.39322
0.0
0.0
0.0
0.0
0.0
0.0
0.0
0.0
0.0
0.0
0.0
0.0
0.0
0.0
0.0
0.0
0.0
2.51731
1.34164
4.64653
2.28378
0.184113
-1.01161
0.962601
-1.7995
-0.113926
0.0
0.0
0.0
0.0
0.0
0.0
0.0
0.0
0.0
0.0
0.0
0.0
0.0
0.0
-0.511146
0.0
0.0
0.0
0.0
0.0
0.0
0.0
0.0
0.0
0.0
0.0
0.106979
0.0
0.0
0.0
0.0
0.0
0.0
0.0
0.0
0.0
0.0
0.0
0.0
0.0
0.0
0.0
0.0
0.0
0.0
0.0
0.0
0.0
0.0
0.0
0.0
0.0
0.0
0.0
0.0
0.0
0.0
0.0
0.0
0.0
0.0
0.0
0.0
0.0
0.0
0.0
0.0
0.0
0.0
0.0
0.0
0.0
0.0
0.0
0.0
0.0
0.0
0.44024
0.0
0.0
0.0
0.0
0.0
0.0
0.0
0.0
0.0
0.0
0.0
0.0
0.0
0.0
0.0
0.0
0.0
0.0
0.0
0.0
0.0
0.0
0.0
0.0
0.0
0.0
0.0
0.0
0.0
0.0
0.0
0.0
0.0
0.0
0.0
0.0
0.0
0.0
0.0
0.0
0.0
0.0
0.0
0.0
0.0
0.0
0.0
0.0
0.0
0.0
-0.987273
0.0
0.0
0.0
0.0
0.0
0.0
0.0
0.0
0.0
0.0
0.0
0.0
0.0
0.0
0.0
0.0
0.0
0.0
0.0
0.0
0.0
0.0
0.0
0.0
0.0
0.221082
0.0
0.0
0.0
0.0
0.0
0.0
0.0
-1.48887
2.76589
1.63586
-3.11807
1.60268
-0.255613
0.722689
-2.04535
2.16165
0.0
0.0
0.0
0.0
0.0204383
0.0
0.0
-0.751173
0.0
0.0
0.0
0.0
0.0
0.0
0.0
0.0
0.0
0.0
0.0
0.0
0.0
0.0
0.0
0.0
0.0
0.0
0.910548
0.0
1.20646
0.0
0.0
0.0
0.0
0.0
0.0
0.0
0.0
0.0
0.0
0.0
0.0
0.0
-1.63049
0.0
0.0
0.0
0.0
0.0
0.0
0.0
0.0
0.0
0.0
0.0
0.0
0.0
0.0
0.0
0.0
0.0
0.0
0.0
0.0
0.0
0.0
0.0
1.44164
0.0
0.0
0.0
2.16557
0.0
0.0
0.0
0.0
0.0
0.0
0.0
0.0
0.0
0.0
0.0
0.0
0.0
0.0
0.0
0.0
0.0
0.0
0.0
0.0
0.0
0.0
-2.24936
0.0
0.0
0.0
0.0
0.0
0.0
0.0
1.55801
0.0
0.0
0.0
0.0
0.0
0.0
0.0
0.0
2.19912
0.0
0.0
0.0
0.0
-0.201056
0.0
0.0
0.0
0.0
0.0
0.0
0.0
0.0
0.0
0.39097
0.0
0.0
0.0
0.0
0.0
0.0
0.0
0.0
0.0
1.242
1.41536
4.42493
2.16632
-0.322503
-0.980217
0.935868
-1.75178
-0.319153
0.0
0.0
0.0
0.0524016
0.0
0.0
0.0
0.0
0.0
0.0
0.0
0.0
-0.490831
0.0
0.0
0.0
0.0
0.0
0.0
0.0
-0.0891771
0.0
0.0
0.0
0.0
0.0
0.0
0.0
0.0
0.0
0.0
0.0
0.0
0.0
0.0
0.0
0.0
0.0
0.0
0.0
0.0
0.0
0.0
0.0
0.0
0.0
0.0
0.0
0.0
0.0
0.0
0.0
0.0
0.0
0.0
0.0
0.0
0.0
0.0
0.776578
0.0
0.0
0.0
0.0
0.0
0.0
0.0
0.0
0.0
0.0
0.0
0.0
0.0
0.0
0.0
0.0
0.0
0.0
0.0
0.0
0.0
0.0
0.0
0.0
0.0
0.0
0.0
0.0
0.0
0.0
0.0
0.0
0.0
0.0
0.0
0.0
0.0
0.0
0.0
0.0
0.0
0.0
-0.470593
0.0
0.0
0.0
1.55807
0.0
0.0
0.0
0.0
0.0
0.0
0.0
0.0
0.0
0.0
0.0
0.0
0.0
0.0
0.0
0.0
0.0
0.0
0.0
0.0
0.0
0.0
0.0
0.0
0.0
0.0
0.0
0.0
0.0
0.0
0.0
0.0
0.0
0.0
0.0
0.0
0.0
0.0
0.0
0.0
0.958307
0.0
0.0
0.0
0.0
0.0
1.23064
5.1294
-0.0481468
-0.961997
-0.241655
0.138687
0.785656
1.66786
3.54251
0.0
0.0
0.0
0.0
0.0
0.0
0.0
0.0
0.0
0.0
1.11757
0.0
0.0
0.0
0.0
0.0
0.0
0.0
0.0
0.0
0.0
0.0
0.0
0.0
0.0
0.0
0.0
0.0
0.0
0.0
0.0
0.0
0.0
0.0
0.0
0.0
0.0
0.0
0.0
0.0
0.0
0.0
0.0
0.0
0.0
0.0
0.0
0.0
0.0
1.92494
0.0
0.0
0.0
0.0
0.0
0.0
0.0
0.0
0.0
0.0
0.0
0.0
0.0
0.0
0.0
0.0
0.0
0.0
0.0
0.0
0.0
0.0
0.0
0.0
0.0
0.0
0.0
0.0
0.0
0.0
0.0
0.0
0.0
0.0
0.0
0.0
0.0
0.0
0.0
0.0
0.0
0.0
0.0
0.0
0.0
0.0
0.0
0.0
0.0
0.0
0.0
0.0
0.0
0.0
0.0
0.0
0.0
0.0
0.0
0.0
-0.0456217
0.0
0.0
0.0
0.0
0.0
0.0
0.0
0.0
0.0
0.0
0.0
0.0
0.0
0.0
0.0
0.0
-0.660599
0.0
0.0
0.0
0.0
0.0
0.0
0.0
1.97854
1.83609
3.37502
-0.0912271
-0.3463
-0.794255
0.766227
-1.50249
-3.04562
0.0
0.0
0.0
0.0
0.0
0.0
-0.15072
0.0
0.0
0.0
0.0
0.0
0.0
0.0
0.0
0.0
0.0
0.0
0.0
0.0
0.0
0.0
0.0
0.0
0.0
0.0
0.0
-1.30798
0.0
0.0
0.0
-0.133417
0.0
0.0
0.0
0.0
0.0
0.0
0.0
0.0
0.0
0.0
0.0
0.0
0.0
0.0
0.0
0.0
0.0
0.0
0.0
0.0
0.0
0.0
0.0
0.0
0.0
0.0
0.0
0.0
0.0
0.0
0.0
0.0
0.0
0.0
0.0
0.0
0.0
0.0
0.0
0.0
0.0214491
0.0
0.0
-0.0807811
0.0
0.0
0.0
0.0
0.0
0.0
0.0
0.0
0.0
0.0
0.0
0.0
0.0
0.0
0.0
0.0
0.0
0.0
0.0
0.0
0.0
0.0
0.0
0.0
0.0
0.0
0.0
0.0
0.0
0.0
0.0
0.0
0.0
0.0
0.0
0.0
0.0
0.0
0.0
0.0
0.0
0.0
0.0
0.0
0.0
0.0
0.0
0.0
0.0
0.0
0.0
0.0
0.0
0.0
0.0
0.0
0.0
0.0
0.0
0.0
0.0
0.0
0.0
0.0
0.0
0.0
0.0
0.0
0.0
0.0
0.0
0.0
0.31456
0.0
0.0
0.0
0.0
-0.036676
4.90643
0.0351417
-0.72788
0.502546
0.1237
0.586729
1.40077
2.82596
-2.60535
0.0
0.0
0.0
0.0
0.0
0.0
0.0
0.0
0.0
0.0
0.0
0.0
0.0
0.0
0.0
0.0
0.0
0.0
1.06712
0.0
0.0
0.0
0.0
0.140009
0.0
0.0
0.0
0.0
0.0
0.0
0.0
0.944421
0.0
0.0
0.0
0.0
0.0
0.0
-1.0144
0.0
0.0
0.0
0.0
0.0
0.0
0.0
0.0
0.0
0.0
0.0
0.0
0.0
0.0
0.0
0.0
0.0
0.0
0.0
0.0
0.0
0.0
0.0
0.0
0.0
0.0
0.0
0.0
0.544558
0.0
0.0
0.0
0.0
0.0
0.0
0.0
0.0
0.0
0.0
0.0
0.0
0.0
0.0
0.0
0.0
0.0
0.0
0.0
0.0
0.0
0.0
0.0
0.0
0.0
0.0
0.0
0.0
-1.81838
0.0
0.0
0.0
1.86584
0.0
0.0
0.0
0.0
0.0
0.0
0.0
0.0
0.0
0.0
0.0
0.0
0.0
0.0
0.0
0.0
0.0
0.0
0.0
0.0
0.0
0.0
0.0
0.0
0.0
0.0
0.0
0.0
0.0
0.0
0.0
0.0
-1.56556
1.01566
2.56341
0.620117
-0.826628
0.427288
-0.0828057
0.357344
-1.47349
-2.55598
-0.322345
0.0
0.0
0.0
0.0
0.0
0.0
0.0
-0.435393
0.0
0.0
0.0
0.0
0.0
0.0
0.0
-0.297982
0.0
0.0
0.0
0.0
0.0
0.0
0.0
0.0
-1.26947
0.0
0.0
0.019081
0.0
0.0
0.0
0.0
0.0
0.0
0.0
0.0
0.0
0.0
0.0
0.0
0.0
0.0
0.0
0.0
0.0
0.0
0.0
0.0
0.0
0.0
0.0
0.0
0.0
0.0
0.0
0.0
0.0
0.0
0.0
0.0
0.0
0.0
-0.987412
0.0
0.0
0.0
0.0
0.0
0.0
0.0
0.0
0.0
0.0
0.0
0.0
-0.856939
0.0
0.0
0.0
0.0
0.0
0.0
0.0
0.0
0.0
0.0
0.0
0.0
0.0
0.0
0.0
0.0
0.0
0.0
1.1076
0.0
0.0
0.0
0.0
0.0
0.0
0.0
0.0
0.0
0.0
0.0
0.0
0.0
0.0
0.0
0.0
0.0
0.0
0.0
0.0
0.0
0.0
0.0
0.0
0.0
0.0
0.0
0.0
0.0
0.0
0.0
0.0
0.0
0.0
0.0
0.0
0.0
0.0
0.0
0.0
0.0
0.0
0.0
0.0
0.0
-0.545705
0.0
0.0
0.0
0.0
0.0
0.0
0.0
0.0
0.0
0.0
0.0
0.0
0.0
0.0
0.0
0.0
0.0
0.0
0.0
0.0
-0.171436
4.66842
0.0303659
-0.823098
-0.473899
0.126565
0.52964
1.16999
2.62957
0.0
0.0
0.0
0.0
0.0
0.23547
0.0
0.0
0.0
-0.0444172
-1.72616
0.0
0.0
0.0
0.0
0.0
0.0
0.0
0.0
0.0
0.0
0.0
0.0
0.0
0.0
0.0
0.0
0.0
0.0
0.0
0.0
0.0
0.0
0.0
0.0
0.0
0.0
0.0
0.0
0.0
0.0
0.0
0.0
0.0
0.0
0.0
0.0
0.0
0.0
0.0
0.0
0.0
0.0
-0.164101
0.0
0.0
0.0
0.0
0.0
0.0
0.0
0.0
0.0
0.0
-1.3526
0.0
0.0
0.0
0.0
0.0
0.0
0.0
0.0
0.0
0.0
0.0
0.0
0.0
0.0
0.0
0.0
0.0
0.0
0.0
0.0
0.0
0.0
1.06698
0.0
0.0
0.0
0.0
0.0
0.0
0.0
0.0
0.0
0.0
-0.11908
0.0
0.0
0.0
0.0
0.0
0.0
0.0
0.0
0.0
0.0
0.0
0.0
0.0
0.0
0.0
-0.516223
0.0
0.0
1.35264
2.73475
0.258663
-0.148362
0.911366
0.0369938
0.247712
-1.22843
-2.66241
0.0
0.0
0.0
0.0
0.0
0.0
0.0
0.0
0.0
0.0
0.0
0.0
0.0
0.0
0.0
0.0
0.0
0.0
0.0
0.0
0.0
0.0
0.0
0.0
0.0
0.0
0.0
0.0
0.0
0.0
0.0
0.0
0.0
0.0
0.0
0.0
0.0
0.0
0.0
0.0
0.0
0.0
0.0
0.0
0.0
0.0
0.0
0.0
0.0
0.0
0.0
0.0
0.0
0.0
0.0
0.0
0.0
0.0
0.0
0.0
-0.613399
0.0
0.0
0.0
0.0
0.0
0.0
0.0
0.0
0.0
0.0
0.0
0.0
0.0
0.0
0.0
0.0
0.0
0.0
0.0
0.0
0.0
0.0
0.0
0.0
0.0
0.0
0.0
0.0
0.0
0.0
0.0
0.0
0.0
0.0
0.0
0.248205
0.0
0.0
0.0
0.0
0.0
0.0
0.0
0.0
0.0
0.0
0.0
0.0
0.0
0.0
0.0
0.0
0.0
0.0
0.0
-1.02175
0.0
0.0
0.0
0.0
0.0
0.0
0.0
0.0
-0.359916
0.0
0.0
0.0
0.0
0.0
0.0
0.0
0.0
0.0
0.0
0.0
0.0
0.0
0.0
0.0
0.0
0.0
0.0
0.0
0.0
0.0
0.0
0.0
0.0
0.0
0.0
0.0
0.0
0.0
0.0
0.0
0.0
0.0
0.0
0.0
0.0
0.0
0.0
0.0
0.0
0.0
0.0
0.0
0.0
0.0
0.0
0.0
0.0
0.0
0.0
0.0
0.0
0.0
0.0
-0.282932
4.54639
0.0738927
-0.808353
1.08342
0.113102
0.502425
1.09192
2.4867
0.0
0.0
0.125099
0.0
0.0
0.0
0.0
0.0
0.0
0.0
0.0
0.0
0.0
0.0
0.0
0.0
0.0
0.0
-0.673647
0.0
0.0
0.0
0.0
0.0
0.0
0.0
0.0
0.0
0.0
0.0
0.0
0.0
0.0
0.0
0.0
0.0
0.0
0.0
0.0
0.0
0.0
0.0
0.0
0.0
0.0
0.0
0.0
-0.284243
0.0
0.0
0.0
0.700175
0.0
0.0
0.0
0.0
0.0
0.0
-2.05174
0.0
0.0
0.0
0.0
0.0
0.0
0.0
0.0
0.0
0.0
0.0
-0.123814
0.0
0.0
0.0
0.0
0.0
0.0
0.0
0.0
0.0
0.0
0.0
0.0
0.53411
0.0
0.0
0.0
0.0
0.0
0.0
0.0
0.0
0.0
0.0
0.0
0.0
0.249518
0.0
0.0
-4.60077
3.87109
-2.04189
0.158028
-0.595714
0.560417
0.356584
3.57758
-4.16653
0.0
0.0
0.0
0.0
0.0
0.0
0.0
0.220998
0.0
0.0
0.0
0.0
0.0
0.0
0.0
0.0
0.0
0.0
0.0
0.0
0.0
0.0
0.0
0.0
0.0
0.0
0.0
0.0
0.0
0.0
0.0
0.0
0.0
0.0
0.0
0.0
0.0
0.0
0.0
0.0
0.0
2.30769
0.0
0.0
0.0
0.0
0.0
0.0
0.0
0.0
0.0
0.0
0.0
0.0
-0.403328
4.44871
0.0913483
-0.842656
-1.47773
0.109293
0.467313
0.956566
2.33679
0.0
0.0
0.0
0.0
0.0
0.0
0.0
0.0
0.0
0.0
0.0
0.0
0.0
0.0
0.0
0.0
0.0
0.0
0.0
0.0
0.0
0.0
0.0
0.0
0.0
0.0
0.0
0.0
0.0
0.0
0.0
0.0
0.0
0.0
0.0
0.0
0.0
0.0
0.0
0.0
0.0
0.0
0.0
0.0
0.0
0.0
0.0
0.0
0.0
0.0
0.0
0.0
0.0
0.0
0.0
0.0
0.0
0.0
0.0
0.0
0.0
0.0
0.0
2.74189
3.6656
0.29194
-1.20846
-0.676747
0.0530136
0.223402
0.0190067
0.728549
0.0
0.0
0.0
0.0
0.0
0.0
0.0
0.0
0.0
0.0
0.0
0.0
0.0
0.0
0.0
0.0
0.0
0.0
0.0
0.0
0.0
0.0
0.0
0.0
0.0
0.0
0.0
0.0
0.0
0.0
0.0
0.0
0.0
0.0
0.0
0.0
0.0
0.0
0.0
0.0
0.0
0.0
0.0
0.0
0.0
0.0
0.0
0.0
0.0
0.0
0.0
0.0
0.0
0.0
0.0
0.0
0.0
0.0
0.0
0.0
0.0
0.0
0.0
0.0
0.0
0.94692
0.0
0.0
0.0
0.0
0.0
0.0
0.0
0.0
0.0
0.0
0.0
0.0
0.423855
0.0
-0.484671
0.0
0.0
0.0
0.0
0.0
0.0
0.0
0.0
0.0
-0.230605
4.37647
0.113006
-0.821967
-0.314894
0.102394
0.441864
0.931575
2.21629
0.0
0.0
0.0
0.0
0.0
0.0
0.0
0.0
0.0
0.428513
4.21329
0.120294
-0.839156
0.755986
0.0993558
0.369152
0.81692
1.89099
0.0
0.0
0.0
0.0
0.0
0.0
0.0
-0.77526
0.0
1.1211
3.86411
0.203718
-1.04168
-0.341707
0.0764534
0.272154
0.353765
1.2652
0.0
0.0
0.0
0.0
0.0
0.0
0.0
0.0
0.0
0.0
0.0
1.75416
0.0
0.0
0.0
0.0
0.0
0.0
0.0
0.0
0.0
0.0
0.0
0.0
0.0
0.0
0.0
0.0
0.0
0.0279096
0.0
0.0
0.0
0.0
0.0
0.0
0.0
0.0
0.0
0.0
0.0
0.0
0.0
0.0
0.0
0.0
0.0
0.0
0.0
0.0821419
0.0
0.0
0.0
0.0
1.6206
2.42416
0.169617
2.26861
2.16978
0.220804
2.83839
2.67223
-4.23201
-0.526606
-2.01999
-1.01794
-2.38352
0.802941
-0.0594397
-4.80593
-4.52494
6.37606
-4.90061
-0.193814
3.17289
-1.43213
-0.0664411
-0.374183
-4.88891
-3.27561
0.448008
0.296951
4.92037
9.23446
5.13884
0.186145
-0.594763
0.73382
0.788271
2.31923
0.279555
0.405151
-0.866685
-0.113712
2.97288
0.166639
-1.96488
-1.85392
2.14276
-1.54506
1.2274
-3.04232
2.32565
0.852968
0.659317
0.804758
-0.704779
-0.518213
-0.754092
2.62889
-3.55827
1.60469
1.04699
-0.0998886
-1.0594
3.67401
-1.65648
2.55601
-5.11029
0.703158
-4.74254
-1.49375
0.787275
-0.851576
-1.06293
-0.737372
4.98552
1.0263
-1.31713
1.87723
3.02058
0.366941
-0.339802
-0.141671
0.624875
0.0934865
0.900123
2.77131
-1.79668
3.48095
-3.08835
-1.00951
-2.5457
4.6954
-1.31321
-1.24938
4.4495
6.19098
1.076
3.41951
-2.05518
6.31773
-4.16757
0.895634
0.131398
-0.797748
1.73776
-0.656399
0.905699
3.1121
-3.06132
-0.099896
-0.0316307
-5.26402
3.34746
-5.26083
0.0282325
-0.977625
1.01969
-1.12263
-1.07395
2.54028
-2.03624
-0.864723
-1.13256
0.497794
0.297802
-2.71789
-4.70948
-1.52023
0.204839
0.207978
-1.12701
3.46871
2.12013
1.39384
-1.23511
2.71189
-2.31176
-6.05914
-2.97462
-3.32432
-4.53852
-11.6774
6.47241
-11.2537
-10.8525
6.75938
-12.2145
-2.25739
-11.5855
-4.50736
5.08785
-3.81981
8.01099
-5.14747
-0.285558
3.00629
-5.86895
11.9279
-10.4138
-17.7533
16.1567
-3.49103
-9.54433
-3.37556
-5.07029
1.59142
-5.43675
2.31889
-8.40042
7.89534
6.37113
9.04595
4.73555
-5.13586
-2.68168
3.31908
-4.86228
