[229, 49, 49, 4]
0.0
0.0
0.0
0.0
0.0
0.0
0.0
0.0
0.0
0.0
0.0
0.0
0.0
0.0
0.0
0.0
0.0
0.0
0.0
0.0
0.0
0.0
0.0
0.0
0.0
0.0
0.0
0.0
0.0
0.0
0.0
0.0
0.0
0.0
0.0
0.0
0.0
0.0
0.0
0.0
0.0
0.0
0.0
0.0
0.0
0.0
0.0
0.0
0.0
0.0
0.0
0.0
0.436839
0.0
0.0
0.0
0.0
0.0
0.399453
0.0
0.0
0.0
0.0
0.0
0.0
0.0
0.0
0.0
-0.539304
0.0
0.0
0.0
0.0
0.0
0.0
0.0
0.0
0.0
0.0
0.0
0.0
0.0
0.0
0.0
0.0
0.0
0.0
0.0
0.0
0.0
0.0
0.0
0.0
0.0
0.0
0.0
0.0
0.0
0.0
0.0
0.0
0.422527
0.0
0.0
0.0
0.0
0.0
0.0
0.0
0.0
0.0
0.0
0.0
0.0
0.0
0.0
0.0
0.0
0.0
0.0
0.0
0.0
0.0
0.0
0.0
0.0
0.0
0.0
0.0
0.0
0.0
0.0
0.138756
0.0
0.0
-0.460097
0.0
0.0
0.0
0.0
0.0
0.0
0.0
0.0
0.0
0.0
-0.477919
0.0
0.0
0.0
0.0
0.0
0.0
0.0
0.0
0.0
0.0
0.0
0.0
0.0
0.0
0.0
0.0
-1.46755
0.0
0.0
0.0
0.0
0.0
0.0
-0.682384
0.0
0.0
0.0
0.0
0.0
0.0
0.0
0.0
0.0
0.0
0.0
0.0
0.0
0.0
0.0
0.0
0.0
0.0
0.0
0.0
0.0
0.0
0.0
0.0
0.0
0.0
0.0
-0.540232
0.0
0.0
0.0
0.0
0.0
0.0
0.0
0.0
0.0
0.0
0.0
0.0
0.0
0.0
0.0
0.0
0.0
0.0
0.0
0.0
0.0
0.0
0.0
0.0
0.0
0.0
0.0
0.0
0.0
0.0
0.0
0.0
0.0
0.0
0.0
0.0
0.0
0.0
0.0
0.0
0.0
0.0
0.0
0.0
0.0
0.0
0.00757231
0.12515
0.274427
0.131003
0.0193024
-0.17141
-0.645114
0.198587
-0.281366
0.310072
-0.443622
-0.270448
0.207063
0.231835
-0.548797
-0.180114
-0.337814
0.346742
0.0507386
0.658583
-0.697132
0.0699061
-0.365853
-0.638193
0.272964
0.429352
0.266597
0.199988
-0.19535
-0.246895
-0.231807
-0.231502
0.145218
-0.104097
-0.337677
-0.181151
-0.210955
0.0414279
-0.791651
-0.362212
0.116625
0.292773
-0.337455
-0.0345797
0.401249
0.456889
0.0925734
0.296133
1.94856
0.0
0.0
0.0
0.0
0.0
0.0
0.0
0.0
0.0
0.0
0.0
0.0
-0.201194
0.0
0.0
0.0
1.55563
0.0
0.0
0.0
0.0
0.0
0.0
-0.986717
0.0
0.0
0.0
0.0
-1.02415
0.0
0.0
0.0
0.0
0.0
0.0
0.0
0.0
0.0
0.0
0.0
0.0
0.0
0.0
0.0
0.0
0.0
0.0
0.0
0.0
0.00322186
0.212731
0.279206
-0.0393059
-0.0589096
-0.305169
-0.688418
0.267363
-0.0494765
0.404532
-0.318543
0.0894416
-0.170087
0.0829022
-0.488323
-0.160821
-0.306962
0.454463
0.311933
0.478458
-0.377934
-0.079487
-0.375531
-0.224683
0.739694
0.188321
0.113404
-0.12347
-0.0573565
-0.0351342
0.148505
-0.212126
0.128314
0.270471
-0.364783
-0.130546
-0.116413
-0.447769
-0.941515
-0.0488708
-0.162105
0.29058
-0.0749501
0.292953
0.344112
0.551452
0.187538
0.432719
1.41961
0.0
0.0
-0.685812
0.0
0.0
0.0
0.0
0.0
0.0
0.0
0.0
0.0
0.0
0.0
0.0
0.0
0.0
0.0
0.0
0.0
0.0
0.0
0.0
0.0
0.0
0.0
0.0
0.0
0.0
0.0
0.0
0.0
-1.12055
-0.464661
0.0
0.0
0.0
0.0
0.0
0.0
0.0
0.0
0.0
0.0
0.0
0.0
0.0
0.0
0.0
0.0
0.0
0.0
0.0
0.0
0.0
0.0
0.0
0.0
0.0
0.0
0.0
0.0
0.0
0.0
0.0
0.0
0.0
0.0
0.0
0.0
0.0
0.0
0.0
0.526917
0.0
-0.259002
0.0
-0.0881795
0.0
0.0
0.0
0.0
0.0
2.05248
0.0
0.0
0.0
0.0
1.2609
-0.802451
0.0
0.0
0.0
0.0
0.0
0.0
0.0
0.0
0.0
0.0
0.666044
0.0
0.0
0.0
0.0
0.0
0.0
0.0
0.0
0.0
0.0
0.0
0.0
0.0
0.0
0.0
0.0
0.0
0.0
-2.3865
0.0
0.0
0.0
0.0
0.0
0.0
0.0
0.0
0.142375
-1.22491
1.64608
0.0
0.0
0.0
0.0
0.0
0.0
0.0
0.0
0.0
0.0
0.0
0.0
0.0
0.0
0.0
0.0
0.0
0.0
0.0
0.0
0.0
0.0
-1.20308
0.0
0.0
0.0
0.0
0.0
0.0
0.0
0.373277
0.0
0.0
-0.489131
0.0
0.0
0.0
0.0
0.0
0.0
0.0
0.0
0.0
0.0
0.0
-1.41614
0.0
0.0
0.0
0.0
0.0
0.0
0.0
0.0
0.0
0.0
0.0
0.0
0.0
0.0
0.0
0.0
0.0
0.0
0.0
0.0
0.0
0.0
0.0
0.0
0.0
0.0
0.0
0.0
0.0
0.0
0.0
0.0
0.0
0.0
0.0
0.0
-0.511768
0.0
0.0
0.0
0.0
0.0
0.0
0.0
0.0
0.0
0.0
0.0
0.0
0.0
0.0
0.0
0.0
0.0
0.0
0.0
0.0
0.0
0.0
0.0
0.0
0.0
0.0
0.0
0.0
0.0
0.0
-0.183128
0.0
0.0
0.0
0.0
0.0
2.14792
0.0
0.0
0.0
0.0
0.0
0.0
0.0
-0.589937
0.0
0.0
0.0
0.0
0.0
0.0
0.0
0.0
0.0
0.0
0.00864816
0.0
0.0
0.0
0.0
0.0
0.0
-0.0799534
0.0
0.0
0.0
0.0
0.0
0.0
0.0
0.0
0.0
0.0
0.0
0.418943
0.0
0.0
0.0
0.0
0.0
0.0
2.10486
0.0
0.0
0.0
0.0
0.0
0.0
0.0
0.0
0.0
0.0
0.0
0.0
0.0
0.0
0.0
0.0
0.0
0.0
0.0
0.0
0.0
0.0
0.0
0.0
0.0
0.0
0.0
0.0
0.0
0.0
0.0
0.0
0.0
0.0
0.0
0.0
0.0
0.0
0.0
0.0
0.0
0.0
0.0
0.0
0.0
0.0
0.0
0.0
0.0
0.0
0.0
0.0
0.0
0.0
-1.98053
0.0
0.0
0.0
0.0
0.0
0.0
0.0
-0.17557
0.0
0.0
0.17486
0.0
0.0
0.0
0.0
-0.184961
0.0
0.0
0.0
0.0
0.0
0.0
0.0
0.0
0.0
0.0
0.0
0.0
0.0
0.0
0.0
0.0
0.0
0.0
0.0
0.0
0.0
0.0
0.0
0.0
0.0
0.0
0.0
0.0
0.0
0.0
0.0
-1.65575
0.0
0.0
0.0
0.0
0.0
0.0
0.0
0.0
0.0
0.0
0.0
0.0
0.0
0.0
0.0
0.0
0.0
0.0
0.0
-0.54256
0.0
0.0
0.0
0.0
0.0
0.0
0.0
0.0
0.0
0.0
0.0
0.0
0.0
0.0
0.0
0.0
0.0
0.0
0.0
0.0
0.0
0.0
0.0
0.0
0.0
0.0
0.0
0.0
0.0
0.0
0.0
0.0
0.0
0.0
0.0
-0.17052
0.0
0.0
0.0
0.0
0.0
0.0
0.0
0.0
0.0
0.0
0.0
0.0
0.0
0.0
0.0
0.0
0.0
0.0
0.0
0.0
0.0
0.0
0.0
0.0
0.0
0.0
0.0
0.0
0.0
0.0
0.0
0.0
0.0
0.0
0.0
0.0
0.0
0.0
0.0
0.0
0.0
0.0
0.0
0.0
0.0
0.0
0.0
0.0
0.0
0.0
0.0
0.0
0.0
0.0
0.0
0.0
0.0
0.0
0.0
0.0
0.0
0.0
0.0
0.0
0.0
0.0
0.0
0.0
0.0
0.201708
0.0
0.0
0.0
0.0
0.0
0.0
0.0
0.0
0.437239
0.0
0.0
0.0
0.0
0.0
0.0
0.0
0.0
0.0
0.0
-0.0726969
0.0
0.0
0.0
0.0
0.0
0.0
0.0
-0.68206
0.0
0.0
0.0
0.910605
0.0
0.0
0.0
0.0
0.0
0.0
0.0
0.0
0.0
1.21795
0.0
0.0
0.0
0.0
0.0
0.0
0.0
0.0
0.0
0.0
0.0
0.0
0.0
0.0
0.0
0.0
0.0
0.0
0.0
0.0
0.0
0.0
0.0
0.0
0.0
0.0
0.0
0.0
0.0
0.0
-0.350268
0.0
0.0
0.0
0.0
0.0
0.0
0.0
0.0
0.0
0.0
0.0
0.0
0.0
0.0
0.0
0.0
0.0
0.0
1.43357
0.0
0.0
0.0
-0.589477
0.0
0.0
0.0
0.0
0.0
1.35853
0.0
0.0
0.0
0.0
0.0
0.0
0.0
0.0
0.0
0.0
0.0
0.0
0.0
0.0
0.0
-1.38966
0.0
0.0
0.0
0.0
0.0
0.0
0.0
0.0
0.0
0.0
0.0
0.0
0.0
0.0
0.0
0.0
0.0
0.0
0.0
0.0
0.0
0.0
0.0
0.0
0.0
0.0
0.0
0.0
0.0
0.0
0.0
0.0
0.699424
0.0
0.0
0.0
0.0
0.0
-1.09224
0.0153599
0.532595
0.0
0.0
-1.15617
0.0
0.0
0.0
0.0
0.0
0.518292
0.0
0.0
0.0
-0.224759
0.0
0.0
0.0
0.0
0.0
0.0
0.0
0.821066
0.0
0.0
0.0
0.0
0.0
0.0
0.0
0.0
0.0
0.0
0.0
0.0
0.0
0.0
0.0
0.0
0.0
0.0
0.0
0.0
0.0
0.0
0.0
0.0
0.0
0.0
0.0
0.0
0.0
-0.579044
0.0
0.0
0.0
0.0
1.16556
0.0
0.0
0.0
0.0
0.0
0.0
0.0
0.0
0.0
0.0
0.0
0.0
0.0
0.0
0.0
0.0
0.0
0.0
0.0
0.0
0.0
0.0
0.0
0.0
0.0
0.0
0.0
-0.270559
0.0
0.0
0.0
0.0
0.0
0.0
0.0
0.0
0.0
-1.31862
0.0
0.0
0.0
0.0
0.0
0.0
0.0
0.0
0.0
0.0
0.0
0.0
0.0
0.0
0.0
0.0
0.0
0.0
0.0
0.0
0.0
0.0
0.0
0.0
0.0
0.0
0.0
0.0
0.0
0.0
0.0
0.0
0.0
0.0
0.0
0.0
0.0
0.341229
0.0
0.0
0.0
0.0
0.0
0.0
0.0
0.0
0.0
0.0
0.0
0.0
0.0
0.0
0.0
0.0
0.0
-0.0268481
-0.306385
0.298033
0.204837
-0.561045
-0.190215
-0.582734
0.0486333
0.202658
0.302311
-0.111657
0.00561251
-0.311707
0.158689
-0.355753
0.263466
-0.0924075
0.299684
0.11928
0.203478
-0.263429
0.0594266
-0.0959531
-0.267062
0.774532
0.155
-0.0436668
-0.0441682
-0.63156
0.102822
-0.354487
-0.0363167
-0.274887
0.510839
-0.33738
-0.13397
0.0888323
-0.534018
-0.0976156
0.0303602
-0.0922616
0.3115
0.0535604
0.0201332
0.18379
0.244367
0.120901
0.482564
1.13158
0.0
0.0
0.0
0.0
0.0
0.0
0.0
0.0
-1.70472
0.0
0.0
0.0
0.0
0.0
-0.0567902
0.0
0.0
0.0
0.0
0.0
0.0
0.0
0.0
0.0
0.0
0.0
0.0
0.846934
0.0
0.0
0.0
0.0
0.0
0.0
0.0
0.0
0.0
0.0
0.0
0.808583
0.74307
0.0
0.0
0.0
0.0
0.0
0.0
0.0
0.0
0.0
0.0
0.0
0.0
0.0
0.0
0.0
0.0
0.0
0.0
0.0
0.0
0.0
0.0
0.0
0.0
0.0
0.0
0.0
0.0
0.0
0.0
0.0
0.0
0.0
0.0
0.0
0.0
0.0
0.0
0.0
0.0
0.0
0.0
0.0
0.0
0.0
0.0
0.0
0.0
0.0
0.0
0.0
0.0
0.0
0.0
0.0
0.0
0.0
0.0
0.0
0.0
0.0
0.0
0.0
0.0
0.0
0.0
0.0
0.0
0.0
0.0
0.0
-0.562716
0.0
0.0
0.0
0.0
0.0
0.0
0.0
0.0
0.0
2.04443
0.0
0.0
0.0
0.0
0.0
0.0
0.0
0.0
0.0
0.0
0.0
0.0
0.0
0.0
0.0
0.0
0.0
0.0
0.0
0.0
0.0
0.0
0.0
0.0
0.0
0.0
0.0
0.0
0.0
0.0
0.0
0.0
0.0
0.0
0.0
0.0
0.0
0.0
0.0
0.0
0.0
0.0
0.0
0.0
0.0
0.0
0.0
0.0
0.0
0.0
0.0
0.0
0.0
0.0
0.782166
-0.658292
0.0
0.0
0.0
-0.487246
0.0
0.0
0.0
0.0
0.0
0.693727
0.0
-1.69186
0.0
0.0
0.0
0.0
0.0
0.0
0.0
0.0
0.631367
0.0
0.0
0.0
0.0
0.0
0.0
0.0
0.0
0.0
0.0
0.0
0.0
0.0
0.0
0.0
0.0
0.0
0.0
0.0
0.0
0.0
0.0
0.0
0.0
0.0
0.0
0.0
0.0
0.0
0.0
0.0
0.0
0.0
0.0
0.0
0.0
0.0
0.399419
0.0
0.0
0.0
0.0
0.0
-0.0229402
0.0
-1.12631
0.0
0.0
0.0
0.0
0.0
0.0
0.0
0.0
0.0
0.0
0.0
0.0
0.0
0.0
0.0
0.0
0.0
0.0
0.0
0.0
0.0
0.0
0.0
0.0
0.0
0.0
0.0
0.0
0.0
0.0
0.0
0.0
0.0
0.0
0.0
0.0
0.0
0.0
0.0
0.0
0.0
0.0
0.0
0.0
0.0
0.0
0.0
1.20757
0.0153688
-0.340621
0.0800833
-0.0748911
1.06484
0.177701
-0.509136
0.223017
-0.151832
0.302525
-0.835028
-0.387159
0.34306
0.285781
-1.11278
-0.134332
-0.0462442
0.169848
-0.244759
0.628787
-0.749513
0.0864882
-0.314294
-0.149628
0.0475977
0.590738
0.375338
-0.0297873
0.410934
0.0461867
-0.582941
0.144923
0.51597
-0.206369
-0.141816
-0.0828445
-0.354954
0.289744
-0.769922
-0.413508
-0.231684
0.160936
-0.409793
0.00786775
0.470592
0.77581
0.173619
0.178716
2.05361
-2.79651
0.0
0.0
0.0
0.0
0.0
0.0
0.0
-1.02561
0.0
0.0
0.0
0.0
0.0
0.0
0.0
0.0
0.0
0.0
0.0
0.0
0.0
0.0
0.0
0.0
0.0
0.0
0.0
0.0
0.0
0.0
0.0
0.0
0.0
0.0
0.0
0.0
0.0
0.0
0.0
-0.881645
0.0
0.0
0.0
0.0
0.0
0.0
0.0
0.0
0.0
0.0
0.0
0.0
0.0
-0.993425
0.0
0.0
0.0
0.0
0.0
0.0
0.0
0.0
0.0
0.144075
0.0
0.0
0.0
0.0
0.0
0.0
0.0
0.0
0.0
0.0
0.0
0.0
0.0
0.0
0.0
0.0
0.0
0.0
0.0
0.0
0.983579
0.0
0.0
0.0
0.0
0.0
0.0
0.0
-0.807117
0.0
0.0
0.0
0.0
0.0
0.0
0.0
0.0
0.0
0.0
0.0
0.0
0.0
0.0
0.0
0.0
0.0
0.0
0.0
0.0
0.0
0.0
0.0
0.0
0.0
0.227592
0.0
0.0
0.0
0.0
0.0
0.0
0.0
0.0
0.0
0.0
0.0
0.0
0.0
0.0
0.0
0.0
0.0
0.0
0.0
0.0
0.0
0.0
0.0
0.0
0.653886
0.0
0.0
0.0
0.927051
0.0
0.0
0.0
0.0
0.0
-1.2978
0.0
0.0
0.0
1.95581
0.0
0.0
0.0
0.0
0.0
0.0
0.0
-1.38788
0.0
0.0
0.0
0.0
0.0
0.0
0.0
0.0
0.0
-0.650647
0.0
0.0
0.0
0.0
0.0
0.0
0.0
0.0
0.0
0.0
0.0
-0.243326
0.0
0.0
0.0
0.0
0.0
0.0
0.0
0.0
0.0
0.0
-0.0618896
0.0
0.0
0.0
0.0
0.0
0.0
0.0
0.0
0.0
0.0
0.0
0.0
0.0
0.0
0.0
0.0
0.0
0.0
0.0
0.0
0.0
0.0
0.0
0.0
0.0
0.0
0.0
0.0
0.0
0.0
0.0
0.0
1.00629
0.0
0.0
0.0
0.0
0.0
0.0
0.0
0.0
0.0
0.0
0.0
0.0
0.0
0.0
0.0
0.0
0.0
0.0
0.0
0.0
0.0
0.0
0.0
0.0
0.0
0.0
0.0
0.0
0.0
0.0
0.0
0.0
0.0
0.0
0.0
0.0
0.0
0.0
0.0
0.0
0.0
0.0
0.0
0.0
0.0
0.0
0.0
0.0
0.0
0.0
0.0
0.0
0.0
0.0
0.0
0.0
0.0
0.0
0.0
0.0
0.0
0.0
0.0
0.0
0.0
0.0
0.0
0.0
0.0
0.0
0.0
0.0
0.0
0.0
0.0
0.0
0.0
0.0
0.0
0.0
0.0
0.0
0.0
0.0
0.0
0.0
0.0
0.0
0.0
0.0
0.0
-0.914975
0.0
0.0
0.0
0.0
0.0
0.0
0.0
0.0
0.0
0.0
0.0
0.0
0.0
0.0
0.541535
0.0
0.0
0.0
0.0
0.0
0.0
0.0
0.0
0.0
0.0
0.0
0.0
-0.110506
0.0
0.0
0.0
0.0
0.0
0.0
0.0
0.0
0.0
0.0
0.0
0.0
0.0
0.0
0.0
0.0
0.0
0.0
0.0
0.0
0.0
0.0
0.0
0.0
0.0
0.0
0.0
0.0
0.0
0.0
0.0
0.0
0.0
0.0
0.0
0.0
0.0
0.0
0.0
0.0
0.0
0.386813
0.0
0.0
0.0
0.0
0.0
0.18986
0.0
0.0
0.0
0.0
0.0
0.0
0.0
0.0
0.0
0.0
0.0
0.0
0.0
0.0
0.0
0.0717744
0.0
0.0
0.0
0.0
0.0
0.0
0.0
0.837225
0.0
0.0
0.0
0.0
0.0
0.0
0.0
1.15345
0.0
0.0
0.0
0.0
0.0
0.0
0.0
-1.30931
0.00185788
-0.155414
0.362512
0.0794998
0.153446
0.0819447
-0.500672
-0.0114082
0.406824
0.554755
-0.176059
-0.0541059
-0.154879
0.344089
0.177682
0.168712
0.0983283
0.317435
-0.0817674
0.112705
-0.134249
0.0318401
-0.184093
0.152005
0.914837
0.0662585
-0.0483362
0.155377
-0.124401
0.279162
-0.189953
-0.0947519
0.101076
0.75013
-0.33698
-0.0248341
0.391757
-0.626144
-0.842528
0.244089
-0.168458
0.503822
-0.104571
0.0320653
0.302383
0.398219
0.0345751
0.433869
1.11481
0.0
0.0
0.0
0.0
0.0
0.0
0.0
0.0
0.0
0.0
0.0
0.0
0.0
-1.16067
-0.0536099
0.0
0.0
0.0
0.0
0.0
0.0
0.0
0.0
0.0
0.0
0.0
0.0
0.0
0.0
0.0
0.0
0.0
0.0
0.0
0.0
0.0
0.0
0.0
0.0
0.0
0.0
0.0
0.0
0.0
0.0
-0.5424
0.0
0.0
0.0
0.0
0.0
0.0
0.0
0.0
0.239177
0.0
0.0
0.0
0.0
0.0
0.0
0.0
0.0
0.0
0.0
0.0
-0.143707
0.0
0.0
0.0
0.0
0.0
0.0
0.0
0.0
0.0
0.609163
0.0
1.22713
0.20715
0.0
0.0
0.0
0.0
0.0
0.292459
0.0
0.0
0.0
0.0
0.0
0.0
0.0
0.0
0.0
0.0
0.0
0.0
0.0
0.0
0.0
0.0
0.0
0.0
0.0
0.0
0.0
0.0
0.0
0.0
0.0
0.0
0.0
0.0
0.281795
0.0
0.0
0.0
0.0
0.0
0.0
0.0
0.0
0.0
0.0
0.0
0.0
0.0
0.0
0.0
0.0
0.0
0.0
0.0
0.0
0.0
0.0
0.0
0.0
0.0
0.0
0.0
0.0
0.0
0.0
0.0
0.0
0.0
0.0
0.0
0.0
0.0
0.0
0.0
0.127486
0.0
0.0
0.0
0.0
-1.32628
0.019164
0.0
0.0
0.0
0.0
0.0
0.0
0.0
0.0
-0.681315
0.0
0.0
0.0
0.0
0.0
0.0
0.0
0.0
0.0
0.0
0.0
0.0
0.0
0.0
-0.877608
0.0
0.0
0.0
0.0
-0.404286
0.0
0.0
0.0
0.0
0.0
0.0
0.0
0.0
0.0
0.0
0.0
0.0
0.0
0.0
0.0
0.0
0.0
0.0
0.0
0.0
0.0
0.0
0.0
0.0
0.0
0.0
0.0
0.0
0.0
0.0
0.0
0.0
0.0
0.0
0.0
0.0
0.0
0.0
0.0
1.03382
0.0
2.53876
0.0
0.0
0.0
0.0
0.0
0.0
0.0
-0.205238
0.0
0.0
0.0
0.0
0.0
0.0
0.0
0.0
-0.430241
0.0
0.0
0.0
0.0
0.0
0.0
0.0
0.0
0.0
0.0
0.0
0.0
0.0
0.0
0.0
0.0
0.0
0.0
0.0
0.0
0.0
0.0
0.0
0.0
0.0
0.0
0.0
0.0
0.0
0.0
0.0
0.0
0.0
0.0
0.0
0.0
0.0
0.0
0.0
0.0
0.0
0.0
-0.271854
0.0
2.02846
1.45452
0.0
0.0
0.0
0.0
0.0
0.0
0.0
1.63015
0.0
0.0
0.0
0.0
0.0
0.0
0.0
0.0
-0.211849
0.0
0.0
0.0
-0.156164
0.0
0.0
0.0
0.0
0.0
0.0
0.0
0.0
0.0
0.0
0.0
0.0
0.0
0.0
0.0
0.0
0.0
0.0
0.0
0.0
0.0
0.39671
0.0
0.0
0.0
0.0
0.0
0.0
0.0
0.0
0.0
0.0
0.0
0.0
0.0
0.0
0.0
0.0
0.0
0.0
0.0
0.0
0.0
0.0
0.0
0.0
0.0
0.0
0.0
0.0
0.0
0.0
0.0
0.0
0.0
0.0
0.0
0.0
0.0
0.0
-0.00483179
0.0
0.0
0.0
0.0
0.0
0.0
0.0
0.0
0.0
0.0
0.0
0.0
0.0
0.0
0.0
0.0
0.0
0.0
0.0
0.0
-0.707879
0.0
0.0
0.0
1.1847
0.0
0.0
0.0
0.0
0.0
0.0
0.0
0.0
0.0
0.0
0.0
0.0
0.0
0.0
0.0
0.0
0.0
0.0
0.0
0.0
0.0
0.0
0.0
0.0
0.0
0.0
0.0
0.0
0.0
0.0
0.0
0.0
0.0
0.0
0.0
0.0
0.0
0.0
0.675188
0.0
0.0
0.533954
0.0
0.0
0.0
-0.00589982
0.0
0.0
0.0
0.0
0.0
0.0
0.0
0.0
0.0
-0.602638
0.0
0.0
0.0
0.0
0.0
0.0
0.0
0.0
0.0
-0.49955
0.0
0.0
0.0
0.0
0.0
0.694973
0.0
0.0
0.0
0.0
0.0
0.0
-1.2788
0.0
0.0
0.0
0.0
0.0
0.0
0.0
-0.802191
0.0
0.0
0.0
0.0
0.0
0.27423
0.0
0.0
0.0
0.0
0.0
0.0
0.0
0.0
0.0
0.0
0.0
0.0
0.0
0.0
0.0
0.0
0.0
0.0
0.0
0.0
0.0
0.0
-0.0585054
0.0
0.0
0.0
0.0
0.0
0.0
0.0
0.0
-1.37509
0.0
2.4518
0.0
0.0
0.0
0.0
0.0
0.0
0.0
0.0
0.0
0.0
0.0
0.0
0.0
0.0
0.0
0.0
0.0
0.0
0.0
0.0
0.0
0.0
0.0
-0.493654
0.35619
0.0
0.0
0.0
0.0
0.0
0.0
0.0
0.0
0.0
0.0
0.0
0.0
0.0
0.0
0.0
0.0
0.0
0.0
0.0
0.0
0.0
0.0
0.0
0.0
0.0
0.0
0.0
0.0
0.0
0.0
0.0
0.0
0.0
0.0
0.0
0.0
0.0
0.0
0.0
0.0
0.0
0.0
0.0
0.0
0.0
0.0
0.0
0.0
0.0
0.0
0.0
0.0
0.408207
0.0
-0.604705
0.0
0.0
-0.0732773
0.0
0.0
0.0
0.0
0.0
0.0
0.0
0.0
0.0
0.0
0.0
0.401477
0.0
0.0
0.0
0.0
0.0
0.0
0.0
0.0
0.0
0.0
0.0
0.0
0.0
0.0
0.0
0.0
0.0
0.0
0.0
0.0
0.0
0.0
0.0
0.0
0.0
0.0
0.0
0.0
0.0
0.0
0.0
0.0
0.0
0.0
0.0
0.0
-2.52938
0.0
0.0
-1.51213
0.0
0.0
0.0
0.0
0.0
0.0
0.0
0.0
0.0
0.0
0.0
0.0
0.0
0.0
0.0
0.0
0.0
0.0
0.0
0.0
-0.692348
0.0
0.0
0.0
0.0
0.0
0.0
0.0
0.0
0.0
0.0
0.0
0.0
0.0
0.0
0.0
0.0
0.0
0.0
0.0
0.0
0.0
0.0
0.0
0.0
0.0
-0.094056
0.0
0.0
0.0
0.0
0.0
0.0
0.0
0.0
0.0
-0.479998
0.0
0.0
0.0
0.0
0.0
0.382496
0.0
0.0
0.0
0.0
0.0
0.0
0.0
0.0
0.0
0.0
-0.235547
0.0
0.0
0.0
0.0
0.0
0.0
0.0
0.0
0.0
0.0
-1.27481
0.0
0.0
0.0
0.0
0.0
0.0
0.0
0.0
0.901741
1.32464
0.0
0.0
0.0
0.0
0.0
0.0
0.0
0.0
0.0
0.0
0.0
0.0
0.0
0.0
0.0
0.0
0.0
0.0
0.0
0.0
0.0
0.0
0.0
0.0
0.0
0.0444966
0.0
-0.526633
0.0
0.0
0.0
0.0
0.0
0.0
0.0
0.0
0.0
0.501872
0.0
0.0
0.0
0.0
0.0
0.0
0.0
0.0
0.0
0.0
0.0
0.0
0.0
0.0
0.0
0.0
0.0
0.0
0.0
0.0
0.0
0.0
0.0
0.0
0.0
0.0429799
0.0
0.0
0.0
0.0
0.0
0.0
0.0
0.0
0.0
0.0
0.0
0.0
0.0
0.0
0.0
0.0
0.0
0.0
0.0
0.0
0.0
0.0
0.922488
0.0
0.0
0.0
1.41165
0.0
0.0
0.0
-0.715331
0.0
0.0
0.0
0.0
0.0
0.0
0.0
0.0
0.0
0.0
0.0
0.0
0.0
0.0
0.0
0.0
0.0
0.0
0.0
0.0
0.0
0.0
0.0
0.0
0.0
0.0
0.0
0.0
-0.00931583
-0.144933
-0.308525
-0.187291
1.19416
0.438871
-0.46742
-0.259348
0.309336
0.495655
-1.46594
-0.0809284
0.89641
0.0345318
-1.00931
-0.348341
-0.734008
0.046849
-0.0465808
0.157214
-0.376536
-0.636755
-0.489689
0.160629
0.106542
0.464316
0.13896
0.197756
0.629929
0.0281274
-0.211732
0.0441431
0.453661
-0.544819
-0.190423
0.0531254
-0.562142
-0.0198582
-0.282094
-0.389053
-0.0940335
-0.190694
-0.0513027
0.616929
0.251302
0.788638
0.407148
0.860516
1.29667
0.0
0.0
0.0
0.0
0.0
0.0
0.0
0.0
0.0
0.0
0.0
0.0
0.0
0.0
0.0
0.357531
0.0
0.0
0.0
0.0
0.429323
0.0
0.0
0.0
-0.468643
1.49951
0.0
0.0
0.0
0.0
0.0
0.0
0.0
0.0
0.0
0.0
0.0
0.0
0.0
0.0
0.0
0.0
0.0
0.953431
0.0
0.0
0.0
-1.43794
0.0
0.0
0.0
0.0
0.0
0.0
0.0
0.0
0.0
0.0
0.0
0.0
0.0
0.0
0.0
0.0
0.0
0.0
0.0
0.0
0.0
0.0
0.0
0.0
0.0
0.0
1.66599
0.0
0.0
0.0
0.0
0.0
0.0
0.0
0.0
0.0
-2.22996
0.0
0.0
0.0
0.0
0.0
0.0
0.0
0.0
0.0
0.517676
0.0
0.0
0.0
0.0
0.0
0.0
0.0
0.0
0.0
0.0
0.0
0.0
0.0
0.0
0.0
0.0529876
0.0942708
0.0
0.0
0.0
0.0
0.0
0.0
0.0
0.0
0.0
0.0
0.0
0.0
0.0
0.0
0.0
0.0
0.0
-1.07175
0.0
0.0
0.0
0.0
0.0
0.0
0.0
0.0
0.0
0.0
0.0982491
0.0
0.0
0.0
0.0
0.0
0.0
0.0
0.0
0.0
0.0
0.0
0.0
0.0
0.0
0.0
0.0
0.0
0.0
0.0
0.0
0.0
0.0
0.0
0.0
0.0
0.0
0.0
0.0
0.0
0.0
0.0
0.0
0.0
0.0
0.0
0.0
0.0
0.0
0.0
0.0
0.0
0.0
0.0
0.0
-1.39851
0.0
0.0
0.0
0.0
0.0
0.0
0.0
0.0
0.0
0.0
0.0
0.0
0.0
0.0
0.0
0.0
0.0
0.0
0.0
0.0
0.0
0.0
0.0
0.0
0.0
0.0
0.0
-1.63823
0.0
0.0
0.0
0.0
0.0
0.0
0.0
0.0
0.0
0.0
0.0
0.0
0.0
0.0
0.0
0.0
0.0
0.0
0.0
0.0
0.0
0.0
0.0
0.0
0.0
0.0
0.0
0.0
0.0
0.0
0.0
0.0
-0.0907753
0.0
0.0
1.6029
0.0
0.0
0.0
0.0
0.0
0.0
0.0
0.0
0.0
0.0
0.0
1.97821
0.0
0.0
0.0
0.0
0.0
0.0
0.0
0.0
0.0
0.0
0.0
0.0
0.0
0.0
0.0
0.0
-0.641761
0.0
0.0
0.0
0.0
0.0
0.0
0.0
0.683829
0.0
0.0
0.0
0.0
0.0
0.0
0.0
0.0
0.0
0.0
0.0
0.0
0.0
0.0
0.0
-0.54506
0.0
0.0
0.0
0.238106
0.0
0.0
0.139707
0.0
0.0
0.0
0.0
0.0
0.0
0.0
0.0
0.0
0.0
0.0
0.0
0.0
0.0
0.0
0.0
0.0
0.0
0.0
0.0
0.0
0.0
-0.258444
0.0
0.0
0.0
0.788651
0.0
0.0
0.0
0.0
0.0
0.0
0.0
0.190661
0.0
0.0
0.0
0.0
0.0
0.0
0.0
0.0
0.0
0.0
0.0
0.0
0.0
0.0
0.0
0.0
0.0
0.0
0.0
0.0
0.0
0.0
0.0
0.0
0.0
0.0
0.0
1.2522
0.0
0.0
0.0
0.0
0.0
0.0
0.0
0.0
0.0
0.0
0.0
0.0
0.0
0.0
0.0
0.0
0.0
0.0
0.0
0.0
0.0
0.0
0.0
0.0
0.0
0.0
0.0
0.0
0.0
0.0
0.0
0.0
0.0
0.0
0.0
0.0
0.0
0.0
0.0
0.0
0.0
-0.557277
0.0
0.0
0.0
0.0
0.0
0.0
0.0
0.0
0.0
0.0
0.0
0.0
0.0
0.0
0.0
0.0
0.0
0.0
0.0
-1.13997
0.0
0.0
0.0
0.0
1.07342
0.0
0.0
0.0
0.0
0.0
0.0
0.0
0.0
0.0
0.0
0.0
-1.36545
0.0
0.0
0.0
0.0
1.5077
0.0
0.0
0.0
0.0
0.0
0.0
0.0
0.0
0.0
0.0
0.0
0.0
0.0
0.0
0.0
0.0
0.0
-1.17591
0.0
0.0
0.0
0.0
0.470339
0.0
0.0
0.0
0.0
0.0
0.0
0.0
0.0
0.0
0.0
-0.563717
0.0
0.0
0.0
0.0
-0.471435
0.0
0.0
0.0
0.0
0.0
0.0
0.0
0.0
0.0
0.0
0.0
0.0
0.0
0.0
0.0
0.0
0.0
0.0
0.0
0.0
0.0
0.0
0.0
0.0
0.0
0.0
0.0
0.0
0.0
0.0
0.0
0.0
0.0
0.0
0.0436936
0.0
0.0
0.0
0.0
0.0
0.0
0.028335
0.0
-0.0675222
-0.38331
0.0746927
0.0430272
0.0604367
0.087361
-0.476351
-0.149865
0.511337
0.709028
-0.0717845
-0.0697336
-0.385379
0.369109
0.220519
0.22563
0.245423
0.271913
-0.251994
-0.019846
-0.0676495
-0.105971
-0.31856
0.228424
0.939716
0.0085717
-0.100293
0.308238
-0.00952389
0.269046
-0.0785019
-0.110892
0.0413941
0.899757
-0.361356
0.00930249
0.46576
-0.669271
-0.585774
0.548431
-0.0499067
0.331042
0.20943
-0.157659
0.303053
0.331954
-0.308643
0.460105
1.04624
0.0
0.0
0.0
0.0
0.0
0.0
0.0
0.0
0.0
0.0
0.0
0.0
0.0
0.0
0.943954
0.0
0.0
0.0
0.0
0.0
0.0
0.0
0.0
0.0
0.0
0.0
0.0
0.0
0.0
0.0
0.0
0.0
0.0
0.0
0.0
0.0
0.0
0.303891
0.0
0.0
0.0
0.0
0.0
0.0
0.0
0.0
0.0
0.0
0.0
0.0
0.0
0.0
0.0
0.0
0.0
-0.279819
0.0
0.0
0.0
0.0
0.0
0.0
0.0
0.0
0.0
0.0
0.0
0.0
0.0
0.0
0.0
0.0
0.0
0.0
0.0
0.0
0.0
0.0
0.0
0.0
0.0
0.0
0.0
0.0
-0.0899757
0.0
0.0
0.0
0.0
0.0
0.0
0.0
0.0
0.0
0.0
0.0
0.0
0.0
0.0
0.0
0.0
0.0
0.0
0.0
0.0
0.0
0.0
0.0
0.0
0.0
0.0
0.0
0.0
0.0
0.0
0.0
0.0
0.0
0.0
0.0
0.0
0.0
0.0
0.0
0.0
0.0
0.0
0.0
0.0
0.0
0.0
0.0
0.0
0.0
0.0
0.0
0.0
0.0
0.0
0.0
0.0
0.0
0.0
0.0
0.0
0.0
0.0
0.0
0.0
0.0
0.0
0.0
0.0
0.0
0.0
0.0
0.0
0.0
0.0
0.0
0.0
0.0
0.0
0.0
0.0
0.0
0.0
0.0
0.0
0.0
0.0
0.0
0.0
0.0
0.0
0.0
0.0
0.0
0.0
0.0
0.0
0.0
0.0
0.0
0.0
0.0
0.0
0.0
0.0
0.0
0.0
0.0
0.0
0.0
0.0
0.0
0.0
0.0
-0.424475
0.0
0.0
0.0
0.0
0.0
0.0
0.0
0.0
0.0
0.0
0.0
0.0
0.0
0.0
0.0
0.0
0.0
0.0
0.0
0.0
-0.446803
0.0
0.0
0.0
0.0
0.0
0.0
0.0
0.0
0.0
0.0
0.0
0.0
0.0
0.0
-0.386302
-0.915628
0.0
0.0
0.0
0.0
0.0
0.0
0.0
0.0
0.0
0.0
0.0
0.0
0.0
0.0
0.0
0.0
0.0
0.0
0.171977
0.0
0.0
0.0
0.0
0.0
0.0
0.0
0.0
0.0
0.0
0.0
0.0
0.0
0.0
0.0
0.0
0.0
0.0
0.0
0.0
0.0
0.0
0.0
0.0
0.0
0.0
0.0
0.0
0.0
0.0
0.0
0.504042
0.0
0.0
0.0
0.0
-0.735609
0.0
0.0
0.0
-2.80592
0.0
0.0
0.0
0.0
0.0
0.0
1.33973
0.0
0.0
0.0
0.0
0.0
0.0
0.0
0.0
0.0
0.0
0.0
0.0
0.0
0.0
0.0
0.0
0.0
0.0
0.0
0.0
0.0
0.0
0.0
0.0
0.0
0.0
0.0
0.0
0.0
0.0
0.0
0.0
1.1038
0.0
0.0
0.0
0.0
0.0
0.0
0.0
0.0
0.0
0.0
2.28167
0.0
0.0
0.0
0.0
0.0
0.0
0.0
0.0
0.0
0.0
0.0
0.0
0.0
0.0
0.0
0.0
0.0
0.0
0.0
0.0
0.0
0.0
0.0
0.0
0.0
1.75561
0.0
0.0
0.0
0.0
0.0
0.0
0.0
0.0
0.0
0.0
0.0
0.0
0.0
0.0
0.0
0.0
0.0
0.0
0.0
0.0
0.0
0.0
0.0
0.0
0.0
0.0
0.0
0.0
0.0
0.0
0.0
0.0
0.0
0.0
0.0
0.0
0.0
0.0
0.0
0.0
0.0
0.0
0.0
0.0
0.0
0.0
0.0
0.0
-0.0761067
0.0
0.0
0.0
0.0
0.0
0.0
0.0
0.0
0.0
0.0
0.0
0.0
0.0
0.0
0.0
0.0
0.0
0.0
0.0
0.0
0.0
0.0
0.0
0.0
0.0
0.0
0.0
0.0
0.0
0.0
0.0
0.0
0.0
0.0
0.0
0.0
0.0
0.0
0.0
0.0
0.0
0.0
0.0
0.0
0.0
0.0
0.0
0.0
0.0
0.0
0.0
0.0
0.0
0.0
0.0
0.0
0.0
0.0
0.0
0.0
0.0
0.0
0.0
0.0
0.0
0.0
0.0
0.0
0.0
0.0
0.0
0.0
0.0
0.0
0.0
0.0
0.0
0.0
0.0
0.0
0.0
0.0
0.0
0.0
0.0
0.0
-1.28837
0.0
0.0
0.0
0.0
0.0
0.0
0.0
0.0
-0.742406
-0.362392
0.0
0.0
0.0
0.0
0.0
0.0
1.05261
0.0
0.0
0.0
0.0
0.0
0.0
0.0
0.0
0.0
0.0
0.0
0.0
0.0
0.0
0.0
0.0
0.0
0.0
0.0
0.0
0.0
0.0
0.0
0.0
0.0
0.0
0.0
0.0
0.0
-0.19816
0.0
0.0
0.0
0.0
0.0
0.0
0.0
0.0
0.0
0.0
0.0
0.0
0.0
1.27702
0.0
0.0
0.0
0.0
0.0
0.0
0.0
0.0
0.0
0.0
0.0
0.0
0.0
0.0
0.0
0.0
0.0
0.0
0.0
0.0
0.0
0.0
0.0
0.0
0.0
0.0
0.0
0.0
0.0
0.0
0.0
0.0
0.0
0.0
0.0
0.0
0.0
0.0
0.0
0.0
0.0
0.0
0.0
0.0
0.0
-0.599477
0.0
0.0
0.0
0.0
0.0
-1.71054
0.0
0.0
0.0
0.0
0.0
0.0
0.0
0.0
0.0
0.0
0.0
0.0
0.0
0.0
0.0
0.0
0.0
0.0
0.0
0.0
0.0
0.0
0.0
0.0
0.0
0.0
0.0
0.0
0.0
0.0
0.0
0.0
0.0
0.0
0.0
0.0
0.0
0.0
-0.151635
0.0
0.0
1.84205
0.0
0.0
0.0
0.0
0.0
0.0
0.0
0.0
0.0
0.0
0.0
0.0
0.315453
0.0
0.0
0.0
0.0
0.0
0.0
0.0
0.0
0.0
0.0
0.0
0.0
0.0
-1.47758
0.0
0.0
0.0
0.0
0.0
0.0
0.0
0.0
0.0
0.0
0.0
0.0
0.0
0.0
0.0
0.0
0.0
0.0
0.0
0.0
0.750467
0.277531
0.0
0.0
0.0
0.0
0.0
0.0
0.0
0.0
0.0
0.0
0.0
0.0
0.0
0.0
0.0
0.0
0.0
0.0
0.0
0.0
0.0
0.0
0.0
0.0
0.0
0.0
0.0
0.0
0.0
0.0
0.0
0.0
0.0
-0.0432491
0.0
0.0
0.0
0.0
0.0
0.0
0.0
0.0
-0.86069
0.0
0.0
0.0
0.0
0.0
0.0
0.0
0.0
-0.931943
0.0
0.0
0.0
0.0
0.0
0.0
0.0
0.0
0.0
0.0
0.0
0.0
0.0
0.0
0.0
0.0
0.0
0.0
0.0
0.0
0.0
0.0
0.0
0.0
0.0
0.0
0.0
0.0
0.886915
0.0
0.628897
0.0
0.0
0.0
0.0
0.0
-0.500233
0.0
0.0
0.0
0.0
0.0
0.0
0.0
0.0
0.0
0.0
0.0
0.0
0.0
0.0
0.0
-1.0609
0.0
0.0
0.0
0.0
0.0
0.0
0.0
0.0
0.0
0.0
-0.784907
0.0
0.11967
0.0
0.0
0.0
0.0
0.0
0.0
0.0
0.0
0.0
0.0
0.0
0.0
0.0
0.0
0.0
0.0
-1.38149
0.0
0.0
0.0
0.0
0.0
0.0
0.0
0.0
0.0
0.0
0.0
0.0
0.0
0.0
0.0
0.0
0.0
0.0
0.0
0.0
0.474814
0.0
0.0
0.0
0.0
0.0
2.4837
0.0
0.0
0.0
0.0
0.0
0.0
0.0
0.0
0.0
0.0
0.0
0.0
0.0
0.0
0.0
0.0
0.0
0.0
0.0
0.0
0.0
0.0
0.0
0.0
0.0
0.0
0.0
0.0
0.0
0.0
0.0
0.0
0.0
0.0
0.0
0.0
-1.8485
0.0
0.0
0.0
0.0
0.0
0.0
0.116584
0.0
0.0
0.0
0.0
0.0
0.0
1.95604
0.0
0.0
0.0
0.0
0.0
0.0
0.0
0.0
0.0
0.0
0.0
0.0
0.0
0.0
0.0
0.362781
0.0
-1.4845
0.0
0.0
-0.692223
0.0
0.0
0.0
0.0
1.86487
0.0
0.0
0.0
0.0
0.0
0.0
0.0
0.0
0.0
0.0
0.333094
0.0
0.0
0.0
-0.868907
0.0
0.0
0.0
0.0
0.0
0.0
0.0
0.0
0.0
0.0
0.0
0.0
0.0
0.0
0.0
0.0
0.0
0.0
0.0
0.0
0.0
0.0
0.0
0.0
0.0
0.0
0.0
0.0
-0.108072
0.0
0.0
0.0
0.0
0.0
0.0
0.0
0.0
0.0
0.0
0.0
0.140139
0.0
0.0
0.0
0.0
0.0
0.0
0.0
0.0
0.0
0.0
0.0
0.0
0.0
0.0
0.0
0.0
0.0
0.0
0.0
0.0
0.0
0.0
0.0
0.0
0.0
0.0
0.0
0.0
0.0
-0.6999
0.0
0.0
0.0
0.0
0.0
0.0
0.0
0.0
0.0
0.0
0.0
0.0
0.0
0.0
0.0
0.0
0.0
0.0
0.0
0.0
0.0
2.48074
0.0
0.0
0.0
0.0
0.0
0.0
0.0
-0.568654
0.0
0.0
0.0
0.948565
0.0
0.0
0.0
-0.799014
0.0
0.0
0.0
0.0
0.643145
0.0
0.0
0.0
0.0
0.0
0.0
0.0
0.0
0.0
0.0
0.0
0.0
0.0
0.0
0.0
0.0
0.0
0.0
0.0
0.0
0.0
0.0
0.0
0.0
0.0
0.0
0.0
0.0
0.0
0.0
0.0
0.0
0.0
-0.945516
0.0
0.0
0.0
0.0
0.0
0.0
0.0
-0.0947527
-0.335196
0.0
0.0
0.0
0.0
0.0
0.0
0.0
0.0
0.0
0.0
0.0
0.0
0.0
0.0
0.678997
0.0
0.0
0.0
0.0
0.0
-1.11856
0.0
0.0
0.0
0.0
0.0
0.0
0.0
0.0
0.0
0.0
0.0
0.0
0.0
0.0
0.0
0.0
0.0
-0.724349
0.0
0.0
0.0
0.0
0.0
0.0
0.0
0.0
0.0
0.0
0.0
0.0
0.0
0.0
0.0
0.0
0.0
0.0
0.0
0.0
0.0
0.0
0.0
0.0
0.0
0.0
0.0
0.0
0.0
0.0
0.0
0.0
0.0
0.0
0.0
0.0
0.0
0.0
0.0
0.0
0.0
0.0
0.0
0.0
0.0
0.0
0.0
0.0
0.0
0.0
0.0
0.0
0.0
0.0
0.0
0.0
0.0
-1.08865
0.0
0.0
0.0
0.0
0.0
0.0
0.0
0.0
0.0
0.0
0.0
0.0
0.0
0.0
0.0
0.0
0.0
0.0
0.180049
0.0
0.0
0.0
1.48802
0.422386
0.0
0.0
0.0
0.0
0.0
0.0
0.0
0.0
0.0
0.0
-1.02442
0.0
0.57911
0.0
1.51844
0.0
0.0
0.0
0.0
0.0
0.0
-0.948059
0.0
0.0
0.0
0.0
0.0
0.0
0.0
0.0
0.0
0.0
0.0
0.0
0.0
0.0
0.0
0.0
0.0
0.651403
0.0
0.0
0.0
0.0
0.0
0.0
0.0
0.0
0.0
0.256895
-0.434105
0.247052
0.0
0.0
0.0
0.0
0.0
0.0
0.0
0.0
-0.169304
0.0
0.0
0.0
0.0
0.0
0.0
0.0
0.0
0.0
0.0
0.0
0.0
0.0
0.0
0.0
0.0
0.0
0.0
0.0
0.0
0.0
0.0
0.0
0.0
0.0
-0.155341
0.0
0.0
0.0
0.0
0.0
0.0
0.0
0.0
0.0
0.0
0.0
0.0
0.0
0.0
0.0
0.0
0.0
0.0
0.0
0.0
-0.0857048
0.0
0.0
0.0
0.0
0.0
0.0
0.0
0.0
0.44994
0.0
0.0
0.0
0.0
0.0
0.0
0.0
0.0
0.0
0.0
0.0
0.0
0.0
0.0
0.0
0.0
0.0
0.0
0.0
0.0
0.0
0.0
0.0
0.0
0.0
0.0
0.0
0.0
0.0
0.0
0.0
0.0
0.0
0.0
0.0
0.0
0.0
0.0
0.0
0.0
0.0
0.0
0.0
0.0
0.0
0.0
0.0
0.0
0.0
0.0
0.0
0.0
0.0
0.0
-1.57456
0.0
0.0
0.0
0.0
-0.729143
0.0
0.0
0.0
0.0
0.0
0.600124
0.0
0.0
-0.0699623
0.0
0.0
0.0
0.0
0.0
0.0
0.0
0.0
0.0
0.0
0.0
0.0
0.0
0.0
-0.804036
-0.611192
0.0
-0.708844
0.0
0.0
0.0
0.0
0.0
0.0
1.85723
0.0
0.0
0.0
0.0
0.0
0.0
-1.6742
0.0
0.0
0.0282677
0.0
0.0
0.0
0.0
0.0
-0.265563
0.0
0.0
0.0
0.0
0.0
0.0
0.0
0.0
0.0
0.0
0.0
0.0
0.0
0.0
0.0
-1.02161
0.0
0.0
0.0
0.0
0.0
0.32049
1.95731
0.0
0.0
0.0
0.58958
0.0
0.0
0.0
0.0
0.0
0.0
0.0
0.0
0.0
0.0
0.0
0.0
0.0
0.0
0.0
0.0
0.0
0.0
0.0
0.0
0.0453958
-0.362513
-0.126722
0.0688512
0.100926
-0.127875
-0.0362224
0.50513
0.5056
-0.363764
-0.405339
-0.0855158
0.00691182
-0.277975
0.157327
-0.184272
0.360284
-0.349363
-0.358917
-0.38739
-0.511401
-0.58556
-0.204584
-0.151363
-0.309185
0.383519
-0.216604
0.159429
0.0802068
-0.0156016
0.218248
0.0850629
-0.292887
-1.00303
-0.980227
-0.0937882
0.0598172
0.468343
0.785064
-0.194261
0.0576847
-0.228161
-0.344645
-0.557664
0.331106
-0.817768
0.984993
0.0863919
-0.481668
0.0
0.0
0.0
0.0
0.0
0.0
-1.09041
0.0
0.0
0.0
0.0
0.0
0.0
0.0
0.0
0.0
0.0
0.0
0.0
0.0
0.0
0.0
-0.275394
0.0
0.0
0.0
0.0
0.0
0.0
0.0
0.0997289
0.0
0.0
0.0
0.0
0.0
0.0
0.0
0.0
0.0
0.0
0.0
0.0
0.879974
0.0
0.0
0.0
0.0
0.0
0.0
0.652072
0.0
0.0
0.0
0.0
0.0
0.0
0.0
0.0
0.0
0.0
0.0
0.0
0.0
0.0
-1.27882
0.0
0.0
0.0
1.14956
0.0
0.0
0.0
0.0
0.0
0.0
0.0
0.0
0.0
0.0
0.0
0.0
0.0
0.0
0.0
0.0
0.0
0.0
0.0
0.0
0.0
0.0
0.0
0.0
-0.687314
2.28907
0.0
0.0
0.0
0.0
0.0
0.0
0.0
0.0
0.0
-2.03343
0.0
0.0
0.0
0.0
0.0
0.0
0.0
0.0
0.0
0.0
0.0
0.0
0.0
0.0
0.0
0.0
0.0
0.0
0.0
0.0
0.0
0.0
0.0
0.0
0.0
0.0
0.0
0.0
0.0
0.0
0.0
0.0
0.0
0.0
0.0
0.0
0.0
0.0
0.0
0.0
0.0
0.0
0.0
-0.0137359
0.0
0.0
0.0
0.0
0.0
0.0
0.0
0.0
0.0
0.0
0.0
0.0
-0.438103
0.0
0.0
0.0
0.0
0.0
0.0
0.0
0.0
0.0
0.0
0.0
0.0
0.0
0.0
0.0
0.0
0.0
0.0
0.0
0.0
0.0
0.0
0.0
0.0
0.0
0.0
0.418177
0.430292
0.0
0.0
0.0
0.0
0.0
0.0
0.0
0.0
0.0
0.0
0.0
0.0
0.0
0.0
0.0
0.0
0.0
0.0
0.0
0.0
0.0
0.0
0.0
0.0
0.0
0.0
0.0
0.0
0.0
0.0
0.0
0.0
0.0
0.0
0.0
0.0
0.0
0.0
0.0
0.0
0.0
0.0
0.0
0.0
0.0
0.0
0.0
0.0
0.0
0.0
0.0
0.0
0.0
0.0
0.0
0.0
0.0
0.0
-1.40581
0.0
0.0
0.0
0.0
0.0
0.0
0.0
0.0
0.0
0.0
0.0
0.0
0.0
0.0
0.0
0.0
0.0
0.0
0.0
0.0
0.0
0.0
0.0
0.0
0.0
0.0
0.0
0.0
0.0
0.0
0.0
0.0
0.0
0.0
-0.265066
0.0
0.0
0.0
0.0
0.0
0.0
0.0
-1.07576
0.0
0.0
0.0
0.0
0.0
0.0
0.0
0.0
0.0
0.0
0.0
1.67407
0.0
0.0
0.0
0.0
0.0
0.0
0.0
0.0
0.0
0.0
0.0
0.0
0.0
0.0
-0.955701
0.0
0.0
0.0
0.0
0.0
0.0
0.0
0.0
0.0
0.0
0.0
0.0
0.0
0.0
0.0
0.0
0.0
0.0
0.0
0.0
0.0
0.0
0.0
0.0
0.0
0.0
0.392453
0.0
0.0
0.0
-0.24484
0.0
0.0
0.0
0.0
0.0
0.0
0.0
0.0
0.0
0.0
0.0
0.454713
0.0
0.0
0.0
0.0
0.0
0.0
0.0
0.0
0.0
0.0
0.0
0.0
0.466764
0.0
0.0
0.0
0.0
0.0
0.0
-0.646811
0.0
0.0
0.0
0.0
0.0
0.0
0.0
0.0
0.0
0.0
0.0
0.0
0.0
0.0
0.0
0.0
0.0
0.0
0.0
0.0
0.0
0.0
0.0
0.0
0.0
0.0
0.0
-0.189443
0.0
0.0
0.0
0.0
0.0
0.0
0.0
0.0
0.0
0.0
0.0
0.0
0.0
0.0
0.0
0.0
0.0
0.0
0.0
0.0
0.0
0.0
0.0
0.0
0.0
0.0
0.0
-2.15317
0.0
0.0
0.0
0.0
0.0
0.0
0.0
0.0
0.0
0.0
0.0
0.0
0.0
0.0
0.0
0.0
0.0
0.0
0.0
0.0
0.0
0.0
0.0
0.0
0.0
0.0
0.0
0.0
0.0
0.0
0.0
0.0
0.0
0.0
0.0
0.0
0.0
0.0
0.0
0.0
0.0
0.0
0.0
0.0
0.0
0.0
0.0
0.0
0.0
0.0
0.0
0.0
-0.602791
0.0
0.0
0.0
0.0
0.0
0.0
0.0
0.0
0.0
0.0
0.0
0.0
0.0
0.0
0.0
0.0
0.0
0.0
0.0
0.0
0.0
0.0
0.0
0.0
0.0
0.0
0.0
0.0
0.0
0.0
0.0
0.0
0.0
0.0
0.0
0.0
0.0
0.0
0.0
0.0
0.516401
0.0
0.0
0.0
0.0
0.0
0.0
0.0
0.0
0.0
0.0
0.0
0.0
0.0
0.0
0.0
0.0
0.0
0.0
0.0
0.0
0.43805
0.0
0.0
0.0
0.0
0.0
0.0
0.0
0.0
0.0
0.0
0.492992
0.0
0.0
0.0
0.0
0.0
0.0
0.0
0.0
0.0
0.0
0.0
0.0
0.0
0.0
0.0
0.0
0.0
0.0
0.0
0.0
0.0
0.0
0.0
0.0
0.0
0.0
0.0
0.0
0.0
0.0
0.0
0.0
0.0
0.0
0.0
0.0
0.0
0.0
0.0
0.0
0.0
0.0
0.0
0.0
0.0
0.0
0.0
0.0
0.0
0.0
0.0
0.0
0.0
0.0
0.0
0.0
0.0
0.0
0.0
0.0
0.0
0.0
0.0
0.0
0.0
0.0
0.0
0.0
0.0
0.0
0.0
0.0
0.0250715
0.0296403
-0.0552755
-0.506543
-0.393725
0.164714
-0.341946
-0.12721
1.00474
0.589209
-0.0150699
0.547372
-0.579927
0.302675
0.271673
0.117444
-0.212111
0.221817
-0.318075
-0.362524
0.149595
0.0692579
-0.0612344
0.659501
0.944079
0.0594887
-0.23496
0.77053
0.839046
0.365195
0.06376
-0.2065
0.64487
1.20847
-0.221066
-0.00571519
0.691909
-0.664038
-0.668613
0.279608
-0.411056
0.327094
-0.40205
-0.308335
0.443172
0.272437
-0.41856
0.168925
1.02318
0.0
0.0
0.0
0.0
0.0
0.0
0.0
0.0
0.0
0.0
0.0
0.0
0.0
0.0
0.0
0.0
0.0
0.0
0.0
0.0
0.0
0.0
0.0
0.0
0.0
0.0
0.0
0.0
0.0
0.0
0.0
0.0
0.0
0.693675
0.0
0.0
0.0
0.0
0.0
0.0
0.0
0.0
0.0
0.0
0.0
0.0
0.0
0.0
0.0
0.0
0.0
0.0
-0.369358
0.0
0.0
0.0
0.0
0.0
1.12838
1.20127
0.0
0.0
0.0
0.0
0.0
0.0
0.0
0.0
0.0
0.0
0.291147
0.0
0.0
0.0
0.0
0.0
0.0
0.0
0.0
0.0
0.0
0.0
0.0
0.0
0.0
0.0
0.0
0.0
0.0
0.0
0.0
0.697438
0.0
0.0
0.0
0.0
0.0
0.0
0.0
0.0
0.0
0.0
0.0
-0.383824
0.0
0.0
0.0
0.0
-1.48411
0.0
0.0
0.0
0.0
0.0
0.0
0.0
0.0
0.0
0.0
0.0
0.0
0.0
0.0
0.0
0.0
0.0
-0.574275
0.0
0.0
-0.485793
0.0
0.424147
0.0
0.0
0.0
0.0
0.0
0.753531
0.0
0.0
0.0
0.0
0.0
0.0
0.0
0.0
0.0
0.0
0.0
0.0
0.0
0.0
0.0
0.0
0.0
0.0
0.0
0.0
0.0
0.0
0.0
0.0
0.0
0.0
0.0
0.0
0.0
0.0
0.0
0.0
0.0
0.0
0.0
0.0
0.0
0.0
0.0
0.0
0.0
0.0
0.237733
0.0
0.0
0.0
0.0
0.0
0.0
0.0
-0.250607
0.0
0.0
0.0
0.0
0.0
0.0
0.0
0.0
0.0
0.0
0.0
0.0
0.0
0.0
0.0
-0.198418
0.0
0.0
0.0
0.0
0.0
0.0
0.0
0.0
0.0
0.0
0.0
-0.849989
0.0
0.0
0.0
0.0
0.0
0.0
0.0
0.0
0.0
0.0
0.0
-0.69426
0.0
0.0
0.0
0.0
0.0
0.0
0.0
0.0
0.0
-0.872314
0.0
0.0
0.0
0.0
0.0
0.0
0.0
0.0
0.0
0.0
0.0
0.0
0.0
0.0
0.0
0.0
0.0
0.0
0.0
0.0
0.0
0.0
0.0
0.0
0.0
0.0
0.0
0.0
0.0
0.0
0.0
0.0
0.0
-1.40783
0.0
0.283222
0.0
0.0
0.0
0.0
0.0
0.0
0.0
0.0
0.0
0.0
0.0
0.0
0.0
0.0
0.0
0.0
0.0
0.0
0.0
0.0
0.0
0.0
0.0
0.0
0.0
0.0
0.0
0.0
-1.52208
0.0
0.0
0.0
0.0
0.0
0.0
0.0
0.0
0.0
0.0
0.0
0.0
0.0
0.0
-1.19206
0.0
0.0
0.0
0.0
0.0
0.0
0.0
0.0
0.0
0.0
0.0
0.0
0.0
0.0
0.0
0.0
0.0
0.0
0.0
0.0
0.0938176
0.0
0.0
0.0
0.0
0.0
0.0
0.0
0.0
0.0
0.0
0.0
0.0
0.0
0.0
0.0
0.0
0.0
0.0
0.0
0.0
0.0
0.0
1.60261
0.0
0.0
0.34715
0.0
0.0
0.0
0.0
0.0
0.0
0.0
0.0
0.0
0.0
0.0
0.0
0.0
0.0
0.0
0.0
0.0
0.0
0.0
0.0
0.0
1.47747
0.0
0.0
0.0
0.0
0.0
0.0
0.0
0.0
0.0
0.0
0.0
1.43903
0.0
0.0
0.0
0.0
0.0
0.0
0.0
0.0
0.0
0.0
0.0
0.0
0.0
0.0
0.0
0.0
-0.890966
-0.545075
0.0
0.933912
0.0
0.0
-0.452799
0.0
0.0
0.0
0.0
0.0
0.0
0.0
0.0
0.0
0.0
0.0
0.0
0.0
0.0
0.0
0.0
0.0
0.0
0.0
0.0
0.0
0.0
0.0
0.0
0.0
0.0
0.0
0.0
0.0
0.787009
0.0
0.0
0.0
0.0
0.0
0.0
0.0
1.01014
0.0
0.0
0.0
0.0
0.0
0.0
0.0
0.0
0.279492
0.0
0.0
0.0
0.0
0.0
0.0
0.0
0.0
0.0
0.0
0.0
0.0
0.0
0.0
0.0
0.0
0.0
0.0
0.0
0.0
0.0
0.0
0.0
0.0
0.0
0.0
0.0
0.0
0.0
0.0
0.0
0.0
0.0
0.0
0.0
0.0
0.0
0.0
0.0
0.0
0.0
0.0
0.0
0.0
0.0
0.0
0.0
0.0
0.0
0.0
0.0
0.0
0.794259
0.0
0.0
0.0840857
0.0
0.0
0.0
0.0
0.0
0.0
0.0
0.0
0.0
0.0
0.0
0.0
0.0
0.0
0.0
0.0
0.0
0.0
0.0
0.0
0.0
0.0
0.0
0.0
0.0
0.0
0.0
0.0
0.0
0.0
0.0
0.0
0.0
0.0
0.0
0.0
0.0
0.0
0.0
0.0
0.0
0.0
0.0
0.0
0.0
0.0
0.0
0.0
0.0
0.0
0.0
0.0
0.0
0.0
0.0
0.0
0.0
0.0
0.0
1.33013
0.0
0.0
0.0
0.0
0.0
0.0
0.0
0.0
0.0
0.0
0.288437
0.0
0.0
0.0
0.0
0.0
0.0
0.0
0.0
0.73242
0.0
0.0
0.0
0.0
0.0
0.0
0.0
0.0
0.0
0.0
0.921847
0.0
0.0
0.0
0.0
0.0
0.0
0.0
0.0
0.0
0.0
0.0
0.0
0.0
0.0
0.0
0.0
0.0
0.0
0.0
0.0
0.0
0.0
0.0
0.0
0.0
0.0
0.0
0.0
0.0
0.0
0.0
0.0
0.0
0.0
0.0
0.0
0.0
0.0
0.0
0.0
0.0
0.0
-0.481374
0.0
0.0
0.0
0.0
0.0
0.0
0.0
0.0
0.0
0.0
-1.41817
0.0
0.0
0.0
0.0
0.0
0.0
0.0
-1.92051
0.0
0.0
0.0
0.0
0.0
0.0
0.0
0.0
0.0
0.0
0.0
0.0
0.0
0.0
0.0
-0.447498
0.0
0.0
0.0
0.534657
0.0
0.0
0.0
-1.50733
0.0
0.0
0.484086
0.0
0.0
0.0
0.0
0.0
0.0
0.0
0.0
0.0
0.0
0.0
0.0
0.0
0.0
0.0
0.0
0.0
0.0
0.0
0.0
0.0
0.0
0.0
0.0
0.0
0.0
0.0
0.0
0.0
-0.0046484
0.271144
-0.278751
0.130315
-0.598829
-0.15746
-0.0322478
-0.184293
0.743402
-0.519332
0.545644
0.295249
-0.467522
-0.553762
0.595747
0.0871312
0.515716
-0.31355
0.0471699
-0.422911
-0.496968
-0.146692
0.485778
0.367173
-0.0845257
0.476952
-0.141421
-0.0919694
-0.203754
0.0294124
-0.255728
0.272169
-0.22427
-1.15958
-0.267205
-0.418266
0.932505
-0.13002
-0.642642
-1.41968
0.219658
-0.279871
0.126811
0.830661
-1.01215
-0.425505
0.288147
-0.0122056
-0.819129
0.0
0.0
0.0
0.0
0.0
0.0
0.0
0.0
0.0
-0.949929
0.0
0.0
0.0
0.0
0.0
0.0
0.0
0.0
0.0
0.0
0.0
0.0925726
0.0
0.0
0.0
0.0
0.0
0.0
0.0
0.0
1.8067
0.0
0.0
0.0
0.0
0.0
0.0
0.0
0.0
0.0
0.0
0.0
0.562551
0.373667
0.0
0.0
0.0
0.0
0.0
0.0
0.0
0.0
0.0
0.0
0.0
0.0
0.0
0.0
0.0
0.0
0.0
0.0
0.0
0.0
0.0
-1.14032
0.0
0.0
0.0
0.0
0.0
0.0
0.0
0.0
0.0
0.0
0.0
0.0
0.0
0.0
0.0
0.0
0.0
0.0
0.0
-0.213929
0.0
0.0
0.0
0.0
0.0
-0.919776
0.0
-0.561872
0.0
0.0
0.0
0.0
0.0
0.0
0.0
0.0
0.0
0.0
0.0
0.0
0.0
0.0
0.0
0.0
0.540176
0.0
0.0
0.0
0.0
0.0
-1.66279
0.0
0.0
0.0
0.0
0.0
0.0
0.0
2.13288
0.0
0.0
0.0
0.0
0.0
0.0
0.0
0.0
0.0
0.0
0.0
0.0
0.0
0.0
0.0
-1.63007
0.0
0.0
0.0
0.0
0.0
0.0
0.0
0.0
0.0
0.0
0.0
0.0
0.0
0.0
0.0
0.0
0.0
0.0
0.0
0.0
0.0
0.0
0.0
0.0
0.0
0.0
0.0
0.0
0.0
0.0
0.0
0.0
0.0
0.0
0.0
0.0
0.0
0.0
0.0
0.0
0.0
0.0
0.0
-0.567405
0.0
0.0
0.0
0.0
0.0
0.0
0.0
0.0
0.0
0.0
0.0
0.0
0.0
0.0
0.0
0.0
0.0
0.0
0.0
0.0
0.0
0.0
-0.0525195
0.0
0.0
1.33792
0.0
0.0
1.1861
0.0
0.0
0.0
0.0
0.0
0.0
0.0
0.0
0.0
0.0
0.0
0.0
0.0
0.0
0.0
0.0
0.0
0.0
0.0
-1.19543
0.0
0.0
0.0
0.0
0.0
0.0
0.0
0.0
0.0
0.775226
0.0
0.0
0.0
0.0
0.0
0.0
0.0
0.0
0.0
0.0
0.0
0.253388
0.0
0.0
0.0
0.0
0.111628
0.0
0.0
0.0
0.0
0.0
0.0
-0.381239
0.0
0.0
0.0
0.0
0.0
0.0
0.0
0.0
0.0
0.0
0.0
0.0
0.0
0.579934
0.0
0.0
0.0
0.0
0.0
0.0
0.0
0.0
0.0
0.0
0.0
0.0
0.0
0.0
0.0
0.0
0.0
0.0
0.0
0.0
0.0
0.0
0.0
0.0
0.0
0.0
0.0
0.0
0.0
0.0
0.0
0.0
0.0
0.0
0.0
0.0
0.0
0.0
0.0
0.0
0.0
-0.723137
1.30425
0.0
0.0
0.0
0.3182
0.0
0.0
0.0
0.0
0.0
0.0
0.0
0.0
0.0
0.0
0.0
0.0
0.0
0.0
0.0
0.0
0.0
0.0
0.0
0.0
0.0
0.0
0.0
0.0
0.0
0.0
0.0
0.0
0.0
0.0
0.0
0.0
0.0
0.0
0.0
0.0
0.0
0.0
0.0
0.0
0.0
0.0
0.0
0.0
0.0
0.0
0.0
0.0
0.0
0.0
-0.274061
0.0
0.0
0.0
0.0
0.0
0.0
0.0
0.0
0.0
0.0
0.0
0.0
0.0
0.0
0.0
0.0
0.0
-0.320299
0.0
0.0
0.0
0.0
0.0
0.0
0.0
1.51066
0.0
-0.488491
0.0
0.0
0.0
0.0
0.0
0.0
0.0
0.0
0.0
0.0
0.0
0.0
0.0
0.0
0.0
0.0
0.0
0.0
0.0
0.0
0.0
0.0
0.0
0.0
0.0
0.0
0.0
0.0
0.0
0.0
0.0
0.0
0.0
-0.227633
0.0
0.0
0.0
0.0
0.0
0.0
0.0
0.0
0.0
0.0
0.0
0.0
0.0
0.0
0.0
0.0
0.0
0.0
0.0
0.0
0.0
0.0
0.0
0.0
-0.318548
0.0
0.0
0.0
0.0
0.0
0.0
0.0
0.0
0.0
0.0
0.0
0.0
0.0
0.0
0.0
0.0
0.0
0.0
0.0
0.0
0.0
0.0
0.0
0.0
0.0
0.0
1.87758
0.0
0.0
0.0
0.0
0.0
0.0
-0.52298
0.0
-1.4843
0.0
0.0
0.0
0.0
0.0
0.0
0.0
-0.324769
1.10184
0.0
0.0
0.0
0.0
0.0
0.0
0.0
0.0
0.0
0.0
0.0
0.0
-0.228975
0.0
0.0
0.0
0.0
0.0
0.0
0.278208
0.0
0.0
0.0
0.0
0.0
0.0
0.0
0.0
0.0
0.0
0.0
0.0
0.0
0.0
0.0
0.0
0.0
0.416797
-0.910959
0.0
0.0
0.0
0.0
0.0
0.0
0.0
0.0
0.209464
0.0
0.0
0.0
0.0
0.0
-2.1311
0.0
0.0
0.0
0.0
0.0
0.0
0.0
0.0
0.0
0.0
0.0
0.0
0.0
0.0
0.0
0.0
0.0
0.0
0.0
1.17754
0.0
0.0
0.0
0.0
0.0
0.0
0.0
0.0
0.0
0.0
0.0
0.0
0.0
0.0
0.0
-1.62508
0.0
0.0
0.0
0.0
0.31828
0.0
0.0
1.07899
0.0
0.0
0.0
0.0
0.0
0.0
0.0
0.0
0.0
0.0
0.0
0.0
0.0
0.0
0.0
0.0
0.0
0.0
0.0
0.0
0.0
0.0
0.0
-1.20569
0.0
0.0128471
0.0
0.0
0.0
0.0
0.0
0.0
0.0
0.811457
0.0
0.0
0.0
0.0
0.0
0.0
0.0
0.0
0.0
0.0
0.0
0.0
0.0
0.0
0.0
0.0
0.0
0.0
0.0
0.0
0.0
-0.171902
0.0
0.0
0.0
0.0
0.0
0.0
0.0
0.0
0.0
0.0
0.0
0.0
0.0
0.0
0.0
0.0
0.0
0.0
0.0
0.0
0.0
0.0
0.0
0.0
0.0
0.0
0.0
0.0
0.0
0.0
0.0
0.0
0.0
0.0
-0.143681
0.0
0.0
0.0
0.0
0.0
0.0
0.0
0.0
0.0
0.0
0.0
0.0
0.0
0.0
0.0
0.0
0.0
0.0
0.0
0.0
0.0
0.0
0.0
0.0
0.0
0.0
0.0
0.0
0.0
0.0
0.0
0.0
0.0
0.0
0.0
0.0
0.0
0.0
0.0
0.0
0.0
0.0
0.0
0.0
0.0
0.0
0.0
0.0
0.0
0.0
0.0
0.0
0.0
-1.06702
0.0
0.0
1.07806
0.0
0.0
0.0
0.0
0.0
0.0
0.0
0.0
0.0
0.0
0.0
0.0
0.0
0.0
0.0
0.0
0.0
0.0
0.0
0.0
0.0
0.0
0.0
0.0
0.0
0.0
0.0
0.0
0.0
0.0
0.0
0.195339
0.0
0.0
0.0
0.0
0.0
0.0
0.0
0.0
0.0
0.0
0.0
0.0
0.0
0.0
0.0
-0.603524
0.0
0.0
0.0
0.0
0.0
0.0
1.35935
0.0
0.0
0.0
0.0
0.0
0.0
0.0
0.0
0.0
0.0
0.0
0.0
0.0
0.0
0.0
0.0
0.0
0.0
0.0
0.0
0.0
0.0
0.0
0.0
0.0
0.0
0.381746
0.0
0.0
0.0
0.0
0.0
0.0
0.0
0.0
0.0
0.0
0.0
0.0
0.0
0.0
0.0
0.0
0.0
0.0
0.0
0.0
0.0
0.0
0.0
0.0
0.0
0.0
0.0
0.0
0.0
0.0
3.01137
0.0
0.0
-2.1318
0.0
0.0
0.0
0.0
0.0
0.0
0.0
0.0
0.0
0.051879
0.0
0.0
0.0
0.0
0.0
0.0
0.0
-0.120859
0.0
0.0
0.0
0.0
0.0
-0.494495
0.0
0.0
0.0
0.0
0.0
0.0
0.0
1.18419
0.0
0.119552
0.0
0.0
0.0
0.0
0.0
0.0
0.0
0.0
0.0
0.0
0.0
0.0
0.0
0.0
0.0
0.0
0.0
0.0
0.0
0.0
0.0
0.0
0.0
0.0
0.0
0.0
0.0
0.0
0.0
0.0
0.0
0.0
0.0
0.0
0.0
0.0
0.0
0.0
0.0
0.0
0.0
0.0
0.0
0.0
0.0
0.0
0.0
0.0
0.0
0.0
0.0
0.0
0.0
0.0
0.0
0.0
0.0
0.0
0.0
0.0
0.0
0.0
0.0
0.0
0.0
0.0
0.0
0.0
0.0
0.0
0.0
0.0
0.0
0.0
0.0
0.0
0.0
0.0
0.0
0.0
0.0
0.0
0.0
0.0
0.0
0.0
0.0
0.0
0.0
0.0
0.0
0.0
0.0
0.0
0.0
0.0
0.0
0.0
0.0
0.0
0.0
0.0
0.0
0.0
0.0
0.0
0.0
0.0
0.0
0.0
0.0
0.0
0.0
0.0
0.0
0.0
1.12929
0.0
0.0
0.0
0.0
0.0
0.100978
0.0
0.0
1.15178
0.0
-0.199833
-0.981671
0.0
0.0
0.0
1.54289
0.0
0.0
0.0
0.0
0.0
1.9575
0.0
0.0
0.0
0.0
0.0
0.0
0.0
-0.271673
0.0
0.0
0.0
0.0
0.150434
0.0
0.0
0.0
0.0
0.0
0.0
0.0
-0.439053
0.0
-0.316657
0.0
0.0
0.0
0.0
0.0
0.0
0.0
0.0
0.0
0.0
0.0
0.0
0.0
0.0
0.0
0.0
0.0
0.0
0.0
0.0
0.0
0.0
0.0
0.0
0.0
0.0
0.0
0.0
0.0
0.476781
0.0
0.0
0.0
0.0
0.0
0.0
0.0
0.0
0.0
0.0
0.0
0.0
0.0
0.0
0.0
0.0
0.0
0.0
0.0
0.0
0.0
0.0
0.0
0.0
0.0
0.0
0.0
-0.388345
0.0
0.0
0.0
0.0
0.0
0.0
0.0
0.0
0.0
0.0
0.0
0.0
0.0
0.0
0.0
0.0
0.0
0.0
0.0
-0.98104
0.0
0.0
0.0
0.0
0.0
0.0
0.0
0.0
0.0
0.0
0.0
0.0
0.0
0.0
0.0
0.0
0.0
0.0
0.0
0.0
0.0
0.0
0.0
0.0
0.0
0.0
0.0
0.0
0.0
0.0
0.0
0.0
0.0
0.0
0.0
1.38806
0.0
0.0
0.0
0.0
0.0
0.0
0.0
0.0
0.0
0.0
0.0
0.0
0.0
0.0
0.0
-0.1716
0.0
0.0
0.0
0.0
0.0
0.0
0.0
0.0
0.0
0.0
0.0
0.0
0.0
0.0
0.0
0.0
0.0
0.0
0.0
0.0
0.0
0.0
0.0
-0.133502
0.0
0.0
0.215331
0.0
0.0
0.0
0.0
0.0
0.0998182
0.0
0.0
0.0
0.0
0.0
0.0
0.0
0.0
0.0
0.0
0.0
0.0
0.0
0.0
0.0
0.0
0.0966691
0.0
0.0
0.0
0.0
0.0
0.0
0.0
0.0
0.0
0.0
0.0
0.0
0.0
0.0
0.0
0.0
0.0
0.0
0.0
0.0
0.0
0.0
0.0
0.0
0.0
0.0
0.0
0.0
0.0
0.0
0.0
0.0
0.0
0.0
0.0
0.0
0.0
0.0
0.0
0.0
0.0
0.0
0.0
0.0
0.0
0.0
0.0
0.0
0.0
0.0
0.0
0.0
0.0
0.0
0.0
1.06984
0.0
0.0
0.0
0.0
0.0
0.0
0.0
0.0
0.0
0.0
0.0
0.0
0.0
0.0
0.0
0.0
0.0
0.0
0.0
0.0
0.0
0.0
0.0
0.0
0.0
0.0
0.0
0.537376
0.0
0.0
0.0
0.0
0.0
0.0
0.0
0.0
0.526453
0.0
0.0
0.0
-1.75453
0.0
0.0
0.0
1.79342
0.0
0.0
0.0
0.0
0.0
0.0
0.0
0.0
0.0
0.0
0.0
0.0
0.0
0.0
0.0
0.0
0.0
0.0
0.0
0.0
0.0
0.0
0.0
0.0
0.0
0.0
0.0
0.0
0.0
-0.617319
0.0
0.0
0.0
0.0
-0.699329
0.0
0.0
0.0
0.0
0.0
0.0
0.0
0.0
0.0
0.0
0.0
0.0
0.0
0.0
0.0
0.0
0.0
0.409527
-0.520974
0.0
0.0
0.0
0.0
0.0
0.0
0.0
0.0
0.0
0.0
0.0
0.0
0.0
0.0
0.0
0.0
0.680548
0.0
0.0
0.0
0.0
0.0
0.0
0.0
0.0
0.0
0.0
0.0
0.0
0.0
0.0
0.0
0.0
0.0
0.0
0.0
0.0
0.0
0.0
0.0
0.0
1.99584
0.0
0.0
0.0
0.0
0.0
0.0
0.0
0.0
0.0
0.209226
0.0
0.0
0.0
0.0
0.0
0.0
0.0
0.0
0.0
0.0
0.0
0.0
0.0
0.0
0.0
0.0
0.0
0.0
0.0
0.0
0.0
0.0
0.0
0.0
0.0
0.0
0.0
0.0
0.0
0.0
0.0
0.0
0.0
0.0
0.0
0.0
0.0
0.0
0.0
0.0
0.0
0.0
0.0
0.0
0.0
0.0
0.0
0.0
0.0
0.0
0.0
0.0
0.0
0.0
0.0
0.0
0.0
-1.17298
0.0
0.0
0.0
0.0
-0.0313305
0.0103763
-0.277582
-0.0711198
-0.239074
-0.0752294
-0.455391
-0.027239
0.332055
-0.320027
0.410316
-0.066608
0.109242
-0.382036
0.51067
0.260069
0.142843
-0.142876
0.0282902
-0.16005
-0.482468
0.57759
0.29556
0.278327
0.102966
0.412338
-0.442767
0.13556
-0.199438
0.112144
0.517232
-0.0919987
-0.27894
-0.918463
-0.30259
-0.271308
0.384434
-0.314003
0.190912
-0.69178
0.109276
-0.120315
0.14563
0.271485
-0.899674
-0.00339958
0.183562
-0.0388221
-0.668397
0.0
0.0
0.0
0.0
0.0
-0.422482
0.0
0.0
0.0
0.0
0.0
0.0
0.0
0.567364
0.0
0.0
0.0
-1.51666
0.0
0.0
0.0
0.0
0.0
0.0
0.0
0.0
0.0
0.0
0.0
0.0
0.0
0.0
0.0
0.0
0.0
0.0
0.0
0.0
0.0
0.0
0.0
0.0
0.0
0.0
0.0
0.0
0.0
0.0
0.0
0.0
0.0
0.0
-0.879327
0.0
0.0
0.0
0.0
0.0
0.0
0.0
0.0
0.0
0.0
0.0
0.0
0.0
0.0
0.0
0.0
0.0
0.0
0.0
0.0
0.0
0.0
0.0
0.0
0.546148
0.0
0.0
0.0
0.0
0.0
0.0
0.0
0.0
0.0
0.0
0.0
0.0
0.0197325
0.0
0.0
0.0
0.0
0.0
0.0
-0.906755
0.0
0.0
0.0
0.0
0.0
0.0
0.0
0.0
0.0
0.0
0.0
1.71633
0.0
0.0
0.0
0.0
0.0
0.0
0.0
0.0
0.0
0.0
0.0
2.1429
0.0
0.0
0.0
0.0
0.0
0.329796
0.0
0.0
0.0
0.0
0.0
0.0
0.0
0.0
0.0
0.0
0.0
0.0
0.0
0.0
0.0
0.0
0.0
0.0
0.0
0.0
0.0
0.0
0.0
0.0
0.0
0.0
0.0
0.0
0.0
0.0
0.0
0.0
0.0
0.0
0.0
0.0
0.0
0.0
0.0
0.0
0.0
0.0
0.0
0.0
0.0
0.0
0.0
0.0
0.0
0.0
0.0
0.0
0.0
0.0
0.0
0.0
0.0
0.0
0.0
0.0
0.0
0.503993
0.0
0.0
0.0
0.120127
0.0
0.0
-0.556571
0.0
0.0
0.0
0.0
0.0
0.0
0.0
0.0
0.0
0.0
0.0
0.0
0.0
0.0
0.0
0.0
0.0
-0.106764
0.0
0.0
0.0
0.0
0.0
0.0
0.0
0.0
0.0
0.0
0.0
0.0
0.0
0.0592864
0.0
0.0
0.0
0.0
0.0
0.0
0.0
-1.11479
0.0
0.0
0.0
0.0
0.0
0.0
0.0
0.0
0.0
0.0
0.0
0.0
0.0
0.0
0.0
0.0
0.0
0.0
0.0
0.0
0.0
0.0
0.0
-1.42275
0.0
0.0
0.0
0.0
0.0
0.0
0.0
0.0
0.0
0.0
0.0
0.0
0.0
0.0
0.0
0.0
0.0
0.0
0.0
0.0
-0.355249
0.0
0.0
0.0
0.0
0.0
0.0
0.0
0.0
0.0
0.0
0.0
0.0
0.0
0.0
0.0
0.0
0.0
0.0
0.0
0.0
0.0
0.0
0.0
0.0
0.0
0.0
0.0
0.0
0.0
0.0
0.0
1.25335
0.0
0.0
0.0
0.0
0.0
0.0
0.0
0.0
0.0
0.0
0.0
-0.408043
-0.127227
0.0
0.0
0.652632
0.0
0.0
0.0
0.0
0.0
0.0
0.0
0.0
0.0
0.0
0.0
0.0
0.0
0.0
0.0
0.0
1.25959
0.0
0.0
0.0
0.0
0.0
0.0
0.0
0.0
0.0
0.0
0.0
0.0
0.0
0.0
0.0
0.0
0.0
0.0
0.495897
0.0
0.0
0.0
0.0
0.0
0.0
0.0
0.0
0.0
0.0
0.0
0.0
0.0
0.0
0.0
0.0
0.0
0.0
0.0
0.0
0.0
0.0
1.06512
0.0
0.0
0.0
0.0
0.0
0.0
0.0
0.0
0.0
0.0
-0.80137
0.0
0.0
0.0
0.0
0.0
0.0
0.0
0.0
0.0
0.0
0.0
0.0
0.0
0.0
0.0
0.0
0.0
0.0
0.0
0.0
0.0
0.0
0.0
0.0
0.0
-0.641982
0.0
0.0
0.0
0.0
0.0
-0.0376952
0.0
0.0
0.0
0.0
0.0
0.0
0.0
0.0
0.0
0.0
0.0
0.0
0.0
0.0
0.0
0.0
0.0
0.0
0.0
0.0
0.0
0.0
0.0
0.0
0.0
0.0
0.0
0.0
0.0
0.0
0.0
0.0
0.0
0.0
0.0
0.0
0.0
0.0
0.0
0.0
0.0
0.0
0.0
0.0
0.0
-0.428726
0.0
0.0
0.0
0.0
0.0
0.0
0.0
0.0
0.0
0.0
0.0
0.0
0.0101785
-0.221448
-0.135577
-0.619369
0.173948
0.276219
-0.0715996
-1.79712
0.424517
-0.571986
0.929906
0.0993626
0.174999
0.042139
-0.000586174
0.18831
0.0160018
-0.398268
0.0830167
-0.0467225
-0.479183
0.934192
-0.150658
0.506157
0.518709
0.313656
-1.07531
0.113465
0.647787
-0.0269609
-1.02254
-0.12684
-0.0344005
0.349176
-0.000108716
-0.310938
1.10017
0.0115425
-0.229529
-0.16004
1.55334
0.221052
0.112251
-0.0422149
-0.0447516
-0.191671
-0.34955
0.0108545
-0.246192
0.0
0.0
0.0
0.0
0.0
0.0
0.0
0.0
0.0
0.0
0.0
0.0
1.36873
0.0
0.0
0.0
0.0
0.0
0.0
0.0
0.0
0.0
0.0
0.0
0.0
0.0
0.0
0.0
0.0
0.0
1.1183
0.0
2.27976
0.0
0.0
0.0
0.0
0.0
0.0
0.0
0.0
0.0
0.0
0.0
0.0
0.0
0.0
0.0
0.0
0.0
0.0
0.0
0.919781
0.0
0.0
0.0
0.0
0.0
0.0
0.0
0.0
0.0
0.0
0.0
0.0
0.0
0.0
0.0
0.0
0.0
0.0
0.0
-0.637886
0.0
0.0
0.0
0.0
0.0
0.0
0.0
0.0
0.0
0.0
0.0
0.0
0.0
0.0
0.0
0.0
0.0
0.0
0.0
0.0
0.0
0.0
0.0
0.0
0.0
0.0
0.0
0.0
0.0
0.0
0.0
0.0
0.0
0.0
0.0
0.0
0.0
0.0
0.0
0.0
0.0
0.0
0.0
0.0
0.0
0.0
0.0
0.0
0.0
0.0
0.0
0.0
0.0
0.0
0.0
0.0
0.0
0.0
0.0
0.0
0.0
0.0
0.0
0.0170028
0.0
0.0
0.0
0.0
0.0
0.0
0.0
0.0
0.0
0.0
0.0
0.0
0.0
-0.796423
0.0
0.614186
-0.154165
0.0
0.0
0.0
0.0
0.0
0.0
-0.174647
0.0
1.09039
0.0
0.0
0.0
0.0
0.0
0.0
0.0
0.0
0.0
0.0
0.0
0.0
0.0
0.0
0.0
0.0
0.0
0.0
0.0
0.0
0.0
-0.290579
0.0
0.0
0.0
0.0
0.0
0.0
0.0
0.0
0.0
0.0
0.0
-0.807426
0.0
0.0
0.0
0.0
0.0
0.0
0.0
0.0
0.0
0.0
0.0
0.0
0.0
0.0
-0.952945
0.0
0.0
-0.104855
0.0
0.0
0.0
0.0
0.0
0.0
0.0
0.0
0.0
0.0
0.0
0.0
0.0
0.0
0.0
0.0
0.0
-1.44
0.0
0.0
0.0
0.0
0.0
0.0
0.0
0.0
0.0
0.0
0.0
0.0
0.0
0.0
0.0
0.0
0.0
0.0
0.0
0.0
0.0
0.0
0.12126
0.0
0.0
0.0
0.0
0.0
0.0
0.0
0.0
0.0
0.0
0.0
0.0
0.0
0.0
0.0
0.0
0.0
0.0
0.0
0.0
0.0
0.0
0.0
0.660297
0.0
0.0
0.0
0.0
0.0
0.0
0.0
0.0
0.0
0.0
0.0
0.0
0.0
0.0
0.0
0.0
0.0
0.0
0.0
0.0
0.0
0.0
-0.94246
0.0
0.0
0.0
0.0
0.0
0.0
0.0
0.0
0.0
0.0
0.0
0.0
0.0
0.0
0.0
0.0
0.0
0.0
0.0
-1.82997
0.0
0.0
0.0
0.0
0.0
0.0
0.0
0.0
0.0
0.0
0.0
0.0
0.0
0.0
0.0
0.0
0.0
0.0
0.0
0.0
0.659656
0.0
0.0
0.0
0.0
0.0
0.0
0.0
0.0
0.0
0.0
0.0
0.0
0.0
0.0
0.0
0.0
0.0
0.0
0.0
0.0
0.0
0.0
0.0
0.0
1.63676
0.0
0.0
0.0
0.0
0.0
0.0
0.0
0.0
0.0
0.0
0.0
0.0
0.0
0.0
0.0
0.0
0.0
0.0
0.0
0.0
0.0
0.0
0.0
0.0
0.0
0.0
0.0
1.62675
0.0
0.0
0.0
0.0
0.0
0.0
0.0
0.0
0.0
0.0
0.0
0.0
0.0
0.0
0.0
0.0
0.0
0.0
0.0
0.0
0.0
-0.947605
0.0
0.0
0.0
0.0
0.0
0.0
0.0
0.0
0.0
0.0
0.0
0.0
0.0
0.0
0.0
0.0
0.0
0.0
0.0
0.0
0.0
0.0
0.0
0.0
0.0
0.0
0.0
0.0
0.0
0.0
0.0
0.0
0.0
0.0
0.0
0.0
0.0
0.0
0.0
0.0
0.0
0.0
0.934915
0.0
0.0
0.0
0.0
0.0
0.0
0.0
0.0
0.0
0.0
0.743648
0.0
0.0
0.0
0.0
0.0
0.0
0.0
0.0
0.0
0.0
0.0
0.0
0.0
0.0
0.0
0.0
0.0
0.0
0.839778
0.0
0.0
0.0
0.0
0.0
0.0
0.0
0.0
0.0
0.0
0.0
0.0
0.0
0.0
0.0
0.0
0.0
-0.833185
0.0
0.0
0.0
0.0
0.0
0.0
0.0
0.0
0.0
0.0
0.0
0.775291
0.0
0.0
0.0
0.0
0.0
0.0
0.0
0.0
0.0
0.0
0.0
0.0
0.0
0.0
0.0
0.0
0.0
0.0
0.0
0.0
0.0
0.0
0.0
-1.24791
0.0
0.0
0.0
-1.27775
0.0
0.0
0.0
0.0
0.0
-0.286481
0.0
0.0
0.0
0.0
2.09318
0.0
0.0
0.0
0.0
0.0
0.0
0.0
0.0
0.0
0.0
0.0
0.0
0.0
0.0
0.0
0.0
0.0
0.0
0.0
0.0
0.0
0.0
0.0
0.0
0.0
0.0
0.0
0.0
0.0
0.0
0.0
0.0
0.0
0.0
0.0
0.0
0.202602
0.0
0.0
0.0
0.0
0.0
0.0
0.0
0.0
0.0
0.0
0.0
0.0
0.0
0.0
0.0
0.0
0.0
0.0
0.0
0.0
0.0
0.0
0.0
0.0
0.0
0.0
0.0
0.0
0.0
0.0
0.0
0.0
0.0
0.0
0.0
0.0
0.0
0.0
0.0
0.0
0.0
0.0
0.0
-1.54864
0.0
0.0
0.282617
0.0
0.0
0.0
0.0
0.0
0.0
-0.949716
0.0
0.0
0.0
0.0
0.0
0.0
0.0
0.0
0.0
0.0
0.0
0.0
0.0
0.0
0.0
0.0
0.0
0.0
0.0
0.0
0.0
0.0
0.0
0.0
0.0
0.0
0.0
0.0
0.0
0.0
0.0
0.0
0.0
0.0
0.0
0.0
0.245557
0.0
0.0
0.0
0.0
0.0
0.0
0.0
0.0
0.0
0.0
0.0
0.0
0.0
0.0
0.0
0.0
0.0
0.0
0.0
0.0
0.0
0.0
0.0
0.0
0.0
0.0
-0.540085
0.0
0.0
0.0
0.0
0.0
0.0
0.0
0.0
0.65522
0.0
0.0
0.0
0.0
0.0
0.0
0.0
0.0
0.0
0.0
0.0
0.0
0.877166
0.0
0.0
0.0
-1.24302
0.0
0.0
0.0
0.0
1.17656
0.0
0.0
0.0
0.0
0.0
0.0
0.300568
0.0
0.0
0.0
0.0
0.0
0.0
0.0
0.0
0.0
0.832742
0.0
0.0
0.0
0.0
0.0
0.0
0.0
0.0
0.0
0.0
0.0
0.0
0.0
0.0
-0.135641
0.214384
0.0
0.0
0.0
0.0
0.0
0.0
0.0
0.0
0.0
0.0
0.0
0.0
0.0
0.0
-2.59465
0.0
0.0
0.0
0.0
0.0
1.60467
0.0
0.0
0.0
0.0
0.0
0.0
0.0
0.0
0.0
0.0
0.0
0.0
0.0
0.0
0.0
0.0
0.0
1.40589
0.0
0.0
1.0509
0.0
0.0
0.0
0.0
0.0
0.0
0.0
0.0
0.0
0.0
0.0
0.0
0.0
0.0
0.0
0.0
0.0
0.113646
0.0
0.0
0.0
-0.183352
0.0
0.0
0.0
0.0
0.0
0.0
0.0
0.0
0.0
0.0
0.0
0.0
0.0
0.0
0.0
0.0
0.0
0.0
0.0
0.0
0.0
0.0
0.0
0.0
0.0
0.0
0.0
0.0
0.0
-1.09744
0.0
0.0
0.0
0.0
-0.537177
0.0
0.0
0.0
0.0
0.0
0.0
0.0
0.0
-0.609883
0.0
0.115792
0.0
0.0
0.0
0.0
0.0
0.0
0.0
0.0
0.0
0.0
0.0
0.0
0.0
0.0
0.0
0.0
0.0
0.0
0.301755
0.0
0.0
0.0
0.0
0.0
0.0
0.0
0.0
0.0
0.0
0.0
0.0
0.0
0.0
0.0
0.0
0.0
0.0
0.0
0.0
0.0
0.0
0.0
0.0
0.0
0.0
0.0
0.0
0.0
0.0
0.0
0.0
0.0
0.0
0.0
0.0
0.0
0.0
0.0
0.0
0.0
0.0
-0.407451
0.0
0.0
0.0
0.0
0.0
0.0
0.0
0.0
0.0
0.0
0.0
0.0
0.0
0.0
0.063903
0.0
0.514903
0.0
0.0
0.0
0.0
0.0
0.0
-0.0854511
0.0
0.0
0.0
0.0142969
-0.015771
-0.401391
-0.214739
-0.00406811
0.0449673
-0.101342
-0.165184
-0.162012
0.614758
-0.573147
0.563521
0.128595
-0.516089
-0.494804
0.0342697
0.0282984
0.00397677
-0.265252
0.387708
-0.124441
-0.550724
0.365028
0.450856
0.768537
0.0090307
0.500549
-0.409851
-0.237773
-0.203791
0.00976654
0.265601
0.237936
-0.138923
-0.955682
-0.226891
-0.354595
0.623689
-0.263499
0.311147
-0.474937
-0.00478678
0.383494
-0.0159712
0.247678
-0.948624
-0.13862
0.133186
-0.173809
-0.622567
0.0
0.663503
0.0
0.0
0.168038
0.0
0.0
0.0
0.0
0.0
0.0
0.0
0.0
0.0
0.0
0.0
0.0
0.0
0.0
0.0
0.0
0.0
0.0
0.0
0.0
0.0
0.0
0.0
0.0
0.0
0.0
0.0
0.0
0.0
0.0
0.0
1.791
0.0
0.0
0.0
0.0
0.0
0.0
0.0
0.0
0.0
0.0
0.0
0.0
0.0
-1.55755
0.0
0.0
0.0
0.0
0.0
0.0
0.0
0.0
0.0
0.0
0.0
0.0
0.0
0.0
0.0
0.0
1.49305
-0.612265
0.0
0.0
0.329012
0.0
0.0
0.0
0.0
0.0
0.0
0.0
0.0
0.0
0.0
0.0
0.0
0.0
0.0
0.0
0.0
0.0
0.0
0.0
0.0
0.0
0.0
0.0
0.0
0.0
0.0
0.0
0.0
0.0
0.0
0.0
0.0
0.0
0.0
-1.78002
0.0
0.0
-0.494849
0.0
0.0
0.0
0.0
0.0
0.0
0.0
0.0
0.0
0.0
0.0
0.0
0.0
0.0
-0.556437
0.0
0.0
0.0
0.0
-0.901427
0.0
0.0
0.0
0.0
0.0
0.605237
0.0
0.0
0.0
0.0
0.0
0.0
0.0
0.0
0.0
0.0
0.0
0.0
0.0
0.0
0.0
0.0
0.0
0.0
0.0
0.0
0.0
0.0
0.0
0.0
0.0
0.0
0.0
0.0
0.0
0.0
0.0
0.0
0.0
0.0
0.0
0.0
0.0
0.0
0.0
0.206915
0.0
0.0
0.0
0.0
0.0
0.0
0.0
0.0
0.0
0.0
0.0
0.0
0.0
0.0
0.0
0.0
0.0
0.0
0.0
0.999626
0.0
0.0
0.0
0.0
0.0
0.0
0.0
0.0
0.0
0.0
0.0
0.0
0.0
0.0
0.0
0.0
0.0
0.0
0.649265
0.0
0.0
0.0
0.0
0.0
0.0
0.0
0.0
0.0
0.0
0.0
0.0
0.0
0.0
0.0
0.0
0.0
0.0
0.0
0.0
0.0
0.0
0.0
0.0
0.0717644
0.0
0.0
0.0
0.0
0.0
0.0
0.0
0.0
0.83977
0.0
0.0
0.0
0.0
0.0
0.0
0.0
0.0
0.0
0.0
0.0
0.0
0.0
0.0
0.0
0.0
0.0
-0.519037
0.0
0.0
0.0
0.0
0.0
0.0
0.0
0.0
0.0
0.0
0.0
0.0
0.0
0.0
0.0
0.0
0.0
0.0
0.0
0.0
0.0
0.0
0.0
0.0
0.0
0.0
0.0
-0.00364002
-0.541566
-0.122055
0.231893
-0.312144
0.0819521
-0.165292
-0.136444
0.2661
-0.665653
0.605486
0.370956
-0.205392
-0.25208
0.615399
0.116268
0.160204
-0.545946
-0.13334
-0.261383
-0.523645
0.178034
0.241479
0.165062
0.371707
0.319926
-0.930205
0.023973
-0.119193
1.80527
0.263656
0.00414594
-0.203575
-0.0512839
-0.117873
-0.310304
0.823088
-0.384702
0.350935
-0.188398
0.303491
0.21042
0.224698
-0.00116155
-0.601763
-0.0550662
0.161754
-0.0985514
-0.441138
0.0
0.0
0.0
0.0
-0.161121
0.0
0.0
0.0
0.0
0.0
0.0
0.0
0.0
0.0
0.0
0.0
0.0
0.0
0.0
0.0
0.0
0.0
0.0
0.0
0.0
0.0
0.0
0.0
0.0
0.0
0.0
0.0
0.0
0.0
0.0
0.218403
0.0
0.0
0.0
0.0
0.0
0.0
0.0
0.0
0.0
0.0
1.73742
0.0414764
0.0
0.0
0.0
0.0
-0.0541847
0.0
0.0
0.0
0.0
0.0
0.0
0.0
0.0
0.0
0.0
0.0
0.0
0.0
0.0
0.0
0.0
0.0
0.0
1.20352
1.86168
0.0
0.0
0.0
0.0
0.0
0.0
0.0
0.0
0.0
0.0
0.0
0.0
0.0
0.0
0.0
0.0
0.0
0.0
0.0
0.0
0.0
0.0
0.0
0.0
0.0
0.0
0.0
0.0
0.0
0.0
0.0
0.0
0.0
0.0
0.0
0.0
0.0
0.0
0.0
0.0
0.0
0.0
0.0
0.0
0.0
0.0
0.0
0.0
0.0
0.0
0.0
0.0
0.0
0.0
0.0
0.0
0.0
0.0
0.0
0.0
0.0
0.0
0.0
0.0
0.0
0.0
0.0
0.0
-1.50433
0.0
0.0
0.0
0.0
0.0
0.0
0.0
0.0
0.0
0.0
0.0
0.0
0.0
0.0
0.0
0.0
-2.08936
0.0
0.0
0.0
0.0
0.0
0.0
-0.718045
0.0
0.0
-0.663767
0.0
0.0
0.0
0.0
0.0
-1.21986
0.0
0.0
0.0
0.0
0.0
0.0
0.0
0.0
0.0
0.0
0.0
0.0
0.0
0.0
0.0
0.0
0.0
0.0
0.0
0.0
0.0
0.0
0.0
0.0
0.0
0.0
0.0
0.0
0.0
0.0
0.0
0.0
0.0
0.0
0.0
0.0
0.0
0.0
0.0
-1.22402
0.0
0.0
0.0
0.0
0.0
0.0
0.0
0.0
0.65455
0.0
0.0
0.0
0.0
0.0
0.0
0.0
0.0
0.0
0.0
0.0
0.0
0.0
0.0
0.0
0.0
0.0
-0.175831
0.0
0.0
1.19098
0.0
0.0
0.0
0.0
0.0
0.0
0.0
0.0
0.0
0.0
0.0
0.0
0.0
0.0
0.0
0.0
0.0
0.0
0.0
0.0
0.0
0.0
0.0
0.0
0.0
0.0
0.0
0.0
0.0
0.0
0.0
0.0
0.0
0.0
0.0
0.0
0.0
0.0
0.0
0.0
0.0
0.0
-1.0844
0.0
0.0
0.0
0.0
0.0
0.0
0.0
0.0
0.0
0.0
0.0
0.0
0.0
0.0
0.0
0.0
0.0
0.0
0.0
0.0
0.0
0.0
0.0
0.0
0.0
0.0
0.0
0.0
0.0
0.0
0.0
-0.604377
0.0
0.0
0.0
0.0
0.0
0.0
0.0
0.0
0.0
0.0
0.0
0.0
0.0
0.0
0.0
0.0
0.0
0.0
0.0
0.0
0.0
-0.0741
0.0
0.0
0.0
0.0
0.0
0.0
0.0
0.0
0.0
0.0
0.0
0.0
0.0
0.0
0.0
0.0
0.0
0.0
0.0
0.0
0.0
0.0
0.0
0.0
0.0
0.0
-0.498594
0.0
0.0
0.0
0.0
0.0
0.0
0.0
0.0
0.0
0.0
0.0
0.0
0.0
1.88807
0.0
0.0
0.0
0.0
0.0
0.0
0.0
0.0
0.0
0.0
0.0
0.0
0.0
0.0
0.0
0.0
0.0
0.0
0.0
0.0
0.0
0.0
0.0
-0.906437
0.0
0.0
-0.873162
0.0
0.0
0.0
0.0
0.0
0.0
0.0
0.0
0.0
-0.00572269
0.0
0.0
0.0
0.0
0.0
0.0
0.0
0.0
0.0
0.0
0.0
0.0
0.0
0.0
0.0
0.0
0.0
0.0
-0.219729
0.0
0.0
0.0183157
-0.304096
0.0189919
0.35045
-0.470755
1.09695
-0.000817526
-0.148748
0.603739
-0.613795
0.782638
0.305976
-0.263257
-0.32834
0.426717
0.0453104
0.798583
-0.521292
0.426843
-0.16023
-0.569511
0.0169658
0.507054
-0.238083
0.17387
0.424475
-0.498992
-0.312807
-0.3781
-0.170265
0.454881
0.156324
-0.382338
-0.781857
-0.13177
-0.406624
1.04861
-0.348819
0.780127
-0.0576281
-0.0462085
0.974203
0.0181056
0.285059
-1.16813
-0.0762723
0.115088
-0.0896888
-0.834884
0.0
0.0
0.0
0.0
0.0
0.0
0.0
0.0
0.0
0.0
0.0
0.0
0.0
0.0
0.0
0.0
0.0
0.0
0.0
0.0
0.0
-0.0282697
0.0
0.0
0.0
0.0
0.0
0.0
0.0
0.0
0.0
0.0
0.0
0.0
0.0
0.0
0.0
0.0
0.0
0.0
0.0
0.0
0.0
0.0
-0.0439108
-0.078141
0.0
0.0
1.29456
0.0
0.32727
0.0
0.0
0.0
0.0
0.0
0.0
0.0
0.0
0.0
0.0
0.0
0.0
0.0
0.0
0.0
0.0
0.0
0.0
0.0
0.0
0.0
0.0
0.0
0.0
0.0
0.0
0.0
0.0
0.0
0.0
-0.331821
0.0
0.0
0.0
0.0
0.0
0.0
0.0
0.0
0.0
0.0
0.0
0.0
0.0
0.0
0.0
0.0
0.0309985
-0.359513
-0.0606912
0.369596
-0.721577
-0.0784169
-0.0370669
0.0255706
0.376825
-0.647254
1.09394
0.444901
-0.182409
-0.246962
0.610376
0.0982329
0.411164
-0.736816
0.046566
-0.275816
-0.528976
0.0681634
0.46039
-0.0715125
0.40971
0.38627
-0.829248
-0.216951
-0.305492
-0.186504
0.246738
-0.0771745
-0.443202
-0.295258
-0.0414444
-0.408621
1.11063
-0.355554
0.490882
-0.13901
0.178826
0.017719
0.130452
0.0894594
-0.998723
-0.205751
0.100439
-0.102078
-0.99483
0.0
0.0
0.0
0.0
0.0
0.0
0.0
0.0
0.0
0.0
0.0
0.0
0.0
0.0
0.0
0.0
0.0
0.0
0.0
0.0
0.0
0.0
0.0
0.0
0.0
0.0
0.0
0.0
0.0
0.0
0.0
0.0
0.0
0.0
0.0
0.0
0.0
0.0
0.0
0.0
0.0
0.0
0.0
0.0
0.0
0.0
0.0
0.0
0.0
0.0
0.0
0.0
0.0
0.0
0.0
0.0
0.0
0.0
0.0
0.0
0.0
0.0
0.0
0.0
0.0
0.0
-0.346525
0.0
0.0
0.0
0.0
0.0
0.0
0.0
0.0
0.0
0.0
0.0
0.0
0.0
-0.473776
0.0
0.0
-1.78971
0.0
0.0
0.0
0.0
0.0
-1.57289
0.0
0.0
0.0
0.528691
0.0
0.0
0.0
0.0
0.0
0.0
0.0
0.0
0.0
0.0
0.0
0.0
0.0
0.0
0.0
0.0
0.0
0.0
0.0
0.0
0.0
0.0
0.0
0.0
-1.29769
0.0
0.0
0.0
0.0
-0.489402
0.0
0.0
0.0
-0.147908
0.0
0.0
0.0
0.0
0.0
0.0
0.0
0.0
0.0
0.0
0.0
0.0
0.0
0.430355
0.0
0.0
0.0
0.0
0.0
0.0
0.0
1.27612
0.0
0.0
0.0
0.0
0.0
0.0
0.0
0.0
0.0
1.88782
0.0
0.0
0.0
0.0
0.0
0.0
0.0
0.0
0.0
0.0
0.0
0.0
0.0
0.0
0.0
0.0
0.0
0.0
0.0
0.0
0.0
0.0
0.0
0.0
0.0
0.0
0.0
0.0
0.0
0.0
0.0
0.0
0.0
0.0
0.0
0.0
0.0
0.0
0.0
0.0
0.0
0.0
0.0
0.0
0.0
1.2739
0.0
0.0
-1.44039
0.0
0.0
0.0
0.0
0.0
0.0
0.0
0.0
0.0
0.0
0.0
0.0
0.0
0.0
0.0
0.0
0.0
0.0
0.0
0.0
0.0
0.441761
0.0
0.0
0.0
0.0
0.0
0.0
0.0
0.0
0.0
0.0
0.0
0.0
0.0
0.0
0.0633556
0.637056
0.0909688
-0.430038
-1.94767
-0.141394
1.27688
-0.143143
-0.232256
0.630087
0.155679
0.00323649
-0.725577
0.0934433
0.431367
-0.0435848
-0.145531
0.636779
0.202102
0.171908
-0.672535
0.546141
0.31357
0.517961
0.304147
-0.496499
0.683077
2.82497
0.379504
0.378136
-0.126726
-0.08497
-0.0348456
1.25248
0.196262
0.0538804
1.75009
-0.0849638
-0.128532
-0.552128
1.9264
2.15163
-0.146574
1.04022
-1.25871
-1.09298
2.29421
-0.152733
-2.06841
-0.01159
-0.696093
-0.171675
-0.00150779
0.00811854
0.174483
-1.32399
0.0186615
0.277374
-0.635537
-0.353838
0.268896
0.219959
-0.321314
-0.0860641
0.056448
-0.161309
-0.859393
0.0190955
-0.209332
1.28732
0.117262
-1.89011
-0.203933
-0.795016
0.713695
-0.400424
-1.40309
0.0403295
-0.050622
-0.187041
0.367107
-0.0470175
-1.81344
0.174089
-0.0789083
-1.7773
-0.633237
0.0625379
0.749424
-0.254921
-2.36761
0.321176
-1.25556
0.997667
0.918884
-1.38423
-0.224398
2.05136
0.0324394
-2.04819
0.267528
-0.0588331
0.71004
1.18115
2.18769
0.373379
0.207022
-0.261784
-1.05323
0.507042
0.820587
4.35968
2.14214
-0.447305
-0.298095
1.58767
0.0230695
0.796749
0.335788
1.2036
0.317494
-0.160426
-1.38884
-1.70565
-1.77825
0.0348091
0.0128137
0.122447
0.632977
0.102066
0.0455458
0.17453
1.71404
-2.07458
0.599962
0.0548371
0.647984
-2.46867
3.319
-0.435862
0.300969
-0.794684
-0.203461
0.802454
-0.167047
0.609687
-2.36943
0.0331496
0.901557
0.0674118
-0.472567
-0.99622
-0.684013
-3.36846
0.343753
1.00013
1.02911
0.786794
-1.31882
-0.834154
-1.83081
-2.93629
-0.189101
2.00309
-2.25692
-0.0208714
0.109899
-0.411489
-1.24743
-0.794733
-0.560022
3.16833
3.02829
-0.101263
0.160237
0.178945
-0.108171
-0.808823
0.193478
-0.0193448
-0.253787
-1.66341
1.11595
1.18235
3.30815
0.764526
2.19818
-2.30081
0.214162
-0.0335935
-0.000452835
-0.329288
-0.165025
0.408845
0.356741
0.54433
1.0162
-0.0593973
-0.0807306
-0.431555
-0.070619
0.0330943
-0.0469831
0.0270517
0.0448969
-0.00525852
-0.198156
-0.127621
-0.147306
-0.228225
0.345295
0.0128081
-0.306694
-0.222633
0.221182
-0.0373694
0.613441
0.663504
-0.0448857
0.313981
-0.491052
0.217085
0.282127
-0.176737
0.419818
0.327498
-0.314043
0.282157
-0.0818796
-0.682355
0.371254
-0.0248963
-1.27981
-0.718582
-0.0659489
0.99385
0.12984
-0.216006
0.174651
-0.215288
-0.261062
-0.173872
-0.075084
-0.285936
-0.0168415
0.0242075
-0.290208
0.0554113
-0.00445488
-0.00340553
0.137191
-0.202901
-0.135147
-0.0661414
-0.0326118
0.134971
0.043757
0.0623789
-0.269309
-0.0072627
-0.0302862
0.112292
-0.232205
0.0233777
-0.306335
0.15416
0.0203621
0.00932572
0.0357698
-0.19122
0.171088
0.0773199
-0.18806
0.0530656
0.0345569
-0.12839
0.132784
-0.193251
-0.274559
-0.0133629
-0.0183935
0.292097
-0.10621
-0.143193
-0.0495508
0.080281
-0.0315258
-0.0140884
-0.147291
0.190777
0.34681
-0.00518789
0.0961248
-0.0578113
1.33192
-0.584021
0.809402
-0.00986992
-0.0653022
0.0407496
-0.0642604
-0.0840333
0.0920662
0.293136
0.101537
1.08372
2.53691
-0.627451
0.604716
-0.104184
-0.241573
-0.61387
0.00763287
1.10217
-0.184971
0.416386
-0.0227104
-0.0828318
-0.457561
-0.860637
0.479424
-1.41821
0.00696933
0.147638
-0.158458
-0.0730113
-0.0554819
-0.209798
-0.165779
0.248687
-0.394433
0.44394
0.716746
1.20338
0.624836
-0.520467
0.356974
-0.252072
-1.02198
-0.81197
-0.198988
-0.481967
0.537205
1.82276
0.784906
-0.357783
-0.00081661
-1.61676
0.138105
-0.248239
-0.101114
-0.0366411
0.126095
0.042896
0.0401199
2.08029
-0.114989
-1.00424
-0.0218663
0.0627373
-0.27227
0.0193287
-0.070717
-0.100283
0.0594447
-0.126023
0.0251079
-0.069425
1.81125
-1.46445
-0.147223
0.0517001
0.000880691
-0.188361
0.0905855
-0.179876
0.0608004
0.0452346
0.0163607
2.15633
-0.302224
-0.123009
-0.0744236
0.0758102
-0.0564393
0.0436037
-0.174013
0.131946
0.109236
-0.030387
-0.0723469
0.005212
1.73518
-1.80419
-1.98774
0.00162575
2.60439
0.139884
-0.347222
-0.157071
0.115907
0.222703
0.0371866
0.099728
-1.07482
2.23486
-3.00925
1.58501
1.7617
-0.438728
0.0229437
-0.124639
-0.373451
-0.0535672
-0.0500222
0.0398489
1.00574
0.189328
-0.506576
0.998549
0.634696
-0.049608
-0.178322
0.0933328
-0.155214
0.00620151
0.00121644
-0.064369
0.0846764
1.91251
-0.129409
-0.0594613
0.166465
-0.0510477
0.00847142
-0.121715
0.230153
0.165737
-0.0350983
-0.050432
-0.0448532
-0.000569151
0.985747
1.95991
2.44912
2.34661
-2.4026
-0.330322
-0.917496
0.289005
0.0693747
-0.0385992
0.364401
-0.259665
-0.13201
2.12252
2.19846
-0.0585948
-2.03098
0.0265126
0.312654
0.205684
-0.316754
0.167011
0.0230424
1.44315
-0.107541
2.12928
-0.162641
-0.245543
-0.14666
0.126263
0.127834
-0.150903
0.175222
-0.6047
0.311708
-0.116811
1.17038
-0.00862886
-0.138544
0.0599804
-0.0933041
-0.00592705
0.0634031
-0.517424
-0.0539567
0.159212
0.214206
0.309913
0.0299215
-0.277464
2.27314
2.14183
1.77805
2.39334
-0.365881
2.54433
0.102622
0.243975
0.0179048
0.0552809
0.0720048
-2.35402
-0.1741
2.63461
-1.75885
-0.466098
0.0243007
-0.553502
-0.139708
-0.0614629
0.0236946
0.00891775
-0.13721
-1.20523
0.61275
1.7821
0.0524507
-2.74752
1.38118
0.0585561
-2.68976
0.940455
-0.41154
-0.149962
0.278155
-0.349108
-0.104526
-0.189
-1.55497
-2.16743
0.0183791
-0.0877585
0.0362641
0.190433
-0.0028135
-0.0606789
-0.137084
0.0283138
0.26784
-0.168695
2.49689
-0.241929
1.65813
0.545071
-1.19202
-0.00750707
-0.0912807
-0.597201
-1.23735
-1.64968
1.35274
-0.857057
0.0183567
0.386306
3.38681
-2.82275
0.80789
1.22222
-0.102857
-0.746921
-0.316193
1.35366
-0.736038
-0.861651
-0.741521
0.0174107
0.109564
-0.0550096
-0.168271
-0.14155
-1.67837
0.250207
-0.928151
-0.262343
0.414129
0.799489
-0.449669
-0.365316
0.228174
-0.541488
0.102337
-0.516911
1.17217
0.446199
0.538405
0.428298
0.0191848
-0.317271
-0.0244622
-0.00589543
0.611733
-0.812155
1.15279
1.43169
0.257594
0.0730112
-0.109069
-0.743284
-0.968069
0.454325
0.510195
-0.0281411
-0.386421
-1.06613
-0.445192
0.685481
-0.247054
0.121964
-0.343402
0.0201423
0.359478
-0.127758
-1.13515
0.559802
-0.953221
0.0788378
1.87905
-0.791637
-0.0375494
0.794079
0.819208
-0.0380564
-0.609998
-1.72236
-2.36593
-0.326855
-0.00737511
0.515555
0.265641
-0.114922
0.369189
0.452291
-0.0195619
0.0428864
-0.596778
0.0231043
-0.317318
0.367988
-0.00417982
0.0424124
0.0685825
-2.79908
-2.19921
-2.74179
-1.56815
-0.105645
-0.0131555
-0.810085
-0.548592
-0.374477
-0.0333987
0.392189
0.800156
-2.59706
2.36388
-2.22502
0.161559
-0.00332868
0.224133
-0.178653
0.794502
0.301895
0.845474
0.0324073
0.0779107
-0.409479
0.0481903
-0.123526
-1.49607
0.2072
0.265152
-0.0357942
-0.0176449
-0.427839
-1.32953
0.2749
0.164302
-0.166432
0.26394
-1.37494
-0.130416
0.198929
0.435757
0.256324
0.0298047
0.199205
0.186187
-0.0112734
0.184301
0.0100226
-0.726051
2.53723
0.809249
1.98641
-0.454055
-0.308063
0.0173792
0.468601
-0.343739
0.0361602
1.32728
0.222369
0.482805
-1.53038
1.9649
-0.804043
-0.471882
2.66541
0.974154
-0.0962924
-0.276537
-0.00268128
0.00494321
0.137906
-0.339622
-1.42834
1.50749
2.144
0.408471
0.329127
-0.733414
-1.0773
-0.0718474
-0.276037
-0.117307
-0.00290331
0.137454
0.183053
-0.0285836
-0.577748
-0.256433
-0.444586
-0.678437
0.00915498
-0.264873
0.0537743
-0.0034683
-0.0336213
0.130061
1.22521
0.661573
2.09603
-2.34496
1.7842
-0.0731961
-0.0280172
0.00429332
-0.255689
-0.0139382
0.0847213
0.147376
0.0176995
-0.176096
-1.08822
-1.56245
-1.84209
2.39885
0.306527
-0.107625
-0.796593
0.10007
0.0520921
0.0386757
-0.0906918
0.110052
-0.1854
0.0386632
0.0753417
0.140573
0.22782
0.0627758
-0.147688
0.128115
-0.024801
0.167973
-0.0363615
-0.173237
2.61389
0.167084
0.0786323
0.182699
0.402801
0.0125197
0.0486014
0.0326135
0.00242675
0.0388745
0.0592621
-0.638462
0.260959
-0.79325
1.81801
-2.72363
-0.834436
-0.720795
-0.107006
0.364948
0.0175001
0.220072
-0.900505
-0.00210706
0.088682
-0.218914
2.24695
1.38265
-2.44075
-0.599694
0.229515
0.29528
0.14849
0.0130313
-0.0122227
-0.319567
0.102615
2.24548
-0.149942
-2.15185
2.12733
0.165674
-0.420293
-0.233116
-0.542651
0.272006
0.131391
0.235195
-0.166324
-0.4513
-0.920355
0.0196714
-0.406253
-0.218457
0.0132989
-0.342979
0.21055
-0.00048053
0.173029
-0.0761789
1.01438
-0.317444
0.77459
-2.63998
2.80831
-1.51163
0.38991
-0.373289
-0.672943
-0.0120302
0.151176
-0.329328
0.0277443
0.06423
-0.532618
-0.178578
-2.86202
1.97806
-0.594424
0.337826
1.86471
-0.0508082
0.00632637
0.116324
-0.336254
0.207988
-0.030506
-0.316807
-1.49949
-0.0769801
1.73295
0.384773
-0.320345
-0.687128
-0.0868241
0.456302
-2.19432
-0.115247
0.380876
-0.412788
0.588271
0.457092
0.757687
-2.57748
1.1322
-0.23737
0.00244837
0.222868
-0.00475951
-0.0350294
0.362207
0.633956
-0.212615
0.0565442
0.73555
2.3768
-0.35857
2.52009
-0.0028931
-0.196696
0.492384
0.015901
-0.0558288
-0.952955
0.426842
0.421987
-0.0042197
2.88283
-2.06424
-1.92057
-0.324902
0.00630932
0.085049
-0.0150679
-0.0817561
-0.0205291
-0.885603
1.00078
0.793397
-0.142279
2.08485
-2.12267
0.534075
-0.237147
-0.0425365
-0.175626
0.503426
0.457314
0.0368979
0.190332
0.106582
-0.799979
-2.04906
0.848516
-0.132197
0.013588
0.0959148
0.0109404
-0.743988
0.297701
-0.483471
0.345459
0.139327
0.182753
-2.02645
-2.64685
-0.554651
0.0396795
-0.072938
-0.229023
0.0142433
0.193742
-0.663584
0.481786
0.140154
0.140414
-3.28752
-0.605819
0.563431
1.35959
0.00414367
0.11443
-0.219335
-0.0800017
-0.0357917
0.0608347
-0.0465139
0.364089
0.18611
-3.33836
0.0911548
-0.39123
0.481142
-0.0609686
0.0324564
-0.0916129
0.392167
-0.387925
-0.291736
-0.733706
-0.473076
0.0161189
-2.07189
-0.0280384
2.13795
-0.177513
0.14403
-0.573997
-0.196452
-0.0810765
0.0124832
0.0658866
0.0255072
-0.105953
-0.197402
0.403982
-2.79712
0.884024
-0.141189
0.0249531
-0.0473036
0.367363
-0.333822
0.0720247
0.0465556
0.139467
-2.35067
-0.238685
0.0678372
0.0517344
0.0209916
0.197032
2.1911
-0.169091
-0.0711372
-0.189866
0.438042
0.152055
0.0980024
0.158833
-0.310268
1.20002
-0.0531663
-0.00553218
-0.133988
0.203217
0.0316728
0.055195
0.154479
0.708043
0.0106844
0.00512488
-0.789028
-0.00718133
-1.5213
0.505978
0.648724
-0.185557
-0.164491
-0.187112
0.0480575
-0.258182
0.127318
-0.0699233
-2.47138
1.87581
0.0705952
0.281747
-0.702641
-0.00468277
0.985514
0.0572342
-0.400222
0.0494307
-0.20846
2.67031
-0.880061
1.04666
2.20515
-0.0624971
-0.065031
0.122434
-0.204263
-0.765744
-0.00341585
-0.00192873
0.122706
0.351063
-2.89713
-0.0817213
0.0608661
-0.182013
-0.117489
-0.25348
0.0236018
0.120172
-0.0588147
0.259066
-0.155346
0.0275704
-0.384178
0.933689
0.1263
-1.0061
2.24395
1.55536
0.628226
-0.460906
0.121565
0.45332
-0.158593
-1.2695
1.21138
-0.739026
1.57118
-2.00809
-0.622631
-2.34225
-1.68659
0.0292412
-0.0473508
-0.431714
-0.13863
1.17828
-1.99772
-2.14731
-1.32257
-1.489
0.0466183
0.161152
-0.0750209
-0.0150113
-0.502652
0.163912
0.215524
0.0552531
-0.104043
0.202579
0.141326
-0.820988
1.34761
0.602328
-0.00412746
-0.455156
0.781196
-0.0815281
1.54001
-0.104554
0.0181131
0.044187
0.0160059
-0.0072912
-2.52985
-1.06055
2.31191
0.0983076
-0.0997386
-0.0376148
0.0691072
0.0228508
-0.0977511
-0.0282432
0.213594
-0.161486
1.50888
1.07702
-0.605357
-0.102599
-0.036603
0.186687
0.0710753
0.0156992
-0.152866
-0.0461962
2.1079
-1.92602
0.00128371
0.0976704
2.52166
0.889311
1.5595
2.51093
-0.0711939
0.0774129
0.140584
-0.189375
-0.0154065
0.848473
0.00292558
0.00503523
-0.0301015
-1.14902
-0.136227
-0.130431
-0.0194048
-0.00443891
0.0140777
0.0178341
-0.0790404
-0.00814537
-0.000149149
-0.263901
-2.04969
-1.68064
-2.60331
-0.319384
-0.651875
0.218889
0.558106
0.0329339
-0.37705
0.491981
0.0306493
0.350303
-1.19811
-2.81249
-0.26253
0.839772
0.414284
0.313117
0.15536
-0.198906
0.0972877
-1.09354
-0.353504
1.02369
0.513381
-2.03836
-2.35431
-2.70006
0.155191
-0.236184
0.924657
0.394839
1.14149
0.000546846
2.59171
2.44396
0.767946
-0.428742
-0.0542434
-1.32606
-0.600762
0.0553591
-0.307766
-0.113277
0.0250818
-0.826894
0.117688
-0.00790015
0.0373137
0.0356057
4.19164
-0.252572
-0.0649694
0.0761547
-1.41629
0.309882
-0.734911
-0.0111094
-0.511323
-0.0491997
-0.615265
-1.33329
-2.54945
2.16437
1.97762
1.16882
-0.456486
-0.422768
0.246462
0.478404
0.566537
0.143885
0.00804671
-1.76263
-0.527016
-0.609847
0.451263
0.406548
-2.69249
-1.08948
-0.86212
2.44261
0.667223
-0.682217
0.148288
-0.442809
0.355028
2.68023
0.302865
-0.670452
1.53197
-0.713934
0.0174763
0.0234822
-0.0656055
-0.00650681
-0.00932841
0.226852
0.142768
-0.483821
-1.23307
1.39887
0.733598
0.232446
0.332692
0.134245
0.170197
0.337536
0.0406977
-0.0875223
-0.227191
1.8125
1.51398
1.55042
-0.97873
-1.70348
0.141969
-0.292306
0.0301283
-0.10389
-0.320186
0.052532
-0.225147
-0.155602
0.102781
-0.144744
0.554765
0.186805
-0.168355
0.260493
0.454856
0.074991
0.782752
0.143097
-0.0592261
0.110801
0.162589
-2.99753
-2.4911
0.329629
-0.75515
0.722259
0.0195358
0.107102
-0.145133
0.00782091
-0.173798
0.00906885
0.637528
0.462921
-0.416207
2.97097
2.37693
0.49919
-0.824939
0.335351
-0.465609
0.0295336
0.333399
0.694838
1.1571
-1.89803
-0.802394
-0.517811
-0.364568
-1.61998
0.820271
-0.468082
1.46245
0.186189
0.00389375
0.0070199
0.251759
-1.24711
-0.565784
1.45235
0.250844
0.2429
-0.622255
-1.22571
0.00327407
-0.739949
-0.108981
0.314746
-2.28666
0.0557215
1.46971
-0.184169
-0.142576
-0.637138
-0.589759
0.0271221
-0.313784
0.042936
-0.00590137
0.106374
0.13324
-0.18196
1.47761
-0.528729
-1.0911
2.8353
0.51035
0.0953789
-0.04458
-0.0208746
-0.0481308
0.0900932
-0.221587
0.0224566
0.0794815
-2.14666
2.97883
1.9864
-0.568373
0.10287
0.0909008
-0.272736
0.00360742
0.0526824
0.0422832
-0.154982
2.96403
-0.157488
0.044735
2.63284
-2.26223
0.134953
-0.0372217
-0.150162
0.0880343
0.119075
0.0322968
-0.00580999
-0.162565
0.169081
3.08823
-0.0823274
-1.75471
0.333883
0.00529192
0.846052
-0.129941
-0.00638448
-0.463008
0.136688
-0.995374
0.251504
-1.05648
-2.35822
0.899628
-0.642161
-1.88501
0.196216
-0.468496
-0.00560037
-0.30594
1.59153
-0.0359386
-0.958978
-0.240981
-0.812267
0.864617
2.22774
-0.030915
-0.540966
-1.78042
-1.14193
0.042593
-0.0489569
0.336234
0.059073
-0.093788
-1.28462
1.85716
3.18145
-0.378357
1.37593
0.304962
-0.25191
-0.725537
-0.104225
0.398317
0.151478
-0.501055
-0.0871142
-2.40643
2.30757
-0.370898
0.022132
1.3888
0.193032
-0.00189137
-0.512572
0.0784
0.192008
-0.542743
-0.0120606
0.288292
0.0448618
-0.840345
1.09642
-2.9728
0.0958607
-1.9747
0.00722632
-0.267156
0.0334629
-0.050059
1.24675
-0.864609
-0.0774067
0.016733
-1.34513
0.672266
1.68809
0.0629685
0.033289
0.0476475
0.246175
0.273509
-0.0818708
1.2321
-0.151334
-2.34145
1.31431
0.0386305
-0.767606
0.221008
0.419677
-0.767082
0.43326
-0.823206
0.429444
0.309048
-1.86353
0.610089
-0.0087263
1.00873
-2.3021
0.0757388
-0.0128999
-0.0699813
-0.10881
0.614937
0.05431
-0.646735
0.0479044
-0.504996
0.567629
2.96114
0.755322
-2.04628
1.15247
0.901677
0.017136
0.0700708
-0.474131
-0.313401
-1.39786
0.538116
-0.0618453
-1.42072
0.237215
1.39302
0.61717
0.00392284
1.96553
-0.479338
0.195838
-0.0894639
-0.309496
0.200116
0.510431
3.24667
-0.823525
0.270998
-1.40496
-0.398293
0.28423
-1.86673
0.692212
0.610598
0.582012
-0.605387
0.31062
-2.87055
0.791359
-0.214016
0.0219923
-0.00888287
1.25802
0.0390672
-0.16581
-0.021222
-0.104259
0.156167
0.294297
-0.0449809
-1.33873
-2.36202
0.185852
-0.0457568
-0.0377903
0.152352
0.0287777
-0.224425
-0.0803484
-0.187432
0.223867
0.180131
-0.244094
1.63181
-0.317209
-1.13848
-0.0557678
0.061946
0.279003
0.032647
-0.168063
-0.0657681
0.505318
0.304245
0.228348
-0.71486
0.849828
-1.02792
-1.16515
0.145036
-0.213904
0.0546724
-0.19736
0.0357701
0.521765
0.105646
0.121952
0.0219027
-0.26044
1.59514
1.52868
-0.293182
2.57414
-0.172887
-0.0379219
-0.0780923
0.210164
0.0188171
0.133059
-1.43742
-0.0806193
1.37495
2.75333
1.36662
-0.263234
0.0231299
0.00631957
0.0335458
0.101645
-0.0681866
0.0263784
-0.0890772
0.100029
0.573683
1.04087
2.23092
0.00379323
-2.96265
0.105698
-0.183525
-0.0372526
-0.000317122
0.0398844
-0.446184
-2.94002
1.12548
-2.67509
0.198177
-0.0545356
-0.00128846
-0.158494
0.0461207
0.0214982
-0.00422303
-0.0919568
0.0250465
0.0215367
0.0458239
2.06588
-0.713009
1.59752
-0.00417346
0.544229
-0.0459149
-0.191048
-0.104614
0.0624153
-0.0713188
0.225939
0.0485624
1.20361
0.0238282
0.818489
0.0767961
0.00021948
-0.350879
0.168609
0.397257
0.0129977
-0.0216177
-0.0999444
-0.145703
7.50342e-05
-1.96744
2.84746
-0.23231
-1.56672
0.960705
-0.0538613
-0.3661
0.167996
-0.022589
0.166135
-0.0735457
-0.0757384
1.09216
-1.61117
-0.226823
-0.236044
-0.00499022
-0.154927
-0.00435136
-0.162029
-0.160482
-0.374333
0.0191287
0.0360356
-0.0312146
0.00656921
-0.614054
-0.000388883
-0.631775
0.233718
0.308833
0.0797882
-0.00136588
-0.0592561
-0.363629
0.202106
0.243272
-0.942852
-2.2491
2.7395
-1.175
0.192434
-1.56394
0.543644
0.060465
0.0206465
-0.333816
-0.166133
-0.122847
1.04511
1.86024
0.994496
-0.132554
1.29169
-0.007614
-1.52397
0.077585
-0.216419
-0.127448
-0.729452
0.000388409
0.649134
0.120067
1.77635
2.77572
0.0642217
-0.53698
-0.195385
0.239412
-0.0275989
-0.114779
0.018719
-0.0375802
-0.012364
-0.00913869
2.60788
0.14072
-0.306637
-0.0856194
0.0227115
0.148719
0.169841
0.106434
0.117187
0.0695432
-0.102598
-0.0281316
2.80975
0.891626
-0.7064
-1.28022
-0.582632
2.71572
-0.0217896
0.080285
0.150554
-0.16009
0.0836343
-0.339737
0.511726
-0.934022
1.27438
1.74889
-1.15987
-0.333391
0.186077
0.356993
-0.046084
-0.316681
-0.174378
-0.0551156
-0.993998
0.81905
-2.28552
2.59495
0.378119
0.103262
1.11763
-0.233567
-0.211009
0.0209703
0.0761705
0.047548
0.00272233
-0.0798166
-0.00426775
-2.44479
0.125069
-0.161666
-0.130638
0.0673111
-0.14176
-0.021402
0.0255225
0.111413
-2.36647
-0.523071
0.347822
1.83833
-0.684658
1.33614
0.339585
-0.0476181
0.0102675
-0.0781752
-0.151282
0.101026
-0.212258
2.89371
0.119767
-2.67404
1.12256
1.73726
0.162598
-0.0261849
0.174526
0.0748269
0.00917405
-0.011395
0.00705022
1.70332
1.99345
-1.87354
-0.0117519
-0.247608
-0.169581
0.0461184
0.179849
0.107072
0.0305553
-0.612719
0.365865
0.00149368
0.357844
-0.060552
-0.212135
-0.679827
2.31746
-0.410497
-0.211408
-0.44157
0.732868
-0.219342
-0.569281
-1.93002
0.436222
-3.70172
1.56214
0.974103
-0.541198
-1.50581
-0.608393
0.150833
-0.55141
1.24068
0.450849
1.06266
0.00531805
0.153952
-0.682151
0.428864
-2.22578
0.968915
1.76014
-0.811575
0.518989
0.726744
0.203319
-0.536278
0.240018
0.151281
-1.42755
0.470241
-2.39212
-0.347625
0.192024
0.176055
0.129399
0.0254156
1.0962
-0.019945
0.0105976
-0.299178
0.203402
1.02477
0.561971
-0.52431
-1.39468
-0.717358
0.353858
-0.941043
-0.0367445
0.499687
0.040983
0.140411
1.22301
0.0314436
0.192454
0.150054
2.43742
0.393561
-0.124426
0.359554
-0.671265
-1.41574
-0.286043
0.0428558
-0.071473
-1.84564
2.89162
-2.61239
-0.940652
0.0380465
1.59552
-1.64506
-0.916607
-0.259027
0.536513
0.0463395
0.59222
0.261532
-0.439712
2.66775
-0.919279
-0.504288
-0.790735
-0.390918
0.00442312
1.07032
-0.214013
0.00461976
-0.786176
0.0431143
2.24202
-0.269317
-0.745609
0.333788
-0.342983
-0.573374
-1.95431
-0.579103
-0.609592
-0.0212541
0.529623
1.17009
-0.00506272
-0.0698701
-1.15863
-4.80807
2.17625
0.830422
2.04782
-0.201616
-0.826757
0.21226
0.023005
-0.171882
0.0492196
0.111109
-1.56101
-2.80441
3.2319
1.88339
-0.836822
0.327396
0.39608
0.244899
-0.122446
0.594991
-1.70204
-0.0412842
-0.872017
-0.164393
-0.0587259
-2.21324
-1.26853
0.026084
0.122795
0.283699
-0.0114488
0.0368713
-0.114691
-0.263143
-0.434585
1.23943
2.24323
0.228555
-0.334699
1.8576
0.15706
-0.43795
-0.0122144
-0.0462853
-0.0694732
0.0384238
0.865565
0.223475
-0.501424
-0.805869
2.67265
-0.400439
-0.490024
0.729909
0.549378
0.0251721
0.150838
0.0455995
-0.086908
-0.101975
0.0472561
-1.01119
-1.26614
-0.472783
-0.197938
-0.292996
1.01259
-0.255307
0.192765
-0.456911
-1.66513
1.9606
0.456254
1.00268
1.44294
0.672198
0.00741345
-0.13511
-0.317332
-0.0165196
-0.107606
0.119775
0.606558
-0.316137
-0.615411
-0.528448
-0.0509146
0.258783
-2.20673
0.763074
-3.14155
0.0714379
-0.0580899
0.00309861
-0.0448251
0.203587
0.748083
0.188322
0.117559
-0.250679
0.111819
-2.28183
0.311443
-0.334084
2.84549
-0.0974744
-0.257513
0.0999583
-0.214816
0.158666
-0.829719
-1.27738
-1.75245
1.36408
0.702842
-0.976837
-0.282569
-0.176538
0.11555
0.620001
-1.39428
-0.491546
0.839148
-0.61913
0.704799
0.0287511
1.95103
0.0342026
-0.0117132
-0.484777
-0.00218538
-0.117902
0.0566588
0.0886696
-0.116879
-0.121123
0.142891
-2.71082
-0.111888
0.327937
-0.0140034
0.00187768
-0.21253
-0.000822505
0.0922043
-0.0885853
0.191366
-0.0313212
-0.0496003
-1.94475
0.109169
0.74235
-0.144602
0.00273307
0.0928519
-0.167128
0.0365856
-0.0441398
0.295639
-0.330043
-0.119069
-2.56995
2.40447
-1.36715
-2.86771
0.149066
-0.14616
-0.125437
0.0526409
-0.562235
-0.218656
0.0093575
0.0496011
0.483492
0.0305382
1.83135
0.557354
-0.0127509
2.20821
-0.0107431
0.36845
-0.214039
0.502727
-0.0625068
-0.205581
0.359006
0.100993
-0.788597
-0.185099
-0.0379006
0.0623742
0.218357
-0.0227367
0.320082
0.659912
-0.00397917
-0.25174
-0.181282
-0.513123
0.082662
-0.826457
-2.33857
0.643754
2.50678
-0.354855
0.0229392
-0.0909305
0.0489412
-0.194805
0.345439
0.59659
1.08973
1.64595
-2.14455
-0.267074
0.264449
0.126243
-0.333767
0.0747806
-0.160621
0.287239
0.231844
2.36422
0.0415297
-0.358289
0.100032
-0.00341307
-0.0653995
2.43497
-0.208791
0.105736
0.414923
-0.230189
0.255551
0.459393
0.109412
-2.14685
0.515118
0.293678
2.94718
-0.271551
-0.00882206
-0.210236
-0.517868
0.675679
0.070657
0.0266133
-0.282275
1.9367
1.0938
0.755421
0.00532171
0.824577
-0.0496886
0.0178339
-0.071253
-0.0254461
0.324371
0.879713
0.180344
-1.16576
0.00487981
-0.32078
-2.57356
2.06085
0.666287
0.134572
0.214483
-0.491495
-0.0735741
-0.175046
-0.842697
0.0318332
-0.924624
0.0462324
-0.00448063
0.000467551
-0.0395222
0.23392
0.130189
-0.466515
0.295204
0.113291
0.251064
0.143638
-0.0507503
-0.198955
-0.0304341
-0.352379
-0.110673
-0.92371
-0.691805
-0.213472
0.0217245
-0.105522
0.0452452
-0.108831
0.301777
0.795329
0.0357256
2.11133
-1.66387
-0.237258
-0.105867
-0.167042
-0.00151244
0.0905962
0.0415987
0.822452
-0.284054
-2.74008
0.554922
-1.15375
-0.194462
0.54695
0.0272111
-0.114953
-0.108211
0.109731
-0.234931
-0.536988
0.0142073
-0.303626
0.00313575
-0.00569606
0.0302403
0.0473533
-0.14027
2.47815
0.303031
-0.0223269
0.0504783
-0.0966252
-0.562899
-0.0206901
0.251876
0.006309
0.638209
1.35924
-0.00390094
-1.10086
0.371403
0.372877
0.153756
0.023395
0.138214
0.127016
-0.894352
-1.88254
-2.50477
0.234517
-0.412086
0.0256705
0.0119711
0.222345
0.035981
-0.00546234
-0.384036
0.205154
0.027151
-2.28869
0.00833555
-0.682091
1.39135
0.3454
-0.445203
-0.101176
0.0202427
0.137715
0.168885
0.012339
-0.259599
-0.0639254
-0.00514211
-0.0209938
2.91936
0.281734
-1.7168
0.101006
0.130019
-0.160322
0.00200587
-0.225363
0.0184098
-0.498141
-2.89676
0.282846
-1.00897
0.0178696
0.45387
0.384744
-0.171537
-0.00283251
-0.0379797
0.205001
-0.292825
0.406144
-0.614147
0.0220661
-0.430667
-1.74079
0.126759
-0.194598
0.905297
-0.819787
-0.271535
-0.177744
0.441531
0.316682
-0.616322
-2.49728
1.17311
1.17139
0.450472
0.213947
0.258902
-0.441829
-0.131049
-0.191262
0.00925072
-1.04403
-0.132127
0.0032523
-0.21889
0.186861
0.011023
0.0482593
-0.698501
0.397928
-0.0394047
0.298185
-0.626754
-0.133497
-0.893431
-0.0244657
0.341192
0.288951
-1.55034
-2.89204
-1.78961
-0.867628
0.249445
-0.062049
-0.149468
0.521086
0.600566
0.106221
0.0426544
0.748453
-0.517901
2.46703
-0.681463
-1.31821
-0.898769
-0.327882
-0.41168
-0.730814
-0.0623519
-0.522168
-0.165529
0.0639363
0.45057
-0.882248
0.429522
0.386738
-1.62064
0.933024
0.266221
0.00421929
-0.672601
0.381666
4.87487e-05
0.171614
0.165807
-0.765788
0.0141864
0.225781
-0.15464
0.566933
-0.752359
-1.20772
0.510258
-0.863363
-0.028879
-0.507648
0.733347
-0.015713
-1.47545
-0.161216
1.09635
0.120263
0.13481
-0.535396
0.367189
-0.955543
-0.0217819
0.0425861
0.0968596
-0.27501
-1.73361
1.34484
1.14297
-0.0372245
-2.01931
0.531787
0.366894
-0.947264
-0.272612
-0.347649
0.16084
0.0399451
0.241673
1.64997
-0.963708
0.0429381
0.178285
0.90616
0.0383783
0.464293
0.297354
-0.0163156
0.356118
-0.0491502
-0.261167
-0.103687
-0.414293
-0.354681
-0.314598
-0.749058
0.383881
0.169848
0.185759
-0.0709256
0.0837206
0.134865
0.00358889
0.179988
-0.0790928
0.923694
-0.94264
0.0835869
0.39083
0.0752969
-0.362765
0.0185591
0.0197694
0.246168
-0.376736
-1.87877
-0.226922
-0.255708
-1.52385
-0.30279
-0.139863
-0.131923
-0.0750699
0.328053
0.445111
-0.537747
-2.82365
0.178815
-0.603967
-1.49653
-1.25073
-1.12226
0.0471804
0.00539691
-0.4632
0.243159
0.00290302
-0.104716
0.0929808
-0.256817
-0.0921313
-0.401339
0.188672
0.683175
-0.592989
-0.454742
0.114486
-0.0848118
-0.0570274
-0.573374
0.690825
-2.78991
0.817246
-0.870962
1.36803
0.0950309
0.23055
-0.585329
0.0539039
-0.187898
-0.25941
0.0366255
0.146285
0.228982
0.0664562
-0.0855462
-0.487649
0.0711338
-0.374415
0.104263
-0.102682
-0.61869
-0.260903
-0.0582476
-0.28203
0.571597
0.115382
0.173637
2.91084
1.26263
-0.275617
0.730707
-0.006015
-0.329823
0.129466
0.000343268
0.0455617
0.174131
-0.0595074
-0.664752
0.346821
0.0781777
0.305778
-0.845611
-0.109426
-0.429967
-0.779672
-0.145556
-0.525089
-0.698679
-0.064318
0.479731
0.428452
-0.309021
-1.27871
-0.187994
0.685968
0.103007
-1.14717
-0.565745
0.0458095
0.118741
-0.413749
0.175422
-0.0190484
-0.794217
-0.161988
0.897723
0.422798
-0.475329
-0.537443
0.568092
-0.238824
0.0546958
-0.0377958
-0.502686
-1.68325
0.220145
1.33265
1.16177
-0.241918
0.0156522
0.187037
-0.138786
-0.425312
-0.132768
-0.103962
0.162765
0.026223
0.137863
-0.136459
-0.282142
0.172878
-0.144271
-0.141663
0.245981
0.0421169
-0.399442
-0.0210422
0.198568
0.00446905
0.69634
0.408276
-0.00522656
0.265638
-0.342679
2.87348
0.143872
0.0850751
0.365648
0.23536
-0.0426161
0.177866
0.121387
-0.524654
0.418282
-0.0687479
-0.0438705
-0.315114
0.676372
0.26625
1.87581
-0.164969
0.20165
-0.052429
-0.248862
-0.133247
-0.0326392
-0.212427
-0.624484
-0.787763
-0.388063
-0.169483
-0.645655
-1.48675
-0.516988
0.250213
-0.314378
-0.717623
-0.116534
-0.226437
-0.53658
-0.285963
-0.36578
-0.178517
-1.1666
-0.463044
-0.17215
1.24441
-0.429926
-0.945346
-0.435599
-0.207335
0.139914
0.10353
-2.13052
-1.38279
-2.51242
-0.379301
-1.92113
-1.50946
1.76978
-0.902373
0.423823
-0.81218
-0.427238
-0.552231
-0.466269
-1.13056
-0.633152
-0.430952
-0.856139
-0.647066
-0.594843
-0.689554
-0.40856
0.920799
-0.10758
-3.10434
4.73274
-1.13415
-1.27436
1.15149
-0.525985
-0.159293
-1.24855
-0.334856
-0.0838396
-0.193213
-0.104526
-0.405842
-0.300858
-0.00311325
-0.240612
-0.753391
-0.159802
-0.0751494
-1.38336
1.16264
-1.96478
-1.64606
-0.584831
-0.132599
0.0740998
0.448254
0.21956
-1.59865
0.872605
2.30793
-1.65139
-1.24792
0.754413
6.04152
-3.64371
-1.48043
-1.00032
0.18175
0.455693
-0.545211
0.0788003
-1.2514
-1.4413
-0.49386
-0.193771
-0.646453
-0.554818
1.12223
-1.5531
-0.0156689
0.800508
-4.4345
1.68342
0.0484867
2.55007
-1.30834
2.414
-1.64582
-1.0885
-1.54299
-1.32697
-3.67775
-1.69237
-0.144186
-0.363573
-0.1767
-0.652528
-0.446966
0.069377
-0.310666
-0.229858
0.0371046
-0.151497
-1.0438
-0.291251
-0.414003
-0.229786
-0.239483
-0.249716
-0.181287
0.0819127
-0.104575
-0.136546
-1.59678
-3.32713
-2.19914
-1.98557
2.04749
-2.32269
-1.53118
0.533732
2.37551
-1.42475
-1.84564
-4.48401
-5.20035
-1.04621
-4.85942
-1.81253
1.27885
-1.53728
1.43596
-2.63439
-0.743569
-0.158426
0.309837
-0.751223
-1.11285
-0.471117
0.8162
-1.14441
-0.660562
-0.607236
-0.293468
-0.902515
-1.26301
-1.73493
-3.73375
-1.9611
0.917527
0.326029
-0.0677165
2.6228
-0.070634
0.511692
1.51135
-3.30007
4.66967
1.26594
-1.74518
3.29648
2.03009
2.01756
0.326225
3.42996
-3.5829
-1.02143
0.0890212
-3.39518
-0.556242
0.327523
-0.348825
1.70664
1.46214
3.30627
1.15571
2.89312
-0.858368
-0.469144
-0.204683
-0.760757
