[229, 16, 16, 4]
0.0
0.0
0.0
0.0
0.0
0.0
0.0
0.0
0.0
0.0
0.0
0.0
0.0
0.0
0.0
0.0
0.0
0.0
0.0
0.0
0.0
0.0
0.0
0.0
0.0
0.0
0.0
0.0
0.0
0.0
0.0
0.0
0.0
0.0
0.0
0.0
0.0
0.0
0.0
0.0
-0.288243
0.0
0.0
0.0
0.0
0.0
0.0
0.0
0.0
0.0
0.0
0.0
0.0
-0.72075
0.0
0.0
0.0
0.0
0.0
0.0
0.0
0.0
0.0
0.0
0.0
0.0
0.0
0.591879
0.0
0.0
0.0
0.0
0.0
0.0
0.0
0.0
0.0
0.0
0.0
0.0
0.783018
-0.0684323
-0.292389
-0.401002
0.101055
0.0861953
0.272039
-0.12945
0.0345512
1.51944
0.166027
0.045922
-0.613003
0.447826
0.444401
-0.0492883
0.0
0.0
0.0
0.0
0.0
0.0
0.0
0.0
0.0
0.453132
0.0
0.0
0.0
0.0
0.0
0.0
0.263611
0.0581432
0.0444388
-0.193972
-0.227588
0.0645634
0.175907
0.159596
-0.0353615
-0.148476
0.288228
0.0231836
-0.502446
0.350211
0.533042
0.0155203
0.0
0.0
0.0
0.0
0.0
0.0
0.0
0.0
0.0
0.0
0.0
0.0
0.0
0.0
0.0
0.0
0.0780783
-0.0335643
-0.0468221
-0.267125
-0.324114
0.00875873
0.303738
0.300758
-0.224395
-0.147616
0.105397
0.531205
-0.661632
0.39067
0.459988
0.81376
0.0
-0.586509
0.0
-0.748169
0.0
0.0
0.0
0.0
0.0
0.0
0.0
0.0
0.0
0.0
0.0
0.0
0.0
0.0
0.0
0.0
0.0
0.0
0.0
0.0
0.0
0.0
0.0
0.0
0.0
0.0
0.0
0.0
0.0
-0.363458
0.0
0.0
0.0
0.0
0.0
0.0
0.0
0.0
0.0
0.0
-1.039
1.1724
0.0
0.0
0.0
0.0
0.0
0.0
1.80845
0.0
0.0
1.38968
0.0
0.0
0.0
0.0
0.0
1.67546
0.0
0.0
-0.606265
0.63165
0.0
0.0
-0.565245
0.0
0.0
0.0
0.0
0.0
0.0
0.756591
0.0
0.0
0.0
0.0
0.0
0.0
-0.436457
0.0
0.0
0.0
0.0
0.0
0.0
0.0
-0.384171
-0.352324
0.0
0.0
-0.330375
0.0
0.0
0.0
0.0
0.0
0.0
0.0
0.0
0.0
0.0
0.0
0.0
0.0
0.0
0.0
0.0
0.0
0.0
0.0
0.0
0.0
0.0
0.0
0.0
-0.683544
0.0
0.0
0.0
0.0
0.0
0.0
0.0
0.0
0.0
0.0
0.0
0.0
0.0
0.0
0.0
0.0
0.0
0.0
0.0
0.0
0.0
0.0
0.0
0.0
0.18656
0.138277
0.077469
-0.1098
-0.141876
-0.0631862
0.213271
0.0626306
0.00694986
-0.0578111
0.270775
-0.0968257
-0.41187
0.345544
0.492093
0.0693328
0.0
0.0
0.0
0.0
0.0
0.0
0.0
0.0
0.0
0.0
0.0
0.0
0.0
0.0
0.0
0.0
0.0
0.0
0.0
0.0
-0.42631
0.0
0.0
0.0
0.0
0.0
0.0
0.0
0.0
0.0
0.0
0.0
0.0
0.0
0.0
0.0
0.0
0.0
0.0
0.0
0.0
0.0
0.0
0.0
0.0
0.0
0.0
0.0
0.0
0.0
0.0
0.0
0.0
0.0
0.0
0.0
0.0
0.0
0.0
0.0
0.0
0.0
0.0
0.0
0.0
0.515998
0.0
0.0
0.0
0.0
-1.6186
0.0
0.0
0.0
0.0
0.0
0.0
0.0
0.0
0.0
0.0
0.0
-0.579575
0.0
0.0
0.0
0.0
0.0
0.0
0.0
0.0
0.0
0.0
1.84785
0.0
0.0
0.225032
-0.00412667
-0.145956
-0.156457
-0.550592
0.22502
0.132629
-0.00723983
-0.172957
-0.173463
-0.190687
0.766434
-0.444351
0.502925
0.434858
0.314022
0.0
0.0
0.0
0.0
0.0
0.0
0.0
0.0
0.0
0.0
0.0
0.0
0.0
0.0
0.0
0.0
0.0
0.0
0.0
0.0
0.0
0.0
0.0
0.0
0.330047
0.0
0.3831
0.0
0.0
0.0
0.0
0.0
0.0
0.0
0.0
0.0
0.0
0.0
0.0
0.0
0.0
0.0
0.0
0.0
0.0
0.0
0.0
0.0
0.0
0.0
0.412143
0.0
0.0
0.0
0.0
0.0
0.0
0.0
0.0
0.0
0.0
0.0
0.0
0.0
0.0
0.0
0.0
0.0
0.0
0.0
0.0
0.0
0.0
-0.36927
0.0
0.0
0.0
0.0
0.0
0.0
-0.132469
0.178184
0.0922044
0.153953
0.304417
-0.576738
-0.408603
-0.471924
0.704795
0.154032
0.528488
-0.807796
0.484259
0.303522
0.1545
-0.143734
0.0
0.0
0.0
0.0
0.0
0.0
0.0
0.0
0.0
0.0
0.0
0.0
-0.155866
0.0
0.0
0.0
0.0
0.0
0.0
0.0
0.0
0.0
0.0
0.0
0.0
0.0
0.0
0.0
0.0
0.0
0.0
0.0
0.0
0.0
0.0
0.0
0.0
1.29942
0.0
0.0
-0.298227
0.0
0.0
0.0
0.0
0.0
0.0
0.0
0.0
-1.16669
0.0
0.0
0.0
0.0
0.0
0.0
0.0
0.0
0.0
0.0
0.0
0.0
-0.187045
0.0
0.0
0.0
0.0
0.0
0.0
0.0
0.0
0.0
-0.19854
0.0
0.0
0.0
0.0
0.0
0.0
0.0
-0.384038
0.0
0.0
0.0
0.0
0.0
0.0
0.0
0.0
0.0
0.0
0.0
0.03444
0.0
0.0
0.0
0.0
0.0
0.0
0.0
0.0
-1.21455
0.0
0.0
0.0
0.0
0.0
0.0
0.0
0.0
0.0
0.0
0.0
0.0
0.0
0.127724
0.0
0.0
0.0
0.0
0.0
0.0
0.0
0.0
0.0
0.0
0.0
0.0
0.0
0.0
0.0
0.0
0.0
0.0
0.0
0.0
0.0
0.0
0.0
0.0
0.0
-0.0580971
0.0
0.0
0.193603
-0.132188
-0.0923051
-0.103631
-0.478568
0.355319
-0.0324273
0.00415353
-0.159774
-0.139932
-0.118097
0.907626
-0.330122
0.527855
0.413682
0.137737
0.0
0.0
0.0
0.0
0.0
0.0
0.0
0.0
-1.45609
0.0
-1.11158
0.0
0.0
0.0
0.0
0.0
0.0
0.0
0.0
0.0
0.26741
0.0
0.0
-1.7593
0.0
0.0
0.0
0.0
0.0
0.0
0.0
0.0
0.0
-0.822389
0.0
0.0
0.0
0.0
0.0
0.0
0.0
0.0
0.0
0.0
0.0
0.0
0.0
0.0
0.0
0.0
0.58562
0.0
0.0
0.0
0.0
0.0
0.0
0.0
0.0
0.0
0.0
0.0
0.0
0.0
0.0
0.0
-0.0170149
0.0
0.0
0.0
0.0
0.0
0.0
0.0
0.0
0.0
0.0
0.0
-0.694887
0.0
0.0
0.0
0.0
0.0
0.0
0.0
0.0
0.0
0.0
0.0
0.4842
0.0
0.0
0.0
0.0
0.0
0.0
0.0
0.0
0.0
0.0
0.0
-0.0615216
0.0
0.0
0.0
-1.45502
0.0
0.0
0.0
0.0
0.0
0.0
0.0
0.0
0.0
0.0
0.0
0.0
0.0
0.0
0.0
0.0
0.0
0.0
0.0
0.0
0.0
0.0
0.0
0.916661
0.0
0.0
0.0
0.0
0.0
0.0
0.0
0.0
-1.20114
0.0
0.0
0.0
0.0
0.0
0.0
0.0
0.0
0.0
0.0
0.0
0.0
0.0
0.0
0.0
0.0
0.0
0.0
0.0
0.0
0.0
0.0
0.0
0.0
0.0
0.0
0.0
0.0
0.0
0.0
0.0
0.0
0.0
-0.392688
0.0
0.0
0.0
0.0
0.0
-1.03588
0.0
0.0
0.0
0.0
0.0
0.0
0.0
0.0
0.0
0.043671
0.0
0.0
0.0
0.0
0.0
0.0
0.0
0.0
0.0
0.0
-0.693947
0.0
0.0
0.0
0.0
0.0
0.0
0.0
0.0
0.0
0.0
0.0
0.0
0.0
0.0
0.0
0.0
0.0
0.0
0.0
0.0
0.0
0.0
0.0
0.0
0.0
0.0
0.0
0.0
0.0
0.0
0.0
0.0
0.0
0.843287
0.0
0.0
0.0
0.0
0.0
0.0
0.0
0.0
0.0
-0.336577
0.0
0.0
0.0
0.0
0.321761
0.0
-0.0110483
0.0
0.0
0.0
0.0
0.258367
0.0
0.0
0.0
0.0
0.0
0.0
0.0
0.0
0.0
0.0
0.0
0.0
0.0
0.0
0.0
0.0
0.0
0.0
0.0
0.0
0.0
0.0
0.0
0.0
0.0
0.0
0.0
1.23299
0.0
0.0
0.0
0.41127
0.0545794
-0.46388
0.343077
0.445053
-0.236543
0.360261
-1.42607
0.586056
0.00121047
0.194294
-1.56497
-0.510008
0.436142
0.123635
-0.514161
0.0
0.0
0.0
0.0
0.0
0.0
0.0
0.0
0.0
0.0
0.0
0.0
0.0
0.0
0.0
0.0
0.0
0.0
0.0
0.0
0.0
0.0
-0.276055
0.0
0.0
0.0
0.0
0.0
0.0
0.0
0.0
0.0
0.0
0.0
0.0
0.0
0.0
-2.76121
0.0
0.0
0.0
0.0
0.0
0.0
0.0
0.0
0.0
0.0
0.0
0.0
0.0
0.0
0.0
0.0
0.0
0.0
0.0
-0.461588
0.0
0.0
0.0
0.0
0.0
0.0
0.0
0.0
0.0
0.0
0.0
0.0
0.0
0.0
0.0
0.0
-0.437011
0.6432
0.0
1.1743
0.0
0.0
0.0
0.0
0.0
0.0
0.0
0.0
0.0
0.0
0.0
-0.270454
0.0
0.0
0.0
0.0
-1.17007
0.0
0.0
0.0
0.0
0.0
0.0
0.0
0.0
0.0
0.0
0.0
0.0
0.0
0.0
0.0
0.0
0.0
0.0
0.0
0.0
0.0
0.0
0.0
0.0
0.0
0.0
0.0
0.0
0.0
0.0
0.0
0.0
0.0
0.0
0.0
0.0
0.0
0.0
0.0
0.0
0.0
0.0
0.0
0.0
0.0
0.0
0.0
0.0
0.0
0.0
0.0
0.0
0.0
0.0
0.0
0.0
0.0
0.0
0.0
0.0
0.0
0.0
0.0
0.0
0.0
0.0
0.0
0.0
0.0
-1.16468
-0.220525
0.0
0.0
0.0
0.0
0.0
0.0
0.0
0.0
0.0
0.0
0.389464
-0.0436515
-0.0725656
-0.14484
0.0406821
0.343819
-0.0677561
-0.218659
-0.305001
0.0669717
0.351
0.924618
-0.439262
0.508973
0.423557
0.283752
0.0
0.0
0.0
0.0
0.0
0.0
0.0
0.0
0.0
0.0
0.0
0.0
0.0
0.0
0.0
0.0
-0.0611292
0.0702395
0.801314
0.182051
1.05896
-0.960225
-0.461995
0.0657784
0.622044
0.220228
-0.158549
-0.390826
0.766456
0.116028
0.0887379
-0.125744
0.0
0.0
0.0
0.0
0.0
0.0
0.0
-0.838381
0.0
0.0
0.0
0.0
0.0
0.0
0.0
0.0
0.0
0.0
0.0
0.0
0.0
0.0
1.0344
0.0
0.0
0.0
0.0
0.0
0.0
0.0
0.975895
0.0
0.845592
0.0
0.0
0.0
0.0
0.0
0.0
0.0
0.0
0.0
0.0
0.0
0.0
0.0
0.0
0.0
0.0
0.0
0.0
0.0
0.0
0.0
0.0
0.0
0.0
0.0
0.0
0.0
0.0
0.0
0.0
0.0
0.0
0.0
0.0
0.0
0.0
0.0
0.0
0.0
0.0
0.0
0.0
0.0
0.0
0.0
0.0
0.0
-0.213597
0.0
0.0
0.0
0.0
0.0
0.0
0.0
0.0
0.0
0.0
0.0
0.0
0.0
0.0
0.0
0.0
0.0
0.0
0.0
0.0
0.0
0.0
0.0
0.0
0.0
0.0
0.0
0.0
0.0
0.0
0.720936
0.0
0.0
-0.568125
0.0
0.0
0.0
0.0
0.0
0.0
0.0
0.0
0.0
0.0
0.0
0.0
0.0
0.0
0.0
0.0
0.0
0.0
0.0
0.0
0.0
0.0
0.0
0.0
0.0
0.0
0.0
0.0
0.462901
0.0
0.0
0.0
0.0
0.0
0.0437648
0.0
0.778011
0.0
0.0
0.0
0.0
0.0
0.0
0.0
0.0
0.253515
0.0
0.0
0.0
0.0
0.0
0.0
0.0
0.0
0.0
0.0
0.0
0.0
0.0
0.0
0.0
0.0
0.0
0.0
0.0
0.0
0.0
0.0
0.0
0.0
0.0
0.0
-0.669925
0.0
0.0
-0.850155
0.0
0.0
0.0
0.0
0.0
0.0
0.0
0.0
0.0
0.0
0.0
0.0
0.0
0.0
-1.12319
0.0
0.0
0.213581
-0.144798
-0.142492
-0.27463
-0.433334
0.270644
0.117283
0.143816
-0.345379
-0.127667
-0.229962
0.93526
-0.464656
0.482389
0.415033
0.19184
0.0
0.0
0.0
0.0
0.0
0.0
0.0
0.0
0.0
0.0
0.0
0.0
0.0
0.335601
0.0
0.0
0.0
0.0
0.0
0.0
0.0
0.0
0.0
0.0
0.0
0.0
0.0
0.0
0.0
0.0
0.0
0.0
-1.25649
0.0
0.0
0.753045
0.0
1.38394
0.0
0.0
0.0
0.0
0.0
0.0
0.0
0.0
0.0
0.0
0.0
0.0
0.0
0.0
0.0
0.0
0.0
0.0
0.0
0.0
0.0
0.0
0.0
0.0
0.0
0.0
0.0
0.461766
0.0
0.0
1.13123
0.0
0.0
0.0
0.0
0.0
0.0
0.0
0.0
0.0
0.0
0.0
0.0
0.0
0.0
0.0
0.0
0.0
0.0
0.0
0.0
0.0
0.0
0.0
0.0
0.0
0.0
0.0
0.0
0.0
0.0
0.0
0.0
0.0
0.0
0.0
0.0
0.531462
0.0
0.0
0.0
0.0
0.0
0.0
0.0
0.0
0.0
0.0
0.0
0.0
0.0
0.0
0.0
0.0
0.0
0.0
0.0
0.0
0.209604
0.0
0.0
0.0
0.0
-0.126546
0.0
0.0
0.0
0.0
0.0
0.0
0.0
-0.97841
2.1834
0.0
0.0
0.0
0.0
0.0
0.0
0.0
0.0
0.0
0.0
0.0
0.0
0.0
0.0
-0.989399
0.0
0.0
0.0
0.0
0.0
0.0
0.0
0.0
0.0
0.0
0.0
0.0
0.0
0.0
-0.30875
0.0
0.0
0.0
0.0
0.0
0.0
0.0
0.0
0.0
0.0
0.0
0.0
-0.514817
0.0
0.0
0.0
0.600306
0.0
0.0
0.0
0.0
0.0
0.0
0.0
0.0
0.0
0.0
0.0
0.0
0.0
0.0
0.0
0.0
0.729817
0.0
0.0
0.0
0.0
0.0
0.0
0.0
0.0
0.0
0.0
0.0
0.0
0.0
0.0
0.0
0.0
0.0
0.0
1.14881
0.0
0.0
0.0
7.10524e-05
-0.113533
0.0
0.0
0.0
0.0
0.0
0.0
0.0
0.0
0.0
0.0
0.0
0.0320491
0.269806
0.141822
0.187716
0.397867
-0.817072
-0.549228
-0.111979
0.590885
0.0985559
0.243838
-0.49744
0.778055
0.363883
0.0823941
-0.184924
0.0
0.0
0.0
0.0
-0.184341
0.0
0.0
0.0
0.0
0.0
0.0
0.0
0.0
0.0
0.0
0.0
0.0
0.0
0.0
0.0
0.0
0.0
0.0
0.0
0.0
0.0
0.0
0.0
0.0
0.0
0.0
0.916539
0.0
0.0
0.0224321
0.0
0.0
0.0
0.0
0.0
0.0
0.0
0.0
0.0
0.0
0.0
0.0
0.0
0.0
0.0
0.0
0.32819
0.0
0.0
0.0
0.0
-1.49659
0.0
0.0
0.0
0.0
0.0
0.0
0.0
0.0
0.0
0.0
0.0
0.0
0.0
0.0
0.0
0.0
-0.699647
0.0
0.0
0.0
0.0
0.0
0.0
0.0
0.0
0.0
0.0
0.0
0.0
0.0
0.0
0.0
0.0
0.0
0.0
0.0
0.0
0.0
0.0
0.0
0.0
0.0
0.0
0.0
0.0
0.0
0.0
0.0
0.0
0.0
0.0
0.0
0.0
0.0
0.0
0.908117
0.0
0.0
0.0
0.0
0.0
0.0
0.0
0.0
0.0
0.0
0.0
0.0
0.0
0.0
0.0
0.0
0.0
0.0
0.0
0.0
0.0
0.0
0.0
0.0
0.0
0.0
0.0
0.0
0.0
0.0
0.0
0.0
0.0
0.0
0.0
0.0
0.0
0.0
0.0
0.0
0.0
0.0
0.0
0.0
0.0
0.0
0.0
0.0
0.0
0.0
0.0
0.0
0.0
0.0
0.0
0.0
0.0
0.0
0.0
0.0
0.0
0.0
0.0
0.0
0.0
0.0
0.0
0.0
0.0
0.0
0.0
0.0
0.0
0.0
0.0
-0.485277
0.0
0.0
0.0
0.0880098
0.0
0.0
0.0
0.0
0.0
0.0
0.0
0.0
0.0
0.0
0.0
0.0
0.0
0.0
0.0
0.26229
-0.132463
0.124954
-0.340392
-0.278124
0.616705
0.0445212
-0.348557
-0.549923
-0.0866178
-1.19011
1.49582
-1.0549
-0.0709595
0.630165
0.356696
0.0
0.0
0.0
0.0
0.0
0.0
0.0
0.0
0.0
0.0
0.0
0.0
0.0
0.0
-0.0839522
0.0
0.0
0.0
0.0
0.0
0.0
0.0
0.0
0.0
0.0
0.0
0.0
0.0
0.0
0.0
0.138688
0.0
0.0
0.0
0.0
0.0
0.0
0.0
0.0
0.0
0.0
0.0
0.0
-0.61901
0.0
0.0
0.0
0.0
0.0
0.0
0.0
0.0
0.0
0.0
-0.086573
0.0
-0.755279
0.0
0.0
0.0
0.0
0.0
0.0
0.0
0.0
0.0
0.0
0.0
0.0
0.0
0.0
0.0
0.0
0.0
0.0
0.0
0.0
0.0
0.0
0.0
0.0
0.0
0.0
0.0
0.0
-0.092736
0.0
0.0
0.0
0.0
0.0
0.0
0.0
0.0
0.0
0.0
0.0
0.0
0.0
0.0
0.0
0.0
0.0
0.0
0.0
0.0
-0.638625
0.0
0.0
0.0
0.0
0.0
0.0
1.074
0.0
0.0
0.0
0.0
0.0
0.0
0.0
0.0
-0.637683
0.0
0.0
0.0
0.0
0.0
0.0
0.0
0.0
0.0
0.0
0.0
0.0
0.0
0.0
0.0
0.0
0.0
0.0
0.0
0.0
-0.724334
0.0
0.0
0.0
0.0
0.0
0.0
0.0
0.0
0.0
0.0
0.0
0.0
0.0
0.0
0.0
0.0
0.0
0.0
0.0
0.0
0.0
0.0
0.0
0.0
0.0
0.0
0.0
0.0
0.0
0.0
0.878983
0.0
0.0
0.0
0.0
0.0
0.0
0.0
0.0
0.0
0.0
0.0
0.0
0.0
0.0
0.0
0.0
0.268361
0.0
0.0
0.0
0.0
0.0
0.0
0.0
0.0
0.0
0.0
0.0
0.0
0.0
0.0
0.0
0.0
0.0
0.0
0.0
0.0
0.0
0.0
0.0
0.0
0.0
0.0
0.12639
0.0
0.0
0.0
2.05191
0.0
0.0
0.0
-0.254758
-0.828659
0.0
0.0
0.725592
0.0
-1.8923
0.0
0.0
0.0
0.0
0.0
0.0
0.0
-0.0288972
1.0119
0.117425
0.117908
-0.129593
-0.443358
-0.309493
-0.208345
0.245677
0.0376292
0.243476
-0.486619
0.449967
0.474041
0.374085
0.0186445
0.0
0.0
0.0
0.0
0.0
0.0
0.0
0.0
0.0
0.0
0.0
0.0
0.0
0.0
0.0
0.0
0.0
0.0
0.0
0.0
0.0
0.0
0.0
0.0
0.0
0.0
1.01574
0.0
0.0
0.0
0.0
0.0
0.0
0.0
0.0
-0.214186
0.0
0.0
-0.439257
0.0
0.0
0.0
0.0
0.0
0.0
0.0
0.0
0.0
0.0
0.0
0.0
0.0
0.0
0.0
0.0
0.0
0.0
0.0
0.0
0.0
0.0
0.0
0.0
0.0
0.0
0.0
0.0
0.0
0.0
0.0
0.0
0.0
0.0
0.0
0.0
0.0
0.0
0.0
0.0
0.0
0.0
0.0
0.0
0.0
0.0
0.0
0.0
0.0
0.0
0.0
0.0
0.0
0.0
0.0
0.0
0.0
0.0
0.0
0.0
0.0
0.0
0.0
0.0
0.0
0.0
0.0
0.0
0.0
0.0
0.0
0.0
0.0
0.0
0.0
0.0
0.0
0.0
0.0
0.0
0.0
0.0
0.0
0.0
0.0
0.0
0.0
0.0
0.0
0.0
0.0
0.0
0.0
0.0
0.0
0.0
0.0
0.0
0.0
0.0
0.0
-0.599949
0.0
0.0
-0.461051
0.0
0.0
0.0
0.0
0.0
0.0
0.0
0.0
0.0
0.0
0.0
0.0
0.0
0.0
0.0
0.0
0.0
0.0
0.0
0.0
0.0
0.0
0.0
0.0
0.0
0.0
0.0
0.0
0.0
0.0
-0.0535608
0.0
0.0
0.0
0.0
0.0
0.0
0.0
0.530719
0.0
0.0
0.0
0.0
0.0
0.0
0.0
0.0
0.0
0.0
0.0
0.0
0.0
0.0
0.0
2.00108
0.0
0.0
0.0
0.0
0.0
0.0
0.0
0.0
0.0
0.143921
-0.202149
0.0819869
-0.185467
-0.399333
0.671937
-0.0345892
-0.335876
-0.67695
0.0859467
-0.822029
1.77361
-1.26677
-0.145712
0.504154
0.441163
0.0
0.0
0.0
-0.225437
0.0
0.0
0.0
0.0
0.0
0.0
0.0
0.0
0.0
0.0
0.0
0.0
0.0
0.0
0.0
0.0
0.0
0.0
0.0
-0.369142
0.0
0.0
0.0
0.0
0.0
-1.11123
0.0
-1.4584
0.0
0.0
0.0
0.0
0.0
0.0
0.0
0.0
0.0
0.0
0.0
0.0
0.0
0.0
0.0
-0.753274
0.0
0.0
0.0
0.0
0.0
0.0
0.0
0.0
0.0
0.0
0.0
0.0
0.0
0.0
0.0
0.0
0.0
0.0
0.0
0.0
0.0
0.0
0.0
0.0
0.0
0.0
0.0
0.0
0.0
0.0
0.0
0.0
0.0
0.0
0.0
0.0
0.0
0.0
0.0
0.0
0.0
0.0
0.0
0.0
0.0
0.0
0.0
0.0
0.0
0.0
0.0
0.0
0.0
0.0
0.0
0.0
0.816385
0.0
0.0
0.0
0.0
-0.306983
0.0
0.0
0.0
0.0
0.0
0.0
0.0
0.0
0.0
0.0
0.0
0.0
0.0
0.0
-0.689035
0.0
0.0
0.0
0.0
0.0
0.0
0.0
0.0
0.0
0.0
0.0
0.0
0.0
0.0
0.0
0.0
0.0
0.0
0.0
0.0
0.0129695
0.0
0.0
0.0
0.0
0.0
0.0
0.0
0.0
0.0
1.05814
0.0
0.0
0.0
0.0
0.0
0.0
0.0
0.0
0.0
0.0
0.0
0.0
0.0
0.0
0.0
0.915036
-1.72196
0.0
0.0
0.0
0.0
0.0
0.0
0.0
0.0
0.0
0.0
0.0
0.0
0.0
0.0
0.0
0.0
0.0
0.0
0.0
0.0
0.0
0.0
0.0
0.0
0.0
0.0
0.0
0.0
0.0
0.0
0.0
0.0
0.0
0.0
0.0
0.0
0.0
0.0
0.0
0.0
0.0
0.0
0.0
0.0
0.0
0.0
0.0
0.0
0.0
0.0
0.0
0.0
0.0
0.0
0.0
0.0
0.0
0.0
0.0
0.0
0.0
0.0
0.0
0.0
0.0
0.0
0.0
0.0
0.0
0.0
0.0
0.0
0.0
0.0
3.43682
0.0
0.0
0.0
0.0
0.0
0.0
0.0
0.0
-0.11148
0.00610961
0.361282
0.000707112
0.441365
-0.421598
-0.240566
-0.074845
0.247287
0.0659307
0.29558
-0.51627
0.369697
0.534751
0.359809
0.0291313
0.0
0.0
0.0
0.0
0.0
0.0
0.0
0.0
0.0
0.0
0.0
0.0
0.0
0.0
0.0
0.0
0.0
0.0
0.0
0.0
0.0
0.0
0.0
0.0
0.0
0.0
0.0
0.0
0.0
0.0
0.0
0.0
0.0
0.0
0.0
0.0
0.0
0.0
0.0
0.0
0.0
0.0
0.0
0.0
0.0
0.0
0.0
0.0
0.0
0.0
0.0
0.0
0.0
0.0
0.0
0.0
0.0
0.464353
0.0
0.0
0.0
0.0
0.0
0.0
0.0
0.0
0.0
0.0
0.0
0.0
0.0
0.0
0.371347
0.0
0.0
-1.26619
0.0
0.0
0.0
0.0
0.0
0.0
0.0
0.0
0.0
1.62746
0.0
0.0
0.0
0.096631
0.0
0.0
0.0
0.0
0.0
-0.861187
0.0
0.0
0.0
0.0
0.0
0.0
0.0
0.0
0.0
0.0
0.0
0.0
0.0
-1.83632
0.0
0.0
0.0
0.0
0.0
0.0
1.11373
0.0
0.0
0.0
0.0
0.0
0.0
0.0
0.0
0.0
0.0
0.0
0.0
0.0
0.773431
0.0
0.0
0.0
0.0
0.0
0.0
0.0
0.0
0.0
0.0
0.0
0.0
0.0
0.0
0.0
0.0
0.0
0.0
0.0
0.0
0.0
0.0
0.0
0.0
0.0
0.0
0.0
0.0
0.0
0.0
0.0
0.0
0.0
0.0
0.0
0.0
0.0
0.0
0.0
0.0
0.0
0.0
0.0
0.0
0.0
0.21683
0.0716806
0.194588
0.204906
0.391378
-0.281909
0.00714734
0.578983
-0.0156494
0.143612
0.503403
-0.414736
-0.0693891
0.500458
0.35318
-0.0674454
0.0
-0.405918
0.0
0.0
0.0
0.0
0.0
0.0
0.0
0.0
0.0
0.0
0.0
0.0
0.0
0.0
0.0
0.0
0.66825
0.0
0.0
0.0
0.0
0.0
0.0
0.0
0.0
0.0
0.197472
0.0
-0.289274
0.0
0.185946
0.0
0.0
0.0
0.0
0.0
0.0
0.0
0.0
-0.357475
0.0
0.0
0.0
0.0
0.0686756
0.0
-0.13286
0.0885455
0.168083
0.0278502
-0.0065154
-0.404684
-0.215718
0.256772
0.278335
0.0547949
0.261725
-0.55698
0.328254
0.50647
0.354765
0.0144914
0.0
0.0
0.0
0.0
0.0
0.0
1.92136
0.0
0.0
0.0
0.0
0.0
0.0
0.0
0.0
0.0
0.0
0.0
0.0
0.0
0.0
0.0
0.513998
0.0
0.0
0.0
0.0
0.0
0.0
-0.683662
0.0
-1.59317
0.0
0.0
0.0
0.0
0.0
0.0
0.0
0.0
0.0
0.0
0.0
0.0
0.0
0.0
0.0
1.18291
0.0
0.0
0.0
0.0
0.0
0.0
0.0
0.0
0.0
0.0
0.0
0.0
-0.934814
0.0
0.0
0.0
0.0
0.0
0.0
0.0
0.0
0.0
0.0
0.0
0.0
0.0
0.0
0.0
0.0
0.0
0.0
0.0
-0.0854519
0.0
0.0
0.0
0.0
0.0
0.0
0.0
0.0
0.0
0.0
0.0
0.0
0.0
0.0
0.0
0.0
0.0
0.0
0.0
0.0
0.0
0.0
0.0
0.0
0.0
0.0
0.0
0.3124
0.0
0.0
0.0
0.0
0.0
0.0
0.0
-1.10647
0.0
-0.218729
0.0
0.0
0.0
0.0
0.0
0.0
0.0
0.0
0.0
0.0
0.0
0.0
0.0
0.0
0.0
0.0
0.0
0.0
0.0
0.0
0.0
0.0
0.0
0.0
0.0
0.135052
0.0877961
0.0780129
0.193422
-0.0820657
-0.24887
0.0661413
0.392561
0.140633
0.055632
0.461565
-0.326781
-0.0309633
0.473332
0.376715
-0.0697949
0.100096
0.0
-0.482413
0.0
0.0
0.0
0.0
0.0
0.0
0.0
0.0
0.0
0.0
0.0
0.0
0.0
0.0
0.0
0.0
0.0
0.0
0.0
0.0
-1.29923
0.0
0.0
0.0
0.0
0.0
0.0
0.0
0.0
0.0
0.0
0.0
0.0
-1.10264
0.0
1.05926
0.0
0.0
0.0
0.0
0.0
0.0
0.0
0.0
-0.985782
0.0
0.0
0.0
0.0
0.0
0.0
0.0
0.0
-0.669307
0.0
0.0
0.0
0.0
0.0
0.0
0.0
0.0
0.0
0.0
0.0
0.0
0.0
0.0
0.0
0.0
0.0
0.477564
0.0
0.0
0.0
0.0
0.0
-0.0667305
0.195294
0.324926
0.0400104
0.433154
-0.357489
-0.165835
0.253056
0.370769
0.13354
0.143838
-0.420909
0.293197
0.494565
0.349589
0.0287554
0.0
0.0
0.671369
0.0
0.0
0.0
0.0
0.594546
0.977112
0.0
0.236977
0.0
0.0
0.0
0.0
0.0
0.0
0.0
0.0
0.0
0.0
2.00567
0.0
0.0
0.0
0.626701
0.0
0.0
0.0
0.0
0.0
0.0
0.0
-1.90324
0.0
0.0
0.0
0.0
0.0
0.0
0.0
0.0
0.0
0.0
0.0
0.0
0.0
0.440709
0.0
0.0
0.0
0.0
0.0
0.0
0.0
0.0
0.0
0.0
0.0
0.0
0.0
0.0
0.0
0.0
0.0
0.0
0.0
0.0
0.0
0.0
0.768198
-0.03025
0.0
0.0
0.0
0.0
0.0
0.0
0.0
0.0
0.0
0.0
0.0
0.0
0.0
0.0
0.0
-0.146017
0.0
0.0
0.0
0.0
0.0
0.0
0.0
0.0
0.0
0.0
0.0
0.0
0.0
-0.787743
0.0
0.0
0.0
0.0
0.0
0.0
0.0
0.0
0.0
0.0
0.404225
0.119595
-0.143575
0.00515324
0.0533886
-0.342571
-0.0595152
-0.231984
-0.145736
0.0250974
-0.0817278
-0.533728
0.0705977
0.568373
0.356783
-0.260378
0.0
0.0
0.0
0.0
0.0
-1.65122
0.0
0.0
0.0
0.0
0.0
0.0
0.0
0.0
0.0
0.0
0.0
0.0
0.0
0.0
0.0
1.16614
0.0
0.0
0.0
0.0
0.0
0.0
0.0
0.0
0.0
0.0
0.0
0.0
0.0
0.0
0.0
0.0
0.498933
0.0
0.0
0.0
0.0
0.0
0.0
0.0
0.0
0.0
0.0
0.0
0.0
0.0
0.0
0.0
0.0
0.0
0.0
0.0
0.0
0.0
0.0
0.0
0.0
0.0
0.0
0.0
0.0
-2.2093
0.0
0.0
0.0
0.0
0.0
0.0
0.0
0.0
-0.134438
0.0
0.0
0.0
0.0
0.0
0.0
0.0
0.0
0.0
0.0
0.0
0.0
0.0
0.0
0.0
0.0
0.0
0.0
0.0
0.0
0.0
0.0
0.0
0.0
0.0
0.0
0.0
0.0
0.0
0.0
0.0
0.0
0.0
0.0
0.0
0.0
0.0
0.0
0.0
0.0
0.0
0.0
0.0
0.0
0.0
0.0
0.0
0.0
0.0
-0.106687
0.0
-0.0582908
0.287149
0.164244
0.111647
-0.00784811
-0.346435
-0.144735
0.316107
0.365668
0.0874901
0.281591
-0.417036
0.280696
0.486703
0.357862
0.00109797
0.0
0.0
0.0
0.0
0.0
0.0
0.0
0.0
0.0
0.0
0.0
0.0
1.05787
0.0
0.0
0.0
-0.00141393
0.138554
0.102252
0.0743919
-0.12639
-0.405057
-0.136226
0.177536
0.0708595
0.101825
0.770621
-0.594966
0.275108
0.51509
0.368161
-0.223223
0.0
0.0
0.0
0.0
0.0
0.0
0.0
0.0
0.0
0.763879
0.0
0.0
0.0
0.0
0.0
0.0
0.118292
0.0860946
0.0510923
0.140065
-0.0471675
-0.292668
-0.0190358
0.181347
0.197923
0.0921099
0.482909
-0.404712
0.11567
0.54969
0.346502
-0.129617
0.0
0.0
0.0
0.0
0.0
0.0
0.0
1.18164
0.0
0.0
0.0
0.0
0.0
0.0
0.0
0.0
0.0
-1.16874
0.0
0.0
0.0
0.0
0.0
0.0
0.0
0.0
0.0
0.0
0.0
0.0
0.0
0.0
-0.219533
0.0
0.0
0.0
0.0
0.0
0.0
0.0
0.0
0.0
0.0
0.524897
0.0
0.0
0.0
0.0
0.0
-0.375466
0.0
0.0
0.0
0.0
0.0
0.0
0.0
0.0
0.0
0.0
0.0
0.0
0.0
0.0
0.0
0.0
0.0
0.0
0.0
0.37184
0.0
0.0
0.0
0.0
0.0
0.0
0.0
0.0
0.0
0.0
1.5153
-0.906604
1.99697
-0.0758869
0.387328
1.93199
3.02729
5.80118
0.28203
0.647987
5.1538
0.979336
-3.27055
2.48874
2.37142
-0.539799
-2.15716
0.459059
-2.59574
0.0955194
-0.183563
-2.12897
-3.56126
-5.15488
-0.383658
-2.38428
-5.77896
-0.0559312
3.47791
-2.45053
-2.05474
0.131684
-1.8292
-0.264642
-0.704695
-0.00548168
0.663986
2.39112
1.12128
1.4668
-1.48045
-0.332222
2.27883
-0.767289
-1.11102
1.06002
1.12851
0.255164
3.48849
-0.268541
1.99035
0.00752729
0.0877539
1.37673
-0.513654
-2.7922
-0.191656
0.00245306
-0.976016
0.737152
-2.21632
-1.19742
1.83641
0.626195
-0.641433
-3.06912
-0.599242
0.0194458
0.204104
-0.192377
-0.534177
0.645229
-0.10313
-1.7363
-0.625579
0.923161
0.208015
0.0349648
0.317887
-0.408326
1.52824
-0.077276
3.30117
-0.136453
0.151888
-0.198069
0.188715
-2.1356
0.25294
0.169749
0.130894
-1.66333
2.80258
-1.28239
-2.59134
0.717609
0.325285
0.0099992
-0.0871549
-0.00199951
0.0451776
-0.248863
0.289071
-0.00662006
-0.432887
-0.143342
-0.738842
0.450265
0.635036
0.769204
1.36996
0.0872453
3.62095
0.988163
1.80859
-0.118894
-1.52622
-0.368506
0.689776
-1.64637
-0.0386135
0.230528
0.755492
-1.29915
2.98216
0.158434
-1.67375
0.433143
0.534275
-1.69842
-2.54269
0.105146
2.5056
0.138681
-0.997845
0.862727
0.0417894
-1.48489
-0.861505
0.925141
-1.26938
2.16562
-2.11415
1.10384
-1.01917
0.940032
1.63527
2.55615
2.51309
-1.80025
-0.70713
0.0409344
0.0156426
-1.54298
-1.08162
1.05456
-0.180507
-0.282347
3.07401
1.8386
2.28616
-0.159757
4.77842
2.12399
1.78056
1.68526
-0.367453
1.97506
0.920596
0.52583
0.856541
-1.9293
0.900821
-2.90099
-1.14859
3.02999
0.133534
0.377961
-0.675307
2.50493
-0.366579
1.84842
-0.383653
-0.697321
-0.214419
0.399571
-0.0513768
-1.62347
0.680579
-0.751783
-1.23166
-0.150124
-0.146487
-0.275014
-0.768487
0.0155664
0.678987
1.03159
2.37596
4.3064
-1.44954
0.456676
-0.147779
0.433575
-2.47043
0.240301
0.556748
-0.236324
0.940064
0.00655276
0.281327
-0.0297612
0.156675
-1.21906
-3.0248
-2.9674
-1.80517
-1.82072
1.25502
0.125496
0.387097
-0.0202751
0.54246
-0.085422
0.168769
-0.11763
-0.15116
0.0127873
0.138778
0.511216
-0.542779
2.58552
0.231761
2.22759
0.00157033
0.104435
-0.161022
-0.215334
0.322578
-0.0251163
1.81212
0.283636
1.25187
-0.13862
0.220021
-1.17779
0.729719
-2.33502
3.63336
-1.82755
3.80263
-1.95521
0.194885
1.27404
-0.557312
0.43106
-2.24145
-0.302639
-3.18706
0.17914
0.198096
-0.927401
-0.136616
1.4141
-2.69246
1.64785
-4.0114
0.960188
-0.366302
0.940444
0.949359
-1.37395
-0.121572
-0.444139
1.77166
0.0068816
0.0818707
2.26547
-0.544693
-1.46944
1.56178
-2.19793
4.88849
-3.30059
2.02095
-1.25447
-1.4116
0.498214
-3.31658
1.15855
-1.96062
0.0358117
0.337419
-0.355169
-0.308846
-0.0672248
-0.408743
-0.00353931
0.232499
0.608847
0.634997
-0.523023
2.75624
-0.323268
-3.31459
0.948306
-2.47103
0.154662
-0.0120636
-2.64899
-0.510409
0.263212
-0.771747
-0.786239
-1.94093
2.66377
-4.60133
-1.46089
1.57171
-1.05749
0.171049
-1.84275
0.723837
2.18166
0.127644
1.76048
-0.525897
0.134457
-0.150828
-1.17117
-0.511893
-0.553156
1.85638
-0.555536
-0.00866748
-2.80909
0.748037
-0.0958325
-0.757435
-0.0851037
-1.39533
0.150395
0.443834
-0.12138
0.0534493
-0.32083
-0.0100422
0.186964
0.119968
0.0533341
-2.73513
2.11899
-3.22481
-4.26219
9.4822
-6.271
-0.929449
0.135681
1.17781
2.86528
-7.56246
-3.93803
6.43239
-9.19885
-1.00575
0.652196
-2.2673
0.567617
-0.735893
-1.98934
-2.2808
-0.615421
-1.13871
-2.91413
-2.2029
-2.35134
-2.15475
-3.76931
-1.72577
-1.41849
-5.90722
-0.713969
-2.18335
-7.6237
4.05121
-1.91959
-3.16797
-1.55236
1.67364
-1.11247
-0.728139
-0.835387
10.1845
-6.99427
-12.3042
-10.9497
-4.19526
3.41333
-6.75651
2.00425
3.87597
-7.29427
1.49407
2.87377
-2.32703
-2.52869
-3.57612
-1.34892
-4.44221
3.46123
-6.51836
0.949982
1.03759
-1.74406
0.0816819
-0.424583
0.447217
-1.05569
-2.64684
-0.672781
