[229, 36, 36, 4]
0.0
0.0
0.0
0.0
0.0
0.0
0.0
0.0
0.0
0.0
0.0
0.0
0.0
0.0
0.0
0.0
0.0
0.0
0.0
0.0
0.0
0.0
0.0
0.0
0.0
0.0
0.0
0.0
0.0
0.0
0.0
0.0
0.0
0.0
0.0
0.0
0.0
0.0
0.0
0.0
-0.398121
0.0
-0.579248
0.0
0.0
0.0
0.0
0.0
0.0
0.0
0.0
0.0
0.0
0.0
0.0
0.0
0.0
-0.432629
0.0
0.0
0.0
0.0
0.0
0.0
0.0
0.0
0.0
0.0
0.0
0.0
0.0
0.0
0.0
0.0
0.0
0.0
0.0
0.0
0.0
0.0
0.0
0.0
0.0
0.0
0.0
0.0
0.0
0.0
0.0
0.0
0.0
0.0
0.0
0.0
0.0
0.0
0.0
0.0
0.0
0.0
0.0
0.0
0.0
0.0
0.0
0.0
0.0
0.0
0.0
0.0
0.0
0.0
0.0
0.0
0.0
0.0
0.0
-1.15197
0.0
0.0
0.0
0.0
0.0
0.0
0.0
0.0
0.0
0.0
0.0
0.0
0.0
0.0
0.0
0.0
0.0
0.0
0.0
0.0
0.0
1.63967
0.0
0.0
-0.410646
0.0
0.0
0.0
0.0
-0.62035
0.0
0.0
0.0
0.563842
0.0
0.0
0.0
0.0
0.126761
0.0
0.0
0.0
0.0
0.0
0.0
0.0
0.0
0.0
0.0
0.0
0.0
0.0
0.0
0.0
0.0
0.0
0.0
0.0
0.0
0.0
0.0
0.0
-0.0211749
0.454208
0.173901
0.000728881
0.0295021
-0.270068
-0.0553306
-0.166697
-0.0409048
0.179762
0.00143117
-0.0132973
0.530939
0.148882
-0.287843
0.0168825
0.140458
-0.474177
0.0036938
-0.00235878
0.598065
0.450742
-0.282963
-0.201783
-0.0137852
0.227338
0.411509
-0.0262578
-0.00330471
-0.145846
0.0607533
-0.931325
0.0142444
0.251061
0.457781
-0.165708
0.0
0.0
0.0
0.0
0.0
0.0
0.0
0.0
0.0
0.0
0.0
0.0
0.0
0.0
0.0
0.0
0.0
0.0
0.0
0.0
0.0
0.0
0.0
0.0
0.0
0.0
0.0
0.0
0.0
0.0
0.930989
0.0
0.0
0.0
0.0
0.0
-0.0156856
0.57242
0.236812
0.000558227
0.0205403
-0.343078
-0.0786516
0.240391
-0.323267
0.093722
0.105856
-0.0129009
0.57759
-0.111997
-0.0881876
-0.00564869
0.431921
-0.689491
-0.00182761
-0.0125735
0.382206
-0.021819
-0.558305
-0.445877
-0.185709
0.189044
0.414316
0.00485003
-0.00463032
-0.442239
-0.0818106
0.382308
0.55039
-0.019136
-0.0301956
-0.134121
0.0
0.0
0.0
0.0
0.0
0.0
0.0
0.0
0.0
0.0
0.0
0.0
0.0
0.0
0.0
-0.727831
0.0
0.0
0.0
0.0
0.0
0.0
0.0
0.0
-0.223063
0.0
0.0
0.0
0.0
0.0
0.0
0.0
0.0
0.0
0.0
0.0
0.00513425
0.589591
0.222694
0.000358335
0.0335533
-0.296798
0.0363255
0.319005
0.0619989
-0.0970212
0.0974339
0.048252
0.435131
0.0832019
-0.352884
0.010538
0.0185697
-0.564623
-0.0026613
-0.028519
0.431476
0.115158
-0.441397
-0.449068
-0.0786504
0.391567
0.466881
-0.0895513
-0.00496657
-0.128002
-0.119904
-0.0279871
0.00236479
0.0826748
-0.0351202
0.223805
0.0
0.0
0.0
0.0
0.0
-0.821243
0.0
0.0
0.0
0.0
0.0
0.0
0.0
0.0
0.0
0.0
0.0
0.0
0.0
0.0
0.0
0.0
0.0
0.0
0.0
0.0
0.0
0.0
0.0
0.0
0.0
0.0
0.0
-0.157136
0.0
0.0
0.0
0.0
0.0
0.0
0.0
0.0
-0.0944572
0.0
0.0
0.0
0.0
0.0
0.0
0.0
0.0
0.0
0.0
0.0
0.0
0.0
0.0
0.0
0.0
0.0
0.0
0.0
0.0
0.0
0.0
0.0
0.0
0.0
0.0
0.0
0.0
0.0
0.0
0.0
0.0
0.0
0.0
0.0
0.0
0.0
0.0
-0.158274
0.0
0.0
0.0
0.773924
-0.684482
0.0
0.0
0.0
0.0
0.0
0.0
0.0
0.0
0.0
0.0
0.0
0.0
0.0
0.0
0.0
0.0
0.0
0.0
0.0
0.0
0.0
0.0
0.0
0.0
-0.856674
0.0
0.0
0.0
0.0
0.0
0.0
0.0
0.0
1.54833
0.0
0.0
0.0
0.0
0.0
0.0
0.0
0.0
0.0
0.0
0.0
0.0
0.0
0.0
0.0
0.0
0.0
0.0
0.0
0.0
0.0
0.0
0.0
1.54567
0.0
0.0
0.0
0.0
-1.4371
0.0
0.0
0.0
0.0
0.0
0.0
0.0
0.0
0.0
0.0
0.0
-1.37193
0.0
0.0
0.0
0.0
0.0
0.0
0.0
0.0
0.0
0.0
0.0
0.0
0.0
0.0
0.0
0.0
0.804029
0.0
0.0
-1.72097
0.0
0.0
0.0
0.0
0.498075
-0.414501
0.0
0.0
0.0
0.0
0.0
0.0
0.0
0.0
0.0
0.0
0.0
1.36076
0.0
0.0
-0.835683
0.0
0.0
0.0
0.0
0.0
0.0
0.0
0.0
0.0
0.0
0.0
0.0
0.0
0.0
0.0
0.0
0.0
0.0
0.0
0.0
0.0
0.0
0.0
0.0
0.0
0.0
0.00535561
0.0
0.0
0.0
0.0
0.0
0.0
0.0
0.0
0.0
0.0
0.0
0.0
0.0
0.0
1.02716
0.0
0.0
0.0
0.0
0.0
0.0
0.0
0.0
0.0
0.0
0.0
0.0
0.0
0.0
0.0
0.0
0.0
0.0
0.0
0.0
0.0
0.0
1.11249
0.0
0.0
0.0
0.0
0.0
0.0
0.0
0.0
0.0
-0.57493
0.0
0.0
0.0
0.0
0.0
0.0
-0.435508
0.0
0.0
0.0
-0.0145562
0.55109
0.0665563
0.000138916
0.0477542
-0.252599
-0.0569796
-0.280825
-0.194264
0.00432861
-0.30023
-0.177297
0.440934
0.302311
-0.149721
0.0224052
-0.124174
-0.349358
0.0113377
0.0679387
0.319956
0.158952
-0.249419
-0.592025
-0.220627
0.0937045
0.627392
-0.0644763
-0.00921426
-0.186438
0.0389082
-0.0663036
0.00104104
0.334777
-0.00530579
-0.0304679
0.0
0.0
0.0
0.0
0.0
0.0
0.0
0.0
0.0
-0.668397
0.0
0.0
0.0
0.0
0.0
0.0
0.0
0.0
0.0
0.0
0.0
0.0
0.0
0.0
0.0
0.0
0.0
0.0
0.0
0.0
0.0
0.680851
0.0
0.0
0.0
0.0
0.0
0.0
0.0
0.0
0.0
0.0
0.0
0.0
0.331106
0.0
0.0
0.0
0.0
0.0
0.0
0.0
0.0
0.0
0.0
0.0
0.0
0.0
0.0
0.0
0.0
0.0
0.0
0.0
0.0
0.0
0.0
0.0
0.0
0.0
0.0
0.0
0.0
0.0
0.0
0.0
0.0
0.0
0.0
0.0
0.0
0.0
0.0
0.0349089
0.0
0.0
0.0
0.0
0.0
0.0
0.0
0.0
0.0
0.0
0.0
0.0
-0.0562034
0.0
0.0
0.0
0.0
0.0
0.0
0.0
0.0
0.259892
0.400316
0.0
0.0
0.0
0.0
0.0
2.49983
0.0
0.0
0.473487
0.0
0.0
0.0
0.0
0.0
0.0
0.0
0.0
-1.26125
0.0
0.0
0.0
0.0
0.0
0.0
0.0
0.0
0.0
0.0
0.0
0.0
0.0
0.0
0.0
0.0
0.0
0.0
0.0
0.0
0.0
0.0
-0.159314
0.0
0.0
0.0
0.0
0.0
0.0
0.0
0.0
0.0
0.0
0.0
0.0
0.0
0.0
0.0
0.0
0.0
0.0
0.0
0.0
0.0
0.0
0.0
0.0
0.0
0.0
-0.823916
0.0
0.0
0.0
-1.34317
0.0
0.415832
0.0
0.0
0.0
1.1174
0.0
0.0
0.0
0.0
0.0
0.0
0.0
0.0
0.0
0.0
0.0
0.0
0.0
0.0
0.0
0.0
0.0
0.0
0.0
0.0
0.0
0.0
0.0
0.0
0.0
0.0
0.0
0.0
0.0
0.0
0.0
-2.02846
0.0
0.0
0.0
0.0
0.0
0.0
0.0
0.0
0.0
0.0
0.0
0.0
0.0
0.0
0.0
0.0
0.0
0.0
0.0
0.0
0.0
0.0
0.0
0.0
0.0
0.502958
0.0
0.0
0.0
0.0
0.0
0.0
0.0
0.0
0.0
0.0589319
1.03715
-0.106794
6.05362e-05
-0.0353444
-0.185395
0.619954
0.756012
-0.198226
-0.265411
-0.235639
-0.032318
0.213877
0.175112
-0.0343248
0.00919249
0.262246
-0.836588
0.000541703
0.196347
-0.237582
0.0289897
0.477226
0.250872
-0.0549639
0.246411
-0.357383
-0.575619
-0.004362
0.221965
1.09764
0.330046
0.0049954
0.200174
0.304675
0.192554
0.0
0.0
0.0
0.0
0.0
0.0
0.0
0.0
0.0
0.0
0.0
0.0
0.0
0.0
0.0
0.0
0.0
0.0
0.0
0.0
0.0
0.0
0.0
0.0
0.0
0.0
0.0312934
0.0
0.0
0.0
0.0
0.0
0.0
0.0
0.0
0.0
0.0
0.0
0.0
0.0
0.0
0.0
0.689477
0.0
0.0
0.0
0.0
0.0
0.0
0.0
0.0
0.0
0.0
0.0
0.0
0.0
0.0
0.0
-0.594174
0.512534
0.0
0.0
0.0
0.0
0.0
0.0
0.0
0.0
0.0
0.0
0.0
0.0
0.0
0.0
0.0
0.0
0.0
0.0
0.0
0.0
0.0
0.0
0.0
0.0
0.0
0.0
-0.616475
0.0
0.0
0.0
0.0
-1.40195
0.0
-0.845371
0.0
0.0
0.0
0.0
0.0
0.0
0.0
0.0
0.0
0.0
0.0
0.0
0.0
0.0
0.0
0.0
0.0
0.0
0.0
0.0
0.0
0.0
0.0
0.0
0.0
0.0
0.0
0.0
0.0
0.0
0.0
0.0
0.0
0.0
0.0
0.0
0.0
0.0
0.0
0.0
0.0
0.0
0.0
0.0
0.0
0.0
0.0
0.0
0.0
0.0
0.0
0.0
0.0
0.0
0.588423
0.0
0.0
0.0
0.0
0.0
0.0
0.0
0.891034
-0.513716
0.0
0.0
0.0
0.0
0.0
0.0
0.0
0.0
0.0
0.0
0.0
0.0
0.0
0.0
0.0
0.0
0.0
0.0
0.0
0.0
0.0
0.0
0.0
0.0
0.0
0.0
0.0
0.0
0.0
0.0
0.0
0.0
0.0
0.0
0.0
0.0
0.0
0.0
0.0
0.0
0.0
0.0
0.0
0.0
0.0
0.0
0.0
0.0
0.0
0.0
0.0
0.0
0.0
0.0
0.0
0.0
0.0
0.0
0.0
0.0
0.0
0.0
0.0
0.0
0.0
-0.162441
0.0
0.0
0.0
0.0
0.0
0.0
0.0
1.56583
0.0
-0.611826
0.0
0.0
0.0
0.0
0.0
1.0282
0.0
0.0
0.0
0.0
0.0
0.0
0.0
0.0
0.0
0.0
0.0
0.0
0.0
0.0
0.0
0.0
0.0
0.0
0.872294
0.0
0.0
0.0
0.0
0.0
0.0
0.0
0.0
0.0
0.0
0.0
0.0
0.0
0.0
0.0
0.0
1.41256
0.0
0.0
0.0
0.0
0.0
0.0
0.0
0.0
0.0
0.0
0.0
0.0
0.0
0.0
0.0
0.0
0.0
0.0
0.0
0.0
0.0
0.0
0.0
0.0
0.0
0.0
0.0
0.0
0.0
0.0
0.0
0.0
0.0
0.0
0.0
0.0
0.0
0.0
0.0
0.0
0.0
0.0
0.0
0.686075
0.0
0.0
0.0
0.0
0.0
0.0
0.0
-0.99118
0.0
0.0
0.0
0.0
0.0
0.0
0.0
0.0
0.0
0.0
0.0
0.0
0.0
0.0
0.0
0.0
-1.18065
0.0
-0.0758176
0.0
0.0
0.0
0.0
0.0
0.0
0.0
0.0
0.0
0.0
0.0
0.0
0.0
-0.582549
0.0
0.0
0.0
0.0
0.0
0.0
0.0
0.0
0.0
0.0
0.0
0.0
0.0
0.0
0.0
-0.572167
0.0
0.0
0.0
0.0
0.0
0.0
0.0
0.0
0.0
0.0
0.0
0.0
0.0
0.0
0.0
0.0
0.0
0.0
0.0
0.0
0.0
0.0
0.0
0.0
0.0
0.0
0.0
0.0
0.0
0.0
0.0
0.0
0.0
0.0
0.0
0.0
0.0
0.0
0.0
0.0
0.0
0.0
0.0
0.0
0.0
0.0
-0.805991
-0.832158
0.0
0.0
0.0
0.0
0.0
0.0
0.0
0.0
0.0
0.0
0.0
0.0
-1.03818
0.0
0.0
0.0
0.0
0.0
-0.721547
0.0
1.70594
0.0
0.0
0.0
0.0
0.0
0.0
0.0
0.0
0.0
0.0
0.0
0.0
0.0
0.0
0.0
0.0
0.0
0.0
0.0
0.0
0.0
0.0
0.0
0.0
0.0
0.0
0.0
0.0
0.0
0.0
0.0
0.0
0.0
0.0
0.0
0.0
0.0
0.0
0.0912198
0.0
0.0
0.0
0.0
-0.536405
0.0
0.0
0.0
0.0
0.0
0.0
0.0
-0.842381
0.0
0.0
0.0
-0.938144
0.0
0.0
0.0
0.136243
0.0
0.0
0.0
0.0
0.0
0.0
0.0
0.0
0.0
0.0
0.0
0.0
0.0
0.0
0.0
0.0
-0.256724
0.0
0.0
0.0
0.0
0.0
0.0
0.0
0.0
0.0
0.0
0.0
0.0
0.0
0.0
0.0
0.0
0.0
0.0
0.0
0.0
0.0
0.0
0.0
0.540187
0.0
0.0
0.0
0.0
-0.987038
0.0
0.0
0.0
0.0
0.0
0.0
0.0
0.0
0.0
0.0
0.0
0.0
0.0
0.0
0.0
0.0
0.0
0.0
0.0
0.0
0.0
0.0
0.0
0.0
0.0
0.0
0.0
0.0
0.0
0.0
0.0
0.0
0.0
0.0
0.0
0.0
0.0
1.05344
0.0
0.0
0.0
0.0
0.0
0.0
0.0
0.0
0.0
0.0
0.0
0.0
0.0
0.0
0.0
-0.462893
0.0
0.0
0.0
0.0
0.0
0.0
0.0
0.0
0.0
0.0
0.0
0.0
0.0
0.0
0.0
0.0
0.0
0.0
0.0
0.0
0.0
0.0
0.0
0.0
0.0
0.0
0.0
0.0
0.0
0.130792
0.0344731
0.0
0.0
0.0
0.0
0.0
0.0
0.0
0.0
0.0
0.0
0.0
0.0
0.0
0.0
0.0
0.0
0.0
0.0
0.0
0.0
0.0
0.0
0.0
0.0
0.0
0.0
0.0
0.0
0.0
0.0
0.0
0.0
0.0
-0.378862
0.0
0.0
0.0
-1.44547
0.0
0.0
0.0
0.0
0.0
0.0
0.0
0.0
0.0
0.00835845
0.429422
0.142685
-0.000232027
0.00256642
-0.251269
-0.0752091
-0.43268
-0.133975
0.0552841
-0.0984596
-0.114427
0.418412
0.384182
-0.20272
0.00388718
0.0338474
-0.327613
-0.000287825
0.0234105
0.407093
-0.00623409
-0.122638
-0.454137
-0.0232088
-0.00680959
0.637003
-0.0865986
-0.000667039
-0.0842241
0.125369
-0.03997
0.00138172
0.366582
-0.0581748
-0.0128397
0.0
0.0
0.0
0.0
0.0
0.0
0.0
0.0
0.0
0.0
0.0
0.0
0.0
0.0
0.0
0.0
0.0
0.0
-0.13112
0.0
0.0
0.0
0.0
0.0
0.0
0.0
0.0
0.0
0.0
0.0
0.0
0.0
0.0
0.0
0.0
0.0
0.0
0.0
0.0
0.0
0.0
0.0
0.0
0.0
0.0
0.0
0.0
0.0
0.0
0.0
0.0
0.0
0.0
0.0
0.0
0.0
0.0
0.0
0.0
0.0
0.0
0.0
0.0
0.0
0.0
0.0
0.0
0.276318
0.0
0.0
0.0
0.0
0.0
0.0
0.0
0.0
0.0
0.0
0.0
0.0
0.0
0.0
0.0
0.0
0.0
0.0
0.0
0.0
0.0
0.0
0.0
0.0
0.0
0.0
0.0
0.0
0.0
0.267036
0.0
0.0
0.0
0.0
-0.695697
0.0
0.0
-0.111862
0.0
0.0
0.0
0.0
0.0
0.0
0.0
0.0
0.0
0.0
0.0
0.0
0.0
0.0
0.0
0.0
0.0
0.0
0.0
0.0
0.0
0.0
0.0
0.0
0.0
0.0
0.0
0.285229
0.0
0.0
0.0
0.0
0.0
0.0
0.0
0.0
0.0
0.0
0.0
0.0
0.0
0.0
0.0
0.0
-0.105262
0.0
0.0
0.0
0.0
0.0
0.0
0.0
0.0
0.0
0.0
0.0
0.0
0.0
0.0
-0.858809
0.0
0.0
0.0
0.0
0.317284
0.0
0.0
0.0
0.0
0.0
0.0
0.0
0.0
0.0
0.0
0.0
0.0
0.0
0.0
0.0
0.0
0.0
0.0
0.0
0.0
0.0
0.0
0.0
0.0
0.0
0.0
0.0
0.0
0.0
0.0
0.485264
0.0
0.0
0.0
-0.124076
0.0
0.0
0.0
0.0
0.0
0.0
0.0
0.0
0.0
0.0
0.0
0.0
0.0
0.0
0.0
0.0
0.0
0.0
0.0
0.0
0.0
0.0
0.0
0.0
0.0
0.0
0.0
0.0
0.0
0.0
0.0
0.0
0.0
0.0
0.0
0.0
0.0
0.0
0.0
0.0
0.0
0.0
0.0
0.0
-0.870266
0.0
0.0
0.0
0.0
0.0
0.0
-1.42951
0.0
0.0
0.0
0.0
0.0
0.0
0.0
0.0
0.0
0.0
0.0
0.0
0.0
0.0
0.0
0.0
0.0
0.0
0.0
0.0
0.0
0.0
0.0
0.0
0.0
0.0
0.0
0.0
0.0
0.0
0.0
0.0
0.0
0.0
0.0
0.0
0.0
0.0
0.0
0.0
0.0
1.34605
0.0
0.0
0.0
0.0
0.0
0.0
0.0
0.0
0.0
0.0
0.0
0.0
0.0
0.0
0.0
0.0
0.0
0.0
0.0
0.0
0.0
0.0
0.0
0.0
0.0507781
0.0
0.0
0.0
0.0
0.0
1.28972
0.0
0.0
0.0
0.0
0.0
0.0
0.0
0.0
0.0
0.0
0.0
0.0
0.0
0.0
0.0
0.0
0.0
0.0
0.0
0.0
0.0
0.0
0.0
0.0
-0.229083
0.0
-1.48502
0.0
0.0
0.0
0.0
0.0
0.0
0.0
0.0
0.0
0.0
0.0
0.0
0.0
0.0
0.0
0.0
0.0
0.0
0.0
0.0
0.0
0.0
1.11586
0.0
0.0
0.0
0.0
0.0
0.0
0.0
0.0
0.0
0.0
0.0
-0.0899574
0.0
0.0
0.0
0.0305721
0.679554
0.317427
4.47172e-05
-0.0165881
-0.427637
0.4258
0.283017
-0.192593
-0.364234
-0.0149204
0.00200652
-0.112235
0.393204
-0.0468583
0.0263812
0.0116095
-0.45514
-0.0010256
0.0501178
0.0690866
0.144685
0.254362
0.24457
-0.376447
0.301415
0.0945995
-0.386964
-0.00207608
0.0536156
-0.0704267
0.0256602
-0.00382193
-0.210189
0.166276
0.0789708
0.0
0.450344
0.0
0.0
0.0
0.0
0.0
0.0
0.0
0.0
0.0
1.5106
0.0
0.0
0.0
0.0
0.0
-0.460928
0.0
0.0
0.0
0.0
0.0
0.0
0.0
-1.78788
0.0
0.0
0.0420698
0.0
0.0
0.0
0.0
0.0
0.0
0.0
0.0
0.0
-0.344352
0.560793
0.0
0.0
0.0
0.0
0.0
0.0
0.0
0.0
0.0
0.0
0.0
0.0
0.0
0.0
0.0
0.0
0.0
0.0
0.0
0.0
0.0
0.0
0.0
0.0
0.0
0.0
0.0
0.0
0.0
0.0
0.0
0.0
0.0
0.0
0.0
0.0
0.0
0.0
0.0
0.0
0.0
0.0
0.0
0.0
0.0
0.0
0.0
0.0
0.0
0.0
0.0
0.0
0.0
0.0
0.0
0.0
-0.815892
0.0
0.0
0.0
0.0
0.0
0.0
0.0
0.0
0.0
0.0
0.0
0.0
0.403592
0.0
0.0
0.0
0.0
0.0
-0.253965
0.0
0.0
0.0
0.0
0.0
0.0
0.0
0.0
0.0
-0.384969
0.0
0.0
0.0
0.0
0.0
0.0
0.0
0.0
0.0
0.0
0.0
0.0
0.0
0.0
0.0
0.0
0.0
0.0
0.0
0.0
0.0
0.0
0.0
0.0
0.0
0.0
0.0
0.0
0.0
0.0
0.0
0.0
0.0
0.0
0.0
0.0
0.0
0.0
0.0
0.0
0.0
0.0
0.0
0.0
0.0
0.0
-0.520876
0.0
0.0
0.0
0.0
0.0
0.0
0.0
0.0
0.0
0.0
0.0
0.0
0.0
0.0
0.0
0.0
0.0
-0.273331
0.0
0.0
0.0
0.0
0.0
-1.179
0.0
0.0
0.0
0.0
0.0
0.0
0.0
0.0
0.0
0.0
0.0
0.0
0.0
0.0
0.0
0.0
0.0
0.0
0.0
0.0
0.0
0.0
0.0
0.69508
0.0
0.0
0.0
0.0
0.0
0.0
0.0
0.0
0.0
0.0
0.0
0.0
0.0
0.0
0.0
0.0
0.0
0.0
0.0
0.0
0.0
0.0
0.0
0.0
0.0
0.0
0.0
0.0
0.0
0.0
0.0
0.0
0.0
0.0
0.0
0.0
0.0
0.0
0.0
0.0
0.0
0.0
0.0
0.0
0.0
0.0
0.0
0.0
0.0
0.0
0.0
0.0
0.0
0.0
0.0
0.0
0.0
0.0
0.0
0.0
0.0
0.0
0.0
0.0
0.0
0.0
0.0
0.0
0.0
0.0
0.0
0.0
0.0
0.0
0.0
0.0
0.0
0.0
0.0
0.0
0.0
0.0
0.0
0.244912
0.0
0.0
0.0
0.0
0.0
0.0
0.0
0.0
0.0
0.0
0.0
0.0
0.0
0.0
0.0
-0.471407
0.0
0.0
0.0
0.0
0.0
-0.656664
0.0
0.0
0.0
0.0
0.0
0.0
0.0
0.0
0.0
0.0
0.0
0.0
0.0
0.0
0.0
0.0
0.0
0.0
0.0
0.0
0.0
1.93328
0.0
0.0
-0.708751
0.0
0.0
0.0
0.0
0.0
-0.638168
0.0
0.0
0.0
0.0
0.0
0.0
0.0
0.0
2.4045
0.0
0.0
0.0
0.0
0.0
0.0
0.0
0.0
0.0
0.0
0.0
0.0
0.0
0.0
0.0
0.0
0.0
0.0
0.0
0.0
0.0
0.0
0.0
0.0
0.0
1.7625
0.0
0.0
0.0
0.0
0.0
0.0
0.0
0.0
0.0
0.0
0.0
0.0
0.0
0.0
0.0
-0.130682
0.0
0.0
0.0
0.0
0.0
0.0
0.0
0.0
0.0
0.0
0.0
0.0
0.0
0.0
0.0
0.0
0.0
0.0
0.0
0.0
0.0
0.0
0.0
0.0
0.0
0.0
0.0
0.0
0.0
0.0
0.0
0.0
0.0
0.238111
0.0
0.910951
0.0
0.0
0.0
0.0
0.0
0.0
0.0
0.0
0.0
0.0
0.0
0.0
0.0
0.0
0.0
0.0
0.0
0.0
0.0
0.0
0.0
0.0
0.0
0.0
0.0
0.0
-0.366827
1.70554
0.0
0.0
0.0
0.0
0.0
0.0
0.0
0.0
0.0
0.0
0.0
0.0
0.0
0.0
0.0
0.0
0.0
0.0
0.0
0.0
0.0
0.0
0.0
0.0
0.0
0.0
0.0
0.0
0.426782
0.0
0.0
0.0
0.0
0.0
0.0
0.0
0.0
0.0
0.0
0.0
0.0
0.0
0.0
0.0
0.0
0.0
0.0
2.23095
0.0
0.0
0.0
0.0
0.0
0.0
0.0
0.0
0.0
0.0
0.0
0.0
0.0
0.0
0.0
0.0
0.0
0.0
0.0
0.0
0.0
0.0
0.0
-0.786734
0.0
0.0
0.0
0.0
0.0
0.0
0.0
0.0
0.0
0.0
0.0
0.0
0.0
0.0
0.0
0.0
0.0
0.0
0.0
0.0
0.0
0.0
0.0
0.0
0.0
0.0
0.0
0.0
0.0
-0.933205
0.0
0.0494944
0.190352
-0.0471976
0.000241236
-0.00939825
-0.390448
0.160704
-0.384544
0.370896
0.350111
-0.0231519
-0.390815
0.0478066
0.0569656
-0.757314
-0.053261
-0.171094
-0.211252
0.00625229
0.0781578
0.799194
-0.314714
0.0606462
-0.652688
0.134298
0.210068
0.363702
-0.250282
-0.00152139
-0.0410387
0.172396
-0.609558
-0.0241027
0.269235
0.036293
-0.0772289
0.0
0.0
0.0
0.0
0.0
0.0
0.0
0.0
0.0
0.604082
0.0
0.0
0.0
0.0
0.0
0.0
0.0
-1.12992
0.0
0.0
0.0
0.0
0.0
0.0
0.0
0.0
0.0
0.0
0.0
0.0
0.0
0.0
0.0
0.0
0.0
0.0
0.0
0.0
0.0
0.0
0.0
0.0
0.0
0.0
0.0
0.0
0.0
0.0
0.0
0.0
0.0
0.0
0.0
0.0
0.0
0.0
0.0
0.0
0.0
0.0
0.0
0.0
0.0
0.0
0.0
0.0
0.0
0.0
0.0
0.0
0.0
0.0
0.0
0.0
0.0
0.0
0.0
0.0
0.0
0.0
0.0
0.0
0.0
0.0
0.0
0.0
0.0
0.0
0.0
0.0
0.0
0.0
0.0
0.0
0.0
0.0
0.0
0.0
0.0
0.0
0.0
-0.561101
0.0
0.0
0.0
0.0
0.0
0.0
0.0
0.0
0.0
0.0
0.0
0.0
0.0
0.0
-0.119802
0.0
0.0
0.0
0.0
0.0
0.0
0.0
0.0
0.0
0.538394
0.0
0.0
0.0
0.0
0.0
0.0
0.0
0.0
0.0
0.0
0.0
0.0
0.0
0.0
0.0
0.0
0.0
0.0
0.0
0.0
0.0
0.0
0.0
0.0
0.0
0.0
0.0
0.0
0.0
0.0
0.0
0.0
0.0
0.0
0.0
0.0
0.0
0.0
0.0
0.0
0.0
0.0
0.0
0.0
0.0
0.0
0.0
0.0
0.0
0.0
0.0
-0.863336
0.0
0.0
0.0
0.0
0.0
0.0
0.0
0.0
0.0
0.0
0.0
0.0
0.0
0.0
0.0
0.0
0.0
0.0
0.0
0.0
0.0
0.0
0.0
0.0
0.0
0.0
0.0
0.0
0.0
0.0
0.0
0.0
0.0
0.0
0.0
0.0
0.0
0.0
0.0
0.0
0.0
0.0
0.0
0.0
0.0
-0.868911
0.0
0.0
0.0
0.0
0.0
0.0
0.0
0.0
0.0
0.0
0.0
0.0
0.0
-0.311916
0.0
0.0
0.0
0.0
0.0
0.0
0.0
0.0
0.0
0.0
0.0
0.0
0.0
0.0
0.0
0.0
0.0
0.0
0.0
0.0
0.0
0.0
0.0
0.0
0.0
0.0
0.0
0.0
0.0
0.0
0.0
0.0
0.0
0.0
0.0
0.0
0.0
0.0
0.0
0.0
0.0
0.0
0.0
0.0
0.0
0.0
0.0
0.0
0.0
0.0
0.0
0.0
0.0
0.0
0.0
0.0
0.0
0.0
0.0
0.0
0.0
0.0
0.0
0.0
0.0
0.0
0.0
0.0
0.0
0.0
0.0
-1.71317
0.0
0.134572
0.0
0.0
0.0
0.0
0.0
0.0
0.0
0.0
0.0
0.0
0.0
0.0936081
0.0
0.0
0.0
0.0
0.0
0.0
0.0
0.0
0.0
0.0
0.0
0.0
0.0
0.0
0.0
0.0
0.0
0.0
0.0
0.0
0.0
0.0
0.0
0.0
0.0
0.0
0.0
0.0
0.0
0.0
0.0
0.0
0.0
0.0
0.0
0.557783
0.0
1.08568
0.0
0.0
0.0
0.0
0.0
1.25738
0.0
2.00202
0.0
0.0
0.0
0.0
0.0
0.0
0.0
0.0
0.0
0.0
0.0
0.0
0.0
0.0
-0.441506
0.0
0.0
0.0
0.0
0.0
0.0
0.0
0.0
0.0
0.0
0.0
0.0
0.0
0.0
0.0
0.0
0.0
0.0
0.0
0.0
0.0
0.0
0.0
0.0
0.0
0.0
0.0
0.0
0.0
0.0
0.0
0.0
0.0
0.0
0.0
0.0
0.0
0.0
0.0
0.523336
0.0
0.0
0.0
0.0
0.0
0.0
-0.934483
0.0
0.0
0.0
0.0
0.0
0.0
0.0
0.0
0.0
0.0
0.0
0.0
0.0
0.0
0.0
0.0
0.0
0.0
0.0
0.0
0.0
0.0
0.0
-1.82212
0.0
0.0
0.0
0.0
0.0
0.0
0.0
0.0
0.0
0.0
0.0
0.033405
0.423013
0.391165
-6.78611e-05
0.0153462
-0.443924
0.372348
-0.0615402
-0.152638
-0.243341
0.0297061
0.290966
0.0268805
0.243069
-0.25273
0.00299891
0.0176549
-0.465143
-0.00100458
0.0286621
0.136779
0.0717552
0.116992
0.353683
-0.0285917
0.201599
0.226813
-0.345496
0.0007281
0.180433
-0.0837942
0.040963
-0.0033015
-0.200774
0.343974
0.212178
0.0
0.0
0.0
0.0
0.0
0.0
0.0
0.0
0.0
0.0
0.0
0.0
-0.277646
0.0
0.0
0.0
0.0
0.0
0.0
0.0
0.0
0.0
0.0
0.0
0.0
0.0
0.0
0.0
0.0
0.0
0.0
0.0
0.0
0.0
0.0
0.0
0.0
0.0
0.0
0.0
0.0
0.0
0.0
0.0
0.0
0.0
0.0
0.0
0.0
0.0
0.0
0.0
0.0
0.0
0.0
0.0
0.0
0.0
0.0
0.0
0.0
0.0
0.0
0.0
0.0
0.0
0.0
0.0
0.0
0.0
0.0
0.0
0.0
0.0
0.0
0.0
0.0
0.0
0.0
0.0
-0.408746
0.0
0.0
0.0
0.0
0.0
0.0
0.0
0.0
0.0
0.0
0.0
0.0
0.0
0.0
0.0
0.0
0.0
0.0
0.0
0.0
0.0
0.0
0.0
0.0
0.0
0.0
-0.610533
0.0
0.0
0.0
0.0
0.0
0.0
0.0
0.0
0.0
0.0
0.0
1.33638
0.0
0.0
0.0
0.0
0.0
0.0
0.0
0.0
0.0
0.0
-0.0995683
0.0
0.0
0.0
-0.398047
0.0
-0.314154
0.0
0.0
0.0
0.0
0.0
0.0
0.0
0.0
0.0
0.0
-0.644412
0.0
0.0
0.0
0.0
0.0
0.0
0.0
0.0
0.0
0.0
0.0
0.0
0.0
0.0
0.0
0.0
0.0
0.0
0.0
0.0
-3.34777
0.0
1.33919
0.0
0.0
0.0
0.0
0.0
0.0
0.0
0.0
0.0
0.0
-0.549509
0.0
0.0
0.0
0.0
0.0
0.0
0.0
0.0
-1.52126
0.0
0.0
0.0
0.0
0.0
0.0
0.0
0.0
0.0
0.0
0.0
0.0
0.0
0.0
0.0
0.0
0.0
0.0
0.0
0.0
0.0
0.0
0.0
0.0
0.0
0.0
0.0
0.0
0.618277
0.0
0.0
0.0
0.0
0.0
0.0
0.0
0.0
0.0
0.0
0.0
0.0
0.0
0.0
0.0
0.0
0.0
0.0
0.0
0.0
0.0
0.0
0.0
0.0
0.0
-1.38316
0.0
0.0
0.0
0.0
0.0
0.0
0.0
0.0
0.0
0.0
0.0
0.0
0.0
0.0
0.0
0.0
0.0
0.0
-1.04043
-0.349149
0.0
0.0
0.0
0.234662
0.0
0.0
0.0
0.0
0.0
0.0
0.0
0.0
0.0
0.0
0.0
0.0
0.0
0.0
0.0
0.0
0.0
0.0
0.0
0.0
0.0
0.0
0.0
0.0
0.0
0.0
0.0
0.0
0.0
0.0
0.0
0.0
1.34577
0.0
0.0
0.0
0.0
0.0
0.0
0.0
0.0
0.0
0.0
0.0
0.0
0.0
0.577984
0.0
0.0
0.0
0.0
0.0
0.0
0.0
0.0
0.0
-1.53401
0.0
0.0
0.0
0.0
0.0
0.0
0.0
0.0
0.0
0.0
0.0
0.0
0.0
0.0
0.0
0.0
0.0
0.0
0.0
0.0
0.430945
0.0
0.0
0.0
0.0
0.0
0.0
0.0
0.0
0.0
0.0
0.0
0.0
0.0
-1.066
0.0
0.0
0.0
0.0
0.0
-1.26397
-0.441111
0.0
0.0
0.0
0.0
0.0
0.241831
0.0
1.31746
-0.189775
0.0
0.0
0.0
0.0
0.0
0.0
0.0
0.0
0.0
0.0
0.0
0.0
0.0
0.0
0.0
0.0
0.0
0.0
0.0
0.0
0.0
0.0
0.0
0.0
0.0
0.0
0.0
0.0
0.0
0.0
0.0
0.0
0.0
0.0
0.0
0.0
0.0
0.0
0.0
0.0
0.0
0.0
0.0
0.0
0.0
0.0
0.0
0.0
0.0
0.0
0.0
0.0
0.0
0.0
0.0
0.0
0.0
0.0
0.0
0.0
0.0
0.0
0.0
0.0
0.0
0.0
0.0
0.0
0.0
0.0
0.0
0.0
0.0
-1.34825
0.0
0.0
0.0
0.0
0.0
0.0
0.0
0.0
0.0
0.0
-0.850202
0.0
0.0
0.0
0.0
0.0
0.0
0.0
0.0
0.0
0.0
0.0
0.0
-0.650499
0.0
0.0
0.0
0.0
0.0
0.0
0.0
0.0
0.0
0.0
0.0
0.0
0.0
0.0
0.0
0.0
0.00325887
0.0
0.0
0.0
0.0
0.0
0.0
0.0
0.0
0.0
0.0
0.0
0.0
0.0
0.0
0.0
0.0
0.0
0.0
0.0
0.0
0.0
0.0
0.0
0.0
0.0
0.0
0.0
0.0
0.0
0.0
0.0
0.0
1.86807
0.0
0.0
0.0
0.0
0.0
0.0
0.0
0.0
0.0
2.46335
0.44722
0.0
0.0
0.0
0.00691207
-1.32831
-0.552901
0.00169429
-0.109449
-1.43109
-1.27737
0.11961
-0.341042
0.47366
-0.0428454
-0.55044
-0.261344
-0.0702276
-0.230606
0.127189
0.248982
1.78624
-0.191727
0.0969182
1.52254
-0.153557
0.0427297
1.10148
1.23576
-0.965392
0.610047
0.0951112
0.0202423
0.0399406
0.243821
0.0040016
0.000895276
0.736046
0.226868
0.536927
0.0
0.0
0.0
0.0
0.0
0.0
0.0
-0.11611
0.0
0.0
0.0
-0.00073073
0.0
0.0
-0.13759
0.0
0.0
0.0
0.0
0.0
0.0
0.0
0.0
0.0
-0.32706
0.0
0.0
0.0
0.0
0.0
0.0
0.0
0.0
0.0
0.0
0.0
1.00844
0.0
0.0
0.0
0.0
0.0
0.0
0.0860857
0.0
0.0
-0.452814
0.0
0.0
0.0
-1.30176
0.0
0.0
0.0
0.0
0.0
0.0
-0.501357
0.0
0.0
0.0
0.0
0.0
0.0
0.0
0.0
0.0
0.0
0.0
0.0
0.0
0.859153
0.0
0.0
0.0
0.0
0.0
0.0
0.0
0.0
0.0
-1.03393
0.0
0.0
0.0
0.0
0.919898
0.0
0.0
0.0
0.0
0.0
0.0
0.0
0.0
0.0
0.0
0.0
0.0
0.0
0.0
0.0
0.0
0.0
0.0
0.0
0.0
0.0
0.0
0.0
0.0
0.0
0.195103
0.0
0.0
0.0
0.0
0.0
0.0
0.0
0.0
0.0
0.0
0.0
0.0
0.0
0.0
0.0
-1.20998
0.0
0.0
0.0
0.0
0.0
0.0
0.0
0.309134
0.0
0.0
0.0
0.0
0.0
0.0
0.0
0.0
0.0
0.0
0.0
0.0
0.0
0.0
0.0
0.0
0.0
0.0
0.0
0.0
0.0
1.99488
0.0
0.0
0.0
-0.60731
0.0
0.0
0.0
0.0
0.0
0.0
0.0
0.0
0.0
0.0
0.0
0.0
0.0
0.0
0.0
0.0
0.0
0.0
0.0
0.0
0.0
0.0
1.20924
0.0
0.0
0.0
0.0
0.0
0.0
0.0
0.0
0.0
0.0
0.0
0.0
0.0
0.0
0.0
0.0
0.0
0.0
0.0
0.0
0.0
0.0
0.0
0.0
0.0
0.0
0.0
0.0
0.0
0.0
0.0
0.0
0.0
0.0
0.0
0.0731884
0.0
0.0
0.0
0.0
0.0
0.0
0.354179
0.0
0.0
0.0
0.0
0.0
-0.390572
0.0
0.0
0.0
0.0
0.0
0.0
0.0
0.0
0.0
0.0
0.0
0.0
0.0
0.0
0.0
0.0
0.0
0.0
0.0
0.0
0.0
0.0
0.0
0.0
0.0
0.0
0.773519
0.0
0.0
0.0
0.0
0.0
0.0
0.0
0.0
0.0
0.0
0.0
0.0
0.0
0.0
0.0
0.0
0.0
0.0
0.0
0.0
0.0
0.0
0.0
0.0
0.0
0.0
0.0
0.0
0.0
0.0
0.0
0.0
0.0
0.0
0.0
0.0
0.0
-0.681024
0.277846
0.0
0.0
0.0
0.0
0.0
0.0680611
0.0
0.0
0.0
0.0
0.0
0.0
0.0
0.0
0.0
0.0
0.0
0.0
0.0
0.0
0.0
0.0
0.0
0.0
0.0
0.0
0.0
0.0
0.0
0.0
0.0
0.0
0.0
0.0
0.0
0.0
0.0
0.0
0.0
0.0
0.0
0.0
0.0
1.57825
0.0
0.0
0.0
0.0
0.0
0.0
0.0
0.0
0.0
0.0
0.0
0.0
0.0
0.0
0.264388
0.0
0.0
0.0
0.0
0.0
0.0
0.0
0.0
0.0
0.0
0.0
0.0
0.0
0.0
0.0
0.0
0.0
0.0
0.0
0.0
0.0
0.0
0.0
0.0
0.0
0.0
0.0
-0.872006
0.0
0.0
0.060886
0.0
0.0
0.0
0.0
0.0
0.0
0.0
0.0
0.0
0.0
0.0
0.0
0.0
-0.215407
0.0
0.0
0.0
0.0
0.0
1.0475
0.0
0.0
0.0
0.0
0.0
0.0
0.0
0.0
0.0
0.0
0.0
0.0
0.0
0.0
0.0
1.24245
0.0
0.0
0.0
0.0
0.0
0.0
0.0
0.0
0.0
0.0
0.846974
0.0
0.0
0.0
0.0
0.0
0.0
0.0
0.0
0.0
0.0
0.0
0.0
0.0
0.0
0.0
0.0
0.0
0.0
0.0
0.0
0.0
0.0
0.0
0.0
0.0
0.0
0.0
0.0
0.0
0.0
-0.101888
0.503174
0.445523
5.638e-05
-0.026402
-0.798616
1.07603
-0.816529
0.502924
1.76168
0.665329
1.00022
-0.585309
1.75132
0.131481
0.0336033
-0.40505
0.197726
0.00136326
-0.0482414
-1.0022
0.0656789
0.190112
-0.0305946
-0.546548
-0.456706
-0.536937
-0.118667
-0.00584059
-0.284203
-0.000431547
-0.247312
-0.000180827
-0.28844
-1.02441
-0.508595
0.0
0.0
0.0
0.0
0.0
0.0
0.0
0.0
0.0
0.0
0.0
0.0
0.0
0.0
0.0
0.0
0.0
0.0
0.0
0.0
0.0
0.0
0.0
0.0
0.0
0.64525
0.0
0.0
0.0
0.0
0.0
0.0
0.0
0.0
0.0
0.0
0.0
0.0
-0.368096
0.0
0.0
0.0
0.0
0.0
0.0
0.0
0.0
0.0
0.0
0.0
0.0
0.18091
0.0
0.0
0.0
0.0
1.84729
1.488
0.0
0.0
0.0
0.0
0.0
0.0
0.0
0.0
0.0
0.0
0.0
0.0
0.0
0.0
0.0
0.0
0.0
0.0
0.0
0.0
0.0
0.0
0.0
0.0
0.0
0.0
0.0
0.0
0.0
0.0
0.0
0.0
0.0
0.0
0.0
0.0
0.0
0.0
0.0
0.392667
0.0
0.0
0.0
1.22151
0.0
0.0
0.0
0.0
0.0
0.0
0.0
0.0
0.0
0.0
0.0
-0.647717
0.0
0.0
0.0
0.0
0.0
0.0
0.0
0.0
0.116612
0.0
0.0
0.0
0.0
0.0
0.0
0.0
0.0
0.0
0.0
1.82356
0.0
0.0
0.0
0.0
0.0
0.0
0.0
0.0
0.0
0.0
0.0
0.0
0.0
0.0
0.0
0.0
0.0
0.0
-0.451629
0.0
-1.0524
0.0
-0.0284578
0.0
0.0
0.0
0.0
0.0
0.0
0.0
0.0
0.0
0.785317
0.0
0.0
0.0
0.0
0.0
0.0
0.0
0.0
0.0
0.0
0.0
0.0
0.0
-1.50297
0.0
0.0
0.0
0.0
0.0
0.0
0.0
0.0
0.0
0.0
0.0
0.0
0.0
0.0
0.0
0.080066
0.0
0.0
0.0
0.0
0.0
0.0
0.0
0.0
0.0
0.0
0.0
0.0
-0.081892
0.0
0.0
0.0
0.0
0.0
0.0
-0.441525
0.0
0.0
0.0
0.0
0.0
0.0
0.0
0.0
0.0
0.0
0.0
0.0
-0.799453
0.0
0.0
0.0
0.0
0.0
0.0
0.0
0.0
0.0
0.0
0.0
0.699832
0.0
0.0
0.0
0.0
0.0
0.0
0.0
0.0
0.0
0.0
0.0
0.0
0.0
0.0
0.0
0.0
0.0
0.0
0.0
0.0
0.0
0.0
0.0
0.0
0.0
0.0
0.0
0.0
0.0
0.0
0.0
0.0
0.0
0.0
0.0
0.0
0.0
0.0
0.0
0.0
0.0
0.0
0.0
0.0
0.0
-0.744463
0.0
0.0
0.0
0.0
0.0
0.0
0.0
0.0
0.0
0.0
0.0
0.0
0.0
0.0
0.0
0.0
0.0
0.0
0.0
0.0
0.0
0.0
0.0
0.0
0.0
0.0
0.0
-0.449451
0.0
0.0
0.0
0.0
0.0
0.0
1.88002
0.0
0.0
0.0
0.0
0.0
0.0
0.0
0.0
0.0
0.238562
0.0
0.0
0.0
0.0
0.0
0.0
0.0
0.0
0.231388
0.0
0.0
0.0
-1.74273
0.0
0.0
0.0
0.0
0.0
-0.589391
0.0
0.0
0.0
0.0
0.0
0.0
0.0
0.0
0.0
0.0
0.0
0.0
0.0
0.0
0.0
0.0
0.0
0.0
0.0
0.0
0.0
0.0
0.0
0.0
0.0
0.0
0.0
0.0
0.0
0.0
0.0
0.0
0.0
0.0
0.0
0.0
0.0
0.0
0.0
0.0
0.0
0.0
0.0
0.0
0.0
0.0
0.0
0.0
0.0
0.0
0.0
0.0
0.0
0.0
0.0
0.0
0.0
0.0
0.0
0.0
0.0
0.0
0.0
0.0
0.0
0.0
0.0
0.0
0.0
0.0
0.0
0.0
0.0
0.0
0.0
0.0
0.0
0.0
0.0
0.0
0.0
0.0
0.0
0.0
0.0727478
0.0
0.0
0.0
0.0
0.0
1.49641
0.0
0.0
0.0
0.0
0.0
0.0
0.0
0.0
0.0
0.0
0.0
0.0
0.0
0.0
0.0
0.0
0.0
0.0
0.0
0.0
0.0
0.0
0.0
0.0
0.20585
0.0
0.0
0.0
0.0
0.0
0.0
0.0
0.0
0.0
0.0
0.0
0.0
0.0
0.0
0.0
0.0
0.0
0.0
0.0
0.0
0.0
0.0
0.0
0.0
0.0
0.0
0.0
0.620563
0.0
0.0
0.0
0.0
0.0
0.0
0.0
0.0
0.0
0.0
0.0
0.0
0.0
0.0
0.0
0.0
0.0
0.0
1.06834
0.0
0.0
-2.23628
0.0
0.0541361
0.0
0.0
1.23957
0.0
0.0
0.0
0.0
0.0
0.0
0.0
0.0
0.0
-0.274761
0.0
-0.267334
0.0
0.0
0.0
0.0
0.816858
0.0239008
0.102583
-0.299146
-0.00112433
0.019924
-0.883454
-0.856473
-0.136328
0.0799406
0.62325
0.0198224
-0.370496
0.252297
-0.235368
-0.0344722
0.017936
-0.0130097
0.90263
0.00395184
0.077456
1.27724
0.0175861
-0.184782
0.468366
0.338801
-0.639007
0.569819
0.345823
0.00310357
-0.256787
-0.371246
0.0189243
-0.319198
0.0831268
0.0158912
0.152389
0.0
0.0
0.0
0.0
0.0
0.0
0.0
0.0
0.384134
0.753239
0.0
0.0
0.0
0.0
0.0
0.0
0.0
0.0
0.0
0.0
0.0241605
0.0
0.0
0.0
0.0
0.0
0.0
0.0
0.0
0.0
0.0
0.0
0.0
0.0
0.0
0.0
0.0
0.0
0.0
-0.0380951
0.0
0.0
0.0
0.0
0.0
0.0
0.0
0.0
0.0
0.0
0.0
0.0
0.0
0.0
0.0
0.0
0.0269574
0.0
0.0
0.0
0.0
0.0
0.0
0.0
0.0
0.0
0.0
0.0
0.0
0.0
-0.169302
0.0
0.0
0.0
0.0
0.0
0.0
0.0
0.0
0.0
0.0
0.0
0.0
0.0
0.0
0.0
0.0
-0.573275
0.0
0.0
0.0
0.0
0.0
0.0
0.0
0.0
0.0
0.0
0.0
0.0
0.0
0.0
0.0
0.0
0.0
0.0
0.0
0.0
0.0
0.0
0.0
0.0
0.0
-0.487951
0.0
-0.452351
0.0
0.0
0.965301
0.0
0.0
0.0
0.0
0.0
0.0
0.0
0.0
0.0
0.0
0.0
0.0
0.0
0.0
0.0
0.0
0.0
-1.17424
0.0
0.0
0.0
0.0
0.803254
0.0
0.0
0.0
0.0
0.0
0.0
0.0
0.0
0.0
0.0
0.0
0.0
0.0
0.0
0.0
0.0
0.0
-1.62213
0.0
0.0
0.0
0.0
0.0
0.0
0.0
0.0
0.0
0.0
0.0
1.05165
1.23911
0.0
0.0
0.0
0.0
0.0
0.0
0.0
0.0
0.0
0.0
0.0
0.0
0.0
0.0
0.0
0.0
0.0
0.0
0.0
0.0
0.0
0.0
0.0
0.0
0.0
0.0
-0.0476955
0.0
0.0
0.0
0.0
0.0
0.0
0.0
0.0
0.0
-0.777918
0.0
0.0
0.0
0.0
0.0
0.0
0.0
0.0
0.0
-0.0114934
0.0
0.0263265
0.651517
0.0
0.0
-0.45453
1.71308
0.0
0.0
0.0
0.0
0.0
0.0
0.0
0.0
0.0
0.0
0.0
0.0
0.0
0.0
0.0
0.0
0.0
0.0
0.0
0.0
0.0
0.0
0.0
0.0
0.0
0.0
0.0
0.0
0.0
0.0
0.0
0.0
0.0
0.0
0.0
0.0
0.0
0.0
0.0
0.065805
0.0
-2.19522
0.0
0.0
0.544234
0.0
0.0
0.0
0.0
0.0
0.0
0.0
0.0
0.0
0.0
0.0
0.0
-0.186848
0.0
0.0
0.0
0.0
0.0
0.0
0.0
0.0
0.0
0.0
0.0
0.0
0.0
0.0
0.0
0.0
0.8525
0.0
-0.00699183
0.0
0.0
0.0
0.0
0.0
0.0
0.0
0.0
0.0
0.0
0.0
0.0
0.0
0.0
0.0
0.0
0.0
0.0
0.0
0.946791
0.0
0.0
0.0
0.0
0.0
0.0
0.0
0.0
0.0
0.0
0.0
0.0
-1.15347
0.0
0.0
0.0
0.0
0.0
0.0
0.0
0.0
0.0
0.0
0.0
0.0
0.0
0.0
0.0
0.0
0.0
0.0
0.0
0.0
0.0874554
0.0
0.0
0.0
0.0
0.0
-0.605582
0.0
0.0
0.0
0.0
0.0
0.0
-1.37199
0.0
0.0
0.0
0.0
0.0
0.0
0.0
0.0
0.0
0.0
0.0
0.0
0.0
0.0
0.0
0.0
0.0
0.0
0.0
0.0
0.0
0.0
0.0
0.0
0.0
0.0
0.0
0.0
0.0
0.0
0.0
0.0
0.0
0.0
0.0
0.0
0.0
0.0
-0.134575
0.0
0.0
0.0
0.0
0.0
0.0
0.0
0.0
0.0
0.0
0.0
0.0
0.0
0.0
0.0
0.0
0.0
0.0
0.0
0.0
0.0
0.0
0.0
0.0
0.0
-0.500234
0.0
0.0
0.0
0.0
0.0
0.0
0.0
0.0
0.0
0.0
0.0
0.0
0.0
0.0
0.0
-0.638876
0.0
0.0
0.0
0.0
0.0
0.0
0.0
0.0
0.0
0.0
0.0
0.0
0.0
0.0
0.0
0.0
-0.000928418
0.25228
0.121133
-8.22271e-05
-0.0388555
-0.343387
0.265391
0.068391
-0.0443732
-0.199355
0.180444
-0.027781
0.133518
1.14976
0.0548959
0.0102396
-0.0425827
-0.556734
-0.0029856
-1.13923
0.373866
0.201326
0.0566599
0.0652289
0.0782251
0.285561
0.407372
0.176858
0.00758358
0.266882
-0.132547
0.0497919
0.00452303
-0.0419804
0.129716
0.303573
0.0
0.0
0.0
0.0
0.0
0.0
0.0
0.0
0.0
0.0
0.0
0.0
0.0
0.0
0.0
0.0
0.0
-1.03076
0.0
0.0
0.0
0.0
0.0
0.0
0.0
0.0
0.0
0.0
0.0
0.0
0.0
0.0
0.0
0.0
0.0
0.0
0.0
-1.46185
0.0
0.0
0.0
0.0
0.0
0.0
0.0
0.0
0.0
0.0
0.0
0.0
0.0
0.0
0.0
0.0
0.810442
0.0
0.0
0.0
0.0
0.0
0.0
0.0
0.0
0.0
0.0
0.0
0.0
0.0
0.0
0.0
0.801825
0.0
0.0
0.0
0.0
0.0
0.0
0.0
0.0
0.0
0.0
0.0
0.0
0.0
0.0
0.0
0.0
0.0
0.0
0.0
0.0
0.0
0.0
0.0
0.0
0.0
0.0
0.0
0.0
0.0
0.0
0.0
0.0
0.0
0.0
1.05885
0.0
0.0
0.0
0.0
0.0
0.0
0.0
0.0
0.0
0.0
0.0
0.0
0.0
0.0
0.0
0.0
0.0
0.0
0.0
0.0
0.0
0.0
0.0
0.0
0.0
-0.456079
0.0
0.0
0.0
0.0
0.0
0.0
0.0
0.0
0.0
0.0
0.0
0.0
0.0
0.0
0.0
0.0
0.0
0.0
0.0
0.0
0.0
0.0
0.0
0.0
0.0
0.0
0.0
0.0
-0.125622
0.0
0.0
0.0
0.0
0.0
0.0
0.0
0.0
0.0
0.0
0.0
0.0
0.0
0.0
0.0
0.0
0.0
0.0
0.0
0.0
0.0
0.0
0.0
0.0
0.0
0.0
0.0
0.0
0.0
0.0
0.0
0.0
0.0
0.0
0.0
0.0
0.0
0.0
0.0
0.0
0.0
0.0
0.0
0.0
0.0
0.0
-0.218611
0.0
0.0
0.0
0.0
0.0
-0.579511
0.0
0.0
0.0
0.0
0.0
0.0
0.0
0.0
0.0
0.0
0.0
0.0
0.0
0.0
0.0
0.0
0.0
0.0
0.0
0.0
0.0
0.0
0.0
0.0
0.0
0.0
0.0
0.0
0.0
0.0
0.0
0.0
0.0
0.0
0.0
0.0
0.0
0.0
0.0
0.0
0.0
0.0
0.0
0.0
0.0
0.0
0.0
0.0
0.0
0.0
0.0
0.0
0.0
0.0
0.0
0.0
0.0
0.0
0.0
0.0
0.338985
0.104815
0.0
0.0
0.0
0.0
0.0
0.0
0.0
0.0
0.0
0.0
0.0
0.0
0.0
-0.206695
0.0
0.0
0.0
0.0
0.0
0.0
0.0
0.0
0.0
0.0
0.0
0.0
0.0
0.0
0.0
0.0
0.0
0.0
0.0
0.0
0.0
0.0
0.0
0.0
0.0
0.0
0.0
0.0
0.0
0.0
0.0
0.0
0.0
0.0
0.0
0.0
0.0
0.0
0.0
0.0
0.0
0.224189
0.0
0.0
0.0
0.0
0.0
0.0
0.0
0.0
0.0
0.0
0.0
0.0
0.0
0.0
0.0
0.0
1.04189
0.0
0.0
0.0
0.0
0.0
0.0
0.0
0.0
0.0
0.0
0.0
0.0
0.0
0.0
0.0
0.0
0.0
0.0
0.0
0.0
0.0
0.0
0.0
0.0
0.0
0.0
0.0
0.0
0.0
-0.835264
0.0
0.0
0.0
0.0
0.0
0.0
-1.79148
0.0
0.0
0.0
-0.145292
0.0
0.0
0.0
0.0
0.0
0.223101
0.0
0.0
0.0
0.0
0.0
0.0
0.0
0.0
0.0
0.0
0.0
0.0
0.0
0.0
0.0
0.47476
0.0
0.0
0.0
0.0
0.0
0.0
0.0
0.0
0.0
-2.92053
0.0
0.0
0.0
0.268849
0.0
0.0
0.701639
0.0
0.0
0.0
0.0
0.0
0.0
0.0
0.0
0.0
0.0
0.0
0.0
0.0
0.0
0.0
0.0
0.0
0.0
1.84417
0.0
0.0
0.0
0.0
0.0
0.0
0.0
-0.32751
0.0
0.0
0.0
0.0
0.0
0.0
0.0
0.0
-0.914769
0.0
0.0
0.0
0.0
0.0
0.0
0.0
0.0
-0.404138
0.0
1.11363
0.0
0.0
0.0
0.0
0.0
0.0
0.0
0.0
0.0
0.0
0.0
0.0
0.0
0.0
0.0
0.0
0.0
0.0
0.0
0.0
0.0
0.0
1.13011
0.0
0.0
0.0
0.0
1.49219
0.0
0.0
-0.000534789
0.0
0.0
0.0
0.0
0.0
0.0
0.0
0.0
0.0
0.0
0.0
0.0
0.0
0.0
0.0
0.0
0.0
0.0
0.0
0.0
0.139344
0.0
0.0
0.0
0.657886
0.0
0.0
0.0
0.0
0.538193
0.0
0.0
0.0
0.0
-1.25908
0.0
0.0
0.0
0.0
0.0
0.0
0.0
0.0
0.0
1.73378
0.0
0.0
0.0
0.0
0.0
0.0
0.0
0.0
-1.12407
0.0
0.0
0.0
0.0
0.0
-1.40232
0.0
0.0
0.0
0.0
-0.387749
0.0
0.0
0.0
0.0
-0.0345799
0.83858
0.00237218
-0.00345168
0.0428229
-1.21806
-1.9921
0.000522233
-0.613947
0.577823
-0.18837
-0.644697
-0.11898
0.26316
0.168103
-0.120494
-0.196155
1.27887
0.00892943
0.114849
3.0895
0.169256
-1.03197
0.689228
0.672342
-1.45806
1.3304
-0.26636
0.0134203
1.35538
0.126708
-0.255986
0.0106337
1.31661
0.527091
1.16438
0.0
0.0
0.0
0.0
0.0
0.0
0.0
0.0
0.0
0.0
0.0
0.0
0.0
0.0
0.0
0.0
0.0
0.0
0.0
0.0
0.0
0.0
0.0
0.0
0.0
0.0
0.0
0.0
0.0
0.0
0.0
-1.96464
0.0
0.0
0.0
0.0
0.0
0.0
0.0
0.0
0.0
0.0
0.0
0.0
0.0
0.0
0.0
0.0
0.0
0.0
0.0
0.0
0.0
0.0
0.0
0.0
0.0
0.0
0.0
0.0
0.0
0.0
0.0
0.0
0.0
0.0
0.0
0.0
0.0
0.0
0.0
0.0
0.0
0.0
-0.303262
0.0
0.0
0.0
0.0
0.0
0.0
0.0
0.0
0.0
0.0
0.0
0.0
0.0
0.0
0.0
0.0
0.0
0.0
0.0
0.0
0.0
0.0
0.0
0.0
0.0
0.0
0.0
0.0
0.0
0.0
0.0
0.0
-0.42535
0.0
0.0
0.0
0.0
0.0
0.0
0.0
0.0
0.0
0.0
0.0
0.0
0.0
0.0
0.0
0.0
0.0
0.0
0.0
-0.299551
0.0
0.0
0.0
0.0
0.0
0.0
0.0
0.0
0.0
0.0
0.283061
0.0
0.0
0.0
0.0
0.0
0.0
0.0
0.0
0.0
-0.0874038
0.334878
0.0
0.0
0.0
0.818628
0.0
0.0
0.0
0.0
0.0
0.0
0.0
0.0
0.0
-0.00948266
0.0
0.0
0.0
0.0
0.0
0.0
0.0
0.0
0.0
0.0
0.0
0.0
0.0
0.0
0.0
0.0
0.301383
0.0
0.0
0.0
0.0
0.0
0.0
0.0
0.0
0.0
0.0
0.0
0.0
0.0
0.0
0.0
0.0
0.0
0.0
0.0
0.0
0.0
0.0
0.0
0.0
0.0
0.0
0.0
0.0
0.0
0.0
0.0
0.0
0.0
0.0
0.0
0.0
0.0
0.0
0.0
0.0
0.0
0.0
0.0
0.0
0.0
0.0
0.0
0.0
0.840706
0.0
0.0
0.0
0.0
0.0
0.0
0.0
0.0
0.0
0.0
0.0
0.0
0.0
0.0
0.0
-0.770363
0.0
0.0
0.0
0.0
0.0
0.0
0.41188
0.0
0.0
0.0
0.0
0.0
0.0
0.0
0.0
0.0
0.0
0.811355
0.0
0.0
0.0
0.0
0.0
0.0
1.42996
0.0
0.0
0.987597
0.0
0.0
0.0
0.0
0.0
0.0
0.0
0.0
-0.439382
0.0
0.0
0.0
0.0
1.67835
0.0
0.636549
0.0
0.0
0.0
0.0
0.0
0.0
0.0
0.0
0.0
0.0
0.0
0.0
0.0
0.0
0.0
0.0
0.0
0.0
0.0
0.0
0.0
0.0
0.0
0.0
0.0
0.749371
0.0
0.0
0.0
0.0
0.0
0.0
0.0
0.0
0.0
0.0
0.0
0.0
0.0
0.0
0.0
0.0
0.0
0.0
0.0
0.0
0.0
0.0
0.0
0.0
0.0
0.0
0.0
0.0
0.0
0.0
0.0
0.0
0.0
0.0
-0.712544
0.0
0.0
0.0
0.0
0.0
0.0
0.0
0.0
0.0
0.0
0.0
0.0
0.0
0.0
0.0
0.0
0.0
0.0
0.0
0.0
0.0
0.0
0.0
-0.543781
1.00274
0.0
0.0
0.0
0.0
0.0
0.0
0.0
0.0
0.0
0.0
0.0
0.0
0.0
0.0
0.0
0.0
0.0
0.0
0.5246
0.0
0.0335715
0.413052
0.217996
8.05109e-05
0.0652782
-0.418087
0.202499
-0.0672617
-0.261595
-0.137776
0.0786372
-0.0605543
0.0094081
-0.154448
-0.0433821
0.0347081
-0.0593868
-0.552399
-0.00660134
-0.177311
0.250875
0.168644
-0.000120009
-0.0390483
-0.335085
0.052467
0.307264
-0.393689
0.00602783
0.0411417
-0.931472
0.168609
-0.00472855
-0.162626
0.359187
0.109422
0.0
0.0
0.0
-0.453182
0.0
0.0
-0.493729
0.0
0.0
0.0
0.0
0.0
0.0
0.0
0.0
0.0
0.0
-0.0560414
0.0
0.0
0.0
0.0
0.0
0.0
0.0
0.0
0.0
0.0
0.0
0.0
0.0
0.0
0.0
0.0
0.0
0.0
0.0
0.0
0.0
0.0
0.0
0.0
0.0
0.0
0.0
-0.100731
0.0
0.0
0.0
0.0
0.0
0.0
-0.194134
0.0
0.0
0.974881
0.0
0.0
0.0
0.0
0.0
0.0
0.0
0.0
0.0
0.0
0.0
0.0
0.0
0.0
0.0
0.0
0.0
0.0
0.0
0.0
0.0
0.0
0.0
0.0
0.0
-1.15651
0.0
0.0
0.0
0.0
0.0
0.0
-0.327184
0.0
0.0
0.0
-1.08647
0.0
0.0
0.0
0.0
0.0
0.0
0.0
0.0
0.0
0.0
0.0
0.0
0.0
0.0
0.0
0.0
0.0
0.0
0.0
0.0
0.0
0.0
0.0
0.0
0.0
0.0
0.0
0.0
0.0
0.0
0.0
0.0
0.0
0.0
0.0
0.0
0.0
0.0
0.0
0.0
0.0
0.0
0.0
0.0
0.0
0.0
0.0
0.0
0.0
0.0
0.0
0.0
0.0
0.0
0.0
0.0
0.0
0.0
0.0
0.0
0.0
0.0
0.0
0.0
0.0
0.0
0.0
0.0
0.0
0.0
0.0
0.0
0.0
0.0
0.0
1.55031
0.0
0.0
0.0
0.0
0.0
-0.191852
-2.07867
-0.575696
0.0
0.0
0.0
0.0
0.0
0.0
0.0
0.0
0.0
0.0
0.0
0.0
0.0
0.0
-1.13458
0.0
0.0
0.0
0.0
0.0
0.0
0.0
0.0
0.0
0.0
0.0
0.0
0.0
0.0
0.0
0.0
0.0
0.0
0.0
0.0
0.0
0.0
0.0
0.0
0.0
0.0
0.0885697
0.0
0.0
0.0
0.0
0.0
0.0
0.0
0.0
0.0
0.0
0.0
0.0
0.0
0.0
0.610447
0.0
0.0
0.0
0.0
0.0
0.0
0.0
0.0
0.0
0.0
0.0
0.0
0.0
0.0
0.0
0.0
0.0
0.0
0.0
0.0
-0.0380985
0.0
0.0
0.0
0.0
0.0
0.0
0.0
-1.26027
0.0
0.0
0.0
0.0
0.0
0.0
0.0
0.0
0.0
0.0
0.0
1.32352
0.0
0.777623
0.0
0.0
0.0
-1.42404
0.0
0.0
0.0
0.0
0.0
0.0
0.0
0.176186
0.911178
0.0
0.0
0.0
0.0
0.0
0.0
0.0
0.0
0.0
0.0
0.0
0.0
0.0
0.0
0.0
0.0
0.0
0.0
0.0
0.0
0.0
0.0
0.0
0.0
-0.857985
0.0
0.0
0.0
0.0
0.0
0.0
0.0
0.0
0.0
0.0
0.0
0.0
0.0
0.0
0.0
0.0
0.0
0.0
0.0
0.0
0.0
0.0
0.0
0.0
0.0
0.0
0.615866
0.0
0.0
0.0
-1.45177
0.0
0.0
0.0
0.0
0.0
0.0
-0.228246
0.0
1.87464
0.0
0.0
0.0
0.0
0.0
0.0
0.0
0.0
0.0
0.0
0.0
-0.0438932
0.0
1.14173
0.0
0.0
0.0
0.0
0.0
-2.11612
0.0
0.0
0.0
0.0
0.0
0.0
-0.255066
0.0
-0.45558
0.0
0.0
0.0
-1.14487
0.0
0.0
0.0
0.0
0.0
0.826977
0.0
0.0
0.0
0.0
0.0
0.0
0.278575
0.0
0.0
0.0
0.0
0.0
0.0
0.0
0.0
0.0
0.077798
0.0
0.0
0.0
0.0
-0.599863
0.233492
0.0
0.0
0.0
0.0
0.0
0.0
0.0
0.0
0.0
0.0
0.0289521
0.0
0.0
0.0
0.0
0.0
0.0
0.0
0.0
0.0
0.0
0.0
0.0
0.0
0.0
0.0
0.193076
0.0
0.0
0.0
0.662928
0.0
0.0
0.0
0.0
0.0
0.0
0.0
0.0
0.0
0.0
0.0
0.0
0.0
0.0
0.0
0.0
0.0
0.0
0.0
0.0
0.0
0.0
0.0
0.0
0.0
0.0
-0.250608
0.0
0.0
-0.209368
0.0
0.0
0.0
0.0
0.0
0.0
0.0
0.0
0.0
0.0
0.0
0.0
-1.32507
0.0
0.0
0.0
0.0
0.0
0.0
0.0
0.0
0.0
0.0
0.0
0.0
0.0
0.0
0.0
0.0
0.0
0.0
0.0
0.0
-0.0649311
-1.71738
0.0
0.0
0.0
0.0
0.0
0.0
0.0
0.0
0.0
0.0
0.0
0.0
0.0
0.0
0.0
0.0
0.0
0.0
0.0
0.0
0.0
0.0
0.0
0.0
0.0
0.0
0.0
0.0
-0.910214
0.0
0.0
0.0
0.0
0.0
0.0
0.0
0.0
0.0
0.0
0.0
0.0
0.0
0.0
0.0
0.0
0.0
0.0
0.0
0.0965938
0.0
0.0
0.0
0.0
-0.0867088
0.0
0.0
-0.546661
0.0
0.0
0.0
0.0
0.0
0.0
0.0
0.0
0.0
0.0
0.0
0.0
0.0
0.0500579
0.0
0.0
0.0
0.0
0.0
0.0
0.0
0.0
0.0
0.0
2.0691
-0.583639
0.0
0.0
0.0
0.0
0.0
0.0
0.0
0.0
0.0
0.0
0.0
0.0
0.0
0.0
0.0
0.0
0.0
0.0
-1.73385
0.0
0.0
0.0
0.0
0.0
0.0
0.0
0.0
0.0
0.0
0.0
0.0
0.0
0.0
0.14538
0.0
0.0
0.0
0.0
0.0
0.0
0.0
0.0
0.0
0.0
0.0
0.0
0.0
0.0
0.0
0.0
0.0
0.0
0.0
0.0
-2.05315
0.0
0.0
0.0
0.0
0.0
0.0
0.0
0.0
0.0
0.0
0.0
0.0
0.0
0.0
0.0
0.0
0.0
0.0
0.0
0.0
0.0
0.0
0.0
0.0
0.0
0.0
0.0
0.0
0.0
0.0
0.0
0.0
1.17978
0.00501842
-2.15142
-0.914795
0.000222389
0.0444938
0.620396
-0.511672
-1.49298
0.141942
0.778338
0.130616
-0.519169
0.586637
-0.899072
0.135491
-0.370743
-0.18398
1.60077
0.00551409
-0.138468
0.965951
-0.693459
0.346346
0.584623
0.0394207
-0.809311
1.3819
-0.603611
-0.00449984
0.417296
0.136916
-0.101664
0.00995457
2.26143
-0.481254
-0.517878
0.0
0.0
0.0
0.0
0.0
0.0
0.0
0.0
0.0
0.0
0.0
0.0
0.0
0.0
0.0
0.0
0.0
0.0
0.0
0.0
0.0
0.0
0.0
0.0
0.0
0.0
0.0
0.0
0.0
0.0
0.0
0.0
0.0
0.0
-0.077254
0.0
0.0
0.0
0.0
0.0
0.0
0.0
0.0
0.0
0.0
0.0
-1.31167
0.0
0.0
-0.686956
0.0
0.0
0.0
0.0
0.0
0.0
0.0
0.0
0.0
0.0
0.0
0.707567
0.0
0.0
0.0
0.0
0.0
0.0
0.0
0.0
0.0
0.0
0.0
0.0
0.0
0.0
0.0
0.0
0.0
0.0
0.0
0.0
0.0
0.0
0.0
0.0
0.0
0.0
0.0
0.0
0.0
0.0
0.0
0.0
0.0
0.0
0.0
0.0
0.0
0.0
0.0
0.0
0.0
0.0
0.0
0.0
0.0
0.0
0.0
0.0
0.0
0.0
0.0
0.192523
0.0
0.0
-1.00752
0.0
0.0
0.0
0.0
0.0
0.0
0.0
0.0
0.0
0.0
0.0
0.0
0.0
0.0
0.0
0.0
0.0
0.0
0.0
0.0
0.0
0.0
0.0
0.0
0.0
0.0
0.0
0.0
0.0
0.0
0.0
0.0
0.0
0.0
0.167246
0.0
0.0
0.0
0.0
0.0
0.0
0.0
0.0
0.0
0.0
0.0
0.0
0.0
0.0
0.0
0.0
0.0
0.0
0.0
0.0
0.0
0.0
0.0
0.0
0.0
0.0
0.0
0.0
0.0
0.0
0.0
0.0
0.0
0.0
0.0
0.0
0.0
0.0
0.0
0.0
0.0
-1.37682
0.0
0.0
0.0
0.0
0.0
0.0
0.0
0.0
0.0
0.0
0.0
0.0
0.0
0.0
0.0
0.0
0.0
0.0
0.0
0.0
0.0
0.0
0.0
0.0
0.0
0.0
0.0
0.0
0.0
0.0
0.0
0.0
0.0
0.0
0.0
0.0
0.0
-2.81431
0.0
0.0
0.0
0.0
0.0
0.0
0.0
0.0
0.0
0.0
0.0
0.0
0.0
0.0
0.0
0.0
0.0
0.0
0.0
0.0
-0.00998607
0.244208
2.0777
1.6049e-05
0.0717354
-0.410895
0.27008
-0.00736159
-0.173559
-0.0280848
0.0275483
-0.0648053
0.0133556
0.151655
-0.0404702
-0.0357186
-0.0167326
-0.59574
-0.000755268
-0.0112839
0.415337
0.120051
-0.148212
0.137177
-0.399622
-0.160559
0.341298
-0.218486
0.675474
0.166631
-0.0776187
0.0381079
0.0042392
-0.12969
0.117468
0.0160869
0.985241
0.0
0.0
0.0
0.0
0.0
0.0
0.0
0.0
0.0
0.182193
0.0
0.0
0.0
0.0
0.0
0.0
0.0
0.0
0.0
0.0
0.0
0.0
0.0
0.0
0.0
0.0
1.45326
0.0
0.0
0.0
0.0
0.0
0.0
0.0
0.0
0.0
0.0
0.0
0.0
0.0
0.0
0.0
0.0
0.0
0.0
0.0
0.0
0.0
0.0
0.0
0.0
0.0
0.0
0.0
0.0
0.0
0.0
0.0
0.0
0.0
0.0
0.0
0.0
0.0
0.0
0.0
0.0
0.0
0.0
0.0
0.0
0.0
0.0
0.0
0.0
0.0
0.0
0.0
0.0
0.0
0.0
0.0
0.0
0.0
0.0
0.0
0.0
0.0
0.0
0.0
0.0
0.0
0.0
0.0
0.0
0.0
0.0
0.0
0.0
0.0
0.0
0.0
0.0
0.0
0.0
0.0
0.0
0.0
0.0
0.0
0.0
0.0
0.0
0.0
0.0
0.0
0.0
0.0
0.0
0.0
0.0
0.0
0.0
0.0
0.0
-1.084
0.0
0.0
0.0
0.0
0.0
0.0
0.0
0.661091
0.0
0.0
0.0
0.0
0.0
0.0
0.0
0.0
0.0
0.0
0.0
0.0
0.0
0.0
0.0
0.0
0.0
0.0
-1.58765
0.0
0.0
0.0
0.0
0.0
0.0
0.0
0.0
0.0
0.0
0.0
0.0
0.0
0.0
0.0
0.0
0.0
0.0
0.0
0.0
0.0
0.0
0.0
0.0
0.0
0.0
0.0
0.0
0.415491
0.0
0.0
0.0
0.0
0.0
0.0
0.0
0.0
0.0
0.0
0.0
0.0
0.0
0.0
0.0
0.0
0.0
0.0
0.0
0.0
0.0
0.0
1.94003
0.0
0.0
0.0
0.0
0.0
0.0
0.0
0.0
0.0
0.0
0.0
0.0
0.0
0.0
-0.33687
0.0
0.0
0.0
0.0
0.0
0.0
0.0
0.0
0.0
0.0
0.0
0.0
0.0
0.0
-0.388843
0.0
0.0
-1.35272
-0.960162
0.0
0.0
0.0
0.0
0.0
0.0
0.0
0.0
0.0
0.0
0.0
0.0
0.0
0.0
0.0
0.0
0.0
0.0
0.0
0.0
-2.19656
0.0
0.0
0.0
0.0
0.0
0.0
0.0
0.0
0.0
0.0
0.0
0.0
0.0
-0.727862
-1.15394
0.0
0.0
0.0
0.0
0.0
0.0
0.0
0.0
0.0
0.0
0.0
0.0
0.00794885
0.438555
0.0738662
-0.000281396
0.00943079
-0.344435
0.260709
-0.454797
0.027089
-0.270571
-0.150945
-0.28543
-0.462198
-0.113721
-0.382197
-0.0483978
0.0124545
-0.565238
-0.00209698
-0.0812657
0.491271
-0.142309
0.315778
0.0834118
-0.374469
0.0129703
0.334186
-0.440812
-0.00564534
-0.046255
-0.0847163
0.0678905
-0.00096304
0.232421
-0.202852
-0.507962
0.0
0.0
0.0
0.0
0.0
0.0
0.0
0.0
0.0
0.0
0.0
0.461998
0.0
0.0
0.0
0.0
0.0
0.0
0.0
-0.132564
0.0
0.0
0.0
0.0
0.0
0.0
0.0
0.0
0.0
0.0
0.0
2.65472
-0.250558
0.0
0.62881
0.0
0.0154972
0.458068
0.829187
0.618542
-0.0147161
-0.424828
0.0685025
0.159744
0.00378604
0.0678211
-0.0999793
-0.101462
0.233535
-0.0777612
-0.0891171
-0.00693637
-0.138546
-0.527231
-0.220035
0.0473863
0.581933
0.0624723
-0.356453
-0.0218496
-0.198446
0.0557019
0.328565
-0.153259
-0.00440694
-0.171829
-0.362838
0.0105861
0.00265056
-0.0562046
0.166445
0.0817096
0.0
0.0
0.0
0.0
0.0
0.0
0.0
0.0
0.0
0.0
0.0
0.0
0.0
0.0
0.0
0.0
0.0
0.0
0.0
0.0
0.0
0.0
0.0
0.0
0.0
0.0
0.0
0.0
0.0
0.0
0.0
0.0
0.0
0.0
2.94605
0.0
0.0151653
0.383579
0.234975
0.000160323
0.0283489
-0.360547
0.181991
0.0604396
-0.137925
-0.121636
0.12484
-0.120608
0.0479308
0.0454235
-0.267096
-0.0290237
-0.109352
-0.648985
-0.00248649
-0.0740943
0.410179
0.175283
-0.0889059
-0.135479
-0.453183
0.0613355
0.28825
-0.171045
-0.00111088
-0.0233695
-0.0459147
0.202393
-0.00786979
-0.195936
0.261923
-0.18952
0.0
0.0
0.0
0.0
0.0
0.0
0.0
0.0
0.0
0.0
0.0
0.0
0.0
0.0
0.0
0.0
-0.753701
0.0
0.0
0.0
0.0
0.0
0.0
0.0
0.0
0.0
0.348455
0.0
0.0
0.0
0.0
0.0
0.0
0.0
0.0
0.0
0.0
0.0
0.0
0.0
0.0
0.0
0.0
0.0
0.0
0.0
0.0
0.0
0.0
0.0
0.0
0.0
0.0
0.0
0.0
0.0
0.0
0.0
0.0
0.0
0.0
0.0
0.0
0.0
0.0
0.0
0.0
0.0
0.0
0.0
0.0
0.0
0.0
0.0
0.0
0.0
0.0
0.0
0.0
0.0
0.0
0.0
0.0
0.0
0.153943
0.0
0.0
0.0
0.0
0.0
0.0
0.0
0.0
0.0
0.0
0.0
0.0
0.0
0.0
0.0
0.0
0.0
0.0
0.0
0.0
0.0
0.0
0.0
0.0
0.0
0.0
0.0
0.0
0.0
0.0
0.0
0.0
0.0
0.0
0.0
0.0
0.0
0.0
0.0
0.0
0.0
0.0
0.0
0.0
0.0
0.844753
0.0
0.0
0.0
0.0
0.0
0.0
0.0
0.0
0.0
0.0
0.0
0.0
0.0
0.0
0.0
0.0
0.0
0.0
0.0
0.0
0.0
0.0
0.0
0.0
0.0
0.0
0.0
0.0
0.0
0.0
0.0
0.0
0.0
0.0
0.0
0.0
0.0
0.0
0.0
0.0
0.0
0.0
0.0
0.0
0.0
0.0
0.0
0.0
0.0
0.0632234
1.52432
0.39426
0.141655
-0.0748158
-0.121819
4.01195
0.980722
-0.522644
0.748842
-0.0392684
0.983692
2.3574
0.146849
1.35666
0.0174945
0.0937946
-0.91906
-0.00229447
-0.323604
1.93467
-0.0573868
-3.15464
-0.0831136
-1.83396
-0.732226
2.32432
-0.12747
0.0613752
0.107742
-0.0250119
0.786979
-0.0770364
0.660364
0.203249
1.39306
-0.0541366
-1.87681
-0.357834
0.0129186
-0.0119496
0.326301
-3.90787
-1.24299
0.661362
-0.978208
0.171884
-1.21478
-3.95012
-0.0101211
-1.39557
-0.0620685
0.0204928
1.47044
-0.0537695
0.437455
-2.28051
0.0878816
3.00985
0.0336808
3.17391
1.02362
-2.48685
0.0277009
-0.0072063
0.108337
0.0898211
-0.688549
-0.035985
-0.979388
-0.197924
-1.51452
0.0213207
-0.175834
0.102808
0.0746584
0.471579
-0.871676
-0.441022
-0.409927
0.177525
0.281042
-0.0915452
0.602438
-0.654227
0.308734
0.580877
0.072238
-0.126271
-0.249029
-0.0798392
0.426418
-0.104264
-0.168746
0.974898
-0.480613
-0.317765
0.127765
-1.18362
0.29617
0.114731
-0.0744434
-0.288717
-0.154148
0.205325
0.941613
-0.35994
-2.44644e-05
-0.0125687
-0.180012
-0.123859
0.0717061
-0.960597
0.946916
0.017224
0.370475
-0.153733
0.0169934
0.0879522
-0.574107
0.177961
-0.120417
-0.542158
-0.0135863
0.152085
0.514739
0.0586127
-0.67752
-0.744868
-0.216408
-0.439305
-0.00134036
0.749184
-0.216423
0.434886
-0.135576
-0.0857704
-0.138852
0.634261
0.0970935
-0.263128
-1.60683
0.239431
0.135799
0.0090028
-0.13088
0.0363623
0.154615
-0.0866686
0.204242
0.104166
-0.262035
0.13896
-0.753203
0.132641
-0.230557
-0.363174
0.136251
-0.0380132
-0.0446956
0.114276
0.549931
-0.0560214
0.113811
-0.355363
0.24509
-0.1455
-0.0495789
0.167059
0.292058
-0.167285
-0.0996424
0.614952
-0.645455
0.0646299
0.0983418
-0.112628
-0.0948603
0.00557187
-0.122691
-0.00734076
0.0732371
0.0542081
0.0062283
-0.00226769
0.278492
0.331364
-0.143571
-0.0332113
-0.251887
0.140568
-0.349695
-0.305934
-0.109496
-0.05137
-0.0506784
-0.0318536
0.260152
-0.0367966
0.186455
0.323567
0.23505
-0.316695
0.0319823
0.108862
0.155341
0.361306
-0.0602153
0.02746
-0.245865
-0.151067
0.118489
-0.0156347
-0.130309
0.225847
-0.0880527
1.33187
0.820386
0.790286
-0.00380464
0.043569
-0.174717
0.338429
-0.892521
-0.0511796
-0.45236
0.386745
-0.171031
1.32579
0.770602
0.3022
0.0115992
-0.361845
-0.209463
-0.00298851
-0.00669308
1.96999
0.00753541
-0.922681
-0.537589
-0.120423
-2.30285
0.574369
-1.61692
0.0036488
-0.753387
0.101449
-0.777147
0.0138928
-1.35839
0.305084
0.38831
1.79337
1.06459
-0.297495
0.00579833
-1.65618
-0.0203192
0.673318
-0.0411172
-0.450716
-0.0832909
0.0813096
-0.0677807
1.6965
0.0946554
-0.908107
-0.0552674
-0.0316479
0.023096
-0.0361853
0.169921
0.902406
0.264161
-0.416387
-0.328373
0.315
1.88318
-1.24759
-0.0925893
0.0232486
-0.0134081
-0.154792
0.00941846
-0.00943534
-0.274627
0.24017
0.0659796
1.7124
-1.36628
-1.8867
0.00593697
2.48474
0.0109735
0.195489
-0.157969
-0.0714453
-0.195072
0.116714
-0.345003
-1.25552
2.37518
-2.94063
1.5748
1.62133
0.380739
-0.0381314
0.172926
0.194824
0.193089
-0.326054
-0.00685724
1.10984
0.147303
-0.391473
0.812354
0.608081
-0.276799
-0.127519
0.135151
-0.015117
0.00886487
0.17977
-0.227264
-0.00875174
1.22702
2.16443
2.45413
2.6901
-2.62744
0.201279
-1.11614
0.0386174
-0.260865
0.118783
-0.216185
-0.0831278
0.10768
2.62501
2.16748
0.010014
-1.63136
-0.0379227
0.264291
0.304814
0.252241
-0.258495
-0.0393767
1.6311
0.249809
2.15498
-0.165929
-0.269439
-0.262004
-0.218081
0.136042
0.00121407
0.0911008
0.112406
-0.258799
-0.118338
-0.846042
1.96863
2.14261
1.56263
2.33922
0.458213
2.98754
-0.843149
0.581696
-0.156575
1.09313
-1.98609
-3.46934
0.852569
2.69834
-1.88537
-0.0553675
-0.0586802
-0.3818
-0.0230097
0.352959
0.893256
-1.28043
0.925275
-2.24093
-2.12007
3.26633
0.0265529
-5.88128
1.4101
-0.143197
-2.56374
-0.181499
0.0029031
0.60892
-0.0385711
-0.399852
0.365597
2.47847
-0.521398
1.43285
1.8912
-0.305103
-1.21572
0.925902
-0.284934
0.145862
0.426001
0.503436
0.997027
0.0337653
-0.287028
1.74449
-2.8168
1.98693
-0.111284
-0.0128768
0.785047
0.586324
0.109665
-0.868586
-1.603
-0.845245
0.0160452
-1.5047
-0.139024
-1.17351
0.00523378
-0.447625
-0.884122
0.639028
-0.0346912
-1.56423
-0.358996
-0.00210944
0.362735
-0.667575
1.58535
2.93704
-0.679066
0.674665
-0.206476
1.79919
-0.579082
-0.542814
-0.577735
0.0561659
-0.267222
-2.29056
-0.448674
1.04327
-0.99786
-0.157653
1.73988
0.144605
0.634477
-0.0663119
2.02505
0.235914
-0.963954
0.101981
1.86312
-0.477611
0.0382303
0.870091
-0.383558
0.846292
0.0263917
0.575766
0.181061
0.00466921
0.0358942
-1.23857
-2.97724
-2.44349
-2.48716
-1.55257
0.179209
-0.286717
-0.190243
0.0193262
0.0333486
-0.0281704
-0.243511
0.403644
-2.61958
2.82484
-2.28754
0.0861754
-0.495856
0.434342
-0.449297
0.39862
0.781008
0.769044
0.020502
0.755028
-0.0532344
0.308039
0.0324858
-1.88482
0.23913
-0.18271
0.0299288
-0.112863
-0.0756182
-0.00245032
0.043905
-1.20593
-0.701039
1.38343
0.882599
1.35408
0.429342
0.78792
0.278014
-0.143991
0.202809
0.0765165
0.268755
0.252699
0.46649
-1.59333
2.92404
-0.735671
0.672238
3.19877
0.00444518
-0.0136577
0.913875
-0.0505526
-0.00401845
-0.291479
0.0961499
-1.87459
1.66393
2.1705
-0.0501081
0.337892
-0.0134459
-0.0494627
0.10917
0.00600299
-0.00532496
-0.0175781
1.46182
0.665808
2.05176
-2.56094
1.70688
-0.0495252
-0.11068
0.0354761
0.0589182
-0.0541206
0.00519859
0.135177
-0.0383862
0.178328
-0.862147
-1.47852
-1.96034
2.53735
-0.0761867
0.357063
0.333105
-0.148258
0.0271385
-0.205311
-0.137436
0.25602
-0.0119464
-0.107293
0.152511
-0.224444
-0.0314699
0.902785
-0.066262
-0.00142483
0.0539876
0.549327
0.411118
-1.07003
-1.71225
1.99735
-2.36653
0.0536273
0.223442
0.164674
0.152817
0.0591297
-0.519451
0.786585
-0.0249433
0.0736372
0.997466
2.09151
2.6166
-2.07512
0.50805
-0.449196
-1.19502
-0.182604
0.00492139
-2.98968
-0.167657
-0.442133
2.35231
0.703289
-2.76239
3.44495
0.0142349
-1.48248
-0.0907241
-0.00647401
-0.0666247
-0.764515
-0.353886
0.816236
0.147684
-2.00692
3.01255
-2.10176
1.38167
1.37077
-0.108361
0.0199536
-0.216315
0.586137
0.0222376
0.0461828
0.703515
-0.183799
-3.38872
2.49088
0.472941
0.504378
0.785606
-0.717354
0.00702308
0.789141
0.192108
0.113263
0.0169771
0.239706
-1.60686
-1.46582
-2.59814
1.582
-0.0919886
0.00098935
-0.00597604
-0.718768
-0.331376
-0.0557638
0.282255
-0.0833346
0.0498505
-0.330162
3.75627
-0.58207
2.31477
0.0251172
-0.256526
0.0944396
0.0157154
0.0902359
0.494257
-0.0682699
-1.13964
0.263654
2.35845
-1.28942
-0.510373
-1.08042
0.00320028
0.502906
0.139576
0.0137926
0.0419593
0.147039
-0.0463817
-0.773777
-2.10309
1.07526
0.198472
-0.00384079
0.00560726
-0.233011
0.635306
0.107852
-0.0582058
-0.245871
-0.0621297
0.191733
-1.53708
-2.08184
-0.941815
0.03118
0.284062
0.219159
0.00194052
-0.0335176
0.452242
-0.0240481
0.0530277
0.0474737
-2.59306
-0.666251
-1.51135
1.29828
-0.0011259
-0.521576
0.0701241
-0.202027
0.0267242
-0.307574
0.123468
-0.132699
-0.0118507
-1.72583
0.133053
2.14808
-0.0143593
0.183342
0.316369
-0.125491
-0.0980341
-0.263042
0.119751
-0.401215
-1.4221e-05
0.0630411
0.457454
-2.80279
0.935903
0.395425
-0.0371454
0.173918
0.225811
0.224746
-0.439355
-0.0289728
0.142765
-2.04902
-0.342757
0.138036
0.0265612
-0.296744
-0.144402
2.14437
-0.0176371
-0.104087
0.190039
-0.236321
0.0122236
0.17546
-0.741393
0.00625933
-1.36536
0.224901
-1.04132
-0.475352
0.920588
-0.114275
0.152124
-0.302194
0.0598449
0.0310207
-2.07258
1.8349
-0.0581148
0.335622
-0.765749
0.194379
-0.664496
0.0892742
-0.382166
0.011044
-0.231392
3.00116
-0.434293
1.33391
2.18017
-0.0923174
-0.128694
0.257301
-0.00661499
0.127399
0.22857
-0.343377
-0.0480559
-0.461295
1.35027
0.117646
-1.46825
2.47399
1.80461
0.0603166
-0.463724
-0.0394842
-0.261305
0.170915
0.379707
0.340226
-0.61096
1.6036
-1.61771
-0.99916
-2.37434
-0.809986
0.0677326
0.0595739
-0.843196
-0.0556142
-0.239788
-1.99879
-1.86447
-1.65537
-1.50549
-0.940956
0.243882
-0.0740001
-0.0143368
-0.832018
0.283951
-1.15965
-0.0115564
0.0326197
-0.0105342
-0.00147058
-2.53013
-1.01017
2.29633
-0.0457739
0.0836984
0.0592386
-0.0100148
0.00818852
-0.128468
0.0104925
-0.0543424
-0.130095
1.52439
0.97779
-0.605172
-0.128772
-0.158019
-0.0592179
0.0754652
0.00408414
0.0209318
-0.0123591
1.88517
-1.75608
-0.000168453
0.0381689
2.68248
0.872018
1.61875
2.47492
-0.045235
0.0110276
-0.0192751
0.0675233
0.139868
0.00497261
0.00834376
-2.27521
-2.0171
-2.67705
-0.13539
-0.167782
0.0914129
-0.286244
0.0973635
0.168779
0.0720655
-0.040455
-0.0259863
-0.732167
-2.88271
0.392225
1.483
0.177375
-0.139515
0.00565514
0.082449
-0.0323854
-0.0814432
-0.795856
1.03287
0.0927928
-1.66497
-2.43524
-2.66274
0.0454025
0.179404
-0.17837
-0.148732
-0.891053
-0.126749
-0.00564921
-0.0480935
-0.159654
2.15504
0.0471831
-0.849453
-0.100589
-0.35294
1.31918
0.374273
0.44636
1.07391
0.050951
-1.46616
0.477969
-2.58827
2.34558
2.2022
0.506614
1.20271
-0.368273
-0.132652
-1.89841
-3.28407
-0.306735
0.0114422
-5.30325
0.272319
-1.84278
0.50517
-0.299734
-2.91682
-1.04445
-0.0159132
0.0763198
0.121274
0.00596443
-0.0317834
0.410599
0.101238
-1.52016
1.23953
0.43185
0.0976914
-0.570732
-0.0361126
0.078563
0.00475951
-0.0504641
0.00102173
0.367702
1.75195
1.17087
2.04069
-0.921664
-2.05025
-0.0325086
0.0827769
0.0792341
-0.153478
-0.18755
0.026084
-0.3909
-0.133494
0.0267448
-0.0138471
-0.144679
1.58213
-0.37409
-0.0714598
0.135897
-0.433677
0.00494056
0.0165433
1.37816
-1.00365
-1.02341
-0.206489
3.03057
2.70554
2.04422
-1.30868
-1.73928
0.799096
-0.0142816
-0.724271
-0.810042
1.07787
-0.8534
0.880438
0.584093
1.5653
-1.24661
-0.976548
-0.136438
0.593237
1.36505
-0.00829126
-1.86971
-0.309129
-1.59201
-0.474824
2.94423
-2.07201
1.47663
0.00760689
-0.501912
0.149868
0.00509156
-0.0364241
-0.578175
0.367576
2.378
-0.0670722
-1.64088
2.82479
-0.255122
-0.0358266
0.0546223
0.080711
-0.0169902
0.129907
-0.555728
-0.021915
0.0262715
-2.49279
2.90641
1.37926
-0.763917
-0.384926
0.442388
0.607043
0.0480349
0.0304351
1.6857
0.0672984
2.58233
0.034299
-0.958226
2.17942
-2.63552
-0.0496849
-0.466816
0.027392
0.0109149
-0.0760891
0.422327
-0.554746
-0.371957
-0.0481837
-2.73659
0.308619
-1.02237
-0.411569
-0.0384821
-0.403797
-0.0251792
0.238324
1.80181
-0.0521024
0.397699
0.930727
0.249809
-0.0560415
1.42057
-0.439977
-0.244323
-0.422801
-0.358614
0.0119474
-0.778345
0.0219616
0.102234
-0.0250155
-1.08362
1.10869
0.760208
-0.0761561
1.49107
-0.0966766
0.00567154
0.0118627
-1.0139
-2.58526
-0.366631
1.48394
0.649775
-0.41333
1.87893
0.206076
-1.9131
-0.438858
-1.94039
-0.868065
-0.424102
-0.022672
0.192997
-1.99662
0.249427
0.370887
0.0155376
-2.0325
1.50721
1.83498
0.127591
-0.0119206
0.8943
-0.237724
1.12347
0.0483917
1.46371
-0.0376295
0.0599975
1.0328
-2.8231
0.109175
0.00166948
-0.0306758
-0.750342
0.103632
0.709806
0.267081
0.619052
0.492355
-1.14447
3.76781
0.743458
-1.32449
1.19309
0.18488
-1.55122
0.0216487
-0.455115
-2.09855
-0.116286
0.689654
1.55166
-2.05761
0.76282
3.17095
0.280876
0.0255938
6.0923
-0.00873588
0.823939
0.041675
1.36446
0.408991
1.29687
0.696637
-0.365863
-0.269988
0.000945916
1.2853
1.07051
0.0339931
-0.063198
0.0803739
-0.154548
0.0456237
0.49753
-3.62371
-3.12362
0.455883
-0.00560826
0.0423805
-0.284745
-0.0464859
0.157795
-0.0526127
0.239499
0.950757
-0.312544
0.165089
1.73341
-1.24394
-0.767691
-0.0668249
-1.62336
-0.179622
0.0828381
-0.00757614
-0.115036
0.130573
0.843618
-0.0144328
0.11283
1.68273
1.54158
-0.3636
2.42262
0.163693
-0.169069
-0.0568913
-0.181273
0.11738
-0.3459
-1.59002
0.0693272
1.46051
2.74643
1.22253
0.383096
-0.0377122
0.165056
0.168177
0.18364
-0.314363
-0.013574
0.128496
0.140223
0.72386
1.03
2.20398
-0.25749
-2.87636
0.125241
-0.00801037
0.0041965
0.163224
-0.233475
0.0829399
0.711446
2.2677
-0.710927
1.7698
-0.739173
1.1947
0.196545
-0.0145573
-0.155217
0.148428
-1.29657
0.856355
-0.1022
0.655112
-0.0580295
0.742221
-1.44432
0.00927938
-0.265277
-1.37626
-0.199567
1.14563
1.8707
-0.614931
-0.0287109
2.84438
-2.18238
2.84547
4.60656
-1.21877
1.09202
0.0420614
0.523709
-0.230855
-0.175021
-0.0136906
-0.169901
-0.105289
-0.0016754
-0.858394
0.0264029
-0.150423
0.135261
-0.0719123
0.232835
-0.0268211
0.13958
-0.235302
-0.0741982
-0.121795
-0.845432
-2.14229
2.82034
-1.17599
-0.111317
-1.50212
-0.110126
0.240346
-0.00962853
0.212309
-0.11134
0.109692
1.16716
1.85562
0.820877
0.0510899
1.29558
0.0242415
-2.37543
-0.00288155
0.127292
-0.0225792
-0.233972
0.0855645
0.00591309
2.45072
0.820633
-1.45659
0.16741
0.495632
0.0316386
-0.0584322
-0.395107
-0.350524
0.023322
-0.285538
-0.0417324
3.4113
0.764965
-0.763043
-0.971267
-1.22665
2.7429
-0.478402
-0.56936
0.0947819
0.792121
0.200496
0.0970638
0.49274
-0.907237
1.25584
2.24617
-0.982025
-0.041123
0.666223
0.0706867
-0.0134472
-0.0686115
0.0339262
-0.00207004
-0.028719
-0.0402547
-2.86052
-0.00471593
-0.0593956
0.183049
-0.0129396
-0.0204404
-0.127617
0.00883777
0.024415
-2.34362
-0.595873
0.140645
1.83775
-0.837397
1.04737
-0.128626
0.199645
0.00489546
0.204192
-0.106676
-0.257279
0.0357986
2.89251
0.0825102
-2.48199
1.07607
1.85233
0.29947
-0.00381911
0.0189938
0.0238311
0.056492
-0.230535
-0.00231423
0.128935
-2.33487
-1.27463
-2.39362
2.19774
-0.477394
0.221946
0.700729
-0.623714
-0.175123
0.481429
-1.77371
-0.0869085
-2.56296
1.54884
-0.122411
1.07862
-2.69928
1.11305
0.62452
0.0275673
0.322316
-1.56523
0.0449552
-0.0069825
0.147446
0.0452463
0.832301
-2.06611
3.46689
3.03509
0.500428
0.0197502
0.379265
0.0929732
0.00685751
0.00581703
0.359538
-0.874333
0.574313
0.284271
-1.62558
-1.03396
-0.417455
-0.513649
-0.354073
-0.361949
-0.0886174
0.502733
-0.648645
-0.00875237
-0.0642992
0.0423445
2.31637
-0.651024
-0.255198
0.160365
1.1708
0.904924
0.218981
0.0340514
2.39908
-2.53132
3.49596
-2.63915
-1.93504
-0.195648
0.648554
-0.0578396
-0.0986829
-0.48644
0.00046394
-0.00728587
0.811249
0.0535215
-0.554612
-0.27337
0.288775
0.106596
0.207361
-0.757099
-0.787302
0.0377635
-0.0113412
-0.0813061
-0.869253
-0.0348449
-0.00999443
0.421081
-2.5714
3.12656
0.204497
0.0252355
0.114118
0.770118
0.480602
0.0141866
-0.689538
-0.196431
0.0728598
-1.54826
-1.97114
1.34047
3.0046
0.0335905
-0.248318
-0.0867321
0.1502
-0.0644812
0.177653
-0.0425285
-0.0521713
0.774474
1.7619
0.0271717
0.105194
-0.198585
0.0451085
0.0207538
-0.0359434
0.145641
0.14795
-0.0187988
-0.0199629
-0.43286
-0.108396
-0.53006
2.6383
0.0108326
0.171252
-0.204625
0.0869353
0.0284051
-0.394105
0.112728
-0.0262675
-0.130638
-0.0832959
-2.26003
-1.04102
-1.07538
0.191881
-0.646115
-0.176678
-1.40957
-2.64014
-1.15958
-1.3571
-0.992054
0.549853
0.239655
-0.956032
-1.04201
0.211176
-0.627636
-0.666028
-0.464508
0.237143
-1.07612
-0.119756
0.303616
-1.13409
-1.36787
1.35325
-4.70164
-3.116
-0.142775
-6.59547
-1.35299
-1.505
-0.613159
-0.68715
-0.605385
0.918035
-0.531848
0.205141
0.201746
-0.154905
0.743705
-2.18724
-1.10162
0.149147
-0.691898
-0.0277579
0.16012
-1.23718
-1.18617
-0.313305
-0.545833
0.40123
-6.5918
6.39873
-0.544931
0.885728
-3.18019
1.14951
-1.39962
-2.51318
-0.365375
-1.50241
-0.242543
-1.36838
-0.885677
0.776094
-0.194003
0.555698
-2.00222
0.165635
1.17376
2.80388
-1.51199
1.23343
0.688544
-0.024539
-0.183694
-0.0847608
0.148636
0.102656
-0.468605
-0.507225
7.60677
-5.64901
6.15199
-8.93762
-0.656681
0.260078
-0.628941
1.7134
3.03097
-3.88778
7.07912
-3.06995
-2.84327
-0.271652
1.10061
-1.92458
2.12317
4.81827
1.26618
2.75606
-0.948711
0.0983602
-5.05911
3.74189
-6.92502
-3.74173
3.96406
-4.35823
1.25189
-1.14076
-0.0962917
0.169188
-1.05209
0.355269
-1.03573
-0.275002
-2.64151
-0.698523
15.1567
-8.98018
0.113047
-0.365413
-0.0387376
-0.109083
-0.189296
0.422003
-4.01519
1.84944
-0.0345352
0.170348
-0.357043
-0.11926
-1.33915
-0.739816
-0.68499
-1.55566
-1.54649
0.664672
-3.02811
1.01432
-1.21126
-2.68523
-1.59867
0.934068
-1.0794
0.191604
-0.313059
-0.210937
