[4.908552825355372,
 -0.29583725408724604,
 1.8887079800096416,
 -0.0955703026149024,
 0.9170091425218345,
 -0.735843436258449,
 -0.15923277994335194,
 0.13536815344440356,
 0.7160650010859655,
 -0.16266096763649784,
 0.42361595902923455,
 0.7631454579602632,
 -0.1818161874967359,
 2.3588559975660246,
 0.3274583985265167,
 -0.06365774683081327,
 -0.08434019551170634,
 0.3107319233865269,
 -0.8003952279083251,
 -0.2082433490208473,
 -0.09083672062627102,
 -3.2312131628108887,
 0.8302995433687386,
 -0.02359541142718058,
 1.953476548577811,
 -1.6527706819722283,
 -1.6543501422077043,
 1.4411278997544628,
 0.5298122902699873,
 -1.3016994184504824,
 -1.227055749261524,
 -0.1043427851477503,
 -0.13168156262747743,
 -0.05128400816869316,
 0.01662062235620354,
 0.3027842544154318,
 -0.14639572794004607,
 -0.12097511534733485,
 -0.04885997466840308,
 -0.05649954292613302,
 -1.3000686481724415,
 0.1746569926237953,
 -0.12363541069281325,
 0.09856979378480446,
 -0.08658219344834667,
 0.08205273506160893,
 -0.9417637981335929,
 0.868718105282948,
 0.3313229988654811,
 -0.04794595910566468,
 -0.9648159201373119,
 -2.068057845535918,
 1.3551064831152075,
 0.08805479901405988,
 -0.21374232757540312,
 0.011466645556936328,
 0.05007492563654026,
 0.38711144599380987,
 -0.046281765296467624,
 1.4468630346108853,
 -0.2696870818377448,
 0.04836019077731635,
 -0.7716347676094415,
 0.2375356401456088]
