[125, 16, 16, 4]
0.0
0.0
0.0
0.0
0.0
0.0
0.0
0.0
0.0
0.0
0.0
0.0
0.0
0.0
0.0
0.0
0.0
0.0
0.0
0.0
0.0
0.0
0.0
0.0
0.0
0.0
0.0
0.0
0.0
0.195808
0.0
0.0
0.0
-2.20643
0.0
0.0
0.0
0.0
0.0
0.0
-1.34122
0.0
0.0
0.0
0.0
0.0
0.0
0.0
0.323299
0.184178
0.421341
0.757463
0.850082
-0.663742
-0.264083
0.247776
0.462997
0.722719
-0.253132
-0.544537
0.0964979
0.000495437
-0.821597
-0.43368
0.0
0.3409
0.0
0.0
0.0
0.0
0.0
0.0
0.0
0.0
0.0
-0.993526
0.0
0.0
0.0
0.0
-0.290259
0.315683
0.445378
0.295345
1.95564
-0.585516
-0.272384
0.164784
0.494803
-0.0964887
0.592669
-0.336561
0.216052
0.0992083
-0.586574
-0.497066
0.0
0.0
0.0
3.27768
-0.548474
0.0
0.0
0.0
0.0
0.0
0.0
0.0
0.0
0.0
0.0
0.0
-0.532999
0.330894
0.202772
0.0466497
-0.897902
-0.509623
-0.459063
0.446594
0.171779
0.166313
0.0985598
-0.918207
0.363169
0.164223
-0.906307
-0.460816
0.0
-1.31521
0.0
0.0
0.0
0.0
0.0
0.0
0.0
0.0
0.0
-1.25588
2.0323
0.0
0.0
-0.20344
-1.1335
-1.19676
0.0
0.0
-0.332193
0.0
0.0
0.0
0.0
0.0
0.0
0.526268
0.0
0.0
0.0
0.0
0.0
0.0
0.0
0.0
0.0
0.0
0.0
0.0
0.0
0.0
0.0
0.971387
0.0
0.0
0.0
0.0
0.0
0.0
0.0
0.0
0.0
0.0
0.0
0.0
0.0
-0.281541
0.0
0.0
0.0
0.0
0.0
0.0
0.0
0.0
0.0
0.0
0.0
0.0
0.0
0.0
0.0
0.0
0.0
0.0
0.0
0.0
0.0
0.0
0.129004
0.193058
0.33012
0.324369
0.40247
-0.620746
-0.252136
0.193864
0.466625
-0.0136836
-0.208704
-0.490823
0.215732
0.0939278
-0.657973
-0.411752
0.0
0.0
0.0
-0.464828
0.0
0.0
0.0
0.0
-0.751383
0.0
0.0
0.0
0.0
0.0
0.0
0.0
0.074061
-0.0745082
0.0
0.0
0.0
0.0
1.15492
0.0
0.0
0.0
0.0
0.0
0.0
0.0
0.0
0.0
0.0
0.0
0.0
0.0
0.0
0.0
0.0
-1.49538
0.0
-0.305596
0.0
0.0
0.0
0.0
0.0
0.0
0.0
0.0
0.0
1.40496
0.0
0.0
0.0
0.0
0.0
0.242803
0.0
0.0
0.0
0.0
0.0
0.0
0.0
0.0
0.0
0.0
0.0
0.0
0.0
0.0
0.0
0.0
0.742907
0.0
0.0
0.0
0.0
0.0
-0.83438
0.0
0.0
0.0
0.0
0.0
0.0
0.0
0.0
0.0
0.0
0.0
-1.20904
0.0
0.0
0.0
0.0
0.0
0.0
0.0
0.0
0.0
0.0
0.0
0.0
0.0
0.0
0.0
0.0
-0.172777
0.0
0.0
0.0
0.0
0.0
0.0
-0.824733
0.0
0.0
0.0
0.0
0.0
0.0
0.0
-0.507955
0.0
0.0
0.0
0.0
0.0
0.0
0.0
0.0
0.0
0.0
0.0
0.0
0.0
0.0
0.0
0.0
0.0
0.0
-1.59445
-0.924085
0.0
0.0
0.761297
0.0
0.114757
0.0
0.0
0.0
0.0
0.0
0.0
0.0
0.0
0.0
1.08353
2.47274
0.0
0.0
0.0
0.0
-0.736916
1.30008
0.0
0.0
0.0
0.0
0.0
0.135427
-0.861827
0.0
0.0
0.0
0.0
0.0
0.0
0.0
0.0
-0.582364
0.0
0.0
0.0
0.0
0.0
-0.532119
0.0
0.0
0.0
0.0
0.0
0.0
0.0
-1.96305
0.0
-0.770213
0.0
0.336832
0.0
0.0
0.0
0.0
0.0
0.0
0.0
0.0
0.0
0.471044
0.0
1.76482
0.0
0.0
0.0
0.0
0.0
0.0
0.0
0.0
0.0
0.0
0.666904
0.0
0.0
0.141084
0.253505
-0.405249
0.0
0.0
0.0
0.0
0.0
0.0
0.0
0.0
0.0
0.25638
0.0
0.0
0.0
0.0
0.0
0.0
0.0
0.0
0.0
0.0
0.0
0.0
0.0
0.0
0.0
0.0
0.0
0.0
0.0
0.0
0.0
0.0
0.0
0.0
0.0
0.0
0.0
0.0
0.0
0.0
0.0
0.0
0.0
-1.25879
0.463735
-0.188297
0.197806
-0.358929
-0.333321
-0.713658
1.25047
0.115094
-0.818874
0.383276
-1.43395
0.206662
0.107105
-1.0713
-0.639721
0.0
0.0
0.0
0.0
0.0
0.0
0.0
0.0
0.0
0.0
0.0
0.0
0.0
0.0
0.0
0.0
0.0
0.0
0.0
0.0
0.0
0.0
0.0
0.0
0.0
0.0
0.0
0.0
0.0
0.0
0.0
0.0
0.045811
0.160496
0.394219
0.470111
0.623307
-0.634267
-0.239408
0.19524
0.487065
0.227002
-0.331143
-0.474916
0.193487
0.0686646
-0.665336
-0.399394
0.0
0.0
0.0
0.0
0.0
0.0
0.0
0.0
0.0
0.0
0.0
0.0
0.0
0.0
0.0
0.0
0.0
0.0
0.0
0.0
0.0
0.0
0.0
0.0
0.0
0.0
0.0
0.0
0.0
0.0
0.0
0.0
0.0
0.0
0.0
0.0
0.0
0.0
0.0
0.0
0.0
0.0
0.0
0.0
0.0
0.0
0.0
0.0
0.0
0.0
0.0
0.0
0.0
-0.399957
0.0
0.0
-0.613981
-0.0329186
0.0
0.0
1.4657
-0.884322
0.0
-0.339129
0.0
0.0
0.0
0.0
0.785816
0.0
0.0
0.0
0.0
0.0
0.0
0.0
-2.64671
0.0
0.0
0.0
0.0
0.0
0.0
0.0
0.0
0.0
0.0
0.0521672
0.0
0.0
0.0
0.0
0.0
0.0
0.0
0.0
0.0
0.0
0.1969
0.0
0.0
0.0
0.0
0.0
0.0
0.0
0.0
0.0
-0.931042
1.01383
0.0
0.0
0.0
-0.243323
0.0
0.0
0.0
0.0
0.0
0.0
0.0
0.0
0.0
0.0
0.0
0.0
0.0
0.0
-0.57201
0.835988
0.309115
0.00110738
-1.58544
-0.224124
-1.49966
0.235158
-0.194283
0.7366
-0.689804
1.16977
-1.38236
0.0603828
-1.17789
-0.987433
0.0
0.0
0.0
0.0
0.0
0.0
1.4503
0.0
0.0
0.0
0.0
0.0
0.0
0.0
0.0
0.0
0.0
0.0
-0.0464709
-1.18726
0.0
0.0
0.0
0.0
0.0
0.0
0.0
0.0
0.0
0.0
0.0
0.0
0.0
0.0
0.0
0.0
0.0
0.0
0.0
0.0
0.0
0.0
0.0
0.0
0.0
0.0
0.0
0.0
0.0
0.508936
0.0
0.0
0.0
0.0
0.0
0.0
0.0
0.443458
1.19725
-0.787753
0.0
1.46597
0.0
0.0
0.0
0.0
0.0
0.0
0.0
0.0
0.0
0.0
0.0
0.0
0.0
0.0
0.0
0.0
0.0
0.0
-2.21603
0.0
0.0
0.0
-0.323847
-0.171599
0.0
0.0
0.0
0.0
0.0
0.0
0.0
0.0
0.0
0.0
0.0
0.0
0.0
-0.24817
0.0
0.0
0.0
0.0
0.0
0.789141
0.0
0.0
0.0
0.0
0.0
0.0
0.0
0.0
0.0
-0.709056
0.0
0.0
0.0
0.0
0.0
0.0
0.022294
0.0
0.0
0.0
0.0
0.0
0.0
0.0
1.12816
0.0
0.0
0.0
0.0
0.543583
0.0
0.0
0.0
-0.392254
0.0
0.0
0.0
0.0
0.0
0.0
0.0
0.0
0.0
0.0
0.0
0.0
0.0
0.0
0.0
0.0
0.0
0.0
1.44837
0.0
0.0
0.0
-0.549953
1.53358
0.0
0.0
0.0
0.0
0.0
0.0
0.0
-1.4488
0.0
0.0
0.0
-1.38224
0.406438
0.164793
0.457642
0.404395
-0.0164521
-0.650528
-0.231088
0.197761
0.488199
0.15369
0.0864721
-0.388426
0.199842
0.0502842
-0.69429
-0.392407
0.0
0.0
0.0
0.0
-1.01923
0.0
0.0
0.0
0.0
0.0
0.0
0.0
0.0
0.226978
0.0
0.0
0.0
0.0
0.0
0.0
0.0
0.0
0.0
0.0
0.0
0.0
0.0
0.0
0.0
0.0
0.0
0.0
0.0
0.0
0.0
0.0
0.0
0.0
0.0
0.0
0.0
0.0
0.0
0.0
0.0
0.0
0.0
0.0
0.376365
0.0
0.0
0.0
0.0
0.0
0.0
0.0
0.0
0.0
0.0
0.0
0.0
0.466025
0.0
0.0
0.0
-0.239156
0.0
-1.33748
0.0
0.0
0.0
0.0
0.0
0.0
0.0
0.0
0.0
0.0
0.0
0.0
0.0
0.0
0.0
0.0
0.0
0.0
0.0
0.0
-0.4121
0.0
0.0
-1.96382
0.0
0.0
0.0
0.0
0.0
0.0
0.0
0.0
0.0
0.524586
0.0
0.458254
0.0
0.0
0.0
0.0
0.0
0.0
-0.896273
-0.415345
0.0
0.0
0.0
0.0
0.0
0.0
-1.09431
0.0
0.0
0.0
0.0
0.0
0.0
0.0
0.0
0.0
0.0
0.0
0.0
0.0
0.0
0.0
-0.279633
0.0
0.0
-0.647406
0.0
0.0
0.0
0.0
0.0
0.0
0.379205
-0.409018
0.207521
-0.864434
-0.61461
0.0943826
-1.63773
-0.721423
-0.952622
1.32354
0.946893
2.31304
-0.292153
0.252927
1.48149
0.42279
0.0
0.0
0.0
0.0
0.0
0.0
0.0
0.0
0.0
0.0
0.0
0.0
0.0
0.0
0.0
0.0
1.57076
0.0
0.0
0.0
0.0
0.0
0.0
0.0
0.0
0.0
0.0
-1.10686
0.0
0.0
-1.18358
-1.16363
0.0
0.0
0.803933
0.0
0.0
0.0
0.0
0.0
-0.99812
0.0
-0.764551
0.0
-0.0885233
0.0
0.0
0.0
0.0
0.0
0.0
0.0
0.0
0.0
0.427867
0.0
-0.369785
0.0
0.0
0.0
0.0
0.0
0.0
0.0
0.0
0.0
0.0
0.0
0.0
0.0
0.0
0.0
0.0
0.0
0.0
0.0
0.0
0.0
0.0
0.0
0.0
0.0
0.0
0.0
0.0
0.0
0.0
0.0
0.0
1.62318
-0.134979
0.0
0.0
0.0
0.0
1.87788
0.0
0.0
0.0
0.0
0.0
0.0
0.0
0.0
0.0
0.0
2.19431
0.0
0.0
0.0
0.0
0.0
0.0
0.0
0.0
0.0
0.0
0.0
0.0
0.0
0.802302
0.0
-1.41928
0.0
0.0
0.0
0.0
0.0
0.0
0.785162
0.0
0.0
0.0
0.0
0.416848
0.205252
0.0
0.0
0.0
0.0
0.0
0.0
0.0
0.0
0.0
0.0
0.0
0.923524
0.0
0.0
0.0
0.0
0.0
0.0
0.0
0.0
0.0
0.0
0.0
0.0
0.0
0.339107
-1.03151
0.0
0.0
-2.9367
0.0
0.0
0.0
0.0
0.0
0.0
0.0
0.0
-1.64844
0.0
0.808412
0.133913
0.301823
0.16182
-0.0455557
-0.661763
-0.123316
0.121641
0.638329
-0.354896
-0.0588479
-0.493741
0.216425
0.148239
-0.534267
-0.37269
0.0
0.0
0.0
0.0
0.0
0.0
0.0
0.0
0.0
0.0
0.0
0.0
0.0
0.0
0.0
0.0
0.0
0.0
0.0
0.0
0.0
0.0
0.0
0.0
0.679885
0.0
0.0
0.0
0.0
0.0
0.0
0.0
0.0
0.0
0.0
0.0
0.0
1.33688
0.0
-1.46155
0.0
0.0
0.0
0.0
0.0
1.43832
0.0
0.0
0.0
1.71025
-0.694237
0.0
0.0
0.0
0.0
0.0
0.0
0.0
0.11935
0.0
0.0
0.0
0.0
0.0
0.0
0.0
0.0
0.0
0.0
0.0
0.0
-0.211206
0.0
0.0
-1.09765
0.0
0.0
0.0
0.0
0.0
0.848523
0.0
0.0
0.0
0.0
0.0
0.0
0.0
0.0
0.0
0.0
0.0
-0.00291988
0.0
1.11641
-0.930268
0.0
0.0
0.0229865
0.0
0.0
0.0
0.998233
0.0
0.0
0.0
0.0
0.0
0.0
0.0
0.0
0.0
0.0
0.419225
0.0
0.0
0.0
0.0
0.0
0.0
0.0
0.0
0.0
0.0
0.0
0.0
0.57259
0.0
0.0
0.0
0.0
0.0
0.0
-0.605009
0.0
-0.176509
0.0
0.0
0.0
0.0
0.0
0.0
0.0
0.0
-0.664023
0.0
0.0
0.0
-2.02626
1.23215
0.0
0.0
0.0
0.0
0.0
0.0
0.0
0.0
0.0
0.0
0.0
0.0
0.0
0.0
0.0
0.0
0.0
0.0
0.0918132
0.0
0.0
0.0
0.0
0.0
0.0
0.0
0.116906
0.0706174
0.391706
-0.246605
0.206826
-0.629815
-0.088389
-0.02586
0.58777
-0.517338
0.922875
-0.270768
0.426774
0.214199
-0.260765
-0.30441
0.0
0.0
0.0
0.0
0.0
0.0
0.0
0.0
0.0
0.0
-1.85998
0.954827
0.0
0.0
0.0
0.0
0.0
0.0
0.0
0.0
0.0
0.0
0.0
0.0
1.06497
0.725755
0.0
0.0
0.0
0.0
0.0
0.0
0.0
0.0
-0.588071
0.0
0.0
0.0
0.0
0.0
0.827365
0.0
0.0
0.0
0.0
0.0
0.0
0.0
0.0
0.0
0.0
0.0
0.0
0.0
0.0
0.0
0.0
0.0
0.0
0.0
0.0
0.0
0.0
0.0
0.0
0.0
0.0
0.0
0.0
0.0
0.0
0.0
0.0
0.0
-1.92482
-0.287885
0.0
0.0
0.0
0.0
0.0
0.0
0.0
0.0
0.0
0.0
0.0
0.0
0.0
0.447007
0.0
0.0
0.0
-0.373074
0.0
0.122048
0.0
0.0
0.0
0.0
0.0
1.92204
0.0
-2.46889
0.0
0.0
0.0
-0.648086
0.0
0.0
0.0
0.0
-1.28897
-1.44463
-1.13442
0.411028
-0.539702
-0.873955
0.26902
-0.481057
-0.485216
-0.221283
-0.617528
0.944557
3.32912
0.636172
-0.183724
1.20642
0.0
0.0
0.0
0.0
0.0
0.0
0.0
0.943111
0.0
0.0
0.0
0.0
0.0
0.0
0.0
0.0
0.0
0.0
0.0
0.0
0.0
0.0
0.0
0.0
0.0
0.0
0.0
0.0
-0.463386
0.0
0.0
0.0
0.0
0.0
0.0
0.0
0.0
0.0
0.0
-0.844704
0.9159
-1.6625
0.0
0.0
0.0
0.0
0.0
0.0
-0.278897
0.0
0.0
0.0
0.0
0.0
0.0
0.0
0.0
0.0
0.0
0.0
-0.637774
-0.32433
0.0
0.0
0.621687
-0.127527
1.83659
-0.577883
0.130281
-0.831312
-0.0732491
0.755152
0.742121
0.38332
0.00114005
-2.06223
-0.246219
0.137092
-1.37384
-0.286443
0.0
0.0
0.0
0.0
0.0
0.0
0.0
0.0
0.0
0.0
0.0
0.0
0.0
0.0
0.0
0.0
0.0
0.0
0.0
0.0
0.0
0.0
0.0
0.0
0.0
0.0
0.0
0.0
0.0
0.0
0.0
0.0
0.0
0.0
0.0
0.0
0.0
0.0
0.0
0.0
0.0
0.0
0.0
0.0
1.00446
0.0
0.0
0.0
0.0
0.0
0.0
0.0
0.0
0.0
0.0
0.0
0.0
0.0
0.0
0.0
0.0
0.0
0.0
0.0
0.376528
0.078617
1.37315
-0.274568
-2.37651
-0.206405
0.463497
0.782573
2.08967
-0.592306
-0.478554
1.38259
0.847371
3.72384
0.101641
2.34627
0.308958
0.0
0.513809
0.0
1.00194
0.0
0.0
0.0
0.0
0.0
0.0
0.0
0.0
0.0
0.0
0.0
0.0
0.0
0.0
0.0
0.0
0.0
0.0
-0.937826
0.0
0.0
0.0
0.0
0.0
-0.523473
0.0
0.0
0.0
0.0
0.0
0.0
0.0
0.756451
0.0
0.0
0.0
0.0
0.0
0.0
0.0
0.0
-1.87938
0.0
0.0
0.0
0.0
0.0
0.0
0.0
0.0
0.0
0.0
0.523156
0.0
0.0
0.0
0.0
-0.905624
0.0
0.0
0.0
0.0
0.0
0.0
0.0
0.403286
0.0
0.0
0.0
0.0
0.0
0.0
0.0
0.0
0.0
0.0
0.0
0.0
0.0
0.0
1.21644
0.0
0.424833
0.0
0.0
0.0
0.0
0.0
-0.92635
0.0
0.0
-0.132039
0.0190685
0.601977
-0.525347
0.299416
-0.641279
0.0350861
-0.140713
0.685384
-0.938055
0.535663
-0.501078
0.509258
0.329537
-0.0919132
-0.242571
0.798134
0.0
0.0
0.0
0.0
0.0
0.0
0.0
0.0
0.0
0.0
0.0
0.0
0.0
0.0
0.0
0.550263
-0.29991
0.0161504
-0.319708
2.03454
-0.763293
0.25137
-0.195062
1.03952
-1.01383
0.488334
-0.507088
0.0373908
0.253913
-0.0988038
-0.169682
0.0
0.0
0.0
0.0
0.0
0.0
0.0
0.0
0.0
-0.332438
0.0
0.0
0.0
0.0
0.0
0.0
0.0
0.0
0.0
0.0
0.0
0.0
0.0
0.0
1.21491
0.0
0.0
0.0
-0.0615673
0.0
0.0
0.0
0.0
0.0
0.0
0.0
0.0
0.0
0.0
0.0
0.0
0.0
0.0
0.0
0.0
0.0
0.0
0.0
0.0
0.0
0.0
0.0
0.0
0.0
0.0
0.0
0.0
0.0
-0.601017
-0.408103
0.0
0.0
0.0
0.0
1.22672
3.24878
3.38938
-0.278566
0.932467
-1.54995
1.64551
0.620707
-0.277253
-1.12405
-0.00406933
-2.64156
1.53786
2.19671
0.516861
-0.256205
-0.85958
-3.18052
-4.22513
0.389191
-0.0182452
1.54142
-2.10136
0.791074
0.449787
1.41659
0.0642074
1.6215
-0.881644
-1.16087
-1.063
-0.00521881
-0.805556
1.46934
-0.863428
2.2035
0.176518
-2.13279
-0.0327326
-1.75595
-0.49623
0.8648
-0.300989
0.838296
0.665577
0.180317
1.93031
1.47574
0.278347
0.687407
0.526751
-1.17943
0.54546
4.18472
-1.63986
-2.04295
1.61665
-0.307815
-0.354959
-0.585394
-2.00916
0.65798
-0.153202
-2.27293
0.367124
0.0680242
-0.835682
-0.595132
0.914246
-0.0080813
-0.456144
1.41219
0.173229
0.292231
0.0600057
-1.02015
0.656935
1.03563
-0.979654
-0.261987
0.783837
0.113605
-0.909829
0.0300956
0.495202
1.39868
0.54091
0.443467
1.14564
-0.329818
0.0693872
1.31175
-0.402821
-1.39259
0.841896
1.13608
1.06005
-2.74432
1.70499
0.2035
0.741028
0.292675
-1.00908
-0.339043
-3.83301
0.659262
0.70017
0.532916
-0.559477
-0.224957
-0.525909
-0.910755
1.87321
0.395546
0.499282
0.141515
-1.11905
1.19606
-0.0877487
-1.0933
1.03469
-0.342034
0.411573
0.938943
0.259172
0.783929
-1.01898
0.602418
1.60552
-0.830441
-2.34059
0.304854
2.46879
-0.201006
-0.610144
1.34944
2.17612
-0.200432
-0.00122647
-0.232799
-0.935681
3.38974
-2.97181
2.11621
0.0524316
0.960129
1.96249
2.78298
2.2949
-1.61213
-0.888656
0.208364
2.324
-0.104547
-0.163266
-0.184211
-0.104491
0.244435
2.34522
2.22984
2.05405
-0.206032
1.85485
2.0692
1.7851
4.07862
1.48647
0.529654
-3.15193
-0.0429904
1.15443
0.660212
-0.305339
-5.03271
-0.418753
3.14114
0.381331
-0.292346
-0.392501
2.36361
-0.473789
4.54884
3.52046
-0.221602
-3.40078
0.38664
1.89638
-1.18436
1.1357
-0.122518
-1.13067
-1.60942
0.934627
-0.963129
-2.23038
-0.18937
-0.398409
-1.52509
3.93938
3.36117
-2.2477
0.726362
-0.26573
1.95062
-1.35552
-2.74803
3.31261
0.494226
-0.762747
0.908757
1.06018
0.423569
0.260905
-2.14093
-6.8229
-4.14635
-2.02971
-1.19606
-0.511006
-2.16073
1.62526
2.04539
-1.50646
0.281801
1.27391
-0.588852
0.0325696
-0.037321
0.304193
0.311946
0.0282706
2.33276
0.280166
2.18228
0.391321
-0.0391322
0.594794
-1.42374
-0.516761
-0.72674
-0.393014
0.148928
0.465977
0.346615
0.0171673
-1.29919
-0.349458
0.708585
4.35309
-2.81063
1.63376
-0.611663
0.631893
1.33002
-0.65449
0.183393
0.614523
0.0470587
-0.684391
-0.0210692
-0.26418
0.737523
0.69237
0.0882078
-0.237523
3.02003
-2.4979
0.53477
0.497834
-1.48375
-0.371987
-0.66464
-1.41962
1.24589
0.282619
0.268884
1.24636
-0.725112
-0.00481932
-1.72088
2.74685
-1.44417
3.2241
-2.41954
-0.152102
0.847876
-0.48536
-0.662472
-3.26922
2.63224
0.476754
0.257496
1.3294
1.75636
-2.24934
-0.801071
0.00583875
-0.20333
0.112118
-0.0165947
3.32666
-1.29981
2.92438
-0.588195
-2.182
-0.0490702
0.491324
0.236839
-0.177506
-2.16398
1.18211
1.29772
-0.351591
0.541396
-0.233659
-0.575355
-2.56939
-2.8489
-0.472292
-1.4719
1.08075
-3.36597
-0.292281
2.33514
0.12065
1.0936
-0.620825
-0.753428
-2.4903
0.61852
0.666866
0.435134
0.0800045
0.0901029
1.31866
-3.57135
0.728526
0.307546
-1.26498
-0.206936
-1.27209
0.236092
0.472113
0.986633
-1.83729
0.162152
-0.422015
-0.362315
0.348676
0.132721
-2.86539
2.15423
-0.885202
-2.42636
3.33724
-3.12838
-3.94867
-4.07514
-3.68175
-3.4358
-6.46331
-3.70986
-3.4773
-4.73478
0.685109
-0.277329
-4.39872
0.0910573
0.865377
-0.473071
-1.41931
-0.699663
6.307
-7.93265
2.86331
-4.02098
5.29724
-8.7953
-8.48245
-2.84346
-9.54302
6.39887
7.67596
-6.67439
-2.59715
3.07291
3.41975
3.28518
0.854266
-4.79875
-1.65429
-1.21697
-0.195315
-0.0312632
-2.17489
0.397158
1.46941
-0.103773
4.51532
-1.36891
0.00496461
-0.582405
-4.07752
0.259148
-0.986774
-1.64326
-6.67026
0.942197
-3.14536
1.57867
0.931248
0.127037
2.7942
0.362486
-0.631498
1.93094
-0.232194
-1.47069
-3.91452
-0.128865
