[293, 36, 36, 4]
0.0
0.0
0.0
0.0
0.0
0.0
0.0
0.0
0.0
0.0
0.0
0.0
0.0
0.0
0.0
0.0
0.0
0.0
0.0
0.0
0.0
0.0
0.0
0.0
0.0
0.0
0.0
0.0
0.0
0.0
0.0
0.0
0.0
0.0
0.0
0.0
0.0
0.0
-1.23817
0.0
0.0
0.0
0.0
0.0
0.0
0.0
0.0
0.0
0.0
0.0
-0.187492
0.0
0.0
-0.782373
0.0
0.0
0.0
0.0
0.0
0.594347
0.0
0.0
0.0
0.0
0.0
0.0
0.0
0.0
0.0
0.0
1.31708
0.0
0.0
0.0
0.0
0.0
1.79354
0.0
0.0
0.0
0.0
0.0
0.0
0.0
0.0
0.0
0.0
0.0
0.0
0.0
-1.06015
0.0
0.0
0.0
0.0
0.0
0.0
0.0
0.0
0.0
0.0
0.0
0.0
0.0
0.0
0.0
0.0
0.0
0.0
0.0
0.0
0.0
0.0
0.0
0.0
0.0
0.0
0.0
0.0
-0.0237137
0.0
0.0
0.0
0.0
0.0
0.0
0.0
0.0
0.0
0.0
-0.910429
0.0
0.0
0.0
0.0
0.0
0.0
0.0
0.0
0.0
0.0
0.0
0.459962
0.0
0.0
0.0
0.0
0.0
0.0
0.0
0.0
0.0
0.0
0.0
0.0
1.24718
0.0
0.0
0.0
0.0
0.0
0.0
0.0
0.0
0.0
0.0
0.0
0.0
0.0
0.0
0.0
0.0
0.0
0.0
0.0
0.0
0.0
0.0
0.0
0.0
0.0
0.0
0.0
0.0
0.0
0.0
-1.3024
0.0
0.0
0.0
0.0
0.0
0.0
0.0
0.0
0.0
0.0
0.0
0.0
0.0
0.0
0.0
0.0
0.0
0.509405
0.0
0.0
0.0
0.0
0.0
0.0
0.0
0.0
0.0
0.0
0.0
0.0390762
0.568082
-0.54693
-0.00104241
0.0148637
0.0621294
-0.222227
1.03299
1.29861
-0.225336
-0.31379
-0.0642067
-0.435313
-0.278047
0.21717
0.000591076
1.62876
-0.083043
0.015028
0.150564
-1.30325
-0.0557226
0.682275
0.503493
0.333974
0.205731
-0.0756568
0.0761978
-0.00906169
-0.0336226
0.833527
0.0442814
0.0131184
-0.667502
-0.231474
-0.583449
0.0
0.0
0.0
0.0
0.0
0.0
0.0
0.0
0.0
0.0
0.0
0.0
0.0
0.0
0.0
0.0
0.0
0.0
0.0
0.0
0.0
0.0
0.0
0.0
0.0
0.0
0.0
0.0
0.0
0.619058
0.0
0.0
0.0
0.0
0.0
0.0
-4.84843e-05
0.0803053
-0.618312
1.9288
-0.0265786
0.260115
-0.0533321
0.266657
0.509889
-0.287928
-0.358883
1.06872
-0.258167
0.0038296
0.324127
-0.000195522
-0.161042
-0.13153
-0.000166624
0.662952
-1.12195
0.152871
-0.434424
0.241912
0.175815
-0.712385
-0.39036
0.0586272
-0.0276805
0.22624
0.662055
-0.00143024
1.8132e-05
-1.08807
0.347385
-0.875854
0.0
0.0
0.0
0.0
0.0
0.0
0.0
0.0
0.0
0.0
0.0
0.0
0.0
0.0
0.0
0.0
0.0
0.0
0.0
0.0
-1.87257
0.0
0.0
0.0
0.0
0.0
0.0
0.0
0.0
0.0
0.0
0.0
0.0
0.0
0.0
0.0
-0.025298
-0.0360897
-0.432797
-0.000155871
0.0148687
0.227601
-0.180747
0.16098
0.557993
-0.590395
0.44303
0.70821
-0.343765
-0.187155
0.631404
0.00293527
-0.34285
0.238913
0.0060973
0.792012
-0.724558
0.240605
-0.310406
0.536039
0.0277884
-0.605418
-0.305254
0.0409289
-0.0842629
-0.113459
0.340411
-0.0115079
-0.00681608
-0.75991
-0.146647
-0.90978
0.0
0.0
0.0
0.0
0.0
0.0
0.0
0.0
-0.329784
0.0
0.0
0.0
0.0
0.0
0.0
0.0
0.0
0.0
0.0
0.0
0.0
0.0
0.0
0.0
0.0
0.0
0.0
0.0
0.0
0.0
-1.38695
0.0
0.0
0.0
0.0
0.0
0.0
0.0
0.0
0.0
0.0
0.0
0.0
0.0
0.0
0.0
0.0
0.0
0.0
0.0
0.0
0.0
0.0
0.0
0.0
0.0
0.0
0.0
0.0
0.0
0.0
0.0
0.0
0.0
0.0
0.0
0.0
0.0
0.0
0.0
0.0
0.0
0.0
0.0
0.0
0.0
0.0
0.0
0.0
0.0
0.0
0.0
0.0
0.0
0.0
0.0
0.0
0.0
-0.733492
-1.06035
0.0
0.0
0.0
0.536569
0.0
0.0
0.0
0.0
0.0
0.0
0.0
0.0
0.0
0.0
0.0
-1.34468
0.0
0.0
0.0
0.0
0.0
0.0
0.0
0.0
0.0
0.0
0.0
0.0
0.0
0.0
0.0
0.0
0.0
0.0
0.0
0.0
0.0
0.0
0.0
0.0
0.0
0.0
0.0
0.0
0.0
0.0
0.0
0.0
0.0
0.0
0.0
0.0
0.0
0.0
0.0
0.0
0.0
0.0
0.0
0.0
0.0
0.0
0.0
0.0
0.0
0.0
0.0
0.0
0.0
0.0
0.0
0.0
0.0
0.0
1.51423
0.0
0.0
-0.628169
0.0
0.0
0.0
0.0
0.0
0.0
0.0
0.0
0.0
0.0
0.0
0.0
1.19915
0.0
0.0
0.0
0.0
0.0
0.0
0.0
0.0
0.0
0.0
0.0
0.0
0.0
0.0
0.0
0.0
0.0
0.0
0.0
0.0
0.0
0.0
0.0
0.0
0.0
0.0
0.0
0.0
0.0
0.0
-1.28517
0.0
0.0
0.0
0.0
0.0
0.0
0.0
0.0
0.0
0.0
0.0
0.0
0.0
0.0
0.0
0.0
0.0
0.0
0.0
0.0
0.0
0.0
0.0
0.0
0.0
0.0
0.0
0.0
0.0
-0.455625
0.0
0.0
-0.242684
0.0
0.0
0.0
0.0
0.0
0.0
0.0
0.0
0.0
0.0
0.0
0.0
0.0
0.0
0.0
0.0
0.0
0.0
0.0
0.0
0.0
0.0
0.0
0.0
0.0
0.0
0.0
0.0
0.0
0.0
0.0
0.0
0.0
0.0
0.0
0.0
0.0
0.0
0.0
0.0
0.0
0.0
0.0
0.0
0.0
0.0
0.0
0.0
0.0
0.0
0.0
0.0
0.0
0.0
0.0
0.0
0.0
0.0
0.0
0.0
0.0
0.0
0.0
0.0
0.0
0.0
0.0
0.0
0.0
0.0
1.06981
0.0
0.0
0.0
0.0
0.0
0.0
1.67664
0.0
0.0
0.0
0.0
0.0
0.0
0.0
0.0
0.0
0.0
0.0
0.0
0.0
0.0
0.0
0.0
0.0
0.0
0.0
0.0
0.0
0.0
0.0
0.0
0.0
0.0
0.0
0.0
0.0
0.0
0.0
0.0
0.0
0.0
0.0
0.0
0.0
0.0
0.0
0.0
0.0
0.0
0.0
0.0
0.0
0.0
0.0
0.0
0.0
0.0
0.0
0.0
0.0
0.0
0.0
0.0
0.0
0.0
0.0
0.0
0.0
0.0
0.0
0.0
0.0
0.0
0.0
0.0
0.0
0.0
0.0
2.13848
0.0
0.0
0.0
0.0
0.0
0.0
0.0
0.0
0.0
0.0
0.0
0.0
0.0
0.0
0.0
0.0
0.0
0.0
0.0
0.0
0.0
0.0
0.0
0.0
0.0
0.0
0.0
-1.66419
0.0
0.0
0.0
0.0
0.0
0.0
0.0
0.0
0.0
0.0
0.0
0.0
0.0
0.0
0.0
0.0
0.0
0.0
0.0
0.0
-0.747796
0.0
0.0
0.0
0.0
0.0
0.0
0.0
0.0
0.0
0.0
-1.08889
0.0
0.0
0.0
0.0
0.0
0.0
0.0
0.0
0.0
0.0
0.622727
0.0
0.0
0.0
0.0
0.0
0.0
0.0
0.0
0.0
0.0
0.0
0.0
-0.53519
0.0
0.0
0.0
0.0
0.0
0.0
0.0
0.0588631
0.0
0.0
0.0
0.0
0.0
0.0
0.0
0.0
0.0
0.0
0.0
0.0
0.0
0.0
0.0
0.0
0.0
0.0
-1.78646
0.0
0.0
0.0
0.0
0.0
0.0
0.0
0.0
0.0
0.0
0.0
0.0
-1.30062
0.0
0.0
0.0
0.0
0.0
0.0
0.0
0.0
0.0
0.0
0.0
0.0
0.0
0.0
0.0
0.0
0.0
0.0
0.0
0.0
0.0
0.0
0.0
0.0
0.0
0.0
0.0
0.0
0.0
0.0
0.0
0.0
0.0
0.0
0.0
0.0
0.0
0.0
0.868363
0.0
0.0
0.0
0.0
0.0
0.0
0.0
0.0
0.0
0.0
0.0
0.0
0.0
-0.720221
0.0
0.0
0.0
0.0
0.0
0.0
0.0
0.0
0.0
0.0
0.0
0.0
0.0
0.0
0.0
0.0
0.0
0.0
0.0
0.0
0.0
0.0
0.0
0.0
0.0
0.0
0.0
0.0
0.0
0.0
0.0
0.0
0.0
0.0
0.0
0.0
0.0
0.0
0.0
0.0
0.0
0.0
0.0
0.0
0.0
0.0
0.0
0.0
0.0
0.0
0.0
0.0
0.0
0.0
0.0
0.0
0.0
0.0
0.0
0.0
0.0
0.0
0.0
0.0
0.0
0.0
0.0
0.0
1.23277
0.0
0.0
0.0
0.0
0.0
0.0
0.0
0.0
0.0
0.0
0.0
0.0
0.0
0.0
0.0
0.462362
0.0
0.0
0.0
0.0
0.0
0.0
0.0
0.0
0.0
0.0
0.0
0.0
0.0
0.0
0.0
0.0
0.0
0.0
0.0
0.0
0.0
0.0
0.0
0.0
0.0
0.0
0.0
0.0
0.0
0.0
0.0
0.0
0.0
0.0
0.0
0.0
0.0
0.0
0.0
0.0
-0.717653
0.0
0.0
0.0
0.0
0.0
0.0
0.0
0.0
0.0
0.0
0.0
0.0
0.0
0.0
0.0
0.0
0.0
0.0
0.0
0.0
0.0
0.0
0.0
0.0
0.0
0.0
0.0
0.0
0.0
0.0
0.0
0.0
0.0
0.0
0.0
0.0
0.0
0.0
0.0
0.0
0.0
0.0
0.109457
0.0
0.0
0.0
0.0
0.0
0.0
0.0
0.0
0.0
0.0
0.0
0.0
0.0
0.0
0.0
0.0
0.0
0.0
0.0
0.0
0.0
0.0
0.0
0.0
0.0
0.0
0.0
0.0
-1.6924
0.0
0.0
0.0
1.32077
0.0
0.0
0.0
0.0
0.0
0.0
0.0
0.0
0.0
0.0
0.0
0.0
0.0
0.0
-0.133673
0.0
0.0
0.0
0.0
0.0
0.0
0.0
0.0
0.0
0.0
0.0
0.0
0.0
0.0
0.0
0.0
0.0
0.0
0.0
0.0
0.0
0.0
0.0
0.0
0.0
0.0
0.0
0.0
0.0
0.0
0.0
0.0
0.0
0.0
-0.296355
0.0
0.0
0.0
0.0
0.0
0.0
-0.787887
0.0
0.0
0.0
0.567502
0.0
0.0
0.0
0.0
0.0
0.0
0.0
0.0
0.0
0.0
0.0
0.0
0.0
0.0
0.0
0.0
0.0
0.0
0.0
0.0
0.0
0.0
0.0
0.0
0.0
0.0
0.0
0.0
0.0
0.0
0.256366
0.0
0.0
0.0
0.0
0.0
0.0
0.0
0.0
0.0
0.0
0.0
0.0
0.0
0.0
0.0
0.0
0.0
0.0
0.0
0.0
0.0
0.0
0.0
0.0
0.0
0.0
0.0
0.0
0.0
0.0
0.0
0.0
0.0
0.0
0.0
0.0
0.0
0.0
0.0
0.0
0.0
0.0
0.0
0.0
0.0
0.0
0.0
0.0
0.0
0.0
0.0
0.0
0.0
0.0
0.0
0.0
0.0
0.0
0.0
0.0
0.0
0.0
0.0
0.0
0.0
0.0
0.0
0.0
0.0
0.0
-0.0268258
-0.125664
-0.16198
-0.000760605
-0.0251595
-0.163929
0.560468
1.14178
0.738546
-0.019562
-0.660007
-0.104735
-0.126847
-0.215765
0.206099
0.00396592
0.743937
-0.260849
-0.00245882
0.541483
-0.92375
0.0551364
-0.227221
-0.206362
0.0908334
0.258864
-0.202824
0.0747443
-0.282684
-0.0654396
0.712918
0.0331265
0.00707599
-1.42331
0.157188
-0.388742
0.0
0.0
0.0
0.0
0.0
0.0
0.0
0.0
0.0
0.0
0.0
0.0
0.462355
0.0
-0.467293
-2.62068
0.0
0.0
0.0
0.0
0.0
0.0
0.0
0.0
0.0
0.0
0.0
0.0
0.0
0.0
0.0
0.0
0.0
0.0
0.0
0.0
0.0
0.0
0.0
0.0
0.0
0.0
0.0
0.0
0.0
0.0219956
0.0
0.0
0.0
0.0
0.0
0.0
0.0
0.0
0.0
0.0
0.0
0.0
0.0
0.0
0.0
0.0
0.0
0.0
0.0
0.0
0.0
0.0
0.0
0.0
0.0
0.0
0.0
0.0
0.0
0.0
0.0
0.0
0.0
0.0
0.0
0.0
0.0
0.0
0.0
0.0
0.0
0.0
0.0
0.0
0.0
0.0
0.0
0.0
0.0
0.0
0.0
0.0
0.0
0.0
0.0
0.0
0.0
0.0
0.0
-0.338363
0.0
0.0
0.0
0.0
0.0
0.0
0.0
0.0
0.0
0.0
0.0
0.0
0.0
0.0
0.0
0.0
0.0
0.0
0.0
-0.482087
0.0
0.0
0.0
0.0
0.0
0.0
0.0
0.0
0.0
0.0
0.0
0.0
0.0
0.0
0.0
0.0
0.0
0.0
0.0
0.0
0.0
0.0
0.0
0.0
0.0
0.0
0.0
0.0
0.0
0.0
0.0
0.0
0.0
0.0
0.0
0.0
0.0
0.0
0.0
0.0
0.0
0.0
0.0
0.0
-0.218695
0.0
0.0
0.0
0.0
0.0
0.0
0.0
0.0
0.0
0.0
0.0
0.0
0.0
0.0
0.0
0.0
0.0
0.0
0.0
0.0
0.0
0.0
0.0
0.275559
0.0
0.0
0.0
0.0
0.0
-0.582552
0.0
0.0
0.0
0.0
0.0
0.0
0.0
-0.00495796
-0.431118
0.0
0.0
0.0
0.0
0.0
0.0
0.0
0.0
0.0
0.0
0.0
0.0
0.0
0.0
0.0
0.0
0.0
0.0
0.0
0.0
0.0
0.0
0.0
0.0
0.0
0.0
0.0
0.0
0.0
0.0
0.0
0.0
0.0
0.0
0.0
0.0
0.0
0.0
0.0
0.0
0.0
0.0
0.0
0.0
0.0
0.0
0.0
0.0
0.0
0.0
0.0
0.0
0.0
0.0
0.0
0.0
0.0
0.0
0.0
0.0
0.0
0.0
0.0
0.0
0.0
0.0
0.0
0.0
0.0
0.0
0.0
0.0
0.0
0.0
0.0
0.0
0.0
0.0
0.0
0.0
0.0
0.0
0.0
0.0
0.0
0.0
0.0
0.0
0.0
0.0
0.0
0.0
0.0
0.0
0.0
0.0
0.0
0.0
0.0
0.0
0.0
0.0
0.0
0.0
0.0
0.0
0.0
-0.00186097
0.561524
0.0
0.0
0.0
0.0
0.0
0.0494832
0.0909975
0.614922
0.00177152
0.0102187
0.268336
-0.520042
-0.263948
-0.360954
0.0398376
0.445831
0.597744
-0.177465
-0.0775113
0.365993
0.00358875
-0.905025
0.561072
-0.878734
1.1856
-0.685211
0.245135
0.278461
0.140377
-0.0234199
-0.480319
-0.207505
0.0627131
0.0540147
0.232369
0.0615772
-0.0929374
-0.0104608
0.68705
-0.211052
0.367065
0.0
0.0
0.0
0.0
0.0
0.0
0.0
0.0
0.0
0.0
0.0
0.0
0.0
0.0
0.0
0.0
0.0
0.0
0.0
0.0
0.0
0.0
0.0
0.0
0.0
0.0
0.0
0.0
0.0
0.0
0.0
0.0
0.0
0.0
0.0
0.0
0.0
0.0
0.0
0.0
0.0
0.0
0.0
0.0
0.0
0.0
0.0
0.0
0.0
0.0
0.0
0.0
-0.270593
0.0
0.0
0.0
0.0
0.0
1.07367
0.0
0.0
0.0
0.0
0.0
0.0
0.0
0.0
0.0
0.0
0.0
0.0
0.0
0.0
0.0
0.0
0.0
0.0
0.0
0.0
0.0
0.0
0.0
0.0
0.0
0.0
-0.106124
0.0
0.0
0.0
0.0
0.0
1.5619
0.0
-1.13516
0.0
0.0
0.0
0.0
0.0
0.0
0.0
0.0
0.0
0.0
0.0
0.0
0.0
0.0
0.0
0.0
0.0
0.0
0.0
0.0
0.0
0.114718
0.0
0.0
0.0
0.0
0.0
0.0
0.0
-0.0271344
0.0
0.0
0.0
0.0
0.0
0.0
0.0
0.0
0.0
0.0
0.0
0.0
0.0
0.0
0.0
-0.190545
0.0
0.0
-1.10015
0.0
-2.17476
0.0
0.0
0.0
0.0
0.0
-0.652199
0.0
0.0
0.0
1.67534
0.0
0.0
0.0
0.0
0.0
0.0
0.0
0.0
0.0
0.0
-1.12672
0.0
0.0
0.0
0.0
0.0
0.0
0.0
0.0
0.0
0.0
0.0
0.0
0.0
0.0
0.0383423
-0.272054
-0.263959
-1.59671e-05
0.0158841
-0.189055
0.781827
1.58704
0.348621
-0.996031
-0.955473
0.0684307
-0.0618672
-0.336071
0.149673
-0.000803652
0.896643
-0.373447
-0.00891819
1.158
-0.920698
-0.118504
-0.362713
-0.506705
0.134529
0.411094
-0.254585
-0.0454048
-0.0117975
0.094426
0.642069
0.0239555
-0.0029327
-2.98571
0.48343
-0.637025
0.0
0.0
0.0
0.0
0.0
0.0
0.0
0.0
0.0
0.0
0.0
0.0
0.0
0.0
0.0
0.0
0.0
0.0
0.458055
0.0
0.0
0.0
0.0
0.0
0.0
0.0
0.0
0.0
0.0
0.0
0.0
0.0
0.0
0.0
0.0
0.12528
0.0
0.0
0.0
-0.766321
0.0
0.0
0.0
0.0
0.0
0.0
0.0
0.0
0.0
0.0
0.0
0.0
0.0
0.0
0.0
0.0
0.0
0.0
0.0
0.0
0.0
0.924438
0.0
0.0
0.0
0.0
0.0
0.0
0.0
-0.487147
0.0
0.0
-0.728579
0.0
0.0
0.0
0.0
0.0
0.0
0.0
0.0
0.0
0.0
0.0
0.0
0.0
0.0
-0.975836
0.0
0.0
0.0
0.0
0.0
0.0
0.0
0.0
0.0
0.0
0.0
0.0
0.0
0.0
0.0
0.0
0.0
0.0
0.0
0.0
0.0
0.0
0.0
0.0
0.0
0.0
0.0
0.0
0.0
0.0
0.0
0.0
0.103745
0.0
0.0
0.0
0.0
0.0
0.0
0.0
0.0
0.0521793
0.0
0.0
0.0
0.0
0.0
0.0
0.0
0.0
0.0
0.0
0.0
0.0
0.0
0.0
0.0
0.0
0.0
0.0
0.0
0.0
0.0
0.0
0.0
0.0
0.0
0.0
0.0
0.0
0.0
2.67832
0.0
0.0
1.54445
0.0
0.0
0.0
0.0
0.0
0.0
0.0
0.0
0.0
0.0
-0.360132
0.0
0.0
0.0
0.0
0.0
0.0
0.0
-1.65069
-0.734858
0.0
0.0
0.0
0.0
0.0
0.0
0.0
0.0
0.0
0.0
0.0
0.0
0.0
0.0
0.0
0.0
0.0
0.0
0.0
0.0
0.0
-0.0322524
0.0
0.0
0.0
0.0
0.0
0.0
0.0
0.0
0.0
0.0
0.0
0.0
0.0
0.0
0.0
0.0
0.0
0.0
0.0
0.0
0.0
0.0
0.0
0.0
0.0
0.0
0.0
0.0
0.0
0.0
0.0
0.0
0.0
0.0
-0.209322
0.0
0.0
0.0
0.0
0.0
0.0
0.0
0.0
0.0
0.0
0.0
0.0
0.0
0.0
0.0
0.0
0.0
0.0
0.0
0.0
0.0
0.0
-1.25086
0.0
0.0
0.0
0.0
0.0
0.0
0.0
0.0
0.0
0.0
0.0
0.0
0.0
0.0
0.0
0.0
0.0
0.0
0.0
0.0
0.0
0.0
0.0
0.0
0.0
0.0
0.0
0.0
0.0
0.0
0.0
1.97329
0.0
0.0
0.0
0.0
0.0
0.0
0.0
0.0
0.0
0.0
0.0
0.0
0.0
0.0
0.0
0.0
0.0
0.0
0.0
0.0
0.0
0.0
0.0
0.0
0.0
0.0
0.0
0.0
0.0
0.0
0.0
0.0
0.0
0.0
0.0
0.0
0.0
0.0
0.0
0.0
0.0
0.0
0.0
0.0
0.0
0.0
0.0
0.0
0.0
0.0
0.0
0.0
0.0
0.0
0.0
0.0
0.0
0.0
0.0
0.0
0.0
0.0
0.0
0.0
0.0
0.0
0.0
0.0
0.0
0.0
0.0
0.0
0.0
0.0
2.03854
0.0
0.0
0.0
0.0
0.0
0.0
0.0
0.0
0.0
0.0
0.0
0.0
0.0
0.0
0.0
0.205121
0.0
0.0
0.0
0.0
0.0
0.0
0.0
0.0
0.0
0.0
-0.0180961
0.12961
0.637332
0.00244729
0.00934684
0.505929
-0.592251
-1.51872
-0.454812
0.000337937
0.554363
0.442777
0.671812
0.538974
-0.521964
0.00301596
-0.385973
0.564324
-0.00329336
1.16993
-0.560926
0.175408
0.75034
-0.0662653
-0.456085
-0.675835
-0.396931
-0.332682
0.235918
-0.0718395
0.347674
0.0571467
-0.00711679
0.720323
0.70389
-0.205921
0.0
0.0
0.0
0.0
0.0
0.0
0.0
-1.06537
0.0
0.0
0.0
0.0
-1.13206
0.0
0.0
0.0
0.0
0.0
0.0
0.0
0.0
0.0
0.0
0.0
0.0
-0.159502
0.0
0.0
0.0
0.0
0.0
0.0
0.0
0.0
0.0
0.0
-0.654338
0.0
0.0
0.0
0.0
0.0
0.0
0.0
0.0
0.0
0.0
0.0
0.0
0.0
0.0
0.0
0.0
0.0
0.0
0.0
0.0
0.0
0.0
0.0
0.0
0.0
0.0
0.0
0.0
0.0
0.0
0.0
0.0
0.0
0.0
0.0
0.0
0.0
0.0
0.0
0.0
0.0
0.0
0.0
0.0
0.0
0.0
0.0
0.0
0.0
0.0
0.0
0.0
0.0
0.0
0.0
0.295418
0.0
0.0
0.0
0.0
0.0
0.0
0.0
0.0
0.0
0.0
0.0
-1.5047
0.0
0.0
0.0
0.0
0.0
0.0
0.0
0.0
0.305205
0.0
0.0
0.0
0.0
0.0
2.03581
0.0
0.0
0.0
0.0
0.0
0.0
0.0
0.0
0.0
0.0
0.0
0.0
0.0
0.0
0.0
0.0
0.0
0.0
0.0
-0.225381
0.0
0.0
0.0
0.0
0.0
0.0
0.0
0.0
0.0
0.0
0.0
0.0
0.0
0.0
0.0
0.0
0.0
0.0
0.0
0.0
0.0
0.0
0.0
0.0
0.0
0.0
0.0
0.0
0.0
0.0
0.0
0.0
0.0
0.0
0.0
0.0
0.0
0.0
0.0
0.0
0.0
0.0
0.0
0.0
0.0
0.0
0.0
0.0
0.0
0.0
0.0
0.0
0.0
0.0
0.0
0.0
0.0
0.0
0.0
0.0
0.0
0.0
0.0
0.0
0.0
0.0
0.0
0.0
-0.153468
0.0
0.0
0.0
0.0
0.0
0.0
0.0
0.0
0.0
0.0
0.0
0.405759
0.0
0.0
0.0
0.0
0.0
0.0
0.0
0.0
0.0
0.0
0.0
0.0
0.0
0.0
0.0
0.0
0.0
0.0
0.0
0.0
0.0
0.0
0.0
0.0
0.0
0.0
0.0
-1.18551
0.0
-1.95994
0.0
-0.950366
0.0
0.0
0.0
-0.323377
0.0
0.0
0.0
0.0
-1.43693
0.0
0.0
0.0
0.0
0.0
0.0
0.0
0.0
0.0
0.0
0.0
0.0
0.0
0.0
0.0
0.0
-0.775536
0.0
0.0
0.0
-1.24696
0.0
0.0
0.0
0.0
0.0
0.0
0.0
0.0
-1.3757
0.0
0.0
0.0
0.0
0.0
0.0
0.0
0.0
0.0
0.0
0.0
0.0
0.0
0.0
0.0
0.0
0.0
0.0
0.0
0.0
0.0
0.0
0.0
0.0
0.0
0.0
0.0
0.0
0.0
0.0
0.0
0.0
0.0
0.0
0.0
0.0
-1.05303
0.0
0.0
0.0
0.0
0.0
0.0
0.0
0.0
0.0
0.0
0.0
0.0
0.0
0.0
0.0
0.0
0.0
0.0
0.0
0.0
0.0
0.0
0.0
0.0
0.0
0.0
0.0
0.0
0.0
0.0
0.0
0.0
0.0
0.0
0.0
0.0
0.0
0.0
0.0
0.0
0.0
0.0
0.0
0.0
0.0
0.0
0.0
0.0
0.0
0.0
0.0
0.0
0.0
0.0
0.0
0.0
0.29602
0.0
0.0
0.299977
0.0
0.0
0.0
-3.28263
0.0
0.0
0.0
0.0
0.0
0.0
0.0
0.0
0.0
0.0
0.0
0.0
0.0
0.0
0.0
0.0
0.0
0.0
-1.18523
0.0
0.0
0.0
0.0
0.0
0.0
0.0
0.0
0.0
0.0
0.0
0.0
0.0
0.0
0.0
0.0
0.0
0.0
0.0
0.0
0.0
0.0
0.0
0.0
0.0
0.0
0.0
0.0
0.929001
0.0
0.0
0.0
0.0
0.0
0.0
0.201813
0.0
0.0
-0.873674
0.0
0.0
0.0
0.0
0.0
0.0
0.0
0.0
0.0
0.0
0.0
0.0
0.0
0.0
0.0
0.0
0.0
0.0
0.0
0.0
0.0
0.0
0.0
0.0
-0.218488
0.0
0.0
0.0
0.0
0.0
0.0
0.0
0.0
0.0
0.0
0.0
0.0
0.0
0.0
0.0
0.0
-0.229285
0.0
0.0
0.575987
0.0
0.0
0.0
0.0
0.0
0.0
0.0
0.0
0.0
0.0
0.0
0.0
0.0
0.0
0.0
0.0
0.0
0.0
0.0
0.0
0.0
0.0
0.0
0.0
0.0
0.0
0.0
0.0
0.0
0.0
0.0
0.0
0.448433
0.0
0.0
2.71383
0.0
0.0
0.0
0.0
0.0
0.0
0.0
0.0
0.0
0.0
0.0
0.0
0.0
0.0
0.0
0.0
0.0
0.0
0.0
0.0
0.0
0.0
0.0
0.0
0.0
0.0
0.0
0.0
0.0
0.0
0.0
0.0
0.0
0.0
0.0
0.0
0.0
0.0
0.0
0.0
0.0
0.0
0.0
0.0
0.0
0.0
0.0
0.0
0.0
0.0
0.0
0.0
0.0
0.0
0.0
0.0
0.0
2.94041
0.0
0.0
0.0
0.0
0.0
0.0
0.0
0.0
0.0
0.0
0.0
0.0
0.0
0.0
0.0
0.0
0.0
0.0
0.0
0.0
0.0
0.0
0.0
0.0
0.0
0.0
0.0
0.0
0.0
0.0
0.0
0.0
0.0
0.0
0.0
0.0
0.0
0.0
0.0
0.0
0.0
0.0
0.0
0.0
0.0
0.0
0.0
0.0
0.0
0.0
0.0
0.0
0.0
0.0
0.0
0.0
0.0
0.0
0.0
0.0
0.0
0.0
0.0
0.0
0.0
0.0
0.0
0.0
0.0
0.0
0.0
0.0
0.0
0.0
0.0
0.0
0.0
0.0
-0.571209
0.0
0.0
0.0
0.0
0.0
0.0685644
0.0
0.0
0.0
0.0
0.0
0.0
0.0
0.0
0.0
0.0
0.0
0.0
0.0
0.0
0.0
0.0
0.0
0.0
0.0
0.0
0.0
0.0
0.0
0.0
0.0
0.0
0.0
0.0
0.0
0.0
0.0
0.0
0.0
0.0
0.0
0.0
0.0
0.0
0.0
0.0
-0.306303
0.0
0.0
0.0
0.0
0.0
0.0
0.0
0.0
0.0
0.0
0.0
0.0
0.0
-1.11883
0.0
0.0
0.0
1.15632
0.0
0.0
0.0
0.0
0.0
0.0
0.0
0.0
0.0
0.0
0.0
0.0
0.0
0.0
-0.130873
0.0
0.0
0.0
0.0
0.0
0.0
0.0
0.0
0.0
0.0
0.0
0.0
0.0
0.0
0.0
0.0
0.0
0.0
-0.514672
0.0
0.0
-0.477624
0.0
0.0
0.0
0.0
0.0
0.0
0.0
2.23548
0.0
0.0
0.0
-0.190007
0.0
0.0
0.0
0.0
0.0
0.0
0.0
0.0
0.0
0.0
0.0
0.0
0.0
0.0
0.0
0.0
0.0
0.0
0.0
0.0
0.0
0.0
0.0
0.0
0.0
0.0
0.0
0.0
1.46691
0.0
0.915212
0.0
0.0
0.0
0.0
0.0
0.0
0.0
0.0
0.0
0.0
0.0
0.0
0.0
0.0
0.0
0.0
0.0
0.0
0.0
0.0
0.0
0.0
0.0
1.08756
0.0
0.0
0.0
0.0
0.0
0.0
0.0
-1.6359
0.0
0.0
0.0
0.0953897
0.0
0.0
0.0
0.0
0.0
0.0
0.0
0.0
0.0
0.0
0.0
0.0
0.0
0.0
0.0
0.0
0.0
0.0
0.0
0.0
0.0
0.0
0.0
0.0
0.0
0.0
0.0
0.0
0.0
0.0
0.0
0.0
-0.816376
0.0
0.0
0.56973
0.0
0.0
0.0
0.0
0.0
0.0
0.0
0.0
0.0
0.0
0.0
0.0
0.0
1.18305
0.0
0.0
0.0
0.0
0.0
0.0
0.0
0.0
0.0
0.0
0.0
0.0
0.0
0.0
0.0
0.0
0.0
0.0
0.0
0.0
0.0
0.0
0.0
0.0
0.0
0.0
0.0
0.0
0.0
0.0
0.0
0.0
0.0
0.0
0.0
0.0
0.0
0.0
0.372563
0.0
0.0
0.0
0.0
0.0
0.0
0.0
0.0
0.0
0.0
0.0
0.0
0.0
1.03076
0.0
0.0
0.0
0.0
0.0
0.0
0.0
0.0
0.0
0.334155
0.0
0.0
0.0
0.0
1.49541
0.0
0.566422
0.0
0.0
0.0
0.0
0.0
-0.687334
0.0
0.0
0.0
0.0
0.0
0.0
0.0
0.0
0.0
0.0
0.0
0.0
0.0
0.0
0.0
0.0
0.0
0.0
0.0
0.0
0.0
0.0
0.0
0.0
0.0
0.0
0.0
0.0
0.0
0.0
0.0
0.0
0.0
0.0
0.0
0.0
0.0
0.0
0.0
0.0
0.0
0.0
0.0
0.0
0.0
0.0
0.0
0.0
0.0
0.0
0.0
0.0
0.0
0.0
0.0
0.0
0.0
0.0
0.0
0.0
0.0
0.0
0.0
0.0
0.0
0.316998
0.0
0.0
0.0
0.0
0.0
0.0
0.0
0.0
0.0
0.0
0.0
0.0
0.0
0.0
0.0
0.0
0.0
0.0
0.0
0.0
0.0
0.0
0.0
0.0
0.0
0.0
0.0
0.0
0.0
0.0
0.0
0.0
0.0
0.0
0.0
0.0
0.0
0.0
0.0
0.0
0.0
0.0
-1.43383
0.0
0.0
0.0
0.0
0.0
0.0
0.0
-0.282441
0.0
0.0
0.0
0.0
0.0
0.0
-0.902256
0.0
0.0
0.0
0.0
0.0
-0.792158
0.0
0.0
0.0
0.0
0.0
0.0
0.0
0.0
0.0
-0.00494868
0.0
0.0
0.0
0.0
0.0
0.0
0.0
0.0
0.0
0.0
0.0
0.0
0.0
0.0
0.0
0.0
0.0
0.0
0.0
0.0
0.0
0.0
0.0
0.0
0.0
0.0
0.0
0.0
0.0
0.0
0.0
0.0
0.0
0.0
0.0
0.67547
0.0
0.0
0.0
0.0
0.0
0.0
0.0
0.0
0.0
0.0
0.0
0.0
0.0
0.0
0.0
0.0
0.0
0.0
0.0
0.0
0.0
0.0
0.0
0.0
0.0
0.0
0.0
0.0
0.0
0.0
0.0
0.0
0.0
0.0
0.0
0.0
0.0
0.0
0.0
0.0
0.0
0.0
0.0
0.0
0.0
0.0
0.0
0.0
0.0
0.0
0.0
0.0
0.0
0.0
0.0
0.0
0.0
0.0
0.0
0.0
0.0
0.0
0.0
-0.428841
0.0
0.0
0.0
0.0
0.0
0.0
0.0
0.0
0.0
0.0
0.0
0.0
0.0
0.0
0.0
0.0
0.0
0.0
0.0
0.0
0.0
0.0
0.0
-0.471668
-0.772097
0.0
0.0
0.0
0.0
0.0
0.0
0.0
0.238842
0.0
0.0
0.0
0.0
0.0
0.0
0.0
0.0
0.0
0.0
0.0
0.0
0.0
0.0
0.0
0.0
0.0
0.0
0.0
0.0
0.0
0.0
0.0
0.881969
0.0
0.0
0.0
0.0
0.0
0.0
0.0
0.0
0.0
0.0
0.0
0.0
0.0
0.0
0.0
0.0
0.0
0.0
0.0
0.0
0.0
0.0
0.0
0.00909163
-0.302711
-0.0495647
-0.00147812
1.28054
-0.0799644
0.592966
1.37245
0.901183
-0.0209108
-1.03913
-0.53101
-0.138351
-0.0769831
-0.083257
-0.0022408
1.07501
-0.266555
0.403235
0.231964
-0.643236
0.209802
-0.340667
-0.397684
0.0926696
0.240431
-0.295366
-1.40198
-0.0271513
0.149714
0.725246
0.581927
-0.00962673
-1.35121
0.208342
-0.313752
0.0
0.0
0.0
0.0
0.0
0.0
0.0
0.0
0.0
0.0
0.0
0.0
0.0
0.0
0.0
0.0
0.0
0.0
0.0
0.0
0.0
0.0
0.0
0.0
0.0
0.0
0.0
0.0
0.0
0.0
0.0
0.0
0.0
0.0
0.0
0.0
0.0
0.0
0.0
0.0
0.0
0.0
0.0
0.0
0.0
0.0
0.0
0.0
0.0
0.0
0.0
0.0
0.0
0.0
0.0
0.0
0.0
0.0
0.0
0.0
0.0
0.0
0.0
0.0
0.0
0.0
0.0
0.0
0.0
0.0
0.0
0.0
0.662632
0.0
0.0
0.0
0.0
0.0
0.0
0.0
0.0
0.0
1.61094
0.0
0.0
0.0
-0.706148
0.0
0.0
0.0
0.0
0.0
0.0
0.0
0.0
0.0
0.0
0.0
0.0
-0.0896077
0.0
0.0
0.0
0.0
0.0
0.0
0.0
0.0
0.0
0.0
0.0
0.0
0.0
0.0
0.0
0.0
0.0
0.0
0.0
0.0
0.0
0.0
0.0
0.0
-1.66437
0.0
0.0
0.638811
0.0
0.0
0.0
0.0
0.0
0.0
0.0
0.0
0.0
-0.747206
-1.13903
0.0
0.0
0.0
0.0
0.0
0.0
0.0
0.0
0.0
0.0
0.0
0.0
1.23176
0.0
0.0
0.0
0.0
0.0
0.0
0.0
0.0
0.0
0.0
0.0
0.0
0.0
0.0
0.0
0.0
0.0
0.0
-0.72384
0.0299387
0.0
0.0
0.974319
0.0
0.0
1.09509
0.0
0.0
0.0
0.0
0.0
0.0
0.0
0.0
0.0
0.0
0.0
0.0
0.0
0.0
0.0
0.0
0.0
0.0
0.0
0.0
0.0
0.0
0.0
0.0
0.0
0.0
0.0
0.0
0.0
0.0
0.0
0.0
0.0
0.0
0.793241
0.0
0.0
0.0
0.0
0.0
0.0
0.0
0.0
0.0
0.0
0.0
0.0
0.0
0.0
0.0
0.0
0.0
0.0
0.0
0.0
0.0
0.0
0.0
0.0
0.0
0.0
0.0
0.0
0.0
0.0
0.0
0.0
0.0
0.0
0.0
0.0
0.0
0.0
0.0
0.0
0.0
0.0
0.0
0.0
-0.139253
0.0
0.0
0.0
0.0
0.0
0.0
0.0
0.0
0.0
0.0
0.0
0.0
0.0
0.0
0.0
0.0
-0.527497
0.0
0.0
0.558631
0.0
0.0
-0.29988
0.0
0.0
0.0
0.0
0.0
0.0
0.0
0.0
0.0
0.0
0.0
0.0
0.0
0.0
-0.738899
0.0
0.0
0.0
0.0
0.0
0.0
0.0
0.0
0.584792
0.0
0.0
0.0
0.0
0.0
0.0
0.0
0.0
0.0
0.0
0.0
0.0
0.0
0.0
0.0
0.0
0.0
0.0
0.0
0.0
0.0
0.0
0.0
0.0
0.510146
0.0
0.0
0.0
0.0
0.0
0.0
0.0
0.0
0.0
0.0
0.0
0.0
0.0
0.0
-0.284602
0.0
0.0
0.0
0.0
0.0
0.0
0.0
0.0
0.0
0.0
0.0
0.0
0.0
0.0
0.0
0.0
0.0
0.0
0.0
0.0
0.0
0.355397
0.0
0.0
0.0
0.0
0.0
0.0
0.0
0.0
0.0
0.0
0.0
0.0
0.0
0.0
0.0
0.0
0.0
0.0
0.0
0.0
0.0
0.0
0.0
0.0
0.0
0.0
0.0
0.0
0.0
0.0
0.761368
0.0
0.0
0.0
0.0
0.0
0.0
0.0
0.0
0.0
0.0
0.0
2.08838
0.0
0.0
0.0
0.0
0.0
0.0
0.0
0.0
0.0
0.0
0.0
0.0
0.0
0.0
0.0
0.0
0.0
0.0
0.0
0.0
0.0
0.0
0.0
-0.0237743
0.0
0.0
0.0
0.0
0.0
0.0
0.0
0.0
0.0
0.0
0.0
0.0
0.0
0.0
0.0
0.0
0.0
0.0
0.0
-0.0272431
0.0
0.0
-0.00125235
0.0
0.0
0.0
0.0
0.0
-1.61325
0.0
0.0
0.0
0.0
0.0
0.0
0.0
0.0
0.0
0.0
0.0
0.0
0.0
0.0
0.0
0.0
0.0
0.0
0.0
0.0
0.0
0.0
0.0
0.0
0.0
0.0
0.0
0.0
0.0
0.0
0.0
0.0
0.0
0.0
0.0
0.0
0.0
0.0
0.0
0.0
0.786917
0.0
0.0
2.52484
0.0
0.0
0.0
0.0
0.0
-0.73426
0.0
0.0
0.0
0.0
-0.183447
0.0
0.0
0.0
0.0
0.0
0.0
0.0
0.0
0.0
0.0
-0.302732
0.0
0.0
0.0
0.0
0.0
0.0
0.0
0.0
0.0
0.0
0.0
0.00303915
-0.207024
0.112866
0.0010397
0.0403506
-0.247306
0.240398
0.662049
0.576937
-0.235996
0.180436
-0.241373
-0.16804
-0.183422
0.335924
0.003404
-0.0226984
0.233875
-0.00505158
-0.106156
-0.275583
0.00182003
-0.652087
0.0407949
-0.299545
0.0352955
-0.178234
0.00873137
-0.213807
0.00524372
0.408716
0.0250556
0.00013542
0.0899326
-0.141321
0.347251
0.0
0.0
0.0
0.0
0.585848
0.0
0.0
0.0
0.0
0.0
0.0
0.0
0.0
0.0
-0.645585
-2.87047
0.0
0.0
0.0
0.0
0.0
0.0
0.0
0.0
0.0
0.0
0.0
0.0
0.0
0.0
0.0
0.0
0.0
0.0
0.0
0.0
0.0
0.0
0.0
0.0
0.0
0.0
0.0
0.0
0.0
0.0
0.0
0.0
0.0
0.0
0.0
0.0
0.0
0.0
0.0
0.0
0.0
0.0
0.0
0.0
0.0
0.0
0.0
0.687588
0.0
0.0
0.0
0.0
0.0
0.0
0.0
0.0
0.0
0.0
0.0
-0.0119934
0.0
0.0
0.0
0.0
0.0
0.0
0.0
0.0
0.0
0.0
0.0
0.0
0.0
0.0
0.0
0.0
0.0
0.0
0.0
0.0
0.0
0.0
0.0
0.0
0.0
0.0
0.0
0.0
0.0
0.0
0.0
0.0
0.0
0.0
0.0
0.0
0.0
0.0
0.925856
0.0
0.0
0.0
0.0
0.121584
0.0
0.0
0.0
0.0
0.0
0.0
0.0
0.0
0.0
0.0
0.0
0.0
-0.968951
0.0
0.0
0.0
0.0
0.0
0.0
0.0
0.0
0.0
0.0
0.0
0.0
0.0
0.0
0.0
0.0
0.0
0.0
0.0
0.0
0.0
0.0
0.0
0.0
0.0
0.0
0.0
0.0
0.0
0.0
0.0
0.0
0.0
0.0
-0.894716
0.0
0.0
0.0
0.0
0.0
0.0
0.0
0.0
0.0
0.0
0.0
0.0
0.0
0.0
0.0
0.0
0.0
-0.706914
0.0
0.0
0.0
0.0
0.0
0.0
0.0
0.0
0.0
0.0
0.0
0.0
0.0
0.0
0.0
0.0
0.0
0.0
0.0
0.0
0.0
0.0
0.0
0.0
0.0
0.0
0.0
0.0
0.0
0.0
0.0
0.0
0.0
0.0
0.0
0.0
0.0
0.0
0.0
0.0
0.0
0.0
0.485109
0.0
0.0
0.0
0.0
0.0
0.0
0.0
0.0
0.0
0.0
0.0
0.0
0.0
0.0
0.0
0.0
0.0
0.0
0.0
0.0
0.0
0.0
0.0
0.0
0.0
0.0
0.0
0.0
0.0
0.0
0.0
0.0
0.0
0.0
0.0
0.0
0.0
0.550118
0.0
0.0
0.0
0.0
0.0
0.0
0.0
0.0
0.0
0.0
0.0
0.0
0.0
0.0
0.0
0.0
0.0
0.0
0.0
0.0
0.0
0.0
0.0
0.0
0.0
0.0
0.0
0.0
-2.10022
0.0
0.0
0.0
0.0
0.0
0.0
0.0
0.0
0.0
0.0
0.0
0.0
0.0
0.0
0.0
0.0
0.0
0.0
0.0
0.0
0.0
0.0
0.0
0.0
0.0
0.0
0.0
0.0
0.0
0.0
0.0
0.0
0.0
0.0
0.0
0.0
0.0
0.0
0.0
0.0
0.0
0.0
0.0
0.0
0.0
0.0
0.0
0.0
0.0
0.0
0.0
0.0
0.0
0.0
-0.0117619
0.0
1.4317
0.0
0.0
1.53318
0.0
0.0
0.0
0.0
-0.156133
0.0
0.0
-0.198572
0.0
0.0
0.0
0.0
0.0
0.0
0.0
0.0
0.0
0.0
0.0
0.0
0.0
0.0
0.0
0.0
0.0
0.0
0.0
0.0
0.0
0.0
0.0
0.0
0.0
0.736415
0.0
0.0
0.0
0.0
0.0
0.0
0.0
0.0
0.0
0.0
0.0
0.0
0.0
0.0
0.0
0.0
0.0
0.0
0.0
0.0
0.0
0.0
0.0
0.0
0.0
0.538019
0.0
0.0
0.0
0.0
0.0
0.0
0.0
-0.928422
0.0
0.0
0.0
0.0
0.0
0.0
0.0
0.0
0.0
0.0
0.0
0.0
0.0
0.0
0.0
0.0
0.0
0.0
0.0
0.0
0.0
0.0
0.0
0.0
-1.07895
0.0
0.0
0.0
0.0
0.0
0.0
0.0
0.0
0.0
0.0
0.0
0.0
0.0
0.0
0.981666
0.0
0.0
0.0
0.0
0.0
0.0
0.0
0.0
0.0
0.0
0.0
0.0
0.0
0.0
0.0
0.0
0.0
0.0
0.0
0.0
0.0
0.0
0.0
0.0
0.0
0.0
0.0
-0.0120472
0.0
0.0
0.0
0.0
0.0
0.0
0.0
0.0
0.0
0.0
0.0
0.0
0.0
0.0
0.0
0.0
0.0
0.0
0.0
0.0
0.0
0.0
0.0
0.0
0.0
0.0
0.0
0.0
0.0
0.0
0.0
0.0
0.0
0.0
0.0
0.0
0.0
0.0
0.0
0.0
0.567167
0.0
0.0
0.0
0.0
0.0
0.0
0.0
0.0
0.0
0.0
0.0
0.0
0.0
0.0
0.0
0.0
0.0
0.0
0.0
0.0
0.0
0.0
0.0
0.0
0.0
0.0
0.0
0.0
0.0
0.0
0.0
0.0
0.0
0.0
0.0
0.0
0.0
0.0
0.0
0.0
0.0
0.0
0.0
0.0
0.0
0.0
0.0
0.0
0.0
0.0
0.0
0.0
0.0
0.0
0.0
0.0
0.0
0.0
0.0
0.0
0.0
0.0
0.0
0.0
0.0
0.0
0.0
0.0
0.0
0.0
0.0
0.0
0.0
0.0
0.0
0.0
0.0
0.0
0.0
0.011181
-0.315268
-0.223291
0.000101244
-0.0165584
-0.124254
1.06193
1.82958
0.0492702
1.09729
-0.524626
0.267146
0.337515
0.299756
-0.115796
0.638537
1.57436
-0.707281
-0.0175877
1.06995
-0.954796
-0.509736
-0.841595
-0.447644
0.114035
0.486294
-0.42417
0.0303296
0.158697
0.272471
0.844453
0.0656211
-0.00246187
-1.86902
-0.413773
-0.747774
0.0
0.0
0.0
0.0
0.0
0.0
0.0
-0.363032
0.0
0.0
0.0
0.0
0.0
0.0
0.0
0.0
0.0
0.0
0.0
2.0515
0.0
0.0
0.0
0.0
0.0
0.0
0.0
0.0
0.0
0.0
0.0
0.0
0.0
0.0
0.0
0.0
-0.922753
0.0
0.0
0.0
0.0
0.0
0.0
0.0
0.0
0.0
0.0
0.0
0.0
0.0
0.451292
0.0
0.0
0.0
0.0
0.0
0.0
0.0
0.0
0.0
0.0
0.0
0.0
0.0
0.0
0.0
0.0
0.0
0.0
0.0
0.0
0.0
0.0
0.0
0.0
0.0
0.0
0.0
0.0
0.0
0.0
0.0
0.0
0.0
0.0
0.0
0.0
0.0
0.0
0.0
0.0
0.0
0.0
0.0
0.0
0.0
0.0
0.0
0.0
0.0
0.0
0.0
0.0
0.0
0.0
0.0
0.0
0.0
0.0
0.0
0.0
0.0
0.0
0.0
0.0
0.0
0.0
0.0
0.0
-0.413957
0.0
0.0
0.0
0.0
0.0
0.0
0.0
0.0
0.0
0.0
0.0
0.0
0.0
0.0
0.0
0.0
0.0
0.0
0.0
0.0
0.0
0.0
-0.979065
0.0
0.0
0.0
0.0
0.0
0.0
0.444108
0.0
0.0
0.0
0.0
0.0
0.0
0.0
0.0
0.0
0.0
0.0
0.0
0.0
0.0
0.0
0.0
0.0
0.0
0.0
0.0
0.0
0.0
0.0767882
0.0
0.0
0.0
0.0
0.0
0.0
0.0
0.0
0.0
0.0
0.0
0.0
0.0
0.0
0.0
0.0
0.0
0.0
0.0
0.0
0.0
0.0
0.0
0.0
0.0
0.0
0.0
0.0
0.0
0.0
0.0
0.0
0.0
0.0
0.0
0.0
0.0
0.0
0.0
0.0
0.0
0.0
0.0
0.0
0.0
0.0
0.0
0.0
0.0
0.0
0.0
0.0
0.0
0.0
0.0
1.27707
0.0
0.0
0.0
0.0
0.0
0.0
0.0
0.0
0.0
0.0
0.00531912
0.0
0.0
0.0
0.0
0.0
0.0
0.0
0.0
0.0
0.0
0.0
0.0
-1.7888
0.0
0.0
0.0
0.0
0.0
0.0
0.0
0.0
0.0
0.0
0.0
0.0
0.0
0.0
0.0
0.0
0.0
0.0
0.0
0.0
0.0
0.0
0.0
0.0
0.0
-0.165771
0.0
0.0
0.0
0.0
0.0
0.0
0.0
0.0
0.0
0.0
0.23695
0.0
0.0
0.0
0.0
0.0
0.0
0.0
0.0
0.0
0.0
0.0
0.0
0.0
0.0
0.0
0.0
0.0
0.0
0.0
0.0
0.0
0.0
0.0
0.0
0.0
0.0
0.0
0.0
0.0
0.0
0.0
0.0
0.0
0.0
0.0
0.0
0.0
0.0
-0.00970556
0.0
0.0
0.0
0.0
0.0
0.0
0.0
0.0
0.0
0.0
0.0
0.0
0.740794
0.0
0.0
0.0
0.0
0.0
0.0
0.0
0.0
0.0
0.0
0.0
0.0
0.0
0.0
0.0
0.0
0.0
0.0
0.0
0.0
0.0
0.75716
0.0
0.0
0.0
0.0
0.0
0.0
0.0
0.0
0.0
0.979598
0.0
0.871875
0.0
0.0
0.0
0.0
0.0
0.0
0.0
-2.93097
0.0
0.0
0.0
0.0
0.0
0.0
0.0
0.0
0.0
0.0
0.0
0.0
0.0
0.0
0.0
0.0
0.0
0.0
0.0
0.0
-2.3226
0.0
0.0
0.0
0.0
-0.0972165
0.0
0.0
0.0
0.0
0.0
0.0
0.0
0.0
0.0
0.0
0.0
0.0
0.0
0.0
0.0
0.0
0.0
0.0
0.0
0.0
0.0
0.0
0.0
0.0
0.0
0.0
0.0
0.0
0.0
0.0
0.0
0.0
0.0
0.0
0.0
0.0
0.0
0.0
0.0
0.0
0.0
0.0
0.0
-0.835397
0.0
-0.14083
-0.800032
0.0
0.0
0.0
0.0
0.0
0.0
0.0
0.0
0.0
0.0
0.0
0.0
0.0
0.0
0.0
0.0
0.0
0.0
0.0
-0.2049
0.0
0.0
0.0
0.0
0.0
0.0
0.0
0.0
0.0
0.0
0.0
0.0
0.0
0.0
0.0
0.0
0.0
0.0
0.0
0.0
0.0
0.0
0.0
0.0
0.0
-0.616523
0.0
0.0
0.0
0.0
0.0
0.0
0.0
0.0
0.0
0.0
0.0
0.0
0.0
0.0
0.0
0.0
0.0
0.0
0.0
0.0
-0.0712551
0.0
0.0
0.0
0.0
0.0
0.0
0.0
0.0
1.25026
0.0
0.0
0.0
0.0
0.0
0.0
0.382013
-0.0199911
0.305471
-0.0563239
-0.000742876
0.00969913
0.132448
-0.230326
1.23558
0.723782
1.28806
0.77038
-1.34737
-0.503945
-0.342215
-0.0205343
0.00627121
-1.14192
0.392566
-0.0085466
0.377393
-0.132608
-0.373881
-0.254424
0.114585
-0.105183
0.94319
-0.0804043
0.0317507
-0.558733
0.024229
0.950453
0.0078627
0.000305347
0.563071
0.0788854
1.043
0.0
0.0
0.0
0.0
0.0
0.0
0.0
0.0
0.0
0.0
0.0
0.0
0.0
0.0
0.0
0.0
0.0
0.0
0.0
-0.410129
1.70319
0.0
0.0
0.0
0.0
0.0
-0.302881
0.0
0.0
-0.160158
0.0
0.0
0.0
0.0
0.0
0.0
0.0
0.0
0.0
0.0
0.0
0.0
0.0
0.0
0.953503
0.0
0.0
0.0
0.0
0.0
0.0
0.0
0.0
0.0
0.0
0.519875
0.0
0.0
0.0
0.0
0.0
0.0
0.0
0.0
0.0
0.0
0.0
0.0
0.0
0.0
0.0
0.0
0.0
0.0
0.0
0.0
0.0
0.0
0.0
0.0
0.0
0.0
0.0
0.0
0.0
0.0
0.0
0.0
0.0
0.584943
0.0
0.0
0.0
0.0
-0.704228
0.0
0.0
0.0
0.0
0.0
0.0
0.0
0.0
0.0
0.0
0.0
0.0
0.0
0.0
-0.550472
0.0
0.0
0.0
0.0
0.0
0.677921
0.0
0.0
0.0
0.0
0.0
0.0
0.0
0.0
0.0
0.0
0.0
0.0
0.0
0.0
0.0
0.0
0.0
0.0
0.0
0.0
0.0
0.0
0.0
0.0
0.0
0.0
0.0
0.0
0.0
0.0
0.0
0.0
0.0
0.0
0.0
0.0
0.0
0.0
0.0
0.0
0.0
0.0
0.0
0.0
0.0
0.0
0.0
0.0
0.0
0.0
0.0
0.0
0.0
0.0
0.0
0.0
0.0
0.0
0.835726
0.0
-0.783949
0.0
0.0
0.0
0.0
0.0
0.0
0.0
0.0
0.0
0.0
0.0
0.0
0.0
0.0
0.0
0.0
0.0
0.0
0.0
0.0
0.0
-0.822971
-0.997343
0.0
0.0
0.0
0.0
0.0
0.0
0.0
0.0
0.0
0.0288794
0.0
0.0
0.0
0.0
0.0
0.0
0.0
0.0
0.0
0.0
0.0
0.0
0.0
0.0
0.0
0.0
0.0
-0.0367646
0.0
0.0
0.0
0.0
0.0
0.0
0.0
0.0
0.0
-0.589563
0.0
1.81065
0.0
0.0
0.0
0.0
0.0
0.0
0.0
0.0
0.0
0.00111039
0.0
0.0
0.0
0.0
0.0
0.0
0.0
0.0
0.0
0.0
0.0
0.0
0.782533
0.0
0.0
0.0
0.0
0.0
0.0
0.0
0.0
0.0
0.0
0.0
0.0
0.78223
0.0
0.0
0.0
0.0
0.0
0.0
0.0
-0.460978
0.0
0.0
0.0
0.0
0.0
0.0
0.0
0.0
0.0
0.0
0.0
0.0
0.0
0.0
0.0
0.0
0.0
0.0
0.0
0.0
0.0
0.0
0.0
0.0
0.0
0.0
0.0
0.0
0.0
0.0
0.0
0.0
0.0
0.0
0.0
0.0
0.0
0.0
0.0
0.0
0.0
0.0
-0.0696363
0.0
0.0
0.0
0.0
0.0
0.0
0.0
0.0
0.0
0.0
0.0
0.0
0.0
0.0
0.0
0.0
0.0
0.0
0.0
0.0
0.0
0.0
0.0
0.0
0.0
0.0
0.0
0.0
0.0
0.0
0.0
0.0
0.0
0.0
0.0
0.0
0.0
0.0
0.0
0.0
0.0
0.0
0.0
0.0
0.0
0.0
0.0
0.0
0.0
0.0
0.0
0.0
0.0
0.0
0.0
0.0
0.0
0.0
0.0
0.0
0.0
0.0
0.0
0.0
0.0
0.0
0.0
0.0
0.0
0.0
0.0
0.0
0.0
0.0
0.0
0.0
0.0
0.0
0.0
0.0
0.0
0.0
0.0
0.0
0.0
0.0
0.0
0.0
0.0
0.0
0.0
0.0
0.0
0.0
0.0
0.0
0.0
0.0
0.0
0.0
0.0
0.0
0.0
0.0
0.0
0.0
0.0
0.0
0.0
0.138492
0.0
0.0
0.0
0.0
0.0
0.0
0.0
0.0
0.0
0.0
0.0
0.0
0.0
0.0
0.0
0.0
0.0
0.0
0.0
0.0
0.0
0.0
0.0
0.0
0.0
0.0
0.0
0.0
0.0
0.0
0.0
0.0
0.0
0.0
0.0
0.0
0.0
0.0
0.0
0.0
0.0
0.0
0.0
0.0
0.0
0.0
0.0
0.0
0.0303812
0.0
0.0
0.0
0.0
0.0
0.0
0.0
0.0
0.0
0.0
0.0
0.0
0.0
0.0
0.0
0.0
0.0
0.0
0.0
0.0
0.0
0.0
0.0
0.0
0.0
0.0
0.0
0.0
0.0
0.0
0.0
0.0
0.0
0.0
0.0
0.0
0.0
0.0
0.0
0.0
0.0
0.0
0.0
0.0
0.0
0.0
0.0
0.0
0.0
0.0
0.0
0.0
-0.288479
0.0
0.0
0.0
0.0
0.0
0.0
0.0
0.0
0.0
0.0
0.0
0.0
0.0
0.0
0.0
0.0
0.0
0.0
0.0
0.0
0.0
0.0
0.0
0.0
0.0
0.0
0.0
0.0
0.0
0.0
0.0
0.0
0.0
0.0
0.0
0.0
0.0
0.0
0.0
0.0
0.0
0.0
0.0
0.0
0.0
0.0
0.0
0.0
0.0
0.0
0.0
0.0
0.0
0.0
0.0
0.0
0.0
0.0
0.0
0.0
0.0
0.0
0.0
0.0
0.0
0.0
0.0
0.0
0.0
0.0
0.0
0.0
0.0
-0.00584435
-0.32943
-1.09287
-0.000466848
-0.0560886
-0.543038
1.34688
1.78133
0.821768
-0.258644
-0.551964
0.894835
0.357253
-0.246136
0.0781782
0.00255
2.98858
-0.97379
-0.0142009
1.07041
-0.98893
-1.35464
-0.96041
-0.69981
-0.360597
0.77052
-0.648861
0.174509
0.432487
0.435266
1.04856
0.0403106
0.0464935
-2.55588
0.0254774
-0.871469
0.0
0.0
0.0
0.0
0.0
0.0
0.0
0.0
0.0
0.0
0.0
0.0
0.0
0.0
0.155698
0.0
0.0
0.0
0.0
0.0
0.0
0.0
0.0
0.0
0.0
0.0
0.0
0.0
0.0
0.0
0.0
0.0
0.590879
0.0
0.0
0.0
0.0
0.0
0.0
0.0
0.0
0.0
0.0
0.0
0.0
0.0
0.0
0.0
0.0
0.0
0.0
0.0
0.0
0.0
0.0
0.0
-1.90838
0.0
0.0
0.0
0.0
0.0
0.0
0.0
0.0
0.0
0.0
0.0
0.0
0.0
0.0
0.0
0.0
0.0
0.0
-1.14299
0.0
0.0
0.0
0.0
0.0
0.0
0.0
0.0
0.0
0.0
0.0
0.0
0.0
0.0
0.0
0.0
0.0
0.0
0.0
0.0
0.0
0.0
0.0
0.0
0.0
0.0
0.0
0.0
0.0
0.0
0.0
0.0
0.0
0.0
0.0
0.0
0.0
0.0
0.0
0.0
0.0
0.0
0.0
0.0
0.0
0.0
0.0
0.0
-0.6286
0.0
0.0
0.0
0.0
0.0
0.0
0.0
-0.478692
0.0
0.0
0.0
0.0
0.0
0.0
0.0
0.0
0.0
0.0
0.0
0.0
0.362904
0.0
0.0
0.0
0.0
0.0
0.0
0.0
0.0
0.0
0.0
0.0
0.0
0.0
0.0
0.0
0.0
0.0
0.0
0.0
0.0
0.0
0.0
1.81909
0.0
0.0
0.0
0.0
0.0
0.0
0.0
0.0
0.0
0.0
0.0
0.0
0.547475
0.0
0.0
0.0
0.0
0.0
0.0
0.0
0.0
0.0
0.0
0.0
0.0
0.0
0.0
0.0
0.0
0.0
0.0
0.0
0.0
0.0
0.0
0.0
0.0
0.0
0.0
-0.273751
0.0
0.0
0.0
0.0
0.0
0.0
0.289169
0.00416225
0.0
0.0
0.0
0.0
0.0
-1.63783
0.0
0.0
0.0
-0.423398
0.0
0.0
0.0
0.0
0.0
0.0
0.0
0.0
0.0
0.0
0.0
0.0
0.0
0.0
0.0
0.0
0.0
0.0
0.0
0.0
0.0
0.0
0.0
0.0
0.0
0.0
0.0
0.0
0.0
0.0
0.0
0.0
0.0
0.0
0.0
0.0
0.0
0.0
0.0
0.0
0.0
0.0
0.0
0.0
0.0
0.0
0.0
0.0
0.0
0.0
0.0
0.0
0.0
-0.341994
0.0
0.0
0.0
0.0
0.0
0.417922
0.0
0.0
0.0
1.49401
0.0
0.0
0.0
0.0
0.0
0.0
0.0
0.0
0.0
0.0
0.0
0.0
0.0
0.0
0.0
0.0
0.0
0.0
0.0
0.0
0.0
0.0
0.0
0.0
0.0
0.0
0.0
0.0
0.0
0.0
0.0
0.0
0.0
0.0
0.0
0.0
0.0
0.0
0.0
0.0
0.0
0.0
0.0
0.0
0.0
0.0
0.0
0.0
0.0
0.0
0.0
0.0
0.0
0.0
0.0
0.0
0.0
0.0
0.175173
0.0
0.0
0.0
0.0
0.0
0.0
0.0
0.0
0.0
0.0
0.0
0.0
0.0
0.0
0.0
0.0
0.0
0.0
0.0
0.0
-0.346399
0.0
0.0
0.0
0.0
0.0
0.0
0.0
0.0
0.0
0.0
0.0
0.0
0.0
0.0
0.0
0.0
0.0
0.0
0.0
0.0
0.0
0.0
0.0
0.0
0.0
0.0
0.0
0.0
0.0
0.0
0.0
0.0
0.0
0.0
0.0
0.0
0.0
0.0
0.0
0.0
0.0
0.0
0.0
0.0
0.0
0.0
0.0
0.0
0.0
0.0
0.0
0.0
0.0
0.0
0.0
0.0
0.0
0.0
0.0
0.0
0.0
0.0
0.0
0.0
0.0
0.0
0.0
0.0
0.0
0.0
0.0
0.0
0.0
0.0
0.0
0.0
0.0
0.0
0.0
0.0
0.0
0.0
0.0
0.0
0.0
0.0
0.0
-0.740757
0.0
0.0
0.0
0.0
0.0
0.0
0.0
0.0
0.0
0.0
0.0
0.0
0.0
0.0
0.0
0.0
0.376616
0.0
0.0
0.0
0.0
0.0
0.0
0.0
0.0
0.0
0.0
0.0
0.0
0.0
0.0
0.0
0.0
0.0
0.0
0.0
0.0
0.0
0.0
0.0
0.0
0.0
0.0
0.0
0.0
0.0
0.0
0.0
0.0
0.0
0.0
0.0
0.0
0.0
0.0
0.0
0.0
0.0
0.0
0.0
0.0
0.0
0.0
0.0
0.0
0.0
0.0
0.0
0.0
0.0
0.0
0.0
0.0
0.0
0.0
0.0
0.0
0.0
0.0
0.0
0.0
-0.00517849
-0.150123
0.362529
-0.00101347
0.0233436
-0.363655
0.162271
-0.245518
0.742024
-0.434657
-0.137671
0.546851
0.107911
-0.217721
-0.224422
0.000747484
-0.0375833
0.0840959
-0.0102876
-0.554184
-0.928313
-0.463493
-0.028344
-0.220124
-0.148453
-0.124447
-0.150623
-0.118515
0.0278563
-0.054983
-0.0125492
0.0379295
-0.0101961
-0.0267554
0.487415
0.411827
0.0
0.0
0.0
0.0
0.0
0.0
0.0
0.0
0.253945
0.0
0.0
0.0
0.0
0.0
0.0
0.0
0.0
0.96029
0.0
0.0
0.0
0.0
0.0
0.574376
0.0
0.0
0.0
0.0
0.0
0.0
0.0
0.0
0.0
0.0
0.0
0.0
0.0
0.0
0.0
0.0
0.0
0.0
0.0
0.0
0.0
0.0
0.0
0.0
0.0
0.0
0.0
0.0
0.0
0.0
0.0
0.0
0.0
0.0
0.0
0.0
0.0
0.0
0.0
0.0
0.0
0.0
0.0
0.0
0.0
0.0
0.0
0.0
0.0
0.0
0.0
0.0
0.0
0.0
0.383478
0.0
0.0
0.0
0.0
0.0
0.0
0.0
0.0
0.0
0.0
0.0
0.0
0.0
0.0
0.0
0.0
0.0
0.0
0.0
0.0
0.0
0.0
0.0
0.0
0.0
0.0
0.0
0.0
0.0
0.0
0.0
0.0
0.0
0.0
0.0
0.0
0.0
0.0
0.0
1.62516
0.0
0.0
0.0
0.0
0.0
0.0
0.0
0.0
0.0
0.0
-0.759255
0.0
0.0
0.0
0.0
0.0
0.0
0.0
0.0
0.0
0.0
0.0
0.0
0.672558
0.0
0.0
0.0
0.0
0.0
0.0
0.0
0.0
0.0
0.0
0.0
0.0
0.0
-0.799457
0.0
0.0
0.0
0.0
0.0
0.0
0.0
0.0
0.0
0.0
0.0
0.0
0.0
0.0
0.0
0.0
0.0
0.0
0.0
0.0
0.0
0.0
0.0
0.0
0.0
0.0
0.0
0.0
0.0
0.0
0.0
0.0
0.888869
0.0
0.0
0.0
0.0
0.0
0.0
-2.39973
0.0
0.0
0.0
0.0
0.0
0.0
0.0
0.0
0.0
0.0
0.0
0.0
0.0
0.0
0.0
0.0
0.0
0.0
0.0
0.0
0.0
0.0
0.0
0.0
0.0
0.0
0.0
0.0
0.0
0.0
0.0
0.0
0.0
0.0
0.694285
0.0
0.0
0.0
0.0
0.0
0.0
0.0
0.0
0.0
0.0
0.0
0.0
0.0
0.0
0.0
0.0
0.0
0.0
0.0
0.0
0.0
0.0
0.0
0.0
0.0
0.0
0.0
0.0
0.0
0.0
0.0
0.0
0.0
0.0
0.0
0.0
0.0
0.0
-1.06
-0.558484
0.0
0.0
0.0
0.0
0.0
0.0
0.0
0.0
0.0
0.0
0.0
0.0
0.0
0.0
0.0
0.0
0.0
0.0
0.0
0.0
0.0
0.0
0.0
0.0
0.0
0.0
0.0
0.0
0.0
0.0
0.0
0.0
0.0
0.0
0.0
0.0
0.0
0.042346
0.0
0.0
0.0
0.0
0.918364
0.0
0.0
0.0
0.0
0.0
0.0
0.0
0.0
0.0
0.0
0.0
0.0
0.0
0.0
0.0
0.0
0.0
0.0
0.0
0.0
-0.484895
0.0
0.0
0.0
0.0
0.0
0.0
0.0
0.0
0.0
0.0
0.0
0.0
0.0
0.0
0.0
0.0
0.0
0.0
0.0
0.0
0.0
0.0
0.0
0.0
0.0
0.0
0.325068
0.0
0.0
0.0
0.0
0.0
0.0
0.0
0.0
0.0
0.0
0.0
0.0
0.0
0.0
0.0
-0.264889
0.0
0.0
0.0
0.0
0.0
0.0
0.0
0.0
0.0
0.0
-1.15
0.0
0.0
0.0
0.0
0.0
0.0
0.0
0.0
0.0
0.191017
0.0
0.0
0.0
0.0
0.0
0.0
0.0
0.0
0.0
0.0
0.0
0.0
0.0
0.0
0.0
0.0
0.0
0.0
0.0
0.0
0.0
0.0
-0.391053
0.0
0.0
0.0
0.0
0.0
0.0
0.0
0.0
0.0
0.345561
0.0
0.0
0.0
0.0
0.0
0.0
0.0
0.0
0.0
0.0
0.0
0.0
0.0
0.0
0.0
0.0
0.0
0.0
0.0
0.0
0.0
0.833513
0.0
0.0
0.0
0.0
0.0
0.0
0.0
0.0
0.0
0.0
0.0
0.0
0.0
0.0
0.0
0.0
0.0
0.0
0.0
0.0
0.0
0.0
0.0
0.0
0.0
0.0
0.0
0.0
0.0
0.0
0.0
1.47351
0.0
0.0
0.0
0.0
0.0
0.0
-1.12362
0.0
0.0
0.0
0.0
0.0
0.0
0.0
0.0
0.0
0.0861341
0.0
-1.25609
0.0
0.0
0.0
0.0
0.0
0.0
-0.882806
0.0
0.0
0.0
0.0
0.0
0.0
0.0
0.0
0.0
0.0
0.0
0.0
0.0
0.0
0.0
0.0
0.0
0.0
0.0
0.0
0.0
0.0
0.0
0.0
0.0
0.563023
0.0
0.0
0.0
0.0
-1.34222
0.62181
0.0
0.0
1.21719
-1.26303
0.0
0.0
0.0
0.0
-1.43152
0.0
0.0
0.0
0.0
0.0
0.0
0.0
0.0
0.0
0.0
0.0
0.900503
0.0
0.0
0.0
0.0
0.0
0.0
0.0
0.0
0.0
0.0
0.0
0.0
0.0
0.0
0.0
0.0
0.0
0.0
0.0
0.0
0.0
0.0
0.0
0.0
0.0
0.0
0.0
0.0
0.0
0.0
0.0
-1.70945
0.0
0.0
0.0
0.0
0.0
0.0
0.0
0.0
0.0
0.0
0.0
0.0
0.0
0.0
0.0
0.0
0.0
0.0
0.0
-0.411019
0.0
0.0
0.0
0.0
0.0
0.0
0.0
0.0
0.0
0.0
0.0
0.0
0.0
0.0
0.0
0.0
0.0
0.0
0.0
0.0
0.0
0.0
0.0
0.0
0.0
0.0
0.0
0.0
0.0
0.0
0.0
0.0
0.0
0.0
0.0
0.0
0.0
0.0
0.0
-0.273904
0.0
0.0
0.0
0.0
0.0
0.0
0.0
0.0
0.0
0.0
0.0
0.0
0.0
0.0
0.0
0.0
0.0
0.0
0.0
0.0
0.0
-0.51464
-2.49524
0.0
0.0
0.0
0.0
0.0
0.0
0.0
0.0
0.0
0.0
0.0
0.0
0.0
0.0
0.0
0.0
0.0
0.0
0.0
0.0
0.0
0.0
0.0
0.0
0.0
0.0
-1.32835
0.0
0.0
0.0
0.0
0.0
0.0
0.0
0.0
0.0
0.0
0.0
0.0
0.0
0.0
0.0
0.0
0.0
0.0
0.0
0.0
0.0
0.0
0.0
0.0
0.0
0.0
0.0
0.0
0.0
0.0
0.0
0.0
-0.868783
0.0
0.0
0.0
0.0
0.0
0.0
0.0
0.0
-1.33374
0.0
0.0
0.0
0.0
0.0
0.0
0.0
0.0
0.0
0.0
0.0
0.0
0.0
0.0
0.0
0.0
0.0
0.0
0.0
1.50422
0.0
0.0
0.0
0.0
0.0
0.0
0.0
1.16085
0.0
0.0
0.0
0.0
0.0
0.0
0.0
0.0
0.0
0.0
0.0
0.0
0.0
0.0
0.0
0.0
0.0
0.0
0.0
0.0
0.0
0.0
0.0
0.0
0.0
0.0
0.0
0.0
0.0
0.0
0.0
0.0
0.0
0.0
0.0
0.0
0.0
0.0
0.0
0.0
0.0
0.0
0.0
0.0
0.0
0.0
0.0
0.0
0.0
0.0
0.00691681
0.0
0.0
0.0
0.0
0.0
0.0
0.0
0.0
-1.00037
0.0
0.0
0.0
0.0
0.0
0.0
0.0
0.0
0.0
0.0
0.0
0.0
0.0
0.0
0.0
0.0
0.0
0.0
0.0
0.0
0.0
0.0
0.0
0.0
0.0
0.0
0.0
0.0
-2.30057
0.0
0.0
0.0
0.0
0.0
0.0
0.0
0.0
0.0
0.0
0.0
0.0
0.0
0.0
0.0
0.0
0.0
0.0
0.0392998
0.0
0.0
0.0
0.0
-2.37349
0.0
0.0
0.0
0.0
0.0
0.0
0.0
0.0
1.07013
0.0
0.0
0.0
0.0
0.0
0.0
0.0
0.0
0.0
0.0
0.0
0.0
0.0
0.0
-0.656108
0.0
0.0
0.0
0.0
0.0
0.0
0.0
0.0
0.0
0.0
0.0
0.0
0.0
0.0
0.0
0.0
0.0
0.0
0.0
0.0
0.0
0.0
0.0
0.0
0.0
0.0
0.0
0.0
0.0
0.0
0.0
0.0
0.0
0.0
0.0
0.0
0.0
0.0
0.0
0.0
0.0
0.0
0.0
0.0
0.0
0.0
0.0
0.0
0.0
0.0
0.0
0.951436
0.0
0.0
0.0
0.0
0.0
0.0
0.0
0.0
0.0
0.0
0.0
1.6814
0.0
0.0
0.0
0.0
0.0
0.0
0.0
0.0
0.0
0.0
0.0
0.0
0.0
0.0
0.0
0.0
0.0
0.0
0.0
0.0
0.0
0.0
0.0
0.0
0.0
0.0
0.0
0.0
0.0
0.0
0.0
0.0
0.0
0.0
0.0
0.0
0.0
0.0
0.0
0.0
0.0
0.0
0.0
0.0
0.0
0.0
0.0
0.0
0.0
0.0
0.0
0.0
0.0
0.0
0.0
0.0
0.0
0.0
0.0
0.0
0.0
0.0
0.0
0.0
0.0
0.0
0.0
0.0
0.0
0.0
0.0
0.0
0.0
0.0
0.0
0.0
0.0
0.0
0.0
0.0
0.0
0.0
0.0
0.0
0.0
0.0
0.0
0.0
-0.255078
0.0
0.0
0.0
0.0
0.0
0.0
0.0
0.0
0.0
0.0
0.0
0.0
0.0
0.0
0.0
0.0
0.0
0.0
0.0
-0.833626
0.0
0.0
0.0
0.0
0.0
0.0
0.0
0.0
0.0
0.0
0.0
0.0
0.0
0.0
0.0
0.0
0.0
0.0
0.0
0.0
0.0
0.0
0.0
0.0
0.0
0.0
0.532425
0.0
0.0
0.0
0.0
0.0
0.0
0.0
0.0
0.279232
0.0
0.568766
0.0
0.0
0.0
0.0
0.0
0.0
0.0
0.0
0.0
0.0
0.0
0.0
0.0
0.0
0.0
0.0
0.0
0.0
0.0
0.0
0.0
0.0
0.0
0.0
0.0
0.0
0.0
0.0
0.0
0.0
0.755962
0.0
0.0
0.0
0.0
0.30231
0.0
0.0
0.0
0.0
0.0
0.0
0.0
0.0
0.0
0.0
0.0
0.0
0.0
0.0
0.0
0.0
0.0
0.0
0.0
0.0
0.0
0.0
0.0
0.0
0.0
0.0
0.0
0.0
0.0
0.0
0.0
0.0
0.0
0.0
0.0
0.0
0.0
0.0
0.0
0.0
0.0
0.0
0.0
0.0
0.0
0.0
0.0
0.0
0.0
0.0
0.0
0.0
0.0
0.0
0.0
0.0
0.0
0.0
0.0
0.0
0.0
0.0
0.103141
0.0
0.0
0.0
0.0
0.0
0.0
0.0
0.0
0.0
0.0
0.216055
0.0
0.0
0.0
0.0
0.0
0.0
0.0
0.0
0.0
0.0
0.0
0.0
0.0
0.0
0.0
0.0
0.0
0.0
0.0
0.0
0.0
0.0
0.0
0.0
0.0
0.0
0.0
0.0
0.0
0.0
0.0
0.0
0.0
0.0
0.0
0.0
0.0
0.0
0.0
0.0
0.0
0.0
0.0
0.0
0.0
0.0
0.0
0.0
0.0
0.0
0.0
0.0
0.0
0.0
0.0
0.0
0.0
0.0
0.0
0.0
0.0115279
0.0978437
-0.0449906
0.00025556
0.0361018
0.661465
-0.44993
-0.500671
-0.308168
1.61741
0.589541
-1.25841
-0.224693
0.0507947
-0.197714
0.00426721
-0.487395
0.400496
-0.00518248
-1.30074
-0.822897
-0.111816
0.402199
0.442895
0.520584
0.737444
0.148154
0.0161159
1.35382
-0.0870769
0.354733
-0.056433
0.0164898
1.4576
-0.659514
0.981637
0.0
0.0
0.0
0.0
0.0
0.0
0.0
0.0
0.0
0.0
0.0
1.24955
0.0
0.0
0.0
0.0
0.0
0.0
0.0
0.0
0.0
0.0
0.0
0.0
0.0
0.0
0.0
0.0
0.0
0.0
0.0
0.0
-1.17436
0.0
0.0
0.0
0.0
0.0
0.0
0.0
0.0
0.0
0.0
0.0
0.0
0.0
0.0
0.0
0.0
0.0
0.0
0.0
0.0
0.0
0.0
0.0
0.0
0.0
0.0
0.0
0.0
0.0
0.0
0.0
0.0
0.0
0.0
0.0
0.0
0.0
0.0
0.0
0.0
0.0
0.0
0.0
0.0
0.636822
0.0
0.0
0.0
0.0
0.0
0.0
-1.75806
-1.23642
0.0
0.0
0.0
0.0
0.0
0.0
0.0
0.0
0.0
0.0
-0.739562
0.0
0.0
0.0
0.0
0.0
0.0
0.0
0.0
0.0
0.0
0.0
0.0
0.0
0.0
0.0
0.0
0.0
0.0
0.0
0.428118
0.0
0.0
0.0
0.0
-0.298772
0.0
0.0
0.0
0.0
0.0
0.0
0.0
0.0
0.0
0.0
0.0
0.0
0.0
0.0
0.0
0.0
0.0
0.0
0.0
0.0
0.0
0.902774
0.0
0.0
0.0
0.0
0.0
0.0
0.0
0.0
0.0
0.0
-1.53564
0.0
0.0
0.0
0.0
0.0
0.0
0.0
0.0
0.755527
0.0
0.0
0.0
0.0
0.0
0.0
0.0
0.0
-0.949769
0.0
0.0
0.0
0.0
0.0
0.0
0.0
-0.318482
0.0
0.0
0.0
0.0
0.0
0.0
0.0
0.0
0.0
-0.852169
0.0
0.0
0.0
0.0
0.0
0.0
0.0
0.0
0.0
0.0
0.0
0.0
0.0
0.0
0.0
0.0
0.0
0.0
0.0
0.0
0.0
0.0
0.0
0.0
0.0
0.0
0.0
0.0
0.0
0.0
0.0
0.0
0.0
0.0
0.0
0.0
0.0
0.0
0.0
0.0
0.0
0.0
0.0
0.0
0.0
0.0
0.0
1.31573
0.0
0.0
0.0
0.0
0.0
0.0
0.0
0.0
0.0
-1.88959
0.0
0.0
0.0
0.0
0.0
0.0
0.0
0.0
0.0
0.0
0.0
0.0
0.0
0.0
0.0
0.0
0.0
0.0
0.0
0.0
0.0
0.0
0.0
0.0
0.0
0.0
0.0
0.0
0.0
0.0
0.0
0.0
0.0
0.0
0.0
0.0
0.0
0.0
0.0
0.0
0.0
0.0
0.0
0.0
0.0
-0.459348
0.0
0.0
0.103883
0.0
0.0
0.0
0.0
0.0
0.0
-0.120459
0.0
0.0
0.0
0.0
0.0
0.0
0.0
0.0
0.0
0.0
0.0
0.0
0.0
0.0
0.0
0.0
0.0
0.0
0.0
0.0
0.0
0.0
0.0
0.0
0.0
0.0
0.0
0.0
0.0
0.0
0.0
0.0
0.0
0.521184
0.0
0.0
0.0
0.0
0.0
0.0
0.0
0.0
0.0
0.0
0.0
0.0
0.604637
0.0
0.0
0.0
0.0
0.0
0.0
0.0
0.0
0.0
0.0
0.0
0.0
0.0
0.0
0.0
0.0
0.0
0.0
0.0
0.0
0.0
0.0
0.0
0.0
0.0
0.0
0.0
0.0
0.0
0.0
0.0
0.0
0.0
0.0
0.0
0.0
0.0
0.0
0.0
0.0
0.0
0.0
0.0
0.0
0.0280303
-0.295963
-0.57902
-0.00107842
0.0502872
-0.357879
0.405841
0.693451
-0.380619
0.212452
-0.315666
0.0880787
0.15285
-0.346266
0.196046
-0.00148167
0.117905
0.0515645
-0.00638611
-0.575237
-0.901962
-0.621721
0.0916611
0.345981
0.221557
0.0714888
0.0730856
-0.0741073
0.417837
-0.288398
-0.896142
-0.815488
-0.000903048
-0.199429
0.144539
0.468663
0.0
0.0
0.0
0.0
0.0
-0.430253
0.0
0.0
0.0
-1.82601
0.0
0.0
0.0
0.0
0.0
-1.30802
0.0
0.0
0.0
0.0
0.0
0.0
0.0
0.0
0.0
0.0
0.0
0.0
0.0
0.205311
0.0
0.0
0.0
0.0
0.0
0.0
0.0
0.0
0.0
0.0
0.0
0.0
0.0
0.0
0.0
0.0
0.0
0.0
0.0
0.0
0.0
1.02419
0.0
0.0
0.0
0.0
0.0
0.0
0.0
0.0
0.0
0.0
0.0
0.0
0.0
0.0
0.0
0.0
0.0
0.0
0.0
0.0
0.0
0.0
0.0
0.0
0.0
0.0
0.0
0.0
0.0
0.0
0.0
0.0
0.0
0.0
0.0
0.0
0.0
0.0
0.184818
0.0
0.0
0.0
0.0
0.0
0.0
0.0
0.0
0.0
0.0
0.0
0.0
0.0
0.0
0.0
0.0
0.803172
0.0
0.0
0.0
0.0
0.0
0.0
0.0
0.0
1.47064
0.0
0.0
0.0
0.0
0.0
0.0
0.0
0.0
0.0
0.0
-0.608829
0.0
0.0
0.0
0.0
0.0
0.0
0.203275
0.0
0.0
0.0
0.0
0.0
0.0
0.0
0.0
0.0
0.0
0.0
0.0
0.0
1.43424
0.0
0.0
0.0
0.0
0.0
0.0
0.0
-0.0533847
0.0
0.0
0.0
0.0
0.0
0.0
0.0
0.0
0.0
0.0
0.0
0.0
0.0
0.0
0.0
0.0
0.0
0.0
0.0
0.0
0.0
0.0
0.0
0.0129103
-0.363267
0.894883
0.00336226
0.0163648
0.166328
-0.252995
-1.03257
-0.70296
1.2205
1.4724
-0.185737
0.456109
0.371749
-0.236927
0.00336206
-0.594191
0.493265
-0.00715659
-1.44177
-0.929667
-0.018005
0.675244
0.590546
0.00575377
-0.111514
0.100635
-0.03731
0.0979487
0.131387
-1.05904
-0.05065
0.00311179
1.19173
-0.0553681
1.18093
0.0
0.0
0.0
0.0
0.0
0.0
0.0
0.0
0.0
0.0
0.0
0.0
0.0
0.0
0.0
0.0
0.0
0.0
0.0
0.0
0.0
0.0
0.0
0.0
0.0
0.0
0.0
0.0
0.0
0.0
0.0
0.0
0.0
0.0
0.0
0.0
0.0
0.0
0.0
0.0
0.0
-0.499099
0.0
0.0
0.0
0.0
-0.32588
0.0
0.0
0.0
0.0
0.0
0.0
-0.422956
0.0
0.0
0.0
0.0
0.0
0.0
-0.247213
0.0
0.0
0.0
0.0
0.0
0.0
0.696939
0.0
0.0
0.0
0.0
0.0
-0.168109
0.0
0.0
0.0
0.0
0.0
0.0
0.0
0.0
0.0
0.0
0.0
0.0
0.0
0.0
0.0
0.0
0.0
0.0
0.0
0.0
0.0
0.0
0.0
0.0
0.0
0.0
0.0
0.0
0.0
0.0
0.0
0.0
0.0
0.0
0.0
0.0
0.0
0.0
0.0
0.0
0.0
0.0
0.0
0.0
0.0
0.0
0.0
0.0
0.0
0.0
0.0
0.0
0.0
0.0
0.0
0.0
0.0
0.0
0.0
0.0
0.0
0.0
0.0
-0.659526
0.0
0.0
0.0
0.0
0.0
0.0
0.0
0.0
0.0
0.0
0.0
0.0
0.0
0.0
0.0
0.0
0.0
0.0
0.0
0.0
0.0
0.0
0.0
0.0
0.0
0.0
0.0
0.0
0.0
0.0
0.0
-0.103397
0.0
0.0
0.0
0.0
0.0
0.0
0.0
0.0
0.0
0.0
0.0
0.0
0.0
-0.154734
0.0
0.0
0.0
0.0
0.0
0.0
0.0
0.0
0.0
0.0
0.0
0.0
0.0
0.0
0.0
0.0
0.0
0.0
-0.193661
-1.3949
0.0
0.0
0.0
0.0
0.0
0.0
0.0
0.0
0.0
0.0
0.0
0.0
0.0
-0.0247719
0.0
0.0
0.0
0.0
0.0
0.0
-0.932883
0.0
0.0
0.0
0.0
0.0
-0.519355
0.0
0.0
0.0
0.0
0.0
0.0
0.0
0.0
-1.45953
0.0
0.0
0.0
0.0
0.0
1.29221
0.0
0.0
0.0
0.0
0.0
0.0
0.0
0.0
0.0
0.0
0.0
0.0
0.0
0.0
0.0
0.0
0.0
0.0
0.0
0.0
0.0
0.0
0.0
0.0
0.0
0.0
0.0
0.0
0.0
0.0
0.0
0.0
0.0
0.0
0.0
0.0
0.0
0.0
0.0
0.0
0.0
0.0
0.0
0.0
0.0
0.0
0.0
0.0
0.0
0.0
0.0
0.0
0.0
0.0
0.0
0.0
0.0
0.0
0.0
0.0
0.0
0.0
0.0
0.0
0.0
0.0
0.0
-1.93648
0.0
0.0
0.0
-2.26754
-0.252017
0.0
0.0
0.0
0.0
0.0
-0.00890497
0.161352
0.600342
-0.00267883
0.0553705
-0.11956
-0.141611
-0.164616
-0.398931
-0.112309
-0.445124
0.108361
0.655842
-0.197168
0.418711
-0.00257602
1.14664
0.574864
-0.0116717
-0.660978
-0.485462
0.161703
-0.837966
-0.141149
0.243835
0.0910451
0.24009
-0.0717275
0.0956424
-0.0270154
-0.74937
0.0189201
-0.0144302
-0.312752
0.493365
0.811715
0.0
0.0
0.0
0.0
0.0
0.503253
0.0
0.0
0.0
0.0
0.0
0.0
0.0
0.0
0.0
0.0
0.0
0.0
0.0
0.0
0.0
0.0
0.0
0.0
0.0
0.0
0.0
1.33383
0.0
0.0
0.0
0.0
0.0
0.0
0.0
0.0
0.0
0.0
0.0
0.0
0.0
0.0
0.0
0.0
0.0
0.0
0.0
0.0
0.0
0.0
0.0
0.0
0.0
0.0
0.0
0.0
0.0
0.0
0.0
0.0
0.0
0.0
0.0
0.0
0.0
0.0
0.0
0.0
-0.510326
0.0
0.0
0.0
0.0
0.0
0.0
0.0
0.0
0.0
0.0
0.0
0.0
0.0
0.0
0.0
0.0
0.0
0.0
0.0
0.0
0.0
0.0
-0.0474047
0.0
0.0
0.0
0.0
0.0
0.0
0.0
0.0
0.0
0.0
0.0
0.0
0.0
-0.34057
0.0
0.0
0.0
0.0
0.0
0.0
0.0
0.0
0.0
0.0
0.0
0.0
0.0
0.0
0.0
0.0
0.0
0.0
0.0
0.0
0.0
0.0
0.0
0.0
0.0
0.0
0.0
0.0
0.0
0.0
0.0
0.0
0.0
0.0
0.0
0.0
0.0
0.0
0.0
0.0
0.0
0.0
0.0
0.0
0.0
0.0
0.0
0.0
0.0
0.0
0.0
0.0
0.0
0.0
0.0
0.0
0.0
0.0
-0.253892
0.0
0.0
0.0
0.0
0.0
0.0
0.0
0.0
0.0
0.0
0.0
0.0
0.0
0.0
0.0
0.0
0.0
0.0
0.0
0.0
0.0
0.0
0.0
0.0
0.0
0.0
0.0
0.356298
0.0
0.0
0.0
0.0
0.0
0.0
0.0
0.0
0.0
0.0
0.0
0.0
0.0
0.0
0.0
0.0
0.0
0.0
0.0
0.0
0.0
0.0
0.0
0.0
0.0
0.0
0.0
0.0
0.0
0.0
0.0
0.0
0.0
0.0
0.0
0.0
1.31995
0.0
0.0
0.0
0.0
0.0
0.0
0.0
0.0
0.0
0.0
0.0
0.0
0.0
0.0
0.0
0.0
0.0
0.0
0.0
0.0
0.0
0.0
0.0
0.0
0.0
0.0
0.0
0.0
0.0
0.0
0.0
0.0
0.0
0.0
0.0
0.0
0.0
0.0
0.0
0.0
0.0
0.0
0.0
0.0
0.0
0.0
0.0
0.0
0.0
0.0
0.0
0.0
0.157256
0.0
0.0
0.0
0.0
0.0
0.0
0.0
0.0
0.0
0.0
0.0
0.0
0.0
0.0
0.0
0.0
0.0
0.0
0.0
0.0
0.0
0.0
0.0
0.0
0.0
0.0
0.0
0.0
0.0
0.0
0.0
0.0
0.0
0.0
0.0
0.0
0.0
0.0
0.0
0.0
0.0
0.0
0.0
0.0
0.0
0.0
0.0
0.0
0.0
0.0
0.75012
-0.397027
0.0
0.0
0.0
0.0
0.191042
0.0
0.0
0.0
0.0
0.0
0.0
0.0
0.0
0.0
0.0
0.0
0.0
0.0
0.0
0.0
0.0
0.0
0.0
0.0
-0.944231
0.0
0.0
0.0
0.0
0.0
0.0
0.0
0.0
0.0
0.0
0.0
0.0
0.0
0.0
0.0
0.0
0.0
0.0
0.0
0.0
0.0
0.0
0.0
0.0
0.0
0.631608
0.0
0.0
0.0
0.0
-1.42952
0.0
0.0
0.0
0.0
0.0
0.0
0.0
0.0
-1.56413
0.0
0.0
0.0
0.0
0.912554
0.0
0.0
0.0
0.0
0.0
0.0
0.0
0.0
0.0
0.0
0.0
0.0
0.0
0.0
0.0
0.0
0.0
0.0
0.91538
0.0
0.0
0.0
0.0
0.0
0.0
0.0
0.0
0.0
0.0
0.0
0.0
0.0
0.0
0.0
0.0
0.0
0.0
0.0
0.0
0.0
0.0
0.0
0.0
0.0
0.0
0.0
0.0
0.45896
0.0
0.0
0.0
0.0
0.0
0.0
-0.821103
0.0
0.0
0.0
0.0
0.0
-0.255662
0.0
0.0
0.0
0.0
0.0
0.0
0.0
0.0
0.0
0.0
0.0
0.0
-1.4297
0.0
0.0
0.0
-0.694797
0.0
-0.364848
0.0
0.0
0.0
0.0
0.0
0.0
0.0
0.0
0.0
0.0
0.0
0.0
0.0
0.0
0.0
-1.20571
0.0
0.0
0.0
0.0
0.0
0.0
0.0
0.27
0.0
0.0
0.0
0.0
-0.70015
0.0
0.0
0.0
0.0
0.0
0.0
0.0
-0.935208
0.0
0.0
0.0
0.0
0.0
0.0
0.0
0.0
0.0
0.0
0.0
0.0
0.0
0.0
0.0
0.0
0.0
0.0
0.0
0.0
0.0
0.0
0.0
0.0
-0.699218
0.0
0.0
0.0
-0.343293
0.0
0.0
0.0
0.0
0.0
0.0
0.0
0.0
0.0
0.0
0.0
0.0
0.0
0.0
0.0
0.0
0.0
0.0
0.0
0.0
0.0
0.0
0.0
0.0
0.0
0.0
0.0
0.0
0.0
0.0
0.0
0.0
0.0
0.0
0.0
0.0
0.0
0.0
0.0
0.0
0.0
0.0
0.0
0.0
0.0
0.0
0.0
0.0
0.0
0.0
0.0
0.0
1.09264
0.0
0.0
0.0
0.0
0.0
0.0
0.0
0.0
0.0
0.0
0.0
0.0
0.0
0.0
0.0
0.0
0.0
0.0
0.0
0.0
-0.983284
0.0
0.0
0.0
0.0
0.0
0.0
0.0
0.0
0.0
0.0
0.0
0.0
0.0
0.0
0.0
0.0
0.0
0.0
0.0
-0.478049
0.0
0.0
0.0
0.0
0.0
0.0
0.0
0.0
0.0
0.0
0.0
0.0
0.0
0.0
0.045172
0.0
0.0
0.0
0.0
0.0
0.0
0.0
0.0
0.0
0.0
0.0
0.0
0.0
0.0
0.0
0.0
0.0
0.0
0.0
0.0
0.0
0.0
0.0
0.0
0.0
0.0
0.0
0.0
0.0
0.965132
0.0
0.0
0.0
0.0
0.0
0.0
-0.725641
0.0
0.0
0.0
0.0
0.0
0.0
0.0
0.0
0.0
0.0
0.0
0.0
0.0
0.0
0.0
0.0
0.0
0.0
0.0
0.0
0.0
0.0
0.0
0.0
0.0
0.0
0.0
0.0
0.0
-0.221636
0.0
0.0
0.0
0.0
0.0
0.0
0.0
0.0
0.0
0.0
0.0
0.0
0.0
0.0
0.0
0.0
0.0
0.0
0.0
0.0
0.0
0.0
0.0
0.0
0.0
0.0
0.0
0.0
0.0
0.0
0.0
0.0
0.441148
0.0
0.0
0.0
0.0
0.0
0.0
0.0
0.0
0.0
0.0
0.0
0.0
0.0
0.0
0.0
0.0
0.0
0.0
0.0
0.0
0.0
0.0
0.0
0.0
0.0
0.0
0.0
0.0
0.0
0.0
0.0
0.0
0.0
0.0
0.0
0.0
0.0
0.0
0.0
0.0
0.0
0.0
0.0
0.0
0.0
0.0
0.0
0.0
0.0
0.0
0.0
0.0
0.0
0.0
0.0
0.0
0.0
0.0
0.0
0.0
0.0
0.0
0.0
0.0
0.0
0.0
0.0
0.0
0.0
0.0
0.0
0.0
0.0
0.0
0.0
0.0
-0.012746
0.0
0.0
0.169662
0.0
0.0
0.0
0.0
0.0
0.0
0.0
0.0
0.0
0.0
0.0
0.0
0.568945
0.0
0.0
0.0
0.0
0.0
0.0
0.614063
0.0
0.0
0.0
0.0
0.0
0.0
0.0
0.0
0.637634
0.0
0.0
0.0
0.0
0.0
0.0
0.0
0.0
0.0
0.0
0.0
0.0
0.0
0.0
0.0
0.0
0.0
0.0
0.0
0.0
0.0
0.0
0.0
0.0
0.0
0.0
0.0
0.0
0.0
0.760139
0.0
-0.482105
0.0
0.0
0.0
0.0
0.0
0.0
0.0
0.0
0.0
0.0
0.0
0.0
0.0
0.0
0.0
0.0
0.0
0.0
0.0
0.0
0.0
0.0
0.0
0.0
0.0
0.0
0.0
0.0
0.0
0.0
0.0
0.0
0.0
0.0
0.0
-0.00119383
-0.0550084
0.234021
-0.000384779
-0.0219368
0.921797
-0.843107
-0.7958
-0.437309
0.787785
0.0890447
0.343849
-0.161875
-0.118289
0.326578
-0.00468602
-0.184568
0.626238
0.0151588
-1.5376
-1.19615
-0.141227
1.26401
0.867264
-0.130787
0.0746408
0.0379655
0.105436
0.0808397
0.25505
0.0509693
-0.0584371
-0.00120007
1.491
0.203852
0.390233
0.0
0.0
0.0
-1.46791
0.0
0.0
0.0
0.0
0.0
0.0
0.0
0.0
0.0
0.0
0.0
0.0
0.0
0.0
0.0
0.0
0.0
0.0
0.0
0.0
0.0
0.0
0.0
0.0
0.0
0.0
0.0
0.0
0.0
0.0
0.0
0.0
0.00830628
1.75683
0.57521
0.00182102
-0.0484321
0.598729
-1.36269
-1.5722
-0.0154412
1.92628
0.053153
0.00587768
-0.25249
1.66172
0.663312
-0.00323688
-0.759389
0.730979
-0.0310432
-0.54656
-1.96844
0.0954519
0.247489
0.60605
-1.58278
0.00770125
0.263961
-0.00105709
0.0361978
0.358871
-0.700961
-0.0325622
0.00289997
1.37221
-0.796782
0.443872
0.0
0.0
-0.775386
0.0
0.0
0.0
0.0
0.0
0.0
0.0
0.0
0.0
0.0
0.0
0.0
0.0
0.0
0.0
0.0
0.0
0.0
0.0
0.0
0.0
0.0
0.0
0.0
0.0
0.0
0.0
0.0
0.0
0.0
0.0
0.132591
0.0
-0.0464843
1.14836
0.298102
-0.00129642
0.00797994
0.521112
-1.03026
-2.14145
0.994182
-1.58092
-1.59368
0.818952
-0.319367
0.166332
0.335811
-0.00370481
0.254758
0.637633
-0.016503
-1.14047
-0.857542
0.419372
-0.461414
-0.0185206
1.12484
0.477548
0.515767
0.0651015
0.31878
0.457129
-2.35003
-0.0414783
0.00879372
-0.00142074
0.121065
1.30777
0.0
0.0
0.0
1.75274
0.0
0.0
0.0
0.0
0.0
0.0
0.0
0.0
0.0
0.0
0.0
0.0
0.0
0.0
0.0
0.0
0.0
0.0
1.27805
0.0
0.0
0.0
0.0
0.0
0.0
0.0
1.33928
0.0
0.0
-0.926295
0.0
0.0
0.0
0.0
0.0
0.0
0.0
-1.1177
0.0
0.245241
0.0
0.0
0.0
0.0
0.0
0.0
0.0
0.0
0.0
0.0
0.0
0.0
0.0
0.0
0.0
0.0
0.0
0.0
0.0
0.0
0.0
0.0
0.0
0.0
1.10411
0.0664506
0.0
0.0
0.0
0.0
0.0
0.0
0.0
0.0
0.0
0.0
0.0
0.0
0.0
0.0
0.0
0.0
0.0
0.0890104
0.0
0.0
0.0
0.0
0.0
0.0
0.0
0.0
0.0
0.0
0.0
0.0
0.0
0.0
0.0
0.0
0.0
0.0
0.0
0.0
0.0
0.0
0.0
0.0
0.0
0.0
0.0
0.0
0.0
0.0
0.0
0.0
0.0
0.0
0.0
0.0
0.0
0.0
0.0
0.0
0.0
0.0
1.21605
0.0
0.0
0.0
0.0
0.0
0.0
0.0
0.0
0.0
0.0
0.0
0.0
0.0
0.0
0.0
0.0
0.0
0.0
0.0
-0.147608
0.0
0.0
0.0
0.0
0.0
0.0
0.0
0.383176
0.0
0.0
0.0
0.0
0.0
0.0
0.0
0.0
0.0
0.0
0.0
0.0
0.0
0.0
0.0
0.0
0.0
0.0
0.0
0.0
0.0
0.0
0.0
0.0
0.0
0.0
0.0
0.0
0.0
0.0
0.0
0.0
0.0
0.0
0.0
0.0
0.0
0.0
0.0
0.0
0.0
0.0
0.0
0.0
0.0
0.0
-0.0258556
0.0
0.0
0.0
0.0
0.0
0.0
0.0
0.0
0.0
0.0
0.0554948
0.913217
0.292258
0.20726
0.113747
1.16383
-0.337152
0.765692
1.49841
1.92048
-0.303118
3.53733
0.29832
-0.309682
0.385742
-0.00038937
-0.605663
-2.22797
0.308017
0.842015
-1.17481
-0.163336
0.164064
0.987916
-3.30957
0.983903
0.411434
0.450619
0.418752
0.782126
-0.330218
0.147059
0.0955778
1.47154
1.23813
3.74281
-0.145781
-0.846335
-0.228097
-0.0114275
-0.106409
-1.27791
0.223604
-1.17065
-1.21451
-2.55278
0.523047
-3.4416
-0.742093
-0.120027
-0.325724
-0.0348259
0.824086
2.38938
-0.322372
-0.599128
1.56259
0.021362
-0.114616
-0.421367
3.37837
-0.9223
-0.791791
-0.262605
-0.330491
-0.891299
0.173173
0.0157708
-0.142179
-2.19913
-0.867518
-4.81674
0.0378015
-0.547932
-0.104038
0.313484
-0.191623
0.0259869
-0.465103
-0.122929
0.529159
-1.03664
-0.341881
1.06638
-0.789668
-0.192476
0.545756
0.254519
-0.247516
0.473234
-0.0287343
0.0870491
1.53189
0.261523
-0.522314
-0.909048
-0.0172578
0.0434067
-1.09062
-0.0254272
0.133688
0.0139466
0.0649865
0.241771
3.55293
-0.105416
0.145916
-1.06012
0.00900449
0.596937
0.205251
-0.109815
0.155065
-0.269073
-0.267947
-0.171857
0.163368
-0.433843
0.126759
-0.669903
0.896719
0.333255
-1.07722
-0.262649
-0.0896886
-0.348316
0.39945
0.339154
-0.663532
0.169886
-0.591262
0.0941067
0.197759
-0.440587
0.369953
-0.458282
-0.455997
0.20298
-0.080383
-0.13419
-0.123886
0.574333
-0.219221
-0.528168
-0.0903131
0.066399
0.0639903
0.195896
0.00747899
-0.113767
-0.106187
-0.404221
0.283605
-0.632108
0.219819
0.0954625
-1.59383
-0.429362
0.0601516
-0.0352088
0.220595
3.12405
0.3016
0.242468
0.388407
-0.142227
0.0493427
0.566653
0.0679656
0.0642709
-0.382019
0.187853
0.0877993
-0.109124
-0.145533
0.162842
-0.0467704
-0.730875
0.370354
-1.07559
-0.120576
-0.0440272
0.258144
-0.00239755
0.0195782
0.221251
0.104819
-0.257923
0.106602
-0.0272883
0.110773
0.103828
-0.243002
-0.28968
-0.0287685
0.0213562
0.347951
-0.193351
-0.0702777
0.159372
0.345907
0.0453133
0.0463728
0.436736
0.265583
0.347646
-0.210095
0.256538
0.430231
-0.174505
-0.394525
0.048432
-0.0190576
-0.872108
0.337107
-0.158413
1.18777
-0.940209
1.59274
0.00617345
-0.0223335
1.39621
0.856808
0.064873
0.214283
0.180507
0.517085
1.09525
1.19329
0.575075
0.723803
0.040506
-1.31368
0.989132
-0.0166816
-0.940765
-0.0308371
-0.232807
0.68067
0.281906
-0.834717
-2.57132
-1.06468
-1.25147
0.283721
-0.00374324
0.105605
-0.0161823
0.0628798
1.39522
-0.400431
-0.159298
1.65455
1.7917
2.26471
0.00816044
-1.64952
4.28646
-0.421026
-0.0335796
1.35011
0.0065883
0.307862
-0.524752
2.53454
-0.459587
-2.00609
0.0537431
-0.0744176
1.19811
-0.0783447
-0.278917
-0.0322069
0.00967195
-1.64047
-1.03449
0.439649
1.58713
-2.50043
0.198209
0.477254
-0.000785269
-0.358501
0.0306553
-0.00932419
-3.22965
-0.947615
0.00293039
1.57565
-1.58121
-2.0515
-0.00263304
2.50791
0.00660537
-0.0159366
-0.227626
0.103299
-0.00560564
0.0228512
0.445277
-1.48385
2.0869
-2.77232
1.64894
1.83249
-0.0625303
-0.0738396
0.137439
0.131053
0.119254
0.291388
0.329458
1.30367
0.118982
-0.742575
1.22084
1.0158
-0.164198
-0.252259
0.0461067
0.0134394
-0.409026
0.546882
-0.0487555
-0.150297
1.048
1.97297
2.44406
2.67119
-2.52672
-7.93661e-08
-1.00624
0.102995
0.106016
0.0290293
0.40067
-0.297757
-0.256655
2.71626
2.22965
0.193751
-2.02819
-0.0730087
0.0876928
0.18058
0.0359948
0.328061
0.378228
1.9608
0.120801
1.84797
0.197789
0.137508
-0.18571
-0.244838
0.046928
-0.0246304
-0.422969
0.567348
0.0810635
-0.177445
1.95751
4.20372
2.15301
1.47044
6.05063
0.017881
2.89777
0.941915
-0.115597
-0.494913
-0.790903
0.913105
-3.32904
0.170401
2.67822
-1.95456
1.45735
-0.0687676
-0.723291
-0.527769
-0.152207
0.0493827
-1.69719
-1.73789
-2.60541
0.914338
2.00836
0.545174
-2.17946
2.03883
0.00446923
-2.42656
1.83494
-1.51128
-0.843363
-0.163569
1.30226
-0.556404
2.4878
-0.630623
4.19576
0.9246
-0.132497
-1.01319
0.175463
-0.0410008
-3.42477
0.530616
1.48339
0.8584
0.0208077
-1.85547
3.39556
-2.83696
1.44712
-1.06751
-0.748386
-1.29525
0.363591
-0.517796
-0.909959
0.254269
-1.73932
0.165359
0.00752819
0.889062
-0.0166543
0.0313804
-0.26918
-0.792173
1.68347
-0.200115
-0.0562269
0.518871
0.00472347
0.350682
0.503168
3.65289
2.15774
-0.298339
-0.0354633
-0.265494
-1.90525
1.01779
0.153898
0.100187
0.0467679
0.467346
-1.45001
-0.462225
1.3487
-0.65624
-0.140362
-3.23498
-1.65123
0.108942
0.246553
-0.184082
-0.378881
-0.413762
0.124447
0.616529
-0.663441
0.0852976
0.11853
0.0538142
2.65627
-0.0920362
0.827402
0.965017
0.00155581
0.100832
-0.115141
-2.62558
-2.2348
-0.794348
-1.86614
-0.0440118
0.319915
0.0760732
-0.557014
-0.155484
0.0493904
-0.00473326
-0.390206
-2.65487
2.46654
-3.43274
0.370849
-0.64639
0.0227541
0.33915
1.39524
-0.31399
1.3846
0.388531
0.128136
0.240026
0.0443249
0.0856963
-1.46039
-0.59108
-0.433864
-0.0974358
-0.556937
-0.934111
0.0068875
0.00896253
-1.52746
-1.00589
4.63556
0.2655
1.06738
-0.962568
-0.484827
0.220255
-0.0203075
-0.276814
0.0274676
1.12686
0.146864
0.48542
-1.66238
2.36801
-0.990546
-1.50757
2.09288
0.533436
0.140472
0.617701
-0.510766
0.176223
-0.0944901
1.21867
-1.28227
1.73224
0.33676
1.05159
-0.392711
-0.132606
-0.191178
0.426802
0.00296523
0.0104255
-0.226039
2.02639
-0.0554922
2.39281
-2.98144
2.14587
-0.0717655
-0.205869
0.109866
-0.460778
0.0658814
-0.208152
-0.540008
-0.0784404
-0.685294
-1.2718
-1.76662
-1.53782
2.49163
1.31058
0.90595
-0.0379335
0.150781
0.4156
-0.350088
0.160575
0.0363132
-0.0280964
-1.21542
-0.218386
0.491925
-0.0935239
-0.364211
-0.159735
0.0120283
0.0301192
-1.04964
0.217923
-1.07595
-0.387275
1.45373
-2.65028
0.422812
-0.124599
0.530291
-0.3014
0.0568304
-0.851409
-0.106725
-0.0190752
-0.730724
1.86319
2.53768
2.69445
-1.69087
0.208171
0.175988
-0.189748
0.248324
0.44962
-0.11502
-0.265674
0.0302868
2.45195
-0.260196
-1.23472
0.846755
0.00321102
-0.206846
0.0246237
0.00235191
-0.018329
-0.177017
0.422955
-0.506453
0.181289
-1.9772
2.90528
-1.89643
0.130247
0.227811
-0.395574
0.0245268
-0.0609437
-0.221612
-0.00568088
-0.0488954
0.405159
0.302249
-2.85251
1.91515
0.16556
-0.131519
0.0613503
-0.116514
-0.0101354
0.0597732
-0.145138
0.00662645
0.0184489
-0.116489
-1.34544
-0.309594
-2.62588
0.701723
-1.45634
-0.00109344
-0.0400699
-1.63834
1.28814
-0.354411
-1.23123
-0.270227
-0.0475539
-0.0379751
1.87786
-1.25118
2.27519
0.0326205
-0.124349
-0.0537535
-0.00124212
0.0562054
0.229215
0.032703
1.47875
0.71051
2.76675
-1.89768
-0.411473
-0.339472
-0.0819421
0.0767144
0.464806
0.00238199
-0.000448678
0.44876
0.0718018
-0.774083
-2.2173
0.953473
-0.20298
0.00433995
-0.00257355
0.270258
0.839222
-0.0153273
0.30889
0.522371
-0.310036
0.960135
-2.29816
-2.48045
-0.253607
0.0296636
-1.43603
-0.245607
-0.0169687
-0.842153
-1.21087
-0.145202
0.87967
0.523203
-3.48179
-2.79754
-1.11424
1.21013
0.288603
-0.123966
0.902902
-0.0122155
0.0860361
0.285237
1.25612
0.916288
-0.152217
-1.94071
0.0196907
2.13855
0.0183478
0.0371287
0.185403
-0.158289
0.0086528
0.0963909
0.112698
0.223794
-0.259498
-0.230536
0.602917
-2.73252
1.18992
-0.0839803
-0.0734571
0.0698471
0.171012
0.0237379
0.32164
0.501825
0.320065
-2.02838
-0.631113
0.5301
0.426671
-0.177
-0.236699
2.05775
-0.0207873
-0.61489
0.514418
0.0642774
0.00299107
-2.53102
-0.733525
-0.00519809
-1.3135
-0.701939
-1.62758
-0.714033
0.618071
-0.624789
0.473846
-2.68459
0.000404073
-0.287202
-5.76178
1.8978
3.4121
-0.290963
-0.792421
1.31838
1.48679
0.360267
-1.17114
-0.398841
-0.502176
5.31756
0.373644
2.01683
2.47944
0.0541957
0.480983
0.0560967
-0.0715743
0.277744
-1.13283
-1.90762
-0.24965
-0.46291
2.73347
0.121538
-1.42712
4.95415
2.0414
-0.0879457
0.128664
-0.101036
0.810375
-1.73862
0.0942388
0.290685
-1.94731
1.63281
-4.4414
-0.397048
-2.39068
-1.80039
-1.88293
-0.293643
1.57307
0.596352
0.801436
-3.6876
-2.16426
-1.86601
-1.42818
0.0122081
0.198276
-0.0218896
0.0213766
-0.840192
0.618946
0.431291
-0.0331606
0.138877
0.00151624
0.00491421
-2.55011
-1.08307
2.31645
-0.1151
0.0164019
-0.421204
-0.0339068
0.205862
-0.0295662
0.0341613
-0.248737
-0.121026
1.49648
1.07046
-0.605223
0.0366189
-0.161311
0.042352
0.257015
-0.0111328
0.0126148
-0.0672768
1.85137
-1.9491
-0.00929713
0.0454238
2.76811
0.879886
1.64941
2.50582
-0.00482052
-0.705412
-0.101063
-0.282869
-0.122607
-0.00172537
-0.0400205
-1.9543
-2.57113
-2.87232
-0.0778555
-0.352455
0.0905679
-0.46271
-0.291976
0.0618047
-0.774659
0.0329355
0.396929
-1.08323
-2.90584
-0.0561958
1.74816
-0.128198
0.0787135
0.402425
-0.502093
0.287375
0.559433
-0.738635
1.37596
0.44226
-0.346158
-2.52518
-2.64941
0.0467641
0.0195061
0.00911995
-0.0767262
-0.0807023
-0.744819
-0.00728454
-0.0686902
-2.40472
1.81183
0.77132
-1.27917
-0.444298
-1.00588
-1.31879
-0.520101
-0.418842
-0.668658
0.00254349
-1.31912
-1.1296
-2.56305
2.85453
4.29371
0.15659
-1.16554
-0.694472
-0.915422
-0.609722
1.7676
-0.0739834
0.640084
-2.31759
0.690012
-0.802168
0.568543
3.18659
-1.67941
-0.172643
-0.120452
-0.06925
-0.0608666
-0.00409331
0.0164155
-0.435208
-0.200892
-1.54832
1.10856
0.723407
0.179452
0.870406
-0.4184
-0.170296
-0.0401239
0.0126094
0.165164
-0.0192981
1.7212
0.901432
2.69705
-1.40535
-0.496484
0.366464
0.585592
-0.0754269
-0.275064
0.202722
0.363064
-0.473405
-0.192883
0.0434218
-0.028026
0.406927
1.88069
-0.108949
-0.16938
-0.167392
-0.949625
0.00530263
0.0310952
-0.236763
0.705625
0.589475
-0.0521825
2.35074
3.34153
2.45315
0.0422039
0.0888346
1.63681
0.00559556
-0.972059
-0.00489651
1.09364
-0.843019
1.92363
0.383633
0.811822
-1.06999
0.58133
-1.3811
-0.495946
0.255859
0.488651
-0.362284
-0.0585678
-1.23285
-0.479755
0.677788
1.46249
1.31599
-0.168884
0.229885
-0.424153
0.00190927
-0.0152249
0.0437649
0.216417
1.44042
-0.170649
-1.47679
2.84772
0.687205
-0.197405
0.0603539
0.0631201
0.0529921
-0.271892
0.715863
-0.0719673
0.108687
-3.30842
3.02887
1.91351
-0.59222
0.427238
0.0701325
-0.0291855
-0.253549
0.311253
-0.102988
0.24824
2.89162
0.0643296
-0.043432
1.79735
-2.68018
-0.149569
-0.13125
0.0378911
-0.012008
-0.0714029
-1.35238
0.152138
-0.0584759
-0.73573
-2.86963
1.16391
-0.210288
-0.371081
-0.714053
0.287496
-0.00796662
0.794721
0.539166
-0.0247497
1.38034
1.23418
-0.633263
3.00853
2.78916
-0.871673
-1.04468
-0.877319
-0.173335
-0.134328
-0.511148
1.07667
0.0157339
-0.0948588
-1.13854
2.30766
3.65394
-0.00221331
1.56846
0.0509678
-0.00296338
0.283032
-0.0331339
-1.65976
-1.14198
2.88197
-0.0783682
0.885946
0.320508
0.000527799
-2.47092
-0.652101
-1.88799
1.88235
0.0429195
-0.0589609
1.48559
0.0868101
0.267268
-1.3119
-1.93731
-1.42201
1.57938
2.39072
0.604482
0.741
-0.0205158
-1.76229
-0.00185357
-0.0275016
2.4184
-0.669348
1.73864
1.01222
-4.07758
-2.10795
-0.00611944
0.0553189
-6.07528
1.44329
0.532813
-2.05164
1.26438
-1.92843
-1.09547
1.96777
1.98633
-1.03379
1.18932
1.37837
-1.58741
-0.0200672
0.0591569
-1.28021
0.581401
-2.13298
-0.656336
-2.29578
3.21027
2.66015
0.104346
0.364972
1.99573
-1.3448
0.0584385
0.00175777
1.28787
2.62157
0.878898
0.613412
0.048326
0.545434
-0.00222971
1.30554
0.506236
-0.755258
-0.501361
0.461199
0.248941
0.345829
0.0162794
-2.66821
-2.9352
-0.0632351
0.015202
0.605583
-0.736174
-0.067596
0.204911
0.63403
-0.121782
-0.129783
0.453483
0.379536
2.05803
-1.11085
-1.64164
0.372854
-0.129375
-0.622695
0.0465536
-0.00598377
-0.425992
0.43037
-0.624027
-0.135391
-0.422699
1.48984
1.53164
-0.337824
2.07404
-0.085366
-0.389518
-0.118756
0.124
-0.0734306
-0.0514423
-1.81551
-0.186752
1.23977
2.79959
2.00138
-0.209331
-0.0735914
0.229788
0.590919
0.164967
0.187651
0.304413
0.385062
0.32966
0.412422
1.48971
2.58414
-0.179557
-3.15432
0.0503321
-0.00972618
-0.29706
0.471384
-0.456908
-0.0312949
-0.318209
1.40808
-0.713408
1.70595
-0.300967
-1.25989
-0.663989
0.276586
-0.433756
-0.325223
0.913465
-0.156941
0.08657
0.851642
0.047621
0.72596
-0.482703
-0.0108393
0.264803
0.0147317
0.375757
0.730228
0.0171355
0.138521
-0.275981
0.347938
-1.97978
2.82742
-0.531486
-1.28523
0.957749
0.0896576
-0.0609969
0.487
-1.22371
-0.21946
0.0940623
0.392657
0.00381775
-1.03466
0.855799
1.84094
0.719388
-2.57744
0.556055
-0.0972892
-0.156848
-0.0401412
0.118723
1.16684
-0.869411
-2.47238
3.31608
-1.18257
-0.735655
-1.77422
-0.390577
1.22204
0.554996
-0.649739
-2.52539
0.704123
0.478374
1.7809
0.772033
-0.963662
1.29592
0.0622693
-2.2307
0.986281
-0.138651
-0.149338
-0.100905
-0.0826034
-0.00326387
2.52151
0.102482
-0.153307
-0.264583
0.110852
0.052359
-0.015369
0.635484
-0.325522
-0.233684
0.198411
0.0237614
2.88898
0.877916
-0.806031
-0.960181
0.113504
2.96069
0.40456
0.333429
0.272477
0.0596363
-0.123901
0.171312
0.887579
-1.0924
1.12487
1.71181
-0.987679
-0.295553
0.562295
-0.0899537
-0.0122186
-0.205228
-0.0632881
0.00456134
-0.0263087
-0.0380287
-3.09489
-0.305365
0.282804
-0.83843
-0.600369
1.21837
-0.465399
0.117796
-0.108294
-2.34046
-0.90271
0.536312
1.83945
-0.473899
1.00525
0.323303
-0.140298
-1.00811
0.181693
-0.077719
-0.705596
0.0383865
2.92838
0.107817
-2.5574
1.08402
1.97749
0.413247
0.137686
-0.724126
-0.00278129
-0.514594
-1.01184
-0.00988774
0.0191784
-1.93842
-0.362367
-0.620246
1.03768
0.933608
-1.44616
-0.242834
-0.313204
-0.616314
1.50278
-1.79958
-0.0487662
-3.00799
1.55811
0.0286655
0.0535816
-1.8299
-1.6253
-0.327765
-1.39812
1.24939
3.23997
0.0155961
0.163816
0.10838
-0.0967295
0.66459
-2.02857
3.19154
2.65323
0.420752
-0.125688
-0.367685
-1.25569
-0.00780535
-0.0124806
-0.534319
0.671276
0.172437
-1.75913
-0.424619
-1.20195
1.21049
-0.432801
0.283155
0.889155
-0.00728212
-0.0579848
-0.964646
-0.0782967
-0.203791
-0.157805
2.15627
0.912208
0.272442
0.270673
-0.285866
0.611401
-0.388758
0.367675
-0.0393428
-1.68294
2.99793
-2.57654
-0.0762597
-1.35681
0.517914
-0.306357
0.530056
0.00712
0.0131469
-0.0226772
0.666998
2.7484
1.0225
-0.190574
-0.352911
0.924599
-0.804228
0.609371
0.589518
2.08558
0.0416692
-1.82231
0.82039
-0.0647481
-1.31742
-0.364348
-2.61829
1.65477
1.93923
0.457323
-2.56704
-1.64261
-0.972771
0.294299
0.322609
0.951041
-0.00368269
-1.42646
-2.77563
1.61725
2.68998
0.0878979
0.0801411
0.101565
0.195556
0.0183359
-0.0987449
-0.0978963
-0.117302
0.810715
1.52224
0.22097
-0.485446
-0.144259
-0.227879
0.115637
-0.0864822
0.0708692
0.145207
0.374665
0.0406728
0.390149
-0.285498
-1.0573
2.92006
-0.270582
0.00951893
-0.124055
0.111322
-0.337702
0.0284747
-0.0197711
0.118574
-0.0884653
-0.34056
-2.29735
-1.67505
-1.11469
0.142883
-0.83902
0.224523
-0.435374
-2.4801
-1.95709
-1.07227
2.54905
-1.98643
-0.298947
-0.216415
-1.38562
0.00993477
-0.61713
-0.270361
-0.425275
-1.24059
-0.626024
-0.195672
4.19407
-10.1347
-0.657926
-2.50111
0.0713732
4.35364
1.03067
-3.95989
-0.571348
-2.31918
0.424906
-1.46649
0.205183
-4.26712
-4.70919
-0.413703
-1.53173
-1.15209
-3.86316
-1.05172
0.39869
2.32694
-0.513561
-0.405637
-2.50398
-2.92582
-3.61612
-2.44876
-0.60046
0.397112
0.0315429
0.533
-1.96232
3.98697
0.832227
-2.12065
-0.989395
-4.76571
-0.0899522
-1.37277
-2.2076
0.632374
-0.602139
-0.313625
2.522
3.86094
-4.19773
0.920712
3.0877
0.727827
1.826
-3.81035
-0.138975
-0.395765
-0.0662808
-0.172711
-1.71458
1.79458
-2.03222
-1.75794
-0.319686
2.9443
0.637356
0.895473
-0.507025
0.806347
-0.525826
0.599052
-1.03844
0.864515
-0.343361
-2.56022
-1.40568
1.72603
-0.757949
-1.56731
2.08222
2.44372
4.71483
2.78698
12.0326
-17.2383
-7.76544
3.36643
-6.14083
1.77644
-1.60691
3.78317
-0.359779
-0.313419
-1.335
0.0148916
-1.59811
1.3712
-0.873303
-0.0110257
-0.699311
-0.475092
-0.180495
-1.50075
-5.22167
6.00344
7.32134
-2.87957
-1.34791
0.0692364
-0.0474518
-0.19621
-0.886498
-0.458878
-0.151321
-0.406858
-1.41959
-3.75922
-0.807287
1.41733
-4.63915
-0.990504
0.889971
-0.74643
-9.20244
-3.00579
4.01252
-8.14194
-1.50728
-0.323192
-0.678021
1.16965
