[0.029031535333551517,
 -0.18457357152453824,
 0.3703314873616108,
 -0.1754146185668901,
 0.08860023381911475,
 0.16888944189719268,
 0.7565235236448444,
 0.17625876481545788,
 0.022439700742779678,
 -2.477663838150036,
 -1.3987887723048118,
 -0.020286802750717925,
 -0.05763507221247366,
 -0.5185575277816383,
 0.185672176597393,
 2.1319165740756745,
 -0.2243262854447039,
 -2.3113195294982347,
 0.25008799583067365,
 -0.013372244643960585,
 -0.13476551014031202,
 -0.10543740447626276,
 0.25986585530804973,
 -0.01510804825568357,
 0.153783328540527,
 0.5923898054365111,
 0.003915676379961042,
 -0.04104485131105662,
 -0.7027411851580112,
 0.3313581311653593,
 0.07395304657066504,
 0.5070505886962451,
 -1.7119339477753357,
 -0.036967339876184724,
 0.011488681344488327,
 -0.4969939675810906,
 -0.26348687413518235,
 0.031740568164131844,
 7.577646647405345e-05,
 0.824070875258883,
 0.7773531450973223,
 0.032982256152308764,
 0.01381246143805015,
 0.37552953863621497,
 -0.07162679664490668,
 -0.2962938875778036,
 0.1181223914744578,
 -0.17554008822327205,
 1.7719241666985361,
 0.3822137508783072,
 0.04364498952639906,
 -0.0036249607301806434,
 -0.5052141433516226,
 0.16736011922088778,
 -0.0963843822556214,
 -0.39614547692323754,
 -0.3490927609589676,
 -0.4597163656619898,
 -0.8385277202661428,
 -0.06814435201755487,
 0.0038808260187011,
 -0.30102367201988045,
 0.3592475824968062,
 1.5636360885876712,
 -0.24992181043631945,
 -0.7432812707095877,
 -0.09527566165826329,
 0.43543561088285365,
 -0.19205662289772363,
 -0.09433193074556812,
 -1.707219912464467,
 0.004064097915573939,
 0.010869658329312415,
 0.00916740700728269,
 0.12337303502459918,
 1.3762854714268542,
 -0.17989380817419942,
 -0.3705656637069126,
 -0.03166281105073665,
 -0.06927470060421115,
 -0.020141444665654262,
 0.07331543487421754,
 -0.11568690329461617,
 3.7622243337732613,
 0.7156918676973589,
 0.20074135427344686,
 0.017517034403084608,
 -0.1692284636010868,
 -0.05305875249413816,
 0.1267022238297102,
 -0.024660213047667412,
 0.2890831955456292,
 0.16988093581186625,
 -0.14711756247518792,
 0.00648686779643981,
 -0.2423578132213322,
 -0.10060683349529143,
 -0.518141867119283,
 -0.29683996099754495,
 0.2903324859724137,
 0.3766099783302934,
 0.4434110487658245,
 1.0595856906664096,
 1.9501838630253587,
 -0.06786782983132866,
 1.0361053661803652,
 -0.006281094860383973,
 0.7211113677492591,
 0.2580869994171735,
 -0.32394572922127907,
 -0.2867901107625812,
 -0.18905955114193773,
 6.049975851375848,
 -0.27873427914555293,
 -0.5908800581247249,
 0.2654449086010118,
 0.0806129593594278,
 3.556396016439159,
 -0.014793217776052359,
 0.02001113977830471,
 -3.3620857198248686,
 4.66071331863904,
 -0.7781409260082626,
 0.33516968932104874,
 0.16624866808561478,
 -0.3740064500439928,
 0.34300351444366584,
 0.058569324201243944,
 0.022200367257994458,
 -0.21031425084441935,
 -0.5573888910654929,
 0.006114693897586676,
 1.9499533978305124,
 1.9837372839473826,
 0.05175483897944133,
 0.022834986642770616,
 0.150203079660173,
 0.01951223336016028,
 0.11720816201531647,
 0.3173843021299376,
 0.0422512412803826,
 -0.05479422379556809,
 -0.021608996263125846,
 0.23114262832416443,
 -0.07212000700997123,
 -0.3204474140342768,
 -0.045930511948249375,
 0.01916307379542559,
 0.3894233660232942,
 -0.4099999059421009,
 0.02215991149614638,
 -0.03350078673066504,
 0.263627801067571,
 0.014662756638927021,
 0.3210639522502561,
 0.06046424418782692,
 1.5207891794390491,
 0.8365320795773101,
 0.7425172879916886,
 0.45551180241255906]
