[293, 16, 16, 4]
0.0
0.0
0.0
0.0
0.0
0.0
0.0
0.0
0.0
0.0
0.0
0.0
0.0
0.0
0.0
0.0
0.0
0.0
0.0
0.0
0.0
0.0
0.0
0.0
0.0
0.0
0.0
0.0
0.0
0.0
0.0
0.0
-0.993413
0.0
0.0
0.0
0.0
0.0
0.0
0.0
0.0
0.0
0.0
0.0
0.0
0.0
0.0
0.0
0.0
0.0
0.0
0.0
0.0
0.0
0.0
0.0
0.0
0.0
0.0
0.0
0.0
0.0
0.0
0.0
0.0
0.0
0.0
0.0
-0.311234
0.0
0.0
0.0
0.0
0.0
0.0
0.0
0.0
0.0
0.0
0.0
0.0
0.0
0.0
0.0
0.0
0.0
0.0
0.0
0.0
0.0
0.0
0.0
0.0
0.0
0.0
0.0
-0.758165
0.164698
0.486428
-0.00144977
-0.0777243
-0.173515
0.343198
-0.560664
-0.702776
0.0480889
0.105481
0.296517
0.312832
0.389487
-0.319365
-0.17187
0.0
0.0
0.0
0.0
0.0
0.0
0.0
0.0
0.0
0.0
0.0
0.0
0.0
0.0
0.0
0.0
-0.964241
-0.000727246
0.343757
-0.00218333
-0.355611
-0.238144
0.410753
-0.485269
-0.681865
0.116387
0.026491
0.209807
0.27864
0.427539
-0.47125
-0.213288
0.0
0.0
0.0
0.0
0.0
0.0
0.0
0.0
0.0
0.0
0.0
0.0
0.0
0.0
0.0
0.0
-0.635187
0.187429
0.395058
-0.00107117
-0.237389
-0.254884
0.41581
-0.544165
-0.608026
0.0811539
-0.106649
0.127577
0.154097
0.42473
-0.447725
-0.0962523
0.0
0.0
0.0
0.0
0.0
0.0
0.0
0.0
0.0
0.0
0.0
0.0
0.0
0.0
0.0
0.0
0.0
0.0
-2.08078
0.0
0.0
0.0
0.0
0.0
0.0
0.0
0.0
0.0
0.0
0.0
0.0
0.0
0.0
0.0
0.0
0.0
0.0
0.0
0.0
0.0
0.0
0.0
0.0
0.0
0.0
0.0
0.0
0.0
0.0
0.0
0.0
0.0
0.0
0.0
0.0
0.0
0.0
0.0
0.0
0.0
-1.59023
0.0
0.0
0.0
0.0
0.0
0.0
0.0
0.0
0.0
0.0
0.0
0.0
0.0
0.119124
0.0
0.0
0.0
0.0
0.0
0.0
0.0
0.0
0.0
0.0
0.0
0.0
0.0
0.0
0.0
0.0
0.0
0.0
0.0
0.0
0.0
0.0
0.0
0.0
0.0
0.0
0.0
0.0
0.0
0.0
0.0
0.0
0.0
0.0
0.0
0.0
0.0
0.0
0.0
0.0
0.0
0.0
0.0
0.0
1.08692
0.0
0.0
0.0
-1.5283
0.0
0.0
0.0
0.0
0.0
0.0
0.0
0.0
0.0
0.0
0.0
0.0
0.0
0.0
0.0
0.0
0.0
0.0
0.0
0.0
0.0
0.0
0.0
0.0
0.0
0.0
0.0
0.0
0.0
0.0
0.0
0.0
0.0
0.0
0.0
0.0
0.0
0.0
0.0
0.0
0.0
0.0
0.0
0.0
0.0
0.0
0.0
0.0
0.0
0.0
0.0
0.0
0.0
0.0
0.0
-0.714323
0.0
0.0
0.0
0.0
0.0
0.0
0.0
0.0
0.0
0.0
0.0
-0.995377
0.0
0.0
0.0
0.0
0.0
0.0
0.0
0.0
0.0
-0.0225528
0.0
0.0
0.0
0.0
0.0
0.0
0.0
0.0
0.0
0.0
0.0
0.0
-0.310404
0.0
0.0
0.0
0.0
0.0
0.0
0.0
0.0
0.0
0.0
0.0
0.0
0.0
0.0
0.0
0.0
0.0
0.0
0.0
1.84068
0.633905
0.0
0.0
0.0
0.0
0.0
0.0
0.0
0.0
0.0
0.638861
0.0
0.0
0.0
0.0
0.0
0.0
0.0
0.0
0.0
0.0
0.0
0.0
0.0
0.0
0.0
0.0
0.0
0.0
0.0
0.0
0.0
0.0
0.0
0.0
0.0
0.0
0.0
0.0
0.0
0.0
0.0
0.0
0.0
0.0
0.0
0.0
0.0
0.0
0.0
0.0
0.0
0.0
0.0
0.0
0.0
0.0
0.0
0.0
0.0
0.0
0.0
0.0
0.0
0.0
0.259241
0.0
0.0
0.0
0.0
0.0
0.0
0.0
0.0
0.0
0.0
0.0
0.0
0.0
0.0
0.0
0.0
0.0
0.0
0.0
0.0
0.0
0.0
0.0
0.0
0.0
0.0
0.0
0.0
0.0
0.0
0.0
0.0
0.0
0.0
0.0
0.0
0.0
0.0
0.0
0.0
0.0
0.0
0.0
0.0
0.0
-0.03747
0.0
0.0
0.0
0.0
0.0
0.0
0.963505
0.0
0.0
0.0
0.0
0.0
0.0
0.0
0.0
0.0
0.0
0.0
0.0
0.0
1.31768
0.0
0.0
0.0
0.0
0.0
0.0
0.0
0.0
0.0
0.0
0.0
0.0
0.0
0.0
0.0
0.0
0.0
0.0
0.0
0.0
0.0
0.0
0.0
0.0
0.0
0.0
0.0
0.183028
0.0
0.0
0.0
0.0
0.0
0.0
0.0
0.0
0.0
0.0
0.0
0.0
0.0
0.0
0.0
0.0
0.0
0.0
0.0
0.280554
-0.393768
0.350049
-0.49668
-0.00336243
-0.0660476
-0.131226
0.346242
-0.166887
-0.488362
-0.0282578
0.206834
0.243502
0.131549
0.415527
-0.306794
-0.263824
0.0
0.0
0.0
-2.14998
1.37258
0.0
0.0
0.0
0.0
-0.592956
0.0
-0.255509
0.0
0.0
0.0
0.0
0.0
0.0
0.0
0.0
0.0
0.0
0.0
0.0
0.0
0.0
0.0
0.0
0.0
0.0
0.0
0.0
0.0
0.0
0.0
-0.447988
0.0
0.0
1.15143
0.0
0.0
0.0
0.0
0.0
0.0
-0.946009
0.0
0.0
0.0
0.0
0.0
0.0
0.0
0.0
0.0
0.0
0.0
0.0
0.0
0.0
0.0
0.0
0.0
0.525941
0.0
0.0
0.0
0.0
0.0
0.0
0.0
0.0
0.0
0.0
0.0
0.0
0.0
0.0
0.0
0.0
0.0
0.0
0.0
0.0
0.0
0.0
0.0
0.0
0.0
0.0
0.0
0.0
0.0
0.0
0.0
0.0
0.0
0.0
0.0
0.0
0.0
0.0
0.0
0.0
0.0
0.0
0.0
0.0
0.0
-0.707614
0.0
0.0
0.0
0.0
0.0
0.0
0.0
0.0
0.0
0.0
0.0
0.0
0.0
0.0
0.0
0.0
0.0
0.0
0.449246
0.0
0.0
0.0
0.0
0.0
0.0
0.0
0.0
0.0
0.0
0.0
0.0
0.0
0.0
0.0
-0.305638
0.270278
-0.0560729
-0.00106741
0.162032
-0.275626
0.525942
-0.439234
-0.22502
-0.0920717
-0.256846
-0.0539314
-0.142865
0.613291
0.109281
0.392879
0.0
0.0
0.0
0.0
0.0
0.0
0.0
0.0
0.0
0.0
0.0
0.0
0.0
0.0
0.0
0.0
0.0
0.0
0.0
0.0
0.0
0.0
0.0
0.0
0.0
0.0
0.0
0.0
0.0
0.0
0.0
0.0
0.0
0.0
0.0
0.0
0.0
0.0
0.0
0.0
0.0
0.0
0.0
0.0
0.0
0.0
0.0
0.0
0.0
0.0
0.0
0.0
0.0
0.0
0.0
0.0
0.0
0.0
0.0
0.0
1.02857
0.0
0.0
0.0
0.0
0.447126
0.0
0.0
0.0
0.0
0.0
0.0
0.0
0.0
0.0
0.0
0.784417
0.0
-0.797419
0.0
-0.430235
0.176296
0.444613
-0.003859
-0.300774
-0.363695
0.224731
0.13855
-0.787841
0.230923
-0.0205309
-0.0462793
0.447472
-0.113428
-0.202983
-0.276176
0.0
0.0
0.0
0.0
0.0
0.0
1.31364
0.0
0.0
0.0
0.0
0.0
0.433108
0.0
0.0
0.0
0.0
0.0
0.0
0.0
0.0
0.0
0.0
0.0
0.0
0.0
0.0
0.0
0.0
0.0
0.0
0.0
0.0
1.33929
0.0
1.7235
0.0
0.0
0.0
0.0
0.0
0.0
0.0
0.0
0.0
0.0
-0.101308
0.0
0.0
0.0
0.0
0.0
0.0
0.0
0.0
0.0
0.0
0.0
0.0
0.0
0.0
0.0
0.0
0.0
0.0
0.0
0.0
0.0
0.0
0.0
0.0
0.0
0.0
-0.647464
0.0
0.0
0.0
0.0
0.0
0.0
0.0
0.0
0.889875
0.0
0.0
0.0
0.0
0.0
0.0
0.0
0.0
0.0
0.0
0.0
0.0
0.0
0.0
0.0
0.0
0.0
0.0
0.0
0.0
0.0
0.0
0.0
0.0
0.0
0.0
0.0
0.0
0.0
0.0
0.0
0.0
0.0
0.0
0.0
0.0
0.0
0.0
0.0
0.0
0.0
0.0
0.0
0.0
0.0
0.0
0.0
0.0
0.0
0.0
0.0
0.0
0.0
0.0
0.0
0.0
0.0
0.0
0.0
0.0
0.0
0.0
0.0
0.0
0.0
0.0
0.0
0.0
0.0
0.0
0.0
0.0
0.0
0.0
0.0
0.0
0.0
0.0
0.0
0.0245272
0.0
0.0
0.0
0.0
0.0
0.0
0.102023
0.0
0.0
0.0
0.0
0.0
0.0
0.27169
-0.53615
0.0970308
0.00117215
-0.111168
-0.119611
-0.516722
0.880573
0.0459818
0.564001
1.6387
0.303429
-0.501199
-0.815939
-0.0503343
0.179451
0.0
0.0
0.0
0.0
0.0
0.0
0.0
0.0
0.0
0.0
0.0
0.0
0.0
0.0
0.0
0.0
0.0
0.0
0.0
0.0
0.0
0.0
0.0
0.0
0.0
0.0
0.0
0.0
0.0
0.0
0.0
0.0
0.0
0.0
0.0
0.0
0.0
0.0
0.0
0.0
0.0
0.0
0.0
0.0
0.0
0.0
1.85708
0.0
0.0
0.0
0.0
0.0
0.0
0.0
0.0
0.0
0.0
0.0
0.0
0.0
0.0
0.0
0.0
0.0
0.0
0.0
0.0
0.0
0.0
0.0
0.0
0.0
0.0
0.0
0.0
0.0
-0.924356
0.0
0.0
0.0
0.0
0.0
0.0
0.0
0.0
0.0
0.0
0.0
0.0
0.0
0.0
0.0
0.0
1.16984
0.0
0.0
0.0
0.0
0.0
0.0
0.0
0.0
0.587808
0.0
0.0
0.0
1.24822
0.0
0.0
0.0
-0.244417
0.0
2.99866
0.632244
0.0
0.0
0.0
0.0
0.0
0.0
0.0
0.0
0.0
0.0
0.0
0.0
0.0
0.0
0.0
0.0
0.0751855
0.0
0.0
0.0
0.0
0.0
0.0
0.0
0.0
0.0
-0.169869
0.0
0.0
0.0
-1.52652
0.0
-0.860708
0.0
0.0
0.0
0.0
0.0
0.0
0.0
0.0
0.0
0.0
0.0
0.0
0.0
0.0
0.0
0.0
0.0
0.0
0.0
0.0
0.0
0.0
0.0
0.0
1.10407
0.0
0.0
0.0
0.0
0.0
0.0
0.0
0.0
0.0
0.0
0.0
0.0
0.0
0.0
0.0
0.0
0.0
0.0
0.0
0.0
0.0
-0.476063
-0.122442
0.0
0.0
0.0
0.0
0.0
0.0
0.0
0.0
0.0
0.0
0.0
0.0
0.0
0.0
0.0
0.0
0.0
-0.0504736
0.0
0.0
0.0
0.0
0.0
0.0
0.782261
0.0
0.0
-0.0324298
0.0
0.0
-1.99479
0.0
0.0
0.0
0.0
0.0
0.0
0.0
0.0
0.0
0.0
0.0
0.0
0.0
0.0
0.0
0.0
0.0
0.0
0.0
0.0
0.0
0.0
0.0
0.0
0.0
0.0
0.0
0.0
0.0
0.0
0.0
0.0
0.0
0.0
0.639812
0.0
0.0
0.0
0.0
0.0
0.0
0.0
0.0
0.0
0.0
0.0
0.0
-0.226233
0.0
0.0
0.0
0.0
0.0
0.0
0.0
0.0
0.0
0.0
0.0
0.0
0.0
0.0
0.0
-1.00206
0.0
0.0
0.0
0.0
0.0
0.0
0.0
0.0
0.0
0.0
0.0
0.0
0.0
0.0
0.0
0.0
0.0
0.0
0.0
0.0
0.0
0.0
0.0
0.0
0.0
0.0
0.0
0.0
0.0
0.0
0.0
0.0
0.0
0.0
0.0
0.0
0.0
0.0
0.0
0.0
0.0
0.0
0.0
0.0
0.0
0.0
0.0
0.0
0.0
0.0
0.0
0.0
0.0
0.0
0.0
0.0
0.0
0.0
0.0
0.0
0.0
0.0
0.0
0.0
0.0
0.0
0.0
0.0
0.0
0.0
0.0
0.0
0.0
0.0
0.0
0.0
0.0
0.0
0.0
0.0
0.0
0.0
0.0
0.0
0.0
0.0
0.0
0.0
0.0
0.0
0.0
0.0
0.0
0.0
0.0
0.0
0.0
0.0
0.0
0.0
0.0
0.0
0.0
0.0
0.0
0.0
0.0
0.0
0.0
0.0
0.0
0.0
0.0
0.0
0.0
0.0
0.0
0.0
0.0
0.0
0.0
0.0
0.0
0.0
0.0
0.0
0.0
0.0
0.0
0.0
0.0
0.0
0.0
0.0
0.0
0.0
0.0
0.0
0.0
0.0
0.0
0.0
0.0
0.0
0.0
0.0
0.0
-0.616357
0.0
0.0
0.0
0.0
0.0
0.0
0.0
0.0
0.0
0.0
0.0
0.0
0.0
0.0
0.0
0.0
0.0
0.0
0.0
0.0
0.0
0.0
0.0
0.0
0.0
0.0
0.0
0.0484884
0.0
0.0
0.0
0.0
0.0
0.160977
0.0
0.0
0.0
0.0
0.0
0.0
0.0
0.0
0.0
0.0
0.0
0.0
0.0
0.0
0.0
0.37023
0.0
0.0
0.0
0.0
0.0
0.0
0.0
0.0
0.0
0.0
0.0
0.0
0.0
0.0
0.0
0.0
0.0
0.0
0.0
0.0
0.0
0.0
0.0
0.0
0.0
0.0
0.0
0.0
-0.646626
0.0
0.0
0.0
-0.358602
0.0
0.0
0.0
0.0
0.0
0.0
0.0
0.0
0.0
0.0
0.0
0.0
0.0
0.0
0.0
0.0
0.0
0.0
0.0
0.0
0.0
0.0
0.0
0.0
0.0
0.0
0.0
0.0
0.0
0.0
0.0
0.0
0.0
0.0
0.0
0.0
0.0
0.0
0.0
0.0
0.0
0.0
0.0
0.0
0.0
0.0
0.0
0.0
0.0
0.0
0.0
0.0
0.0
0.0
0.0
0.205882
0.276554
0.194763
0.000714078
0.361129
-0.535485
0.639021
-0.101622
0.18631
-0.0828877
0.0714091
-0.114598
0.474776
0.153042
-0.140209
0.0285799
0.0
0.0
0.0
0.0
0.0
0.0
0.0
0.0
0.0
0.0
0.0
0.0
0.0
0.0
0.0
0.0
0.0
0.0
0.0
0.0
0.0
0.0
0.0
0.0
0.0
0.0
0.0
0.0
0.0
0.0
0.0
0.0
0.0
0.0
0.0
0.0
1.03415
0.0
0.0
0.0
0.0
0.0
0.0
0.0
0.0
0.0
0.0
0.0
0.0
0.0
0.0
-0.657465
0.0
0.0
0.0
0.0
0.0
0.0
0.0
0.0
0.0
0.0
0.0
0.0
0.0
0.0
0.0
0.0
0.0
0.0
0.0
0.0
0.0
0.0
0.0
0.0
0.0
0.0
0.0
0.0
0.0
0.0
0.0
0.0
0.0
0.0
0.0
0.0
0.0
0.0
0.0
0.0
0.0
0.0
0.0
0.0
0.0
0.0
0.0
0.0
0.0
0.0
0.0
0.0
0.0
0.0
0.0
0.0
0.150951
1.12136
0.0
0.0
0.0
0.0
0.0
0.0
0.0
0.0
0.0
0.0
-0.959243
0.0
0.0
0.0
0.0
0.0
0.0
0.0
0.0
0.0
0.0
0.0
0.0
0.0
0.0
0.0
0.0
0.0
0.0
0.0
0.0
0.0
0.0
0.0
0.0
0.0
0.0
0.0
0.0
0.0
0.0
-0.119226
0.0
0.0
0.0
0.0
0.0
-2.13083
0.0
0.0
0.0
0.0
0.0
0.0
0.0
0.0
0.0
0.0
0.0
0.0
0.0
0.0
0.0
0.0
0.0
0.0
0.0
0.0
0.0
0.0
0.0
0.0
0.0
0.0
0.0
0.0
0.0
0.530636
0.0
0.0
0.0
0.0
0.0
0.0
0.0
0.0
0.0
0.0
0.0
0.0
0.0
0.0
0.0
0.0
0.0
0.0
0.0
0.0
0.0
0.0
0.0
0.0
0.0
0.0
0.0
0.0
0.0
0.0
0.0
0.0
0.0
0.0
0.0
0.0
0.344898
0.0
0.0
-0.393923
0.0
0.0
0.0
0.0
0.0
0.0
0.0
0.0
0.0
0.0
0.0
0.0
-0.458283
0.685947
0.457094
-0.00363759
0.223397
-0.765299
0.756899
0.194455
-0.378266
0.0580439
-0.221765
-0.466416
0.447203
-0.327443
-0.416338
-0.33721
-1.38144
0.0
0.0
0.0
0.0
0.0
0.0
0.0
0.0
0.0
0.0
0.0
0.0
0.0
0.0
0.0
0.0
0.0
0.0
0.0
0.0
0.0
0.0
-1.81599
0.0
0.0
0.0
0.0
0.0
0.0
0.0
0.0
0.0
0.0
0.0
0.0
0.0
0.0
0.0
0.0
0.0
0.0
0.0
0.0
0.0
0.0
0.0
0.0
0.0
0.0
0.0
0.0
0.0
0.0
0.0
0.0
0.0
0.0
0.0
0.0
0.0
0.0
0.0
0.0
0.0
0.0
0.0
0.0
0.0
0.0
0.0
0.0
0.0
0.0
0.0
0.0
-0.0152438
0.0
0.0
0.0
0.0
0.0
0.0
0.0
0.752025
0.0
0.0
0.0
0.0
0.0
0.0
0.0
0.0
0.0
0.0
0.830534
0.0
0.0
0.0
0.0
0.0
0.0
0.0
0.0
0.0
0.0
0.0
0.0
0.0
0.0
0.0
0.0
0.0
0.0
0.0
0.0
0.0
0.0
0.0
0.0
0.0
0.0
0.0
0.0
0.0
0.0
0.0
0.0
0.0
0.0
0.0
0.0
0.0
0.0
0.0
0.0
0.0
0.0
0.0
1.86821
0.0
0.0
0.0
0.0
0.0
0.0
0.0
0.0
0.0
0.0
0.0
0.0
-0.392844
0.0
0.0
0.0
0.0
0.0
0.0
0.0
0.0
0.0
0.0
0.0
0.0
0.0
0.0
0.0
0.0
0.0
0.0
0.0
0.0
0.0
0.0
0.0
0.0
0.0
0.0
0.0
0.0
0.0
0.0
0.0
0.0
0.0
0.0
0.0
0.0
0.0
0.0
0.0
0.0
0.0
0.0
0.0
0.0
0.0
0.0
0.0
0.0
0.0
0.0
0.0
0.0
0.0
0.0
0.0
0.0
0.0
0.0
0.0
0.0
0.0
0.0
0.0
0.0
0.0
0.0
0.0
0.0
0.0
0.0
0.0
0.0
0.0
0.0
0.0
0.0
0.0
0.0
0.0
0.0
0.0
0.0
0.0
0.0
0.0
0.0
0.0
0.0
0.0
0.0
0.0
0.0
0.0
0.0
0.0
0.0
0.0
0.0
0.0
0.0
0.0
0.0
0.0
0.0
0.0
0.0
0.0
0.0
0.0
0.0
0.0
0.0
0.0
0.0
0.0
0.0
0.0
0.0
0.0
0.0937391
0.29404
0.233321
0.000204944
0.134482
-0.53719
0.635304
-0.0895463
0.23192
-1.16354
0.0903492
-0.152455
0.294017
0.127098
-0.175005
-0.0892862
0.0
0.0
0.0
0.0
0.0
0.0
0.0
0.0
0.0
0.0
0.0
0.0
0.0
0.0
0.0
0.0
0.0
0.0
0.0
0.0
-1.01418
0.0
0.0
0.0
0.0
0.0
0.0
0.0
0.0
0.0
0.0
0.0
0.0
0.0
0.0
0.0
0.0
0.0
0.0
0.0
0.0
0.0
0.0
0.0
0.0
0.0
0.0
0.0
0.0
0.0
0.0
0.0
0.0
0.0
0.0
0.0
0.0
0.0
0.0
0.0
0.0
0.0
0.0
0.0
0.0
0.0
0.0
0.0
0.0
0.0
0.0
0.0
0.0
0.0
0.0
0.0
0.0
0.0
0.0
0.0
-0.294349
0.0
0.127587
0.0
0.0
0.0
0.0
0.0
0.0
0.0
0.0
0.0
0.0
0.0
0.0
0.0
0.0
0.0
0.0
-0.0250183
0.0
0.0
-2.85217
0.0
0.0
0.0
1.80639
0.0
0.0
0.0
0.0
0.0
0.0
0.0
0.0
0.0
0.0
0.0
0.0
0.0
0.0
0.77962
0.0
0.0
0.0
0.0
0.0
0.381881
0.0
0.0
0.0
0.0
0.0
0.0
0.0
0.0
-1.26769
0.0
0.0
0.0
0.0
0.0
0.0
-1.22154
0.0
0.0
0.0
0.0
0.0
1.44125
0.0
0.0
0.0
0.0
0.0
0.0
0.0
0.0
0.0
0.0
0.0
0.0
0.0
0.0
0.0
0.0
0.0
0.0
0.0
0.0
0.0
0.0
0.0
0.0
0.0
0.0
0.0
0.0
0.0
0.747448
0.0
0.0
0.0
0.0654892
0.0
0.0
0.0
0.0
0.0
0.0
0.0
0.0
0.0
0.0
0.0
0.0
0.0
0.0
0.0
0.0
-1.21261
0.0
0.0
0.0
0.0
0.0
0.0
0.0
0.0
0.0
-1.36902
0.0
0.0
0.0
0.0
0.0
0.0
0.0
0.0
0.0
0.0
0.0
0.0
0.0
0.0
0.0
0.0
0.0
0.0
-0.369987
0.0
0.0
0.0
0.0
0.0
0.0
0.0
0.0
0.0
0.0
-0.0779906
0.110408
0.230374
-1.86988
0.0984254
-0.588217
0.668491
-0.0308611
0.0122312
-0.136522
-0.276245
-0.158354
0.681965
0.153271
-0.165771
-0.0241811
0.0
0.0
0.0
0.0
0.0
0.0
0.0
0.0
0.0
0.0
0.0
0.0
0.0
0.0
0.0
0.0
0.0
0.0
0.0
0.0
0.0
0.0
0.0
0.0
0.0
0.0
0.0
0.0
0.0
0.37653
0.0
0.0
0.0
0.0
0.0
0.0
0.0
0.0
0.0
0.0
0.0
0.0
0.0
0.0
0.0
0.0
0.0
0.0
0.0
0.0
0.0
0.0
0.0
0.0
1.14737
0.0
0.0
0.0
0.0
0.0
0.0
0.0
0.0
0.0
-0.398309
0.0
0.0
0.0
0.0
0.0
0.0
0.0
0.0
0.0
0.0
0.0
-0.881919
0.0
0.0
0.862767
0.0
0.0
0.0
0.0
0.0
0.0
0.0
0.0
0.0
0.0
0.0
0.0
0.0
0.0
0.0
0.0
0.0
0.0
0.0
0.0
0.0
0.0
0.0
0.0
0.0
0.0
0.0
0.0
0.0
0.0
0.0
0.0
0.0
0.0
0.0
0.0
0.0
0.0
0.0
0.0
0.0
1.25916
0.0
0.0
0.0
0.0
0.0
0.0
0.0
0.0
0.0
0.0
0.0
0.0
0.0
0.0
0.0
0.0
0.0
0.0
0.0
0.0
0.0
0.0
0.0
0.0
0.0
0.0
0.391438
0.0
0.0
0.0
0.0
0.0
0.0
0.0
0.0
0.0
0.0
0.0
0.0
0.0
0.0
0.0
0.0
0.0
0.0
0.0
0.0
0.0
0.0
0.0
0.0
0.0
0.0
0.0
0.0
0.0
0.0
0.0
0.0
0.0
0.0
0.0
0.0
0.0
0.0
-0.767453
0.0
0.0
0.0
0.0
0.0
0.0
-0.892094
0.0
0.0
0.0
0.0
0.0
0.0
0.0
0.0
0.0
0.0
0.0
1.20219
0.0
0.0
0.0
0.0
0.0
0.0
0.0
-0.56738
0.0
0.0
0.0
0.0
0.0
0.0
0.0
0.0
-0.587859
0.0
0.0
0.0
0.0
0.0
0.0
0.0
0.0
0.0
0.0
0.0
0.0
0.0
0.0
0.554383
0.0
0.0
0.0
0.0
0.0
0.0
0.0
0.0
0.0
0.0
0.0
0.0
0.0
0.0
0.0
0.0
0.0
0.0
0.0
0.0
0.0
0.0
0.0
0.0
0.124775
0.0
0.0
0.0
0.0
-0.290065
0.0
0.0
0.0
0.194244
0.180178
0.22367
0.000860405
0.17378
-0.518602
0.639713
-0.123893
0.410186
-0.235874
0.116884
-0.140868
0.31238
0.238357
-0.130398
-0.0239981
0.0
0.0
0.819784
0.0
0.0
0.0
0.0
0.0
0.0
0.0
0.0
0.0
0.0
0.0
0.0
0.0
0.0
0.0
0.0
0.119636
0.0
0.0
0.0
0.0
0.0
-0.876693
0.0
0.0
0.0
0.0
0.0
0.0
0.0
0.0
0.0
0.0
0.0
0.0
0.0
0.0
0.0
0.0
0.0
0.0
0.0
0.0
0.0
0.0
0.0
0.0
0.0
0.0
0.0
0.0
0.0
0.0
0.0
0.0
0.0
0.0
0.0
0.0
0.0
0.0
0.0
0.0
0.0
0.0
0.0
0.0
0.0
1.62974
0.0
0.0
0.0
0.0
0.0
0.0
0.0
0.0
0.0
0.0
0.0
0.0
0.0
0.0
0.0
0.0
0.0
0.0
0.0
0.0
0.0
0.0
0.0
0.0
0.0
0.0
0.0
0.0
0.0
0.0
0.0
0.0
0.0
1.39357
0.0
0.0
0.0
0.0
0.0
0.0
0.0
0.0
0.0
0.0
0.0
0.0
0.0
0.0
0.0
0.0
0.0
0.0
0.0
0.0
0.0
0.0
0.0
0.0
0.0
0.0
0.0
0.0
0.0
0.0
0.0
0.0
0.349426
0.0
0.0
0.0
0.0
0.0
-1.63053
0.0
0.0
0.0
0.0
0.0
0.0
0.0
0.0
0.0
0.0
0.0
0.0
0.0
0.0
-0.221916
0.0
0.0
0.0
0.0
0.0
0.0
0.0
0.0
0.0
0.0
0.0
0.0
0.0
0.0
0.0
0.0
0.0
0.0
0.0
0.0
0.0
0.0
0.0
0.0
0.0
0.0
0.0
0.0
0.0
0.0
0.0
0.0
0.0
0.0
0.0
0.0
-1.5233
0.0
0.0
0.0
0.0
0.0
0.0
0.0
0.0
0.0
0.961266
0.0
0.0
0.0
-0.0373589
0.0
0.0
0.0
0.0
0.0
0.0
0.0
-0.658139
0.0
0.0
0.0
0.0
0.0
0.0
0.0
0.0
0.0
0.0
0.0
0.0
0.0
0.0
0.0
0.0
0.0
0.0
0.0
0.0
0.0
-0.0767321
0.383516
0.0888872
-0.000420323
0.183829
-0.630284
0.691799
0.0443294
-0.0806384
-0.154967
0.0495812
-0.284139
0.449295
-0.0498387
-0.166621
0.0307753
0.0
0.0
0.0
0.0
0.0
0.0
0.0
0.0
0.0
0.0
0.0
0.0
0.0
0.0
-0.762494
0.0
0.0
0.0
0.0
0.0
0.0
0.0
0.0
0.0
-0.212839
0.0
0.0
-0.477047
0.0
0.0
0.0
0.0
0.0
0.0
0.0
0.0
0.0
0.0
0.0
0.0
0.0
0.0
0.0
0.0
0.0
0.0
0.0
0.0
0.0
0.167373
0.0
0.0
0.0
0.0
0.0
0.0
0.0
0.0
0.0
0.0
0.0
0.0
0.0
0.0
0.0
0.0
0.0
0.0
0.0
0.848292
0.0
0.0
0.0
0.0
0.0
0.0
0.0
0.0
0.0
0.0
0.0
0.0
0.0
0.0
0.0
0.0
0.0
0.0
0.0
0.0
0.0
0.0
0.0
0.0
0.0
0.0
0.0
0.0
0.0
0.0
0.0
0.0
0.0
0.0
0.0
0.0
0.0
0.0
0.0
0.0
0.0
0.0
0.0
0.0
0.0
0.0
0.0
0.0
0.0
0.771185
0.0
0.0
0.0
0.0
0.0
0.0
0.0
0.0
0.0
0.0
0.0
0.0
0.0
0.0
0.0
0.0
0.0
0.0
0.0
0.0
0.0
0.0
-0.863633
0.0
0.0
0.0
0.0
0.0
0.0
0.0
0.0
0.0
0.0
0.0
0.0
0.0
0.0
0.0
0.0
0.0
0.0
0.0
0.0
0.0
0.0
0.0
0.0
1.626
0.0
0.0
0.0
0.0
0.0
0.0
0.0
0.0
0.0
0.0
0.0
0.0
0.0
0.0
0.0
0.0
0.0
0.0
0.0
0.0
0.0
0.0
0.0
0.0
0.0
0.0
0.0
0.0
0.0
0.0
0.0
0.0
0.416414
0.0
0.0
0.0
0.0
0.0
0.0
0.0
0.0
0.0
0.0
0.0
0.0
0.0
0.0
0.0
0.0
0.0
0.0
0.0
0.0
0.0
0.0
0.0
0.0
0.0
0.0
0.0
0.0
0.0
0.0
0.0
0.0
0.0
0.0
0.0
0.0
0.0
0.0
0.0
0.0
0.0
0.0
0.0
0.0
0.0
0.0
0.0
-0.896863
0.0
0.0
0.216398
0.0
0.0
0.0
0.0
0.0
0.0
0.0
0.0
0.0
-0.327133
0.0
0.0
0.0
0.0
0.0
0.0
0.0
-1.11627
0.0
0.0
0.0
0.0
0.0
0.0
0.0
0.0
0.0
0.0
0.0
0.0
0.0
0.0
0.0
0.0
0.0
0.0
0.0
0.0
0.0
0.0
0.0
0.0
0.0
0.0
0.0
0.0
0.0
0.0
0.0
0.0
0.0
0.0
0.0
0.0
0.0
0.0
0.0
0.0
0.0
0.0
0.0
0.0
0.0
0.0
0.0
0.0
0.0
0.0
-1.54016
0.0
0.0
0.0
0.0
0.0
0.0
0.0
0.0
0.0
0.0
0.0
0.0
0.0
0.0
0.0
0.0
0.0
-0.622102
0.0
0.0
0.0
0.0
0.0
0.0
0.0
0.468123
0.0
0.0
0.0
0.0
0.0
0.0
0.0
0.0
0.0
0.0
0.0
0.0
0.0
0.0
0.0
0.0
0.0
0.0
0.453904
0.0
0.0
0.0
0.0
0.0
0.0
0.0
0.0
0.0
0.0
-0.279566
0.0
0.0
0.0
0.0
0.621055
0.0
0.0
0.0
0.0
0.0
0.0
0.0
0.0
0.0
0.0
0.0
0.0
0.0
0.0
0.0
0.0
0.0
0.0
0.0
0.0
0.0
0.0
0.0
0.0
0.0
0.0
0.0
0.0
0.0
0.0
-0.93225
0.0
0.0
0.0
0.0
0.0
0.0
0.0
0.0
-0.374593
0.0
0.0
0.0
0.0
0.0
0.0
0.0
0.0
0.0
0.0
0.0
0.0
0.0
0.0
0.0
0.0
0.0
0.0
0.0
0.0
0.826994
0.0
0.0
0.0
0.0
0.0
0.0
0.0
0.0
0.0
0.0
0.0
0.0
0.0
-0.688262
0.0
0.0
0.0
0.0
0.0
0.0
0.0
0.0
0.0
0.0
0.0
0.0
0.0
0.0
-1.14934
0.0
0.0
0.0
0.0
0.0
0.0
0.0
0.0
0.0
0.0
-0.197722
0.0
0.0
-0.3809
0.0
0.0
0.0
0.0
0.0
0.0
0.0
0.0
1.76669
0.0
0.0
0.0
0.0
0.0
0.0
0.0
0.0
0.0
0.0
0.0
0.0
0.0
0.0
0.0
0.0
0.0
0.0
-0.0059256
0.0
0.0
0.0
0.0
0.0
0.0
0.0
0.0
0.0
0.0
0.0
0.0
0.0
2.17006
0.0
0.0
0.0
0.0
0.0
0.0
0.0
0.0
0.0
0.0
0.0
0.0
0.0
0.0
0.0
0.0
0.0
0.0
0.0
0.0
0.0
0.0
0.746037
0.0
0.0
0.0
0.0
0.0
0.0
0.0
0.0
0.0
0.0
0.0
0.0
0.0
0.0
0.0
0.0
0.0
0.0
0.0
0.0
0.0
0.0
0.0
0.0
0.0
0.370171
0.176698
0.333864
6.45339e-06
0.054977
-0.485791
0.617397
-0.204325
0.46082
-0.283975
0.116854
-0.0795369
0.26338
0.323189
-0.15757
0.0364889
0.0
0.0
0.0
0.0
0.0
0.0
0.0
0.0
0.0
0.0
0.0
0.0
0.0
0.0
0.0
0.0
0.0
0.0
0.0
0.0
0.0
0.0
0.0
0.0
0.0
-0.0131764
0.0
0.0
0.0
0.0
0.0
0.0
0.0
0.0
0.0
0.0
0.0
0.0
0.0
0.0
0.0
0.0
0.0
0.0
0.0
0.765906
0.0441637
0.0
0.0
0.0
0.0
0.0
0.0
0.0
0.0
0.0
0.0
0.0
-1.01294
0.0
0.0
0.0
0.0
0.0
0.0
0.0
0.0
0.0
0.0
0.0
-0.504742
0.0
0.0
0.0
0.0
0.0
0.0
0.0
0.0
0.0
0.0
0.0
0.0
0.0
0.608143
0.0
0.0
0.0
0.0
0.0
0.0
0.0
0.0
0.0
0.0
0.0
0.0
0.0
0.0
0.0
0.0
0.0
0.0
0.0
0.0
0.0
0.0
0.0
0.0
0.0
0.0
0.0
0.0
0.0
0.0
0.0
0.0
0.0
0.0
0.0
0.0
0.0
0.0
0.0
0.0
0.0
0.0
0.0
0.0
0.0
0.0
0.0
0.0
0.0
0.0
0.0
0.0
0.0
0.0
0.0
0.0
0.0
0.0
0.0
0.0
0.0
0.0
0.0
0.0
0.0
0.0
0.0
0.0
0.0
0.0
0.0
0.0
0.0
0.0
0.0
0.0
0.0
0.0
0.0
0.0
0.0
0.0
0.0
0.0
0.0
0.0
0.0
-0.301549
0.0
0.0
0.0
0.608007
0.168504
-0.161947
0.00161553
0.144942
-0.410778
0.637836
-0.350779
0.777007
-0.264526
0.224284
0.16179
0.3723
0.440464
-0.140614
0.109852
0.0
0.0
0.0
0.0
0.0
0.0
0.0
0.0
0.0
0.0
0.0
0.0
0.0
0.278179
0.0
0.0
0.0
0.0
0.0
0.0
0.0
0.0
0.0
0.0
0.0
0.0
0.0
0.0
0.0
0.0
0.381461
0.0
0.0
0.0
0.0
0.0
0.0
0.0
0.0
0.0
0.0
0.0
0.0
0.225193
0.0
0.0
0.0
0.0
0.543673
0.0
0.0
0.0
0.0
0.0
0.0
0.0
0.0
0.0
0.0
0.0
0.0
0.0
0.0
0.0
0.0
0.0
0.0
-1.10741
0.0
0.0
0.0
0.0
0.0
0.0
0.0
0.0
0.0
0.0
0.0
0.0
0.370514
0.127747
0.388672
8.75068e-05
0.00247916
-0.482073
0.612795
-0.208779
0.586598
-0.348051
0.0497963
-0.0816882
0.26463
0.343241
-0.204323
0.0664869
0.0
0.834531
0.0
0.0
0.0
0.0
0.0
0.0
-0.0174918
0.0
0.0
0.0
0.0
0.0
0.0
0.0
0.0
0.0
0.0
0.0
0.0
0.0
-1.09265
0.0
0.0
0.0
0.0
0.0
0.0
0.0
0.0
0.0
0.0
0.0
0.0
0.0
0.0
0.0
0.724059
-1.14568
0.0
0.0
0.0
0.0
0.0
0.0
0.0
0.0
-0.0565724
0.0
0.0
0.0
0.0
0.0
0.0
0.0
0.0
0.0
0.0
0.0
0.0
0.0
0.0
0.0
0.0
0.0
0.0
0.0
0.0
0.0
0.0
0.0
0.0
0.0
0.0
0.0
0.0
0.0
0.0
0.0
0.0
0.0
0.0
0.969316
0.0
0.0
0.0
0.0
0.0
0.0
0.0
0.0
0.0
0.0
0.0
0.0
0.0
0.0
0.0
0.0
0.0
0.0
1.09976
0.0
0.0
0.0
-0.586725
0.0
0.0
0.0
0.0
0.0
0.0
0.0
0.0
0.0
0.0
0.0
0.0
0.0
0.0
0.0
0.0
0.0
0.0
0.0
0.0
0.0
0.0
0.0
0.0
0.0
0.0
0.0
0.0
0.0
0.0
0.0
0.0
0.0
0.0
0.0
0.0
0.0
0.207755
-0.0809685
-0.263011
0.000927888
0.464582
-0.399365
0.662808
-0.413145
0.554076
-0.0511534
0.100639
0.0721988
0.200904
0.633417
-0.0200559
0.126566
0.0
0.0
0.0
0.5798
0.0
0.0
0.0
0.0
-0.35622
0.0
0.0
0.0
0.0
0.0
0.0
0.0
0.0
0.0
0.0
0.0
0.0
0.0
0.0
0.0
0.0
-0.790828
0.0
0.0
0.0
0.0
0.0
0.0
0.0
0.0
0.0
0.0
0.0
0.0
0.0
0.0
0.0
0.0
0.0
0.0
0.0
0.0
0.0
0.0
0.0
0.0
0.0
0.0
0.0
0.0
0.0
0.0
0.0
0.0
0.0
0.0
0.0
0.0
0.0
0.0
0.0
0.0
0.0
0.0
0.0
0.0
0.0
0.0
0.0
0.0
0.0
0.27593
0.0
0.0
0.0
0.0
-0.625755
0.0
0.0
0.0
0.0
0.0
0.0
0.0
0.0
0.0
0.0
0.0
0.0
0.0
0.0
0.0
0.0
0.0
0.0
0.0
0.0
0.0
0.0
0.0
0.0
0.0
-1.68258
0.0
0.0
0.0
0.0
0.0
0.0
0.0
0.0
0.0
0.0
0.875459
0.0
0.0
0.0
0.0
0.0
0.0
0.0
0.0
0.0
0.0
0.0
0.0
0.0
0.0
0.0
0.0
0.0
0.0
0.0
0.0
0.0
0.0
0.0
0.0
0.0
0.0
0.0
0.0
0.0
0.0
0.0
0.0
0.0
0.0
0.0
0.0
0.0
0.0
0.0
0.0
0.0
0.0
0.0
0.0
0.0
0.0
0.0
0.0
0.0
0.0
0.0
0.0
0.0
0.0
0.0
0.0
0.0
0.0
0.0
0.0
0.0
0.0
0.0
0.0
0.0
0.0
-0.589524
0.0
0.0
0.0
0.0
0.0
0.0
0.0
0.0
1.62205
0.0
0.0
0.0
0.0
0.0
0.0
0.0
0.0
0.0
0.0
0.0
0.0
0.0
0.0
0.0
0.0
0.0
0.0
0.0
0.0
0.141953
0.0
0.0
0.0
0.0
0.0
0.0
0.0
0.0
0.0
0.0
0.0
0.0
0.0
0.0
0.345167
0.0
0.0
0.0
0.0
0.0
0.0
0.0
0.0
0.0
0.0
0.0
0.0
0.0
0.0
0.0
0.0
0.0
0.0
0.0
0.0
0.0
0.0
-1.2228
0.0
0.0
0.0
0.0
0.0
0.0
0.0
0.0
0.0
0.0
0.336678
0.0
0.0
0.0
0.0
0.0
0.0
0.0
0.0
0.0
-0.133064
0.0
0.0
0.0
0.0
0.0
0.0
0.0
-0.685646
0.0
0.0
0.0
0.0
0.0
0.0
-1.28478
0.0
0.0
0.0
0.0
0.0
0.0
0.0
0.0
0.0
0.0
0.0
0.0
0.0
0.0
0.0
0.0
0.0
0.0
0.0
1.06923
0.0
0.0
0.0
0.0
-1.19371
0.0
0.0
0.0
0.0
0.480819
0.0
0.0
0.0
0.0
0.0
0.0
0.0
0.0
0.0
0.054957
0.0
0.0
0.0
0.0
0.0
0.0
-0.117982
0.0
0.0
0.0
0.0
0.0
1.10766
0.0
0.0
0.0
0.0
0.0
0.0
0.0
0.0
0.0
0.0
0.0
0.0
0.0
0.113873
0.0
0.0
0.0
-0.772733
0.0
0.0
0.0
0.0
0.0
0.0
0.0
0.0
0.0
0.0
0.0
0.0
0.0
-1.17711
0.0
0.0
0.0
0.344622
0.0
0.0
0.0
0.0
0.0
0.0
0.0
0.0
0.0
0.0
0.0
0.0
0.0
0.0
0.0
0.0
0.0
0.0
0.0
0.0
0.0
0.0
0.0
0.0
0.602341
0.0
0.0
-0.555418
0.0
0.0
0.0
0.0
0.0
0.0
0.0
0.0
0.0
0.0
0.287001
0.0626755
-0.0438942
0.00147153
-0.048101
-0.431545
0.594605
-0.280085
0.515266
-0.20208
0.205718
0.0235426
0.258464
0.347184
-0.255579
0.0937283
0.0
0.0
0.0
0.0
0.0
0.0
0.0
0.0
0.0
-0.0231347
0.0
0.00180547
0.0
0.615367
0.0
0.0
-0.236938
0.079312
-0.534162
0.00166972
0.310154
-0.360696
0.672995
-0.265936
0.638328
0.102127
0.172874
0.181864
0.406119
0.480376
-0.187016
0.0779189
0.0
0.0
0.0
0.0
0.0
0.0
0.0
0.0
0.0
0.0
0.0
0.0
0.0
0.0
0.0
0.0
-0.223935
0.107266
-0.59538
0.00278879
0.362117
-0.354879
0.712822
-0.288583
0.53512
0.00416422
0.173832
0.153531
0.275119
0.614733
-0.00388537
0.0937881
0.0
0.0
0.0
0.0
0.0
0.0
0.0
0.0
0.0
0.0
0.0
0.0
0.0
0.0
0.0
0.0
0.0
0.0
0.0
0.0
0.0
0.0
0.0
0.0
0.0
0.0
0.0
0.0
0.0
0.0
0.0
-0.315713
0.0
0.0
0.0
0.0
0.0
0.0
1.17366
0.0
0.0
0.0
0.0
0.0
0.0
0.0
-0.388695
0.0
0.0
0.0
0.0
0.0
0.0
0.0
0.0
0.0
0.0
0.0
0.0
0.0
0.0
0.0
0.0
0.0
0.0
0.0
0.0
0.0
0.0
0.0
0.0
0.0
0.0
0.0
0.0
0.0
0.0
0.0
0.0
0.0
0.0
0.0
0.0
0.0
0.0
0.0
0.0
0.0
0.0
0.0
0.0
0.0
0.0
0.0
0.0
-1.36476
0.430378
1.24452
2.33533
0.0410363
0.0362659
-0.168591
0.000506375
0.421749
3.04871
0.333799
1.98162
-1.30117
3.68984
1.1556
-0.23197
0.438588
-0.466175
-1.3987
-2.65397
0.0925149
-0.0712956
-0.355012
-0.214776
-1.51818
-2.50504
-0.205456
-1.12883
0.627717
-3.83587
-0.258038
-0.076426
-0.515564
-0.412785
-0.0929775
-0.338808
0.404713
0.245738
-0.40246
0.149353
-0.209537
0.149379
-0.186112
0.0430184
-0.329915
-0.0584474
0.401914
0.389512
0.0822272
-0.0897254
0.0614215
0.277222
-0.388524
-0.760833
1.15303
0.779684
0.0916141
-0.227502
0.130716
-0.072979
0.00555008
-0.149988
-0.0270312
-0.0886527
0.0327895
-0.0362197
-0.154163
-0.320043
0.133537
-0.0347933
-0.532582
-0.212844
-0.496134
-0.24186
0.12849
0.179806
-0.673727
-0.146151
1.81444
-0.308031
-0.0770764
1.66635
-0.327176
-0.453145
0.00858925
0.276067
-0.162049
2.04808
-0.0223775
0.0707416
-0.588807
-0.0432642
-0.0563905
-3.13537
-1.35722
2.14452
0.402258
0.426905
0.214848
0.842956
0.052801
0.0418616
0.28608
-1.13261
0.0343361
0.448788
0.190221
0.051399
0.829653
1.8565
1.30719
-0.162824
-0.298682
2.55176
1.01635
0.59983
0.0250623
-1.50065
0.123882
1.30443
1.52144
0.616455
-0.00784603
-0.718128
2.19082
0.504566
-0.540221
0.13095
0.128255
1.71964
-1.46183
-2.31831
0.0937302
2.6609
-0.450966
-0.404066
-0.581181
-0.169145
0.196837
0.201021
-0.829177
-1.23745
3.12839
-3.19081
1.49429
0.0989274
1.17214
1.81318
2.54698
2.88945
-3.09338
-0.485392
-1.30954
-0.186807
0.14999
0.197322
-0.757537
0.183248
0.772159
2.06934
2.05638
1.40428
-0.408821
2.80359
2.13478
1.48685
3.61572
2.70697
3.03851
-0.614455
-0.430451
-0.378363
0.6084
-1.60721
-4.10598
1.15016
2.71779
1.97562
-0.187925
0.252183
2.4739
-0.657874
4.64707
3.75133
-0.642048
-0.093313
-0.996565
0.130525
-1.50756
-2.6
-2.26806
0.944474
0.829699
0.0967562
-0.0183426
2.2696
0.0002444
0.252025
-0.234851
4.38883
5.07759
-1.08835
-0.504173
-1.53584
2.94966
0.258611
-0.243235
-0.589828
-0.309073
-0.393161
0.446187
-0.218194
0.046424
0.0441721
-0.0612333
-3.33219
-2.33836
-1.27229
-1.32123
-0.0850893
0.415698
-0.208637
0.368724
0.271881
0.201415
0.784994
0.110094
-0.0990677
-0.0017827
-0.334028
-0.345899
0.517657
1.89436
0.590956
2.13932
-0.820571
-0.18269
-2.09361
-0.0649875
0.923433
0.348933
-0.92536
-0.399303
-1.12901
0.0948499
0.0452235
-0.298016
-0.565869
-0.0440061
1.60378
-2.37357
2.53824
-0.901264
1.23842
1.07042
-0.889415
-0.426813
0.253733
0.0106115
0.214724
0.0230341
0.00793723
-1.91619
0.529563
0.153636
-1.75749
2.30837
-2.59444
-0.19773
-0.41068
0.607019
0.0812964
0.0153565
-1.09123
-0.308097
0.2444
0.0880977
0.228465
0.626804
-0.697038
-1.12147
-0.178206
-2.53801
2.50127
-1.13578
3.01607
0.305886
-1.45152
-0.839775
-3.5874
1.10426
-0.595694
0.0861203
0.000366066
-0.176616
-1.82332
-0.101868
-0.129652
0.799121
0.154796
0.388868
4.14388
-0.105343
1.67896
-0.40145
-1.78257
0.989899
-0.668859
0.0550433
0.0218282
-0.219965
-0.213
-0.704997
0.212522
0.112355
-0.0275293
-0.466955
-2.88796
-2.34656
-0.600335
0.14147
0.527328
-1.86164
-0.0833094
2.20121
0.0795956
-0.695281
0.504701
-0.123483
0.154146
-0.021957
0.0715541
-0.159464
-1.15789
0.130886
1.00362
-2.6113
0.0906715
-0.129106
-0.854608
0.0447372
-1.42459
0.32766
0.177743
0.150542
-0.0229724
-0.0608686
-0.0303106
0.232787
-0.224456
-0.0177458
-1.98565
1.90477
1.9391
-1.9583
3.29504
-5.06942
-1.93512
-0.618649
-1.91717
-1.57951
-5.21003
-0.284485
-0.203831
-3.74932
-0.0491638
1.11369
-1.4546
-0.948704
-0.164273
1.44975
-2.23623
-0.0506144
-0.370591
-2.18319
3.79219
-3.27158
3.36085
-5.14398
2.19327
-5.0744
-4.35251
0.269024
2.39321
-2.75618
-3.22072
-2.45434
-4.76007
-3.03687
-2.38076
2.10237
-0.549924
-3.09003
1.38781
-1.3286
-3.65755
0.454624
-1.15923
3.44434
2.88599
0.105657
3.48013
-8.15213
-2.83435
3.53448
-3.5557
0.38708
-5.25404
1.54134
-0.802481
1.64122
-0.142218
-1.77944
-0.709538
0.232046
-1.26011
-2.19918
0.516186
0.984447
-2.39926
1.95999
