[293, 25, 25, 4]
0.0
0.0
0.0
0.0
0.0
0.0
0.0
0.0
0.0
0.0
0.0
0.0
0.0
0.0
0.0
0.0
0.0
0.0
0.0
0.0
0.0
0.0
0.0
0.0
0.0
0.0
0.0
0.0
0.0
0.0
0.0
0.0
0.0
0.0
0.0
0.0
0.0
0.0
0.0
0.0
0.0
0.0
0.0
0.0
0.0
0.0
0.0
0.0
0.0
1.48662
0.0
0.0
0.0
0.0
0.0
0.0
0.0
0.0
0.0
0.0
0.0
0.0
0.0
0.0
0.0
0.0
0.0
0.0
0.0
0.0
0.0
0.0
0.0
0.0
0.0
0.0
0.0
0.0
0.0
0.0
0.0
0.0
0.0
0.0
0.0
0.0
0.0
0.0
0.0
0.0
0.0
0.0
0.0
0.0
0.0
0.0
0.0
0.0
0.0
-0.745967
0.0
0.0
0.0
0.0
0.0
0.0
0.0
0.0
-0.501592
0.0
0.0
0.0
0.0
0.0
0.0
0.0
0.0
0.0
0.0
0.0
0.0
0.0
0.0
0.0
0.0
-0.167605
0.0683868
1.80435
0.178427
-0.0222801
1.74269
-0.390021
0.629826
0.098844
0.48752
-0.2215
-0.144297
-0.12177
0.140712
0.333205
0.248987
-0.349814
-0.134086
-0.175786
0.486108
1.03992
0.0741515
0.667972
0.228201
-0.199116
0.0
0.0
0.0
0.0
0.0
0.0
0.0
0.0
0.0
0.0
0.0
0.0
0.0
0.0
0.0
0.0
0.0
0.0
0.0
0.0
0.0
0.0
0.0
0.0
0.0
-0.254341
0.797643
1.84757
0.186427
-0.458691
1.90633
-0.238644
0.375793
-0.0905654
0.168277
0.35174
0.347774
0.414192
0.0610115
0.394929
0.151423
-0.0436859
-0.555852
-0.2418
-0.0123824
1.07786
0.174386
0.852112
0.461598
0.0266171
0.0597517
0.414573
1.09914
0.277798
0.198772
1.96061
-0.0471841
1.0446
0.0513746
0.645178
-0.22788
0.193342
0.863192
0.0177696
0.694892
0.0156352
-0.657373
-0.773357
-0.487564
0.0396961
1.04189
0.115112
-0.386863
0.250666
-0.494818
0.0
0.0
0.0
0.0
0.0
0.0
0.0
0.0
0.0
0.0
0.0
0.0
0.0
0.0
0.0
0.0
0.0
0.0
0.0
0.0
0.0
0.0
0.0
0.0
0.0
0.120986
0.847059
1.5792
-0.221157
-0.784458
1.28035
-0.320863
-1.48164
0.259085
-0.39306
-0.0965783
-0.620475
1.47358
-0.186614
0.379069
-0.0867389
-1.41611
-0.186612
0.0404817
-0.144018
1.34897
0.136328
0.170703
-0.573688
0.0211302
0.0
0.0
0.0
0.0
0.0
1.33849
0.725029
0.0685888
0.0
0.0
0.0
0.0
0.0
0.0
0.0
0.0
0.0
0.0
0.0
0.0
0.0
0.0
-1.19551
0.0
0.0
0.0
0.0
0.0
0.0
0.0
0.0
0.0
0.0
0.0
0.0
0.0
0.0
0.0
0.0
0.0
0.0
0.0
0.0
0.0
0.0
0.0
0.0
0.0
0.0
0.0
0.0
0.0
0.0
0.0
0.0
0.0
0.0
0.0
0.0
0.0
0.0
0.0
0.0
0.610825
0.0
0.0
0.0
0.0
0.0
0.652988
0.0
0.0
0.0
0.0
0.0
0.0
0.0
0.0
0.0
1.30875
0.0
0.0
0.0
0.0
0.0
0.0
0.0
-3.19731
0.0
0.0
0.0
0.0
-0.01081
0.0
0.0
0.0
0.0
0.0
0.77938
0.0
0.0
0.0
0.0
0.0
0.0
0.0
0.0
0.0
0.0
0.0
0.101378
0.0
0.0
0.0
0.0
0.0
0.0
0.0
0.0
0.0
0.0
0.0
0.0
0.0
0.0
0.0
0.0
0.0
0.0
0.0
0.0
0.0
0.0
0.0
0.0
0.0
0.0
0.0
0.0
0.0
0.0
0.0
0.0
0.0
-1.29497
0.0
0.0
0.0
0.0
0.0
0.0
0.0
0.0
0.0
0.0
0.0
0.0
0.0
0.0
0.0
0.0
0.0
0.0
0.0
0.0
0.0
0.0
0.0
0.0
0.0
0.0
0.0
0.0
0.0
0.0
0.0
0.0
0.0
0.0
0.0
0.0
0.0
0.0
0.0
0.0
0.0
0.0
0.0
0.0
0.0
0.0
0.0
0.0
0.0
0.955037
0.0
0.0
0.0
0.0
0.0
0.0
0.0
0.0
0.0
0.0
0.0
0.0
0.0
0.0
0.0
0.0
0.0
0.0
0.0
0.0
0.0
0.0
0.0
0.0
0.0
0.0
0.0
0.0
0.0
0.0
0.0
0.0
0.0
-0.43547
0.0
0.0
0.0
0.0
0.0
0.0
0.0
0.0
0.0
0.0
0.0
0.0
0.0
0.0
0.0
0.0
0.0
0.0
0.0
0.0
0.0
-0.0934289
0.143876
0.587892
-0.34703
-0.473351
-0.45897
-0.237256
-0.0868983
-0.362456
-0.0519383
0.0191404
0.065906
0.0362273
0.344907
0.557215
-0.107343
0.0269935
0.839177
0.0329626
-0.538164
0.203244
-0.464973
-0.117847
0.0602101
-0.592326
0.0
0.0
0.0
0.0
0.0
0.0
0.0
0.0
0.0
0.0
0.0
-1.71604
-0.629014
0.0
0.0
0.0
0.0
0.0
0.543375
0.0
0.0
0.0
0.0
0.0
0.0
0.0
0.0
1.38747
0.0
0.0
0.0
0.0
0.0
0.0422803
0.0
0.0
0.0
0.0
0.0
0.0
0.0
0.0
0.0
0.0
0.0
0.0
0.0
0.0
0.0
0.0
0.0
0.0
0.0
0.0
0.0
0.0
0.0
0.0
0.0
0.0
0.0
0.0
0.0
0.0
0.0
0.0
0.0
0.0
0.0
0.0
0.0
0.0
0.0
0.0
0.0
0.0
1.20682
0.0
0.0
0.0
0.0
0.0
0.0
0.0
0.0
0.0
0.0
0.0
-1.42347
0.0
0.0
0.0
0.0
0.0
0.0
0.0
0.0
0.0
0.0
0.0
0.0
0.0
0.0
0.0
0.0
0.0
0.0
0.0
0.0
0.0
0.0
0.0
0.0
0.0
0.0
0.0
0.0
0.0
0.0
0.0
0.0
0.0
0.0
0.0
0.0
0.0
0.0
0.0
0.0
0.0
0.0
0.0
0.0
0.0
0.0
0.0
0.0
0.0
0.0
0.0
0.0
0.0
0.0
0.0
0.0
0.0
0.0
0.0
0.0
0.0
0.298993
-0.58764
0.688505
-0.307099
-0.00307286
0.727242
0.424604
-0.171368
1.35792
-0.176355
0.651876
0.51566
-0.214617
-0.253631
0.426758
0.173128
-1.33248
-0.482113
0.352777
0.0165516
2.61432
1.67597
0.241905
-0.288925
0.000631383
0.0
-2.40823
0.0
-0.632374
0.0
0.0
0.0
0.0
0.0
0.0
0.0
0.0
0.0
-1.49096
0.0
0.0
0.0
0.0
0.0
0.0
0.0
0.0
0.0
0.0
0.0
0.71032
-0.58815
-1.28316
0.268934
0.263092
-0.0104972
-0.327486
1.32367
0.125766
0.425363
1.25279
-1.00376
-1.82988
0.293142
1.34777
0.358592
0.0421549
1.57116
0.0495196
-1.24344
2.3614
-0.0976508
0.845128
-0.60447
0.046454
0.0
0.0
0.0
0.0
0.0
0.0
0.0
0.0
0.0
0.0
0.0
0.0
0.0
0.0
0.0
0.0
0.0
0.0
0.0
0.0
0.0
0.0
0.0
0.0
0.0
0.0
0.0
0.0
0.0
0.0
0.0
0.0
-0.252883
0.0
0.0
0.0
0.0
0.0
0.0
0.0
0.0
0.0
0.0
0.0
0.0
0.0
0.0
0.0
0.0
0.0
0.0
0.0
0.0
0.0
0.0
0.0
0.0
0.0
0.0
0.0
0.0
0.0
0.0
0.0
0.0
0.0
0.0
0.0
0.0
1.05071
0.0
0.0
0.0
0.0
0.980177
0.0
0.0
0.0
0.0
0.0
0.0
0.0
0.0
0.0
0.0
0.0
0.0
0.0
0.0
0.0
0.0
0.0
0.0
0.0
0.0
0.0
-2.65471
0.0
0.0
0.0
0.0
0.0
0.0
0.884067
0.0
0.0
0.0
0.0
-0.730721
0.0
0.0
0.930156
0.0
0.0
0.0
0.0
0.0
0.0
0.0
0.0
0.0
0.0
0.0
0.0
0.0
0.0
0.0
0.0
0.0
0.0
0.0
0.0
0.0
0.0
0.0
0.0
0.0
0.0
0.0
0.0
0.0
0.0
0.0
0.0
0.210613
0.0
0.0
0.0
0.209508
0.0
-0.163231
-0.228345
1.28168
-0.00594425
-0.735093
1.55627
-0.302184
-0.366426
0.891205
-0.0507315
-0.0639947
-0.328102
-0.410684
-0.33881
0.17571
0.170476
-0.312079
0.998682
0.00217904
0.741403
0.63326
-0.520408
-0.146163
0.0952444
0.0622496
-0.9844
0.0
0.0
0.0
0.0
0.0
0.0
0.0
0.0
0.0
0.0
0.0
0.0
0.0
0.0
0.0
0.0
0.0
0.0
0.0
0.0
0.0
0.0
-0.368567
0.777369
0.0
0.0
0.0
0.0
0.0
0.0
0.0
-0.641305
0.0
0.0
0.0
0.0
0.0
0.0
0.0
0.0
-0.289204
0.0
0.0
0.0
0.0
-0.113838
0.0
0.0
0.0
0.0
0.632087
0.0
0.0
0.0
0.381386
0.0
0.0
0.0
0.0
0.0
0.0
0.0
0.0
0.0
0.18126
0.0
0.0
0.0
0.0
0.0
0.0
2.9057
0.0
0.0
0.0
0.0
0.0
0.0
0.0
0.0
0.0
0.0
0.0
0.0
0.0
0.0
0.0
0.0
0.0
0.0
0.0
0.0
0.0
0.0
-1.08145
0.0
0.0
0.0
0.0
0.0
0.0
0.0
0.0
0.0
0.0
0.0
0.0
0.0
0.0
0.0
0.0
0.0
0.0
0.0
0.0
0.0
0.0
0.0
0.0
0.0
0.0
0.0
0.0
0.0
0.0
0.0
0.0
0.0
0.0
0.0
0.0
0.0
-0.730482
0.0
0.0
0.0
0.0
0.0
0.0
0.0
0.0
0.0
0.0
0.0
0.0
0.0
0.0
0.592983
0.0
0.0
0.0
0.0
0.0
0.0
0.0
0.0
0.0
0.0
0.0
0.0
0.0
0.0
0.0
0.0
0.0
0.0
2.02802
0.0
0.0
0.0
0.0
0.0
0.0
0.0
0.0
0.0
0.0
1.21317
0.0
0.0
0.0
0.0
0.0
0.0
0.0
0.0
0.0
0.0
0.0
0.656528
0.0
0.0
-1.46614
0.0
0.0
0.0
0.0
0.0
-0.0373449
0.0
0.0
0.0
0.0
0.0
0.0
-2.27153
0.0
0.0
0.0
0.0
0.0
0.0
0.0
0.0
0.0
0.0
0.0
0.0
0.0
0.0
0.0
0.0
0.0
0.0
0.0
0.0
0.0
0.0
0.0
0.0
0.0
0.0
0.0
0.0
0.0
0.0
0.0
0.0
0.0
0.0
0.0
0.0
0.0
0.0
0.0
0.0
0.0
0.0
0.0
-1.57066
0.540826
-0.15041
0.233738
0.505877
-0.0463259
0.304207
0.0960719
-1.94863
-0.0271011
0.626216
-0.56915
-0.609591
-0.521032
0.726628
-0.0780983
0.989886
0.046042
-0.273784
0.152788
-0.201952
-0.0472789
0.113538
-0.289078
-0.0436189
0.788361
0.0
0.0
0.309147
0.0
0.0
0.0
0.0
0.0
0.0
0.0
1.41835
0.0
0.0
0.0
0.0
0.0
0.0
0.0
0.0
0.0
0.0
0.0
0.0
0.0
0.0
0.0
0.0
0.0
-0.199425
0.0
0.0
0.0
0.0
0.0
0.0
0.0
0.0
0.0
0.0
0.0
0.0
0.0
0.0
0.0
0.0
0.0
0.0
0.0
0.0
0.0
0.0
0.0
0.0
0.0
0.0
0.0
0.0
0.0
0.0
0.0
0.0
0.0
0.0
0.0
0.0
0.0
0.0
0.0
0.0
0.0
0.0
0.0
0.0
0.0
0.0
0.0
0.0
0.0
0.0
0.0
0.0
0.0
0.0
0.0
0.0
0.0
0.0
0.0
0.0
0.0
0.0
0.798087
0.0
0.0
0.0
0.0
0.0
0.0
0.0
0.511482
0.238088
0.0838245
0.0918388
0.186138
-1.18766
1.13015
0.163428
0.60819
-0.0262663
0.279053
0.853045
-0.152968
-0.524117
0.0626122
-0.0303725
0.219524
-0.15416
1.0585
-0.219337
0.180482
-1.22673
0.154264
0.163276
0.0724895
0.0
0.0
0.0
0.0
0.0
0.0
0.0
0.0
0.0
0.0
1.17293
0.0
0.0
0.0
0.0
0.0
0.0
0.0
0.0
0.0
0.0
0.0
0.0
0.0
0.0
0.0
0.0
0.0
1.54752
0.0
0.0
0.0
0.0
0.0
0.0
0.0
0.0
0.0
0.0
0.0
0.0
0.0
0.0
0.0
0.0
0.0
0.0
0.0
0.0
0.0
0.0
0.0
0.0
0.0
0.0
0.0
0.0
0.0
0.0
0.305805
0.0
0.0
0.0
0.0
0.0
0.0
0.0
0.0
0.0
0.727979
0.0
0.0
0.0
0.0
0.0
0.0
0.0
0.0
0.0
0.0
0.0
0.0
0.0
0.75017
0.0
0.0
0.0
0.0
0.0
0.0
0.0
0.0
0.0
0.0
0.0
0.0
0.0
0.0
0.0
-0.380009
0.0
0.0
0.0
0.0
0.0
0.0
0.0
0.0
0.0
0.0
0.0
0.0
0.0
0.0
0.0
0.0
0.0280413
0.0
0.0
0.0
0.0
0.0
0.0
0.0
0.0
0.0
0.0
0.0
0.0
0.0
0.0
0.0
0.0
0.0
0.0
0.0
0.0
0.0
0.0
0.0
0.0
0.0
0.0
0.0
0.0
0.0
0.0
0.0
0.0
0.0
0.0
0.0
0.0
0.0
0.0
0.0
0.0
0.0
0.0
0.0
0.0
0.0
0.0
0.0
0.0
0.0
0.0
0.0
0.0
-1.66345
0.0
0.0
0.0
0.0
0.0
0.0
0.0
0.0
0.0
0.0
0.0
0.0
0.0
0.0
0.0
0.0
0.0
0.517306
0.0
0.0
0.0
0.0
0.0
0.0
0.0
0.0
0.0
0.0
0.0
0.0
0.0
0.0
0.0
0.325434
0.745365
0.0
0.0
0.0
0.0
0.0
0.0
0.0
0.0
0.0
0.0
0.0
0.0
0.0
0.0
0.0
0.0
0.0
0.0
0.0
0.0
0.0
0.0
0.0
0.0
0.0
0.0
0.0
0.0
0.0
0.0
0.0
0.0
0.0
0.0
0.0
0.0
0.0
0.0
0.0
0.0
0.0
0.0
0.0
0.0
0.0
0.0
0.0
0.0
0.0
0.0
0.0
0.680935
0.279052
0.0
0.0
1.04108
0.0
0.0
0.0
0.0
0.0
0.0
0.0
0.0
0.0
0.0
0.0
-0.504745
0.0
0.0
0.0
0.0
0.0
0.0
0.0
0.0
0.0
0.0
0.0
0.0
0.0
0.0
0.0
0.0
0.0
0.0
0.0
0.0
0.0
0.0
0.0
0.0
0.0
0.0
0.185102
0.0
0.0
0.0
0.0
0.0
0.0
0.0
0.0
0.0
0.0
0.0
0.0
0.0
0.0
0.0
0.0
0.0
0.0
0.0
0.0
0.0
0.0
0.0
0.0
0.0
0.0
0.0
0.0
0.0
0.0
0.0
0.0
0.0
0.0
0.0
0.0
0.0
0.0
0.0
0.0
0.0
0.0
0.0
0.0
0.0
0.0
0.0
0.0
0.0
0.0
0.0
0.0
0.0
0.0
0.0
0.0
0.0
0.0
0.0
0.0
0.0
0.0
0.0
0.0
0.0
0.0696526
0.0
0.0
0.0
0.0
0.0
0.0
0.0
0.0
0.0
0.114131
0.107169
0.072464
0.0134789
0.135227
-0.111937
1.02161
0.146261
0.574205
-0.0705812
0.150038
-0.105842
-0.356895
-0.282218
-0.452098
-0.0112406
0.0838315
-0.00444688
-0.0593651
0.346884
-0.12526
-0.970258
-0.00190266
0.107289
-0.102164
-0.713772
0.0
0.0
0.0
0.0
0.0
0.0
0.0
0.0
0.0
0.0
0.0
0.0
0.0
0.0
0.0
0.0
0.0
0.0
0.0
0.0
0.0
0.0
0.0
0.0
0.0
0.0
0.0
0.0
0.0
0.0
0.0
0.0
0.0
0.0
0.0
0.0
0.0
0.0
0.0
0.0
0.0
0.0
0.0
0.0
0.0
0.0
0.0
0.0
0.0
0.0
0.0
0.0
0.0
0.0
0.0
0.0
0.0
0.0
0.0
0.0
0.0
0.0
0.0
0.0
0.0
0.0
0.0
0.0
0.0
0.0
0.0
0.0
0.0
0.0
0.0
0.0
-0.459493
0.0
0.0
0.0
0.0
0.0
0.0
0.0
0.0
0.0
0.0
0.0
0.0
0.0
0.0
0.0
0.0
0.0
0.0
0.0
0.0
0.0
0.0
0.0
0.0
0.0
0.0
0.0
0.0
0.0
0.0
0.0
0.0
0.0
0.0
0.0
0.0
0.0
0.0
0.0
0.0
0.0
0.0
0.0
0.0
0.0
0.0
0.0
0.0
0.0
0.0
0.0
0.0
0.0
0.0
0.0
0.0
0.0
0.0
0.0
0.0
1.22919
0.0
0.0
0.0
0.0
1.3625
0.0
0.708616
0.0
0.0
0.0
0.0
0.0
0.0
0.0
0.0
0.0
0.0
0.0
0.0
0.0
0.0
0.0
0.0
0.0
0.0
0.0
0.0
0.0
0.0
0.0
0.0
0.0
0.0
0.0
0.0
0.0
0.0
0.0
0.0
0.0
0.0
0.0
0.0
0.0
0.0
0.0
0.0
0.0
0.0
0.0
0.0
0.0
0.0
0.0
0.0
0.0
0.0
0.0
0.0
0.0
0.0
0.0
-1.76735
0.569435
0.0
0.0
0.0
0.0
0.0
0.0
0.0
0.0
0.0
0.0
0.0
0.0
0.0
0.0
0.0
0.0
0.0
0.0
-0.726939
0.0
0.0
1.59999
0.0
0.0
0.0
0.0
0.0
0.0
0.0
0.0
0.0
0.0
0.0
0.0
0.0
0.0
0.0
0.0
0.0
0.0
0.0
0.0
0.0
0.0
0.0
0.0
0.0
0.0
0.0
0.0
0.0
0.0
0.0
0.0
0.0
0.0
0.0
0.0
0.0
0.0
0.0
0.0
0.0
0.0
0.0
0.0
0.0
0.0
0.0
0.0
0.0
0.0
0.0
0.0
0.0
0.0
0.0
0.0
0.0
0.0
0.0
0.0
0.0
0.0
0.0
0.0
0.0
0.0
0.0
0.0
0.0
0.0
0.0
0.0
0.0
0.0
0.0
0.0
0.0
0.0
0.0
0.0
0.0
0.0
0.0
0.0
0.0
0.0
0.0
0.0
0.0
0.0
0.0
0.0
0.0
-0.243233
0.0
0.0
0.0
0.0
0.0
0.0
-0.852823
0.113183
-0.431138
-0.0969264
0.0901573
0.0995301
0.228405
0.471947
-1.74962
0.481974
0.141446
-0.285197
-0.142506
-0.438027
0.874599
-0.0594821
0.838752
0.335263
-0.137192
-0.465431
-0.0716758
0.133201
-0.797905
-0.68928
-0.221342
-0.226398
0.0
0.0
0.0
0.0
0.0
0.0
0.0
-1.3153
0.0
0.0
0.0
-1.92095
0.0
0.0
0.0
0.0
0.0
1.48718
0.0
0.0
0.0
0.0
0.0
0.0
0.0
0.0
0.0
0.0
0.0
0.0
0.0
0.0
0.0
0.0
0.0
0.0
0.0
0.0
-0.00888303
0.0
0.0
0.0
0.0
0.0
0.0
0.0
0.0
0.0
0.0
0.0
0.0
0.0
0.0
0.0
0.0
0.0
1.2512
0.0
0.0
0.0
0.0
0.0
0.0
0.0
0.0
0.0
0.0
0.0
0.0
0.0
0.0
0.0
-1.91648
0.0
0.0
0.0
0.0
0.0
0.0
0.0
0.0
0.0
0.0
0.0
0.0
0.0
0.0
0.0
0.0
1.3465
-1.16062
0.0
0.0
0.0
0.0
0.0
2.54565
0.0
0.0
0.0
0.0
0.0
0.0
0.0
-1.10935
0.0
0.0
0.0
0.0
0.0
0.0
0.0
0.0
0.0
0.0
0.0
0.0
0.0
0.0
0.0
0.0
0.0
0.0
0.0
-0.217012
0.0
0.0
0.0
0.0
0.0
0.0
0.0
0.0
0.0
0.0
0.0
0.0
0.0958297
0.0
0.0
0.0
0.0
0.0
0.0
0.0
0.0
0.0
0.0
0.0
0.0
0.0
0.0
0.0
0.0
0.0
0.0
0.0
0.0
0.0
0.0
0.0
0.0
0.0
0.0
0.0
0.0
0.0
0.0
0.0
0.0
0.0
0.0
0.0
1.30028
0.0
0.0
0.0
0.0
0.0
0.0
0.0
0.0
0.0
0.0
0.0
0.0
0.0
0.0
0.0
0.0
0.0
0.0
0.0
0.0
0.0
0.0
0.0
0.0
0.0
0.0
0.0
0.0
0.0
0.0
0.0
0.0
0.0
0.0
0.0
0.0
0.0
0.757787
0.0
0.0
0.0
0.0
0.0
0.0
0.0
0.0
0.0
0.0
0.0
0.0
0.0
0.0
0.0
0.0
0.0
0.0
0.0
0.0
0.0
0.0
0.0
0.0
-0.1421
0.0
0.0
0.0
0.0
0.0
0.0
0.0
0.0
0.0
0.0
1.06321
0.0
0.0
0.0
0.0
0.0
0.722452
0.0
0.0
0.0
-0.767187
0.0
0.0
0.0
0.0
0.0
0.0
0.0
0.0
0.0
0.0
0.0
0.0
0.0
0.0
0.0
0.0
0.0
0.0
0.0
0.0
0.0
0.0
0.0
0.0
0.0
0.0
0.0
0.0
0.0
0.0
0.0
0.0
0.0
0.0
0.0637679
0.0
0.0
0.0682805
0.0
0.0
0.0
0.0
0.0
0.0
0.0
0.0
0.0
0.0
0.0
0.0
0.0
0.0
0.0
0.0
0.0
0.0
0.0
0.0
0.0
0.0
0.0
0.0
0.0
0.0
0.0
0.0
0.0
0.0
0.0
0.0
0.0
0.0
0.0
0.0
0.0
0.0
-0.184438
0.0
0.0
0.0
0.0
0.0
1.21008
0.355941
0.0
0.0
0.0
0.0
0.0
0.0
0.0
0.0
0.0
0.0
0.0
0.0
0.0
0.0
0.0
0.0
0.0
0.0
0.0
0.0
0.0
0.0
0.0
0.0
0.0
0.0
0.0
0.0
0.0
0.0
0.0
0.0
0.0
0.0
0.0
0.0
0.0
0.0
0.0
0.0
0.0
0.0
0.0
0.0
0.0
0.0
0.0
0.0
0.0
0.0
0.0
0.0
0.891353
0.0
0.0
0.0
0.0
-0.480172
0.0327259
-0.264295
-0.0486607
-0.191295
-0.0218276
-0.028647
0.186705
-1.94141
0.556536
0.0737726
-0.30963
-0.101584
-0.281991
0.511957
-0.0773982
0.398746
0.493958
-0.0861827
-0.128285
0.0543706
-0.0751751
-0.660671
-1.03317
-0.139462
0.0
0.0
0.0
0.0
0.0
0.0
0.0
0.0
0.0
0.0
0.0
0.0
0.0
0.0
0.0
0.0
0.0
0.0
0.0
0.0
0.0
0.358062
0.0
0.0
0.0
0.277595
1.65705
0.040858
0.222044
-0.519284
-0.141472
0.968089
0.633937
0.460405
1.02333
0.0990111
-0.0259183
0.0891595
0.0322401
-0.737893
-0.0568848
-0.485522
-0.137375
-0.304646
0.316494
0.0660611
-0.956167
0.235172
0.3444
-0.0119313
0.0
0.0
0.0
0.0
0.0
0.0
-0.35264
0.0
0.0
0.0
0.0
0.0
0.0
0.0
0.0
0.0
0.0
0.0
1.61769
0.0
0.0
0.0
0.0
0.0
0.0
0.0
0.0
0.0
-0.0768526
0.0
0.0
0.0
0.0
0.230815
0.0
0.0
0.0
0.0
0.923182
0.0
0.0
0.0
0.0
0.0
0.0
0.0
0.0
0.0
0.593451
0.0
0.0
0.0
0.0
0.0
0.0
0.0
0.0
0.0
0.0
0.0
0.0
0.0
0.0
0.0
0.19204
0.0
0.0
0.0
0.0
0.0
0.0
0.0
0.0
0.0
0.0
0.0
0.0
0.0
0.0
0.0
0.0
0.0
0.0
0.0
0.0
0.0
0.0
0.0
0.0
0.0
1.25842
0.0
0.0
0.0
0.0
0.677868
0.0
0.0
-0.748043
0.0
0.0
-0.438301
0.0
0.0
0.169935
0.0
0.0
0.0
0.0
0.0
0.0
0.0
0.0
0.0
0.0
0.0
0.0
0.0
0.0
0.0
0.0
0.0
1.24382
0.0
0.0
0.0
0.0
0.0
0.0
0.0
0.0
0.0
0.0
0.0
0.0
0.0
0.0
0.0
0.0
0.0
0.0
0.0
0.0
0.0
0.0
0.0
0.265653
0.0
0.0
0.0
0.0
0.0
0.0
0.0
0.0
1.08072
0.0
0.0
0.0
0.0
0.0
0.0
0.0
0.0
0.0
0.0
0.0
0.0
0.0
0.0
0.0
0.0
0.0
0.0
0.0
0.0
0.0
0.0
0.0
0.0
0.0
0.0
0.0
0.0
0.0
0.0
0.0
0.0
0.0
0.0
0.0
0.0
0.0
0.0
0.0
0.0
0.0
0.0
0.0
0.0
0.751636
0.0
0.0
0.0
0.0
0.0
0.0
0.0
0.0
0.0
0.0
0.0
0.0
0.989168
0.0
0.0
0.0
0.0
0.0
0.0
0.0
0.0
0.0
0.0
0.0
0.0
0.0
0.0
0.0
0.0
0.0
0.0
0.0
0.0
0.0
0.0
0.0
0.0
0.0
-0.0212875
0.0
0.0
0.0
0.0
0.0
0.0
0.0
0.0
0.0
0.0
0.0
0.0
0.0
0.0
0.0
0.0
0.0
0.0
0.0
0.0
0.0
0.0
-0.00166592
0.0
0.0
0.0
0.0
0.0
0.0
0.0
0.0
0.0
0.0
0.0
0.0
0.0
0.0
0.0
0.0
0.0
0.0
0.0
0.0
0.0
0.0
0.0
0.0
0.0
0.0
0.0
0.0
0.0
0.0
0.0
0.0
0.0
0.0
0.0
-0.261396
0.0
0.0
0.0
0.0
0.0
0.0
0.0
0.0
0.79464
0.0
0.0
0.0
0.0
0.0
0.0
0.0
0.0
-1.10399
0.0
0.0
0.0
0.0
0.0
0.0
0.0
0.0
0.0
0.0
0.0
0.0
0.0
0.0
0.0
0.0
0.0
0.0
0.0
0.0
0.0
0.0
0.0
0.0
0.0
0.0
0.0
0.0
0.0
0.0
0.0
0.0
0.0
0.0
0.0
0.0
0.0
0.0
0.0
0.0
0.0
0.0
0.0
0.0
0.0
0.0
0.0
0.0
0.0
0.0
0.0
0.0
0.0
0.0
0.0
0.0
0.0
0.0
-0.577265
-0.359655
-0.435603
0.0437942
-0.118114
-0.756066
-0.62133
0.35657
-1.72027
0.248308
0.215852
0.0616321
0.202258
-0.066708
0.449651
-0.0204803
0.563913
1.16491
-0.0974607
-0.314244
0.10561
0.692304
-0.999399
-0.347407
0.0355037
0.212513
-0.0357863
0.103571
0.084079
-0.260139
-0.284014
0.967629
0.468071
0.589454
0.292768
-0.233019
-0.019379
-0.133282
0.0350365
-0.657417
0.00772995
-0.135268
-0.0797462
-0.197536
0.338559
-0.232463
-0.836462
-0.0174052
-0.0104796
-0.0338794
0.786338
0.0
0.0
0.0
0.0
0.0
0.856727
0.0
0.0
0.0
0.0
0.0
0.0
0.0
0.0
0.0
0.0
0.0
0.0
0.0
0.0
0.0
0.0
0.0
0.0
0.0
0.0
0.0
0.0
0.0
0.0
0.0
0.0
0.0
0.0
0.0
0.0
0.0
0.0
0.0
0.0
0.0
0.0
0.0
-0.372171
0.0
0.0
0.0
0.0
0.0
0.0
0.0
0.0
0.0
0.0
0.0
0.0
0.0
0.0
-0.0677957
0.0
0.0
0.0
0.0
0.0
0.0
0.0
-0.772621
0.0
0.0
0.0
0.0
0.0
0.0
0.0
0.0
0.0
0.0
0.0
0.0
0.0
0.0
0.490773
0.0
0.0
0.0
0.0
0.0
0.0
-0.899253
0.0
0.0
0.0
0.0
0.0
0.0
0.0
0.0
0.0
0.0
0.0
0.0
0.0
0.0
0.0
0.0
0.0
0.0
0.0
0.0
0.0
0.0
0.0
0.0
0.0
0.0
0.0
0.0
0.0
0.0
0.0
0.0465066
0.0
0.0
0.0
0.0
0.0
0.0
0.0
0.0
0.0
0.0
0.0
0.0
-0.0938785
0.0
0.0
0.0
0.0
0.0
0.0
0.0
0.0
0.0
0.0
0.0
0.0
0.0
0.0
0.0
0.0
0.0
0.0
0.0
0.0
0.0
0.0
0.0
0.0
0.0
0.0
0.0
0.0
0.0
0.0
0.0
0.0
0.0
0.0
0.0
0.0
0.0
0.0
0.0
0.0
0.0
0.0
0.0
0.0
0.0
0.0
0.0
0.0
0.0
0.0
0.0
0.0
0.0
0.0
0.0
-0.00216153
0.0
0.0
0.0
0.0
0.0
0.0
0.0
0.0
0.0
0.475322
0.0
0.0
0.0
0.0
0.0
0.0
0.684309
0.0
0.0
0.0
0.0
-1.37908
0.0
-0.753415
0.0
0.0
0.0
0.0
0.0
0.0
0.0
0.0
0.0
0.0
0.0
0.140726
0.0
0.0
0.0
0.0
0.0
0.0
0.0
0.0
0.0
0.0
0.0
0.0
2.03395
0.0
0.0
-1.84574
0.0
0.0
0.0
0.0
0.0494935
0.0
0.0
0.0
0.0
0.0
0.0
0.0
0.0
0.0
0.0
0.0
0.0
0.0
0.0
0.0
0.0
0.0
0.0
0.0
0.0
0.0
0.0
0.0
0.0
0.0
0.0
0.0
0.0
0.0
0.0
0.0
0.0
-0.0756972
0.0
0.0
0.0
0.0
0.0
0.0
0.0
0.0
0.0
0.0
0.0
0.0
0.0
0.0
0.0
0.0
0.0
0.0
0.0
0.0
0.0
1.07576
0.0
1.0021
0.0
0.0
0.0
0.0
0.0
0.0
0.0
-0.102372
0.0
0.0
0.0
0.0
0.0
0.0
0.0
0.0
0.0
0.0
0.0
0.0
0.0
0.0
0.0
0.0
0.0
0.0
0.0
0.0
0.0
0.0
0.0
0.0
0.0
0.0
0.0
0.0
0.0
0.0
0.0
0.0
0.0
0.0
0.0
0.0
0.0
0.0
0.0
0.0
0.0
0.0
0.0
0.0
0.0
0.0
0.0
0.0
0.0
0.0
0.0
0.0
0.0
0.322825
0.0
0.0
0.0
0.0
0.0
0.0
0.346599
0.0
0.0
0.0
0.0
0.0
0.0
0.0
0.0
0.0
0.0
0.0
0.0
0.0
0.0
0.0
0.0
0.0
0.0
1.10426
0.0
0.0
0.0
0.0
0.0
0.0
0.0
0.0
0.0
0.0
0.0
0.0
0.0
0.0
0.0
0.0
0.0
0.0
0.0
0.0
0.0
0.0
0.0
0.0
0.0
0.0
0.0
0.0
1.14483
0.0
0.0
0.0
0.0
0.0
0.0
0.0
0.0
0.0
1.14588
0.0
0.0
0.0
0.0
0.0
0.0
0.0
0.0
0.0
0.0
0.0
0.0
0.0
0.0
0.0
0.0
0.0
0.0
0.0
0.0
0.0265327
0.0
0.0
0.0
0.0
0.0
0.0
0.0
0.0
0.0
0.0
0.0
0.0
0.0
0.0
-0.713831
0.0
0.0
0.0
0.0
0.0
0.0
0.0
0.0
0.0
0.0
0.0
0.0
0.0
0.0
0.0
0.0
0.0
0.0
0.0
0.0
0.0
0.0
0.0
0.0
0.0
0.0
0.0
0.0
0.0
0.0
0.0
0.0
0.0
0.0
0.0
0.0
0.0
0.0
0.0
0.0
0.0
0.0
0.0
0.945362
0.0
0.0
0.0
0.0
0.0
0.0
0.0
0.0
0.0
0.0
0.0
0.0
0.0
0.0
0.0
0.0
0.0
0.0
0.0
0.0
0.0
0.0
0.0
0.0
0.0
0.0
3.27671
0.0
0.0
0.0
0.0
0.0
0.0
0.0
0.0
0.0
0.0
0.0
0.0
0.0
0.0
0.0
0.0
0.0
0.0
0.0
0.0
0.0
0.0
0.0
0.0
0.0
0.0
0.0
0.0
0.0
0.0
0.0
0.0
0.0
0.0
0.0
0.0
0.0
0.0
0.0
0.0
0.0
0.0
0.0
0.0
0.0
0.0
0.0
0.0
0.0
0.0
0.0
0.0
0.0
0.0
0.0
0.0
0.0
0.0
0.0
0.0
0.0
0.0
0.0
0.0
0.0
0.0
0.0
0.0
0.0
0.0
0.0
0.0
0.0
0.0685578
0.0
0.0
0.0
0.0
0.0
0.0
0.0
0.0
0.0
0.0
0.0
0.0
0.0
0.0
0.0
0.0
-0.0366713
0.0
0.0
0.0
-1.0604
0.0
0.0
0.0
0.0
0.0
0.0
0.0
0.0
0.0
0.0
0.0
0.0
0.0
0.0
0.0
0.0
0.0
0.0
0.0
0.0
0.0
0.0
0.0
0.447013
0.0
0.0
0.0
0.0
0.0
0.0
0.0
0.0
0.0
0.0
0.0
0.0
0.0
0.0
0.0
0.0
0.0
-1.06706
0.0
0.0
0.0
0.0
0.0
0.0
0.0
0.0
0.0
0.0
0.0
0.0
0.0
-0.206812
0.0
0.0
0.0
0.0
0.0
0.0
0.0
0.0
0.0
0.0
0.0
0.0
-0.0880119
0.0
0.0
0.0
0.0
0.0
0.0
0.0
0.0
0.0
0.0
0.0
0.0
0.0
0.0
0.0
0.0
0.0
0.0
0.0
0.0
0.0
0.0
0.0
0.0
0.0
0.0
0.0
0.0
0.0
0.0
0.0
0.0
0.0
0.0
0.0
0.0
0.0
0.0
0.0
0.0
0.0
0.0
0.0
0.0
0.0
0.0
0.0
0.0
0.0
0.0
0.513806
0.0
0.0
0.0
0.0
0.0
0.0
0.0
0.0
0.0
0.0
0.0
0.0
0.0
0.0
0.0
0.0
0.0
0.0
0.0
0.0
0.0
0.0
0.0
0.0
0.0
0.0
0.0
0.0
0.0
0.0
0.0
0.0
-1.41376
0.0
0.0
0.0
0.0
0.0
0.0
0.0
0.0
0.0
0.0
0.0
0.0
0.0
-0.551067
-0.605904
-0.104252
0.0731649
-0.593844
-0.778555
-0.662978
0.367301
-1.68513
0.206815
0.215736
-0.0604134
0.195051
0.244292
0.214703
0.0513633
0.474505
0.905421
-0.162087
-0.226819
-0.00392346
0.922374
-0.530118
-0.301616
0.0671583
0.0381632
-0.0141464
0.0895288
0.175144
-0.230945
-0.108657
1.00482
0.607483
0.569464
0.140018
-0.0643038
-0.102786
-0.272288
-0.0166977
-0.583901
0.0571526
0.000637253
-0.118117
-0.292257
0.337118
-0.280581
-0.827711
0.236165
0.192033
0.0182535
0.0
0.0
0.0
0.0
0.0
0.0
0.0
0.0
0.0
0.0
0.0
0.0
0.0
0.0
0.640765
0.0
0.0
0.0
0.0
0.0
0.0
0.0
0.0
0.0
-1.67033
0.0
0.0
0.0
0.0
0.0
0.0
0.0
0.0
0.0
0.0
0.0
0.0
0.0
0.0
0.0
0.0
0.464363
0.0
0.0
0.0
0.0
-1.23144
-1.59574
0.0
0.0
0.0
0.0
0.0
0.0
0.0
0.0
0.0
0.0
0.0
0.0
0.0
0.0
0.0
0.0
0.0
0.0
0.0
0.0
0.0
0.0
0.0
0.0
0.0
0.0
0.0
0.0
0.0
0.0
0.0
0.0
0.0
0.0
0.0
0.0
-1.11337
0.0
0.0
0.0
0.0
0.0
0.0
0.0
0.0
0.0
0.0
0.0
0.0
0.0
0.0
0.0
0.0
0.0
0.0
0.0
0.0
0.0
0.0
0.0
0.428254
0.0
0.0
0.0
0.0
0.0
0.0
0.0
0.0
0.0
0.0
0.0
0.0
0.0
-1.65872
0.0
0.0
0.0
0.0
0.0
0.0
0.0
0.0
0.0
0.0
0.0
0.0
0.0
0.251193
0.0
0.0
0.0
0.0
0.0
0.0
0.0
0.0
0.0
0.0
0.0
0.0
0.0
0.0
0.0
0.0
0.0
0.0
0.0
0.663603
0.0
0.0
0.0
0.0
0.0
0.0
0.0
0.0
0.0
0.0
0.0
0.0
0.0
0.0
0.0
0.0
0.0
0.0
0.0
0.0
0.0
0.0
0.0
0.0
0.0
0.0
0.0
0.0
0.0
0.0552527
0.0
0.0
0.0
0.0
0.0
0.0
0.0
0.0
0.0
0.0
0.0
0.0
0.0
0.0
0.0
0.0
0.0
0.0
0.599074
0.0
0.0
0.0
0.0
0.0
0.0
0.0
0.0
0.0
0.0
0.0
0.0
0.0
0.367037
0.0
0.0
0.0
0.0
0.0572538
0.0
0.0
0.0
0.0
0.0
0.0
0.0
0.0
0.0
0.0
0.0
0.0
0.0
0.0
0.0
0.0
0.0
0.0
0.0
0.0
0.0
0.0
0.0
0.0
0.0
0.0
0.0
0.0
0.0
0.0
0.0
0.0
0.0
0.0
0.0
0.0
0.0
0.0
0.0
0.0
0.0
-1.0306
0.0
0.0
0.0
0.0
0.0
0.0
0.0
0.0
0.0
0.0
0.0
0.0
0.0
0.0
0.0
0.0
0.0
0.0
0.0
0.0
0.0
0.0
0.0
0.0
0.0
0.0
0.0
0.0
0.0
0.0
0.0
0.0
0.0
0.0
0.607305
0.0
0.0
0.0
0.0
0.0
0.0
0.0
0.0
0.0
0.0
0.0
0.0
0.0
0.0
0.0
0.0
0.0
0.0
0.0
0.0
0.0
0.0
0.0
0.0
0.0
0.0
0.0
0.0
0.0
0.0
0.0
0.0
0.0
0.0
0.0
0.0
0.0
0.0
0.0
0.0
0.0
0.0
0.0
0.0
0.0
0.0
0.0
0.0
0.0
0.0
0.0
0.0
0.0
0.0
0.0
0.0
0.0
0.0
0.0
0.0
0.0
0.0
0.0
0.0
0.0
0.0
0.0
0.0
0.0
0.0
0.0
0.0
0.0
0.0
-0.497546
0.0
0.0
0.0
0.0
0.0
0.0
-0.211479
0.0
0.0
0.0
0.0
-0.0331035
0.0
0.0
0.0
0.0
0.0
0.0
0.0
0.0
0.0
0.0
0.0
0.12264
-0.0406571
0.174628
0.114562
-0.355433
-0.233474
0.930249
0.171847
0.541243
-0.0972677
0.189788
-0.0242307
-0.450104
0.130729
-0.531857
0.0493519
-0.233671
-0.033663
-0.144272
0.580278
-0.215631
-0.888369
0.260558
0.289191
0.377075
0.0
0.0
0.0
0.0
0.0
0.583215
0.0
0.0
0.0
0.0
0.0
0.0
0.0
0.0
0.0
0.0
0.0
0.0
0.0
0.0
0.0
0.0
0.0
0.0
0.0
0.0
0.0
0.0
0.0
0.0
0.0
0.0
-0.946002
0.0
0.0
0.0
0.0
0.0
0.0
0.0
0.0
0.0
0.0
0.0
0.0
0.0
0.0
0.0
0.0
0.0
0.0
0.0
0.0
0.0
0.0
0.0
0.881569
0.0
0.0
0.0
0.0
0.0
0.0
0.0
0.0
0.0
0.0
0.0
0.0
0.0
0.0
0.0
0.0
0.0
0.0
0.0
0.0
0.0
0.0
0.0
0.0
0.0
0.0
0.0
0.0
0.0
0.0
0.0
0.0
0.0
0.0
0.0
0.0
0.0
0.0
0.0
-0.699389
0.0
0.0
0.0
0.0
0.0
0.0
0.0
0.0
0.0
0.0
0.0
0.0
0.0
0.0
0.0
0.0
0.0
0.0
0.0
0.0
0.0
0.0
0.0
0.130917
0.0
0.0
0.0
0.0
0.0
0.0
0.0
0.0
0.0
0.0
0.0
0.0
0.0
0.0
0.0
-1.18461
0.0
0.0
0.0
0.0
0.0
0.0
0.0
0.0
0.0
0.0
0.0
0.0
0.0
0.0
0.0
0.0
0.0
0.0
0.0
0.0
3.3
0.0
0.0
0.0
0.0
0.0
0.0
0.0
0.0
0.0
0.0
0.0
0.0
0.0
0.0
0.0
0.0
0.0
0.0
0.0
0.0
0.0
0.0
0.0
0.0
0.0
0.0
0.0
0.0
0.0
0.0
0.0
0.0
0.0
0.0
0.0
0.0
0.0
0.0
0.0
0.0
0.0
0.0
0.0
0.0
-0.516366
0.0
0.0
0.0
0.0
0.0
0.0
0.0
0.0
0.0
0.0
0.0
0.0
-1.16434
0.0
0.0
0.0
0.0
0.0
0.0
0.0
0.0
0.0
0.0
0.0
0.0
0.0
0.0
0.0
0.0
0.0
0.0
0.0
0.0
0.0
0.0
0.0
0.0
0.0
0.0
0.0
0.0
0.0
0.0
0.0
0.0
-0.264385
0.0
0.0
0.0
0.0
0.0
0.0
0.0
0.0
0.0
0.0
0.0
0.0
0.0
0.0
0.0
0.0
0.0
0.0
0.0
0.0
0.0
0.0
0.0
0.0
0.0
0.0
0.259656
0.0
0.405209
0.0
0.0
0.0
0.291802
0.0
0.0
0.0
0.0
0.0
0.0
0.0
0.0
0.0
0.0
0.0
0.0
0.0
0.0
0.0
0.0
0.0
0.0
0.0
0.0
0.0
0.0
0.0
0.0
0.0
0.0
0.0
0.0
0.0
0.0
0.0
0.0
0.0
0.0
0.0
0.0
0.0
0.0
0.0
0.0
0.0
0.0
0.0
0.0
0.0
0.0
0.0
0.0
0.0
-1.14221
0.0
0.0
0.0
0.0
0.0
0.0
0.0
0.0
0.0
0.0
0.0
0.0
0.0
0.0
0.0
0.0
0.0
0.0
0.0
0.0
0.0
0.0
0.0
0.0
0.0
0.0
0.0
0.0
0.0
0.0
0.0
0.0
0.0
0.0
0.0
0.0
0.0
0.0
0.0
0.0
0.0
0.0
0.0
0.0
0.0
0.0
0.0
0.0
0.0
0.0
0.0
0.0
0.0
0.0
0.0
0.0
0.0
0.0
0.0
0.0
0.0
0.0
0.0
0.0
0.0
0.0
0.0
0.0
0.0
0.0
0.0
0.0
0.0
-2.66319
0.0
0.0
0.0
0.0
0.0
0.0
0.0
0.0
0.0796081
0.0
0.0
0.0
0.0
0.0
0.0
0.0
0.0
0.0
0.0
0.0
0.0
0.0
0.0
0.0
0.0
0.0
0.0
0.0
0.0
0.0
0.0
0.0
0.0
0.0
0.0
0.0
0.0
0.0
0.0
0.0
0.0
0.0
0.0
0.0
0.0
0.0
0.0
0.0
0.0
0.0
0.0
0.0
0.0
0.0
0.0
0.0
0.0
0.0
0.0
0.0
0.0
0.0
0.0
0.0
0.0
0.0
0.0
0.0
0.0
0.0
0.0
0.0
0.0
0.0
0.0
0.0
0.0
0.0
1.63144
0.0
0.0
0.0
0.0
0.0
-0.49178
0.0
0.0
0.0
0.0
0.0
0.0
0.0
0.0
0.0
0.0
0.0
0.0071932
0.0
0.0
0.0
0.0
0.0
0.0
0.0
0.0
0.0
0.0
0.0
0.500333
0.0
0.0
0.0
0.0
0.0
0.0
0.0
0.0
0.0
0.0
0.0
0.0
0.0
0.0
0.0
0.0
0.0
0.0
0.0
0.0
0.0
0.0
0.0
0.0
0.0
0.0
0.0
0.0
0.0
0.0
0.0
0.0
0.045521
0.0
0.0
0.0
0.0
0.0
0.0
0.0
0.0
0.0
0.0
0.0
0.0
-0.17972
0.0
0.0
0.0
0.0
0.0
0.0
0.0
0.0
0.0
0.0
0.0
0.0
0.0
0.0
0.0
0.0
0.0
0.0
0.0
0.0
0.0
0.0
0.0
0.0
0.0
0.0
0.0
0.0
0.0
0.0
0.0
0.0
-1.46909
0.0
0.0
0.0
0.0
0.0
0.0
0.0
0.0
0.0
0.0
0.0
0.0
0.0
0.0
0.0
0.0
0.0
0.0
0.0
0.0
0.0
0.0
0.0
0.0
0.0
0.0
0.0
0.0
0.0
0.0
0.0
0.0
0.0
0.0
0.0
0.0
0.0
0.0
0.0
0.0
0.0
0.0
0.0
0.0
0.0
0.0
0.0
0.0
-0.392023
0.0
0.0
0.0
0.0
0.0
0.0
0.0
0.0
0.0
0.848262
0.0
0.0
0.0
0.0
0.0
0.0
-0.0933774
0.0
0.0
0.0
0.0
0.0
0.0
-0.88279
0.0
0.0
0.0
0.0
0.0
0.0
0.0
0.0
0.0
0.0
0.0
0.0
0.0
0.0
0.0
0.0
0.0
0.0
0.788905
0.0
0.0
0.0
0.0
0.0
0.0
0.0
0.0
0.0
0.0
0.0
0.0
0.0
0.0
0.0
0.0
0.0
0.0
0.0
0.0
0.0
0.0
0.0
0.0
0.0
0.0
0.0
0.0
0.0
0.0
0.0
0.0
0.0
0.0
0.0
0.0
0.0
0.0
0.0
0.0
0.0
0.0
0.0
0.0
0.0
0.0
0.0
0.0
0.0
0.0
0.0
0.0
0.0
0.0
-2.09295
0.0
0.0
0.0
-0.92892
0.0
0.0
0.0
0.0
0.0
0.0
0.0
0.0
0.0
0.0
0.0
0.0
0.0
0.0
0.0
0.0
0.0
0.0
0.0
0.0
0.0
0.0
0.0
0.0
0.0
0.0
0.0
0.0
0.0
0.0
0.0
0.0
0.0
0.0
0.0
0.0
0.0
0.0
0.0
0.0
0.0
0.0
0.0
0.0
0.0
0.0
0.0
0.0
0.0
0.0
0.0
0.0
0.0
0.0
0.0
-0.940555
-0.602746
0.0715677
0.064969
-0.2563
-0.924015
-0.726158
-0.290781
-1.50628
0.427584
0.306929
-0.0504443
0.197045
0.473968
-0.0215357
0.0134494
0.190187
0.762708
0.0647427
0.219337
-0.0742256
0.909403
-0.400136
-0.00615426
0.229416
0.0
0.0
0.0
0.0
0.0
0.0
0.0
0.0
0.0
0.0
0.0
0.0
0.0
0.0
0.0
0.0
0.0
0.616265
0.0
0.0
0.0
0.0
0.0
0.0
0.0
-0.0771239
0.294804
0.324776
0.063441
-0.0720298
-0.254032
1.10893
0.0105411
0.388606
0.231603
-0.342771
0.0118179
-0.13607
0.101714
-0.599182
0.0476495
0.219985
-0.485923
-0.0518374
0.520833
-0.313384
-0.924718
0.318806
-0.144075
-0.11726
0.0
0.0
0.0
0.0
0.0
0.0
0.0
0.0
0.0
0.0
0.0
0.0
0.0
0.0
0.0
0.0
0.0
0.0
0.0
0.0
0.0
0.0
0.0
0.0
0.0
0.0
0.0
0.0
0.0
0.0
0.0
0.0
0.0
0.0
0.0
0.0
0.473894
0.0
0.0
0.0
0.0
0.0
0.0
0.0
0.0
0.0
0.0
0.0
0.0
0.0
0.0
0.0
0.0
0.0
0.0
0.0
0.0
0.0
0.0
0.0
0.0
0.0
0.0
0.0
0.0
-0.650321
0.0
0.0
0.0
0.0
0.0
0.0
0.0
0.0
0.0
0.0
0.0
0.0
0.0
0.0
0.0
0.0
0.0
0.0
0.0
0.0
0.0
0.0
0.0
0.0
0.0
0.0
0.0
0.959534
0.0
0.0
0.0
0.0
0.0
0.0
0.0
0.0
0.0
0.0
0.0
0.0
0.0
0.0
0.0
0.0
0.0
0.0
0.0
0.533815
0.0
0.0
0.0
0.0
0.0
0.0
0.0
0.0
0.0
0.0
0.0
0.0
0.0
0.0
0.0
0.0
0.0
0.0
0.0
0.0
0.0
0.0
0.0
0.0
0.0
-1.36841
0.0
0.0
0.0
0.0
0.0
0.0
0.0
0.0
0.0
0.0
0.0
0.0
0.0
0.0
0.0
0.0
0.0
0.0
0.0
0.0
0.0
0.0
0.0
0.0
0.0
0.0
0.0
0.0
0.0
0.0
-0.0580072
0.457099
0.0
0.0
0.0
0.0
0.0
0.0
0.0
0.0
0.0
0.0
0.0
0.0
0.0959277
0.0
0.0
0.0
0.0
0.0
0.0
0.0
0.0
-0.205808
0.0
0.0
0.0
0.0
0.0
0.0
0.0
0.0
0.0
0.0
0.0
0.0
0.0
0.0
1.84089
0.0
0.0
0.0
0.0
0.0
0.0
0.0
0.0
0.0
0.0
0.0
0.0
0.0
0.0
0.0723736
0.0
0.0
0.0
0.0
0.0
0.0
0.0
0.0
0.0
0.0
0.0
0.0
-1.28236
0.0
0.0
0.0
0.0
0.0
0.0
0.0
0.0
0.0
0.0
0.0
0.0
0.0
0.0
0.0
0.0
0.0
0.0
0.0
0.0
0.0
0.0
0.0
0.0
0.0
0.0
0.0
0.0
0.0
0.0
0.0
0.0
0.0
0.0
0.0
0.0
0.0
0.0
0.0
0.0
0.0
0.0
0.0
0.0
0.0
0.0
0.0
0.0
0.0
0.0
0.0
0.0
0.0
0.0
0.0
0.0
0.0
0.0
0.263899
0.0
0.0
0.0
0.0
0.0
0.0
0.0
0.0
-0.88022
0.0
-0.798579
0.376657
0.0
1.61463
0.0
0.0
0.0
0.0
0.0
0.0
0.0
0.0
0.0
0.0
0.0
0.0
0.0
0.0
0.0
-0.732299
-0.910303
0.175617
0.0178805
0.195222
-1.08844
-0.650539
-0.337283
-1.35121
-0.107167
0.139842
-0.354153
0.0350771
0.332234
0.252937
-1.62064
-0.0534158
0.61592
0.233471
-0.119308
-0.10428
0.91671
-0.888466
-0.155687
0.225021
0.0
0.0
0.0
0.0
0.0
0.0
0.0
0.0
0.0
0.0165584
0.0
0.0
0.0
0.0
0.0
0.0
0.0
0.0
0.0
0.0
0.0
0.0
0.0
0.0
0.0
0.0
0.0
0.0
0.0
0.0
0.0
0.0
0.0
0.0
0.0
0.0
0.0
0.0
0.0
0.0
0.0
0.56918
0.0
0.0
0.0
0.0
0.0
0.0
0.0
0.0
0.0
0.0
0.0
0.0
0.0
0.0
0.0
0.0
0.0
0.0
0.232856
0.0
0.0
0.0
0.0
0.0
0.0
0.0
0.0
0.0
0.0
0.0
0.0
0.0
0.0
1.15608
0.159052
0.734812
0.213067
-0.225271
1.15373
-0.0411791
-1.83779
1.91663
-1.0312
-0.462615
0.126485
-0.249802
0.0736698
-2.40446
0.140134
-0.841774
1.47198
0.294247
0.609875
0.969643
-0.861458
0.723632
-0.106157
0.351215
0.0
0.0
0.0
0.0
0.0
0.0
0.0
0.0
0.0
0.0
0.0
0.0
0.0
0.0
0.0
0.0
0.0
0.211605
0.0
0.0
0.0
0.0
0.0
0.0
0.0
0.0
0.0
0.0
0.0
0.0
0.0
0.0
0.571686
0.0
0.0
0.0
0.0
0.0
-0.569805
0.0
0.0
0.0
0.0
0.0
0.0
0.0
0.0
0.0
0.0
0.0
0.0
0.0
0.0
0.0
0.0
0.0
0.0
0.0
0.0
0.0
0.0
0.0
0.0
0.0
0.0
0.0
0.0
0.0
0.0
0.0
-0.391388
0.0
0.0
0.0
0.0
0.0
0.0
0.0
0.0
0.0
0.0
0.0
0.0
0.0
0.0
0.0
0.0
0.0
0.0
0.0
0.0
0.0
0.0
0.0
0.0
0.0
0.0
0.0
0.0
0.0
0.0
0.0
0.0
0.0
0.0
-0.741852
0.0
0.0
0.0
0.743378
1.24923
-0.0363768
0.0
0.0
0.0
0.0
0.0
0.0
0.0
0.0
0.0
0.0
0.0
0.0
-1.29304
0.0
0.0
0.0
0.0
0.0
0.0
0.0
0.0
0.0
0.0
0.0
0.0
0.0
0.0
0.0
0.0
0.0
0.0
0.0
0.0
0.0
0.0
0.0
0.0
0.0
0.0
0.0
0.0
0.0
0.0
0.455482
0.0
0.0
0.0
0.0
0.0
0.0
0.0
0.0
0.0
0.0
0.0
0.0
0.0
0.0
0.0
0.0
0.0
0.0
0.0
0.0
0.0
0.0
0.0
0.0
0.0
0.0
0.0
0.0
0.0
0.0
0.0
0.0
0.0
0.0
0.0
0.0
1.37796
0.0
0.0
0.0
0.0
0.0
0.0
0.0
0.0
-0.0906689
0.0
0.0
0.0
0.0
0.0
0.0
0.0
0.0
0.0
0.0
0.0
0.0
0.0
0.0
0.0
0.0
0.0
0.0
0.0
0.0
0.0
0.0
0.0
0.0
0.0
0.0
0.0
0.0
0.0
0.0
0.0
0.0
0.0
0.0
0.153064
0.0
0.0
0.0
0.0
0.0
0.0
0.0
0.0
0.0
0.0
0.0
0.0
0.0
0.0
0.0
-0.9285
0.0
0.0
0.0
0.0
0.0
0.0
0.0
1.39248
0.0
0.0
0.0
0.0
0.0
-0.897134
0.320965
0.0
0.0
0.0
0.0
0.0
0.0
0.0
-0.37111
-0.839067
-0.725085
-0.516831
-0.476597
0.27677
-0.387376
-0.614918
-1.2663
-0.326153
-0.818436
-0.0437787
0.590237
0.306348
0.335951
-0.115382
0.102199
0.01002
-0.310515
0.315348
0.00121327
1.34787
-0.83546
0.362462
-0.214609
0.0
0.0
0.0
0.0
1.19713
0.0
0.0
0.0
0.0
-0.400326
0.0
0.0
0.0
0.0
0.0
0.0
0.0
0.0
0.0
0.0
0.0
0.0
0.0
0.0
0.0
0.0
0.0
0.0
0.0
0.0
0.0
0.0
0.0
0.0
0.0
0.0
0.0
0.0
0.0
0.0
0.0
0.0
0.0
0.0
0.0
0.0
0.0
0.0
0.0
0.0
0.0
0.0
0.0
0.0
0.0
0.0
0.0
0.0
0.0
0.0
0.0
0.0
0.0
0.0
0.0
0.0
0.0
0.0
0.0
0.0
0.0
0.0
0.0
0.0
0.0
0.0
0.0
0.0
0.0
0.0
0.0
0.0
0.0
0.0
0.0
0.0
0.0
0.0
0.0
0.0
0.0
0.0
0.0
0.0
-0.558741
0.0
0.0
0.0
0.0
0.0
0.0
0.0
0.0
0.0
0.0
0.0
0.0
0.0
0.0
0.0
0.0
0.0
0.0
0.0
0.0
0.0
0.0
0.0
0.0
0.0
0.0
0.0
1.74039
0.0
0.0
0.729104
0.207164
0.391094
0.0821532
0.649924
0.24374
-0.122682
-0.843664
-0.110628
0.0132744
0.0264164
0.191698
0.189374
-0.0242211
-0.550314
0.0629254
-0.414208
-0.591373
-0.111414
0.121952
0.31136
1.99274
0.687693
0.143431
0.149775
0.0
0.0
0.0
0.0
0.0
0.77864
0.0
0.0
0.0
0.0
0.0
0.0
0.0
0.0
0.0
0.0
0.0
0.0
0.0
0.0
0.0
0.0
0.0
0.0
0.0
0.0
0.539412
0.0
0.0
0.0
0.0
0.0
0.0
0.0
0.0
1.33966
0.0
0.0
0.0
0.625721
0.0
0.0
0.0
0.0
0.0
0.0
0.0
0.0
0.0
0.0
0.0
0.0
0.0
0.0
0.0
0.0
0.0
0.0
0.0
0.0
0.0
0.0
0.0
0.0
0.0
0.0
0.0
0.0
0.0
0.0
0.0
0.0
0.0
0.0
0.0
0.0
0.0
0.0
0.0
0.0
0.0
0.0
0.0
0.0
0.0
0.583477
0.0
0.946304
0.0
0.0
0.0
0.0
0.0
0.0
0.0
0.0
0.0
0.0
0.0
0.0
0.0
0.0
0.0
0.0
0.0
0.721908
0.0
0.0
0.0
0.0
0.0
0.0
0.0
0.0
0.0
0.0
0.0
0.0
0.0
0.0
0.0
0.0
0.0
0.0
0.0
0.0
0.0
0.0
0.0
0.0
0.0
0.0
0.310146
0.0
0.0
0.0
0.0
0.0
0.0
0.0
0.0
0.0
0.0
-0.756242
-1.46638
0.0
0.0
0.0
0.0
0.0
0.0
0.0
0.0
0.0
0.0
0.0
0.0
0.0
0.0
0.0
0.0
0.0
0.0
0.0
0.0
0.0
0.0
0.0
0.0
0.0
0.0
0.0
0.0
0.0
0.0
0.0
0.0
0.0
0.0
0.0
0.0
0.0
0.0
0.0
0.0
0.0
0.0
0.0
0.0
0.0
0.0
0.0
0.0
0.0
0.0
0.0
0.0
0.0
0.0
0.0
0.0
0.0
0.0
0.0
0.0
0.0
0.0
0.0
0.0
0.0
0.0
-0.0146912
0.0
1.04405
0.0
0.0
0.0
0.0
0.0
0.0
0.0
0.0
0.0
0.0
0.0
-0.888245
-0.42391
-0.555837
-0.322301
-0.497831
0.405602
-0.358928
-0.600003
-1.20577
-0.231361
-0.925261
-0.0342348
0.692476
0.442282
0.341599
-0.189564
0.529264
-0.133721
-0.254325
0.229011
-0.130741
1.49624
-1.17251
0.363762
-0.0313653
0.0
0.0
0.0
1.03002
0.0
0.0
0.0
0.0
0.0
0.0
0.0
0.0
0.0
0.0
0.0
1.80816
0.0
0.0
0.0
0.0
0.0
0.0
0.0
0.0
0.0
0.0
0.0
0.0
0.0
0.0
0.0
0.0
0.0
0.0
0.0
-1.54697
0.0
0.0
0.0
0.0
0.0
0.0
0.0
0.0
0.0
0.0
0.0
0.0
0.0
0.0
0.0
0.0
0.0
0.0
-0.19215
0.0
0.0
0.0
0.0
0.0
0.0
0.0
0.0
0.0
0.0
0.0
0.0
0.0
0.0
0.0
0.0
0.0
0.0
0.0
0.0
0.0
0.0
0.0
0.0
0.0
0.0
0.0
0.0
0.0
0.0
0.0
0.0
0.0
0.0
0.0
-0.487227
0.0
0.0
0.0
0.0
0.0
0.0
0.0
0.0
0.0
0.0
0.0
0.0
0.0
0.0
0.0
0.0
0.0
-0.611326
0.0
0.0
0.0
0.0
0.0
0.0
0.0
0.0
0.0
0.0
0.0
0.0
0.0
0.0
0.0
0.0
0.0
0.0
0.0
0.0
0.0
0.0
0.0
0.0
0.0
0.0
0.0
0.0
0.0
0.0
0.244981
0.0
0.0
0.0
0.0
0.0
0.0
0.0
0.0
0.0
0.0
0.0
0.0
0.0
0.0
0.0
0.0
0.0
0.0
0.0
0.0
0.0
0.0
0.0
0.0
0.0
0.0
0.0
0.0
0.0
0.0
1.68456
0.0
0.0
0.0
0.0
0.747927
0.382576
0.725514
-0.179798
0.336072
0.0307871
-0.163697
-0.546921
-0.177181
-0.394945
0.159899
-0.395887
0.38138
-0.132231
-0.45492
-0.00772785
0.723602
-0.553939
-0.170221
0.224786
0.435454
1.5827
0.0749992
0.0317702
0.346966
0.0
0.0
0.0
0.0
0.0
0.0
0.0
0.0
0.0
0.349065
0.0
0.0
0.0
0.0
0.0
0.0
0.0
0.0
0.0
0.0
0.0
-0.739674
0.0
0.0
0.0
0.0
0.0
0.0
0.0
0.0
0.0
0.0
0.0
0.0
0.0
0.0
0.0
0.0
0.0
0.0
0.0
0.0
0.0
0.0
0.0
0.0
0.0
0.0
0.0
0.0
0.0
0.0
0.0
0.0
0.0
0.0
0.0
0.0
0.0
0.0
0.0
0.0
0.0
0.0
0.0
0.0
0.0
0.0
0.0
0.0
0.0
0.0
0.0
0.0
0.0
0.0
0.0
0.0
0.0
0.0
0.0
0.0
0.0
0.0
0.0
0.0
0.0
0.0
0.0
0.0
0.0
0.0
0.0
0.0
0.0
0.0692964
0.0
0.0
0.0
0.0
0.0
0.0
0.0
0.0
0.0
0.0
0.040995
-0.426582
0.0
0.0
0.0
0.0
0.0
0.0
0.0
0.0
0.0
0.0
0.0
0.0
0.0
0.0
0.0
0.0
0.0
0.0
0.0
0.0
0.0
0.0
0.0
0.0
0.0
0.0
0.0
0.0
-1.14342
0.0
0.0
0.0
0.30129
0.0
0.0
0.0
0.0
0.0
0.0
0.0
0.0
0.0
0.0
0.0
0.0
0.0
0.0
0.0
0.0
0.0
0.0
0.0
0.0
0.0
0.0
0.0
0.0
0.0
0.0
0.0
0.0
0.0
0.0
0.0
0.0
0.0
0.0
0.592492
0.402389
0.156569
0.0167104
0.476462
-0.056227
-0.355964
-0.156843
-1.0508
-0.290857
-0.507599
0.130654
0.517047
0.387614
-0.42768
-0.112749
0.870787
-0.131519
-0.197394
-0.0995752
0.235484
1.79881
-0.031974
0.532838
0.0971273
-0.93756
0.0
0.0
0.0
0.0
0.0
0.0
0.0
0.0
0.0
0.0
0.0
0.0
0.0
0.0
0.0
0.0
0.0
0.0
0.0
0.0
0.0
1.35854
0.0
0.0
0.0
0.0
0.0
0.0
0.0
0.0
0.0
0.0
0.0
0.0
0.0
0.0
0.0
0.0
0.0
0.0
0.0
0.0
0.0
0.0
0.0
0.0
0.0
0.0
0.0
0.0
0.0
0.0
0.0
0.0
0.0
0.0
0.0
0.0
0.0
0.0
0.0
0.0
0.442036
0.0
0.0
0.0
0.0
0.0
0.0
0.0
0.0
0.0
-0.426027
0.0
0.0151646
0.0
0.0
0.0
0.0
0.0
-0.354715
0.0
0.0
0.0
0.0
0.0
0.0
0.0
0.0
0.0
0.0
0.0
0.0
0.0
0.0
0.0
0.0
0.0
0.0
0.0
0.0
0.0
0.0
0.0
0.0
0.0
0.0
0.0
0.0
0.0
0.0
0.0
0.0
0.0
0.0
0.0
0.0
0.0
0.0
0.0
0.0
0.0
0.0
0.0
0.0
0.0
0.0
0.0
0.0
0.0
0.0
0.0
0.0
0.0
0.0
0.0
0.0
0.0
0.0
0.0
0.0
0.0
2.41385
0.0
0.0
0.0
0.0
0.0
0.0
0.0
0.0
0.0
0.0
0.19588
0.0
0.0
0.0
0.0
0.0
0.0
0.0
0.0
0.0
0.0
0.0
0.0
0.0
0.0
0.0
0.0
0.0
0.0
0.0
-0.215131
0.0
0.0
0.0
0.0
0.0
0.0
0.0
0.0
0.0
0.0
0.0
0.0
0.0
0.0
0.0
0.0
0.0
0.0
0.0
0.0
0.0
0.0
0.0
0.0
0.0
0.0
0.0
0.0
0.0
0.0
0.0
0.0
0.0
0.0
0.0
0.0
0.0
0.0
0.0
0.0
0.0
1.46137
0.0
0.0
0.0
0.0
0.0
0.0
0.0
0.0
0.0
0.0
0.0
0.0
0.0
0.0
0.0
0.0
0.0
0.0
0.0
0.0
0.0
0.0
0.0
0.0
0.0
0.0
0.0
0.0
1.69431
0.0
0.0
1.14581
0.0
-0.82541
0.357876
0.551742
0.17022
0.545736
0.077148
-0.25107
-0.25545
-0.208092
-0.283788
0.218201
-0.360269
-0.621124
0.258685
-0.256295
-0.331038
0.260019
-0.474054
0.161686
0.612771
0.288944
1.89265
-0.55512
-0.0665916
0.291071
-0.333524
0.632174
0.709344
-0.0423958
0.714207
-0.297064
-0.300566
-0.321972
-0.444141
-0.324057
-0.350963
0.405426
0.621061
0.413419
-0.324719
-0.302407
-0.0812219
-0.421212
0.136171
0.171801
0.516194
1.25786
-0.306232
0.272514
0.137939
0.0
0.0
0.0
0.0
0.0
0.0
0.0
0.0
0.0
0.0
0.0
0.0
0.0
0.0
0.0
0.0
-0.110525
0.0
0.0
0.0
0.0
0.0
0.0
0.0
0.0
-0.170082
0.445017
0.305307
0.03286
0.491089
-0.0583569
-0.20388
-0.181922
-0.251228
-0.672815
0.00748707
0.0954705
0.613232
0.371713
-0.218845
-0.128488
0.244916
-0.422552
0.223858
-0.088184
0.444182
1.72021
-0.240727
0.0300593
0.17325
0.0590738
0.288016
0.296513
0.0484065
0.430166
-0.122058
-0.236583
-0.303452
-0.268314
-0.0269208
-0.203369
0.0491217
0.476093
0.312651
-0.29439
-0.0987749
0.43227
-0.319704
0.240647
-0.116692
0.487901
1.69128
-0.25457
-0.058458
0.140788
0.0
0.0
0.0
0.0594937
0.0
0.0
0.0
0.0
0.0
0.0
0.0
0.0
0.0
0.0
0.0
0.0
0.0
0.0
0.0
0.0
0.0
0.0
0.0
0.0
0.0
0.0
0.0
0.0
0.0
0.0
0.0
0.0
0.0
0.0
0.0
0.0
0.0
-0.336971
0.0
-1.29742
-0.501492
0.0
0.0
-0.240876
0.0
0.0
0.0
0.0
0.0
0.0
0.0
0.0
0.0
-0.63654
0.0
0.0
0.0
0.0
0.0
0.0
0.0
0.0
0.0
0.0
0.0
0.0
0.0
0.0
0.0
0.0
0.0
0.0
0.0
0.0
0.0
0.0
0.0
0.0
0.0
0.0
0.0
0.0
0.0
0.0
0.0
0.0
0.0
0.0
0.0
0.0
0.0
0.0
0.0
0.0
0.0
0.0
0.0
0.0
0.0
0.0
-0.926679
0.0
0.0
0.00326966
0.0
0.0
0.0
0.0
0.0
0.0
0.0
0.0
0.0
0.0
0.0
0.0
0.0
-1.33634
0.0
0.0
0.0
0.0
0.0
0.0
0.0
0.0
0.0763247
0.0
0.0
0.0
-0.28279
0.0
0.0
0.0
0.0
0.0
0.0
0.0
0.0
0.0
0.0
0.0
0.0
0.0
0.0
0.0
0.0
1.75121
0.0
0.0
0.607423
2.7661
1.00488
-0.193703
-0.606011
0.743357
0.574058
-0.118217
-0.894103
-0.405506
0.599093
-0.0314268
0.653991
0.460093
1.20062
0.459423
3.90784
-0.00128972
-0.512109
-0.679678
-1.45893
-0.104094
-2.46246
0.0931113
-0.13549
-0.343039
-2.83228
-1.4541
-0.0299704
0.390961
-0.704875
-1.04369
-0.150607
1.80957
0.102884
-0.000426659
0.0351762
-0.744556
-0.469038
-1.3682
-0.0309084
-4.09643
-0.0964093
0.178622
-0.268037
0.804547
0.258479
2.58913
0.272501
0.574631
0.0720948
-0.892207
-1.37701
0.150096
1.19683
-1.81634
-0.540399
2.13277
-1.02192
-0.647369
-0.673293
0.840778
-0.840359
-0.277196
0.676569
0.459946
0.890381
1.53948
-0.55392
-0.841828
5.39203
-2.52045
0.327847
2.43054
-0.241459
-1.45825
1.04255
2.1704
-0.953972
-1.054
-1.96015
1.41997
-0.863976
2.27411
0.349152
1.17249
0.208971
0.918658
0.53751
-0.800073
0.0321443
0.305797
-1.55128
2.14009
-1.27037
0.749836
1.27408
-0.557315
-2.13032
0.348269
0.263593
-0.0658684
-0.252999
-0.223884
-0.21508
0.0380739
-0.46801
-0.268643
1.3653
-0.301326
0.598002
0.00379257
-0.0909929
-0.00897323
-0.167386
0.428569
-0.188685
-0.0977657
-0.33325
-1.63228
-0.85842
-0.809089
0.126001
0.365855
-0.234471
1.26062
0.0876301
0.1351
-0.536311
-0.145578
0.361276
-0.592731
-0.308434
1.07929
-0.107239
0.0334116
0.580708
-0.180587
-0.759943
0.761248
0.326969
0.094335
-0.931945
-0.162655
-0.151253
-2.64041
-0.0299879
-0.200323
0.0850904
-0.518986
1.55211
0.565756
0.428825
-0.26237
-0.0504653
0.921523
-1.46433
-0.323426
-0.763839
-0.29034
0.0500036
0.128831
0.241971
0.627729
1.13782
-0.180663
-0.17985
0.528935
-0.166586
-0.14068
-1.0172
-0.0767141
0.529813
-0.104487
-0.151823
2.32023
1.07994
-0.502275
-0.498031
-2.09287
0.700812
-0.714184
-0.32528
-0.80081
-0.263595
0.0146942
-0.117925
2.58584
-0.368327
-0.864421
-0.0446176
0.0613773
0.866901
-0.0387525
1.28757
2.25573
0.523576
-0.136274
-0.153097
0.141403
1.90259
-1.54271
-2.22795
-0.141639
2.40713
-0.36964
0.268773
-0.5332
-0.278437
-0.0942443
0.0441305
-0.312053
-0.7888
2.14477
-3.28608
1.84272
1.51531
-0.036627
-0.151563
-0.669229
0.125508
-0.843128
-0.157546
-0.202061
0.792502
-0.0499245
0.502657
1.80344
2.31375
3.43623
-3.78836
0.581278
-1.37516
-0.736092
-0.00127378
0.0414581
0.301934
-0.139737
-0.0588643
2.15565
2.27611
-0.279524
-1.86696
-0.14846
-0.626796
1.83492
0.23588
0.3181
0.122591
1.78046
0.709782
0.333546
2.36604
2.16245
2.23387
3.73483
-0.558174
2.7819
1.06548
-0.204507
0.035595
-0.287651
0.644871
-2.34478
-0.0476032
2.62479
-2.92314
-0.632743
-0.0278944
0.897317
1.42254
2.28566
-0.453468
0.0412157
0.1672
-2.52961
-0.490295
-0.546999
2.5882
-1.19104
0.0439657
2.50613
-1.55001
-3.50356
-0.290435
-0.0112339
-0.265373
0.37085
1.33927
-1.40193
-0.944541
0.653621
5.03111
-2.74801
1.72578
3.9327
-0.414163
0.569148
-0.301989
0.281333
-0.0386619
-0.449427
-0.577358
0.0443241
1.30388
-0.89719
0.690551
2.0056
1.48511
-0.107702
0.0848499
0.460381
-0.703106
-0.50646
0.546803
0.0657571
0.0387838
-2.4723
-0.345779
1.56044
-1.52637
0.330245
0.517305
-0.0641988
0.149353
1.75043
-0.472903
-0.00722127
-0.302495
0.766941
0.591909
-4.1571
-2.76865
-3.00005
-1.48935
0.00213464
0.314203
0.0567205
-0.942497
0.0639328
0.238738
-0.323876
2.50361
-2.93322
3.86851
-3.2626
-0.982051
-0.138796
0.0979843
-0.403906
0.0560174
0.00340461
-0.00875541
-0.0242397
0.155303
0.209069
-1.09084
2.5586
1.43025
2.25935
0.0191253
0.353858
-0.290135
-0.108712
0.16533
-0.00166707
1.16066
-0.143564
0.486702
-1.40288
0.751192
-1.18956
0.205072
2.98403
-0.0707329
0.1506
-0.0385189
-0.270992
-0.156485
-0.0695709
-0.282227
1.56661
0.166309
2.38505
-2.62689
1.70348
0.249635
0.339254
-0.117727
-0.34249
0.222321
-0.20884
0.00774968
-0.199535
-0.516771
-0.360397
-2.68029
-1.92575
2.21144
-0.327352
0.360547
0.224591
0.537146
-0.190942
-0.0602953
0.0088385
-0.0343471
-0.128161
0.441563
1.9544
-2.5744
0.308098
-0.201109
-0.521652
0.50611
0.111926
-0.0283262
-0.468122
0.0469546
-0.115089
-2.06122
0.698592
1.53608
-2.67488
-0.289086
-0.342677
0.393663
-0.194852
0.0090188
-0.342723
0.213806
0.401959
-0.165997
0.910496
-2.05511
2.94036
-2.07491
0.0763021
-0.263173
-0.104059
0.0840763
-0.040909
0.817736
-0.860722
1.08383
1.63835
0.523761
-2.03196
1.87154
-0.181017
-2.48723
0.24726
-0.860612
0.357278
-0.478893
-1.08316
0.175657
-0.234696
-0.2907
-0.00235597
-0.0145206
-0.637343
2.58944
-2.05071
3.92738
-0.0394212
-0.216
0.724704
-0.257099
0.297718
0.119342
-1.03967
0.0378046
-0.301421
3.34895
-2.18959
1.24905
0.492344
0.0238737
0.215323
0.0311906
0.148908
-0.399705
0.576719
-0.102248
0.0192423
0.675552
-2.83244
-3.93862
-0.939503
-0.27411
-0.225319
-0.846846
-0.0197156
-1.30565
0.282095
-0.22604
0.672734
-0.087648
-2.50943
0.204211
-1.65647
-0.0843178
1.87702
-0.0390819
-0.396306
-0.145117
-0.458929
-0.877963
-0.0925185
0.0221852
-0.242012
0.273484
-0.0270172
0.415781
-2.44367
0.710198
-0.348728
-0.10413
-0.753097
0.218338
-1.16735
-0.304126
-0.239758
-0.290778
0.617631
0.492458
-1.18316
-0.223507
-1.02151
0.293483
-1.33428
-0.248371
0.341094
-0.239171
0.0356385
0.474762
-0.658355
-0.0845245
-0.424991
1.69185
0.0860862
0.118669
-0.632542
-1.32639
-2.14172
-1.08998
-0.286747
-0.285045
-0.238558
-0.967491
-0.826946
1.52452
0.171499
-1.334
1.99344
3.02075
-0.102972
-0.826226
-0.00411825
0.0746543
-0.739184
1.6646
1.58545
-1.18961
1.68696
-1.31122
-2.24719
-2.20069
-1.40782
1.12984
1.09133
-0.75341
0.00120762
0.187831
0.871249
-0.0601469
0.194509
-0.0185084
-2.67496
-1.14993
2.41216
-0.0437903
0.358404
-0.0680687
-0.0169329
1.2541
-0.952387
-0.827088
-0.00968145
0.152106
1.55023
0.894904
0.0981584
-3.04566
-1.30783
-1.20907
0.809304
0.253329
0.00276743
-1.88141
0.139744
0.36142
-0.231676
-0.314686
-2.43881
-3.26455
-2.74719
0.909252
-0.2657
0.027495
-1.74577
1.31769
1.15605
-0.297511
-0.530206
-0.353567
-1.42219
-3.88957
6.00638
1.01641
1.17668
0.0233797
-0.239273
-0.752432
1.22364
0.177533
-0.00915589
0.35062
-0.140871
-0.909031
3.84965
-0.171158
-1.80612
-0.0276782
0.0734361
-0.105288
0.577206
-1.43565
-0.767356
0.699691
-0.0503534
-0.456558
-3.19553
7.01031
4.31262
4.99099
0.25366
-0.321184
0.336799
-0.357039
0.166788
0.095037
0.246845
-0.135655
-0.89329
0.579331
-1.36252
1.58565
0.396441
-5.78824e-05
0.00396087
0.648961
0.223393
-0.954777
-0.0713091
-0.872917
-1.32107
1.36667
4.16052
5.50314
0.123654
-1.01233
0.145219
0.273346
0.491277
-0.29084
0.170168
0.0132752
-0.138094
-0.417289
-0.823793
0.113196
1.48637
2.94296
2.53412
1.38003
-0.216077
-0.958168
-0.106884
0.599513
-0.122615
-1.02262
1.38056
-1.60772
-1.65476
-1.85508
-0.221303
-1.37817
-0.256683
-0.00771865
-0.0280512
-0.628631
0.193619
0.630917
-0.308944
-0.791519
1.03274
-0.516515
-1.25901
2.79647
-0.309477
0.368455
0.0395109
-0.273761
0.222207
0.0423058
-0.282168
-0.364004
-0.356677
-2.55282
2.09774
1.83157
-0.849612
-0.027143
-0.25698
-0.10803
-0.532245
0.868188
0.651327
-1.23465
0.507435
-0.607004
0.103862
-2.19951
0.447631
-1.10404
0.442716
-0.370584
-0.861256
0.262373
0.0896629
-0.816194
-0.329777
-1.04986
1.47119
-0.69152
0.326352
2.15705
0.309325
0.0536215
1.29484
0.0410633
-0.0708959
-0.234846
0.258808
-0.591114
0.234342
0.290857
-0.110244
0.551642
-0.164007
-0.22654
-1.57402
0.0376148
-1.70521
-0.061577
0.0689562
-0.125916
-0.544735
0.00488541
1.35391
0.136816
0.377691
-1.14521
-1.03409
1.06443
-4.93281
0.0132732
-2.5801
-2.3731
-2.59907
-3.165
-0.655997
-1.04517
-0.743041
-1.68252
0.498655
-0.503979
0.46576
-0.388145
0.478472
-0.527282
1.03548
-0.204467
-0.567709
-1.14654
-0.375606
-1.75056
2.47436
-2.25411
7.00713
-6.84032
-0.825688
0.143282
-0.863882
0.65292
-0.777957
0.582958
-0.00680308
1.59275
-0.890541
-0.0386119
-0.29979
-0.214435
-0.102917
-0.255509
0.588796
-0.946901
-1.50457
1.28426
-0.805389
-0.289842
0.713971
-1.62575
-0.796087
-0.772708
0.16867
-1.45426
0.878947
-0.886526
-0.631685
-1.13685
0.151773
-0.696873
-0.833967
0.161774
-0.77073
0.362211
-4.24995
-2.5014
-5.21615
-5.80019
1.49818
-1.11045
1.04672
-2.98727
0.0723038
1.66567
-1.53011
1.48479
0.1728
-1.81889
4.65004
-3.49417
-1.01991
1.6703
-12.237
9.75129
-0.292853
0.65046
-2.73273
2.51773
0.752788
2.35389
3.04653
2.03025
1.31076
-0.423586
0.0920857
-0.379114
0.349768
-0.574668
-0.147589
0.0173208
-2.00963
-0.344742
0.353994
-1.67073
