[28, 9, 9, 4]
-4.62195
-0.0354141
-1.57289
-4.76775
-0.420992
-0.417334
2.26093
-0.840341
-0.300611
-0.578229
-1.64877
1.65431
-2.37848
0.639484
-0.147708
-1.73566
1.88421
-0.948914
-0.242457
1.62126
-3.43784
0.476548
0.928877
0.928866
0.884374
-0.397136
-0.128239
-0.384254
-1.23037
-3.55838
0.122076
-0.916061
-0.225543
0.0336134
0.0971726
0.534515
0.0942044
1.13426
-0.472867
-0.537004
0.817317
0.683748
0.632872
-2.03507
-0.156631
-1.16772
-0.740536
-3.13428
0.577049
-0.281915
0.0165631
-0.0585455
-2.56612
1.35953
-1.42606
0.807784
-0.487517
-0.9175
-0.0712924
0.841124
1.04693
-1.07814
1.1979
-2.45413
1.41834
-2.41583
1.34783
0.257286
0.541568
0.392345
0.0591999
1.42328
-0.981054
3.32695
-1.74603
-0.0872696
-0.10972
0.478475
0.81179
-0.600128
0.873656
-2.764
1.18941
-1.67662
0.396513
0.233564
0.684894
0.656765
-0.783785
1.61195
-0.750869
3.14864
-0.936816
0.784795
-0.0209821
0.443578
0.560241
-0.358852
0.830376
-2.58026
3.38909
-3.35514
-0.426304
0.3888
0.542566
1.2398
-0.34043
1.21815
-2.02539
1.28881
-0.849443
2.03853
-0.812076
0.675188
-0.500809
-0.537405
1.35481
0.319081
2.07165
0.801044
-1.34091
2.33843
0.141713
2.46284
-0.607383
0.36652
-4.36667
3.45801
-0.622686
-0.304111
-0.289265
-0.526144
1.11461
0.139657
-0.648218
-3.14647
0.517106
-5.19574
4.16894
-0.903451
-1.5481
-1.02398
0.152273
-0.468474
3.57116
-2.20611
-2.20453
-2.72604
3.44141
2.74562
2.76079
1.35772
-0.947431
0.483981
1.70705
2.07636
1.29033
-2.42272
-0.517795
7.30902
-1.4406
1.25921
0.705783
-3.57073
2.90059
1.22473
1.85908
0.843339
0.879764
2.68199
-1.18145
0.904728
2.53481
3.79402
-3.39727
0.464283
-0.786753
-0.322355
-1.33222
1.46252
-1.23307
-2.97695
-0.0424163
5.36111
-2.68805
6.06586
1.76503
-1.68487
2.66495
-2.20912
-2.27012
-2.88025
-4.38848
3.08135
-6.99843
-0.954737
2.39369
-2.47077
-2.67799
-0.857389
0.862278
0.0102306
-1.56067
3.06271
1.21502
-1.46441
-3.81187
0.577172
-3.39564
-0.312927
0.590774
1.60444
-2.45719
-1.18884
1.12138
-0.269071
-1.29697
3.23239
8.85631
-5.40179
0.430032
3.90999
1.12326
-1.22265
-4.40846
-1.05291
-2.38563
-6.44589
0.303633
-2.20832
-5.72464
-4.62329
-0.28538
1.5231
-6.62917
1.37639
-3.07458
0.389239
5.30849
1.73484
-0.689082
0.581671
5.63096
1.73797
-3.48955
4.93756
-1.76956
0.301061
-0.59854
0.886504
-2.74132
-4.87813
-3.79852
0.54464
1.2412
-1.89552
-1.77762
-1.87878
-0.990802
-3.62753
-3.72995
2.84875
-1.54998
-1.49148
-0.971392
-0.552272
-0.521791
-1.5751
2.82508
0.252434
-0.145258
0.785519
-5.44809
-3.1373
-1.04717
-1.36055
-1.98862
-0.772014
2.45718
2.7246
0.712063
-0.697454
0.725375
-1.93892
0.252353
1.09659
3.15396
-0.900007
2.43548
1.08792
0.121026
3.28077
2.77574
1.0306
-2.7411
-3.93165
5.24131
4.01411
-0.232537
0.199487
4.41727
4.16703
-4.17166
1.9917
-2.47396
1.33542
0.586779
-5.00395
3.22546
3.70836
5.98675
2.59945
-1.4101
6.17563
-4.92536
0.438141
1.63858
-3.14791
3.06646
0.605316
2.10226
2.22098
-8.28359
4.46154
-0.753752
-1.14952
2.51721
-0.218825
-0.204213
-0.677344
1.82825
10.3495
-8.47898
4.99915
1.12227
0.193174
1.14391
0.411
-1.28491
-4.52617
-3.05015
1.31666
-2.13107
-2.83884
1.64634
0.0543378
-1.50472
-0.784392
-1.79529
3.77599
6.86853
1.50926
-3.18465
0.444311
-0.276297
0.229571
-10.0254
-6.0797
-21.4117
-8.88133
-8.26117
-6.11786
-10.3074
-9.48483
9.5654
-5.42715
9.46536
-14.9641
12.9779
-19.8083
16.2575
-4.93494
-7.66234
-6.4071
-11.009
-2.3549
-5.43355
-7.99627
-1.13372
0.380373
-3.32057
12.7954
-13.5691
3.75429
-0.562182
-3.25194
6.70733
2.23349
-7.18247
1.77768
-7.77554
