[-1.3237198526604068,
 -0.8880095938770296,
 -0.28165428373893064,
 -0.6832032593132737,
 11.56720779159184,
 -2.2338010537504545,
 -0.5510946959407761,
 2.1370248809653276,
 0.21550060590789144,
 -1.4914885486029874,
 -0.3378246343913247,
 3.5021635484373803,
 0.1771253242665125,
 3.3572836642130426,
 -15.794147749418244,
 0.6863055067668711,
 2.2142278797630297,
 -0.8553571257579051,
 -4.332073297092627,
 -1.155127621372202,
 -2.0332555124231533,
 2.580257917219086,
 1.9509603043171921,
 -1.3021967645453876,
 -16.537430508647105,
 5.0128140526595075,
 -0.8083594935482665,
 38.03660938903175,
 -1.3225956426919936,
 -0.6471985626898658,
 -0.051329404384091504,
 -1.167499558996255,
 -11.264203271379927,
 -2.708637225329838,
 0.3674528868760163,
 0.18282790341066857,
 1.6497824015373794,
 -3.5191694174528436,
 -0.5627561022036076,
 27.12130682989863,
 -0.10662221561858587,
 2.092153035576075,
 -0.022491154406480973,
 0.0955624938433175,
 -3.5002166652867857,
 -1.7849172718232182,
 -1.0658961923259653,
 -2.898855521463503,
 -1.04077539171915,
 1.787760008657159,
 5.2561885213046935,
 -2.807283071718558,
 -0.32201218443805146,
 0.6243498035892117,
 -3.705736021208452,
 5.1101473189561375,
 3.1462564551295316,
 0.3844289244502903,
 1.1482454939791182,
 0.17319201500161796,
 0.5784995510926763,
 1.705643194498606,
 -3.205196454335862,
 0.7198080437481025,
 -7.857202590501402,
 -0.5676812076317788,
 -3.2906867483187217,
 -0.6856129140208438,
 1.4103799209580217,
 -1.221576804753873,
 -1.1079891213827686,
 -2.9373897059155354,
 4.127200973843173,
 -2.77777317211428,
 7.1788972634203105,
 1.9467798595415289,
 -1.8795888112178147,
 -0.7447909227579714,
 -5.178069134688329,
 -0.3430534316111107]
