[229, 16, 16, 4]
0.0
0.0
0.0
0.0
0.0
0.0
0.0
0.0
0.0
0.0
0.0
0.0
0.0
0.0
0.0
0.0
1.67525
0.0
0.0
0.0
0.0
0.0
0.0
0.0
0.0
0.0
0.0
0.0
0.0
0.0
0.0
-1.76544
0.0
0.0
0.0
0.0
0.0
0.0
0.0
0.0
0.0
0.0
0.0
0.0
0.0
0.0
0.0
0.0
0.0
0.0
0.0
-1.12936
0.0
0.0
0.0
0.0
0.0
0.0
0.0
0.0
0.343792
0.0
0.0
0.0
0.0
0.0
0.0
0.0
0.0
0.0
0.0
0.0
0.0313476
0.0
0.0
0.0
0.0
0.0
0.0
0.0
-0.272455
0.22356
-0.326798
0.134086
-0.825526
0.62
-0.941542
-1.46911
-0.43887
0.00290489
-0.440192
-1.45316
1.00357
0.994409
-0.751969
-0.892782
0.0
0.0
0.0
0.0
0.0
0.0
0.0
0.0
0.0
0.0
0.0
0.0
0.0
0.0
0.0
0.0
-0.0112452
1.12124
-0.547738
-1.60341
-0.923257
1.82305
-0.328562
-1.36972
-0.530968
-0.149134
0.0612276
-1.02239
0.996735
0.954141
-0.835663
-0.486176
0.0
0.0
0.0
0.0
0.0
0.0
0.0
0.0
0.0
0.0
0.0
0.0
0.0
0.0
0.0
0.0
0.684052
1.63809
-0.382229
0.0502769
0.677513
2.27495
0.450249
-0.885327
0.227698
0.552846
1.25534
-1.0039
0.683855
-0.139864
-0.189711
-0.0118004
0.0
-0.502352
0.0
0.0
0.0
0.0
0.0
0.0
0.0
2.0959
0.0
0.0
0.0
0.0
0.0
0.0
0.0
0.0
0.0
0.0
0.0
0.0
0.0
0.0
0.506877
0.0
0.0
0.0
0.0
0.0
0.0
0.0
0.0
0.0
0.0
0.0
0.0
0.0
0.0
0.0
0.0
0.0
0.0
0.0
0.0
0.0
0.0
0.0
0.0
0.0
0.0
0.0
-0.185429
0.0
0.0
0.0
0.0
0.0
0.0
0.0
0.0
0.0
0.0
0.0
0.0
0.0
0.0
0.0
0.0
0.0
0.0
0.0
0.0
0.0
0.0
0.0
-0.464564
0.0
0.0
0.0
0.0
0.0
0.0
0.0
0.0
0.0
0.0
0.0
0.0
0.0
0.0
0.0
0.0
0.0
0.0
0.0
0.0
0.0
0.0
0.0
0.0
0.0
0.0
0.0
0.0
0.0
0.0
0.0
0.0
0.0
-0.903332
0.0
0.0
0.0
0.0
0.0
0.0
0.0
0.0
0.0
0.0
0.0
0.0
0.0
0.0
0.0
0.0
0.0
0.124121
-1.22455
1.51967
-0.101647
-0.982851
-0.27463
-2.00747
-2.65102
0.953258
0.3388
-0.749429
-1.09252
0.893107
0.225059
-0.59874
-0.374946
0.0
0.0
0.0
0.0
0.0
0.0
0.0
0.0
0.0
0.0
0.0
0.0
0.0
0.0
0.0
0.0
0.0
0.0
0.0
0.0
0.0
0.0
0.0
0.0
0.0671959
0.0
0.0
0.0
0.0
0.0
0.0
0.0
0.0
0.0
0.0
0.0
0.0
0.0
0.0
0.0
0.0
-0.306463
0.0
0.0
0.0
0.0
0.0
0.0
0.0
0.0
0.0
0.0
0.0
0.0
0.0
0.0
0.0
0.0
0.0
0.0
0.0
0.0
-0.671805
-0.218255
0.0
0.0
0.0
1.06141
0.0
0.0
0.0
0.0
0.0
0.0
0.0
0.0
1.65245
0.0
0.0
0.0
0.0
0.0
0.0
0.0
0.0
0.0
0.0
0.0
0.0
0.0
0.0
-1.38236
-1.12954
0.0
0.0
0.0
0.0
0.0
0.0
0.160479
0.0
0.0
0.0
0.0
0.0
0.0
0.0
0.0678992
0.0
0.0
0.0
0.0
-0.0358473
2.12035
-0.0699732
-0.0232015
0.417779
1.83124
0.204001
-0.716444
1.51893
1.39345
1.19114
-0.0880945
1.88312
-0.636477
0.00160961
-0.61065
0.0
0.0
0.0
0.0
0.0
0.0
0.0
0.0
0.0
0.0
0.0
0.0
0.0
0.0
0.0
0.0
0.0
0.0
0.0
0.0
0.0
0.0
0.0
0.0
0.0
0.0
0.0
0.0
0.0
0.0
0.0
-0.535547
0.0
0.0
0.0
0.0
0.0
0.0
0.219995
0.0
0.0
0.0
0.0
0.0
0.0
0.0
0.0
0.0
0.0
0.0
0.0
0.0
0.0
0.0
0.0
0.0
0.0
0.0
0.0
0.0
0.0
0.0
0.0
0.0
0.0
0.0
0.0
0.0
0.0
0.0
0.0
0.0
0.0
0.709936
0.0
0.0
0.0
0.0
0.0
0.0
0.0
0.0
0.0
0.0
0.0
0.0
0.0
0.0
0.0
0.0
0.0
0.0
0.0
0.0
0.0
0.0
0.0
1.06381
0.0
0.0
0.0
0.0
0.0
0.0
0.0
0.0
0.0
0.0
0.0
0.0
0.0
0.0
0.0
0.740654
0.0
0.0
0.803228
0.0
0.0
0.0
0.0
0.0
0.0
0.0
0.0
0.0
0.0
0.0
0.0
0.0
0.0
0.0
0.0
0.0
0.0
0.0
0.0
0.0
0.0
0.0
0.0
0.0
0.0
0.466141
0.0
0.0
-0.302126
0.0
0.0
0.0
0.0
0.0
0.0
0.0
0.0
0.0
0.0
0.0
0.0
0.0
0.0
0.0
0.0
0.0
0.0
0.0
0.0
0.0
0.0
0.0
0.0
0.0
0.0
0.0
0.0
0.0
0.0
0.0
0.492861
0.0
0.0
0.0
0.0
0.0
0.0
0.0
0.0
0.0
0.0
0.0
0.0
0.0
0.0
0.0
0.0
0.0
0.0
0.0
-0.341054
0.0
0.0
0.0
0.0
0.0
0.0
0.0
0.511235
0.0
0.0
0.0
0.0
0.0
0.0
0.0
0.0
0.0
0.0
0.0
0.0
0.0
0.0
0.0
0.0
0.0
0.0
0.0
0.0
0.0
0.0
0.0
-0.394323
0.0
0.0
0.0
0.0
0.0
0.0
0.0
0.0
0.0
0.0
0.0
0.0
-0.0518822
0.0
0.0
-0.268571
0.0
0.0
0.0
0.0
0.0
0.0
0.0
0.0
0.0
0.0
0.0
0.0
0.0
0.0
0.0
0.0
0.0
0.0
0.0
0.0
0.0
0.0
0.0
0.0
0.0
0.0
0.0
0.0
0.0
0.0
0.0
0.0
0.0
0.0
0.0
0.0
0.0
0.0
0.0
0.0
0.0
0.0
0.0
0.0
0.0
0.0
0.0
0.0
0.0
0.0
0.0
0.0
0.0
0.0
0.0
0.0
0.0
0.630386
0.376651
0.675268
0.0806977
0.576082
-0.655697
-1.4813
-1.29791
-0.0436091
0.789222
0.867973
-0.723855
1.81407
0.348425
-0.541792
-0.652775
0.0
0.0
0.0
0.0
0.0
0.0
0.0
0.0
0.0
0.0
0.0
0.0
0.0
0.0
0.0
0.0
0.0
0.0
0.635913
0.0
0.0
0.0
0.0
0.0
0.0
0.0
0.0
0.0
0.0
0.0
0.0
0.0
0.0
0.0
0.0
0.0
0.0
0.0
0.0
0.0
0.0
0.0
0.0
0.0
0.0
0.0
0.0
0.0
0.0
0.0
0.0
0.0
0.0
0.0
0.0
0.0
0.0
0.0
0.229006
0.0
0.0
0.0
0.0
0.0
0.0
0.0
0.0
0.0
0.0
0.0
0.0
0.0
0.0
0.0
0.0
0.0
0.0
0.0
0.0
0.0
0.0
0.0
0.0
0.0
0.0
-1.2356
0.0
0.0
0.113509
0.0
0.564024
0.0
0.0
0.0
0.0
0.0
0.0
0.0
0.0
0.0
0.0
0.0
0.0
0.0
0.0
0.0
0.947081
0.0
0.0
0.0
0.0
0.0
0.0
0.0
0.0
0.0
0.0
0.656478
0.0
0.0
0.127549
0.0
0.0
0.0
0.0
0.0
0.0
0.0
0.0
0.0
0.0
0.0
-1.13282
0.0
0.0
0.0
0.0
0.0
0.0
0.0
0.0
0.0
0.0
0.0
0.0
0.0
0.0
0.0
0.0
0.0
0.0
-0.688103
0.0
0.0
0.0
0.0
0.0
0.0
0.0
0.0
0.0
0.0
0.0
0.0
0.0
0.0
0.34661
0.0
0.0
0.0
0.0
0.0
0.0
0.0
0.0
0.0
-0.680676
0.0349885
-0.838609
0.05934
0.936032
0.586524
1.69703
-0.703202
0.662388
-0.280675
1.00111
-0.768577
0.575904
-1.06182
0.378586
-0.84906
0.0
0.0
0.0
0.0
0.0
0.0
0.0
0.0
0.0
0.0
0.0
0.0
0.0
0.0
0.0
0.0
0.0
0.0
0.0
0.0
0.0
0.0
0.0
0.0
0.0
0.0
0.0
0.0
0.0
0.0
0.0
0.0
0.0
0.0
0.0
0.0
0.0
0.0
0.0
0.0
0.0
0.0
0.0
0.0
0.0
0.0
0.0
0.0
0.0
0.0
0.0
0.0
0.0
0.0
0.0
0.0
0.0
0.0
0.0
0.0
0.0
0.0
0.0
0.0
0.0
0.0
0.0
0.0
0.0
0.0
0.0
0.0
0.0752806
0.0
0.0
0.0
0.0
0.0
0.0
0.0
0.0
0.0
0.0
0.0
0.0
0.0
0.0
0.0
0.0
0.0
0.0
0.0
0.0
0.0
0.0
0.0
0.0
0.0
0.0
0.0
0.0
0.641021
0.0
0.0
0.0
0.0
0.0
0.0
0.0
0.0
0.0
0.0
0.0
0.0
0.0
0.0
0.0
0.0
0.0
0.0
0.0
0.0
0.0
0.0
0.0
0.0
0.0
0.0
0.0
0.0
0.0
0.0
0.0
0.0
1.40581
0.0
0.0
0.0
0.0
0.0
0.0
0.0
0.0
0.0
0.0
0.0
0.0
-0.434821
0.0
0.0
0.0
0.0
0.0
0.0
0.0
0.0
-0.563534
0.0
0.0
0.0
0.0
0.0
-0.760808
0.0
0.0
0.0
0.0
0.0
0.0
0.0
0.0
0.0
0.0
0.0
0.0
0.0
0.0
0.0
0.0
0.0
0.0
0.0
-0.598943
0.0
0.0
0.0
0.0
0.0
0.0
0.0
0.0
0.0
0.0
0.0
0.0
0.0
0.0
0.0
0.303689
0.0
0.0
0.0
0.0
0.0
0.0
0.0
-0.361352
0.0
0.0
0.0
0.0
0.0
0.0
0.0
0.0
0.0
0.0
0.0
0.0
0.0
0.0
0.622853
0.0
0.0
0.0
0.0
0.0
0.0
0.0
0.0
0.0172162
0.0
0.0
-1.21075
0.0
0.0
0.0
0.0
0.755212
0.0
0.0
1.50169
0.0
0.0
0.0
-1.15103
0.0
0.0
0.0
0.0
0.0
0.0
0.0
0.0
0.0
0.0
0.664596
0.557739
0.653099
0.0639432
0.295865
-0.604137
-1.22425
-1.28301
-0.0320787
0.761949
0.897945
-0.708408
1.72811
0.346329
-0.613395
-0.623526
-0.769092
0.0
0.695464
0.0
0.0
0.0
0.0
0.0
0.0
0.0
-0.164176
0.0
0.0
0.0
0.0
0.0
0.82084
0.0
0.801538
0.0
0.0
0.0
0.0
0.0
0.0
0.0
0.0
0.0
0.0
-2.3394
0.0
0.0
0.0
0.0
0.0
0.0
0.0
0.0
0.0
0.0
0.0
0.0
0.0
0.0
0.0
0.0
0.0
0.0
0.0
0.0
0.0
0.0
0.0
0.0
0.0
0.0
0.0
0.0
0.23213
0.0
0.0
0.0
0.0
0.0
0.0
0.0
0.0
0.0
0.0
0.658723
0.0
0.0
0.0
0.0
0.0
0.0
0.0
0.0
0.0
0.0
0.0
-0.445753
0.0
0.0
0.0
0.0
0.0
0.0
0.0
0.0
0.0
0.0
0.0
0.0
-1.584
0.0
0.0
0.0
0.0
0.0
0.0
0.0
0.0
0.0
0.0
0.0
0.0
0.0
0.0
-1.27534
0.0
0.0
0.0
0.0
0.0
0.0
0.0
0.0
0.0
0.0
0.0
0.0
0.0
0.0
0.0
0.0
0.0
0.0
0.0
0.0
0.0
0.0
-0.337628
0.0
0.0
0.0
0.0
-0.866582
0.0
0.0
0.0
0.0
0.0
0.0
0.0
0.0
0.0
0.0
0.0
0.0
0.0
0.0
0.0
0.0
0.0
0.0
0.0
0.0
0.0
0.0
1.33669
0.0
0.0
0.0
0.0
0.0
0.0
0.0
0.0
0.0
0.0
0.0
0.0
0.0
0.0
0.0
0.0
0.0
0.0
0.0
0.0
0.0
0.0
0.0
0.0
0.0
0.0
0.0
0.0
0.0
0.0
0.0
0.0
0.0
0.0
0.0
0.0
0.0
0.0
0.0
0.0
0.0
0.0
0.0
0.0
0.0
0.0
0.0
-0.124984
-0.157143
-0.327383
-0.0103927
0.833077
0.112292
0.820264
-1.02179
0.725496
0.416008
1.38525
-1.21362
-0.684289
-0.785127
0.503544
-0.547024
0.0
0.0
0.0
0.0
0.0
0.0
0.0
0.0
0.0
0.0
0.0
0.0
0.0
0.0
0.0
0.0
0.0
0.0
0.0
0.0
0.0
0.0
0.0
0.0
0.0
0.0
0.0
0.778537
0.0
0.0
0.0
0.0
0.0
0.0
0.0
0.0
0.0
0.0
0.0
0.0
0.0
0.0
0.0
0.0
0.0
0.0
0.0
0.0
0.0
0.0
0.0
0.0
0.0
0.112678
0.0
0.0
0.0
0.0
0.0
0.0
0.0
0.0
0.0
0.0
0.0
0.0
0.0
0.0
0.0
0.0
0.0
0.0
0.0
0.0
0.0
0.0
0.0
0.0
-1.73777
0.0
0.0
0.0
0.0
-0.465781
0.0
0.0
0.0
0.0
0.0
0.0
0.0
0.0
1.19446
0.0
0.0
0.0
0.0
0.0
0.0
0.0
0.0
0.0
0.0
0.0
0.0
0.0
0.0
0.0
0.0
0.0
0.0
0.0
0.0
0.0
0.0
0.0
0.0
0.0
0.0
0.0
0.0
0.0
0.0
0.0
-0.661854
0.0
0.0
0.0
0.0
0.0
0.0
0.0
0.0
0.0
0.0
0.0
0.0
0.0
0.0
0.0
0.0
0.0
0.0
0.0
0.0
0.0
0.0
0.0
-0.0598993
0.0
0.0
0.0
0.0
1.57756
0.0
0.0
0.396219
0.0
0.0
0.0
0.0
0.0
0.0
0.0
0.0
0.0
0.0
0.0
0.299566
0.0
0.0
0.0
0.0
0.0
0.0
-0.663127
0.0
0.0
0.0
0.0
0.0
0.0
0.0
0.0
0.0
0.0
0.0
0.0
-0.512275
0.0
0.0
0.0
0.0
0.0
0.0
0.0
0.0
0.0
0.0
0.0
0.0
0.0
0.61573
0.0
0.0
0.0
0.0
0.0
0.0
0.0
0.0
0.0
0.0
0.0
0.0
-0.506519
0.101075
0.0
0.0
-0.636505
0.0
0.0
0.0
1.7385
0.0
0.0
0.0
0.0
0.0
0.0
0.0
0.0
0.0
0.0
0.0
0.0
0.0
0.0
0.0
0.0
0.802246
0.898153
0.574375
-0.0531552
0.533678
-0.486998
-0.921966
-1.32385
-0.108214
0.761714
0.825334
-0.652595
1.78725
0.254326
-0.563709
-0.44364
0.0
0.0
0.0
0.0
0.0
0.0
0.0
0.0
0.0
0.0
0.56109
0.0
0.0
0.0
0.0
0.0
0.0
0.0
0.0
0.0
0.0
0.0
0.0
0.0
0.0
0.0
0.0
0.0
0.0
0.0
0.0
0.0
0.0
0.0
0.0
0.0
0.0
0.0
0.0
0.0
1.4172
0.0
0.0
0.0
-0.994613
0.0
0.290163
0.0
0.0
0.0
1.38063
0.0
0.0
0.0
0.0
0.0
0.0
0.0
0.0
0.0
0.0
0.0
0.0
0.0
0.0
0.0
0.0
0.0
0.0
0.0
0.0
0.0
0.0
0.0
0.0
-0.672965
0.0
0.0
0.0
0.0
0.0
0.0
0.0
0.0
0.0
0.0
0.0
0.0
0.0
0.0
0.0
0.0
0.0
0.0
0.0
0.0
0.0
0.0
0.0
0.0
0.0
0.0
0.0
0.0
0.0
0.0
0.0
0.0
0.0
0.0
0.0
0.0
0.0
0.0
0.0
0.0
0.0
0.0
0.0
0.0
0.0
0.0
0.0
0.0
0.0
0.0
0.0
0.0
0.0
0.0
0.0
0.0
0.0
0.0
0.0
0.399656
0.0
0.0
0.0
0.0
0.0
0.0
0.0
0.0
0.0
0.0
0.0
0.0
0.0
0.0
0.0
0.0
0.0
0.0
0.0
0.0
0.0
0.0
0.0
0.0
0.0
0.0
0.0
0.0
0.0
0.0
0.0
0.0
0.0
0.0329766
0.0
0.0
0.0
0.0
0.0
0.0
0.0
0.0
0.0
0.0
0.0
0.0
0.0
0.0
0.0
0.0
0.0
0.0
0.0
0.0
0.0
0.0
0.0
0.0
0.0
0.0
0.0
0.0
0.0
0.0
0.0
0.0
0.0
0.0
0.0
0.0
0.0
-0.038594
0.171939
-0.010525
-0.334898
-0.0361781
0.778486
0.0399891
0.976454
-0.989666
0.85824
0.678218
1.33797
-1.44171
-0.778905
-0.687859
0.521005
-0.40483
0.252672
0.0
0.0
0.0
0.0
0.0
0.0
0.0
0.0
0.0
0.0
0.0
0.0
0.0
0.0
0.0
0.0
0.0
0.0
0.0
0.0
0.0
0.0
0.0
0.0
0.0
0.0
0.0
0.0
0.0
0.0
0.0
0.0
0.0
0.0
0.0
0.0
0.0
0.0
0.0
0.0
0.0
0.0
-1.63893
0.0
0.0
0.0
0.0
0.0
0.0
0.0
0.0
0.0
0.0
0.0
0.0
0.0
0.0
0.0
-0.228338
0.0
0.0
0.0
0.0
0.0
2.17117
-0.149166
0.0
1.56415
0.0
0.0
0.0
0.0
0.0
0.0
0.0
0.0
0.0
0.0
0.0
0.0
0.0
0.0
0.0
0.0
0.0
0.0
0.0
0.0
0.0
0.0
0.0
0.0
0.0
0.0
0.0
0.0
0.0
0.0
0.0
0.0
0.0
0.0
-2.61648
0.0
0.0
0.0
0.0
0.0
-0.615954
0.0
0.0
0.0
0.0
-0.139064
0.0
0.0
0.0
0.0
0.0
0.0
0.0
0.0
0.0
0.0
0.0
0.0
0.0
0.0
0.0
0.0
0.0
0.0
0.0
0.0
0.0
0.0
0.0
0.0
0.0
0.0
0.0
0.0
0.0
0.0
0.0
0.0
0.0
0.0
0.0
0.0
0.0
0.0
0.0
0.0
0.0
0.0
0.0
2.68294
0.0
0.0
0.0
0.0
0.0
0.0
0.0
0.0
0.0
0.0
0.0
0.0
0.0
0.0
0.0
0.0
0.0
0.0
0.0
0.0
0.0
0.0
0.0
0.0
0.0
0.0
0.0
0.0
0.0
0.0
0.0
0.0
0.0
0.0
0.0
0.0
0.0
0.0
0.0
0.0
0.0
0.0
0.0
0.0
0.0
0.0
0.0
0.0
0.0
0.0
0.099696
0.0
0.0
0.0
0.0
-1.0921
0.0
0.0
0.0
0.0
0.0
0.0
0.0
0.0
0.0
0.0
0.0
0.0
0.0
-0.264298
0.0
0.0
0.0
0.0
0.0
0.0
-0.660184
0.0
0.0
0.0
0.0
0.103502
0.92159
0.68618
-0.00453419
0.118902
-0.510164
-0.014014
-1.09965
0.154936
0.725979
0.989937
-0.715221
1.49046
0.193389
-0.59724
-0.457772
0.0
0.0
0.0
0.0
0.0
0.0
0.0
0.0
0.0
0.0
0.0
0.0
0.0
0.0
0.0
0.0
0.0
0.0
0.0
0.0
-1.73316
0.0
0.0
0.0
0.0
0.0
0.0
-1.81027
0.0
0.0
0.0
0.0
0.0
0.0
0.0
0.0
0.0
0.0
0.0
0.0
0.0
0.0
0.0
0.0
0.0
1.57082
0.0
1.40499
0.0
0.0
0.0
0.586077
0.0
0.0
0.0
3.30565
0.0
0.0
0.0
0.0
0.0
0.0
0.0
0.0
0.0
0.0
0.0
0.0
0.0
1.84858
0.0
-0.737142
0.0
0.0
0.0
0.0
0.0
0.0
0.0
0.0
0.0
0.0
0.0
0.0
0.0
1.94094
0.0
0.0
0.0
0.0
0.0
0.0
0.0
0.0
0.0
0.0
0.0
0.0
0.0
0.0
0.0
0.0
0.0
0.0
0.105443
0.0
0.0
0.0
0.0
0.0
0.0
0.0
0.0
0.0
0.0
0.0
0.0
0.0
0.0
-0.818001
0.0689922
0.0
0.0
0.0
0.0
-1.21086
0.0
0.0
0.0
0.0
0.0
-0.289437
0.0
0.0
0.0
0.0
0.0
0.0
0.0
0.0
0.0
0.0
0.0
0.0
0.0
0.0
0.0
0.0
0.0
0.0
0.0
0.0
0.0
0.0
0.0
0.0
0.0
0.0
0.0
0.0
0.0
0.0
0.0
0.0
0.0
0.0
-0.917414
0.0
0.0
0.0
0.0
0.0
0.0
0.0
0.0
0.0
0.0
0.0
0.0
0.0
0.0
0.0
0.0
0.0
0.0
0.0
0.0
1.54148
0.0
0.0
0.0
0.0
0.0
0.0
0.0
0.0
0.220513
0.0
0.0
0.0
0.0
0.0
0.0
0.0
0.0
0.0
0.0
0.0
0.274117
0.19654
-0.465887
-0.0327603
0.371877
-0.0299861
1.18929
-0.978718
0.750363
0.764672
1.25998
-1.7477
-0.972143
-0.676074
0.506396
-0.122837
0.0
0.0
0.0
0.0
0.0
0.0
0.0
0.0
0.0
0.0
0.0
0.0
0.0
0.0
0.0
0.0
0.0
0.0
0.0
0.0
0.0
0.0
0.0
0.0
0.0
0.0
0.0
0.0
0.0
0.0
0.0
0.0
0.0
1.74514
0.0
0.0
0.0
0.0
0.0
0.0
0.0
0.0
0.0
0.0
0.0
0.0
0.0
0.0
0.0
-0.602215
0.0
0.0
0.0
0.0
0.0
0.0
0.0
0.0
0.0
0.0
0.0
0.0
0.0
0.0
-0.0883324
0.0
0.0
0.0
0.0
0.0
0.0
0.0
0.0
0.0
0.0
0.0
0.0
-0.350391
0.0
0.0
0.0
0.0
0.0
0.0
0.0
0.0
0.0
0.0
0.0
1.19227
0.0
0.0
0.0
0.0
0.0
0.0
0.0
0.0
0.0
0.0
0.0
0.0
0.0
0.0
0.479486
0.0
0.0
0.0
0.0
1.61399
0.0
0.0
0.0
1.54503
1.38441
0.0
0.0
1.54246
0.0
0.0
0.0
0.0
0.0
0.0
0.0
0.0
0.0
0.0
0.0
0.0
0.0
0.0
0.0
0.0
0.0
0.0
0.0
0.0
0.0
0.0
0.0
0.0
0.0
0.0
0.0
0.0
0.0
0.0
0.0
0.0
0.0
0.0
0.0
0.0
0.0
0.0
0.0
0.0
0.0
0.0
0.0
0.0
0.0
0.0
0.0
0.0
0.0
0.0
0.0
0.0
0.0
0.0
0.0
0.0
0.0
0.0
0.0
0.0
0.0
0.0
0.0
0.0
0.0
0.0
0.0
0.0
0.0
0.0
0.0
0.0
0.0
0.0
0.0
0.0
0.0
0.0
0.0
0.0
0.0
0.0
0.0
0.0
0.148787
0.0
0.0
0.0
0.0
0.0
0.0
0.0
0.0
0.0
0.0
0.0
0.0
0.0
0.0
0.0
0.0
0.0
0.0
0.0
0.0
0.0
0.0
0.0
-1.69532
-0.465831
0.0
0.0
0.0
0.0
0.0
0.0
-0.81716
0.0
0.0
0.0
0.0
0.0
0.0
0.0
0.0
0.0
0.0
0.0
0.0
0.0
0.0
0.0
0.0
0.0
0.0
0.0
0.0
0.0
-0.0940632
0.955444
0.730974
-0.0578054
0.0548186
-0.488915
0.46334
-1.0594
0.282096
0.750495
1.00758
-0.751538
1.34725
0.245274
-0.658861
-0.422589
0.0
0.0
0.0
0.0
0.0
0.0
0.0
0.0
0.0
0.0
0.0
0.0
0.0
0.0
-0.290906
0.0
0.0
0.0
0.0
-1.65338
0.0
-0.787972
0.0
0.0
0.0
0.0
0.0
0.0
-0.249131
0.0
0.0
0.0
0.0
0.0
0.0
0.0
0.0
0.0
0.0
0.0
0.0
0.0
0.0
0.0
0.0
0.0
0.0
0.0
-0.175529
0.0
0.0
0.0
0.0
0.0
0.0
0.0
0.0
0.0
0.0
0.0
0.0
0.0
0.0
0.0
0.91553
0.0
0.0
0.0
0.0
0.0
0.0
0.0
0.0
0.0
0.0
0.0
0.0
0.0
0.0
0.0
0.0
0.0
0.0
0.0
0.0
0.0
0.0
0.0
0.0
0.0
0.0
0.0
0.0
0.0
0.0
0.0
0.0
0.0
0.0
0.0
0.0
0.0
0.0
0.0
0.0
0.0
0.0
0.0
0.0
0.0
0.0
0.0
0.0
0.0
0.0
0.0
-0.290132
0.0
0.0
-0.861055
0.0
0.0
0.0
0.0
0.0
0.0
0.0
0.0
0.0
0.0
0.0
0.0
0.0
0.0
0.0
0.0
0.0
0.0
0.0
0.0
0.0
0.0
0.0
0.0
0.0
0.0
0.0
0.0
0.0
0.0
0.0
0.0
0.0
0.0
0.0
0.0
0.0
0.0
0.0
0.257736
0.0
0.0
0.0
0.0
0.0
0.0
0.0
0.0
0.0
0.0
0.0
0.0
0.0
0.0
1.30427
0.0
0.543715
0.343189
-0.458648
0.04467
0.0464181
-0.0693597
1.87564
-0.947697
0.725361
0.797049
1.16708
-1.90955
-0.926067
-0.624821
0.49828
0.0541915
0.0
0.0
0.0
0.0
0.0
0.0
0.0
0.0
0.0
0.0
0.0
0.0
-0.382827
0.0
0.0
0.0
0.0
0.0
0.0
0.0
0.0
0.0
0.0
0.0
0.0
0.0
0.0
0.0
0.0
0.0
0.0
0.0
0.0
0.0
0.0
0.0
0.0
0.0
0.0
0.0
0.0
0.0
0.0
-1.04963
0.0
0.0
0.0
0.0
0.0
0.0
0.0
0.0
0.0
0.0
0.0
0.0
0.0
0.0
0.0
0.0
0.0
0.0
0.0
0.0
0.0
0.0
0.0
0.0
0.0
0.0
0.0
0.782124
0.0
0.0
0.0
0.0
0.0
0.0
0.0
0.0
0.0
0.0
0.0
0.0
0.0
0.0
0.0
0.0
0.0
0.0
1.95076
0.0
0.0763164
0.507911
0.0
0.0
0.0
0.0
0.0
0.0
0.0
0.0
0.0
0.0
0.0
0.0
0.0
0.0
0.0
0.0
0.0
-1.40215
0.0
0.0
0.0
0.0
0.0
0.0
0.0
0.0
0.0
0.0
0.0
0.028149
0.0
0.0
0.0
0.0
0.0
0.0
0.0
0.0
0.0
0.0
0.0
0.0
0.0
0.0
0.0
0.0
0.0
0.0
0.0
0.0
0.0
0.0
0.0
0.0
0.0
0.0
0.0
0.0
0.0
0.0
0.0
0.0
0.0
0.0
0.0
1.12586
0.0
0.0
0.0
0.0
0.0
0.0
0.0
0.0
0.0
0.0
0.0
0.0
0.0
0.0
0.0
0.0
0.0
0.0
0.0
0.0
0.0
0.0
0.0
0.0
0.0
0.0
0.0
0.0
0.0
-1.22739
0.0
0.0
0.0
0.0
0.0
0.0
0.0
0.0
0.0
0.0
-0.321641
0.0
0.0
0.0
-1.70573
0.0
0.0
0.0
0.0
0.0
0.0
0.0
1.17775
0.0
0.0
0.0
0.0
-0.630984
0.0
0.0
0.0
0.0
0.0
-0.206977
0.0
0.0
0.0
-0.503983
0.0
0.0
0.0
0.0
0.0
0.0
0.0
0.0
0.0
0.0
0.0
0.0
1.80668
0.0
0.0
0.0
0.0
0.0
0.0
0.0
0.0
0.0
0.0
0.0
0.0
0.0
0.0
0.0
0.0
0.0
0.0
0.0
0.0
0.0
0.0
0.0
0.0
0.0
0.0
0.466341
0.0
0.0
0.0
0.0
0.0
0.0
0.0
0.0
0.0
0.1974
0.0
0.0
0.0
0.0
0.0
0.0
0.0
0.0
0.0
0.0
0.0
0.0
0.0
0.0
-2.15825
0.0
0.0
0.0
0.0
0.0
0.0
0.0
0.0
0.0
0.0
0.0
-0.13131
0.952771
0.721415
0.0353833
0.0322825
-0.464755
0.57961
-1.04141
0.335622
0.761378
1.00366
-0.746029
1.33265
0.23589
-0.645785
-0.446453
0.0
0.0
0.0
0.0
0.85855
0.0
0.158639
0.0
0.0
0.0
0.0
0.0
0.0
-0.517188
0.0
0.719393
0.0
0.0
0.0
-3.38732
0.0
0.0
0.0
-2.00283
0.0
0.0
0.0
0.0
0.0
0.0
-1.81808
0.0
0.0
0.0
0.0
-0.717643
0.0
0.0
0.0
0.0
0.0
0.0
0.0
0.0
0.0
0.0
-0.253966
0.0
0.0
0.0
0.0
0.0
0.0
0.0
0.0
0.0
0.0
0.929808
0.0
0.0
0.0
0.0
0.0
0.0
0.0
0.0
0.0
0.0
0.0
0.0
0.0
0.0
0.0
0.0
0.0
-1.80481
0.0
0.0
0.0
0.0
0.0
0.0
0.0
0.0
0.0
0.0
0.0
0.0
0.0
0.0
0.0
0.0
0.0
0.0
0.0
0.0
0.0
0.0
0.0
0.0
0.0
0.0
0.0
0.0
0.0
0.0
0.0
0.0
0.0
0.0
0.0
0.0
-0.592166
1.3737
0.427743
-0.0713501
0.409012
-0.151685
1.97746
-0.908189
0.907707
0.876586
0.890237
-0.607242
1.4787
-0.457818
-0.105433
0.0022313
0.0
0.0
0.0
0.0
0.0
0.0
0.0
0.0
0.0
0.0
0.0
0.0
0.0
0.0
0.0
0.0
0.0
0.0
0.0
0.0
0.0
0.0
0.0
0.0
0.0
0.0
0.0
0.0
0.0
-0.647409
0.0
0.0
0.0
0.0
0.0
0.0
0.0
0.0
0.0
0.0
0.0
0.0
0.0
0.0
0.0
0.0
0.0
0.0
0.0
0.0
0.0
0.0
0.0
0.0
0.0
0.0
0.0
0.0
0.0
0.0
0.0
0.0
0.0
0.0
0.0
0.0
0.0
0.0
0.0
0.0
-1.02199
0.0
0.0
0.0
0.0
0.0
0.0
0.0
0.0
0.0
0.0
0.0
0.0
0.0
0.0
0.0
0.0
0.0
0.0
0.0
0.0
0.0
0.0
0.0
0.0
0.0
0.0
0.0
0.0
0.0
0.0
0.0
0.0
0.0
0.0
0.0
0.0
0.0
0.0
0.0
0.0
0.0
-0.23846
0.0
0.0
0.0
0.0
0.0
0.0
0.0
0.0
0.0
0.0
0.0
0.0
0.0
0.0
0.0
-0.134452
0.964518
0.671602
0.0388024
0.157879
-0.439089
0.815414
-1.02632
0.310659
0.743377
1.00297
-0.756531
1.31148
0.202711
-0.632643
-0.460551
0.0
0.0
0.0
0.0
0.0
0.0
0.0
0.0
0.0
0.0
-0.176605
0.0
0.0
0.0
0.0
0.0
-0.0961238
0.860228
0.58885
-0.0162037
0.144954
-0.341624
2.18632
-0.942539
0.433152
0.708166
0.920877
-0.949525
1.05711
0.248065
-0.425024
-0.252899
0.0
0.0
0.0
0.0
0.0
0.0
0.0
0.0
0.0
0.0
0.0
0.0
0.0
0.0
0.0
0.0
-0.661203
1.34607
0.525674
-0.0076975
0.412071
-0.197903
1.19072
-0.973529
0.895224
0.888623
0.837967
-0.592536
1.49136
-0.355724
-0.186234
-0.0305812
-1.90013
0.0
0.0
0.0
0.0
0.0
0.0
1.39901
0.0
0.0
0.0
0.0
0.0
-1.1023
0.0
0.0
0.0
0.0
0.0
0.0
0.0
0.0
0.0
0.0
0.0
0.0
0.0
0.0
0.0
0.0
0.0
0.0
0.0
0.0
0.0
0.0
0.0
0.0
0.0
0.0
0.0
0.450031
-1.65001
0.0
0.0
0.0
0.0
0.0
2.68837
0.0
0.0
0.0
0.0
0.0
0.970986
0.0
0.0
0.0
0.0
0.0
0.0
0.0
0.0
0.0
0.0
0.0
0.0
0.0
0.0
0.0
0.0
0.0
0.0
0.0
0.0
0.0
0.0
0.0
0.0
0.0
1.08199
2.27116
1.96894
0.438863
0.182357
-0.252078
4.63892
3.08077
2.04335
-2.8994
-0.644422
-0.814026
2.90134
1.46341
-2.7859
-2.63034
-0.391778
-2.27002
-2.26863
0.0785059
-0.396646
0.749685
-4.15576
-3.0927
-2.08973
2.0518
1.05628
1.47272
-2.76324
-1.6077
3.78608
1.31607
0.124789
-0.463869
-0.465563
1.63158
0.214978
0.887654
-0.71687
0.580051
-0.262877
-1.07925
-1.07697
1.62402
-1.41688
1.04464
1.46921
0.549639
0.44505
-0.108148
1.89036
-1.57235
-1.61878
0.59024
0.325512
0.238113
-0.399271
-0.0807302
0.026972
-0.0668037
0.382898
-1.76086
-0.352996
0.0622637
0.69016
-0.00212972
-0.298972
0.517388
-0.213236
0.0632091
0.482956
-0.013787
-0.0473789
-1.38202
0.409116
0.660252
0.138748
1.34681
1.00092
-0.638105
2.72082
1.55966
-0.541896
0.950909
-0.137251
-0.343525
-0.873284
1.80592
-0.911912
1.70028
-0.941922
4.0375
-4.23393
-0.972945
0.571329
-1.67652
2.25278
1.03563
-0.688765
-0.745166
-0.60952
-1.79702
-1.60738
-0.140112
0.557211
-1.59843
-1.80874
1.2023
1.95543
1.32033
-0.441529
0.519801
2.26821
-0.640163
0.610381
0.0236211
-2.34271
0.878363
-0.198368
0.687919
-0.439498
2.10232
-0.815166
-0.423414
0.484645
-1.0175
-0.826601
-0.197311
2.01275
-1.80045
-2.22698
0.283424
2.89499
-0.567476
0.345499
-0.500205
0.0298999
-0.333744
0.467714
0.0206841
-0.776939
2.15798
-2.22529
1.40295
0.13109
1.97131
2.67846
2.75075
3.13395
-3.91243
0.307767
-0.823665
0.235021
-0.98059
1.36144
-0.807286
0.888575
0.413495
3.29081
1.07843
2.16916
-3.36254
2.97403
2.15516
1.06391
3.83968
-1.51132
-0.486945
0.0706499
2.10802
1.13556
-1.8593
1.82376
-3.93593
0.15185
4.61292
-0.416514
0.374003
-0.589288
2.48701
-0.788471
1.08264
-0.147468
-3.08292
1.55095
0.333007
-1.41711
-1.98973
-1.40457
1.06946
-0.494282
-0.174234
2.46589
-1.94423
0.686432
0.125565
-0.237382
2.41428
1.56149
3.0876
-1.52074
1.57426
-1.55763
2.17858
-2.64148
-3.26656
-1.4877
-0.0944099
-0.265656
0.833599
-0.639558
-0.111619
0.540908
-1.34322
-2.06888
-1.69086
-1.33435
-2.33677
1.95146
-1.65329
0.462061
2.9457
0.672768
0.729019
0.995446
-3.73246
-0.340014
0.134186
-0.430692
-0.600525
-0.0331778
2.11597
-1.25535
2.44126
-1.88318
0.859066
-0.429003
-3.3884
-1.51202
2.05198
-3.08461
-1.62131
-2.00676
-0.62078
0.982537
1.4243
2.79729
0.964693
2.96236
-3.57735
3.36956
0.533429
0.0364498
2.08443
1.15015
1.93162
1.36223
1.82967
0.836776
0.0430713
-0.325161
0.770414
-1.21242
-0.955884
-0.377626
1.83519
-3.21412
0.981682
-2.21937
-2.56965
-0.359015
-0.874962
-1.81135
-1.21326
-0.607691
-0.362614
0.965397
0.151483
0.842265
1.0519
0.316508
-1.65245
4.60081
-1.48934
1.9868
0.904802
1.26135
0.165806
-4.80742
-0.193952
-0.564303
-0.192716
0.38869
-1.26751
0.616557
1.92928
0.979076
-0.185539
-1.02804
-0.0414972
5.22868
-2.13732
4.28583
-1.50227
-2.28678
3.05902
-1.2283
0.216888
0.369072
-0.445355
0.31372
-2.07791
1.18745
-2.30403
0.388867
-0.125374
-2.53284
-2.19939
-2.30513
-1.0888
0.608255
-1.62012
0.684647
2.22507
-0.486596
1.37429
-0.322824
1.90869
-1.11739
-0.239222
0.349571
0.139031
0.638042
-0.940515
1.99169
-1.97908
0.0289291
-0.0336447
-1.11215
0.186774
-1.65126
0.994567
0.0209033
0.138873
-0.314013
0.146267
-0.0416223
0.364871
-0.208172
-0.0345329
-2.03273
1.45102
1.58701
-5.29925
-2.49833
0.736856
-3.43128
1.76243
-7.59678
3.78706
-2.60244
-3.40565
-5.16547
-2.04529
-1.69488
-3.03658
-1.48595
-0.186036
-1.4573
-1.04069
-0.733733
0.376026
-3.30554
-0.216092
4.95775
-6.45146
-7.03971
-6.57222
-3.67328
-2.93526
1.3357
-3.19911
-3.63071
-5.14104
-4.40143
0.173897
-1.64728
-3.20256
8.60306
-4.76835
2.46801
-8.31465
-5.62999
6.51917
4.93733
-5.49263
0.65316
2.44801
-3.27204
3.23447
-2.92378
-3.79219
2.29534
-9.51346
-1.27962
-0.490992
-1.73455
-2.44849
1.51239
1.51197
1.13642
1.11151
-0.715529
1.41941
4.46138
-2.33555
-1.61715
-1.57599
-1.81974
0.770879
