[0.11371639140272904,
 0.5792905039132563,
 -10.4089302416711,
 1.290192354279526,
 1.331312919007388,
 -0.3338501419808324,
 0.022910368104092527,
 -0.7880192198125044,
 -0.9506383155157891,
 -0.3716562196080986,
 1.1640617858087694,
 0.5530161822737041,
 0.8464501851283899,
 -0.3312069076699231,
 0.8627703810611251,
 0.4880302142682922,
 -16.940098683040986,
 -0.8322722316834188,
 -0.8281227428639966,
 -9.402573482098319,
 -0.17271063074679205,
 0.1767628588904131,
 -1.5021812786818316,
 2.483577682531063,
 -9.613114582739172,
 -0.6071163620070195,
 -1.670915693745144,
 -4.518005907202053,
 -5.411211752626457,
 -0.2542669023419535,
 -0.517758056543812,
 0.8191304894544089,
 -5.958326493156051,
 -0.5485415344738271,
 0.2477090881437789,
 -2.50838269917773,
 -0.09184921515017663,
 -2.423952871452599,
 0.5341069290538485,
 -1.859947992738583,
 -0.21354630480323067,
 1.381724992649481,
 2.1718916263819352,
 1.429282604858587,
 0.9257253732339494,
 -1.106066269129741,
 0.984067184899331,
 0.617446517797049,
 -0.21163874673851524,
 -16.911484335359233,
 -2.0346039096677657,
 -0.10123361226203542,
 -0.34603071885337044,
 0.5740677564203907,
 -10.180851899029904,
 3.0648102035873137,
 -1.0253743685940435,
 -0.49889444156113427,
 0.1206103108888783,
 -17.2736628203983,
 -0.6433253970004779,
 2.1261570923040836,
 -2.9661702096261706,
 0.7009195334971992,
 0.6091565981436702,
 -2.421633406597607,
 -18.2468589418896,
 -0.5409854223582897,
 -0.3414398460729444,
 -0.3582181601710488,
 1.3081958194783851,
 -0.4730321465333134,
 -0.8262341560204618,
 -0.24883546046228927,
 0.3792634828370538,
 2.767776188138953,
 0.18741108174759802,
 0.6257483131292503,
 -1.2590318534720524,
 -9.47121053195292,
 -17.34146548406332,
 0.5116345440441705,
 2.2528381427096633,
 -0.2957185656808008,
 0.21296330825077803,
 -0.5278830411043884,
 -2.222626356900271,
 3.5908162660887797,
 1.8777991212593292,
 0.3732969706118183,
 -0.48059661851738156,
 -18.46093083498485,
 7.755293222078649,
 -0.702424960887754,
 0.9410706603580437,
 -1.5615744204496878,
 1.1925638602854107,
 -0.6243602212786357,
 3.371603961403139,
 0.5564457514844321,
 -0.798382550436088,
 -2.3933242057519877,
 -0.5130056807506378,
 -0.32243298642909224,
 -0.49622368541150763,
 3.5495499015602263,
 -2.521120578073493,
 -2.344177026558441,
 -2.640793719959362,
 7.127433379790688,
 0.9042172527353998,
 -0.052805411684914816,
 0.3990796685157676,
 1.2957185279277326,
 0.7600379961144483,
 1.5869004644782905,
 -0.7742316925113073,
 1.3809195812710868,
 -17.05890982930626,
 2.5571156328288076,
 -0.14641378794675575,
 -3.865034748475466,
 0.4433745120510437,
 0.6710356410076201,
 -0.44642943284047476,
 0.02433767832692091,
 -0.20850174662581367,
 0.8864066503712777,
 0.5869658855528428,
 2.5615889872367177,
 0.988895645519932,
 -3.1294297774477116,
 -0.09633148951554915,
 0.03247032378843073,
 -16.96879220105282,
 0.11323467404587007,
 -0.63782202701573,
 -1.2697251857774745,
 -0.39349558560464004,
 0.6611607542395177,
 0.9305179283731775,
 -2.4687675809163068,
 -0.013649880108232537,
 0.7697115825660603,
 -1.6671302907385268,
 2.2916955198455753,
 0.8984730792552682,
 -0.3727652872851195,
 -1.2696597425911875,
 -0.05490979825289105,
 -19.419913896054993,
 0.5879500644163471,
 -0.3162592451014916,
 0.2763995946445661,
 -0.6640157652136622,
 -0.26526548580383746,
 0.8142913246172441,
 -1.4865103276570153,
 -0.16621125532512337,
 0.1602542029757359,
 -0.5648720663301109,
 0.3671224837050815,
 -17.5900814402942,
 0.05022996317431705,
 -4.577821276779581,
 0.5777363136448912,
 1.0403250530941932,
 0.7068508123786472,
 -1.450168692900263,
 0.2676203881247776,
 0.5161273443159757,
 1.0014202252622795,
 0.5308601964376294,
 0.27852936964370656,
 2.288563802748147,
 3.8777536008051356,
 0.7506419088560108,
 0.3308882573106757,
 -18.086607175729597,
 3.1830332665302237,
 -2.433223605739215,
 -0.5847844499654684,
 -0.13386632971861445,
 1.356035058316273,
 -6.004836543054694,
 -10.060547264612524,
 0.10187709998439232,
 0.9632615364010917,
 0.004692670288548584,
 1.4460586025617204,
 -10.508893252776204,
 0.32695492321481456,
 -0.08717962801301837,
 0.15142260737819413,
 0.7963679034270115,
 0.9026707114752526,
 -0.7002317708833345,
 2.5490600550564295,
 0.8174264405688518,
 1.44162346825091,
 0.02051482670512428,
 -0.14380105987471836,
 -10.258871809558627,
 0.6111265484422166,
 0.41733349616439597,
 4.734842190965992,
 -2.567232776256759,
 0.22110979238021855,
 1.1392337178748448,
 1.3470577378938628,
 -1.7590659010242575,
 -0.8356381414857807,
 -0.12634401033687936,
 0.6110975331160944,
 -0.8983266907731746,
 0.5747865350864743,
 -1.797345370572998,
 2.867118501878508,
 1.1953818459017498,
 0.42444946198847333,
 2.923591255438623,
 0.2579595867676616,
 -0.3384807388244724,
 0.37034779585616207,
 -1.7218626099044627,
 0.5697355140546989,
 0.9435081782947989,
 0.43358222312625117,
 0.6577900199457076,
 -18.172486249642702,
 5.3926745630143955,
 -1.417914155711287,
 -9.850292045023707,
 -0.2467664854001157,
 1.238424883191243,
 1.830113346625069,
 -4.824049812978586,
 -2.8421384508917313,
 0.9552212204346873,
 -0.33967557523547615,
 0.5894059928083877,
 -0.5475740456553524,
 -0.16587356324782832,
 -2.128099686932579,
 2.5955153280695527,
 0.5984969264796405,
 -0.2152257904334931,
 0.4647446091191938,
 -1.5824525120253838,
 2.1004067459775797,
 0.673995436912719,
 -0.35437891225664864,
 0.2805028583358933,
 0.07900067240683484,
 0.9314492740640503,
 -10.853123059446716,
 2.295018464503812,
 -0.15539469143826068,
 -9.245843256666603,
 -0.9848887699936029,
 -17.65213489762894,
 -1.528552432936408,
 1.7132109593946083,
 0.07833796037408547,
 1.5475930508381452,
 -3.525073474433924,
 -2.0586052800712196,
 1.254858817903994,
 0.9931615653832182,
 1.2628377413201122,
 -0.27787930961005713,
 0.1498376752278574,
 0.27004208260888163,
 -1.543078564747681,
 -17.1486452675301,
 -0.03987591728967743,
 0.5618773734270945,
 0.5291405649222725,
 -0.37375974497996367,
 0.4265111729932727,
 0.30080367768468363,
 -0.8144082488690572,
 0.8146208253702412,
 0.2160811479992617,
 -0.1275009346818763,
 -2.4043350442875067,
 -9.019970161169795,
 -0.29405853168890417,
 -0.8169171008829466,
 -1.315789449014943,
 0.9398580293527061,
 0.2525240194693339,
 -0.06587076479939924,
 1.392594613997776,
 -0.250567210557449,
 -0.35446576074878067,
 -0.12394084228066049,
 2.304415664359041,
 1.228273074375828,
 0.9791308312656213,
 0.37318920361346386,
 0.15668285815432625,
 -17.23476378528082,
 -1.696842779563326,
 -1.1963775335323703,
 -0.7283611104904484,
 -1.7650164512666322,
 0.4060537488934415,
 3.8313510058741826,
 -0.03992576546424864,
 -0.005169211963448106,
 0.038905325162090776,
 0.9352500546886233,
 0.6386809693129365,
 1.8302821057392862,
 -0.3604719229230682,
 -0.7544610262513061,
 0.19992468128384644,
 0.15395370385718365,
 -0.48652596424685157,
 -0.6958155126388306,
 -3.830400336364619,
 -0.6618229068904213,
 0.12400168228636232,
 1.1755892556581102,
 0.42814213413788593,
 -0.7509285825130831,
 -4.25873400254315,
 -0.05668511570519286,
 0.4885367879301725,
 -0.10193384025927799,
 -1.4289771429463656,
 -1.5449290875301998,
 0.2990981720134016,
 -0.19241369808769804,
 2.4327989137183614,
 1.2443825788230924,
 2.3749625465885416,
 -1.0636074519990686,
 -0.08712383916667932,
 -1.8562386049235329,
 -0.11502053564419157,
 -2.3599120843604737,
 -0.5291754004769018,
 0.14113614118254958,
 0.2912059331041519,
 -1.2779408480853078,
 0.010110915491429395,
 -18.499779083936744,
 0.7385746965673832,
 0.5971423165232608,
 -5.311237356374235,
 1.4063627514286168,
 1.0365772872911805,
 -0.5191560407235585,
 0.2966982619609979,
 0.8405240665783822,
 -0.3213699128617975,
 -0.3194297502838759,
 -0.42332108765276644,
 -5.46890209409176,
 -17.89473110293804,
 0.41259955602544096,
 -1.4578647051472444,
 0.40729924778433,
 -0.8031174568671133,
 0.551372997085906,
 1.3826615334739074,
 0.07127688850778213,
 -0.232440974561406,
 0.594927306015606,
 -0.5285040148714728,
 3.7446650470181844,
 0.4001706082531342,
 0.44999446848297,
 -2.262820469165945,
 -1.187122285052908,
 -0.723684694224346,
 0.8521143255342594,
 1.6402007216296397,
 -0.36717774710717777,
 -4.081011719456598,
 1.7893516405150365,
 -0.3371690817033368]
