[229, 9, 9, 4]
0.0
0.0
0.0
0.0
0.0
0.0
0.0
0.0
0.0
0.0
0.0
0.0
0.0
0.0
0.0
0.0
0.0
0.0
0.0
0.0
0.0
0.0
0.0
0.0
0.0
0.0
0.0
0.0
0.0
-1.29794
0.0
0.0
0.0
0.0
-0.349539
0.0
0.0
0.0
0.0
0.0
0.0
0.0
0.0
0.0
0.0
0.390953
2.20344
4.2396
0.123335
-0.64004
-0.312405
-0.543954
0.457245
0.467973
0.0
0.0
0.0
0.0
0.0
0.0
0.0
-1.29479
0.0
0.429348
2.06189
4.36692
0.0861777
1.44524
-0.314203
-0.541693
0.471291
0.461971
0.0
0.0
0.0
0.0
0.0
0.0
0.0
0.0
0.0
0.654121
1.27464
3.1889
0.454783
0.936658
-0.315897
-0.561451
0.779927
0.36197
0.0
0.0
0.0
0.0
0.0
0.0
0.0
-0.100064
0.0
0.0
0.0
0.0
0.0
0.0
0.0
0.0
0.0
0.0
0.0
0.0
0.0
0.0
0.0
0.0
0.0
0.0
0.0
0.0
0.0
-2.04864
0.0
0.0
0.0
0.0
0.0
0.0
0.0
0.0
0.0515604
0.0
0.0
0.0
0.0
0.0
0.0
0.0
0.0
0.0
0.0
0.0
0.0
0.0
0.0
0.0
0.0
0.0
0.0
0.0
0.0
0.0
0.0
0.0
0.0
0.0
0.0
0.0
0.0
0.0
0.0
0.0
0.0
0.0
0.0
0.0
0.0
0.0
0.0
0.0
-0.81625
0.0
-0.262411
0.38798
2.22955
4.28938
-0.337987
0.47206
-0.313781
-0.542975
0.474864
0.46419
0.0
0.0
0.0
0.0
0.0
0.0
0.0
0.0
0.0
0.0
0.0
0.0
0.0
0.0
0.0
0.0
0.0
0.0
0.0
0.0
0.0
0.0
0.0
-0.152545
0.0
-0.745455
0.0
0.0
0.0
0.0
0.0
0.0
0.0
0.0
0.0
0.0
0.0
0.0
0.0
0.0
0.0
0.0
0.0
0.0
0.895137
0.0
0.0
0.0
0.0
0.0
0.0
0.0
0.0
0.0
0.346996
1.8742
3.09912
-0.627198
0.221151
-0.317637
-0.562247
0.8266
0.338312
0.0
0.0
0.0
0.0
0.0
0.0
0.0
0.0
0.0
0.0
0.0
0.0
0.0
0.0
0.31968
0.0
0.0
0.0
0.0
0.0
0.0
0.0
0.0
0.0
0.0
0.0
0.0
0.0
0.0
0.0
0.0473113
0.0
0.0
0.0
0.0
0.0
0.0
0.0
0.0
0.0
-2.82542
0.0
0.0
0.0
0.0
-0.284602
1.98934
2.62314
-0.125784
2.44834
-0.324818
-0.326943
0.829973
0.346616
0.0
0.0
0.0
0.0
0.0
-1.02441
0.0
0.0
0.0
0.0
0.0
0.0
0.0
0.0
0.0
0.0
0.0
0.0
0.0
0.0
0.498197
0.0
0.0
0.0
0.0
0.0
0.0
0.0
0.0
0.0
0.0
0.0
0.0
0.0
0.0
0.0
0.0
0.0
0.0
0.0
0.0
0.0
0.0
0.0
0.0
0.0
0.0
0.226276
0.0
0.0
0.0
0.0
0.0
0.0
0.0
0.0
0.0
0.0
0.0
0.0
0.0
0.0
0.0
0.0
0.0
0.0
0.0
0.0
0.0
0.0
0.0
0.0
0.0
0.0
0.0
0.0
-1.05526
0.0
0.0
0.0
1.02214
0.293226
1.80611
3.09263
0.540779
1.19915
-0.31955
-0.562529
0.826408
0.329339
0.0
0.0
0.0
0.0
0.0
0.0
0.0
0.0
0.0
0.0
0.0
0.0
0.0
0.0
0.136653
0.0
0.0
0.0
0.0
0.0
0.0
0.0
-1.66698
0.0
0.0
0.0
0.0
0.0
0.0
0.0
0.0
0.0
0.0
0.0
0.0
0.0
-0.790455
0.0
0.0
0.0
0.0
0.0
0.0
0.0
0.0
0.0
0.590564
0.0
0.0
0.0
0.0
0.0
-1.15035
0.0
0.0
0.0
3.3245
0.0
0.0
0.0
0.0
0.0
0.0
0.0
0.0
0.0
0.0
0.893538
0.0
0.0
0.0
0.0
0.0
0.0
0.0
0.0
0.0
0.0
0.0
0.0
0.0
0.0
0.0
0.0
0.0
0.0
0.0
0.0
0.0
0.0
0.0
0.0
0.0
0.0
0.0
0.0
0.0
0.0
0.0
0.0
0.0
0.0
0.0
-0.787588
0.0
0.0
0.0
0.0
0.0
0.0
0.0
0.0
0.0
0.0
0.0
0.0
0.0
0.0
0.0
0.0
0.0
0.0
0.0
0.0
0.0
0.0
0.0
0.0
0.0
0.0
0.0
0.0
0.0
0.0
0.0
0.0
0.0
0.0
0.0
0.0
0.0
0.0
0.0
0.0
0.0
0.0
0.0
0.0
0.0
0.0
0.0
0.0
0.0
0.252925
1.05495
0.0
0.0
0.0
0.0
0.0
-0.426453
0.0
-0.609922
2.02115
2.65548
-0.397767
0.244989
-0.328039
-0.361679
0.854027
0.326941
0.0
0.238385
0.0
0.0
0.0
0.0
0.0
0.0
0.0
-0.070775
0.0
0.0
0.0
0.0
0.0
0.0
0.0
0.0
0.0
0.0
0.0
0.0
0.0
0.0
0.0
0.0
0.0
0.0
0.0
0.0
0.0
0.0
0.0
0.0
0.0
-0.872469
-0.477456
0.0
0.0
0.0
0.0
2.02511
0.0
0.0
0.0
0.0
0.0
0.268348
0.0
0.0
0.0
0.0
0.0
0.0
0.0
0.0
0.0
0.0
0.0
0.0
0.0
0.0
0.0
0.0
0.0
0.0
0.0
0.0
0.0
0.0
0.0
0.0
0.0
0.0
0.0
0.0
0.0
0.0
0.0
0.0
0.0
0.0
-0.386936
0.0
0.0
0.0
0.0
0.0
0.0
0.0
0.0
0.0
0.0
0.0
0.0
0.0
0.0
0.0
0.0
0.307219
1.83921
3.02011
0.481138
1.12861
-0.321301
-0.541896
0.823341
0.326562
0.0
0.0
0.0
0.0
1.36677
0.0
0.0
0.0
0.0
-0.458039
2.165
2.60294
0.481806
0.22663
-0.327417
-0.328878
0.847476
0.331484
0.0
0.0
0.0
0.0
0.0
-0.698859
0.0
0.0
0.0
0.0
0.0
0.0
0.0
-0.538335
0.0
0.0
0.0
0.0
0.0
0.0
0.0
0.0
0.0
0.0
0.0
0.0
0.0
0.0
0.0
0.0
0.0
1.37325
0.0
0.0
0.0
0.0
0.0
0.0
0.0
0.0
0.0
0.0
0.0
0.0
0.0
0.0
0.0
0.0
0.0
0.0
0.0
0.0
0.0
-0.946043
0.0
0.0
0.0
0.0
0.0
0.0
0.0
0.0
0.0
0.0
0.0
0.0
0.0
0.0
0.0
0.0
0.0
0.0
0.0
0.0
0.0
0.0
0.0
0.0
0.0
0.9295
0.0
0.0
0.0
0.0
0.0562652
0.0
0.0
0.0
0.0
0.0
0.0
0.0
0.0
0.0
0.0
0.0
0.0
0.0
0.0
0.0
0.0
0.0
0.0
0.0
0.0
0.0
0.0
0.0
0.0
0.0
0.0
0.362494
0.0
0.0
0.0
0.0
0.0
0.447695
1.59803
2.92866
0.435254
4.36931
-0.320214
-0.504091
0.816015
0.340301
0.586875
0.0
0.0
0.0
0.0
0.0
0.0
0.0
0.0
0.0
0.0
0.0
0.0
0.0
0.0
0.0
0.0
0.0
0.0
0.0
0.0
0.273812
0.0
0.0
0.0
0.0
0.0
0.0
0.0
0.0
0.0
0.0
0.0
0.0
0.0
0.0
0.0
-0.716779
0.0
0.0
0.0
-0.179814
0.0
0.0
0.0
0.0
0.0
0.0
0.0
0.0
0.0
0.0
0.0
0.0
0.0
0.0
0.0
0.0
0.0
0.0
0.0
0.0
0.0
0.0
0.0
0.0
0.0
0.0
0.0
0.0
0.0
0.0
0.0
0.0
0.0
0.0
0.0
0.0
0.267646
0.0
0.0
0.0
0.0
0.0
0.0
0.0
0.0
0.0
0.0
0.0
0.0
0.0
0.0
0.0
0.0
0.0
0.168321
0.0
0.0
0.820054
0.0
0.0
0.0
0.0
0.0
0.0
0.0
0.0
0.0
0.0
0.0
0.0
0.0
0.0
0.0
0.0
0.0
0.0
0.0
0.0
0.0
0.0
0.0
0.0
0.0
0.0
0.0
0.0
0.0
0.0
0.0
0.0
0.0
0.0
0.0
-0.541552
2.30296
2.61501
0.308735
0.573434
-0.328119
-0.332564
0.855266
0.327584
0.0
0.0
0.0
0.0
0.0
0.0
0.0
0.0
0.0
0.0
0.0
0.0
0.0
0.0
0.0
0.0
0.0
0.0
0.0
0.0
0.0
0.0
0.0
0.0
0.0
0.0
0.0
0.0
0.278049
0.0
0.0
0.0
0.0
0.0
0.0
0.0
0.0
0.0
0.0
0.0
0.0
0.0
0.0
0.0
0.0
0.0
0.0
0.0
0.0
0.0
0.0
0.0
0.0
0.0
1.29703
0.0
0.0
0.0
0.0
0.0
0.0
0.0
0.0
0.0
0.0
0.0
0.0
0.0
0.0
0.0
0.0
0.0
0.0
0.0
0.0
0.0
0.0
0.0
0.0
0.0
0.0
0.0
0.0
0.0
0.0
0.0
0.0
0.0
0.0
0.0
0.0
0.0
0.0
0.0
0.0
0.0
0.0
0.0
0.0
0.0
0.0
0.0
0.0
0.0
-0.0940707
0.415786
0.0
0.0
0.0
0.0
-1.85572
0.0
0.0
0.0
0.0
0.0
0.0
0.240923
0.558443
2.90126
-0.0553228
2.22306
-0.323694
-0.543063
0.821574
0.313061
0.0
-0.430618
0.0
0.0
0.0
0.0
0.0
0.345547
0.0
-0.160267
0.0
0.0
0.0
0.0
0.0
0.0
0.0
0.0
0.0
0.0
0.0
0.0
0.0
0.0
0.0
0.0
0.0
0.0
0.0
0.0
0.0
0.0
0.0
0.523972
0.0
0.0
0.0
0.0
0.0
0.0
0.0
0.0
0.0
0.0
0.0
0.493732
0.0
0.0
0.0
0.0
0.0
1.25817
0.0
0.0
0.0
0.0
0.0
0.0
0.0
0.0
-0.423621
0.0
-0.00601447
0.0
0.0
0.0
0.0
0.0
0.0
0.0
0.0
0.0
0.0
0.0
0.0
0.0
0.0
0.0
0.0
0.0
0.0
0.0
0.0
0.0
0.0
0.0
0.0
0.0
0.0
0.0
0.0
0.0
0.0
0.0
0.0
0.0
0.0
0.0
0.0
0.0
0.0
0.0
0.0
-1.82694
0.0
0.0
0.0
0.403035
0.0
0.0
0.0
0.0
0.0
0.0
0.687871
0.0
0.0
0.0
0.0
0.0
0.0
0.0
0.0
0.0
0.0
0.0
0.0
0.0
0.0
0.0
0.0
0.0
0.0
0.0
0.0
-0.611471
1.893
2.57655
0.0234962
1.86542
-0.329048
-0.328554
0.864246
0.321456
0.0
0.0
0.0
0.620076
0.0
-0.769999
0.0
0.0
0.0
0.0
0.0
0.0
0.0
0.0
0.602167
0.0
0.0
0.0
0.0
0.0
0.0
0.0
0.0
0.0
0.0
0.0
0.0
0.0
0.0
0.0
0.0
0.0
0.0
0.0
0.0
0.0
0.0
0.0
0.0
0.0
0.0
0.0
0.0
0.0
0.0
0.0
0.0
0.0
0.0
0.0
0.0
0.0
0.0
0.0
0.0
0.0
0.0
0.0
0.0
0.0
0.0
0.0
0.0
0.0
0.0
1.2902
-0.232588
0.0
0.0
0.0
0.0
0.0
0.0
0.0
0.0
0.336322
0.0
0.0
0.0
0.0
0.0
-1.79213
0.798111
0.0
0.0
0.0
0.0
0.0
0.0
0.0
0.0
0.0
0.0
0.0
0.0
0.0
0.0
0.0
0.0
0.0
0.0
0.0
0.0
0.0
0.0
0.0
0.0
0.0
0.0
0.0
0.0
0.0
0.0
0.0
-0.431685
0.0
0.0
-3.86932
5.68768
1.82994
-0.865701
-1.59918
-0.359439
4.78982
0.899767
0.305371
0.0
0.0
-0.917589
0.0
0.0
0.0
0.0
0.0
-0.0925475
0.0
0.0
0.0
0.0
0.0
0.0
0.0
1.77627
0.0
0.0
0.0
0.0
0.0
0.0
0.0
0.0
0.0
0.0
0.0
0.0
0.0
0.0
0.0
0.0
0.711171
-1.84395
0.0
0.0
0.0
0.0
0.0
0.0
0.393363
0.0
0.0
0.0
0.0
0.0
0.0
0.0
0.798306
0.0
0.0
0.0
0.0
0.0
0.0
0.0
0.994244
0.0
0.0
0.0
0.0
0.0
0.0
0.0
0.0
0.0
0.0
0.0
0.0
0.0
0.0
0.0
0.0
0.0
0.0
0.0
0.0
0.0
0.0
0.0
0.0
0.178275
0.0
0.0
0.0
0.0
0.0
0.0
0.0
0.583421
0.0
0.0
0.0
0.0
0.0
0.0
0.0
0.0
0.0
0.0
0.0
0.0
0.0
0.0
0.0
0.180396
0.0
0.0
0.0
0.0
-0.0876012
0.0
0.0
0.191061
0.0
0.0
0.0
0.0
0.0
0.0
0.0
0.0
0.0
0.0
0.0
-0.351496
0.0
0.0
0.0
0.0
0.0
0.0
0.0
0.0
0.0
0.0
1.25228
0.0
0.0
0.0
0.0
0.0
0.0
0.0395496
0.451979
2.47221
0.196819
-0.393427
-0.328206
-0.204053
0.764543
0.351755
0.0
0.0
0.0
0.0
0.0
0.0
0.0
0.0
0.0
0.0
0.0
0.0
0.0
0.0
0.0
0.0
0.0
0.0
0.0
0.0
0.0
0.0
0.0
0.0
0.0
0.677546
0.0
0.0
0.0
0.0
0.0
0.0
0.0
0.0
0.0
0.0
0.0
0.0
0.0
0.0
0.0
0.0
0.0
0.0
0.0
0.0
0.104697
0.0
0.0
0.0
0.0
0.0
0.0
0.0
0.0
0.0
0.0
0.70158
0.0
0.0
0.0
0.0
0.0
0.0
0.0
0.0
0.0
0.0
0.0
0.0
0.0
0.0
0.0
0.0
0.0
0.0
-0.351019
0.0
0.0
0.0
0.0
0.0
0.0
0.0
0.0
0.0
0.0
0.0
0.0
0.0
0.0
0.0
0.0
0.0
0.0
0.0
0.0
0.0
0.0
-3.88538
5.03621
1.93984
0.320055
-0.365272
-0.361482
3.01154
0.899717
0.305019
0.0
0.0
0.0
0.0
0.0
0.0
0.0
0.0
0.0
0.0
0.0
0.0
0.0
0.0
0.0
0.0
0.0
0.0
0.0
0.0
0.0
0.0
0.0
0.0
0.0
0.0
0.0
-0.107402
0.764975
2.42058
-0.110362
-0.416102
-0.329586
-0.19896
0.801305
0.337625
0.0
0.0
0.0
0.0
0.0
0.0
0.0
0.0
0.0
0.0
0.0
0.0
0.0
0.0
0.0
-0.634677
0.0
0.0
0.0
-0.146915
0.0
0.0
-1.37637
0.0
0.0
0.0
0.0
0.0
0.0
0.0
0.0
0.0
0.0
0.0
0.0
0.0
0.0
0.0
0.0
0.0
0.0
0.0
0.0
0.0
0.0
0.0
0.0
0.0
0.0
0.0
0.0
0.0
0.0
0.0
0.0
0.0
0.0
0.0
0.0
0.0
0.0
0.0
0.0
0.0
0.0
0.0
0.0
0.0
0.0
0.0
0.0
0.0
0.0
0.0
0.0
0.0
0.0
0.0
0.0
0.0
0.0
-3.25276
6.99095
1.23732
1.22314
0.761373
-0.348737
3.59323
0.89439
0.249968
0.0
0.0
0.0
0.0
0.0
0.0
0.0
0.0
0.0
0.0
0.0
0.0
0.0
0.0
0.0
0.0
0.0
0.0
0.0
0.0
0.0
0.0
0.0
0.0
0.0
0.0
0.0
0.0
0.0
0.0
0.0
0.0
0.0
0.0
0.0
-0.450345
0.0
0.0
0.0
0.0
0.0
0.0
0.0
0.0
0.0
-0.951443
7.6041
2.40463
-1.20591
0.943993
-0.3354
-0.170138
0.91429
0.300682
0.0
0.0
0.0
0.0
0.0
0.0
0.0
0.0
0.0
0.0
0.0
0.0
0.0
0.0
0.0
0.0
0.0
0.0
0.0
0.0
0.0
0.0
0.0
0.0
0.157408
0.0
0.0
0.0
0.0
0.0
0.0
0.0
0.0
0.0
0.0
0.0
0.0
0.0
0.0
0.0
0.0
0.0
0.0
0.0
-0.193301
0.0
0.0
0.0
0.0
0.0
0.0
0.0
0.0
0.0
0.0
0.0
0.0
0.0
0.0
0.0
0.0
0.0
0.0
-3.38617
7.07253
1.09622
0.802518
-0.485409
-0.346534
3.27272
0.876539
0.247421
0.0
0.0
0.0
0.0
0.0
0.0
0.0
0.0
0.0
0.0
0.0
0.0
0.0
0.0
0.0
0.0
0.0
0.0
0.0
0.0
0.0
0.0
0.0
0.0
0.0
0.0
1.17264
0.0
0.0
0.0
0.0
0.0
0.0
0.0
0.0
0.0
0.0
0.0
0.0
0.0
0.0
0.0
0.0
0.0
0.21971
0.0
0.0
0.0
0.0
0.0
0.0
0.0
0.0
0.0
0.0380073
0.0
0.0
0.0
0.0
-0.134212
0.0
0.0
0.0
0.0
0.0
0.0
0.0
0.0
0.0
0.0
0.0
0.0
1.94786
0.999711
2.29929
0.679968
-7.58539
-0.357279
1.38363
0.809279
0.347411
0.0
0.0
0.0
0.0
0.0
0.0
0.0
0.0
0.0
2.03111
4.10483
3.92007
-0.0173302
-1.92466
0.190245
1.79292
1.59864
-0.306707
0.0
0.0
0.0
0.111427
0.108066
0.0
0.0
0.0
0.0
1.90494
1.33409
2.16798
0.0387043
-7.52055
-0.362342
3.61229
0.833065
0.33157
0.0
0.0
0.0
0.0
0.0
0.0
0.0
0.0
0.0
0.0
0.0
-0.216188
0.0
0.0
-1.51511
0.0
0.0
0.0
0.0
0.0
0.0
0.0
0.0
0.0
0.0
0.0
0.0
0.0
0.0
0.726829
0.0
0.0
0.0
0.0
0.0
0.0
0.0
0.0
0.0
0.0
0.0
0.0
0.0
0.0
-0.722452
-1.18545
2.71219
-3.83659
1.94378
3.00163
1.50707
7.00803
2.52843
-2.17364
2.22532
-0.00237525
4.45054
1.05037
0.998172
-6.85557
-8.26366
-1.56829
-2.77666
-0.228058
4.71035
1.34715
0.0982093
0.906804
3.69781
3.31822
-0.807782
1.42305
-8.62668
7.16593
9.63413
0.786707
2.21573
-0.652104
-1.41248
0.315525
-0.870003
0.349859
2.71002
0.615141
2.99426
3.81123
-5.34777
-1.24633
0.954708
-4.95564
2.90898
-4.15025
5.21075
0.519903
-0.0152769
-0.190577
-7.55236
-0.32526
0.980009
5.4744
3.60786
0.542977
0.128353
1.29975
0.292172
0.229958
-4.67361
14.1139
3.55148
-0.532088
0.734829
-0.0446785
0.0374412
0.161771
-0.72878
-1.70697
-0.287008
1.00679
-1.10996
-3.61412
0.668914
4.86958
-1.84088
-0.909885
1.18628
-4.14339
-0.584181
1.3673
-0.462352
3.29157
4.93659
-4.26496
-1.71791
-0.541959
-4.31231
-0.221996
-6.87689
-0.142143
1.96649
0.206598
4.83411
-3.43007
4.70512
0.711023
0.946652
4.38105
0.872589
2.28685
0.4712
8.3959
12.0585
-3.10221
-0.439398
-4.78869
-6.07112
-6.85702
0.276672
1.90072
-0.718311
-1.81107
3.85263
-9.65007
1.52801
8.69528
0.998936
0.479139
1.86308
-2.43078
-2.80217
-9.86133
-10.7578
1.1644
1.87931
3.23097
2.13127
1.36934
-3.33133
-0.899894
2.2051
-0.224347
-13.7955
13.7693
0.924476
6.86697
-16.4121
-21.8259
9.09364
-9.54543
-11.1757
6.76935
1.04067
-3.84216
11.131
-7.88222
-0.866299
-5.54246
11.2811
-6.20221
-1.75875
-6.03695
-4.37763
-2.28697
-6.15085
-5.49564
-12.5766
-4.60403
-20.6185
-6.51112
-25.6875
6.76575
-14.6224
16.1703
-14.5408
-15.2982
8.06687
-2.76719
10.3663
-7.92256
-1.29766
-6.41417
