[28, 16, 16, 4]
-0.613702
-1.33806
-0.251357
-0.0129058
-0.0294224
-0.171224
0.794868
-1.52654
0.586472
2.03507
-0.782215
-0.298956
-0.305102
0.937535
-2.6326
0.278407
-0.371797
0.402319
-0.398351
-0.585498
-0.0292559
-1.00977
0.57742
-2.1953
0.185101
0.784374
-1.11677
1.29159
0.545687
0.472419
-1.21176
0.159266
-0.155911
-0.570128
0.0806099
-1.87698
-0.0768651
-1.30518
0.994387
-2.90521
-0.0379011
1.86086
-1.41005
1.05963
0.888727
0.702046
-1.57195
-0.773144
-0.686921
0.800891
0.00719923
-1.00016
-0.0499171
-0.0458837
1.4359
-1.778
0.564631
0.299809
0.303623
1.64667
-0.610454
0.62285
-1.41119
0.183618
-0.679611
0.659985
-0.260307
0.0117051
-1.76633
-0.067139
0.284073
-0.105569
0.326548
0.410238
0.37239
0.85834
-0.446032
0.335072
-0.945483
0.215155
-0.579129
0.454479
-0.106876
-0.026674
-0.183491
-0.331954
0.798011
0.450825
0.150137
0.768793
-0.281251
0.213309
-0.348579
0.652204
-1.12207
0.182368
-0.390687
0.54268
-0.203204
0.000710475
-0.589869
-0.116531
0.16562
-0.0221678
-0.0802725
0.344435
-0.0335261
0.558136
-0.270915
0.832706
-0.91829
-0.472343
-0.198016
0.436807
-0.395129
0.0165602
-0.358012
-0.0300506
0.286259
0.428264
-0.38123
0.134176
0.145781
0.380033
-0.201466
0.962658
-0.552706
-0.11094
-0.187074
0.268853
-0.390759
0.00979891
-0.0148637
-0.181707
0.018299
1.16126
-0.357949
0.131725
0.166679
0.242587
-0.230787
0.888391
-0.449221
-0.192072
-0.142451
0.407656
-0.385356
0.0180165
-0.0113368
-0.129933
-0.306469
0.735717
-0.344271
0.0886439
0.221409
0.34429
-0.247423
0.920676
-0.416645
-0.105188
-0.120745
0.455374
-0.379013
-0.0245049
-0.02165
-0.110505
-0.100125
0.566117
-0.345984
-0.078355
0.327382
0.417059
-0.293224
0.968309
-0.357269
-0.579567
-0.304761
0.0918659
-0.377604
0.0167054
-0.00284687
0.151748
-0.412087
1.0591
-0.240242
-0.021039
0.143901
0.539233
-0.112016
0.827614
-0.782665
-0.634759
-0.281662
1.01116
-0.843637
0.213493
-0.129569
0.409577
-0.871983
1.39064
-0.206061
-0.439442
-0.653433
0.155413
0.0420183
0.774688
-0.508906
-0.804572
-0.369154
1.28955
-0.708371
0.00260907
0.0146815
1.2974
-1.20554
1.23503
-0.0636054
0.0487561
-0.467293
0.042846
-0.171413
0.873265
-0.817953
-0.697448
-0.928972
0.135249
-1.62907
-0.0879848
-0.0400571
0.723774
-0.110357
1.20974
0.567102
-0.369501
-1.13765
-0.966135
-0.463258
0.383494
-1.97378
-0.470455
0.303797
0.905208
-1.31189
-0.00941522
-0.0179547
0.436128
0.828017
-2.69844
-0.524415
0.43131
-0.930062
-0.328453
0.0363192
1.13272
0.422019
-1.34646
0.145263
1.19811
-1.3203
-0.00332164
-0.0463966
0.537639
0.27983
-0.608354
-0.462364
-0.274922
0.255784
0.194466
-0.14969
0.989855
0.289986
0.990274
0.0452406
1.06961
-1.26585
-0.00538706
-0.609014
0.170347
0.0235486
0.0515012
-0.433791
-0.146357
0.273377
0.0900554
-0.202158
0.793299
0.264809
-0.7709
-0.219255
1.18123
-1.21382
-0.01152
0.00300364
0.205405
0.569236
-0.408822
-0.101771
0.365077
-0.0338444
-0.0826912
-0.28794
0.653607
-0.272021
-0.968829
-0.524058
0.288932
-1.11509
-0.0111669
-0.0493817
0.360962
-0.0422487
-0.846474
0.268874
0.846558
0.3378
0.382499
-0.238769
0.277938
-0.951333
1.70291
-0.60233
-0.0461752
-1.35314
-1.73112
0.0521215
0.356639
-0.438574
-0.112754
0.378147
1.11329
0.130617
-0.290984
-0.304036
0.281225
-1.30626
-0.492244
-0.705172
0.5029
-1.41441
-0.00650665
0.012264
0.233126
-0.35891
-0.266125
0.73508
1.17523
-0.636597
-0.820417
-0.401127
0.289317
-1.58619
0.336086
-0.557426
0.639427
-1.5523
0.0156459
0.0213259
-0.0603511
-0.426612
-0.244324
0.527173
0.907475
-0.536127
-0.794575
-0.332896
0.307403
-1.16407
0.249045
-0.239081
0.322967
-1.22619
0.964886
0.00510846
0.153756
-0.384107
-1.60674
0.323363
1.13301
-0.317978
-0.622923
-0.312334
0.983363
-1.47392
0.230084
-0.179078
1.04481
-4.17914
-0.138145
1.76173
-0.387444
5.25893
4.12639
0.0777346
1.56409
0.0781433
-0.0902682
0.658629
0.665363
-1.87712
4.20517
0.749093
-0.951983
6.00425
-0.254521
-0.064414
-0.456764
-5.29709
-1.53646
1.89291
0.898033
-0.330444
1.19856
-1.14642
-0.47667
1.45451
-4.02469
0.479812
-1.95927
-0.0118721
0.936016
-1.6876
-0.101585
-0.147354
0.0107109
-2.04121
-0.715903
0.823815
0.363546
0.719891
-0.412174
-0.329736
0.668114
0.784482
2.69199
1.47854
-1.04731
-0.518627
-0.388281
0.333911
0.873502
-0.971702
-0.878099
0.56885
-2.05461
1.03053
0.512857
-2.09221
-0.668551
0.571647
0.0910905
0.350839
0.640124
-0.0154701
0.832959
-0.0418098
0.932746
-0.0684817
0.905595
-0.252689
1.1086
-0.369813
0.18836
0.930554
-0.112669
2.98026
0.0692519
1.07898
-1.32234
-0.458218
4.41188
-0.931618
-0.746918
-3.75623
-0.699756
-0.137989
-0.791482
-0.136185
-3.24025
0.815788
-0.769861
0.564188
-1.22574
3.63801
0.173194
-0.107849
-0.566528
-0.132193
0.658001
0.202503
2.04106
-0.890501
-0.14191
1.38905
1.57728
-1.49634
-0.448455
0.96254
0.804087
0.0259208
-0.406157
-1.75084
2.12235
-2.0955
-0.397678
1.27164
-4.39601
0.122287
0.0826858
2.43383
-1.28119
0.140396
0.245605
2.34598
-1.3665
-2.46711
-0.380892
2.38993
-0.304184
0.0874756
0.580931
1.53131
0.658678
-0.599207
0.526042
-1.53379
2.61628
-3.32976
1.83621
0.16806
0.76437
1.22175
2.12193
2.5577
-2.65769
0.100827
-0.0643309
0.881864
0.97747
-0.600774
0.715439
-0.490023
0.422702
2.6
2.4951
-0.808793
-0.351381
1.09867
1.55677
1.37478
1.75015
0.0914371
2.5432
0.795792
-0.744381
-0.0866997
-0.291758
-2.95204
-1.26702
-0.388572
4.51375
1.26569
0.265924
1.91059
2.47878
-0.784746
2.71081
0.224027
-1.5774
-2.65181
-0.909663
-0.699681
-2.1514
1.10922
0.569544
0.0533673
0.568662
-0.481001
-0.259617
1.73379
0.0513379
0.179499
-1.38372
1.47074
2.10405
-0.68354
-1.23152
-0.191576
2.12876
-0.96772
0.209734
1.2213
0.0987207
-0.979073
0.983427
-3.71013
1.00442
-0.0614867
0.271187
-3.28494
-2.65829
-6.00986
-1.78224
3.32079
-0.0537591
3.11947
-0.539191
-0.546139
-0.814683
-1.85953
-0.418769
-0.794415
0.354384
-0.161015
-1.98669
-1.22942
2.78775
1.82968
1.3455
-1.47161
-0.187538
-2.20583
-0.167088
0.645036
-0.184247
-0.636521
-0.144019
-0.326037
-0.125055
-0.0357569
-2.27918
1.26472
-2.22782
4.37255
-2.01206
2.29822
-0.248452
0.000581674
0.317744
-0.371356
-1.33605
-0.00422227
-0.0762748
-2.11321
-0.583921
-0.141602
-1.84691
-1.23227
0.522664
-1.06942
1.63857
-1.97379
0.299596
0.0145023
-0.11295
0.295175
-0.433693
-1.79884
1.05069
1.04141
-0.497688
-0.092364
-0.534517
-0.546452
-2.23426
0.548407
-2.92847
3.73928
-2.45529
2.89224
0.255125
0.638167
0.597258
-2.68212
1.023
-2.89505
0.657391
0.105145
-3.07397
0.964636
0.336403
-0.509343
1.68211
0.926924
1.67855
2.68931
-3.09608
4.48084
-1.08124
-2.71992
2.1477
-0.439043
-0.163799
0.00580106
-1.00447
-0.701014
-0.331269
2.92829
2.20828
0.148142
-1.23376
-3.43591
-2.10776
-1.05168
1.27298
0.138524
-3.89355
2.41837
2.40685
-0.286073
1.24694
0.250995
-0.399379
-1.1042
-0.260726
-0.341097
0.0300693
1.09467
-0.196375
-0.321832
-1.40447
-0.0585142
-0.0921829
-0.105164
-0.300973
-1.09359
0.793803
-0.207631
-0.0532284
-1.21561
-0.0280559
0.636879
0.268579
-0.0227629
0.0131409
-1.62336
1.80553
-4.02762
4.04508
1.98525
4.24179
-0.939899
-4.33851
2.05613
1.63817
-3.87316
0.403686
6.41041
1.28757
0.711021
-1.14688
-1.5959
-1.46861
-0.755229
-2.5658
0.0766246
-1.16783
-4.35563
3.68587
-3.72548
-5.98458
-5.73897
-6.52221
-5.34209
-7.86137
-6.53537
-2.52076
-4.53513
2.60111
4.15041
0.48886
0.671343
-1.11938
1.70936
-3.84177
-4.52969
1.37283
-0.110925
-1.87474
1.29982
-6.30002
3.24516
0.293212
-2.41574
1.44574
-4.8505
-3.18212
2.22625
-5.16393
3.41122
-2.70236
-3.37705
-2.47112
1.04736
2.89918
-1.17989
2.66845
-3.84371
2.39269
-3.99736
-2.63279
0.316003
-2.08332
-0.890864
-1.63254
