[229, 16, 16, 4]
0.0
0.0
0.0
0.0
0.0
0.0
0.0
0.0
0.0
0.0
0.0
0.0
0.0
0.0
0.0
0.0
0.0
0.0
0.0
0.0
1.08515
0.0
0.0
0.0
0.0
0.0
0.0
0.0
0.0
0.0
0.0
0.0
0.0
0.0
0.0
0.0
0.0
0.0
0.0
0.0
0.0
0.0
0.0
0.0
0.0902139
0.0
0.0
0.0
0.0
0.0
0.0
0.0
0.0
0.0
0.0
0.0
0.0
0.0
0.0
0.0
0.0
0.0
2.04394
0.0
0.0
0.0
0.0
0.0
0.0
0.0
0.0
0.0
0.0
0.0
0.0
0.0
0.0
0.0
0.0
0.0
0.149621
-0.834264
-0.116162
0.0420236
0.335616
-0.405062
0.0720531
-2.30427
1.0831
-2.21842
0.48871
-0.239293
0.538173
-0.0579226
-0.380219
-0.294747
0.0
0.0
0.0
0.0
0.0
0.0
0.0
0.0
0.0
0.0
0.0
0.0
0.0
0.0
0.0
0.0
0.826086
-0.909666
-0.558787
0.0962716
2.01874
-0.283129
-0.309344
-2.33148
0.632303
-2.34386
1.42373
-0.185631
0.49069
-0.581206
-0.432438
-0.0154591
0.0
0.0
0.0
1.33322
0.299557
0.0
0.0
0.0
0.0
0.0
0.0
0.0
0.0
0.0
0.0
0.0
-0.0214388
-0.519442
-0.0979999
0.00195001
0.868723
0.403166
-0.567291
-2.05091
0.507597
-1.33077
0.0404901
-0.635945
0.848958
-0.815186
-0.399686
-0.0672775
0.0
0.0
0.0
0.0
0.0
0.0
0.0
0.0
0.0
0.0
0.0
0.0
0.0
0.0
0.0
0.0
0.0
0.0
0.0
0.0
0.0
0.0
0.0
0.0
0.0
0.0
-2.29564
0.0
0.0
0.0
0.0
0.0
0.0
0.0
0.0
0.0
0.0
0.0
0.0
0.0
0.0
0.0
0.0
0.0
0.0
0.0
0.0
0.0
0.0
0.318477
0.0
0.0
0.0
0.0
0.0
0.0
0.0
0.0
0.0
0.0
0.0
0.0
0.0
0.0
0.0
0.0
0.0
0.0
0.0
0.0
0.0
0.0
0.0
0.0
0.0
0.0
0.0
0.500357
0.0
0.0
0.0
0.0
1.12265
0.0
0.0
0.0
0.421118
0.427803
0.0
0.0
0.0
0.0
0.0
0.0
-0.0325114
0.0
0.0
0.0
0.0
0.0
0.920569
0.0
0.0
0.0
0.0
0.0
0.0
0.0
0.0
0.0
0.0
0.0
0.0
0.0
0.0
0.0
0.0
0.0
0.0
0.0
0.0
-0.493662
0.0
0.0
-0.832146
0.0
0.0
0.0
0.0
0.0
0.0
0.0
0.0
0.0
0.0
0.0
0.0
0.0
0.0
0.0
0.0
0.0
-0.314508
-1.39398
-0.00399887
-0.202163
-0.329622
0.544659
-0.00842171
0.627385
-0.178426
-1.43836
1.26683
-1.07329
0.696688
-0.627357
0.995916
-0.0786757
-0.297048
0.235626
0.0
0.0
0.0
0.0
0.0
0.0
0.0
0.0
0.0
0.0
0.0
0.0
0.0
-0.917552
0.0
-0.382134
0.0
0.0
0.0
0.0
0.0
0.0
0.0
0.0
0.0
0.0
0.0
0.0
0.0
0.0
0.0
0.0
0.0
0.0
0.0
0.0
0.0
0.0
0.0
0.0
0.0
0.0
0.0
0.0
0.0969149
0.0
0.0
0.0
0.0
0.0
-0.19769
0.0
0.0
0.0
0.0
0.0
0.0
0.0
0.0
0.0
0.0
0.0
0.0
0.0
0.0
0.0
0.0
0.0
0.0
0.0
0.0
0.0
-0.126788
0.0
0.0
0.0
0.0
0.0
0.0
0.0
0.0
0.0
0.0
0.0
0.0
0.0
0.0
0.0
0.0
0.56225
0.0
0.0
0.0
-0.450099
0.0
0.0
-1.05293
-0.42086
-0.463308
-0.321516
-0.0432665
0.44289
-0.501567
-1.93845
0.654883
-1.30747
0.354244
-0.654338
0.873314
-0.649017
-0.414847
0.236939
0.0
0.0
0.0
0.0
0.0
0.0
0.0
-0.394639
0.0
0.0
0.0
0.0
0.0
0.0
0.0
0.0
0.0
0.0
0.0
0.0
0.0
0.0
0.0
0.0
0.0
0.0
0.0
0.0
0.0
0.0
0.0
0.0
0.0
0.0
0.0
0.0
0.0
0.0
0.0
0.0
0.0
0.0
0.0
0.0
-0.220638
0.0
0.0
0.0
0.0
0.0
0.0
0.0
0.0
0.0
0.0
0.0
0.0
0.0
0.0
0.0
0.0
0.0
0.0
0.0
0.0
0.0
0.0
0.0
0.0
0.0
0.0
0.0
-0.70015
0.0
0.0
0.0
0.0
0.0
0.0
0.0
0.363536
-0.204719
-0.297828
0.323606
0.210036
0.65486
-0.161236
-1.36557
1.31138
-1.02374
0.649444
-0.618172
0.987381
-0.0554065
-0.30463
0.0764347
0.0
0.0
0.0
0.0
0.0
0.0
0.0
0.0
0.0
0.0
0.0
-0.350239
0.0
0.0
0.0
0.0
0.0
0.0
0.0
0.0
0.0
0.0
0.0
0.0
0.0
0.0
0.0
0.0
0.0
0.0
0.0
0.0
0.0
0.0
0.0
0.0
-1.33324
0.0
-1.48169
0.0
0.0
0.0
0.0
0.0
0.0
0.0
-1.41954
0.0
0.0
0.0
0.0
0.0
0.0
0.0
0.0
0.0
0.0
0.0
0.0
0.0
0.0
0.0
0.0
-0.662086
0.0
0.0
0.0
0.0
0.0
0.0
0.0
0.0
0.0
0.0
0.0
0.0
0.0
0.0
0.0
0.0
0.0
0.0
0.0
0.0
0.0
0.0
0.0
0.0
0.0
0.0
0.0
0.0
0.0
0.0
0.0
0.0
0.0
0.0
0.0
0.0
0.0
0.0
0.0
-1.41649
0.0
0.0
0.0
0.593252
-0.937652
0.0
0.0
0.0
0.0
0.0
0.0
0.0
0.0
0.0
0.899762
0.0
0.0
0.0
0.0
0.0
0.0
0.0
0.0
0.0
0.0
0.0
0.0
0.0
0.0
0.0
0.0
0.0
0.0
0.0
0.0
0.0
1.52273
-0.0963953
0.0
0.0
-0.105263
-0.247422
-0.312142
-0.426522
-0.023079
0.574063
-0.285121
-1.59859
1.0479
-1.12804
0.530605
-0.616111
0.971825
-0.265308
-0.301378
0.517967
0.0
0.0
0.0
0.0
0.0
0.0
0.0
0.0
0.0
0.0
0.0
0.119165
0.0
0.0
0.551507
0.0
0.0
0.0
0.0
0.247239
0.0
0.0
0.0
0.562533
0.0
0.0
0.0
0.0
0.0
0.0
0.0
0.0
0.0
0.0
0.0
0.0
0.0
0.0
0.0
0.0
0.0
0.0
0.0
0.0
0.0
0.0
0.0
0.0
0.0
0.0468233
0.0
0.0
0.0
0.0
0.0
0.0
0.0
0.0
0.0
0.0
0.0
0.0
0.0
0.138155
0.0
0.0
0.0
0.0
-1.42155
1.09098
0.0
0.0
0.0
0.0
0.0
0.0
0.0
0.0
0.0
0.0
0.0
0.0
0.0
0.0
0.0
0.0
0.0
0.0
0.0
0.0
0.0
0.0
0.0
0.0
0.0
0.0
0.0
0.0
0.344095
0.0
0.0
0.0
0.0
0.0
0.0
0.0
0.0
0.0
0.0
0.0
0.0
0.0
0.0
0.178826
0.0
0.0
0.0
0.0917418
0.0
0.0
0.0
0.288829
0.0
0.0
0.0
0.0
0.0
-0.701719
0.0
0.0
0.0
0.0
0.0
0.0
0.0
0.0
0.0
0.0
0.0
0.0
0.0
0.0
0.0
0.0
0.0
0.0
0.0
0.0
0.0
0.0
0.0
0.0
0.0
0.0
0.0
0.0
0.0
0.0
0.0
0.0
0.0
0.0
0.0
0.0
0.0
0.0
0.0
0.0
0.0
0.0
0.0
0.0
0.0
0.0
0.0
0.0
0.0
0.0
0.0
0.0
0.0
0.0
0.0
0.0
0.0
0.0
0.0
0.0
0.0
0.0
0.0
0.0
0.0
0.0
0.0
0.0
0.0
0.0
0.0
0.0
0.0
0.0
0.0
-0.609986
0.0
0.0
0.0
0.0
0.0
-0.112511
0.0
0.0
0.0
-1.66972
0.0
0.0
0.0
0.0
0.0
0.0
0.0
0.0
0.925466
0.0
0.0
0.0
0.0
0.0
0.0
0.0
0.0
0.0
0.0
0.0
0.0
0.0
0.0
-1.34496
0.0
0.0
0.0
-2.15743
0.0
0.0
0.0
0.0
0.0
2.35543
0.0
0.0
0.0
0.0
0.0
0.0
0.0
0.0
0.0
0.0
0.0
0.0
0.0
0.0
0.0
0.0
0.0
-0.492309
0.0
0.0
0.0
0.0
0.0
0.0
0.0
0.0
1.23959
0.0
0.0
0.0
0.0
0.0
0.0
0.0
0.0
0.0
0.0
0.0
0.0
0.0
0.0387829
-0.193593
-0.240131
0.190136
-0.174747
0.695043
-0.14124
-1.27338
1.33939
-0.966369
0.779156
-0.615586
1.02063
-0.029765
-0.257154
0.245041
0.0
-0.629123
0.0
0.0
-0.988457
0.0
0.0
0.0
0.0
0.0
0.0
0.0
0.0
0.0
-0.678904
0.0
0.0
0.0
0.0
0.0
0.0
0.0
0.0
0.0
0.0
0.0
0.0
0.0
0.0
0.0
0.0
0.0
0.0
0.0
0.0
0.0
0.0
0.0
0.0
0.0
0.0
-0.277686
0.0
0.0
0.0
0.0
0.0
-0.943831
0.0
0.0
0.0
0.0
0.0
0.0
0.0
0.0
0.0
0.0
0.0
0.0
0.0
0.0
0.0
-0.0272862
0.0
-0.942262
0.0
0.0
0.0
0.0
0.0
0.0
0.0
1.3258
0.0
0.0
0.0
0.0
0.0
0.0
0.0
0.0
0.0
0.0
0.0
0.0
0.0
0.0
0.0
0.0
0.0
0.0
0.0
0.0
0.0
0.0
0.0
0.0
0.0
-0.223535
0.0
0.0
0.0
0.0
0.0
0.0
0.0
0.0
0.0
0.0
0.0
0.0
0.0
0.0
0.0
0.0
0.0
0.0
0.0
0.0
0.0
0.0
0.0
0.0
0.0
0.0
0.0
0.0
0.0
0.0
0.0
0.0
0.0
0.0
0.0
0.0
0.0
0.0
0.0
0.0
0.0
0.0
0.0
0.0
0.0
0.0
0.0
0.0
0.0
0.0
0.0
0.0
0.0
0.0
0.0
0.0
0.0
1.34741
0.0
-1.4685
0.314307
0.0
0.0
0.0
0.0
0.0
0.0
0.0
0.0
0.0
0.0
0.0
0.0
0.0
0.0
0.0
0.359998
-0.261558
-0.372091
0.169819
0.23231
0.566315
-0.291092
-1.61568
1.05333
-1.14394
0.536807
-0.609693
0.945838
-0.272863
-0.334149
0.210816
0.0
0.0
0.589615
0.0
0.0
0.0
0.0
0.0
0.0
0.0
0.0
0.0
0.0
0.0
0.0
0.0
0.248611
-0.195507
-0.129933
0.0182409
-0.0664843
0.690327
-0.153237
-1.25776
1.31547
-0.955018
0.674286
-0.618169
1.02667
-0.0570792
-0.239219
0.366457
0.0
0.0
0.0
0.0
0.0
0.0
0.0
0.0
0.0
0.0
0.0
0.0
0.740857
0.0
0.0
0.0
0.0
0.0
0.0
0.0
0.0
0.0
0.0
0.0
0.0
0.0
0.0
0.0
0.0
0.0
0.0
0.0
0.0
0.0
0.0
-1.28084
0.0
0.0
0.0
0.0
1.15637
0.0
0.35079
0.0
0.0
0.255729
0.0
0.0
0.0
0.0
1.3753
0.0
0.0
0.0
0.0
0.0
0.0
0.0
0.0
0.0
0.0
0.0
0.0
0.0
0.0
0.0
0.0
0.0
0.0
0.0
0.0
0.0
0.0
0.0
0.0
0.0
-1.27003
0.0
0.0
0.0
0.0
0.0
0.0
0.0
0.0
0.0
0.0
0.0
0.0
0.0
0.0
0.0
0.0
0.0
0.0
0.0
0.0
0.0
0.0
0.0
0.0
0.0
0.0
0.0
0.0
0.0
0.0
0.0
0.0
0.0
0.0
-0.824094
0.0
0.0
0.0
0.0
0.0
0.0
0.0
0.0
0.0
0.0
0.0
-1.33307
0.0
0.0
0.0
0.0
0.0
0.0
0.0
0.0
0.0
-0.752844
0.0
0.0
0.0
0.0
0.0
0.0
0.0
0.0362905
0.0
-0.22096
0.0
0.0
0.0
0.0
0.0
0.0
0.0
0.0
0.0
0.0
0.0
0.0
0.0
0.0
0.0
0.0
0.0
0.0
0.0
0.0
0.0
0.0
0.0
0.0
0.0
0.0
0.0
-1.02581
0.0
0.0
0.0
0.0
0.0
0.0
0.0
0.0
0.0
0.0
0.0
0.0
0.0
0.0
0.0
0.0
0.0
0.0
0.0
0.0
0.0
0.0
0.0
0.0
0.0
-0.934246
0.0
0.0
0.0
0.0
0.0
0.0
0.0
0.0
0.0
0.0
0.0109314
-0.337572
-0.397512
0.171568
0.453554
0.590374
-0.405294
-1.75784
0.856542
-1.14719
0.304745
-0.676533
0.960338
-0.4645
-0.349931
0.176087
-0.778538
0.0
0.0
0.0
0.0
0.0
0.0
0.0
0.0
0.0
0.0
0.0
0.0
0.0
0.0
0.0
0.0
0.0
0.0
0.0
0.0
0.0
-1.62033
0.0
0.0
0.0
0.0
0.0
0.0
0.0
0.0
0.0
0.0
0.0
0.0
0.0
0.0
0.0
0.0
0.0
0.0
0.0
0.0
0.0
0.0
0.0
0.0
0.0
0.0
0.0
0.0
0.0
0.0
0.0
0.0
0.0
0.0
0.0
1.73063
0.0
0.0
0.0
0.0
0.0
0.0
0.0
0.0
0.0
0.300421
0.0
0.0
0.0
0.0
0.0
0.0
0.0
0.0
0.0
0.0
0.0
0.0
0.0
0.0
0.0
0.0
0.275179
0.0
0.0
0.0
0.0
0.0
0.0
0.0
0.0
0.0
0.0
0.0
0.0
0.0
0.0
0.0
0.0
0.0
0.0
0.0
0.0
0.0
0.0
0.0
0.0
0.0
0.0
0.0
0.0
0.0
0.0
0.0
0.0
0.0
0.0
0.0
0.0
0.0
0.0
0.0
0.0
0.0
0.0
0.0
0.0
0.0
0.0
0.0
0.0
0.0
0.0
0.0
0.0
0.0
0.0
0.0
0.0
0.0
0.0
0.0
0.0
0.0
0.0
0.0
0.0
0.0
0.0
0.0
0.0
0.0
0.0
0.0
0.0
0.0
0.0
0.0
0.0
0.0
0.0
0.0
0.0
0.0
0.0
0.0
0.0
0.0
0.0
0.0
0.0
0.0
0.0
0.0
0.0
0.0
0.0
0.0
0.0
1.0023
0.0
0.0
0.0
0.0
0.0
0.0
0.0
0.0
0.0
0.0
0.0
0.0
0.0
0.0
0.0
0.0
0.0
0.0
0.0
0.0
0.0
0.0
0.0
0.0
0.0
0.0
0.0
0.0
0.0
0.0
0.0
0.0
0.0
0.0
0.0
0.0
0.0
0.0
0.0
0.0
0.0
0.0
0.0
0.0
0.0
0.0
0.0
0.0
0.752277
0.0
0.0
0.0
0.0
0.0
0.0
0.0
0.0
0.221625
-0.192482
-0.0616472
0.863744
0.148534
0.697111
-0.144589
-1.1845
1.34662
-0.929866
0.460251
-0.627123
1.03547
-0.0522612
-0.237918
0.321661
-0.220871
0.0
0.0
0.0
0.0
0.0
0.0
0.0
0.0
0.0
0.0
0.0
0.0
0.0
0.0
0.0
-1.07851
0.0
0.0
0.0
0.0
0.0
0.0
0.0
0.0
0.0
0.0
0.0
0.0
0.0
0.0
0.0
0.0
0.0
0.0
0.0
0.0
0.0
0.0
0.0
0.0
0.0
0.0
0.0
0.0
0.252822
0.0
1.60349
0.0
0.0
0.0
0.0
0.0
0.0
0.0
0.0
0.0
0.0
0.0
0.0
0.0
0.0
0.0
0.0
0.0
0.0
0.0
0.0
0.0
0.0
0.0
0.0
0.0
0.0
0.0
0.431881
0.0
0.0
0.0
0.0
0.0
0.0
0.0
0.0
0.0
0.0
0.0
0.0
0.0
0.0
0.0
0.0
0.0
0.0
0.0
0.0
0.0
0.0
0.0
0.0
0.0
0.0
0.0
0.0
0.0
0.0
0.0
0.0
0.0
0.0
0.0
0.0
0.0
0.0
0.0
0.0
0.0
0.0
0.0
0.0
0.0
0.0
0.0
0.0
0.0
0.0
0.0
0.0
0.0
-1.04023
0.0
0.0
0.0
0.0
0.0
0.0
0.0
0.0
0.0
0.0
0.0
0.0
0.0
0.0
0.0
0.0
0.0
0.0
0.0
0.0
0.0
0.0
0.0
0.0
0.0
0.0
0.0
0.0
0.0
0.0
-0.0263216
0.0
0.0
0.0
0.0
0.0
0.0
0.0
0.0
0.0
0.0
0.0
0.0
0.0
0.0
0.0
0.0
0.0
-1.6708
0.0
0.0
0.0
0.0
0.0
0.0
0.0
0.0
0.0
0.0
0.0
0.0
0.0
0.0
0.0
0.0
0.0
0.0
0.0
0.0
0.0
0.0
0.0
-0.22346
0.0
0.0
0.0
0.0
0.0
0.426056
-0.405884
0.00236353
-0.112784
-0.183013
1.09906
-0.474493
0.55744
0.926203
-0.440437
0.66744
-0.702767
0.871136
-0.405725
-0.44495
-0.0539925
0.0
0.0
0.0
0.0
0.0
0.0
0.0
0.0
0.0
0.0
0.0
0.0
0.0
0.0
0.0
0.0
0.0
0.0
0.833572
0.0
0.0
0.0
0.0
0.0
0.0
0.0
0.0
0.0
0.0
0.0
0.0
0.0
0.0
0.0
0.0
0.0
0.0
0.0
0.0
0.0
1.2141
0.0
-0.231713
0.0
1.33794
0.0
0.0
0.0
0.0
0.0
0.0
0.0
0.0
0.0
0.0
0.0
0.0
0.0
0.0
0.0621587
0.0
0.0
0.0
0.596155
0.0
0.0
0.0
-0.498783
0.0
0.0
0.469308
0.0
0.0
0.0
0.0
0.0
0.0
0.0
0.0
0.0
0.0
0.0
0.0
-0.0572228
0.0
0.0
0.0
0.0
0.0
0.0
0.0
0.0
0.0
0.0
0.0
0.0
0.0
0.0
0.0
0.0
0.0
0.0
0.0
0.0
0.0
0.0
0.0
0.0
0.0
0.0
0.0
0.0
0.0
0.0
0.0
0.0
0.0
0.0
0.0
0.0
0.0
0.0
0.0
0.0
0.0
0.0
0.0
0.0
0.0
0.0
0.206333
-0.480161
0.0
0.0
0.0
0.183201
0.0
0.0
0.0
0.0
0.0
0.907273
0.0
0.0
0.0
0.0
0.0
0.0
0.0
0.0
-1.17074
0.0
0.0
0.71589
0.0
0.0
0.0
0.0
0.0
0.0
0.0
0.0
0.0
0.0
0.0
0.0
0.0
0.0
0.0
0.0
0.0
-0.445908
0.0
0.0
0.0
0.0
0.0
0.0
0.0
0.0
0.0
0.0
0.0
0.0
0.0
0.0
0.0
0.0973945
0.0
0.0
0.0
0.0
0.0
0.0
0.0
-1.32131
0.0
0.0
0.0
0.0
0.0
0.0
0.0
0.0
0.0
0.0
0.0
0.0
0.0
0.0
0.0
0.0
0.0
0.0
0.0
0.0
0.0
0.0
0.0
0.0
0.0
0.0
0.0
0.0
0.0
0.0
0.0
0.0
0.0
0.0
0.0
0.0
0.0
0.0
0.0
0.0
0.0
0.0
-0.719586
0.0
0.232136
-0.195315
-0.0919888
0.328523
-0.417336
0.731782
-0.154043
-1.14575
1.32303
-0.893479
0.676701
-0.623772
1.04098
-0.0639104
-0.216749
0.597296
0.0
0.0
0.0
0.0
0.0
0.0
0.0
0.0
0.0
0.0
0.0
0.0
0.0
0.0
0.0
0.0
0.0
0.0
0.0
0.0
0.0
0.0
0.0
0.0
0.0
0.0
0.0
0.0
0.0
0.0
-0.0793327
0.0
0.291568
0.0
0.0
0.0
0.0
0.0
0.0
0.0
0.0
0.0
0.0
0.0
0.0
0.0
0.0
0.0
0.0
0.0
0.0
0.0
0.0
0.0
0.0
0.0
0.0
0.554429
0.0
0.0
0.0
0.0
0.350009
0.0
0.0
0.0
0.0
0.0
0.0
0.0
0.0
0.0
0.0
0.0
0.0
0.0
0.0
0.0
0.0
0.0
0.0
0.0
0.0
0.0
0.0
0.0
0.0
0.0
0.0
0.0
0.0
0.0
0.0
0.0
0.0
0.0
0.0
0.0
0.0
0.0
0.0
0.0
0.0
0.0
0.0
0.0
0.0
1.17359
0.0
0.0
0.0
0.0
0.0
0.0
0.0
0.0
0.0
0.0
0.0
0.0
0.0
0.0
0.0
0.0
0.0
0.0
0.0
0.0
0.0
0.0
0.0
0.503436
0.0
0.0
0.0
0.0
0.0
0.0
0.0
0.0
0.0
0.0
0.0
0.0
-1.29883
0.0
0.0
0.0
-0.687355
0.0
0.0
0.0446345
0.0
0.0
0.0
0.0
0.0
-0.416233
0.0
0.0
0.0
0.0
0.0
0.0
0.0
0.0
0.0
0.0
-1.58985
0.0
0.0
0.0
0.0
0.0
0.0
0.0677362
0.0
0.0
0.0
0.133863
0.0
0.0
0.0
1.21768
0.0
0.0
0.0
0.0
0.0
0.0
0.0
0.0
0.0
0.0
0.0
-1.72652
0.0
0.302738
0.0
0.0217156
0.0
0.0
0.0
0.0
0.0
0.0
0.0
0.0
0.632447
-0.2456
0.361971
-0.118969
0.78499
0.849531
-0.238082
-0.485732
1.23581
-0.690097
0.433675
-0.62405
1.00922
-0.182044
-0.211765
0.586743
0.0
0.0
0.0
0.0
0.0
0.0
0.0
0.0
0.0
0.0
0.0
0.0
0.0
0.0
0.0
0.0
0.0
0.0
0.0
0.0
0.0
-0.969971
0.0
0.0
0.0
0.0
0.0
0.0
0.0
0.0
0.0
0.0
0.0
0.0
0.0
0.0
0.0
-0.802565
0.0
0.0
-0.846159
0.0
0.544859
0.0
0.105102
0.0
0.0
0.0
0.0
0.0
0.630655
0.0
0.0
0.0
0.0
0.0
0.0
0.0
0.0
0.0
0.0
0.0
0.0
0.0
0.0
0.0
0.0
0.0
0.0
-0.0849946
0.0
0.0
0.0
0.0
0.0
0.0
0.0
0.0
0.0
0.0
0.0
0.0
0.0
0.0
0.0
0.0
0.0
0.0
0.0
0.0
0.0
0.0
-0.0838707
0.0
0.0
0.0
0.0
0.0
0.0
0.0
-0.105404
0.0
0.0
0.0
0.0
0.0
0.0
0.0
0.0
0.0
0.0
0.0
0.135825
-0.700086
0.0
0.0
0.0
0.0
0.0
0.0
-0.294262
0.0
0.0
0.727164
0.0
0.0
0.0
0.0
0.0
-0.669281
0.0
0.0
0.0
0.0
0.0
0.0
0.0
0.0
0.0
0.0
0.0
0.0
0.0
0.0
0.0
0.0
0.0
0.0
-1.33566
0.0
0.0
0.0
0.0
0.0
0.0
0.0
0.0
0.0
0.0
0.0
0.481395
0.0
0.0
0.0
0.0
0.0
0.0
0.0
0.0
0.0
0.0
0.0
0.0
0.0
0.0
0.0
0.0
0.0
0.0
0.0
0.0
0.0
0.0
0.0
0.0
0.0
0.0
0.0
0.0
0.0
0.0
0.0
0.0
0.0
0.0
0.0
0.0
0.0
0.0
0.0
0.0
0.0
0.0
0.0
0.0
0.0
-1.25026
0.0
0.0
0.0
0.0
0.0
-0.864004
0.0
0.0
0.775877
0.0
0.0
0.0
0.0
0.0
0.0
0.0
0.0
0.0
0.0
0.0
0.0
0.0
0.0
0.0
0.0
0.0
0.0
0.0
0.0
1.13334
0.0
0.0
0.0
0.0
0.0
0.0
2.10548
0.0
0.0
0.0
0.0
0.0
0.0
0.0
0.0
0.0
0.0
0.0
0.0
0.966489
-0.21549
-0.179332
0.119139
0.0717456
0.779734
-0.154755
-1.09095
1.3431
-0.84306
0.929534
-0.627007
1.01094
-0.058789
-0.256967
0.448752
0.0
-1.2747
0.0
0.0
0.0
0.0
0.0
0.0
-0.700013
0.0
0.0
0.0
0.0
0.0
0.0
0.0
0.0
0.0
0.0
0.0
0.0
0.0
0.0
0.0
0.0
0.0
0.0
0.0
0.0
0.0
0.0
0.0
0.0
0.0
0.0
0.0
0.0
0.0
0.0
0.0
0.0
0.0
0.0
0.0
0.0
0.0
0.0
0.0
0.0
-0.67629
0.0
0.0
0.0
0.0
0.0
0.0
0.0
0.0
0.0
0.0
0.0
0.0
0.0
0.0
0.0
0.0
0.0
0.0
0.0
0.0
0.0
0.0
0.0
0.0
0.0
0.0
0.117487
0.0
0.0
0.0
0.0
0.0
0.0
0.0
0.0
0.0
0.0
0.0
0.0
0.0
0.0
0.0
0.0
0.0
0.0
0.0
0.0
0.0
0.0
0.0
0.822011
0.0
0.0
0.0
0.0
0.0
0.0
0.0
0.0
0.0
0.0
0.0
0.0
0.0
0.0
0.0
0.0
0.0
0.0
0.0
0.0
0.0
0.0
0.0
0.0
0.0
0.0
0.0
0.0
-0.0410917
0.0
0.0
0.0
0.0
0.0
0.0
0.0
0.0
0.0
0.0
0.0
0.0
0.0
0.0
0.0
0.0
0.0
0.0
0.0
0.0
-1.55379
0.0
-0.270062
0.0
0.0
0.0
0.0
0.0
0.0
0.0
-0.493325
0.0
0.0
0.0
0.0
0.0
0.0
0.0
0.684255
0.0
0.0
0.0
0.0
0.0
0.0
0.0
0.890366
-0.232929
0.270537
-0.0207946
0.747032
0.856663
-0.212891
-0.675581
1.26031
-0.712888
0.387093
-0.629816
1.02734
-0.152808
-0.193238
0.110794
0.13294
0.0
0.0
0.0
0.193018
0.0
0.0
0.0
0.184491
0.0
0.0
0.0
0.0
0.0
0.0
0.0
0.0
0.0
0.0
0.0
0.0
-1.04618
0.0
0.0
0.0
0.0
0.0
0.0
0.0
0.0
0.0
0.0
0.0
0.0
0.0
0.0
0.0
0.0
0.0
0.0
0.0
0.0
0.0
0.0
0.0
0.0
0.0
0.0
0.172499
-0.198324
0.170447
0.330239
0.313839
0.748612
-0.185219
-0.982632
1.2832
-0.840495
0.284073
-0.627757
1.05429
-0.119839
-0.19003
0.482463
0.0
0.0
0.0
0.0
0.0
0.0
0.0
0.0
0.0
1.45637
0.0
0.0
0.0
0.0
0.0
0.0
0.0
0.0
0.0
0.0
0.0
0.0
0.0
0.0
0.0
0.0
0.0
0.0
0.0
0.0
0.0
0.0
0.0
0.0
0.0
0.0
0.0
0.0
0.0
0.0
0.0
0.0
0.0
0.0
0.0
0.0
0.0
0.0
0.0
0.0
0.0
0.0
0.0
0.0
0.0
0.0
0.0
0.0
0.0
0.0
0.0
0.0
0.0
0.0
0.0
0.0
0.0
0.0
0.0
0.0
0.0
0.0
0.0
1.54316
0.0
0.0
0.0
0.0
0.0
0.0
-1.31901
0.0
0.0
0.0
0.0
0.0
0.0
0.0
0.0
0.0
1.2642
0.0
0.0
0.0
0.0
0.0
0.0
0.0
0.0
0.0
0.0
0.0
0.0
0.0
0.0
0.0
0.0
0.0
0.0
0.0
0.0
0.0
0.0
0.0
0.0
0.0
0.0
0.0
0.0
0.0
0.0
-1.93799
0.0
0.0
0.0
0.0
0.0
0.0
0.0
0.0
0.0
0.0
-0.588255
0.0
0.0
-0.437795
0.0
-1.37007
-0.0936127
0.0
0.0
0.0
0.0
0.0
0.656163
-0.223349
0.246966
0.117404
0.434983
0.8439
-0.214557
-0.715594
1.24961
-0.729583
0.430297
-0.645301
1.0478
-0.151831
-0.172731
0.41618
0.0
0.0
0.0
0.0
0.0
0.0
0.0
0.0
0.0
0.0
0.0
0.0
0.0
0.0
0.0
0.0
0.0
0.0
1.34229
0.0
0.0
0.0
0.0
0.0
0.0
0.0
0.0
0.0
0.0
0.0
0.0
0.0
0.0
0.0
0.0
0.0
0.0
0.0
0.0
0.0
0.0
0.0
0.0
0.0
0.0
0.0
0.0
0.0
0.0
0.0
0.0
0.0
0.0
0.0
0.0
0.0
0.0
0.0
0.0663075
0.0
0.0
0.0
0.0
0.0
0.0
0.0
0.0
0.0
0.0
0.0
0.0
1.77408
0.0
0.0
0.0
0.666083
0.0
0.0
0.0
0.0
0.865836
-0.20611
0.176889
0.165093
0.526874
0.801372
-0.153653
-0.915852
1.34625
-0.802983
0.408682
-0.630651
1.05319
-0.0606548
-0.185886
-0.0287539
0.0
0.0
0.0
0.0
0.0
0.0
0.0
0.0
0.0
0.0
0.0
0.0
0.0
0.0
0.0
0.0
0.0
0.0
0.0
0.0
0.0
0.0
0.0
0.0
0.0
0.0
0.0
0.0
0.0
0.691106
-0.893282
0.0
0.0
0.0
0.0
0.0
0.0
0.0
0.0
0.0
0.0
0.0
0.0
0.0
0.0
0.0
0.0
0.0
0.0
0.0
0.0
0.0
0.0
0.0
0.0
0.0
0.0
0.0
0.0
0.0
0.0
0.0
0.0
0.0
0.0
0.0
0.0
0.0
0.0
0.244822
0.0
0.0
0.0
0.0
0.0
0.0
0.0
0.0
0.0
0.0
0.0
0.0
0.0
0.0
0.0
0.0
0.0
0.0
0.0
0.0
0.0
0.0
0.0
0.0
0.0
0.0
0.0
0.0
0.0
0.0
0.0
0.0
0.0
0.0
0.0
0.0
0.0
0.0
0.0
0.0168683
0.0
0.0
-0.521554
-0.529227
0.149596
0.308349
-0.165344
1.14372
-0.83422
1.3379
0.130792
-0.235587
0.826073
-0.616978
0.575191
-0.910083
-0.473869
-0.0792065
0.0
0.0
0.0
0.0
0.0
0.0
0.266432
0.0
0.0
0.0
0.686607
0.0
0.0
0.0
0.492784
0.0
0.0
-0.980042
0.0
0.0
0.0
0.0
-2.04089
0.0
0.0
0.0
0.0
0.0
0.0
0.0
0.0
0.0
0.0
0.0
0.906575
0.0
0.0
0.0
0.0
1.44959
0.0
0.0
-0.191743
0.0
0.0
0.0
0.0
0.0
0.0
0.0
0.0
0.0
0.0
0.0
0.0
0.0
0.0
0.0
0.0
0.0
0.0
0.0
0.0
0.0
0.0
0.0
0.0
0.0
0.0
0.0
0.0
0.0
-0.623763
0.0
0.0
0.0
0.0
0.0
0.0
0.0
1.21453
0.0
0.0
0.0
0.0
0.0
0.0
0.0
0.0
0.0
0.0
0.0
0.0
0.0
0.0
0.0
0.0
0.0
0.0
0.0
0.0
0.0
0.0
0.0
0.0
0.0
0.0
0.0
0.0
0.0
0.0
0.0
-0.091585
0.0
0.0
0.0
-1.04107
0.0
0.199096
0.0
0.0
0.0
0.0
0.0
0.0
0.0
0.0
0.0
1.27559
0.593021
-0.506008
0.0668764
0.16362
0.114265
-0.0873766
-0.469803
-0.9161
-0.143956
1.88229
0.503724
-0.995318
-0.19617
0.315717
0.196899
0.0
0.0
0.0
-0.511534
0.0
0.0
0.0
0.0
0.0
0.0
-0.867917
0.0
0.0
0.0
0.0
0.0
0.928337
0.611207
-0.60885
-0.312833
-1.11662
0.18851
-0.0580035
-0.842988
-0.875635
-0.187218
1.969
0.549932
-0.822606
-0.197681
0.534432
0.139586
0.0
0.0
0.0
0.0
0.0
0.0
0.0
0.0
0.0
0.0
0.0
0.0
0.0
0.0
0.0
0.0
0.850369
-0.54464
0.0687607
0.316967
0.190564
1.23113
-0.906377
0.934874
-0.082956
-0.150994
0.813821
-0.672211
0.471375
-1.00072
-0.434068
0.197311
0.0
0.0
0.0
0.0
0.0
0.0
0.0
0.0
0.0
0.0
0.0
0.0
0.0
0.0
0.0
0.0
0.0
0.0
0.0
0.0
0.0
0.0
0.0
0.0
0.0
0.0
0.0
0.0
0.0
0.0
0.0
0.0
0.0
0.0
0.0
0.0
0.0
0.0
0.0
0.0
0.0
0.0
0.0
0.0
0.0
0.0
0.0
0.0
0.0
0.0
0.0
0.0
0.0
0.0
0.0
0.0
0.0
0.0
0.0
0.0
0.0
0.0
-0.477953
0.0
0.0
0.0
0.0
0.0
0.0
0.0
0.0
0.0
0.0
0.0
0.0
0.0
0.0
0.0
0.0
0.0
2.30066
0.923752
0.964638
1.42865
-0.222806
0.969796
-1.32634
-0.163825
1.82738
-1.12459
4.98364
3.82644
-5.54075
-0.977896
3.38835
3.99697
-0.855223
-0.929802
-2.35861
-1.16381
-0.0589136
-1.20067
1.59671
3.34212
-1.818
1.88469
-3.60309
-1.93134
4.63761
2.56532
-3.10862
-3.97338
-1.593
5.69278
2.0069
-1.87939
-2.19476
-0.41213
0.104071
4.15576
-0.970975
-0.703568
0.369938
1.40839
-0.993249
0.35414
1.89884
1.78017
2.07149
-1.90984
-0.129009
0.327787
-3.241
-1.86537
0.0353865
-2.62128
1.26898
-5.03361
0.434425
-0.876302
-3.30683
0.918343
4.1442
0.249214
1.44456
-0.0057348
-1.39349
2.05805
-0.282205
-0.234928
0.274195
3.17803
0.0108232
1.28933
1.38093
0.781149
-0.903598
1.58699
0.278366
0.0236502
2.42332
1.42327
4.87887
0.153941
0.737041
0.213048
2.88722
-1.1052
-2.66365
-0.145826
0.278872
-1.30019
6.82664
0.532435
-1.65699
-0.741316
2.69789
1.00508
1.90212
-0.0928716
0.0213255
-0.482906
-0.713708
-0.0824391
0.0857083
0.0387078
1.92065
1.36706
1.22946
0.427648
-1.36302
0.787023
6.20136
3.90425
2.47103
0.0498827
-1.13898
-1.77473
-0.994121
0.231155
-1.51706
-0.829646
-3.22694
-0.594314
4.45357
-1.23019
-2.24636
-2.36144
1.38632
-2.42352
-2.43066
0.642785
3.03924
-0.604854
-0.395171
2.41819
0.445867
0.755369
0.247621
0.727113
-3.54367
3.18052
-1.24371
1.40951
-0.720153
-0.966198
2.19909
3.10567
3.373
-3.50053
-0.515425
-0.50347
0.659652
-0.792428
0.596782
-0.209656
-2.33158
-0.417958
3.63599
2.18607
2.44514
1.35311
5.79257
2.15326
1.67561
2.10977
-1.31822
1.3459
-0.648286
-1.44665
1.83157
-1.10484
1.39817
-2.93473
0.160574
2.70423
1.65018
1.15335
4.2888
2.75379
-0.481694
3.49167
2.59429
0.0467896
-0.561792
-0.66242
-1.23668
-3.25397
3.88856
-1.67364
-2.30344
-1.07609
-0.233266
-1.24074
-0.89597
0.580895
1.20946
0.17207
3.14355
1.77681
-1.0286
2.60901
-1.79977
-1.08952
0.161082
-3.2329
-1.59193
-0.040055
-0.815272
-1.15923
-0.379569
0.160491
-0.0244422
-0.945266
-2.61722
-1.2067
-2.18373
-1.20511
0.759117
1.12462
-1.14896
0.15317
1.91116
0.541836
-2.13277
-2.78083
-6.05518
0.754643
1.60435
-3.68932
-2.44114
1.48328
0.407161
0.46506
-3.71454
-1.13945
0.733467
1.66939
-0.412638
1.55509
1.91729
1.21894
2.83176
0.0877673
-0.693681
4.21587
1.4111
-1.38246
0.549261
-4.73464
3.81505
0.314071
2.25791
-0.441167
-0.833291
0.136336
-2.4275
-0.0585962
-3.18767
0.037982
0.391328
-0.35101
-0.321056
-1.84183
0.266863
1.75651
-1.83223
-1.26936
0.962577
1.71702
1.20612
0.521821
0.67055
2.37321
2.32178
0.411952
0.469157
0.100091
-0.877076
-1.28573
0.516346
-1.15605
5.9074
-1.74045
2.92411
0.0835366
-0.290211
-1.77819
-2.32415
0.0876997
-2.45356
0.581112
0.335752
-1.71376
-0.822552
0.453836
0.360669
0.979585
-0.458401
2.53513
-1.16264
-1.05463
3.21083
-0.691841
-5.15036
-1.2366
-4.00219
0.211867
0.217253
-0.955369
-0.97767
2.39017
0.825003
2.37527
-1.43169
1.42527
-7.76965
-2.10611
-1.69109
0.23107
-1.77552
-0.967311
-0.111808
2.13342
0.491172
0.278491
-0.917942
-0.77807
1.71127
0.17842
0.337716
-0.0467085
-1.09001
1.05859
3.0321
-1.13773
1.70275
1.2817
-1.65693
1.38702
-2.3586
0.186475
0.727137
0.463435
-0.526514
-0.0643028
1.06672
-0.177189
1.90225
0.592065
-3.87606
1.89994
-5.60812
-0.866888
-8.22546
9.35163
-1.45826
-6.64478
-1.88763
-3.06451
20.1355
-14.3309
-3.95295
-4.04663
2.66694
-4.78483
-1.2459
-1.9798
-0.721626
-3.97843
1.10637
-2.29145
-2.37654
-3.82209
-4.51489
3.91011
2.36597
4.62899
-6.43282
4.84051
-1.38207
1.17137
-1.14349
-4.3652
-4.89127
-1.61095
0.101177
-3.16287
4.33403
2.49001
2.86773
-5.10916
-9.10077
-2.13167
-7.4414
3.20154
-6.56525
-2.41922
0.493146
-2.63051
-12.5866
12.4254
4.28628
4.20779
3.46011
-2.58066
2.52885
0.79035
-3.50394
-9.07621
3.33538
-6.71958
-7.5702
-3.89216
-2.49406
-4.98164
0.979386
-4.77684
-0.213898
-2.22712
