[125, 36, 36, 4]
0.0
0.0
0.0
0.0
0.0
0.0
0.0
0.0
0.0
0.0
0.0
0.0
0.0
0.0
0.0
0.0
0.0
0.0
0.0
0.0
0.0
0.0
0.0
0.0
0.0
0.0
0.0
0.0
0.0
0.0
0.0
0.0
0.0
0.0
0.0
0.0
0.0
0.0
0.0
0.0
0.0
0.0
0.0
0.0
0.0
0.0
0.0
0.0
0.0
0.0
0.0
0.0
0.0
0.0
0.0
2.42593
0.0
0.0
0.0
0.0
0.0
0.0
0.0
0.0
0.0
0.0
0.0
-0.220012
0.0
0.0
0.0
0.0
0.0
0.0
0.0
0.0
0.0
0.0
0.0
0.0
0.0
0.0
0.0
0.0
0.0
0.0
0.0
0.0
0.0
0.0
0.901
0.0
0.0
0.0
0.0
0.222894
0.0
0.0
0.0
0.0
0.0
0.0
0.0
0.0
0.0
0.0
0.0
0.0
0.0
-1.35749
0.0
0.0
0.0
0.0
0.0
0.0
0.0
0.0
0.0
0.0
0.0
0.0
0.0
0.0
-1.93626
0.0
0.0
0.0
0.0
0.0
0.392306
0.0
0.0
0.0
0.0
0.0
0.0
0.0
0.0
0.0
0.0
0.0
0.0
0.0
0.0
0.0
0.0
0.0
0.0
0.0
0.0
0.0
0.0
0.0
0.0
0.0
0.0
0.0
0.0
0.0
0.0
0.0
0.0
0.581735
0.0
0.0
0.0
0.0
0.0
0.0
0.0
0.0
0.0
0.0
0.0
0.0
0.0
0.0
0.0
0.0
-0.0600985
-0.635407
-0.225101
0.122437
0.128045
-0.221541
-0.777355
0.0429812
-0.231826
0.0590508
-0.505475
0.805629
-0.370449
-0.309672
0.352002
-0.0374266
-0.0584947
0.183178
-0.112978
0.00274808
-0.282986
-0.00325939
-1.89234
-0.299331
-1.39737
-0.895755
-0.489112
0.200554
-0.0752457
-0.0843808
0.303602
0.0045419
0.0479466
0.324424
-0.179457
0.0153682
0.0
0.0
0.0
0.0
0.0
0.0
0.0
0.0
0.0
0.0
0.0
0.0
0.0
0.0
0.0
0.0
0.0
0.0
0.0
0.0
0.0
-0.715056
0.0
0.0
0.0
0.0
0.0
0.0
0.0
0.0
0.0
0.0
0.0
0.0
0.0
0.0
0.0
0.0
0.0
0.0
0.0
-0.836118
0.0
0.0
0.0
0.0
0.0
0.0
0.0
0.0
0.0
-0.996834
0.0
0.0
0.0
0.0
0.0
0.0
0.0
0.0
0.0
0.0
0.0
0.0
0.0
0.0
0.0
0.0
0.0
0.0
0.0
0.0
0.0
0.0
0.0
0.0
0.0
0.0
0.0
0.0
0.0
0.0
0.0
0.0
0.0
0.0
0.0
0.0
0.0
-0.527023
0.74185
0.0
0.0
0.0
0.0
0.0
0.0
0.0
0.0
-0.00941379
-1.93294
0.0
0.0
0.0
0.0
0.0
0.0
0.0
0.0
0.0
0.0
0.0
0.563214
0.0
-1.74007
0.0
0.0
0.0
0.0
0.0
0.0
0.0
-0.536561
0.0
0.0
0.0
0.0
0.0
0.0
0.0
0.0
0.0
0.0
0.0
0.0
-0.453882
0.0
0.0
0.0
0.0
1.39855
0.0
0.0
0.0
0.0
0.0
2.81103
0.0
0.0
0.0
-0.416181
0.0
0.0
-0.142333
0.0
0.0
0.0
0.0
0.0
2.36833
0.0
0.0
0.0
0.0
1.24496
0.0
0.0
0.0
0.0
0.0
0.0
0.0
0.0
0.0
0.0
0.0
0.0
0.0
-1.28471
0.0
0.0
0.0
0.0
0.0
0.0
0.0
0.0
0.0
0.0
0.0
0.0
0.0
0.0
0.0
0.0
0.0
0.0
0.0
0.0
0.0
0.0
0.0
0.0
0.0
0.0
0.0
0.0
0.0
-0.301727
0.0
0.0
0.0
0.0
0.0
0.0
0.0
0.0
0.0
0.0
-1.049
0.0
0.127477
0.0
0.0
0.0
-0.0436379
0.0
0.0
0.0
0.0
0.0
0.0
-1.20488
0.0
0.0
0.0
0.0
0.0
0.0
0.0
0.0
0.0
-0.86971
0.0
0.0
0.0
0.0
0.0
-1.34257
0.0
0.0
0.0
0.0
0.0
0.0
0.0
0.0
0.0
0.0
0.0
0.0
0.0
0.0
0.0
0.0
0.0
0.0
0.0
0.0
0.0
0.777136
0.0
0.0
0.546601
0.0
0.0
0.0
0.0
0.0
0.0
0.0
0.0
0.0
0.0
0.0
0.0
0.0
0.0
0.909473
0.0
0.0
0.0
0.0
0.0
0.0
0.0
0.0
0.0
0.0
0.0
0.0
-0.32214
0.0
0.0
0.0
0.0
0.0
0.0
0.0
0.0
0.0
0.302684
0.0
0.0
0.0
0.0
0.0
0.0
0.0
0.0
0.0
0.0
0.0
0.0
0.0
0.0
0.0
0.0
0.0
0.0
0.0
0.0
-0.282705
0.0
0.0
0.0
0.0
0.0
0.0
0.0
-0.953896
1.74557
0.0
0.0
0.0
0.0
0.0
0.0
0.0
0.0
0.0
-0.641474
0.0
0.989066
0.0
0.0
0.0
0.0
0.0
0.0
0.0
0.0
0.0
0.0
0.0
-0.0420909
0.521097
0.0
-0.560283
0.0
0.0
0.0
0.0
0.0
0.0
0.0
0.0
0.0
0.0
0.0
0.0
0.0
0.0
0.0
0.0
-1.35828
0.0
0.0
0.0
0.0
0.0
0.0
0.0
0.0
0.873929
0.0
0.0
-1.60469
0.0
0.0
0.0
0.0
0.0
0.0
-0.870419
0.0
0.0
0.0
0.0
0.0
0.0
0.0
0.0
-0.0630162
0.0
0.0
0.0
0.0
0.837075
0.0
0.0
0.0
-1.83289
-0.548126
0.0
0.0
0.0
0.0
0.0
0.0
0.0
0.0
-0.416374
0.0
0.0
0.0
0.0
0.0
0.0
0.0
1.29835
-1.02305
0.0
0.0
0.0
0.0
0.0
0.0
0.0
0.0
0.0
0.0
0.0
0.0
0.0
0.0
0.0
0.0
0.0
0.0
0.0
0.0
0.0
0.0
0.0
0.0
0.0
-0.561839
0.0
-0.239344
0.0
0.0
0.0
0.0
1.16666
0.0
0.0
0.0
0.0
0.0
0.0
0.0
0.0
0.0
0.0
0.0
0.538647
0.0
0.0
0.0
0.0
0.0
0.0
0.0
0.0
0.0
0.0
0.0
0.0
0.0
0.0
0.0
0.0
0.0
0.0
-0.955207
0.0
0.207865
0.0
0.0
0.0
0.0
0.0
0.0
0.0
0.0
-1.86807
0.0
0.0
0.0
0.0
0.0
0.0
0.0
0.0
0.0
0.0
0.0
0.0
0.850507
0.0
0.0
0.0
0.0
-0.148504
0.0
0.0
0.0
0.0
0.0
0.0
0.0
0.0
0.0
0.0
0.0
0.0
0.0
0.0
0.0
0.0
0.0
0.0
0.0
0.0
0.0
0.0
0.0
0.0
0.0
0.0
0.0
0.0
0.0
0.478479
0.652214
0.0
0.0
0.0
0.0
0.0
-1.13353
0.0
0.0
0.686302
0.0
0.0
0.0
2.0563
0.0
0.0
0.0
0.0
0.0
0.0
0.0
0.0
0.0
0.0
0.0
0.0
0.0
0.0
0.0
0.0
-1.43088
0.0
0.0
0.178936
0.0
0.0
0.0
-0.336964
0.0
0.0
0.0
0.0
0.0
0.0
0.0
0.0
0.0
-0.223284
0.0
0.0
-0.492236
0.0
0.0
0.0
0.0
-1.70813
0.114117
0.0
0.0
0.0
0.978151
0.0
-0.934245
0.0
0.0
0.0
0.0
0.0
0.0
0.0
0.0
0.0
0.0
0.0
-0.605259
0.0
0.0
0.0
0.289705
0.0
0.0
0.0
0.0
-0.0877463
0.0
0.0
0.0
0.202008
0.0
0.0
0.0
0.0
0.0
0.0
0.0
0.0
0.0
0.0
0.0
0.143135
0.0
0.0
0.0
0.0
0.0
0.0
1.86438
0.0
0.0
0.0
0.0
-0.205222
0.0
0.0
0.0
0.0
-0.487013
0.0
0.0
0.0
0.0
0.0
0.0
-0.228775
0.0
0.0
0.0
0.0
0.0
0.0
0.0
0.0
0.0
0.0
0.0
0.0
0.0
0.0
0.0
0.0
0.0
0.0
0.0
0.0
0.0
0.0
0.0
0.0
0.0
0.0
0.0
0.0
0.0
0.0
0.0
-0.0789545
-0.194207
0.0
0.0
0.0
0.0
0.0
0.548122
-0.00309749
0.0
0.0
0.0
-1.6293
0.0
0.0
0.0
0.0
0.0
0.0
0.0
0.0
0.0
0.0
0.0
0.0
0.0
0.0
0.0
0.0
0.0
0.0
0.0
0.358289
0.0
0.0
0.0
0.0
-0.370535
0.0
0.0
0.0
0.0
0.0
0.0
0.0
0.0
0.0226805
0.0
0.402026
-0.829487
0.0
-0.284246
0.0
0.0
0.38262
0.210136
0.0
0.0
0.0
0.0
0.0
0.0
0.0
0.0
0.0
0.0
0.0
0.0
0.0
0.0
0.0
0.0
0.0
0.0
0.0
0.0
0.0
0.0
0.0
0.765241
0.0
0.0
0.0
0.0
0.0
0.0
0.0
0.0
0.0
0.0
0.0
-1.09316
0.0
0.194618
0.0
0.0
0.0
0.0
0.0
0.0
0.0
0.0
0.0
0.0
0.0
0.0
0.0
0.0
0.0
0.0
0.0
0.0
0.0
0.0
0.0
0.0
0.0
0.0
0.0
0.0
-0.37871
0.0
0.0
0.0
0.0
0.0
0.0
0.0
0.0
-1.03601
0.0
0.0
0.0
0.132027
0.0
0.0
0.0
0.0
0.0
0.0
0.0
0.0
0.0
-0.634634
0.0
0.0
0.0
0.0
0.0
0.0
0.0
0.0
0.0
0.0
0.0
0.0
0.124761
0.0
0.0
0.0
0.0
0.0
0.0
0.0
0.0
0.0
0.0
0.0
0.0
0.0
0.0
0.0
0.0
0.0
0.0
0.0
0.0
0.0
0.0
0.0
0.0
0.0
0.0
0.0
-1.26073
0.765217
0.633183
0.0
0.0
0.0
0.0
-0.393373
-0.335316
0.0
0.0
0.0
0.0
0.0
0.0
0.0
0.0
0.0
0.0
0.0
0.0
0.0
0.0
0.0
0.0
0.0
0.0
0.0
0.0
0.159184
0.0
0.0
0.0
0.0
0.0
0.0
0.0
0.0
0.0
0.0
0.0
0.0
0.0
-0.593153
0.0
0.0
0.0
0.0
-0.24989
0.0
0.0
0.0
0.129774
0.0
0.0
0.0
0.0
1.34867
0.0
0.0
0.0
0.0
0.0
0.0
0.0
0.0
0.0
0.0
0.0
0.0
-1.80582
0.0
0.0
0.0
0.0
0.0
0.0
0.0
0.0
0.414432
0.0
0.0
0.0
0.0
0.0
0.0
0.0
0.0
0.0
0.0
0.0
0.0
0.0
0.0
0.0
0.0
0.0
0.0
0.0
0.0
0.0
0.0
0.0
-0.919402
0.0
0.0
0.0
0.0
0.0
0.0
0.0
0.0
0.0
0.0
0.0
0.0
0.0
0.0
0.0
0.0
0.0
0.0
0.0
0.0
0.0
0.0
0.0
0.0
0.0
0.0
0.0
0.0
0.989755
0.0
0.0
0.0
0.0
0.0
0.0
0.00674994
0.0
1.1866
0.0
0.0
0.0
0.0
0.0
0.76787
0.0
0.0
-1.11008
0.0
0.0
0.24204
0.0
0.0
0.0
0.0
0.0
1.38698
0.0
0.0
0.0
0.0
0.0
-0.45433
0.0
0.0
0.0
0.0
0.0
0.0
0.0
0.0
0.0
-2.17453
0.0
0.139188
0.0
0.0
0.0
0.0
0.0
0.0
1.80561
0.0
-0.7891
0.0
0.0
0.0
0.0
0.0
0.0
0.0
-1.17343
0.0
0.0
0.0
0.0
1.26089
0.0
0.0
0.0
0.0
0.0
0.0
0.0
0.0
0.0
0.0
0.0
0.0
0.169908
0.0
0.0
0.0
0.0
0.0
-0.58139
0.0
0.0
0.0
0.0
0.0
0.0
0.0
0.0
0.0
0.0
1.16029
0.0
-0.400935
0.0
0.0
0.0
0.0
0.0
0.0
0.0
0.0
0.0
0.0
0.0
0.0
0.0
0.0
0.0
0.0
0.0
0.0
0.0
0.0
0.0
0.0
0.0
0.0
0.0
0.0
0.0
-0.208165
0.0
0.0
0.0958031
0.0
0.0
0.0
-0.307061
-0.570286
0.0
0.0
0.0
0.0
-0.205379
0.0
0.0
0.0
0.373443
0.0
0.761721
-0.843998
0.0
-0.650062
0.0
0.0
0.0
0.0
0.0
0.526315
0.0
0.0
0.0
0.0
0.0
0.0
0.0328301
0.0
0.0
0.0
0.0
0.0
0.0
0.0
0.632897
0.0
0.0
0.0
0.0
0.0
0.28895
0.0
0.0
0.0
0.0
0.0
0.0
0.0
0.0
-1.05341
0.0
0.0
0.0
0.0
0.0
0.0
0.0
0.0
0.519173
1.10616
0.0
0.0
0.0
0.0
0.0
0.0
0.0
0.0
0.0
0.0
0.0
0.0
0.0
0.0
0.0
0.0
0.0
0.0
0.0
0.0
0.0
0.0
0.0
-1.14444
0.0
0.0
0.0
0.0
0.0
0.0
0.0
0.0
0.0
0.0
0.0
0.0
0.0
0.0
0.0
0.0
0.0
0.0
0.0
0.0
0.0
0.0
0.0
0.0
0.0
0.0
0.23749
0.0
1.01252
0.0
0.0
0.0
0.0
0.0
-0.38831
0.0
0.0
0.0
0.0
0.0
0.0
0.0
0.0
0.0
0.0
0.0
0.0
0.0
0.0
0.0
0.0
0.0
0.0
0.0
0.0
1.9416
0.0
0.0
0.0
0.0
0.0
0.0
0.0
0.0
0.0
-1.26636
0.0
0.0
0.0
-1.70229
0.0
0.0
-1.09688
0.0
0.0
0.0
0.0
0.0
0.0
0.0
0.0
0.0
0.0
0.0
1.0814
0.0
0.0
0.0
-1.45012
0.0
0.0
0.0
0.0
0.0
0.0
0.0
0.0905343
0.0
0.0
0.0
0.0
0.0
0.0
0.0
0.0
0.0
0.0
0.0
-0.682597
0.0
0.0
0.0
0.0
0.953005
0.0
0.0
0.0
0.0
0.0
0.0
0.0
0.0
0.0
0.0
0.0
0.0
0.0
1.07878
0.0
0.0
0.0
0.0
0.0
0.0
0.0
0.0
0.0
0.0
0.0
0.0
0.0
0.0
0.0
0.0
0.0
0.0
-0.312474
0.0
0.0
0.0
0.0
0.0
0.0
0.0
0.0
0.0
0.0
0.0
0.0
0.0
0.0
0.0
0.0
0.0
0.0
0.0
0.0
0.0
0.0
0.0
0.0
0.0
0.0
0.0
0.0
0.0
0.0
0.0
0.0
0.0
0.0
0.0
0.0
-0.882625
0.0
0.0
0.0
0.0
0.0
0.0
0.0
0.0
0.0
0.0
0.0
0.0
0.0
0.0
0.0
0.0
0.0
0.0
0.0
0.0
0.0
0.0
0.0
0.0
0.0
0.0
0.0
0.0
0.0
0.0
0.0
0.0
0.0
0.0
0.0
0.0
0.0
0.0
0.0
0.0
0.0
0.0
0.0
0.0
0.0
0.0
0.0
0.0
0.0
0.0
0.0
0.0
0.0
0.0
0.0
0.0
0.0
0.0
0.0
0.0
-0.65605
0.0
0.0
0.0
-0.335504
0.0
0.0
0.0
0.0
0.0
0.0
0.0
0.0
0.0
0.0
0.0
0.0
0.0
0.0
0.0
0.0
0.0
0.0
0.0
0.0
0.0
-0.607054
0.0
0.0
0.0
0.0
0.0
0.0
0.0
0.0
0.0
0.0
-0.07495
0.0
0.0
0.0
0.0
0.0
0.0
0.0
0.0
0.0
0.0
0.0
0.0
0.0
0.0
0.102902
0.0
0.0
0.0
0.0
0.0
0.0
0.0
0.0
0.0
0.0
1.08358
0.0
0.0
0.0
0.0
0.0
0.0
0.0
0.0
0.0
0.0
-1.06929
0.0
0.0
0.288648
0.0
0.0
0.0
0.0
0.0
0.0
-0.711763
0.0
0.0
0.0
0.629811
0.0
0.0
0.0
0.0
0.0
0.675603
0.0
0.0
0.0
0.0
0.0
0.0
0.0
0.0
0.0
0.0
0.0
0.0
0.0
0.0
0.0
0.0
0.0
0.0
0.0
0.0
0.0
0.0
-0.348375
0.0
0.0
0.220043
0.0
0.0
0.0
0.0
0.0
0.0
-0.0301167
0.0
0.503405
0.0
0.0
0.0
0.0
0.0
0.0
0.0
0.0
0.0
0.0
-1.53143
0.0
0.0
0.0
0.0
0.0
0.834748
0.367576
0.0
0.0
0.0
0.0
0.0
0.0
0.0
0.0
0.0
0.0
0.0
0.0
0.0
0.0
0.0
0.0
-0.0125111
0.0
-0.471728
-0.988734
-0.0170646
0.0
0.0
0.0
-0.0377817
0.0
0.0
0.0
0.0
0.0
0.0
0.0
0.0
0.0
0.0
0.0
-0.922814
0.0
0.0
0.0
0.0
0.0
0.0
-0.97485
0.0
0.0
0.0
0.0
0.0
0.0
0.0
0.0
0.0
0.0
0.0
0.0
0.0
0.0
1.2385
0.371293
0.0
0.0
0.0
0.0
0.0
0.0
0.0
0.0
0.0
0.0
0.0
0.0
0.0
0.0
0.0
0.0
0.0
0.0
0.0
0.538078
0.0
-1.61351
0.0
0.0
-1.47243
0.0
0.0
0.0
0.0
0.0
0.0
0.0
0.0
0.0
0.0
0.0
0.0
0.0
0.0
0.0
0.0
-0.288481
0.0
0.0
0.0
0.0
0.0
0.0
0.0
0.0
0.0
0.0
0.0
0.0
0.0
0.0
-0.000942714
0.0255537
-0.523689
-0.0542384
-0.208978
0.165316
-0.269537
-0.144728
-1.15855
-0.0319722
0.0832879
-0.175283
0.119484
-0.344786
0.0286743
0.0646252
0.136457
0.0019523
0.0464511
-1.31594
0.510149
0.062389
-0.503224
-0.243962
0.4008
0.301201
1.94001
-0.127979
-0.098927
0.0396434
1.25423
-0.519777
-0.0450196
-0.604009
0.0111515
0.225609
0.0
0.0
0.0
0.0
0.0
0.0
0.0
0.103933
0.0
0.0
0.0
0.0
0.0
0.0
0.0
-0.395571
0.0
0.0
0.0
0.0
0.0
0.0
0.0
0.0
0.0
0.0
0.0
0.0
0.0
0.0
0.0
0.0
0.0
0.0
0.0
0.0
0.0
1.75474
0.0
0.0
0.0
0.0
0.0
0.0
0.0
0.0
0.0
0.0
0.0
0.0
0.17797
0.0
0.0
0.207023
-1.14431
0.0
-2.64352
0.0
0.0
0.0
0.0
0.0335283
0.0
0.0
1.00381
0.0
0.0
0.0
0.0
0.0
0.0
0.0
0.0
0.0
0.0
0.0
-1.06525
0.0
0.0
0.0
0.0
0.0
0.0
0.0
0.0
0.0
0.0
0.0
0.0
0.0
0.0
0.0
0.0
0.0
0.0
0.0
0.46848
0.0
0.0
0.0
0.0
0.0
-0.303957
0.0
0.0
0.0
0.0
0.0
0.0
0.0
0.0
0.0
0.0
0.343166
0.494224
0.0
0.0
0.0
0.0
0.0
0.0
0.0
0.498719
0.0
-0.0944183
0.47353
0.0
0.0
0.0
0.0
0.0
0.0
0.68525
0.0
0.0
0.0
-0.557644
0.0
0.0
0.0
0.0
0.0
0.0
0.0
0.0
0.0
1.17277
0.0
0.0
0.0
0.0
0.328582
0.0
0.0
0.0
0.0
0.0
-0.14646
0.0
0.0
0.0
0.0
0.0
0.0
-0.847832
0.0
0.0
0.0
0.0
0.0
0.0
0.0
-0.656699
0.0
0.0
0.0
0.0
0.0
0.0
0.0
0.0
0.0
0.0
0.0
0.0
0.0
0.0
0.0
0.0
0.0
0.0
0.0
0.0
0.0
0.0
0.0
0.0
0.0
0.0
-0.176946
0.0
0.0
0.0
0.0
0.0
0.0
0.357074
0.0
0.0
0.0
0.47787
0.0
-0.662173
0.0
0.0
0.0
0.0
0.0
0.0
0.0
0.0
0.0
-0.107951
-1.21526
0.0
0.0
0.0
0.135442
0.0
0.0
0.727702
0.0
0.0
0.0
0.0
0.573103
-0.930618
0.0
0.0
0.0
0.0
0.0
-0.817558
0.0
0.0
-0.530674
0.0
0.0
0.0
0.0
0.0
0.0
0.0
0.0
0.0
0.0
0.0
0.0
0.0
0.0
0.0
0.0
0.0
0.0
0.0
0.0
0.0
1.12693
0.0
0.0
0.0
0.0
0.0
0.0
0.0
-0.270815
0.898348
0.0
0.0
0.0
0.0
0.0
0.0
0.0
0.0
0.0
0.0
0.0
0.0
0.0
0.0
0.0
1.51363
0.0
0.0
-0.192571
0.0
0.0
-1.61674
0.0
0.0
0.0
0.0
0.0
0.0
0.0
0.0
0.0
0.0
0.0
0.0
0.0
0.0
0.0
0.0
0.0
1.70489
0.0
0.0
0.0
0.0
0.0
0.0
0.0
0.022866
-0.191967
0.0243784
0.0371173
0.296289
-0.0887621
-0.216004
0.266263
0.0996641
-0.320947
-0.753619
0.177051
0.31894
-0.169953
-0.376668
-0.019434
2.69382
-0.13798
-0.0700058
0.0814316
-0.808199
0.0526783
-0.532497
0.309106
0.650402
-0.220949
1.05397
0.0190702
0.0700881
-0.00574493
-0.568925
0.0318577
0.116882
0.629304
-2.28278
0.494554
0.0
0.0
0.0
0.0
0.0
0.0
0.0
0.0
0.0
0.0
0.0
0.368403
0.0
0.0
0.903725
0.0
0.0
0.0
0.0
0.0
0.0
0.0
0.0
0.0
0.0
0.0
-0.268765
0.0
0.0
0.0
-0.870143
0.0
0.0
0.0
0.0
0.0
-0.492383
0.0
0.0
0.0
0.943206
0.0
0.0
-0.0525197
0.0
0.0
0.0
0.0
-0.13525
0.0
0.0
0.0
0.0
0.0
0.0
0.0
0.0
0.0
0.0
0.0
0.0
0.686449
0.809072
0.0
0.0
0.0
0.0
0.0
-0.636014
0.0
0.0
0.0
0.0
0.0
0.326679
-0.924253
0.0
0.0
0.0
0.0
0.0
0.0
0.0
0.0
0.0
0.0
0.0
0.0
0.0
0.0
0.0
0.0
0.0
0.0
0.0
0.0
0.0
0.0
0.0
0.0
0.0
0.0
0.0
0.0
0.0
-1.51401
0.0
0.855181
0.0
0.0
0.0
0.0
0.0
0.0
0.0
0.0
0.0
0.0
0.0
0.0
0.0
0.0
0.0
0.0
0.0
0.0
0.0
0.0
0.0
0.0
0.0
0.0
0.0
0.0
0.0
0.0
0.0
1.23068
0.0
-1.352
0.0
0.0
0.0
1.45419
0.0
0.0
0.0
0.0
0.0
-0.147707
0.0
0.0
0.0
0.0
0.0
0.0
0.0
0.0
0.0
0.0
-0.200742
0.0
0.0
0.0
0.0
0.0784525
0.0
0.0
0.0
0.0
0.0
0.0
0.0
0.0
0.0
-0.0584172
0.0
0.0
0.0
0.0
0.0
-0.322066
0.0
0.0
0.0
0.0
0.0
0.0
0.0
0.0
0.0
0.0
0.0
0.0
0.0
0.0
0.0
0.0
0.0
0.0
0.0
0.0
1.17131
0.0
0.0
0.0
1.26131
0.0
-0.0146906
0.0
0.0
0.0
0.0
0.0
0.0
0.0
0.0
0.0
0.0
0.0
0.0
-1.07263
0.0
0.0
0.0
0.0
0.0
0.0
0.0
-0.00671967
0.0
0.0
0.0
0.0
0.0
0.0
-0.0224664
0.0
0.0
0.0
0.0
0.0
0.0
0.0
0.0
0.0
0.0
0.0
0.0
0.0
0.0
0.0
0.0
0.0
0.0
0.0
0.0
0.0
0.0
0.0
1.80419
0.0
0.0
0.0
0.0
0.0
0.0
0.0
0.0
0.0
0.0
0.0
0.0
0.0
0.0
0.0
0.0
0.0
0.0
0.0
0.0
0.0
2.15779
0.0
0.0
0.0
0.0
0.0
0.0
0.0
0.0
0.0
0.0
0.0
0.0
0.0
0.0
0.0
0.0
-0.315802
0.0
0.0
0.0
-0.05057
0.0
-0.615209
0.0
0.0
0.0
0.0
0.0
0.0
0.26232
0.0
1.63729
0.0
0.0
-2.03681
0.0
0.0
0.0
0.0
0.0
-0.425534
0.469308
0.0
0.0
0.0
0.0
0.0
0.0
0.0
0.0
0.0
0.0
0.0
0.0
0.0
-1.49489
0.0
0.0
1.76823
0.0
0.0
0.0
0.0
0.0
0.0
0.0
0.0
0.0
0.0
0.0
0.0
1.54927
0.0
0.0
0.0
0.0
0.0
-0.390113
0.0
0.0
1.19872
0.0
0.0
0.0
0.0
0.0
0.0
1.05132
0.0
0.0
0.0
0.0
0.0
0.0
0.0
-0.111626
0.0
0.0
0.0
0.0
0.0
0.0
0.0
0.0
0.0
0.0
0.0
0.0
0.0
0.0
0.435553
0.0
0.0
0.0
-0.654865
0.0
0.0
0.0
0.0
0.0
0.0
0.0
1.18236
0.0
0.0
0.0
0.0
0.0
0.0
0.403207
0.0
0.0
0.0
0.0
0.0
0.0
0.0
0.0
0.0
0.0
0.0
0.0
0.0
0.0
0.0
0.0
0.0
0.0
0.0
0.0
0.0
0.0
-0.143932
0.0
0.0
0.0
0.0
0.0
0.0
0.0
0.0
0.0
0.0
0.0
0.0
0.0
-0.271502
0.0
0.0
0.0
-0.92382
0.0
-0.072713
0.0
0.0
-1.09865
0.0
0.0
0.0
0.0
0.0
0.0
0.0
0.0
0.0
0.0
0.0
0.0
0.0
0.0
0.0
0.0
0.0
0.0
0.842953
0.0
0.10544
0.0
0.0
0.0
-0.436087
0.0
-0.561153
0.0
0.0
0.0
0.0
0.0
0.0
0.0
0.0
0.0
-1.53845
0.0
0.0
0.0
0.0
0.0
0.0
0.0
0.0
0.0
0.0
0.0
-0.421032
0.0
0.0
0.145969
0.0
0.0
0.0
0.0
0.0
0.0
0.0
0.0
0.0
0.0
0.0
0.0
0.0
0.0
0.0
0.0
0.0
0.0
0.0
0.0
0.0
0.0
0.0
0.0
0.0
0.0
0.0
0.0
0.0
0.0
0.0
0.0
0.0
0.0
-0.245418
0.0
0.0
0.0
0.0
0.0
0.0
0.596871
0.0
0.0
0.0
0.0
0.0
0.0
0.0
0.0
0.0
0.0
0.0
0.0
0.0
0.0
0.0
0.0
-0.762724
0.0
0.0
0.815866
0.0
0.0
0.0
0.0
0.0
0.0
0.0
0.0
0.0
0.0
0.0
0.0
0.0
-1.55943
0.0686324
0.0
0.0
0.0
0.0
0.0
0.0
0.0
0.0
0.0
0.0
0.0
-0.163941
0.0
-0.0288044
0.0
0.0
0.0
0.0
0.0
0.0
0.0
0.0
0.0
0.0
0.0
0.0
0.0
0.0
0.0
0.0
0.230022
0.623116
0.0
-0.258993
-0.0220107
0.0
0.0
0.0
0.0
0.0
-0.557486
0.0
0.0
0.0
0.0
0.0
0.0
0.0
0.951238
0.0
0.0
0.0
0.0
0.0
0.0
0.0
0.0
0.0
-0.901313
0.0
0.0
0.0
0.0
0.0
0.0
0.0
-1.20671
0.0
0.0
0.0
0.0
0.0
0.0
0.0
0.0
0.0
0.0
0.0
-0.95904
0.0
0.0
0.0
0.0
0.0
0.0
0.0
0.0
0.0
0.0
0.0
0.0
0.241706
-0.270743
0.0
0.0
0.0
0.463078
0.0
0.0
0.0
0.0
0.0
0.0
0.0
0.0
0.0
0.0
0.0
0.0
0.0
0.0
0.0
0.0
0.0
0.0
0.0
0.0
0.0
0.0
0.0
0.0
0.0
0.0
0.0
0.0
-0.43516
0.0
0.0
0.0
1.38243
0.0
0.0
0.00540176
0.0
0.0
0.0
0.0
-0.490171
0.0
0.0
0.0
0.0
0.0
0.0
0.0
0.0
0.0
0.0
0.0
0.0
0.0
-0.79544
-0.87364
0.187268
0.0
0.933029
0.0
0.0
0.0
0.0
0.0
0.0
0.0
0.0
0.0
0.0
0.0
0.0
0.0
0.0
-1.03867
0.0
0.0
0.0
0.0
1.25485
0.0
0.0
0.0
0.0
0.0
0.0
0.0
0.0
0.0
0.0
0.0
0.0
0.0
0.0
0.0
0.0
0.0
0.0
-0.722135
0.579758
0.0
1.09293
0.0
-0.0815711
0.0
0.0
0.846114
0.0
0.0
0.0
0.0
0.0
0.0
0.0
0.0
0.0
0.0
0.0
0.0
0.0
0.0
0.0
0.0
0.0
0.0
0.0
0.0
0.0
0.0
1.34155
0.0
0.0
0.0
0.0
0.0
0.0
0.0
0.0
0.0
0.0
0.0
0.0
0.0
0.0
0.0
0.0
0.0
0.0
0.0
0.0
0.0
0.0
2.36599
1.67268
0.0
0.144631
0.0
0.0
0.0
0.0
0.0
0.0
0.0
0.0
0.0
0.0
-0.700689
0.0
0.0
0.0
0.0
-1.69894
0.0
0.0
0.0
0.0
-3.38449
0.0
0.0
0.0
0.0
0.0
0.0
0.0
0.0
0.0
0.0
0.0
0.0
0.0
0.0
0.0
0.0
0.0
0.0
0.0
0.0
0.0
0.0
-0.806124
0.0
0.0
0.0
0.0
0.0
0.0
0.0
0.0
0.0
0.0
1.10728
0.0
0.0
0.0
0.0
0.0
0.0
0.0
0.0
0.0
0.0
0.0
0.0
0.0
0.0
0.0
0.0
0.0
0.0
0.0
0.0
0.0
0.0
0.0
0.0
0.0
0.0
0.0
0.0
0.0
0.0
0.0
0.0
0.0
0.0
0.0
0.0
0.0
0.0
0.0
0.0
0.0
0.0
0.0
0.0
0.0
0.0
0.0
0.0
0.0
0.0
0.0
0.0
0.0
0.0
0.0
0.0
0.0
0.0
0.0
0.0
0.0
0.0
0.0
0.0
0.0204908
0.0
0.0
0.0
0.0
0.0
0.0
0.0
0.0
-0.464275
0.0
0.0
0.0
0.0
0.0
0.0
0.0
0.0
0.0
0.0
0.0
0.328492
0.0
0.0
0.0
0.0
0.0
0.0
0.0
0.0
0.0
0.0
0.0
0.0
0.0
0.0
0.0
1.67253
0.0
1.81587
0.0
0.0
0.0
0.0
-0.267834
0.0
0.0
0.0
0.0
0.0
0.0
0.0
0.0
0.457484
0.0
0.0
0.0
0.0
0.0
0.0
0.0
-0.113374
0.0
0.0
0.0
0.0
0.0
0.0
0.0
0.0
0.0
0.0
-0.266816
0.0
0.0
0.0
0.0
-0.845797
1.47765
0.0
0.0
0.0
0.0
0.0
0.940792
0.0
0.0
0.0
0.658325
0.548621
-0.160402
0.0
0.0
0.0
0.0
0.0
0.0
0.0
0.0
0.0
0.0
0.0
0.0
0.0
0.0
0.0
0.0
0.0
0.0
0.0
1.1982
0.0
-1.44167
0.0
0.0
0.0
0.0
-0.67733
0.0
-1.23505
0.0
0.0
0.0
-0.346686
0.0
0.0
0.0
0.0
0.0
0.0
0.0
0.0
0.0
2.14285
0.0
0.0
0.0
0.0
-0.160285
0.0
0.0
-0.64088
0.0
0.72213
0.0
0.0
0.0
0.0
-0.545994
0.0
1.25361
0.0
0.0
0.0
0.0
0.0
0.0
0.0
0.0
0.0
0.0
0.0
0.0
0.0
0.0
0.0
0.0
0.0
0.0
0.0
-0.314185
0.0
0.204873
0.0
0.0
0.0
0.0
0.0
0.0
0.0
0.0
0.0
0.0
0.0
0.0
0.0
0.336286
0.0
0.0
0.0
0.0
0.425935
0.0
0.0
0.0
0.0
0.0
0.0
0.0
0.0
0.0
0.0
0.0
0.0
0.0
0.0
0.0
0.0
0.0
0.0
1.18218
0.0
0.0
0.0
0.0
0.0
0.0
0.0
0.0
0.0
0.0
0.327621
0.0
0.0
0.0
0.0
0.0
0.0
0.0
0.0
0.0
0.0
-1.18667
0.0
0.0
0.0
-1.03215
0.0
0.0
-1.28419
0.0
0.0
0.0
-0.350884
0.0
0.0
0.0
-0.592865
0.0
0.0
0.0
0.0
0.0
0.0
0.0
0.0
0.0
0.0
0.0
0.0
0.0
0.0
0.0
2.10116
0.0
0.0
-1.26738
0.0
0.0
0.0
0.0
0.0
0.0
0.0
0.0
0.0
0.0
0.0
-0.694075
0.0
0.0
0.0
0.0
0.0
0.0
0.0
0.0
0.0
0.0
0.0
0.0
0.0
0.0
0.0
0.0
-1.97864
0.0
0.0
-0.237256
-0.413269
0.0
0.0
0.0
0.0
0.0
0.0
0.0
0.0
0.0
0.0
0.0
0.0
0.0
0.0
0.0
0.0
0.0
0.0
0.0
-0.251965
0.0
0.520916
0.0
0.0
0.0
0.0
0.0
0.0
0.0
0.0
0.0
0.0
0.0
0.0
0.0
-3.1542
0.0
0.0
0.0
-0.434748
0.0
0.0
0.0
0.0
0.0
0.0
0.654963
0.0
0.827118
0.0
0.0
-0.714671
0.0
0.0
0.0
0.0
0.0
0.0
-0.137495
0.0
0.0
0.0
0.0
0.0
0.0
0.0
0.0
0.0
0.0
0.0
-1.91002
0.0
0.0
0.0
0.0
0.0
0.0
0.0
0.0
0.0
0.0
0.0
0.0
0.0
0.0
0.0
0.0
0.0
0.0
0.0
0.0
0.0
0.0
-1.04568
0.0
0.0
0.0
0.0
0.0
0.0
0.0
0.0
0.0
0.0
0.0
-0.0204867
0.0
-2.99256
0.0
0.299315
0.0
0.0
-0.347862
0.0
0.0
0.0
0.0
0.0
-0.606365
0.0
0.0
0.0
0.0
0.0
0.0
0.0
0.0
0.0
0.0
0.0
0.0
-0.25867
0.0
0.0
0.0
0.0
-1.2395
0.0
0.0
0.0
0.0
-0.283213
0.391983
0.0
0.0
0.0
0.0
0.0
0.0
0.469032
-0.824659
0.0
0.0
0.0
0.0
0.0
0.0
0.0
0.0
0.0
0.0
0.0
-0.656196
0.0
0.562555
-1.98747
0.0
0.0
0.0
0.0
-0.122589
0.0
0.0
0.0
0.0
0.125745
0.0
0.0
0.0
0.0
0.0
0.0
0.0
0.0
0.465193
0.0
0.0
0.0
0.0
0.0
0.0
0.0
-0.425359
0.0
0.0
0.0
0.0
0.0
0.0
0.0
0.0
0.0
0.0
0.0
0.0
0.0
0.0
0.0
0.0
0.0
0.0
0.0
-0.131674
0.0
0.0
0.0
0.0
0.0
0.0
0.0
0.0
0.0
0.0
0.0
0.0
0.0
0.0
0.0
0.0
0.0
0.0
0.0
0.0
0.0
0.0
0.0
0.0
0.0
0.0
0.0
0.0
0.0
0.0
0.0
0.0
0.0
0.0
0.0
0.493077
0.0
0.0
0.0
0.0
0.0824375
0.0
0.0
0.0
0.0
0.0
0.0
0.0
0.0
0.0
0.0
0.0
0.0
0.0
0.0
0.0
0.0
0.0
0.0
0.0
0.0
0.0
0.0
0.0
0.0
0.0
-1.30932
0.0
0.0
0.0
0.0
0.0
0.0
0.0
0.0
0.0
0.0
0.0
0.0
0.0
0.0
0.0
0.0
0.0
0.372349
0.0
0.0
0.0
0.0
1.91221
0.0
0.0
-0.326152
0.0
0.0
0.0
0.0
-1.37493
0.0
0.207776
0.0
0.0
0.0
0.0
0.0
0.0
0.0
0.0
0.0
0.0
0.0
0.0
0.0
0.0
0.0
0.0
0.0
0.0
0.0
0.0
0.0
-0.218905
0.0
0.0
0.0
0.0
0.0
0.0
0.0
0.0
0.0
0.0
0.0
1.582
0.0
0.0
0.0
0.0
0.0
0.0
0.0
0.0
1.92896
0.0
0.0
0.0
0.0
0.0
0.0
0.0
0.0
0.0
0.0
0.0
0.0
0.0
0.0
0.0
0.0
0.0
0.0
0.0
0.0
0.0
0.0
0.0
0.0
0.0
0.0
0.0
0.0
0.0
0.0
0.0
0.0
0.0
0.0
0.0
0.480168
0.0
0.0
0.0
0.0
0.0
0.0
0.0
0.0
0.0
0.727185
-0.388189
0.0
0.0
0.0
-0.435648
0.0
0.0
0.0
0.0
0.0
0.0
0.0
0.0
0.0
0.0
0.0
0.0
-1.78979
0.0
0.0
0.0
0.0
0.0
0.0
0.0
0.485155
0.0
0.0
0.0
0.0
0.0
0.0
0.0
0.0
0.0
0.0
0.0
0.0
0.0
0.0
0.0
0.0
0.0
0.0
0.0
1.40395
0.0
0.910692
0.0
0.0
0.0
0.0
0.0
-0.308757
1.50217
0.0
0.0
0.0
0.0
0.0
0.0
0.0
0.0
0.0
0.0
0.0
0.0
0.0
0.0
-0.825159
0.0
0.0
0.0
0.0
0.0
0.0
0.0
0.0
0.0
0.0
0.0
0.0
0.0
0.0
0.0
0.0
0.0
0.0
0.0
0.0
0.0
-0.209662
0.0
0.0
-0.242584
0.0
0.0
-0.57649
0.692909
0.0
-1.81363
0.0
0.0
0.0134658
0.600081
0.991725
-0.0710705
0.555052
-0.0485878
1.60493
-0.545507
-0.154039
-1.27927
-0.0462936
0.553077
-0.144809
0.480468
-0.484046
0.104086
-0.248346
-1.28058
-0.149734
-0.00502518
0.0877402
0.794487
1.08568
-0.150806
0.403688
1.06617
-0.546354
-0.0104064
-1.49012
-1.70521
-2.15164
-0.0189165
-0.123139
1.02671
-0.24617
-0.730607
0.0
0.0
0.864839
0.0
0.0
0.0
0.0
0.0
0.0
0.0
0.0
-1.25457
0.0
0.733578
0.0
0.0
0.0
0.0
0.0
0.0
0.0
0.0
0.0
0.0
0.0
0.0
0.0
0.0
0.0
0.0
0.0
0.0
0.0
0.0
0.542738
0.0
0.0
0.0
0.0
0.0
0.0
0.0
0.0
0.0
0.0
0.0
0.0
0.0
1.27556
0.0
0.0
0.0
0.0
0.0
-0.147273
0.0
0.0
0.0
0.0
0.0
0.0
0.0
0.0
0.0
0.0
0.0
0.0
0.0
0.0
-1.02331
0.0
0.0
0.0
0.0
0.0
1.28832
0.0
-1.10278
0.0
-1.33453
0.0
0.0
0.0
0.0
0.0
0.0
0.0
0.0
0.0
0.0
0.0
0.0
0.0
-0.176225
0.0
0.0
-0.0955601
0.0
0.0
2.27702
0.0
0.0
0.0
-0.544187
0.0
0.0
0.0
0.0
0.0
0.0
0.0
0.0
0.0
0.0
0.0
0.0
0.0
0.0
0.0
0.0
0.0
-0.804043
0.0
0.0
0.0
0.0
0.0
0.0
0.0
0.0
0.0
0.0
0.0
0.0
0.0
0.0
0.0
0.0
0.0
0.0
-0.391939
0.0
0.0
0.0
0.0
0.0
0.0
-1.48789
0.0
-0.950823
0.0
0.0
0.0
0.0
0.0
0.0
0.0
0.0
-0.427413
0.0541486
0.0
0.0
0.0
0.0
0.0
0.0
-0.188353
0.0
2.09568
0.0
0.0
0.0
0.0
-0.731443
0.0
0.0
0.0
0.0
0.0
0.0
-0.0084797
0.928357
1.23102
0.0338879
0.0334425
-0.027542
2.35785
0.239956
-0.258005
0.162963
1.67428
2.36364
-2.34609
0.194514
0.146487
0.150462
-0.0113214
0.509832
0.0171324
0.153965
-0.0875694
0.359408
0.230828
-0.488802
1.07821
0.350448
2.27078
0.512603
0.0429367
-0.590228
-0.274258
-0.251392
0.0305731
0.290969
-1.94162
0.395896
0.0255333
-0.741919
-1.44288
-0.000269209
-0.0427937
0.129412
-2.48694
-0.250287
0.216917
-0.243506
-0.402176
-2.63742
1.41028
-0.344412
-0.0597057
-0.103693
-0.0773202
-0.426749
-0.0289475
-0.0799704
0.0398348
-0.398753
-0.234787
0.974912
-1.23861
-0.401775
-2.27775
-0.65968
-0.011314
0.714173
0.282751
0.35454
0.129248
-0.0626072
1.97737
0.156191
0.00812128
-0.93645
-0.144349
-0.000560027
-0.000818294
-0.423066
-1.28949
0.71909
0.0635698
0.0477758
0.312937
-0.602138
0.0103465
-0.300912
0.15964
0.0372252
0.089442
0.457206
0.0559002
0.186263
0.735222
0.543481
-1.17887
0.255729
-0.274609
0.14363
0.40666
-0.0211943
-0.0176773
0.109451
1.18851
0.143006
0.16565
-0.638767
-2.00239
0.466917
-0.00410299
0.016297
0.323443
0.000505616
-0.00224511
0.797451
1.81318
0.638967
0.499031
-0.074899
-0.343084
-0.363079
-0.776018
0.328447
-0.329125
-0.0158072
-0.0231588
-1.26909
-0.0576241
0.000628875
-0.267131
-0.0949562
0.404478
0.076444
0.557033
0.142325
0.766217
0.191734
0.0119409
0.379143
-1.09613
-0.121083
-0.0137155
0.128346
0.49853
-0.586681
0.0170128
0.114339
-0.211382
0.873724
-0.00920056
0.102612
-0.129796
-0.0122482
-0.0411665
-0.0801457
-0.254572
-0.514395
0.187739
-0.761094
-0.811771
0.0467618
-0.0886445
0.0823766
1.99779
-0.55648
0.765284
-0.0390607
-0.00314198
0.167528
-0.157092
-0.0512788
-0.00671967
-0.146958
0.0317142
0.124068
0.00760967
0.103065
0.159851
0.228788
0.036493
0.126778
0.0223089
0.0907352
-0.267743
-0.0010085
0.0520269
-0.286629
-0.0278344
-0.151356
0.00750766
-0.206686
-0.332744
0.0306825
-0.0329299
-0.102686
0.0257948
-0.0385685
0.0195512
-0.0316433
0.125152
0.0941967
-0.112054
-0.0532665
-0.0142585
0.0310508
-0.172917
0.0862061
0.578674
-0.078777
0.0647892
0.0790932
-0.0771875
0.0477821
0.145014
0.146329
-0.0583343
0.000521682
1.29194
0.0795317
0.242005
-0.000844284
0.0843545
-0.0194341
-0.0141736
0.540273
-0.182756
-0.339235
0.642765
0.216077
-0.007322
0.714244
0.273072
-0.00472233
0.134082
0.157011
0.101981
-0.0766664
-0.177247
-0.280305
0.175971
0.121723
1.81996
-2.20599
-0.943298
-1.54459
-0.0103683
0.0528544
-0.115688
-0.144769
-0.025037
-0.603589
0.827299
1.37526
1.77641
0.21791
0.831743
-0.00344062
-1.60475
1.23609
-0.61644
-0.00880942
0.476933
0.558833
0.336255
0.339349
2.51163
-0.0727561
-0.208555
-0.00699312
0.00702797
0.0607687
-0.154124
-0.0177909
0.273038
0.17499
0.0888933
-0.184295
-1.23317
2.25162
-1.77355
0.452884
0.0699708
-0.404376
-0.177003
0.0883253
0.00973361
0.0961197
-0.863224
-0.939108
1.74154
-1.34968
-2.30267
-0.0012519
2.59027
-0.307569
0.0108892
-0.108791
-0.0146876
-0.218378
-0.342447
-0.0262738
-1.19953
2.20425
-2.94105
1.58879
1.65231
-0.00710851
0.128568
0.12703
-0.112992
-0.0490432
0.0258151
0.0563074
0.873124
0.0549069
0.0496302
0.925599
0.648481
0.101767
-0.115193
0.0482025
0.121225
0.191498
-0.0110105
0.0108904
0.0205568
1.33278
1.68976
2.44706
2.67104
-2.84549
0.0320795
-0.945646
-0.0652454
-0.218621
-0.356065
0.0929723
-0.126663
-0.070523
2.55411
2.18508
-0.0127308
-1.81555
0.132939
0.0155088
-0.0931418
-0.0874583
0.0598881
0.0698874
1.68185
-0.038456
2.51517
-0.107088
-0.229276
0.0953118
-0.0187302
0.0478118
0.103231
0.0671326
0.00467498
0.13906
-0.0378959
-1.21954
4.16167
2.13965
1.66292
4.17288
-0.810726
2.93024
0.335538
0.709234
0.85604
0.701267
0.988347
-2.17142
0.253357
2.67508
-1.83675
0.473713
-0.355204
-0.75173
0.520608
0.296066
0.688874
-0.094762
-0.767094
-0.972521
-1.21176
2.35235
0.0840198
-3.13063
2.10684
0.28748
-2.84323
0.267255
-1.37796
-0.801048
-0.0243505
0.0448071
-0.847838
2.48363
-0.425746
1.66682
0.742359
-1.20456
-0.531841
0.104698
0.808185
0.519901
-0.25431
0.216834
-0.225413
0.0011628
0.0462222
3.21588
-2.74494
1.79784
0.0122802
-0.167037
-0.343346
-0.134625
1.49198
-0.627307
-0.796675
-0.92852
0.0761552
-0.248899
0.347596
0.0553202
-0.209514
-1.45614
0.053757
0.346913
-0.023096
0.713188
-1.17704
-0.00114202
0.492782
-1.04748
1.92771
3.17152
-0.674491
-0.43234
-0.000378224
-0.648246
0.454805
-0.0157111
-0.384895
0.0157859
-0.248297
-2.01537
-0.481478
1.23002
-0.111009
-0.105124
0.378347
0.449531
1.58973
-0.923153
-1.38057
-0.297074
-0.964499
0.0609116
2.19967
-0.560735
-0.0283834
-0.664821
0.645598
-0.089831
0.00500476
0.263683
0.937608
-0.00112768
0.0513892
0.294754
-2.55339
-3.15623
-3.08623
-1.08972
0.0852729
0.132242
0.0866968
-0.0341515
0.354875
0.00154756
-0.0545419
-0.365647
-2.61587
2.91387
-2.4382
-0.141392
0.209816
0.0222235
-0.645343
0.401602
-0.0531514
1.31446
0.0430753
-0.00827596
0.292923
0.111723
0.103513
-2.14265
-0.0951504
-0.318906
-0.0113111
0.100042
-0.0848782
0.000734989
0.167622
-0.538062
-1.16718
2.1309
1.00324
2.67593
-0.155747
-0.17987
-0.325338
-0.0372298
0.524303
0.0105313
1.15837
-0.177106
0.534712
-1.31995
2.11548
-1.38956
-0.163398
2.54196
-0.887229
0.215067
0.384246
0.111398
-0.00227493
-0.0915907
-0.0346839
-1.64798
1.60872
2.70747
0.0745513
-0.420796
-0.0319142
0.301865
0.898032
-0.00537938
0.0930651
1.50578
1.39931
0.711285
2.48181
-2.9534
2.78695
-0.0996712
-0.441101
-0.0236734
0.875911
-0.00850314
0.0221787
0.470748
0.0967711
0.00312149
-0.265111
-1.69418
-1.31154
2.31661
-0.685407
0.25459
-0.965362
0.18326
0.0713004
-0.358607
0.0891446
0.147301
-0.243209
-0.294464
-0.611436
0.0305911
-0.0287483
0.200547
-0.205452
-0.00056042
0.108228
-1.24952
-0.387052
-0.0695526
-0.780442
2.02943
-2.20162
-0.0384631
-0.318489
0.0271733
0.159313
-0.00965345
0.00164183
-0.23836
0.115008
0.184667
-0.682652
1.87591
1.13221
-2.79438
-0.0250967
-0.0025114
0.364672
0.157378
0.0394647
-0.277561
-0.586266
0.0124952
2.33356
-0.0240012
-2.23812
2.60648
0.0305809
-1.08645
0.0786401
0.00146091
0.0287047
0.640596
0.520693
-0.53889
-0.263992
-2.1698
2.38854
-1.79134
1.57075
-0.167634
-1.01812
-0.00737703
-0.143207
0.609801
-0.020083
0.241436
1.46839
0.215343
-4.07612
1.89212
-0.762472
0.198183
1.17624
-0.0455578
0.00844539
-0.0179138
0.940745
0.0521064
0.03629
-0.423223
-2.95313
-0.0948844
-2.62775
1.16801
-0.495131
-0.000306321
0.0711547
-0.086047
0.285701
-0.012425
-0.105816
-0.0419113
-0.0274084
-0.0601596
2.56272
-1.60748
2.57504
0.00689967
-0.204908
0.0599206
0.0371094
0.0787348
0.0193234
-0.00717561
-0.21015
-0.0147153
2.98293
-1.71712
-0.801885
-0.00113321
0.00418503
0.0285915
-0.119142
-0.0151108
-0.0189974
4.11177e-05
0.0549306
-0.0509862
-2.08704
1.08741
0.0545431
-0.000489977
0.0543567
-0.124246
0.00485976
-0.0544283
0.00795174
-0.0937401
-0.0477116
0.0843482
-2.39671
-2.7711
-0.809125
0.0102037
-0.0541653
-0.151844
0.00232887
0.0613538
-0.0837332
-0.0682694
0.441106
0.0835994
-2.5123
-1.11377
-0.81676
1.59549
0.00402322
0.0308183
-0.345763
-0.0154441
0.0230357
0.366455
0.248559
0.154198
0.0218098
-1.7392
-0.267714
2.14086
0.0636558
-0.310951
-0.0507184
-0.136571
0.0844709
-0.191455
-0.346468
0.0175043
-0.0470282
-0.112908
0.524369
-2.78947
0.967221
-0.0513684
0.122036
0.107793
-0.141842
-0.0452786
0.0572571
0.0871655
-0.156717
-2.08479
0.114023
0.248864
0.0664255
0.0909013
-0.0984935
2.05963
0.141155
0.143095
-0.0701276
0.0245056
0.0258835
0.291597
-1.24513
-0.0011796
-1.23944
0.11859
0.161691
-0.0814422
-0.053024
-0.246722
-0.395408
0.273674
-0.233982
-0.117572
-2.12356
1.8437
0.0343237
0.151437
-0.590876
0.117599
-0.111868
-0.0495861
0.0186485
0.0156604
-0.279365
2.70678
-0.19866
1.37567
2.20104
0.115067
0.268797
0.0416611
0.1609
0.00908409
-0.0852973
-0.0521507
-0.021334
-0.616829
1.54935
0.113891
-1.29356
2.59356
2.86694
-0.362569
-0.278542
0.223763
0.389098
0.246005
0.794228
-0.0264309
-0.757233
1.58886
-1.98883
-2.35178
-2.36777
-0.86732
-0.358931
-0.0486239
0.692214
0.431754
0.439087
-2.59021
-1.48812
-1.30569
-1.43403
-0.0154099
0.739675
0.113922
-0.119223
-0.220041
-0.261264
0.339453
-0.0255861
0.285941
-0.0631336
-0.000478546
-2.37244
-1.05203
2.37996
0.138018
0.0368856
-0.0757519
0.0789319
-0.0942458
0.113621
0.105517
-0.0517904
-0.141882
1.50383
1.06489
-0.564216
0.00292076
-0.063348
-0.158511
0.259107
0.0483525
-0.0230461
-0.114298
1.58
-1.82208
0.00461485
-0.000376464
2.53372
0.880497
1.49438
2.66631
0.146751
0.139531
0.0296859
0.00528484
-0.324988
-0.000758195
0.0349568
-2.35137
-2.22381
-2.65022
-0.081953
-0.243889
-0.36154
0.136372
-0.10156
-0.123154
0.0313771
-0.0407769
-0.0541593
-1.10025
-2.73684
0.143806
1.03013
-0.0508867
-0.118155
0.133509
-0.343497
0.0331249
0.419668
-0.667421
1.0628
0.566621
-1.5468
-2.52745
-2.50305
0.0232181
-0.102526
-0.0468077
0.0179227
-0.236301
-0.426532
-0.00121684
0.0542754
-0.235426
2.1167
-0.430169
0.4164
0.15742
-0.663965
-0.269427
0.172503
-0.171335
0.0441911
-0.0217862
-1.31936
-0.541839
-2.57813
2.22658
2.19176
0.823347
-0.195819
0.170889
-0.982788
-0.0903835
0.399923
-0.103924
0.052848
-1.72568
0.734404
-0.687094
0.638142
-0.273725
-2.32923
-2.33034
0.0162873
-0.204085
-0.123455
-0.00189146
0.038108
-0.00679482
0.27982
-1.52937
1.50341
0.775881
-0.387269
0.155792
0.326172
-0.27783
0.215494
-0.0300693
-0.0224616
0.0338972
1.89683
1.01635
2.53752
-0.803397
-1.86193
-0.124107
-0.562285
0.0926141
0.371974
-0.136934
0.0667343
-0.00830583
0.0995506
0.037926
0.0574868
-0.343741
1.26302
-0.449809
-0.00706393
0.882785
-0.495162
-0.00241167
-0.0784397
0.0630213
-0.103216
0.992379
-0.737496
2.99516
3.49536
-0.391144
-0.77974
0.232008
0.386906
-0.0145093
0.255394
-0.269122
1.29158
-0.879582
0.0551273
0.796682
-0.164426
-1.70569
1.91958
-0.169323
-2.19631
-0.112581
0.0495826
0.0650488
-0.769248
-1.46757
-0.651706
2.54315
0.0927409
0.0314891
0.000372576
-0.0893951
0.03221
-0.0029456
0.12255
0.841101
-0.145434
1.7792
-0.867988
-1.53584
2.26107
0.221912
0.00399911
-0.137658
0.159854
0.00203096
-0.00493164
0.578262
-0.0706059
0.0841505
-2.12376
2.97059
2.54142
-0.573398
-0.277092
-0.156944
-0.652577
-0.00358848
0.0641221
0.222698
0.175108
3.21413
-0.111937
0.0261099
2.0237
-2.98049
-0.0117696
-0.535946
-1.28777
-0.00231166
0.0763395
-0.19766
-0.298208
1.76483
-0.612493
-2.06404
0.808817
-0.397539
-1.60466
0.0680108
-0.980364
0.0193526
0.224272
-0.320523
0.0101019
-0.133591
0.153476
0.140219
1.2546
2.32459
1.08373
-0.829933
-1.1067
-0.202709
0.032587
-0.000362442
-0.72486
0.0513492
-0.0429702
-0.713054
1.69891
2.77269
0.0103151
2.06733
0.553817
-0.00104489
0.0462899
-0.304342
0.00502492
-0.457722
0.381431
-0.110539
-0.0829973
-0.186171
0.159773
-1.87862
0.218041
-1.94326
-0.044008
-0.0279415
0.107829
0.118221
0.117104
-0.00549777
-0.458986
0.0517494
-1.96828
1.92487
1.13049
0.0453685
0.0399965
0.00620948
0.829383
0.0552258
0.10148
0.0688184
-0.324684
-0.184192
1.02569
-2.27935
-0.0935012
0.000933221
0.166595
-0.752937
1.11455
-1.2201
-0.0623022
0.0161663
-1.09278
-0.503312
3.87282
1.14746
-1.8785
1.08863
0.31397
0.077699
0.273559
0.462681
-0.0775851
0.119887
-1.8012
0.128125
-3.41522
0.690167
2.61364
-0.0837499
0.0560035
2.10048
0.8807
0.0868003
0.0631653
-0.22299
0.139393
-0.524208
0.756599
-0.0100057
0.163307
-0.00190296
1.33962
-0.150273
-0.484892
-0.146509
0.335497
-0.0491503
-0.265717
0.0249329
-2.28718
-2.54014
0.336861
-0.0397373
-0.0357772
-0.364779
0.0410468
0.0401222
0.0710809
0.0294331
0.119347
0.161942
-0.55157
2.00483
-0.46928
-1.86476
-0.0288744
-0.0451377
-0.0232897
0.0602063
0.136564
0.196774
-0.112337
-0.11402
0.0283556
0.147301
1.24983
1.53506
-0.271185
2.08307
0.0193304
-0.184539
0.0142533
-0.207287
-0.358987
0.0470636
-1.58714
-0.13301
1.50307
2.73428
1.30732
-0.0247542
0.129108
0.148916
-0.191698
-0.052587
-0.0189587
0.0671059
-0.0468771
0.138987
1.15123
1.17986
2.23957
0.0981517
-2.80113
0.0481744
0.203181
0.154273
-0.0307693
0.0713447
0.0200617
0.0600983
1.21837
-0.719361
1.83457
-0.604243
0.23836
-0.0289948
-0.306939
-0.192816
-0.430064
0.00254107
-0.214447
-0.0398039
0.905352
-0.0109361
0.748668
-0.149856
0.114513
0.212134
-0.249794
-0.0962771
-0.388125
0.0405513
0.412867
-0.225975
0.903088
-1.91066
2.84665
-0.16766
-1.44415
0.907533
0.048982
0.282176
0.318831
0.144003
-0.0228241
0.442165
0.497359
-0.000943472
-0.692484
0.463751
0.156081
0.60413
0.443048
-0.701134
0.29092
-0.729857
1.07264
0.09659
-0.323197
-0.874282
-2.16723
3.3068
-1.20809
0.0355814
-1.39833
0.0501914
0.326826
0.0418639
0.484043
-0.116196
-1.21255
1.09792
1.8954
0.744616
-0.278852
1.46928
-0.0256825
-2.56456
-0.141833
0.0278423
0.0233088
0.0818657
-0.301867
-0.00117531
2.56808
-0.223809
0.154744
-0.138921
-0.154946
-0.160231
-0.186707
-0.0858593
0.0350681
-0.13179
0.0254867
-0.0406548
2.7519
0.972276
-0.59879
-0.99418
-0.0518619
3.02808
-0.091596
0.031361
-0.0401787
0.0710374
0.637548
-0.0736757
0.52549
-0.803938
1.29123
1.7085
-0.857312
-0.0254314
-0.0380087
0.0807184
-0.00924533
-0.239793
-0.117021
-0.000125999
0.096615
-0.322633
-2.64581
0.0363942
0.082117
0.143694
-0.36837
-0.151347
0.198994
-0.0514783
-0.0567486
-2.36597
-0.504647
-0.0282419
1.82982
-0.538458
1.1184
0.121306
-0.205476
-0.0129497
0.0674505
0.0324834
0.0863762
0.0239111
2.89243
0.117754
-2.77772
1.10211
1.80927
0.509393
0.158952
-0.377924
-0.0044374
0.403435
0.271105
0.000735384
0.106492
-0.305066
-0.475188
-1.92822
2.38054
-0.0465982
0.303284
0.670055
-1.10513
0.274951
0.0718572
-1.77763
0.0123301
-3.1422
1.63342
0.199519
-0.141547
-2.84059
-0.333502
-0.50158
0.82528
0.390813
0.0711908
0.132046
-0.0140197
-0.268327
-0.652438
0.518678
-2.11371
3.44738
2.74526
0.640044
0.0349742
1.1388
-0.719024
-0.00141278
-0.0262652
-0.377916
0.626415
0.425196
-0.371607
-2.0269
-1.19268
0.308747
-1.75992
0.264363
0.374915
-0.0197099
0.0940849
0.319671
0.0282574
-0.145887
0.442919
1.91211
1.35285
0.0694599
1.34305
-0.341241
-1.14481
-0.355455
0.0310698
0.482563
-2.77543
2.9137
-2.61943
-1.51582
0.034488
2.02965
0.0392078
0.689521
-1.07909
-5.93904e-06
0.0113313
-0.726693
0.630676
0.542254
-0.898995
0.646523
0.184845
-0.779884
-1.23448
0.173371
-0.739474
-0.00331459
0.223108
0.0961513
0.175963
0.184322
-0.220543
-2.96245
2.64369
0.875134
1.20013
-0.819629
-0.992938
-0.331108
0.0524468
-0.0303718
-0.920706
-0.0223064
-1.47052
-1.94513
2.25222
2.78271
0.00966351
0.0031574
0.0570511
0.0352287
-0.146599
0.394743
-0.130988
0.0494479
0.609296
2.00356
0.0720127
-0.420635
0.144175
-0.0362718
0.0993158
0.0688115
-0.0884311
0.07149
-0.137769
-0.0803304
0.0457156
-0.0015004
-0.683667
2.77871
0.0200278
-0.0844335
-0.499228
-0.0693428
-0.0364554
0.0142967
0.149242
0.0539275
0.0672138
-0.0214176
-2.10675
-1.29403
-0.365842
-0.566692
-0.209728
-0.465105
1.5446
-2.89413
-2.34217
-0.275367
0.844254
2.20968
-3.01695
-4.46405
-0.422724
0.272749
-0.245527
-1.38237
-0.128352
-0.678151
-0.209553
-2.06669
0.307668
3.27852
-3.7326
-1.65333
-5.49967
-4.1864
-3.39732
-3.13304
-2.22147
-0.367536
-0.220803
1.77605
2.38007
0.892448
0.714806
-0.383314
1.53334
-1.70544
0.327105
-0.841934
0.0489689
0.0807987
-4.39521
0.00996238
-0.744635
-3.03182
-3.44551
-5.07215
-2.56186
5.80105
3.24144
-1.13402
-0.612742
0.0155088
-0.216647
-0.134224
1.6546
-0.577399
-0.0155626
-0.221786
-0.399432
-0.579374
-1.8541
-0.392289
0.0287365
-0.929148
1.40266
-0.350801
-1.67071
0.163725
-3.53226
-0.590726
-0.173441
-0.281393
-0.083473
0.72094
-0.974948
-0.561922
-0.119831
-0.520634
0.112249
-0.387309
0.862361
-0.355474
-1.30945
1.194
0.0159451
-0.40503
1.48061
-3.64657
-2.44365
3.84739
-0.70345
0.00737468
1.43563
0.0958188
-6.62151
-5.7232
-0.918468
4.11156
1.65089
0.527322
-0.00945232
-2.79472
-8.83414
-3.82541
4.11987
-2.29436
0.791916
1.38819
-0.929371
-1.06499
-0.386505
-0.655098
-0.204607
-0.383535
-1.33865
-1.52452
1.70015
1.06387
-1.07386
1.52241
-1.81896
-0.460491
0.964513
-0.51931
0.0121117
-0.240729
-1.22739
-0.15916
0.577645
-1.1758
2.04391
-1.38827
0.193997
-2.11316
3.68492
-2.96461
1.78493
5.90261
-0.29276
-3.96613
-1.63077
4.0284
-2.22676
-0.692305
0.592835
-0.479813
