[36, 16, 16, 4]
-0.150693
0.00226598
-1.03061
-0.426999
-0.410217
0.878573
-0.22373
0.803449
-0.316053
0.330527
0.906317
-0.0498911
0.85545
0.24993
0.34433
0.589814
-0.227086
-0.567369
-0.737893
0.839602
0.284185
0.542665
0.0252629
-0.351353
-0.562356
-0.0191301
0.93077
0.434326
0.566573
0.11543
0.463323
0.217508
0.212766
-0.0612995
-0.849216
-0.0602762
-0.543771
0.703761
-0.0395594
0.826455
-0.178949
0.333929
0.810354
-0.128807
0.613421
0.47494
0.484831
-0.0817056
-0.466544
-0.625458
-0.837544
0.00636938
0.12952
0.669424
-0.0190931
-0.0552644
-0.516669
0.0479531
0.902596
0.356931
0.716648
0.0588411
0.420955
-0.154257
0.389342
-0.0835534
-0.74441
0.749604
-0.375547
0.547271
0.0382188
0.454049
-0.267361
0.20293
0.838868
-0.000884336
0.489502
0.481391
0.537691
0.785032
-0.326226
-0.59829
-0.931924
-1.05668
0.569835
0.70307
-0.0191777
0.320604
-0.3967
0.115774
0.902439
0.182578
0.707585
0.138986
0.394286
0.0542898
0.339856
-0.151896
-0.737854
-1.60247
-0.893032
0.540495
0.017975
0.216768
-0.342616
0.194342
0.863363
0.0686076
0.498214
0.434545
0.490588
0.780043
-0.0563237
-0.658219
-0.93422
0.436336
1.34701
0.62108
-0.0444093
0.44491
-0.367361
0.0349637
1.11146
0.223099
0.45707
0.147213
0.445032
0.470144
-0.271111
-0.0756354
-0.803681
-1.60636
0.512052
0.706071
0.0249109
0.14541
-0.392186
0.313406
0.611167
0.0185103
0.861675
0.334298
0.354236
-0.84998
0.677494
-1.31058
-0.65456
0.529504
-0.0275469
0.164532
0.232488
0.290949
-0.291109
-0.197181
1.27595
0.209932
-0.218742
0.390482
0.79329
-1.42015
0.127014
-0.305027
-0.972847
0.294551
-0.125894
0.560429
0.289582
0.376715
-0.360691
0.181666
0.773485
-0.0849121
0.636583
0.419803
0.270312
0.110011
0.907341
-0.613346
-0.751788
-1.05232
-0.349025
0.353093
0.217437
0.533343
-0.236002
-0.0659565
0.948525
0.145533
0.249384
0.445284
0.672728
0.0906985
-0.168477
-0.770782
-0.841426
-0.200804
-0.184247
0.417567
0.371124
0.430214
-0.235524
0.0410418
0.900656
0.0108687
0.42308
0.484607
0.517677
1.20685
0.468101
-0.475253
-0.85711
0.149393
0.0828888
0.479126
0.156378
0.252315
-0.395862
0.021216
0.883243
0.0676039
0.329116
0.34761
0.468675
0.384431
0.304488
-0.808011
-0.603835
-1.03123
-0.0116798
0.237263
0.558698
0.554783
-0.0511202
-0.0781147
0.793603
0.168869
0.435473
0.70744
0.818341
-0.467726
0.212494
-0.891128
-1.17159
-0.564211
0.414041
0.486709
0.0755628
0.173966
-0.595083
-0.00532948
1.19198
-0.102607
0.129057
0.157455
0.182552
-0.292086
-0.32952
-0.496644
-0.317957
1.64992
0.952202
0.291301
0.665179
0.484479
0.0921667
-0.0731211
0.402634
0.264777
0.618157
0.840302
1.10025
-0.0423334
0.267389
-0.697542
-0.478363
0.566641
0.460133
0.380331
0.335953
0.273513
-0.201285
0.12749
0.616667
0.296923
0.663379
0.551266
0.701226
0.0888479
-0.289
-0.386643
-0.509657
-0.083188
0.0386025
0.382231
0.383295
0.163593
-0.182286
-0.0410379
0.583738
0.107076
0.614153
0.598444
0.908578
-0.0537228
-0.498578
-0.825359
-0.586193
0.624312
0.870976
0.468863
0.503275
0.353839
-0.116083
0.0185277
0.402385
0.274005
0.981228
0.564719
0.732247
-0.431971
0.541222
-0.170175
-0.264579
0.44369
1.09862
0.313133
0.174338
0.316323
-0.0769939
0.173374
0.772125
0.161321
0.152828
0.666041
1.00163
-0.554531
-0.29418
-0.680618
-0.592004
-0.300416
0.373499
0.43806
0.505389
0.372485
-0.261256
-0.0355292
0.364719
0.272909
1.32868
0.52196
0.703251
0.233525
-0.530827
-0.374267
-0.409397
-0.568132
-0.0192171
0.468913
0.249926
-0.00701047
0.105825
0.137506
0.640269
0.123262
0.0541681
0.690475
1.02375
-1.00364
0.343009
-0.553892
-0.474839
-0.363336
1.63833
0.362906
0.489443
0.637211
-0.397018
0.016692
0.333336
0.38092
1.88176
0.549275
0.650584
0.823759
-0.731719
-0.20315
-0.472718
-2.23332
0.29302
0.380112
0.362636
-0.373062
0.344457
0.00780713
0.616621
0.0463786
-0.548639
0.813239
1.15384
0.292754
-0.00262442
0.153148
-0.592281
0.84187
0.353398
1.0718
-0.375748
0.983792
-0.555074
0.594645
0.541672
0.264112
2.09532
0.216424
0.373239
-0.280381
-0.786067
-0.242932
-0.759345
0.399558
-0.445035
0.670877
0.216436
0.235745
-0.0669215
-0.0933028
0.483802
0.085989
0.864879
0.410277
0.913125
-0.179137
-0.0304013
-0.0808981
-0.536148
-0.367209
1.10898
0.77638
-0.104703
0.717349
-0.221952
0.551593
0.677905
0.128158
0.733007
0.484576
0.495928
-0.19237
-0.447716
-0.0724135
-0.820491
-0.974617
0.447422
0.741411
0.0241261
0.282942
-0.315497
0.00741463
0.569426
0.11288
1.36929
0.285354
0.699739
-0.306598
-0.256584
-0.153225
-0.589751
-0.744341
0.303776
0.752671
0.0165504
0.64978
-0.123862
0.418878
0.606571
0.0923731
0.622299
0.521294
0.592785
0.173313
-0.207457
-0.0212477
-0.880011
0.367718
-0.256246
0.794338
-0.124642
0.441126
-0.385497
0.154458
0.740829
0.102873
1.21232
0.234583
0.510644
0.971028
-0.535511
-0.266461
-0.501361
1.24643
0.0284312
0.792008
0.0622307
0.330718
-0.196129
0.301841
0.44529
0.208394
0.875929
0.433019
0.720928
-0.971528
2.43491
0.28477
-1.67796
-1.10495
1.74887
1.55077
2.54697
0.409281
-2.41666
2.034
0.172873
1.9554
0.855919
-2.60801
-2.03923
4.15916
-1.12904
1.4545
4.13034
0.198931
-0.890661
-2.70881
-3.94005
-0.873022
3.41351
-1.6351
-0.819333
0.919962
-1.75805
3.01179
2.37779
-4.69761
1.17788
0.686758
2.90269
0.145072
-1.67781
-2.00704
-0.959545
-1.36083
-0.935761
-0.714099
1.40274
2.9502
-1.80901
2.94439
-1.66903
1.74992
1.10502
-1.66479
-1.41219
-2.36595
1.20166
1.32778
-4.42624
1.11119
3.38084
2.33695
4.45958
-1.70564
-1.38907
-0.401239
0.0642463
1.04147
2.29605
1.73935
0.879636
0.0896883
0.858232
-1.58987
-1.06502
-0.119295
0.99699
0.897087
-0.246216
3.31917
-0.902525
-0.871706
0.338604
-0.78509
1.25375
0.557934
-0.279586
0.59069
1.13121
-0.366834
-1.59279
-1.14686
-0.202341
-0.961513
-0.189591
-0.11288
-0.963503
0.105939
-3.22003
-0.375144
2.24791
-0.249321
1.11743
-0.125241
-0.994146
0.465594
0.420878
2.00457
0.174142
0.218419
-0.3285
-0.260811
0.772498
1.03934
0.931597
0.153631
1.43536
3.02539
1.42702
0.176716
-0.876595
-0.830401
0.623749
1.08932
-0.098214
-1.36925
0.0575896
-2.82414
2.68523
1.41237
-1.83026
-0.576241
1.28208
-0.340499
-2.23049
0.305734
2.13762
0.181098
-0.638759
1.13236
0.409767
0.867063
0.581998
0.421553
-3.56251
0.763796
-2.46307
1.58888
-0.378041
0.390902
3.03056
2.93061
1.75332
0.351609
-0.535704
-2.33105
0.375563
1.35433
-0.270417
0.583689
-0.722883
-0.592223
2.57693
2.47353
0.528543
2.45333
4.1521
2.28913
2.36945
0.201547
-0.831275
2.68484
2.10481
0.897425
-0.122338
-2.14289
0.163788
-1.277
-0.151698
2.14375
1.51861
-0.294738
1.02541
2.4722
0.165115
3.29158
1.4483
-2.15151
-0.343724
0.6739
-0.457026
-0.943604
0.0972087
1.06164
1.44948
0.663502
-1.86811
-1.1932
0.36251
-0.0854606
0.900083
-0.852121
2.62072
2.22581
-1.12976
-0.548133
-0.302272
0.981126
1.50761
2.08158
1.21236
0.363187
2.53573
-4.80439
0.932897
0.234684
0.372672
0.297872
-3.29379
-5.28137
-3.21362
-2.7066
0.21542
-1.8781
-0.0518523
-1.57782
-0.691768
-0.569583
0.845146
-4.38733
0.0624557
0.196814
-0.130313
-2.28201
-1.24124
1.69417
-0.368227
1.44349
-1.2128
-0.210777
-0.651682
1.64785
2.49616
-0.264348
-1.39889
1.4301
2.26459
0.331491
-0.495527
-0.952599
2.81354
0.185248
0.320136
-3.97859
1.29182
-2.74384
2.80721
1.11644
-1.69513
-0.411996
-0.902931
-0.331903
-0.0475458
0.292235
-0.874054
2.59121
-1.79588
-0.175626
0.0591153
1.39579
-1.61845
1.35929
-0.263763
0.354692
0.560541
1.11248
1.33471
0.120067
-1.32063
0.321842
-1.82365
-0.779562
-0.952453
1.09439
2.16114
-2.06261
2.83182
-2.17541
-0.396229
1.38592
1.52456
0.732973
-4.70449
3.1655
-0.572073
0.371959
-0.882023
0.731718
1.46011
2.69598
2.5224
0.310475
-0.590161
0.228098
3.40877
-3.10463
1.961
0.328104
-2.96225
1.37842
-2.10949
0.345301
-0.580424
-0.746019
-0.0873279
1.35944
-0.189222
1.71146
1.23927
1.56637
-2.26496
-2.69017
-0.10983
-1.82428
-1.13844
-2.74452
-2.39191
2.40172
0.315926
-1.58618
0.85494
0.193712
1.10773
0.991183
-0.0682456
-0.106525
1.59936
0.0704439
0.430201
-2.07416
1.52617
0.555153
-0.255421
-1.10702
-0.285052
-0.6792
-1.28006
0.327238
0.734457
-1.2519
0.69006
-0.264843
-0.606208
-0.214904
-1.63438
2.08955
-5.49365
1.84728
-3.15545
2.67624
4.47723
-2.29907
2.98008
-0.0789311
0.0582665
3.99176
-2.27452
2.84434
-3.58496
-0.178463
-4.38931
-1.04564
-3.05646
-1.88813
-3.55551
-0.922711
-0.684226
-2.58998
-2.31428
-0.0230516
1.10802
-3.46732
-1.93738
-4.46491
6.35081
-9.59869
8.53415
-7.63931
-0.704074
2.27294
-1.8856
2.74346
-6.45102
1.44049
2.32479
-6.16835
2.04848
-5.7738
-7.48356
3.86884
-4.87703
3.59337
2.15328
-4.94486
3.5841
-6.69213
-2.1656
-1.9209
4.36768
-2.9101
4.52136
-1.43051
1.36569
1.44659
3.40684
-2.36105
-3.41547
-6.14527
-2.46089
-7.32659
-3.97057
-0.132862
-2.99057
0.0093973
