[293, 49, 49, 4]
0.0
0.0
0.0
0.0
0.0
0.0
0.0
0.0
0.0
0.0
0.0
0.0
0.0
0.0
0.0
0.0
0.0
0.0
0.0
0.0
0.0
0.0
0.0
0.0
0.0
0.0
0.0
0.0
0.0
0.0
0.0
0.0
0.0
0.0
0.0
0.0
0.0
0.0
0.0
0.0
0.0
0.0
0.0
0.0
0.0
0.0
0.0
0.0
0.0
0.0
0.0
0.0
0.0
0.0
0.0
0.0
-0.231108
0.0
0.0
0.0
0.0
0.0
0.0
0.0
0.0
0.0
0.0
0.0
0.0
0.0
0.0
0.0
0.0
0.0
0.0
0.0
0.0
0.0
0.0
0.0
0.0
0.0
0.0
0.0
0.0
0.0
0.0
0.0
0.0
0.0
0.0
0.0
0.0
0.0
0.0
0.0
0.0
0.0
0.0
0.0
0.0
0.0
0.0
0.0
0.0
0.0
0.0
0.0
0.0
-1.73626
0.0
0.0
0.0
0.0
0.0
0.0
0.0
0.0
0.0
0.0
0.0
0.0
0.0
0.0
0.0
0.0
0.0
0.0
0.0
0.0
0.0
0.0
0.0
0.0
0.0
0.0
0.0
0.0
0.0
0.0
0.0
0.0
0.0
0.0
0.0
0.0
0.0
0.0
0.0
0.0
0.0
0.0
0.0
0.0
0.0
0.0
0.0
0.0
0.0
0.0
0.0
0.0
0.0
0.0
0.0
0.0
0.0
0.0
0.0
0.0
0.0
0.0
0.0
0.0
0.0
0.0
0.0
-1.75913
0.0
0.0
0.0
0.0
0.0
-0.665632
0.0
0.0
0.0
0.0
0.0
0.0
0.0
0.0
0.0
0.0370836
0.0
0.0
0.0
0.0
0.0
0.0
0.0
0.0
0.0
-0.953846
0.0
0.0
0.0
0.0
0.0
0.0
0.0
0.0
0.0
0.0
0.0
0.0
0.0
0.0
0.0
0.0
0.0
0.0
0.0
0.0
0.0
0.0
0.0
0.571858
0.0
0.0
0.0
0.815629
0.0
0.0
0.0
0.0
0.0
0.0
0.0
0.0
0.0
0.0
0.0
0.0
0.0
0.0
0.0
0.0
0.0
0.0
0.0
0.0
0.0
0.0
0.0
0.0
0.0
0.0
0.0
0.0
0.0
0.0
0.0
0.0
0.0
0.0
0.0
-3.08902
0.0
0.0
0.0
0.0
0.0
0.0
0.0
0.0
0.0
0.0
0.0
0.0
0.0
-0.493807
0.0
0.0
0.0
0.0
0.0
0.0
0.0
0.0
0.0
0.0
0.0
0.0
0.0
0.0
-2.79267
0.0
0.0
0.0
0.0
0.0
0.0
0.0
0.0
0.0
0.0
0.0
0.0
0.0
0.0
0.0
0.0
0.0
0.0
0.0
0.0
0.0
0.0
0.0
0.0
0.0
0.0
0.0
0.0
0.0
0.0
0.0
0.210044
0.0
0.0
0.0
0.0
0.0
0.0
0.0
0.0
0.0
0.0
0.0
0.0
0.0
0.0
0.0
0.0
0.0
0.0
0.0
0.0
0.0
0.0
0.0
0.557265
0.0
0.0
0.0
0.0
0.0
0.0
0.0
0.0
0.0
0.0
0.0
0.0
0.0
0.0
-1.41313
0.0
0.0
0.0
0.0
0.0
-0.0925815
0.0
0.0
0.0
0.0
0.0
0.0
0.0
0.0
0.0
0.0
0.0
0.0
-0.352222
0.0
0.0
0.0
0.0
0.0
-0.00509628
0.0172696
0.143078
0.0977949
0.195205
0.0665462
-0.231427
0.181812
-0.198282
-0.00835365
0.232373
-0.177064
0.197696
-0.108141
-0.168396
-0.0391844
0.101843
0.129167
0.0448379
-0.112429
1.08048
0.0818774
0.375163
0.135303
0.0420738
-0.0174277
-0.678819
-0.0161748
-0.0964476
0.000714029
-0.0612956
0.257708
0.0304321
-0.181715
0.0986889
-0.20761
-0.078006
0.0172921
-0.037686
0.0399017
0.00730424
0.00454287
0.0821086
0.0972355
-0.339854
-0.000835909
-0.0256942
0.238034
0.253113
0.0
0.0
0.0
0.0
-1.11008
0.0
0.0
-0.137134
0.0
0.0
0.0
0.0
0.0
0.0
0.0
0.0
0.0
0.0
0.0
0.0
0.0
0.0
0.0
0.0
0.0
0.0
0.412211
0.0
0.0
0.0
0.0
0.0
0.0
0.0
-1.27063
0.0
0.0
0.0
0.0
0.449518
0.0
0.0
0.0
0.0
0.0
0.0
0.0
0.0
0.0
0.0
0.0
0.0
0.0
0.0
0.0
0.0
0.0
0.0
0.0
0.0
0.0
0.0
0.0
0.0
0.0
0.0
0.0
0.0
0.0
0.0
0.0
0.0
0.0
0.0
0.0
0.0
0.0
0.0
0.0
0.0
0.0
0.0
0.0
0.0
0.0
0.0
0.0
0.0
0.0
0.0
0.0
0.0
0.0
0.0
0.0
0.0
0.0
0.0
0.0
0.0
0.0
0.0
0.0
0.0
0.0
0.0
0.0
0.0
-0.178809
0.0
0.0
0.0
-0.0851113
0.0
0.0
0.0
0.0
0.0
0.0
0.0
0.0
0.0
0.0
0.0
0.0
0.0
0.0
0.0
0.0
0.0
0.0
0.0
0.0
0.0
0.0
0.0
0.0
0.0
-0.114124
0.0
0.0
-1.06803
0.0
0.0
0.0
0.0
0.0
-0.246207
0.0
0.0
0.0
0.0
0.0
0.0
0.0
0.0
0.0
0.0
0.0
0.0
0.0
0.0
0.0
0.0
0.0
0.0
0.0
0.0
0.0
0.0
-0.339332
0.0
0.0
0.0
0.0
0.0
0.0
0.0
0.0
0.0
0.0
0.0
0.0
0.0
0.0
0.0
0.0
0.0
0.0
0.0
0.0
0.0
0.0
0.0
-0.0405166
0.0
0.0
0.0
0.0
0.0
0.0
0.0
0.0
0.0
0.0
0.0
0.0
0.0
0.0
0.0
0.0
0.0
0.0
0.0
0.0
0.0
0.0
1.15309
0.0
0.0
0.0
0.0
0.0
0.0
0.0
0.0
0.0
0.0
0.0
0.0
0.0
0.0
0.0
0.0
0.0
0.0
0.0
0.0
0.0
0.0
0.0
0.0
0.0
0.0
0.0
0.0
0.0
0.0
0.0
0.0
0.0
0.0
0.0
0.0
0.0
0.0
0.0
0.0
0.0
0.0
0.35946
1.16462
0.0
0.0
0.0
0.0
0.0
0.0
0.0
0.0
0.0
0.0
0.0
0.0
0.0
0.0
0.0
0.0
0.0
0.0
0.0
0.0
0.0
0.0
0.0
0.0
0.0
0.0
0.0
0.0
0.0
0.0
0.0
1.80411
0.0
0.0
0.0
0.0
0.0
0.0
0.0
0.0
0.0
0.0
0.0
0.0
0.0
0.0
0.0
0.0
0.0
0.0
0.0
0.0
0.0
0.0
0.0
0.0
0.0
0.0
1.19393
0.0
0.0
0.0
0.0
0.0
0.0
0.0
1.50535
0.0
0.0
0.0
0.0
0.0
0.0
0.0
0.0
0.0
0.0
0.0
0.0
0.0
0.0
0.0
0.0
0.0
0.0
0.0
0.0
0.0
0.0
0.0
0.948716
0.0
0.0
0.0
0.0
0.0
0.0
0.0
0.0
0.0
0.0
0.0
0.0
0.0
0.0
0.0
0.0
0.0
1.10815
0.0
0.0
0.982813
0.0
0.0
0.0
0.0
0.0
0.0
0.0
0.0
0.0
0.0
0.0
0.0
0.0
0.0
0.0
0.0
0.0
0.0
0.0
0.0
0.0
0.0
0.0
0.0
1.57358
0.0
0.0
0.0
0.0
0.0
0.0
0.0
0.0
0.0
0.0
0.0
0.0
0.0
0.0
0.0
0.0
0.0
0.0
0.0
0.0
0.0
-0.550903
0.0
0.0
0.0
0.0
0.0
0.0
0.0
0.0
0.0
-0.575731
0.0
0.0
0.324639
0.0
0.391284
0.0
0.0
0.0
0.0
0.0
0.0
0.0
0.0
0.0
0.0
0.0
0.0
0.0
0.0
0.0
0.0
0.0
0.0
0.0
0.0
0.0
0.0
0.0
0.0
0.0
0.0
0.0
0.0
0.0
0.0
0.0
0.0
0.0
0.0
0.0
0.0
0.0
0.0
0.0
0.0
1.39751
0.0
0.0
0.0
0.0
0.0
0.0
0.0
0.0
0.0
0.0
0.0
0.0
0.0
0.0
0.0
0.0
0.0
0.0
0.0
0.0
0.0
0.0
0.0
0.0
0.0
0.0
0.0
0.0
0.0
0.0
0.0
0.0
0.0
0.0
0.0
0.0
0.0
0.0
0.0
0.0
-0.339701
0.0
0.0
0.0
0.0
0.0
0.0
0.0
0.0
0.0
0.0
0.0
0.0
0.0
0.0
0.0
0.0
0.0
0.0
0.0
0.0
0.0
0.0
0.0
0.0
0.0
0.0
0.0
0.0
0.625277
0.0
0.0
0.0
0.0
0.0
0.0
0.0
0.0
0.0
0.0
0.0
0.0
0.0
0.0
0.0
0.0
0.0
0.0
0.0
0.0
0.0
0.0
0.0
0.0
0.0
0.0
0.0
0.0
0.0
-0.345159
0.0
0.0
0.0
0.0
0.0
0.0
1.37839
0.0
0.0
0.0
0.0
0.0
0.0
0.0
0.0
0.0
0.0
0.0
0.0
0.0
0.0
0.0
0.0
0.0
0.0
0.0
0.0
0.0
0.0
0.0
0.0
0.0
0.0
0.0
0.0
0.0
0.0
0.0
0.0
0.0
0.0
0.0
0.0
0.0
0.0
0.0
0.0
0.0
0.0
0.0
0.0
0.0
0.0
0.0
0.0
0.0
0.0
0.0
0.0
0.0356544
0.0
0.0
0.0
0.0
0.0
0.0
0.0
0.0
0.0
0.0
0.0
0.0
0.0
0.689585
0.0
0.0
0.0
0.0
0.0
0.0
0.0
0.0
0.0
0.0
0.0
0.0
0.0
0.0
0.0
0.0
0.0
0.0
0.0
0.0
0.0
0.0
0.0
0.0
0.405917
0.0
0.0
0.0
0.0
0.0
0.0
0.0
0.766075
0.0
0.0
0.0
0.0
0.0
0.0
0.0
0.0
1.07459
0.0
0.0
0.0
1.33161
0.0
0.0
0.0
0.0
1.30384
0.0
0.0
0.0
0.0
0.0
0.0
0.0
0.0
0.0
0.0
0.0
0.0
0.0
0.0
0.0
0.0
0.0
0.0
0.0
0.0
0.0
0.0
0.0
0.0
0.0
0.0
0.0
0.0
-0.131238
0.0
0.168183
0.0
0.0
0.0
0.0
0.0
0.0
0.0
0.0
0.0
0.0
0.0
0.0
0.0
0.0
0.0
0.0
0.0
0.0
0.0
0.0
0.0
0.0
0.0
0.0
0.0
0.0
0.0
0.0
0.0
0.0
0.0
0.0
0.0
0.0
0.0
0.0
0.0
0.0
0.0
0.0
0.0
0.0
0.0
1.95724
0.0
0.0
0.0
0.0
0.0
0.0
0.0
0.0
0.0
0.0
0.0
0.0
0.0
-3.05156
0.0
0.438878
0.0
0.0
0.0
0.0
0.0
0.0
0.0
0.0
0.0
0.0
0.0
0.0
0.0
0.0
0.0
0.0
0.0
0.0
0.0
0.0
0.0
0.0
0.0
-0.669414
0.0
0.0
0.0
0.0
0.0
0.0
0.0
0.0
0.0
0.0
0.0
0.0
0.0
0.0
0.0
0.0
0.0
0.0
0.0
0.0
0.0
0.0
0.0
0.0
0.0
0.0
0.0
0.0
0.0
0.0
0.0
0.0
0.0
0.0
0.0
0.0
0.0
0.0
0.0
0.0
0.0
0.0
0.0
0.0
0.0
0.0
0.0
0.0
0.0
0.0
0.0
0.0
0.0
0.0
0.0
0.0
0.0
0.0
0.0
0.0
0.0
0.0
0.0
0.0
0.0
0.0
0.0
0.0
0.0
0.0
0.0
0.0
0.0
0.0
-1.63771
0.0
0.0
-1.30978
0.0
0.0
0.0
0.0
0.0
0.0
0.0
0.0
0.0
0.0
0.0
0.0
0.0
0.0
0.0
0.0
0.0
0.0
0.0
0.0
0.0
0.0
0.0
0.0
0.0
0.0
0.0
0.0
0.0
0.0
0.0
0.0
0.0154484
0.0
-0.877392
0.0
0.0
0.0
0.0
0.0
0.0
0.0
0.0
0.0
0.0
0.0
-0.159172
0.0
0.0
0.0
0.0
0.0
0.0
0.0
0.0
0.0
0.0
0.0
0.0
1.08805
0.0
-0.108181
0.0
0.0
0.0
0.0
0.0
0.0
0.0
0.0
0.0
0.0
-0.131224
0.0
0.0
-0.57433
0.0
0.0
0.0
-1.0994
0.0
0.0
0.0
0.0
0.0
0.0
0.0
0.0
0.0
0.0
0.694897
0.0
0.0
0.0
0.0
0.0
0.0
0.0
0.0
0.0
0.355904
0.0
0.0
1.48282
0.0
0.0
1.49808
0.0
0.0
-0.316
0.0
0.0
0.0
0.0
0.518414
0.186286
-0.744529
0.0
0.0
0.0
0.0
0.0
0.0
0.0
0.0
0.0
0.0
0.0
0.0
0.0
-0.0276278
0.0
0.0
0.0
0.0
0.0
0.0
0.0
0.0
0.0
0.0
0.0
0.0
0.0
0.0
0.0
0.0
0.0
0.0
0.0
0.0
0.0
0.0
0.0
0.0
0.0
0.0
0.0
0.0
0.0
0.0
0.0
0.0
0.0
0.0
0.0
0.0
0.0
0.0
0.0
0.0
0.0
0.0
0.0
0.0
0.0
0.0
0.0
0.0
0.0
0.0
0.0
1.04569
0.0
0.0
-0.663904
0.0
0.0
0.0
0.0
0.0
0.0
0.0
0.0
0.0
0.0
0.0
0.0
0.0
0.0
0.0
0.0
0.970015
0.0
0.0
0.0
0.0
0.0
0.0
0.0
0.0
0.0
0.0
0.0
0.0
0.0
0.0
0.0
0.0
0.0
0.0
0.0
0.0
0.0
0.0
0.0
0.0
0.0
0.0
0.0
0.0
0.0
0.0
0.0
0.0
0.0
0.0
0.0
0.0
0.0
0.0
0.0
0.0
0.0
0.0
0.0
0.249355
0.0
0.0
0.621056
0.0
0.0
0.0
0.0
0.0
0.0
0.0
0.0
0.0
0.0
0.0
0.0
0.0
0.0
0.0
0.0
0.0
0.0
0.0
0.0
0.0
0.0
0.0
0.0
0.0
0.0
0.0
0.0
0.0
0.0
0.870874
0.0
0.0
0.0
0.0
0.0
0.0
0.0
-0.807422
0.0
0.0
0.0
0.0
0.0
0.0
0.0
0.0
0.0
0.0
0.0
0.0
0.0
0.0
0.0
0.0
0.0
-0.304104
0.513678
0.0
0.0
0.0
0.0
0.0
0.528798
0.0
0.0
0.0
0.0
0.0
0.0
0.0
0.0
0.0
0.0
0.0
0.0
0.0
0.0
0.0
0.0
-0.971785
0.0
0.0
0.0
0.0
0.0
-0.570843
0.0
0.0
0.0
0.0
0.0
0.0
0.0
0.0
0.0
-0.230082
0.0
0.0
0.0
0.0
0.0
0.0
0.0121308
0.0
0.0
0.0
0.0
0.0
-0.281564
0.0
0.0
0.0
0.0
0.0
0.0
0.0
0.0
0.0
0.0
0.0
0.0
0.0
0.0
0.0
0.0
0.0
0.0
0.0
0.0
0.0
0.0
0.669304
0.0
0.0
0.0
0.0
0.0
0.0
0.0
0.0
0.0
0.0
0.0
0.0
0.0
0.0
0.0
0.0
0.0
-0.462766
0.0
0.0
0.0
0.0
0.0
0.0
0.0
0.0
0.169097
0.0
0.0
0.0
0.0
0.0
0.0
0.0
0.0
0.0
0.0
0.0
0.0
0.0
-1.72345
0.0
0.0
0.0
0.0
0.0728344
-0.0464914
-0.0238083
0.0197627
0.0191829
-0.0101794
0.184069
-0.143746
0.0173875
-0.0588788
0.106484
-0.0637146
-0.0529252
-0.015734
0.115076
0.00594036
0.0451139
0.27604
-0.0456606
0.0362504
0.352283
0.176026
0.185667
-0.0875231
0.0131949
-0.24514
-0.0720838
-1.28209
-0.0596271
-0.0396371
0.382959
0.140703
0.00224224
-0.0348217
-0.272557
0.0401295
-0.0831801
0.0290865
0.0181882
-0.124626
0.00111748
-0.093218
-0.0150304
-0.183356
-0.237458
-0.102812
-0.100645
0.286087
0.0337036
-0.227523
0.0
0.0
0.0
0.0
0.0
0.0
0.0
0.0
0.0
0.0
0.601817
0.0
0.0
0.0
0.0
0.0
0.0
0.0
0.0
0.0
0.0
0.0
0.0
0.0
0.0
0.0
0.0
0.0
0.0
0.0
0.0
0.0
0.0
0.0
0.0
0.0
0.0
0.0
0.0
0.0
0.0
0.0
0.0
0.0
0.0
0.0
0.0
0.0
0.0
0.0
-0.625003
0.0
0.0
0.0
0.0
0.0
0.0
0.0
0.0
0.0
0.0
0.0
0.0
0.0
0.0
0.0
-0.648105
0.0
0.0
0.0
0.0
0.0
0.0
0.0
0.0
0.0
0.0
0.0
0.0
0.0
0.0
0.0
0.0
0.0
0.0
0.0
0.0
0.0
0.0
0.0
0.0
0.0
0.0
0.631118
0.0
0.0
-0.538613
0.0
0.0
0.0
0.0
0.0
0.0
0.0
0.0
0.0
0.0
0.0
0.0
0.0
0.0
0.0
0.0
0.0
0.0
0.0
0.0
0.0
0.0
0.0
0.0
0.0
0.0
0.0
0.0
0.0
0.0
0.0
0.0
0.0
0.0
0.0
0.0
0.0
0.0
0.0
0.0
0.0
0.0
0.0
0.0
0.0
0.0
0.0
0.0
0.0
0.0
0.0
0.0
0.0
0.0
0.0
0.0
0.0
0.0
0.0
0.0
0.0
0.0
0.0
0.0
0.0
0.0
0.0
0.0
0.0
0.0
0.0
0.0
0.0
0.0
0.0
0.0
0.0
0.0
0.0
0.0
0.0
0.0
0.0
0.0
0.0
0.0
0.0
0.0
0.0
0.0
0.0
0.0
0.0
0.0
0.0
0.0
-0.0839822
0.0
0.0
0.0
0.0
0.0
0.0
0.0
0.0
0.0
0.0
0.0
0.0
0.0
0.0
0.0
0.0
0.0
0.0
0.0
0.0
0.0
0.0
0.0
0.0
0.0
0.0
0.0
0.0
0.0
0.0
0.0
-0.823221
0.0
0.0
0.0
0.0
0.0
0.0
0.0
0.0
0.0
0.0
0.0
0.0
0.0
0.0
0.0
-0.232476
0.0
0.0
0.0
0.0
0.0
1.08136
0.0
0.0
0.0
0.0
0.0
0.0
0.0
0.0
0.0
-1.03339
0.0
0.0
0.0
0.0
0.0
0.0
0.0
0.0
0.0
0.0
0.0
0.0
0.0
0.0
0.0
0.0
0.0
0.0
0.0
0.0
0.0
0.0
0.0
0.0
0.0
0.0
0.0
0.0
0.0
0.377312
0.0
0.0
0.0
0.0
0.0
0.0
0.0
0.0
0.0
0.0
0.0
0.0
0.0
0.0
0.143905
0.385213
0.0
0.0
0.0
0.0
0.0
0.0
0.0
0.0
0.0
0.0
0.0
0.0
0.0
0.0
0.0
0.0
0.0
0.0
0.0
0.0
0.0
0.0
0.0
0.0
0.0
0.0
0.0
0.0
0.0
0.0
0.37753
0.0
0.0
0.0
0.0
0.0
0.0
0.0
0.0
0.0
0.0
0.0
0.0
0.0
0.0
0.0
0.0
0.0
0.0
0.0
0.0
0.0
0.0
0.0
0.0
0.0
0.0
0.0
0.0
1.3581
0.0
0.0
0.0
0.0
0.0
0.0
0.0
0.0
0.0
0.0
0.0
0.0
0.0
0.0
0.0
0.0
0.0
0.0
0.0
0.0
0.0
0.0
0.0
0.0
0.0
0.0
0.0
-0.593469
0.0
0.0
0.0
0.0
0.0
-0.435366
0.0
0.0
0.0
0.0
0.0
0.0
0.0
0.0
0.0
0.0
0.0
0.0
0.0
0.0
0.0
0.0
0.0
-1.04497
0.0
0.0
0.0
0.0
0.0
0.0
0.0
0.0
0.0
0.0
0.0
0.0
-0.273572
0.0
0.0
0.0
0.0
0.0
0.0
0.0
0.0
0.0
0.0
0.0
0.0
0.0
0.0
0.0
0.0
0.0
0.0
0.0
0.0
0.0
0.0
0.0
0.0
0.0
0.0
0.0
0.0
0.0
0.0
0.0
0.0
0.0
0.0
0.0
0.0
0.0
0.0
0.0
0.0
-0.510439
0.0
0.0
0.0
0.0
0.0
0.0
0.0
0.0
0.0
1.64312
0.0
0.0
0.0
0.0
0.0
0.0
0.0
0.0
0.0
0.0
0.0
0.0
0.0
0.0
0.0
0.0
0.0
0.0
0.0
0.0
0.0
0.0
0.0
0.0
0.0
0.0
0.0
0.0
0.0
0.0
0.0
0.0
0.0
0.0
0.0
0.0
0.0
0.0
0.0
0.0
0.0
0.0
0.0
0.0
0.0
0.0
0.0
0.0
-1.36455
0.0
0.0
0.0
0.0
0.0
0.0
0.0
0.0
0.0
-0.00368564
-0.437241
0.187671
-0.203858
0.238595
-0.134194
-0.0148915
0.0550531
-0.0842606
-0.100498
0.125987
0.205814
0.245256
-0.189963
0.108339
-0.137945
-0.0693753
-0.0551647
0.003842
-0.288173
2.212
0.128128
-0.0652899
-0.0610829
0.0424676
0.381443
-0.0770029
-0.0622439
-0.0281044
0.502282
-0.437628
0.191826
0.0581226
-0.124016
0.145639
0.120682
-0.0974666
-0.258344
-0.237743
-0.0769964
0.0516103
-0.838418
-0.0532917
0.000913765
0.380767
-0.0925107
0.100909
-0.115085
-0.00940068
0.0
0.0
0.0
0.0
0.0
0.0
0.0
0.0
0.0
0.0
0.0
0.0
0.0
0.0
0.0
0.0
0.0
0.0
0.0
0.0
0.0
0.0
0.0
0.0
0.0
0.0
0.0
0.0
0.0
-0.459045
0.0
0.0
0.0
0.0
0.0
0.0
0.0
0.0
0.0
0.0
0.0
0.0
0.0
0.0
0.0
0.0
0.0
0.0
0.0
0.0
0.0
0.0
0.0
0.0
0.0
0.0
0.0
0.0
0.0
0.0
0.0
2.19101
0.0
0.0
0.0
0.0
0.0
0.0
0.0
0.456539
0.0
0.0
0.0
0.0
0.0
0.898802
0.0
0.0
0.0
0.0
0.0
0.534403
0.0
0.0
0.0
0.0
0.0
0.0
0.0
-0.401588
0.0
-1.09454
0.0
0.0
0.0
0.0
0.0
0.0
0.0
0.0
0.0
0.0
-0.140597
0.0
0.0
0.0
0.0
0.0
0.0
0.0
0.0
0.0
0.0
0.0
0.0
0.0
0.408554
0.0
0.0
0.0
0.0
0.0
0.0
0.0
0.0
0.0
0.0
0.0
0.0
0.0
-1.34373
0.0
0.0
0.0
0.0
0.0
0.0
0.0
0.0
-0.488675
0.0
0.0
0.0
0.0
0.0
0.0
0.0
0.0
0.0
0.0
0.0
1.30996
0.0
0.0
0.0
0.0862582
0.0
0.0
0.0
0.0
0.0
0.0
0.0
0.0
0.0
0.0
0.0
0.0
0.0
0.0
0.0
0.0
0.0
0.0
0.0
0.0
0.0
0.0
0.0
0.0
0.0
0.0
0.0
0.0
0.0
0.0
0.0
0.0
0.0
0.0
0.0
0.0
0.0
0.0
0.0
0.0
0.0
0.0
0.0
0.0
0.0
0.0
0.0
1.26374
0.0
0.0
0.0
0.0
0.0
0.0
0.0
0.0
0.0
0.0
0.0
0.0
0.0
0.0
0.0
0.0
0.0
1.49629
1.3023
0.0
0.0
0.0
0.0
0.0
0.0
0.0
0.0
0.0
0.0
0.0
0.741825
0.0
0.0
0.0
-0.0198355
0.0
0.0
0.0
0.0
0.0
0.0
0.0
0.0
0.0
0.0
0.0
0.0
0.0
0.0
0.0
1.33011
0.0
0.0
0.0
0.0
0.0
0.0
0.0
0.0
0.0
0.0
0.0
0.0
0.0
0.0
0.0
0.0
0.0
0.0
0.0
0.0
0.0
0.0
0.0
0.0
0.0
1.33591
0.0
0.0
0.0
0.0
0.0
0.0
0.0
0.0
0.0
0.0
-0.717697
0.0
0.0
0.0
0.0
0.0
0.0
0.0
0.0
0.0
0.0
0.0
0.0
0.0
0.0
0.0
0.0
0.0
0.0
0.0
0.0
0.719959
0.0
0.0
0.0
0.0
0.0
0.0
0.0
0.0
0.0
0.0
0.0
0.0
0.0
0.0
0.0
0.0
0.0
0.0
0.0
0.0
0.0
0.0
0.0
0.0
0.0
0.0
0.0
0.0
0.0
0.0
0.0
0.0
0.0
0.0
0.0
0.0
0.0
0.0
-0.868916
0.0
0.0
0.0
0.0
0.0
0.0
-0.154852
0.0
0.0
0.0
0.0
0.0
0.0
0.0
0.0
0.0
0.0
0.0
0.0
0.0
0.0
0.0
0.0
0.0
0.0
0.0
0.0
0.0
0.0
0.0
0.0
0.0
0.0
0.0
-0.465054
0.0
0.0
0.0
0.0
0.0
0.0
0.0
0.0
-1.40464
0.0
0.591805
0.0
0.0
0.0
0.0
0.0
0.0
0.0
0.0
0.0
0.0
0.0
0.704788
0.0
0.0
0.0
0.0
0.0
0.0
0.0
0.0
0.0
0.0
0.0
0.0
0.0
0.0
0.0
0.0
0.0
0.0
0.0
0.0
0.0
0.0
0.0
0.0
0.0
0.0
0.0
0.0
0.0
0.0
0.0
0.0
0.0
0.0
0.0
0.0
0.0
0.0
0.0
0.0
0.0
0.0
0.0
0.0
0.0
0.0
0.0
0.0
0.0
0.0
-1.35961
0.0
0.0
0.0
0.0
0.0
0.0
0.0
0.0
0.0
0.0
0.0
0.0
0.0
0.0
0.0
0.0
0.0
0.0
0.0
0.0
0.0
0.0
0.0
0.0
0.0
0.0
0.0
0.0
0.0
0.0
0.0
-1.84306
0.0
0.0
0.0
0.0
0.0
0.0
0.0
-0.95811
0.0
-1.22476
0.0
0.0
0.0
0.0
0.0
0.80422
0.0
0.0
0.0
0.0
0.0
0.0
-0.998936
0.0
0.0
0.0
0.0
0.0
0.0
0.0
0.0
0.0
0.0
0.0
0.0
0.0
0.0
0.0
0.0
0.0
0.0
0.0
0.0
0.0
0.340059
0.0
0.0
0.0
0.0
0.0
0.0
0.0
0.0
0.0
0.0
0.0
0.0
0.0
0.0
0.0
0.0
0.0
0.0
0.0
0.0
0.0
0.0
0.0
0.0
0.0
0.0
0.0
0.0
0.0
-0.0994061
0.0
0.0
0.0
0.0
0.0
0.24996
0.675122
0.0
0.0
0.0
0.0
0.0
0.0
0.342849
0.0
0.0
0.0
0.0
-1.34291
0.0
0.0
0.0
0.0
0.0
0.0
0.0
0.0
0.0
0.0
0.0
0.0
0.0
0.0
0.0
0.0
0.0
0.0
0.0
0.0
0.0
0.0
0.0
0.0
0.0
0.0
0.0
0.0
0.0
0.0
0.0
0.0
1.36226
0.0
0.0
0.0
0.0
0.0
0.0
0.0
0.0
0.0
0.0
0.0
0.0
0.0
0.0
0.634397
-0.732152
0.0
0.0
0.0
0.0
0.0
0.0
-0.848187
1.34153
0.0
0.0
0.0
0.0
0.0
0.0
0.0
0.0
0.0
0.0
0.0
0.0
0.0
0.0
0.0
0.0
0.0
0.0
0.0
0.0
0.0
0.0
0.0
0.0
0.0
0.0
0.0
0.0
0.0
0.0
0.0
0.0
0.0
0.0
0.0
1.02693
0.0
0.0
0.0
0.0
0.0
0.0
0.0
0.0
0.0
0.529213
0.0
0.0
0.0
0.0
0.0
0.0
0.0
-0.555405
0.0
0.0
-0.19904
0.0
0.88504
1.41352
0.0
0.0
0.0
0.0
0.0
0.0
0.0
0.0
0.0
0.0
0.0
0.0
0.0
0.0
0.0
0.0
0.0
0.0
0.0
0.0
0.0
0.0
0.0
0.0
0.0
0.0
0.0
0.0
0.0
0.0
0.0
0.0
0.0
0.0
0.0
0.0
0.0
-1.69079
0.0
0.0
0.0
0.0
0.0
0.0
0.0
0.0
0.0
0.0
0.0
0.0
0.0
0.0
0.0
0.0
-1.11585
0.0
0.0
0.0
0.0
0.0
0.0
0.0
0.0
0.0
0.0
0.0
0.0
0.0
0.0
0.0
0.0
0.0
0.0
0.0
0.0
0.0
0.0
0.0
0.0
0.0
0.0
0.0
0.0
0.0
0.0
0.0
0.0
0.0
0.0
0.0
0.0
0.0
0.0
0.0
0.0
0.0
0.0
0.0
0.0
0.0
0.0
0.0
0.0
0.0
0.0
0.0
0.0
0.0
0.0
0.0
0.0
0.0
0.0
0.0
0.0
0.0
0.0
0.0
0.0
0.0
0.0
0.0
0.0
0.0
0.0
0.0
0.0
0.0
0.0
0.0
0.0
0.0
0.0
0.0
0.0
0.0
0.0
0.0
0.0
0.0
0.0
0.0
0.0
0.0
0.0
0.0
0.0
0.0
0.0
0.0
0.0
0.0
0.0
0.0
0.0
0.0
0.0
0.0
0.0
0.0
0.0
0.0
0.0
0.0
0.0
0.0
0.0
0.0
0.0
-0.550673
0.0
0.0
0.0
0.0
0.0
0.0
0.0
0.0
0.0
0.0
0.0
0.0
0.0
0.0
0.0
0.037242
0.0
0.0
0.0
0.0
0.0
0.0
0.0
0.0
0.0
0.0
0.0
0.0
0.0
0.0
0.0
0.0
0.0
0.0
0.0
0.0
0.0
0.0
0.0
0.0
0.0
1.5028
0.0
0.0
0.0
0.0
0.0
0.0
0.0
0.0
0.0
0.0
0.0
0.0
0.0
0.0
0.0
0.0
0.0
0.0
0.0
0.0
0.0
0.0
0.0
0.0
0.0
0.0
0.0
0.0
0.0
0.0
0.0
-2.01223
0.0
0.0
0.0
0.0
0.0
0.0
0.0
0.0
-0.789232
-0.199471
0.0
0.0
0.0
0.0
0.0
0.0
0.0
0.0
0.0
0.0
0.0
0.0
0.0
0.0
0.0
0.0
0.0
0.0
0.0
0.0
0.0
0.0
-1.07161
0.881958
0.0
0.0
0.0
0.0
0.0
0.0
0.0
0.0
0.0
0.0
0.0
0.0
0.0
0.0
0.0
0.0
0.0
0.0
0.0
0.0
0.0
0.0
0.0
0.0
0.794879
0.0
0.0
0.0
0.0
0.0
0.0
0.0
0.0
0.0
0.0
-0.800991
0.0
0.0
0.0
0.0
0.0
0.0
0.0
0.0
0.0
-1.88108
0.0
0.0
0.0
0.0
0.0
0.0
0.0
0.0
0.0
0.0
0.0
0.0
0.0
0.0
0.0
0.0
0.0
0.0
0.0
0.0
0.0
0.0
0.0
0.0
0.0
0.0
0.0
0.0
0.0
0.0
0.0
0.0
0.0
0.0
0.0
0.0
0.0
0.0
0.0
0.0
0.0
0.0
0.0
0.0
0.0
0.0
0.0
0.0
0.0
0.0
0.0
0.0
0.0
0.0
0.0
0.0
0.0
0.0
0.0
0.0
0.0
0.0
0.0
0.0
0.0
0.0
0.0
0.0
0.0
0.0
0.0
0.0
0.0
0.0
0.0
0.0
0.0
0.0
0.0
0.0
0.0
0.0
0.0
0.0
0.0
0.0
0.0
0.0
0.0
0.0
0.0
0.0
0.0
0.0
0.0
0.0
0.362486
0.0
0.0
0.0
0.0
0.0
-0.154588
0.0
0.0
0.0
0.538673
0.0
0.0
0.0
0.0
0.0
0.0
0.0
0.0
0.0
1.38042
0.0
0.0
0.0
0.0
0.0
0.0
0.0
0.0
0.0
0.0
0.0
0.0
0.0
0.0
0.0
0.0
0.0
0.0
0.0
0.0
0.0
0.0
0.0
0.0
0.0
0.0
0.0
0.0
0.0
0.0
0.0
0.0
0.0
0.0
0.0
0.0
0.0
0.0
0.0
0.0
0.0
0.0
0.0
0.0
0.0
0.0
1.6275
0.0
0.0
0.0
0.0
0.0
0.0
0.0
0.0
0.0
0.0
0.0
0.0
0.0
0.0
0.0
0.0
0.0
0.0
0.0
0.0
0.0
0.0
0.0
0.0
0.0
0.0
0.0
0.0
0.0
0.0
0.0
0.0
0.0
0.0
0.0
0.0
1.25009
1.32807
0.0
0.0
0.0
0.0
0.0
0.0
0.0
0.0
0.0
0.0
0.0
0.0
0.0
0.0
0.0
0.0
0.0
0.0
0.0
0.0
0.0
0.0
0.0
0.0
0.0
0.0
0.0
0.0
0.0
0.0
0.0
0.0
0.0
0.0
0.0
0.0
0.0
0.0
0.0
0.0
0.0
0.0
0.0
0.0
0.0
0.0
0.0
0.0
0.0
0.0
0.0
0.0
0.0
0.0
0.0
-1.67273
0.0
0.0
0.0
0.0
0.0
0.0
0.0
0.0
0.0
0.0
0.0
0.0
0.0
0.0
0.0
0.0
0.0
0.0
0.0
0.0
0.0
0.0
0.0
0.0
0.0
0.0
0.0
0.0
0.0
0.0
0.0
0.0
0.0
0.0
0.0
0.0
0.0
0.0
0.0
0.0
0.0
0.0
0.483833
0.0
-1.15258
0.0
0.0
0.0
0.0
0.0
0.0
0.0
0.0
0.0
0.0
0.0
0.0
0.0
0.0
0.0
0.0
0.0
0.0
0.0
0.0
0.0
0.0
0.0
0.0
0.0
0.0
0.0
0.0
0.0
0.0
0.0
0.0
0.0
0.0
0.0
0.0
-1.0398
0.0
0.0
0.0
0.0
0.0
0.0
0.506094
0.0
0.0
0.0
0.0
0.0
0.0
0.0
0.0
0.0
0.0
0.0
0.0
0.0
0.0
0.0
0.0
0.0
0.0
-0.830915
0.0
-0.850031
0.0
0.0
0.0
0.0
0.0
0.0
0.0
0.0
0.0
0.0
0.0
0.0
0.0
0.0
0.0
0.0
-0.105995
0.0
0.0
0.0
0.0
0.0
0.0
0.0
0.0
0.0
0.0
0.0
0.0
0.0
0.0
0.0
0.0
0.0
0.0
0.0
-0.270666
0.0
-0.093929
0.0
0.0
0.0
0.0
0.0
-1.29104
0.0
0.0
0.0
0.0
0.0
0.0
0.0
0.0
0.0
0.0
0.0
0.0
0.0
-0.634483
0.0
0.0
0.0
0.0
0.174445
0.0
0.0
0.0
0.0
0.0
-0.827937
0.350611
0.0
0.0
0.0
0.0
0.0
0.0
0.0
0.0
0.329916
0.0
0.0
0.0
0.0
0.0
0.0
0.0
0.0
0.0
0.0
0.0
0.0
0.0
0.0
0.0
0.0
0.0
0.0
0.0
0.0
0.0
0.0
0.0
0.0
0.0
0.0
0.0
-0.511994
0.0
0.0
0.0
0.0
0.0
0.0
0.0
0.0
0.0
0.0
0.0
0.0
0.0
0.0
0.0
0.0
0.47157
0.0
0.0
0.0
0.0
0.0
0.0
0.0
0.0
0.0
0.0
0.0
0.0
0.0
0.0
0.0
0.0
0.0
0.0
0.0
0.0
1.26614
0.0
0.0
0.0
0.0
-1.02176
0.303935
0.0
0.0
0.0
0.0
0.0
0.0
0.0
0.0
0.0
0.0
0.0
-0.794035
0.0
0.0
0.0
0.0
0.0
0.0
0.0
0.931923
0.0
0.0
0.0
0.0
0.0
0.0
0.0
0.0
0.0
1.05565
0.0
0.0
0.0
0.0
0.0
0.0
0.0
0.0
0.0
0.0
0.0
0.0
0.0
0.0
0.0
0.0
0.0
0.0
0.0
0.0
0.0
0.0
0.0
0.0
0.0
0.0
0.0
0.0
0.0
0.0
0.0
0.0
0.0
0.708133
0.0
0.0
0.0
0.0
0.0
-0.180502
0.0
0.0
0.0
0.0
0.0
0.0
0.0
0.0
0.0
0.0
0.0
0.0
0.0
0.0
0.0
0.0
0.0
0.0
0.0
0.0
0.0
0.0
0.0
0.0
0.0
0.0
0.0
0.0
0.0
0.0
0.0
0.0
0.0
0.0
0.0
0.0
0.0
1.07514
0.0
0.0
0.0
0.0
0.0
0.0
0.0
0.0
0.0
0.0
0.0
0.0
0.0
0.0
0.0
0.0
0.0
0.0
0.0
0.0
0.0
0.0
0.0
0.0
0.0
0.0
0.0
0.0
0.0
0.0
0.0
0.0
0.0
0.0
0.0
0.0
0.0
0.0
0.0
0.0
0.0
0.0
0.0
0.0
0.0
0.0
0.0
0.0
0.0
0.0
0.0
0.0
0.0
0.0
0.0
0.0
0.0
0.0
0.0
0.0
0.0
0.0
0.0
0.0
0.0
0.0
0.0
0.0
0.0
0.0
0.0
0.0
0.0
0.0
0.0
0.0
0.0
0.0
0.0
0.0
0.0
0.0
0.0
0.0
0.0
0.0
0.0
0.0
0.0
0.0
0.0
0.0
-0.145161
0.0
0.0
0.0
0.0
0.0
0.0
0.0
0.0
0.0
0.0
0.0547542
0.0
0.0
0.0
0.0
0.0
0.0
0.0
0.0
0.0
0.0
-0.774935
0.0
0.0
0.0
0.0
0.0
0.0
0.0
0.0
0.0
0.0
0.0
0.0
0.0
0.0
0.0
0.0
0.0
0.0
0.0
0.0
0.0
0.0
0.0
0.0
0.0
0.0
0.0
0.0
0.0
0.0
0.0
0.0
0.0
0.0
0.0
0.0
0.0
-0.591756
0.0
0.0
0.0
0.0
-0.0583084
0.0
0.0
0.0
0.0
0.0
0.0
0.0
0.0
0.0
0.0
0.0
0.0
0.0
0.0
0.0
0.0
0.0
0.0
0.0
-0.0888456
0.0
0.0
0.0
0.0
0.0
0.0
0.0
0.0
0.0
0.0
0.0
0.0
0.0
0.0
0.0
0.0
0.0
0.0
0.0
0.0
0.0
0.0
0.0
0.0
0.0
0.0
0.0
0.0
0.0
0.0
0.0
0.0
0.0
0.0
0.0
0.0
0.0
0.0
0.0
0.86902
0.0
0.0
0.0
0.0
0.0
0.0
0.0
0.0
0.0
0.0
0.0
0.0
0.0
0.0
0.0
0.0
-1.99286
0.0
0.0
-1.34373
0.0
0.0
0.0
0.0
0.0
0.0
0.0
0.794037
0.0
0.0
0.0
0.0
0.0
0.0
0.0
0.0
0.0
0.0
0.0
0.0
0.0
0.0
0.0
0.0
0.0
0.0
0.0
0.0
0.0
0.0
0.0
0.0
0.0
0.0
0.0
0.0
0.0
0.0
0.0
0.0
0.0
0.0
0.0
0.0
0.0
0.0
0.0
0.480785
0.0
0.0
0.0
0.0
0.0
0.0
0.0
0.0
0.0
0.0
0.0
0.0
-1.97105
-0.217961
0.0
0.0
0.0
0.0
0.0
0.0
0.0
0.0
0.0
0.0
0.0
0.0
0.0
0.0
0.0
0.0
0.0
0.0
0.0
0.0
0.0
0.0
0.0
0.0
0.0
0.0
0.0
0.0
0.0
0.0
0.0
-0.406879
0.0
0.0
0.0
0.0
0.0
0.0
0.0
0.0
0.0
0.0
0.0
0.0
0.0
0.0
0.0
0.0
0.0
0.0
0.0
0.0
0.0
0.0
0.0
0.0
0.0
0.0
0.0
0.0
0.0
0.0
0.0
0.0
0.0
0.0
0.0
0.0
0.0
0.0
0.0
1.27718
0.0
0.0
-0.507541
0.0
0.0
0.0
0.0
0.0
0.0
0.0
0.0
0.0
0.0
0.0
0.0
0.0
0.0
0.0
0.0
0.0
0.0
0.0
0.0
0.0
0.0
0.0
0.0
0.0
0.0
0.0
0.0
0.0
0.0
-0.657746
0.0
0.0
-0.231189
0.0
-1.00838
0.0
0.0
0.0
0.0
0.0
0.0
0.0
0.0
0.0
0.0
0.0
0.0
0.0
0.0
0.0
0.0
0.0
0.0
0.0
0.0
0.0
0.0
0.0
0.0
0.0
0.0
0.0
0.0
-0.739857
0.0
0.0
0.0
0.0
0.0
0.0
0.0
0.0
0.0
0.0
0.0
0.0
0.0
0.0
0.0
0.0
0.0
0.0
0.0
0.0
0.0
0.0
0.0
0.0
0.0
0.298222
0.0
0.0
0.0
0.0
0.0
0.0
0.0
0.0
0.0
0.0
0.0
0.0
-1.27794
0.0
0.0
0.0
0.0
0.0
0.0
0.0
0.0
0.0
0.0
-0.764652
0.0
0.0
0.0
0.0
0.0
0.0
0.0
0.0
0.0
0.0
0.0
0.0
0.0
0.0
0.0
0.0
0.0
0.0
0.0
0.0
0.0
0.0
0.0
0.0
0.0
0.0
0.0
0.0
0.0
0.0
0.0
0.0
0.0
0.0
0.0
0.0
0.0
0.0
0.0
0.0
0.0
0.0
0.0
0.0
0.0
1.22996
0.0
0.0
0.0
0.132632
0.0
0.0
0.0
0.0
0.0
0.0
0.0
0.0
0.0
0.0
0.0
0.0
0.0
0.0
0.0
0.0
0.0
0.0
0.0
0.0
0.528222
0.0
0.0
0.0
0.0
0.0
0.0
0.0
0.0
0.0
0.0
0.0
0.0
0.0
0.0
1.47645
0.0
0.0
0.0
0.0
-0.625027
0.0
0.0
0.0
0.0
0.0
0.0
-0.772797
0.0
0.0
0.0
0.0
0.0
0.0
0.0
0.0
0.0
0.0
0.0
0.0
0.0
0.0
0.0
0.0
0.0
0.0
0.0
0.6165
0.0
0.0
0.0
0.0
0.0
0.0
0.0
0.0
0.0
0.0
0.0
0.0
0.0
0.0
0.0
0.0
-0.358215
0.0
0.0
0.0
0.0
0.0
0.0
0.0
0.0
1.01111
0.0
0.0
0.0
0.0
0.0
0.0
0.0
0.0
0.0
0.0
0.0
0.0
0.0
0.0
0.0
0.0
0.0
0.0
0.0
0.0
0.0
0.0
0.0
0.0
0.0
0.0
0.0
0.0
0.0
0.0
0.0
0.0
0.0
0.0
0.0
0.0
0.0
0.0
0.0
0.0
-1.72492
0.0
0.0
0.0
0.0
0.0
0.0
-0.308938
0.0
0.0
0.0
0.0
0.0
0.0
0.0
0.0
0.0
0.0
-0.130481
0.0
-0.0487342
0.0
0.0
0.0
0.0
0.0
0.0
0.0
0.0
0.0
0.0
0.0
0.0
0.0
0.0
0.0
0.0
0.0
0.0
0.0
0.0
0.0
0.0
0.0
0.0
0.0
0.0
0.0
0.0
0.0
0.0
0.0
0.0
0.0
0.0
0.0
0.0
0.0
0.0
0.0
0.0
0.0
0.0
0.0
0.0
0.0
0.0
0.0
0.0
0.0
0.0
0.0
0.0
0.0
0.0
0.0
0.0
0.0
0.0
0.0
0.0
0.0
0.0
0.0
0.0
0.0
0.0
0.0
0.0
0.0
0.0
0.0
0.0
0.0
0.0
0.0
0.0
0.0
0.0
0.0
0.0
0.0
0.0
0.0
0.0
0.0
0.0
0.0
0.0
0.0
0.0
0.0
0.0
0.0
0.0
0.0
0.0
0.0
0.0
0.0
0.0
0.0
0.0
0.0
0.0
0.0
0.0
0.0
0.0
0.0
0.0
0.0
0.419129
0.0
0.0
0.0
0.0
0.0
0.0
0.0
0.0
0.0
0.0
0.0
0.0
0.0
0.0
0.0
3.16099
0.0
0.0
0.0
0.0
0.0
0.0
0.0
0.0
0.0
0.0
0.0
0.0
0.0
0.0
0.0
0.0
0.0
0.0
0.0
0.0
0.0
0.0
0.0
0.0
0.0
0.0
0.0
0.0
0.0
0.0
0.0
0.0
0.0
0.0
0.0
1.16974
0.0
0.0
0.0
0.0
0.0
0.0
0.0
0.0
0.0
0.0
0.0
0.0
0.0
0.0
0.0
0.0
0.0
0.0
0.0
-1.35533
0.0
0.0
0.0
0.0
0.0
0.0
0.0
0.0
0.0
0.0
0.0
0.0
0.0
0.0
0.0
0.0
0.0
0.0
0.0
0.0
0.0
0.0
0.0
0.0
0.0
0.0
0.0
0.0
0.0
0.0
0.0
0.0
0.0
0.0
0.0
0.0
0.0
0.0
0.0
0.0
0.0
0.0
0.0
0.0
0.0
0.0
0.0
0.0
0.0
0.0
0.0
0.0
0.0
0.0
0.0
0.0
0.0
0.0
0.0
0.0
0.0
0.0
0.0
0.0
0.573133
0.0
0.0
0.0
0.0
0.0
0.0
0.0
0.0
0.0
0.0
0.0
0.0
0.0
0.0
0.0
0.0
0.0
0.0
0.0
0.0
0.0
0.0
0.0
0.0
0.0
0.0
0.0
0.0
0.0
0.0
0.0
0.0
0.0
0.0
0.0
0.0
-0.544807
0.0
0.0
0.0
0.0
0.0
0.0
0.0
0.0
0.0
0.0
0.0
0.0
0.0
0.0
0.0
0.0
0.0
0.0
0.0
-1.21222
0.0
0.0
0.0
0.0
0.0
0.0
0.0
0.0
0.0
0.0
0.0
0.0
0.0
0.0
0.0
0.0
0.0
0.0
0.0
0.0
0.0
0.0
0.0
0.0
0.0
0.0
0.0
0.0
0.0
0.0
0.0
0.0
0.0
0.0
0.0
0.0
0.0
0.117839
0.0
0.0
0.0
0.0
0.0
0.0
0.0
-0.0542939
0.0
0.0
0.0
0.0
0.0
0.0
0.0
0.0
0.0
0.0
0.0
0.0
0.0
0.0
0.0
0.0
0.0
0.0
0.0
0.0
0.0
0.0
0.0
0.0
0.0
0.0
0.0
0.0
0.0
0.0
0.0
0.0
0.0
0.0
0.0
0.0
0.0
0.0
0.0
0.0
0.0
0.0
0.0
0.0
0.0
0.0
0.0
0.0
0.0
0.0
0.0
0.0
0.0
0.0
0.0
0.0
0.0
0.0
0.0
0.0
0.0
0.0
0.0
0.0
0.0
0.0
0.0
0.0
0.0
0.0
0.0
0.0
0.0
0.0
0.0
0.0
0.0
0.0
0.0
0.0
0.0
0.0
0.240532
0.0
0.0
0.0
0.0
0.0
0.0
0.0
0.0
0.0
0.0
0.0
0.0
0.0
0.0
0.0
0.0
0.0
0.0
0.0
0.0
0.0
0.0
0.0
0.0
0.0
0.0
0.0
0.0
0.0
0.0
0.0
0.0
0.0
0.0
0.0
0.0
0.0
0.0
0.0
0.0
0.0
0.0
0.0
0.0
0.0
0.0
0.0
0.0
0.0
0.0
0.0
0.0
0.0
0.0
0.0
0.0
0.0
1.26393
0.0
0.0
0.0
0.0
0.0
0.0
0.0
0.0
0.0
0.0
0.0
0.0
0.0
0.0
0.0
0.0
0.0
0.0
0.0
0.0
0.0
0.0
-0.172078
0.0
0.0
0.0
0.0
0.0
0.0
0.0
0.0
0.0
0.0
0.0
0.252516
0.0
0.0
0.0
0.0
0.0
0.0
0.0
0.0
0.0
0.0
0.0
-1.28119
0.0
0.0
0.0
0.0
0.0
0.0
0.0
0.0
0.0
0.0
0.0
0.0
0.0
0.0
0.0
0.0
0.0
0.0
1.21944
0.0
0.0
0.0
0.0
0.0
0.0
0.0
0.0
0.0
0.0
0.0
0.0
-1.06656
0.0
0.0
0.0
0.0
0.0
0.0
0.0
0.0
0.0
0.0
0.0
0.0
0.0
0.0
0.0
0.0
0.0
0.0
0.0
0.0
0.0
0.0
0.0
0.0
0.0
0.0
0.0
0.0
0.0
0.0
0.0
0.0
0.0
0.0
0.0
0.0
0.0
0.0
0.0
0.0
0.0
0.0
0.0
0.0
0.0
0.0
0.0
0.0
0.0
0.0
0.0
0.0
0.0
0.0
0.0
0.0
0.0
0.0
0.0
0.0
0.0
-0.454042
0.0
0.0
0.0
0.0
0.0
0.0
0.313636
2.1526
-1.45296
0.0
0.0
0.0
0.0
0.0
0.0
0.0
0.0
0.0
0.0
0.0
0.0
0.0
0.0
0.0
0.0
0.0
0.0
0.0
0.0
0.0
0.0
0.0
0.0
0.0
0.0
0.0988671
0.0
0.0
-0.775375
0.0
0.0
0.0
-0.0777875
0.0
-0.913733
0.0
0.0
0.0
0.0
0.0
0.0
0.0
0.0
0.0
0.0
0.0
0.0
0.0
0.0
0.0
0.0
0.0
0.0
0.0
0.0
0.0
0.0
0.0
0.0
0.0
0.0
0.0
0.0
0.0
-0.516552
0.0
0.0
0.0
0.0
0.0
0.0
0.0
0.0
0.0
0.0
0.0
0.0
0.0
0.0
0.0
0.458754
0.0
0.0
0.0
0.0
0.0
0.0
0.0
0.0
0.0
0.0
0.0
0.0
0.0
0.0
0.0
0.0
0.0
0.0
0.0
0.0
0.0
0.0
0.0
0.0
0.0
0.0
0.0
0.0
0.0
1.64245
0.0
0.0
0.0
0.0
0.0
0.0
0.0
0.0
0.0
0.0
0.0
0.0
0.0
0.0
0.0
0.0
0.0
0.0
0.0
0.0
0.0
0.0
0.0
0.0
0.0
0.0
0.0
0.0
0.0
0.0
0.0
0.0
0.0
2.86208
0.0
0.0
0.0
0.0
0.0
0.0
0.0
0.0
0.0
0.0
0.442426
0.0
0.0
0.0
0.0
0.0
0.0
1.05735
0.0
0.0
0.0
0.0
0.0
0.0
0.0
0.0
0.0
0.0
0.0
0.0
0.0
0.0
0.0
0.0
0.0
0.0
0.0
0.0
0.0
0.0
0.0
0.0
0.0
0.0
0.0
0.0
0.0
0.0
0.0
0.0
0.0
0.0
0.0
0.0
0.0
0.0
0.0
0.0
0.0
0.0
-0.4145
0.0
0.0
0.0
0.0
0.0
0.0
-0.452273
0.0
0.0
0.0
0.0
0.0
0.0
0.0
0.0
0.0
0.0
0.0
0.0
0.0
0.0
0.0
0.0
0.0
0.0
0.0
0.0
0.0
0.0
0.0
0.0
0.0
0.0
0.0
0.0
0.0
0.0
0.0
0.0
-0.577788
0.0
0.0
0.0
0.0
0.0
0.605952
0.0
0.0
0.0
0.0
0.0
0.0
1.63976
0.0
0.0
0.0
0.0
0.0
0.0
0.0
0.0
0.0
0.0
0.0
0.0
0.0
0.0
0.0
0.0
0.0
0.0
0.0
0.0
0.0
0.0
0.0
0.0
0.0
0.0
0.0
0.0
0.0
0.0
0.0
0.0
0.0
0.0
0.0
0.0
0.0
0.0
0.0
0.0
0.0
0.0
-0.898989
0.0
0.0
0.0
0.0
0.0
0.0
0.0
0.0
0.0
0.0
0.0
0.0
0.0
0.0
0.0
0.0
0.0
0.0
0.0
0.098615
0.0
0.0
0.0
0.0
0.0
0.0
0.0
0.0
0.0
0.0
0.0
0.0
0.0
0.0
0.0
0.0
0.0
0.0
0.0
0.0
0.0
0.0
0.0
0.0
0.0
0.0
0.0
0.0
0.0
0.0
0.0
0.0
0.0
0.0
0.0
0.0
0.0
0.0
0.0
0.0
-0.246753
0.0
0.0
0.0
0.0
0.0
0.0
0.0
0.0
0.0
0.0
0.0
0.0
0.0
0.0
0.0
0.0
0.0
0.0
0.0
0.0
0.0
0.0
0.0
0.0
0.0
0.0
0.0
0.0
0.0
0.0
0.0
0.0
0.0
0.0
0.0
0.0
0.0
0.0
0.0
0.0
-0.0153663
0.0
0.0
0.0
0.0
0.0
0.0
0.0
0.0
0.0
0.0
0.0
0.0
0.0
0.0
0.0
0.0
0.0
0.0
0.0
0.0
0.0
0.0
0.0
0.0
0.0
0.0
0.0
0.0
0.0
0.0
0.0
1.58278
0.0
0.0
0.0
0.0
0.0
0.0
0.0
0.0
0.0
0.0
0.0
0.0
0.0
0.0
0.0
0.0
0.0
0.0
0.0
0.0
0.0
0.0
0.0
0.0
0.0
0.0
0.0
0.0
0.0
0.0
0.0
0.0
0.0
0.0
0.0
0.0
0.0
0.0
0.0
0.0
0.0
0.0
0.0
0.0
0.0
0.0
0.0
0.0
0.0
0.0
0.0
0.0
0.0
0.0
0.0
0.0
0.0
0.0
0.0
0.0
0.0
0.0
0.0
0.0
0.0
0.0
0.0
0.0
0.0
0.0
0.0
0.0
0.0
0.0
0.0
0.0
0.0
-0.731681
0.0
0.0
0.0
0.0
0.0
0.0
0.0
0.0
0.0
0.0
0.0
-0.301168
0.98092
0.0
0.0
0.0
0.0
0.0
0.0
0.0
0.0
0.0
0.0
0.0
0.0
0.0
0.0
0.0
0.0
0.0
0.0
0.0
0.0
0.0
0.0
0.0
0.0
0.0
0.0
0.0
0.0
0.0
0.0
0.0
0.0
0.0
0.0
0.0
0.0
0.0
0.0
0.0
0.0
0.0
0.0
0.0
0.0
0.0
0.0
0.0
0.0
0.0
0.0
0.0
0.0
0.0
0.0
0.0
0.0
0.0
0.0
0.0
0.0
0.471696
0.0
0.0
0.0
0.0
0.0
0.0
0.0
0.0
0.0
0.0
0.0
0.0
0.0
0.0
0.0
0.0
0.0
0.0
0.0
0.0
0.0
0.0
0.0
0.0
0.0
0.0
0.0
0.0
0.0
0.0
0.0
0.188361
0.0
0.0
0.0
0.483181
0.0
0.0
0.0
0.0
0.0
0.0
0.0
0.0
0.0
0.0
0.0
0.0
0.0
0.0
0.0
0.0
0.0
0.0
0.0
0.0
0.0
0.0
0.0
0.0
0.0
0.0
0.0
0.0
0.0
0.0
0.0
0.0
0.0
0.0
0.0
0.0
0.0
0.0
0.0
0.621891
0.0
0.0
-0.426792
0.0
0.0
0.0
0.0
0.0
0.0
0.0
0.0
0.0
0.0
0.0
0.0
0.0
0.0
0.0
0.0
0.0
0.0
0.0
0.0
0.0
0.0
0.0
0.0
0.0
0.215961
0.0
0.0
0.0
0.0
0.0
0.0
0.0
0.0
0.0
0.0
0.0
0.0
0.0
0.0
0.0
0.0
0.0
0.0
0.0
0.0
0.0
0.0
0.0
0.0
0.0
0.0
0.0
0.0
0.0
0.0
0.0
0.0
0.0
0.0
0.0
0.0
0.0
0.0
0.0
0.0
0.0
0.0
-0.958443
0.0
-0.437094
0.0
0.0
0.0
0.0
0.0
0.0
0.0
0.0
0.0
0.0
0.531101
0.0
0.0
1.27787
0.0
0.0
0.0
0.0
0.0
0.0
0.0
0.0
0.0
0.0
0.0
0.0
0.0
0.0
0.0
0.0
0.0
0.0
0.0
0.0
0.0
0.0
0.0
0.0
0.0
0.0
0.0
0.0
0.0
0.0
0.0
0.0
0.0
0.0
0.0
0.0
0.0
0.0
0.0
0.0
0.0
0.0
0.0
0.0
0.0
0.0
0.0
0.0
0.0
0.0
0.0
0.0
0.0
0.0
0.0
-1.25833
0.0
0.238556
0.0
0.0
0.0
0.0
0.0
0.0
0.57543
0.0
0.0
0.0
0.0
0.0
0.0
0.0
0.0
0.0
0.0
0.0
0.0
0.0
0.0
0.0
0.0
0.0
0.0
0.0
0.0
0.0
0.0
0.0
0.0
0.0
0.0
0.0
0.0
0.0
0.0
0.0
0.0
0.0
0.0
0.0
0.0
0.0
0.0
0.0
0.0
0.0
0.0
0.0
0.0
0.0
0.0
0.0
0.84061
0.0
0.0
0.0
0.0
0.0
-1.20847
0.0
0.0
0.0
0.0
0.0
0.0
0.0
-0.715538
0.0
0.0
0.0
0.0
0.0
0.0
0.0
0.0
0.0
0.0
0.0
0.0
0.0
0.0
-1.39674
0.0
0.0
0.0
0.0
0.0
0.0
0.0
0.0
0.0
0.0
0.0
0.0
0.0
0.0
0.0
-1.61413
0.0
0.0
0.0
0.0
-0.873952
0.0
0.0
0.0
0.0
0.0
0.0
0.0
0.0
0.0
0.0
0.0
0.0
0.0
0.0
0.0
0.0
0.0
0.0
0.0
0.0
0.0
0.0
0.0
0.0
0.0
0.0
0.0
0.0
0.0
0.0
0.0
0.0
0.0
0.0
0.0
0.0
0.0
0.0
0.0
0.0
0.0
0.0
0.0
0.0
0.0
0.0
0.0
0.0
0.0
0.0
0.0
0.0
0.0
0.0
0.0
0.0
0.0
0.0
0.0
0.0
0.0
0.0
0.0
0.0
0.0
0.0
0.0
0.0
0.0
0.0
0.0249603
0.0
-0.972411
0.0
0.0
0.0
0.0
0.0
0.0
0.0
0.0
0.0
0.0
0.0
0.0
0.0
0.0
0.0
0.0
0.0
0.0
0.0
0.0
0.0
0.818081
0.0
0.0
-1.54182
0.0
0.0
0.0
0.0
0.0
0.0
0.0
0.0
0.0
0.0
0.0
0.0
0.0
0.0
0.0
0.0
0.0
0.0
0.0
0.0
0.0
0.0
0.0
0.0
0.0
0.0
0.0
0.0
0.0
0.0
1.90775
0.0
0.0
0.0
0.0
0.0
0.0
0.0
0.0
0.0
0.0
0.0
0.0
0.0
0.0
0.0
0.0
0.0
0.0
0.0
0.0
0.0
0.0
0.0
0.0
0.0
0.0
0.0
0.0
0.0
0.0
0.0
0.0
0.337186
0.0
0.0
0.0
0.0
0.0
0.0
0.0
0.0
0.0
0.591633
0.0
0.0
-0.306819
0.0
0.0
0.0
0.0
0.0
0.0
0.0
0.0
0.0
0.0
0.0
0.0
0.0
0.0
0.0
0.0
0.0
0.0
0.0
0.0
0.0
0.0
0.0
0.0
0.0
0.0
0.0
0.0
-0.332984
0.0
0.0
0.0
0.0
0.0
0.0
0.0
0.0
0.0
0.0
0.0
0.0
0.0
0.0
0.0
0.0
0.0
0.0
0.0
0.0
0.0
0.0
0.0
0.0
0.0
0.0
0.0
0.0
0.0
0.0
0.0
1.23358
0.0
0.0
0.0
0.0
0.0
0.0
0.0
0.0
0.0
0.0
0.0
0.0
0.0
0.0
0.0
0.0
0.0
0.0
0.0
0.0
0.0
0.0
0.0
0.0
0.0
0.0
0.0
0.0
0.0
0.0
0.0
0.0
0.0
0.0
0.0
0.0
0.0
0.0
0.0
0.0
0.0
0.239689
0.0
0.0
0.0
0.349548
0.0
0.0
-0.606311
0.0
0.0
0.0
0.0
0.0
0.0
0.0
0.0
0.0
0.0
0.0
0.0
0.0
0.0
0.0
0.0
0.0
0.0
0.0
0.0
0.0
0.0
0.0
1.01819
0.0
0.0
0.0
0.0
-0.519524
0.0
0.0
0.0
0.0
0.0
0.0
0.0
0.0
0.0
0.0
-0.620203
0.0
0.0
0.0
0.0
0.0
0.0
0.0
0.0
-1.64841
0.0
0.0
0.0
0.0
0.0
0.0
0.0361929
0.0
0.0
0.0
0.0
0.0
0.0
0.0
0.0
0.0
0.0
0.3587
0.0
-0.00659639
0.100453
-0.126393
0.0568963
-0.0370517
-0.036756
0.0163952
0.117578
-0.0499288
0.191454
-0.35219
-0.105609
0.134402
-0.0279205
-0.405334
-0.0396256
-0.0253297
0.135137
0.000509751
0.0749775
-0.49666
0.341257
0.23726
-0.00905696
0.523247
-0.206528
0.387066
-0.156886
-0.0870612
0.0486507
-0.0422597
-0.0139858
0.0254465
0.144476
-0.0626846
-0.0736896
-0.234592
0.266079
0.111624
-0.25995
0.0186767
-0.0989149
0.0614826
0.0106991
-0.638195
0.062737
-0.109927
0.319917
0.141831
0.0
0.0
0.0
0.0
0.0
0.0
0.0
0.0
0.0
0.0
0.0
0.0
0.0
0.0
0.0
0.0
0.0
0.0
-0.473339
0.0
0.0
0.0
0.0
0.0
0.0
0.0
0.0
0.0
0.0
0.0
0.0
0.0
0.0
0.0
0.0
0.0
0.0
0.0
0.0
0.0
0.0
0.0
0.0
0.0
0.0
0.0
0.0
0.0
0.0
0.0
0.0
0.0
0.0
0.0
0.0
0.0
0.0
0.0
0.0
0.0
-0.853403
0.0
0.0
0.0
0.0
0.0
-0.0566769
0.0
0.0
0.0
0.0
0.0
0.0
1.54342
0.0
0.0
0.0
0.0
0.0
0.0
0.0
0.0
0.0
0.0
0.0
0.0
0.0
0.0
0.0
0.0
0.0
0.0
0.0
0.0
0.0
0.0
0.790299
0.0
0.0
0.0
0.0
0.0
0.0
0.0
0.0
0.0
0.0
0.0
0.0
0.0
0.0
0.0
0.0
0.0
0.0
0.0
0.0
0.0
0.0
0.0
0.0
0.0
0.0
0.0
0.0
0.0
0.0
0.0
0.0
0.0
0.0
0.0
0.0
0.0
0.0
0.0
0.0
0.0
0.0
0.0
0.0
0.0
0.0
0.0
0.0
0.0
0.0
0.0
0.0
0.0
0.0
-0.89548
0.0
0.0
0.0
0.0
0.0
0.0
0.0
0.0
0.0
1.20374
0.0
0.0
0.0
0.0
0.0
0.0
0.0
0.0
0.0
0.0
0.0
0.0
0.0
0.0
1.09692
0.0
0.0
0.0
0.0
0.0
0.0
0.0
0.0
0.0
0.0
0.0
0.0
0.0
0.0
0.0
0.0
0.0
0.0
0.0
0.0
0.0
0.382938
0.0
0.0
0.0
0.0
0.0
-0.783112
0.0
0.0
0.0
0.0
0.0
0.0
0.0
0.0
0.0
0.0
0.0
0.0
0.0
0.0
1.65044
0.0
0.0
-0.450275
0.0
1.39082
0.0
0.0
0.0
0.0
0.0
0.0
0.0
0.0
0.0
0.0
0.0
0.0
0.0
0.0
0.0
0.0
0.0
-2.62645
0.0
0.0
0.0
0.0
0.0
0.0
0.0
0.0
0.0
0.0
-0.358685
0.0
0.0
0.0
0.0
0.0
0.0
0.0
0.0
0.0
0.0
0.0
0.0
-1.28212
-1.51395
0.0
0.0
0.0
0.0
0.0
0.0
0.0
0.0
0.0
0.0
0.0
0.0
0.0
0.0
0.0
0.0
0.0
0.0
0.0
0.0
0.0
0.0
0.0
0.0
0.0
0.0
0.0
0.0
0.0
0.0
0.0
0.0
0.0
0.0
0.0
0.0
0.0
0.0
0.0
0.0
0.0
0.0
0.0
0.0
0.0
0.0
0.0
0.0
0.0
0.0
0.0
0.0
0.0
0.0
0.0
0.0
0.0
0.0
0.0
0.0
0.0
0.0
1.31758
0.0
0.0
0.0
0.0
0.0
0.0
0.0
0.0
0.0
0.0
0.0
0.0
0.0
0.0
0.0
0.0
0.0
0.0
0.0
0.0
0.0
0.0
0.0
0.0
0.0
0.0
0.0
0.0
0.0
0.0
0.0
0.0
0.0
0.0
0.0
0.0
0.0
0.0
0.0
0.0
0.0
0.0
0.0
0.0
0.0
0.452527
0.0
0.0
0.0
0.0
0.0
0.0
0.378539
0.0
0.0
0.0
0.0
0.0
0.0
0.0
0.0
0.0
0.0
0.0
0.0
0.0
0.0
0.0
0.0
0.0
0.0
0.0
0.0
0.0
0.0
0.0
0.0
0.0
0.0
0.0
0.0
0.0
0.0
0.0
0.0
0.0
0.0
0.0
0.0
0.0
0.0
0.0
0.0
0.0
-0.767729
0.0
0.0
0.0
0.0
0.0
0.0
0.0
0.0
0.0
0.0
0.0
0.0
0.0
0.0
0.0
-1.65144
0.0
0.0
0.0
0.0
0.0
0.0
0.0
-1.11197
0.0
0.0
0.0
0.0
0.0
0.0
0.0
0.0
0.0
0.0
0.0
0.0
0.0
0.0
0.0
0.0
0.0
0.0
-0.811562
0.0
0.0
0.0
0.0
0.0
0.0
0.0
0.0
0.0
-1.04687
0.0
0.0
0.0
0.0
0.0
0.0
0.0
0.0
0.0
0.0
0.0
0.0
0.0
0.0
0.0
0.0
-1.9227
0.0
0.0
0.0
0.0
0.0
0.0
0.0
0.0
0.0
0.0
0.0
0.0
0.0
0.0
0.0
0.0
0.0
0.0
0.0
0.0
0.0
0.0
0.0
0.0
0.0
0.0
0.0
0.0
0.0
0.0
0.0
0.0
0.0
0.0
0.0
0.0
0.0
0.0
0.0
0.0
0.0
0.0
0.0
0.0
0.0
0.0
0.0
0.0
0.0
0.0
0.0
0.0
0.0
0.0
0.0
0.0
0.0
0.0
0.0
0.0
0.0
0.0
0.0
0.0
0.0
0.0
0.0
0.0
0.0
0.0
0.0
0.0
0.0
0.0
0.0
0.0
0.0
0.0
0.0
0.0
0.0
0.0
0.0
0.0
0.0
0.0
0.0
0.0
0.0
0.0
0.0
0.0
0.0
0.0
0.0
0.0
0.0
0.0
0.0
0.0
0.0
0.0
0.0
0.0
0.0
0.0
0.0
0.0
0.0
0.0
0.0
0.0
0.0
0.0
0.0
-0.0881926
0.0
0.0
0.0
0.0
0.0
0.0
0.0
0.0
0.0
0.0
0.0
0.0
1.13507
0.0
0.0
0.0
0.0
0.0
0.0
0.0
0.0
0.0
0.0
0.0
0.0
0.0
0.0
0.0
0.0
0.0
0.0
0.0
0.0
0.0
0.0
0.0
0.0
0.0
0.0
0.0
0.0
0.0
0.0
0.0
0.0
0.0
0.0
0.0
0.0
0.0
0.0
0.0
0.0
0.0
0.0
0.0
0.0
0.0
0.0
0.0
0.0
0.0
0.0
0.0
0.0
0.0
0.0
0.0
0.0
0.0
0.0
0.0
0.0
0.0
0.0
0.0
0.0
0.0
0.0
0.0
0.0
0.0
0.0
0.0
0.0
0.0
0.0
0.0
0.0
0.0
0.0
0.0
0.0
0.0
0.0
0.0
0.0
0.0
1.25877
0.0
0.0
0.0
0.0
0.0
0.0
0.0
0.0
0.0
0.0
0.0
0.0
0.0
0.0
0.0
0.0
0.0
0.0
0.0
0.0
0.0
0.0
0.0
0.0
-0.0103952
-0.120132
0.135091
-0.119225
0.126339
0.00622301
-0.0335438
-0.0763493
-0.0079299
-0.0442934
0.14343
0.0427062
0.0522314
-0.0486575
0.048301
-0.00790794
0.0443101
1.45284
0.050812
0.063424
0.663475
0.0819529
-0.185279
0.00308874
-0.18497
0.1207
0.329312
0.0294453
0.152308
0.0853995
-0.363938
0.114302
0.0330823
-0.0779814
0.136887
-0.151393
-0.0781264
-0.0449201
-0.0787223
0.00438138
-0.0149502
-0.00618374
-0.105253
0.0414662
0.338511
-0.0690207
-0.0929074
-0.0403916
0.183586
0.0
0.0
0.0
0.0
-0.352896
0.0
0.0
0.0
0.0
0.0
0.0
1.21526
0.0
0.0
0.0
0.0
0.0
0.0
0.0
0.0
0.0
0.0
0.470312
0.0
0.0
0.0
0.0
0.0
0.0
0.0
0.0
0.0
0.0
-0.259441
0.0
0.0
0.0
0.0
0.0
0.0
0.0
0.0
0.0
0.0
0.0
0.0
0.0
0.0
0.217758
0.0
-0.790918
0.0
0.0
0.0
0.0
0.0
0.0
0.0
0.0
0.0
0.0
0.0
0.0
0.0
0.0
0.0
0.0
0.0
0.0
0.0
0.0
0.0
0.0
0.0
0.0
0.0
0.0
0.0
0.0
0.0
0.0
0.0
0.0
0.0
0.0
0.0
0.0
0.0
-0.827858
0.0
0.0
0.0
0.0
0.0
0.0
0.0
0.0
0.0
0.0
0.0
0.0
0.0
0.857432
0.0
0.0
0.0
0.0
0.0
0.0
0.0
0.0
0.0
0.0
0.0
0.0
0.0
0.0
0.0
0.0
0.0
0.0
0.0
0.0
0.0
0.0
0.0
0.0
0.0
0.0
0.0
0.0
0.0
0.0
0.0
0.0
0.0
-0.747576
0.0
0.0
0.0
0.0
0.0
0.0
0.0
0.0
0.0
0.0
0.0
0.0
0.0
0.0
0.0
0.0
1.17075
0.0
0.0
0.0
0.0
0.0
0.0
0.0
0.0
0.0
0.0
-0.0502703
0.0
0.0
0.17363
0.0
0.0
0.0
2.01193
0.0
0.0
0.0
0.0
0.0
0.0
0.0
0.0
0.0
0.0
0.0
0.0
0.0
0.0
0.0
0.0
0.0
0.0
0.0
0.0
0.0
0.0
0.0
0.0
0.0
-0.396799
0.0
0.0
0.0
0.0
0.0
0.0
0.0
0.0
0.0
0.0
0.0
0.0
0.0
0.248952
0.0
0.0
0.0
0.0
0.0
0.0
0.0
0.0
0.0
0.0
0.0
0.0
0.0
0.0
0.0
0.0
0.0
0.0
-1.2095
0.0
0.0
0.0
0.0
0.0
0.0
0.0
-0.758484
0.0
0.0
0.0
0.0
0.0
0.0
0.0
0.683486
0.0
0.0
0.305751
0.0
0.0
0.0
0.0
0.0
0.0
0.0
0.0
0.0
0.0
0.0
0.0
0.136047
0.0
0.631072
0.0
0.0
0.0
0.0
1.24502
0.0
0.0
0.0
0.0
0.0
0.0
0.0
0.490902
-1.93127
0.0
0.0
0.0
0.0
0.0
0.0
0.0
0.0
0.0
0.0
0.0
0.0
0.0
0.0
0.0
0.0
0.0
0.0
0.0
0.0
0.0
0.0
1.17851
0.0
0.741319
0.0
0.0
0.0
0.0
0.0
0.0
0.0
0.0
0.0
0.0
0.0
0.0
0.0
0.0
0.0
0.0
0.0
0.0
0.0
0.0
0.0
0.0
0.0
0.0
0.0
0.0
0.0
0.0
0.0
0.0
0.0
0.0
0.0
0.0
0.0
0.0
0.0
0.0
0.0
0.0
0.0
0.0
0.0
0.0
0.0
0.0
0.0
0.0
0.0
0.0
0.0
0.0
-0.998854
0.0
0.0
0.0
0.0
0.0
0.0
0.0728074
0.0
0.0
0.0
0.0
0.0
0.0
-0.0358296
0.0
0.0
0.0
0.0
0.0
0.0
0.0
0.0
0.0
0.0
0.0
0.0
0.0
0.0
0.0
0.0
0.0
0.0
0.0
0.0
0.0
0.0
0.0
0.0
0.0
0.0
-0.150378
0.0
0.0
0.0
0.0
0.0
0.0
0.0
0.0
0.0
0.0
0.0
0.0
0.0
0.0
0.0
0.0
0.0
0.0
0.0
0.0
0.0
0.0
0.0
0.0
0.0
0.0
0.0
0.0
0.0
0.0
0.0
0.0
0.0
0.0
0.0
0.0
0.0
0.0
0.0
0.0
0.0
0.0
1.25473
0.0
0.0
0.0
0.0
0.0
0.0
0.0
0.0
0.0
0.0
0.0
0.0
0.0
0.0
0.0
0.0
0.0
0.0
0.0
0.0
0.0
0.0
-0.195952
0.0
0.0
0.0
0.0
0.0
0.0
0.0
0.0
0.0
0.0
0.0
0.0
0.0
0.0
0.0
0.0
0.0
-0.0944886
0.0
-1.69288
0.0
0.0
0.650168
0.0
0.0
0.0
0.0
0.0
0.0
0.0
0.0
0.0
0.0
0.0
0.0
0.0
0.0
0.0
0.0
0.0
0.0
0.0
0.0
0.0
0.0
0.0
0.0
0.0
0.0
0.0
0.0
0.0
0.0
0.0
0.0
0.0
0.0
0.0
0.0
0.0
0.0
0.0
0.0
0.0
0.0
0.0
0.0
0.0
0.0
0.0
0.0
0.0
0.0
0.0
0.0
0.0
0.0
0.0
0.0
0.0
0.0
0.0
0.0
0.123282
0.0
0.0
0.0
0.0
0.0
0.0
0.0
0.0
0.0
0.0
0.0
0.0
0.0
0.0
0.0
0.0
0.0
0.0
0.0
0.0
0.0
0.0
0.0
0.0
0.0
0.0
0.0
0.0
0.0
0.0
0.0
0.0
0.0
0.0
0.0
0.0
0.0
0.0
0.0
0.0
0.0
0.0
0.0
0.0
0.0
0.0
0.0
0.0
0.0
-0.310698
0.0
0.0
0.0
0.0
0.0
0.0
0.0
0.0
0.0
0.0
0.0
0.0
0.0
0.0
0.0
0.0
0.0
0.0
0.0
0.0
0.601027
0.506604
0.0
0.0
0.0
0.0
0.0
0.0
0.0
0.0
0.0
0.0
0.0
0.0
0.0
0.0
0.0
0.0
0.0
0.0
0.0
0.0
0.0
0.0
0.0
0.65209
0.0
0.0
0.0
0.0
0.0
0.0
0.0
0.0
0.0
0.0
0.0
0.0
0.0
0.0
0.0
0.0
0.0
0.0
0.0
0.0
0.0
0.0
0.0
0.0
0.0
0.0
0.0
0.0
0.0
0.0
0.0
1.74886
0.0
0.0
0.0
0.0
0.0
0.0
0.0
0.0
0.0
0.0
0.0
0.0
0.0
0.0
0.0
0.0
0.0
0.0
0.0
0.0
0.0
0.0
0.0
1.10371
0.0
0.0
0.0
0.0
0.0
0.0
0.0
0.0
0.0
0.0
0.0
0.0
0.0
0.0
0.0
0.0
0.0
0.0
-1.21822
0.0
0.0
0.0
0.0
0.0
0.0
0.0
0.0
0.0
0.0
0.0
-0.290762
0.0
0.0
0.0
0.0
0.0
0.0
0.0
0.0
0.0
0.0
0.0
0.0
0.0
0.0
0.0
0.0
0.0
0.0
0.0
0.0
0.0
0.0
0.0
0.0
0.0
0.0
0.0
0.0
0.0
0.0
0.0
0.0
0.0
0.0
0.0
0.0
0.0
0.0
0.0
0.0
0.0
0.0
0.0
-0.451272
0.0
0.0
0.0
0.0
0.0
0.0
0.0
0.0
0.0
0.0
0.374481
0.0
0.0
0.0
0.0
0.0
0.0
0.0
0.0
0.0
0.0
0.0
0.0
0.0
0.0
0.0
0.0
0.0
0.0
0.0
0.0
0.0
0.0
0.0
0.0
0.0
0.0
0.0
0.0
0.0
0.0
0.0
0.0
0.0
0.0
0.0
0.0
0.0
0.0
-1.74876
0.0
0.0
0.0
0.0
0.0
0.0
0.0
0.0
0.0
0.0
0.0
0.0
0.0
0.0
0.0
0.0
0.0
0.0
0.0
0.0
0.0
-1.00726
0.0
0.0
0.0
0.0
0.0
0.0
0.0
0.0
0.0
0.0
0.0
0.0
0.49274
0.0
0.0
0.0
0.0
0.0
0.0
0.0
0.0
0.0
-1.32479
0.0
0.0
0.0
0.0
0.0
0.0
0.0
0.0
0.0
0.0
0.0
0.0
0.0
0.0
-0.403268
0.229973
0.0
0.0
0.0
0.0
-1.3973
0.0
0.0
0.0
0.0
0.0
0.0
0.0
0.0
0.0
0.0
0.0
0.0
0.0
0.75916
0.0
0.0
0.0
1.16225
0.0
0.0
0.0
0.0
0.0
0.0
0.0
0.0
0.0
0.0
0.0
0.0
0.0
0.0
0.0
0.0
0.0
0.0
0.0
0.0
-1.10079
0.0
0.0
0.0
0.0
0.0
0.0
0.0
0.0
0.0
0.0
0.0
0.0
0.0
0.0
0.0
0.0
0.0
0.0
0.0
0.0
0.0
0.0
0.0
0.0
0.0
0.0
0.0
0.0
0.0
-0.403226
0.0
0.0
0.0
0.0
0.0
0.0
0.0
0.0
0.0
0.0
0.0
0.0
0.0
0.0
0.0
0.0
0.0
0.0
0.0
0.0
0.0
0.0
0.0
0.0
0.0
0.0
0.0
0.0
0.0
0.0
-0.254174
0.0
0.0
0.0
0.0
0.0
0.0
0.0
0.327885
0.0
0.0
0.0
0.0
0.0
0.0
-0.121642
0.0
0.0
0.0
0.0
0.0
0.0
0.0
0.0
0.0
0.0
0.0
0.0
0.0
0.0
0.0
0.0
0.0
0.0
0.0
0.0
0.0
0.0
0.179038
0.0
0.0
0.0
0.0
0.0
0.0
0.0
0.0
0.0
0.0
0.0
0.0
0.0
-1.9773
0.0
0.0
0.0
0.0
0.0
0.0
0.0
0.0
0.0
0.0
0.0
0.0
0.0
0.0
0.0
0.0
0.0
0.0
0.0
0.0
0.0
0.0
0.0
0.0
0.0
0.0
0.0
0.0
0.0
0.0
0.0
0.0
0.0
0.0
0.0
0.0
0.0
0.0
0.0
0.0
0.0
0.0
0.0
0.0
0.0
-1.71125
0.0
0.0
0.0
0.0
0.0
0.0
0.0
0.0
0.0
0.0
0.0
0.0
0.0
0.0
0.0
0.0
0.0
0.0
0.0
1.17624
0.0
0.0
0.0
0.0
0.0
0.0
0.0
0.0
0.0
0.0
0.0
0.0
0.0
0.0
0.0
0.0
0.0
0.189392
0.0
0.0
0.0
0.0
0.0
0.0
0.0
0.0
0.0
0.0
0.0
0.0
0.0
0.0
0.0
0.0
0.0
0.0
0.0
0.0
0.0
0.0
0.0
0.0
0.0
0.0
0.0
0.0
0.0
0.0
0.0
0.0
0.0
0.0
0.0
0.0
0.0
0.268966
0.0
0.0
0.0
0.0
0.0
0.0
0.0
0.0
0.0
0.0
0.0
0.697718
0.0
0.0
0.0
0.0
0.0
0.0
0.0
0.0
0.0
0.0
0.0
0.0
0.0
0.338931
0.0
-0.886231
0.0
0.0
0.0
0.0
0.0
0.0
0.0
0.0
0.0
0.0
0.0
0.0
0.0
0.0
0.0
0.0
0.0
0.0
0.0
0.0
0.0
0.0
0.0
0.0
0.0
0.0
0.0
0.0
0.0
0.0
0.0
0.0
0.0
0.0
0.0
0.0
0.0
0.0
0.0
0.0
0.0
-0.306993
0.0
0.0
0.0
0.0
0.0
0.0
0.0
0.0
0.0
0.0
0.0
0.0
0.0
0.0
0.0
0.0
0.0
0.0
0.0
0.0
0.0
0.0
0.0
0.0
0.0
0.0
0.0
0.0
0.0
0.0
0.0
0.0
0.0
0.0
0.0
0.0
0.0
0.0
0.0
0.0
0.0
-0.890182
0.0
0.910591
0.0
0.0
0.0
0.0
0.0
0.0
0.0
0.0
0.0
0.0
0.0
0.0
0.0
0.0
0.435737
0.0
0.0
0.0
0.0
0.0
-1.28418
0.0
0.0
0.0
0.0
0.0
0.0
0.0
-1.21929
0.0671704
0.0
0.0
0.0
0.0
0.0
0.0
-1.11361
0.0
0.0
0.0
0.0
0.0
0.0
0.0
0.0
0.0
0.0
0.0
0.0
0.0
0.0
0.0
-1.15611
0.0
0.0
0.0
0.0
-0.121792
0.0
0.0
0.0
0.0
0.0
0.0
0.0
0.0
0.0
0.0
0.0
0.0
0.0
0.0
0.0
0.0
0.0
0.0
0.0
0.0
0.0
0.0
0.0
0.0
0.0
0.0
0.0
0.0
0.0
0.0
0.0
0.0
0.0
0.0
0.0
0.0
0.0
0.0
0.0
0.0
0.0
0.0
0.0
0.0
0.0
0.0
-0.210885
0.0
0.0
0.0
0.0
-1.7113
0.0
0.0
-0.439905
0.0
0.0
0.0
0.0
0.0
0.0
0.0
0.0
0.0
0.0
0.0
0.0
0.0
0.0
0.0
0.0
0.987248
0.0
0.0
0.0
0.0
-0.58871
0.0
0.0
0.0
0.0
0.0
0.0
0.0
0.0
0.0
0.0
0.0
0.0
0.0
0.0
0.0
0.0
0.0
0.0
0.0
-0.256161
0.0
0.0
0.0
0.0
0.0
0.0
-0.138026
0.0
0.0
0.0
0.0
0.0
0.0
0.0
-1.58402
0.0
0.0
0.0
0.0
0.0
0.0
0.0
0.0
0.0
0.0
0.0
0.0
0.0
0.0
0.0
0.0
0.0
0.0
0.0
0.0
0.0
0.0
0.0
0.0
0.0
0.0
0.0
0.0
0.0
0.0
0.0
0.0
0.0
0.0
0.0
0.0
0.0
0.0
0.0
0.0
0.0
0.0
0.0
0.0
0.0
0.0
0.0
0.0
0.0
0.0
0.0
0.0
0.0
0.0
0.0
0.0
0.0
0.0
0.0
0.0
0.0
0.0
0.0
0.0
0.0
0.0
0.0
0.0
0.0
0.0
0.0
0.0
0.0
0.0
0.0
0.0
0.0
0.0
0.0
0.0
0.0
0.0
0.0
0.0
0.0
0.0
0.81737
0.0
0.0
0.0
0.0
0.0
0.0
0.0
0.0
0.0
0.0
0.0
0.0
0.0
0.0
0.0
0.0
0.0
0.0
0.0
0.0
0.0
0.0
0.0
0.0
0.0
0.0
0.0
0.344503
0.0
0.0
0.0
0.0
0.0
0.0
0.0
0.0
0.0
0.0
0.0
0.0
0.0
0.0
0.0
-0.467677
0.0
0.0
0.0
0.0
0.0
0.0
0.0
0.0
0.0
0.0
0.0
-0.54942
0.0
0.0
0.0
0.0
0.0
0.0
0.0
0.0
0.260723
0.0
0.0
0.0
0.403968
0.0
0.0
0.0
0.0
0.0
0.0
0.0
0.0
0.0
0.0
0.0
0.0
0.0
0.0
0.0
0.0
0.0
0.0
0.0
0.0
0.0
0.0
0.0
0.0
0.0
0.0
0.0
0.0
0.0
0.0
0.0
0.0
0.0
0.0
0.0
0.0
0.0
0.0
0.0
0.0
0.0
0.0
0.0
0.0
-0.00742134
0.0
0.0
0.0
0.0
0.0
0.0
0.0
0.0
0.0
0.0
0.0
0.0
0.0
0.0
0.0
0.0
0.0
0.0
0.0
0.0
0.0
0.0
0.0
0.0
0.0
0.0
0.0
0.0
0.0
0.0
0.0
0.0
0.0
0.0
0.0
0.0
0.0
0.0
0.0
0.0
0.0
0.0
0.0
0.0
0.0
0.0
0.0
0.0
0.0
0.0
0.0
0.0
0.0
0.0
0.0
0.0
0.0
0.0
0.0
0.0
0.0
0.0
0.0
0.0
0.0
0.0
0.0
0.0
0.0
0.0
0.0
0.0
0.0
0.0
0.0
0.0
0.0
0.0
0.0
0.0
0.0
0.0
0.0
0.0
0.0
0.0
0.0
0.0
0.0
0.0
0.0
0.0
0.0
0.0
0.0
0.0
0.0
0.0
-0.578017
0.0
1.96627
0.0
0.0
-0.19059
0.0
0.0
0.0
0.0
0.0
0.0
-0.406142
0.0
0.0
0.0
0.0
0.0
0.0
0.0
0.0
0.0
0.0
0.0
0.0
0.0
0.0
0.0
0.799444
0.0
0.0
0.0
0.0
0.0
0.0
0.0
0.0
0.0
0.0
0.0
0.0
0.0
0.0
0.0
0.0
0.0
0.0
0.0
0.0
0.0
0.0
0.0
0.0
0.0
0.0
0.0
0.0
-0.358999
0.0
0.0
0.0
0.0
0.0
0.0
0.0
0.0
0.0
0.0
0.0
0.0
0.0
0.0
0.0
0.0
0.0
0.0
0.0
0.0
0.0
0.0
0.0
0.0
0.0
0.0
0.0
0.0
0.0
0.0
0.758737
0.0
0.0
0.0
0.0
0.0
0.0
0.0
0.0
0.0
0.0
0.0
0.0
0.0
0.0
0.0
0.0
0.0
0.0
0.015875
0.0
0.0
0.0
0.0
0.0
0.0
0.0
0.0
0.0
0.0
0.0
0.0
0.0
0.0
0.0
0.0
0.0
0.0
0.0
0.0
0.0
0.0
0.0
0.0
0.0
0.0
0.0
0.0
0.0
0.0
0.0
0.0
0.0
0.0
0.0
0.0
0.0
-0.436427
0.0
0.0
0.0
0.747995
0.0
0.0
0.0
0.0
0.0
0.0
0.0
0.0
0.0
0.0
0.0
0.0
0.0
0.0
0.290932
0.0
0.0
0.0
0.0
0.0
0.0
-0.804994
0.0
0.0
0.0
0.0
0.0
0.0
0.0
0.0
0.0
0.0
0.0
0.0
0.0
0.0
0.0
-0.417467
0.0
0.0
0.0
0.0
0.862604
0.0
0.0
-0.429558
0.0
0.0
0.0
0.0
0.0
0.0
0.0
0.0
0.0
0.0
0.0
0.0
0.0
-1.936
0.0
0.353462
0.0
0.0
0.0
0.0
0.0
0.0
0.0
0.790531
0.0
0.0
0.0
0.0
0.0
0.0
0.0
0.0
1.19304
0.0
0.0
0.0
0.0
0.0
0.0
-1.71188
0.0
0.0
0.0
0.0
0.0
0.0
0.0
0.0
0.0
0.0
0.0
0.0
0.0
1.25262
0.0
-1.01533
0.0
0.0
0.0
0.0
0.0
0.642986
0.0
0.0
0.0
0.0
0.0
0.0
0.0
0.0
0.0
0.0
0.0
0.0
0.0
0.0
0.0
0.0
0.0
0.0
0.0
0.0
0.0
0.0
0.0
0.0
0.0
0.0
0.0
0.0
0.0
0.0
0.0
0.0
0.0
0.0
0.0
0.0
0.0
0.0
0.0
0.0
0.0
0.0
0.0
0.0
0.0
0.0
0.0
0.0
0.0
0.0
0.0
0.0
0.0
0.0
0.0
0.0
0.0
0.0
0.0
0.0
0.0
0.0
0.0
0.0
0.0
0.0
0.0
0.0
0.0
0.0
0.0
0.0
0.0
0.0
0.0
0.0
0.246319
0.0
0.0
0.0
0.0
0.0
0.0
0.0
0.0
0.0
0.0
0.0
0.0
0.0
0.0
0.0
0.0
0.0
0.0
0.0416379
0.0
0.0
0.0
0.0
0.0
0.0
0.0
0.0
0.0
0.0
0.0
0.0
0.0
0.0
0.0
0.0
0.0
0.223941
0.0
0.0
0.0
0.0
0.0
0.0
0.0
-0.28199
0.0
0.0
0.0
0.0
1.33693
0.0
0.0
0.0
0.0
0.0
0.0
0.0
0.0
-0.551064
0.569708
0.0
0.0
0.0
-0.921504
0.0
0.0
0.0
0.0
0.0
-1.30588
0.0
0.0
0.0
0.0
0.0
0.0
0.0
0.0
0.0
0.0
0.0
0.0
0.0
0.0
0.0
0.0
0.0
0.0
0.0
0.043027
0.0
-1.49667
0.0
0.0
0.0
0.0
0.0
0.0
0.0
0.0
0.0
0.0
0.0
0.0
0.0
0.0
0.0
0.0
0.0
0.0
0.0
0.0
0.0
0.0
0.0
0.0
0.0
0.0
0.0
0.0
0.0
0.0
0.0
0.0
0.0
0.0
0.0
0.0
0.0
0.0
0.0
0.0
0.0
0.0
0.0
0.0
0.0
0.0
0.0
0.0
1.27608
0.0
0.0
0.0
0.0
0.0
0.0
0.0
0.0
0.0
0.261005
0.0
0.0
0.0
0.0
0.0
0.0
0.0
0.0
0.0
0.0
0.0
0.0
0.0
0.0
0.0
0.0
0.0
0.0
0.0
0.0
0.0
-0.545537
0.0
0.0
0.0
0.0
0.0
0.0
0.0
0.0
0.0
0.0
0.0
0.0
0.0
0.0
0.0
0.0
0.0
0.0
0.0
0.0
0.0
0.0
0.0
0.0
0.0
0.0
0.0
0.0
0.0
0.0
0.0
0.0
0.0
0.0
0.0
0.0
0.0
0.0
0.0
0.0
0.0
-0.191744
0.0
0.0
0.0
0.0
0.0
0.0
0.0
0.0
0.0
0.0
0.0
0.0
0.0
0.0
0.0
0.0
0.0
0.0
0.0
0.0
0.0
0.0
0.0
1.06769
0.0
0.0
0.0
0.0
0.0
0.0
0.0
0.0
0.0
0.0
0.0
0.0
0.0
0.0
0.0
0.0
0.0
0.0
0.0
0.0
0.0
0.0
0.0
0.0
0.0
0.0
-0.545844
0.0
-0.661956
0.0
0.0
0.0
2.10203
0.0
0.0
0.0
0.0
0.0
0.0
0.0
0.0
0.0
0.0
0.0
0.0
0.0
1.23723
0.0
0.0
0.0
0.0
0.0
0.0
0.0
0.0
0.0
0.0
0.0
0.0
0.0
0.0
0.0
0.0
0.0
0.0
0.0
0.0
0.0
0.0
0.0
0.0
0.0
0.0
0.0
0.0
0.0
0.0
0.0
0.0
0.0
0.0
0.0
0.0
0.0
0.0
0.0
0.0
0.0
0.0
0.0
0.0
0.0
0.0
0.0
0.0
0.0
0.0
0.0
0.0
0.0
0.0
0.0
0.0
0.0
0.0
0.0
0.0
0.0
0.0
0.0
-0.308608
0.0
0.0
0.0
0.0
0.0
0.0
0.0
0.0
0.0
0.0
0.0
-0.983445
0.0
0.0
0.0
0.0
0.0
0.0
0.0
0.0
0.0
0.0
0.0
0.0
0.0
0.0
0.756388
0.0
0.0
0.0
-0.277674
0.0
0.0
0.0
0.0
0.0
0.0
0.0
0.0
0.0
0.0
0.0
0.0
0.0
0.0
0.0
0.0
0.0
0.0
0.0
-0.766907
0.0
0.0
0.0
0.0
0.0
0.0
0.0
0.0
0.0
0.0
0.0
0.0
0.0
0.0
0.0
0.0
0.0
0.0
0.0
0.0
0.0
0.0
0.0
0.0
0.0
0.0
0.0
0.0
0.0
0.0
0.0
0.0
0.0
0.0
0.0
0.0
0.0
0.0
0.0
0.0
0.0
0.0
0.0
0.0
0.0
0.0
0.0
0.694153
0.0
0.0
0.0
0.0
0.0
0.0
0.0
0.0
0.0
0.0
0.0
0.0
0.0
0.0
0.0
0.0
0.0
0.0
0.0
0.0
0.0
0.0
0.0
0.0
0.0
0.0
0.0
0.0
0.0
0.0
0.0
0.0
0.0
0.0
0.0
0.0
0.0
0.0
0.0
0.0
0.0
0.0
0.0
0.0
0.0
0.0
0.0
0.0
0.0
0.0
0.0
0.0
0.0
0.0
0.0
0.0
0.0
0.0
-0.745702
0.0
0.0
0.0
0.0
0.0
0.0
0.0
0.0
0.0
0.0
0.0
0.0
0.0
0.0
0.0
0.0
0.0
0.0
0.0
0.0
0.0
0.0
0.0
0.0
0.0
0.0
0.0
0.0
0.0
0.53568
-1.50368
0.0
0.0
0.0
0.0
0.0
0.0
-1.98449
0.0
0.0
0.0
0.0
0.0
0.0
0.0
0.0
0.0
0.0
0.0
-1.18067
0.0
0.0
0.0
0.0
0.0
0.0
0.0
0.0
0.0
0.0
0.0
0.0
0.0
0.0
0.0
0.0
0.0
0.0
0.0
0.0
-0.722706
0.0
0.0
0.0
0.0
0.0
0.0
0.0
0.0
0.0
0.0
0.0
0.0
0.0
0.0
0.0
0.0
0.0
0.0
0.0
0.0
0.0
0.0
0.0
0.0
0.0
0.0
0.0
0.0
0.0
0.0
0.0
0.0
0.0
0.0
0.0
0.0
0.0
0.0
0.0
0.0
0.0
0.0
0.0
0.0
0.0
0.0
0.0
0.0
0.0
0.0
0.0
0.0
0.0
0.0
0.0
0.0
0.0
0.0
0.0
0.0
0.0
0.0
0.0
0.0
0.0
0.0
0.0
0.0
0.0
0.0
0.0
0.0
0.0
0.0
0.0
0.0
0.0
0.0
0.0
0.0
0.0
0.0
0.0
0.0
0.0
0.0
0.0
0.0
0.0
0.0
0.0
0.0
0.0
0.0
0.0
0.0
0.0
0.0
0.0
0.0
0.0
0.0
0.0
0.0
0.0
0.0
0.0
0.0
0.0
0.0
0.0
0.0
0.0
0.0
0.0
0.0
0.0
0.0
0.0
0.0
0.0
0.0
0.0
0.0
-0.960703
0.0
0.0
-0.0495768
0.0
0.0
0.0
0.0
0.0
0.0
0.0
0.0
0.0
0.0
0.0
0.0
0.0
0.0
0.0
0.0
0.0
0.0
0.0
0.0
0.0
0.0
0.0
0.0
0.0
0.0
0.0
0.0
0.0
0.0
0.0
0.0
0.0
0.0
0.0
0.0
0.0
-0.629027
0.0
0.0
0.0
0.0
0.0
0.0
0.0
0.0
0.0
0.0
0.0
0.0
0.0
0.0
0.0
0.0
0.0
0.0
0.0
0.0
0.0
-3.38021
0.0
0.0
0.0
0.0
0.0
0.0
0.0
0.0
0.0
0.0
0.0
0.0
0.0
0.0
0.0
0.0
0.0
0.0
0.0
0.0
-0.496922
0.0
0.0
0.0
0.0
0.0
0.0
0.0
0.0
0.0
0.0
0.0
0.0
0.0
-0.275483
0.0
0.330077
0.0
0.0
0.0
0.0
0.0
0.0
0.0
0.0
0.0
0.0
0.0
0.0
0.0
0.0
0.0
0.0
0.0
0.0
0.0
-0.254969
0.0
0.0
0.0
0.0
0.0
0.0
0.0
0.0
0.0
-1.08322
0.0
0.0
0.0
0.0
0.0
0.0
0.0
0.0
0.0
0.0
0.0
0.0
0.0
0.0
0.0
0.0
0.0
0.0
0.0
0.0
1.58103
0.0
0.0
0.0
0.0
0.0
0.0
0.0
0.0
0.0
0.0
0.0
0.0
0.0
0.0
0.0
0.0
0.0
0.0
0.0
0.0
0.0
0.0
0.0
0.0
0.0
0.0
0.0
0.0
0.0
0.0
0.0
0.0
0.0
0.0
0.0
0.0
0.0
0.0
0.0
0.0
0.0
0.0
0.0
0.0
0.0
0.0
0.0
0.0
0.0
0.0
0.0
0.0
0.0
0.0
0.0
0.0
0.0
0.0
0.0
0.0
0.0
0.0
0.0
0.0
0.0
0.0
1.11184
0.0
0.0
0.0
0.0
-0.304016
0.0
1.1705
0.0
-1.82197
0.0
0.0
0.0
0.0
0.0
0.0
0.0
0.0
0.0
0.0
0.0
0.0
0.0
0.0
0.0
0.0
0.0
0.0
0.0
0.0
0.0
0.0
0.0
0.0
0.0
0.0
0.0
0.0
0.0
0.0
0.0
0.0
0.0
0.0
0.0
0.0
0.0
0.0
0.0
0.0
0.0
0.0
0.0
0.0
0.0
0.29645
0.0
0.0
0.0
0.0
0.0
0.0
0.0
0.0
0.0
0.0
0.0
0.0
0.0
0.0
0.0
0.0
0.0
0.0
0.0
0.0
0.0
0.0
0.0
0.0
0.0
0.0
0.0
0.0
0.0
0.0
0.0
0.0
0.0
0.0
0.0
0.0
0.0
0.0
0.0
0.0
0.0
0.0
0.0
0.0
0.0
0.0
0.0
0.0
0.0
0.0
0.0
0.0
0.0
0.0
0.0
0.0
0.0
0.0
0.0
0.0
0.0
0.0
0.0
0.0
0.0
0.0
0.0
0.0
0.0
0.0
0.0
0.0
0.0
0.0
0.0
0.0
0.0
0.0
0.0
0.0
0.0
0.0
0.0
0.0
0.0
0.0
0.0
0.0
0.0
0.0
0.0
0.0
0.0
0.0
0.0
0.0
0.0
0.191849
0.0
0.0
0.0
0.0
0.0
0.0
0.0
0.0
0.0
0.0
0.0
0.0
0.0
0.0
0.0
0.0
0.0
0.0
0.0
0.0
0.0
0.0
1.80118
0.0
0.0
0.0
0.0
0.0
0.0
0.0
0.0
0.0
0.0
0.0
0.0
0.0
0.0
0.0
0.0
0.0
0.0
0.0
0.0
0.0
0.0
0.0
-0.912737
0.0
0.0
0.0
0.0
0.0
0.0
0.0
0.0
0.0
0.0
0.0
0.0
0.0
0.0
0.0
0.0
0.0
0.0
0.0
0.0
0.0
0.0
0.0
0.0
0.0
0.0
0.0
0.0
0.0
0.0
0.0
0.0
0.0
0.0
0.925884
0.0
0.0
0.0
0.0
0.0
1.06305
0.0
0.0
0.0
0.0
0.0
0.0
0.0
0.0
0.0
0.0
0.0
0.0
0.0
0.0
0.0
0.0
0.0
-0.0783958
0.0
0.0
0.0
0.0
0.0
0.0
0.0
0.0
0.0
0.0
0.0
0.0
0.0
0.0
0.0
0.0
0.0
0.0
0.0
0.0
0.0
0.0
0.0
0.0
-0.323953
0.0
0.0
0.0
0.0
0.0
0.0
0.0
0.0
0.0
0.0
0.0
0.0
0.0
0.0
0.0
0.0
0.0
0.0
0.0
0.0
0.0
0.0
1.31156
0.0
1.776
0.0
0.0
0.0
0.0
0.0
0.0
0.0
0.0
0.0
0.0
0.0
0.0
0.0
0.0
0.0
0.0
0.0
0.0
0.0
0.0
0.0
0.0
0.0
0.0
0.0
0.0
0.0
0.0
0.0
0.0
0.0
0.0
0.0
0.0
0.0
0.0
0.0
0.0
0.0
0.0
-0.397603
0.0
0.0
0.0
0.0
0.0
0.0
0.0
0.0
0.0
0.0
0.0
0.0
0.0
0.0
0.0
0.0
0.0
0.0
0.0
0.0
0.0
0.0
0.0
0.0
0.0
0.0
0.0
0.0
0.0
0.0
0.0
0.0
0.0
0.0
0.0
0.0
0.0
0.0
0.0
0.0
0.0
0.149914
0.0
0.0
0.0
0.0
-0.562061
0.0
0.0
0.0
0.0
0.0
0.0
0.0
0.0
0.0
0.0
0.0
0.0
0.0
0.0
0.0
0.0
0.0
0.0
0.0
0.0
-0.390118
0.0
0.0
0.0
0.0
0.0
0.0
0.0
0.0
0.0
0.0
0.0
0.0
0.0
0.0
0.0
0.0
0.0
0.0
0.0
0.0
0.0
0.0
0.0
0.0
0.0
0.0
0.0
0.0
0.0
0.0
0.286128
0.0
0.0
0.0
0.0
0.0
0.0
0.0
0.0
0.0
0.0
0.0
0.0
0.0
0.0
0.0
0.0
0.0
0.067977
0.0
0.0
0.0
0.0
0.0
0.0
0.0
0.0
0.0
0.0
0.0
0.0
0.0
0.0
0.0
0.0
0.0
-0.093761
0.0
-0.18152
0.0
0.0
-0.225238
0.0
0.0
0.0
0.0
0.0
0.0
0.0
0.0
0.0
0.0
0.0
0.0
0.0
0.0
0.0
0.0
0.0
0.0
0.0
0.0
0.618578
0.0
0.0
0.0
0.0
0.0
0.0
0.0
0.0
0.0
0.0
0.0
0.0
0.0
0.0
0.0
0.0
0.0
0.0
0.0
0.0
0.0
0.0
0.0
0.0
0.0
0.0
0.0
0.0
0.0
0.0
0.0
0.0
0.0
0.0
0.0
0.0
0.0
0.0
0.0
0.0
0.0
0.0
0.0
0.0
0.0
0.0
0.0
0.0
0.0
0.0
0.0
0.0
0.0
0.0
0.0
0.0
0.0
0.0
0.0
0.0
0.0
0.0
0.0
0.0
0.0
-0.403465
-0.30696
0.0
0.0
0.0
0.0
0.0
0.0
0.0
0.0
-0.486328
0.0
0.0
0.0
0.0
0.0
0.0
0.0
0.0
0.0
0.0
0.0
0.0
0.0
0.0
0.0
0.0
0.0
0.0
0.0
0.0
0.0
0.0
0.0
0.0
0.0
0.0
0.0
0.0
0.0
0.0
0.0
0.0
0.0915247
0.0
0.0
0.0
0.0
0.0
0.0
0.0
0.0
0.0
0.0
0.0
0.0
-0.633817
0.0
0.0
0.0
0.0
0.0
0.0
0.0
0.0
0.0
0.0
0.0
0.0
0.0
0.0
0.0
0.0
0.0
0.0
0.0
0.0
0.0
0.0
0.0
0.0
0.0
0.0
0.0
0.0
0.0
0.0
0.0
-0.96658
0.0
0.0
0.0
0.0
0.0
0.0
0.0
1.48358
0.0
0.0
0.0
0.0
0.0
0.0
0.0
-1.00696
0.0
0.0
0.0
0.0
0.0
0.0
0.0
0.0
0.0
0.0
0.0
0.0
0.0
0.0
0.0
0.0
0.0
0.455124
0.0
0.0
0.0
0.0
0.0
0.0
0.0
0.0
0.0
0.0
0.0
0.0
0.0
0.0
0.0
0.0
0.0
0.0
0.0
0.0
0.0
0.0
0.0
0.0
0.0
0.0
0.0
0.0
0.0
0.0
0.0
0.0
0.0
0.0
0.0
0.0
0.0
0.0
0.0
0.0
0.0
0.0
0.0
0.0
0.0
0.0
0.0
0.0
0.0
0.0
0.0
0.0
0.0
0.0
0.0
0.0
0.0
0.0
0.0
0.0
0.0
0.0
0.0
0.0
0.0
0.0
0.0
0.0
0.0
0.0
0.0
0.0
0.0
0.0
0.0
0.0
0.0
0.0
0.0
0.0
0.0
0.0
0.0
-0.476711
0.0
0.0
0.0
0.0
0.0
0.0
0.0
0.0
0.0
0.0
0.0
0.0
0.0
0.0
0.0
0.0
0.0
2.15574
0.0
0.0
0.0
0.0
0.0
0.0
0.0
0.0
0.0
-1.49931
0.0
0.0
0.0
0.0
0.0
0.0
0.0
0.0
0.0
0.0
0.0
0.0
0.0
0.0
0.0
0.0
0.0
0.0
0.0
0.0
-1.58684
0.0
0.0
0.0
0.0
0.0
0.0
0.0
0.0
0.0
0.0
0.0
0.0
0.0
0.0
0.0
0.0
0.0
0.0
0.0
0.0
0.0
0.0
0.0217404
0.0
0.0
0.0
0.0
0.502353
0.0
0.0
0.0
0.0
0.0
0.0
0.0
0.0
0.0
0.0
0.0
0.0
0.0
0.0
0.0
0.0
0.0
0.0
0.0
0.0
0.0
0.0
0.0
0.0
0.0
0.0
0.0
0.0
0.0
0.0
0.0
0.0
0.0
0.0
-2.21498
0.0
-2.14988
0.0
0.0
0.0
0.0
0.0
0.430033
0.0
0.0
0.0
0.0
0.0
0.0
0.0
0.0
0.0
0.0
0.0
0.0
0.0
0.0
0.0
0.0
0.0
0.0
0.0
0.0
0.0
0.0
0.0
0.0
0.0
0.0
0.0
0.0
0.0
0.0
0.0
0.0
0.0
0.0
0.0
0.0
0.0
0.0
0.0
0.0
0.0
0.0
0.0
0.0
0.0
0.0
0.0
0.0
0.0
0.0
0.0
0.0
0.0
0.0
0.804673
0.0
0.0
0.0
0.0
0.0
0.0
0.0
0.0
0.0
0.0
0.0
0.0
0.0
0.0
0.0
0.0
0.0
0.0
0.0
0.0
0.0
0.0
0.0
0.0
0.0
0.0
0.0
0.0
0.0
0.0
0.0
0.0
0.0
0.0
0.0
0.0
0.0
0.0
0.0
0.0
0.0
0.0
0.0
0.0
0.0
0.0
0.0
0.0
0.0
0.0
0.0
0.0
0.0
0.0
0.0
0.0
0.0
0.0
0.0
0.0
0.0
0.0
0.0
0.0
0.0
0.0
0.0
0.0
0.0
0.0
0.0
0.0
0.0
0.0
0.0
0.0
0.0
0.0
0.0
0.0
0.0
0.0
0.0
-0.110507
0.0
0.0
0.0
0.0
0.0
1.61979
0.0
0.0
0.0
0.0
0.0
0.0
0.898444
0.0
0.0
0.0
0.0
0.0
0.0
0.0
0.0
0.092036
0.0
0.0
0.0
0.0
0.0
0.0
0.0
0.0
0.0
0.0
0.0
0.0
0.0
0.0
0.0
0.0
0.0
0.0
0.0
0.0
0.0
0.0
0.0
0.0
0.0
0.0
0.0
0.0
0.0
0.0
0.0
0.0
0.0
0.0
0.0
0.0
0.0
0.0
-1.09694
0.0
0.0
0.0
0.0
0.0
0.0
0.0
0.0
0.0
0.0
0.0
0.0
0.0
0.0
0.0
0.0
0.0
0.0
0.0
0.0
0.0
0.0
0.0
0.0
0.0
0.0
0.0
0.0
0.0
0.0
0.0
0.0
0.0
0.0
0.0
0.0
0.0
0.0
0.0
0.0
0.0
0.0
0.0
0.0
0.0
0.0
0.0
0.0
0.0
0.0
0.0
0.0
0.0
0.0
0.0
0.0
0.0
0.0
0.0
0.0
0.0
0.0
0.0
0.0
0.0
0.0
0.0
0.0
0.0
0.0
0.0
0.0
0.0
0.0
0.0
0.0
-0.744848
0.0
0.0
0.0
0.0
0.0
0.0
0.0
0.0
0.0
0.0
0.0
0.0
0.0
0.0
0.0
0.0
-0.557289
0.0
0.0
0.0
0.0
0.0
0.0
0.0
0.0
0.0
0.0
0.0
0.0
0.0
0.0
0.0
0.714062
0.0
0.0
0.0
0.0
0.0
0.0
0.0
0.0
1.12419
0.912872
0.0
0.0
0.0
0.0
0.0
0.0
0.0
-0.784445
0.0
0.0
0.0
0.0
0.0
0.0
0.0
0.0
0.0
0.0
0.0
0.894739
0.0
0.0
0.0
0.0
0.0
0.0
0.0
0.0
0.0
0.0
0.0
0.0
0.0
0.0
0.0
0.00137276
0.0345323
0.0401568
0.0289478
-0.194351
-0.0317845
0.237429
-0.0299151
-0.110604
-0.0254164
-0.140049
0.0502978
0.205364
0.193378
-0.0494698
0.0588646
-0.026566
0.457795
-0.0119892
-0.0174216
0.253689
0.0157266
0.00737274
-0.0607882
0.612993
0.00411679
-0.133778
-0.0893319
-0.031136
0.0509311
0.0686379
0.0663687
-0.0757493
0.0857431
-0.26607
0.0645434
-0.205411
-0.0653791
0.0491581
-0.0349888
-0.0208464
-0.0782226
0.0380491
-0.0822823
-0.203762
0.0526275
0.261742
0.218594
0.23444
0.0
0.0
0.0
0.0
0.0
0.0
0.0
0.0
0.0
0.0
0.321798
-0.44683
0.0
0.0
0.0
0.0
0.0
0.0
0.0
0.0
0.0
0.0
0.0
0.0
0.0
0.6894
0.0
0.0
0.0
0.0
0.0
0.0
0.0
0.0
0.0
0.0
0.0
0.0
0.0
-0.89099
0.0
0.0
0.0
0.0
0.0
0.0
0.0
0.0
0.0
0.0
0.0
0.0
0.0
0.0
0.0
0.0
0.0
0.0
0.0
0.0
0.0
0.0
0.0
0.0
0.0
0.0
0.0
0.0
0.0
0.0
0.0
0.0
-1.15037
0.0
0.733942
0.0
0.0
-0.67429
0.0
0.0
-0.464954
0.0
0.0
0.0
0.0
0.0
0.0
0.0
0.0
0.0
0.0
0.0
0.0
0.0
0.0
0.0
0.0
0.0
0.0
0.0
0.0
0.0
0.0
0.0
0.0
0.0
0.0
0.0
0.0
0.0
0.0
0.0
0.0
0.0
0.0
0.0
0.0
0.0
0.0
0.0
0.0
0.0
0.0
0.0
0.0
0.0
0.0
0.0
0.0
0.0
0.0
0.0
0.0
0.0
0.0
0.0
0.0
0.0
0.0
0.0
0.0
0.0
0.0
0.0
0.0
0.0
0.0
0.0
0.0
0.0
0.0
0.0
0.0
0.0
0.0
0.0
0.0
0.0
0.0
0.0
0.0
0.0
0.0
0.0
0.0
0.0
0.590578
0.0
0.0
0.0
0.0
0.0
0.0
0.0
0.0
0.0
0.0
0.0
0.0
0.0
0.0
0.0
0.0
0.0
0.0
0.0
0.0
0.0
0.0
0.0
0.0
0.0
0.0
0.0
0.0
0.0
0.0
0.0
0.0
0.0
0.0
0.0
0.0
0.724262
0.0
1.4763
0.0
0.0
0.0
0.0
0.0
0.0
0.0
0.0
0.0
0.0
0.0
0.0
0.0
0.0
0.0
0.611106
0.0
0.0
0.0
0.0
0.0
0.0
0.0
0.0
-1.06436
0.0
0.0
0.0
0.0
0.0
0.0
0.0
0.0
0.0
0.538361
0.0
0.0
0.0
-0.670739
-0.988048
0.0
0.0
0.0
0.0
0.0
0.0
0.0
0.0
0.0
0.0
0.0
0.0
0.0
0.0
0.0
0.0
0.0
0.0
0.0
0.0
0.0
0.0
0.0
0.0
0.0
0.0
0.0
0.0
0.0
0.0
0.0
0.0
0.0
0.0
0.0
0.0
0.0
0.0
0.0
0.0
0.0
0.0
0.0
0.0
0.0
0.0
0.0
0.0
0.0
0.0
0.0
0.0
0.0
0.0
0.0
0.0
0.0
0.0
0.0
0.0
0.0
0.0
0.0
0.0
0.0
0.0
0.198112
0.0
0.0
1.39018
0.0
0.0
0.0
0.0
0.0
0.0
0.0
0.0
0.0
0.0
0.0
0.0
0.0
0.0
0.0
0.0
0.0
0.0
0.0
0.0
0.0
0.0
0.0
0.0
0.0
0.0
0.0
0.0
0.0
0.0
0.0
0.0
0.278001
0.0
0.0
0.0
0.0
0.0
0.0
0.0
0.0
0.0
0.0
0.0
0.0
0.0
0.0
-0.336601
0.0
0.0
0.0
0.0
0.0
0.0
0.0
0.0
0.0
0.0
0.0
0.0
0.0
0.0
0.0
0.0
0.0
0.0
-0.401283
0.0
0.0
0.0
0.0
0.0
0.0
0.0
0.0
0.0
0.0
0.0
0.0
-1.99764
0.0
0.0
0.0
0.0
0.0
0.0
0.0
0.0
0.0
0.0
0.856753
0.0
0.0
-0.210573
0.0
-1.47399
0.0
0.0
0.0
0.0
0.0
0.0
0.0
0.0
0.0
0.0
0.0
0.0
-0.797632
0.0
0.0
0.0
0.0
0.0
0.0
0.0
0.0
0.0
0.0
0.0
0.0
0.0
0.0
0.0
0.0
0.0
0.0
0.0
0.0
0.0
0.0
0.0
0.0
0.0
0.0
0.0
0.0
0.0
0.0
0.0
0.0
0.0
0.0
0.0
0.0
0.0
0.0
0.0
-1.34498
0.0
0.0
0.0
0.0
0.0
-0.591246
0.0
0.0
0.0
0.0
0.0
0.0
-1.2021
0.0
0.0
0.0
0.0
0.0
0.0
1.02206
0.0
0.0
0.0
0.0
0.0
0.0
0.0
0.0
0.0
0.0
0.0
0.0
0.0
0.0
0.0
0.0
0.0
0.0
0.0
0.0
0.0
0.0
0.0
0.0
0.0
0.0
0.0
0.0
0.0
0.0
0.0
0.0
0.0
0.0
0.0
0.0
0.0
0.450071
0.0
0.0
0.0
0.0
0.0
0.0
0.0
0.0
0.0
0.0
0.0
0.0
0.0
0.0
0.0
0.0
0.0121577
-0.000369636
-0.0733624
-0.0401313
-0.268131
0.0115095
-0.170069
-0.0421542
-0.0422358
0.0965671
-0.0417589
-0.191529
0.0827374
0.118024
0.00899212
0.113878
-0.0474601
0.0438817
-0.0722832
0.235448
0.882352
-0.085062
-0.128657
0.0252967
-0.346444
-0.191618
0.0757459
0.0800094
0.156531
0.0887752
0.0393672
0.0756349
-0.164166
-0.109369
0.0137905
-0.215
0.276096
0.392331
-0.420247
0.0375307
-0.0451629
-0.0203852
-0.0626793
-0.161495
0.120849
0.115541
-0.0517822
0.116454
0.0254588
0.0
0.0
0.0
0.0
0.0
0.0
0.0
0.0
0.0
0.0
0.0
0.0
0.0
0.0
0.0
0.0
0.0
0.0
0.0
-0.0225896
0.0
0.0
0.0
0.0
0.0
0.0
0.0
-0.32033
0.0
0.0
0.0
0.0
0.0
0.0
0.0
0.0
0.0
0.0
0.0
0.0
0.0
0.0
0.0
0.0
0.0
0.0
0.0
0.0
0.0
0.0
0.236199
0.0
0.0
0.0
0.0
0.0
0.0
0.0
0.0
0.0
0.0
0.0
0.0
0.0
0.0
0.0
0.0
0.0
0.0
0.490807
0.0
-0.750266
0.460259
0.0
0.0
0.0
0.0
0.0
0.0
0.0
0.0
0.0
0.0
0.0
0.0
0.0
0.0
0.0
0.0
0.683171
0.0
0.0
0.0
0.0
0.0
0.0
0.0
0.0
0.0
0.0
0.0
0.0
0.0
0.0
0.0
1.861
0.0
0.0
0.0
0.0
0.0
0.0
0.428341
0.0
0.0
0.0
0.0
0.0
0.0
0.0
0.0
0.0
0.0
0.0
0.0
0.0
0.0
0.0
0.0
0.0
0.0
0.0
0.0
0.0
0.0
0.0
0.0
0.0
0.0
0.0
0.0
0.0
0.0
0.0
0.0
0.0
0.0
0.0
0.0
0.0
0.0
0.0
0.0
0.0
0.0
0.0
0.0
0.0
0.0
0.0
0.0
0.0
0.0
0.0
0.0
0.0
0.0
0.0
0.0
-0.685156
0.0
0.0
0.0
0.0
0.0
0.0
0.0
0.0
0.0
0.0
0.0
0.0
0.0
0.0
0.0
0.0
0.0
0.0
0.0
0.0
0.0
0.0
0.0
0.0
0.0
0.0
-0.89747
0.0
0.0
0.0
0.0
0.0
0.0
0.0
0.0
0.0
0.0
0.0
0.0
-0.538614
0.0
0.0
0.0
0.0
0.0
0.0
-0.0244736
0.0
0.0
0.0
0.0
0.0
0.0
0.0
0.0
0.0
0.0
0.0
0.0
-1.5716
0.0
0.0
0.0
0.0
0.0
0.0
0.0
0.0
0.0
0.0
0.0
0.0
0.0
0.0
0.0
0.0
0.0
0.0
0.0
0.0
0.0
0.0
0.0
0.0
0.0
1.55704
0.0
0.0
0.0
0.0
0.0
0.0
0.0
0.0
0.0
0.0
0.0
0.0
0.0
0.0
0.0
0.0
0.0
0.0
0.0
0.0
0.0
0.0
0.0
0.0
0.0
0.0
0.0
0.0
0.0
0.0
0.0
0.0
0.0
0.0
0.0
0.0
0.0
0.0
0.0
0.0
0.0
0.0
0.0
0.0
0.0
0.0
0.0
-0.340165
0.0
0.0
0.0
0.0
0.0
0.0
0.0
0.0
0.0
0.0
0.0
0.0
0.0
0.0
0.0
0.0
0.0
0.0
0.0
0.0
0.0
0.0
0.0
0.0
0.0
0.0
0.0
0.0
0.0
0.0
0.0
0.0
0.0
0.0
0.0
0.0
0.0
0.0
0.0
0.0
0.0
0.0
0.0
0.0
0.0
0.0
0.0
-0.493328
0.0
0.0
0.0
0.0
0.0
0.0
0.0
0.0
0.0
0.0
0.0
0.0
0.0
0.0
0.0
0.0
0.0
0.0
0.0
0.0
0.0
0.0
0.390878
0.0
0.0
0.0
0.0
0.0
-0.99793
0.0
0.0
0.0
0.0
0.0
0.0
0.0
0.0
0.0
0.0
0.0
0.0
0.0
0.0
0.0
0.0
0.0
0.0
0.0
0.0
0.0
0.0
0.0
0.0
0.0
0.0
0.0
0.0
0.0
0.0
0.0
0.0
0.0
0.0
0.0
0.0
0.0
0.0
0.0
0.0
0.0
0.0
0.0
0.0089059
0.0
0.0
1.07708
0.0
0.0
0.0
0.0
0.0
0.0
2.07424
0.0
0.0
0.0
0.0
0.0
0.0
0.0
0.0
-0.329507
0.0
0.0
0.0
0.0
0.0
0.0
0.0
0.0
0.0
0.0
0.0
0.0
0.0
0.0
0.0
0.0
0.0
0.0
0.0
0.0
0.0
0.0
0.0
0.0
0.0
0.0
0.0
0.0
0.0
0.0
0.0
0.0
0.0
0.0
0.0
0.0
0.0
0.0
0.0
0.0
0.0
0.0
0.0
0.0
0.0
0.0
0.0
0.0
0.0
0.0
0.0
0.0
0.0
0.0
0.0
0.0
0.0
0.0
0.0
0.0
0.0
0.0
0.0
0.0
0.0
0.0
0.0
0.0
0.0
0.0
0.0
0.0
0.0
0.0
0.0
0.0
0.0
0.0
0.0
0.0
0.0
0.0
0.0
0.0
0.0
0.0
0.894293
0.0
0.0
0.0
0.0
0.0
0.0
0.0
0.0
0.0
0.0
0.0
0.0
0.0
0.0
0.0
0.0
0.0
0.0
0.0
0.0
0.0
0.0
0.0
0.0
0.0
0.0
0.0
0.0
0.0
0.0
0.0
0.0
0.0
0.0
0.0
0.0
0.0
0.0
0.0
0.0
0.0
0.0
0.0
0.0
0.0
0.0
0.0
0.0
0.0
0.0
0.0
0.0
0.0
0.0
0.0
0.0
0.0
0.0
-0.471806
0.0
0.0
0.0
0.0
0.0
0.0
0.0
0.0
-2.04239
0.0
0.0
0.0
0.0
0.0
0.0
0.0
0.0
0.0
0.0
0.0
0.0
0.0
0.0
0.0
0.0
0.0
0.0
0.0
0.0
0.0
0.0
0.0
0.0
0.0
0.0
0.0
0.0
0.0
0.0
0.0
0.0
0.0
0.0
0.0
0.0
0.0
0.0
0.0
0.0
0.0
0.0
0.0
0.0
0.0
0.0
0.0
0.0
0.0
0.0
-0.444037
0.0
0.0
0.0
0.0
0.0
0.0
0.0
0.0
0.0
0.0
0.0
0.0
0.0
0.0
0.0
0.0
0.0
0.0
0.0
0.0
0.0
1.84677
0.0
0.0
0.0
0.0
0.0
0.0
0.0
0.0
0.0
0.0
0.0
0.0
0.0
0.0
0.0
0.0
0.0
0.0
0.0
-0.431483
0.0
0.0
0.0
0.0
-0.713249
0.0
0.0
0.0
0.0
0.0
0.0
0.0
0.0
0.0
0.0
0.0
0.0
0.0
0.0
0.0
0.0
0.0
0.0
0.0
0.0
-0.394989
0.0
0.0
0.0
0.0
0.0
0.0
0.0
0.0
0.0
0.0
0.0
0.0
0.0
0.0
0.0
0.0
0.0
0.0
0.0
0.0
0.0
0.0
0.0
0.0
0.0
0.0
0.0
0.0
0.0
0.0
0.0
0.0
0.0
0.0
0.0
0.0
0.0
0.0
0.0
0.0
0.0
2.22277
0.0
0.0
0.0
0.0
0.0
0.0
0.0
0.0
0.0
1.00955
0.870375
0.0
0.0
0.0
0.0
0.0
0.0
0.0
0.0
0.0
0.0
0.0
0.0
0.0
0.0
0.0
0.0
0.0
0.0
0.0
0.0
0.0
0.0
0.0
0.0
0.0
0.0
0.358612
0.0
1.74689
0.0
0.0
-0.210448
0.0
0.0
0.0
0.0
0.0
0.0
0.0
0.0
0.0
0.0
0.0
0.0
0.0
0.0
0.0
0.0
0.0
0.0
0.0
0.0
0.0
-0.143723
0.0
0.0
0.0
0.0
0.0
0.0
0.0
0.0
0.0
0.0
0.0
0.0
0.0
0.0
0.0
0.0
0.0
0.0
0.0
0.0
0.0
0.0
0.0
0.0
0.0
0.0
0.0
0.0
0.0
0.0
0.0
0.0
0.0
0.0
0.0
0.0
0.0
0.0
0.0
0.0
0.0
0.0
0.0
0.0
0.0
0.0
0.0
0.0
0.0
0.0
0.0
0.0
0.0
0.0
0.0
0.0
0.0
0.0
0.0
0.0
0.0
0.041224
0.0
0.0
0.0
0.0
0.0
0.0
0.0
-2.10329
0.0
-0.000529498
0.0
0.0
0.0
0.0
0.0
0.0
0.0
0.0
0.0
0.0
0.0
0.0
0.0
0.0
0.0
0.0
0.0
0.0
0.0
0.0
0.0
0.0
0.634099
0.0
0.0
-1.07362
0.0
0.0
0.0
0.0
-0.666895
0.0
0.0
0.0
0.0
0.0
0.0
0.0
0.0
0.0
0.0
0.0
0.0
0.0
0.0
0.0
0.0
0.0
0.0
0.0
0.0
0.0
0.0
0.0
0.0
0.0
0.0
0.0
0.0
0.0
0.0
0.0
0.0
0.0
0.0
0.0
0.0
0.0
0.0
0.0
0.0
0.0
0.0
0.0
0.0
0.0
0.0
0.0
0.0
0.0
-0.659015
0.0
0.0
-0.888532
0.0
0.0
0.0
0.0
0.0
0.0
0.0
0.0
0.0
0.0
0.0
0.0
0.0
0.0
0.0
0.0
0.0
0.0
0.0
0.0
0.0
0.0
0.0
0.0
0.0
0.0
0.0
0.0
0.0
0.0
0.0
0.0
0.0
0.0
0.0
0.0
0.0
0.0
0.0
0.0
0.0
0.0
0.0
0.0
0.0
0.0
0.0
0.0
0.0
0.0
0.0
0.0
0.0
0.0
0.0
0.0
0.0
0.0
0.0
0.0
0.0
0.0
0.0
0.0
1.34836
0.0
0.0
0.0
0.0
0.0
-0.90678
0.0
0.0
0.0
0.0
0.0
0.0
0.0
0.0
0.0
0.0
0.0
0.0
0.0
0.0
0.0
0.0
0.0
0.0
0.0
0.0
0.0
0.0
0.0
0.0
1.87471
0.0
0.0
0.0
0.0
0.0
0.0
0.0
0.0
0.0
0.0
0.0
0.0
0.0
0.0
0.0
0.0
0.0
0.0
0.0
0.0
0.0
0.0
0.0
0.0
0.0
0.0
-0.549465
0.0
0.0
0.0
0.0
0.0
0.0
0.0
0.0
0.0
0.0
0.0
0.0
0.0
0.0
0.0
0.0
0.0
0.0
0.0
0.0
0.0
0.0
0.0
0.0
-1.03244
0.0
0.0
0.0
0.0
0.0
0.0
0.0
0.0
0.0
0.0
0.0
0.0
0.0
0.0
0.0
-2.64742
0.0
0.0
0.0
0.0
0.0
0.0
0.0
0.0
0.0
0.0
0.0
0.0
0.0
0.0
0.0
0.0
0.0
0.0
0.0
0.0
0.0
0.0
0.0
0.0
0.0
0.0
0.0
0.0
0.0
0.0
0.0
0.0
0.0
0.0
0.0
0.0
0.0
0.0
0.0
0.0
0.0
0.0
0.0
0.0
-0.053716
0.0
0.0
0.0
-0.60457
0.0
0.0
0.0
0.0
0.0
0.0
0.0
0.0
0.0
0.0
0.0
0.0
0.0
0.0
0.0
0.0
0.0
0.0
0.0
0.0
0.0
0.0
0.0
0.0
0.0
0.0
0.0
0.0
0.0
0.0
0.0
0.0
0.0
0.0
0.0
0.0
0.0
0.0
0.0
0.0
0.0
0.0
0.0
0.0
0.0
0.498751
0.0
0.0
0.0
0.0
0.0
0.0
0.0
0.0
0.0
0.0
0.0
0.0
-0.399172
-0.282279
0.0
0.0
0.0
0.0
0.0
0.0
0.0
0.0
0.0
0.0
0.0
0.0
0.0
0.0
0.0
0.0
-0.190529
0.0
0.0
0.0
0.0
0.0
0.0
0.0
0.0
0.0
0.0
0.0
0.0
0.0
0.0
0.0
0.0
0.0
0.0
0.0
0.0
0.0
0.0
0.0
0.0
0.0626564
0.0
0.0
-0.0684265
0.0
0.0
0.0
0.0
0.53469
0.0
0.0
0.0
0.0
0.0
0.0
0.0
0.0
0.0
0.0
1.45974
0.0
0.0
0.0
0.0
0.0
0.544393
0.0
0.0
0.00857348
-0.0931718
-0.0182865
0.0442753
-0.0428634
0.0837295
0.153843
0.0961492
-0.091591
0.161717
0.143431
-0.134905
0.270091
0.117458
-0.127418
0.0265482
-0.0705481
0.0982907
-0.052289
0.236773
0.725615
-0.164541
-0.0129806
0.131764
-0.206986
0.0744864
-0.180447
0.0574413
0.0177419
-0.0248478
-0.017371
-0.0175352
-0.0425021
-0.0882725
0.0523877
-0.00149453
0.0699948
0.0993459
0.0611381
0.0401211
-0.0101611
0.0112438
0.0907476
-0.0884128
-0.0386209
0.11533
-0.0309326
0.0740942
0.20014
0.0
0.0
0.0
0.0
0.0
0.0
0.0
0.0
0.0
0.0
0.0
0.0
0.0
0.0
0.0
0.0
0.0
0.0
0.0
0.480879
-0.223042
0.0
0.0
0.0
0.0
-1.56945
0.0
0.0
0.0
0.0
0.0
0.0
0.0
0.0
0.0
0.0
0.0
0.0
0.0
0.0
0.0
0.0
0.0
0.0
-0.0287045
0.0
0.0
0.0
0.0
0.0
0.0
0.0
0.0
0.0
0.0
0.0
0.0
0.0
0.0
0.0
0.0
0.0
0.0
0.0
0.0
0.0
0.0
0.0
0.0
0.0
0.0
0.0
0.0
0.0
0.0
0.0
0.0
0.0
0.0
0.0
0.0
0.0
0.0
0.0
0.0
0.0
0.0
0.0
0.0
0.0
0.110741
0.0
0.0
0.0
0.0
0.385108
0.0
0.0
0.0
0.0
0.0
0.0
0.0
0.0
0.0
0.0
-0.115282
0.0
0.0
0.0
0.0
0.0
0.0
0.0
0.0
0.0
0.0
0.0
0.0
0.0
0.0
0.0
0.0
0.0
0.0
0.0
0.0
0.0
0.0
0.0
0.0
0.0
0.0
0.0
0.0
0.0
0.0
0.0
0.0
0.0
0.0
0.0
0.0
0.0
0.0490722
0.0
0.0
0.0
0.0
0.0
-1.73803
0.0
0.0
0.0
0.0
0.0
0.0
0.0
0.0
0.0
0.0
0.0
0.0
0.0
0.192858
0.0
0.0
0.0
0.0
0.573054
0.0
-0.924574
0.0
0.0
0.0
0.0
0.0
0.0
0.0
0.0
0.0
0.0
0.0
0.0
0.0
0.0
0.0
0.0
0.0
0.0
0.0
0.0
0.0
0.0
0.0
0.163479
0.0
0.0
0.0
0.0
0.0
0.0
0.0
0.0
0.0
0.0
0.0
0.0
0.0
0.0
0.0
0.0
0.0
0.0
0.0
0.0
0.0
0.0
0.0
0.0
0.0
0.0
0.0
0.0
0.0
0.0
0.0
0.0
0.0
0.0
0.0
0.0
-0.735081
0.0
0.0
0.0
0.0
0.0
0.0
0.0
0.0
0.0
0.0
0.0
0.0
0.0
0.0
0.0
0.0
0.0
0.0
0.0
0.0
0.0
0.0
0.0
0.0
0.0
0.0
0.0
0.0
0.0
0.0
0.0
0.0
-2.03839
0.0
0.0
0.0
0.0
0.0
0.0
0.0
0.0
0.0
1.13674
0.0
0.0
0.0
0.0
0.0
0.0
0.0
0.0
0.0
0.0
0.0
0.0
0.0
0.0
0.0
0.0
0.0
0.0
0.0
0.0
0.0
0.954643
0.0
0.0
0.0
0.0
0.0
0.0
0.0
0.0
0.0
0.0
0.0
0.0
0.0
0.0
0.0
0.0
0.0
-0.474669
0.0
0.0
0.0
0.0
0.0
0.0
0.0
0.0
0.0
0.0
0.0
0.0
0.0
0.0
0.0
0.0
0.0
0.0
0.0
0.0
0.0
0.0
0.0
-1.64907
0.0
0.0
0.0
0.0
0.0
0.0
0.0
-0.219414
0.0
0.0
0.0
0.0
0.248182
0.0
0.0
0.0
0.0
0.0
0.0
-1.13469
0.0
0.0
0.0
0.0
0.0
0.0
0.0
0.0
0.0
0.0
0.0
0.0
0.0
0.0
0.0
0.0
0.0
0.0
0.0
0.0
0.0
0.0
-0.316061
0.0
0.0
0.0
0.0
0.0
0.0
0.0
0.0
0.0
0.00754448
0.14014
0.703296
-0.116729
0.0406598
0.0342397
0.525441
0.0753246
-1.11055
0.458229
1.01049
2.05862
0.74756
0.0987456
0.218238
-0.0268489
0.0249813
0.334356
-0.0995807
0.521003
0.532474
0.0128857
0.113824
0.151586
2.41878
0.0309617
0.912058
0.0675948
0.0240084
0.517742
0.228911
0.351391
-0.254172
1.32633
-1.68327
-0.335224
-0.296376
0.21272
0.228693
-0.448731
0.0263038
0.406469
0.344491
0.187439
0.23003
1.72339
0.626949
2.05829
-0.780629
0.0985237
-0.116354
-0.864833
0.000373349
0.000508212
-0.0485645
-0.631447
-0.289645
1.19443
-0.905661
-0.840581
-2.24634
-0.554071
-0.162119
-0.147659
0.0483758
-0.182135
-0.427503
0.114313
-0.576002
-0.619578
0.0778981
-0.189207
-0.0206865
-2.78963
0.166758
-0.648881
-0.0552054
-0.0602401
-0.396416
-0.243622
-0.154423
0.0533373
-1.54698
3.98267
0.237964
0.171254
-0.154942
-0.0564175
0.604285
-0.0425741
-0.507706
-0.257516
-0.244186
-0.46332
-1.91751
-0.585575
-2.33674
0.730868
0.00574743
-0.287346
-0.265059
-0.00208821
-0.00278456
-0.115826
-0.997573
0.177097
0.713324
-1.15824
0.358018
-0.611746
0.35469
-0.129856
0.654371
-0.050525
0.15256
0.571785
0.00871518
0.218424
0.667462
-0.806988
-0.0902148
-0.0815882
-0.243442
-0.0803732
0.384495
0.273946
0.000566055
-0.00313182
0.897935
-1.77915
-0.0920925
0.599877
-0.449984
0.150202
0.286946
-0.748239
-0.0376547
-0.171372
0.0276678
-0.222184
0.0554223
-0.71126
-1.30672
0.271819
0.0165424
0.297747
0.39887
-0.00258891
-0.152002
0.0679584
0.000780343
0.000934515
0.0455189
0.871476
0.0763435
-0.134264
0.665685
0.540555
0.135384
-0.192443
0.0183201
-0.190499
-0.0145461
-0.0843735
0.0203433
-0.00292029
0.587839
-1.30611
0.151174
0.22452
0.0772804
0.62209
0.358813
2.71526
-0.110481
-0.000789817
0.0309123
-0.346446
0.591651
-0.00460977
-0.0226528
-0.341223
-0.314116
-0.0103949
0.299802
0.0641899
-0.0894511
-0.01297
0.0360056
-0.0731891
0.652559
0.266217
0.911887
-0.108871
0.860403
0.444074
-0.00137643
0.0238414
-0.161647
-0.116387
0.0411236
-0.0145049
-0.106315
-0.214642
0.0837992
-0.447185
0.169948
-0.187353
0.193439
-0.0632262
0.0706429
0.0214769
-0.157141
-0.0932996
0.0145764
-0.0554186
-0.0864937
0.0910645
-0.0755529
0.130721
-0.370459
0.197837
0.265096
0.0124619
-0.0362544
0.121347
-0.0140593
0.196695
-0.200873
-0.221352
0.345829
-0.097289
-0.124917
0.0578155
0.172506
0.15551
-0.0162716
-0.101311
0.0870311
-0.0576505
-0.23613
-0.233383
0.0416844
0.552817
-0.0496577
0.000208636
-0.0113463
-0.0829137
-0.000903888
0.00203291
0.0347862
-0.0242373
-0.106804
-0.200878
0.0374937
0.0604169
0.107739
-0.0395463
0.0520031
-0.0253877
0.0277131
-0.103794
-0.000436022
0.101017
-0.256287
-0.120752
-0.118895
0.109125
0.0307296
0.0351979
0.179995
0.0360833
0.0803022
-0.0601006
-0.0256187
-0.00786065
0.0134707
-0.0996561
-0.0568444
0.14929
-0.0632193
0.0449183
-0.0844946
-0.0336531
0.0119504
-0.0283551
-0.129179
0.0945789
-0.166805
-0.11345
0.103653
-0.0966991
-0.015364
-0.139069
1.29769
0.131004
1.06383
3.83268e-05
0.00171208
0.0490159
-0.116556
-0.233805
0.167975
-0.188338
0.419125
-0.395501
1.48287
0.685868
-0.0999219
0.0106332
-0.0134326
-0.179574
0.0287324
-0.315518
-1.00174
-0.00139578
-0.115208
0.0309152
0.151332
-1.88086
0.11087
-1.38764
-0.0280578
0.00450155
0.142038
0.0516338
-0.0459864
0.201343
0.160373
-0.100564
-0.02825
-0.0522789
-0.0778645
-0.0619546
0.0071722
0.00512178
0.0454188
-0.047359
0.341972
0.192463
-0.0299408
-0.122901
-0.414199
1.79449
1.08882
-0.258425
-0.000859277
-1.66861
0.0203235
-0.264585
-0.106395
0.169317
-0.189772
0.47667
-0.28285
2.10995
0.0778581
-1.01963
0.00936844
-0.100337
0.000275696
0.10822
-0.296989
-0.452384
-0.110099
-0.0190083
0.0220117
0.00335199
1.95968
-1.58475
0.0637658
-0.0617253
-0.0324658
0.049724
-0.065248
-0.105331
-0.187266
0.234312
-0.0352129
2.16991
0.0642369
-0.102769
0.0204661
-0.0371739
-0.156195
0.107212
-0.33461
0.0492185
0.157835
-0.183089
-0.122956
-0.125641
1.72563
-1.48938
-2.08781
-0.00145284
2.504
0.0364448
-0.0406795
-0.0890253
-0.180369
0.0198048
0.0668774
0.0919773
-1.19998
2.37485
-2.96228
1.64004
1.54226
-0.049662
0.10157
-0.264068
-0.16032
-0.105321
0.0823226
0.0299335
0.96073
0.187404
-0.439352
1.08911
0.520849
-0.031449
0.0066205
0.0162272
-0.0991486
-0.0992213
0.1473
-0.0548859
0.0506645
2.11068
-0.0364145
4.88083e-05
-0.0277958
-0.117647
0.0986117
-0.169402
-0.10279
0.0874452
-0.0831287
-0.0620252
-0.160533
0.0009742
1.13224
1.93941
2.44757
2.65429
-2.50777
-0.0435608
-0.945712
-0.155363
0.00130687
0.0669256
0.114081
-0.0434258
0.062367
2.52043
2.25186
-0.0986814
-1.92381
0.101495
-0.259296
-0.218793
-0.117671
0.109512
0.0315443
1.65096
0.15465
2.05527
0.0746283
-0.355566
-0.0226114
0.00153678
0.0109311
-0.102327
-0.044396
0.125634
-0.0667349
0.0423805
-0.0672955
-0.0353286
0.00722225
-0.0292494
-0.11824
0.093148
-0.147018
-0.103186
0.09334
-0.0825198
-0.0566518
-0.156095
0.000628301
-0.0333177
2.19597
2.14096
1.61412
2.28422
-0.0695542
2.51625
-0.126427
0.0461711
0.0615546
0.0732833
-0.0149428
-2.28085
-0.0305788
2.67701
-1.9694
-0.0702889
0.100507
-0.779224
-0.23917
-0.100234
0.112704
0.0299927
0.0176291
-1.27
0.062084
2.02575
-0.0608665
-2.7503
1.61365
-0.011414
-2.62585
0.700097
0.0937797
-0.0656547
0.0387202
-0.0984376
-0.0427223
-0.0183224
-1.72395
-2.25902
0.0892978
-0.163955
-0.204606
0.0741884
-0.0812804
-0.0761314
-0.0984227
-0.0169732
0.0677981
-0.157618
2.48307
-0.500612
1.66514
0.97834
-1.58445
-0.00062928
0.398733
-0.687321
0.695952
-0.223771
0.202094
-0.139249
0.00782961
-0.323126
2.09943
-2.81277
2.14739
0.655796
0.1037
0.167709
-0.0518629
0.955911
-0.255358
0.32309
-0.945448
-0.0686123
-0.0331493
0.0357034
-0.00134725
-0.090345
0.44082
-0.766675
-0.14156
0.187666
-0.385266
-0.187094
-0.130902
-0.0384415
-0.178271
-1.0048
0.0614336
-0.2513
0.287248
-0.104397
0.666888
0.436622
-0.0269225
0.457592
0.168878
-0.000540668
0.406797
-0.826176
2.50634
2.17527
-0.340071
-0.513551
0.16736
-0.19541
0.103726
0.340255
-0.209895
0.0107623
-0.639452
-1.58552
-0.442358
0.301182
-0.593114
-0.0172652
-0.303857
0.0236165
2.00674
-0.506875
-0.582428
-0.0928217
-1.06839
-0.102145
2.26171
-0.703251
-0.141769
0.252095
-0.218863
-0.234576
0.194875
-0.403391
-2.4695
-0.146772
-0.0664495
-0.451872
0.170124
-0.415097
0.715594
1.105
-0.794981
1.19729
-0.519524
-0.00698565
-0.0599685
0.0260422
-0.0009831
0.00373654
-0.0275506
-2.90672
-2.50883
-2.51597
-1.78855
0.420895
-0.284424
0.0989164
-0.0216414
-0.0963069
0.00775167
0.0339607
0.349836
-2.48278
2.5433
-2.37501
-0.106283
-0.0571422
0.047398
-0.347696
0.273217
0.239912
1.118
-0.0311224
-0.076968
0.0771959
-0.0473733
-0.0595243
-2.09732
0.49296
-0.0319292
-0.00290269
-0.12244
0.0382893
0.212527
0.0173272
-0.145873
-0.0254047
-0.164787
-1.84216
0.0345062
-0.325492
-0.105182
-0.325159
0.022874
-0.00697358
-0.26848
-0.000883681
0.00202832
0.156335
-1.31553
2.64794
-0.867069
4.27442
-1.50271
0.931506
-0.277595
-0.0695132
0.175511
0.0783807
1.09756
-0.040717
0.460699
-3.70666
2.88523
-0.830459
0.767392
2.80606
0.230317
-0.0408665
0.649735
0.0258549
-0.00214684
0.0170908
-0.148588
-1.42722
1.5844
2.59594
-0.658502
-0.141717
-0.0864748
0.111544
0.166904
-0.582535
-0.00669764
-0.347837
0.0137374
-0.0260119
-0.460338
-0.145243
0.265402
-0.0349762
0.0388919
-0.0260366
-0.00610804
0.685338
-0.00014571
-0.000744917
-0.0306484
0.870758
0.5282
3.29793
-3.40814
2.99846
-0.562617
0.216516
0.0534945
-0.380113
-0.0232873
-0.0906555
0.0150067
0.118452
0.711377
-1.40522
-1.71715
-2.06637
2.36816
-0.528408
0.203319
-0.743423
0.0324543
-0.0619652
-0.0304427
0.054021
-0.0618202
-0.102072
-0.817806
0.64675
0.150824
0.219391
0.491839
-0.108253
0.32731
-0.0455027
0.00185583
0.0899152
-0.252769
2.57953
-0.0660406
-0.153245
-0.316791
-0.0111478
0.00293754
0.0778513
-0.183174
-0.000309854
-0.000125328
0.0269702
-0.449705
0.0829104
-1.24622
2.66629
-3.23398
-0.135024
-0.0466463
0.0170948
-0.0996509
0.0234527
-0.0664369
0.0749339
-0.00489266
-0.116551
-0.374966
1.89064
1.62139
-2.53151
0.52207
-0.121189
-0.0817284
0.0811595
-0.0167884
0.0706424
-0.149209
0.01069
2.28848
-0.491879
-2.78411
3.04412
-0.0562765
0.415665
-0.0565275
-0.196239
-0.0320578
0.145562
0.11529
0.213249
0.25799
-0.296237
0.545262
-0.24995
0.132926
-0.0081848
-0.0684734
-0.243835
-0.000578096
-0.00323001
-0.0224258
-0.0212925
0.150591
-0.00468983
-2.16902
2.8848
-1.29754
-0.256872
-0.0716811
0.174233
0.0144839
-0.186011
0.0495317
0.00255841
0.195399
1.26333
0.122486
-2.87607
1.93388
-0.224789
-0.0882202
0.0389174
0.0420003
-0.027352
0.0337914
-0.280803
0.0195673
-0.0341202
0.359486
-1.49441
-0.0609987
0.0214661
-0.149451
0.0765936
-0.233572
6.91017e-05
-0.167027
0.0788581
0.0200852
-0.09531
-0.273105
0.0358003
-0.271288
0.054408
-2.63409
1.17908
-0.362476
-0.000906052
0.000933911
0.00447717
-0.0454988
0.0923095
0.0365052
-0.118484
0.0195769
-0.0260708
2.54158
-1.5874
2.71229
0.0033632
-0.294893
0.0100602
0.00231573
0.0498777
-0.00525794
0.0585314
-0.021068
0.00161145
2.87137
-1.70658
-1.01571
-0.00594931
-0.0191208
0.00191552
-0.0283352
-0.00579015
-0.017822
0.107465
0.0071158
-0.050244
-0.0190672
0.866181
-2.2661
-0.0105056
-0.00457128
-0.0610725
0.0341237
0.0578076
-0.0900449
-0.164683
0.0521456
-0.166718
0.000561826
-2.08418
0.959569
-0.0105011
-0.000692092
0.0012037
0.0154033
-0.089171
0.0363018
0.0805189
-0.0767088
-0.0817228
0.0513673
-2.17364
-2.723
-0.874897
0.0175858
-0.0179462
-0.0648018
0.00167819
-0.0533737
-0.146076
-0.0250375
-0.0437126
0.00996614
-2.84156
-1.07975
-0.857342
1.64171
-0.00790629
0.0169558
0.0342895
-0.0161693
-0.0181269
-0.205731
-0.0771753
0.00593741
-0.0056433
-2.52291
0.0190733
-0.00148737
0.00123559
0.0100796
0.0133135
-0.0029933
0.0966038
-0.0687257
0.0190051
-0.087561
-0.0135616
-0.000526915
-1.87161
-0.0392848
2.14101
0.0021921
0.0388764
0.0199011
-0.127431
-0.213721
0.0630299
0.136545
0.119217
-0.0230943
0.0396371
0.471018
-2.72593
0.837795
0.00459592
0.102029
-0.267707
-0.00431534
-0.13758
0.14091
0.0280551
0.0157136
-1.97095
-0.515274
0.415067
-0.0611643
-0.028106
0.0106538
1.98218
-0.0997362
-0.147592
0.0974408
-0.0588243
0.0691091
-0.0788191
0.186522
0.0479457
1.27702
-0.143478
0.0952991
-0.214165
-0.151877
0.1271
-0.115697
0.0474228
-0.0483428
0.0069722
-0.11279
-1.01359
-0.000972738
-1.35492
0.388591
0.015582
-0.186729
-0.282151
0.0395847
0.0198192
0.0690012
0.0986169
0.0442117
-2.08821
1.91701
0.0496253
-0.0490457
-0.628511
-0.228167
0.113053
-0.0047737
0.0799727
0.0229964
-0.237696
2.91369
-0.599201
1.55477
2.13769
0.0100748
-0.229429
0.0813629
-0.094995
-0.0683973
0.150348
-0.0490656
0.010577
0.043536
-2.72545
-0.000783725
-0.022782
-0.0599377
0.00735918
-0.116395
-0.183531
-0.0541109
-0.0213485
-0.218911
-0.0737927
-0.0161215
-0.657771
1.21266
0.112605
-1.35962
2.29518
1.86412
-0.164121
-0.128435
0.290718
0.356767
0.466368
-0.0379533
0.126853
-0.60999
1.57323
-2.2136
-2.01708
-2.32529
-1.33266
0.0143579
-0.014513
0.369924
0.00928713
0.361408
-2.44888
-1.24665
-1.36204
-1.57075
0.0012314
0.299217
-0.280137
-0.0714164
0.0314296
-0.408507
-0.116441
0.122965
-0.112066
-0.102839
-0.0747064
-0.273929
0.951702
0.404547
-0.361179
-0.259391
0.377553
-0.0406814
0.132635
0.0493675
-0.00382179
-0.00802647
0.00900308
-0.000570785
-2.51544
-1.05439
2.30251
0.00604866
0.0655446
-0.0813412
0.0257608
0.00479461
0.0246283
-0.0053176
0.0377889
-0.158661
1.53353
0.952436
-0.601891
-0.105076
-0.0236216
0.0283017
-0.0123461
0.00882752
-0.156748
0.00742729
2.05132
-1.7848
0.000376384
0.0275691
2.55719
0.899779
1.57526
2.46491
-0.0156774
-0.0394236
-0.0394407
0.0688642
0.0133387
0.903715
0.00240905
-0.00120081
0.000372932
-1.09405
-0.0282575
-0.110994
0.0553736
-0.0869445
0.0244815
0.00707688
0.0788077
-0.12037
0.000496231
-0.00527776
-2.27174
-2.08414
-2.35935
0.84118
-0.528225
-0.557242
-0.259352
0.0943697
-0.15511
0.0407224
0.0454524
0.0880719
-1.13963
-2.88957
2.57403
1.68136
-0.0949098
-0.450594
-0.0683369
0.0875529
0.0297237
-1.61767
-0.501573
1.00899
0.536821
-1.68769
-2.53521
-2.64839
-0.2987
0.192051
0.534942
-0.132032
0.13979
-0.0842886
2.31824
1.99231
1.78517
0.0065252
1.0562
-2.02671
-0.710126
0.74728
-0.000220796
0.752352
0.0238117
0.153597
-1.0722
-0.00338813
0.00460503
-0.103517
3.16435
0.309453
-0.26373
-0.327446
-2.11385
0.24669
-0.342329
-0.162727
0.778963
0.0617095
-1.25888
-0.891161
-2.59844
3.56544
3.7958
0.693526
-0.442895
-0.0267106
-0.104347
-0.0799031
-0.0293696
0.232741
0.0012168
-1.86417
0.379904
-0.827058
0.484352
0.749423
-2.259
-1.88555
-0.246642
-0.803733
0.147129
-0.0991329
0.0540723
0.384351
-0.0159321
2.86745
0.10464
-0.366952
2.37728
0.393071
0.439976
0.000109365
-0.0202213
-0.0968803
-0.000366517
0.00228748
0.0251009
0.00473609
-1.55992
1.17329
0.653155
0.0534538
0.1034
-0.0278988
0.0624496
-0.0573489
0.0314199
-0.106694
-0.0142467
1.88876
0.784671
1.81713
-1.04651
-1.48146
0.0302933
-0.0492154
0.152283
0.122429
0.072251
-0.060406
-0.210192
-0.0188716
0.0801294
-0.0998991
0.222944
1.49568
-0.0851452
0.0359989
-0.0481428
-0.0308947
0.000825028
-0.0331673
-0.116342
0.0913486
-0.0616325
-1.93094
-2.36498
-0.0425632
-0.919051
-0.0753297
-0.00514284
0.12999
-0.0197339
-0.0010049
0.00481238
0.0570361
0.152329
0.555382
-0.144101
2.77967
2.38899
0.51991
0.367349
0.115645
-0.0645663
0.0135409
-0.0739841
0.0267498
1.15291
-1.32127
-0.251633
0.41679
-0.293246
-1.5187
0.40459
-0.0291311
0.253976
-0.00247405
-0.0256582
0.0241532
0.150604
-1.26897
-0.55191
1.94346
-1.19845
-0.231181
-0.0606673
0.0220951
-0.0350651
-0.0535908
-0.0244621
-0.151985
-2.25775
-0.169121
0.628774
0.0137935
-0.0265147
0.121933
0.0975357
-0.00126158
-0.0154423
-0.00159348
-0.00108266
0.00291053
0.0414952
-0.0538875
1.49016
-0.71361
-1.22222
2.8531
0.511696
-0.0113792
0.0569789
-0.0359307
0.0293144
-0.100142
-0.0301208
0.103141
-0.266343
-2.20194
2.85464
2.14072
-0.571835
-0.0863366
0.180137
0.061849
0.071258
-0.0610883
-0.0267003
0.00303833
2.89696
-0.101246
-0.0884418
2.72751
-2.60033
0.0803132
-0.0429592
-0.0324335
-0.0113754
-0.0279986
-0.127028
0.0936027
-0.164751
-0.0972337
3.05135
-0.0850361
-1.82996
-0.162331
-0.0216631
0.208544
0.173646
-0.000896919
0.000515658
0.0759333
0.097261
-0.0735823
-0.165359
-1.84195
1.14726
-1.46394
0.490697
0.212171
-0.151073
-0.0109986
-0.255921
-0.00140005
-0.0189097
-0.577253
-0.716355
-0.214837
0.423063
2.12517
1.67474
-0.00667628
0.260864
0.0306916
-0.0653364
0.0813656
0.274296
-0.0695192
-0.15573
-0.549328
1.50261
2.81224
0.231341
-0.178608
-0.264474
-0.316322
-0.00675809
-0.13719
0.240012
-0.610265
0.911987
0.227763
-2.75618
2.68524
-0.390622
0.0148407
1.14474
-0.190446
-0.00136591
0.00560785
0.00591532
-0.07975
-0.316776
-0.0679058
0.0588692
-0.0909105
0.179412
0.0526578
-1.77197
0.058679
-1.86997
0.312211
-0.016696
0.0845662
0.0886578
0.044625
-0.0490766
0.1424
0.0360264
-1.72522
1.89844
0.55372
0.0861344
0.0136059
0.123812
-0.502988
0.167845
-0.0702576
-0.378907
0.18918
0.0282181
1.61484
0.214703
-0.0298693
0.145772
0.555726
0.143266
-0.0910126
0.0276536
-0.186239
-0.0351317
0.0177564
-0.247361
0.0412768
1.01694
-2.91969
-0.504837
-0.00124846
0.00219423
-0.0339057
0.778859
0.152327
-0.742673
-0.0820109
-1.08312
1.00122
2.6812
1.11035
-0.792618
1.20508
0.382674
0.398578
0.0116254
0.957446
1.09746
0.325716
-0.132761
-0.0138975
-2.77142
0.268535
1.89459
0.0459059
0.00313914
2.24985
-0.551278
0.558645
-0.00387985
0.0281878
-0.570944
-0.125867
2.0785
-1.39435
0.791357
0.128239
-0.0255066
0.203916
0.016092
0.961487
-0.482698
-0.507469
0.68397
-0.228797
-0.216589
0.760698
-0.0191558
-0.0933074
-0.00117704
1.29105
0.0297241
0.0351891
-0.132493
-0.372466
0.0894683
0.0399146
0.192523
-2.39137
-2.32818
-0.0169905
0.0224223
-0.0727754
0.0144383
0.099922
-0.302771
0.0893858
-0.174078
0.123749
0.029687
0.177686
1.96005
-0.667862
-1.88926
-0.14085
-0.00570309
-0.0566985
-0.00209665
-0.0960234
-0.0696665
0.188863
-0.060561
0.0410942
-0.0340104
0.680305
-0.732535
-1.39738
-0.10689
0.0727173
-0.221319
-0.0673013
0.0937862
-0.144219
0.0100814
-0.106609
0.00233866
-0.0197038
1.4824
1.53548
-0.351156
2.47125
-0.045616
-0.123367
-0.154619
-0.0120496
0.0711142
0.102141
-1.53288
0.0563632
1.46439
2.82033
1.17483
-0.0291129
0.101304
-0.251099
-0.188683
-0.111119
0.0879998
0.0303997
-0.0544754
0.177528
0.638003
1.31065
2.12313
-0.0167556
-2.7693
0.0138644
-0.1017
-0.0905618
0.125578
-0.0647145
-0.541871
-2.79327
1.23564
-2.61741
0.0410276
-0.109602
0.0836289
-0.152271
-0.0936247
0.0867283
-0.0801702
-0.0798256
-0.147167
-0.00731074
0.0249597
2.0166
-0.721384
1.73772
0.0131032
-0.0683392
0.0176854
0.227212
-0.242278
0.0640484
-0.0521927
0.0302117
0.0110418
1.24813
0.000650177
0.701079
-0.0482725
0.00197323
0.057649
-0.278288
0.0911269
-0.053507
0.00591015
-0.287924
-0.215494
0.0262971
-1.84455
2.83761
-0.296756
-1.37227
0.990721
-0.0185521
0.0606716
-0.127117
-0.0456517
-0.0623291
0.0467208
0.00887117
0.831326
-1.62918
-0.231795
0.0144181
0.100174
-0.0950404
-0.109133
0.0792874
-0.200211
-0.0293869
-0.0181343
0.203525
0.0457791
-6.56327e-05
-0.818423
0.0195547
0.405664
0.0262775
0.0362998
-0.175899
0.0401144
0.000661378
-0.0744254
0.150931
-0.0535002
-0.86973
-2.44069
2.96162
-1.17013
-0.219973
-1.6691
-0.090959
-0.107391
0.00421519
0.933685
-0.311926
-0.103234
1.0667
1.78219
0.80204
0.256928
1.10687
-0.0589075
-2.2904
-0.0898358
-0.113053
0.0400998
-0.253858
-0.0760466
0.801952
-0.0193479
1.43
2.98239
-0.176556
0.103339
0.357231
-0.169254
0.537538
-0.0506602
-0.00325795
-0.0723303
-0.1034
-0.000597554
2.51087
-0.000210807
0.212305
-0.162023
-0.531046
-0.0111286
-0.0397276
0.147493
0.0953857
0.0666718
-0.198759
0.0284905
2.60793
1.00734
-0.627331
-1.19191
0.778352
3.14875
0.0941106
0.0151034
-0.225876
0.175678
0.646801
0.0358622
0.397889
-0.952083
1.20184
2.10275
-1.07948
0.123721
0.179195
-0.107591
-0.00564448
0.174096
-0.00675877
0.0429761
-1.1454
0.855368
-2.28607
2.90399
-0.269809
-0.327659
1.3689
-0.252577
0.0444785
-0.0033275
0.0242302
0.0103348
-0.000489355
-5.23577e-05
0.00368151
-2.7427
0.0186828
0.09246
-0.103281
0.0248192
-0.026185
0.0311931
0.0110595
0.0319312
-2.38342
-0.542954
0.0776541
1.83939
-0.737573
1.13877
0.0148135
-0.0108394
0.00440426
-0.0604798
-0.0250655
0.0138073
-0.00996824
2.89141
0.0210051
-2.60586
1.08485
1.79461
0.159426
-0.0437967
-0.0472234
-0.0302051
0.034088
-0.000891612
0.00347054
1.73655
1.96423
-1.77169
0.0135579
0.0115803
-0.0238892
0.00886558
0.226613
0.00892389
0.0159358
0.101735
-0.719275
-0.00110438
0.00132002
-0.0163534
-0.607195
-1.39393
0.958066
0.769205
-2.02631
-0.118615
0.0655017
-0.152259
0.0856051
-1.73551
0.0653502
-2.65362
1.52915
-0.704094
0.687324
-2.46619
-0.71386
-0.000827023
0.674598
-0.0344376
0.894441
0.111726
0.000802504
0.025726
-0.0580122
0.931546
-2.13987
3.10173
3.46894
-0.116082
-0.107926
-0.325101
0.112273
-0.759262
-0.404685
-0.0918393
-1.41914
0.523219
-1.79004
-0.704782
0.112892
-0.213936
-0.37987
-0.00449339
0.0121197
-0.0539634
-0.00107033
0.00895861
0.0160008
-0.16005
-0.353766
0.0155796
-2.5635
-0.413537
-0.744815
0.455124
0.0329758
-0.25528
-0.00532826
0.0660407
-0.275488
0.100048
-0.164895
-0.360544
2.22738
0.0933945
-0.249079
-0.0577917
0.433977
0.646652
-0.0723614
-0.0356567
-0.0864618
-2.40885
3.27006
-2.63055
-0.339466
0.616134
0.610554
-0.128666
-0.324876
-0.0805128
0.111334
0.0517301
-0.128364
-0.677527
0.0691614
2.72276
-0.329139
-0.57695
0.202232
-0.562194
-0.00524762
-0.0286387
0.0219161
-0.000674322
0.0013402
-0.00112678
-0.128267
-0.0152704
0.0761108
0.284625
0.181135
-0.824652
0.14858
-0.00529105
-0.0343487
-0.00392731
-0.00451756
-0.0792728
0.00567557
-0.0732654
0.0209053
-2.71297
2.53067
1.18017
-0.210966
0.00678836
0.285699
-0.0276035
-0.00105974
0.0357886
-0.0899813
0.0236728
-1.5364
-2.01266
1.48749
2.39017
-0.0483886
0.107739
0.0328924
0.0166724
0.00578953
-0.00551072
-0.0028149
0.0392364
-0.594578
-0.80169
0.113843
-2.52336
0.0111779
3.95386e-05
-0.0250313
-0.158415
-0.000824787
-0.000454228
0.0192086
0.137618
-0.11132
0.416489
1.88645
-0.0238966
0.180541
-0.0203982
0.0620069
-0.0462173
0.0230907
-0.10507
0.0595346
0.0970633
-0.161985
0.0816356
-0.0858967
-0.576458
2.69138
-0.0401041
0.13011
0.0119712
0.0765025
-0.0584184
-0.0195812
-0.0605069
-0.022041
-0.0945446
-0.0840626
-2.06203
-1.16433
0.0128924
0.0307395
-0.00361641
0.0976491
-0.0340973
-0.107124
0.0865298
-1.92976
0.809093
0.152508
0.308749
0.825351
0.0328457
-0.0103611
-0.0673395
0.329999
-0.000525407
0.00279769
0.0126961
-0.374758
-0.156339
0.207203
-0.142346
0.791194
-0.496826
0.0172916
-0.038988
-2.40062
-0.00491856
-0.0215443
-0.19158
0.0629395
-0.0360368
-0.537613
0.0716657
0.0665983
0.035373
-0.740587
-1.9582
0.337944
-0.0413651
2.82534
0.0276223
-0.038047
0.0698742
-0.0672272
0.275861
0.323848
-0.138784
-1.43906
1.48943
-0.0428826
-0.0307768
0.00725306
-0.0740514
0.00147304
-0.00717206
0.00473879
-0.00984924
0.115556
-0.239248
1.14242
-0.00523315
1.888
-0.0257712
-0.001561
-0.489453
0.0141644
-0.0183373
0.0296284
-0.0432987
-0.104262
-0.0686035
0.114673
-2.7751
-0.00812193
0.112687
0.00825477
0.0171515
0.0083332
0.0108191
-0.00435223
0.0106533
0.0511793
0.0116086
0.0132338
-1.8897
0.0623325
0.682914
0.0718438
-0.000163015
0.0535838
-0.111533
0.0836483
-0.0182206
-0.0239094
-0.0583679
-0.0393266
-2.79781
3.03659
-1.26734
-2.60138
-0.00187826
0.0264468
0.021451
0.105625
-0.074235
-0.154786
0.102223
-0.135303
0.609782
0.000510331
1.92521
0.225639
-0.000736283
2.40212
-0.0443527
0.0444241
0.00984401
0.248729
-0.154925
-0.132783
-0.213408
0.102088
-0.0320523
0.0149148
0.0133514
0.0258859
-0.0759296
-0.00147782
0.532331
0.182262
-0.00924503
-0.14582
-0.0149985
-0.767515
0.09714
-1.04256
-2.51642
0.635794
2.34317
-0.0920791
-0.0475199
-0.0146465
-0.14073
0.12741
0.0458576
-0.0855454
0.685958
1.8891
-1.58461
0.013318
0.17233
-0.0189326
0.305974
-0.162193
-0.237775
0.231771
-0.0783234
1.38426
-0.00916466
0.00540187
0.0194941
-0.00113836
0.00136445
2.44665
-0.0197244
0.00602892
0.136851
-0.198975
0.0544866
-0.035339
0.041398
-1.76605
0.0869146
0.323044
2.9435
0.0159098
0.00242071
0.0322875
-0.077007
0.051273
-0.0426598
0.00858666
-0.253883
1.37716
1.25347
0.722886
-0.000773006
0.6499
-0.0526428
0.0259443
-0.0299002
-0.0705719
-0.0479807
-0.0737262
-0.0744292
-0.943911
0.00818207
-0.300821
-2.8873
2.04559
0.735069
0.0633982
-0.00148098
-0.107776
0.0687229
-0.113243
-1.21799
0.0133899
-1.06542
-0.119249
0.00119998
-0.00481986
-0.0886135
-0.33678
-0.0117527
0.468844
0.136056
-0.172149
-0.0519889
0.0368419
-0.121798
-0.0561275
0.04896
-0.430244
-0.321209
-0.908218
0.525167
0.167872
-0.0262192
0.0630654
-0.0217915
-0.628928
0.0969279
0.041133
0.0606923
2.09318
-1.73304
-0.246545
-0.0352266
-0.0187386
-0.0713154
-0.0410956
0.0445809
-0.110957
0.326006
-2.97863
1.12567
-1.15792
0.314369
-0.0210101
0.507126
-0.632807
-0.670027
0.631981
-0.457045
0.417789
-0.0142042
0.0743116
0.0299783
-0.000808324
-0.000594829
0.0128225
0.0299662
2.48844
0.161793
-0.118987
0.0671576
0.0203647
-0.0960682
0.00406187
0.0834911
0.00894937
0.472705
1.36817
0.00077007
-1.48463
-0.0840162
0.0240391
-0.0420001
0.00591279
-0.0187074
-0.0819845
0.0382433
-2.20644
-2.55928
0.166189
-0.167513
-0.000717955
-0.0207507
-0.0510015
-0.0121852
-0.0491173
-0.0185067
-0.0317579
0.000264197
-2.34479
-0.00875985
-0.937462
1.68945
0.0021533
-0.0149747
0.00510299
0.018889
0.0512144
-0.0445793
0.0138364
-0.177797
-0.180942
-0.000306878
-0.00182086
2.72177
-0.10552
-1.91278
0.626966
-0.0247767
-0.388506
-0.0218642
0.0619341
-0.16739
-0.117614
-2.88057
0.0708353
-0.227028
0.00775328
1.62729
0.556873
0.0501422
-0.121481
-0.0273342
-0.670794
0.194442
-0.427903
0.107312
0.00270233
-0.350919
-1.64169
0.179015
0.0149313
1.16823
-0.00121591
0.193858
-0.168496
0.239603
-0.00752947
0.392307
-2.51037
2.82671
1.23373
1.37472
-0.768823
-1.02528
0.809756
-0.517181
0.679453
-0.0233503
0.200254
0.15033
-0.00155797
0.00193743
0.166956
0.32213
0.0464813
-0.441865
-0.251478
0.468803
-0.205744
0.032458
0.335916
-0.0145537
0.00476059
-0.203057
0.399816
-1.52331
-4.54833
-2.38556
-0.00606983
-0.00617888
0.0589252
0.55144
-0.141178
-0.209724
-0.0286974
-0.0634642
0.651644
-0.853826
2.46045
-0.743028
-2.8355
-1.75003
-0.383738
0.320036
-0.521891
-0.18625
-0.309232
-0.100426
-0.746483
0.397668
-2.12249
0.748514
1.35499
-2.29813
1.71408
-0.669076
-0.0238575
0.205455
0.317139
-0.00107564
-0.000928681
0.18039
0.221429
0.808804
-0.0473123
0.348921
0.674656
0.131288
-0.0883016
0.256779
0.0313986
-0.00176314
-0.102399
0.617749
-0.0174017
-2.53162
-1.41793
-0.207911
0.108357
0.00483386
0.898987
-0.228428
-1.37234
0.047759
-0.0623446
-0.0379757
0.342543
-1.93322
1.3187
-0.739684
-0.650756
-2.66031
0.404461
-0.283555
-0.186711
-0.360034
-0.0548852
-0.668154
0.408391
-1.11535
2.47221
0.807705
-0.923963
0.902467
-0.249124
0.0161372
-0.0687706
-0.19357
-5.77325e-05
-0.00120227
-0.0915858
-0.199117
-0.292979
-0.943672
0.0236156
-0.941892
0.464563
-0.171518
-0.169393
0.19097
0.0485096
0.0835163
-0.230924
0.0271746
1.30017
0.205371
0.252308
-0.546241
0.00835692
-0.46397
0.207903
-0.0889239
0.116276
0.00260519
0.0701878
-0.325277
-1.88112
0.00505954
-0.564618
-1.48736
-1.04267
-0.209789
0.238982
0.0541689
0.344382
0.0309179
0.586565
-2.80967
0.836245
-1.0713
-2.20205
-0.945269
-1.76032
0.0415048
-0.0218037
0.294716
0.145294
-0.00124077
0.00149147
0.127549
0.323886
0.151565
-0.267832
0.138605
0.720195
-0.0692079
0.173268
0.28808
0.05823
-0.000527819
-0.310205
0.385978
-2.72985
0.903816
-0.937948
0.746491
0.00134403
0.0226272
1.60913
-0.258797
-0.229971
0.0275279
-0.0651795
0.0385023
0.43588
-0.0514281
-0.160576
-0.519919
-0.166975
-0.449493
0.324623
-0.286774
-0.132344
-0.337128
-0.0393332
-0.39835
0.218869
-0.831066
1.20272
3.85017
1.19378
0.0345131
-0.387302
0.0106949
-0.0920589
0.0242848
-0.000685982
0.00248723
-0.0392697
-0.275072
-0.333772
0.330072
-0.0605795
0.323014
-0.108589
-0.0249781
-0.122024
0.135765
0.0204225
0.0519963
-0.218873
0.0669957
0.357343
-0.221493
-0.177371
-0.624594
0.0499974
-0.76533
0.283853
0.298653
0.034853
-0.00309483
-0.0266802
-0.00607335
-0.206471
-0.0212216
-0.236417
0.169599
1.1329
-0.0886112
-0.0808184
0.087622
0.21779
0.02027
0.0669692
-0.0655191
0.246647
-2.81336
-0.179729
2.30878
1.3672
-0.100496
0.00314224
0.0371223
-0.092344
-0.1149
0.0381429
-0.0501694
-0.0373865
-0.11308
0.16412
-0.343871
0.0770199
-0.259857
0.191882
-0.120171
0.0458939
-0.0155958
-0.0549824
-0.0526075
-0.0866776
0.168026
0.1238
0.16028
-0.142568
0.0963584
-0.165038
2.77971
0.139982
-0.0527183
0.0246368
0.119015
0.0203826
0.161738
-0.0852007
-0.124631
0.237324
0.00597973
0.113023
0.0804056
0.791776
0.138817
1.89058
0.0133308
-0.00566823
0.0462821
-0.0969782
-0.221047
0.0676441
-0.118483
-0.522476
-0.472623
-0.66494
0.332376
-0.871231
-0.292108
0.372152
-0.64375
-0.0195754
-2.28684
0.13432
-0.502722
-0.589944
-0.528588
-0.661127
0.259568
0.0393424
-0.519301
-0.662945
0.270769
-0.938478
-0.604764
-0.665458
0.547901
-1.1306
0.138963
-0.502704
-2.36436
-1.76914
-1.15042
2.24776
-2.51996
-0.479141
0.0763942
1.40041
0.472491
2.22773
-1.54801
-0.595782
7.01254
-3.44207
-4.6596
0.140879
-1.30656
3.02125
-2.07123
-2.93994
-1.26279
-2.37563
-0.816333
-0.89626
-0.484007
-0.575989
-0.191297
0.000746851
-0.366298
-0.145474
0.0150033
-0.0905639
-0.318408
-1.49135
-0.500607
-0.56389
0.544073
-0.810413
-0.610155
-1.04843
0.525598
-0.880829
-1.13832
0.637403
0.498159
-1.05602
-0.0727994
-0.119429
0.809712
-0.154866
4.25876
-4.7714
-7.85404
4.82382
5.827
-3.40173
-4.75287
-2.52307
-0.784562
-0.634526
0.254604
-0.893923
-0.412313
0.0132339
0.393047
-1.26404
-0.887206
-0.62597
0.285507
-0.874594
-3.79599
-2.94543
-4.86157
-2.38804
-0.120189
-1.7634
1.46152
-0.455139
0.210867
-3.36589
0.438903
-2.15716
-0.367553
-0.644612
0.621042
-0.774455
-0.5276
-0.766728
0.272085
-0.950819
-0.217039
-1.57524
-0.296969
-1.00144
-0.200798
0.476638
-1.48657
-0.335123
-1.41618
-2.22128
0.00134567
-0.540075
0.836267
1.42598
1.29502
0.693039
-2.24769
-1.50867
2.67895
-3.77473
1.83555
3.74147
2.99307
1.69543
-0.643299
-0.136469
0.580861
1.51685
-0.984624
0.722732
0.428972
0.459079
-1.73476
0.0105016
0.0874998
0.183059
-0.0489835
-0.400908
0.145262
-0.410236
0.940129
-1.02784
-1.5487
1.15462
0.0216213
0.198472
-0.371808
-0.0543833
0.961932
-3.21262
-1.1645
1.17926
-0.0995743
-0.0549422
-0.381841
-0.138251
2.16299
-3.85797
-2.03408
2.38148
-2.69692
6.35916
2.09091
-2.98046
-2.68742
2.78665
-3.54058
-1.96943
1.41424
-3.80181
-1.59496
0.517706
-2.7166
0.0626892
-4.26138
-1.61468
0.965217
-0.613389
0.512787
0.235647
-2.51107
-0.76065
0.254587
-1.55501
