[125, 25, 25, 4]
0.0
0.0
0.0
0.0
0.0
0.0
0.0
0.0
0.0
0.0
0.0
0.0
0.0
0.0
0.0
0.0
0.0
0.0
0.0
0.0
0.0
0.0
0.0
0.0
0.0
0.0
0.0
0.0
0.0
0.0
0.0
0.0
0.0
0.0
0.0
0.0
0.713338
0.0
0.0
0.0
0.0
-0.184676
0.0
0.0
0.260054
0.0
0.0
0.0
0.0
0.0
0.0
0.0
0.0
0.0
0.0628709
0.0
-1.95637
0.0
0.0
0.0
0.0
0.0
0.0
0.0
0.0
0.0
0.0
0.0
0.0
1.12776
0.0
0.0
0.0
0.0
0.0
-2.21357
-1.35996
-0.868974
1.45027
-0.496196
0.31297
1.68595
0.769493
0.281059
-0.279137
0.902268
-0.90893
-0.299929
-0.21977
0.216054
-0.64246
0.385653
-1.08562
-1.66713
0.118984
-1.36208
0.348087
0.110102
-0.110509
-0.16243
0.0
0.0
0.0
0.0
2.14138
0.0
0.0
0.0
0.939852
0.0
0.0
0.910881
0.0
0.0
0.0
0.0
0.0
0.0
0.0
0.0
-0.288884
0.0
0.0
0.0
-1.56828
-2.51581
-1.01351
-0.883931
0.617405
-0.374128
-0.162511
1.35822
-0.45765
0.831989
-0.281387
0.570522
-0.534791
1.7107
-0.0177064
-0.330489
-1.63188
-0.530868
-0.492069
-1.11752
-1.18086
-1.7168
-0.780435
-0.763108
1.47457
-0.285223
-1.10975
0.0
0.0
-0.628313
0.778704
0.0
0.0
0.0
0.0
0.0
0.0
0.0
0.922942
0.0
0.0
0.0
0.0
0.0431071
0.0
0.0
0.0
0.0
0.0
0.0
0.0
-1.74054
-0.336369
-0.851242
0.531951
-0.124454
-0.089385
1.0081
0.424894
2.61032
0.0162092
-0.0878633
-0.188625
2.70168
-0.0112016
-0.434679
-0.237318
-0.862183
-0.266567
0.186649
-1.1995
-1.26588
-1.05982
0.194232
-0.922397
-0.0867391
0.0
-0.496198
-0.871581
-0.360383
0.0
0.0
-0.509829
0.0
0.0
0.0
0.0
0.0
0.0
0.0
0.0
0.0
0.0
0.0
0.0
0.796793
0.0
0.0573664
1.38757
0.0
1.11659
0.0
0.0
0.0
0.0
0.0
0.0
0.0
0.0
0.0
0.402955
0.0
0.0
0.0
0.0
0.0
0.0
0.0
0.0
0.0
0.0
-0.28572
0.0
0.0
0.0
0.0
0.0
-0.613092
0.0
1.82795
0.0
0.0
0.0
0.0
0.0
0.0
0.0
0.0
0.0
-0.21781
0.0
0.0
0.0
0.0
0.0
0.0
0.0
0.0
0.0
0.0
0.0
0.0
0.0
0.0
0.0
0.0
0.0
0.0
0.0
0.0
0.0
0.0
0.0
0.0
0.0
0.0
0.0
0.0
0.551529
0.0
0.0
0.0
0.0
0.0
0.485673
0.0
0.0
-1.12051
0.0
-0.580578
0.0
0.0
0.0
0.0
0.0
0.0
0.0
0.0
0.0
0.0
0.0
0.0
0.0
0.0
-1.46645
0.0
0.0
0.0
0.0
0.0
0.0
-1.65218
-0.170384
-0.534577
0.221613
-0.492365
0.389661
1.41069
0.966231
0.322156
-0.367205
0.535628
-0.856625
-0.449896
-0.102847
0.197177
-0.412195
0.374023
-1.15947
-0.796067
-0.545738
-1.09079
0.617201
-0.27564
1.16568
-0.168887
0.0
0.0
0.0
0.0
1.70252
0.0
0.0
0.0
0.0
0.0
0.0
0.0
0.0
0.102125
0.0
0.604523
0.0
0.0
0.0
0.0
0.0
0.0
0.0
0.0
-0.405114
0.0
0.0
0.0
0.508693
0.0
0.0
-0.748216
0.0
0.0
0.0
0.0
0.0
0.0
0.0
0.0
0.0875069
0.0
-1.58697
0.0
0.0
0.0
0.0
0.0
0.0
0.0
0.0
0.0
0.0
0.0
0.0
0.0
0.0
0.0
0.0
0.0
0.0
0.0
0.0
0.0
0.0
0.0
0.0
0.0
0.0
0.0
0.0
-1.33122
0.0
0.0
0.0
0.0
0.0
0.0
0.0
0.0
0.0
0.0
0.0
0.0
0.0
0.0
0.0
0.0
0.0
0.0
-1.04196
0.0
-0.0973003
0.0
0.0
0.0
0.755294
-0.701771
0.0
0.0
0.40787
0.0
0.0
0.0
0.0
0.0
0.0
0.0
0.0
0.0
0.0
0.0
0.0
0.0
-0.000835052
0.0
0.0
0.0
0.0
0.0
0.0
0.0
0.0
0.0
0.0
0.0
0.0
0.0
0.0
0.0
0.0
0.0
0.0
0.0
-0.750631
0.0
0.0
0.0
0.0
0.0
0.0
0.653021
0.0
0.0
0.0
0.0
0.0
0.0
-0.131695
0.0
0.0
0.0
0.0
0.0
0.599538
0.0
0.0
0.0
0.0
0.0
0.0
0.0
0.0
0.0
0.0
0.0
0.0
0.0
0.0
0.0
0.0
0.0
0.156795
0.889008
0.0
0.0
0.0
0.0
-1.2411
0.0
0.0
0.0
0.0
0.0
0.0
0.0
0.0
0.0
0.0
0.0
0.0
0.0
0.0
0.0
0.0
0.0
0.0
0.0
0.0
0.0
-1.04865
0.0
0.0
0.0
0.0
0.0
-0.214804
-0.168162
0.0
-0.387767
0.0
0.0
0.0
0.0
-0.725463
0.0
0.0
0.0
0.0
0.0
0.0
0.0
0.0
0.0
0.0
0.0
0.00886509
0.0
0.0
0.0
0.0
0.0
0.0
-0.813634
0.0
2.96281
0.0
0.0
0.0
0.0
0.0
0.0
0.0
0.0
0.0
0.0
0.0
0.0
0.0
0.0
0.0
0.0
-0.386003
0.0
0.0
0.0
0.0
0.0
0.0
0.0
0.0
-0.563125
0.0
0.240588
0.0
0.0
0.0
0.0
0.0
0.0
0.0
0.0
0.0
0.0
0.0
0.0
0.0
0.0
0.0
0.0
0.0
0.0
0.0
0.720646
0.0
0.0
0.0
0.0
0.0
0.0
0.0
-0.13646
0.0
0.0
0.0
0.0
0.0
0.0
0.0
0.0
0.0
-1.33248
-0.119947
0.0
0.0
0.0
0.0
0.0
0.819126
0.0
0.0
0.0
0.0
0.0
0.0
0.0
0.0
0.0
0.0
0.0
0.0
0.0
0.0
0.0
0.0
0.0
0.0
0.0
0.0
0.0
-0.241993
0.0
0.0
0.0
-0.622837
0.0
0.0
0.0
-0.30476
0.0
0.0
0.0
-1.14679
0.0
-0.0743688
0.0
0.0
0.0
0.0
-0.250283
0.0
0.0
0.0
0.0
0.0
0.0
0.0
2.72195
0.0
0.0
0.0
0.0
0.0
0.0
0.0
0.0
0.0
0.0
0.0
1.35319
0.0
0.0
0.0
0.0
0.0
0.0
0.0
0.0
0.0
0.0
0.0
0.0
0.0
0.0
0.0
0.0
0.0
0.0
0.0
0.0
0.0
0.0
0.0
0.0
0.0
0.0
0.0
0.0
0.0
1.01353
0.0
0.0
0.0
-1.7615
0.0
1.25302
0.0
0.0
0.0
0.0
0.0
0.0
0.0
0.0
0.0
0.0
0.0
0.0
-1.80163
0.0
0.0
0.0
0.0
0.0
0.0
-1.65589
-1.25589
0.346576
-0.238376
-0.230323
0.00801972
0.759039
-0.168954
1.09835
-0.0469739
-0.589409
-0.215078
0.367018
0.162647
-0.241974
-0.599839
-0.175888
-0.39312
-0.197645
0.299022
-0.853666
-0.21777
0.554361
-0.118867
-0.045828
0.0
0.0
0.0
0.0
0.0
0.0
0.0
0.0
0.0
0.0
0.0
0.0
0.0
-0.775429
0.861063
0.0
0.0160771
0.0
0.0
0.0
0.0
0.0
0.0
1.62501
0.0
0.554162
0.0
0.0
0.0
0.0
0.0
-0.385436
0.0
0.0
0.0
0.0
0.0
0.0
0.0
0.885561
-0.243005
0.0
0.0
0.0
0.0
0.0
0.0
0.0
0.0
0.0
-1.54431
-0.259775
-0.488757
-0.0549718
-0.481048
0.388479
1.44908
1.18477
0.40066
-1.60993
-0.310472
-0.838198
-0.446852
-0.126283
0.231842
-0.697523
0.546892
-1.10792
-0.816669
0.719445
-1.05935
1.09577
-0.461086
0.859133
-0.124811
0.0
-0.0695064
0.0
0.0
0.0
0.0
0.0
0.0
0.0
0.0
0.0
0.0
0.0
0.0
0.0
-1.13797
0.0
0.0
0.0
0.0
0.0
0.0
0.0
0.0
0.0
0.0
0.0
0.0
0.0
0.0
0.0
0.0
0.0
0.0
0.0
0.0
3.64645
0.0
1.23747
0.0
0.0
0.0
0.0
0.0
0.0
0.0
0.0
0.0
0.0
0.0
0.0
0.0
0.0
0.0
0.0
0.0
0.0
0.0
0.0
0.0
0.0
0.0
0.412559
0.0
0.0
-1.8415
0.0
0.0
0.0
0.0
-0.766864
0.0
0.0
0.0
0.0
0.0
0.0
0.0
0.0
0.0
1.4519
0.0
0.0
0.0
-2.38134
1.11601
0.0
0.0
0.0
0.0
0.0
0.0
0.0
0.0
0.0
0.0
0.0
0.0
0.0
0.0
0.0
0.0
0.0
0.0
0.425572
0.0
0.0
0.0
0.0
0.0
0.0
0.0
0.0
0.0
0.0
0.0
0.0
0.0
0.0
0.087185
0.0
0.0723576
0.0
0.0
0.0
0.0
0.0
0.0
0.0
0.0
0.0
0.0
0.0
0.0
0.0
0.0
0.0
0.0
0.0
0.0
0.0
0.346653
0.0
0.0
0.0
0.0
-0.955593
0.0
0.0
0.0
0.0
0.0
0.0
0.0
0.0
0.0
0.0
0.0
0.0
0.0
0.0
0.0
0.0
0.0
1.68141
0.0
0.0
-0.567358
-0.15504
0.204047
0.0
0.0
0.0
0.0
0.0
0.0
0.0
0.0
0.0
0.0
0.0
0.0
0.0
0.0
0.0
0.0
0.0
0.0
0.0
0.0
0.0
0.0
0.0
0.0
0.0
0.0
0.0
0.0
0.0
0.0
-1.19348
-0.30362
-0.227162
0.510205
-0.00271572
-0.15936
0.568298
-0.656817
1.92605
0.0752201
-0.920268
-0.0596942
1.8021
0.0950894
-0.452852
0.0872337
-0.135239
-0.0893552
0.795694
-0.34916
-0.710913
-0.334928
-0.257733
1.20177
0.0171721
0.0
0.0
0.0
0.0
0.0
0.0
0.0
0.0
0.574071
0.0
-0.667193
0.0
0.0
0.0
0.0
0.0
0.0
0.0
0.0
0.0
0.0
0.0
0.0
0.0
0.0
0.0
0.0
0.0
0.0
0.0
0.0
0.0
0.0
0.0
0.0
1.2997
0.0
-0.0802393
0.0
0.0
0.0
0.0
0.0
0.0
0.0
0.0
0.0
0.0
0.0
0.0
0.0
0.0
0.0
0.0
0.0
0.0
0.0
0.0
0.0
0.0
0.0
0.0
0.402915
1.18262
-1.05103
0.0
0.0
0.0
0.0
0.0
0.0
0.0
0.0
0.0
0.0
0.0
0.0
0.0
0.0
0.0
0.0
0.701715
0.0
0.0
-0.149701
0.0
0.0
0.0
0.0
0.0
0.161818
0.0
0.0
0.0
0.0
0.0
0.0
0.0
0.840925
0.0
0.0
0.903909
0.0
0.0
0.0
0.0
0.0
0.0
0.0
0.0
-0.16481
0.0
0.0
0.0
0.0
0.0
0.0
0.0
0.0
0.0
0.0
0.0
0.0
0.0
0.0
0.0
0.0
0.0
0.0
0.0
0.0
0.0
0.174356
0.0
0.0
0.0
0.0
0.0
0.0
0.0
-0.706896
0.0
0.0
0.0
0.0
0.0
-0.951907
0.0
0.0
0.0
0.0
0.0
0.0
0.0
0.0
0.0
0.0
-0.991024
0.0
0.0
0.0
0.0
0.0
0.0
0.0
0.511307
-0.373675
0.0
-1.41146
0.0
0.0
0.0
0.0
0.0
0.0
0.0
0.0
0.0
0.0
0.0
0.0
0.0
0.0
0.0
0.0
0.0
0.0
0.880023
0.0
0.0
0.0
0.0
0.0
0.0
0.0
0.0
0.80093
0.0
0.0
0.0
0.0
0.860314
0.0
0.0
0.0
0.0
0.0
0.375623
-2.70757
0.0
0.0
0.0
0.0
0.0
0.0
0.0
0.565784
0.0
0.0
0.0
0.0
0.0
0.0
0.0
0.0
0.0
0.0
0.0
0.0
0.0
0.0
0.0
0.0
0.0
0.0
0.0
0.0
0.0
0.0
0.0
0.0
0.0
0.0
-0.0511744
0.0
0.0
0.0
0.0
0.0
0.0
0.0
0.0
0.0
-0.578397
0.0
0.0
0.0
0.0
0.0
0.0
0.0
0.0
0.0
0.0
-1.19503
0.0
0.0
0.0
0.0
0.0
-0.535021
0.0
0.0
0.0
0.0
-0.338284
0.72249
0.925559
0.0791583
-0.514358
0.369982
0.850198
-0.397065
-0.326478
0.148687
0.121991
-0.467799
-0.774283
0.0260123
0.312287
0.310885
0.377623
-1.39035
0.792641
-0.376359
-0.599756
0.702296
-0.595355
-0.0314689
-0.0254476
0.0
-0.409028
0.0
0.0
0.0
0.17426
1.97752
-0.827038
0.0
0.0
0.0
0.0
0.0
0.0
0.0
0.0
0.0
0.0
0.0
0.0
0.0
0.0
-1.54468
0.0
0.0
0.0
0.0
0.0
0.0
0.0
0.0
0.0
0.0
0.0
0.0
0.0
0.0
0.0
0.0
0.0
0.0
0.0
0.0
0.0
0.0
0.0
0.0
-0.0862838
0.0
0.0
0.0
0.0
0.0
0.0
0.0
0.0
0.0
0.0
0.0
0.0
0.0
0.0
0.608027
-0.0565667
0.0
0.0
0.0
0.0
0.0
0.0
0.0
0.0
0.0
0.0
0.46794
0.0
-0.183002
0.0
0.853505
0.0
0.0
0.0
0.0
0.0
0.0503696
0.0
0.0
0.0
0.0
0.0
0.0
0.0
0.0
0.0
0.0
0.0
0.0
0.0
0.0
0.0
0.0
0.0
0.0
0.0
0.0
0.0
0.0
0.0
0.0
0.0
0.0
0.0
0.0
0.0
0.0
0.0
0.0
0.0
0.0
-0.432293
0.0
0.0
0.0
0.0
0.0
0.0
0.0
0.0
0.0
0.0
0.0
0.0
0.0
0.0
0.0
0.0
0.0
0.0
0.0
0.0
0.0
0.0
0.0
-1.2159
0.0
0.0
0.0
0.0
0.0
0.0
0.0
0.0
0.0
0.0
0.0
0.0
0.0
0.0
0.0
0.0
0.0
-2.74172
0.0
-0.0650332
0.0
0.0
-0.164152
0.0
0.0
-0.432155
0.391118
0.0
1.19583
0.0
0.0
0.0
0.0
0.0
0.0
0.0
0.0
0.0
0.0
0.0
-1.42876
1.13943
0.0
0.0
0.0
0.0
0.0
0.0
0.0
0.0
0.0
0.0
0.0
0.0
0.0
0.0
0.0
0.0
0.484762
0.0
0.0
0.0
0.0
0.0
0.0
0.0
0.0
0.0
0.0
0.0
0.0
0.0
0.0
0.0
0.0
0.0
0.0
0.0
0.0
0.0
0.0
-0.553937
0.00984624
0.238243
-0.514123
-0.150025
-0.0593248
0.268953
-0.462679
0.675802
0.417443
-1.20125
0.329882
1.03779
0.195667
-0.482538
0.46541
0.433617
-0.277452
1.03008
1.53167
-0.194756
-0.65878
-0.116407
0.178792
0.227487
0.0
0.0
0.0
-0.603071
0.0
0.620631
0.0
0.0
0.0
0.0
0.0
0.0
0.0
0.0
0.0
0.0
-0.934146
0.0
0.0
0.0
-0.74059
0.0
0.0
0.0
0.0
0.0
0.0
0.773664
0.0
0.0
0.0
0.0
0.0
0.0
0.0
0.0
-0.0408237
0.0
0.0
0.0
0.0
0.0
0.0
0.343268
0.442407
0.0
0.0
0.0
0.0
0.0
0.0
0.0
0.0
0.492782
0.0
0.0
0.817881
-0.732189
0.0
0.0
0.0
0.0
0.0
0.0
0.0
0.0
0.0
0.0
0.0
0.0
0.0
0.0
0.0
0.0
0.0
0.0
0.0
0.0
0.0
0.0
0.873079
0.0
0.0
0.0
0.0
0.0
0.0
-1.84768
0.0
0.0
0.0
0.0
1.08966
0.0
0.0
0.0
0.0
0.745659
0.0
0.0
0.0
0.0
-1.08923
0.0
0.0
0.466731
0.0
0.0
0.0
0.0
0.0
1.06327
0.0
0.0
0.0
0.0
0.0
0.0
0.0
0.0
0.0
0.0
0.0
-0.408321
0.0
0.0
0.0
-0.5514
0.0
0.0
0.0
0.0
0.0
1.32132
0.0
0.0
0.0
0.0
0.0
0.0
0.0
0.0
0.0
0.0
0.0
0.0
0.0
0.0
0.0
0.0
0.0
0.0
0.0
0.0
0.0
0.0
0.0
0.627541
0.0
0.0
0.0
0.388848
0.0
0.0
0.0
0.0
-0.379297
0.0
0.0
0.0
-0.920335
0.0
0.0
0.0
-0.428765
0.303945
0.0
0.0
0.0
0.0
0.0
0.0
-0.502398
0.0
0.0
0.0
0.0
0.0
0.0
0.0
0.0
0.0
0.0
0.0
0.0
0.0
0.0
0.0
0.0
0.0
0.0
0.0
0.0
0.0
0.0
0.0
0.0
0.0
0.0
0.461411
0.0
0.0
0.0
0.0
0.0
0.0
0.0
0.0
1.62673
0.0
0.0
0.0
0.0
0.666577
0.0
0.0
0.0
0.0
0.0
0.0
0.0
0.0
0.0
0.0
-0.858146
0.0
0.0
0.0
0.0
0.0
0.0
0.0
1.14483
0.0
0.0
0.0
0.0
0.0
-1.1453
0.0
0.0
0.0
0.0
0.0
0.0
0.0
0.0
0.0
0.0
0.0
0.485969
0.0
-0.332168
0.0
0.0
0.0
0.0
0.0
0.0
0.0
0.0
0.0
0.0
0.0
0.0
1.15707
0.334348
1.04041
1.3147
-0.304294
0.090186
0.0628295
0.571193
-1.1246
-0.150161
0.137638
-0.629042
-0.699295
0.0449826
0.252614
-0.188727
0.937127
-0.702498
-0.047437
0.842229
-0.0993325
1.53098
0.186379
-0.457567
0.134015
0.0
-0.123866
0.0
0.0
0.0
0.0
0.0
0.0
0.0
0.0
0.0
0.504914
0.0
0.0
0.0
0.0
0.0
0.0
0.0
0.0
0.0
0.0
0.362346
0.0
0.0
0.0
-1.40272
0.0
0.0
0.0
0.0
0.0
0.143621
0.0
0.0
0.0
0.0
0.0
0.0
0.0
0.0
-0.203797
0.0
0.0
0.0
0.0
0.0
0.0
0.0
0.0
0.0
0.0
0.0
0.0
0.0
0.0
0.0
0.0
0.0
0.0
0.0
0.0
0.0
0.0
-0.468517
0.0
0.0
0.192518
0.0
0.0
0.0
3.41893
0.0
0.0
0.0
0.0
0.0
-1.56182
0.0
0.0
0.0
0.0
0.0
0.0
0.0
0.102657
0.0
0.0
0.0
0.0
0.0
0.0
0.0
0.0
0.0
0.0
0.0
0.0
0.0
-0.0989031
-0.5939
-0.0736502
0.0
0.0
0.0
0.0
0.0
0.0
0.0
0.0
0.0
0.0
0.0
0.0
0.0
0.0
0.0
0.0
0.0
0.0
0.0
0.0
0.0
-1.15504
0.0
0.0
0.0
0.0
0.0
0.0
0.0
0.0
0.0
0.0
0.0
0.0
0.0
0.0
0.0
0.0
0.0
0.0
0.0
0.0
0.0
0.0
0.0
0.0
0.0
0.566718
0.0
0.0
0.22872
0.0
0.0
0.0
0.0
-1.69615
0.393915
0.0
0.0
0.0
0.0
-0.775515
0.0
0.0
0.0
0.0
0.0
0.0
0.0
0.0
0.0
0.0
0.0
0.0
0.0
0.0
0.0
0.0
-0.823834
0.0
0.0
0.0
0.0
0.0
0.0
0.0
1.79843
0.0
0.0
0.0
0.0
0.48087
0.0
0.0
0.0
0.0
0.0
0.0
0.0
0.0
0.0
0.0
0.0
-0.355694
0.0
0.0
0.0
0.0
0.0
0.0
0.0
0.0
0.0
0.0
0.0
0.0
0.0
1.14764
0.0
0.0
0.0
0.0
0.0
0.0
0.0
0.0
0.0
0.0
0.0
0.0
0.0
0.0
0.0
0.0
0.0
0.0
0.0
1.39744
0.0
0.0
0.0
0.0
0.0
0.0
0.0
0.0
0.0
-0.00360478
-1.24295
0.0
0.0
0.0
0.0
0.0
0.0
0.0
0.0
0.0
-1.12728
0.0
0.0
0.0
0.0
0.0
0.0
0.0
0.0
0.0
0.0
0.0
0.0
0.0
0.0
1.61964
-0.192087
1.50769
1.01038
-0.411427
0.152256
0.019542
-0.192908
-0.827779
0.0257419
0.288228
0.181528
-0.145612
0.190417
-0.0579058
0.200626
0.680379
-1.00317
0.713643
-0.137723
-0.0481721
0.316656
-0.192628
-0.959651
0.0238955
0.0
0.0
0.0
0.0
0.0
0.0
0.0
0.0
0.0
0.0
-0.492375
0.0
0.0
0.0
-0.690066
0.0
0.0
0.0
0.636654
0.0
0.0
0.0
0.0
0.0
0.0
-0.820683
0.0
0.0
0.0
-0.139974
0.0
0.0
1.60271
0.0
0.0
-1.24357
0.0
0.0
0.0
0.0
0.0
0.0
0.0
0.0
0.0
0.0
0.0
0.0
0.0
0.0
0.0
0.0
-2.38684
0.0
0.0
0.0
0.0
0.0
0.0
0.0
0.0
0.0803745
-1.18796
0.0
0.0
0.0
0.0
0.0
0.0
0.0
0.0
0.0
0.0
0.0
0.0
0.0
0.0
0.0
0.0
0.0
0.0
0.0
-0.363078
0.0
0.0
0.0
0.0
-0.0261702
0.0
0.0
0.0
0.0
0.0
0.0
0.0
0.0
0.0
0.0
0.0
0.0
0.0
0.0
0.0
0.0
0.0
-1.56528
0.0
0.0
0.0
0.0
-0.0667782
0.0
0.0
0.0
0.0
0.0
0.0
0.0
0.0
0.0
-0.606627
0.0
0.0
0.0
0.0
0.0
0.0
0.0
0.0
1.55588
0.0
0.0
0.0
0.0
-0.0321431
0.0
0.0
0.0
0.0
0.0
0.0
0.0
0.0
0.0
0.0
0.0
0.0
0.0
0.0
0.0
0.0
0.0
0.0
0.258251
0.0
0.0
0.0
0.0
0.0
0.0
0.0
0.0
0.0
0.0
0.0
0.0
0.0
0.0
0.740816
0.913274
0.0
0.0
0.0
0.0
0.0
0.195875
0.4998
0.127525
-0.70639
-0.146893
-0.100606
0.0333198
-0.403635
0.9343
0.177027
-0.110494
0.192894
1.25555
0.207145
-0.481246
0.7484
0.622001
-0.19159
0.375883
0.932817
0.0882418
-0.413356
-0.206266
0.322502
0.226718
0.0
0.0
0.685088
0.0
1.0904
0.0
-0.817884
0.0
0.60883
0.0
0.0
0.0
0.0
0.0
0.0
0.0
0.0
0.0
0.0
0.0
0.0
0.0
0.0
0.0
0.0
0.0
0.0
0.0
0.0
0.0
1.64441
0.0
-1.51692
0.0
0.0
0.0
0.0
0.0
0.0
0.0
0.0
0.0
0.0
0.0
0.0
0.0
0.0
0.0
0.0
0.0
0.0
0.0
0.0
0.0
0.0
0.0
0.0
0.0
0.0
0.0
0.0
0.0
0.0
0.0
0.0
0.0
1.79759
0.0
0.0
0.0
0.615631
-0.175444
0.0
-0.653294
-0.722675
0.0
0.0
0.0
0.0
0.0
0.0
0.0
0.0
0.0
0.0
0.0
-0.185306
0.0
0.0
0.0
0.0
0.0
0.0
0.0
0.0
0.0
0.0
0.0
0.0
0.0
0.762886
-0.0345085
1.35726
0.382244
-0.436166
0.118361
0.120936
-1.43528
-0.667578
-1.87374
0.887237
0.256421
-0.204103
0.187648
-0.13399
0.998685
0.605056
-0.89456
0.0981431
0.333052
-0.089384
0.022659
0.257269
0.157907
0.0904562
0.0
0.0
0.0
0.0
0.0
0.0
0.0
0.0
0.0
0.0
0.290576
0.0
0.0
0.0
0.0
0.0
0.0
0.0
-0.491031
0.0
0.0
0.0
0.0
0.0
0.0
0.0
0.0
0.0
0.0
0.0
0.0
0.0
0.0
0.0
0.0
0.0
0.0
0.0
0.0
0.0
0.0
-1.44515
0.0
0.0
0.0
0.0
0.0
0.0
0.0
0.0
-0.0590647
0.0
0.0
0.0
-1.1023
0.405771
0.0
0.0
0.0
0.0
0.0
0.0
0.0
0.0
0.0
0.0
0.0
0.0
0.0
0.0
-0.536482
0.0
0.0
0.0
0.0
0.0
0.0
0.0
0.0
0.0
0.521047
0.0
0.0
0.0
0.0
0.0
0.0
0.0
0.0
0.0
0.0
0.0
-0.00796828
0.0
0.0
0.0
0.0
0.0
0.0
0.0
0.253673
0.199154
0.110345
-0.622583
-0.16483
-0.0852209
-0.0166233
-0.273454
0.877214
0.148866
-0.0573177
0.189636
1.21585
0.207497
-0.48692
0.782177
0.654983
-0.205107
0.277586
0.626267
0.145265
-0.437974
-0.143993
0.395497
0.226828
0.0
0.0
0.0
0.0
0.0
0.0
0.0
0.0
0.0
0.0
0.0
0.0
0.0
0.0
0.0
0.0
0.0
0.0
0.0
0.0
0.348648
0.0
-1.12006
0.0
0.0
-0.455182
0.0
0.0
0.0
0.0
0.0
-0.592478
0.0
0.0
0.0
0.0
0.0
0.106994
0.0
0.0
-2.47081
0.0
0.0
0.0
-0.545483
0.0
0.0
-0.555708
0.486977
0.0
0.0
0.0
0.0
0.0
0.0
0.0
0.0
0.0
0.0
0.0
0.0
0.0
0.0
0.0
0.0
0.0
0.0
0.456546
0.0
-0.358021
0.0
0.0
0.0
0.0
0.0
0.214536
0.0
0.0
0.0
0.0
0.0
0.0
0.0
0.0
0.0
0.0
0.0
0.434999
0.0
0.51448
0.0
0.0
0.0
0.0
0.0
0.961025
0.0
0.0
0.0
0.0
0.0
0.0
0.0
0.0
0.0
0.0
0.0
0.0
1.76568
0.0
0.0
0.0
0.0
-0.567929
0.0
0.0
0.0
0.0
0.0
0.0
0.0
0.0
-0.421145
0.0
0.0
0.0
0.0
0.0
0.0
0.0
0.0
1.62518
0.0
0.0
0.0
0.0
0.0
0.0
0.0
0.0
1.3776
0.0
0.0
0.0
0.0
0.0
0.0
0.0
0.0
0.0
0.36757
0.512742
0.824863
-2.39305
-0.434329
-0.0926036
-0.316866
0.847043
-1.14486
-0.0758388
-0.75864
0.102119
-0.143692
0.190682
-0.282712
1.08267
0.753863
-0.717695
-0.433372
0.960347
0.14419
0.930165
-0.298826
-0.622223
-0.0657005
1.71062
0.0
0.0
0.0
0.0
0.0
0.0
0.0
0.0
0.0
0.0
0.0
0.0
0.0
0.0
0.0
0.0
0.0
0.0
0.0
0.0
0.0
0.0
0.0
0.0
0.556344
-0.173657
0.16904
0.815165
-0.295097
-0.00718402
-0.190326
-0.456372
0.21229
0.240976
0.017977
0.268864
1.0749
0.209437
-0.489737
0.765867
0.671404
-0.516313
1.20956
-0.337913
0.240686
-0.271591
-0.303538
0.121273
0.108352
0.0
0.0
0.0
0.0
-0.605091
0.0
0.0
0.0
0.0
0.0
-1.48363
0.0
0.0
0.0
0.0
0.0
0.0
0.700427
0.0
0.0
0.0
-0.0858708
0.0
0.0
0.0
0.0
0.0
0.0
0.0
0.341745
0.0
0.0
0.0
0.0
0.0
0.0
0.0
0.0
0.0
1.58373
0.0
0.0
0.0
0.0
0.0
0.0
0.0
0.0
0.0
0.45184
0.0
0.0
0.0
0.0
0.0
0.0
0.0
0.0
0.0
0.0
0.0
0.0
0.0
0.0
0.053294
0.0
0.0
-0.997027
0.0
0.0
0.0
0.0
0.0
0.0
0.0
0.0
0.0
0.0
0.0
0.0
0.0
0.0
0.0
0.0
0.0
0.0
-1.38236
0.0
0.0
-1.22063
0.0
0.0
0.0
0.0
0.0
0.0
0.0
0.0
0.0
0.0
1.51198
3.29288
3.31822
1.06282
0.34491
2.28551
-1.07646
-1.75409
2.20688
0.00282872
-1.01994
1.62661
3.51723
3.51641
-1.45919
0.278273
-1.49533
0.201181
0.582088
0.878659
-0.765008
-1.04
-0.638645
0.680239
0.331209
-2.15306
-4.28194
-2.6397
1.96256
0.761047
-3.75793
1.96644
0.334356
-3.33979
-0.167818
0.362098
-1.7583
-3.95559
-4.62922
2.53919
0.929323
1.34274
-0.486327
-0.28282
0.210034
1.97178
1.45365
0.934569
0.18967
-0.125395
0.574211
0.119197
-1.2317
1.17206
2.74756
0.267065
-1.98728
0.281237
-0.542902
-0.647919
-0.403904
0.18381
-0.682818
-3.28838
-0.221641
0.649737
0.292311
1.3844
0.736746
-2.14718
3.19807
-0.573389
0.54034
-0.901348
-2.72641
2.47323
0.212118
-0.106313
-4.37864
-3.3807
-0.903028
-3.44738
-0.8243
0.386137
0.627516
-1.01205
2.18691
1.32591
-0.342914
3.58331
-0.779171
-2.73825
-0.972661
0.35233
-0.556943
-3.01351
-0.49901
0.295835
0.923833
0.84261
-0.489752
0.193134
0.212283
1.19725
1.30325
-1.47248
0.890746
-0.171746
-1.13428
-1.59769
-0.657833
-0.131562
-0.43834
0.150498
1.08024
-0.0338061
-0.152531
-0.28457
0.299273
1.08864
1.20732
0.362292
0.295844
0.869873
0.205519
2.92499
0.161222
0.0153225
0.0929308
-0.863551
0.251267
0.162451
-0.496851
-0.303574
0.0334036
0.226055
-0.902314
-2.08687
0.360448
0.245288
0.522186
-0.574497
-0.746038
0.0591152
0.963935
0.271587
-1.14163
2.70715
-0.00534095
0.480619
1.96634
-0.0825518
1.14205
-0.285315
-1.0598
-1.3505
0.117901
0.379476
0.96168
-0.0152378
0.0412747
0.0224821
1.12995
0.488894
-0.965068
-0.364033
0.0276676
0.414051
0.0419034
-0.571668
-0.415137
-0.818775
0.487816
-0.161792
0.142842
1.24625
1.74094
-1.31591
-0.297119
-0.646205
0.491788
0.20919
0.577857
1.67763
-0.00823269
0.0702921
0.608267
1.45374
-0.087854
-1.9906
0.138045
-0.00911654
-1.051
-0.0624487
-1.1023
-0.472298
-0.782914
-0.782965
0.209067
-0.628084
1.82941
-1.9119
-2.23094
1.59909
3.16629
0.454909
-1.81692
-0.149899
0.0821615
-0.258724
0.396775
0.709453
-1.10977
2.13934
-1.87078
2.05691
2.52045
0.564351
-0.411902
-0.770276
-0.705906
0.78111
-0.17354
0.234646
1.31759
-1.67862
2.52228
2.01449
2.86921
3.75568
-3.16361
0.42498
-0.0331036
-0.584999
-0.236812
0.442668
-1.80285
1.18479
1.90923
0.798935
3.06624
-1.09295
-3.41252
-0.401238
-1.8643
-1.8018
-1.44721
-0.564991
-0.53781
1.5945
0.496179
2.0917
4.22706
1.76907
3.50996
3.15453
1.44226
2.45685
-1.58635
0.0735034
-0.0155982
-1.61218
0.401154
-1.91701
-0.415607
1.96028
-3.74744
1.73601
0.15706
-1.08573
2.85002
1.79575
1.1695
0.148924
0.531537
-1.30946
1.04042
-1.19721
4.28668
-0.724888
2.03023
1.15549
-2.02429
-0.162173
-0.105494
0.0267824
-0.176138
1.35405
-0.749441
-2.58315
0.861537
-2.16848
5.42977
-2.68167
3.58171
2.0002
-1.19872
0.161918
-0.623969
-1.22692
1.12662
0.616448
0.757617
0.124485
0.294021
-1.42681
1.61604
2.18806
-0.205456
-0.0245834
0.013756
0.377864
-0.101288
-0.0486063
0.112215
-0.0210181
-0.50798
-1.45448
-0.405946
-0.280206
-1.20686
0.0567854
0.24391
-0.0330278
0.762501
-1.56915
1.26726
-0.402074
0.481065
0.0414579
-0.227904
-1.32985
-1.62409
-2.97352
-1.48233
0.19304
0.800852
-0.800516
0.154374
-0.173958
-0.358542
0.326425
0.15669
-2.92068
1.81156
-1.04479
-0.755411
-0.00452214
0.365408
-0.483217
0.00425989
0.180215
0.0650098
-0.0580585
-0.0974628
-0.746829
-0.563173
2.39489
0.201149
2.40039
0.00114765
0.153755
0.0181106
0.0112321
0.100895
-0.0348144
1.03516
0.041062
0.525478
-1.70268
2.46574
-0.698114
0.1615
2.70975
-0.364779
-0.0645948
0.130511
-0.013155
-0.101029
-0.130504
0.118756
0.808114
0.630308
2.04991
-2.70176
2.10963
0.924713
-0.549506
0.794112
-0.195713
0.000666448
-0.155812
-0.0733664
-0.348337
-0.431714
-1.05229
-1.03746
-2.20107
2.38638
0.235505
-1.09038
0.867899
0.294181
-0.527153
1.28986
0.172086
-0.961163
-0.223933
0.466833
1.98423
-2.30269
-0.209608
0.531914
-0.477785
2.60501
-1.03793
-0.255277
0.410023
0.0649759
-0.0974016
0.308205
2.59043
-0.374419
-2.50667
0.0265735
0.580052
1.1163
1.47748
0.554109
0.0636351
1.18457
2.51928
0.0663855
-0.972939
-1.92423
2.95017
-1.8101
-1.11897
-1.19992
-0.268352
-0.504342
0.34887
1.041
-0.0343673
-0.583428
2.02887
-0.12515
-2.50387
1.69129
0.0133113
-8.31094
-0.80219
0.17603
-0.640455
0.571461
-1.29657
1.73487
-0.00145634
-0.461383
0.103535
0.0838953
-0.738713
1.01462
-2.11151
6.68406
0.914019
0.610923
-0.0718876
-0.188871
0.648296
0.357537
0.510413
-1.65534
0.251721
4.28601
-2.25462
0.970387
0.684904
-1.33464
-0.245795
0.479551
-0.448446
-1.09791
0.634084
0.113553
0.0715883
1.12142
-1.43567
-3.52147
-1.74929
-0.96568
1.75058
1.59012
-0.0176721
0.774517
0.263872
-0.273352
0.0190988
0.207883
-3.80202
0.852236
-1.3103
0.556696
2.4236
0.25498
-0.80642
-1.1108
-0.140192
0.507394
-0.194111
0.441673
1.40434
-0.741878
-0.385513
0.0460491
-2.70959
0.997049
0.220909
-0.373663
-0.538916
-0.549961
0.153998
-0.516298
-0.11401
-0.858469
-0.572882
-0.234352
0.088034
-0.498504
-2.41512
-1.55129
-3.16946
0.393802
0.712982
-0.263469
0.395452
2.37879
-0.145988
0.705156
-3.96012
1.53493
0.0476594
-0.0553653
-1.24021
-1.14734
-0.436567
1.76536
-1.26532
0.733754
0.0544849
1.40612
-0.911192
0.275582
-0.327183
-0.260653
1.20271
1.02382
-0.555629
0.504041
0.010697
0.0218828
-0.0360812
-0.55813
-0.989685
1.15715
1.44923
-2.58298
-0.606699
-2.31794
-0.126971
1.65424
-0.235329
0.182202
-0.0943343
0.0851681
-0.283175
0.00159418
0.197742
0.108209
-2.00308
-1.32994
2.44511
-0.0505233
-0.893516
0.0650802
-0.0211824
0.113855
0.608034
0.620931
-0.201666
-0.214078
1.07703
1.53429
-0.564527
-0.45219
-0.122762
0.104567
0.668872
0.185226
0.0689387
1.3966
-1.3154
-2.02127
0.592338
-1.42725
-0.777448
-0.689451
-2.33632
-0.943586
-0.158962
0.328943
-0.0333936
0.399484
-1.18734
-0.893182
0.296838
1.00119
-0.686089
-2.96964
1.07494
2.1162
2.42907
0.38936
0.129297
-0.765876
1.23358
0.0627305
-2.40641
0.777572
-1.90539
-0.538916
4.53292
-0.448968
-1.28178
-0.251439
0.122189
1.50238
0.735715
0.826633
0.258193
0.176861
-1.57869
-1.43822
-2.51318
2.85395
0.923945
0.551189
0.898592
-0.307383
-0.211557
-0.246167
-1.15043
-0.185934
-0.487476
-0.643612
-0.503744
-0.243542
-1.50045
0.852067
0.303931
0.412167
-0.577641
-0.61802
-0.885794
-0.0539385
0.106541
-1.01264
0.0477875
1.57257
2.78851
0.658399
1.73221
-3.02541
0.802361
0.521001
-0.055634
-0.0425621
0.412526
0.036318
-0.683395
-0.915537
-0.313962
0.304035
-0.666617
2.85983
2.56796
-0.874044
-1.06626
-0.0465964
-0.415831
-0.1714
0.691859
0.67503
1.23517
-1.49239
0.869523
1.58162
-0.449944
-1.46499
0.970563
-0.821608
-0.35103
-0.625292
-0.0340243
-0.970547
0.0826355
-1.13174
1.51788
-0.906894
-1.41597
3.17675
-0.00814378
-0.451056
-0.648727
-0.155702
-0.177768
0.97331
-0.0438404
-0.370468
-0.39154
-1.46317
3.3158
2.08865
-0.622885
-1.18301
2.50183
-0.797202
0.766437
0.195559
0.534869
-0.641683
-1.0492
0.64892
1.16805
-2.14241
0.715027
-1.89325
1.09856
-2.06839
1.39573
0.570809
-0.383306
-2.22795
-0.419194
-0.882139
-0.736463
-1.96652
0.75202
2.39518
1.21303
-0.0811667
1.33873
0.091567
1.20123
0.891586
0.109551
1.1493
0.00621513
-0.195441
0.010647
-1.08999
-0.522996
-0.46581
-2.18823
1.72441
-1.87698
-0.109576
-0.541218
0.578896
1.78013
0.976299
-0.487149
0.108758
0.870363
-0.900402
13.0521
-8.98249
-10.3978
5.18487
-5.12837
-3.95777
-6.69565
-5.13838
-2.74347
-4.71326
-3.78074
-7.24981
-1.569
-1.53232
1.05263
-1.45131
-0.228276
1.66591
2.81209
-5.03063
-1.47183
-1.04204
-0.339111
-0.791193
-7.90936
3.17636
-7.28957
5.3564
0.492461
-0.610745
2.49426
-0.755634
-2.71677
-2.40896
1.0529
-3.91038
0.571143
0.987458
-0.713222
0.0342489
0.157509
0.0263241
0.527222
-1.87901
-4.8702
3.56378
2.98127
-3.57094
-4.3183
-0.0133158
-2.91392
-3.44979
-2.36774
-2.08994
-1.50192
-3.16634
-6.7563
4.98524
1.84951
-2.06096
-1.64286
-1.67956
0.906854
-1.18109
2.7644
-1.50623
4.57119
-3.71887
-1.95976
-2.2571
-0.690747
3.55572
-0.104515
-0.52117
-0.291068
-0.277972
-0.136224
4.01792
-8.12323
2.58947
-1.45521
5.75315
-9.88232
7.70492
-0.989063
-0.0817401
2.2523
-0.526181
3.01369
-2.81288
-1.35181
0.333432
-1.39556
-1.75717
0.538094
-1.00142
5.58455
-5.3436
0.0412469
-0.663105
-2.67274
-0.815022
0.822036
-1.55083
