[20, 49, 49, 4]
-0.103276
0.00714866
-0.231786
0.0789541
0.10535
-0.237183
1.59126
-0.0552401
-0.719608
1.10873
0.057505
-1.18709
0.43324
0.0490477
0.0287932
0.109683
0.109909
-0.583388
0.0541784
-1.64275
1.76295
-1.40426
0.257679
-2.09425
0.348309
-0.270589
-0.148702
0.587376
0.144127
0.0979472
-0.197189
-0.559745
0.00803929
0.694233
0.81662
0.57
-1.92319
0.468326
-0.333699
-1.08821
-0.014104
0.866991
-0.0836546
0.0109164
-0.0770004
0.448869
-1.10529
-0.20372
-0.551184
-0.638894
-0.0211604
-0.720555
-0.0957679
0.0745185
0.199276
-0.8579
-0.175279
-0.0847617
1.36792
0.545402
-2.3072
0.939632
0.294847
-0.004596
-0.331682
-0.0997697
-0.0762065
0.497311
-1.58838
1.81708
-1.18582
0.808323
-2.12678
0.417343
0.351937
-0.0614016
0.182314
0.730785
0.142463
-1.00531
1.73398
0.500029
0.195407
0.139837
0.0145392
1.26653
1.40761
-0.741654
-0.519849
1.0685
0.515104
0.0562984
0.00742704
0.0840395
0.647383
-0.658182
-1.60612
-2.02865
1.04723
-0.969693
-1.23384
-1.57708
0.108352
-0.0811428
0.964661
-0.275628
-0.533247
-0.366936
0.78666
-2.45736
0.166886
0.740087
-0.230479
-0.0253438
0.442806
0.329345
1.05752
-0.396459
-0.107155
-0.413633
0.387282
-1.047
0.308619
-0.362112
-0.0399858
-0.509667
-0.042539
-1.43488
-0.204495
-0.292625
1.12824
1.01478
0.7774
-0.673206
-0.342923
-0.958435
2.38554
-1.72397
0.99324
0.418084
0.1319
0.00460094
0.945503
-0.414495
0.534295
0.0850687
0.789741
1.09509
-0.46847
-0.891468
0.215404
-0.107197
-0.554529
-0.437747
-0.0870084
0.167833
0.620166
0.0275054
-2.04362
1.03259
0.0248583
0.165208
1.27029
0.174686
-1.19564
1.11132
0.31641
-0.72644
0.397596
-0.1661
-0.471577
-0.537169
-0.135713
-0.0628313
0.995708
0.111463
-1.32162
0.212396
0.115283
-0.0294036
0.214183
0.172076
0.138892
-0.000331511
-1.9602
0.396112
-1.02191
1.48488
0.337763
0.1095
-0.00343808
-0.652617
-0.37023
-1.06781
-0.0882063
0.903903
0.0727962
-0.540595
-0.958355
0.348015
0.0207073
0.219131
-0.0588335
0.0338337
0.438278
0.667317
0.109624
-0.987016
1.18247
-0.0203402
1.23635
-0.0309238
1.60312
-0.048671
-0.0286366
-0.0838755
-0.932337
-0.395621
-1.14104
0.55468
0.166422
-0.178172
-0.684072
0.361633
-1.30096
0.305869
-2.34614
0.231991
0.00592826
0.38001
-0.861987
-0.156887
0.00776176
-0.0205978
0.733324
-2.02441
-0.845635
0.129387
-0.193574
1.72337
-0.102005
-0.723323
-0.558348
0.0334906
0.412223
0.00925782
-0.365509
-0.711504
-0.0879312
-0.575166
-0.0235265
0.143623
-0.486303
1.06891
0.558421
0.764101
-0.943387
1.19293
-1.00606
0.122273
-0.141398
-0.0170981
0.686494
0.189147
-0.809735
-0.888437
1.20129
-0.383607
1.26902
0.607219
0.116784
0.286945
-0.2622
0.153049
-0.386538
-0.463964
0.595947
-0.942763
0.205031
-0.0130053
-0.71004
-0.209365
-0.619791
-0.481685
-0.533505
0.0665257
-0.155769
-1.2263
0.0135702
-0.456112
-0.273163
-0.377037
-0.0280091
0.195251
-0.716873
-0.206473
-0.537791
0.0680424
-0.0563756
0.0707503
-1.98235
1.48156
1.87268
1.30674
0.042589
-1.15348
0.696956
0.0744329
-1.24827
-1.71945
0.200561
0.327404
-0.661384
0.153014
-0.636381
0.446332
-1.30398
1.008
0.00165795
0.459809
0.404456
-1.0253
0.101433
-1.09914
-0.277131
0.843794
-0.316025
1.08592
0.424655
-1.04926
0.150716
0.192641
-0.201495
-0.796336
0.0677241
1.5121
-0.272749
-0.00501906
-0.165374
-1.97848
1.08529
-0.0475226
-1.06158
0.0543574
-2.26641
-0.193156
-0.820754
0.226945
-0.311186
-1.1071
-0.527498
-0.347108
1.25951
-0.170639
-1.06004
0.93727
0.567205
0.156002
-0.0944505
-0.127982
0.519269
-0.142322
-0.639605
-0.810321
0.946894
-0.595985
1.79593
-0.495268
-1.00661
0.271049
-0.446234
0.85221
-0.914645
-0.37481
0.104305
0.538191
0.340179
0.296317
-0.820821
0.211249
-2.33893
-0.959235
-0.660596
0.146257
0.567661
0.0534882
0.00217515
-0.802821
-1.53586
0.221398
-0.463832
-0.870962
-0.100891
-0.241656
-0.423564
0.0591462
-0.70051
0.942062
-0.998844
1.30422
-1.82784
-1.45615
-0.109693
0.679998
1.76651
0.774478
0.0421821
0.544466
-0.150074
0.595994
-0.181621
0.923705
-0.23035
0.885405
-0.188703
2.15937
0.231681
-1.05949
0.205761
-0.658576
0.0597283
2.24831
-1.46046
0.270585
-0.055321
-0.167826
-0.392124
-0.282839
0.764616
-0.325167
0.833684
1.1871
-1.28174
0.10087
-0.209385
-1.6128
2.41395
0.234549
0.373248
0.0165136
-0.922507
-0.0674832
0.143316
0.838473
-2.99343
1.83386
1.3703
0.688397
-0.028491
-1.63216
1.89304
-0.024285
-3.95298
0.234722
0.534922
-1.84028
0.0201806
-0.067804
0.559581
0.0723758
0.688715
-0.715213
-0.279913
-0.700822
0.391592
0.105051
-0.0914892
-0.0895273
-0.640514
0.0674063
0.815013
-0.466223
-0.224977
-0.0263588
0.236627
1.27134
-0.227071
2.74596
-1.10322
0.310673
0.0358058
-0.00418783
1.55813
-1.18637
0.874903
2.03295
0.116169
-0.373276
1.98166
-0.125597
-0.147711
-0.35562
1.28894
-0.98531
-0.155592
-2.13033
-2.56441
-0.0111013
1.23252
1.16599
-0.385178
1.12956
0.182173
-1.11196
-0.173664
-0.632688
0.0141287
-0.356724
0.0424843
0.721922
-1.10459
1.06108
-1.15389
0.628655
-1.11123
-0.0935795
-0.00510163
-1.41697
-0.0989047
0.995278
0.818094
0.0624135
-0.0210577
1.18034
1.7552
-0.361273
0.479291
-0.235972
-0.266348
-0.0783961
-0.049963
-0.751679
-0.190783
-1.40336
-0.847281
-0.53953
1.22451
1.57416
0.283176
0.376634
0.0449085
0.33705
-0.0313923
-0.07088
0.0146663
-3.12265
0.130471
0.861897
0.654963
0.720323
1.7804
0.864966
-0.351968
-0.152095
-1.65049
-0.108783
-0.855382
-0.687689
0.900357
-2.14835
1.91228
-1.18426
-2.25937
-1.74472
0.494262
0.00744141
-1.70401
-0.4629
1.73712
0.389802
-0.965832
-1.18298
0.184685
1.41611
1.05419
0.343253
-0.322412
-0.705605
-0.837027
0.0989807
-2.52047
2.58778
-0.0249859
-2.96753
-0.0739022
0.79405
0.625876
-0.980964
-1.19112
0.360445
3.1734
-1.23565
0.112832
0.0467647
1.38583
0.297191
1.75784
-1.49809
-0.0746039
-0.804208
0.792336
-1.16241
-0.28717
-0.280257
0.01717
-1.25167
0.209819
-1.4918
-0.462563
-0.157476
-0.28947
0.45174
0.68156
0.105248
0.0942949
1.31552
-0.0402162
0.498762
-0.159557
-1.00507
0.113688
-0.0197322
-1.44036
-2.22197
-1.86721
-1.2482
-0.354261
0.372301
-1.69698
1.38778
-0.73379
1.0945
-0.380418
0.2941
-0.725121
-0.656897
-0.582492
-0.111639
-0.266421
-0.426934
0.084902
0.414532
0.0189974
-0.15815
0.273928
-0.689419
2.3347
0.409789
-1.87886
-0.0418463
-0.343276
-0.112414
0.126061
-1.35301
-0.55017
0.240742
-1.17905
0.828209
-1.30179
-0.0929927
0.92628
-0.0734727
-0.087422
-0.127734
0.677408
0.140848
0.156398
0.328042
-0.0941144
-0.0686135
1.27496
-0.554675
1.21721
0.879761
0.857518
-1.35394
-1.0772
0.559124
-0.0626809
0.0208707
0.0104947
0.0211103
-0.330881
1.33858
-0.994235
-1.73483
-1.26532
-0.791943
0.470367
-0.18342
-0.0837369
-0.319511
1.22968
-0.716185
-0.684802
1.07199
0.453614
-1.08437
0.152225
-0.232238
0.252774
-1.39636
-0.0114187
-0.863076
0.951256
-1.22255
0.909455
-0.710844
-0.816876
-0.34537
0.346761
-0.780214
0.0324119
0.512648
-0.237378
-0.125923
0.528536
-0.452462
-0.238362
0.76444
-0.373741
0.0222417
-1.05595
-0.277279
-0.862507
-0.677187
1.50222
0.0482338
-0.32522
0.526415
0.361685
-1.09185
-0.367832
0.0786747
-2.16665
2.70483
-0.102498
-0.421679
-0.00150813
0.0924348
-2.16303
1.18672
-1.28006
-0.372818
-0.0305105
-0.194464
-1.32877
0.386523
0.239674
-0.235775
-0.372714
0.238955
-0.0411233
0.301109
-1.01468
1.03225
-1.1323
-0.619399
-0.420797
0.495863
-0.332513
0.422086
0.533765
0.0202857
-0.646847
-0.223957
-0.869866
-0.0109722
0.7499
-0.368533
0.84175
0.239667
0.486806
-0.330096
-1.332
-0.11054
-0.299311
-1.57481
-0.245509
0.442434
-0.65244
-1.29318
-0.0400885
-1.80857
0.0269725
-0.155776
2.03754
-0.112078
0.252998
-0.998066
3.97429
-2.59847
1.03084
1.13008
0.144061
2.00584
1.2969
0.157406
-2.46456
0.446025
1.29314
1.00803
-1.14263
-0.486646
-0.865603
-0.225643
-0.747129
-0.142551
-2.54264
0.176267
0.229809
1.69728
0.348613
1.19829
-0.844049
0.806315
-1.36856
-0.866196
2.10462
-0.799815
-1.44248
-0.321361
-0.686852
-0.903524
0.0151454
1.85118
-1.75296
1.93472
2.07653
-0.512643
1.00247
-0.32532
-3.7292
0.0398718
-0.012068
-3.85544
0.00830236
0.58868
0.934031
-3.77955
4.72033
-0.634678
-1.32967
0.445346
-2.17631
-1.60714
0.566132
1.06758
-0.12245
-0.00821916
-2.3214
-0.155374
-0.233728
1.21527
0.705423
1.03265
0.261865
0.769823
0.195729
-0.24257
-0.938624
-0.337377
-1.56122
-0.0559752
-0.614752
0.147903
1.18917
-2.21097
0.362944
1.99065
0.664296
-0.166517
-1.13113
0.976859
-1.74982
1.26142
0.196916
-2.44559
0.554473
-0.171538
-0.56398
3.46107
-0.092587
2.48692
0.180279
-1.6205
-0.634971
0.644964
-2.58035
-0.860625
-0.84596
0.980658
-0.881021
3.89251
-3.85841
0.0247701
1.93488
0.731139
-1.28696
1.45013
0.463009
0.00790005
0.156674
-0.869114
0.998405
-1.58785
-1.40677
0.196433
-0.743775
0.0463676
0.418541
-0.264466
-0.340025
2.50782
-1.2474
-0.302893
2.11917
-0.751426
0.293079
1.58449
1.15046
1.06679
-0.0198455
0.0699823
-0.298146
0.0147052
-0.496672
0.671607
0.200141
0.0997102
1.39849
1.01778
-0.160383
2.41826
0.506218
0.557665
-1.35823
2.9484
-0.554425
-0.252188
-2.73089
-0.406946
-2.36473
0.370037
-0.938369
-1.83114
-0.0599773
0.0803156
-3.18936
-1.49095
-1.08105
0.234232
1.47003
-1.66956
2.91092
0.221939
-0.100961
0.939477
1.45489
0.0536596
0.916363
0.646157
0.59322
0.700139
2.15058
2.86529
0.309391
-0.560791
0.402741
-0.248655
1.70313
0.0963103
-0.130394
0.461459
-0.0191421
0.957754
0.385156
-0.490591
0.0398663
-0.696133
-0.424392
-0.411836
-1.90473
1.29664
1.05218
-0.400413
-0.658367
0.218122
0.0101057
0.398307
1.83447
-0.240268
0.139781
0.00170971
0.0261087
0.635504
-0.017956
-0.099326
0.70028
0.442032
0.437802
-0.77286
0.271101
-0.452275
-0.796616
1.11631
2.10152
0.582777
-1.95809
-0.108274
0.0570018
0.191636
-1.54516
0.848204
-0.433115
-1.2639
0.556099
0.392931
-0.951207
1.97912
-0.27268
0.0898366
-0.892209
2.02459
-0.163927
0.0422975
-0.441662
-2.18935
1.41292
0.0191514
-0.153608
-0.52782
-0.00278709
0.0260649
0.135245
0.0872974
-0.127489
-0.0432543
0.0982646
0.179088
-0.0410738
-0.512989
-0.0448186
-0.0806455
0.184824
-0.176877
0.434392
-0.184322
-0.572016
0.36137
-0.0693757
0.0574951
0.124442
0.224543
-0.267027
0.0558632
0.214891
0.0116721
-0.260928
0.125642
0.211253
-0.211296
-0.28938
0.574991
0.15014
0.0263102
0.411755
-0.247206
-0.384897
-0.169434
0.0544332
0.0395088
0.13821
-0.217406
0.209313
-0.362526
-0.378978
-0.170288
1.22837
0.440665
0.666966
-0.00123373
0.0034957
0.344728
0.65153
0.0694709
0.290638
0.29061
-0.494896
0.930194
1.15106
0.295016
-0.0924114
-0.023793
-0.0553222
0.731913
-0.0109692
1.12389
1.21354
0.266928
-0.0717184
-0.788893
-0.601452
-2.20467
0.202674
-1.59899
-6.63963e-05
-0.111912
-0.292824
1.21469
-0.00117158
-0.32722
-0.487824
-0.116706
0.132828
0.814459
0.399074
0.795476
-0.00782692
-0.0149817
-0.0825478
-0.00247514
-0.0215894
-0.40226
0.471819
0.0808628
1.06323
1.90104
1.25511
-0.258311
-0.000164601
-1.6606
-0.0462461
-1.34521
0.141045
1.52415
-1.34188
-0.0735927
-2.76936
2.3915
0.746707
-1.2786
-0.0794416
-0.107034
-0.109962
-0.0859466
-0.780039
0.121868
0.545247
-0.10049
1.18249
0.040912
2.0104
-1.14805
-0.823755
-0.186181
-0.449064
0.451287
-0.382944
-0.0376368
0.500019
1.53203
0.0654204
0.784844
1.37409
0.463525
-0.266172
-0.107992
-1.14591
-0.496121
0.0285297
0.271402
0.187395
-0.333684
0.273948
-0.256601
1.84531
-1.56092
-2.20219
-0.00653691
2.51489
0.186928
-0.0989036
-0.124575
0.0584149
0.0687651
0.0633551
-0.359773
-1.32043
2.13486
-2.92641
1.62733
1.4634
-0.0310805
-0.20009
-0.0467902
-0.49955
-0.285374
0.157067
0.0935443
1.03679
0.186102
-0.340525
1.21035
0.616463
-0.0840117
-0.186863
0.223242
-0.210515
-0.188606
-0.227865
-0.0256964
-0.0623476
2.24388
-0.319155
0.00914183
-0.169255
0.287476
-0.071765
0.138039
0.169135
0.113174
-0.147019
-0.315162
-0.139599
0.080409
1.14996
1.89188
2.44034
2.68535
-2.37307
-0.0328487
-0.879249
0.193365
-0.0206841
0.0409202
-0.299169
-0.0317721
-0.188136
2.54312
2.15861
-0.175284
-1.79505
-0.200082
0.264999
-0.111486
0.0573351
0.0898498
-0.153411
1.68299
0.314149
2.20284
0.148324
-0.264828
-0.0149406
-0.223571
0.157513
-0.212217
0.130578
-0.254003
0.0377691
-0.0700768
0.0599399
-0.310029
-0.161408
-0.169071
0.287394
-0.12659
0.139558
0.0466838
0.0647626
-0.0518468
-0.342004
0.119344
0.13568
0.212878
1.80437
2.13965
1.62357
2.49129
-0.67515
2.54055
0.00950082
0.0582712
0.0896236
0.106614
-1.12188
-2.37868
-0.0244112
2.57126
-2.05558
-0.136639
-0.197849
-0.125683
-0.935902
0.227505
0.610524
0.348535
0.31359
-1.18946
0.213192
1.91672
-0.000299349
-2.95952
1.52055
0.0521113
-2.74252
1.47069
-0.0739828
0.319289
0.0929257
-0.632391
-0.759052
-0.134456
-1.85157
-1.76171
-0.102017
0.144801
0.127988
-0.149787
-0.668043
-0.2882
-0.0543985
0.108959
0.836415
0.713518
2.47688
-0.471996
2.82492
3.57224
-3.16841
0.409631
-1.19459
-0.402304
1.00171
0.751639
0.748151
0.584787
-0.0540761
-0.0147884
0.738671
-2.85037
2.68479
0.057415
1.82706
-1.1144
0.431876
-0.654834
0.0541785
0.532157
-1.76407
-0.226438
-0.326058
1.58878
-0.0332315
-0.123394
-0.228654
0.987516
-0.434431
-0.542177
-0.820652
-0.217702
0.975853
-0.0089571
0.531003
-0.439464
0.087149
-0.851685
-0.544952
0.622838
0.137461
2.31797
-0.0398782
-0.0101608
-1.63629
-0.0051396
0.413657
-0.901955
1.3426
4.24751
-2.42079
0.497999
-0.135354
-1.5264
-0.977438
-0.439081
0.0239545
0.00981548
-0.431357
-2.2106
-0.460353
1.49579
-2.05776
0.674189
-1.21086
0.54747
0.991368
-0.898409
0.0809915
0.328219
-0.876284
0.129199
2.85646
-0.875232
-0.158852
-0.579747
-0.137963
-0.159582
0.228247
-1.27073
-2.43593
1.57991
0.0120038
-0.217278
0.983703
0.180718
1.73957
-0.151199
0.379724
-0.674267
0.759894
0.0779054
-0.117532
-0.396525
-0.00715761
0.0229722
-0.139428
-3.1778
-1.8216
-1.80148
-1.0947
-0.0185614
-2.05993
0.00692363
-0.507142
-1.13884
-0.197888
-0.0483596
-0.818059
-2.67225
2.91459
-2.58385
0.135381
0.610415
0.0824235
0.39313
0.663551
-0.219912
1.03152
0.0171974
-0.125088
-0.28526
-0.309548
-0.0457621
-0.897391
0.474604
0.0283144
0.178278
-0.365558
0.112849
-0.27825
-0.15354
-1.04488
0.3153
0.107702
-2.71953
-0.939405
-0.152394
0.0188647
-0.25369
0.0600198
-0.226418
-0.0367314
-0.00775182
0.0252604
-0.702755
-1.8745
6.17723
-0.0434175
3.70745
-0.676059
-1.49606
-0.15697
0.979666
0.309254
-0.126702
0.998018
-0.219856
0.365227
-1.89255
1.57714
-2.29598
-0.144147
3.86144
1.84364
0.107023
0.518252
-1.77305
0.180143
0.437677
1.21307
0.0125443
1.60903
0.582989
0.112117
-0.597177
0.58245
0.244662
-1.62448
0.236101
0.109892
-0.187088
1.104
0.0680915
0.644233
0.132323
-0.669233
-0.0836755
0.679574
0.0189971
-0.0681061
-0.0835851
-0.00916566
0.0344667
0.0763795
0.733094
0.740217
2.00643
-2.47284
1.59293
-0.298328
-0.619034
-0.388083
0.0068078
-0.0246776
-0.137782
-0.116772
-0.194335
-0.178175
-0.474733
-1.97545
-1.73242
2.03645
-0.0139947
0.325572
0.0411551
0.225212
0.0500378
-0.225314
-0.340508
-0.0367687
-0.203608
-0.139407
-0.0694449
0.0501641
0.134821
0.108323
-0.234922
-0.249897
-0.167992
0.300629
-0.206197
0.132988
2.41753
-0.133784
-0.266662
-0.321294
-0.134382
0.0569894
0.224208
0.929013
-0.00487824
0.0188986
-0.0998522
-0.641081
-0.954875
-0.72226
4.00471
-3.01284
2.82287
-2.17289
1.6756
0.801282
0.150588
0.00677275
0.685012
-0.0976954
-1.07423
-0.548997
1.46616
2.35494
-1.88584
0.303979
-0.318895
0.313761
-0.896993
-0.0868858
0.890359
1.30822
0.375085
2.14302
-0.0541696
-2.83319
2.91355
-0.237946
0.164193
-1.87975
-0.1085
-0.027087
1.40101
0.0181633
0.0357977
2.07649
0.531378
-1.28459
-0.0883426
-1.24012
-0.026742
-0.0122932
0.171562
-0.0102969
0.0268861
0.159442
-0.0958859
-0.0869779
1.2067
-3.72757
3.04147
-3.76538
1.95824
-0.847301
-0.359287
-0.0170337
0.0547088
-0.94594
-0.0308071
0.689291
1.62226
0.523811
-3.26279
1.94637
-0.949385
0.241139
0.110655
0.71602
-0.0708083
-1.28121
-0.402887
-0.929108
0.00500348
0.122054
-0.745312
-0.0636116
-0.0727931
1.69393
2.34427
-0.846116
-0.0235973
-1.03328
-0.210033
0.0227591
-1.04952
-0.756701
0.714364
0.0493675
1.58648
-2.67476
1.2505
-0.217789
-0.00730976
0.0233601
0.211989
0.101106
-0.311111
0.434796
-0.185941
-0.0788396
-0.120233
2.82109
-1.25965
2.49122
-0.00444701
-0.23433
-0.0458781
-0.0328635
-0.423742
0.764535
-0.711274
0.187191
-0.718278
3.43811
-1.97023
-0.764966
-0.024847
0.0147226
-0.111894
-0.193905
-0.641605
-0.00358389
0.910845
-0.476174
-0.253249
0.264337
0.337462
-2.02734
-0.381087
-0.015895
0.32497
-0.016382
0.00103513
-0.534124
0.303507
-0.120635
-0.0214969
-0.275048
-2.07021
1.17199
-0.120889
-0.000220064
0.00290158
0.0434172
0.478813
-0.150471
-0.14219
0.362232
-0.246445
0.659636
-1.89786
-2.67761
-0.692513
-0.0628912
-0.0451123
0.0283841
-0.0453487
0.336649
-0.0944463
0.113286
0.0845876
-0.602762
-2.37945
-0.983102
-0.887478
1.7887
0.0700649
-0.122088
-0.0632169
0.357019
-0.0393487
-0.435219
-0.497917
0.053126
0.0245334
-2.33271
-0.329789
0.502076
0.0016878
0.856562
0.0420914
0.0239092
0.00805018
0.10901
0.236483
-0.0655001
0.684672
0.0666813
-1.66265
-0.286219
2.13793
0.0279544
0.0600403
0.144513
-0.0645476
0.24735
0.359712
0.128864
0.458657
-0.234935
0.217346
0.495663
-2.80553
0.733132
-0.0514141
-0.195777
0.04433
0.171321
0.135849
0.198385
-0.501671
0.265122
-2.00256
-0.404901
0.570644
0.0240221
0.19749
-0.080449
2.04715
-0.211979
0.553903
0.178994
0.0979483
-0.0171742
-0.317139
-0.326409
-0.0668991
1.15068
0.0652983
0.0585439
0.139201
-0.22423
0.272677
-0.232953
-0.350996
0.0900953
0.0566259
-0.0352016
-1.13188
-0.00842604
-1.32679
0.53561
-0.0788585
0.12334
-0.244915
0.00385633
-0.0136872
0.299045
-0.0230569
-0.117315
-1.78474
1.86094
-0.123167
0.109854
-0.926792
0.156429
-0.366908
-0.117423
0.331703
0.170172
0.287671
2.87503
-0.678238
1.6054
2.20433
-0.00663695
-0.319906
0.10569
-0.205941
0.151616
-0.103245
-0.0976199
0.0592316
-0.344545
-3.1424
-0.104967
-0.135066
0.45253
-0.152985
0.136878
0.0989229
-0.0044414
-0.0453893
-0.317734
-0.157251
0.0177585
0.110047
0.884034
0.105606
-1.34355
2.44076
-0.171388
0.874871
1.95105
1.24319
-0.00713274
-0.552188
0.654429
0.570774
-0.648547
1.60539
-2.06283
-2.40541
-2.35518
0.586726
0.884549
-0.0908979
-0.627533
-0.00141229
-0.210135
-2.55788
-1.35528
-1.84424
-1.54828
-0.85011
0.430453
0.497041
-0.0472253
2.00798
0.0993405
-0.227426
0.00857936
0.208602
0.117412
-0.856993
-0.16266
0.976125
0.340735
-0.0305112
-2.60737
0.280632
-1.55115
0.0861342
0.926517
-0.101942
0.0748598
-0.172015
-0.0038025
-2.49825
-0.971698
2.30934
-0.0560086
0.195455
0.0311989
-0.0466461
0.489244
0.273058
0.0233389
0.0564795
-0.187925
1.54178
0.709172
-0.612435
0.0662735
-0.0325202
0.0293613
-0.184142
-0.249082
0.0519944
0.0649943
1.93593
-1.71045
0.0244305
0.14613
2.32111
0.921635
1.5951
2.62114
0.101586
-0.289971
0.28598
-0.0725744
-0.0325938
1.01468
0.00267552
0.0575075
-0.0430598
-1.13038
-0.0852233
-0.00894533
0.240762
-0.0246548
-0.0654708
-0.137632
0.110167
1.8594
-0.00579519
0.0188134
-1.91172
-1.12453
-6.44816
-1.34256
-0.698665
0.395661
1.20436
2.05272
0.0528482
0.0593092
0.169821
-0.124695
-0.740118
-2.96895
-0.945384
1.28161
0.492485
-0.00905592
-2.08814
-0.259879
0.302005
0.375963
-1.24805
0.946563
2.71213
-3.34051
-3.42444
-2.67859
0.37026
-2.77784
-0.13193
-0.741751
-0.872261
1.12164
2.04335
1.6911
-0.333189
-1.00186
-0.0403843
-2.11305
-0.255738
1.6138
0.164799
-0.403905
-0.0975622
0.192311
2.41935
-0.00262402
0.0239437
0.644811
2.43546
-2.06013
1.60217
-2.77112
-0.870735
1.46861
0.965596
-0.686046
-0.297709
-0.112736
-1.58012
0.339296
-2.61875
3.45177
1.13503
0.659015
-0.188314
-0.385282
-0.497573
0.171759
0.418625
-0.581645
-0.0655975
-1.14029
-1.543
-0.957703
0.513619
-0.560133
-2.25375
-2.45626
-0.182462
2.85697
1.41543
1.01125
-0.226608
-1.58487
-0.67623
2.05256
1.33164
-0.394011
4.06109
0.131833
0.774202
0.18196
-0.100621
-0.438651
-0.004847
0.0120945
-0.253259
1.81509
-1.88664
1.10834
0.174537
0.20413
0.188938
0.374579
-0.166342
0.236929
-0.0337008
-0.255677
0.212148
1.60297
2.35401
2.53601
0.647344
-2.30233
0.123709
0.00917079
0.361375
0.0623254
0.157648
0.0141523
0.277171
0.428768
-0.0454495
-0.219406
-0.982213
0.669607
0.438337
-0.412513
0.957142
0.241264
0.788377
-0.174067
0.350028
-0.110661
0.144733
-3.19912
-2.73952
0.715137
-1.10835
0.829979
0.00189672
-0.407326
-0.269765
-0.0027566
0.0168992
0.378188
-0.113252
0.298324
-0.199285
3.03656
2.05083
1.50583
-0.321732
-0.217721
0.115638
-0.0501061
0.0563231
0.879435
1.10449
-1.28025
-0.0559698
-1.0105
-0.785922
-0.458586
-0.641403
0.047914
-0.0379195
-0.164893
0.0588453
0.034503
0.0316199
0.361176
-0.484062
2.62602
-1.29062
-0.375163
-0.224485
0.191953
-0.821927
-0.38452
0.0121581
1.51688
-2.36551
0.0135787
2.14925
0.271421
-0.648521
-0.120401
0.273872
0.150462
-0.0482993
-0.188515
-0.00262425
0.0102192
0.0206162
-0.20655
2.0234
-0.568734
-1.66226
2.92117
0.172054
-0.10522
-0.220374
0.169117
-0.0137624
-0.174861
-0.292278
-0.182707
-0.960789
-1.15565
4.1967
2.00063
-0.532893
-0.00165776
-0.00521657
0.131868
0.380681
0.0330107
-0.287117
0.610015
1.9062
-0.181277
-0.687364
2.58525
-2.21019
0.202895
-0.86265
-0.439774
-0.172381
-0.151558
0.011382
-0.0104136
0.152561
-0.524521
3.19381
0.923498
-2.0429
0.797219
0.061412
0.124864
0.185248
-0.00146573
0.00519876
0.143077
-0.59047
-0.149807
-0.072417
-1.49322
0.32835
-1.86224
0.97173
0.248624
-0.110647
-0.0480033
-0.0251315
-0.351414
-0.0825569
-0.516475
-1.01467
-0.763582
0.881832
2.13538
0.364233
0.0476376
0.203027
-0.115998
0.102929
-0.120245
-0.480716
-0.66234
-0.0185986
0.701041
1.28239
2.80124
0.113291
-1.15994
-0.731528
0.0893705
-0.0208184
0.640956
0.203869
0.0404165
0.835504
0.70767
-3.39774
2.18087
-0.170315
-0.0536778
1.04388
-0.369163
-0.00940349
0.0338564
0.173223
0.281363
-0.245799
-0.199862
-0.250694
0.097072
0.442979
-0.646274
-2.43738
0.258622
-1.90742
-0.102608
-0.257512
-0.183274
-0.386202
-0.866901
0.211384
-1.10014
0.0623981
-1.07701
2.19383
0.564611
0.4276
0.0657416
0.298767
-0.163752
0.920055
-0.198861
-0.854938
1.00035
0.0131418
1.36205
0.966651
-0.364593
0.492139
0.384536
-0.00317352
-0.250064
0.12736
0.351295
-0.182988
0.300716
-0.372669
0.0778647
1.05538
-3.00148
-0.23734
-0.00848036
0.0314917
0.171293
-0.311523
-0.0213326
0.254557
-0.162488
0.0545608
0.145876
2.2368
0.728255
-1.17499
1.12612
0.193197
-0.0562135
-0.192321
-0.0324504
-0.718842
-0.181029
0.19813
-0.161386
-2.6709
0.520916
2.16689
0.456859
0.0492685
2.03222
-0.314113
0.129337
-0.205313
-0.0829716
-0.220271
0.0220689
2.36317
-1.50469
0.502072
-0.160726
-0.182393
0.164988
-0.170375
0.129075
0.341458
0.0434119
-0.173057
-0.322478
-0.994504
0.71303
0.0476196
0.424458
-0.00780792
1.32431
0.176587
-0.191264
0.850256
-0.0982756
1.09277
0.000677349
0.65452
-2.82474
-2.25373
-0.257911
-0.120901
-0.111501
-0.545631
-0.194564
-1.08211
1.40419
-1.58467
-0.0693507
-0.628323
-0.354707
1.91365
-0.868351
-2.22507
0.0223693
0.574293
-0.67789
0.27525
-0.147204
-0.460132
0.829003
0.0409071
0.183851
0.617485
1.13042
-0.747594
-1.51319
-0.241542
0.250446
0.0868621
0.183294
0.580557
-0.166846
-0.147221
-0.723026
0.134368
0.0175238
1.49122
1.53579
-0.340328
2.43798
0.0252369
-0.144236
-0.459416
-0.059614
0.07156
-0.302702
-1.7313
-0.157495
1.461
2.71896
1.07119
0.264905
-0.194025
0.171275
0.0528286
0.08244
0.410891
-0.00345224
-0.169726
0.27507
0.744685
1.21848
2.19891
-0.218279
-2.90043
-0.00685772
-0.216554
0.373428
-0.0601712
0.303399
-0.779368
-2.56858
0.900925
-2.5421
-0.103785
0.19029
-0.0707253
0.141307
-0.259116
-0.0208742
-0.322201
-0.261636
0.126881
-0.0364769
-0.0402967
2.48437
-0.726573
1.7517
-0.238493
0.0291798
0.723182
-0.370822
-1.11968
-0.223858
-1.71999
0.689555
0.0624158
1.11728
0.0354296
0.767848
0.130582
-0.0136229
-0.865644
-0.244956
0.797106
-0.809856
0.618364
-0.0963997
-0.185222
-0.13202
-1.10183
2.82421
-0.634304
-1.47426
0.57974
-0.0130585
0.718262
0.547125
0.0200948
-0.238888
0.998732
0.751281
0.15745
-1.63741
-0.732705
-0.48993
-0.0180203
0.639375
-0.401366
-0.067513
0.0603126
-0.0685505
-0.0678187
0.169688
-0.0256964
-0.00554054
-0.803946
0.102557
1.10015
0.493745
-1.13963
0.177207
-0.0485818
1.63224
-0.0455943
-0.118772
0.639318
-0.95426
-2.23643
2.4336
-1.21561
-0.165711
-1.47388
0.151154
-0.051993
-0.0285103
-1.10109
0.123824
0.100829
1.34058
1.81774
0.994446
0.771819
1.50886
-0.0183867
-2.67146
-0.479668
-0.128821
0.259622
-0.0344368
-0.0255641
1.33651
0.0218361
1.63188
3.29576
0.0146521
0.529412
0.553146
0.378161
0.0111067
0.478303
0.0893689
-0.354336
-1.62852
-0.00605907
2.52367
0.0756213
-0.0402527
1.5096
-0.264003
0.618133
0.370313
1.01144
-0.881262
0.198767
0.139342
-0.11362
2.68345
0.718802
-0.897187
-0.969635
-0.293735
1.86339
0.0796441
0.531966
0.449483
-0.0127308
-0.167554
0.407348
0.531674
-1.47006
1.43598
-0.0857008
-1.20217
-1.06381
0.208843
0.000888149
0.316622
-2.70247
-1.65611
-0.735786
-1.16575
2.26502
-2.20748
2.94553
0.700455
0.814262
1.6483
-0.260768
-1.04826
-0.00963084
-0.000843836
-0.0168957
-0.000596012
0.00474233
0.0238721
-2.66156
-4.61975e-05
-0.0110468
0.0466696
-0.0161181
0.0941992
0.0277865
-0.0128925
0.00768691
-2.39151
-0.536903
0.0374367
1.83914
-0.713841
1.22058
0.00231238
-0.0184493
-0.00710555
0.00380763
-0.0177931
0.00306053
0.0457663
2.89436
0.0445196
-2.60711
1.07747
1.81308
0.047465
-0.0258166
-0.0582115
0.0208518
-0.00654714
0.00570599
-0.012782
1.73731
1.97882
-1.74839
0.00128917
0.100042
0.0152418
0.0843375
0.228312
0.0137678
0.126615
-0.315464
-1.67702
-0.00598355
0.03048
0.176035
-0.73768
-2.61551
1.51196
0.259064
-0.610925
-3.35205
1.87453
-0.0221144
-0.248691
-1.69459
0.117278
-2.15976
1.44414
1.86471
0.938323
-2.71031
2.63468
1.06863
0.822504
0.159932
0.31953
-0.694556
0.0907206
-0.892027
-0.545341
1.26989
-2.12672
3.09676
3.22548
-0.12159
0.765764
-0.475979
-2.32835
-1.28657
-0.621408
-1.81756
-1.01065
0.198661
-3.21919
-0.829633
-0.576847
0.0363521
-0.649639
-0.100339
-0.736597
0.364212
-0.00811288
0.0289212
-0.815674
-1.19805
1.28824
-0.250606
-0.764054
0.319553
-1.3759
0.210355
-1.52796
-0.500196
-0.146207
0.0575685
-0.336435
-0.119794
0.497267
0.240939
3.65464
-0.701399
0.964722
-1.04618
-0.105473
-0.448578
0.487881
0.0169445
0.104687
-1.65694
2.17803
-2.62721
-1.23435
0.0239731
0.516111
0.709874
-0.417037
1.36447
-1.10342
-0.118407
-0.692996
-0.705415
0.100675
3.04458
-0.296242
0.512271
0.160527
-1.78145
-0.0681423
0.183881
-0.0697654
-0.00156387
0.00264832
0.14208
0.208247
0.0850604
0.148434
0.562445
-0.0917046
-0.243283
0.276457
0.294098
-0.00281816
0.140062
0.000576071
0.217125
-0.0197164
0.175558
-0.204255
-3.01335
2.66605
1.20626
0.188779
-0.418783
0.115299
-0.12501
0.0140192
-0.161422
0.0119536
0.427362
-1.51885
-1.70347
1.00588
2.30155
0.278115
-0.0916898
-0.196299
0.12205
0.0142642
0.504081
0.0618176
0.00296635
-0.0548514
-0.511676
0.0325317
-2.39425
0.116199
0.083725
0.11896
-0.554776
-0.00374657
0.0132095
-0.00114606
-0.456062
0.192726
0.554924
2.24015
-0.087475
-0.1806
-0.789452
0.0943845
-0.00053596
0.0581766
-0.259567
0.401818
-0.198452
-0.672972
-0.237585
0.26084
-0.656152
2.48796
0.214269
-0.0707823
0.248135
-0.294389
0.0242542
0.320129
0.193753
0.41112
-0.212528
0.735787
-1.03343
-1.07451
-0.645981
0.898891
-0.253438
0.0572156
-0.146402
0.0355185
0.0451148
-1.62989
0.893968
0.419393
-0.451514
0.585903
0.29685
-0.0960049
-0.0358363
0.793695
-0.00292318
0.00922739
0.716021
-1.15748
-0.283819
-0.805963
-0.17323
0.258732
1.30764
0.811904
-0.765387
-2.68595
0.0048318
-0.107707
0.847908
-3.78903e-05
-0.181146
1.74863
0.309953
0.146403
-1.01036
-0.973305
-2.19995
0.100552
0.267439
2.85118
-0.22449
-0.765135
-0.0324114
-0.0198139
-0.626459
-1.66936
0.164484
-0.111519
0.723048
-0.428018
0.060535
-0.139595
-0.521748
-0.240251
-5.29875e-05
1.55592
-0.41718
0.361661
-0.117825
0.863245
-0.0992758
2.1761
1.30113
-0.00327147
-0.471705
0.419873
-0.204618
-0.0511404
1.04383
-0.52275
0.0418731
-0.806569
-1.47111
0.0448657
-0.434923
0.0388876
-0.0555138
0.257207
-0.00397197
-0.64339
0.103716
0.754166
-0.693562
-0.232362
-1.76365
-0.189209
0.54658
0.41663
0.00130821
0.347417
-0.231897
0.187764
-0.0200855
-1.24621
0.402689
-0.035283
-3.12534
4.32097
-0.214425
-2.5579
-0.0534426
-0.654239
-0.0327926
-0.0412564
-0.00762146
0.372557
0.339932
-0.0976242
0.17648
-0.0424627
1.9963
0.466456
-0.00584474
2.41397
0.479188
1.19543
-1.15557
-0.323403
-0.855023
-0.535059
1.09589
-0.271428
0.286739
0.196679
0.0428747
-0.221767
0.570702
-0.0638478
0.297318
-0.582649
0.871202
-0.399945
-0.171559
-0.937868
-0.193742
-0.652563
-2.35927
0.63856
2.51235
-1.2435
0.141715
-0.0462966
0.755523
-0.766375
-0.322914
0.037099
0.48105
1.84202
-0.532705
-0.0905152
-0.414116
-0.68387
-0.00721876
0.0147378
-0.0549816
0.928384
0.138246
1.58956
-0.184851
-0.0113318
-0.0908018
-0.00968703
0.0289288
2.62818
0.0966955
0.0330722
0.634085
-0.102144
-0.0790081
0.562065
0.183897
-1.72913
0.0654962
0.353622
2.94806
-0.309131
-0.000928092
0.29067
-0.302998
-0.16351
-0.483098
-0.48237
0.0791492
1.48285
1.18444
0.939366
0.0407231
0.723092
-0.22003
0.227303
0.00624697
-0.350819
-0.145499
-0.373885
0.366665
-0.969344
0.146833
-0.459162
-2.892
2.00885
0.575247
-0.00778145
0.432402
0.0257722
0.59919
-0.0906199
-1.2345
0.136816
-1.12897
-0.190803
-0.00732491
0.0295829
-0.0515512
1.24472
1.20041
-0.495039
0.190347
-0.0903139
0.823385
-0.969321
-0.609192
0.230384
-0.142772
-0.423057
0.159317
-1.08292
0.196957
0.999875
-1.12037
0.297591
-0.434326
0.743441
0.118441
0.242552
0.148363
2.08703
-2.49498
0.747817
-0.297689
-0.177434
-0.160588
0.28001
-0.186199
0.224148
-1.75976
-3.40658
0.167352
-1.1657
0.0212115
0.0206696
0.175348
-0.584294
-0.0662926
-0.612796
-0.171597
-0.600992
0.109595
-0.0303
1.30009
-0.00370101
0.0044127
-0.0495851
0.507022
2.59222
0.168642
0.987904
0.263596
-0.441844
0.107114
-0.431105
0.0200243
-0.0270617
0.578019
1.80768
-0.0797459
-2.82985
-0.307297
0.26223
0.363706
-0.357629
0.113176
0.220033
-0.087508
-1.30261
-2.5418
0.478043
1.10436
0.336419
-0.0405014
-1.26695
0.668024
-0.0127482
0.0631475
0.521505
0.166792
-2.39109
0.00732269
1.00436
1.87715
0.0167478
1.3992
0.974005
-0.574402
-0.152096
-0.516526
0.0437661
0.0659948
-0.0854691
-0.00973175
0.0354536
3.07538
0.00212933
-1.82778
0.313004
-0.0799256
0.0106636
-0.141675
0.0100894
-0.176348
-0.204908
-2.97831
-0.171325
-0.0374055
-0.198037
0.396363
-0.163821
0.00128797
-0.0181025
-0.29435
0.0482186
0.307527
0.152941
0.156469
0.0404115
-0.372032
-1.66229
0.194907
-0.209151
1.40584
-0.282589
-0.0212046
0.0348478
0.000904425
-0.285763
-0.0808346
-2.70014
2.48288
1.11381
0.616159
-0.0649528
0.00809051
0.0247435
-0.325239
0.0419967
-0.112015
-0.179827
0.29552
-0.00288409
0.02843
0.654063
1.41588
1.87927
-1.25039
0.746354
0.0407017
0.573127
-0.996435
-0.0972277
-0.297755
0.0540177
0.109489
0.31751
-1.60336
-2.69895
-2.27284
-0.685016
-1.0152
1.47954
0.611511
-0.526214
0.159089
0.127297
0.0054141
1.05867
0.568874
3.28534
-0.760431
-1.65065
0.0419129
-0.228662
-0.188931
-0.0240153
-0.980233
0.0516864
0.000590949
2.45591
1.09486
-0.949561
0.347994
0.130071
-0.654448
0.259416
-0.21685
-0.0587181
-0.202864
0.367132
-0.00252659
0.0157339
0.556015
-0.847489
0.354562
0.319645
0.0334136
0.0217606
0.911832
0.831742
-0.329162
0.285586
-0.024748
-0.0207513
-0.852965
-0.0611199
-1.86963
-1.17447
-0.088907
0.306445
-0.0160408
-0.750929
-0.074438
-0.0557709
0.322391
0.0501951
-0.827114
-0.0856427
-1.34713
1.43923
-0.0807124
-0.984439
-2.61099
0.233792
-0.0187513
-0.385861
0.258317
-0.0475165
0.824944
0.346706
0.0557625
1.00944
-0.591723
0.0131637
-0.16907
0.0514789
-0.0780419
0.185861
0.0334448
-0.00732485
0.0319235
0.0662082
0.00453794
-1.86393
-0.451448
-0.956411
-0.522298
1.85438
0.784852
0.158705
0.319669
0.109211
-0.221271
-0.507206
-0.189067
0.164459
0.859748
0.529721
-0.267329
-1.10202
-0.342411
0.0488962
0.323628
-0.425881
-0.0568304
0.0134713
-0.857383
-1.6843
-0.0566739
-1.05234
-2.53774
-1.49254
0.0321596
0.203761
0.784969
0.66699
-0.231904
-0.364112
-3.44663
0.00214916
-1.23699
-1.92984
-1.15934
-1.06532
0.0970272
-0.0406239
0.07282
0.00906385
-0.0014872
0.00293206
0.0648429
-0.134549
0.0476694
-0.0659028
-0.0552332
0.000345248
-0.256285
0.249918
0.064353
0.0658942
0.0375398
-0.00944821
-0.053041
-2.72762
1.71954
-0.252687
0.983803
-0.118584
0.000732723
0.0736825
-0.133416
0.123785
-0.107542
0.000519394
0.0912289
-0.0499917
0.0698566
-0.00232418
0.37348
-0.0731011
-0.35994
0.0725964
-0.227868
-0.28029
-0.06004
-0.002644
0.0586009
-0.00840802
0.00495892
0.0880843
2.89863
1.6242
-0.637868
-0.0325988
0.157481
0.613715
0.402747
-0.00113917
0.0151967
0.625104
-1.62816
-0.673324
0.156519
1.7338
-0.174844
-0.820736
0.865621
0.837841
-0.0767407
0.0503872
-0.341789
-0.502813
-0.166622
0.532016
0.201037
1.89577
0.0538072
-1.19644
0.343588
-0.270494
0.389247
-0.0409889
0.0736953
-0.814839
-0.700682
-0.118407
-0.181319
0.625309
-0.4801
1.06748
0.0848393
0.633862
-1.01938
0.66147
-0.126833
0.270312
-0.0757442
0.0839669
-2.58135
1.21744
1.79788
1.21958
1.02334
0.0360777
0.0634607
-0.387715
-0.102056
0.210898
-0.274528
-0.661435
0.224951
0.0959398
-0.134448
0.74267
-0.153103
-0.0739817
0.176199
-0.0682613
0.114911
0.105396
-0.0664234
-0.26474
0.103201
0.586311
0.0165977
0.312634
0.421972
-0.861363
2.89086
0.0952421
-0.0528826
0.1516
-0.149509
-0.154216
-0.0157043
0.0953587
0.166931
-0.135027
-0.394566
0.42978
0.341285
-0.0631804
0.125308
1.9415
-0.196753
-0.315253
-0.117451
-0.290384
0.0382495
0.0157267
0.151301
-0.0654925
-0.0177756
-0.705886
-0.182385
-0.63862
-0.0480212
-0.421451
-0.122356
-0.671196
-0.259627
-3.08718
-2.09669
-5.92057
-0.498093
-0.795743
-0.340017
-0.315277
-0.512113
-0.618001
-0.343195
-0.460037
0.889105
-0.892108
-0.560995
0.290163
-2.73662
-3.8175
-5.86374
0.598522
6.43116
4.29118
6.72968
-11.5903
-0.235203
-0.568285
0.262815
-4.11962
-1.48645
-0.652015
-2.30504
0.917646
-0.315158
-0.62727
0.421853
-0.0931374
-2.73094
-5.14468
-3.11323
4.58899
-1.79702
-0.921687
-1.24859
-2.29425
-0.212841
-1.36713
-0.0236992
0.790259
-1.24252
-0.0903831
0.229136
2.67856
-0.0134503
-0.556339
-0.352372
0.471908
-0.749859
-0.89161
-0.519032
0.397905
-1.02314
-1.32406
-1.20629
-2.93729
0.836079
-0.145532
-0.09733
-0.250239
1.11486
-3.75324
-2.44623
0.600937
1.47942
-4.11414
-4.61697
0.227312
0.507534
-0.711717
0.100346
-1.66326
-1.33674
-3.57777
-0.13768
1.73152
-0.870522
0.123897
0.0588625
1.56828
-0.064357
1.11704
0.406484
1.25976
-0.765461
-0.954907
-0.40474
1.12228
-0.327217
-0.62697
-0.431942
-0.0756911
-1.89251
0.0406195
-1.93065
0.421941
0.0977447
-0.834287
-0.553873
0.173712
-0.746817
-1.4059
-0.639634
-1.46017
-0.788946
2.60512
-1.3743
1.13439
-1.21965
0.935697
1.55972
0.322137
0.0148914
0.0826049
-0.469801
0.407789
1.96631
-2.91123
3.08617
-3.4263
-1.87798
0.90767
1.99922
-9.60073
-0.602278
0.100972
-0.172676
-0.330895
0.19424
-0.0895768
1.32669
0.768067
3.22122
-1.15086
0.0524968
-5.54314
3.05362
-0.544444
-0.0166075
-2.7726
-0.0440963
-0.696674
-1.95729
1.87542
-0.0103803
-0.258282
-0.00126078
-0.297897
-3.24378
0.72285
-0.523503
-1.84951
-1.46366
1.25017
-3.33972
1.0495
-0.585865
1.00494
-1.28125
-0.350482
-1.80153
1.36461
-4.77353
0.754492
-0.67887
-0.0976822
1.27159
-0.448235
0.884913
-1.79262
-1.29305
1.03442
-0.0356134
-0.303555
0.547427
0.271819
2.8921
3.58428
2.43764
5.14521
-0.585784
-0.794431
-0.365878
-0.352045
