[20, 16, 16, 4]
-0.848782
0.415076
-0.669267
-0.502952
1.05409
0.789759
-0.457104
0.564639
-0.99682
-0.123104
-1.48945
0.378972
-0.860262
-1.75107
1.34847
-0.00260097
-1.82486
0.165147
-1.43142
-1.11543
0.985097
-0.0133654
-0.676816
-0.971651
-0.567067
2.91919
0.883414
-0.70774
0.676208
0.119917
1.03965
-0.22388
-0.456336
0.0179199
-0.109818
-1.57505
0.347776
-0.578867
0.0599645
0.140374
0.0181287
1.3913
-0.793673
-1.9836
2.44685
-1.15213
-0.674166
-0.729808
2.65772
0.19208
-0.670561
0.145365
-0.345509
-0.19732
-0.21575
-0.26478
-0.26023
1.90956
-0.197138
-1.79966
0.817515
-0.119493
0.577818
-0.0912932
1.48012
0.240389
-0.48206
-0.952831
0.631099
-0.427228
-0.270929
0.443536
-0.134777
1.86329
-0.108177
-1.26141
0.263377
-1.80324
0.221595
-0.0425039
-0.994425
-0.949883
-0.0958977
0.202168
1.39655
-0.856893
0.601167
0.869113
1.1328
1.06694
-0.32696
-1.11127
2.23151
1.03187
0.0449367
1.06047
-1.31872
-0.298924
2.0802
0.146543
0.942594
-0.762281
-0.758679
-0.277122
-0.514038
0.628812
-0.209252
-1.50678
3.50824
0.72262
-2.47569
0.970554
-0.61811
-3.54656
0.415299
-1.01694
0.946279
-1.25454
1.06629
1.80956
0.839672
1.67929
-1.19397
-2.46293
1.96052
0.188162
-0.932795
-0.657081
-0.909136
-1.94615
-0.843028
0.355395
-0.0530394
-0.122119
-0.883657
-0.565143
0.75333
0.685257
-0.0172798
-1.18812
0.000763899
1.00612
-0.540244
-1.35061
1.81455
0.121194
0.935242
1.93669
-0.420121
-0.540833
-0.122183
-0.785685
-0.00051325
1.36315
2.43011
-0.766013
1.22801
0.715969
-0.378984
-0.250014
0.940104
-1.01021
-0.747016
-0.342809
-0.368913
-0.20128
-0.490234
-0.604317
0.506282
1.18938
2.42609
-1.25152
1.70146
0.60962
-0.253891
-0.312265
0.919139
-0.711573
0.795655
0.554436
-1.07927
-0.340283
-0.366046
-0.585481
0.310143
1.52037
1.81048
-1.49133
1.07737
0.652477
-0.646475
-1.16744
1.39372
-0.00654516
-0.273045
1.51963
-0.257909
-0.343374
-0.471599
-1.28161
0.367347
1.37916
1.89242
-0.959025
-0.763179
0.743563
0.178197
1.31429
-0.658262
0.436474
-0.680884
-0.54659
-2.51273
0.559833
-0.721559
-0.706878
-0.415523
1.07805
1.53073
-0.505993
1.02149
-0.423108
0.115697
0.0278292
-0.362123
-0.0929475
-0.426816
-0.132267
-2.33214
0.00210407
-0.448413
-0.605465
-0.0885316
0.916716
1.03513
-0.577242
-0.998121
-0.259443
-0.608292
0.0437078
0.238751
-0.0823324
0.208855
0.0139138
-0.0970722
-0.0366614
-0.599756
-0.999239
0.7361
0.754116
1.23924
0.218939
0.840153
0.784085
0.570123
-0.555899
1.42431
0.0126287
3.28914
0.382203
1.36373
1.04077
1.51991
-3.39982
-3.97749
0.486576
1.75885
2.81163
2.757
2.43463
5.83589
0.949627
-0.715342
-1.17662
-2.15206
0.407533
0.0256545
0.407967
0.502017
3.77198
2.74213
0.422988
1.00221
-2.73878
-2.3423
-4.04621
-4.86079
-1.49852
-0.937481
0.669288
-1.1298
2.44074
-0.0652106
-0.705636
0.405753
-2.84315
-2.007
1.19127
0.731363
0.456866
-1.04952
0.570751
-1.46172
-2.35952
2.40849
3.63483
1.24243
-0.48946
0.366794
6.47967
-1.01475
1.46575
1.30699
5.2165
-3.13224
-5.3499
-2.67322
-4.6735
2.09142
0.839198
1.37726
-1.75227
1.36713
0.823488
0.176085
0.772475
3.2629
-0.100819
-0.742569
1.27583
4.49612
0.833154
-0.543966
-0.934076
-0.669104
0.216102
1.50637
-1.41125
-0.574085
0.53635
0.0432297
-0.451373
0.0215249
0.941253
-2.02489
-0.668379
-1.04817
-0.755396
-0.174797
-2.40266
0.299278
2.30019
3.07026
1.3953
2.63231
-0.0504358
0.138002
-1.77241
-1.24874
-1.05402
2.42831
-3.27714
-1.34313
-1.56927
1.74922
4.69459
3.50122
-3.42416
3.18611
0.0993519
-0.235931
0.0469549
-1.53574
0.88495
0.568739
0.833561
0.623525
-0.640965
0.0717039
-0.723037
2.03695
-1.25146
-1.12665
2.25922
0.792085
0.215957
-3.48936
0.0732619
2.63781
-2.00652
-3.6386
-0.107571
-0.442279
-0.101645
-0.618277
0.278817
-1.52835
4.70369
-1.67387
0.20366
0.0265255
2.36567
1.24782
2.49704
2.88352
-1.65039
-2.80475
-1.57441
0.60956
-0.413365
-0.486384
0.803172
0.0152584
0.703154
2.65437
0.853232
-0.361396
-2.06016
4.68318
2.14344
1.65029
2.86727
2.03627
3.64597
2.97712
0.327014
-0.830877
0.135832
0.822558
-7.55622
-4.42712
3.68228
-0.460596
-3.30807
-2.14402
2.5289
-0.0767844
2.01246
2.17404
-1.07822
-1.36191
-3.1932
-1.26184
-1.58185
1.93684
1.5465
1.94163
2.84113
-0.765858
0.207646
0.329753
-0.0117412
0.460515
-0.10043
1.9472
3.54074
-2.92188
-0.755056
0.0890572
-1.08618
-0.355194
2.70385
-0.752091
-0.983729
0.266438
1.21017
-0.54105
0.0685243
0.538741
0.0461152
-0.933534
-4.77786
-2.14516
-1.94468
1.02746
0.148388
3.08898
2.57992
-1.70268
-1.68681
3.44061
-0.259218
-2.71899
-0.0822174
0.00833313
-0.893263
0.52963
3.35349
-2.0566
0.921498
-2.14873
-1.78959
-2.09981
3.72161
0.52802
0.590372
0.293517
-0.654207
0.141091
-0.000337438
0.298249
-0.785257
1.2864
0.404571
4.79258
-0.557226
1.95638
1.66534
1.10333
-6.1017
1.20441
-0.375878
-1.29298
0.462441
1.21458
0.319342
0.545855
-0.296549
-0.37531
-1.52842
-2.55696
3.15245
-3.96889
-0.440671
-1.30041
2.52712
1.00575
2.0299
0.621961
0.25725
-2.1781
-0.260271
0.605584
1.05718
-0.422368
-0.30286
-0.376137
-2.7824
4.53927
-0.758308
1.18878
-0.540207
0.856504
-2.49441
-2.02666
1.00976
0.309562
0.251448
-0.297798
-0.0434897
0.191413
1.72538
1.50565
0.468033
-1.28177
1.5548
2.46432
-2.84847
1.20932
-1.40253
-5.32936
2.70499
1.45257
-0.182988
0.607214
-0.911067
0.675732
0.165884
3.56829
0.446541
-1.61204
-2.38603
-2.25048
1.00109
1.34551
-0.454401
0.0347115
-1.56522
-1.89972
1.92853
0.309249
0.701747
-1.82602
-1.03449
-0.982149
0.388493
-0.144561
0.975739
-2.79826
0.721881
-1.70381
-1.61531
0.833915
-2.82497
2.60436
0.20333
-1.49773
1.77227
4.29714
0.313302
0.655648
2.28619
2.36595
-1.18935
0.255124
-3.11048
-3.98476
2.41656
-0.943238
-3.26764
-2.86807
3.31121
-4.14843
7.93553
4.16443
-0.950272
-3.32876
-4.58588
-4.0394
-3.83505
0.587753
-1.272
-2.15304
1.94254
-0.578642
-1.02311
-2.0419
2.33036
5.77012
-9.63487
-8.09451
-3.79246
3.20054
-8.28214
-2.10382
-6.04176
6.19771
-8.89127
14.9753
-10.3653
-2.24072
4.72053
0.210592
-2.46265
-1.11841
-0.151877
-1.81296
-4.94329
0.324705
0.77566
-0.526791
1.90891
-0.899646
-2.97966
-4.61667
3.64525
-3.07481
2.84078
1.90649
-4.3608
-1.73782
-1.5
1.9552
-8.84103
-11.4639
-0.633885
-4.2485
-11.0096
-0.942887
-6.7462
-3.63249
4.04071
-1.83298
-1.25165
-2.40738
0.39161
