[293, 49, 49, 4]
0.0
0.0
0.0
0.0
0.0
0.0
0.0
0.0
0.0
0.0
0.0
0.0
0.0
0.0
0.0
0.0
0.0
0.0
0.0
0.0
0.0
0.0
0.0
0.0
0.0
0.0
0.0
0.0
0.0
0.0
0.0
0.0
0.0
0.0
0.0
0.0
0.0
0.0
0.0
0.0
0.0
0.0
0.0
0.0
0.0
0.0
0.0
0.0
0.0
0.0
0.0
0.0
0.0
0.0
0.0
0.0
0.0
0.0
0.0
-1.8601
0.0
0.0
0.0
0.0
0.0
0.0
0.0
0.0
0.0
0.0
0.0
0.0
0.0
0.0
0.0
0.0
0.0
0.0
-1.82672
0.0
0.0
0.0
0.0
0.0
0.0
0.0
0.0
0.0
0.0
0.0
0.0
0.98584
0.0
0.0
0.0
0.0
0.0
0.0
0.0
0.0
0.0
0.0
-0.656069
0.0
0.0
0.0
0.0
0.0
0.0
0.0
0.0
0.0
0.0
0.0
0.0
0.0
0.0
0.0
0.0
0.0
0.0
0.0
0.0
0.0
0.0
0.0
0.0
0.0
0.0
0.0
0.0
0.0
0.0
0.0
0.0
0.0
0.0
0.0
0.0
0.0
0.0
0.0
0.0
0.0
0.0
0.0
0.0
0.0
0.0
0.0
0.0
0.0
0.0
0.0
0.0
0.0
0.0
0.0
0.0
0.0
0.0
0.0
0.0
0.0
0.0
0.0
0.0
0.0
0.0
0.0
0.0
0.0
0.0
0.0
0.0
0.0
0.0
0.0
0.0
0.0
0.0
0.0
0.0
0.63655
0.0
0.0
0.0
0.0
0.0
0.507685
0.0
0.0
0.0
0.0
0.0
0.0
0.0
-1.11709
0.0
0.0
0.0
0.0
0.0
0.0
0.0
0.0
0.0
0.0
0.0
0.0
0.0
0.0
0.0
0.0
0.0
0.0
0.0
0.0
0.0
0.0
0.0
0.0
0.0
0.0
0.0
0.0
0.0
0.0
0.0
0.0
0.0
0.0
0.0
0.0
0.0
0.0
0.0
0.0
0.0
-0.626381
0.0
0.0
0.0
0.0
0.0
0.0
0.0
0.0
0.0
0.0
0.0
0.0
0.0
0.0
0.0
0.0
0.0
0.0
0.0
0.0
0.0
0.0
0.0
0.0
0.0
0.0
0.0
0.0
0.0
0.0
0.0
0.0
0.0
-0.155486
0.0
0.0
0.0
0.0
0.0
0.0
0.0
0.0
0.0
0.0
0.0
0.0
0.0
0.0
0.0
0.0
0.0
0.0
0.0
0.0
0.0211796
0.843362
0.852938
0.0617277
0.0675817
0.650247
1.13963
0.282451
-0.575759
-0.371549
0.163309
-1.29566
1.5811
0.836029
-0.679031
0.033321
-0.226996
0.755008
-0.0253784
-0.187509
-0.654875
-0.572291
-0.639434
-0.609543
0.541755
-0.822492
-0.19056
-0.163033
0.14612
-0.121353
0.0163249
-0.283681
-0.443857
-0.414794
0.0257908
-0.0414932
-0.348881
0.482513
-0.16063
-0.0218153
-0.163561
0.0701713
0.267299
-0.422003
0.496248
-0.727355
0.109242
-0.207593
0.178134
0.0
0.0
0.0
0.0
0.0
0.0
0.0
0.0
0.0
0.0
0.0
0.0
0.0
0.0
0.0
0.0
0.0
0.0
0.0
0.0
0.0
0.0
0.0
0.0
0.0
0.0
-1.52685
0.0
0.0
0.0
0.0
0.0
0.0
0.0
0.0
0.0
0.0
0.0
0.0
0.0
0.0
0.0
0.0
0.0
0.0
0.0
0.0
0.0
0.0
-0.0444465
0.386304
0.967566
0.0234746
0.191542
0.588063
0.753017
0.313438
-0.0863534
0.0833147
0.0881702
-0.623383
1.91865
0.0848081
-0.631638
0.356488
-0.459467
0.389581
0.274632
0.0228669
-0.582838
-0.487137
-0.663085
-0.0758689
0.758562
-0.965348
0.275953
-0.158419
0.0563922
-0.0914712
0.130811
-0.235714
-0.731819
-0.67687
-0.175738
-0.744477
-0.175963
-0.202727
-0.203685
-0.038945
-0.916355
0.372022
-0.164344
-0.201356
0.554548
-0.546848
-0.00348866
-0.874451
0.280914
0.0
1.66184
0.0
0.0
0.0
0.0
0.0
0.0
0.0
0.0
0.0
0.0
0.0
0.0
0.0
0.0
-2.04761
0.0
0.0
1.05334
0.0
0.0
0.0
0.0
0.0
0.0
0.0
0.0
0.0
-1.80079
0.0
0.0
0.0
0.0
0.0
0.0
0.0
0.0
0.0
0.0
0.0
0.0
0.0
0.0
0.174363
0.0
0.0
0.0
0.0
-0.0582803
1.1782
1.09509
-0.247433
0.275259
0.0718248
0.803812
-0.355324
0.519206
-0.664669
0.0871617
-1.25033
0.974689
0.405536
-0.442666
-0.040785
0.217934
0.848248
0.0564086
-0.322903
-0.335068
0.34018
-0.694744
0.139413
1.16136
0.101646
-0.465804
-0.33443
0.189948
0.323514
-0.173631
-0.335737
0.384798
-0.0853475
0.484273
-1.33719
0.0309322
-0.257259
-0.425365
0.125612
-0.102718
-0.147519
-0.262835
0.131516
0.391125
0.160791
-0.118236
-0.0465999
-0.223408
0.0
0.0
0.0
0.0
0.0
0.0
0.0
0.0
0.0
0.0
0.0
0.0
0.0
0.0
0.0
0.0
0.0
0.0
0.0
0.0
0.0
0.0
0.0
0.0
0.0
0.0
0.0
0.0
0.0
0.0
0.0
0.0
0.0
0.0
0.0
0.0
0.0
0.0
0.0
-2.11648
0.0
0.0
0.0
0.0
0.0
0.0
0.0
0.0
0.0
0.0
0.0
0.0
0.0
0.0
0.0
0.0
0.0
0.0
0.0
0.0
0.0
0.0
0.0
0.0
0.0
0.0
0.0
0.0
0.0
0.0
0.0
0.0
0.0
0.0
0.0
0.0
0.0
0.0
0.0
-0.525046
0.0
0.0
0.0
0.0
-1.40912
0.0
0.0
0.0
0.0
0.0
0.0
0.0
0.0
0.0
0.0
0.0
0.0
0.0182881
0.0
0.0
0.0
0.0
0.0
0.0
0.0
0.0
0.0
0.0
0.0
0.0
0.0
0.0
0.0
0.0
0.0
0.0
0.0
0.0
0.0
0.0
0.620187
0.0
0.0
0.0
0.0
0.0
0.0
0.0
0.0
0.0
0.0
0.0
0.0
0.0
0.0
0.0
0.0
0.0
0.0
0.0
0.0
0.0
0.0
0.0
-0.57316
0.0
0.0
0.0
0.0
0.0
0.0
0.0
0.0
0.0
0.0
0.0
0.0
0.0
0.0
0.0
0.0
0.0
0.0
0.0
0.0
0.0
0.0
0.0
0.0
0.0
0.0
0.0
0.0
0.0
0.0
0.0
0.0
0.0
0.0
0.0
0.0
0.0
0.0
0.0
0.0
0.0
0.0
0.0
0.0
0.0
0.0
0.0
0.0
0.0
0.0
0.0
0.0
0.0
0.0
0.0
0.0
0.0
0.0
0.0
0.0
0.0
0.0
0.0
0.0
0.0
0.0
0.0
0.0
0.0
0.0
0.0
0.0
0.0
0.0
0.0
0.0
0.0
0.0
-1.1886
0.0
0.0
0.0
0.0
0.0
0.0
0.0
0.0
0.0
0.0
0.0
0.0
0.0
0.0
0.0
0.0
0.0
0.646214
0.0
0.0
0.0
0.0
0.0
0.0
0.0
0.0
0.0
0.0
0.0
0.0
0.0
0.0
0.0
0.0
0.408519
0.0
0.0
0.0
0.0
-0.190097
0.0
0.0
0.0
0.0
0.0
0.0
0.0
0.0
0.0
0.0
-0.671109
0.0
0.0
0.0
0.0
0.0
0.0
0.0
0.0
0.0
0.0
0.0
0.0
0.0
0.0
0.0
0.0
0.0
0.0
0.0
0.0
0.0
0.0
0.0
0.0
0.0
0.0
0.0
0.0
0.0
0.0
0.0
0.0
0.0
0.0
0.261183
0.0
0.0
0.0
0.0
0.0
0.0
0.0
0.0
0.0
0.0
0.0
0.0
0.0
0.0
0.0
0.0
0.0
0.0
0.0
0.0
0.0
0.0
0.0
0.0
0.0
0.0
0.0
0.0
0.0
0.0
0.0
0.0
0.0
0.0
0.0
0.0
0.0
0.0
0.0
0.0
0.0
0.0
0.0
0.0
0.0
0.0
0.0
0.0
0.0
0.0
0.0
0.0
0.0
0.0
0.0
0.0
0.0
0.0
0.0
0.0
0.0
0.0
-0.267071
0.0
0.0
0.0
0.0
0.0
0.0
0.0
0.0
0.0
0.0
0.0
0.0
0.0
0.0
0.0
0.0
0.0
0.0
0.0
0.0
0.0
0.0
0.0
0.0
0.0
0.0
0.0
0.0
0.0
0.0
0.0
0.0
0.0
0.0
0.0
0.0
0.0
0.0
0.0
0.0
0.0
0.0
0.0
0.0
0.0
0.411185
0.0
0.0
0.0
0.0
0.0
0.0
0.0
0.0
0.0
0.0
0.0
0.0
0.0
0.0
0.0
0.0
0.0
-1.03528
0.0
0.0
0.0
0.0
0.0
0.0
0.0
0.0
0.0
0.0
0.0
0.0
0.0
0.0
0.0
0.0
0.0
0.0
0.0
0.0
0.0
0.0
0.0
0.0
0.0
0.0
0.0
0.0
0.0
0.0
0.0
0.0
0.0
0.0
0.0
0.0
0.0
0.0
0.0
0.0
0.0
0.0
0.0
0.0
0.0
0.0
0.0
0.0
0.0
0.0
0.0
0.0
0.0
0.108514
0.610616
1.61093
-0.0135085
-0.0919521
0.18784
0.826584
-0.0456033
-0.299398
-0.70427
0.474284
1.26911
1.81788
0.723809
0.135342
0.0578458
0.240013
0.278635
-0.0388708
-0.791295
0.744832
0.486735
-0.147762
-0.353664
-0.760162
0.506363
-0.372042
-0.0365023
0.117119
-0.034208
-0.57565
-0.773181
0.012367
-1.50571
0.730612
-0.56701
-0.137706
0.647119
-0.286177
0.751559
-0.562826
-0.270027
-0.0426909
-0.552758
0.406528
-1.33537
0.905114
-0.942641
1.78057
-0.548531
0.0
0.0
0.0
0.0
0.0
0.0
0.0
0.0
0.0
0.0
0.548318
0.0
0.0
0.0
0.0
0.0
0.0
0.25861
0.0
0.0
0.0
0.0
0.0
0.0
0.0
0.0
0.0
0.0
0.0
0.0
0.0
0.0
0.0
0.0
0.0
0.0
0.0
0.0
0.0
0.0
0.0
0.0
0.0
0.0
0.0
0.0
0.0
-0.847627
0.0
0.0
0.330485
0.0
0.0
0.0
0.0
0.0
0.0
0.0
0.0
0.0
0.0
0.0
0.0
0.0
0.0
0.0
0.0
0.0
0.0
0.0
0.0
0.0
0.0
0.0
0.0
0.0
-0.531759
0.0
0.0
0.0
0.0
0.0
0.0
0.0
0.0
0.0
0.0
0.0
0.0
0.0
0.0
0.0
0.0
0.0
0.0
0.0
0.0
0.0
0.0
0.0
0.0
0.0
0.0
0.0
0.0
0.0
0.0
0.0
-1.91248
0.0
0.0
0.0
0.0
0.0
0.0
0.0
0.0
0.0
-1.5444
0.0
0.0
0.0
0.0
0.0
0.0
0.0
0.0
0.0
0.0
0.0
0.0
0.48742
1.48825
0.0
0.0
1.12285
0.0
0.0
0.0
0.0
0.0
0.0
0.456282
0.0
0.0
0.0
0.0
0.0
0.0
0.0
0.0
0.0
0.0
0.0
0.0
0.0
0.0
0.0
0.0
0.0
0.0
0.0
0.0
0.0
0.0
0.0
0.0
0.0
0.0
0.0
0.0
0.0
0.0
0.0
0.0
0.0
0.0
0.0
-0.341242
0.0
0.0
0.0
0.0
0.0
0.0
0.0
0.0
0.0
0.0
0.0
0.0
0.0
0.0
0.0
0.0
0.0
0.0
0.0
0.0
0.0
0.0
0.0
0.0
0.0
0.0
0.0
0.0
0.0
0.310597
0.0
1.426
0.0
0.0
0.0
0.0
0.0
0.0
0.0
0.0
0.0
0.0
0.0
-1.09147
0.0
0.0
-0.00984959
0.0
0.0
0.0
0.0
-0.501709
0.0
0.0
0.0
0.0
0.759567
0.0
0.0
0.0
0.0
0.0
0.0
0.0
0.0
0.0
0.0
0.0
0.0
0.0
0.0
0.0
0.0
0.0
0.0
0.0
0.0
0.0
0.0
0.0
0.0
0.0
0.0
0.0
0.0
0.0
0.0
0.0
0.0
0.0
-0.865166
0.0
0.0
0.0
0.0
0.0
0.0
0.0
0.0
1.3257
0.0
0.0
0.0
0.0
0.0
0.0
0.0
0.0
0.0
0.0
0.0
0.0
0.0
0.0
0.0
0.0
0.0
0.0
0.0
0.0
0.0
0.0
0.0
0.0
0.0
0.0
0.580584
0.0
0.0
0.0
0.0
0.844749
0.0
0.0
0.0
0.0
0.0
0.210606
0.0
0.0
0.0
0.0
0.0
0.0
0.0
0.0
-0.543088
0.0
0.0
0.0
0.0
0.0
0.0
0.0
0.0
0.0
0.0
0.0
0.0
0.0262792
0.0
0.0
0.0
-0.0176595
-0.129766
0.144433
0.113282
0.0711812
-0.218713
0.326238
0.306282
0.750574
-0.420578
0.066984
-0.960523
1.15274
1.75104
-0.533642
-0.289394
0.00141688
0.425382
0.0792024
-0.428506
-0.838369
0.553438
-0.179241
0.0114889
1.03753
0.121531
-0.0241644
-0.292291
-0.248053
0.250706
0.242812
-0.318586
0.267221
-0.382074
-0.0174143
-0.12536
-0.200066
0.250496
-0.112131
-0.185011
-0.0362398
0.389591
-0.123212
-0.268453
0.186407
0.121207
-0.200681
-0.266015
-0.0624627
0.0
0.0
0.0
0.0
0.0
0.0
0.0
0.0
0.0
0.0
0.0
0.0
0.0
0.0
0.0
0.0
0.0
0.0
0.0
0.0
0.0
0.0
0.0
0.0
0.0
0.0
0.0
0.0
0.0
0.0
0.0
0.0
0.0
0.0
0.0
0.0
0.0
0.0
0.0
0.0
0.0
0.0
0.0
0.0
0.0
0.0
0.0
0.0
0.0
0.0
0.0
0.0
0.0
0.0
0.0
0.0
0.0
0.0
0.0
0.0
0.0
0.0
0.0
0.0
0.0
0.0
-0.781467
0.0
0.0
0.0
0.0
0.0
0.0
0.0
0.0
0.0
0.0
0.0
0.731997
0.0
0.0
0.0
0.0
0.0
0.0
0.0
0.0
0.0
0.0
0.0
0.0
0.0
0.0
0.0
0.0
0.0
0.0
0.0
0.0
0.0
0.0
0.0
0.0
0.0
0.0
0.0
0.0
0.0
0.0
0.0
0.0
0.0
0.0
0.0
0.0
0.0
0.0
0.0
0.0
0.0
0.0
0.0
0.0
0.0
0.0
0.0
0.0
0.0
-0.873164
0.0
0.0
0.0
0.0
0.0
0.0
0.0
0.0
0.0
0.0
0.0
0.0
0.0
0.0
0.0
0.0
0.0
0.0
0.0
0.0
0.0
0.0
0.0
0.0
0.0
0.0
0.0
0.0
0.0
0.0
0.0
0.0
0.0
0.0
0.0
0.0
0.0
0.0
0.0
0.0
0.0
0.0
0.0
0.0
0.0
0.441805
0.0
0.0
0.0
0.0
0.0
0.0
0.0
-0.521753
0.0
0.0
0.0
0.0
0.0
0.0
0.0
0.366131
0.0
0.0
0.0
0.0
0.0
0.0
0.0
0.0
0.0
0.0
0.0
0.0
0.0
0.0
0.0
0.0
0.0
0.0
0.0
0.0
0.0
0.0
0.0
0.0
0.0
0.0
0.0
0.0
0.0
0.0
0.0
0.0
0.0
0.0
0.0
0.0
0.0
0.0
0.0
-3.15793
0.0
0.0
-1.38131
0.0
-2.02161
0.0
0.0
0.0
1.31949
0.0
0.0
0.0
0.0
0.0
0.0
0.0
0.0
0.0
0.0
0.0
0.0
0.0
0.0
0.0
0.0
0.0
0.0
0.0
0.0
0.0
0.0
0.0
0.0
0.0
0.0
0.0
0.0
0.0
-0.413679
0.0
0.0
0.0
0.0
1.1874
0.207863
0.0
0.0
0.0
0.0
0.0
0.0
0.0
0.0
0.0
0.0
0.0
0.0
0.0
0.0
0.0
0.0
0.0
0.0
0.012385
0.18449
0.627184
0.0586531
0.070273
0.0716146
0.801291
-0.169843
-1.09478
-0.973125
0.23653
0.461769
1.19437
0.198205
-0.301737
-0.0290011
0.0405322
0.475012
0.0408143
-0.457194
0.600066
0.133418
-0.401644
-0.293254
-1.03756
0.0155613
-0.630268
-0.152859
0.0852956
0.214043
-0.90532
-0.0147491
0.000408401
-0.349443
0.367032
-0.0462266
-0.431401
0.893882
0.150323
0.881451
-0.187283
-0.322762
-0.233282
-0.664148
0.373685
-1.05385
0.774796
-0.678415
0.7454
0.0
0.0
0.0
0.0
0.0
0.0
0.0
0.0
0.0
0.0
0.0
0.0
0.0
0.0
0.0
0.0
0.0
0.0
0.0
0.0
0.0
0.0
0.0
0.0
0.0
0.0
0.0
0.0
0.0
0.0
1.95734
0.706015
0.0
0.0
0.0
0.0
0.0
0.0
0.0
0.0
0.0
0.0
0.0
0.0020099
0.0
0.0
0.0
0.0
0.0
0.0
0.0
0.0
0.0
0.0
0.0
0.0
0.0
0.0
0.0
0.0
0.0
0.0
0.0
0.0
0.0
0.0
0.0
0.0
0.0
0.0
0.0
0.0
0.0
0.0
0.0
0.0
0.0
0.0
0.0
0.966817
0.0
0.0
0.0
0.0
0.0
0.0
0.0
0.0
0.0
0.0
0.0
0.0
0.0
0.0
1.07647
0.0
0.0
0.0
0.0
0.0
0.0
0.0
0.0
0.0
0.0
0.0
0.0
-0.31537
0.0
0.0
0.0
0.0
0.0
1.26261
0.0
0.0
0.0
0.0
0.0
0.0
0.0
0.0
-0.486253
0.0
0.0
0.0
0.0
0.0
0.0
0.0
0.0
0.0
0.0
0.0
0.0
0.0
0.0
0.0
0.0
0.0
0.0
0.0
0.0
0.0
0.0
0.0
0.0
0.0
0.0
0.0
0.0
0.0
-0.321964
0.0
0.0
0.0
0.0
0.0
0.0
0.0
0.0
0.0
0.0
0.0
0.0
0.0
0.0
0.0
0.0
0.0
0.0
0.0
0.0
0.0
0.0
0.0
0.0
0.0
0.0
0.0
0.0
0.0
0.0
0.0
0.0
0.0
0.0
0.0
0.0
0.0
0.0
0.0
0.0
0.0
0.0
0.0
0.0
0.0
0.0
0.0
0.0
0.0
0.0
0.0
0.0
0.0
0.0
0.0
1.079
0.0
0.0
0.0
-1.73249
0.0
0.0
0.0
0.0
0.0
0.0
0.0
0.0
0.0
0.0
0.0
0.0
0.0
0.0
0.0
0.0
-0.379188
0.0
0.0
0.0
0.0
0.0
0.0
0.0
0.0
0.0
0.0
0.0
0.0
1.27155
0.0
0.0
0.0
0.0
0.0
0.0
0.0
0.0
0.0
0.0
0.0
0.0
0.0
0.0
0.0
0.0
0.0
0.0
0.0
0.0
0.0
0.0
0.0
0.0
0.0
0.0
0.0
0.0
0.0
-1.1887
0.0
0.0
0.0
0.0
0.0
0.0
0.0
0.0
0.496746
0.0
0.0
0.0
1.24977
0.0
0.0
0.0
0.0
0.0
0.0
0.0
0.0
0.0
0.0702609
0.0
0.0
0.0
0.0
0.0
0.0
0.0
0.0
0.0
0.0
0.0
0.0
0.653162
0.0
0.0
0.0
0.0
0.0
0.0
0.0
0.0
0.0
0.0
0.0
0.0
0.0
0.0
0.0
0.0
0.0
0.0
0.0
0.0
0.0
0.0
0.0
0.0
0.0
0.0
0.0
0.0
0.0
0.0
0.0
0.0
0.0
0.0
0.0
0.0
0.0
0.0
0.0
0.0
0.0
0.0
0.0
0.0
0.0
-0.957806
-1.26883
0.0
0.0
0.0
0.0
0.0
0.0
0.0
0.0
0.0
0.0
0.0
0.0
0.0
0.0
0.0
0.0
0.0
0.0
0.0
0.0
-0.436634
0.0
0.0
0.0
0.0
0.0
0.0
-1.15647
0.0
0.0
0.0
0.0
-0.449584
0.0
0.0
0.0
0.0
0.0
0.0
0.0
-0.300821
0.0
0.0
0.0
0.0
0.0
0.0
0.0
0.0
0.0
0.0
0.0
0.493918
0.0
0.0
0.0
1.58818
0.0
0.0
0.0
3.15433
0.0
0.0
0.0
0.0
0.0
0.0
0.0
0.0
0.0
0.0
0.0
0.0
0.0
0.0
0.0
0.0
0.0
0.0
0.0
0.0
0.0
0.0
0.0
0.0
0.0
0.0
0.0
0.0
0.0
0.0
0.0
0.0
0.0
0.0
0.0
0.0
0.0
0.0
0.0
0.0
0.0
0.0
0.0
0.0
0.0
0.0
0.0
0.0
0.0
0.0
0.0
0.0
0.0
0.0
0.0
0.0
0.0
0.0
0.0
0.828402
1.47644
0.0
0.0
0.0
0.0
0.0
0.0
0.0
0.0
0.0
0.0
0.0
0.0
0.0
0.0
0.0
0.0
0.0
0.0
0.0
0.0
0.0
0.0
0.0
0.0
0.0
0.0
0.0
0.0
0.0
0.0
0.0
0.0
0.0
0.0
0.0
0.0
0.0
0.0
0.0
0.0
0.0
0.0
0.0
0.0
0.0
0.0
0.0
0.0
0.0
0.0
0.0
0.0
0.0
0.0
0.0
0.0
0.0
0.0
0.0
0.0
0.0
-0.0365549
0.341436
0.69848
-0.414086
0.134012
-0.536234
0.359066
-0.0154215
0.669549
0.330126
0.0927806
-1.19575
1.56524
1.12152
-1.10509
-0.119617
-0.0591047
0.305216
0.00138879
-0.524239
-0.887407
1.52386
-0.275964
0.0279341
1.54868
0.306674
-0.194628
-0.447456
-0.17404
0.40533
0.39597
-0.442011
0.488809
-0.228733
0.0856338
0.171818
-0.373977
-0.405333
-0.956758
-0.239572
-0.0215343
0.829499
-0.340633
-0.269154
0.274312
-0.190112
-0.377263
-0.310546
-0.0610911
0.0
0.0
0.0
0.0
0.0
0.0
0.0
0.0
0.0
0.0
0.0
0.0
0.0
0.0
0.0
0.0
0.0
0.0
0.0
0.0
0.0
0.0
0.0
0.979666
0.0
0.0
0.0
0.0
0.0
0.0
0.0
0.0
0.0
0.0
0.0
0.0
0.0
0.0
0.0
0.0
0.0
0.0
0.0
-1.05801
0.0
0.0
0.0
0.0
0.0
0.0
0.0
0.0
0.0
0.0
0.0
0.0
-1.49009
0.0
0.0
0.0
0.0
0.0
0.0
0.0
0.0
0.0
0.0
0.0
0.0
0.0
0.0
0.0
-0.477526
0.0
0.0
0.0
0.0
-0.368963
0.0
0.0
0.0
0.0627176
0.0
0.0
0.0
0.0
0.0
0.0
0.0
0.0
0.0
0.0
0.0
0.0
0.0
0.0
0.0
0.0
0.0
0.0
0.0
0.0
0.0
0.0
0.0
0.0
0.0
0.0
0.0
0.0
0.0
0.0
0.0
0.0
0.0
0.0
0.0
0.0
0.0
0.0
0.0
0.0
0.0
0.0
0.0
0.0
0.0
0.0
0.0
0.0
0.0
0.0
0.0
0.0
0.0
0.0
0.0
0.0
0.0
0.0
0.0
0.0
0.0
0.0
0.0
0.0
0.0
0.0
0.0
0.0
0.0
0.0
0.0
0.0
0.0
0.0
0.0
0.989687
0.0
0.0
0.0
0.0
0.0
0.0
0.0
0.0
0.0
0.0
0.0
0.0
0.0
0.0
0.0
0.0
0.0
0.0
0.0
0.0
0.0
0.0
0.0
0.0
0.0
0.0
0.0
0.0
0.0
0.0
0.0
0.0
0.0
0.0
0.0
0.0
0.0
0.0
-0.992284
0.0
-0.0864535
0.0
0.0
0.0
0.0
0.0
0.0
0.0
0.0
0.0
0.0
0.0
0.0
0.0
0.0
0.0
0.0
0.0
0.0
0.0
0.0
0.0
0.0
0.0
0.58504
0.0
0.0
0.0
0.0
0.0
0.0
0.0
0.0
0.0
0.0
0.0
0.0
0.0
0.0
0.0
0.0
0.0
0.0
0.0
0.0
0.0
0.0
0.0
0.0
0.0
0.0
0.0
0.0
0.0
0.0
0.611085
0.0
0.0
0.0
0.0
0.0
0.0
0.0
0.0
0.0
0.0
0.0
0.0
0.0
0.0
0.0
0.0
0.0
0.0
0.0
0.0
0.0
0.0
0.0
0.0
0.0
0.0
0.0
0.0
0.0
0.0
0.0
-0.864473
0.0
0.0
0.0
0.0
0.0
0.0
0.0
0.0
0.0
0.0
0.0
0.0
0.0
0.0
0.0
0.0
0.0
0.0
0.0
0.0
0.0
0.0
0.0
0.0
0.0
0.0
0.0
0.0
0.0
0.0
0.0
0.0
0.0
0.0
0.0
0.0
0.0
0.0
0.0
0.0
0.0
0.0
0.0
0.0
2.3367
0.0
0.0
0.0
0.0
0.0
0.0
0.0
0.0
0.0
-0.911735
0.0
0.0
0.0
0.0
0.0
0.0
0.0
0.0
0.0
0.0
0.0
0.0
0.0
0.0
0.0
0.0
0.0
0.0
0.0
0.0
-2.63131
0.0
0.0
0.0
0.0
0.0
0.0
0.0
0.0
0.0
0.0
0.0
0.0
0.0
0.0
0.0
0.0
0.0
0.0
0.0
0.0
0.0
0.0
0.0
0.0
0.0
0.0
1.99698
1.38287
0.0
0.0
0.0
0.0
0.0
0.0
0.0
0.0
0.0
0.0
0.0
0.0
0.0
0.0
0.0
0.0
0.0
0.0
0.0
0.0
0.0
0.0
0.0
0.0
0.0
0.0
0.0
0.0
0.0
0.0
0.0
0.0
0.0
0.0
0.0
0.0
0.0
0.0
0.0
0.0
0.0
0.0
0.0
0.0
0.0
0.0
0.0
0.0
0.0
0.626243
0.0
0.4029
0.0
0.0
0.0
0.0
0.0
0.0
0.0
0.0
0.0
0.0
0.0
0.0
0.0
0.0
0.0
0.0
0.0
0.0
0.0
0.0
0.0
0.0
0.0
0.0
0.0
-0.361727
0.0
0.0
0.0
0.0
0.0
0.0
0.0
0.0
0.0
0.0
0.0
0.0
-0.0524961
0.0
0.0
0.0
0.0
0.0
0.0
0.0
0.0
0.0
0.0
0.0
0.0
0.0
0.0
0.0
0.0
0.0
-0.152241
0.0
0.0
0.0
0.0
0.0
-1.07144
0.0
0.0
0.0
0.0
0.0
0.0
0.0
0.0
0.0
0.302016
0.0
0.0
0.0
0.0
0.0
0.0
0.0
0.0
0.0
0.0
0.0
0.0
0.0
0.0
0.0
0.0
0.0
0.0
0.0
0.0
0.0
0.0
0.623151
0.0
0.0
0.0
0.0
0.0
0.0
0.0
0.0
0.0
0.0
0.0
0.0
0.0
0.0
0.0
0.0
0.0
0.0
0.0
0.0
0.0
0.0
0.0
0.0
0.0
0.0
0.0
0.0
0.0
0.0
0.0
0.0
0.0
0.0
0.0
0.0
0.0
0.0
0.0
0.0
0.0
0.0
0.0
0.0
0.0
0.0
0.0
0.0
0.0
0.0
0.246799
0.0
0.0
0.0
0.0
0.0
0.0
0.0
0.0
0.0
0.0
0.0
0.0
0.0599004
0.0
0.0
0.0
0.0
0.0
0.0
0.0
0.0
0.0
0.0
0.0
-1.10962
0.0
0.0
0.0
0.0
0.0
0.0
0.0
1.90826
0.0
0.234378
0.0
0.0
0.0
0.0
0.0
0.0
0.0
0.0
0.0
0.0
0.0
0.0
0.0
0.0
0.0
0.0
0.722122
0.0
0.0
0.0
0.0
0.707901
0.0
0.0
0.0
0.0
0.0
0.0
0.0
0.0
0.0
0.0
0.0
0.596195
0.0
0.0
0.0
0.0
0.0
0.0
0.0
1.36001
0.0
0.0
0.0
0.0
0.0
0.0
0.0
0.0
0.0
0.0
0.0
0.0
0.0
0.0
0.0
0.0
0.0
0.0
0.0
0.0
0.0
0.0
0.0
0.0
0.0
0.0
0.0
0.0
0.0
0.0
0.0
0.0
0.0
0.0
0.0
0.0
0.0
0.0
0.0
0.0
0.0
0.0
0.0
0.0
0.0
0.0
0.0
0.0
0.0
0.0
0.0
0.0
0.0
0.0
0.0
0.0
0.0
0.0
0.0
0.934318
0.0
0.0
0.0
0.0
0.0
0.0
0.0
0.0
0.0
0.0
0.0
0.0
0.0
0.0
-0.905329
-0.664442
0.0
0.0
0.0
0.0
0.0
0.0
0.0
0.0
0.0
0.0
0.0
0.0
0.0
0.0
0.0
0.0
0.0
0.0
0.0
0.0
0.0
0.0
0.0
0.0
0.0
0.0
0.0
0.0
0.0
0.0
0.0
0.0
0.0
0.0
0.0
0.0
0.0
0.0
0.0
0.0
0.0
0.0
0.0
0.0
0.0
0.0
0.0
0.0
0.0
0.0
0.0
0.0
0.0
0.0
-1.34598
0.0
0.0
0.0
0.0
0.0
0.0
0.0
0.0
0.0
0.0
0.0
0.0
0.0
0.0
0.0
0.0
0.0
-0.398197
0.0
0.0
0.0
0.0
0.0
0.0
0.0
0.0
0.0
0.0
0.0
0.0
0.0
0.0
0.0
0.0
0.0
0.0
0.0
0.0
0.0
0.0
0.439055
0.0
0.0
0.0
0.0
0.0
0.0
0.0
-0.374138
0.0
0.153271
0.0
0.0
0.0
0.0
0.347041
0.0
0.0605842
0.0
0.0
0.0
0.0
0.0
0.0
0.0
0.0
0.0
0.0
0.0
0.0
0.0
0.0
0.0
0.0
0.0
0.0
0.0
0.0
0.0
0.0
0.0
0.0
1.10835
0.0
0.0
0.0
0.0
0.0
1.18037
-1.43692
0.0
0.0
0.0
0.0
0.0
0.0
0.0
0.0
0.0
0.0
0.0
0.0
0.0
0.0
0.0
0.0
0.0
0.0
0.0
0.0
0.0
0.0
0.0
0.0
0.0
1.3896
0.0
0.0
0.0
0.0
0.0
0.0
0.0
0.0
0.0
0.0
0.0151831
0.0
0.0
0.0
0.0
-1.44738
0.0
0.0
0.0
0.0
0.0
0.0
0.0
0.0
0.0
0.0
0.0
0.0
0.0
0.0
0.0
0.0
0.0
0.0
0.0
0.0
0.0
0.0
0.0
0.0
0.0
0.0
0.0
0.0
0.0
0.0
0.0
0.0
0.0
0.0
0.0
0.0
0.0
0.0
0.0
0.0
0.0
0.0
0.0
2.50306
0.0
0.0
0.0
0.716972
0.0
0.0
0.0
-0.0651745
-0.565142
0.333453
-0.175738
0.0938037
0.270255
0.981582
0.105028
-1.25643
-0.733455
0.306449
-0.136749
0.899349
0.862156
-0.0705643
-0.0185793
-0.0492056
0.564247
0.384494
-0.0410301
0.552085
-0.553037
-0.895369
-0.723316
-1.53963
-0.156846
-0.857436
-0.290819
-0.128474
0.128147
-1.30538
0.297415
0.056576
-0.120369
0.477739
0.327499
-0.472939
0.245375
0.149406
0.475636
-0.212875
-0.684522
-0.186544
-0.461104
0.486133
-0.823447
1.00523
-0.995845
0.724017
0.0
0.0
0.0
0.0
0.0
0.0
0.0
0.0
0.0
0.0
0.0
0.0
0.0
0.0
0.0
0.0
0.0
0.0
0.0
0.0
0.0
0.0
0.0
0.0
0.0
0.0
0.0
0.0
0.0
0.0
0.0
0.0
0.0
0.0
0.0
0.0
0.0
0.0
0.0
0.0
0.0
0.0
0.0
0.0
0.0
0.0
0.0
0.0
0.0
0.0
0.0
0.0
0.0
0.0
0.0
0.0
0.0
0.0
0.0
0.0
0.0
0.0
0.0
0.0
0.0
0.0
0.0
0.0
0.0
0.0
0.0
0.0
0.0
0.0
0.0
0.0
0.0
0.0
0.0
0.0
0.0
0.0
0.0
0.0
0.0
0.0
0.0
0.0
0.0
0.0
0.0
0.0
0.0
0.0
0.0
0.0
0.0
0.0
0.0
0.0
0.0
0.0
0.0
0.0
0.0
0.0
0.0
0.0
0.0
-0.45949
0.0
0.0
0.0
0.0
0.0
0.0
0.0
0.0
0.0
0.0
0.0
0.0
-0.0980869
0.0
0.0
0.0
0.0
0.0
0.0
0.0
0.0
0.0
0.0
0.0
0.0
0.0
0.0
0.0
0.0
0.0
0.0
0.0
0.0
0.0
0.0
0.0
0.0
0.0
0.0
0.0
0.0
0.0
0.0
0.0
0.0
0.0
0.0
0.0
0.0
0.0
0.0
0.0
0.0
0.0
0.0
0.0
0.0
0.0
0.0
0.0
0.0
0.0
0.0
0.0
0.0
0.0
0.0
0.0
0.0
0.0
0.0
0.0
0.0
0.0
0.0
0.0
0.0
-0.731255
0.0
0.0
0.0
0.411572
0.0
0.0
-0.75835
0.0
0.0
0.0
0.0
0.0
0.0
0.0
0.0
0.0
0.0
0.0
0.0
0.0
0.0
0.0
0.0
0.0
0.0
0.0
0.0
0.0
0.0
0.0
0.0
0.0
0.0
0.0
0.0
0.0
0.0
0.0
0.0
0.0
0.0
0.0
0.0
0.0
0.0
0.0
0.0
0.0
0.0
0.0
0.0
0.0
0.0
0.0
0.0
0.0
0.0
0.0
0.0
0.0
0.0
0.0
0.0
0.0
0.0
0.444478
0.0
0.0
0.0
0.0
0.54824
0.0
0.0
0.0
0.0
0.0
0.0
0.0
0.0
0.0
0.0
0.0
0.0
0.0
0.0
0.0
0.0
0.0
0.0
0.0
0.0
0.0
0.0
0.0
0.0
0.0
0.0
-0.545735
0.0
0.0
0.0
0.0
0.0
0.0
0.0
0.0
0.0
0.0
0.0
0.0
0.0
0.0
0.0
0.0
0.0
0.0
0.0
0.0
0.0
0.0
0.0
0.0
0.0
0.0
0.0
0.0
-1.18125
0.0
0.0
0.0
-0.449759
0.0
0.0
0.0
0.0
0.0
0.0
0.0
0.0
0.0
0.0
0.0
0.0
0.0
0.0
0.0
0.0
0.0
0.0
0.0
-0.896478
0.0
0.0
0.0
0.0
0.0
0.0
0.0
0.0
0.0
0.0
0.0
0.0
0.0
0.0
0.0
0.0
0.0
0.0
0.0
0.0
0.0
0.0
0.0
0.0
0.0
0.0
0.0
0.0
0.0
0.0
0.0
0.0
0.0
0.0
0.0
0.0
0.0
0.0
0.0
0.0
0.0
0.0
0.0
0.0
0.0
0.0
0.0
0.0
0.0
0.0
0.0
0.0
0.0
0.0
0.0
0.0
0.0
0.0
0.0
0.0
0.0
0.0
0.0
-0.88944
0.0
0.0
0.0
0.0
0.0
0.0
0.0
0.0
0.0
0.0
0.0
0.0
0.0
0.0
0.0
0.0
0.0
0.0
0.0
0.0
0.0
0.0
0.0
0.0
0.0
0.0
0.0
0.0
0.0
0.0
0.0
0.0
0.0
0.0
0.0
0.0
0.0
0.0
0.0
0.0
0.0
0.0
0.0
1.88178
0.0
0.0
0.0
0.0
0.0
0.0
0.0
0.0
0.318485
0.0
0.0
0.0
0.0
0.0
0.0
0.0
0.0
0.0
0.0
0.0
0.0
0.0
0.0
0.0
0.0
0.0
0.0
0.0
0.0
-0.119783
0.0
0.0
0.0
0.0
0.0
0.0
0.0
0.0
0.0
0.0
0.0
0.0
0.0
0.0
0.0
0.0
0.0
0.0
0.0
0.0
0.0
0.0
0.0
0.0
0.0
0.0
0.0
-0.183021
0.34977
0.0
0.0
0.0
0.0
0.0
0.0
0.0895653
0.0
0.0
0.0
0.0
0.0
0.0
0.0
0.0
0.0
0.0
0.0
0.386852
0.0
0.0
0.0903579
0.0
0.0
0.0
0.0
2.27399
0.0
0.0
0.0
0.0
0.0
0.0
0.0
0.0
0.0
0.0
0.0
0.0
0.0
0.0
0.0
0.0
0.0
0.0
0.0
0.0
0.0
0.0
0.0
0.0
0.0
0.0
0.0
0.0
0.0
0.0
0.0
0.0
0.0
0.0
0.0
0.0
0.0
1.50699
0.0
0.0
0.0
0.0
0.0
0.0
0.0
0.0
0.0
0.0
0.0
0.0
0.0
0.0
0.0
0.0
0.0
0.0
0.0
0.0
0.0
0.0
0.0
0.0
0.0
0.0
1.41991
0.0
0.0
0.0
0.0
0.0
1.09284
0.0
0.0
0.682073
0.0
0.0
0.0
0.0
0.0
0.0
0.0
0.0
-0.952097
0.0
0.0
0.0
0.0
0.0
0.0
0.0
0.0
0.0
0.0
0.0
0.0
0.0
0.0
0.0
0.800977
0.0
0.0
0.0
0.0
0.0
1.22816
0.280068
0.855436
-0.400279
-0.119848
-0.315523
0.212749
-0.0876031
0.545372
0.235542
0.141109
-1.45184
1.19936
2.26253
-0.512905
0.0330011
-0.33374
-0.115305
-0.0271333
-0.500524
-1.16053
1.12232
0.0319247
0.32248
1.0441
-0.0230492
-0.0430887
-0.865847
-0.0621715
0.301128
0.564717
-0.626846
0.267723
-0.63059
-0.241728
0.560639
-0.184715
0.0289784
-0.481127
0.122364
-0.503027
0.404593
-0.156821
-0.412522
0.252846
-0.5589
-0.515371
-0.1508
0.0691339
0.0
0.0
0.0
0.0
0.0
0.0
0.0
0.0
0.0
0.0
0.723941
0.0
0.0
0.0
0.0
0.0
0.0
0.0
0.0
0.0
0.0
0.0
0.0
0.0
0.0
0.0
0.0
0.0
0.0
0.0
0.0
0.0
0.0
0.0
0.0
0.0
0.0
-0.330445
0.0
0.0
0.0
0.0
0.0
0.0
0.0
0.0
0.0
0.0
0.0
0.0
0.0
0.0
0.0
0.0
0.0
0.0
0.0
0.0
0.0
0.0
0.0
-0.995204
0.0
0.0
0.0
0.0
0.0
0.0
0.0
0.0
0.0
0.0
0.0
0.0
0.0
0.0
0.0
0.0
0.0
0.0
0.0
0.0
0.0
0.0
0.0
1.36478
0.0
0.0
0.0
0.0
0.0
0.0
0.0
0.0
0.0
0.0
0.0
0.0
0.0
0.0
0.0
0.0
0.0
0.0
0.0
0.0
0.0
0.0
0.0
0.0
0.0
0.0
0.0
0.0
0.0
0.0
0.0
0.0
0.0
0.0
0.0
0.0
0.0
0.0
0.0
0.0
0.0
0.0
0.0
0.0
0.0
0.0
0.0
0.0
0.0
0.0
0.0
0.0
0.0
0.0
0.0
0.0
0.0
0.0
0.0
0.0
0.0
0.0
0.0
0.0
0.0
0.0
0.0
0.0
0.0
0.0
0.0
0.0
0.0
0.0
0.0
0.0
0.0
0.0
0.0
0.0
0.0
0.0
0.0
0.0
0.0
0.0
0.0
0.0
0.0
0.0
0.0
0.0
0.0
0.0
0.0
0.0
0.0
0.0
0.0
0.0
0.0
0.0
0.0
0.0
0.0
0.0
0.0
0.0
0.0
0.0
0.0
0.0
0.0
0.0
0.0
0.0
0.0
0.0
0.0
0.0
0.0
0.0
0.0
0.0
0.0
0.0
0.0
0.0
0.0
0.0
-0.200911
0.0
1.24303
0.0
0.0
0.0
0.0
0.0
-1.37909
0.0
0.0
0.0
0.0
0.0
0.0
0.0
0.0
0.0
0.0
0.0
0.0
0.0
0.0
0.0
0.0
0.0
0.0
0.0
0.0
0.0
0.0
0.0
0.0
0.0
0.0
0.0
0.0
0.0
0.0
0.0
0.0
0.0
0.0
0.0
0.0
0.0
0.0
0.0
0.0
0.0
0.0
0.0
0.0
0.0
0.0
0.0
0.0
0.0
0.0
0.0
0.0
0.0
0.0
0.0
0.0
0.0
0.0
0.0
0.0
0.0
0.0
0.0
0.0
0.0
0.0
0.0
-0.536962
0.0
0.0
0.0
0.0
0.0
0.0
0.0
0.0
0.0
0.0
0.0
0.0
0.0
0.0
0.0
0.0
0.0
0.0
0.0
0.0
0.0
0.0
0.0
0.0
0.0
0.0
0.0
0.0
0.0
0.0
0.0
0.0
0.0
0.0
0.0
0.0
0.0
0.0
0.0
0.0
0.0
0.0
0.0
0.0
0.0
0.0
0.0
0.0
0.0
0.0
0.0
0.0
0.365283
0.0
0.0
0.0
0.0
0.0
0.0
0.0
0.0
0.0
0.0
1.16143
0.0
0.0
0.0
0.0
0.0
0.0
0.0
0.0
0.0
0.0
0.0
0.0
0.0
0.0
0.0
0.0
0.0
0.0
0.0
0.0
0.0
0.0
0.0
0.0
0.0
0.0
0.0
0.0
0.0
0.0
0.0
0.0
0.0
0.0
0.0
0.0
0.0
0.0
0.0
0.0
0.0
0.0
0.0
0.0
0.0
0.0
0.0
0.0
0.0
0.0
0.0
0.0
0.0
0.0
0.0
0.0
0.0
0.0
0.0
0.0
0.0
0.0
0.0
0.0
0.0
0.0
0.0
0.0
0.0
0.0
0.0
0.0
0.0
0.442373
0.0
0.0
0.0
0.0
0.0
0.0
0.0
0.0
0.0
0.0
0.0
0.0
0.0
0.0
0.0
0.0
0.0
1.73513
0.0
0.0
-0.291758
0.0
0.0
0.0
0.0
0.143519
0.0
0.0
0.0
0.0
0.0
0.0
0.0
0.0
0.0
0.0
0.0
0.0
0.0
0.0
0.0
0.0
0.0
0.0
0.0
0.0
0.0
0.0
0.0
0.0
0.0
0.0
0.0
0.0
0.0
0.0
0.0
0.0
0.0
0.0
1.66151
0.0
-1.09626
0.0
0.0
0.0
0.0
0.0
0.0
0.0
0.0
0.0
0.0
0.0
0.0
0.0
0.0
0.0
0.0
0.0
0.0
0.0
0.0
0.0
0.0
0.0
0.0
0.0
0.0
0.0
0.0
0.0
0.0
0.0
0.273537
0.0
0.0
0.0
0.0
0.0
0.0
0.0
0.0
0.0
0.0
0.0
0.0
0.0
0.0
0.0
0.0
0.0
0.0
0.0
0.0
0.0
0.0
0.0
0.0
0.0
0.0
0.0
0.0
0.0
0.0
0.0
0.0
0.0
0.0
0.0
0.0
0.0
0.0
0.0
0.0
0.0
0.0
0.0
0.0
0.0
0.0
0.0
0.0
0.0
0.0
0.0
0.0
0.0
0.0
0.0481241
0.0
0.0
0.0
0.0
0.0
0.0
0.0
0.0
0.0
0.0
0.0
0.0
0.0
0.0
0.0
0.0
0.0
0.0
0.0
0.0
0.0
0.0
0.0
0.0
0.0
0.0
0.0
0.0
0.0
0.0
0.0
0.0
0.0
0.0
0.0
0.0
0.0
0.0
0.0
0.0
0.0
0.0
0.194744
0.0
0.0
-1.81912
0.0
0.0
0.0
0.0
0.0
0.0
0.0
0.0
0.0
0.0
0.0
0.0
0.0
0.0
0.0
0.0
0.0
0.0
0.0
0.0
0.0
0.0
0.0
0.0
0.0
0.0
0.0
0.0
0.0
0.0
0.0
0.0
0.0
0.0
0.0
0.0
0.0
0.0
0.0
0.0
0.0
0.0
0.0
0.0
0.0
0.0
0.0
2.22565
-1.58179
0.0
0.0
0.0
0.0
1.03543
0.0
0.0
0.0
0.0
0.0
0.0
0.0
-1.46144
0.0
0.0
0.0
0.0
0.0
0.0
0.0
0.0
0.0
0.0
0.0
0.0
0.0
0.0
0.0
0.0
0.0
0.0
0.0
0.0
0.0
0.0
0.0
0.0
0.339398
0.0
0.0
0.0
0.0
0.0
0.0
0.0
0.0
0.0
0.0
0.0
0.0
0.0
0.0
0.0
0.0
0.0
0.0
0.0
0.0
0.0
0.0
0.0
1.78915
0.0
0.0
0.0
0.0
0.0
0.0
0.0
0.0
0.0
0.0
0.0
0.0
0.0
0.0
0.0
0.0
0.0
0.0
0.0
0.0
0.0
0.0
0.0
0.0
0.0
0.0
0.0
0.0
0.0
0.0
0.0
0.0
0.0
0.0
0.0
0.0
0.0
0.0
0.0
0.0
0.0
0.0
0.0
0.0
0.0
0.0
0.0
0.0
0.0
-1.20707
-0.325876
0.0
0.0
0.0
0.0
0.0
0.0
0.0
0.0
0.0
0.171862
0.0
0.0
0.0
0.0
0.0
0.0
0.0
0.0
0.0
0.0
0.0
0.0
0.0
0.0
0.0
0.0
0.0
0.0
0.0
0.0
0.0
0.0
0.0
0.0
0.0
0.0
0.0
0.0
0.0
0.0
0.0
0.0
0.0
-0.353435
0.0
0.0
0.0
0.0
0.0
0.0
-0.895178
0.0
0.0
0.0
0.0
0.0
0.0
0.0
0.0
0.0
-1.7451
0.0
0.0
0.0
0.0
0.0
0.0
0.0
0.0
0.0
0.0
0.0
0.0
0.0
0.0
0.0
0.0
0.0
0.0
0.0
0.0
0.0
0.0
0.0
0.0
0.0
0.0
0.0
0.0
0.0
0.0
0.0
0.0
0.0921594
-0.0754749
0.463648
-0.0244132
0.0104178
-0.0357309
0.377368
-0.472141
-0.630001
-0.315204
0.250102
1.28848
0.443332
-0.242239
-0.0821004
-0.0183746
-0.186762
0.0884747
0.0467555
-0.561799
0.60467
0.344703
0.0219772
0.000569706
-1.28075
0.245293
-0.690379
-0.0275741
-0.178307
0.076692
-0.382071
-0.0306267
-0.0465082
-0.655599
0.641586
0.166846
0.157619
0.328819
-0.122081
0.39633
-0.170365
-0.197356
-0.268142
-0.437562
0.130489
-0.78333
0.832819
-0.491685
1.25742
0.0
0.305269
0.0
0.0
0.0
0.0
0.0
0.0
0.0
0.0
0.0
0.680033
0.0
0.0
0.0
0.0
0.0
0.0
0.0
0.0
0.0
0.0
0.0
0.0
0.0
0.0758803
0.0
0.0
-0.761035
0.0
0.0
0.0
0.0
0.337637
0.0
0.0
0.0
0.0
0.0
0.0
0.0
0.0
0.0
0.0
0.0
0.0
0.0
0.0
0.0
0.0
0.0
0.0
0.0
0.0
0.0
0.0
1.16159
0.0
0.0
0.0
0.0
0.0
0.0
0.0
0.0
0.0
0.0
-0.682818
0.0
0.0
0.0
0.0
0.0
0.0
0.0
1.10033
0.0
0.0
0.0
0.0
0.0
0.0
0.0
0.0
0.0
0.0
0.0
0.0
0.0
0.0
0.0
0.0
0.0
0.0
0.0
0.0
0.0
0.0
0.0
0.0
0.0
0.0
0.0
0.0
0.0
0.0
0.0
0.0
0.0
0.0
0.0
0.0
0.0
0.0
0.0
0.0
-1.91048
0.0
0.0
0.0
0.0
0.0
0.0
0.0
0.0
0.0
0.0
-0.547414
0.0
0.0
0.0
0.0
0.0
0.0
0.0
-1.15449
-0.710531
0.0
0.0
0.0
0.0
0.0
0.0
0.0
0.0
0.0
0.0
0.0
0.0
0.0
1.03491
0.0
0.0
0.0
0.0
0.0
0.0
0.0
0.0
0.0
0.0
0.0
0.0
0.0
0.0
0.0
0.0
0.0
0.0
0.0
0.0
0.0
0.0
0.0
0.0
0.0
0.0
0.0
0.0
0.0
0.0
0.0
0.0
0.0
0.0
0.0
0.0
0.0
0.0
0.0
0.0
0.0
0.0
0.0
0.0
0.0
0.0
0.0
0.0
2.40516
0.0
0.0
0.0
0.0
0.0
0.0
0.0
0.0
0.0
-0.0698104
0.0
0.0
0.0
0.0
0.0
0.0
0.0
-0.492675
0.0
0.0
0.0
1.63681
0.0
0.0
0.0
0.0
0.0
0.0
0.0
0.0
0.0
0.0
0.0
0.0
0.0
0.0
0.0
0.0
0.0
0.0
0.0
0.0
0.0
0.0
0.0
0.0
0.0
-0.52203
0.0
0.0
1.18648
0.0
0.0
0.0
0.0
0.0
0.0
0.0
0.0
0.0
0.0
0.0
0.0
0.0
0.0
0.0
-1.18325
0.0
0.0
0.0
0.0
0.0
0.0
0.0
0.0
0.0
0.0
0.0
0.0
0.0
0.0
0.0
0.0
0.0
0.0
0.0
0.0
0.0
0.0
0.0
0.0
0.0
0.0
0.0
0.0
0.0
0.0
0.0
0.0
0.0
0.0
0.0
0.0
0.0
0.0
0.0
0.0
0.0
0.0
0.0
0.0
0.0
0.0
0.0
0.0
0.0
0.0
0.0
0.0
0.0
0.0
0.0
0.0
0.0
0.0
0.0
0.0
0.0
0.0
0.0
0.0
0.0
0.0
0.0
0.663118
0.0
0.0
0.0
0.0
0.0
0.0
0.0
0.0
0.0
0.0
0.0
0.0
0.0
2.19982
0.0
0.0
0.0
0.0
0.0
0.0
0.0
0.0
0.0
0.0
0.0
0.0
0.0
0.0
0.0
0.0
0.0
0.0
0.0
0.0
0.0
0.0
0.0
0.0
0.0
0.0
0.0
0.0
0.0
0.0
0.0
0.0
0.0
0.0
0.0
0.0
0.0
0.0
0.0
0.0
0.0
0.0
0.0
0.0
0.0
0.0
0.0
0.0
0.0
0.0
0.0
0.0
0.0
0.0
0.0
0.0
0.0
0.0
0.0
0.0
0.0
0.0
0.0
0.0
0.0
0.0
0.0
0.0
0.0
0.0
0.0
0.0
0.0
0.0
0.0
-0.573037
0.0
0.0
0.0
0.0
0.0
0.0
0.0
0.0
-0.75685
0.0
0.0
0.0
0.0
0.956129
0.0
0.317721
0.0
0.0
0.0
0.0
0.0
0.0
0.0
-0.399815
0.0
0.0
0.0
0.0
0.0
0.0
0.0
0.0
0.0
0.0
0.0
0.0
0.0
0.0
0.0
0.0
0.0
0.0
0.0
0.0
0.0
0.0
0.0
0.0
0.0
0.0
0.0
0.0
0.0
0.0
0.0
0.858419
0.0
0.0
0.0
0.0
0.0
0.0
0.0
0.0
0.0
0.0
-0.60107
0.0
0.0
0.0
0.0
0.0
0.0
0.0
0.0
0.0
0.0
0.0
0.0
0.0
0.0
0.0
0.0
0.0
0.0
0.0
0.0
0.0
0.0
0.0
0.0
0.0
0.0
0.0
0.0
0.0
0.0
0.0
0.0
0.0
0.0
0.0
0.0
0.0
0.0
0.0
0.0
0.0
0.0
-0.172922
0.0
0.0
0.0
0.0
0.0
0.0
0.0
0.0
0.0
0.0
0.0
0.0
-1.23754
0.0
0.0
0.0
0.0
0.0
0.0
0.0
0.0
0.0
0.0
0.0
0.0
0.0
0.0
0.0
0.0
1.13494
0.0
0.0
0.0
0.0
0.0
0.0
0.0
0.0
0.0
0.0
0.0
0.0
0.0
0.0
0.0
0.0
-0.94494
0.0
0.0
0.0
0.0
0.0
0.0
0.0
0.0
0.0
0.0
0.0
0.0
0.0
0.0
0.0
0.0
0.0
0.0
0.0
0.0
0.0
0.0
0.0
0.0
0.0
0.0
0.0
0.0
0.0
0.0
0.0
0.0
0.0
0.0
0.0
0.0
0.0
0.0
0.0
0.0
0.0
0.0
0.0
0.0
0.0
0.0
0.0
0.0
0.0
0.0
0.0
0.0
0.0
0.0
0.0
0.0
0.0
0.0
0.0
0.0
0.0
0.0
0.133374
0.0
0.0
0.0
0.0
0.0
0.0
0.0
-1.6735
0.0
0.0
0.0
0.0
0.0
0.0
0.0
0.0
0.0
0.0
0.0
0.0
0.0
0.0
0.0
0.0
0.0
0.0
0.0
0.0
0.0
0.0
0.0
0.0
0.0
0.0
0.0
0.0
0.0
0.0
0.0
0.0
0.0
0.0
0.0
0.0
0.0
0.0
0.0
0.0
0.0
0.0
-0.116084
0.0
0.0
0.0
0.0
0.0
0.0
0.0
0.0
0.0
0.0
0.0
0.0
0.0
0.0
0.372986
0.0
0.0
0.0
0.0
0.0
0.0
0.0
0.0
0.0
0.0
0.0
0.0
0.0
0.0
0.0
0.0
0.0
0.0
0.0
0.0
0.0
0.0
0.0
0.0
-0.0768766
0.471971
-0.018323
-0.231762
0.506291
-0.257617
-0.300065
0.117032
1.04477
-0.239982
-0.0174737
-0.39433
0.47471
1.48452
-0.084936
-0.0844996
-0.297033
0.878476
0.101966
0.516159
-0.407172
-0.172803
0.119566
0.204372
1.48512
-0.111783
-0.170446
-0.155321
0.0398307
-0.079091
0.734013
-0.576289
0.161851
-0.982129
-0.012803
-0.538404
0.0997855
-0.546752
-0.464938
-0.340724
0.0341608
0.132001
0.0715389
0.0894261
0.55468
0.895871
-0.844211
0.603192
-0.883341
0.0
0.0
0.0
0.0
0.0
0.0
1.16938
0.0
0.0
0.0
0.0
0.0
0.0
0.0
0.0
0.0
0.0
0.0
0.0
0.0
0.0
0.0
0.0
0.0
0.0
0.0
0.0
0.0
0.0
0.0
0.0
0.0
0.0
0.0
0.0
0.0
0.0
0.0
0.0
0.0
0.0
0.0
0.0
0.0
0.0
0.0
0.0
-0.461911
0.0
0.0
0.0
0.0
0.0
-0.610679
0.0
0.0
-0.626598
0.0
-1.96792
0.0
0.0
0.0
0.0
0.0
0.0
0.0
0.0
0.0
0.0
0.0
0.0
0.0
-0.0120882
0.0
0.0
0.0
0.0
0.0
0.0
0.0
0.0
0.0
0.0
0.0
0.0
0.0
0.0
0.0
0.0
0.0
0.0
0.0
0.935898
-1.3335
0.0
0.0
0.0
0.0
0.0
0.0
0.0
0.0553656
0.0
0.0
0.0
0.0
0.0
0.0
0.0
0.0
0.0
0.0
0.0
0.0
0.0
0.0
0.0
0.0
0.0
0.0
0.0
0.0
0.0
0.0
0.0
0.0
0.0
0.0
0.0
0.0
0.0
0.0
0.0
0.0
0.0
0.0
0.0
0.0
0.0
0.0
0.0
0.0
0.0
0.0
0.0
0.0
0.0
0.0
0.0
0.0
0.0
0.0
0.0
0.0
0.0
0.0
0.0
0.0
0.0
0.0
0.0
0.0
0.0
0.0
0.0
0.0
0.0
0.0
0.0
0.0
0.0
0.0
0.0
0.0
0.0
0.0
0.0
0.0
0.0
1.27788
0.0
0.0
0.0
0.0
0.0
0.0
0.0
0.0
0.0
0.0
0.0
0.0
0.0
-0.822563
0.0
0.0
0.0
0.0
0.0
0.0
0.0
0.0
0.0
0.0
0.0
0.0
0.0
0.0
0.0
0.0
0.0
0.0
0.0
0.0
0.0
0.0
0.0
0.0
0.0
0.0
0.0
0.0
0.0
0.0
0.0
0.0
0.0
0.0
0.0
0.0
0.0
0.0
0.0
0.0
0.0
0.0
0.0
0.0
0.0
0.0
0.0
0.0
0.0
0.0
0.0
0.0
0.0
0.0
0.0
0.0
0.0
0.0
0.0
0.0
0.0
0.0
0.0
0.0
0.0
0.0
0.0
0.0
0.0
0.0
0.0
0.0
0.0
0.0
0.0
0.0
0.0
0.0
0.0
0.0
0.0
0.0
0.0
0.0
0.0
0.0
0.0
0.0
0.0
0.0
0.0
0.0
0.0
0.0
0.0
0.0
0.0
0.0
0.0
-1.85653
0.0
0.0
0.0
0.0
0.0
0.0
0.0
0.0
0.0
0.0
0.0
0.0
0.0
0.0
0.0
0.0
0.0
0.0
0.0
0.0
0.0
0.0
0.0
0.0
0.0
0.0
0.0
0.0
0.455441
0.0
0.0
0.0
0.0
0.0
0.0
0.0
0.0
0.0149394
0.0
0.0
0.0
0.0
0.0
0.0
0.0
0.0
0.0
-1.07046
0.0
0.0
0.0
0.0
0.0
0.0
0.0
0.0
0.0
0.0
0.0
0.0
-0.721066
0.0
0.0
0.0
0.0
0.0
0.0
0.0
0.0
0.0
0.0
0.0
0.0
0.0
0.0
0.0
0.0
0.0
0.0
0.0
0.0
0.0
0.0
0.0
0.0
0.0
-1.15957
0.0
0.0
0.0
0.0
0.0
0.0
0.0
0.0
0.0
0.186378
0.0
0.0
0.0
0.0
0.0
0.0
-1.31279
0.0
0.0
0.0
0.338089
0.0
0.0
0.0
0.0
0.0
0.0
0.0
0.0
0.0
0.0
0.0
0.0
-0.337111
0.0
0.0
0.0
0.0
0.0
0.0
0.0
0.0
0.0
0.0
0.0
0.0
0.0
0.0
0.0
0.0
0.0
0.0
0.0
0.0
0.0
0.0
0.0
0.0
0.0
0.0
0.0
0.0
0.0
0.0
0.0
0.0
0.0
0.0
0.0
0.0
0.0
0.0
0.0
0.0
0.0
0.0
0.0
-0.59
0.0
0.0
0.0
-0.0659903
0.0
0.0
0.0
0.0
0.0
0.0
0.0
0.0
0.0
0.0
0.0
0.0
0.0
0.0
0.0
0.0
0.0
0.0
0.0
0.0
0.0
0.0
0.0
0.0
0.0
0.0
0.0
0.0
0.0
0.0
-0.985867
0.0
0.0
0.0
0.0
0.0
0.0
0.0
-0.532279
0.0
0.0
0.0
0.0
0.0
0.0
0.0
0.0
0.0
0.0
0.0
0.0
0.0
0.0
0.0
0.0
0.0
0.0
0.0
0.0
0.0
0.0
0.0
0.0
0.0
-0.579467
0.0
0.0
0.0
0.789186
-0.168053
0.0
0.0
-0.808464
0.0
0.0
0.0
0.0
0.0
0.0
0.0
0.0
0.0
0.0
0.0
0.0
0.0
0.0
0.0
0.0
0.0
0.0
0.0
0.0
0.0
0.0
0.0
0.0
0.0
0.0
0.0
0.0
0.0
0.0
0.0
0.0
0.0
0.0
0.0
0.0
0.0
0.0
0.0
0.0
0.0
0.749827
0.0
0.0
0.0
0.0
0.0
0.0
0.0
0.0
0.0
0.0
0.0
0.0
0.0
0.0
0.0
0.0
0.0
0.0
0.0
0.0
0.0
-0.108372
0.0
0.0
0.0
0.0
0.0
0.0
-0.00558755
0.0
0.0
0.0
0.0
0.861267
0.0
0.0
0.0
0.0
0.0
0.0
0.0
0.0
0.0
0.0
0.0
0.0
0.0
0.0
0.0
0.0
0.0
0.0
0.0
0.0
0.0
0.0
0.0
0.0
0.0
0.0
0.0
0.0
0.0
0.0
0.0
0.0
0.0
0.0
0.198852
0.0
0.0
0.0
0.0
0.0
0.0
0.0
0.0
0.0
0.0
0.0
-0.556831
0.0
0.0
0.0
0.0
0.0
0.0
0.0
0.0
0.0
0.0
0.0
0.0
0.0
0.0
0.0
0.0
0.0
0.0
0.0
0.0
0.0
0.0
0.0
0.0
0.0
0.0
0.0
0.0
0.0
0.0
0.0
0.0
0.0
0.0
0.0
0.0
0.0
0.0
0.0
0.0
0.0
0.0
0.0
0.0
0.0
0.0
0.0
0.0
0.0
0.0
0.0
0.0
0.0
0.0
0.0
0.0
0.0
0.0
-0.184736
0.0
0.0
0.0
0.0
0.0
0.0
0.0
0.0
0.0
0.0
0.0
0.0
0.0
0.0
0.0
0.0
0.552525
0.0
0.0
0.0
0.0
0.0
0.0
0.0
0.0
0.0
1.26828
0.0
0.0
0.0
0.0
0.0
0.0
0.0
-0.654676
0.0
0.0
0.0
0.0
0.0
0.0
0.0
0.0
0.0
0.0
0.0
0.0
0.0
0.0
0.0
0.0
0.0
0.0
0.0
0.0
0.0
0.0
0.0
0.0
0.0
0.0
0.0
0.0
0.0
0.0
0.0
0.0
-1.4728
0.0
0.0
0.0
0.0
0.0
0.0
0.0
0.0
0.0
0.0
0.0
0.0
0.0
0.0
0.0
0.0
0.0
0.0
0.0
0.0
0.0
0.0
0.0
0.574868
0.0
0.0
0.0
0.0
0.0
0.0
0.0
0.0
0.0
0.0
0.0
0.0
0.0
0.0
0.0
0.0
0.0
0.0
0.0
0.0
-1.43287
0.0
0.0
-0.0132659
0.514839
0.380021
-0.107476
0.046791
-0.223005
-0.707458
0.779644
0.232961
-0.433642
0.0106226
1.10217
-0.543171
-0.576381
-0.424818
-0.369225
0.238895
-0.947439
0.26329
-0.0996251
-0.0290168
0.0337482
0.162339
-0.0542998
-1.37733
0.619804
-0.604299
-0.284617
-0.335353
0.0555434
0.0368122
0.155641
0.0891925
-0.896059
-0.0674683
0.157248
0.270504
0.464578
0.115688
0.650885
-0.267751
0.212486
-0.201536
-0.671177
0.0799633
-0.131956
0.668846
-0.762494
1.2988
0.0
0.0
0.0
0.0
0.0
0.0
0.0
0.0
0.0
0.0
0.0
0.0
0.504488
0.0
0.0
0.0
0.0
0.011771
0.0
0.0
0.0
0.0
0.0
0.0
0.0
0.0
0.0
0.0
0.0
0.0
0.0
0.0
0.0
0.0
0.0
0.0
0.0
0.0
0.0
0.0
0.0
0.0
0.0
0.0
0.0
0.0
0.0
0.0
0.0
0.0
0.0
0.0
0.0
0.0
0.0
0.0
0.0
0.0
0.0
0.0
0.0
0.0
0.0
0.0
0.0
0.257807
0.0
0.0
0.0
0.0
0.0
0.0
0.0
0.0
0.0
0.0
0.0
0.0
0.0
0.0
0.0
0.0
0.0
0.0
0.0
0.0
0.0
0.0
0.0
0.0
0.0
0.0
0.0
0.0
0.0
0.0
0.0
0.0
0.0
0.0
0.0
0.0
0.0
0.0
0.0
0.0
0.0
0.0
0.0
0.0
0.0
0.0
0.0
0.0
0.0
0.0
0.0
0.0
0.0
0.0
0.0
0.0
0.0
0.0
0.0
0.0
0.0
0.0
0.0
0.0
-0.292874
0.0
0.0
0.0
0.0
0.0
0.0
1.40271
0.0
0.0
0.0
0.0
0.0
0.0
0.0
0.0
0.0
0.0
0.0
0.0
0.0
0.0
0.0
0.0
0.0
0.0
0.0
0.0
0.0
0.0
0.0
0.0
0.0
0.0
0.0
0.0
0.0
0.0
0.0
0.0
0.0
0.0
0.0
0.0
0.0
-0.46705
0.0
0.0
0.0
0.0
0.0
0.0
0.0
0.0
0.0
0.0
0.0
0.0
0.0
-0.460104
0.0
0.0
0.0
0.0
0.0
0.0
0.0
0.0
0.0
0.0
0.0
0.0
0.0
0.0
0.0
0.0
0.0
0.0
0.0
0.0
0.0
0.0
0.0
0.0
0.0
0.0
0.0
0.0
0.0
0.0
0.0
0.0
0.0
0.0
0.0
0.0
0.0
0.0
0.0
0.343797
0.0
0.0
0.0
0.0
0.0
-1.88456
0.0
0.648965
0.0
0.0
0.0
0.0
0.0
0.0
0.0
0.0
0.0
0.0
0.0
0.0
-0.963743
0.0
0.0
0.0
0.0
0.0
0.0
0.0
0.0
0.0
0.0
0.0
0.0
0.0
0.0
0.0
0.0
0.0
0.0
0.0
0.0
0.0
0.0
0.0
0.0
0.0
0.0
0.0
0.0
0.0
0.0
0.0
0.0
0.0
0.0
0.0
0.0
0.0
0.0
0.0
0.0
0.0
0.0
0.0
0.0
0.0
0.0
0.0
0.0
0.0
0.0
0.0
0.0
0.0
0.0
0.0
0.0
0.0
0.0
0.0
0.0
0.0
0.0
0.0
0.0
0.0
0.0
0.0
0.0
0.0
0.0
0.0
0.0
0.0
0.0
0.0
0.0
0.0
0.0
0.0
0.0
0.0
0.0
0.0
0.0
0.0
0.0
0.0
0.0
0.0
0.0
0.0
0.0
0.0
0.0
0.0
0.0
0.0
0.0
0.0
0.0
0.0
0.0
0.0
0.0
0.0
0.0
0.0
0.0
0.0
0.0
0.0
0.0
0.0
0.0
0.0
0.0
0.0
0.0
0.0
0.0
0.0
0.0
0.0
0.0
0.0
0.0
0.0
0.0
0.0
0.0
0.0
0.0
0.0
0.0
0.0
0.0
0.0
0.0
0.0
0.0
0.0
0.0
0.0
0.0
0.0
0.0
0.0
0.0
0.0
0.0
0.0
0.0
-1.35774
0.0
0.0
0.0
0.0
0.0
0.0
0.0
0.0
0.0
0.66903
0.0
0.0
0.0
0.0
0.0
0.0
0.0
0.0
0.0
0.0
0.0
-0.658809
0.0
0.0
0.0
0.0
0.0
0.0
0.0
0.0
0.0
0.0
0.0
0.0
0.0
1.74397
0.0
0.0
0.0
0.0
0.0
0.0
0.0
0.0
0.0
0.0
0.0
0.0
0.0
0.0
0.0
0.0
0.0
0.0
0.0
0.0
0.0
0.0
0.0
0.0
0.0
0.0
0.0
0.0
0.0
0.0
0.0
0.0
0.0
0.0
0.0
0.0
0.0
0.0
0.0
0.0
-0.732817
0.0
0.0
0.0
0.0
0.0
0.0
0.0
0.0
0.0
0.0
0.0
0.0
0.0
0.0
0.0
0.0
0.0
0.0
0.0
0.0
0.0
0.0
0.0
0.0
0.0
0.0
0.0
0.0
0.0
0.0
0.0
0.0
0.0
0.0
0.0
0.0
0.0
0.0
0.0
2.83228
0.0
0.0
0.0
0.0
0.0
0.228903
0.0
0.0
0.0
0.0
0.0
0.0
0.0
0.0
0.0
0.0
0.0
0.0
0.0
0.0
0.0
0.0
0.0
0.0
0.0
0.0
0.0
0.0
0.0
0.0
0.0
0.0
0.0
0.0
0.0
0.0
0.0
0.0
0.0
0.0
0.0
0.0
0.0
0.0
0.0
0.0
0.0
0.0
0.0
0.0
0.0
0.0
0.0
0.0
0.0
0.0
0.109402
0.0
0.0
0.0
0.0
0.0
0.0
0.0
0.0
0.0
0.0
0.0220581
0.0
0.0
0.0
0.0
0.0
0.0
0.0
0.0
0.0
0.0
0.0
0.0
0.0
0.0
0.0
0.0
0.0
0.0
0.0
0.0
0.0
0.0
0.0
0.0
0.0
0.0
0.0
0.0
0.0
0.0
0.0
0.0
0.0
0.0
0.0
0.0
0.0
0.0
0.0
0.0
0.0
0.0
0.0
0.0
0.0
0.0
0.0
0.0
0.0
0.421868
0.0
0.0
0.0
0.0
0.0
0.0
0.0
0.0
0.0
0.0
0.0
0.0
0.0
0.889819
-0.163748
0.0
0.0
0.0
0.0
0.0
0.0
0.0
0.0
0.0
0.0
0.0
0.0
0.0
0.0
0.0
0.0
0.0
0.0
0.0
0.0
0.0
0.0
0.0
0.0
-0.292661
0.0
0.0
0.0
0.0
0.0
0.0
0.0
0.0
0.0
0.0
0.0
0.0
0.0
0.0
0.0
-1.07572
0.0
0.0
0.0
0.0
0.0
0.0
0.0
0.0
0.0
0.0
0.0
0.0
0.0
0.0
0.0
0.0503855
0.0
0.0
0.0
0.0
0.0
0.0
0.0
0.0
0.0
0.0
0.0
0.0
0.0
0.0
0.0
0.0
0.0
0.0
0.0
0.0
0.0
0.0
0.0
0.0
0.00422922
0.433718
-0.582083
0.0464445
-0.219986
-0.319578
-0.329125
-0.558816
0.194501
0.215446
-0.428462
-0.772003
0.117149
0.148547
0.62764
0.272347
-0.206491
0.0534004
-0.0444127
0.268873
-0.0402247
0.395231
-0.282879
0.356458
0.720076
-0.377198
-0.94562
-0.0769188
0.0271719
0.00747088
0.153403
0.313965
-0.0416165
-0.986749
-0.272733
-0.144791
0.121531
-0.638855
0.125615
-0.0288116
0.22702
0.0560236
-0.0938059
-0.320259
0.550572
0.592045
-0.604764
0.825665
-0.862726
0.0
0.0
0.0
0.0
0.0
0.0
0.0
1.07831
0.0
0.0
0.0
0.0
0.829998
0.0
0.0785063
0.0
0.0
0.0
0.0
0.0
0.0
0.0
0.0
0.0
0.0
0.0
-1.99355
0.0
0.0
0.0
0.0
0.0
0.0
0.0
0.0
0.0
0.0
0.0
0.0
0.0
0.0
0.0
0.0
0.0
0.0
0.0
0.0
0.0
0.0
0.0
0.0
0.0
0.0
0.0
0.0
0.0
0.0
0.0
0.0
0.0
0.0
0.0
0.0
0.0
0.0
0.0
0.0
0.0
0.0
0.0
0.0
0.0
0.0
0.0
0.0
-0.952978
0.0
0.0
0.0
0.0
0.0
0.0
0.0
0.0
0.0
0.0
0.0
0.0
0.0
0.0
0.0
0.0
0.0
0.0
0.0
0.0
0.0
0.0
0.0
0.0
0.0
0.0
0.0
0.0
0.0
0.0
0.0
0.0
0.0
0.0
0.0
0.0
0.0
0.0
0.0
0.0
0.0
0.0
-0.987287
0.0
0.0
0.0
0.0
0.0
0.0
0.0
-0.968102
0.0
0.0
0.0
0.0
0.0
0.0
0.0
0.0
0.0
0.0
0.0
0.0
0.0
0.0
0.0
0.0
0.0
0.0
0.0
0.0
0.0
0.0
0.0
0.0
0.0
0.0
0.0
-1.85642
0.340381
0.0
0.0
0.0
0.0
0.0
0.0
0.0
0.0
0.0
0.0
0.0
0.0
0.0
0.0
0.0
-1.31824
0.0
0.0
0.0
0.0
0.0
0.0
0.0
0.0
0.0
0.0
0.0
0.0
0.0
0.0
0.0
0.0
0.0
0.0
0.0
0.0
0.0
0.0
0.0
0.0
0.0
0.0
0.0
0.0
0.0
0.0
0.0
0.0
0.0
0.0
0.0
0.0
0.0
0.0
0.0
0.0
0.83489
0.0
0.0
0.0
0.0
0.0
0.0
0.0
0.0
0.0
0.0
0.0
0.0
0.0
0.0
0.0
0.0
0.0
0.0
0.0
0.0
0.0
0.0
0.0
0.0
0.0
0.0
0.0
0.0
0.0
0.0
0.0
0.0
0.0
0.0
0.0
0.0
0.0
0.0
0.0
0.0
0.0
0.0
0.0
0.0
0.0
0.0
0.0
0.0
0.0
0.0
0.0
0.0
0.0
0.0
0.0
0.0
0.0
0.0
0.0
0.0
0.0
0.0
0.0
0.0
0.0
0.0
1.78926
0.0
0.0
0.0
0.0
0.0
0.0
0.0
0.0
0.0
0.0
0.0
0.0
0.0
0.0
0.0
0.0
0.0
0.0
0.0
0.0
0.0
0.0
0.0
0.0
0.0
0.0
0.0
-0.158587
0.0
0.0
0.0
0.0
0.0
0.700318
0.0
0.0
0.0
0.0
0.0
0.0
0.0
0.0
-0.409371
0.0
0.0
1.52293
0.0
0.0
0.0
0.0
0.0
0.0
0.0
0.0
0.0
0.0
0.0
0.0
0.0
-1.53901
-1.64517
0.0
0.0
0.0
0.0
0.0
0.0
0.0
0.0
0.0
0.0
0.0
0.0
0.0
0.0
0.0
0.0
0.0
0.0
0.0
0.0
0.0
-1.05713
0.0
0.0
0.0
0.0
0.0
0.0
0.0
0.0
0.151891
0.0
0.0
0.0
0.0
0.0
0.0
0.0
0.0
0.0
0.0
0.0
0.0
0.0
0.0
0.0
0.0
0.0
0.0
0.0
0.0
0.0
0.0
0.0
0.0
0.0
0.0
0.0
0.0
0.0
0.0
-1.1838
-0.458158
0.0
0.0
0.0
0.0
0.0
0.0
0.0
0.0
0.0
0.0
0.0
2.11745
0.0
0.0
0.0
0.0
0.0
0.0
0.0
0.0
0.0
0.0
0.0
0.0
0.0
0.0
0.0565934
0.0
0.0
0.0
0.0
0.0
1.56422
0.0
0.0
0.0
0.0
0.0
0.0
0.0
0.0
0.0
0.0
0.0
0.0
0.0
0.0
0.0
0.0
0.0
0.0
0.0
-0.162973
0.0
0.0
0.0
0.0
0.0
0.0
0.0
0.0
0.0
0.0
0.0
0.0
0.0
0.0
0.0
0.0
0.0
0.0
0.0
0.0
0.342085
0.0
0.0
0.0
0.0347058
0.0
0.0
0.0
0.157693
0.0
0.0
0.0
0.0
0.0
0.0
0.0
0.0
0.0
0.0
0.0
0.0
0.0
0.0
0.0
0.0
0.0
0.0
0.0
0.0
0.0
0.0
0.0
0.0
0.0
0.0
0.0
0.0
0.0
0.0
0.0
0.663455
0.0
0.0
0.0
0.0
0.0
-0.0421201
0.0
0.0
0.0
0.0
0.0
0.0
0.0
0.0
0.0
0.0
0.0
0.0
0.0
0.0
0.0
0.0
0.0
0.0
0.0
0.14293
0.0
0.0
0.0
0.0
0.0
0.0
0.0
0.0
0.0
0.0
0.0
0.0
0.0
0.0
0.0
0.0
0.0
0.0
0.0
0.0
0.0
0.0
0.0
0.0
0.0711211
0.0
0.0
0.0
0.0
0.0
0.0
0.0
0.0
0.0
0.0
0.0
0.0
0.719469
0.0
0.0
-0.0236906
0.0
0.0
0.0
0.0
0.0
0.0
0.0
-0.182363
0.0
0.0
0.0
0.0
0.0
0.0
0.0
0.0
0.0
0.0
0.0
0.0
0.0
0.0
0.0
0.0
0.0
0.0
0.0
0.0
0.0
0.0
0.0
0.0
0.0
0.0
-1.96858
0.0
0.0
0.0
0.0
0.0
0.0
0.0
0.0
0.0
0.0
0.0
0.0
0.0
0.0
0.0
0.0
0.0
0.0
0.0
0.0
0.0
0.0
0.0
0.0
0.0
0.0
0.0
0.0
0.0
0.0
0.0
0.0
0.0
0.0
0.0
0.0
0.0
0.0
1.9917
0.0
0.315944
0.0
0.0
0.0
0.0
0.0
0.0
0.0
0.0
0.0
0.0
0.0
0.0
0.0
0.0
0.0
0.0
0.0
0.0
0.0
0.0
0.0
0.0
0.0
0.0
0.0
0.0
0.0
0.0
0.0
0.0
0.0
0.0
0.0
0.0
0.0
0.0
0.0
0.0
0.0
-1.26915
0.0
0.0
0.0
0.0
0.0
0.0
0.0
0.0
0.0
0.0
0.0
0.0
0.0
0.0
0.0
0.0
0.287997
0.0
0.0
0.0
0.0
0.0
0.0
0.0
0.0
0.0
0.0
0.0
0.0
0.0
0.0
0.0
0.0
0.0
0.0
0.0
0.0
0.0
0.0
0.0
0.0
0.0
0.0
0.0
0.0
0.0
0.0
0.0
2.43418
0.0
0.0
0.0
-0.660149
0.0
0.0
0.0
0.0
0.0
0.0
0.0
0.0
0.0
0.0
0.0
0.0
0.0
0.0
0.0
0.0
0.0
0.0
0.0
0.0
0.0
0.0
0.0
0.0
0.0
0.0
0.0
0.0
0.0
0.0
0.0
0.0
0.112543
0.906116
0.0
-0.444946
0.0
0.0
0.0
1.27713
0.0
0.0
0.0
0.0
0.0
0.0
0.0
0.0
0.0
0.0
0.0
0.0
0.0
0.0
0.0
0.0
0.0
0.0
0.0
0.0
0.0
2.97629
0.0
0.0
0.0
0.0
0.0
0.0
0.0
0.0
0.0
0.0
0.0
0.0
0.0
0.0
0.0
0.0
0.0
-0.00208203
-0.417862
-0.480885
-0.101275
0.0645882
0.0879598
0.578282
0.546236
-0.95248
-0.291901
0.0339921
0.495271
-0.489592
-0.65993
0.409021
0.0100543
0.361103
0.0632124
0.123334
0.0231205
0.0432165
0.0966148
0.0903136
0.0718388
-0.317642
-0.185506
-0.475798
-0.00795552
-0.0523759
0.284872
0.351206
0.209497
-0.162864
-0.305042
0.17063
-0.422102
0.0221863
-0.0814709
0.950839
-0.0646086
-0.127405
-0.0136916
0.108795
-0.634226
0.116487
0.474172
-0.249342
0.47993
0.0510894
0.0
0.0
0.0
0.0
0.0
0.0
0.0
0.0
0.0
0.0
0.0
0.0
0.0
0.0
0.0
0.0
0.0
-0.697206
0.0
0.0
0.0
0.0
0.0
0.0
0.0
0.0
0.0
0.0
0.0
0.0
0.0
0.0
0.0
0.0
0.0
0.0
0.0
0.0
0.0
0.0
0.0
-0.960948
0.0
0.0
0.0
0.0
0.0
0.0
0.0
0.0
0.0
0.0
0.0
0.0
0.0
0.0
0.0
0.0366763
0.0
0.0
0.0
0.0
0.0
0.0
0.0
0.434027
0.0
0.0
0.0
0.0
0.0
0.0
0.0
0.0
0.0
0.0
0.0
0.0
0.0
0.0
0.0
0.0
0.0
0.0
0.0
0.0
0.0
0.0
-0.402688
0.0
0.0
0.0
0.0
0.0
0.0
0.0
0.0
0.0
0.0
0.0
0.0
0.0
0.0
0.0
0.0
0.0
0.0
0.0
0.0
0.0
0.0
0.0
0.0
0.0
0.0
0.0
0.0530355
0.0
0.0
0.0
0.0
0.0
0.0
0.0
0.0
0.0
0.0
0.0
0.0
0.0
0.0
0.0
0.0
0.0
0.0
0.0
0.0
0.0
0.0
0.0
0.0
0.0
0.0
0.0
0.0
0.0
0.0
0.0
0.0
2.97746
0.0
0.0
0.0
-0.776542
0.0
0.0
0.0
0.0
0.0
0.0
0.0
0.0
0.0
0.0
0.0
0.0
0.0
0.0
0.0
0.0
0.0
0.0
0.0
0.0
1.56096
0.0
0.0
0.0
0.0
0.0
0.0
0.0
0.0
0.0
0.0
0.0
0.0
2.59958
0.0
0.0
0.0
0.0
0.0
0.0
0.0
0.0
0.0
0.0
0.0
0.0
0.00351076
-0.301686
0.0
0.0
0.0
0.0
0.0
0.0
0.0
0.0
0.0
0.0
0.0
0.0
0.0
0.0
0.0
0.0
0.0
0.0
0.0
0.0
0.0
0.0
0.0
0.0
0.0
0.0
0.0
0.0
0.0
0.0
0.0
0.0
0.0
0.0
0.0
0.0
0.0
0.0
0.0
0.0
0.0
0.0
0.0
0.0
0.0
0.0
0.0
0.0
0.0
0.0
0.0
0.0
0.0
-0.767895
0.0
0.0
0.0
0.0
0.0
0.0
0.0
0.0
0.0
0.0
0.0
0.0
0.0
0.0
0.0
0.0
0.0
0.0
0.0
0.0
0.0
0.0
0.0
0.0
0.0
0.0
0.0
0.0
0.0
0.0
0.0
-1.42379
0.0
0.0
0.0
0.0
0.0
0.0
-0.482068
0.0
0.0
0.0
0.0
2.05915
0.0
0.0
0.0
0.509216
0.0
0.0
0.0
0.0
0.0
0.0
0.0
0.0
0.0
0.0
0.0
0.0
0.0
0.0
0.0
0.0
0.0
0.0
0.0
0.0
0.0
0.0
0.0
0.0
0.0
0.0
0.0
0.0
0.0
0.0
0.0
0.0
0.0
0.0
0.0
0.0
0.0
0.0
0.0
0.0
-1.14802
0.0
0.0
0.0
0.0
0.0
0.0
0.0
0.0
0.0
0.0
0.0
0.0
0.0
0.0
0.0
0.0
0.530996
0.0
0.0
0.0
0.0
1.12122
0.0
0.0
0.0
0.0
0.0
0.0
0.0
0.0
0.0
0.0
0.0
0.0
0.0
0.0
-2.06264
0.0
0.0
0.0
1.89342
0.0
0.0
0.0
0.0
0.0
0.0
-0.133925
0.0
0.0
0.0
0.0
0.0
0.0
0.760293
0.0
0.0
0.0
0.0
0.0
0.0
-0.592878
0.0
0.0
0.0
0.0
0.0
0.0
0.0
0.0
0.0
0.0
0.0
0.0
0.0
0.0
0.0
0.0
0.0
0.0
0.0
0.0
0.0
0.0
0.0
0.0
0.0
0.0
0.0
0.0
0.0
0.0
0.0
0.0
0.0
0.0
1.41686
0.0
0.0
0.0
0.0
0.0
0.0
0.0
0.0
0.0
0.0
0.0
0.0
0.0
0.0
0.0
0.0
0.0
0.0
0.0
0.0
0.0
0.0
0.0
0.0
0.0
0.0
0.0
0.0
-2.11983
0.0
0.0
0.0
0.0
0.0
0.0
0.0
0.0
0.0
0.0
0.0
0.0
1.25487
0.0
0.0
0.0
0.0
0.0
0.0
0.0
0.0
0.0
0.0
0.0
0.0
0.0
0.0
0.0
0.0
0.0
0.0
0.0
0.0
0.0
0.0
0.0
0.0
0.0
0.688901
0.0
0.0
0.0
0.0
0.0
0.0
0.0
0.0
0.0
-0.570189
0.0
0.0
0.0
0.0
0.0
0.0
0.0
0.0
0.0
0.0
0.0
0.0
0.0
0.0
0.0
0.0
0.0
0.0
0.0
0.0
0.0
-0.923849
0.0
0.0
0.0
0.0
0.0
0.0
-0.275287
0.0
0.0
0.0
0.358219
0.0
0.0
1.3879
0.0
-0.47229
0.0
0.0
0.0
0.0
0.0
0.0
-0.057975
0.0
-0.140217
0.0
0.0
0.0
0.0
0.0
0.147837
0.0
0.0
0.0
0.0
0.0
1.53717
0.0
0.0
0.0
0.0
0.0
0.0
0.0
0.0
0.0
0.0
0.0
0.0
0.0
0.0
0.0
0.0
0.0
0.0
0.0
0.0
0.0
0.0
0.0
0.0
0.0
0.0
0.0
0.0
0.0
0.0
0.0
0.0
0.0
0.0
0.0
0.0
0.0
0.0
0.0
0.890886
0.0
0.0
0.0
0.0
0.0
0.273614
0.0
0.0
0.0
0.0
0.0
0.0
0.0
0.0
0.0
0.0
0.0
0.0
0.0
0.0
0.0
0.0
0.0
0.0
-0.470031
0.0
0.0
0.0
0.0
0.0
0.0
0.0
0.0
0.0
0.0
0.0
0.0
0.0
0.0
0.0
0.0
0.0
0.0
0.0
0.0
0.0
0.0
0.0
0.0
-0.0119848
0.0
0.0
0.0
0.0
0.0
0.0
0.0
0.0
0.0
0.0
-0.0428937
0.0
0.0
0.0
0.0
0.0
0.0
0.0
0.0
0.0
0.0
0.0
0.0
0.0
0.0
0.0
0.0
0.0
0.0
0.0
0.0
0.0
0.0
0.0
0.0
0.0
0.0
0.0
0.0
0.0
0.0
0.0
0.0
0.0
0.0
0.0
0.0
0.0
0.0
0.0
0.0
-2.2856
0.0
0.0
0.0
0.0
0.0
2.93544
0.0
0.0
0.792032
0.0
0.0
0.0
0.0
0.0
0.0851501
-0.20797
-0.419737
0.0326706
-0.0979184
-0.0548263
-0.0210938
-0.0221471
0.756527
-0.232652
0.34324
-0.456662
-1.23068
-0.0907459
-0.150443
0.172026
0.211758
-0.632277
-0.081371
0.18821
0.373639
-0.528054
0.399385
0.276255
0.941813
-0.263882
-0.287701
0.262725
0.0787886
-0.222105
-0.257788
-0.190297
-0.28199
-0.233404
-0.0521832
-0.234125
0.178968
-0.344103
-0.186948
-0.21115
-0.154537
0.120549
0.087803
-0.525678
0.586455
1.32959
-0.133642
0.834097
-0.66685
0.0
0.0
0.0
0.0
0.0
0.0
0.0
0.0
0.0
0.0
0.0
0.0
0.0
0.0
0.0
0.0
0.0
0.0
0.0
0.0
0.0
0.0
0.0
0.0
-1.27207
0.0
0.0
0.0
0.0
0.0
0.0
0.0
0.0
0.0
0.0
0.0
0.0
0.0
0.0
0.0
0.0
-0.419287
0.0
0.0
0.0
0.0
0.0
0.0
0.0
0.0
0.0
0.0
0.0
0.0
0.0
-0.514686
0.0
0.0
0.0
0.0
0.0
0.0
0.0
0.0
0.0
0.0
0.0
0.0
-0.295824
0.0
0.0
0.0
0.0
0.0
0.0
0.990991
0.0
0.0
0.0
0.0
0.0
0.0
0.0
0.0
0.0
0.0
0.0
0.0
0.0
0.0
0.0
0.0
-0.835628
0.0
0.0
0.0
0.0
0.0
0.0
0.0
0.0
0.0
0.0
0.0
0.0
0.0
0.0
0.0
0.0
0.0
0.0
0.0
0.0
0.0
-0.152364
0.0
0.0
0.0
0.0
0.0
0.0
0.0
0.0
0.0
0.0
0.0
0.0
0.0
0.0
0.0
0.0
0.0
0.0
0.0
0.0
0.0
0.0
0.0
0.0
0.0
0.0
0.0
0.0
0.0
0.0
0.0
0.0
-0.276641
0.0
0.0
0.0
0.0
0.0
0.0
1.15993
0.0
0.0
-0.681638
0.0
0.0
0.0
0.0
0.0
0.0
0.0
0.0
0.0
0.0
0.0
0.0
0.0
0.0
0.0
0.0
0.0
0.0
0.0
0.0
-0.748789
0.0
0.0
0.0
0.0
0.0
0.0
0.0
0.0
0.0
0.0
0.0
0.0
0.0
0.0
0.0
0.0
0.0
0.0
0.869959
0.0
0.0
1.18476
0.0
0.0
0.0
0.0
0.0
0.0
0.0
0.0
0.0
0.0
0.0
0.0
0.0
0.0
0.0
0.0
0.0
0.0
0.0
0.0
0.0
0.0
0.0
0.0
0.0
0.0
0.0
0.0
0.0
1.82056
0.0
0.0
0.0
0.0
0.0
0.0
0.0
0.0
0.0
0.0
0.0
0.0
0.0
0.0
0.0
0.0
0.0
0.0
0.0
0.0
-0.878543
0.0
0.0
0.0
0.0
0.0
0.0
0.0
0.0
0.0
0.0
0.0
0.0
0.0
0.0
0.0
0.0
0.0
0.0
0.0
0.0
0.0
0.0
0.0
0.0
0.0
0.0
0.0
0.0
0.0
0.0
0.0
0.0
0.0
0.0
0.0
0.0
0.0
0.726163
0.0
0.0
0.0
0.0
0.0
0.0
0.0
0.0
0.0
0.0
0.0
0.0
0.0
0.0
0.0
0.0
0.0
0.0
0.0
0.0
0.307113
0.0
0.0
0.0
0.0
0.0
0.0
0.0
0.0
0.0
-0.282651
0.0
0.0
0.0
0.0
0.0
0.0
0.0
0.0
0.0
0.0
0.0
0.0
0.0
0.0
0.0
0.0
0.0
0.0
0.0
0.0
0.0
0.0
0.0
0.0
0.0
0.0
0.0
0.0
0.0
0.0
0.0
0.0
0.0
0.0
0.0
0.0
0.0
0.0
0.0
0.0
0.0
0.0
0.0
0.0
0.0
0.0
0.0
0.0
0.0
0.0
0.0
0.0
0.0
0.0
0.0
0.0
0.0
0.0
0.0
0.0
-0.078764
0.0
0.0
0.0
0.0
0.0
0.0
0.0
0.0
0.0
0.0
0.0
0.0
0.0
0.0
0.0
0.0
0.0
0.0
0.0
0.0
0.0
0.0
0.0
0.0
0.0
0.0
0.0
0.0
0.0
0.0
0.0
0.0
0.0
0.0
0.0
0.0
0.0
0.0
0.0
0.0
0.0
0.0
0.0
0.0
0.0
0.0
0.0
0.0
0.0
0.0
0.0
0.0
0.0
0.0
0.0
0.0
0.0
0.0
0.0
0.0
0.0
0.0
0.0
0.0
0.0
0.0
0.0
0.0
0.0
0.0
0.0
0.0
0.0
0.0
0.0
0.0
0.0
0.0
0.0
0.0
0.0
0.0
0.0
0.0
0.0
0.0
0.0
0.0
0.0
0.0
0.0
0.0
0.0
0.0
0.0
0.0
0.0
0.0
0.0
-0.213282
0.0
0.0
0.0
0.0
0.0
0.0
0.0
0.0
0.0
0.0
-0.520532
-0.0455177
0.0
0.0
0.0
0.0
0.0
0.0
0.0
0.0
0.0
0.0
0.0
0.0
0.0
0.0
0.0
0.0
0.0
0.0
0.0
0.0
0.0
0.0
0.0
1.73779
0.0
0.0
0.0
0.0
0.0
0.768769
0.0
0.0
0.0
0.0
0.0
0.0
0.0
0.0
0.0
0.0
0.0
0.0
0.0
0.0
0.0
0.0
0.0
0.0
0.0
0.0
0.0
0.0
0.0
0.0
0.0
0.0
0.0
0.0
0.0
0.0
0.0
0.0
0.0
0.0
0.0
0.0
0.0
0.0
0.0
0.0
0.0
0.0
0.0
0.0
0.0
0.0
0.0
0.0
0.0861295
0.0
0.0
0.0
0.0
0.0
0.0
0.0
0.0
0.0
0.0
0.0
0.587342
0.0
0.0
0.0
0.0
0.0
0.0
0.0
0.0
0.0
0.0
0.0
0.0
0.0
0.0
0.0
0.0
0.0
0.0
0.0
0.0
0.0
0.0
0.0
0.0590141
0.0
0.0
0.0
0.0
0.0
0.0
0.0
0.0
0.0
0.0
0.0
0.0
-0.694573
0.0
0.954897
0.0
0.0
0.0
0.0
0.0
0.0
0.0
0.0
-0.172823
0.0
0.0
0.0
0.0
0.0
-1.25733
0.0
0.0
0.0
0.0
0.0
0.0
0.0
0.0
0.0
0.0
0.0
0.0
-0.865957
0.0
0.0
0.0
0.0
0.0
0.0
0.0
0.0
0.0
0.0
0.0
0.0
0.0
0.0
0.0
0.0
0.0
0.0
0.0
-0.843443
0.0
0.0
0.0
0.0
0.0
0.0
1.43298
0.0
1.32347
0.0
0.711618
0.0
0.0
-0.0417092
0.0
0.0
0.0
0.0
0.0
0.0
0.0
0.0
0.0
0.0
0.0
0.0
0.0
0.0
0.0
0.0
0.0
0.0
0.0
0.0
0.0
0.0
0.0
0.0
0.0
0.0
0.0
0.0
0.0
0.0
0.0
0.0
0.0
0.0
-1.52594
0.0
0.0
0.0
0.0
0.0
0.0
0.0
0.0
0.0
0.0
0.0
0.0
0.0
0.0
0.0
0.0
0.0
0.0
0.0
0.0
0.0
0.0
0.0
0.0
0.0
0.0
0.0
0.0
0.0
0.0
0.0
0.0
0.0
0.0
0.0
0.0
0.0
0.0
0.0
0.0
0.0
0.0
0.0
0.0
0.0
0.0
0.0
0.0
0.0
0.0
0.0
0.0
0.0
0.0
0.0
0.0
0.0
0.0
0.0
0.0
0.0
0.0
0.0
0.0
0.0
0.0
0.0
0.0
0.0
0.0
0.0
0.0
0.0
0.0
0.0
0.0
0.0
0.0
0.0
0.0
0.0
0.0
0.0
0.0
0.0
0.0
0.0
0.0
0.0
0.0
0.0
0.0
0.0
0.0
0.0
0.0
0.0
0.0
0.0
0.0
0.0
0.0
0.0
0.0
0.0
0.0
0.0
0.0
0.0
0.0
0.0
0.0
0.0
0.0
0.0
0.0
0.0
0.0
0.0
0.0
0.0
0.0
0.0
0.0
0.0
0.0
0.0
0.0
0.0
0.0
0.0
0.0
0.0
0.0
0.0
0.0
0.0
0.0
0.0
0.0
0.0
0.0
0.0
0.0
0.0
0.0
0.0
0.0
0.0
0.0
0.0
0.0
0.0
0.0
0.0
0.0
0.0
0.0
0.0
0.0
0.0
0.123543
-0.647223
-0.0795521
0.122375
0.0456801
0.0999897
-0.232006
-0.51868
0.114999
-0.908119
0.674293
0.0854401
-0.128067
-0.346909
-0.0519709
0.121757
0.481115
-0.943051
-0.137068
-0.520013
0.39479
0.149223
0.814213
0.0290013
0.120417
0.740593
-0.255793
0.380862
0.0622714
0.578956
0.0829684
-0.351231
-0.311997
-0.604106
0.132767
-0.229634
-0.14608
-0.563434
-0.421229
-0.18825
0.113211
0.410116
0.121562
-0.706408
0.0977737
-0.257787
-0.170317
0.283453
0.171532
0.0
0.0
0.0
0.0
0.0
0.110598
-0.00907202
0.0
0.0
0.0124327
0.0
1.18761
-1.66226
0.0
0.0
0.0
0.0
0.0
0.0
0.0
0.0
0.0
0.0
0.0
0.0
0.0
0.0
0.0
0.0
0.372573
0.0
0.765906
0.0
0.0
0.0
0.0
0.0
0.0
0.0
0.0
0.0
0.0
0.0
0.0
0.0
0.0
0.0
0.0
0.0
0.0
0.0
0.0
0.0
0.0
0.0
0.0
0.0
0.0
0.0
0.0
0.0
0.0
0.0
0.0
0.0
0.0
0.0
0.0
0.0
0.0
0.0
0.0
0.0
-1.55208
0.0
0.0
0.0
0.0
0.0
0.0
0.0
0.0
0.0
0.0
0.0
0.0
0.0
0.0
0.0
0.0
0.0
0.0
0.0
0.0
0.0
0.0
0.0
0.0
0.0
1.51605
0.0
0.0
0.0
0.0
0.0
0.0
0.0
0.0
0.0
0.0
0.0
0.0
0.0
0.0
0.0
0.0
0.0
0.0
0.0
0.0
0.0
0.0
0.0
0.0
0.0
0.0
0.0
0.0
0.0
0.0
0.628942
0.0
0.0
0.0
0.0
0.0
0.0
0.0
0.0
0.0
0.0
0.0
0.0
0.0
0.0
0.0
0.0
0.0
0.0
0.0
0.0
0.0
0.33889
0.0
0.0
0.0
1.16954
0.0
0.0
0.0
0.0
0.0
0.0
0.0
0.0
0.0
0.0
0.0
0.0
0.0
0.0
0.0
0.0
0.0
0.0
0.0
0.0
0.0
0.0
0.0
0.0
0.0
0.0
0.0
0.0
0.0
0.0
0.0
0.0
0.0
0.0
0.0
0.0
0.0
0.0
0.0
0.0
0.0
0.0
0.0
0.0
0.0
0.0
0.0
0.0
0.0
0.0
0.0
0.0
0.0
0.0
0.0
0.0
0.0
0.917751
0.0
-0.144284
0.0
0.0
0.0
0.0
0.0
0.0
0.0
0.0
0.0
0.0
0.0
0.0
0.0
0.0
0.0
0.0
0.0
0.0
0.0
0.0
0.0
0.0
0.0
0.0
0.0
0.0
0.0
0.0
0.0
0.0
0.0
0.0
0.0
0.0
0.0
0.0
0.0
0.0
0.0
0.0
0.0
0.0
0.0
0.0
0.0
0.0
0.0
0.0
0.0
0.0
-1.78498
0.0
0.0
0.0
0.0
0.0
0.0
0.0
0.0
0.0
0.0
0.0
0.0
0.0
0.0
0.0
0.0
0.0
0.0
0.0
0.0
0.0
0.0
0.0
0.0
0.0
0.0
0.0
0.0
0.0
0.0
0.0
0.0
0.0
0.0
0.0
0.0
0.0
0.0
0.0
0.0
0.0
0.0
0.0
0.0
0.0
0.0
0.0
0.0
0.0
0.0
0.0
0.0
0.0
0.0
0.0
0.0
0.0
0.0
0.0
0.0
0.0
0.0
0.0
0.0
0.0
0.0
0.0
0.0
0.0
0.0
0.0
0.0
0.0
0.0
0.0
0.0
0.0
0.0
0.0
-0.543458
0.0
0.0
0.0
0.0
0.0
0.0
0.0
0.0
0.0
0.0
0.0
0.0
0.0
0.0
0.0
0.0
0.0
0.0
0.0
0.0
0.0
0.0
0.0
0.0
0.0
0.0
0.0
0.0
0.0
0.0
0.0
0.0
0.0
0.0
0.0
0.0
0.0
0.0
0.0
0.0
0.0
0.0
0.0
0.0
0.0
0.0
0.0
0.0
0.0
0.0
0.0
0.0
0.0
0.0
0.0
-1.84
0.0
0.0
0.0
-1.31921
0.0
0.0
0.0
0.0
0.0
0.0
0.0
-0.372861
0.0
0.0
0.0
0.0
0.0
0.0
0.0
0.0
0.0
0.0
0.0
-0.168236
0.0
0.0
0.0
0.0
0.0
0.0
0.0
0.0
0.0
0.0
0.0
-0.746914
0.0
0.0
0.0
0.0
0.0
0.0
-0.464765
0.0
0.0
0.0
0.0
0.0
0.0
0.0
0.0
0.0
0.0
0.0
0.0
0.0
0.0
0.0
0.0
0.0
0.0
0.0
0.0
0.0
0.0
1.16628
0.0
0.0
0.0
0.414444
0.0
0.0
0.0
0.0
0.0
0.0
0.0
0.0
0.0
0.0
0.0
0.0
0.0
0.0
0.0
0.0
0.286139
0.0
0.0
0.0
0.0
0.0
0.0
-0.740781
0.0
0.0
0.0
0.0
0.0
0.0
0.0
0.0
0.0
0.0
0.0
0.0
0.0
0.0
0.0
0.0
0.0
0.0
-1.71365
0.0
0.0
0.0
0.0
0.0
0.0
0.0
0.0
0.0
1.12327
0.0
0.0
0.0
0.0
1.26433
0.0
0.0
0.0
0.0
0.0
0.0
0.0
0.0
0.0
0.0
0.0
0.0
0.0
0.0
0.0
0.44829
0.0
0.0
0.0
0.0
0.0
0.0
0.0
0.0
0.0
0.0
0.0
0.0
0.0
-1.71975
0.0
0.0
0.0
0.0
0.0
0.0
-1.06837
0.0
0.0
0.0
0.0
0.0
0.0
0.0
0.0
0.0
0.0
0.0
0.0
0.0
0.0
0.0
0.0
0.0
0.0
0.0
0.752324
0.0
0.0
0.0
0.0
0.0
0.0
0.0
0.0
0.0
0.0
0.0
0.0
0.0
0.0
0.0
0.0
0.0
0.0
0.0
0.0
-0.0173136
-1.00977
0.0
0.0
0.0
0.0
0.0
0.0
0.0
0.0
0.0
1.09885
0.0
0.0
-0.605048
0.0
0.0
0.0
0.0
0.0
0.0
0.0
0.0
0.0
0.0
0.0
0.0
0.134574
0.089976
-0.441269
0.0590229
0.0415597
-0.131718
-0.472177
-0.0486208
-0.284576
0.699925
-0.157304
0.415834
-0.130224
-0.559168
0.271736
0.232957
0.000513955
0.323409
-0.412821
0.000385137
0.0690253
0.193895
0.053323
0.825062
0.292741
0.663024
-0.0130547
-0.446823
0.124439
-0.0763145
-0.121768
0.0401939
0.0063544
0.0398522
-0.409793
0.0936324
-0.454906
0.410475
-0.208765
0.198429
-0.323871
-0.0693561
-0.086385
0.340751
-0.814565
0.498551
0.969504
-0.266749
1.29092
-0.610893
0.0
0.0
0.0
0.0
0.0
0.0
-0.995294
0.0
0.0
0.0
0.0
0.0
0.0
0.0
0.0
0.0
0.0292637
0.0
0.0
0.0
0.0
0.0
0.0
0.0
0.0
0.0
0.0
0.0
0.0
0.0
0.0
0.0
0.0
0.0
0.0
0.0
0.0
0.0
0.0
0.0
0.0
0.0
0.0
0.0
0.0
0.0
0.0
-0.667477
0.0
0.0
0.0
0.0
0.0
0.0
0.0
0.0
0.0
0.0777254
0.0
0.0
0.0
0.0
0.0
0.0
0.0
0.914389
0.0
0.0
0.242052
0.0
0.0
0.0
0.0
0.0
0.0
0.0
0.0
0.0
0.0
0.648902
0.0
0.0
0.0
0.0
0.0
0.0
0.0
0.0
0.0
0.0
0.0
0.0
0.0
0.0
0.0
0.0
0.0
0.0
0.0
0.0
0.0
0.0
0.0
0.0
0.0
0.0
0.0
0.0
0.0
0.0
0.0
0.0
0.0
0.0
0.0
0.0
0.0
0.0
0.0
0.0
0.0
0.0
0.0
0.0
0.0
0.0481003
0.0
0.0
1.04399
0.0
0.0
0.0
0.0
0.0
0.0
0.0
0.0
0.0
0.0
0.0
0.48124
0.0
0.0
0.0
0.0
0.0
0.0
0.0
0.0
0.0
0.0
0.0
0.0
0.0
0.0
0.0
0.0
0.0
0.0
0.0
0.0
0.0
0.0
0.0
0.0
0.0
0.0
0.0
0.0
0.0
0.0
0.0
0.0
0.0
0.0
0.0
0.0
0.0
0.0
0.0
0.0
0.0
0.0
0.0
0.0
1.0646
0.149842
0.0
0.0
0.0
0.0
0.0
0.0
0.0
0.0
0.0
0.0
0.0
0.0
0.0
0.0
0.0
0.0
0.0
0.0
0.0
0.0
0.0
0.0
0.0
0.0
0.0
0.0
0.0
0.0
0.0
0.0
0.0
0.0
0.0
0.0
0.0
0.0
0.0
0.0
0.0
0.0
0.0
0.0
0.0
0.0
0.0
0.0
0.0
0.0
0.0
0.0
0.0
0.0
0.0
0.0
0.0
0.0
0.0
0.0
0.0
0.0
0.0
0.0
0.0
0.0
0.0
0.0
0.0
0.0
0.0
-1.05823
0.0
0.0
0.0
0.0
0.0
0.0
0.0
0.0
0.0
0.0
0.0
0.0
0.0
0.0
0.0
0.0
0.0
0.0
0.0
0.0
0.0
0.0
-0.541554
0.0
0.0
0.0
0.0
0.0
0.0
0.0
0.0
0.0
0.0
0.0
0.0
0.0
0.0
0.0
0.0
0.0
0.0
0.0
0.0
0.0
0.0
0.0
0.0
0.0
0.0
0.0
0.0
0.0
0.0
0.0
0.0
0.0
0.0
0.0
0.0
0.501997
0.0
0.0
0.0
0.0
0.0
0.0
0.0
0.0
0.0
0.0
0.0
0.0
0.0
0.0
0.0
-1.09216
0.0
-0.490938
0.0
0.0
0.0
0.0
0.0
0.0
0.0
0.0
0.0
0.0
-0.15747
0.0
0.0
0.0
-0.610732
0.0
0.0
0.0
0.0
0.0
0.0
0.0
0.0
0.0
0.0
0.0
0.0
0.0
1.85402
0.0
0.0
0.0
0.0
0.0
0.0
1.87194
0.0
0.0
0.0
0.0
0.0
0.0
0.0
0.0
0.0
0.0
0.0
0.0
0.0
-1.0567
0.0
0.0
0.0
0.0
0.0
0.0
0.0
0.0
0.0
0.0
0.0
0.0
0.0
0.0
0.0
0.0
0.0
0.0
0.0
0.0
0.0
0.0
0.0
0.0
0.904462
0.0
0.0
0.0
-0.797598
0.0
0.0
-1.08977
0.0
0.0
0.0
0.0
0.0
0.0
0.0
0.0
0.0
0.0
0.0
0.0
0.0
0.0
0.0
0.0
0.0
0.0
0.0
0.0
0.0
0.0
0.0
-1.21562
0.0
0.0
0.0
0.0
0.0
0.0
0.0
0.0
0.0
0.0
0.0
0.0
-1.65584
0.0
0.0
0.0
0.0
0.0
0.0
0.0
0.0
0.0
0.0
0.0
0.0
1.016
0.0
0.0
0.0
0.0
0.0
0.0
0.0
0.0
0.0
0.0
0.0
0.0
0.0
0.0
0.276337
0.0
0.0
0.0
0.0
0.0
0.0
0.0
0.0
0.0
0.0
0.0
0.0
0.0
0.0
-1.38642
0.0
0.0
0.0
0.0
0.0
-1.19408
0.0
0.0
0.0
0.0
0.0
0.0
0.0
0.0
0.0
0.0
0.0
0.0
0.0
0.0
0.0
0.0
0.0
0.0
0.0
0.0
0.0
0.0
0.0
0.0
0.626191
0.0
0.0
0.0
0.0
0.0
0.0
0.0
0.0
0.0
0.0
0.0
0.0
1.47171
0.0
0.0
0.0
0.0
0.0
0.0
0.0
0.0
0.0
0.0
0.0
0.0
0.0
0.0
0.0
0.0
0.0
0.0
0.0
0.0
0.0
0.0
0.0
-0.108943
0.0
0.0
0.0
0.0
0.0
0.0
1.88519
0.0
-0.641565
0.0
0.0
0.0
0.0
0.0
0.0
0.0
0.0
0.0
0.0
0.0
0.0
0.0
0.0
-0.911383
0.0
0.0
0.0
0.0
0.0
0.0
0.0
0.0
0.0
0.0
0.0
0.0
0.0
0.0
0.0
0.0
0.0
0.0
0.0
0.0
-0.211949
0.0
0.0
0.0
0.0
0.0
0.0
0.0
0.0
0.0
0.0
0.0
0.0
0.0
0.0
0.0
0.0
0.856215
0.0
0.0
0.0
0.0
0.0
0.0
0.0
0.0
0.0
0.0
0.0
0.0
0.0
0.0
0.0
0.0
0.0
0.0
0.0
0.0
0.0
0.0
0.0
0.0
0.0
0.0
1.19727
0.0
0.0
0.0
-0.562638
0.0
0.0
0.0
0.0
0.0
0.0
0.0
0.0
0.0
0.0
0.0
0.0
0.0
0.0
0.0
0.0
0.0
0.0
0.0
0.0
0.0
0.0
0.0
0.0
0.0
0.0
0.0
0.0
0.0
0.0
0.0
0.0
0.0902371
0.0
0.0
0.0
0.0
0.0
0.0
0.0
0.0
-0.0631343
0.0
0.0
0.0
0.0
0.0
0.0
0.0
0.0
0.0
0.0
0.0
0.0
0.0
0.0
0.0
0.0
0.0
0.0
0.0
0.0
0.0
0.0
0.0
0.0
0.0
0.198618
0.0
0.0
0.0
0.0
-0.87429
0.0
0.0
0.0
0.256585
0.0
0.0
0.0
0.0
0.0
0.0
0.0
0.0
-1.1772
0.0
0.0
0.0
0.0
0.0
0.0
0.0
0.0
-0.571883
0.0
0.0
0.0
0.0
0.0
0.0
0.0
1.58488
0.0
0.0
0.0
0.0
0.0
0.0
0.0
0.0
0.0
0.0
0.0
0.0
0.0
0.0
0.0
0.0
0.0
0.0
0.0
0.0
0.0
0.0
0.0
0.0
0.0
0.0
0.0
0.0
0.0
0.0
0.0
0.0
0.0
0.0
0.0
0.0
0.0
0.0
0.0
0.0
0.0
0.0
0.0
0.0
0.0
-0.361008
0.0
0.0
0.0
0.0
0.0
0.0
0.0
0.0
0.0
0.0
0.0
0.0
0.0
1.26688
0.0
0.0
0.0
0.0
0.0
0.0
0.0
0.0
0.0
0.0
0.0
0.0
0.0
0.0
0.0
0.0
0.0
0.0
0.0
0.0
0.0
0.0
0.0
0.0
0.0
0.0
0.0
0.0
0.0
0.0
0.0
0.0
0.0
0.0
-1.52106
0.0
0.0
0.0
0.0
0.0
0.0
0.0
0.0220092
0.0
0.0
-0.821977
0.0
0.0
0.0
0.0
0.0
0.0
0.0
0.0
0.0
0.0
0.0
0.0
0.0
0.0
0.0
0.0
0.0
0.0
0.0
0.0
0.0
0.0
0.0
0.0
0.0
0.0
0.0
0.0
0.0
0.0
1.34144
0.0
0.0
0.0
0.0
0.0
0.0
0.0
0.0
0.0
0.0
0.0
0.0
0.0
0.0
0.0
0.0
0.0
0.0
0.0
0.0
0.0
0.0
0.0
0.0
0.0
0.0
0.0
0.0
0.0
0.0
0.0
0.0
0.0
-0.465353
0.0
0.0
0.0
0.0
0.0
0.0
0.0
0.0
0.0
0.0
0.0
0.0
0.0
0.0
0.0
0.0
0.0
0.0
0.0
0.0
0.0
0.0
0.0
-1.39925
0.0
0.0
0.0
0.0
0.0
0.0
0.0
0.0
0.0
0.0
0.0
0.0
0.0
0.0
0.0
0.0
0.0
0.0
0.0
0.0
0.0
0.0
0.0
0.0
-0.0444529
-0.375131
-0.317812
0.016313
-0.18034
0.224549
-0.175052
-0.0101322
0.294657
-0.661926
-0.0935798
0.0724316
0.00357569
-0.57457
0.249804
-0.0257678
0.119094
-0.802274
-0.0695004
0.195019
-0.0644468
-0.0912964
0.352675
0.169578
-0.328242
0.173819
-0.421278
0.543917
0.147243
0.0945739
0.230778
0.102446
-0.337909
-1.01178
-0.0508429
0.14464
0.346085
0.407083
-0.0169642
0.52483
-0.0180319
-0.161851
-2.10952
-0.12764
0.289831
0.71641
-0.290162
0.164722
-0.183711
0.0
0.0
0.0
0.0
0.0
0.0
0.0
0.0
0.0
0.0
0.0
0.0
0.0
0.0
0.158571
0.0
0.0
0.0
0.0
0.0
0.0
0.0
0.0
0.0
0.0
0.0
0.0
0.0
0.0
0.0
0.0
0.0
0.0
0.0
0.0
0.0
0.0
0.0
0.0
0.0
0.0
0.0
0.0
0.30181
0.0
0.0
0.0
0.0
0.0
0.0
0.0
0.0
0.0
0.0
0.0
0.0
0.0
0.0
0.0
0.0
0.0
0.0
0.0
0.0
0.0
0.0
0.0
0.0
0.00585586
0.0
0.0
-0.077357
0.0
0.0
0.0
-1.83087
0.0
0.0
-1.83116
0.0
0.0
0.0
0.0
0.0
0.0
0.0
0.0
0.0
0.0
0.0
0.0
0.0
0.0
0.0
0.0
0.0
0.0
0.0
0.0
0.0
0.0
0.0
0.0
0.0
-0.199583
0.0
0.0
0.0
0.0
0.0
0.0
0.0
0.0
0.0
0.0
0.0
0.0
0.0
0.110615
0.0
0.0
0.0
0.0
0.0
0.0
0.139439
0.803915
0.0
0.0
0.0
0.0
0.0
0.0
0.0
0.0
0.0
0.0
0.0
0.0
0.0
0.0
0.0
0.0
0.0
0.0
0.0
0.0
0.0
0.0
0.0
0.0
0.0
0.0
0.0
0.0
0.0
0.0
0.0
0.0
0.0
0.0
0.0
0.0
0.0
0.0
0.0
0.0
0.0
0.0
0.0
0.0
0.0
0.0
0.0
0.0
0.0
0.0
0.0
0.0
0.0
0.0
1.29618
0.0
0.0
0.0
0.0
0.0
0.0
0.0
0.0
0.0
0.0
0.0
0.0
0.0
0.0
0.0
0.0
0.0
0.0
0.0
0.0
0.0
0.0
0.0
0.0
0.0
0.0
0.0
0.0
0.0
0.0
0.0
0.0
0.0
-0.507003
0.0
0.0
0.0
0.0
0.0
-0.611992
0.0
0.0
0.0
0.0
0.0
0.0
0.0
0.0
0.0
0.0
0.197523
0.0
0.0
0.0
0.0
0.157032
0.0
0.0
0.0
0.0
0.0
0.0
0.0
0.0
0.0
0.0
0.0
0.0
0.0
0.0
0.0
0.0
0.0
0.0
0.0
0.0
0.0
0.0
0.0
0.0
0.0
0.0
0.0
1.25873
0.0
0.0
0.0
0.0
0.0
0.0
0.0
0.0
0.0
0.0
0.164534
0.0
0.0
0.0
0.0
0.0
0.0
0.0
0.0
0.0
0.0
0.0
0.0
0.0
0.0
0.0
0.0
-0.791133
0.0
0.0
0.0
0.0
0.0
0.0
0.0
0.0
0.0
0.0
0.0
0.0
0.0
0.0
0.0
0.0
0.0
0.0
0.0
0.0
0.0
0.0
0.0
0.0
0.0
0.0
0.0
0.0
0.0
0.0
0.0
0.0
0.0
0.0
-1.30487
0.0
0.0
0.0
0.0
0.0
0.0
0.0
0.0
0.0
0.0
0.0
0.0
-0.640063
0.0
0.0
0.0
0.0
0.0
0.0
0.0
0.0
0.0
0.0
0.0
0.0
0.0
0.0
0.0
0.952386
0.0
0.0
0.67258
0.0
0.0
0.0
0.0
0.0
0.0
0.0
0.0
0.0
0.0
0.0
0.0
-1.38765
0.0
0.0
0.0
0.0
0.0
0.0
1.99096
0.0
0.0
0.0
0.0
0.0
0.0
0.0
0.0
0.0
0.0
0.0
0.0
0.0
0.0
0.0
0.0
0.0
0.0
0.0
0.0
0.0
1.25572
0.0
0.0
0.0
0.0
0.0
0.0
0.0
0.0
0.0
0.0
0.0
0.0
0.0
0.0
0.0
0.0
0.0
0.0
0.0
0.0
0.0
0.0
0.0
0.0
0.0
0.0
0.0
0.0
0.0
0.0
0.586295
0.0
0.0
0.0
0.0
0.0
0.0
0.0
0.0
0.0
0.0
0.0
0.0
0.0
0.0
0.0
0.0
0.0
0.0
0.0
0.0
0.0
0.0
0.0
0.0
0.0
0.0
0.0
0.0
0.0
0.0
0.0
0.0
0.0
0.0
0.0
0.0
0.0
0.0
0.0
0.0
0.0
0.0
0.0
0.0
0.0
0.0
0.0
0.0
0.0
0.0
0.0
0.0
0.0
0.0
0.0
0.0
0.0
0.0
0.0
0.0
0.0
0.0
0.0
0.0
0.0
0.0
0.0
0.0
1.52981
0.0
0.0
0.0
0.0
0.0
0.0
0.0
0.0
0.0
0.0
0.0
0.0
0.0
-1.36398
0.0
0.0
0.0
0.0
0.0
0.0
0.0
0.0
0.0
2.12819
0.0
0.0
0.0
0.0
0.0
0.0
-0.545264
0.0
0.0
-0.819327
0.0
0.0
-0.0163841
-0.703319
-0.283128
-0.0501298
-0.0351328
-0.389492
-0.37077
-0.134682
0.0880942
0.578376
0.524315
-0.218864
-0.625528
-0.0529737
0.242506
0.0561961
0.332489
-0.544491
-0.196148
0.1797
0.367553
-0.0754384
0.31122
0.446386
0.812928
0.387196
-0.115311
0.244803
0.0853385
-0.247446
0.385432
0.0654793
0.184822
-0.452224
0.033326
-0.136799
0.43544
-1.29694
0.00402975
-0.111727
0.129691
-0.104924
0.126234
-0.53919
0.478758
0.990183
-0.341015
0.850495
-0.425773
0.0
0.0
0.0
0.0
0.0
0.0
0.0
0.0
0.0
0.0
0.0
0.0
0.0
0.0
-0.438266
0.0
0.0
0.0
0.0
0.0
-0.0335507
0.0
0.0
0.0
0.0
0.0
0.0
0.0
0.0
0.0
0.0
0.0
0.0
0.0
0.0
0.0
0.0
0.0
0.0
0.0
0.0
0.0
0.0
0.0
0.0
0.0
0.0
0.0
0.0
0.0
0.0
0.0
0.0
0.0
0.0
0.0
0.0
0.0
0.0
0.0
0.0
0.0
0.0
0.0
0.0
0.0
0.0
0.0
0.0
0.0
0.0
0.0
0.0
0.0
0.0
0.0
0.0
0.0
0.0
0.0
0.0
-1.38234
0.0
0.0
0.0
0.0
0.0
0.0
0.0
0.0
0.0
0.0
0.0
0.0
0.0
0.0
0.0
0.0
0.0
0.0
0.0
0.0
0.0
0.0
0.0
0.0
0.0
0.0
0.0
0.0
0.0
0.0
0.0
0.0
0.0
0.0
-0.217925
0.0
0.0
0.0
0.868111
0.0
0.0
0.0
0.0
0.0
0.0
0.0
0.0
0.0
0.0
0.0
0.0
0.0
0.0
0.0
0.0
0.0
0.0
0.0
0.0
0.0
0.0
0.0
0.0
0.0
0.0
0.0
0.0
0.0
0.0
0.0
0.0
0.0
0.0
-0.670414
0.0
0.0
0.0
0.0
0.0
0.0
0.0
0.0
0.0
0.0
0.0
0.0
0.0
0.0
0.0
0.0
0.0
0.0
0.0
0.0
0.0
0.0
0.0
0.0
0.0
0.0
0.0
0.0
0.0
0.0
0.0
0.0
0.0
0.0
0.0
0.0
0.0
0.0
0.0
0.0
0.0
0.0
0.0
0.0
0.0
0.0
0.0
0.0
0.0
-0.608085
0.0
0.0
0.0
0.0
0.0
0.0
0.0
0.0
0.0
0.0
0.0
0.0
0.0
0.0
0.0
0.0
0.0
0.0
0.0
0.0
0.0
0.0
0.0
0.0
0.0
0.0
0.0
0.0
0.0
0.0
0.0
0.0
-1.12634
0.0
1.55006
0.0
0.0
0.0
0.0
0.0
0.0
0.0
0.0
0.0
0.0
0.0
0.0
0.0
0.0
0.0
0.0
0.0
0.0
0.0
0.0
0.0
0.0
0.0
0.0
0.0
0.0
0.0
0.0
0.0
0.0
0.0
0.0
0.0
0.0
0.0
0.0
0.0
0.0
0.0
0.0
0.0
-0.863839
0.0
0.0
0.0
0.0
0.0
0.0
0.0
0.718829
0.0
0.0
0.0
-0.081599
-0.419853
-0.133337
0.00228645
0.077018
-0.0596222
-0.1493
0.400363
1.12101
0.0661596
0.306824
0.25309
-0.372873
0.180628
0.339985
0.00304044
-0.0238769
-0.0559504
-0.0511303
0.184325
0.260885
0.371685
0.167491
-0.196491
-0.256227
-0.294564
-0.332164
0.26065
0.0300813
0.0693967
0.278948
0.257355
0.308834
-0.980546
-0.143007
-0.212549
-0.0893796
0.0897219
0.166703
0.203172
-0.124025
-0.513187
-0.221377
-0.635079
0.37268
0.590035
0.0316583
0.235813
-0.307884
0.0
0.0
0.0
0.0
0.438777
0.0
0.0
0.0
0.0
0.0
0.0
0.0
0.0
-0.225729
0.0
0.0
0.0
0.0
0.0
0.0
0.0
0.0
0.0
0.0
0.0
0.0
0.0
0.0
0.0
0.0
0.0
0.0
0.0
0.0
0.0
0.0
0.0
0.0
0.0
0.0
0.0
0.0
0.0
0.0
0.0
-0.590309
0.0
0.769872
0.0
0.0
0.0
0.0
0.0
0.0
0.0
0.0
0.0
0.0
0.0
0.0
0.0
0.0
0.0
0.0
0.0
0.0
0.0
0.0
0.0
0.0
0.0
0.0
0.0
0.0
0.0
0.0
0.0
0.0
0.683767
0.0
0.0
0.0
0.0
0.0
-1.24511
0.0
0.0
0.0
0.0
0.0
0.0
0.0
0.0
0.0
0.0
0.0
0.0
0.0
0.0
0.0
0.0
0.0
0.0
0.0
0.0
0.0
0.0
0.0
0.0
0.0
0.0
0.0
0.0
0.0
0.0
0.0
0.0
0.0
0.0
0.0
0.0
0.0
0.0
0.0
0.0
0.0
0.0
0.0
0.0
0.0
0.0
0.0
0.0
0.0
0.0
0.0
0.0
0.0
0.0
0.0
0.0
0.0
0.0
0.0
0.068205
0.0
0.0
0.0
0.0
0.0
0.0
-0.0864871
0.0
0.0
0.0
0.0
0.0
0.0
0.0
0.0
0.0
0.0
0.0
0.0
0.0
0.0
0.0
0.0
0.642548
0.0
-0.438713
0.0
0.0
0.0
0.0
0.0
0.0
0.0
0.0980655
0.0
0.0
0.0
0.0
0.0
0.0
0.0
0.0
0.0
0.0
0.0
0.0
0.0
0.0
0.0
0.0
0.0
0.0
0.0
0.0
0.0
0.0
0.0
0.0
0.0
0.0
0.0
0.0
1.26653
0.0
0.0
0.0
0.0
0.0
0.0
0.0
0.0
0.0
0.0
0.0
0.0
0.0
0.0
0.0
0.0
0.0
0.0
0.0
0.0
0.0
0.0
0.0
0.0
0.0
0.0
0.0
0.0
0.0
0.0
0.0
0.0
-1.11432
0.0
0.0
0.0
0.0
0.0
0.0
0.0
0.0
0.0
0.0
0.0
0.0
0.0
0.0
0.0
0.0
0.0
0.0
0.0
0.0
0.0
0.0
0.0
0.0
0.0
0.0
0.0
-0.0541182
0.0
0.0
0.0
0.0
0.0
0.0
0.0
0.0
0.0
0.0
0.0
0.0
0.0
0.0
0.0
0.0
0.0
0.0
0.0
0.0
0.0
0.0
0.0
0.0
0.0
0.0
0.0
0.0
0.0
0.0
0.0
0.0
0.0
0.0
0.0
0.0
0.0
0.0
0.0
0.0
0.0
0.0
0.0
0.0
0.0
0.0
0.0
0.0
0.0
0.0
0.0
0.0
0.0
0.0
0.0
0.0
0.0
0.0
0.0
0.0
0.0
0.0
0.0
0.0
0.0
0.0
0.0
0.0
0.0
0.0
0.0
0.0
0.0
0.0
0.000885064
-0.590044
-0.176726
0.281824
-0.0433211
0.0446357
-0.141672
-0.00912691
0.197156
0.33582
0.498218
-0.0388749
-0.62579
0.383748
0.378919
0.193628
0.0516137
-0.430103
-0.0388634
0.0461123
0.260651
-0.557536
0.224697
0.0781531
0.757807
-0.338737
-0.216191
0.241358
0.0948649
-0.110419
-0.244127
0.057976
0.0322294
-0.531001
0.322124
0.0141847
0.281132
-0.216723
-0.0290319
-0.429928
0.162261
-0.092508
0.146496
-0.366374
0.406826
0.569008
-0.205953
1.09526
-0.487316
0.0
0.0
0.0
0.0
0.0
0.0
0.0
0.761116
0.0
0.0
0.0
0.0
0.0
0.0
0.0
-0.448357
0.0
0.0
0.0
0.0
0.0
0.0
0.0
0.669211
0.0
0.0
0.0
0.0
0.0
0.0
0.0
0.0
0.345608
0.0
0.0
0.0
0.0
0.0
0.0
0.0
0.0
0.0
0.0
0.0
0.0
0.0
0.0
0.0
0.0
0.0
0.0
0.0
0.0
0.0
0.0
0.0
0.0
0.0
0.0
0.0
0.0
0.0
0.0
0.0
0.0
0.0
0.0
0.0
0.0
0.0
0.0
-0.305034
0.0
0.0
0.0
0.0
0.0
0.0
0.0
0.0
0.0
0.0
0.0
0.0
0.0
0.0
0.0
0.0
0.0
0.0
0.0
0.0
0.0
0.0
0.0
0.0
0.0
0.0
0.0
0.0
0.0
0.0
0.0
0.0
0.0
0.0
0.0
0.0
0.0
0.0
0.0
0.0
0.0
0.0
0.0
0.0
0.0
-2.06681
0.0
0.0
0.0
0.0
0.0
0.0
0.0
0.0
0.0
0.0
0.0
0.0
0.0
0.0
0.0
0.0
0.0
0.0
0.0
0.0
0.0
0.0
0.0
0.0
0.0
0.0
0.0
0.0
-0.164355
0.0
0.0
0.0
0.0
0.0
0.0
0.0
0.0
0.0
0.0
0.0
0.0
0.0
0.0
0.0
0.0
0.0
0.0
0.0
0.0
0.0
0.0
0.0
0.0
0.0
-1.41248
0.0
0.0
0.0
0.0
0.0
0.0
1.20916
0.0
0.0
0.0
0.0
0.0
0.0
0.0
0.0
0.0
0.0
0.0
0.0
0.0
0.0
0.0
0.0
0.0
0.0
0.0
0.0
0.0
0.0
0.0
0.0
0.0
0.0
0.0
0.0
0.0
0.856259
0.202955
0.0
0.0
0.0
0.0
0.0
0.0
0.0
0.0
0.0
0.0
0.0
0.0
0.0
0.0
0.0
0.0
0.0
0.0
-0.4423
0.0
0.0
1.08694
0.0
0.0
0.0
0.0
0.0
0.0
0.0
0.0
0.0
0.0
0.0
0.0
0.0
0.0
0.0
0.0
0.0
0.0
0.0
0.0
0.0
0.0
0.0
0.0
0.0
0.0
0.0
0.0
0.0
0.0
0.0
0.0
0.0
0.0
0.0
0.0
0.0
0.0
0.0
0.0
0.0
0.0
0.0
0.0
0.0
0.626544
0.0
0.0
0.0
0.0
0.0
0.0
0.0
0.0
0.0
0.0
0.0
0.0
0.0
0.0
0.0
0.0
0.0
0.0
0.0
0.0
0.0
0.0
0.0
0.0
0.0
0.0
0.0
0.0
0.0
0.0
0.0
0.0
-0.741089
0.0
0.0
0.0
0.0
0.0
0.0
0.0
0.0
0.0
0.0
0.0
0.0
0.0
0.0
0.0
0.0
0.0
0.0
0.0
0.0
0.0
0.0
0.0
0.0
0.0
0.0
0.0
0.0
0.0
0.0
0.0
0.0
0.0
0.0
-0.473091
0.0
0.0
0.0
0.0
0.0
0.0
1.1585
-0.652899
0.0
0.0
0.0
0.0
0.0
1.28325
-1.25725
0.0
0.0
-0.463561
0.0
0.0
0.0
0.0
0.0
0.0
0.0
0.0
0.0
0.0
0.0
0.0
0.0
0.0
0.0
0.0
0.0
0.0
0.0
0.0
0.0
0.0
0.0
0.0
0.0
0.0
0.0
0.533909
0.0
0.0
0.0
0.0
0.0
0.0
0.0
0.0
0.0
-1.26757
0.0
0.0
0.0
0.0
0.0
0.0
-0.331729
0.0
0.0
0.0
0.0
0.0
0.0
0.0
2.41117
0.0
0.0
0.0
0.0
0.0
0.0
0.0
0.0
0.0
0.0
0.0
0.0
0.0
0.0
0.0
0.0
0.0
0.0
0.0
0.0
0.0
0.0
0.0
0.0
0.0
-0.0722545
0.288111
0.0
0.0
0.0
0.0
0.0
0.0
0.0
0.0
0.0
0.0
0.0
0.0
0.0
0.0
0.0
0.0
0.0
0.0
0.0
0.0
0.0
0.0
0.0
0.0
0.0
0.0
0.0
0.0
0.0
0.0
0.0
0.0
0.0
0.0
-0.849824
0.0
0.0
0.0
0.0
0.0
0.0
0.0
0.0
0.0
0.0
0.0135985
-0.294065
-0.172449
0.254027
-0.143686
0.0229235
-0.2986
0.553042
1.31341
0.249695
1.00714
0.175618
-0.0507515
0.384624
0.0795455
-0.0941358
0.101397
-0.443624
-0.0998381
-0.255447
0.43727
0.254353
0.722195
0.442988
0.12849
0.0245227
-0.268278
0.198476
-0.0250295
0.099181
-0.666617
0.379715
-0.0152875
-0.801035
0.249261
-0.358007
0.31432
-2.88964
0.290785
0.147568
-0.142918
-0.35872
0.308807
0.632626
0.220533
0.116633
-0.0947963
0.254088
0.00268442
0.0
-0.569846
0.0
0.0
0.0
0.0
0.0
0.0
0.0
0.0
0.0
0.0
0.0
0.0
0.0
0.0
0.0
0.0
0.0
0.0
0.0
0.0
0.0
-0.186134
0.0
0.0
0.0
0.0
0.0
0.0
0.0
0.0
0.0
0.0
0.0
0.0
0.0
-0.33992
0.0
0.0
0.0
0.0
0.0
0.0
0.0
0.0
0.0
0.0
0.0
-0.0233613
-0.582556
-0.791254
0.101231
-0.0749731
-0.0270478
-0.73106
0.582849
0.322373
0.31812
0.283335
0.191403
-0.971699
-0.197044
0.891222
-0.533259
1.36758
-1.14619
0.0427323
0.849482
0.491773
-1.4563
0.459127
-0.141999
0.0149885
-0.267399
-0.297139
0.221989
0.271793
-0.428313
-0.171476
-0.167522
0.00747405
-0.98801
-0.393338
-0.233277
0.161153
-0.00901476
-0.148874
-0.414451
0.287388
0.0321201
0.276616
0.0235482
0.86436
0.401233
-0.313402
0.590547
-0.167743
0.0
0.0
0.0
0.0
0.0
0.0
0.0
0.0
0.0
0.0
0.0
0.0
0.0
0.0
0.0
0.0
0.0
0.0
0.0
0.0
0.0
0.0
0.206137
1.64556
0.0
0.0
0.0
0.0
0.0
0.0
0.0
0.0
0.0
0.0
0.0
0.0
0.0
0.0
0.0
0.0
0.0
0.0
-0.546699
0.0
0.0
0.0
0.0
0.0
0.0
-0.00983659
-0.435391
-1.22099
0.0593269
0.0521713
0.174665
-0.381353
0.509004
-0.296587
0.0871684
0.8133
0.210326
-1.29397
-0.0132749
0.428985
0.159555
-0.143635
-0.757715
0.0724161
0.371939
0.248862
-0.595771
0.35393
0.0142829
0.951063
-0.544323
0.305616
0.0508828
-0.0654771
-0.208273
-0.150392
0.0715046
-0.238075
-0.690166
0.426888
0.348024
2.0295
-0.22114
0.00761027
-0.672216
0.480399
-0.0676078
0.0414483
-0.236818
0.312134
0.675655
-0.54799
0.878099
-0.542866
0.0
0.0
0.0
0.0
0.0
0.0
0.0
0.0
0.0
-1.70861
0.0
0.0
0.0
0.0
0.0
0.0
0.0
0.0
0.0
0.0
0.0
0.0
0.0
0.0
0.0
0.0
0.0
0.0
0.0
0.0
0.0
0.0
0.0
0.0
0.0
0.0
0.0
0.0
1.61243
0.0
0.0
0.0
0.0
0.0
0.0
0.0
0.0
0.0
0.0
0.0
0.0
0.0
0.0
0.0
0.0
0.0
-1.18289
0.0
0.0
0.0
0.0
0.0
0.0
0.0
0.0
0.0
0.0
0.0
0.0
0.0
0.0
0.0
0.0
0.0
0.0
0.0
0.0
0.0
0.0
0.0
0.0
0.0
0.0
0.0
0.0
0.0
0.0
0.0
0.325556
0.0
0.0
0.0
-1.42512
0.0
0.0
0.0198276
0.0
0.0
0.0
0.0
0.0
0.0
0.0
0.0
0.0
-1.06905
0.0
0.0
0.0
0.0
0.0
0.0
0.0
0.0
0.0
-0.446367
-1.05118
0.0
0.0
0.0
0.0
0.0
0.0
0.0
0.0
0.0
0.818523
0.0
0.0
0.0
0.0
0.0
0.0
0.0
0.0
0.0
0.0
0.0
0.0
0.0
0.0
0.0
0.0
0.0
0.0
0.0
0.0
0.0
0.0
0.0
0.568667
0.0
0.0
0.0
0.0
0.0
0.0
1.24401
0.0
2.12659
0.0
0.0
0.0
0.0
0.0
0.0
0.156384
0.0
0.0
0.0
0.0
0.0
0.0
0.0
0.0
0.0
0.0
0.0
0.0
0.0
0.0
0.0
0.0
0.0
0.0
0.0
0.0
0.0
0.0
0.0
0.0
0.0
0.0
0.0
0.0
0.0
0.0
0.0
0.0
0.0
0.0
0.0
0.0
0.0
1.38613
0.0
0.0
0.0
0.0
0.0
0.0
0.0
0.0
0.0
0.0
0.0
0.0
0.0
0.0
0.0
0.0
0.0
0.0
0.0
0.0
0.0
0.0
0.0
0.0
0.0
0.0
0.0
0.0
0.0
0.0
0.0
0.0
0.0
0.0
0.0
0.0
0.0
0.0
0.0
-0.563093
0.0
0.0
-0.00789709
0.0
0.0
0.0
0.0
0.0
0.0
0.0
0.0
0.0
0.0
0.0
0.0
0.0
0.0
0.0
0.0
0.0
0.0
0.0
0.0
0.0
0.0
0.0
0.0
0.0
0.0
0.0
0.0
0.0
0.0
0.0
0.0
0.0
0.0
0.0
0.0
0.0
0.0
0.0
0.0
0.0
0.0
0.0
0.0
0.0
0.0
0.0682923
-0.43139
-0.533075
-0.170196
0.345569
-0.182481
1.83492
1.29117
0.485357
0.854409
0.645142
1.214
1.61907
0.0613973
-0.27741
0.0372964
0.910307
-0.02745
0.574855
-0.869242
0.697052
0.582562
-0.64663
2.10645
1.63502
1.68471
0.111486
-0.0305106
0.0913143
0.280776
-0.372636
-1.3348
-0.0943396
-0.861543
-3.69689
-5.39625
0.262315
0.31622
0.901762
1.24415
-0.0759948
0.8012
-0.0527043
-3.35097
0.494085
1.0473
-0.0814958
2.49125
0.792511
-0.0350368
1.16258
0.374166
-0.0028032
0.0126879
0.0715486
-2.89374
-1.44859
-0.760099
0.172599
-0.804656
-1.28136
-0.907584
-0.0120168
0.118001
-0.0609804
-0.874047
-0.0630834
-0.00585231
1.17592
0.118456
0.108038
0.434481
-2.47008
-1.84185
-1.82857
-0.00514125
-0.260565
0.00281643
-0.0221129
-0.00742668
1.44674
-0.220005
1.32471
5.10765
5.2839
0.178989
-0.28964
-0.5981
-0.891045
-0.0913404
-0.96186
0.0159307
2.12538
-1.1746
-3.48721
0.114322
-2.73146
-0.575275
-0.0334867
0.416197
-1.91425
-0.00196783
-0.00866538
-0.241349
-0.285415
0.555002
0.195421
-1.94928
0.514951
0.637684
0.688932
-1.2997
0.97615
0.0144166
0.152536
1.57173
-0.0876096
2.59742
-1.29774
-0.275663
2.07754
0.502158
-1.78405
0.17778
1.7335
0.288256
0.00202465
0.0590352
2.81633
1.78149
-0.716026
1.30485
-0.488036
2.11631
-0.0554616
0.164717
1.5636
0.472807
0.406403
-1.33536
0.0891482
-0.210221
-2.72613
-0.263216
0.153975
0.685613
1.04816
-0.00836943
0.624176
0.0753147
0.00124825
0.0198021
-0.211891
0.32981
-0.277219
-0.229305
4.17472
-0.326452
-0.93231
-2.22795
-0.266894
-0.487153
-0.0371427
0.193438
-1.62404
-0.0449833
-2.45631
0.952771
0.569599
-1.42527
0.250653
2.30024
1.47527
-1.78286
-0.219725
0.00264019
-0.362187
-2.90018
-1.50622
0.150031
-3.32394
-0.350072
-2.94157
-0.0198471
-1.33422
-0.475142
-0.449369
0.362057
0.359909
0.0213405
0.00100089
0.866834
-0.216934
0.241668
-0.128335
-1.82957
0.0332434
0.731309
-0.686911
-0.172993
0.358282
-0.110778
-0.136414
-0.157273
-0.274525
1.02768
-0.160188
-0.0667414
0.201896
0.0493838
-0.159397
-0.0236826
0.0362712
-0.0906226
0.569001
0.30642
0.814497
0.690454
-0.211315
-2.40495
-0.205961
-0.143533
0.916531
-0.291026
0.0941348
0.258711
-0.380135
-0.589079
-0.31401
0.464512
0.332158
0.878623
0.441271
0.0266395
0.303716
0.353059
-0.167309
-0.160648
-0.0368179
-0.00188983
-0.682467
-0.26858
0.033091
-0.240682
0.218535
0.0143492
0.0871455
0.137234
-0.00327663
0.00791206
0.115988
-0.0441565
-0.140797
0.192114
0.31126
-0.0697641
0.0968599
-0.0912882
-0.157367
-0.0345586
-0.0591491
0.259027
-0.109517
0.149331
-0.0123546
0.196115
0.182144
-0.223897
0.0352031
-0.157145
0.436481
-0.456206
0.113788
0.00636807
-0.0904522
0.000311304
0.315468
-0.525042
-0.254834
0.0739207
-0.159371
0.276878
-0.132785
-0.186464
-0.0182084
-0.222977
0.0126697
-0.0762205
0.148197
-0.0398053
-0.100646
0.289576
-0.111734
0.399947
1.29554
0.468448
0.94954
-0.00122621
-0.0120401
0.130529
-0.381771
0.179963
0.800429
-0.757933
0.199169
-0.0191929
1.72309
1.35264
-0.267215
0.0874388
0.165514
0.432984
-0.00410264
0.118528
-0.238977
-0.556462
0.193228
0.332439
0.763091
-2.87734
0.731074
-1.64668
-0.00182752
0.115927
0.227429
0.508929
0.128699
-0.953741
-0.0605693
0.474095
-0.0465601
-0.35207
-0.373757
0.150271
-0.155773
-0.58771
-0.00339955
0.41501
-0.843077
-0.523534
-0.182183
-0.38372
0.183955
1.80905
0.939861
-0.368391
-0.00214161
-1.62038
0.17135
-0.0394892
0.0122706
0.713553
-0.640239
0.257589
0.375845
1.85611
0.00158091
-0.788282
-0.102217
0.212727
-0.199811
0.135621
0.00345525
0.346033
-0.146013
-1.02503
-0.0428836
0.403423
1.85208
-1.47217
0.256633
0.00458402
-0.198905
-0.0909726
-0.217651
-0.378839
-0.876481
-0.492754
-0.229374
2.32622
-0.895346
-0.335703
-0.0575598
-0.258177
-0.0956722
-0.109228
-0.15468
-0.740453
0.259524
0.372564
-0.106744
0.291292
1.73834
-1.48773
-1.82645
-0.00369851
2.50591
0.177157
0.0407908
0.0693638
0.0198517
-0.097066
0.0450508
-0.189005
-1.21669
2.32926
-3.03371
1.57985
1.92491
-0.0770198
0.151231
-0.170649
0.387999
0.0556509
-0.314233
0.0166988
1.01172
0.0935072
-0.395207
1.12926
0.588331
-0.160051
-0.0844178
0.380644
-0.553521
-0.430336
0.134168
-0.283635
0.362627
1.73575
-0.251945
-0.11465
-0.241053
0.0886087
-0.0800306
-0.0455326
-0.0777895
0.242117
0.138383
-0.0745594
0.0280233
0.0153367
1.16598
2.18551
2.44509
2.68702
-2.36422
0.0573106
-0.764459
0.11318
-0.0401775
0.0514485
-0.174562
0.00430453
-0.000971184
2.4025
2.18163
0.284528
-2.02165
0.151254
-0.115121
0.383881
0.0824509
-0.308812
0.0244948
1.73219
0.0807026
2.13977
0.0798422
-0.288329
-0.15426
-0.0591962
0.326357
-0.541042
-0.34646
0.12709
-0.22974
0.26939
-0.395885
-0.244535
-0.123488
-0.228147
0.092609
-0.0701557
-0.0800474
-0.123851
0.137722
0.139048
-0.0229792
0.118456
0.0178078
0.0854483
2.56414
2.13837
1.66407
2.32871
0.137299
2.57513
0.257162
-0.42262
-0.000510987
-0.359798
0.0941285
-2.32424
-0.186922
2.53493
-1.56849
-0.0658108
0.130486
-0.0950373
0.510389
0.242549
-0.523381
-0.117053
0.364878
-1.22008
-0.0272311
2.05553
0.00608199
-2.8246
1.52649
0.27443
-3.04325
0.281645
0.0607971
-0.520959
0.356405
-0.514481
-0.352769
-0.102509
-1.97667
-2.03471
-0.131663
-0.272381
-0.680962
0.164518
0.234217
-0.0133999
0.502964
0.0601641
0.099639
1.10129
2.48372
-0.502196
1.78381
1.60949
-0.979971
0.464648
0.335521
0.100203
0.0314836
-0.588786
0.559644
-0.74782
0.116282
0.238343
2.99433
-2.78837
0.226833
0.415956
-0.739755
-1.49726
-0.546801
1.15635
-0.215926
0.0186024
-0.89379
0.00134875
0.0233049
0.277404
-0.0174389
-0.203703
-0.88501
0.334359
-0.493836
0.262318
-0.908686
-1.1871
-0.0540926
-0.88178
0.186465
-1.11132
-0.196171
-0.555296
0.712741
-0.0758992
0.315489
0.808148
0.03759
-0.385443
-0.121517
-0.00131573
0.461579
-0.664321
2.8688
2.20467
-2.01437
2.49295
0.0566921
-0.256819
0.917894
0.328662
-0.250938
0.107716
-0.005631
-0.609833
-0.450598
0.321949
1.72097
-1.72205
2.09583
-0.381481
-0.014702
-0.153387
-0.0782281
-0.045831
-0.978563
0.158687
1.84603
-0.130872
0.00765293
-0.787206
-0.356412
0.087545
-0.739606
1.47794
-2.60106
-1.1218
0.273178
0.320224
-0.0637589
1.6521
1.15583
-0.811915
0.544369
-0.927819
-0.134906
0.0273763
-0.100102
0.320831
-0.00192138
-0.00814913
0.151168
-2.30655
-1.50746
-3.34152
-2.0643
1.02085
-0.599751
1.20808
0.732419
-0.362036
0.00711929
0.123124
0.355429
-2.53038
2.22282
-2.39011
-0.354787
-0.11374
0.434184
0.154632
-0.848362
0.129978
0.951581
0.00482494
0.0207712
0.18805
0.122306
-0.242775
-1.57776
0.293056
-0.563532
0.0720696
-0.143769
-0.30033
-0.0677137
-0.31605
-0.133026
-0.0498088
-0.407429
-1.0813
1.43952
-0.889269
0.120962
-0.202656
0.0522985
0.63577
-0.220816
-0.00111239
0.0100064
0.218341
-2.33951
4.09038
0.633468
5.52303
-2.0303
0.406012
-0.171815
0.275418
-0.200203
0.157098
1.16749
-1.17308
0.392407
-0.894449
3.14025
-2.06496
1.93556
2.49142
-2.16031
-0.146874
-0.616744
-0.146433
-0.00290344
0.109442
0.234467
-0.513151
1.4133
1.13134
-0.0408942
-0.189684
-0.506264
2.4637
0.219724
0.0401277
0.0182269
-0.814998
0.0210127
0.772043
0.494326
-0.69155
1.60549
-0.0285173
1.63039
0.0145668
0.0851772
0.154662
-0.00257809
0.0222198
0.182369
1.32344
0.522679
1.8561
-1.72519
1.89374
-0.197513
0.118311
-0.183041
-0.116463
-0.0364895
0.117136
0.0573465
0.00115002
-0.323798
-0.821265
-1.33236
-1.82369
2.78522
-0.170047
-0.321527
0.488136
-0.00273612
0.00536984
-0.166407
-0.0476928
0.426443
-0.51662
-0.532904
0.6424
1.29294
0.261705
-0.171607
-0.0660586
0.0627294
-0.357233
-0.466292
-0.133861
0.210018
2.41068
0.760049
-1.37507
0.24513
0.394898
0.0774452
1.51863
-0.0289007
-0.00128223
-0.0166991
0.173311
0.0162657
0.431392
-2.01009
1.58701
-2.23464
-1.08354
1.25747
-0.0580755
-0.571609
0.111072
0.457774
0.501828
0.128456
-0.318235
-1.5562
1.67935
1.72764
-1.99295
0.565316
-0.367187
-0.91405
-0.315306
0.00511823
-0.0768227
0.184788
1.56087
1.70054
0.251022
-2.49999
3.96447
0.0704521
1.17703
0.408959
0.145262
0.0417648
-0.177256
0.217981
-0.0454586
-0.149086
-1.35709
0.178459
-0.551157
1.84604
-0.013093
-0.305971
0.136232
-0.00255253
0.0318854
0.389924
1.66944
0.381453
-0.209527
-2.75272
4.03252
-3.45334
-0.729943
-0.992684
0.338995
0.147692
-0.154194
-0.435081
0.045663
-0.257738
2.20148
0.672817
-3.60017
2.02135
-1.03911
-0.00842707
-0.936822
-0.057652
0.00575016
0.443888
-0.96565
-0.403934
-0.0704113
0.421459
-2.41438
-1.81447
-0.516271
-0.596351
0.24095
-0.288362
0.0142411
0.388735
-0.314812
0.123818
-0.473111
0.718615
0.188909
0.638945
-0.580346
-2.63127
0.986148
-0.35824
-0.00183909
0.0370946
0.0972311
-0.462645
0.579782
0.313265
-0.224742
0.236496
-0.747389
3.72881
-1.97461
3.07048
0.0794263
-0.420872
-0.342953
0.0158597
0.21484
-0.0372057
-0.0455027
-0.28912
0.173389
3.01765
-1.30337
-1.34088
-0.133185
0.00764698
0.246783
-0.417679
-1.20224
0.148276
-0.255931
-0.0437595
0.665745
-0.382236
0.441161
-2.17041
-0.254276
0.253001
0.432217
0.0492569
0.307312
1.37337
-0.587115
0.17198
0.124162
-0.417215
-2.05462
0.858522
-0.00603021
-0.00104106
-0.0314564
0.129753
0.292691
-0.0333894
-0.236739
0.0519997
0.109789
-0.982252
-1.78681
-2.85779
-1.26015
0.105456
0.196625
-0.242865
0.00865972
-0.0551063
0.183188
0.0931628
0.0611801
0.083331
-2.57312
-1.1939
0.533075
1.37374
0.00121682
0.129565
-0.0772934
0.373301
-0.0275885
-0.00432113
0.0535962
-0.285534
-0.0950731
-2.60465
-0.00329939
-0.213127
-0.0404219
0.274302
-0.0161821
-0.279107
-0.240347
0.332418
-0.37988
0.323736
0.310859
0.00828787
-1.81855
0.0672329
2.13863
0.0455404
0.121755
-0.0630625
-0.0406881
0.166496
0.120345
-0.0328534
0.0433535
-0.229436
-0.123862
0.38932
-2.86407
1.23497
-0.198821
0.152392
-0.0269247
0.112832
0.0885543
-0.207976
0.00893369
0.0761362
-1.86832
-0.405838
0.410981
0.00640367
-0.178691
-0.0205049
2.29537
-0.558123
-0.225576
0.0831927
0.0991798
0.360417
-0.341704
0.0192341
-0.142178
1.10091
0.0473375
-0.0723952
0.110737
-0.129274
-0.00456749
0.136607
-0.0762078
0.198439
0.0117815
0.230949
-0.83219
-0.00352618
-1.36147
0.564463
0.338011
0.227133
-0.214004
-0.534903
0.363058
-0.532518
-0.116178
-0.373134
-2.09992
1.92494
0.18943
0.0574801
-0.571642
-0.0583575
-0.759965
0.31416
-0.26189
0.180522
-0.717041
2.53176
-0.236744
1.4102
2.16453
-0.15108
-0.158311
0.489121
-0.561146
0.666817
-0.184974
0.608323
0.338562
-0.222395
-2.73527
-0.155444
-0.0458548
-0.101819
-0.0870233
0.0243003
-0.598269
-0.342125
-0.126492
-0.622842
0.34613
0.00402217
0.103018
1.10544
0.114036
-1.34591
2.24507
0.508928
0.866142
1.2525
0.237479
0.321525
0.366751
-0.112557
0.360411
-0.866575
1.64972
-1.75703
-1.07899
-2.35582
-0.625136
0.446777
-0.738426
-0.195822
0.237899
1.80832
-2.8299
-2.93798
-1.62931
-1.50028
-0.00724728
0.328605
0.130399
0.072858
-0.949868
0.213437
0.313884
0.304822
-1.31387
-0.254551
0.245895
-0.306845
0.86431
0.144892
-0.071866
0.537857
-0.398111
-0.479883
0.296715
0.506486
0.0162754
0.215786
0.0385557
-0.000127195
-2.53028
-1.02622
2.25884
-0.0330371
0.292172
0.161924
0.0985884
-0.198691
0.247787
-0.0165535
-0.0631305
-0.0602766
1.52601
0.823056
-0.604006
0.0623188
-0.0768913
0.0193944
-0.0561579
0.25329
-0.296341
-0.221776
2.27308
-2.06849
0.000484231
0.208535
2.51157
1.0073
1.63563
2.69553
0.0179188
-0.156296
-0.292389
0.0297014
0.00304024
0.888289
-0.00565063
0.087584
0.0327245
-1.27916
-0.140852
-0.20339
0.131554
0.306607
0.246957
0.0484475
-1.42357
0.0565656
-0.00312489
-0.0148724
-2.01244
-2.41822
-4.12856
0.958286
-0.290176
-0.576771
0.0720186
-0.63979
-0.356415
0.370967
-0.015676
0.0233523
-1.76207
-2.80843
0.245566
0.782696
1.24703
-0.616669
-0.356272
-0.097683
-0.00314179
1.30281
-0.219294
1.01286
0.572989
-2.0968
-3.03291
-2.16137
1.03722
-0.0139576
0.162212
0.0192274
-0.1804
-0.0863818
1.57697
1.94558
1.82243
0.0369671
0.170954
-1.6596
-0.0377866
0.258627
1.28391
-0.333463
0.087319
-0.391754
1.07143
-0.00192535
-0.00845284
0.172022
1.68049
-0.178703
0.944728
-1.80129
-1.7456
-0.781123
-1.08438
-0.126499
-0.452092
0.122584
-1.11226
-1.94948
-2.63864
3.2855
0.874255
0.827602
-1.66141
-1.33866
1.34239
0.279445
1.08355
0.0864363
0.000397141
-1.65266
0.711113
-1.62504
1.00257
-1.40076
-1.72944
-3.06612
-0.439744
-0.0662828
-0.477025
-0.43979
-0.612593
0.667269
-0.265577
1.4859
0.277381
-0.694466
2.26116
1.33366
0.551508
0.00700191
-0.527457
-0.0708867
-0.00155931
0.000902199
0.0467322
1.13294
-1.21075
1.02128
-0.044729
-0.279472
-0.398103
-0.22098
-0.317937
0.167925
-0.0193945
0.225155
-0.604555
1.94254
1.38668
0.900299
-1.35939
-1.7469
-0.0893095
0.255188
0.24652
0.135295
-0.025607
0.00619923
-0.320958
-0.373582
0.0964287
-0.563931
0.185876
0.975836
0.155134
0.302665
-0.981365
-0.155333
-0.455641
-0.010555
0.594381
0.105218
-0.554869
-2.35127
-2.46376
0.332095
-0.967983
-0.364838
0.035494
0.895429
0.0836263
-0.00127434
-0.00556862
0.306026
-0.802796
2.13415
1.07908
2.28552
3.36207
0.37199
-1.36082
-0.279024
0.380908
0.128341
0.404046
1.48368
1.08917
-1.19276
-1.0421
-0.813144
1.16851
-0.879953
0.681491
-1.74958
-4.69547
-0.0968553
0.00269579
0.0659089
1.40845
-0.569069
-0.527527
-1.704
-1.45527
0.443774
-0.210001
1.5343
0.148911
0.688523
-0.328361
-0.71165
-2.56617
-0.52275
1.90398
-0.0992828
-0.544957
0.584475
1.60459
-0.00120399
-0.288812
-0.120644
-0.00223562
0.036006
0.160742
-0.0711367
1.59533
-0.518005
-1.70565
1.95123
1.03615
-0.147785
-0.135398
0.081486
-0.137502
0.215106
-0.18659
0.0194062
0.0629573
-1.14497
2.90427
2.10705
-0.355457
-0.182653
-0.170137
-0.12902
0.333023
0.00567392
-0.247007
-0.10546
3.08811
-0.494295
-0.562799
2.60538
-1.86724
0.411923
-0.161826
-0.141034
-0.0254449
-0.248751
-0.000898852
-0.109039
-0.0162059
0.0765374
3.65241
-0.661681
-1.43411
-0.180481
0.0239428
-0.225127
-0.0853504
-0.000569324
-0.0118399
0.0607173
-0.256225
-0.405965
2.14014
-3.06152
0.843086
-0.337788
-1.4129
-0.25977
0.0875963
0.154079
0.332019
-0.062752
0.0123974
0.556792
-0.714635
-1.02396
1.20909
2.52242
0.273168
-0.569532
-1.38682
-0.0754673
0.00443226
0.0768476
1.55359
0.0392873
0.0146626
-2.06128
0.823735
2.27272
0.0574154
0.123578
-0.589107
-0.320288
-0.145494
-0.292018
-0.263527
0.0292218
-0.0678049
-0.535024
-3.6721
1.46729
0.707038
0.0151264
1.63816
0.266646
-0.00293951
-0.0234263
-0.000428904
0.510417
-3.00612
-0.0684272
0.637329
-0.75832
0.577277
-0.90408
-1.90678
-0.554523
-1.87534
-0.0677048
-0.157375
0.173191
0.354361
0.0839719
1.47955
-0.387507
-0.535086
-1.54436
1.44131
2.23815
-0.203888
-0.000740163
0.0388367
-0.24531
2.01543
-0.605189
2.5624
0.779066
0.0585318
1.79494
0.437995
0.0128946
-0.32109
0.242373
0.14441
0.288093
0.679525
-0.962509
-0.440677
0.238456
-0.212084
-0.147078
0.997151
-3.5261
0.0464061
-0.00398291
-0.00947212
0.0442839
-0.593677
-0.6538
-0.563945
0.387784
-0.551556
1.08165
3.16901
1.2789
-0.272574
1.12854
-0.0553706
-0.853028
0.146077
0.601531
-0.408169
1.08677
-0.896133
-0.861878
-3.53259
0.762731
-0.641591
0.413431
0.00676666
2.32407
-1.71327
0.359333
-0.0550718
1.96106
0.448637
-0.390543
1.97711
-1.86565
1.08659
0.24123
-0.0177675
0.457651
0.223228
-0.329845
1.35041
1.91412
0.996165
0.20084
-1.94733
0.773004
0.0532533
0.0909934
-0.00258723
1.32461
0.0680494
-0.0158497
-0.526055
0.405224
0.675009
-0.0173188
-0.124391
-2.49158
-2.97521
-0.157312
-0.0416029
0.280443
-0.0845455
0.150087
-0.382401
-0.171035
-0.223054
0.0652449
0.0476212
0.57789
2.47143
-1.02553
-1.86926
-0.0850935
-0.213588
0.26171
0.11451
-0.594778
0.0120037
0.582063
-0.377795
0.349665
0.0286708
0.496576
-1.14667
-1.40779
0.208795
-0.0459404
0.163679
1.11711
-0.0431612
0.019977
0.299597
0.23692
0.0126222
0.01865
1.73302
1.53282
-0.321513
2.61494
0.0462202
0.108691
0.0604887
-0.133659
0.0495784
-0.176375
-1.49632
0.0224404
1.35134
2.7438
1.53825
-0.0899495
0.15114
-0.125447
0.396773
0.0651434
-0.32169
0.0195589
0.052215
0.0682554
0.662148
1.33618
2.18423
-0.162849
-2.83246
0.356309
-0.536909
-0.405955
0.134704
-0.268489
-0.283679
-3.14967
1.02063
-2.73725
-0.174361
0.0879725
-0.0748669
-0.0666681
-0.140733
0.190734
0.132368
-0.0400356
0.0572245
0.0144446
0.0757809
1.90311
-0.720557
1.70968
0.119147
-0.0588251
0.436437
-0.272654
-0.119615
0.267436
-0.133602
0.415678
0.297447
1.15554
0.14314
0.697507
-0.165452
0.00999833
0.230845
0.527093
0.28209
-0.343955
0.0529723
-0.797475
-0.910063
0.769074
-2.07421
2.84495
-0.14727
-1.77373
1.32575
-0.0157919
0.349042
-0.235247
0.215528
-0.305055
-0.186986
0.0784588
1.05995
-1.75191
-0.245648
0.0287899
-0.0540038
-0.82183
-0.209848
0.179984
0.0203106
-0.215139
0.0225897
-0.359187
0.0752306
-0.00143583
-0.81459
0.0877893
0.940752
0.153087
0.0508412
0.448049
0.33954
0.246027
-0.165393
0.156341
-0.425439
-0.782322
-1.92023
3.44845
-1.16671
0.290564
-1.20532
-1.08014
1.2832
0.169948
1.21556
-0.292946
-0.755478
1.10034
1.85935
0.938477
0.971134
1.60782
0.118585
-2.86725
0.0528704
1.25909
0.0834656
0.128442
-0.0383385
0.563853
-0.0446692
1.90876
2.86077
-0.321595
-0.0397038
-0.564077
-0.199455
0.293363
0.659588
-0.0562831
0.113941
-0.0103225
-0.00346988
2.51557
-0.00401497
0.522489
0.498294
-0.809006
0.317178
0.35277
1.31507
-0.134373
0.215539
-0.105335
-0.0782289
2.66514
1.53452
-0.562423
-0.651095
-2.16682
2.74106
0.209646
0.125876
-0.832244
-0.287591
-0.324228
-0.0256782
0.466585
-1.1456
1.39146
0.275856
-1.89601
1.03658
0.321894
1.18965
0.516344
0.969815
0.0487114
0.424105
-1.14284
0.702542
-2.21812
2.50532
0.148627
-1.14439
2.10022
-1.40707
-1.17801
0.0238694
0.194774
0.0657025
-0.000333082
-0.0367208
0.0863292
-2.29748
-0.108331
-0.365057
-0.165921
-0.0779109
-0.115134
0.279699
0.333251
-0.0585493
-2.2481
-0.574584
0.234869
1.84049
-0.843104
1.6523
0.00877059
-0.0138127
-0.011966
-0.286399
-0.466172
0.200337
-0.243905
2.89248
0.216059
-2.69172
1.41827
1.65868
0.293677
-0.119608
0.161239
-0.192259
-0.0161342
-0.0200832
-0.0475759
1.64751
1.91458
-1.76863
-0.32668
-0.271665
-0.0208137
0.201687
0.195324
0.0776704
0.0224302
0.770165
0.620739
-0.00218623
-0.0423312
0.0692823
0.869775
-1.3488
2.1822
-0.873806
2.9294
-4.27693
3.3192
0.821278
-0.684754
-1.7184
-0.296054
-2.52277
1.5824
-0.448373
-2.10382
-2.29746
-1.42459
0.513139
0.653289
-1.01664
0.0484032
-0.552872
-0.00329077
0.290346
-0.271848
0.94847
-2.2556
3.48687
2.04282
-2.69488
-0.424858
0.570334
-0.698413
-0.0556854
-0.546432
0.128046
-1.55708
0.265566
-3.13899
2.50208
0.00593612
1.15267
-1.17108
0.00303606
-0.284592
-1.12156
-0.00197328
0.0123936
-0.176532
-0.438446
-0.0935904
-0.226885
-0.934771
-0.0454603
-0.469924
-0.443911
-0.603456
0.438953
-0.0346764
0.234777
0.159543
0.0197855
0.756719
0.815853
1.57352
0.0669554
-0.441833
-0.650811
-0.250439
0.230448
-0.141239
0.00632299
0.0600081
-2.13658
2.38562
-2.64721
-0.272854
-1.05739
-0.737608
-0.107292
-0.477531
0.651472
-0.306987
0.578897
0.523103
-0.784113
0.208344
1.52042
0.159108
0.53066
0.607701
0.305821
0.0204839
0.593697
-1.79019
-0.00277018
-0.0305196
0.219569
0.100479
1.35221
-0.30868
-0.157642
0.31679
-0.112546
-2.4972
-1.37113
1.25146
0.0352206
0.945194
2.05931
-0.0348673
0.957765
-0.289492
-2.64862
2.58094
1.57409
-0.921712
-2.53775
-1.28593
0.177049
0.0070236
-0.0961886
2.18173
1.28575
-1.63402
-4.37126
0.893475
3.0686
0.794454
0.889367
1.36444
0.454373
-0.236303
-1.34001
0.0672424
-1.07439
-1.59382
-0.614201
-1.85463
-1.89156
2.04538
0.0108704
-0.166423
0.0689844
-0.00202556
0.0311054
0.107621
0.0322812
-0.620756
0.908073
1.95029
0.0769624
-0.119672
-0.321743
-0.261456
-0.141657
-0.0236445
0.273746
-0.250345
0.157371
-0.05354
0.0300828
0.265974
-0.642489
2.6871
0.30928
0.351101
-0.272976
0.0463972
0.00645332
-0.145568
-0.0724837
0.252481
-0.581684
0.0724175
-1.84089
-1.16082
0.26865
-0.310197
-0.178001
-0.151777
-0.174718
0.182335
-0.0579254
-1.42441
1.07458
0.0505418
0.326086
0.974878
0.118062
0.011969
0.86065
-0.128247
-0.00174996
-0.000752184
0.0693476
-1.11495
1.26806
-0.0506766
0.409582
-0.580597
-0.108846
-0.562987
0.222969
-2.40295
0.0410276
0.166954
0.845903
-0.0276117
-0.729348
0.317736
-1.10614
0.498231
0.00893812
0.310314
-3.0505
-0.248733
-0.169166
2.83975
0.0543105
0.439243
0.259979
0.136127
-1.8259
0.264267
1.68084
-1.59378
1.58548
-0.273711
-0.359295
0.0636535
-0.3083
0.0590191
0.265766
0.0437464
-1.02473
0.0555165
-0.758263
1.36953
0.0140905
2.2142
-0.201969
-0.00131101
-0.525758
-0.0246804
-0.791999
-0.0109104
-0.382814
1.17959
0.0416011
-0.441623
-2.52579
-0.0874889
-0.0398021
0.134387
-0.0671112
-0.542477
0.0111967
0.26449
-0.438499
0.14343
0.27287
-0.0223917
-1.99007
-0.0916737
1.30458
-0.310006
0.00124202
0.248243
-0.176966
0.150133
0.00495541
0.393712
0.202312
0.253009
-2.84572
2.98645
-1.12906
-2.56897
0.095068
-0.01677
0.0471332
-0.130021
0.39969
-0.398014
0.0360361
0.270064
0.437138
0.0200938
1.90487
0.24488
-0.000242521
2.36978
0.108734
-0.679394
0.0981326
-0.00815702
0.0685385
0.170489
0.186987
0.578709
-0.382522
0.148153
0.110399
-0.000442285
-0.461026
0.0292546
0.344171
0.1479
0.00203486
-0.0173128
0.16626
-1.02493
-0.0849365
-1.20057
-2.65953
0.637777
2.48587
-0.0247874
-0.178756
0.00695871
-0.181704
0.0761811
0.336277
-0.290231
0.924744
2.16888
-1.70418
-0.0208532
-0.169143
0.103083
-0.22175
0.339541
-0.33957
0.102057
0.247292
1.15081
0.0330106
0.335359
-0.0208345
-0.00109321
-0.0567261
2.50325
-0.361487
-0.347885
0.290905
0.498191
-0.0239598
-0.0803406
0.111446
-1.83085
-0.00281069
0.528095
2.92086
-0.143804
0.00635617
0.0667221
0.30786
0.118997
-0.169546
0.10463
-0.409717
0.912732
1.47247
0.324394
0.00103316
0.928371
-0.150295
0.268513
0.0712963
0.167372
-0.0140531
0.0141772
-0.352607
-0.923268
0.0269631
-0.298017
-2.93156
2.0326
0.779276
0.092288
-0.0567659
-0.446036
0.282722
0.371875
-0.998889
0.019205
-1.47479
0.414386
-0.00211992
0.0216306
0.270215
-1.13584
0.137947
0.140853
-0.481648
-0.0254737
-0.211501
-0.143236
-0.208624
-0.07576
0.0135719
-0.406056
-1.11873
-0.784071
-0.0116409
1.10613
0.315856
-0.865935
0.0230568
-0.124191
0.578213
0.658433
0.143005
2.09699
-1.87824
-0.113685
0.176261
-0.436552
-0.425791
0.16745
-0.43522
0.230418
-0.0207084
-3.11729
0.873059
-1.44251
0.134833
0.0531122
-0.439217
-0.312642
0.902916
-0.180668
1.08778
-0.120632
0.023531
0.0167292
-0.067632
-0.00131424
-0.0232859
0.0729858
-0.263372
2.19242
0.185083
0.156508
0.0145767
-0.173624
0.00168699
-0.116698
0.122102
0.0975165
0.628809
1.13931
0.00097977
-1.32734
0.844787
0.126853
-0.232884
0.00987279
-0.416572
-0.18764
0.602517
-2.33085
-2.51884
0.281361
-0.67219
0.130945
0.133293
-0.0319342
0.132948
-0.110387
-0.246039
-0.0341206
0.0913086
-2.27506
-0.0244526
-0.764973
1.6104
0.0984962
-0.17855
-0.0604351
0.175293
0.329963
0.360737
-0.0092797
0.0807767
0.290442
-0.00252775
0.0526631
2.86229
-0.465661
-1.606
0.395541
0.0165172
-0.951062
0.00832962
-0.180049
0.193477
-0.353274
-2.98567
0.313719
-0.402948
0.000643707
-0.260375
-0.195744
-0.27733
0.676303
-0.205467
-0.462565
0.613144
0.680682
0.103336
0.00330785
-0.297663
-0.735781
-1.53202
0.0632867
1.01051
0.214375
0.772364
-0.171432
0.674288
-0.521308
-0.723956
-2.08186
1.98992
1.22973
-0.904412
-0.389202
0.410637
0.582912
-0.247002
-0.431276
0.0293134
0.485503
0.68361
-0.00207365
-0.00186187
0.307869
0.356321
0.404129
1.18247
0.0958954
0.838825
-0.479685
-1.56276
0.838206
-0.346478
0.107105
0.231289
0.302182
-1.57265
-4.05515
-1.99338
-0.977653
0.241977
0.587394
-0.162786
0.361908
-0.170325
-0.337221
0.00137827
0.887268
-1.13493
2.88693
-1.04739
-3.44392
-1.01087
0.506613
-0.0341097
0.113732
-0.818923
0.188576
0.075451
0.0655149
0.218863
-1.06748
0.889554
1.88511
-1.52064
0.699102
-0.202735
0.0188824
-0.502345
-0.0392252
-0.00224723
-0.0213355
0.0754424
-0.454709
0.621517
0.752916
-1.29887
0.739268
0.367247
0.484526
0.174841
0.427146
-0.0126846
-0.511421
0.10948
0.0782834
-1.89013
-0.569516
0.183814
0.94862
1.21683
0.286893
-0.20608
-0.890811
-0.0345684
0.00438261
0.0510283
-0.536134
-1.7302
1.04386
0.331606
-0.643532
-1.43595
-0.0121025
-0.368542
-0.229642
0.173978
-0.136271
0.288254
0.33805
-0.183879
3.08916
-0.465429
0.690773
-1.02955
-0.596505
0.0180714
-0.481908
-0.137971
-0.00242002
0.0218118
0.144678
-0.0128726
-0.40861
-1.38354
0.558881
-1.52491
0.501284
0.473694
-0.0323147
-0.0689803
-0.0194099
0.273407
-0.879089
0.154202
0.223163
0.916252
0.981684
-0.3242
-0.814178
-0.611792
0.721195
0.267825
0.0638564
0.00481217
-0.0383741
-0.182095
-1.94178
-0.407528
-0.117752
-1.40494
-0.936836
0.0766947
0.0339309
0.37381
-0.340819
0.411188
0.77426
-2.64334
0.027005
-0.857876
-1.39289
-0.425203
-1.12741
-0.300802
0.0115288
-0.872642
0.136067
-0.00200474
-0.0874747
0.153984
-0.650287
-0.437957
-0.205097
-1.42961
0.840691
0.0898884
0.432545
0.613083
0.267034
0.138734
-0.326243
-0.209008
-2.61397
1.79515
0.191861
1.02001
0.782441
0.217528
-0.771358
-0.479463
1.12328
-0.171145
0.000560279
0.236362
-0.533509
0.420658
0.2897
0.795346
0.0105714
-0.596757
-0.189193
-0.670609
-0.611362
-0.112318
-0.372052
0.15287
0.00181343
-0.310425
0.389988
2.52669
1.72483
-1.59086
-0.640338
-0.00559006
0.249795
-0.671009
-0.00180063
0.0456889
-0.00946213
-1.12368
0.396714
0.939209
-0.546481
-0.634131
0.712601
-2.06504
0.266471
0.0608575
0.108132
0.216747
0.579559
0.0514528
0.189349
0.0659002
-0.388252
0.261739
0.144244
0.899883
-1.08009
-0.619023
0.10896
0.00754609
-0.102408
0.175343
0.340376
0.172698
-2.1486
0.490739
2.79931
-0.0415047
-0.210578
0.494844
-0.00053707
-0.0855073
-0.444771
-0.222759
0.254127
-1.0564
-1.67551
0.976113
0.781849
1.12018
0.00624241
0.55511
-0.342743
-0.16928
0.357581
-0.321537
-0.0855531
-0.210901
-0.444394
0.908002
-0.265622
0.27677
0.0777832
0.0378493
0.015131
-0.0926526
-0.234933
0.0918158
0.417847
0.349656
0.32006
0.589203
0.137389
-0.451443
-0.0833615
2.74863
0.540412
-0.155429
0.0874002
0.248573
-0.244546
-0.359053
0.205865
0.727814
0.173843
0.110039
0.570177
0.440036
1.153
0.492718
1.9598
-0.252743
0.0124071
0.111066
-0.477429
-0.213067
-0.227241
-0.340031
-0.481156
-0.755943
-0.166222
-0.701536
-1.22987
1.24769
-1.71763
2.75831
-0.65093
-0.709566
2.14707
-0.518887
-1.19475
-2.16862
-0.945968
-0.800922
-1.40483
-0.800105
-1.03533
-0.777813
-1.37075
-0.814659
-0.328921
-0.679198
-1.55041
-1.59757
-2.20103
-3.01434
-1.32819
3.90409
-0.99453
-7.25109
5.65644
-0.442747
-0.822712
2.00012
-2.77372
1.01313
-2.97761
-5.33101
3.42602
0.61586
-3.1191
3.33816
-3.35354
-1.00934
-3.64047
-2.79502
0.0789553
-1.40279
0.844694
-1.42291
-5.22426
-0.0790875
0.309433
-0.235915
-0.466965
-0.401325
-0.508791
-0.106638
-0.0897813
-0.661811
-0.348313
-0.559003
-1.13471
-0.894315
-2.61774
0.444108
-0.997449
1.24115
-1.58774
1.1635
-2.61118
0.276652
0.490945
-0.0310475
0.00830896
-3.9831
2.29856
-2.3405
3.09704
-3.56612
-0.0232973
-5.16231
1.5645
-1.43216
0.241392
0.754983
-0.767496
5.04358
-3.71137
-1.12209
-1.27226
-1.58188
-2.54286
1.39805
-0.909581
1.89868
-4.23218
2.1867
-3.75218
-6.20634
2.15608
-5.59774
2.37878
-3.8806
5.45982
-3.64422
1.10818
-1.22458
-0.0970415
-0.909328
-0.964765
-0.770386
-0.189619
-0.796525
-1.39721
-0.261297
0.124755
-0.0388792
-0.571503
0.207701
-0.207037
-2.28911
0.115063
-0.253039
-1.17961
-0.685249
0.581948
-0.254748
-0.0880935
-0.229806
-0.965052
-0.935284
1.59817
8.06309
-7.97288
5.21
3.75604
2.3524
1.81817
1.67755
-7.79825
6.31794
9.32618
-1.02792
0.166938
1.6251
-1.15612
2.02891
-1.84952
0.947438
0.0164908
-0.735563
-0.107507
0.200497
-0.375477
-1.05358
-0.585507
-0.918294
0.134788
-0.588182
-0.241661
-0.135974
-0.239542
-0.974022
0.71331
-2.84982
-0.0979369
0.285829
-0.210982
-1.36607
1.20174
2.21533
4.38488
1.24748
3.82284
2.29283
-2.16696
-0.0856295
-2.24562
-4.99614
-2.19714
-3.54835
-3.8363
-4.00415
2.61716
-2.047
2.00559
-1.29102
-0.654037
-2.60725
-3.09384
0.10194
-6.10748
-0.988038
-1.08729
-0.971675
0.259351
-0.865972
-2.60472
