[125, 25, 25, 4]
0.0
0.0
0.0
0.0
0.0
0.0
0.0
0.0
0.0
0.0
0.0
0.0
0.0
0.0
0.0
0.0
0.0
0.0
0.0
0.0
0.0
0.0
0.0
0.0
0.0
0.0
0.0
0.0
0.191417
0.0
0.0
0.0
0.0
0.0
0.0
0.0
0.0
0.0
0.0
0.0
0.0
0.0
0.0
0.0
0.0
0.0
0.0
0.0
0.0
-1.13222
0.0
0.0
0.0
0.0
0.0
0.0
0.0
0.0
0.0
0.0
0.0
0.0
0.0
0.0
0.0
0.0
0.0
0.0
0.0
0.0
0.0
0.0
0.0
0.0
0.0
0.0
0.0
0.0
0.0
0.0
0.0
0.0
-1.15405
0.0
0.0
0.0
0.0
0.241551
-0.357052
0.0
0.0
0.0
0.0
0.0
0.0
0.0
0.0
0.0
0.0
0.0
0.0
0.0
0.0
0.0
0.0
0.0
0.0
0.0
0.0
0.0
0.0
2.17059
0.0
0.0
0.0
0.0
0.0
-0.869826
0.0
0.0
0.0
-0.332115
0.0
0.0
0.0
1.06471
-0.0685288
-1.15323
-0.12196
0.587972
-0.58589
0.406493
0.193928
0.206836
-0.0985866
-0.0343166
0.191955
0.118719
-0.0841175
-2.64237
1.48371
-0.755561
-1.54702
0.0760202
-0.294646
0.60476
-0.245071
0.592314
0.637412
-0.0629742
0.0
0.0
0.0
0.0
0.0
0.0
0.0
0.0
0.0
0.0
0.0
0.0
0.0
0.0
0.388961
0.0
0.0
0.0
0.0
0.0
0.0
-0.0221397
0.0
0.0
0.0
0.0
0.0
0.0
0.0
0.648833
0.0
1.63987
0.0
0.0
0.0
0.0
0.0
0.0
0.0
0.0
0.0
0.0
0.0
0.0
0.0
0.0
0.0
0.0
0.0
0.0
0.0
0.0
1.83294
0.0
0.0
0.0
0.0
0.0
0.0
0.0
0.0
0.0
0.0
0.0
0.0
0.0
0.0
0.0673538
-0.459127
0.0
0.0
0.0
0.0
0.0
0.0
0.0
0.0
0.0
0.0
0.0
0.0
-0.157329
-0.0128411
0.0
0.0
0.756881
0.0
0.235686
0.0
0.0
1.14701
0.439659
0.0
0.454899
0.0
-1.0447
0.0
0.0
0.0
0.0
0.0
0.0
0.0
0.0
-1.84278
0.0
0.0
0.0
0.0
0.0
0.0
0.0
0.0
0.0
0.0
0.0
0.0
0.0
0.0
0.0
0.0
0.0
0.0
0.0
0.0
0.0
0.0
0.0
0.0
0.0
0.0
0.0
0.0
1.66208
0.0
0.0
0.0
0.0
0.0
0.0
0.0
0.0
0.141263
0.0
0.0
0.0
0.0
0.0
0.0
0.0
0.0
0.0
0.0
-0.454633
0.0
1.62205
0.0
0.0
0.0
0.0
0.0
0.0
0.0
-0.112859
0.0
0.0
0.0
0.0
0.0
0.0
0.0
0.0
0.0
0.0
0.0
0.0
0.0
0.0
0.0
0.0
0.0
0.0
0.0
0.0
-0.280746
0.0
0.0
0.0
0.0
0.0
0.0
0.0
0.0
0.0
0.0
0.0
0.0
0.0
0.0
0.0
0.0
0.0
0.0
0.0
0.0
0.0
-1.22507
0.0
0.0
0.0
0.0
0.0
0.0
0.0
0.0
0.0
0.0
0.0
0.0
0.0
0.0
0.0
0.0
0.0
1.82234
0.0
0.0
0.0
0.0
0.0
0.0
0.0
0.0
0.0800522
0.0
0.0
0.0
0.0
0.0
0.0
0.0
0.0
0.0
-0.941948
0.0
0.0
0.0
0.0
0.0
0.0
0.0
0.0
-0.962513
0.0
0.0
0.0
0.0
0.0
0.0
0.0
0.0
0.0
0.0
0.447714
0.0
0.0
0.0
0.0
0.0
0.0
0.0
0.251327
0.588792
0.0
-0.32112
0.0
0.0
0.0
0.0
0.0
0.732276
0.0
0.0
0.0
-2.68567
0.0
0.0
0.0
0.0
0.0
0.0
0.0
0.0
0.0
0.0
0.0
0.0
0.0
0.0
0.0
0.0
0.0
0.0
0.0
0.0
0.0
0.0
0.0
0.0
0.0
0.739138
0.0
0.0
0.0
0.0
-0.0699962
1.71961
0.0
0.0
0.0
0.0
0.0
0.0
0.0
0.0
0.0
0.0
0.0
0.0
0.0
0.0
0.0
0.0
0.0
0.0
0.0
0.0
0.0
0.0
0.0
0.0
0.0
-0.429407
0.0
0.0
0.0
0.25817
-2.38134
0.0
0.0
0.0
-0.278451
0.0
0.0
0.0
0.0
0.0
0.0
-0.138533
0.0
0.0
0.0
0.0
0.0
0.364155
0.0
0.0
0.0
0.0
0.0
0.693879
-1.24179
0.0
0.0
0.691847
0.0
0.0
0.0
1.14504
0.0
0.0
0.0
0.0
0.0
0.0
0.0
0.0
0.0
0.0
0.0
0.0
0.0
0.0
0.0
0.0
0.0
0.0
0.0
0.0
0.0
0.0
0.0
0.0
0.0
0.0
0.0
0.0
0.0
0.0
0.0
0.0
0.0
0.0
0.0
0.0
0.0
0.0
0.0
0.0
0.0
0.0
0.0
0.0
0.0
0.0
0.725785
0.0
0.0
0.0
-0.523487
0.0
0.0
0.976776
0.0
0.0
-1.11261
0.0
0.0
0.0
0.0
0.0
0.0
0.0
0.576708
0.0
0.741693
0.0
0.0
-0.0541417
0.0
1.0313
0.0
0.0
0.0
0.0
0.0
0.0
0.0
0.0
0.0
0.0
0.0
0.0
0.0
0.0
0.0
0.0
0.714763
0.0
0.0
0.0
0.0
0.0
0.0
0.0
0.0
0.0
0.0
0.0
0.0
0.0
0.0
0.0
0.0
0.0
0.0
0.0
0.0
1.33761
0.0
0.0
0.0
0.0
0.0
-0.692476
0.0
-1.34842
0.0
0.0
0.0
0.0
0.0
0.0
0.0
0.0
0.0
0.0
0.0
0.0
0.0
0.0
0.0
0.0
0.0
0.0
0.0
0.0
0.0
0.0
0.0
0.997168
0.0
0.0
0.0
0.0
0.0
0.0
0.0
0.0
0.0
0.0
0.0
0.0
0.0
0.144616
0.0
0.0
0.0
0.0
0.0
0.0
0.0
0.0
0.0
0.0
0.0
0.0
0.0
0.0
0.0
0.0
0.0
0.0
-2.68584
0.0
0.0
0.0
0.0
0.0
0.0
0.0
0.0
0.0
0.0
0.0
0.0
0.0
0.0
0.0
1.60824
0.0
0.0
0.0
0.0
0.0
0.0
0.0
0.0
0.0
0.0
0.0
0.0
0.0
0.0
0.0
0.0
0.0
0.0
0.0
0.0
0.0
-0.302081
0.0
0.0
0.0
0.0
0.0
0.0
0.0
0.0
0.0
0.0
0.0
0.0
0.0
0.0
0.0
0.0
0.0
0.0
0.0
-0.110747
0.0
0.0
0.0
0.0
0.0
0.0
0.0
0.0
0.0
0.0
0.0
0.0
0.0
0.0
0.0
1.05095
0.0
0.0
0.0
0.0
0.0
0.512382
0.0
0.0
0.0
0.0
0.0
0.0
0.0
0.0
0.0
-1.54564
0.0
0.0
0.0
0.0
0.0
0.0
-0.751138
0.0
0.0
0.0
0.0
0.0
0.0
0.0
0.0
-1.21162
0.0
0.0
0.0
0.0
0.0
0.0
-0.0207366
0.0
0.0
0.0
0.0
0.0
0.0
0.0
-0.217437
0.0
0.0
0.0
0.739169
0.0
1.67026
0.0
0.0
0.0
0.0
0.0
0.0
0.0
0.0
0.0
0.0
0.0
0.0
0.0
0.0
0.0
0.0
0.0
0.0
0.0
0.0
0.0
0.0
0.0
0.0
0.0
0.0
0.0
0.0
0.0
0.0
0.0
0.0
0.0
0.0
0.0
0.0
0.0
0.0
0.0
0.0
0.0
0.114914
0.0
0.0
0.0
0.0
0.0
0.0
0.0
0.0
0.0
0.0
0.0
0.0
0.0
0.0
0.0
0.0
-1.62687
-0.69183
0.0
0.0
0.0
0.0
0.0
0.0
0.0
0.0
0.0
-1.32398
0.0
0.0
0.0
0.0
0.0
0.0
0.0
0.446609
0.0
-0.156111
0.0
0.0
0.0
0.0
0.0
-0.814085
0.0
0.0
0.0
0.0
0.0
0.0
0.0
0.0
0.0
0.0
0.0
0.0
0.0
0.0
0.430659
0.0
0.0
0.0
-0.273839
0.0
0.0
0.0
0.0
-0.314166
1.13832
0.0
0.0
0.0
0.0
0.0
-1.98673
0.0
0.0
0.0
0.0
0.0
0.0
1.81202
0.466915
0.0
0.0
0.0
0.0
0.0
0.0
-2.31169
0.0
0.0
0.0
0.0
0.0
0.0
0.0
0.0
-0.315988
0.132431
0.0
-0.283255
0.0
0.0
0.0
0.0
0.0
0.0
0.0
0.0
0.0
0.0
0.0
0.0
0.0
0.0
0.0
0.0
0.0
0.0
0.0
0.0
0.0
0.0
0.0
0.343085
0.0
0.0
0.0
0.0
0.0
0.0
0.0
0.0
0.0
0.0
0.0
0.0
0.0
0.0
-0.176126
0.0
1.41669
0.0
0.0
1.04167
0.0
0.0
0.0
0.0
0.0
0.0
0.0
0.0
0.0
-0.326048
-1.03379
0.0
0.0
0.0
0.0
0.0
0.0
0.661475
0.0
0.0
0.0
0.0
0.0
0.0
0.0
0.0
0.0
0.0
0.0
0.0
0.0
0.0
-0.520763
0.0
0.0
0.0793781
0.0
0.0
0.669268
0.0
0.0
0.0
0.0
0.0
0.0
0.0
0.0
0.0
0.0
0.0
0.0
0.0
0.0
0.0
0.0
2.02361
0.0
0.0
0.0
0.0
0.0
0.0
0.0
0.0
0.0
0.0
0.0
0.0
0.0
0.853741
0.0
0.0
-1.08586
0.0
0.0
2.16959
0.0
-0.425478
0.0
0.0
0.0
0.0
0.0
0.0
0.0
0.0
-0.739815
0.0
-0.107483
0.0
0.0
0.0
0.0
0.0
2.38671
0.0
0.0
0.0
0.0
-0.582666
0.0
-0.805951
0.0
0.0
-0.675258
0.0
0.0
0.0
0.0
0.0
0.0
0.0
0.0
0.0
0.0
0.0
0.0
0.0
0.0
0.0
0.0
0.0
0.0
0.0
0.0
0.0
0.129729
0.0
0.0
0.0
0.0
-1.50773
0.0
0.0
-1.59243
-0.805713
0.0
0.0
-0.18224
0.0
0.0
0.0
0.0
0.0
0.0
0.0
0.0
0.0
0.0
0.0
0.0
0.0
-1.00294
0.0
0.0
0.0
0.0
0.89799
0.0
0.0
0.0
0.0
0.0
0.0
0.0
0.0
0.0
-1.24349
-0.220753
-0.98232
0.0
0.0
0.0
-0.890558
0.0
-0.299599
0.0
0.0
0.0
0.0
0.0
0.0
0.0
0.0
0.0
0.0
0.0
0.0
0.0
0.0
0.0
0.0
0.0
0.0
0.0
0.0
0.0
0.0
0.0
0.0
0.0
0.0
0.0
0.0
-0.635901
0.0
0.0
0.0
-0.555525
0.0
0.0
-0.142948
0.0
0.0
0.0
0.0
0.995997
0.0
0.0
0.0
0.0
0.0
0.0
0.0100725
-1.26056
0.0
0.0
0.357519
0.0
-0.0314588
0.0
0.0
0.0
0.0
0.0
0.0
0.0
0.0
0.0
0.0
0.0
0.0
-1.95128
0.0
1.20719
0.0
0.0
0.0
0.0
0.0
0.0
-0.791545
0.0
0.0
0.0
0.0
0.0
0.0
0.0
0.0
0.0
0.0
0.0
0.0
0.0
-0.108411
0.0
0.0
0.0
0.0
-1.23386
0.0
0.0
0.0
0.0
0.0
0.0
0.0
0.0
0.0
0.0
0.0
0.0
0.0
0.0
0.0
0.0
0.0
0.0
0.0
0.0
0.0
0.0
0.0
0.0
0.0
0.0
0.0
0.0
0.0
0.0
0.754606
0.0
0.0
0.436468
0.0
0.0
2.31362
0.0
0.0
0.0
0.0
0.0
0.0
-0.459728
0.0
0.0
0.0
0.0
0.0
0.0
0.0
0.0
0.0
0.0
0.0
0.0
0.0
0.0
0.0
0.0
0.0
0.0
0.4103
0.0
0.0
-0.122422
0.0
0.0
0.0
0.0
0.0
0.0
0.0
0.0
0.0
0.0
0.0
0.0
0.0
0.0
0.0
0.0
0.0
0.0
0.0
-0.350117
1.07737
0.993129
0.817377
0.508301
0.980971
-0.822061
-0.454392
0.209244
-0.245301
-0.40135
0.0808876
0.151964
-0.172684
2.97013
-1.64459
0.264357
-0.231597
0.0161965
0.216572
-0.733624
-0.177571
0.0267914
-0.901378
-0.370223
-1.36933
1.35727
0.0
0.0
0.0
0.0
0.0
0.0
0.0
-0.760073
0.0
-1.56439
0.0
0.0
-0.57618
0.0
0.0
0.0
0.0
0.0
-0.308789
0.0
0.0
0.0
0.0
0.0
0.0
1.31747
0.0
0.0
0.0
0.0
0.0
0.0
0.0
0.0
0.0
0.0
0.0
0.0
0.0
0.0
0.0
0.0
0.292444
0.0
0.0
0.0
0.0
0.0
0.0
0.0
0.0428059
0.0
0.0
1.91498
-0.00356573
0.0
0.0
0.0
0.0
0.0
0.0
0.0
0.388696
0.593942
0.0
0.0
0.0
0.0
0.0
0.0
0.0
1.46693
0.0
0.0
0.0
-0.831402
0.0
0.0
0.0
0.0
0.0
0.0
0.0
0.0
0.0
0.0
0.0
0.961773
0.0
0.0
0.0
0.0
0.0
0.0
0.0
0.0
0.0
0.0
0.0
0.0
0.0
0.0
0.0
-0.0835901
0.0
0.0
0.0
0.0
0.0
0.0
0.0
0.0
2.90083
0.0
0.907401
0.0
0.0
0.0
0.0
0.0
0.0
0.0
0.0
0.0
0.0
0.0
0.0
0.0
0.43283
0.0
0.936965
0.0
0.0
0.0
0.0
1.04139
0.0
0.0
0.0
0.0
0.0
0.0
0.0
0.0
0.0
0.0
0.0
0.45171
0.0
0.0
0.0
0.135069
0.0
0.0
0.626548
0.0
0.0
0.0
0.0
0.0
0.0
0.0
0.0
0.0
0.0
0.0
0.0
0.0
0.0
0.0
0.0
0.0
0.0
0.0
0.0
0.0
0.0
0.0
0.0
-0.863458
0.0
0.0
0.0
0.0
-0.288849
0.333969
0.0
0.0
0.0
0.0
0.0
0.0
0.0
0.0
0.0
0.0
0.0
1.79541
0.0
0.0
0.0
0.0
0.0
0.0
0.0
0.0
0.0
0.0
0.0
0.0
0.0
0.0
0.0
0.0
0.0
0.0
0.0
0.0
0.0
0.0
0.0
0.0
0.0
0.13025
0.411562
-0.14521
-0.940663
2.8438
0.138926
0.0701085
0.71122
-0.0132913
-0.211409
0.142015
-0.173669
-0.27714
1.55317
-1.63502
-0.747598
0.122121
-0.560754
-0.0336721
0.000141986
0.554403
-0.0607884
0.582422
0.318769
0.45329
0.0
0.0
0.0
0.0
0.0
0.0
0.0
0.0
0.0
0.0
0.0
0.0
-1.32169
0.0
0.0
1.03703
0.0
0.0
3.7698
0.0
0.0
0.0
0.0
0.0
0.0
0.0
-0.388754
0.0
0.0
0.0
0.0
0.0
-1.0816
0.0
0.0
0.0
0.0
0.0
1.24702
0.0
0.0
0.0
0.0
0.0
0.0
0.0
0.0
0.0
0.0
0.0
0.0
0.0
0.0
0.0
0.0
0.0
0.0
0.0
0.0
0.0
-0.125292
0.0
0.0
0.0
0.0
0.0
0.0
-0.479601
0.0
0.0
0.0
0.0
0.0
0.0
0.0
0.0
0.0
0.0
-0.0534411
0.0
0.0
0.0
0.0
0.0
0.0
0.0
0.0
0.0
0.0
0.0
0.0
-0.474146
0.0
0.0
0.0
0.0
0.0
0.0
0.0
0.0
0.0
0.0
0.0
0.0
0.0
0.0
0.174233
0.0
2.40434
0.0
0.0
0.0
0.685378
0.0
0.0
0.0
0.0
0.0
0.0
0.0
0.0
0.0
0.777937
0.0
0.0
-0.973875
0.0
0.0
0.0
0.0
0.0
0.0
0.0
0.0
-0.248054
0.0
0.0
0.0
0.0
0.0
0.0
0.0
0.0
0.0
0.0
0.0
0.0
0.0
0.0
1.00588
0.0
0.0
0.0
0.0
0.0
0.0
0.0
0.0
-1.22158
0.0
0.0
0.0
0.0
0.0
0.0
0.0
0.0
-0.417858
0.0
0.0
0.0
0.0
0.0
0.868279
0.0
0.0
0.0
0.0
0.0
0.0
0.0
0.0
0.0
0.0
0.0
0.0
0.0
0.0
0.0
0.0
0.0
0.0
0.0
0.0
0.0
0.0
0.0
-0.314166
0.0
0.0
0.0
0.0644043
0.0
0.0
0.0
0.0
0.0
0.0
0.0
0.0
0.0
0.0
0.0
0.0
1.1763
0.0
0.0
0.0
0.0
0.0
0.0
0.0
-0.265506
0.0496153
0.0
0.0
0.0
0.0
0.0
0.0
0.0
0.0
0.0
0.0
0.0
0.0
0.0
0.0
0.0
0.0
0.0
0.0
0.0
0.0
0.0
0.0
0.0
0.0
-0.985945
0.0
0.0
0.0
0.0
-0.105409
0.0
0.0
0.0
0.0
0.0
0.0
1.39337
0.0
0.0
0.0
0.0
0.0
0.0
0.0
0.0
0.591744
0.0
0.0
0.0
0.0
0.0
0.0
0.0
1.25419
0.0
-0.38714
0.0
0.0
0.0
0.0
0.0
0.0
0.0
0.0
0.0
0.0
0.0
0.0
0.0
0.0
0.0
0.470621
0.0
0.0
0.0
0.0
0.0
0.0
0.0
0.0
0.0
0.0
0.0
0.0
0.0
0.0
0.0
0.0
-1.08759
0.0
0.0
-0.364377
0.156946
0.0
0.0
0.0
0.0
0.0
0.211862
0.0
0.0
0.0
0.0
0.0
0.0
0.0
0.0
0.0
0.0
0.0
0.665539
0.0
0.0
0.0
0.0
0.0
0.0
0.0
1.28936
-0.487483
0.0
0.0
0.0
0.0
0.0
0.0
0.0
0.0
0.0
0.0
0.0
0.0
0.0
0.0
0.0
0.0
0.0
0.0
0.0
0.0
0.0
0.0
0.0
0.0
0.0
0.0
0.0
0.0
0.0
0.0
0.0
0.0
0.0
0.0
-1.70592
0.0
0.0
0.0
0.0
0.0
0.0
0.0
0.0
0.576023
0.0
0.0
0.0
0.0
0.0
0.0
0.0
0.0
0.0
0.0
0.0
0.0
0.0
0.0
0.0
-1.72124
0.0
0.324115
-0.686142
0.0
-0.245008
0.0
0.0
0.0
0.0
0.0
0.0
0.0
0.0
0.0
0.0
0.0
0.0
0.0
0.0
0.0
0.0
0.0
0.0
0.0
0.0
0.0
0.0
0.0
0.0
0.257155
0.0
0.0
0.0
0.0
0.0
0.0
0.0
0.0
0.0
0.0
0.0
0.0
0.0
0.0
0.0
0.0
-1.66284
-0.835459
0.0
0.0
0.0
0.0
0.0
0.0
0.0
0.0
0.0
0.0
0.0
0.0
0.0
0.0
0.0
0.0
0.0
0.0
0.0
0.0
0.0
0.0
0.0
0.0
0.0
0.0
0.0
0.0
0.0
0.0
0.0
0.0
0.0
0.0
0.0
0.0
0.0
0.0
0.0
0.0
0.0
0.0
-0.906883
0.0
1.10922
0.0
0.0
0.0
0.0639177
0.940901
0.0
0.0
0.0
0.0
0.0
0.0
0.0
0.0
0.0
0.0
0.0
0.0
0.0
0.0
0.0
0.0
0.0
0.0
0.0
0.0
0.0
0.0
0.0
0.0
0.0
-1.17684
0.0
0.0
0.0
0.192098
0.0
0.0
0.0
0.0
0.0
0.0
0.0
0.0
0.0
0.0
0.0
0.0
0.0
0.727134
0.0
0.0
0.0
0.0
0.0
0.0
0.0
0.0
0.0
-0.900364
0.0
0.0
0.0
0.0
0.0
0.0
0.0
0.0
0.0
0.0
0.473955
0.0
0.0
0.0
0.0
0.0
0.0
0.0
0.0
0.0
0.0
0.0
0.0
0.0
0.0
0.0
0.0
0.0
0.0
0.0
0.0
0.0
0.0
0.0
-0.71804
0.0
0.0
0.0
0.0
0.0
0.0
0.0
0.0
0.0
0.0
0.0
0.0
0.0
0.0
0.547656
0.0
0.0
0.0
0.0
0.0
0.771631
0.0
0.0
0.0
0.0
0.0
0.0
0.0
0.0
0.0
0.0
0.0
2.20118
0.0
0.0
-0.461623
0.0
0.0
0.0
0.0
0.0
0.0
0.0
0.0
0.0
-1.19058
0.0
0.0
0.0
0.0
0.0
0.0
0.0
0.848707
0.0
0.0
0.0
-0.294024
0.0
0.0
0.0
0.0
0.0
0.0
0.0
0.0
0.0
0.0
0.0
0.0
0.0
0.0
0.0
0.49073
0.819641
0.0
0.0
0.0
1.08329
0.0
0.0
0.0
0.0
1.03636
0.0
0.0
0.0
-1.05105
0.0
0.0
0.0
0.0
0.0
0.0
0.0
0.0
0.0
0.0
0.0
0.0
0.0
0.0
0.0
0.0
-0.109654
0.0
0.0
0.0
0.0
0.0
0.0
0.5403
0.0
0.0
0.0
0.0
0.0
0.0
0.0
0.0
0.0
0.0
0.0
0.0
0.0
0.0
0.0
0.0
0.0
0.0
0.0
0.0
0.0
0.0
0.0
0.0
0.0
0.0
0.0
0.0
0.0
0.0
0.0
0.0
0.0
0.0
0.0
0.0
-1.43337
0.0
0.0
0.0
-1.67705
0.0
0.0
0.0
0.0
0.0
0.0
0.0
0.0
0.0
0.0
0.0
0.0
0.0
0.0
0.58661
0.0
-0.744286
0.0
0.0
0.0
0.0
0.0
-0.428511
0.0
0.0
0.0184024
3.35902
0.0
0.0
0.0
0.0
0.0
0.0
0.450922
0.0
0.0
0.0
0.0
0.342256
0.0
2.22556
0.0
0.0
0.0
0.0
0.0
0.0
0.0
0.0
0.0
0.0
0.0
0.0
0.0
0.0
0.0
0.0
0.0
0.0
0.0
0.379359
0.0
0.0
0.0
0.0
0.0
0.0
0.0
1.91034
0.0
0.0
0.0
0.0
0.0
0.0
0.0
0.0
0.0
0.0
0.0
0.0
0.0
0.0
0.0
0.0
0.0
0.0
0.0
0.0
0.0
-0.446513
0.0
-1.41599
0.0
0.0
0.0
0.0
0.0
0.0
0.0
0.0
0.0
0.0
-0.560402
0.0
0.0
0.0
0.0
0.0
0.0
0.0
0.0
0.0
0.0
0.0
0.0
0.0
0.737996
0.0
0.0
-0.118861
0.0
0.247675
0.0
0.0
0.0
0.0
0.0
0.0
0.0
0.0
0.0
0.0
0.0
0.0
0.0
0.522136
0.0
0.0
0.0
0.0
0.0
0.0
0.0
0.0
0.0
0.0
0.0
0.0
0.0
0.0
0.0
-0.626399
0.0840681
0.0
0.0
0.0
0.0
0.0
0.0
-0.80103
0.0
0.0
0.0
0.0
0.0
0.432426
0.0
0.0
1.10109
0.0
0.0
0.0
0.0
0.0
0.0
0.0
0.0
0.0
0.0
0.0
0.0
0.0
0.0
0.0
0.0
0.0
0.0
0.0
0.0
0.0
0.0
-1.0614
0.0
0.0
0.0
0.0
0.0
0.0
0.0
0.0
0.0
0.0
0.0
0.0
0.0
0.0
0.0
0.0
0.0
0.0
0.0
0.0
0.0
0.0
0.0
-1.15457
0.0
0.0
0.0
0.0
0.0
0.66446
0.0
0.0
0.0
0.0
0.0
0.0
0.508264
-1.43528
0.0
0.0
0.0
0.0
1.09172
0.0
0.0
0.0
0.0
0.0
0.0
0.0
0.0
0.0
0.0
0.0
0.0
0.0
0.0
0.0
0.0
0.0
0.0
0.0
-1.14255
0.0
0.0
0.0
0.0
0.22577
0.0
0.802826
0.0
0.0
0.0
0.0
0.0
0.0
0.0
0.0
0.0
0.0
0.686587
0.0
0.0
0.0
0.0
0.0
0.0
0.0
0.205225
0.0
0.0
0.0
0.0
0.0
0.0
0.0
0.0
1.25708
0.0
0.0
0.0
1.60741
0.0
0.0
0.0
0.209376
0.0
0.0
0.0
0.0
0.0
0.0
0.0
0.0
0.0
0.0
0.0
0.0
0.0
0.0
-0.144736
0.0
0.0
0.0
0.0
0.0
0.0
0.0
0.0
0.0
0.0
0.0
0.0
0.0
0.738642
0.0
0.0
0.0
0.0
0.0
0.0
0.0
0.0
0.0
-1.88357
-0.869631
0.0
0.0
0.0
0.0
0.0
0.0
0.0
0.0
0.0
0.184897
0.0
0.0
0.0
0.0
0.0
0.0
0.0
0.0
-1.03434
-0.073895
0.0
0.0
0.287461
0.0
0.0
0.0906012
0.0
0.0
2.50402
0.0
0.0
0.0
0.0
0.0
0.0
0.0
0.0
0.0
0.0
0.890371
0.0
0.0
0.0
0.0
0.0
0.0
0.0
0.0
0.0
0.0
0.0
0.0
0.0
0.0
0.0
0.0
0.0
0.0
0.0
0.0
-0.116805
0.0
0.0
0.0
0.0
0.0
0.0
0.0
0.0
0.0
0.0
0.0
0.0
0.0
0.0
0.0
0.446328
0.0
0.0
0.0
0.0
0.549083
0.0
0.0
0.0
0.0
0.0
0.0
0.0
-1.10688
0.0
0.0
0.0
0.0
0.0
0.0
0.0
0.0
1.10664
0.0
0.0
0.0
0.0
0.0
0.0
0.0
0.0
1.4896
0.0
0.0
0.0
0.0
0.0
0.0
-0.542153
0.0
0.0
0.0
0.223424
0.0
0.0
0.0
0.0
0.0
0.0
0.0
0.0
0.0
0.0
0.0
0.0
1.54598
0.0
0.0
0.169717
0.0
0.0
0.0
0.0
0.0
1.62693
0.0
-0.984782
0.598873
0.681414
0.53582
0.115104
-0.037979
-0.635941
1.03149
0.239348
-0.224197
-0.00245898
-0.242974
-0.221398
-1.04753
-0.386376
-0.861771
1.03629
-0.0744708
-0.196911
0.157871
-0.622525
-0.550935
0.46445
-0.00657355
-0.199471
0.0
0.0
0.0
0.0278313
0.0
0.0
0.0
0.0
0.0
0.0
0.485534
-1.40056
0.0141662
0.0
0.0
0.0
-0.043414
0.0
0.0
0.0
0.0
0.458554
0.0
0.0
0.0
0.0
0.333432
0.0
0.0
0.0
0.0
0.0
0.203948
0.0
-0.153581
0.0
0.0
0.0
0.0
-0.890894
-2.32581
0.0
0.0
0.0
0.0
0.0
0.0
2.53977
0.0
0.0
0.0
0.0
0.0
0.0
0.0
0.0
0.0
0.0
0.0
0.0
0.0
0.0
0.0
0.0
0.0
0.0
0.0
0.0
0.0
2.19059
0.0
0.0
0.0
0.0
0.0
-0.280114
0.0
1.53608
0.0
-0.534319
0.0
0.0
0.0
0.0
0.0
0.0
0.0
0.321583
0.0
0.0
0.0
0.0
0.0
0.0
0.0
1.03353
0.0
0.0
0.0
0.0
0.0
2.21106
0.0
0.0
0.0
0.0
0.562002
0.0
0.0
0.0
0.771418
0.0
0.0
0.837192
0.0
0.0
0.0
0.0
-1.87732
0.0
0.0
0.0
0.0
0.0
0.0
2.33341
0.375294
2.18349
0.234925
2.23695
0.779702
0.990801
1.39149
0.853103
-0.490219
-2.23812
0.466203
1.25084
-0.072232
0.686193
-0.561476
-2.32622
0.711864
-0.106794
0.124744
3.24339
-0.0292125
-1.43825
0.0655632
0.303671
-3.30744
-0.0118149
-2.5298
-0.168628
-2.51136
-0.461245
-1.23289
-1.28265
-0.267338
0.572726
0.526226
-0.626611
-1.32973
0.452346
-0.722035
0.686857
2.61408
-0.80666
-0.243261
2.2686
-3.13785
-0.0944336
1.6832
0.179578
0.0922331
0.270613
-0.68398
1.81215
-0.159273
0.590526
-0.438659
0.0171311
-0.851971
0.0332469
-1.18275
-0.467626
0.190508
0.796481
4.20153
0.762308
-0.372276
0.188823
0.0879803
0.0221629
-0.00255065
1.50336
-0.0775249
1.38515
-0.54149
0.146908
0.348331
1.23665
0.847335
0.0739097
-0.775989
0.0643061
-0.756601
0.144997
0.632199
1.06955
-0.690588
-0.0919186
-1.75253
-3.27629
-0.739632
0.405874
-0.581385
-0.990007
-0.0137236
0.0432616
-0.893737
-0.656319
-1.34217
-0.353556
-1.06827
-0.219165
0.363412
-0.346756
0.0662981
-0.274473
0.318457
-0.241661
1.27406
-0.191887
0.0825189
-2.13129
-0.160296
-0.0792983
0.380108
-0.0358896
0.125373
0.287707
-0.0945823
-0.350054
0.0160741
0.103771
-0.123935
0.245008
1.94597
0.395877
0.409825
1.0237
-0.839625
-0.0838893
-1.50201
0.9458
-1.69383
1.07489
1.41212
0.541963
-0.534665
0.851072
-0.47309
2.59476
1.59991
-0.672105
0.336012
0.0199737
0.0231353
0.0962059
-4.11203
-0.177748
-1.67101
-0.015713
-1.41231
2.18939
0.64812
2.24485
-0.134149
-0.228859
0.0982514
-0.673097
-0.57537
1.68574
-0.0577129
0.353193
-0.398221
3.27174
0.3665
-0.852774
-0.273484
1.42047
-1.02917
-0.0152473
-0.00134668
-0.649474
-0.990182
-0.476228
-0.785679
-0.355614
2.78867
2.32226
-0.789557
-0.236718
-2.71125
-0.0543279
-1.69468
0.84086
0.65406
0.270791
-0.719778
0.341995
2.65781
0.197639
-1.76047
-0.949502
0.435697
-0.308735
0.00474087
0.136306
-2.89932
0.0183557
-1.72585
-0.10377
-1.0398
1.74924
-0.728155
-1.90808
-0.141814
2.14939
-0.0878062
-0.208525
0.181907
-0.560493
0.249453
-0.337021
0.179867
-1.43866
3.03346
-3.57787
1.45096
1.66654
0.245219
-0.204369
0.0187255
0.501614
-0.020795
-0.0644703
0.0252562
1.20567
-0.092329
0.472404
2.26171
2.40953
3.85105
-2.51541
-0.316445
-0.907913
0.712116
-1.52333
-0.0261256
-0.950148
-0.457175
-0.280543
1.86351
1.70995
-0.0131938
-2.16088
-0.145348
0.0577569
1.9431
0.74429
0.537435
-0.0562081
1.52042
-0.452498
0.312434
2.03595
2.16491
1.51262
2.23974
-0.451411
3.00534
-0.148777
0.419271
-0.203666
0.214455
-0.193972
-2.47436
0.402778
2.67729
-1.53969
-0.49306
-0.00681994
-0.501763
0.13466
-0.199868
0.39401
0.0194923
0.0645125
0.0587964
-1.11043
-1.05523
2.51911
-2.03108
1.59011
2.21403
-2.16073
-0.113332
0.788524
-0.693625
0.0347709
-1.10549
0.0354159
0.581356
-1.32833
0.746959
3.44712
-2.84206
2.08994
0.657512
0.616197
-0.300091
0.476903
-0.157207
0.169877
-0.909775
-0.292512
-0.0923429
-1.17479
-1.19975
2.4889
1.96652
-0.13327
0.654527
0.502488
0.475758
-0.244099
-0.634549
0.924763
0.457477
0.859302
-1.3838
-0.473415
1.13371
-0.0273882
0.200516
0.259956
0.14121
0.45795
1.1622
0.441527
-1.19241
-0.137591
-0.0274655
0.170038
-2.73906
-1.2091
-2.74211
-1.15002
-0.324913
0.145408
-0.474179
0.814879
-0.303457
-0.817635
0.074221
1.54401
-2.64385
2.74302
-2.68075
0.0578115
-1.44173
-0.434808
-0.892335
-0.0679339
-0.690685
-0.254069
-0.153919
-1.25854
-0.133676
0.120142
2.69718
-1.12369
3.39492
0.756123
0.73591
-0.798658
-1.05363
1.34254
0.127613
1.8449
-0.108835
0.424726
-1.6346
1.40313
-1.43256
1.12211
2.74904
0.424695
0.425096
-0.863203
-0.22373
-0.351039
1.8767
-0.346034
1.05333
-0.696906
2.36927
-3.31278
2.13254
-0.060558
-1.40012
-0.300345
-0.167379
0.989909
-0.71993
-0.0883536
-0.199073
-0.037672
-0.905745
-1.60389
-1.55549
2.59338
-0.225838
0.0020684
0.599347
0.497015
-0.141556
-0.923067
-0.234276
-0.208005
0.801947
-1.51608
2.69414
-2.62748
0.771341
-1.14012
-0.566897
0.13259
-0.403481
0.664456
-0.144134
-0.0520227
-0.028189
-1.1846
1.61496
2.28413
-2.60435
0.0851511
0.179302
1.41166
-0.598093
-0.111193
1.39738
0.359392
-0.887839
-0.950314
-0.047563
-2.60346
3.18043
-2.03123
3.14159
-0.329387
-0.846821
-0.497572
0.238961
0.73946
-0.127823
0.100366
0.440162
-1.44216
-2.6719
1.15111
-0.680988
-3.2535
1.16804
-3.19842
0.209143
-0.379432
0.342763
-0.615875
-0.111925
-0.432645
-0.329871
-0.971925
0.00919333
3.93268
-2.55633
5.93972
0.44841
-0.213785
0.413123
-0.121309
0.114132
-0.876958
0.155752
-0.0472648
-0.368318
2.4105
-2.77478
0.117109
-1.93316
0.221968
-0.427968
-0.100406
1.0616
0.392738
0.0679894
0.984901
-0.562092
1.21391
-2.07159
-6.48172
-1.98626
0.988471
-2.12164
0.0338223
-0.12247
0.0556257
-0.921128
0.190309
0.960279
-0.446179
-3.75781
0.0667138
-2.89747
0.141063
2.09061
0.582889
0.699852
-1.09937
-0.0370534
0.62151
0.458315
-0.252948
0.599489
-1.11664
0.991471
1.43411
-3.45501
1.67315
0.553825
-0.187267
-0.0391872
0.734837
0.138722
1.08472
0.359168
0.185613
0.551082
0.60433
-0.989712
-0.13628
-0.895639
-0.398067
0.204014
-1.29611
-0.466036
-1.13913
-0.0962373
-1.34789
1.24104
-1.02873
-4.26731
2.74342
-1.45203
-0.457138
-0.946798
0.000162154
-0.128438
-0.591756
-1.98434
0.0283677
1.2942
-0.504483
1.0586
0.587126
0.0798167
-2.23663
2.00905
1.56693
0.365596
-1.08506
0.5162
-0.265245
0.496711
-0.437984
0.199216
-0.0832949
2.28638
-3.2632
-1.84297
-2.38269
-0.897185
0.649805
-0.436102
0.183313
-0.104466
0.487293
0.0360029
-0.0226432
-0.0741225
-0.00811688
-2.15332
-0.983174
2.24994
-0.0336536
0.0466285
-0.0698737
0.191589
-0.206144
-0.151058
-0.390836
-0.0799268
-0.254874
1.67983
1.1245
-0.607251
-0.0918791
-0.101103
-0.00706101
-0.0547201
-0.0384139
0.120497
0.0816633
0.681543
0.236334
-0.142914
-0.392685
-2.09487
-2.43965
-2.22242
-0.312235
0.338856
-0.294129
0.171534
-0.107554
0.490521
-0.623977
-0.196761
0.0390918
-0.932542
-3.05429
0.202247
1.40376
-0.0989976
-0.038576
0.0557764
0.239392
-1.22787
-4.77574
0.177177
0.0827689
0.190637
-0.475558
5.67147
-1.12327
-0.646543
-0.273253
0.706537
-1.24726
-1.73772
0.421102
0.803395
0.128001
-0.964909
-0.733678
-2.59873
2.31917
5.86113
1.98
1.91863
-0.0760523
0.039733
-0.270479
0.431102
-0.0208475
-0.0677262
-0.0183603
-0.223902
-0.0838702
-1.08232
0.763259
0.885201
-0.0488855
0.152185
-0.317297
0.140355
-0.859571
0.389631
-0.0359682
-0.01051
1.60136
0.948424
1.78656
-0.925667
-1.03336
0.262002
0.372945
-1.26965
0.428685
0.0125006
-0.190288
0.284559
-0.854483
-0.334121
0.784932
-0.0452732
2.48965
2.60793
1.86212
-1.30311
-2.18853
-0.6545
-0.701423
1.60817
-0.2723
0.99493
-0.827575
-0.793343
0.453959
1.97451
-1.00798
0.284407
0.0282866
0.933538
-0.141225
-0.146668
0.447883
0.0490246
-0.359733
1.69214
-0.603376
-1.39757
2.71092
0.632254
-0.358713
-0.0519827
-0.29882
-0.250457
0.0443221
0.835531
-0.202136
-0.0241654
-1.41655
2.95069
1.59424
-0.552924
0.0530781
0.402498
0.944284
0.0612915
-0.0715533
-0.645379
-0.335853
-0.560073
0.485634
0.268458
-1.60811
0.719153
-0.884174
1.20649
-0.026559
-0.652368
-0.0215911
-0.0770624
0.332274
-0.216589
0.00222514
-0.920875
-0.280271
-0.317063
2.26233
0.293872
-0.317754
0.994154
-0.407208
0.235031
-0.173527
0.296544
0.0294266
-0.160998
0.215731
-0.166034
0.0475918
-0.307175
0.305898
-1.58706
0.567029
-1.54784
0.133582
-0.516115
-0.144441
0.0207466
-0.215257
-0.0611966
0.330771
0.254751
-1.07749
-5.57093
-1.68952
-3.85914
-4.02844
-4.85249
-0.710569
-7.20445
1.98799
-2.49656
-1.38038
-1.3837
-2.35515
-0.602614
-1.08016
-1.30864
0.182396
5.76476
-3.09673
-4.26161
-1.28983
-1.41562
-1.36728
-0.765357
-0.179662
-3.80114
-5.84517
4.53183
-3.16578
-3.37822
3.99056
-1.99772
-2.89869
0.392469
-0.602504
-3.39313
-0.523707
-5.51046
3.14665
3.40328
-0.340391
1.96075
-0.910208
0.00816724
1.77328
-0.918295
1.57836
-0.108681
-3.54318
-6.03983
-2.6424
-2.59039
3.37594
0.875916
-1.21039
-1.25297
2.9496
-2.04382
3.47795
-1.81863
-2.39413
0.658261
-0.393717
-1.32436
0.394272
1.33674
2.95252
0.554724
2.29461
-1.30522
-1.10177
0.17207
-0.0123298
-0.279796
-0.356907
-0.130862
-0.134201
-0.57508
-0.926843
0.269993
-1.43159
-0.782992
-7.32991
6.43598
-7.04627
2.36443
-1.33758
-0.364858
-1.78138
3.44273
2.81514
3.6127
-6.0098
-0.255746
-0.799933
-3.24273
-0.300438
-3.1938
0.444368
-1.72526
0.827747
-1.08324
-0.690974
-1.27181
0.198949
