[229, 49, 49, 4]
0.0
0.0
0.0
0.0
0.0
0.0
0.0
0.0
0.0
0.0
0.0
0.0
0.0
0.0
0.0
0.0
0.0
0.0
0.0
0.0
0.0
0.0
0.0
0.0
0.0
0.0
0.0
0.0
0.0
0.0
0.0
0.0
0.0
0.0
0.0
0.0
0.0
0.0
0.0
0.0
0.0
0.0
0.0
0.0
0.0
0.0
0.0
0.0
0.0
-0.0344793
0.0
0.0
0.0
0.0
0.0
0.0
0.0
0.0
0.0
0.0
0.0
-0.164493
0.0
0.0
0.0
0.0
0.0
0.0
0.0
0.0
0.0
0.0
0.0
0.844701
0.0
0.0
0.0
0.0
0.0
0.0
0.0
0.0
0.0
0.0
0.0
0.0
0.0
0.0
0.0
0.0
0.0
0.0
0.0
-0.229205
0.0
0.0
0.0
0.0
0.0
0.0
0.185158
0.0
0.0
-0.776852
0.0
0.0
0.0
0.0
0.0
0.0
0.0
0.0
-1.31438
0.0
0.0
0.0
0.0
0.0
0.0
0.0
0.0
0.0
0.0
0.0
0.0
0.0
0.0
0.0
0.0
0.0
0.0
0.0
-1.26497
0.0
0.0
0.0
0.0
0.0
0.0
0.0
0.0
0.0
0.0
0.0
0.0
0.0
0.0
0.0
0.0
0.0
0.0
0.0
0.0
0.0
0.0
0.0
0.0
0.0
0.0
0.0
0.0
-1.02947
0.0
0.0
0.0
0.0
0.0
0.0
0.0
0.0
0.0
0.0
0.0
0.0
0.0
0.0
0.0
0.0
0.0
0.0
0.0
0.0
0.0
0.0
0.0
0.0
0.686123
0.0
0.0600387
0.0
0.0
0.0
0.0
0.0
0.0
0.0
0.0
0.0
0.0
0.0
0.0
0.0
0.0
0.0
0.0
0.0
0.0
0.0
0.0
-0.588373
0.0
0.0
0.0
0.0
0.0
0.426553
0.0
0.0
0.0
0.0
0.0
0.0
0.0
0.0
0.0
0.0
0.0
0.0
0.0
0.0
0.0
0.0
0.0
0.0
0.0
0.0
0.0
0.0
0.0
0.0
0.0
0.0
0.0
0.0
0.0
-0.0046224
0.153402
0.208864
0.299197
-0.0245655
0.123826
-0.00941943
-0.149959
0.800003
0.551844
0.396477
-1.12555
-0.00887962
0.243135
-0.819241
0.0995851
-0.0902558
0.0898626
-0.0568253
-0.00349115
-0.438789
0.603063
-0.071236
0.200463
0.750818
-0.459744
0.158287
0.131786
-0.165499
0.053944
-0.298246
0.222329
-0.247699
0.0711065
0.0815382
-0.0432518
0.0272355
0.774686
0.41345
-0.108693
-0.0953536
-0.192289
0.0353293
0.0421086
-0.151357
-0.0854719
-0.0799131
-0.499996
-0.336497
0.0
0.0
0.0
0.0
0.0
0.0
0.0
0.0
0.0
0.0
0.0
0.0
0.0
0.0
0.0
0.0
0.0
0.0
0.0
0.0
0.0
0.0
0.0
0.0
0.0
0.0
0.0
0.0
0.0
0.0
0.0
0.0
0.0
0.0
0.0
0.0
0.0
0.0
0.0
0.0
0.0
0.0
0.0
0.0
0.0
0.0
0.0
0.0
0.133048
-0.0113692
0.0372043
0.168808
0.136732
-0.0796405
0.104277
-0.0699632
0.25189
0.528633
0.359192
0.261084
-1.08115
-0.188985
0.217821
-0.284214
0.0941492
0.122785
0.141261
-0.0660842
-0.0580108
-0.127861
0.399831
0.468154
0.0202848
0.779951
-0.206269
0.231377
0.379799
-0.102148
0.0498165
-0.00914706
0.480572
-0.153685
0.130071
0.117659
-0.13732
0.0505994
0.533789
0.232347
-0.14843
-0.00547669
-0.203061
0.123576
-0.341614
-0.326174
-0.0686741
0.8806
-0.21761
-0.0344322
0.0
0.0
0.0
0.0
0.0
0.0
0.0
0.0
-0.459397
0.0
0.0
0.0
0.0
0.0
0.0
0.0
0.0
0.0
0.0
0.0
0.0
0.0
0.580906
0.0
0.0
0.0
0.0
0.0
0.0
0.0
0.0
0.0
0.0
0.0
0.0
0.0
0.0
0.0
0.0
0.0
0.0
0.0
0.186213
0.0
0.0
0.0
0.0
0.0
0.0
0.0136293
-0.00539117
0.292498
0.0141115
-0.064167
-0.0295266
0.222927
-0.0568884
0.254258
0.274378
0.00386546
-0.43467
0.0761179
0.0875725
-0.204647
0.0778349
-0.030445
0.0413235
-0.0522384
-0.0831507
0.0716411
0.501953
0.492994
-0.239238
0.378788
-0.0108337
0.178682
0.160161
0.0701212
0.193478
-0.387171
0.344175
-0.0112359
0.0862215
0.201584
0.0110153
0.196206
0.259121
0.240069
-0.167066
0.039441
0.0819903
0.0382702
0.0267325
-0.547766
-0.288519
-0.0221513
-0.183021
0.321051
0.0
0.0
0.0
0.0
0.0
0.0
0.0
0.0
0.0
0.0
0.0
0.0
0.0
0.0
0.283184
0.0
0.0
0.0
0.0
0.0
0.0
0.0
0.0
0.0
0.0
0.0
0.0
0.0
0.0
0.0
0.0
0.0
0.0
0.0
0.0
0.0
0.0
0.0
0.0
0.0
0.0
0.0
0.0
0.0
0.0
0.0
0.0
0.0
0.0
0.0
0.0
0.0
0.0
0.0
0.0
0.0
0.0
0.0
0.0
0.0
0.0
0.0
0.0
0.0
0.0
0.0
0.0
0.0
-1.26855
0.0
0.0
0.0
0.0
0.0
0.0
0.0
0.0
0.0
0.0
0.0
-1.14154
0.0
0.0
0.0
0.0
0.0
0.0
0.0
0.0
0.0
0.0
0.0
0.0
0.0
0.0
0.0
0.0
0.0
0.0
0.0
0.0
0.0
0.337157
0.0
0.0
0.0
0.0
0.0
0.0
0.0
0.0
0.0
0.0
0.0
0.0
0.0
0.0
0.0
0.0
0.0
0.0
0.0
0.0
-1.01052
0.0
0.0
0.0
0.0
2.16444
0.139142
0.0
0.0
0.0
0.0
0.0
0.0
0.0
0.0
0.0
0.0
0.0
0.0
0.0
0.0
0.0
0.0
0.0
0.0
0.0
0.0
0.0
0.0
0.0
-0.784875
0.0
0.0
0.0
0.0
0.0
0.0
0.0
0.0
0.0
0.478338
0.0
0.0
0.0
0.0
0.0
0.0
0.0
0.0
0.0
0.0
0.0
0.0
0.0
0.0
0.0
0.0
0.0
0.0
0.0
0.0
0.0
0.0
0.0
0.0
-0.139798
0.0
0.0
0.0
0.0
0.0
0.0
0.0
0.0
0.0
0.0
0.0
-0.0479233
0.0
0.0
0.0
0.0
0.355959
0.0
0.0
0.0
0.0
0.0
0.0
0.0
0.0
0.0
0.0
0.0
0.0
0.0
0.0
0.0
0.0
0.0
0.0
0.0
0.0
0.0
0.0
0.0
0.643543
0.0
0.0
0.0
0.0
0.0
0.0
0.0
0.0
0.0
1.94511
0.0
0.0
0.0
0.0
0.0
0.0
0.0
0.0
0.0
0.0
0.0
0.0
0.0
0.0
0.0
0.0
-1.07106
0.0
0.0
0.0
0.0
0.0
0.0
0.0
0.0
0.0
0.0
0.0
0.0
0.0
1.2771
0.0
0.0
0.0
0.0
0.0
0.0
0.114041
0.0
0.0
0.0
0.0
0.0
0.0
0.0
0.0
0.0
0.0
0.0
0.0
0.0
0.0
0.0
0.0
0.0
0.0
0.0
0.0
0.0
0.0
0.0
0.0
0.0
0.0
0.0
0.0
0.0
0.0
0.0
0.0
0.0
0.0
0.0
0.0
0.0
0.0
0.0
0.209231
0.0
0.0
0.0
0.0
0.0
0.0
0.0
0.0
0.0
0.0
0.0
0.0
0.0
0.0
0.0
0.0
0.0
0.0
0.0
0.455917
0.0
0.0
0.0
0.0
0.0
0.0
0.0
0.0
0.0
0.0
0.0
0.0
0.0
0.0
0.0
0.0
0.0
0.0
0.0
0.0
0.0
1.86933
0.0
0.0
0.0
0.0
0.0
0.0
0.0
0.0
-0.124725
0.0
0.0
0.0
0.0
0.0
0.754628
0.0
0.0
-0.381938
0.0
0.0
0.0
0.0
0.0
0.0
0.0
0.0
0.0
0.0
0.0
0.0
0.0
0.0
0.0
0.0
0.0
0.0
0.0
0.0
0.0
0.0
0.0
0.0
0.0
0.0
0.0
0.0
-0.263342
0.0
0.0
0.0
0.0
0.0
0.0
0.0
0.0
0.0
0.0
0.0
0.0
0.0
0.0
0.0
-1.23296
0.0
0.0
0.0
0.0
0.0
0.0
0.0
0.0
0.0
0.0
0.0
0.0
0.622225
0.0
0.0
0.0
0.0
0.0
0.00778888
0.0858073
0.195939
0.52425
-0.10111
0.241365
-0.051285
-0.0577252
0.699977
0.929707
0.671436
-1.05908
-0.039254
0.269395
-0.669381
0.174287
0.0278827
0.0545296
-0.0632046
-0.0213151
-0.484444
0.385667
-0.14765
0.487461
0.820215
-0.488716
-0.0514075
0.261017
0.0157267
0.0747888
-0.0451004
0.369853
-0.376317
0.203257
0.142451
-0.170357
-0.279077
0.734069
0.382247
-0.147678
-0.0907741
0.0428751
0.0516294
0.259425
0.132087
-0.0249956
-0.305569
-0.373081
-0.267302
0.0
0.0
0.0
0.0
0.0
0.0
0.0
0.0
0.0
0.0
0.0
0.0
0.0
0.0
0.0
0.0
0.0
0.0
-0.842268
0.0
-0.895628
0.0
0.0
0.0
0.0
0.0
0.0
0.0
0.0
0.0
2.04641
0.0
0.0
0.0
0.0
0.0
0.0
0.0
0.0
0.0
0.0
0.0
0.0
0.0
0.0
-0.85486
0.0
0.0
0.0
0.0764748
0.0
0.0
0.0
0.0
0.0
0.0
0.0
0.0
0.0
0.0
0.0
0.0
0.0
0.0
0.0
0.0
0.0
0.0
1.79588
0.0
0.0
0.0
0.0
0.0
0.0
0.0
0.0
0.0
1.49075
-1.17502
0.0
0.0
0.0
-0.4293
0.0
0.0
0.0
0.0
-0.651151
0.0
0.0
0.0
0.0
0.0
0.0
-0.430009
0.0
0.0
0.0
0.0
0.0
0.0
0.0
0.0
0.0
0.0
0.0
0.0
0.0
0.0
0.0
0.0
0.0
0.0
0.0
0.0
0.0
0.0
-0.777844
0.0
0.0
0.0
0.0
0.0
0.0
0.0
0.0
0.0
0.0
0.0
0.0
0.0
0.0
0.0
0.0
0.0
0.0
0.0
0.0
0.0
-1.50888
0.0
0.0
0.0
0.0
0.0
0.0
0.0
0.0
0.0
0.0
0.0
0.0
0.0
0.0
0.0
0.0
0.0
0.0
0.0
0.0
0.0
0.0
0.0
0.0
0.0
0.0
0.0
0.0
0.0
0.0
0.0
0.0
0.0
0.0
0.0
0.0
0.0
0.0
0.0
0.0
0.0
0.0
0.0
0.0
0.0
0.0
0.0
-0.390551
0.0
0.0
0.0
0.0
0.0
0.0
0.0
0.0
0.0
0.0
0.0
0.0
0.0
0.0
-0.91313
0.0
0.0
0.0
0.0
0.0
0.0
0.0
0.0
0.0
0.0
0.0
0.0
0.0
0.0
0.0
0.287358
0.0
0.0
0.0
0.0
0.0
0.0
0.0
0.0
0.0
0.0
0.0
0.0
0.0
0.0
0.0
0.0
0.0
0.0
0.0
0.0
0.428161
0.0
0.0
0.0
0.0
-0.440409
0.0
0.0
0.0
0.505176
0.0
0.0
0.0
0.230525
0.0
0.0
0.0
0.0
0.0
0.0
0.0
0.0
0.0
0.0
0.0
0.0
0.0
0.0
0.0
0.0
0.0
0.0
0.0
1.11853
0.0
0.0
0.0
0.0
0.0
0.0
0.0
0.0
0.0
0.0
0.0
0.0
0.0
0.0
0.0
0.0
0.0
0.0
-0.068728
0.0
-0.00421077
0.099516
0.167786
0.157023
-0.072722
-0.059806
0.299955
-0.176344
0.0222823
0.482088
-0.178212
-0.459465
0.0811036
0.0647011
-0.235691
0.00343224
0.187284
0.00725272
0.0335982
0.0800087
0.0368572
0.419095
0.305247
-0.171957
0.239826
-0.183299
0.359413
0.153583
0.0875923
0.0956081
-0.243132
0.330985
0.0962013
-0.039176
0.261938
0.0521235
0.0761327
0.105675
0.121211
-0.172622
0.0103926
0.0186776
-0.022489
0.00658498
-0.399674
-0.375755
0.146892
-0.113268
0.277634
0.0
0.0
0.0
0.0
0.0
0.0
0.0
-1.90483
0.0
0.0
0.0
0.0
0.0
0.0
0.0
0.0
0.0
0.0
0.0
0.0
0.0
0.0
-1.08016
0.0
0.0
0.0
0.0
0.0
0.0
0.0
0.0
0.0
0.0
0.0
0.0
0.0
0.0
0.0
0.0
-1.04966
0.0
0.0
0.0
0.0
0.0
0.976194
0.0
0.0
0.0
0.0
0.0
0.0
0.0
0.0
0.0
0.0
0.0
-0.218112
0.0
0.0
0.0
0.0
0.0
0.0
0.0
0.0
0.0
0.0
0.0
0.0
0.0
0.0
0.0
0.0
0.0
0.0
0.0
0.0
0.0
0.0
0.0
0.0
-0.133658
0.0
0.0
0.0
0.0
0.0
0.0
0.0
0.0
0.0
0.0
0.0
0.0
0.0
0.0
0.0
0.0
0.0
0.0
0.0
0.0
0.0
0.0
0.0
0.0
0.0
0.0
0.0
0.0
0.0
0.0
0.0
0.0
0.0
0.0
0.0
0.0
0.0
0.0
0.0
0.0
0.0
0.0
0.0
0.0
0.875136
0.0
0.0
0.0
0.0
0.0
0.0
0.0
0.0
0.0
0.0
0.0
0.0
0.0
0.0
0.0
0.0
0.0
0.0
0.0
0.0
0.0
0.0
0.0
0.0
0.0
0.0
0.0
-1.34
0.0
0.0
0.0
0.0
0.0
0.0
0.0
0.0
0.0
0.0
0.0
0.0
0.0
0.0
0.0
0.46109
0.0
0.0
0.0
0.0
0.0
0.0
0.0
0.0
0.0
0.0
0.877864
0.0
0.0
0.0
0.0
0.0
0.0
0.0
0.0
0.639567
0.0
0.0
0.0
0.0
0.0
0.174852
0.0
0.0
0.0
1.6124
0.0
0.0
0.0
0.0
0.0
0.0
0.0
0.0
0.0
0.0
0.0
0.0
0.0
0.0
0.0
0.0
0.0
0.0
0.0
0.0
0.0
0.0
0.0
0.0
0.0
0.0
0.0
0.0
0.567697
0.0
0.0
0.0
0.0
0.0
0.0
0.0
0.0
0.0
0.0
0.0
0.0
0.0
0.0
0.0783313
-0.351588
0.335864
0.46364
-0.150532
0.325652
-0.037748
0.915096
0.846617
1.14403
0.552582
-0.93957
-0.125274
-0.295397
-0.809703
0.0907556
0.438345
-0.286549
-0.29794
0.182679
-0.516433
0.302396
-0.723892
0.597583
1.05408
-1.04212
-0.0965637
0.686765
0.209986
0.0967423
0.172846
0.537424
-0.205883
0.340692
0.268074
-0.473769
-0.194961
0.587803
0.397062
-0.310177
0.0437999
0.778556
0.319336
1.40278
0.169912
0.0665494
-0.575417
-0.213266
-0.237581
0.0
-0.273435
0.0
0.0
0.0
0.0
0.0
0.0
0.0
0.0
0.0
0.0
0.0
0.0
0.0
0.0
0.0
0.0
0.0
0.0
0.0
0.0
0.0
0.0
0.0
0.0
0.0
0.0
0.0
0.0
0.0
0.0
0.0
-0.0324542
0.0
-1.22978
0.0
0.0
0.0
1.26865
0.0
-0.0605247
0.0
0.0
0.0
0.0
0.0
0.0
0.0
0.0
-1.26508
0.0
0.0
0.0
0.0
0.0
0.0
0.0
0.0
0.0
0.0
0.0
0.0
0.0
0.0
0.801958
0.0
0.0
0.0
0.0
0.0
0.0
0.0
0.0
0.0
0.0
0.0
0.0
0.0
0.0
0.0
-0.484815
0.0
0.0
0.0
0.0
0.0
-0.717038
0.0
0.0
0.0
0.0
0.0
0.0
0.0
0.0
0.0
0.0
0.0
0.0
0.0
0.0
0.0
0.0
0.0
0.0
0.0
0.0
0.0
0.0
0.0
0.0
0.0
0.0
0.0
0.0
0.0
0.0
-0.406368
-0.0425175
0.0
0.0
0.0
0.0
0.0
0.0
0.0
0.0
0.0
-0.381414
0.0
0.0
0.0
0.0
0.0
-0.587274
0.0
0.0
0.0
0.0
0.0
0.0
0.0
0.0
0.0
0.0
0.0
0.0
0.0
0.0
0.0
0.0
0.0
2.30772
0.0
0.0
0.0
0.0
0.0
0.0
0.0
0.0
-0.104815
0.0
0.0
0.0
0.0
0.0
0.0
0.0
0.0
0.0
0.0
0.44591
0.0
0.0
0.0
0.0
0.0
0.0
0.0
0.0
0.0
-0.730455
0.0
0.0
0.0
0.0
0.0
0.0
0.0
0.0
0.0
0.0
0.0
0.0
0.0
0.0
0.0
0.0
0.0
0.0
0.0
0.0
0.0
0.0
0.0
0.0
0.0
0.0
0.0
0.0
0.0
0.0
0.0
0.0
0.0
0.0
0.0
0.0
0.0
0.0
0.0
0.0
0.0
0.0
0.0
0.0
0.0
0.0
0.0
0.0
0.0
0.0
0.0
0.0
0.0
0.0
0.0
1.42524
0.0
0.0
0.0
0.0
0.0
-0.668666
-1.03838
0.0
0.0
0.0
0.0
0.0
0.0
0.0
0.0
0.0
0.0
0.0
0.0
0.0
0.0
0.0
-0.0868839
0.0
0.0
0.0
0.0
0.0
0.0
0.0
-1.64091
0.0
0.0
0.0
0.0
0.0
0.0
0.0
0.0
0.0
0.0
0.0
0.0
0.0
0.0
0.0
0.0
0.0
0.0
0.0
0.0
0.0984355
0.0
0.0
-0.849747
0.0
0.0
0.0
0.0
0.0
0.0
0.0
0.0
0.0
0.0
0.0
0.0
0.0
0.0
0.0
0.0
0.0
0.0
0.0
0.0
0.0
0.0
0.0
0.0
0.0
0.0
0.0
0.0
-0.776055
-0.958774
0.0
0.0
0.0
0.0
0.0
0.0
0.0
0.0
0.0
0.0
0.0
0.0
0.0
0.0
0.0
0.0
0.0
0.0
0.0
0.0
0.0
0.0
0.0
0.0
0.692108
0.0
0.0
0.0
0.0
0.0
0.0
0.0
0.0
0.131159
0.0
0.0
0.0
0.0
0.0
0.0
0.0
0.0
0.0
0.0
0.0
0.0
0.0
0.0
-0.0118878
0.0
0.0
0.0
0.0
0.0
0.0
0.0
0.0
0.0
0.0
0.0
0.0
0.0
0.0
0.0
0.0
0.0
0.0
0.0
0.0
0.0
0.0
0.0
0.0
0.0
0.0
1.2441
0.0
0.0
0.0
0.0
0.0
0.0
0.428198
0.0
0.0
0.0
0.0
0.0
0.0
1.12723
0.0
0.0
0.0
0.0
0.0
0.0
-1.01143
0.0
0.0
0.0
0.0
0.0
0.0
0.0
0.0
0.0
0.0
0.0
0.0
0.0
0.0
-0.235907
0.0
0.0
0.0
0.0
-0.0579248
0.0996555
0.227965
-0.0896941
-0.0357156
0.16845
0.21671
-0.0122183
0.126781
-0.00209814
0.572169
-0.323395
0.368574
-0.0541142
-0.260133
0.0845122
-0.562776
0.241661
0.143717
-0.259282
-0.0236704
0.389104
0.767004
0.214054
-0.0697032
0.10643
0.563296
-0.37193
-0.408829
-0.974189
-0.378257
0.113535
-0.138084
0.0843522
0.0892355
0.41033
-0.22097
-0.286282
-0.250678
0.206275
-0.00546115
-0.258466
-0.0215839
-0.344737
-1.72931
-0.626571
-0.827851
-0.273283
0.283236
0.0
0.0
0.0
0.0
0.0
0.0
0.0
0.0
0.0
0.0
0.0
0.0
0.0
0.0
0.0
0.0
0.0
0.0
0.0
0.0
0.0
0.0
0.0
0.0
0.0
0.0
0.0
0.0
0.755183
0.0
0.0
0.0
0.0
0.0
0.0
0.0
0.0
0.0
0.0
0.0
0.0
0.0
0.0
0.0
0.0
0.0
0.0
0.887922
0.0
0.0
0.0
0.0
0.0
0.0
0.0
0.0
0.0
0.0
0.0
-0.15565
0.0
0.0
0.0
0.0
0.0
0.0
0.0
0.0
0.0
0.0
0.0
0.0
0.0
0.0
0.0
0.0
0.0
0.0
0.0
-0.415003
0.0
0.0
0.0
0.0
0.0
0.0
0.0
0.0
0.0
0.0
0.0
0.0
-1.412
0.0
0.0
0.0
0.0
0.0
0.0
0.0
0.0
0.0
0.0
0.0
0.0
0.0
0.0
0.0
0.0
1.41623
0.0
0.0
0.0
0.0
0.0
0.0
0.0
0.0
0.0
0.0
0.0
0.740963
0.0
0.0
0.549363
0.701778
-0.10428
0.0
0.0
0.0
0.0
0.0
0.0
0.0
0.0
0.0
0.0
0.0
0.0
0.0
0.0
0.0
0.0
0.0
0.0
0.0
0.0
0.0
0.0
0.0
0.0
0.0
0.0
0.0
0.0
0.0
0.0
0.0
0.0
0.0
0.0
0.0
0.0
0.0
0.0
0.0
0.24227
0.0
0.0
0.0
0.0
0.0
0.0
0.0
0.0
0.0
0.0
0.0
0.0
-0.128945
0.0
0.0
0.0
0.0
0.0
0.0
0.0
0.0
0.0
0.0
0.0
0.0
0.0
0.0
0.0
0.0
0.783929
0.822143
0.0
0.0
0.0
0.0
0.0
0.0
0.0
0.0
0.0
0.0
0.0
0.0
0.0
0.0
0.0
0.0
0.0
0.0
0.0
0.460813
0.0
0.0
0.0
0.0
0.0
0.0
0.0
0.0
0.0
0.0
0.0
0.0
0.0
0.0
0.0
0.0
0.0
0.0
0.0
0.0
0.0
0.0
0.0
0.0
0.0
0.0
0.0
0.0
0.0
0.0
0.0
0.0
0.0
0.0
0.0
0.0
0.0
0.0
0.0
0.0
0.0
0.0
0.0
0.0
0.0
0.0
0.0
0.0
0.0
0.0
0.0
0.0
0.0
0.0
0.0
0.0
0.0
0.0
0.0
0.0
0.0
0.0
0.0
0.0
-1.64919
0.0
0.0
0.0
0.0
0.0
0.0
0.0
0.0
0.0
0.0
0.0
0.0
0.0
0.0
0.0
0.0
0.0
0.0
0.0
0.0
-2.48545
0.0
0.0
0.0
0.0
0.0
0.0
0.0
0.0
0.0
0.0
0.0
0.0
0.0
0.0
0.0
0.0
0.0
0.0
0.21703
0.0
0.0
0.0
-0.194249
0.0
0.0
0.0
0.0
0.0
0.0
0.0
0.0
0.0
0.0
0.0
0.0
0.0
0.0
0.0
0.0
0.0
0.0
0.0
0.0
0.0
0.0
0.0
0.0
0.0
0.0
0.0
0.0
0.0
1.04594
0.0
0.0
0.0
0.0
-0.365462
0.0
0.0
0.0
0.0
0.0
0.0
0.0
0.0
0.0
0.0
0.0
0.0
0.0
0.0
0.0
0.0
0.0
0.0
0.0
0.0
0.0
0.0
0.0
0.0
0.0
0.0
0.0
0.0
0.0
0.0
0.0
0.0
0.0
0.0
1.6239
0.0
0.0
0.0
0.0
0.0
0.0
0.0
0.0
0.0
0.0
0.0
0.0
0.0
0.0
0.0
0.0
0.0
0.0
0.0
0.0
0.0
0.0
0.0
0.0
0.0
0.0
-0.314058
0.0
0.0
0.0
0.0
0.0
0.0
0.0
0.0
0.0
0.0
0.0
0.0
0.0
0.0
0.0
0.0
0.976372
0.0
0.0
0.0
0.0
0.0
0.0
-1.02321
0.0
0.0
0.0
0.0
0.0
0.0
0.0
0.0
0.0
0.0
-0.548713
0.0
0.0
0.0
0.0
-1.19115
0.0
0.0
0.0
0.0
0.0
0.0
0.0
-1.49342
0.0
0.0
0.0
0.0
0.0
0.0
-1.64508
0.0
0.0
0.0
0.0
0.0
0.0
0.0
0.0
0.0
0.0
0.0
0.0
0.0
0.0
0.0
0.0
0.0
0.0
0.0
0.0
0.0
0.0
0.0
0.0
0.0
1.16659
0.0
-0.182842
0.0
0.0
0.0
0.0
0.0
0.0
0.0
0.0
0.0
0.0
0.0
0.0
0.0
0.0
0.0
0.0
0.0
0.0
0.0
0.0
0.0
0.0
0.0
0.0
0.0
0.0
0.0
0.0
0.0
0.0
0.0
0.0
0.0
0.0
0.0
0.0
1.01382
0.0
0.0
0.0
0.0
0.0
0.0
0.0
0.0
0.0
0.0
0.0
0.0
0.0
0.0
0.0
0.0
0.0
0.0
0.0
0.0
0.0
0.0
0.0
0.0
0.0
0.0
0.0
0.0
0.0
0.0
0.0
0.0
0.422667
0.0
0.0
0.0
0.0
0.0
0.0
0.0
0.0
0.0
0.0
0.0
0.0
0.0
0.0
0.0
-1.42477
0.0
0.0
0.0
0.0
0.356235
0.0
0.0
0.0
0.0
0.0
0.0
0.0
0.0
0.243405
0.0
0.0
0.0
1.37505
0.0
0.0
0.0
0.0
0.0
0.0
0.0
0.0
0.0
0.0
0.0
0.0
0.0
0.0
0.0
0.0
0.0
0.0
0.0
0.0
0.0
0.0
0.0
0.0
0.0
0.0
0.0
0.0
0.0
0.0
0.0
-0.133764
0.0
0.0
0.0
0.0
0.0
0.0
0.0
0.0
0.0
0.0
0.0
0.0
0.508036
0.0
0.0
0.0
0.0
0.0
0.0
0.0
0.0
0.0
0.0
0.0
0.0
0.0
0.0
0.0
0.0
0.0
0.0
0.0
0.0
0.0
0.0
0.0
0.0
0.0
0.0
0.0
0.0
0.0
0.0
0.0
0.0
0.0
0.0
0.0
0.0
0.0
0.0
0.0
0.0
0.0
0.0
0.0
0.0
0.0
0.0
0.1778
0.0
-0.590928
0.0
0.0
0.0
0.0
0.0
0.0
0.0
0.0
0.0
0.0
0.0
0.0
0.0
0.0
0.0
0.0
0.0
0.0
0.0
0.0
0.0
0.0
0.0
0.0
0.0
0.0
0.0
0.0
0.0
0.0
0.0
0.0
0.0
0.0
0.0
0.0
0.0
0.0
0.0
0.0
0.0
0.0
0.0
0.0
0.0
0.0
0.0
0.0
0.0
0.0
1.01434
0.0
0.0
0.0
0.0
0.0
0.0
0.0
0.0
0.0
0.0
0.0
0.0
0.0
0.0
0.0
0.0
0.0
0.0
0.0
0.0
0.0
0.0
0.0
0.0
0.0
0.0
0.0
0.0
0.0
0.0
0.0
0.0
0.0
0.0
-1.6783
0.0
0.0
0.0
0.0
0.0
0.0
0.0
0.0
0.0
2.15169
0.0
0.0
0.0
0.0
0.0
0.0
0.0
0.0
0.0
0.0
0.0
0.0
0.0
0.0
0.0
0.0
0.0
0.0
0.0
0.0
0.0
0.0
0.0
0.0
0.0
0.0
-1.61975
0.0
1.11074
0.0
0.0
0.0
0.0
0.0
0.0
0.0
0.73292
0.0
0.0
0.0
0.0
0.0475827
0.0
0.0
0.0
0.0
0.0
0.0
0.0
0.0
0.0
0.0
0.0
0.0
0.0
0.0
0.0
0.0
0.0
0.0
-0.232666
0.0
0.0
0.0
0.0
0.0
0.0
0.0
0.0
0.0
0.0
0.0
0.0
0.0
0.0
1.33528
0.0
0.0
0.0
0.0
0.0
-0.0168542
0.322015
0.18906
0.381577
-0.0485739
-0.352799
0.200953
0.803144
0.432432
-1.20028
0.25784
-1.28828
0.0714352
0.490466
-1.39574
-0.158176
0.0946457
0.225593
-0.106316
0.259591
-1.11728
0.0056942
-0.207552
-0.0268763
0.464391
-0.73583
0.781257
-0.22713
-0.294384
0.243461
0.289201
0.0614132
-0.106943
-0.622648
0.221539
-0.205247
-0.240874
0.386924
0.221968
0.255008
-0.0258541
0.112577
-0.098823
-0.393704
0.0202078
-0.0927809
-0.0196302
-0.634451
-0.452227
0.0
0.0
0.0
0.0
0.0
0.0
0.0
0.0
0.0
0.0
0.0
0.0
0.0
0.0
0.0
0.0
0.0
0.0
0.0
0.0
0.0
0.0
0.0
0.0
0.0
0.0
0.0
0.0
0.0
0.0
0.0
0.0
0.0
-0.553883
0.0
0.0
0.0
0.0
0.0
0.815505
0.0
0.467482
0.0
0.0
0.0
0.0
0.0
0.0
0.0
0.0
0.0
0.0
0.0
-1.58344
0.0
0.0
0.0
0.0
0.0
0.0
0.0
0.0
0.0
0.0
0.0
0.0
0.0
0.0
0.0
0.0
0.0
0.0
0.0
0.0
0.0
0.0
0.0
0.0
0.0
0.0
0.0
0.0
0.0
0.0
0.0
0.0
0.0
0.0
0.0
0.844123
0.0
1.96426
0.0
0.0
0.112541
0.0
0.0
0.0
0.0
0.0
0.0
0.0
0.0
1.07153
0.0
0.0
0.0
0.0
0.0
0.0
0.0
0.0
0.0
0.0
0.0
0.0
0.0
0.0
0.0
0.0
0.40383
0.0
0.0
0.0
1.28313
0.0
0.0
0.0
0.0
-1.56199
0.0
0.0
0.0
0.0
0.0
0.0
0.0
0.0
0.0
0.0
0.0
0.0
0.0
0.0
0.0
0.0
0.0
0.0
0.0
0.0
0.0
0.0
0.0
0.0
0.0
0.0
0.0
0.637661
0.0
0.0
0.0
0.0
0.0
0.0
0.0
0.0
0.0
0.0
0.0
0.0
0.0
0.0
0.0
0.0
0.0
0.0
0.0
0.0
0.0
0.0
0.0
0.0
0.0
0.0
0.0
0.0
0.0
0.0
0.0
0.0
0.0
0.0
0.0
0.0
0.0
0.0
0.0
0.0
0.0
0.0
0.0
0.0
0.0
0.0
0.0
0.0
0.0
0.0
0.0
0.0
0.154772
0.0
0.0
0.0
0.0
0.0
0.0
0.0
0.0
0.0
0.0
0.0
0.0
0.0
0.0
0.0
0.0
0.0
0.0
0.0
0.0
0.0
0.0
0.0
0.0
0.0
0.0900868
0.0
0.0
0.0
0.0
0.0
0.0
0.0
0.0
0.0
0.0
0.0
0.0
0.0
0.0
0.0
0.0
0.0
0.0
0.0
0.0
0.0
0.0
0.0
0.0
0.0
0.0
0.0
0.0
0.0
0.0
0.0
0.0
0.0
0.0
0.0
0.0
0.0
0.0
0.0
0.0
0.0
0.0
0.0
0.0
0.0
0.0
0.0
0.0
0.0
0.0
0.0
0.0
0.0
0.0
0.0
0.0
0.0
0.0
0.0
0.0
0.0
0.0
0.0
0.0
0.0
1.93384
0.0
0.0
0.0
0.0
-0.486146
1.15466
0.0
0.0
0.0
0.0
0.0
0.0
0.0
0.0
0.0
0.0
0.0
0.0
0.0
0.0
0.0
0.0
0.0
0.0
0.0
0.0
0.0
0.655475
0.0
0.0
0.0
0.0
0.0
0.0
0.0
0.0323572
0.0
0.0
0.0
0.0
0.0
0.0
0.0
0.0
0.0
0.0
0.0
0.091594
1.54627
0.0
0.0
0.0
0.0
0.0
-0.0769259
0.0
0.116654
0.0
0.0
0.0
0.0
0.0
0.0
0.0
0.0
0.0
0.0
0.0
0.0
0.0
0.0
0.0
0.0
0.0
1.04843
0.0
0.0
0.0
0.0
0.0
0.0
0.0
0.0
0.0
0.0
0.0
0.0
0.0
-0.514673
0.0
0.0
0.0
0.0
0.0
0.0
0.0
0.0
0.0
0.0
0.0
0.0
-0.278093
0.0
0.0
0.0
0.0
2.47864
0.0
0.0
0.0
0.0
0.0
0.0
0.0
0.0
0.0
0.0
0.0
0.0
0.0
0.0
-0.56018
0.0
0.0
0.0
0.0
0.0
0.0
0.0
0.0
0.0
0.0
0.0
0.0
0.0
0.0
0.523052
0.0
0.0
0.0
0.0
0.0
0.0
0.0
0.0
0.0
0.0
0.0
0.0
0.0
-1.94061
1.22748
0.0
0.0
0.0
0.0
-0.0200452
0.0
0.0
0.0
0.0
0.0
0.0
0.0
0.0
0.0
0.0
0.0
0.0
0.0
0.876904
0.0
0.0
0.0
1.95677
0.0
0.0
0.0
0.0
0.0
0.0
0.0
0.0
0.0
0.0
0.0
0.0
-1.39116
0.0
0.0
0.0
0.0
0.0
0.0
0.0
0.0
0.0
0.0
0.0
0.0
0.0
0.0
0.0
0.0
0.0
0.0
0.0
0.0
0.0
0.0
0.0
0.0
0.0
0.0
0.0
0.0
0.0
0.0
0.0
0.0
0.0
0.566189
0.0
0.0
0.0
0.0
0.0
0.0
0.0
0.0
0.0
0.0
0.0
0.0
0.0
0.0
0.00534183
0.0170384
0.272698
0.122219
0.0269472
-0.0922815
0.189661
0.143408
-0.298631
0.307523
-0.22711
-0.312029
0.258213
-0.175599
-0.260914
0.11543
-0.0585073
-0.320126
-0.0349945
-0.0102985
-0.142372
0.146998
0.124405
-0.11893
-0.08366
0.173421
0.383011
0.130584
0.194187
0.139667
-0.0385632
0.315588
0.341726
0.12043
0.179139
0.184578
-0.0186204
-0.196883
0.113407
0.0121462
-0.149753
-0.117649
-0.0560113
-0.193744
-0.263997
-0.560624
0.104084
-0.107352
0.701975
-0.391053
0.0
0.0
0.0
0.0
0.0
0.0
0.0
0.0
0.0
0.0
0.0
0.0601106
0.0
0.0
0.0
0.0
0.0
0.0
0.0
0.0
0.0
0.0
0.0
0.0
0.0
0.0
0.0
0.334653
0.0
0.0
0.0
0.0
0.0
0.0
0.0
0.0
0.0
0.0
0.0
0.0
0.0
0.0
0.0
0.0
0.0
0.0
0.0
-0.0315015
-0.141979
0.174525
-0.173939
-0.398509
-0.0520757
-0.331501
0.604512
1.27698
1.27773
-1.56869
0.158716
-1.30231
0.0619642
0.595342
-0.693926
-0.166553
0.378471
0.0424142
0.0950734
0.31225
-1.28455
-1.08241
-0.242934
-0.506475
0.494839
-0.480607
1.54006
-0.654968
-0.38172
0.000444283
-0.026131
-0.0474794
0.241478
-1.02925
0.309261
-0.334553
0.193302
0.683169
0.358281
0.176051
0.182307
0.13466
-0.234697
-0.351754
0.234152
-0.0874237
0.246744
-0.685538
-0.812549
0.0
0.0
0.0
0.0
0.0
0.0
0.0
0.0
0.0
0.0
-0.501903
0.0
0.0
0.0
0.0
0.0
0.0
0.0
0.0
0.0
0.0
0.0
0.0
0.0
0.0
0.0
0.0
0.0
0.0
0.0
0.0
0.0
0.0
0.0
0.0
0.0
0.0
0.0
0.0
0.0
0.0
0.0
0.0
0.0
0.0
0.0
0.0
0.0
0.0
0.0
0.0
0.0
0.0
-0.675285
0.587022
0.0
1.76257
0.0
0.0
0.0
0.0
0.0
0.0
0.0
0.0
0.0
0.0
0.0
0.0
0.0
0.0
0.0
-0.0672923
0.0
0.0
0.0
0.0
0.0
0.0
0.0
0.0
0.0496146
0.0
0.0
0.0
0.0
0.0
-0.152278
0.0
0.0
0.0
0.0
0.0
0.0
0.0
0.0
0.0
-1.01951
0.0
0.339069
0.0
0.0
0.0
0.0
0.0
0.0
0.0
0.0
0.0
0.0
0.0
0.0
0.0
0.0
0.0
0.0
0.0
0.0
0.0
0.0
0.0
0.0
0.0
0.0
0.0
0.0
0.0
0.0
0.0
0.0
0.0
0.0
0.0
0.0
0.0
0.0
0.0
-0.622169
0.795672
0.0
0.0
0.0
0.0
0.0
0.0
0.0
0.0
0.0
0.0
0.0
0.0
0.0
0.0
0.0
0.0
0.0
0.0
0.0140072
0.0
0.0
0.0
0.0
0.0
0.0
0.0
0.0
0.0
0.0
0.0
0.0
0.0
0.0
0.0
0.0
-1.47539
0.0
0.0
0.0
0.0
0.0
0.0
0.0
0.693776
0.0
0.0
0.0
0.0
0.0
0.0
0.0
0.0
0.0
0.0
0.0
0.0
0.0
0.0
0.0
0.0
-0.468005
0.0
0.0
0.0
0.0
0.0
0.0
-0.16299
0.0
1.35681
0.0
0.0
0.0
0.0
0.232269
0.0
0.0
0.0
0.0
0.0
0.0
0.0
0.0
0.0
0.0
0.0
0.0
0.0
0.0
0.0
0.0
0.0
0.0
0.0
0.0
0.0
0.0
0.0
0.0
0.0
0.0
0.0
0.0
0.0
0.0
0.0
0.0
0.0
0.0
0.0
0.0
0.0
0.0
0.0
0.0
0.0
-0.493923
1.32719
0.0
0.0
0.0
0.0
0.0
0.0
0.0
0.0
0.0
-0.258036
0.0
0.0
0.0
0.0
0.0
0.0
1.8544
0.0
0.0
0.0
0.0
0.0
0.0
0.0
0.0
0.0
0.0
0.0
0.0
0.0
0.0
0.0
1.15461
0.0
0.0
0.0
0.0
0.0
0.0
0.51352
0.0
0.0
0.0
0.0
0.0
0.0
0.0
0.0
0.0
0.0
0.0
0.251834
0.0
0.0
0.0
0.0
0.0
0.0
0.0
0.0
0.0
0.0802071
0.0
0.0
0.0
0.0
0.0
0.0
0.0
0.0
0.0
0.100645
0.0
0.0
0.0
0.0
0.0
0.0
0.0
0.0
0.0
0.0
0.0
0.0
0.0
0.0
0.0
0.0
0.0
0.0
0.0
0.0
0.0
0.0
0.0
0.692106
0.0
0.0
0.0
0.0
0.0
0.0
0.0
-1.27002
0.0
0.0
0.0
0.0
0.0
0.0
0.0
0.0
0.0
0.0
0.0
0.0
0.0
0.0
0.0
0.11882
0.0
0.0
0.0
0.0
0.0
0.0
0.0
0.0
0.0
0.0
0.0
0.810799
0.0
0.0
0.0
0.0
0.0
0.0
0.0
0.0
0.0
0.0
0.0
0.0
0.0
0.0
0.0
0.0
0.0
0.0
0.0
0.0
0.0
-2.01345
0.0
0.0
-1.14852
0.0
0.0
0.0
0.0
0.454872
0.0
0.0
1.33358
0.0
0.0
0.0
0.0
0.0
0.0
0.0
0.0
0.0
0.0
0.0
0.0
0.0
-0.733534
0.0
0.0
0.0
0.0
0.0
0.0
0.0
0.0
0.0
0.0
1.23299
0.0
0.0
-0.0432539
0.0
0.0
0.0
0.0
0.0
0.0
0.0
0.0
0.0
0.0
1.12218
0.0
0.0
0.0
0.0
0.0
0.0
0.0
0.0
0.0
0.0
0.0
0.0
-1.03812
0.0
0.0
-0.0516436
0.0
0.0
0.0
0.0
0.0
0.0
0.0
0.0
0.0
0.0
0.0
0.0
0.0
0.0
0.0
0.0
0.0
0.0
0.0
0.0
0.0
0.0
0.0
0.0
0.0
0.205612
0.0
0.0
0.0
0.0
0.0
0.0
0.0
0.0
0.0
0.0
0.0
0.0
0.0
0.0
0.0
0.0
0.787596
0.0
0.0
0.0
0.0
0.0
0.0
0.0
0.0
0.0
0.0
0.0
0.0
0.0
0.0
0.0
0.0
0.0
0.0
0.0
0.0
0.0
0.0
0.0
0.0
0.0
0.0
0.0
0.0
0.0
0.0
0.0
0.0
0.0
0.0
0.0
0.0
0.0
0.0
0.0
0.0
0.0
0.0
0.0
0.0
0.0
0.0
0.0
0.0
0.0
0.0
0.0
0.0
0.151661
0.0
0.0
0.0
0.0
-1.26766
-1.83442
0.0
0.0
0.0
0.0
0.0
0.0
0.0
0.0
0.0
0.0
0.0
0.0
0.0
0.0
0.0
0.0
0.0
0.0
0.0
0.0
0.0
0.0
0.0
0.0
0.0
0.0
0.0
0.0
0.0
0.0
0.0
0.0
0.0
0.0
0.0
0.0
0.0
0.0
0.0
0.0
0.0
0.0
0.0
0.0
0.0
0.0
0.0
0.0
0.0
0.0
-0.196526
0.0
0.0
0.0
0.0
0.209509
0.0
-0.325143
0.0354025
-0.126641
0.316669
-0.0139697
0.0328131
-0.0364181
0.304444
-0.371486
0.390165
0.389122
-0.172541
-0.282154
0.060768
-0.15675
-0.10269
0.119509
0.185911
-0.155408
0.0191701
0.0908496
0.0721969
0.0362657
0.436966
0.000457692
0.0437268
0.190635
0.348903
0.141439
0.0690277
-0.0486755
-0.472714
0.0544524
0.267355
-0.0748216
0.0336778
0.106442
0.0619162
-0.114163
0.00140272
-0.312778
0.129739
-0.180105
-0.0791919
0.380531
-0.737332
-0.519958
-0.0699631
-0.222468
-0.0261336
0.0
0.0
0.0
0.0
0.0
0.0
0.0
0.0
0.0
0.0
0.0
0.0
0.0
-0.924315
0.0
0.0
0.0
0.0
0.0
0.0
0.0
0.0
0.0
0.0
0.0
0.0
0.0
0.0
0.0
0.0
0.0
0.0
0.0462861
0.0
0.0
0.0
0.0
0.0
0.0
0.0
0.0
0.0
0.0
0.0
0.0
0.0
0.0
0.0
0.415843
0.0
0.0
0.0
0.0
0.0
0.0
0.0
0.0
0.0
0.906868
0.0
0.0
0.0
0.0
0.0
0.0
0.0
0.0
0.0
0.0
0.0
0.0
0.0
0.0
0.0
0.0
0.0
0.0
0.0
0.0
0.0
0.0
0.0
0.0
0.0
0.0
0.0
0.0
0.0
0.0
0.0
0.0
0.0
0.0
0.240443
0.0
0.0
0.0
0.0
0.0
0.0
0.0
0.0
0.0
0.0
0.0
0.0
0.0
0.0
0.0
0.0
0.0
0.0
0.0
0.0
0.0
0.0
1.81636
0.0
0.0
0.0
0.0
0.0
0.0
0.0
0.0
0.0
-1.12275
0.650325
0.0
0.0
0.0
0.0
0.0
0.0
0.0
-0.659177
0.0248328
0.0
0.0
0.0
0.0
0.0
0.0
0.0
0.0
0.0
0.0
0.0
0.0
0.0
0.0
1.43335
0.0
0.0
0.0
0.0
0.0
0.0
0.0
0.0
0.0
0.0
0.0
0.0
0.0
0.0
0.0
0.0
0.0
0.0
0.0
0.0
0.0
0.0
0.0
0.0
0.0
0.0
0.0
0.0
0.0
0.0
0.0
0.0
0.0
0.0
0.0
0.0
1.02322
0.0
0.0
0.0
0.0
0.0
0.0
0.0
0.0
0.0
0.0
0.0
0.0
0.0
-0.0298327
0.0
0.0
0.0
0.0
0.0
0.0
0.0
0.0
0.0
0.0
0.0
0.0
0.0
0.0
0.0
0.0
0.0
0.0
0.0
0.0
1.16167
0.0
0.0
0.0
0.0
0.0
0.0
0.0
0.0
0.0
0.0
0.0
0.0
0.0
0.0
0.0
0.0
0.0
0.0
0.0
0.0
0.0
0.0
0.0
0.0
0.0
0.0
0.0
0.0
0.0
0.0
0.0
0.0
0.0
0.0
0.0
-2.03554
0.0
0.0
0.0
0.0
0.0
-0.248951
0.0
0.0
0.0
0.0
0.0
0.0
0.0
0.0
0.0
0.0
0.0
0.0
0.0
0.0
0.0
-1.74252
0.0
0.0
0.0
0.0
0.0
0.0
0.0
0.0
0.0
0.0
0.0
0.0
0.0
0.0
0.0
0.0
0.0
0.0
-1.546
0.0
0.0
0.0
0.0
0.0
0.0
0.0
0.0
0.0
0.0
0.0
0.0
0.0
-0.132355
0.0
1.05841
0.0
0.0
0.0
0.0
0.0
0.0
0.0
-0.1689
0.0
0.0
0.0
0.0
0.0
0.0
0.0
0.0
0.0
0.0
0.0
0.0
0.0
0.0
0.0
0.0
0.0
0.0
0.0
0.0
0.0
0.0
0.0
0.0
0.0
0.0
0.0
0.0
0.0
0.0
0.0
0.0
0.0
0.0
0.0
0.0
0.0
0.0
0.0
0.0
0.0
0.0
0.260636
0.0
0.0
0.0
0.0
-0.0237053
0.0
-0.0824142
0.0
0.0
0.0
0.0
0.0
0.0
0.0
0.0
0.0
0.658504
0.0
0.0
0.0
0.31175
0.0
0.0
0.0
0.0
0.0
0.0
0.0
0.0
0.0
0.0
0.0
0.0
0.0
0.0
0.0
0.0
0.0
0.0
0.0
0.0
0.0
0.0
0.0
0.0
0.0
0.0
0.0
0.0
0.0
0.0
0.0
0.0
0.0
0.0
0.0
0.0
0.0
0.0
0.0
0.0
0.0
0.0
0.0
0.0
0.0
0.0
0.0
0.0
0.0
0.0
0.0
0.0
0.0
0.0
0.0
0.0
0.0
0.0
0.0
0.0
0.0
0.0
0.0
0.0
0.0
0.0
0.0
0.0
0.0
0.0
0.0
0.0
0.0
0.0
0.0
0.0
0.0
0.0
0.0
1.06985
0.0
0.0
0.0
0.0
0.0
0.0
0.0
0.0
0.0
0.0
-0.529129
0.0
0.0
0.0
0.0
0.0
0.0
0.0
0.0
0.0
0.0
-0.183994
0.0
0.0
0.0
0.0
0.0
0.0
0.0
0.0
0.0
0.0
0.0
0.0
0.0
0.0
0.0
0.0
0.0
0.0
0.0
0.0
0.0
0.0
0.0
0.0
0.0
0.0
0.0
0.0
0.0
0.0
0.0
0.0
0.0
0.0
0.0
0.0
0.0
0.0
0.0
0.0
0.0
0.0
0.0
0.0
0.0
0.0
0.0
0.0
0.0
0.0
0.0
0.0
0.0
0.0
0.0
0.0
0.0
0.0
0.0
0.0
0.0
0.0
0.0
0.0
0.0
0.0
0.0
0.0
0.0
0.0
0.0
0.0
0.0
0.0
0.0
0.0
0.0
0.0
0.0
0.0
-0.57801
0.0
0.0
0.0
0.0
0.0
0.0
0.0
0.0
0.0
0.0
0.0
0.0
0.0
0.0
0.0
0.0
0.196784
0.0
0.0
0.0
0.0
0.0
0.0
0.0
0.0
0.0
0.0
0.0
0.0
0.0
0.0
0.0
0.0
0.0
0.0
0.0
0.0
0.0
0.0
0.0
0.0
0.0
0.0
-0.612318
0.0
0.0
0.0
0.0
0.0
0.0
0.0
0.0
0.0
0.0
0.0
0.0
0.0
0.0
0.0
0.0
0.0
0.0
0.0
0.0
0.0
0.0
0.0
0.0
0.812982
0.0
0.0
0.0
0.0
0.0
0.0
0.0
0.0
0.0
0.968547
0.0
0.0
0.0
0.0
0.0
0.0
0.0
0.0
0.0
0.0
0.0
0.0
0.0
0.0
0.0
0.0
0.0
0.0
0.0
0.0
0.0
0.0
0.0
0.0
0.0
0.0
0.0
0.0
0.514995
0.0
0.0
0.0
1.71864
0.0
0.0
0.0
0.0
0.0
0.0
0.0
0.0
0.0
0.0
0.0
0.0
0.0
-0.155933
0.0
0.0
0.0
0.0
0.0
0.0
0.0
0.0
0.0
0.0
0.0
0.0
0.0
0.0
0.0
0.0
0.0
0.0
0.0
0.0
0.0
0.0
-0.150083
0.0
0.0
0.0
0.0
0.0
0.0
0.0
0.0
0.0
0.0
0.0
0.0
0.0
0.0
-0.094975
0.13608
0.16968
-0.397457
-0.0133842
0.0693834
0.159606
1.01575
0.729967
-1.11702
-0.0400545
-1.31732
0.126404
0.341217
0.277594
-0.055387
-0.0308031
-0.0591489
0.0995714
0.36779
-1.21431
-0.281972
-0.244413
-0.344913
0.887395
-0.253894
0.906647
-0.488915
-0.046923
-0.0512387
0.347296
0.191499
0.0376487
-0.805365
0.378785
-0.493355
0.253031
-0.0356526
0.0114663
-0.182909
0.250504
0.172378
-0.00136068
0.0960053
-0.799094
0.236384
-0.136075
-0.628619
-0.98732
0.0
0.0
1.01094
0.0
0.0
0.0
0.0
0.413709
0.0
0.0
0.0
0.0
0.0
0.0
0.0
0.0
0.463353
0.0
0.0
0.0
-1.28586
0.102839
0.0
0.0
0.0
0.0
0.0
0.0
0.0
0.0
0.0
0.0
0.0
0.0
0.0
0.0
0.706264
1.74456
0.0
0.0
0.0
1.45991
0.0
0.0
0.0
0.0
0.0
0.0
0.0
0.0
0.0
-0.360024
0.0
0.0
0.0
0.0
0.0
0.0
0.0
0.0
0.0
0.0
0.0
0.0
0.0
0.0
0.0
0.0
0.0
0.0
0.0
0.0
0.0
0.0
0.0
0.0
0.0
0.0
0.0
0.0
0.0
0.0
0.0
0.0
0.0
0.0
0.0
0.0
0.0
0.0
0.0
0.0
0.0
0.0
0.0
0.0
0.0
0.0
0.0
0.0
0.0
0.0
0.0
0.0
0.0
0.0
0.0
0.0
0.0
0.0
0.0
0.0
0.0
0.0
0.0
0.0
0.0
0.0
0.0
0.0
0.0
0.0
0.0
0.560647
0.0
-1.63981
0.0
0.0
0.0
0.0
0.0
0.0
0.0
0.0
0.0
0.0
0.520421
0.0
0.0
0.0
0.0
0.0
0.0
0.0
0.0
0.0
0.0
0.0
0.0
0.895627
0.0
0.0
0.0
0.0
0.0
-0.522702
0.0
0.0
0.0
0.0
0.0
0.0
0.0
0.0
0.0
0.0
0.0
0.0
0.0
0.0
0.0
0.0
0.0
0.0
0.0
0.0
0.0
0.0
0.0
0.0
0.0
0.0
0.0
0.0
0.0
0.0
0.0
0.0
0.0
0.0
0.0
0.0
0.0
0.0
0.0
0.0
0.0
0.0
0.0
-1.15213
0.0
0.0
0.0
0.0
0.0
0.0
-0.355737
0.0
0.0
0.0
0.0
0.0
0.0
0.0
0.0
0.0
0.0
0.0
0.0
0.0
0.0
0.0
0.0
0.0
0.0
0.0
0.0
0.0
0.0
0.0
0.0
0.0
0.0
0.0
0.0
0.0
0.0
0.0
0.0
0.0
0.0
0.0
0.0
0.0
0.0
0.0
0.0
0.0
0.0
0.0
0.0
0.0
0.0
0.0
0.0
0.0
0.0
0.0
0.0
0.322065
0.0
0.0
0.0
0.0
0.0
0.0
0.0
0.0
0.0
0.0
-0.260064
0.0
0.0
0.0
0.0
0.0
0.0
0.0
0.0
0.0
0.0
0.0
0.0
0.0
0.0
0.0
0.0
0.0
0.0
0.0
0.0
0.0
0.598737
0.0
0.0
0.0
0.0
-0.884875
0.0
0.0
0.0
0.0
0.0
0.0
0.0
0.0
0.0
0.0
0.0
0.0
0.0
0.0
0.0
-0.480201
0.0
0.0
0.0
0.0
0.0
0.0
0.0
0.0
0.0
0.0
0.0
0.0
0.0
0.0
0.0
0.0
0.0
0.0
0.0
0.0
0.0
-0.557011
1.7878
0.0
0.0
0.0
0.0
0.0
0.0
0.0
0.0
0.0
0.0
0.0
0.0
0.0
0.0
0.0
0.0
0.0
0.0
0.0
0.0
0.0
0.0
0.0
0.0
0.0
0.0
0.268458
-0.472184
0.0
0.0
0.0
0.0
0.0
0.0
0.0
0.0
0.0
0.0
0.0
0.0
0.0
0.0
0.0
0.0
0.0
0.0
0.0
0.0
0.0
0.0
0.0
0.0
0.0
1.10784
0.0
0.0
1.41998
0.0
0.0
0.0
0.0
0.0309341
0.0
0.0
0.0
0.0
0.0
1.34494
0.0
0.0
0.0
0.0
0.0
0.0
0.0
0.0
0.0
0.0
0.0
0.0
0.0
0.0
0.0
0.0
0.0
0.0
0.0
0.0
0.0
0.0
0.0
0.0
0.0
0.0
0.0
0.0
0.0
-0.263317
0.0
0.0
0.0
-0.396533
1.41137
0.0
0.0
0.0
0.0
0.0
0.0
0.0
0.0
0.0
0.0
1.16283
0.0
0.0
0.0
-0.218328
0.0
0.0
0.0
0.0
0.0
0.0
0.0
0.0
0.0
0.0
0.0
0.0
0.0
0.0
0.0
0.0
0.0
0.0
0.0
0.0
-1.05102
0.0
0.0
0.0
0.0
0.0
0.0
0.0
0.0
0.0
0.0
0.0
0.0
0.0
0.0
0.0
0.0
0.0
0.0
0.0
0.0
0.0
0.0
0.0
0.0
0.0
0.0
0.0
0.0
0.0
0.0
0.0
0.0
0.0
0.0
0.0
0.0
0.0
0.0
0.0
0.0
0.0
0.0
0.0
0.0
0.0
0.0
0.0
0.0
0.0
0.0
0.0
0.0
0.0
0.0
0.0
0.0
0.0
0.0
0.0
0.0
0.0
0.0
0.0
0.0
0.0
0.0
-1.39805
0.0
0.0
0.0
0.0
0.0
0.0
0.0
0.0
0.0
0.0
0.0
0.0
0.0
0.0
0.0
0.0
0.0
0.0
0.0
-0.541495
0.0
0.0
0.0
0.0
0.0
1.10704
0.0
0.0
0.0
0.0
0.0
0.0
0.0
0.0
0.0
0.0
0.0
0.0
0.0
0.0
0.0
0.0
0.0
0.0
0.0
0.0
0.0
0.0
0.0
0.0
0.0
0.0
0.0
0.0
0.0
0.0
0.0
0.0
0.0
0.0
0.0
0.0
0.0
0.0
0.0
0.0
0.0
0.0
0.0
-0.265261
0.0
0.0
0.0
0.0
0.0
0.0
0.0
0.0
0.0
0.0
-0.631864
0.0
0.0
0.0
0.0
0.0
0.0
0.0
0.0
0.0
0.0
0.0
0.0
0.0
0.0900324
-0.299594
0.544141
-0.174761
0.150309
-0.00836794
0.243429
-0.294283
0.0536557
0.434842
-0.528886
-0.249553
-0.172942
-0.406232
0.320602
-0.0980869
-0.267589
-0.21054
-0.374134
0.349595
0.479121
0.33501
-0.344842
-0.192191
-0.370928
0.237158
-0.30036
0.497206
0.273912
0.0217229
-0.145476
0.164375
-0.145118
-0.601475
0.187096
-0.0990544
0.78655
-0.32879
-0.242044
0.183665
0.00761271
0.295703
-0.0481146
1.94057
-0.317731
-0.618752
0.473328
0.220912
0.651237
0.0
0.0
0.0
0.0
0.0
0.0
0.0
0.0
0.0
-0.625748
0.0
0.397355
0.0
0.0
0.0
0.0
0.0
0.0
0.0
0.0
0.0
0.0
0.0
0.0
0.0
0.0
0.0
0.0
0.0
0.0
0.0
0.0
0.0
0.0
-0.280929
0.842698
0.0
0.0
0.0
0.0
0.155474
0.0
0.0
0.0
0.298436
0.0
0.0
0.0
0.0
0.0
0.0
0.0
0.0
0.0
0.0
0.0
0.0
0.0
0.0
0.0
0.0
0.0
0.0
0.0
0.0
0.0
0.0
0.0
0.477957
0.0
0.0
0.0
0.0
0.0
0.0
0.0
0.0
0.0
0.0
0.0
0.0
0.0
0.0
0.0
0.0
0.0
0.0
0.0
0.0
0.843342
0.0
0.0
0.0
0.0
0.0
0.0
0.750043
0.0
0.0
0.0
0.0
0.0
0.0
0.0
0.0
0.0
0.0
0.0
0.0
0.0
0.0
0.0
0.0
0.0
0.0
0.0
0.0
0.0
0.0
0.0
0.0
0.0
0.0
0.0
0.0
0.0
0.0
0.0
0.0
0.0
0.0
0.0
0.0
0.0
0.0
0.0
0.0
0.0
0.0
0.0
0.0
0.0
0.0
0.314156
0.0
0.0
0.0
0.0
0.0
0.0
0.0
-1.0801
0.0
0.0
0.0
0.0
0.0
0.0
0.0
0.0
0.0
0.0
0.0
0.0
0.0
0.0
0.0
0.0
0.0
0.0
-1.02826
0.0
0.0
0.0
0.0
0.0
0.0
0.0
0.0
0.0
0.0
0.0
0.0
0.0
1.55581
0.0
0.0
0.0
0.0
0.0
0.0
0.0
0.0
0.0
0.0
0.0
0.0
0.0
0.0
0.0
0.0
0.0
0.0
0.0
0.0
0.0
0.0
0.0
0.0
0.0
0.0
0.0
0.423541
0.0
0.0
0.0
0.0
0.0
0.0
0.0
0.0
0.0
0.0
0.0
0.0
0.0
0.0
0.0
0.0
0.0
0.0
0.0
0.0
-1.2412
0.0
0.0
0.0
0.0
0.0
0.0
0.0
0.0
0.0
0.0
0.0
0.0
0.0
0.0
0.0
0.0
0.0
0.0
-2.04755
0.0
0.0
0.0
0.0
-0.625692
0.0
0.0
0.0
0.0
0.0
0.0
0.0
0.0
0.0
0.0
0.0
0.0
0.0
0.0
0.0
0.0
0.0
0.0
0.0
0.0
0.0
0.0
0.0
0.0
0.0
0.0
0.0
0.0
0.0
0.0
0.0
0.0
0.0
0.490457
0.0
0.0
0.0
0.0
0.0
0.0
0.0
0.0
0.0
0.0
0.0
0.0
0.0
0.0
0.0
0.0
0.0
0.0
0.0
0.0
0.0
0.0
0.0
0.0
0.0
0.0
0.0
0.0
0.0
0.0
0.0
0.0
0.0
0.0
0.0
0.0
0.0
0.0
0.0
0.0
0.0
0.0
0.0
0.0
0.0
0.0
0.0
0.0
0.0
0.0
-2.48786
0.0
0.0
0.0
0.0
-0.297247
0.0
0.0
0.0
0.0
1.34299
0.0
0.0
0.0
0.0
0.0
0.0
0.0
0.0
0.0
-0.878171
0.0
0.0
0.0
0.0
0.0
0.0
0.0
0.0
0.0
0.0
0.0
0.0
0.0
0.0
0.0
0.0
0.0
0.0
0.0
0.0
0.0
0.0
0.0
0.0
0.0
0.0
0.0
-0.434603
-0.645184
0.0
0.0
0.0
0.0
0.0
0.0
0.0
0.0
0.0
0.0
0.0
0.0
0.0
0.0
0.0
0.0
0.0
0.0
0.0
0.0
0.0
0.0
0.0
0.0
0.0
0.0
0.0
0.0
0.0
0.0
0.0
0.0
0.0
0.0
-1.53317
0.0
0.0
0.0
0.0
0.0
0.0
0.0
0.0
0.0
0.0
0.0
0.0
0.0
0.0
0.0
0.0
0.0
0.0
0.0
0.0
0.0
0.0
0.0
0.0
0.0
0.0
0.0
0.0
0.0
0.0
0.0
0.0
0.0
0.0
0.0
0.0
0.0
0.0
0.0
0.0
0.0
0.0
0.0
0.0
0.546548
0.0
0.0
0.0
0.0
0.0
0.0
0.0
0.0
0.0
0.0
0.0
0.0
0.0
0.0175439
0.0
0.0
0.0
0.0
0.0
0.0
0.0
0.0
0.0
0.0
0.0
0.0
0.0
0.0
0.0
0.0
0.0
0.0
0.0
0.0
-0.13267
0.0
0.0
0.0
0.0
0.0
0.0
1.07472
0.0
0.0
0.0
0.0
0.0
0.0
0.0
0.0
0.0
0.0
0.0
0.0
0.0
0.0
0.0
0.0
0.0
0.0
0.0
0.0
0.0
-0.454165
0.0
0.0
0.0
0.0
-1.42654
0.0
0.0
0.0
0.0
0.0
0.0
0.0
2.60446
0.0
0.0
0.0
0.0
0.0
0.0
0.0
0.0
0.0
0.0
0.0
0.0
0.0
0.0
0.0
0.0
0.0
0.0
0.0
0.0
0.0
0.0
0.0
0.0
0.0
0.0
-0.403607
0.0
0.0
0.0
0.0
0.0
0.0
-0.55743
0.0
0.0
0.0
0.0
0.165531
0.0
0.0
0.0
0.0
0.0
0.0
0.0
0.0
0.0
0.0
0.0
0.0
0.0
0.0
0.0
0.0
0.0
0.0
0.0
0.0
0.0
0.0
0.0
0.0
0.0
0.0
0.0
0.0
0.048818
0.0
-0.0493448
0.0
0.0
0.0
0.0
0.0
0.0
0.616733
0.0
0.0
0.0
0.0
0.0
0.0
0.0
0.0
0.0
0.0
0.0
0.0
0.0
0.0
0.0
0.0
0.0
0.0
0.0
0.0
0.0
0.0
0.0
0.0
0.963072
0.0
0.0
0.0
0.0
0.0
0.0
0.0
0.0
0.0
0.0
0.0
0.0
0.0
0.0
0.0
0.0
0.0
0.0
0.0
-1.20683
0.0
0.0
0.0
0.0
0.0
0.0
0.0
0.0
0.0
-2.05721
0.0
-0.58224
0.0
0.0
0.0
0.0
0.0
0.0
0.0
0.0
0.0
1.39768
-0.31956
0.0
0.0
-0.335967
0.0
0.0
0.0
0.0
1.19519
0.0
0.0
0.0
0.0
-0.625301
0.0
0.0
0.0
1.4635
0.0
0.0
-1.16111
0.0
0.0
0.0
0.0
0.0
0.0
0.0
0.0
0.0
0.0
0.0
0.0
0.0
0.0
0.0
0.0
0.0
0.0
0.0
0.0
0.0
-0.128229
0.326871
0.1463
-0.711799
0.0770969
0.0158316
0.0547443
0.116689
1.17404
0.237644
-0.775537
-1.70424
0.374288
0.778745
0.14316
0.0974526
0.613568
-0.441064
0.502718
0.625091
-1.37419
0.25851
-1.13994
-0.699815
0.924311
-0.174837
1.06353
-0.347934
-0.14081
0.200229
0.917349
0.202481
0.0899181
-0.382803
0.320416
-0.137634
0.329713
0.288539
-0.182259
-0.174763
0.0858989
-0.300897
0.0702944
0.0146161
-0.620015
0.164988
0.190203
-0.715906
-0.882801
0.0
0.0
0.0
0.0
0.0
0.0
0.0
0.0
0.0
0.0
0.0
-1.43281
0.0
0.0
0.0
0.0
0.0
0.0
0.0
0.0
0.0
0.0
0.0
0.0
0.0
-0.716274
-1.44002
0.0
-1.0979
0.0
0.0
0.0
0.0
0.0
0.0
0.0
0.0
0.0
0.670205
0.0
0.0
0.0
0.637997
0.0
0.0
0.0
0.0
0.0
0.0
0.0
0.0
0.0
0.0
0.0
0.0
0.0
0.0
0.0
0.0
0.0
0.0
0.0
0.0
0.0
0.0
0.0
0.0
0.0
0.0
0.0
0.0
0.0
0.0
0.0
0.0
0.0
0.0
0.0
0.0
0.0
0.0
0.0
0.0
0.0
0.0
0.0
0.0
0.0
0.0
0.0
0.0
0.0
0.0
0.0
0.0
0.154674
0.0
0.0
0.0
0.0
0.0
0.0
0.0
0.0
0.0
0.0
0.0
0.0
0.0
0.0
0.0
0.0
0.0
1.66027
0.0
0.0
0.0
0.0
0.0
0.0
0.0
0.0
-1.4206
0.0
0.0
0.0
0.0
0.0
0.0
0.0
0.0
0.0
0.0
0.0
0.0
0.0
0.0
0.0
0.0
0.0
0.0
0.0
0.0
0.0
0.0
0.0
0.0
0.0
0.0
0.0
0.0
0.0
0.0
0.0
0.0
-2.11261
0.0
0.0
0.0
0.0
0.0
0.0
0.0
0.0
-1.28738
0.0
0.0
0.0
0.0
0.0
0.0
0.0
0.0
-0.0368371
0.0
0.0
0.0
0.0
0.0
0.0
0.0
0.0
0.0
0.0
0.0
0.0
0.0
0.0
0.0
0.0
0.0
0.0
0.0
0.0
0.0
0.0
0.0
0.0
0.0
0.0
0.0
0.0
0.0
0.0
0.0
0.0
0.0
0.0
0.0
0.0
0.0
0.0
0.0
0.0
0.701243
0.0
0.0
0.0
0.0
0.0
0.0
0.0
0.0
0.0
0.0
0.0
0.0
0.0
0.0
0.0
0.0
0.0
0.0
0.0
0.0
0.0
0.0
0.0
0.0
0.0
0.0
0.0
0.0
0.0
0.0
0.0
0.0
0.0
0.0
0.0
0.0
0.0
0.0
0.0
0.0
0.0
0.0
0.0
0.0
0.0
0.0
0.0
0.0
0.0
0.0
0.0
0.0
0.0
0.0
0.0
0.0
0.0
0.0
0.0
0.0
0.0
0.0
0.0
0.0
-0.834318
0.0
0.0
0.0
0.0
0.0
0.0
0.0
0.0
0.0
0.0
0.0
0.0
0.0
0.0
0.0
0.0
0.0
-0.943744
0.0
0.0
0.0
0.0
0.0
-0.167626
0.0
0.0
0.0
0.571677
0.0
0.0
0.0
0.0
0.0
0.0
0.0
0.0
0.0
0.0
0.0
0.0
0.0
0.0
0.0
0.0
0.0
0.0
0.0
0.0
0.0
0.0
0.0
0.0
0.0
0.0
0.580676
0.0
1.47971
0.0
0.0
0.0
0.0
0.0
0.0
0.0
0.0
0.0
0.516312
0.0
0.0
0.0
0.0
0.0
0.0
0.0
0.0
0.0
0.0
0.0
0.0
-3.13014
0.0
0.0
0.0
0.0
0.0
0.0
0.0
0.0
0.0
0.0
0.0
0.0
0.0
0.0
0.0
0.0
0.0
0.0
0.0
0.0
0.0
0.0
0.0
0.0
0.0
0.0
0.0
0.0
-1.45747
0.0
0.0
0.0
0.0
0.0
0.0
0.0
0.0
0.0
0.0
0.0
0.0
0.0
0.0
0.0
0.0
0.0
0.0
0.0
0.0
0.0
0.0
0.0
0.0
0.0
0.0
0.0
2.0601
0.0
0.0
0.0
0.0
0.0
0.0
0.0
0.0
0.0
0.0
0.0
0.0
0.0
0.0
0.0
0.0
0.0
0.0
0.0
0.0
0.0
0.0
0.0
0.0
0.0
0.0
0.0
0.0
0.0
0.0
0.0
0.0
0.0
0.0
0.0
0.0
0.0
0.558246
0.0
0.0
0.0
0.0
0.0
0.0
-1.21416
0.0
0.944662
0.0
0.0
0.0
0.0
0.0
0.0
0.0
0.0
0.0
0.0
0.0
0.0
0.0
0.0
0.0
0.0
1.50731
0.0
0.0
0.0
0.0
0.0
0.0
0.0
0.0
0.0
0.0
0.0
0.0
0.0
0.0
0.0
0.0
0.0
0.0
0.0
0.0
0.0
0.0
0.0
0.0
0.0
0.0
0.0
0.0
0.0
0.0
0.0
0.0
0.795671
0.0
0.0
-1.09943
0.0
0.0
0.0
0.0
0.0
0.0
0.0
0.0
0.0
0.0
0.0
0.0
0.0
0.0
0.0
0.0
0.0
0.0
0.0
0.0
0.0
0.0
0.0
0.0
0.0
0.0
0.0
0.0
0.641359
0.0
0.0
0.0
0.0
0.0
0.0
0.0
0.0
0.0
0.0
0.0
0.0
0.0
0.0
0.0
0.0
0.0
0.0
0.0
0.0
0.0
0.0
0.0
0.0
0.0
0.0
0.0
0.0
0.0
0.0
0.0
0.0
0.0
0.0
0.0
0.0
0.0
0.0
0.0
0.0
0.0
0.0
0.0
0.0
0.265091
0.0
0.0
0.0
0.0
0.0
0.0
0.0
-0.109876
0.0
0.0
0.0
0.0
0.0
0.0
0.0
0.0
0.0
0.0
0.0
0.0
0.0
0.0
0.0
0.0
0.0
0.0
0.0
0.408221
0.0
0.0
0.0
0.0
0.0
0.0
0.0
0.0
0.0
0.0
0.0
0.0
0.0
0.0
0.0
0.0
0.0
0.0
-0.0517892
-0.0926375
-0.960277
-0.118135
-0.0258845
0.536839
-0.0711185
0.577386
-0.537016
0.224683
1.23801
0.556198
-0.129103
-0.0663689
0.166379
0.248333
-0.265688
0.109675
-0.061181
-0.355463
-0.0978901
0.21945
-0.561118
0.366952
-1.20573
-0.104377
0.286367
0.044165
-0.15242
-0.422199
-0.0715433
-0.38353
0.359496
-0.28959
-0.24905
-0.257512
-0.522255
0.135509
-0.507049
-0.24134
-0.0978277
0.486477
0.124474
0.671258
0.266594
-0.380517
-0.00228501
-0.134476
0.594361
0.0
0.0
0.0
0.0
0.0
0.0
0.0
0.0
0.0
0.0
0.0
-0.764866
0.0
0.0
0.0
0.0
0.0
0.0
0.0
0.0
0.0
0.0
0.0
0.0
0.0
0.0
0.0
-0.322373
0.0
0.0
0.0
0.0
0.0
0.0
0.0
0.0
0.0
0.0
0.0
-0.359029
0.0
0.0
0.0
0.0
0.0
0.0
0.849869
0.0
0.0
0.0
0.0
0.0
0.0
0.0
0.0
0.0
0.0
0.0
0.0
0.0
0.0
0.0
0.0
0.0
0.0
0.0
0.0
0.0
0.0
0.0
0.0
0.0
0.0
0.0
0.0
0.0
-0.193318
0.0
0.0
0.0
0.0
0.0
0.0
0.0
0.0
0.0
0.0
0.0
0.0
0.0
0.0
0.0
0.0
0.0
0.0
0.0
0.0
1.20242
0.0
0.0
0.0
0.0
0.0
0.0
0.0
0.0
0.0
0.0
0.0
0.0
-2.81469
0.0
0.0
-0.697324
0.0
0.0
0.0
0.0
0.0
0.0
0.0
0.0
0.0
0.0
0.0
0.0
0.0
-0.368168
0.0
0.0
0.0
0.0
0.0
0.0
0.0
0.0
0.0
0.0
0.0
0.0
0.0
0.0
0.0
0.0
0.0
0.0
0.0
0.0
0.0
0.0
0.0
0.0
0.0
0.0
0.0
0.0
0.0
0.0
1.57935
0.0
0.0
0.0
0.0
0.0
0.0
0.0
0.0
-0.992037
0.0
0.0
0.0
0.0
0.0
0.0
0.612842
0.0
0.0
0.0
0.0
0.0
0.0
0.0
0.0
-0.834927
0.0
0.0
0.0
0.0
0.0
-1.76117
0.0
0.0
0.0
0.0
0.0
0.0
0.0
0.0
0.0
0.0
0.0
0.0
0.0
0.0
0.0
0.0
0.0
0.0
0.0
0.0
0.0
0.0
0.0
0.0
2.7784
0.0
0.0
0.0
0.0
0.0
0.0
0.0
0.0
0.0
0.0
0.0
0.0
0.0
0.0
0.0
0.0
0.0
0.0
0.0
0.0
0.0
0.0
0.0
0.0
0.0
0.0
0.0878078
0.0
0.0
0.0
0.0
0.0
0.0
0.0
0.0
0.0
0.0
0.0261482
0.0
0.0
0.0
0.0
0.0
0.0
0.0
0.0
0.0
0.0
0.0
0.0
0.0
0.0
0.0
-0.464186
0.0
0.0
0.0
0.0
-0.555711
0.0
0.0
0.0
-0.738951
0.0
0.0
0.0
0.0
0.0
0.0
0.0
-0.420591
0.0
0.0
0.0
0.0
0.0
0.794263
0.0
0.0
0.0
0.0
0.0
0.0
0.0
0.0
0.0
0.0
0.0
0.0
0.0
0.0
0.0
0.0
0.0
0.0
0.0
0.0
0.0
0.0
0.0
0.784352
0.0
0.0
0.0
0.0
0.0
0.0
0.0
0.0
0.0
0.0
0.0
0.0
0.0
0.0
0.0
0.0
0.0
0.0
0.0
0.0
0.0
0.0
0.0
0.0
0.0
0.0
0.0
0.0
-0.554623
0.0
0.0
0.0
1.46955
0.0
0.0
0.0
0.0
0.0
0.0
0.972511
0.0
0.0
0.0
0.0
0.0
0.0
0.0
0.0
0.0
0.0
0.0
0.0
0.0
0.0
0.0
0.0
0.0
0.0
0.0
0.0
0.0
0.0
0.0
0.0
0.0
0.0
0.0
0.0
0.0
0.0
0.0
0.0
0.0
0.0
0.0
-0.377606
0.0
0.0
0.0
0.0
0.0
0.689504
0.0
0.0
0.0
0.0
0.0
0.0
0.0
0.0
0.0
0.0
0.0
0.0
0.0
0.0
0.0
0.0
-0.659431
0.0
0.0
0.0
0.705449
0.0
0.0
0.0
-0.251765
0.0
0.0
0.0
-0.100398
0.0
0.0
0.0
0.0
0.0
-1.28115
0.0
0.0
0.0
0.0
0.0
0.0
0.0
0.0
0.0
0.0
0.0
-1.30622
0.0
0.0
0.0
0.0
0.0
0.0
0.0
0.0
0.0
0.0
0.0
0.0
0.0
0.0
0.0
0.0
0.0
0.0043766
0.0
0.0
0.0
0.0
0.0
0.0
0.0
0.0
0.0
0.0
0.0
0.0
0.0
0.0
0.0
0.0
0.0
0.0
0.0
0.0
0.0
0.0
0.0
0.0
0.0
0.989439
0.0
0.0
0.0
0.0
0.0
0.0
0.0
0.0
0.0
0.0
0.0
0.0
0.0
0.0
0.0
0.0
0.0
0.0
0.0
0.0
0.0
0.0
0.0
0.0
0.0
0.0
0.0
0.0
0.0
0.0
0.0
0.0
0.0
0.0
0.968025
0.0
0.0
0.0
0.0
0.0
0.0
0.0
0.0
0.0
0.0
0.0
0.0
0.0
0.0
0.0
0.864257
0.0
0.0
0.0
0.0
0.0
0.0
0.0
0.0
0.0
-1.09456
0.0
0.0
0.0
0.0
0.770407
0.0
0.0
0.0
0.0
0.0
0.0
0.0
0.720981
0.0
0.0
0.0
0.0
0.0
0.0
0.0
0.0
0.0
0.0
0.0
0.0
0.0
0.0
0.0
0.0
0.0
0.0
0.0
0.0
0.0
0.0
0.0
0.0
0.0
0.0
0.0
0.227081
0.0
0.0
0.0
0.0
0.0
0.0
0.0
0.0
0.0
0.0
0.0
0.0
1.02545
0.0
0.0
0.0
0.0
0.0
0.0
0.0
0.0
0.0
0.0
0.0
0.0
0.0
0.0
0.0
0.387749
0.0
0.0
0.0
0.0
0.0
0.0
0.0
0.0
0.0
0.0
0.0
0.0
0.0
0.0
0.0
0.0
0.0
0.0
0.0
0.0
0.0
0.0
0.0
0.0
0.0
0.0
0.0
0.0
0.0
0.0
0.0
0.0
0.0
0.0
0.0
0.0
0.0
0.0
0.0
0.0
0.0
0.0
0.0
0.0
0.0
0.0
0.0
0.0
0.0
0.0
0.0
0.0
0.0
-1.4724
0.0
0.0
0.0
0.0
0.0
0.0
0.0
0.0
0.0
0.0
0.0
0.0
0.0
0.0
0.0
0.0
0.0
0.0
0.0
0.0
0.0
-0.85096
0.0
0.0
0.0
0.0
0.0
0.0
0.0
0.0
0.0
0.0
0.0
0.0
0.0
0.0
0.0
0.0
0.0
0.0
0.0
0.0
0.0
0.0
0.0
0.0
0.0
-0.847923
0.0
0.0
1.05725
0.0
0.0
0.0
0.0
0.0
2.44288
0.0
0.0
0.0
0.0
0.0
-0.749925
0.0
0.0
0.0
0.0
0.0
0.0
0.0
0.0
0.0
0.0
0.0
0.0
0.0
0.0
0.0
0.0
0.0
0.0
0.0
0.927777
0.0
0.0
0.0
0.0
0.0
0.0
0.0
0.0
1.27499
0.0
0.0
0.0
0.0
0.0
0.0
0.0
0.0
0.0
0.0
0.0
0.0
0.0
0.0
0.0
0.0
0.0
0.0
-0.0213092
0.0442423
0.235278
-0.125741
0.0505193
-0.0237286
0.219397
0.038769
0.369477
0.323054
-0.213498
-2.09089
1.18003
-0.0131572
-0.125346
0.178997
0.232956
-0.00423729
0.0720931
-0.118581
-1.67043
0.0813495
-1.19779
0.321277
1.45833
0.30316
0.378966
-0.148386
0.199028
-0.0642921
0.361746
0.300494
-0.00965502
-0.280774
0.62347
0.122751
-0.168985
0.479152
-0.352032
-0.482473
0.0642485
-0.207686
1.84476
-0.226091
-0.179881
0.243368
0.29511
-0.749233
-0.892603
0.0
0.0
0.0
0.0
0.0
1.86127
0.0
0.0
0.0
0.0
0.0
0.0
0.0
0.0
0.0
0.0
0.0
0.184406
0.0
-1.92304
0.0
0.0
0.0
0.0
0.0
0.0
0.0
0.0
0.0
0.0
0.0
0.0
0.0
0.0
0.0
0.0
0.0
0.0
0.0
0.0
0.0
0.0
0.0
0.0
0.0
0.0
-1.50756
0.0
0.0
0.0
0.0
-0.35061
0.0
0.0
0.0
0.0
0.0
0.0
0.0
0.0
0.0
0.0
0.0
0.0
0.0
0.0
0.0
0.0
0.0
0.0
0.0
0.0
0.0
0.0
0.0
0.0
0.0
0.0
0.0
0.0
0.0
-1.10611
0.0
0.0
0.0
0.0
0.0
0.0
0.0
0.0
0.0
0.0
0.0
0.0
0.0
0.0
0.0
0.0
-0.57927
0.0
0.0
0.0
0.0
0.0
0.0
0.0
0.0
0.0
0.0
0.0
0.0
0.0
-0.593974
0.0
0.0
0.0
0.0
0.0
0.0
0.0
1.29657
0.0
0.0
0.0
0.0
0.0
0.0
0.0
0.0
0.0
0.0
0.0
0.0
-1.53172
0.0
0.0
0.0
0.0
0.0
0.0
0.0
0.0
0.0
0.0
0.0
0.0
0.0
0.0
0.0
0.0
0.0
0.0
0.0
0.0
0.0
0.0
0.0
0.0
0.0
1.17025
0.0
0.0
0.0
0.0
0.0
0.0
0.0
0.0
0.0
0.0
0.0
0.0
0.0
0.0
0.0
0.0
0.0
0.0
0.0
0.0
0.0
0.0
0.0
0.0
0.0
0.0
0.0
0.0
0.0
0.0
0.0
0.0
0.0
0.0
0.0
0.0
0.0
0.0
0.0
-0.908398
0.0
0.0
0.0
0.0
0.0
0.0
0.0
0.0
0.0
0.0
0.0
0.0
0.0
0.0
0.0
0.0
0.0
-0.461894
0.0
0.0
0.0
0.0
0.0
0.0
0.0
0.0
0.0
0.0
0.0
0.0
0.0
0.0
0.0
0.0
0.0
0.0
0.0
0.0
0.0
0.0
0.0
-1.04997
0.0
0.0
0.0
0.0
0.0
0.0
0.0
0.0
0.0
0.0
0.0
0.0
0.0
0.661603
0.0
-0.562994
0.0
0.0
0.0
0.0
0.0
0.0
0.0
0.0
0.0
0.0
0.0
0.0
0.0
0.0
0.0
0.0
0.0
0.0
0.0
0.0
0.0
0.0
0.0
0.0
0.0
0.0
-0.487396
0.0
0.0
0.0
0.0
0.0
0.0
0.0
0.778882
0.0
0.0
-2.02316
0.0
0.0
0.0
0.0
0.0
0.0
0.0
0.0
0.0
0.0
0.0
0.0
0.0
0.0
0.0
0.0
0.0
0.0
0.0
0.0
0.0
0.0
0.660383
0.0
0.0
0.0
0.0
0.0
0.0
0.0
0.0
0.0
0.0
0.0
0.0
0.0
0.0
0.0
0.0
0.0
0.0
0.0
0.0
0.0
0.0
0.0
0.0
0.0
0.0
0.0
0.0
0.0
0.0
0.0
0.0
0.0
0.0
0.0
-0.257778
0.0
0.0
0.0
0.0
0.0
0.0
0.0
0.0
0.0
0.0
0.0
0.0
-0.413728
0.0
0.0
0.0
0.0
0.0
0.0
0.0
0.0
0.0
0.0
0.0
0.0
0.0
0.0
0.0
0.0
0.0
0.0
0.0
0.0
0.0
0.0
0.0
0.0
0.0
0.0
0.0
0.0
0.0
0.0
0.337251
0.0
0.0
0.0
0.0
0.0
0.0
0.0
0.0
0.0
0.0
0.0
0.0
0.0
0.0
0.0
0.0
0.0
0.0
0.0
0.0
0.0
1.29941
0.0
0.0
0.0
0.0
0.0
0.0
0.0
0.0
0.0
0.0
0.0
0.0
0.0
0.0
0.0
0.0
0.0
0.0
0.0
0.0
0.0
0.0
0.0
0.0
0.0
0.0
0.0
0.0
0.0
0.0
0.0
0.0
0.0
0.0
0.0
0.0
0.0
0.0
0.0
0.0
0.0
0.0
0.0
0.0
0.0
0.0
0.0
0.0
0.0
0.0
0.0
0.0
0.0
0.0
0.0
0.0
0.0
0.0
0.0
0.0
0.0
0.0
0.0
0.0
0.0
0.0
0.0
0.932796
0.0
0.0
0.0
0.0
0.0
0.0
0.0
0.0
0.0
0.0
0.0
-1.08128
0.0
0.0
0.0
0.0
0.0
0.0
-1.70631
0.0
-1.56162
0.0
0.0
0.0
0.0
0.0
0.0
0.0
0.0
0.0
0.0
0.0
0.0
0.0
0.0
0.0
0.0
0.0
0.0
2.41696
0.0
0.211919
0.0
0.0
0.0
0.0
0.0
0.0
0.0
0.0
0.0179192
0.112921
-0.314463
-0.104742
-0.0425462
-0.109006
0.396063
-1.235
-0.0724193
-0.651531
0.315855
0.662179
-0.394539
-0.173736
0.4856
-0.112052
-0.472141
-0.0512959
-0.711365
0.394418
0.771987
-0.624244
0.0713776
0.00247675
-1.24214
-0.917772
0.227325
0.143271
-0.299418
-0.0773456
-0.587938
-0.437141
0.00342904
-0.894283
-0.22259
-0.169951
-0.0703644
-0.0363957
-0.00626286
0.173533
-0.0182614
-0.209362
-0.125747
0.669585
-0.0684573
-0.217142
0.0682486
-0.504903
0.468187
0.0
0.0
0.0
-0.369705
0.0
0.0
0.0
0.0
0.0
0.0
0.0
0.0
0.0
0.0
0.0
0.0
0.0
0.474079
0.0
0.0
0.0
0.0
0.0
0.0
0.0
0.0
0.0
0.0
0.0
0.0
0.0
0.0
0.0
-0.302099
-0.596463
0.0
0.0
0.0
0.0
0.0
0.0
0.0
0.0
0.0
0.0
0.0
0.0
0.0
0.0
-0.10337
0.0
1.36526
0.0
0.0
0.0
2.22147
0.0
0.0
0.0
0.0
-0.873579
0.0
0.0
0.0
0.0
0.0
0.0
0.0
0.0
0.0
0.0
0.0
0.0
0.0
0.0
0.0
0.0
0.0
0.0
0.0
0.0
0.0
0.0
0.0
0.0
0.0
0.0
0.0
0.0
0.0
0.0
0.0
0.0
0.0
0.0
0.0
0.0
0.0
0.0
0.0
0.0
0.0
0.0
0.0
0.0
0.0
0.0
-0.640554
0.0
0.0
0.0
0.0
0.0
0.0
0.0
0.0
0.0
0.0
0.0
0.0
0.0
-0.0746246
0.0
0.0
0.0
0.0
0.0
0.0
0.0
0.714188
0.0
0.0
0.0
0.0
0.0
0.0
0.0
0.330666
0.0
0.0
0.0
0.0
0.0
0.0
0.0
0.615492
0.0
0.131522
-0.147498
1.02883
-0.144929
0.11653
-0.000200479
-0.0783732
-0.105912
0.0158248
1.32625
-0.887874
-2.27765
2.46116
-0.292993
-0.190671
0.0613868
0.535378
-0.505653
-0.139174
-0.628257
-1.26686
-0.613799
-0.754254
0.237877
2.75645
1.01085
-0.0768221
1.00371
0.531226
-0.136135
-0.203829
0.442593
0.648305
0.0788554
1.08413
0.35532
-0.223579
-0.186049
-1.11344
-1.09701
0.00895869
-0.013474
0.18016
-0.0797152
0.540745
0.164726
-0.504127
-0.470979
-0.772898
0.0
0.0
0.0
0.0
0.0
-1.49484
0.0
0.0
0.0
0.0
0.0
0.0
0.0
0.0
0.0
0.0
0.0
0.0
0.0
0.0
0.0
0.0
0.0
0.0
0.0
0.0
0.0
2.07798
0.0
0.0
0.0
0.0
0.0
2.09774
0.0
0.0
0.0
0.0
0.0
0.0
-0.467669
0.0
0.0359433
0.0
0.0
0.0
0.0
0.0
0.0
0.0
0.0
0.0
0.0
0.0
0.0
0.0
0.486012
0.0
0.0
0.0
0.0
0.0
0.0
0.0
0.0
0.0
0.0
0.0
0.0
0.0
0.0
0.0
0.0
0.0
0.0
0.0
0.0
0.50818
0.0
0.0
0.0
0.0
0.0
0.0
0.0
0.0
0.0
0.0
0.0
0.0
0.0
0.0
0.0
0.0
0.0
0.0
0.0
0.0
0.0
0.0
0.0
0.0
0.0
0.0
0.0
0.0
0.0
0.0
-0.618502
0.0
0.0
0.0
0.0
-0.817584
0.0
0.0
0.0
0.0
0.0
0.0
0.0
0.0
0.0
0.0
0.0
0.0
0.0
0.0
0.0
0.0
0.0
0.0
0.0
0.0
0.0
0.0
0.0
0.0
0.932454
0.0
0.0
0.0
0.0
0.0
0.0
0.0
0.0
0.0
0.0
0.0
0.0
0.0
0.0
-0.883218
0.0
0.0
0.0
0.0
0.0
0.0
0.0
0.0
0.0
0.0
0.0
0.0
0.0
-0.429462
0.0
0.0
0.0
0.0
0.0
0.0
0.0
0.0
0.0
0.0
0.0
0.0
0.0
0.0
0.0
0.0
0.0
0.0
0.0
0.0
0.0
0.0
0.0
0.0
0.0
0.0
-0.346326
0.0
0.0
0.0
0.0
0.0
0.0
0.0
0.0
0.0
0.0
0.0
0.0
0.0
0.0
0.0
0.0
-0.042332
0.0
0.0
0.0
0.0
0.0
0.0
0.0
0.0
0.0
0.0
0.70721
0.0
0.0
0.0
0.0
-0.33634
0.559609
0.0
0.0
0.798551
0.0
0.0
0.0
0.0
0.0
-1.05378
0.0
0.0
0.0
0.0
0.0
0.0
0.0
0.0
0.0
0.0
-0.923423
0.0
0.0
0.0
0.0
0.0
0.0
0.0
0.0
0.0
0.0
0.0
0.0
0.0
0.0
0.0
-0.39495
0.0
0.0
0.0
0.0
0.0
0.0
0.0
0.0
0.0
0.0
0.0
0.0
0.0
0.0
0.0
0.0
0.0
0.0
0.0
-0.852298
0.0
0.0
0.0
0.426752
0.0
0.0
0.0
0.0
0.0
0.0
0.0
0.0
0.0
0.0
0.0
0.0
0.0
-0.618198
0.0
0.0
0.0
0.0
0.0
0.0
1.48772
0.0
0.0
0.0
0.0
0.0
0.0
0.0
0.0
0.0
0.0
1.02828
0.0
0.0
0.0
0.0
0.732372
0.0
0.0
0.0
0.0
0.0
0.0
0.0
0.0
0.0
0.0
0.0
0.0
0.0
0.0
0.0
0.0
0.0
0.0
0.0
0.0
0.0
0.0
0.0
0.0
0.0
0.0
0.0
0.0
-0.672815
0.0
0.0
0.0
0.0
0.0
0.0
0.0
0.0
0.0
0.0
0.0
0.0
0.512636
0.0
0.0
0.0
0.0
0.0
0.0
0.0
0.0
0.0
0.0
0.0
0.0
0.0
0.0
0.0
0.0
0.0
0.0
0.0
0.0
0.0
0.0
0.0
0.0
0.0
0.0
-0.162646
0.0
0.0
0.0
0.0
0.0
0.0
0.0
0.0
0.0
0.0
0.0
0.0
0.0
0.0
0.0
0.0
0.0
0.0
0.0
0.0
0.0
0.0
0.0
0.0
0.0
0.0
0.0
0.0
0.0
0.0
0.0
0.0
0.0
0.0
0.0
-0.572071
0.0
0.0
0.0
0.0
0.0
0.0
0.0
0.0
0.0
0.0
-1.51653
-0.0195268
-0.306308
0.0539983
0.315554
-0.512959
0.10373
0.339468
-0.0408211
-0.429386
-0.283718
1.1411
-0.182489
0.0390514
0.382377
-0.203582
-1.03572
-0.0437807
0.0314313
0.30905
-0.298141
0.711686
-0.766902
-0.258031
-0.958004
-0.310967
0.312412
-0.104709
0.0373309
-1.05636
0.113961
-0.402497
0.362496
-0.961113
-0.00487554
-0.707655
-0.101046
-0.159323
0.210408
0.681018
-0.0781806
0.213011
0.864249
1.60053
-0.184722
-0.16328
0.228997
-0.466651
0.939861
0.0
0.0
0.0
0.0
0.0
0.0
0.0
0.0
0.0
0.0
0.0
0.0
0.0
0.0
0.0
0.0
0.0
0.0
0.0
0.0
0.0
0.0
0.0
0.0
0.0
0.0
0.0
0.0
0.0
0.0
0.0
0.0
0.0
0.0
0.0
0.0
0.0
0.0
0.0
0.0
0.0
0.0
0.0
0.0
0.0
0.0
0.0
0.0
0.0
0.0
0.0
0.0
0.0
0.0
0.0
0.0
0.0
0.0
0.0
0.0
0.0
0.0
1.33879
0.0
0.0
0.0
0.0
0.0
0.0
0.0
0.0
0.0
-0.662632
-1.36433
0.0
0.0
0.0
0.0
0.0
0.0
0.419774
0.0
0.0
0.0
0.507448
0.0
0.0
0.0
0.0
0.0
0.0
0.0
0.0
0.0
0.0
0.0
0.0
0.0
0.0
0.0
0.0
0.0
0.0
0.0
0.0
0.0
0.0
0.0
0.0
0.0
0.0
0.0
0.0
0.0
0.0
0.0
0.0
0.0
0.0
0.0
0.0
0.0
0.0
0.0
0.0
0.0
0.0
0.0
0.0
0.0
0.0
0.0
0.0
0.0
0.0
0.0636317
0.0
0.0
-0.554752
0.0
0.0
0.0
0.0
-0.224308
0.0
0.0
0.0
0.0
0.0
0.0
0.0
0.0
0.0
0.0
0.0
0.0
0.0
-0.439833
0.0
0.0
0.0
0.0
-0.937375
0.0
0.0
0.0
0.0
0.0
0.0
0.0
0.0
0.0
0.0
0.0
0.0
0.0
0.0
0.0
0.0
0.0
0.0
0.0
0.0
0.0
0.0
0.0
0.0
0.0
0.0
0.262062
0.0
0.0
0.0
0.0
0.0
0.0
0.0
0.0
0.0
0.0
0.0
0.0
0.0
-0.41977
0.0
0.0
0.0
0.0
0.0
0.0
0.0
0.0
0.0
1.10487
0.0
0.0
0.0
0.0
0.0
0.0
0.0
0.0
0.0
0.0
0.0
0.0
0.0
0.0
0.0
0.0
0.0
0.0
0.0
0.0
0.358078
0.0
0.0
0.0
0.0
0.0
0.0
0.0
0.0
0.0
0.0
0.390006
-0.539677
-0.719751
0.163507
0.412848
0.632978
-1.41159
0.233928
1.75428
-1.27351
0.763792
1.12766
-1.28879
-0.870826
2.42101
-0.201925
0.0953036
-1.14037
-0.480495
0.210571
-0.984078
1.28001
0.00666698
0.403217
-2.82452
0.460399
0.860907
0.794951
0.496168
-0.265079
1.88602
-1.58624
-1.09888
-1.27184
-2.39891
-0.855469
0.838869
0.185157
0.0614302
0.213682
0.412022
1.42195
-0.220067
-0.134017
1.40056
-0.158765
0.832468
-0.142897
-0.608448
0.0
0.0
0.0
0.0
0.0
0.0
0.0
0.0
0.0
0.0
0.0
0.0
0.0
0.0
0.0
0.0
0.0
0.0
0.0
-1.38269
0.0
0.0
0.0
0.0
-0.844969
0.729
0.0
0.0
0.0
0.0
0.0
0.0
0.0
-0.627766
0.0
0.0
0.0
0.0
0.0
0.0
0.0
0.0
0.0
0.0
0.0
0.0
0.0
0.0
0.0
0.270551
0.0
-0.672385
0.0
0.0
0.0
0.0
0.0
0.0
0.0
0.0
0.0
0.0
0.0
0.0
0.0
0.0
0.0
0.0
0.0
0.0
0.0
0.0
0.0
0.0
0.0
0.0
0.0
0.0
0.0
0.0
0.0
0.0
0.0
0.0
0.0
0.0
0.0
0.0
0.0
0.0
0.0
0.0
0.0
0.0
0.0
0.0
0.0
0.0
0.0
0.0
0.0
0.0
0.0
0.0
0.0
0.0
0.0
0.0
0.0
0.0
0.0
0.0
0.0
0.0
-0.828915
0.0
0.0
0.0
0.0
0.0
0.0
0.0
-0.407504
0.0
0.0
0.0
0.153004
0.0
0.0
0.0
-0.803601
0.0
0.0
0.0
0.0
0.0
0.0
0.0
-0.54743
0.0
0.0
0.0
0.0
0.0
0.0
0.0
0.0
0.0
0.0
-0.765334
0.0
0.0
0.0
0.0
0.0
0.0
0.0
0.0
-1.23322
0.0
0.0
0.0
0.0
0.0
2.542
0.0
0.0
-0.0737654
0.0
0.0
0.0
0.0
0.0
0.0
0.0
0.0
0.0
0.0
0.0
0.0
0.0
0.0
0.0
0.0
0.0
0.0
0.0
0.0
0.0
0.0
0.0
0.0
0.0
0.0
0.0
0.0
0.0
0.0
0.0
0.0
0.0
0.0
0.0
0.0
0.0
0.0
0.0
0.0
0.0
0.0
0.0
0.0
0.0
0.0
0.0
0.0
0.0
0.0
0.0
0.0
0.0
0.0
1.81475
0.0
0.0
0.0
0.0
0.0
0.0
0.0
0.0
0.0
0.0
0.0
0.0
0.0
0.0
0.0
0.0
0.0
0.0
0.0
0.0
0.0
0.0
0.0
0.0
0.0
1.55592
0.0
0.0
0.0
0.0
0.0
0.0
0.0
0.0
0.0
0.0
0.0
0.0
1.96645
0.0
0.0
0.0
0.0
0.0
0.0
0.0
0.0
0.0
0.0
0.0
0.0
0.0
0.0
0.0
0.0
0.0
0.0571455
0.0
-0.471832
0.0
0.0
0.0
0.0
0.0
0.0
0.0
0.0
0.0
0.0
0.0
0.0
0.0
0.0
0.0
0.0
0.0
0.0
0.0
0.0
0.0
0.0
0.0
0.0
0.0
0.0
0.0
0.0
0.0
0.0
0.0
0.0
0.425671
0.0
0.0
0.0
0.0
0.0
0.0
0.0
0.0
0.0
0.0
0.0
0.0
0.0
0.0
0.0
0.0
0.0
0.0
0.0
0.0
0.0
0.0
0.0
0.0
0.0
0.0
-0.395425
0.0
-0.04315
-0.0797863
0.0866792
-0.109355
-0.18028
-0.468491
0.237022
-0.567614
0.213016
-0.256966
-0.549409
0.806559
-0.178979
-0.189952
0.508039
-0.399643
-0.353756
0.0495154
0.0587966
0.480004
0.665913
0.77192
-0.623817
-0.310195
-1.24558
0.331391
0.389624
0.0351857
0.0273455
0.169268
-0.290468
-0.499441
0.0578888
-1.36661
-0.226655
-0.113525
0.331265
-0.52024
0.41663
0.58716
-0.064606
-0.32614
0.0374029
0.406838
-0.493447
-0.343303
0.36157
-0.422686
0.744617
0.0
0.0
0.0
0.0
0.0
0.0
0.0
0.0
0.0
0.0
0.0
0.0
0.0
0.0
0.0
0.0
0.0
0.0
0.0
0.0
0.0
0.0
0.0
-0.397225
0.0
0.0
0.0
0.0
0.0
0.0
0.0
0.0
0.0
0.0
0.0
-0.294614
0.0
0.0
0.0
0.0
0.0
0.0
0.0
0.0
0.0
0.0
0.0
0.0
0.0
0.0
0.0
0.0
0.0
0.0
0.0
0.0
0.0
0.0
0.0
0.0
0.0
0.0
-0.367268
0.0
0.0
0.0
0.0
0.0
0.0
0.0
0.791384
0.0
0.0
0.0
0.0
0.0
0.0
0.0
0.0
0.0
0.0
0.0
0.0
0.0
0.0
0.0
-0.246366
2.20933
0.0
0.0
-1.11605
0.0
0.0
0.0
0.0
0.0
0.0
0.0
0.0
0.0
0.0
0.0
0.0
0.0
0.0
0.0
0.0
0.0
0.0
0.0
1.51249
0.0
0.0
0.0
0.0
0.0
2.23886
0.0
0.0
0.0
0.0
0.0
0.0
0.0
1.5281
0.0
0.0
0.0
0.0
0.0
0.0
0.0
0.0
0.0
-0.854938
0.0
0.0
0.0
0.0
0.0
0.0
0.0
0.0
0.0
0.0
0.0
0.0
0.0
0.0
0.0
0.0
0.129677
0.0
0.0
0.0
0.0
0.0
0.0
0.0
0.0
0.0
0.0
0.0
0.0
0.0
0.0
0.0
0.0
0.0
1.10366
0.0
0.0
0.0
0.0
0.0
0.0
0.0
0.0
0.0
0.0
0.0
0.0
0.0
-0.225956
0.0
0.0
0.0
0.0
0.0
0.0
0.0
0.0
0.0
0.0
0.0
0.0
0.0
0.0
0.0
0.0
0.0
0.0
0.0
0.31166
0.0
0.0
0.0
0.0
0.0
0.0
0.0
0.0
0.0
0.0
0.0
0.0
0.0
0.0
0.0
0.0
0.0
0.0
0.0
0.0
0.0
0.0
0.0
0.0
0.0
0.0
0.0
0.0
0.0
0.0
0.0
0.0
-1.14468
0.0
0.0
0.0
0.0
0.0
0.0
0.0
0.0
0.0
1.39134
0.13823
0.0
0.0
0.0
0.0
0.0
0.0
0.0
0.0
0.0
0.0
0.0
0.0
0.0
0.0
0.0
0.0
0.0
0.0
0.0
0.0
0.0
0.0
0.0
0.0
0.0
0.0
0.0
0.0
0.0
0.0
0.0
0.0
0.0
0.0
0.0
0.0
-0.514176
0.0
0.471879
0.0
0.0
0.0
0.0
0.0
0.0
-0.522467
0.0
0.246422
0.0
0.0
0.0
0.0
0.0
0.0
0.0287497
0.0
0.0
0.0
0.0
0.0
0.0
0.0
0.0
0.0
0.0
0.0
0.0
0.0
0.0
0.0
0.0
-0.779678
0.0
0.0
0.0
0.0
0.0
0.0
0.0
0.0
0.0
0.0
0.0
0.0
0.0
0.0
0.0
0.0
0.0
-1.48879
0.0
0.0
0.0
0.0
0.0
0.0
0.0
0.0345047
0.0
0.0
0.0
0.0
0.0
0.0
0.0
0.0
0.0
0.0
0.0
0.0
0.0
0.0
0.0
0.0
0.0
0.0
0.0
0.0
0.0
0.0
0.0
0.0
0.0
0.0
0.0
-0.631558
0.0
0.0
0.0
0.0
0.0
0.0
0.0
0.0
0.0
0.0
0.0
0.0
0.0
0.0
0.0
0.0
0.0
0.0
-0.0879123
-0.269298
-0.401902
-0.196698
0.00772971
-0.353057
-0.190491
-0.65479
0.877902
-0.141163
0.139892
1.41642
-0.923532
-0.320332
1.23289
-0.00363068
0.0608806
-0.460318
0.17685
0.535018
-1.33419
0.823901
-0.807956
0.0663784
-2.0237
0.390548
1.57682
0.209168
-0.162842
0.686386
0.411774
-0.830368
0.0419224
-1.10457
-0.143009
-1.26619
-0.167023
-0.000296394
0.16235
0.208914
0.0222612
0.255031
-0.156231
-0.631838
0.0489209
-0.379094
0.613277
-0.702655
0.436287
0.0
0.0
0.0
2.88915
0.0
0.0
0.0
-0.177099
0.0
0.0
0.249542
0.0
0.0
0.0
0.0
0.0
0.0
0.0
0.0
0.0
0.0
0.0
0.0
0.0
0.0
0.0
0.0
-0.0365344
0.0
0.0
0.0
0.0
0.0
0.0
0.0
0.0
-0.0716963
0.0
0.413049
0.0
0.0
1.67464
0.0
0.0
0.0
0.0
0.0
0.0
0.0
-0.223499
0.281367
-0.133346
0.108544
-0.157216
-0.672383
0.649186
-0.00338697
0.32856
0.982821
-0.336387
1.83478
0.330067
-0.274019
-0.37693
-0.120469
0.310366
0.104951
0.306055
0.387627
1.0379
1.38589
-0.0405645
-0.100067
-1.0475
1.89664
0.975809
-0.70432
-0.382475
-0.00576017
0.0390155
-0.433542
0.454421
-2.33868
-0.270197
0.179084
-0.806379
-0.627086
0.508524
0.150305
-0.093243
-0.0888827
-0.147002
-0.212476
-0.3627
0.0924794
0.141378
-0.495726
0.402278
0.0
0.0
0.0
0.0
0.0
0.0
0.0
0.0
0.0
0.0
0.0
0.0
0.0
0.0
0.0
0.0
0.0
0.0
0.0
0.0
0.0
0.0
0.0
0.595198
0.0
0.0
0.0
0.0
0.0
0.0
0.0
0.0
0.0
0.0
0.0
0.0
0.0
0.0
0.0
0.0
0.0
0.0
0.0
0.0
0.0
0.0
0.0
0.0
-0.73423
-0.0914334
0.0562293
-0.0888854
-0.0771823
0.209304
-0.169186
0.340642
-0.713418
0.278729
0.0855721
-0.435384
0.958328
-0.234015
-0.0652382
0.53691
1.61296
-0.394576
0.245372
0.120979
0.816213
-0.189275
1.03089
-0.786793
-0.315156
-1.32554
-0.159045
0.626555
-0.124361
0.132678
0.166361
0.197658
-0.517072
-0.525151
-1.50881
-0.243379
-0.310949
0.104521
-0.438282
0.511087
0.719653
-0.11274
0.390703
-0.0700547
0.137073
-0.573224
-0.508369
0.512646
-0.504306
0.576669
0.0
0.0
0.0
0.0
0.0
0.0
0.0
0.0
0.0
0.683752
0.0
0.0
0.0
0.0
0.0
0.0
0.0
0.0
0.0
0.0
0.0
-1.24377
0.0
0.0
0.0
1.14775
0.0
0.0
0.0
0.0
0.0
0.0
0.0
0.0
0.0
0.0
0.0
0.0
0.0
0.0
0.0
0.0
0.0
0.0
0.0
0.0
-0.217521
0.0
0.0
0.0
0.0
0.0
0.0
0.0
0.435616
0.0
0.0
-0.47286
0.0
0.0
0.0
0.0
0.0
0.100898
-0.334926
0.0
0.0
-0.0464088
0.0
0.0
0.0
0.0
0.0
0.0
0.0
0.0
0.0
0.0
0.0
0.0
0.0
0.0
0.0
0.0
0.0
0.0
0.0
0.0
0.0
1.4406
0.0
0.0
0.0
0.0
0.0
0.0
0.0
0.0
0.0
-0.782521
0.0
0.0568439
0.0
0.0
0.0
0.0
0.0
0.0
0.0
0.0
0.0
0.0
0.0
0.0
0.0
-0.953613
0.0
0.0
0.0
0.0
0.0
0.0
-0.682937
0.0
0.0
0.0
0.0
0.0
0.0
0.780302
0.0
0.0
0.0
0.0
0.0
0.0
1.0848
0.0
0.0
0.0
0.0
0.0
0.0
0.0
0.0
0.0
0.0
0.0
0.0
0.0
0.0
0.0
0.0
0.0
0.0
0.0
0.0
0.0
0.0
0.0
0.0
0.0
0.0
0.0
0.0
0.0
0.0
0.0
0.0
0.0
0.0
0.0
0.654055
0.0
0.0
0.0
0.0
0.0
0.0
0.0
0.0
0.0
0.0
0.399661
0.0
0.0
0.0
0.0
0.0
0.0
0.0
0.0
0.0
0.0
0.0
0.0
0.0
0.0
0.0
0.0
0.0
0.0
0.0
0.0
0.0
0.0
0.0
0.0
-0.477754
0.0
0.0
0.0
0.0
0.0
-0.241176
0.0
0.0
0.0
0.0
0.0
0.0
0.0
0.0
0.0
0.0
0.883339
0.0
0.0
0.0
0.0
0.0
0.0
0.0
0.0
0.0
0.0
0.0
0.0
0.0
0.0
0.0
0.0
0.0
0.0
0.0
-0.166957
-0.154933
3.17644
-0.411285
0.185317
-0.353987
2.32375
0.458217
0.62369
-2.01727
0.60752
-0.753252
-0.654673
0.160053
-1.22802
-0.122976
-0.134748
0.0576082
0.704063
2.94041
1.50468
0.17684
-0.0985336
0.0923012
1.3321
-0.108202
0.356171
0.730058
-0.210487
0.325096
1.63245
-1.41402
0.0400198
-4.74675
-0.385825
3.06331
0.00747862
0.341025
0.101855
1.04076
-0.373308
1.42291
-0.227204
0.298481
0.103071
-1.18509
1.35797
-0.598183
1.06844
0.11888
0.602464
-3.15578
-6.81684e-05
-0.0051268
-0.0167977
-2.19271
-0.751296
-0.743396
2.40401
-1.05894
0.755249
1.46036
-0.108146
1.33168
0.0744143
-0.0484796
-0.102899
-0.197866
-1.28569
-0.972925
0.666501
-0.137188
-0.0813042
-1.49336
0.402633
0.71063
-2.34073
0.0150875
-0.251367
-1.59765
1.73237
0.153884
4.89202
0.19803
-1.12736
0.34139
-0.449197
-0.125071
-0.531511
0.161758
-1.23363
0.0354084
0.286222
-0.437523
1.55148
-1.13111
0.941643
-1.14249
0.00704464
0.163524
0.610672
-0.00201654
0.00664689
-0.0961598
-0.0470768
-0.877843
-0.0376261
-3.07267
0.520892
0.144586
0.815405
0.24995
-0.460242
-0.0776761
0.099873
0.435661
0.00715036
0.508883
3.249
-0.502633
-0.279549
0.0176518
0.988307
-0.12017
-3.26417
0.225997
-0.00231826
0.269644
0.82344
-1.59214
0.12332
0.328378
-0.428185
1.12125
-0.103125
-0.571528
-0.457099
0.316211
-0.00826569
-0.0126362
-0.0663359
-0.798343
0.276201
0.631171
1.16786
1.1762
1.58594
-0.01621
-0.00148622
1.01282
0.00356278
-0.00278798
0.228404
0.593339
2.52968
0.337771
4.32385
0.552106
-2.5598
-2.43088
0.13494
2.19172
-0.116458
-0.888476
0.00820342
0.0107539
1.54496
-2.37425
1.94648
-1.18509
-0.155664
0.526168
0.030144
4.22429
0.547143
1.69408
0.0131933
-1.22712
-2.40096
-0.347321
-2.85416
1.11296
2.66334
0.039541
0.384409
0.5913
-0.280508
-0.174673
-0.00381567
0.0710848
-1.32385
-0.991111
-3.02413
0.268782
-2.23529
0.401151
-0.048086
0.447462
0.0208027
-0.411308
0.180185
-0.370827
0.131047
-0.295307
-0.119726
0.386928
-0.451302
0.00175845
0.805451
-0.302628
0.103626
-0.0485009
-0.183325
-0.0452619
-0.177115
0.289681
0.531296
0.843337
-0.235947
0.0109427
-0.162077
0.294413
2.29352
-0.561916
-0.195402
0.0737459
0.034678
0.317295
0.193884
0.145232
-0.188877
-0.141404
0.348853
-0.108156
-0.0232482
0.509256
-0.211514
0.189198
-0.191803
0.584869
-0.957196
0.36809
0.226869
0.341958
-0.0740271
0.0533131
-0.335228
-0.237803
0.00059532
0.0437276
0.188106
-0.144778
0.458362
0.295953
-0.153105
0.0173194
0.137944
-0.255237
-0.0126803
-0.140166
0.200101
0.0863167
-0.215738
-0.186978
0.197894
-0.30506
0.184334
0.459636
-0.0133238
0.174926
0.345092
0.0711245
0.151421
0.000492768
-0.296909
-0.0707516
0.2689
-0.382416
0.241802
-0.00118732
-0.0202512
0.199144
-0.0293497
-0.00244992
-0.117382
-0.0577143
0.0323677
-0.104539
-0.147331
0.00822552
-0.200644
-0.1592
0.00829219
0.0378849
1.3048
0.146637
1.20399
-0.00387168
0.0593931
0.0313745
-0.0330707
0.71957
-0.201371
0.0452319
-0.0351082
-0.61671
1.53961
0.205184
-0.200763
0.0816643
-0.106278
0.0351054
-0.0587533
-0.367257
0.306241
0.354107
0.0532533
0.100669
-0.379741
-2.05756
0.989664
-1.47057
0.00126163
0.0883382
-0.420497
0.262717
0.142508
-0.215512
0.0933984
-0.35509
0.084766
0.148058
0.101568
-0.264671
0.0590443
0.152095
-0.043474
-0.156957
-0.23698
0.206127
-0.0357453
-0.352003
-0.244508
1.73862
1.02382
-0.461679
-0.00260649
-1.56548
0.202398
0.372008
1.05543
0.590308
0.987908
0.106469
-0.689689
1.80775
-0.0718422
-0.952136
0.173026
0.0182754
-0.164631
-0.0554335
0.165068
0.787418
0.744201
-0.367146
0.070075
0.512772
1.70967
-0.0638848
0.482358
-0.00761856
-0.202071
0.218269
-0.459778
-0.278722
-0.549893
0.676329
-0.294187
1.9976
-0.0478141
0.0136936
-0.335667
0.269179
-0.792578
-0.177898
-0.882195
-0.317679
1.43535
0.137188
0.101454
-0.15371
1.79785
-1.8403
-2.15081
-0.000242589
2.56128
0.179754
0.0440501
0.409795
0.190061
-0.0359511
-0.0741684
0.0571112
-1.33053
2.2413
-2.92314
1.74039
1.70131
-0.294259
-0.200749
0.0283887
0.187974
0.184727
0.56943
-0.0332406
1.08697
0.314047
-0.280018
1.1493
0.582211
-0.259002
-0.113746
0.11942
-0.374658
0.285117
-0.066472
-0.191552
0.220877
2.09611
-0.0179042
-0.146447
-0.0635702
0.143055
-0.120201
0.0108405
-0.152578
-0.0996296
-0.14918
0.246293
-0.0249632
0.08013
0.901396
1.86685
2.44819
2.73223
-2.36007
0.00523183
-0.480205
0.0649367
-0.0291215
-0.036154
0.00536243
-0.102114
-0.0629942
2.44722
2.40004
0.0508112
-2.09835
-0.20078
-0.0234447
0.0918541
0.209676
0.446007
-0.0096098
1.7558
0.251657
2.24663
0.111308
-0.29442
-0.209478
-0.121587
0.104847
-0.333097
0.223027
-0.0464322
-0.011238
0.235583
-0.0729999
-0.0317709
-0.119183
-0.0708429
0.137556
-0.121736
-0.0159675
-0.0799256
-0.152291
-0.114858
0.0967968
0.0446136
0.071751
-0.309558
2.06335
2.14188
1.67349
2.37121
0.012463
2.84986
-0.22941
0.211915
-0.0930138
0.110535
0.0596346
-2.43894
0.197715
2.83191
-1.85465
-0.264568
-0.198239
-0.778148
0.666309
0.286878
0.319409
-0.0355769
-0.407002
-1.17281
0.403542
1.98381
-0.000311681
-2.94755
1.55655
0.387117
-2.85098
1.00303
-0.0525878
-0.363193
0.238516
-0.150646
-0.0173297
-0.119524
-1.70029
-1.78537
-0.109125
0.296267
-0.249824
-0.306383
-0.00780182
0.217334
0.0594417
-0.0945957
-0.245298
0.532851
2.48004
-0.417745
1.69377
0.137594
-0.207385
-0.602086
1.09089
0.0976715
-0.870853
0.326992
-0.227742
0.67899
0.0994184
-0.175058
2.21868
-2.83246
1.98011
2.18845
0.603143
-0.0289444
-0.0300822
-0.30285
-0.255097
1.19634
-0.224427
-0.000890282
0.150226
0.284292
-0.488261
0.0894125
-0.174751
-0.402566
-0.476091
0.063899
-0.141718
0.0306747
-0.100415
0.299117
-0.149176
-1.2445
0.881598
0.467379
-0.0412163
-0.623443
-0.0874259
0.101876
-0.0405842
0.121611
-0.930301
0.000771799
0.464897
-0.387941
2.64614
0.462067
-0.792458
0.426276
-0.204883
-0.0916649
-0.946904
0.0556886
-0.417262
-0.0970095
-0.57832
-1.71909
-0.473792
3.19459
0.350068
0.351955
2.19729
0.0550202
1.15891
-0.166979
0.53396
0.321304
-0.984466
-0.3398
-0.00876093
-1.71188
0.0172764
1.1783
0.329312
1.90426
-0.26144
-0.34452
-2.66846
-0.143054
-0.319819
0.074643
-0.101146
0.163021
1.10667
-1.4346
-1.65024
-1.03708
-0.767441
0.0493912
0.00691717
0.102079
-0.00443912
0.0772628
0.27974
-2.64106
-1.91978
-1.79463
-0.432496
-0.0779014
-1.1062
-0.0402374
0.0711405
-0.283866
0.178568
0.239773
0.426832
-2.78744
2.59406
-2.2143
0.0472623
-0.603295
0.00785935
0.191585
0.338063
0.979809
1.14704
-0.00306827
0.141471
0.0987942
0.333758
-0.0960978
-2.46544
0.291945
0.865602
0.00447578
-0.118504
-0.118198
0.0328801
-0.0303952
-0.214822
-0.121762
-0.903667
-1.55657
0.299134
-0.481391
0.234293
0.10031
0.165206
0.390383
-1.1172
-0.00228743
0.0413517
0.375833
-1.26153
1.87084
-1.36523
1.29968
-0.0574878
0.328571
0.587344
-0.119614
0.694819
0.151588
0.367703
0.17973
0.309353
-2.00743
3.65451
-2.66071
1.19165
2.61445
-1.3114
0.401538
1.18029
0.379524
0.0135511
-0.116245
-0.469873
-1.65402
1.39126
2.66322
-0.98272
0.533193
0.71031
-0.760872
-0.57295
-0.323089
-0.42321
0.630022
0.0848508
-0.720873
0.218137
-1.11556
-0.10999
-0.232386
1.07901
0.0480984
-0.190502
-0.260826
1.20039e-05
0.0675563
0.175868
1.20514
0.777127
2.38474
-2.32088
1.72337
-0.292073
0.0482423
-0.0264884
-0.264988
0.117405
0.200603
-0.20582
-0.190409
0.0658055
-0.704252
-1.2674
-1.35681
2.34495
0.0881796
0.216103
0.248063
0.0189248
0.000446019
-0.16957
-0.110641
0.431485
-0.313092
0.567599
-0.100901
-0.59457
0.243713
0.0179895
-0.0286424
-0.131203
-0.0363773
0.177691
-0.127163
0.223115
2.41442
0.0473977
-0.113256
0.177294
-0.12197
0.153727
0.25911
0.134
-0.00455115
0.0599569
-0.00111816
0.577155
-0.84512
-1.2244
1.60517
-2.74294
-0.276897
-0.700752
-0.00031861
0.543144
0.0856132
-0.0829678
-0.17356
-0.153447
0.312643
-0.476603
1.95431
2.53511
-2.47086
-0.292764
0.32591
-0.97746
-0.469369
0.000443393
0.107685
0.0845632
-1.10134
2.08197
0.189364
-2.23359
3.21755
0.388669
-0.247523
-0.241587
-0.0124146
-0.944252
-0.0860229
-0.0610012
-1.75521
-0.110689
-2.10671
-0.112484
-0.99244
0.362077
-0.0911825
-0.0803349
0.027422
-0.00116517
0.0540007
0.024573
-0.770539
0.19624
0.68825
-2.81908
2.976
-1.64389
-0.487803
0.0824658
-0.727338
0.0374113
0.584742
-0.0158325
-0.0547494
-0.0774498
-0.593351
-0.683582
-3.44872
1.92977
1.26147
-0.18329
1.57616
0.0829423
-0.00156773
0.135898
-1.64327
-0.463838
0.0743742
-1.07529
-0.945291
-2.41222
0.0872741
0.104381
0.314885
-0.196641
0.378643
-0.548508
-0.0754991
0.298359
-0.25009
0.611786
0.564183
0.224758
0.121058
-2.66393
1.46023
-0.144667
-0.00393394
0.0580858
-0.00666002
0.268661
-0.146775
-0.290969
0.270719
0.007442
-0.510849
2.9653
-1.49763
2.58536
0.0842829
-0.288672
0.0916074
-0.00162647
0.0450173
0.250699
0.303281
-0.429226
0.0460019
2.66499
-1.63595
-0.563115
-0.221071
0.000103543
0.191519
-0.224449
0.163429
0.186671
0.000788266
0.112293
-0.401711
0.0781136
0.617562
-2.32211
-0.0248737
0.0265334
0.00981104
-0.0428019
0.408869
-0.124619
-0.112881
0.0221605
0.0976323
-0.039494
-2.01343
1.1327
0.486695
-0.00328978
0.0564771
0.0150572
0.324493
0.281519
-0.124353
0.402569
-0.0303839
-0.483043
-2.016
-2.79386
-0.859235
0.0402659
-0.518968
-0.0569316
-0.106452
-0.288104
0.955162
0.454591
-0.121986
-0.0243849
-3.22235
-0.95504
-0.60582
1.87988
0.000934124
0.19048
-0.0942285
-1.41907
-0.0113389
0.733611
-0.418544
0.314657
0.329828
-2.52224
0.0404613
-0.0190146
0.000814213
0.621009
-0.0588117
0.31446
-0.138242
-0.0709718
0.552103
-0.52619
-0.150578
0.0517289
-2.00301
-0.207759
2.14084
0.0989988
0.18862
0.47474
0.237345
0.0637546
0.330508
-0.0646164
0.149842
0.106923
-0.0325993
0.432014
-2.64334
0.906045
-0.226905
-0.197992
0.470499
0.12481
0.168191
0.623188
-0.0342452
0.173085
-1.8473
-0.260166
0.33909
0.000315603
-0.188391
-0.36729
1.27621
-0.401027
0.59467
-0.472823
-0.131928
0.253098
-0.142758
0.190122
-0.0939262
1.21567
-0.0646663
-0.154735
0.078214
-0.179751
0.613193
-0.11667
0.424272
0.0308093
0.0869789
-0.254499
-1.30438
-0.000872962
-1.30596
0.516416
0.179041
-0.682684
0.13805
0.467127
-0.0341213
0.837319
-0.323968
0.0370809
-2.14127
2.06591
-0.150507
-0.138514
-0.929372
0.0408139
0.256512
0.594029
0.747413
-0.00862713
-0.427417
2.93007
-1.03842
1.33128
2.14381
-0.308407
0.454239
0.47057
-0.19346
-0.222507
-0.38718
0.909561
0.230674
-0.0302544
-2.80374
0.000969733
-0.17756
0.366462
-0.101661
0.203528
-0.446805
-0.918855
0.26205
-0.181338
0.0777894
-0.0261268
-0.37745
1.009
0.111397
-1.32303
2.20284
1.79878
-0.106081
-0.419459
0.399065
0.0844056
0.0656592
0.441356
-0.152104
-0.820148
1.61222
-2.01491
-1.80785
-2.35795
-0.909986
0.853703
0.152272
-0.38519
0.0528718
-0.727862
-2.51744
-1.08696
-1.76202
-1.50588
0.12027
-0.330123
0.304871
0.161723
0.27077
-0.0474733
-0.471714
0.0886697
-0.132024
-0.0445856
-0.015403
-0.139164
1.40656
0.258478
0.600003
-0.459931
0.225315
0.163934
-0.234577
0.00525508
-0.026757
0.3595
0.00130824
-0.00546402
-2.4413
-1.06038
2.36515
-0.256858
-0.379546
0.573864
-0.0104456
-0.0646345
0.259119
0.00217214
-0.0356609
-0.0732718
1.41357
1.14494
-0.649074
-0.23894
0.42798
0.140083
-0.341058
0.0426394
-0.481601
-0.0428429
2.10583
-2.00301
-0.000177306
0.226058
2.48219
0.803284
1.82415
2.41225
-0.30534
0.0423883
0.15452
-0.0333827
-0.0714892
0.93304
0.00648712
0.157852
-0.0392388
-0.557549
0.0605764
0.234474
0.24057
-0.386222
0.0693247
-0.0741256
-0.183703
-0.456625
-0.0012503
0.100138
-1.95046
-2.11987
-1.35094
0.34206
-2.25683
0.37403
-0.935681
-1.52782
-0.199884
-0.526381
0.152354
0.0200472
-1.15812
-2.87207
0.390622
-2.12263
-0.343256
0.00594159
0.0582789
1.82209
0.114135
0.789243
0.0783458
1.01357
0.261454
-1.77596
-2.52488
-2.89041
0.0589704
1.04586
0.361505
-0.2877
0.299431
0.381651
1.82382
1.78395
-0.537388
-0.192605
-0.265821
-1.56098
2.7293
-0.945854
-0.490128
-0.282446
0.0319386
0.168783
-0.269393
-0.00409513
0.101085
-0.193924
1.70143
-0.788721
0.192914
0.36375
0.165684
-0.438209
0.470429
0.0033985
1.59055
0.162768
-1.82427
-0.688837
-2.66256
-0.33743
-0.203625
0.662044
-2.59213
0.0478675
0.162004
0.00745364
-1.20102
0.821401
-0.00988319
-1.47725
1.82967
-0.0812447
0.22516
0.124289
-1.00715
-0.671902
0.196201
-0.506387
-0.2565
-0.00997394
-0.277146
1.18839
-0.187594
1.71483
1.03447
-0.0179137
2.73226
0.101691
1.00928
0.0921961
-0.329955
-1.1274
-0.00155058
0.099309
-0.158664
0.709417
-2.90804
1.43273
0.228796
0.0669454
1.90252
0.502557
-0.112357
0.0375999
0.0564183
0.502503
-0.178189
1.6122
1.03321
1.33244
-1.19883
-1.68785
-0.039957
-2.79378
0.459127
0.686807
-0.389402
0.000667207
-0.77258
0.0402811
0.441218
-0.296521
-0.537378
0.0934432
-0.345571
0.251453
0.0575206
0.202188
-0.071953
-0.177999
0.888847
-0.152318
0.979368
-1.37323
-1.93972
0.395198
-1.03847
0.466927
0.117244
0.116504
0.108808
0.00160076
0.0499131
0.407887
-0.130346
1.21579
0.81466
2.47453
2.33177
1.60758
-1.10981
-0.0746215
0.804269
0.197941
0.474298
-0.131818
1.12146
-0.169525
-2.08343
0.51727
1.09819
-1.39996
0.17506
0.229597
-1.60975
-0.0587968
0.00830005
0.34223
0.0114432
-1.57607
-0.405248
1.14735
0.512363
1.6585
0.193242
-0.102793
-0.210885
0.329357
-0.680912
-1.24459
-2.34613
-3.16851
1.24026
-0.466222
-1.79671
-0.62663
-0.116429
0.0713255
-0.204905
-0.180708
-0.000501264
0.0915048
0.193478
0.11065
1.93156
-0.535628
-1.03262
2.65576
0.365494
-0.0655782
-0.0676891
-0.0354381
0.0700305
0.0177296
-0.217806
-0.197105
0.0819849
-1.79986
3.09518
2.57341
-0.617714
-0.0281145
0.227058
0.24789
0.0699226
0.000248411
-0.164927
-0.222816
2.77558
-0.352957
0.283634
2.32668
-2.75621
0.255449
-0.0973835
-0.0375059
-0.14379
-0.0599963
0.145387
-0.134664
0.103302
-0.197558
3.10373
-0.0426825
-1.50896
-0.00999659
-0.047781
-0.238426
-0.786581
-0.00283401
0.0774009
0.252623
-0.13254
0.98216
0.0285658
-2.81346
0.414644
-0.719967
0.0724661
-0.250821
0.347611
0.221827
-0.0923697
-0.00338675
-0.0187118
0.392463
-0.241754
0.210659
1.56213
2.28091
-1.25347
0.32103
0.287622
0.119987
-0.000406353
0.0365254
0.264564
0.24315
0.149627
-0.806803
1.52384
2.05976
-0.383492
-0.140608
0.0110163
0.38164
-0.168881
-1.31444
-0.0709414
-1.40694
0.653957
-0.0876649
-2.69694
1.11228
-0.172125
0.0331292
1.34239
-0.809392
-0.00247234
0.113337
0.19644
-0.541908
-0.482078
-0.294217
-0.376402
0.14304
0.762902
-0.510891
-1.4862
-0.636622
-1.66347
0.130304
0.105668
-0.156856
0.160244
0.600891
0.167722
-0.395502
0.0254293
-0.75914
1.64881
-0.392119
-0.100727
0.000958142
-0.299652
0.422009
0.526172
-0.195616
0.101092
0.0490662
1.25091
1.87212
0.460629
-0.0850709
0.0239083
0.510273
-0.311545
-0.132192
-0.105797
0.482333
0.667206
-0.0276424
-0.0818211
-0.220631
0.893147
-2.86156
0.585375
-0.00163931
0.0961301
0.0948945
0.692813
0.00739982
-0.619106
2.06871
0.138956
-0.620371
4.51225
1.23321
-2.21278
1.29686
0.044562
0.238782
-0.184565
1.35187
2.39615
0.106422
-2.46113
-0.0658779
-2.74397
-0.109813
3.19213
-0.219584
0.00242035
1.85293
-1.6609
-0.723046
-0.272078
0.600077
-0.397718
-1.19403
2.54532
-2.32279
0.486204
0.105284
0.470973
-0.0538609
-0.13604
-0.0372898
-0.0822704
1.04799
0.259366
0.827235
-0.915976
0.861
-0.193316
0.113516
-0.000798869
1.35175
0.203821
0.0448021
-0.21085
0.272514
-0.00794255
0.0551921
0.292069
-2.79083
-2.05836
0.175532
0.162861
-0.00289712
-0.181904
-0.173638
0.112389
-0.258354
-0.163075
1.21209
-0.00420007
0.657361
2.2803
-1.99157
-1.3738
-0.0971097
-0.192171
0.750988
-0.49231
-0.337323
-0.320718
0.393533
1.49292
0.12803
0.0645797
0.558625
-0.632415
-1.61136
-0.415909
-0.119765
-0.876072
0.604782
-0.0814749
-0.381116
0.193572
0.21835
0.0763541
-0.287948
1.41574
1.53662
-0.283055
2.61377
0.0270808
0.394801
0.108526
-0.0377594
-0.0424031
-0.0160474
-1.57596
-0.0751622
1.41099
2.96986
1.29262
-0.23231
-0.200604
-0.0241356
0.188579
0.220031
0.459264
-0.0152053
0.0603166
0.244085
0.863408
1.32675
2.17814
-0.24473
-2.90499
0.147583
-0.34712
0.276541
-0.029684
-0.149308
-0.36342
-2.80071
1.24391
-2.74782
0.00555452
0.150675
-0.114887
-0.00459699
-0.148941
-0.119257
-0.119846
0.111902
0.0144211
-0.0295789
-0.00371583
2.08154
-0.723202
1.76114
0.142614
0.0769942
0.794895
-0.338614
1.12879
0.0649385
0.322714
-0.680532
-0.0279399
0.92325
0.0807288
0.679432
0.0859812
-0.00103816
0.323744
0.308757
0.343881
0.786277
0.0772538
-0.911426
-0.252631
0.455995
-1.67881
2.84496
-0.419433
-1.62032
1.22117
0.150212
-0.250592
-0.243919
0.185571
0.132213
0.118071
0.0555417
0.635295
-1.38813
-0.221241
-0.0280913
-0.0394917
0.125233
-0.153088
0.0541933
-0.907092
-0.31845
-0.00268392
0.314424
0.116913
-0.0042365
-0.731608
-0.0387833
0.671518
-0.444896
-0.327638
-0.105435
0.181374
-0.20723
0.796498
0.112294
-0.281444
-0.849638
-2.12666
2.97195
-1.19059
0.579495
0.933206
0.535021
-0.343148
0.038115
-0.29728
-0.103561
-0.233654
1.01071
1.85236
1.10066
-0.537689
0.27353
0.089466
-2.46375
0.509791
0.915642
0.0974185
-0.0699045
-0.0440084
1.05259
-0.134324
1.89653
2.821
0.307622
-0.109449
-0.335153
0.132008
-0.412542
0.0363608
0.169965
-0.261656
0.335164
0.00397636
2.54161
-0.110578
0.00532338
-1.87752
1.01043
-2.28786
0.32721
0.683759
-0.200222
0.0908948
-0.539398
0.437422
3.66111
1.16191
-0.928025
-0.555864
-0.865133
4.10555
-1.02317
0.0125636
0.248142
0.206714
-2.96058
-0.416811
0.461114
-0.726837
1.63738
0.596362
-0.650618
0.22141
1.70654
1.81991
0.0889056
0.364586
-0.530952
0.181958
-1.87796
1.43619
-2.29401
3.21022
-0.94536
-2.47252
1.36621
-0.634736
-0.191193
-0.0265975
0.368635
0.0318701
-0.00328181
0.063911
0.0193793
-2.67689
-0.0391683
-0.45561
0.205474
0.0546534
-0.154862
0.423763
-0.0547499
-0.134415
-2.30253
-0.676812
0.26767
1.83905
-0.851363
1.27517
0.0438901
-0.354994
0.055547
-0.337195
-0.0938247
0.446442
-0.246693
2.89193
0.124364
-2.72574
1.02366
1.90412
0.0349373
-0.164661
0.175715
0.0888504
0.0193915
-0.0403717
0.0599072
1.756
1.98562
-1.80659
0.0477935
0.0982263
0.184509
0.14474
-0.131597
0.068378
0.105018
0.173533
1.34103
-0.00042557
0.0152497
0.256088
-0.452201
-1.73003
1.66031
-1.14765
-0.801759
-2.21297
-0.022754
0.0467456
0.851152
-1.64639
-0.781752
-2.50384
1.35219
-0.904919
-0.26387
-2.72798
-1.22346
-0.0911502
-0.0472218
0.0973109
-0.224174
0.328237
0.0110066
0.648557
-0.596795
0.122359
-2.03571
-0.817016
2.08327
-2.04171
0.535595
-0.0741744
-0.0637081
0.277256
-0.830884
0.137064
-1.50103
0.504417
-2.08964
2.36574
-0.284659
1.06155
-0.0855582
0.0692288
-0.0618247
-0.469094
-0.00103546
0.0635553
0.364237
-0.287849
-0.73324
0.029382
-1.42403
-0.905596
-1.49608
-1.55658
0.0156825
-0.328897
0.154194
0.302552
0.121479
-0.201149
0.557808
-2.09327
1.67943
0.445245
-0.155184
-0.111071
0.453685
-0.542451
-0.191521
0.000963661
0.251464
-2.15548
2.8303
-2.33666
-0.99404
-0.427516
0.705244
-0.00842323
-0.0151987
-0.310995
0.166787
-0.411507
-0.625214
-0.546646
0.369788
2.20307
-0.174076
-0.915995
-0.735201
-0.135355
0.120536
-0.424733
-1.00669
-0.00372393
0.105361
0.46672
-0.186241
-0.436488
-0.964139
0.218863
0.596963
-0.736694
-2.54679
-0.442777
0.143013
0.236651
0.193768
0.319161
-0.144903
0.227928
0.413775
-3.37364
3.05175
1.42269
-0.347573
0.252311
-2.00006
-0.134443
0.00633092
0.527418
0.347122
0.652431
-1.42537
-1.28505
2.21307
1.25669
0.236415
-0.676617
-0.580843
-0.0791138
-1.33149
0.0530014
0.125249
-0.756142
-0.776875
-4.13164
0.296283
-4.0186
0.291155
0.0520503
-0.307394
-0.178856
0.000807969
0.0510666
0.18407
-0.0513977
0.323665
0.786963
1.48994
-0.0108475
-0.145698
-0.260811
-0.0210907
-0.212017
0.293198
0.0851355
-0.158963
-0.178641
0.230607
0.000983379
0.326689
-0.505785
2.66376
0.433073
0.223736
0.14811
0.114605
0.000413311
-0.2399
-0.198647
0.505064
-0.309321
0.304536
-1.72487
-1.12366
0.121283
-0.0643289
-0.00798821
-0.132675
-0.0226163
0.0771743
-0.109095
-1.79997
1.01045
-0.193018
0.0708296
0.900546
-0.0123149
-0.00936827
-0.143964
-0.286384
-0.00374643
0.0602468
0.0367517
-0.226594
0.652091
0.791406
-0.181932
-0.0179949
-0.511476
-0.384063
-0.334086
-2.40101
0.071593
0.0833509
-0.0905113
-0.00146561
0.127212
-0.789461
-0.0559964
0.866496
0.0967324
-0.0923616
-2.15004
0.89182
-0.0605942
2.83902
-0.0232663
-0.297442
0.409269
0.0781917
-0.648556
-0.199647
0.176646
-1.41682
1.24353
0.213778
-0.11061
0.108152
-0.362839
-0.0462105
-0.667981
-0.0118576
0.661744
-0.0755557
-0.410637
0.877963
-0.0379906
2.19396
0.486172
-0.00560483
-0.415915
0.0190179
0.404224
0.286314
-0.437204
0.366524
0.00615232
-0.152487
-2.45281
-0.0402555
0.0745578
0.0350732
-0.105735
0.141825
-0.00626019
0.214845
0.873363
0.196241
-0.412647
0.0277634
-2.00169
-0.0283479
0.783771
-0.0941545
0.00122372
0.135546
-0.198645
-0.504932
0.16396
-0.664645
-0.520234
0.0231409
-2.59175
2.85877
-1.31769
-2.59502
0.0941151
-0.0624411
-0.0557497
0.290576
-0.0418181
0.956746
0.139649
-0.0832321
0.737118
-0.0396759
2.29986
0.129607
-0.00453281
2.48883
-0.029604
-0.0265359
-0.56474
0.503911
0.228368
0.0981108
0.004381
-0.0203799
0.113292
-0.135553
0.0924633
0.246109
0.0302208
-0.00517823
-0.233537
-0.329127
-0.267878
-0.810586
0.0253434
0.18828
0.0115373
-0.209697
-2.35877
0.634643
2.59565
-0.319177
0.239044
0.0392423
0.0256047
0.429083
-0.384665
0.0721596
0.473835
1.93072
-1.97476
0.00343238
-0.169463
-0.0782352
0.329966
-0.248065
0.482592
0.0372468
-0.428688
1.33362
-0.045019
0.120429
-0.00927767
-0.00448361
0.0923533
2.53673
0.304448
0.358477
-0.463202
0.806173
0.0702017
0.416633
-0.764631
-1.86349
-0.247988
0.385809
2.71764
0.217208
0.00313542
0.732761
0.0363979
0.406518
0.313013
0.0717831
-0.148303
1.34343
1.1171
0.974847
0.000577019
0.596255
-0.0241023
0.307621
0.224677
-0.91538
0.0754969
0.954965
0.113507
-0.979013
0.194628
-0.308438
-2.65676
1.86219
0.674992
0.019834
0.588816
0.0666973
-0.297415
-0.918899
-1.23454
0.0994483
-0.581342
-0.314334
-0.0020529
0.0746091
-0.289668
-0.903265
-0.867219
0.468482
0.425798
0.00591824
0.737123
0.986345
0.115478
0.175402
0.278061
-0.0797257
-0.292044
-1.01824
-2.07735
0.829515
-0.697939
-0.843602
-0.050625
-1.0244
0.0278732
0.914482
-0.493545
2.09299
-1.5878
-0.295967
0.397283
-0.201598
1.16885
-0.650149
-1.89016
0.462948
0.124789
-3.15494
0.667423
-1.20864
0.567102
-0.0554934
0.903289
-1.25467
-1.31664
1.39546
-0.355991
0.269763
-0.0109487
0.192585
0.00999513
-0.00333707
0.0390365
-0.00707462
0.0534149
2.19668
-0.34274
0.248779
0.00491127
-0.381338
0.320571
-0.0242462
-0.15222
0.0629665
0.618194
1.42967
-0.00143853
-1.57584
0.158951
0.0775451
-0.291128
0.0323533
-0.123005
0.0720843
0.384881
-2.35023
-2.51972
0.280632
-0.53859
0.0592405
0.149984
0.100226
-0.171463
-0.16669
0.0454066
-0.0247586
-0.0220355
-2.33025
0.0391693
-0.837516
1.59324
0.358439
-0.0509514
0.128534
0.10944
-0.214392
0.0453423
0.164634
0.500681
0.373411
0.000293475
0.0683951
2.51331
-1.52276
-2.44151
-0.014922
0.578646
0.0704111
1.15507
0.154799
0.396336
0.366143
-2.50582
0.522939
-0.205087
-0.0543196
-2.69178
0.676742
-0.754121
-0.992435
-0.067868
-0.645483
0.0802437
-0.262427
-0.111912
-0.0075028
0.01729
-1.08169
0.595351
-0.0761995
2.01669
-0.673822
-1.07472
0.531414
0.575649
-0.237122
0.0265616
-2.56217
2.94797
1.28267
0.807332
-0.966721
-1.16127
1.41651
0.0391995
0.160108
0.00749952
0.0155913
0.101093
-0.0009547
0.0176648
0.0240453
0.0641081
0.252503
-0.0565876
-0.254112
0.0559066
0.562861
0.437454
-0.0350953
-0.221814
-0.014464
0.136236
-0.0860756
-1.60017
-2.44951
-1.96829
0.782357
-0.229519
0.0216866
0.0567098
0.172095
0.282907
0.020521
0.00537022
0.678625
-1.2899
2.53447
-0.514111
-2.434
-1.43122
0.259812
0.0279054
0.160636
-0.175862
-0.0965432
0.0273953
0.116138
0.252768
-1.60141
0.667817
-0.958003
-1.02353
0.0766698
0.174709
-0.0748775
-0.0277815
-0.153428
-0.003376
0.0462286
0.20806
-0.58226
2.4092
-0.390768
-0.401408
-0.229499
-0.787512
1.78641
-0.274734
-1.02521
-0.114599
-0.269733
-0.182148
0.00708686
-1.38372
-1.0049
-0.246129
0.711514
-0.158894
-0.089007
0.0876756
3.18237
-0.42953
0.00756168
-0.339477
-1.08731
-1.34103
1.35232
-0.841543
-0.406398
-2.29369
0.0360837
0.386168
0.368188
-0.0671931
1.32019
-1.21233
0.142348
-1.22829
1.85378
0.416054
-1.39454
0.842615
0.0434129
0.10042
0.296366
-0.102977
0.000764749
0.0426809
-0.218235
-0.503377
-1.02984
-1.43377
-0.0583755
-0.440418
0.0730085
0.565402
0.303071
0.413288
0.21161
-0.161983
-0.0866661
-0.0724308
-2.17998
0.0882689
-0.0869374
-0.841962
-0.0325815
-0.138007
-0.158976
-1.78251
-0.280546
-0.0101017
0.15064
0.410117
-1.15037
-0.287533
0.0100773
-1.76665
-1.54993
0.432949
-0.361695
-0.420585
-0.496004
-0.144518
0.572033
-2.84896
0.131433
-1.16833
-1.48686
-1.28686
-0.87885
0.00101595
-0.0180022
-0.204897
-0.17568
-0.00426226
0.0522209
0.134403
-0.2851
1.24305
-0.581773
-0.288012
-0.0242019
-0.3289
0.510209
-0.0662325
-0.248468
0.0265424
-0.335591
0.0029549
-2.73756
2.24414
-0.199799
-0.517257
1.01697
0.0299868
-0.406141
0.209265
1.44926
-0.00629594
0.00161597
-0.238078
-1.07868
-2.0293
0.052979
-0.801641
-0.319416
-0.012845
-0.00609349
-0.02465
0.232243
-0.322435
0.591587
-0.943175
-0.0463519
-1.17012
0.517687
3.04153
1.37929
-0.679185
-0.381966
0.0395151
-0.179031
-0.355886
-0.000716596
0.0467005
-0.0170579
0.201365
-0.680757
-0.673733
-0.4589
0.13416
0.11846
-0.252344
-0.0872794
0.533902
0.132918
-0.00707253
0.0862437
-0.0561515
-0.619297
0.437784
-0.684583
0.226985
0.00507432
-0.28523
0.209054
-0.826346
0.0136755
-0.000570344
-0.0375707
-0.770002
-0.243197
-0.104373
0.381668
-0.324748
0.370667
0.155056
-0.844638
-0.129098
-0.53541
-0.26086
-0.303339
-0.0851569
-0.0818603
-2.45885
-1.17029
2.15791
1.15418
-0.431878
-0.0976518
0.444777
0.119939
-0.408353
0.0594976
-0.549631
0.0917734
-0.490689
0.146143
0.21643
-0.425889
0.196479
0.667696
0.126195
0.24977
-0.300681
-0.150581
0.035454
0.0235092
0.352755
0.137261
0.496435
-0.362657
-0.0190787
0.000813585
2.84774
0.66874
-0.477726
-0.195377
0.152733
0.341656
0.12077
0.369487
-0.100724
-0.107101
-0.0638563
0.296258
-0.0210674
0.63935
0.597923
1.72533
0.0335458
-0.0447218
0.262576
-0.215256
0.320091
0.28889
0.476834
-0.677741
-0.84124
-0.241497
-0.931716
-0.32924
-0.312157
0.541914
-2.18569
0.359686
-2.51031
-3.38016
-5.12913
-3.11493
-0.34219
-0.343154
-0.970571
-0.398531
-0.901626
-0.344208
-1.31278
-0.390464
-0.567338
-0.10301
-0.780371
-0.983439
-1.96835
-1.09818
-1.66645
-2.73534
-4.05371
1.08008
-3.37238
4.44306
-0.748919
-2.01227
-2.2748
0.662978
-5.52879
5.40231
6.13884
0.169197
0.263591
-0.348634
-2.18598
-0.413224
0.0494514
0.126122
3.34842
-1.04014
5.01164
-2.05287
-2.01201
0.462799
-0.904318
-0.373654
-0.214042
-0.0333257
-0.421425
0.0282225
0.620188
-1.82157
-1.08252
-0.0688649
-1.17723
-0.077013
-1.12949
-0.245734
0.396118
-0.760161
0.157907
0.00675884
-0.138989
-0.265717
-0.14611
-0.159849
0.0314425
0.050627
-3.17606
-2.80522
-3.37747
0.0533155
-2.07181
-3.37053
0.786998
-6.90015
1.13521
-0.188815
-0.285897
-1.39478
-4.86281
3.67695
-5.74116
2.19845
-0.962934
-0.238573
-1.62675
-0.484251
-3.67925
-1.84385
-5.37724
-0.260479
-0.91666
0.0555529
-1.05871
-0.134862
2.04421
-4.97296
3.78568
-0.104056
-2.38021
-0.888841
-0.259462
-0.968186
0.0754931
-0.336067
-0.969185
-0.287488
-1.41136
0.135784
-0.698036
0.0889197
-1.05942
-1.85828
-0.665196
-4.60416
1.64228
-1.75995
4.49936
-1.0931
-0.124651
-0.331793
-0.0683954
-0.644382
4.84701
2.81874
3.02837
6.79314
-3.15015
2.34338
0.314491
2.0265
-7.47157
2.47427
-1.58648
0.288382
-0.838171
-0.568837
-0.660147
-0.332396
-0.479568
-0.0705305
-1.76684
-0.149712
0.00717896
-0.427026
-0.60655
0.941715
-0.598168
-1.70104
-1.58929
-1.22995
-1.50948
1.10643
-0.833721
1.00052
-0.166796
-0.64076
1.08319
-5.20792
-0.0807749
0.537506
1.9565
-0.0460407
-0.79332
-0.558989
2.9109
-7.81851
-0.695686
0.538496
-0.562064
-0.458624
6.76916
0.559735
-7.48783
5.21594
0.718287
-0.766882
1.67379
-2.48064
0.216785
0.391903
-2.1873
2.41232
-0.124729
0.00930647
-1.04762
-1.29065
-0.999942
-0.586279
-1.12244
-0.415216
