[125, 49, 49, 4]
0.0
0.0
0.0
0.0
0.0
0.0
0.0
0.0
0.0
0.0
0.0
0.0
0.0
0.0
0.0
0.0
0.0
0.0
0.0
0.0
0.0
0.0
0.0
0.0
0.0
0.0
0.0
0.0
0.0
0.0
0.0
0.0
0.0
0.0
0.0
0.0
0.0
0.0
0.0
0.0
0.0
0.0
0.0
0.0
0.0
0.0
0.0
0.0
0.0
0.0
0.0
0.0
-1.31777
0.0
-0.396643
0.0
0.0
0.0
0.0
0.0
0.955267
-0.518251
0.0
0.0
0.0
0.0
0.0
-1.02881
0.153465
0.305671
0.0
0.0
0.0
-0.333848
0.0
0.0
0.0
0.0
0.0
0.0
0.0
0.0
0.0467831
0.0
0.0
0.0
0.0
0.0
0.0
0.0
0.0
0.0
0.0
0.0
0.0
0.0
1.42095
0.0
0.0
0.0
0.0
0.0
0.0
0.0
0.0
0.0
0.0
0.0
0.0
0.0
0.0
0.0
0.0
0.0
0.0
0.79124
0.0
0.0
0.0
0.0
0.0
0.0
0.0
-0.280217
0.0
0.0
0.0
0.0
0.0
0.0
0.0
0.0
0.0
0.0
0.0
0.0
0.0
0.0
0.0
0.0
0.0
0.0
0.0
0.0
0.0
0.0
0.0
0.0
0.0
0.0
0.0
0.0
0.0
-1.06965
0.0
0.0
0.0
0.0
-0.315952
0.0
0.0
0.0410739
0.0
0.0
0.0
0.0
0.0
0.0
1.33026
0.0
-0.361402
0.0
0.0
0.0
0.0
0.0
0.0
-0.444355
0.0
0.0
0.0
0.0
0.0
0.0
0.0
0.0
0.0
0.0
0.0
0.0
0.0
0.0
0.0
-0.129014
0.0
0.0
0.0
-0.0425311
1.83703
0.0
0.0
0.0
-0.939167
0.0
0.0
0.0
0.0
0.0
0.0
0.0
0.0
0.0
0.0
0.0
0.0
-1.2871
0.0
0.0
0.0
0.0
0.0
0.0
0.0
0.0
0.0
0.0
0.0
0.0
0.0
-0.737479
0.0
0.953194
0.0
0.0
0.0
0.0
0.0
0.0
0.0
0.0
0.0
-0.984022
0.0
0.0
0.0
-0.0270534
-0.563858
-0.0913496
-0.231153
-0.131368
0.0598549
-0.627069
-0.0923951
0.443716
0.248884
0.143881
-0.520841
0.581679
0.192499
-0.0388626
0.12157
-0.0952618
0.00368954
-0.019184
0.0278868
0.0998516
0.286048
0.0475557
-0.0882182
0.319895
0.0905361
-0.584647
0.201703
0.188544
0.317447
-0.109779
0.00993789
0.0518792
-0.136476
-0.678805
-0.00403338
0.0565774
0.370092
-0.0290392
-0.234991
-0.0696914
-0.159031
0.0348425
0.121205
0.973503
-0.46934
0.0115519
-0.188873
0.0266344
0.0
0.0
0.0
0.0
0.279356
0.0
0.0
0.0
0.146487
0.0
0.0
0.0
0.0
0.0
0.0
0.0
0.0
0.0
0.0
0.0
0.0
0.0
0.0
0.0
0.0
0.0
0.0
-1.95266
0.0
0.0872018
0.0
0.0
0.0
0.0
0.0
0.0
0.0
0.0
0.0
0.0
0.0
0.0
0.0
0.0
0.0
0.0
0.0
0.0
0.0
0.0
0.0
-0.111256
0.0
0.0
-1.03956
0.0
0.0
0.889813
0.972586
0.0
0.0
0.0
0.0
0.0
0.0
0.0
0.0
0.0
0.0
0.0
0.0
1.02648
0.909989
0.0
0.0
0.0
0.0
0.0
-0.87948
0.0
0.0
0.0
0.0
0.0
0.0
0.0
0.0
0.0
0.0
0.0
0.0
0.0
0.0
0.0
0.0
0.0
0.0
0.0
0.0
0.0
0.0
0.0
-0.0184553
0.0
0.0
0.0
0.746169
0.0
0.0
0.0
0.0
0.0
0.0
0.0
0.0
-1.13163
0.0
0.0
0.0
-0.564178
0.0
0.0
0.0
0.0
0.0
0.0
0.0
-0.796624
0.0
0.0
0.0
0.0
0.0
0.0
0.0
-0.808744
0.0
0.0
0.0
0.0
0.0
0.0
0.0
0.292841
0.0
0.0
0.0
0.0
0.0
-0.871765
0.0
0.0
0.0
0.0
0.0
0.0
0.0
0.0
0.0
0.0
0.0
0.0
0.0
0.0
0.0
0.0
0.0
0.0
0.0
0.0
0.0
0.081427
0.0
0.177122
-0.550057
0.0
0.0
0.0
0.0
0.0
0.0
0.0
0.0
0.0
0.0
0.0
0.0
0.0
0.0
0.0
0.0
0.0
0.290974
0.0
-0.214068
0.0
0.0
0.0
-0.73667
0.0
-1.84762
0.0
0.0
0.552394
0.608331
0.0
0.0
0.0
0.0
0.0
0.0
0.0
0.0
0.0
0.0
0.0
0.0
0.0
0.0
0.0
0.0
0.0
0.0
0.0
0.0
0.0
0.179366
0.0
0.0
0.0
0.32476
0.0
0.0
0.0
0.644876
0.0
0.0
0.0
0.0
-0.231606
0.0
0.0
0.0
0.0
0.0
0.0
0.0
0.0
0.0
0.0
0.0
0.0
0.0
0.0
0.0
0.0
0.0
0.0
0.0
0.0
0.0
0.0
0.0
0.0
0.0
0.0
0.0
0.0
0.0
0.0
0.0
0.0
0.0
-0.542769
0.0
0.0
0.0
0.0
0.0
0.0
0.0
0.0
0.0
0.0
0.0
0.0
1.20032
0.0
0.0
0.0
0.0
-0.0913943
0.0
0.0
-0.00140892
-0.556763
-0.017432
0.358596
-0.224457
0.058495
0.197551
0.115686
-0.299212
-0.0814856
-0.116196
0.741199
-0.643392
-0.143129
-0.509877
1.25076
-0.231029
-0.0377926
-0.383411
-0.121755
0.19919
0.179079
0.752246
0.158663
-0.0979159
-0.255811
-1.60766
-0.585267
-0.186983
-0.000857488
-0.00962261
1.06768
-0.140624
-0.553908
-0.498295
-0.00503446
-0.00893731
0.190639
0.18453
-0.19651
-0.0432009
-1.17428
-0.180044
0.21216
0.206011
-1.04127
0.0119501
-0.633068
-0.142101
0.0
0.0
0.0
-0.797504
0.0
0.0
0.0
0.0
-1.46224
0.0
0.0
0.0
0.0
0.0
0.0
0.0
2.27468
0.0
0.0
0.0
0.0
0.0
0.0
0.0
0.0
0.0
0.0
0.0
0.0
0.0
0.0
0.0
0.0
0.0
0.0
0.0
0.0
-0.527466
0.274056
0.0
0.0
0.0
0.0
0.0
0.0
0.0
0.0
0.0
1.21988
0.0
0.0
0.0
0.0
0.0
0.0
0.0738647
0.0
0.0
0.0
0.0
0.0
-0.0329953
1.71296
0.0
0.0
0.0
-0.553524
0.0
0.0
0.0
0.0
0.0
0.0
0.0
0.0
0.0
0.0
0.0
0.0
-0.594501
0.0
0.0
0.0
0.0
0.0
0.0
0.183808
-0.410949
0.0
0.0
0.0
0.0
0.0
0.0
0.0
0.0
0.0
0.0
0.0
0.744217
0.0
0.0
0.0
0.0
0.0
-0.345839
0.0
0.0
0.0
0.0
0.0
-1.54043
0.0
0.0
-1.67527
0.0
0.0
0.0
0.0
0.0
0.0
-1.88312
0.0
0.0
0.0
0.197774
0.0
0.0
0.0
0.0
0.0
0.0
0.0
0.0
0.0
0.0
0.0
0.0
0.0
0.0
0.0
0.0
0.0
0.0
0.0
0.0
0.0
0.0
0.0
0.0
0.0
0.0
-0.581404
0.0
0.0
0.0
0.0
0.0
0.0
0.0
0.0
0.0
0.0
0.0
0.0
0.0
0.0
0.0
0.0
0.0
0.0
0.0
0.0
0.0
0.0
0.0
0.0
0.0
0.0
0.0
0.0
0.0
0.0
0.0
0.0
0.0
0.0
0.0
0.0
-0.597616
0.0
0.0
0.497494
0.0
0.0
0.0
0.0
0.0
0.0
0.0
0.0
0.0
0.0
0.0
0.0
0.0
0.0
0.0
0.0
0.0
1.22633
0.0
0.75295
1.40777
0.0
0.0
0.0
0.514002
0.0
0.0
0.0
0.0
0.0
0.0
0.0
0.0
0.0
0.0175892
-0.0642669
0.0
0.0
0.0
0.0
0.0
0.0
0.0
0.0
0.0
0.0
0.0
0.0
0.0
0.0
0.0
0.0
0.0
0.0
0.0
0.0
0.0
0.0
0.0
0.0
0.0
0.0
0.0
-0.249113
0.0
0.0
0.0
0.0
0.0
0.0
0.0
0.0
-0.253591
0.0
0.0
0.0
0.0
0.0
0.0
0.0
-0.582472
0.0
0.0
0.0
0.532934
0.0
0.0
0.0
0.0
0.0
-1.20381
0.0
0.0
0.0
0.0
0.0
0.0
0.0
0.0
0.0
0.0
0.453068
0.0
0.0
-0.144663
0.0
0.0
0.0
0.0
0.0
-0.254756
0.0
0.0
0.501006
0.0
0.0
0.0
0.0
0.0
0.0
0.0
0.0
0.0
0.0
0.0
0.0
0.0
0.0
0.0
-0.491901
0.0
0.0
0.0
0.0
0.0
0.0
0.0
0.0
0.0
0.0
0.474816
0.626311
0.0
0.0
0.0
0.0
0.0
0.0
0.0
0.0
0.0122717
0.0968039
0.3479
1.476
0.310498
-0.203617
0.519209
0.188834
-0.093767
0.606104
-0.00341759
-0.753976
0.423678
-0.121703
-0.284343
-0.0191709
0.226466
-0.33338
0.125513
-0.683513
-0.177518
0.267446
0.444324
-0.0179007
0.76233
0.665839
-2.12401
0.012838
-0.0331857
0.0182493
-0.266975
0.0562075
0.167807
-0.0376523
0.128735
-0.775945
-0.321029
-0.656863
-0.633461
-0.65582
0.0477297
0.840964
0.0598383
-0.0413241
-0.0989338
-0.28017
0.291492
-1.34534
-1.15793
0.0
0.0
0.0
0.0
0.0
0.0
0.0
0.0
0.0
0.0
0.0
0.0
0.0
0.0
0.0
0.0
0.0
0.0
0.0
0.0
0.0
0.0
0.0
0.0
0.0
0.0
0.0
0.0
0.0
0.0
0.0
0.0
0.0
0.0
0.0
0.0
0.0
0.0
0.0
0.0
0.0
0.0
0.0
1.64939
0.0
0.0
0.0
0.0
0.0
0.0
0.0
0.0
0.0
0.0
0.0
0.0
0.0
0.0
0.0
0.0
0.0
0.0
0.0
0.0
0.0
0.0
0.0
0.0
-1.40945
0.0
0.0
0.0
0.0
0.0
0.0
0.0
0.0
0.0
0.0
0.0
0.0
0.0
0.0
0.0
-0.971375
0.0
0.0
0.0
0.0
-0.329922
-0.329848
0.0
0.0
0.0
0.0
0.0
0.0
0.0
0.0
0.0
-0.892256
0.0
0.0
0.0
0.0
-0.446741
0.0
0.0
0.0
0.434133
0.0
-0.213828
0.0
0.0
-2.40587
0.0
0.0
0.0
0.0
0.0
0.0
0.16668
0.0
0.0
0.0
0.0
0.0
0.0
0.0
0.0
0.0
0.0
0.0
0.0
0.0
0.0
0.0
0.0
0.0
0.0
0.0
0.0
0.0
0.0
0.137896
0.0
0.0
0.0
0.0
0.0
0.0
0.0
0.0
0.0
0.0
0.0
0.0
0.0
0.0
0.0
0.0
0.0
-1.00582
0.0
0.0
0.0
0.0
0.0
0.0
0.0
0.0
0.0
0.0
0.0
-0.344172
0.0
0.0
0.0
0.0
0.0
0.0
-0.998935
0.0
0.0
0.0
0.0
0.0
0.0
-2.30674
0.0
0.0
0.0
0.0
0.0
0.0
0.0
0.0
0.0
0.0
0.0
0.0
0.0
0.0
0.0
0.0
0.0
0.0
0.0
0.0
0.0
0.0
0.0
0.0
0.491526
0.0
0.0
0.0
0.0
-1.46966
0.0
2.24012
0.0
0.0
0.0
0.0
0.0
0.0
0.0
0.0
0.0
0.0
0.0
0.439639
0.0
0.0
0.0
0.0
0.0
0.0
0.581702
-0.197931
0.0
0.0
0.0
0.0
-1.67914
0.0
0.0
0.0
0.0
0.0
0.0
0.0
0.0
-0.319897
0.0
0.0
0.0
0.0
0.0
0.0
0.0
0.0
0.497298
0.0
0.0
-0.294975
0.0
0.0
0.0
1.30198
0.0
0.0
0.0
0.0
0.0
0.0
0.0
0.0
0.0
0.0
0.0
0.0
0.0
0.0
0.0
0.0
0.0
0.0
-0.0805447
0.0
0.0
-0.445944
0.0
0.0
0.0
0.0
0.0
0.0
0.0
0.0
0.0
0.0
0.0
-1.29595
0.0
0.0
-0.134001
0.0
0.0
0.0
0.0
0.0
0.0
0.0
0.0
0.0
0.0
0.0
0.0
0.0
0.0
0.0
0.0
0.0
0.0
0.0
0.0
0.0
0.0
0.0
0.0
0.0
0.0
0.0
0.0
0.0
0.0
0.0
0.0
0.0
0.0
0.0
0.0
0.0
0.0
0.0
0.0
0.0
0.0
0.0
0.0
0.0
0.0
0.0
0.0
0.0
0.0
0.0
0.0
0.0
0.0
0.0
0.0
0.0
0.0
0.0
0.0
0.0
0.0
0.0
0.0
0.0
0.0
0.0
0.0
0.0
0.0
0.0
0.0
0.0
0.0
0.0
0.0
0.0
0.0
0.0
0.0
0.0
-0.780915
-1.22091
0.0
0.0
0.0
0.0
0.0
0.0
0.0
0.0
0.33813
0.0
0.0
0.0
0.0
-0.357144
0.0
0.0
0.0
0.0
0.0
0.0
0.0
0.0
0.0
0.0
0.0
0.0
0.0
0.0
0.0
0.0
0.0
1.63008
0.0
0.0
1.2239
0.0
0.0
0.0
0.0
0.0
-0.345841
0.0
0.0
0.0
0.0
0.0
0.0
0.0
0.0
0.0
0.0
0.0
0.0
0.0
-1.29201
0.0
0.0
0.0
0.0
0.0
0.0
0.0
0.0
0.0
0.0
0.0
0.0
0.0
0.0
0.0
0.0
0.0
0.0
0.0
0.685811
0.0
0.0
0.0
0.0
-0.654431
0.0
0.0
0.0
0.0
0.0
0.0
0.0
0.0
0.0
0.0
0.0
0.0
0.0
-0.560547
0.0
0.0
0.0
0.0
0.0
0.0
0.0
0.0
0.0
0.0
0.200663
0.0
0.0
0.0
0.0
0.0
0.0
0.0
0.0
0.0
0.0
0.0
0.0
0.0
0.0
0.0
0.0
0.0
0.0
0.0
0.0
0.0
0.0
0.0
0.0
0.0
0.0
0.0
0.0
0.0
0.0
0.0
0.0
0.0
0.0
0.0
0.0
0.0
0.0
0.0
0.0
0.0
0.0
-1.40259
0.0
0.0
0.0
0.0
0.0
0.0
0.0
0.0
0.0
0.0
0.0
0.0
0.0
0.0
0.0
0.0
0.0
0.0
0.0
0.0
0.0
0.0
0.0
0.0
0.0
0.0
0.0
0.0
0.0
0.0
0.0
0.0
0.0
0.0
0.0
0.0
0.0
0.0
-0.667335
0.0
0.0
0.0
0.0
0.0
0.0
0.0
-0.212439
0.0
0.0
0.0
0.0
0.0
0.0
0.0
0.0
0.0
0.0
0.0
0.0
1.16485
0.0
0.0
0.0
0.587323
0.0
0.0
0.0
0.0
0.911143
0.0
0.0
0.0
0.0
0.0
0.625781
0.0
0.0
0.0
0.0
0.0
0.0
0.0
0.0
0.0
0.0
0.0
0.0
0.0
0.0
0.0
0.0
0.0
0.0
-0.344178
0.0
0.0
0.0
0.0
0.0
0.0
0.0
1.01671
0.0
0.0
0.0
0.0
0.0
0.0
0.0
-0.364529
0.0
0.0
0.0
-0.0074856
0.0
0.0
0.0
0.0
0.0
0.0
0.0
0.0
0.0
-0.442983
0.0
0.0
0.495139
0.0
0.0
0.0
0.0
0.347604
-0.0492046
0.957503
0.0
0.0
0.0
0.0
0.0
0.0
0.0
0.0
0.0
0.0
0.0
0.0
0.0
0.0
-1.10195
0.720954
0.0
0.0
0.0
0.0
0.0
0.0
0.0
-1.04111
0.0
0.0
0.0
0.0
0.0
0.0
0.0
0.0
0.0
0.0
0.0
0.0
0.0
0.0
0.0
0.0
0.0
0.0
0.0
0.0
0.0
0.0
0.0
-0.332968
0.0
0.0
0.0
0.330954
1.41618
0.0
0.0
0.0
0.0
0.976881
0.0
0.0
0.0
0.0
0.0
0.0368762
0.0
0.0
0.0
0.0
0.0
0.0
-1.21777
0.0
0.0
0.0
0.0
0.0
0.0
0.0
-1.38168
0.0
0.0
0.0
0.0
-0.0502425
0.0
0.0
0.0
0.0
2.4966
0.0
-0.70636
0.0
0.0
0.0
0.0
0.0
0.0
-0.657851
0.0
0.0
0.0
0.0
-0.715779
0.0
0.0
0.0
0.0
0.0
0.0
0.0
0.0
0.0
0.0
0.0
0.0
0.0
0.0
0.0
0.0
0.0
0.0
0.0
1.85662
0.0
0.0
0.0
0.0
-0.866849
0.0
0.0
-0.0291014
0.0
0.0
0.0
0.433591
0.0
0.0
0.0
0.0
0.0
0.0
0.0
0.0
0.0
0.0
0.0
0.0
0.0
0.0
0.0
0.0
0.0
0.0
0.0
0.0
0.0
0.0
0.0
-0.288229
0.0
0.0
0.0
0.0
0.0
1.30416
0.0
0.0
0.0
0.0
0.0
0.0
0.487808
0.0
0.0
0.0
0.0
0.0
0.0
0.0
0.0
0.956955
0.0
0.0
0.0
0.0
0.270934
0.0
0.0
1.93971
1.16707
0.0
0.0
0.0
0.0
0.0
0.0
-0.511961
0.0
0.0
0.0
0.0
0.0
0.0
0.0
0.0
1.41428
0.0
0.0
0.0
0.0
0.0
0.0
0.0
0.0
-0.0106985
0.0
0.0
0.0
-0.495601
-0.491711
0.0
0.0
0.0
0.0
0.0
-0.277455
0.0
0.0
0.0
0.0
0.0
0.0
-0.842273
0.0
0.0
0.0
0.0
0.0
0.0
-0.684521
0.0
0.0
-1.51212
0.0
0.0
0.0
0.0
0.0
0.0
0.0
0.0
0.0
0.0
0.0
0.0
0.0
0.0
0.0
0.0
0.0
0.0
0.0
0.0
0.0
-0.280032
1.61514
1.31291
0.0
0.0
0.0
0.0
0.0
1.19564
0.0
0.0
0.0
0.0
0.0
0.0
0.0
-0.701472
0.0
0.0
0.0
-0.794809
0.0
0.0
0.624424
0.0
0.0
0.0
0.0
1.57776
0.0
0.0
0.0
0.0
0.0
0.0
0.0
0.229125
0.0
0.0
0.0
0.0
0.306079
0.0
0.0
0.0
0.0
1.47521
0.0
0.0
0.0
0.0
0.0
0.0
0.0
0.0
0.0
0.0
0.0
0.0
0.0
0.0
0.0
0.0
0.0
0.0
0.0
0.0
0.0
1.75189
0.612833
0.0
0.0
0.0
0.0
0.0
-0.40917
0.0
0.0
0.0
0.0
0.0
0.0
0.0
1.06431
0.0
0.0
0.0
0.0
0.0
0.0
0.618142
0.808662
0.0
0.0
0.0
0.0
0.0
0.0
0.0
0.0
0.0
0.0
0.0
0.0
0.0
0.0
0.0
0.0
0.0
0.0
0.0
0.0
0.246462
0.0
0.0
0.0
0.0
0.0
0.0
0.0
0.0
-0.418445
0.0
0.0
0.0
0.0
0.0
-0.385328
0.0
0.0
0.0
0.0
0.0
0.0
-0.543467
0.0
0.0
0.0
0.0
0.0
0.0
0.0
0.0
0.0
0.0
0.0
0.0
-1.07866
0.0
0.0
0.0
0.0
0.0
0.0
0.0
0.622366
0.0
-1.15403
0.335954
-0.528453
0.0
1.07393
0.0
0.0
0.0
0.0
0.0
0.0
0.0
0.00569019
0.0
0.0
0.0
0.0
0.0
0.0
0.0
0.0
0.0
0.0
-0.557963
0.0
0.0
0.711288
0.0
0.680693
0.0
0.0
0.655953
0.0
0.0
0.445958
0.0
0.0
0.0
0.0
0.0
-0.75537
0.0
0.0
0.0
0.0
1.30691
0.0
0.00106212
0.207121
0.0
0.0
0.0
0.0
0.0
0.0
0.0
0.0
0.0
0.0
0.0
0.0
0.0
0.0
0.0
0.106186
0.0
0.0
0.0
0.0
0.0
0.0
0.0
0.0
0.0
0.0
0.0
0.0
0.0
0.0
0.0
0.0
0.0
0.0
0.0
0.0
0.0
0.0
0.0
-0.877501
0.0
0.0
0.0
0.0
0.0
0.0
0.0
0.0
0.0
0.0
0.0
0.0
0.0
0.0
0.68363
0.0
0.0
0.0
0.0
0.0
0.0
0.0
-0.0976984
0.0
0.0
0.0
-1.65895
0.0
0.0
0.0
0.0
0.0
0.0
0.0
0.0
0.0
0.0
0.0
0.0
-0.264677
0.0
0.0
0.0
-0.00969929
0.0
0.0
0.0
0.507088
0.0
0.0
0.0
0.0
0.0
0.0
0.0
0.0
0.0
0.0
0.0
0.0
0.0
0.0
0.0
0.0
0.0
0.0
1.70936
0.0252942
0.0
0.0
0.0
0.0
0.0
1.30901
0.0
0.0
0.0
0.0
0.0
0.0
0.0
0.0
0.0
0.0
0.0
0.314197
0.0
0.0
0.0
0.0
0.0
1.31423
0.0
0.0
0.0
0.0
0.0
0.0
0.0
0.0
0.0
0.0
0.0
-0.433313
0.0
0.0
0.0
0.0
0.0
0.0
0.0
0.0
0.0
0.0
0.0
0.0
0.0
-1.56625
0.0
0.0
0.0
0.0
1.32428
0.0
0.0
0.0
0.0
0.0
0.0
0.0
0.0
0.0
0.0
0.0
0.0
0.0
0.0
0.0
0.0
0.0
0.0
-1.76374
0.0
0.0
0.0
0.0
0.0
0.0
0.0
0.0
-0.221074
0.0
0.0
0.0
0.0
0.0
0.0
0.0
0.0
0.0
-0.679719
0.0
0.0
0.0
0.0
0.0
0.0
0.0
0.0
0.0
0.0
0.0
0.0
0.0
0.0
0.0
0.0
0.0
0.0
0.0
0.0
0.0
0.0
0.0
0.0
0.0
0.0
0.0
0.0
0.0
0.181206
0.0
0.0
0.118429
0.0
0.0
0.0
0.0
0.0
0.0
0.0
0.0122868
0.0
0.0
0.0
0.0
0.0
0.0
0.0
0.0
0.0
0.0
0.0
0.0
0.0
0.272762
0.0
0.0
0.0
0.0
0.0
-1.08189
0.0
0.0
0.0
0.0
0.0
-2.45945
0.0
0.0
0.0
0.0
0.0
1.65795
0.0
0.0
0.0
0.0
0.0
0.0
0.0
0.0
0.0494336
0.0
0.0
0.0
0.0
0.0
0.0
0.0
0.0
0.0
0.0
-0.506311
0.0
0.0
0.0
0.0
0.0
0.0
0.0
0.0
0.0
0.0
0.0
0.0
0.0
0.0
0.0
0.0
0.0
0.0
0.0
0.0
0.0
-0.91386
0.0
0.0
0.0
0.0
0.0
0.0
0.0
0.0
0.0
0.0
-0.804932
0.0
0.0
-0.577949
0.0
0.0
0.0
0.0
0.0
0.0
0.0
0.0
-1.82132
0.373791
1.19252
0.0
-1.04039
0.0
0.0
0.0
0.0
0.0
0.0
-0.984361
0.0
-0.254001
0.0
0.0
0.0
0.0
0.0
0.0
0.0
0.0
0.0
1.25605
0.0
0.0
0.0
0.0
0.0
0.0
0.0
0.0
0.0
0.0
0.0
-3.10063
-0.731371
0.0
0.0
0.0
0.0
-1.09193
0.0
0.0
0.0
0.0
0.0
0.0
0.0
0.0
0.0
0.0
0.0
0.0
-0.237439
0.0
0.0
0.0
0.0
-0.047916
0.0
-1.33305
0.0
0.0
0.0
-1.45025
0.0
0.0
0.0
0.0
0.0
-0.495437
0.0
0.0
0.0
0.0
0.0
0.0
0.0
0.0
0.0
0.0
0.0
0.0
0.0
0.0
0.0
-0.773545
0.0
0.0
0.0
0.0651102
0.0
0.0
0.924238
0.0
0.866983
0.0
0.0
0.0
0.0
0.0
0.0
0.0
0.0
0.0
0.0
0.0
0.0
0.0
0.0
0.0
0.0
0.0
0.0
0.0
0.0
0.0
0.0
0.0
0.0
0.0
0.0
0.0
-1.55011
0.0
0.0
0.0
0.0
0.0
-0.807838
0.0
0.0
0.0
0.0
0.0
-0.758152
0.0
0.0
2.18924
0.0
0.0
0.0
0.0
0.0
0.0
0.0
0.0
0.0
0.0
0.0
1.03744
0.0
0.0
0.0
0.0
0.0
0.0
0.0
0.0
0.0
0.0
0.0
0.0
0.0
0.0
0.0
0.0
0.216794
0.0
0.0
0.0
0.0
0.0
0.0
0.0
0.0
0.0
0.0
0.0
1.62439
0.0
0.0
0.0
0.0
0.0025669
0.174953
0.0850471
-0.175582
0.271603
-0.138999
0.261492
-0.184068
0.313308
-0.274523
0.140731
1.14386
-1.05304
-1.98518
0.0206163
-0.213558
-0.0881784
0.590568
0.012534
0.205968
0.319537
-0.123136
0.505564
-0.0348592
0.0848939
-0.0940464
-0.407042
-0.101083
0.0652352
0.0119285
-0.0998648
-0.187858
-0.0284268
-0.835602
0.585181
0.638045
0.00135004
0.381085
0.186008
0.678642
0.0207839
-0.167024
-0.214112
1.61748
0.460917
-0.779602
-0.172509
-0.0759331
0.937948
0.660643
0.0
0.0
0.0
0.0
0.0
0.0
0.0
0.0
0.0
0.0
0.0
0.0
0.0
0.0
0.0
0.0
0.0
0.0
-0.45446
0.0
0.0
0.0
0.0
0.0
0.0
0.0
0.0
0.0
0.0
-0.256838
0.0
0.0
0.0
0.0
0.163386
0.0
0.0
0.0
0.0
0.0
0.0
0.0
0.0
0.0
0.0
0.0
0.733137
0.0
0.0
0.0
0.0
0.0
0.0
0.936257
0.0
0.0
0.0
1.24365
0.0
0.0
0.0
0.0
0.0
0.0
0.0
0.0
0.0
0.0
0.0
0.0
0.242844
0.0
0.0
0.0
0.0
0.0
0.0
0.0
0.0
0.0
0.0
0.0
0.0
0.0
0.0
0.0
-1.24589
0.0
0.0
0.0
0.0
0.0
0.0
0.0
0.0
0.0
0.0
-0.301094
0.0
0.0
0.0
0.0
0.506325
0.0
0.0
0.0
0.0
0.0
0.0
0.0
0.0
0.0
0.0
0.0
0.0
0.0
0.0
0.0
0.0
0.0
0.0
0.0
0.0
0.0
0.0
0.0
0.0
0.0
-0.702302
0.0
0.0
0.0
0.895756
0.0
-0.620811
1.47505
-0.709825
0.0
0.0
0.0
0.0
0.0
0.0
0.0
0.0
0.0
0.0
0.0
-0.226193
0.0
0.0
0.0
0.0
0.0
0.0
0.0
1.85882
0.0
0.0
0.0
0.0
0.0
0.0
0.0
0.0
0.0
0.0
0.385573
0.0
0.0
0.0
0.0
0.0
0.0
0.0
0.0
0.0
0.0
0.444516
0.0
0.0
0.0
1.48062
0.0
0.0
0.0
0.0
0.0
0.0
0.0
0.0
0.0
0.0
0.0
0.19599
0.0
0.0
0.0
0.0
1.25513
0.0
-2.4427
0.0
-0.217588
0.0
0.0
0.0
1.07857
0.0
0.0
0.0
0.0
0.0
0.0
-1.34532
0.0
0.0
0.0
0.0
0.0
0.0
0.0
0.0
0.0
0.0
0.0
0.0
0.0
0.0
0.0
0.0
0.0
0.0
0.0
0.0
0.0
0.0
0.0
0.0
0.0
0.0
0.0
0.0
-1.24453
0.0
0.0
0.0
0.0
0.0
0.0
0.0
0.0
0.0
0.0
0.0
0.0
0.0
1.1405
0.0
0.0
0.0
0.629352
0.0
0.0
0.0
0.0
0.0
0.0
0.0
0.0
0.0
0.0
0.0
0.0
0.0
1.65531
0.0
0.0
-0.548421
0.0
0.0
0.0
0.0
0.0
-0.391027
0.0
0.0
0.0
0.0
0.0
0.0
0.0
0.0
0.0
0.0
0.0
0.0
0.0
0.0
0.0
0.0
0.0
0.0
0.0
0.0
0.0
0.0
0.875646
0.0
0.0
0.0
-0.15771
0.71025
0.0
0.0
0.543783
0.0
0.0
0.0
-0.371476
0.0
-0.402919
0.0
-0.511259
0.0
0.0
0.0
0.0
0.0
0.0
0.0
0.0
0.0
0.0
0.0
0.0
0.0
0.0
1.41125
0.0
0.0
0.0
0.0
0.0
0.0
0.0
0.0
0.0
0.0
-0.296687
0.0
0.0
0.0
0.0
0.0
0.0
0.0
0.0
0.0
0.0
0.0
0.0
0.0
0.0
0.0
0.0
0.0
0.0
0.0
0.0
0.0
0.0
0.0
0.0
0.0
0.0
0.0
0.0
0.0
0.0
0.0
0.0
0.480595
0.0
0.0
0.0
0.0
0.0
1.34974
0.0
0.0
0.0
0.242538
0.0
0.0
0.0
0.0
0.0
0.0
0.0
0.0
-0.997256
0.0
0.0
0.0
0.0
0.0
0.0
0.0
0.0
0.0
0.0
0.0
0.0
0.0
0.0
0.0
0.0
0.0
0.0
0.0
0.0
0.0
0.0
0.0
0.0
0.0
0.0
0.0
0.0
0.0
0.0
0.0
0.0
0.0
0.0
0.0
-2.28649
0.0
0.0
0.0115112
0.0697163
-0.0824991
0.32041
0.182225
-0.0496524
0.676222
0.185085
0.37652
0.211051
0.0266179
-0.687831
-0.531488
-0.109876
-0.932835
-0.000704571
-0.0273961
0.252225
0.0911894
0.0679181
-0.0818318
-0.088804
0.244772
-0.0100826
-0.0454212
-0.143015
-0.197603
0.0163409
0.116311
0.0384638
1.38686
0.0876663
0.0860292
-1.18617
-0.0215141
1.47946
0.0441988
-0.0312376
0.0385521
0.0516237
-0.00414081
-0.0157196
-0.0372741
0.00509308
-0.529953
2.26586
0.261938
-0.115108
0.0887052
0.0
0.0
0.0
0.0
0.0
0.0
0.0
0.0
0.0
0.0
0.693193
0.0
0.0
0.0
0.0
0.0
0.0
0.0
0.0
0.0
0.0
0.441281
0.0
1.93089
1.20828
0.0
0.0
-0.382913
0.0
0.0
0.0
0.0
0.0
0.0
0.0
0.0
0.0
0.0
0.0
0.0
0.0
-0.774209
-1.02675
0.0
0.0
0.0
0.0
0.0
0.0
0.0
0.0
0.0
0.0
0.0
0.0
0.0
0.0
0.0
0.0
0.0
0.0
0.0
0.0
0.303967
0.4543
-0.490585
0.0
1.51644
-1.17091
1.33575
0.0
0.0
0.0
0.0
0.0
0.0
0.0
0.0
0.0
0.0
0.0
0.0
0.0
0.0
0.0
0.0
0.0
0.0
0.0
0.0
0.0
-0.332214
0.0
0.0
-0.238773
0.0
0.0
0.0
0.0
0.0
0.0
0.957548
-0.946568
0.0
1.77482
0.0
0.0
0.0
0.0
0.0
0.0
0.0
0.0
0.0
0.0
0.0
0.0
0.0
0.0
0.0
0.0
0.0
0.0
0.0
0.0
-0.157993
0.0
0.0
0.0
0.0
0.0
0.0
0.0
0.0993979
-1.09818
1.11518
0.0
0.0
0.0
0.0
0.0
0.0
0.0
0.0
0.0
0.0
0.0
0.0
0.0
0.0
0.0
0.0
0.0
0.0
0.95078
-0.17276
0.0
0.0
0.0
0.0
0.0
0.0
0.0
0.0170847
0.0
0.0
0.0
0.0
0.0
0.0
0.0
-1.72699
0.0
0.0
0.0
0.0
0.0
0.0
-0.708517
0.0
-0.377454
0.0
0.0
0.0
0.0
-0.504009
0.0
0.0
0.0
0.257403
-1.40164
0.0
0.0
0.0
0.0
0.0
-0.11531
0.0
0.0
0.0
0.0
0.0
0.0
0.0
0.0
0.0
0.0
0.0
0.0
0.0
0.0
0.0
0.0
0.0
-0.496939
0.0
0.0
0.0
0.0
0.0
0.0
0.0
0.0
0.0
0.0
0.0
0.0
0.0
0.0
0.0
0.0
0.0
0.0
0.0
0.0
0.0
0.0
1.32484
0.0
0.0
0.392152
0.0
0.0
-0.940762
0.0
-2.0963
-0.084321
0.0
-0.544051
0.0
0.0
0.0
0.0
0.0
0.0
0.0
0.0
0.0
0.0
0.0
0.0
0.0
0.0
0.0
0.0
0.0
0.0
0.0
0.0
0.0
0.0
0.0
0.0
0.0
0.0
1.338
0.0
0.0
0.0
0.0
0.0
0.0
0.0
0.0
0.0
0.0
0.0
0.0479957
0.0
0.0
0.0
0.0
0.0
0.0
0.0
0.0
0.0
0.0
0.087295
0.0
0.0
0.0
0.0
0.367933
-0.661331
0.0
0.0
0.0
0.0
0.0
0.0
0.0
0.0
0.0
0.0
0.0
0.0
0.0
1.15054
0.0
-0.300874
0.0
0.0
0.0
0.0
0.921655
0.0
0.0
0.0
1.3356
-0.993784
0.0
0.0
0.0
0.0
0.0
0.0
0.0
0.0
0.0
0.0
0.0
0.0
0.0
0.0
0.0
0.0
0.0
0.0
0.0
1.05446
0.0
1.09042
-0.48831
0.0
0.0
0.0
0.0
0.0
0.0
-0.306519
0.0
-0.508919
0.0
0.0
0.0
0.0
0.0
0.0
0.0
0.0
0.0
0.0
0.0
0.0
0.0
0.0
0.0
0.0
0.0
0.0
1.58782
0.0
0.0
0.0
0.0
0.0
0.0
0.0
0.0
0.0
0.0
0.0
0.0
0.0
0.0
0.0
0.0
0.0
0.0
-1.33795
0.0
0.0
0.0
0.0
0.0
0.0
0.0
0.0
0.0
0.0
0.0
0.0
0.0
0.0
0.0
0.0
0.0
0.0
0.0
0.0
0.0
1.31643
0.0
0.0
0.0
0.0
0.0
0.0
0.0
0.0
0.0
0.0
0.0
0.0
0.0
0.0
0.0
0.0
0.0
0.0
0.0
0.0
0.0
0.0
0.0
0.0
0.0
0.0
0.0
0.0
0.0
0.0
0.0
0.905995
0.0
0.0
0.0
0.0
0.0
0.0
0.0
0.0
0.0
0.0
0.0
-1.03816
0.0
0.0
0.0
0.0
0.0
0.0
0.0
2.43902
0.0
0.0
0.0
1.77112
0.0
0.0
0.0
0.0
0.0
0.0
0.0
0.551962
0.0
0.0
0.0
0.0
0.0
0.0
0.0
0.0
0.0
0.0
0.0
0.0
0.934188
0.0
0.0
0.0
0.0
0.401641
0.0
0.0
0.0
0.0
0.0
0.0
0.0
0.0
0.0
0.0
0.0
0.0
0.0
-0.35702
1.17106
0.0
-2.35929
0.0
0.0
0.0
0.0
1.8308
0.0
0.0
0.0
0.0
0.0
0.0
0.0
0.0
0.0
0.0
0.0
0.0
0.0
0.244254
0.0
0.0
0.0
0.0
0.0
0.0
0.0
0.0
0.817198
0.0
0.0
0.0
0.0
0.0
0.0
0.0
0.0
0.0
0.0
0.0
0.0
0.0
0.0
0.0
0.0
0.0
0.0
0.0
0.0
0.0
0.0
0.0
-2.07682
0.0
-0.180351
0.0
0.0
0.0
0.0
0.197771
0.0
0.0
0.0
0.0
0.0
0.0
0.0
0.0
0.0
0.0
0.0
0.0
0.0
0.0
0.0
0.0
0.0
0.0
0.0
0.0
0.0
0.0
0.0
0.0
0.0
0.0
0.0
0.0
0.0
0.0
0.0
0.0
0.0
0.0
0.0
0.0
0.0
0.0
0.0
0.0
-1.33478
0.0
0.0
0.0
0.0
0.0
0.0
2.95149
0.0
-1.66345
0.0
0.0
0.0
0.0
0.0
0.0
0.0
0.0
0.0
0.0
0.0
0.0
0.226803
0.0
0.0
0.0
0.0
0.0
0.0
-1.44336
0.0
0.0
0.0
0.0
0.0
0.0
0.0
0.0
0.0
0.0
0.0
0.0
0.0
0.0
0.0
0.0
0.0
0.0
0.0
0.0
0.0
0.0
0.0
0.0
0.0
0.0
0.0
0.0
-0.726049
0.0
0.0
0.0
0.0
-0.113722
0.0
0.0
0.0
0.0
-0.356259
0.0
0.0
0.0
0.10877
0.0
0.0
0.0
0.0
0.0
0.0
0.0
0.0
0.0
0.0
-0.0689097
-0.710028
0.0
1.07388
-0.736288
0.0
0.0
0.0
0.0
0.0
-0.693415
0.0
0.0
0.0
0.0
0.0
0.0
0.0
0.0
0.0
0.0
0.0
0.0
0.0
0.0
0.0
0.0
0.0
0.0
0.0
-0.316344
0.0
0.0
0.0
0.0
0.533105
0.0
0.0
0.0
0.0
0.0
0.0
0.0
0.0
0.12584
0.0
0.0
0.0
0.0
0.0
0.0
0.0
0.0
0.0
0.656652
0.0
0.0
0.0
0.0
0.0
0.0
0.0
0.0429863
0.0
0.0
0.0
0.0
0.0
0.0
0.0
0.0
0.0
0.0
0.0
0.0
0.0
0.0
0.0
0.0
0.0
0.0
0.0
0.0
0.0
0.0
-0.58699
0.0
0.0
0.0
0.0
0.0
0.0
0.0
0.0
0.0
0.0
0.0
0.0
0.0
0.0
0.0
0.0
0.0
0.0
0.0
0.78497
0.0
0.0
0.0
0.0
0.0
0.0
0.0
0.0
0.0
0.0
0.0
-0.936738
0.0
-1.54896
0.0
0.0
0.0
0.0
1.276
0.0
0.0
0.0
0.0
0.0
0.0
0.0
0.0
0.0
0.0
0.0
0.0
0.0
-1.27961
0.0
0.0
0.0
0.0
-0.975775
0.0
0.0
0.0
-1.41781
0.0
0.0
0.0
0.0
-0.946438
0.0
0.0
0.0
0.4949
0.368999
0.0
0.0
0.0
0.0
0.0
0.0
0.0
0.0
0.0
0.0
0.0
1.1219
0.0
0.0
0.0
0.0
0.0
0.0
0.0
0.0
0.0
0.0
0.0
0.0
0.0
0.0
0.0
0.0
0.0
0.0
0.0
0.785442
0.525154
0.0
0.0
0.0
0.0
0.0
0.0
0.0
0.0
0.0
0.0
0.0
0.0
0.0
0.0
0.0
0.0
0.0
0.0
0.0
0.0
0.0
0.0
0.0
0.0
0.0
0.0
0.265056
0.0517002
0.0
0.0
0.0
0.0
0.0
0.0
0.0
0.0
0.10191
0.0
0.0
-0.671167
0.0
0.25355
0.0
0.0
0.0
0.0
0.0
0.0
0.0
0.0
0.0
1.39049
0.0
0.0
0.0
0.0
0.0
0.0
0.0
-0.261187
0.0
-0.297369
0.0
0.0
0.0
0.0
0.0
0.0
0.0
0.0
0.0
0.0
0.348471
-0.110733
0.0
-0.0365749
0.0
0.0
0.0
0.0
0.0
0.0
0.0
0.0
0.0
0.0
0.0
0.0
0.0
0.0
0.0
0.0
0.0
0.0
0.0
0.0
0.0
0.0
0.0
0.0
0.0
0.0
0.0
0.0
0.0
0.0
1.48952
0.0
0.0
0.0
0.0
0.0
0.0
0.0
0.0
0.0
0.0
0.0
0.0
0.0
0.0
0.0
-0.705888
0.0
0.0
0.0259857
0.0
0.0
0.0
-0.0509986
0.0
0.0
0.0
0.0
-1.91689
0.0
0.0
0.0
0.0
0.0
0.247836
0.0
0.0
1.63321
0.0
0.0
0.0
0.0
0.0
0.0711149
0.0
0.0
0.0
0.0
0.0
0.0
0.0
0.0
0.49228
0.0
0.0
0.0
0.0
0.0
0.0
0.0
0.0
0.0
0.0
0.0
0.0
0.0
0.0
0.0
0.0
0.0
0.0
0.0
0.0
0.0
0.0
0.0
0.0
0.0
0.0
0.0
0.0
0.0
0.0
0.0
0.0
0.0
0.0
0.0
0.0
0.0
0.0
-1.17464
0.0
0.0
0.0
0.0
0.0
0.0
0.0
-1.26472
0.0
0.0
0.0
0.0
0.0
0.0
0.0
0.0
0.0
0.0
0.0
0.0
0.0
2.0399
0.0
0.0
0.0
0.0
0.0
0.0
0.0
0.0
0.0
1.71716
0.0
0.0
0.0
0.0
0.0
0.0
0.0
0.0
0.0
-0.422788
0.0
0.0
0.0
0.0
0.0
0.423592
0.0
0.0
0.0
0.0
0.0
0.0
0.0
-1.6884
0.0
0.0
0.0
0.000673961
0.0
0.0
0.0
-2.15434
0.0
0.0
0.752039
0.0
0.0
0.0
0.0
0.0
0.0
0.0
1.77433
0.0
0.0
0.266485
0.0
0.0
0.0
0.0
0.0
0.0
0.0
0.0
0.0
0.0
0.0
0.0
0.0
0.0
0.0
0.0
0.0
-1.87678
0.0
0.0
0.0
0.0
0.0
0.0
0.0
0.0
0.0
0.0
0.0
0.0
0.0
0.0
0.0
0.0
0.0
0.0
0.0
0.0
0.0
0.0
0.0
0.0
0.0
0.0
0.0
1.04009
0.0
0.0
0.0
0.0
0.0
0.0
0.0
0.0
0.0
0.0
0.0
0.0
0.0
0.0
0.0
0.0
0.0
0.237977
0.0
0.0
0.0
0.832002
-1.85068
0.0
0.0
0.0
0.0
0.0
0.0
0.0
0.0
0.0
0.0
0.0396847
2.11346
0.0
0.0
0.0
0.0
0.0
0.0
0.0
0.0
-1.09915
0.0
0.0
0.0
0.0
0.0
0.0
0.0
0.0
0.0
0.0
-0.113095
0.0
0.0
0.0
0.0
0.0
0.0
0.0
0.00729365
0.0
0.0
0.0
0.373127
0.0
0.0
0.0
0.0
0.0
0.0
0.0
0.0
0.0
0.0
0.0
0.0
0.0
0.0
0.0
0.0
0.0
0.0
0.0
0.0
0.0
0.0
0.0
0.0
-0.716218
0.0
0.0
0.0
0.0
0.0
0.0
0.302736
0.0
0.0
0.0
0.0
0.0
0.0
0.0
0.0
-2.69818
0.0
0.0
0.0
0.0
0.0
0.0
0.0
0.0
0.0
0.0
0.0
0.0
0.0
0.0
-1.06819
0.0
0.0
0.0
0.0
-0.2695
0.0
0.0
0.0
0.0
0.0
0.0
0.0
0.0
0.0
0.0
-0.687495
0.0
0.0
0.0
0.0
-0.394166
0.0
0.0
0.0
0.0
0.0
0.0
0.0
0.0
0.0
0.0
0.0
0.0
0.0
0.0
0.0
0.0
0.0
0.0
0.0
0.0
0.0
0.0
0.0
0.0
0.0
0.0
0.0
0.0
0.0
-0.648533
0.0
0.0
0.0
0.0
0.0
0.0
0.0
0.0
0.0
0.0
0.0
0.0
0.0
0.0
0.0
0.0
0.0
0.0
0.0
0.0
0.0
0.0
0.0
0.0
0.0
0.0
0.0
0.0
0.0
0.0
0.0
0.0
0.0
0.0
0.0
0.0
0.0
0.0
0.0
0.0
0.0
0.0
0.0
0.0
0.0
1.43687
0.0
1.43583
0.0
0.0
0.935615
0.0
-2.54069
0.0
0.0
0.0
0.0
0.0
0.0
0.0432468
-0.564018
0.0
0.0
0.0
0.0
0.0
0.0
0.0
0.0
0.0
0.0
0.0
0.0
0.0
0.0
0.0631145
-0.490182
0.0
0.598275
0.0
0.0
0.0
0.0
0.0
0.0
0.0
0.0
0.0
0.0
0.0
0.0
0.0
0.0
0.0
0.0
0.0
0.0
0.0
0.0
0.642346
-1.47654
0.0
-0.557689
0.0
0.0
0.0
0.0
0.0
0.0
0.0
0.0
1.25539
0.0
0.527134
0.0
0.0411604
0.0
0.0
0.0
1.66854
0.0
0.0
-1.74623
0.260428
0.0
0.0
0.0
0.0
0.0
0.0
0.0
0.0
0.0
0.0
0.0
0.0
0.0
0.0
0.0
0.0
0.0
0.0
0.0
0.0
0.0
0.0
0.0
0.0
-0.57536
0.0
0.0
0.0
0.0
0.0
0.0
0.0
0.0
0.0
0.0
0.0
0.0
0.0
0.0
0.0
0.0
0.0
0.0
0.0
0.0
0.0
0.663733
0.0
0.563924
-1.22077
0.0
0.0
0.0
0.0
0.0
-0.287588
0.0
0.0
0.0
0.0
0.0
0.593321
0.0
0.0
1.85006
0.0
0.0
0.0
0.0
0.0
0.0
0.283235
0.0
0.0
0.0
0.0
0.0
0.0
0.0
0.0
0.380379
0.0
0.0
0.0
0.0
0.0
1.77105
0.0
0.850777
0.0
0.0
0.0
1.58934
0.0
0.0
0.0
0.0
0.0
0.0
0.0
0.0
0.0
0.0
0.0
0.0
0.0
0.0
0.0
0.0
0.0
0.0
0.0
0.0
0.0
0.0
0.0
0.0
0.0
0.0
0.0
0.0
0.0
1.09088
0.0
-1.50418
0.0
0.0
0.0
0.0
0.0
0.0
0.0
0.0
0.0
0.0
0.0
0.0
0.0
0.0
0.0
0.0
0.0
0.0
0.0
0.0
0.0
0.0
0.0
0.0
0.340726
0.0
-0.0032195
-0.0767322
-0.242811
-0.258557
-0.261712
0.180081
0.546697
0.160105
-0.313236
-0.260571
0.24887
0.478727
-0.36611
0.649404
0.327343
0.174176
-0.187185
0.295872
0.0758386
-0.372068
-0.0105055
-0.182456
-0.510736
-0.240612
-0.00678667
-0.016131
0.308296
-0.128791
0.107846
0.0623819
0.615076
-0.0219217
-0.146286
-0.632773
0.488095
0.784282
-0.0137778
0.419794
-0.0468929
0.356371
-0.100703
-0.259234
0.192928
0.699119
0.153451
-0.128384
0.0782595
0.0907626
1.34958
0.0883383
0.0
0.0
0.0
0.0
0.0
0.0
0.0
0.0
0.0
0.0
0.0
0.0
0.0
0.0
0.0
0.0
0.0
0.0
0.0
0.0
0.0
0.0
0.0
0.0
0.0
0.0
0.0
0.164788
0.0
0.0
0.0
-0.211124
0.0
0.0
0.0
0.0
0.0
0.0
0.312902
0.0
-1.15174
0.0
0.0
0.0
0.0
0.0
0.0
-0.0327043
0.0
0.0
0.0
0.0
0.0
0.555538
0.0
-0.667275
0.0
0.0
1.50818
0.0
0.0
0.0
0.0
0.0
0.0
0.0
0.0
-0.843377
0.0
0.0
0.0
0.0
0.0
0.0
1.91229
0.0
0.0
0.0
0.0
0.0
1.19736
0.0
0.0
0.0
0.0
0.0
0.0
0.0
0.811269
0.575943
0.0
0.0
0.0
0.0
0.822162
0.0
1.39015
0.0
0.0
0.0
-0.0651744
0.0
0.0
0.0
0.940417
0.0
0.0
0.0
-0.329871
0.0
0.0
-0.823744
0.0
0.0
0.0
0.0
0.0
0.0
0.0
0.0
0.0
0.0
0.0
0.0
0.0
0.0
0.0
0.0
0.0
0.0
0.0
0.0
0.0
0.0
0.0
-0.679027
0.0
0.0
0.0
0.0
0.0
0.0
0.0
0.0
0.0740294
0.0
0.0
0.0
0.0
0.0
0.0
0.0
0.0
0.0
0.0
0.0
-0.808386
0.0
0.0
0.0
0.0
0.0
0.0
0.0
0.0
0.0
0.0
0.0
0.0
0.0
0.817304
0.0
0.0
0.0
-0.06443
0.0
0.0
0.0
0.0
0.0
0.0
0.0
1.75243
0.0
0.0
0.0
0.0
0.0
0.0
0.0
0.0
0.0
0.0
0.0
0.0
0.0
0.0
0.0
0.0
0.0
0.0
0.0
0.0
0.0
0.0
0.0
0.0
0.0
0.14804
0.0
0.0
0.0
0.0
0.0
-1.75148
0.0
0.0
0.0
0.0
0.0
0.0
0.0
0.0
0.0
0.0
0.0
-0.606454
0.0
0.0
0.0571093
0.0
0.0
0.0
0.0
0.0
0.0
0.0
0.0
0.0
0.0
0.0
0.0
0.0
0.703176
0.0
0.0
0.0
0.0
0.0
0.0
0.0
0.0
0.0
0.0
0.0
-1.2787
1.96608
0.0
0.0
0.0
0.0
0.880425
0.0
0.0
0.0
0.0
0.0
0.0
0.483989
0.0
0.0
0.0
0.0
0.0
0.0
0.0
0.0
0.0
0.0
0.0
0.0
0.0
0.0
0.0
0.0
0.0
0.0
0.0
0.0
0.0
0.0
0.0
0.0
0.0
0.0
0.0
0.0
0.0
0.0
0.0
0.0
0.0
0.0
0.369921
0.0
0.0
0.411799
0.0
0.0
0.0
0.0
0.0
0.0
-0.752997
0.0
0.0
0.0
0.0837066
0.0
0.0
0.262871
0.0
0.0
0.0
-1.79286
0.0
0.0
0.0
-0.294016
0.222211
0.0
0.0
0.0
0.0
0.0
0.0
0.0
0.0
0.0
0.0
0.0
0.0
-0.00165392
-1.28496
-0.551048
0.398218
-0.596935
0.209301
0.034523
0.314059
0.380856
-0.443415
0.672294
-0.240563
-0.272497
0.257763
0.211334
0.126594
0.0799728
0.928723
-0.28253
0.110806
0.287667
0.0951897
-0.708735
0.217436
-0.106357
0.230536
0.0830523
0.0799686
-0.269929
-0.0898522
0.620409
0.22301
-0.149328
-0.47739
1.14702
0.491214
-1.09695
0.0567357
0.0684111
0.0728113
-0.0942464
-0.219228
0.0797588
-0.703228
-0.681154
-1.70838e-05
-0.166693
0.227415
-0.397992
0.0
0.0
0.0
0.0
0.351609
0.0
-0.32802
0.0
0.0
0.0
0.0
0.0
0.882045
0.0
0.0
0.0
0.0
0.0
0.0
0.0
0.0
0.0
0.0
0.0
0.0
0.0
0.0
0.0
0.0
0.024261
0.0
0.0
0.0
0.0
0.0
0.0
0.0
0.0
0.0
-0.182574
0.0
0.0
0.0
0.0
0.0
0.0
0.344335
0.0
0.0
0.0
0.0
0.0
0.0
0.0
-0.170552
0.0
0.381548
-1.30028
0.0
0.0
0.0
0.0
0.0
0.0
-0.678146
0.0
0.436743
0.0
-0.570791
0.0
0.0
0.980777
0.0
0.0
0.0
0.0
0.0
0.0
0.0
0.0
0.0
-0.128456
0.0
0.0
0.0
0.0
0.0
0.0
0.312938
0.0
0.0
-0.251218
0.0
0.0
0.0
0.0
0.0
0.0
0.0
0.0
0.0
0.0
0.0
0.0
1.66051
0.0
0.0
0.0
0.0
0.0
0.0
0.0
0.0
-0.106422
0.0
0.593685
0.0
0.0
0.176899
0.0
0.652401
0.0
0.0
0.0
0.0
-0.240385
0.0
0.0
0.470331
0.0
0.0
0.0
0.0
0.0
0.0
0.0
0.0
0.0
0.0
0.0
0.0
0.0
0.0
0.0
0.0
0.0
0.0
0.0
0.0
0.0
0.0
0.0
-0.183764
0.0
0.0
0.0
0.0
0.0
0.0
0.0
0.0
0.0
0.0
0.565749
0.0
0.0
0.0
0.0
0.0
0.904803
0.0
0.0
0.0
0.0
-0.379718
0.0
0.0
0.0
0.0
0.0
0.0
0.0
0.0
0.0
0.0
0.0
0.0
0.0
0.0
0.0
1.55442
0.0
0.0
0.0
0.0
0.0
0.0
0.0
0.0
0.0
0.0
0.0
0.0
0.0
-0.185535
0.0
0.0
0.0
0.0
0.0
0.0
0.0
0.0
0.0
0.0
0.0
0.0
0.0
0.0
0.0
0.0
0.0
0.0
0.0
0.0
0.0
0.0
0.0
0.0
0.0
0.0
0.17057
0.0
0.0
0.0
0.0
0.0
0.0
0.0
0.0
0.0
-0.2525
0.0
0.0
0.0
1.15202
0.0
0.0
0.0
0.0
0.0
0.0
0.0
0.0
0.0
0.0
0.0
0.0
0.0
0.0
1.17409
0.0
0.0
0.0
0.0
0.0
0.0
0.0
0.0
0.656426
0.0
0.372926
0.0
0.0
0.0
0.0
0.0433024
0.0
0.0
0.0
0.0
1.73122
0.0
0.0
0.0
0.0
0.0
0.0
0.0
0.0
0.0
-0.14321
0.0
2.07313
0.000229977
0.13462
-0.515433
0.00966863
0.338969
-0.091814
-0.03883
-0.108847
-0.0796361
-0.155037
0.212215
-0.216928
0.0382069
-0.540116
0.377726
-0.00399449
-0.0254059
0.554931
0.0732105
0.216187
-0.10219
-0.103911
-0.327566
0.121595
-0.373671
-0.399225
-0.347666
-0.0633544
0.0300889
0.376363
-0.0395085
1.21908
0.0296703
-0.707383
0.47066
1.06385
0.139287
0.241151
0.180186
0.535851
-0.57938
0.0440191
0.0325677
-0.0323364
0.0321109
0.152463
-0.183465
0.389851
0.443508
0.0
0.0
0.0
0.0
0.0
0.0
0.0
0.0
0.0
0.0
0.0
0.0
0.0
0.0
0.0
0.0
0.0
0.541161
0.0
0.0
0.0
0.0
0.0
0.0
0.0
0.0
0.0
0.0
0.0
0.0
0.0
0.0
0.304014
-0.100198
-0.728981
0.0
0.0
0.0
0.0
0.0
0.0
0.0
0.0
0.0
0.0
0.0
0.0
0.0
0.0
0.0
0.0
0.358673
0.0
0.0
0.0
1.22171
0.0
0.0
0.0
-0.15764
0.0
0.0
0.0
0.0
0.0
0.0
0.0
0.0
0.0
0.0
0.0
0.0
0.0
0.0
-1.32307
0.977776
0.0
0.0
0.0
0.0
0.0
0.0
-0.263945
0.0
0.0
0.0
0.0
0.0
0.0
0.0
0.0
0.0
0.0
0.0
0.0
0.0
0.0
0.0
0.0
0.0
-0.0646233
0.0
0.0
0.0
0.404157
0.0
0.0
0.0
0.0
0.0
0.0
1.13689
0.0
0.0
0.0
0.0
0.0
0.0
0.0
0.0
0.0
1.00621
-0.580388
0.0
0.0
0.0
-1.4138
0.0
0.0
0.0
0.0
0.0
0.0
0.0
0.0
0.0
0.0
0.0
0.0
0.0
0.0
0.0
0.0
0.0
0.0
0.0
0.0
0.0
-0.328496
0.0
0.0
0.0
0.0
0.0
0.0
-0.336923
0.0
0.0
0.0
0.0
0.0
0.0
0.0
0.0
0.0
0.0
0.0
0.0
0.0
0.0
0.0
0.0
0.0
0.0
0.0
-0.551877
0.0
0.0
0.0
0.0
0.0
0.0
0.0
0.0
0.0
0.0
0.0
0.0
0.0
0.0
0.0
0.0
0.0
0.0
0.0
0.0
0.0
0.0
0.0
0.0
1.60009
0.0
0.0
0.0
0.0
0.0
0.0
0.0
0.0
0.0
0.0
0.0
0.0
-1.21316
0.0
0.0
0.654879
0.0
0.0
0.0
0.0
0.0
1.69259
0.0
0.0
0.0
0.0
0.0
0.0
0.0
0.0
0.0
0.0
0.0
0.549721
0.0
0.0
0.0
0.0
0.0
0.0
0.0
0.0
0.0
0.0
0.00970782
1.726
0.0809597
0.0761963
-0.0920846
-0.0431265
1.05986
-1.07889
-0.501318
0.526491
1.01389
-0.232938
-0.104934
-0.152467
0.814481
-0.0213364
0.180275
0.297594
0.0656387
0.200181
0.00275514
0.117061
-0.509802
0.0890106
1.53102
0.197839
-0.663241
0.0143918
0.0189096
-0.148855
-0.21046
0.0689617
1.54519
-0.487931
-1.40274
0.0495469
-0.464753
3.3719
0.140777
-0.295935
0.116756
-0.259343
0.017846
0.764339
0.508115
0.81176
0.659036
-1.92994
0.196374
-0.0305671
-1.67946
-0.024922
0.000425973
-0.00258845
0.0288545
-1.25787
1.09372
0.692877
-0.699696
-1.11071
0.273172
0.00103001
0.0925931
-0.310478
-0.0458814
-0.0699464
-0.325414
-0.0671608
-0.123514
-0.337464
-0.0817508
0.62396
-0.00571522
-1.65136
-0.185986
-0.084545
0.0609791
-0.00694109
0.133381
0.190452
0.0176344
-0.428343
0.763661
1.47671
-0.0605957
0.539468
-2.99315
-0.186246
0.418604
-0.11506
0.307697
-0.0817286
-0.655479
-0.475359
-0.909437
-0.698945
0.45662
-0.214147
0.00323021
0.51202
0.172819
0.000459235
-0.000103649
-0.0353495
0.137364
-0.463482
-1.02485
-0.713099
0.43407
-0.957686
3.35575
0.3015
-0.467445
0.0601509
0.0142166
-0.721365
-0.129191
-0.0549234
0.586881
-0.70644
-0.606618
-0.032205
0.314742
-0.468174
-2.32616
-0.219439
-0.000361414
0.00120951
-0.0617839
-0.0910876
0.040201
0.554214
-1.03963
0.208188
-0.054546
-1.12341
-0.581268
0.267431
-0.0603056
0.308697
-0.189452
0.230675
0.668621
-0.00224718
0.315309
0.212325
-0.285495
0.00286594
0.46245
0.017551
-0.000348222
0.00388877
0.0396799
1.06141
0.386775
-0.916945
2.97243
-0.0358431
0.197503
0.334999
-0.0316277
0.0835395
-0.0387537
-0.00244494
0.805795
2.16403
-0.0738029
0.491193
0.302121
1.20702
-0.00984552
0.722604
-0.698875
0.525916
0.0371555
0.000553585
0.00678733
-0.365829
0.0285881
0.124621
-1.94639
0.036929
0.955581
-0.135385
0.397252
-0.10927
0.0979598
-0.00905319
-0.290714
0.104461
-0.741093
-0.546191
0.715022
-0.140585
-0.908322
-0.0954534
-0.0208708
0.438989
0.0560615
0.0765483
-0.094694
-0.0144162
-0.198282
0.0146374
0.191882
-0.173803
-0.0971724
0.0336834
-0.103776
-0.0599425
0.00199947
-0.0671869
0.110273
-0.0276316
-0.00160385
0.0760222
-0.336421
0.0353177
0.114253
0.0834553
-0.120563
0.012007
-0.0203786
0.0753708
0.0119824
-0.0154762
-0.0201377
0.0865829
-0.06998
1.28365
0.0739933
-0.00956669
0.0747439
-0.0862307
-0.0454329
0.122783
0.00167856
-0.136405
1.67116
0.108907
0.031747
-0.0976206
-0.0402608
-0.0522485
-0.0175665
-0.0234621
-0.00843302
0.00189241
-0.000832027
0.000519205
-0.0697055
-0.120904
-0.0530449
0.0515276
-0.0524002
-0.013183
0.00378643
-0.0837031
-0.0915876
-0.00762809
-0.0614852
0.0144096
-0.106909
0.0430093
0.00818698
-0.199911
-0.143107
0.025858
0.0817699
-0.321009
0.185596
0.248011
0.0559366
-0.00712339
-0.00407784
-0.119255
0.0104825
0.0254676
0.123051
-0.150316
0.0303037
0.225384
0.0989428
0.0422997
-0.0335392
-0.00337962
-0.0183627
-0.0316516
0.0424012
0.129403
0.115434
-0.0417846
-0.046166
-0.0990323
1.29234
-0.506366
0.899364
0.000333217
-0.0178712
-0.0217413
-0.297871
0.203779
-0.351134
-0.131796
-0.425966
-0.548102
1.57452
0.51958
-0.0374951
-0.0307112
0.0363133
-0.372558
-0.073235
-0.0954752
1.35874
0.0962202
-0.062472
-0.0684011
0.635342
-1.62222
-0.0993534
-1.33479
-0.00123817
-0.0509478
-0.190674
0.0256643
0.0326323
0.311037
0.151935
-0.265569
-0.00279874
-1.01943
-0.168896
-0.350858
0.061729
0.0406491
0.0900856
0.0524445
-0.166437
-0.00466802
0.349721
0.196768
0.0628867
1.78138
1.09941
-0.373087
-0.000434093
-1.682
-0.0663066
-0.103635
0.0592924
0.00323157
-0.0814592
-0.0167237
-0.150222
2.06041
0.0277673
-0.854918
-0.0531593
0.0265432
-0.0460891
0.0387411
-0.0601954
-0.0181909
-0.0514693
-0.0284299
0.0428442
0.0100716
1.86859
-1.3751
0.0433738
-0.00702744
0.00613486
-0.0735697
0.00971169
0.0435885
0.068348
0.0701112
0.0710098
2.05092
0.0467141
0.0155651
-0.0303734
-0.00247239
0.0209227
-0.0417114
0.0224796
0.0859997
-0.0318201
-0.053153
-0.0239811
-0.0632166
1.70256
-1.41027
-2.00627
-0.000705214
2.51702
-0.0706733
-0.0992422
0.014464
0.0491289
-0.01321
0.0128312
-0.00667797
-1.21985
2.33199
-2.93431
1.54497
1.66562
-0.133668
0.0434016
-0.0360904
-0.17053
-0.0157585
-0.00381808
0.057105
0.87866
0.0989008
-0.284141
1.04817
0.574847
0.00291927
-0.0534051
0.00960798
0.0566384
0.0248268
0.0158527
0.0943128
0.0262956
2.30564
0.0288814
0.00336997
-0.00119953
-0.00282406
-0.0393939
0.0538542
0.0375881
0.0203893
-0.00814606
-0.0600501
-0.0821465
-0.0241025
1.19931
2.01672
2.44788
2.64967
-2.61478
-0.0568148
-0.814267
0.0560502
-0.070074
0.0119163
-0.0166049
-0.0353733
0.0125412
2.5314
2.16087
0.0147799
-1.89344
0.0415135
-0.0378435
-0.17911
-0.046134
-0.0264483
0.0614241
1.64108
0.0272667
2.0428
0.0368581
-0.301836
-0.0053304
-0.0490432
0.0128245
0.0228424
-0.0318705
0.0342683
0.105574
-0.00340177
0.108583
0.0390824
0.00650573
-0.0117971
-0.00393657
-0.0377134
0.0351278
0.11024
0.026329
-0.029364
-0.0675846
-0.0952241
-0.0231585
0.0440135
2.28186
2.14162
1.61264
2.18966
-0.0988102
2.7077
0.0639888
-0.0830802
0.0253972
-0.0432948
-0.0534707
-2.3231
-0.0167534
2.59438
-1.84683
-0.00635499
0.0444441
-0.561425
-0.257589
-0.0549113
0.00166414
0.0517309
0.00505044
-1.42653
-0.0141434
1.98895
-0.00716919
-2.73719
1.55687
0.0140394
-2.49055
0.716627
0.0643543
0.169266
-0.0404173
0.0941239
0.0248352
0.0125233
-1.70535
-2.1351
-0.0227055
-0.00429729
0.101076
-0.0885596
-0.0558819
-0.0616095
-0.0996811
-0.0116722
0.0202718
0.0903428
2.48498
-0.509684
1.66504
1.44893
-1.49498
-0.381156
0.037166
0.380191
-0.515016
0.206299
0.167551
-0.343301
0.0634354
0.0594466
2.61011
-2.78197
1.86283
-0.0223074
-0.00365533
0.321071
-0.00687724
0.85014
-0.439313
-0.787076
-1.13558
-0.00385775
-0.0133497
-0.342748
0.0638482
0.00612121
0.0439679
0.0351302
-0.938421
-0.473841
0.237575
-0.0803203
0.166315
-0.0380102
-0.0654481
-1.11061
-0.164566
0.198377
0.0863304
0.171191
-0.331349
-0.395449
-0.00354336
0.447755
0.100027
0.00157042
0.403188
-0.978415
1.65671
2.358
-0.209848
-0.0956292
0.0142318
0.00132598
0.245632
-0.00425675
-0.485307
0.00755526
-0.113725
-1.9644
-0.43867
1.0441
0.215373
0.0638115
0.86082
-0.0812741
0.044754
0.0534677
-0.216375
-0.0560607
-0.994015
0.0863053
1.13484
-0.649058
0.0919661
-0.483969
0.819217
-0.128875
-0.165238
0.617476
-2.24919
0.164079
-0.0387911
0.00256162
0.102937
-0.766369
0.531258
0.176553
-0.41353
-0.122472
-0.0321343
-0.0201938
0.134561
0.0110839
-0.00029311
-0.00725239
-0.0359254
-2.71239
-2.26223
-2.69538
-1.47429
-0.136228
0.20392
-0.103331
0.0140026
0.00874619
-0.0339317
0.0106124
0.424652
-2.53831
2.86601
-2.12259
0.452723
0.2179
0.0566671
0.329948
0.118047
0.041611
1.11581
-0.00584813
0.00399501
-0.0613209
0.010794
0.00529199
-2.29212
0.453664
0.0144086
-0.161511
0.16832
0.0377462
0.0609872
-0.0287841
0.0592391
-0.0676352
-0.0370391
-1.99999
-0.320111
-0.11483
0.232778
0.39761
-0.0156041
0.479439
0.0272482
0.0011087
-0.019783
-0.00983824
-0.742087
3.02981
0.758766
1.89656
-0.140375
0.673026
-0.546881
-0.077476
0.261183
0.0424557
1.19
0.0797782
0.455209
-0.851911
3.20572
-0.540878
0.593549
2.76968
-0.194388
-0.0718619
-1.44536
0.104837
-0.00109146
-0.00868012
-0.633086
-1.18396
1.6317
2.02637
-0.632894
-0.730955
-0.10357
0.417784
0.202971
0.341538
-0.0524427
-0.0945381
-0.0592539
0.278658
-1.35761
-0.0345856
0.510185
-0.391237
0.802256
-0.0259957
-0.0276304
-0.0209419
0.000179498
0.00756536
-0.0603068
1.56214
1.09264
1.95091
-2.47711
1.50934
-0.699016
0.29743
0.0617021
-0.135395
-0.0149093
0.011587
0.02093
0.0754305
-0.171168
-1.15715
-1.39242
-1.82396
2.33146
0.700642
-0.220516
-0.2338
0.0104276
-0.00716854
0.0195358
-0.0800525
0.0375531
0.0290879
-0.0537605
0.752589
-0.0302374
-0.325035
0.00407487
-0.0456482
-0.00486086
-0.030956
0.0445679
0.0172771
-0.169624
2.52484
0.123714
-0.276219
-0.037134
-0.166086
-0.015832
0.0502273
-0.057017
-0.000713359
-0.0112987
-0.0473964
-0.399226
-0.103466
-0.840865
1.78215
-2.55607
0.627021
-0.352686
0.0106151
-0.0773488
-0.0210708
0.0427338
-0.155512
0.0409038
0.0864492
-0.384684
1.66663
1.63007
-2.4379
-0.720289
0.389358
0.665363
0.0189934
-0.00280489
-0.0189744
-0.0487697
0.0397568
2.30649
-0.35337
-2.82905
3.03931
0.034226
0.0671178
0.155876
0.024689
0.00981477
-0.173229
0.0276415
0.0266242
0.122124
-0.106789
0.0165605
0.102589
0.0443681
-0.00692356
-0.1077
0.0290932
0.000337974
-0.0194577
-0.00752079
0.145902
-0.0491449
-0.248744
-1.82106
3.23614
-2.18471
0.551855
0.0332384
-0.341986
0.0233883
0.00133298
-0.291942
0.00319257
-0.0622755
0.605929
-0.0232888
-2.92867
1.98251
0.798971
-0.284276
-0.393497
-0.113248
-0.00158174
0.0502246
-0.207362
-0.0728133
0.00655662
0.118125
-1.31199
-0.208146
-0.136596
0.470284
-0.0678761
-0.0370845
-0.0649717
0.145013
-0.19276
-0.0869644
0.0332465
0.273
-0.148903
-0.052037
0.18086
-2.62791
1.02948
-0.381243
-0.000120825
0.00636177
0.00140128
0.0105323
0.0468861
-0.0483945
0.0458441
0.0560839
0.0101035
2.5403
-1.53846
2.50441
0.0422211
-0.175329
0.0175973
0.00659279
0.0474871
-0.0733995
0.166062
-0.00402084
-0.00458807
3.02268
-1.75574
-1.33588
-0.0164825
-0.000749758
-0.000703948
-0.075961
0.00557514
-0.0111418
0.0512936
0.08834
0.187275
-0.162883
0.803856
-2.28406
-0.0259606
-0.0234083
0.0616118
0.0180738
-0.069238
-0.0146452
-0.241115
-0.0884831
-0.0703745
0.119982
-2.09482
1.05414
0.0182638
0.000750309
-0.0157549
-0.0110165
0.137874
-0.0359206
0.0487577
-0.0585794
0.139678
-0.0786915
-2.0046
-2.65979
-1.08705
0.0575967
-0.00340451
0.124885
-0.0127812
-0.0486384
0.30116
0.0872028
-0.0767837
0.0277977
-2.2193
-1.06019
-1.3083
1.56442
-0.000545847
-0.007603
0.0839246
0.0168726
-0.083549
-0.283462
0.0785345
0.271747
-0.0734491
-2.63386
-0.0417567
0.0414081
-0.0253375
-0.0161151
-0.0177152
0.0218162
0.0331026
0.0425278
-0.00512419
0.0364974
0.0331716
-0.024425
-1.75405
-0.0196226
2.14077
0.017815
-0.0696574
-0.0233897
0.00681577
0.124893
-0.158506
0.0437238
0.0440527
-0.191289
-0.0654663
0.402283
-2.79658
0.900513
-0.0354039
0.0605198
-0.155002
-0.411539
-0.171751
-0.149433
0.0571854
-0.0105401
-2.05306
-0.44019
0.364012
-0.00719155
0.0128803
-0.0711738
2.03374
-0.0322429
-0.11803
0.0116621
0.173514
-0.0350948
0.200882
0.295842
0.0133082
1.28986
-0.0276699
-0.00376366
0.0590391
0.254482
-0.109105
-0.0895861
-0.270962
-0.189652
-0.0246195
0.0788437
-0.914091
-0.000511776
-1.37009
0.299187
-0.150153
0.0349296
0.133523
-0.0481342
-0.00159061
0.0524781
-0.0837291
-0.00578014
-1.928
1.83373
0.0135693
-0.035747
-0.688708
-0.0406023
-0.408128
-0.0643636
-0.00849337
0.066261
-0.0963207
2.73153
-0.65732
1.53947
2.15006
-0.00837595
-0.0405095
0.0144657
0.0421732
0.0408353
0.00674397
0.161716
0.0454362
0.117523
-2.66571
-0.010257
-0.00688585
-0.0155291
-0.0391187
0.0703137
0.107002
0.0666828
-0.00747902
-0.101552
-0.135907
-0.00788668
-0.545578
1.03649
0.115947
-1.37085
2.22949
2.072
-0.0265116
-0.0818504
-0.0605759
0.204155
-0.126646
-0.0458225
-0.02311
-0.632328
1.65432
-1.96515
-1.46143
-2.32621
-0.973183
-0.2335
-0.091857
0.311701
0.0264486
-0.0878857
-2.89316
-1.62394
-1.39095
-1.50776
0.00444277
0.163264
0.0450986
-0.0200913
0.22935
-0.026598
-0.325267
-0.0300268
0.191723
0.117631
0.0774958
-0.268165
1.1209
0.326824
-0.0746198
0.208746
0.260758
-0.143914
-0.219041
-0.365775
-0.00906609
0.0368371
-0.0107116
0.000190761
-2.5315
-1.06406
2.28939
0.0706143
-0.0402604
0.172927
-0.0423769
0.0317725
0.0317887
-0.028855
-0.0912475
-0.132208
1.53072
0.842082
-0.592311
0.0175587
0.380868
0.0345075
0.0368224
0.00796478
-0.0179589
0.116653
2.18135
-1.8184
-0.000135673
-0.00641453
2.53024
0.894001
1.55633
2.4792
0.0237028
-0.120313
0.072861
0.02955
0.0198973
0.892382
-0.0131417
-0.0446213
-0.0153446
-1.16096
-0.156095
0.0457947
-0.00991864
0.0360718
0.10119
-0.0274624
-0.409175
-0.0120501
-0.00155895
-0.0208308
-2.09339
-1.64805
-3.05263
0.0087713
-0.0279432
0.312333
0.0553034
-0.12736
0.0745533
0.259531
-0.00604698
-0.0478586
-0.739432
-2.90521
0.21563
1.53404
0.735871
-0.123056
0.0793618
-0.126273
0.101039
-0.953252
-0.622999
1.00534
0.448691
-1.15505
-2.60432
-2.75628
-0.0874998
-0.0174252
0.172302
0.261296
-0.426977
-0.0857408
1.9909
1.93709
1.08031
-0.327907
0.392329
-2.23402
-0.318895
0.183601
0.564755
0.495372
-0.0182507
-0.127947
0.102315
0.000135692
-0.00782011
0.0806236
3.48547
-0.0675991
-0.25757
-0.38235
0.719675
-1.10356
0.549965
0.236627
-0.0815115
0.0155209
-1.18618
-0.0366619
-2.61419
1.96376
4.22686
1.4336
-0.296408
0.00581786
0.0881506
-0.300473
-2.36253
-0.115907
-0.00166662
-1.93421
0.393585
-0.767597
0.454047
-0.236391
-2.82209
-3.31442
0.118217
-0.412524
-0.277725
0.473807
-0.0268182
0.168843
-0.198908
2.1959
0.673798
0.186657
2.5736
0.81992
0.402445
-0.0240908
0.223319
0.0281401
-0.00110155
-0.00620662
-0.0618746
0.0862226
-1.53938
1.53213
0.473203
0.0494762
0.239083
0.0104359
-0.0547416
0.17106
-0.0115474
0.0203147
0.104956
1.81128
1.14663
1.61022
-0.976262
-1.53046
0.0822217
-0.167222
-0.0288989
-0.0964219
0.022988
-0.00659881
-0.184149
0.0536887
0.0172352
-0.00980057
0.27759
1.26128
0.300282
0.0861378
0.147184
0.0450801
0.0513736
-0.0203212
-0.0175417
-0.050553
0.151794
-1.89274
-2.54571
-0.0556487
-0.935634
0.0249063
-0.0138517
0.423069
-0.00475391
0.000704336
-0.0106357
-0.0714771
-0.240514
0.696082
0.311466
2.60135
3.10441
0.59452
-0.215322
0.00435675
-0.134007
0.00662672
0.0980453
-0.0120074
1.16841
-1.30299
-0.489633
-0.00249521
-0.183287
-1.51884
-0.3652
0.245983
0.400491
0.154555
-0.00464274
-0.0144327
-0.343757
-1.19487
-0.416623
1.07062
-1.94245
-0.259175
0.155295
-0.117434
0.0731392
-0.11344
0.0285611
-0.276279
-2.29817
-0.0384193
0.978699
-0.0743224
0.31927
-0.491695
-0.208465
-0.0256272
0.0124375
-0.00859846
-0.000299759
-0.00141467
-0.0676148
-0.082292
1.68039
-0.513384
-1.32154
2.66756
0.291268
-0.026181
0.00976504
-0.00601349
-0.0531923
0.0173188
-0.0179922
0.0418516
-0.0270086
-2.24201
2.93087
2.05372
-0.564998
-0.0376976
0.028814
0.00297462
0.0421059
-0.00727043
-0.00137558
-0.0623354
2.89318
0.0287437
0.0854194
2.65251
-2.51231
-0.00268489
0.0962752
0.0313789
-0.0105633
-0.0106423
0.00195457
-0.0359951
0.0345347
0.0398027
2.97387
-0.0531655
-1.76382
-0.0729274
-0.0219441
0.0177271
0.0857282
-0.000672202
-0.0144749
0.0289603
0.607317
0.093803
-0.256663
-2.09047
0.375968
-0.741903
-0.044594
-0.0296612
0.12596
0.04597
-0.0254052
0.254953
-0.00435647
-0.16486
0.431457
0.178828
1.02943
2.07833
0.304219
0.0470171
-1.20198
0.0368016
-0.00440544
-0.0482227
-0.166175
0.0391188
-0.0231509
0.00933814
0.968248
2.97045
0.00225079
-0.449417
-0.167442
0.0704045
-0.0317328
-0.0130471
-0.025744
0.137661
-0.171468
-0.681152
-2.34826
2.0804
0.246808
-0.0261194
1.92127
0.0201716
-0.0010668
-0.0101991
-0.0743025
-0.72843
0.0758199
0.220157
-0.145045
-0.243604
-0.592265
0.363136
-1.92474
-0.249258
-1.94955
-0.0876394
-0.54627
-0.000625079
0.0719988
-0.863856
-0.300714
-0.769007
0.136882
-0.641782
1.96976
0.727571
-0.141698
-0.00356911
0.00442755
0.166962
-0.0316251
-0.0862577
0.333562
0.0133273
0.181489
2.19394
0.176723
0.00926348
0.0762997
0.555238
0.0191901
-0.000312263
0.0651879
0.615338
0.680918
-0.168343
0.0643862
-0.407124
0.99142
-2.68678
-0.173308
-0.000234675
-0.014433
-0.0405925
-0.666873
0.575147
0.0755665
0.336007
-0.495216
-0.230072
2.62637
1.08269
-1.31658
1.15134
0.31148
-0.301136
0.120878
0.265602
-1.35213
0.149574
-0.424934
0.0686855
-3.13945
0.193481
3.63356
-0.0254976
-0.00142406
2.07773
0.103513
-0.00845593
-0.0171163
0.458145
0.271802
-0.433734
2.21842
-0.740729
1.05684
-0.146246
-0.0122912
-0.0277963
0.0660909
-0.243262
0.268946
1.008
-0.30512
0.254192
-0.790355
0.73545
0.180838
0.0178579
-0.00202103
1.27968
-0.0684056
-0.0549944
-0.0127456
0.03816
-0.095484
0.0663826
-0.0466902
-2.3702
-2.48078
0.0827242
-0.048382
-0.0385031
-0.11462
0.0409931
-0.161878
-0.319677
-0.248984
-0.125284
0.0745254
-0.0691434
2.02477
-0.677369
-1.89739
-0.0983028
-0.0135099
-0.0598563
0.0124234
0.00314911
-0.309038
-0.00841119
0.233013
0.216758
0.139907
0.726899
-0.820855
-1.37652
0.0225099
-0.0137452
0.0109145
0.367087
0.230526
-0.068202
-0.119098
-0.32998
-0.0240545
0.0668866
1.55874
1.53574
-0.350974
2.36561
-0.0765323
0.0297071
0.0444617
-0.0677604
0.0204041
-0.0440723
-1.5415
0.0167691
1.46343
2.73041
1.27728
0.00876476
0.041327
-0.0425912
-0.187194
-0.041504
-0.0321767
0.060385
-0.0461068
0.0309301
0.613264
1.26943
2.17077
-0.00567373
-2.80706
0.0124602
0.0295784
-0.0160782
0.0464666
0.115702
-0.603948
-2.61871
1.30167
-2.61624
0.057167
-0.00277836
-0.0345546
0.0315373
0.104904
0.01912
-0.0305512
-0.0657297
-0.0971238
-0.00906751
-0.00648038
1.9874
-0.719243
1.71419
-0.0118723
-0.0550964
-0.0369248
0.0525885
0.0748157
0.0309631
-0.0129212
0.0298721
0.0251226
1.10324
0.045413
0.755139
-0.0090455
0.00329139
0.0144868
-0.20834
0.0980374
0.0607215
0.014685
-0.0778524
-0.276435
0.0402335
-1.8537
2.84355
-0.313702
-1.29356
0.965119
-0.0320929
0.0458116
0.0970671
-0.0266145
-0.0616293
0.0594862
0.0256252
0.864529
-1.64623
-0.188215
-0.0319378
0.0341232
-0.0491159
0.0150532
-0.0357282
0.0022754
0.0493536
-0.00654861
-0.024577
-1.43716e-05
-8.57517e-07
-0.815008
0.00210972
-0.147253
0.0260709
0.0386361
0.142939
0.00378798
0.00148911
-0.0124042
-0.01829
-0.172396
-0.860949
-2.09751
2.69293
-1.17415
0.103988
-1.40418
0.0437979
0.187558
0.00513603
0.014592
0.135676
0.072129
1.08012
1.85347
0.861341
-0.156325
1.31986
-0.0111202
-2.24963
-0.0761768
-0.153079
0.0212689
0.0166601
0.0536391
0.871215
-0.0166187
1.65995
2.89143
-0.0562036
-0.164124
-0.0132858
-0.0188799
0.0223709
0.105068
-0.0248867
-0.0339902
-0.00928713
-0.000760308
2.52879
-0.0766553
-0.286672
-0.0527472
0.200455
-0.0579413
0.0653488
0.11655
-0.0801446
-0.00175288
-0.144828
-0.0737044
2.78214
0.81157
-0.686886
-1.11876
-0.650455
2.71427
0.0216758
0.0724196
-0.178585
0.188058
0.505778
0.0502024
0.451894
-0.920023
1.33754
1.67462
-0.983069
0.0102648
-0.0156948
0.145959
0.115868
0.0636229
0.0422912
-0.11577
-1.09641
0.943548
-2.37072
2.85722
0.201062
-0.00919689
1.2455
-0.179096
-0.196588
-0.0149564
-0.0956511
-0.0159947
0.0010748
-0.018224
-0.00161038
-2.78341
-0.0110083
0.144379
0.0540434
0.0204732
0.181249
-0.00699243
0.00425994
-0.130518
-2.31041
-0.502053
0.0763361
1.83822
-0.569247
0.982321
0.169171
0.106843
0.0115355
-0.0207026
-0.0596163
-0.205599
-0.0460495
2.89171
-0.000293566
-2.65172
1.11197
1.75324
0.412705
-0.00966024
-0.00480803
-0.00890702
-0.0836186
0.0136948
0.0141349
1.7031
1.98965
-1.80773
-0.0113634
-0.223841
-0.220673
-0.0399828
0.273217
0.190874
-0.0246116
-0.360199
-0.0139338
-0.000433055
-0.0134657
0.0671276
-0.442544
-2.15259
1.75247
-0.0971836
-0.449969
0.11523
0.313158
0.122095
-0.639664
-1.92202
0.0676163
-3.13238
1.6007
0.242059
0.654705
-1.91037
-0.306365
0.0476748
-0.463386
0.795799
1.49588
-0.130955
-0.00151379
-0.0571896
-0.00547919
0.583221
-2.15173
2.52035
2.43261
-1.06797
-0.189792
-0.0680166
0.00540797
-0.397915
-0.474891
-0.0416029
-1.66477
0.0590003
-2.36682
0.322446
0.171191
1.19583
0.728597
-0.0216765
0.0986242
0.0767429
-0.00165109
0.000460571
-0.0599313
0.717805
-0.206144
-0.215697
-1.24892
-0.990758
0.716922
-0.0366857
0.02462
0.369412
0.0233919
-0.0577237
0.156272
-0.00114599
0.216453
0.921156
2.72349
0.132046
-0.254957
-0.198744
0.191624
-0.304022
0.0639919
-0.00651114
0.00867096
-2.23191
2.96652
-2.63876
-1.51272
0.237309
1.92894
0.283601
-0.688811
-0.145789
0.0671931
-0.00979177
0.224497
-0.70798
0.322345
1.72708
-1.75273
0.156117
0.0408997
0.671343
-0.0293921
-0.0995213
-0.0860241
0.00110402
-0.0111176
-0.146256
0.107485
0.617199
0.330193
0.405628
-0.267113
0.0905324
-1.50368
-0.0235078
0.289117
0.0480598
0.0155927
-0.109534
0.0495889
-0.0380422
-0.0287704
-3.47901
1.79793
1.18614
-0.463847
0.34227
-0.751191
0.338952
-0.0062433
-0.0703628
-0.128753
0.1124
-1.48976
-2.85459
1.56228
3.26405
0.737309
-1.07531
-0.160156
-0.0715534
0.0206338
-0.0939135
0.118415
0.484208
-0.827524
-1.92807
0.963518
-3.0479
0.340406
-0.0235365
0.226104
-0.0593012
-0.000844325
-0.0121034
-0.0619514
-0.57919
0.0474023
0.697523
1.77079
-0.3238
-0.190711
0.00361289
-0.0656959
-0.139701
-0.0807375
-0.0316865
-0.383238
0.0346341
-0.14451
-0.522822
-0.271463
-0.843113
2.74384
0.180378
0.0394053
0.143789
-0.00739522
-0.00636446
0.00925357
-0.0900231
-0.0158457
0.00352812
0.45078
-2.18917
-1.21129
0.0834279
0.405398
0.120985
0.0230296
-0.00110269
-0.0518624
-0.00992524
-1.75748
1.39741
0.459196
0.249841
0.932083
-0.212888
-0.0231395
-0.549348
-0.164453
0.000234625
-0.00680759
-0.0020587
-0.239901
0.735847
-0.00642943
0.394984
-0.80605
0.258526
-0.68083
-0.153039
-2.01553
0.0142495
-0.015295
-0.0541099
0.0833259
0.197848
-0.324111
0.327385
0.23893
-0.0770706
-0.738982
-2.00796
1.26681
0.11721
2.83683
-0.134973
-0.150962
0.0718634
0.0040843
0.195457
-0.112407
-0.0227675
-1.47777
0.880108
0.15712
-0.490041
0.0580495
-0.102178
0.230168
-0.210237
0.261797
0.25708
0.43797
-0.335647
0.932035
-0.0114208
1.89057
-0.0470589
0.00037419
-0.501739
-0.00376084
-0.12992
-0.049206
0.116899
0.0942281
0.0917086
0.0855561
-2.89402
0.0148251
-0.150787
0.0314283
-0.00130015
-0.130065
0.0340944
0.0444637
-0.276881
0.0478719
0.116345
0.043461
-1.62305
0.0893639
0.715958
0.0348242
-0.000266523
-0.00189658
0.0278157
0.012036
-0.060994
0.171877
-0.138672
-0.0519722
-2.59903
2.93037
-1.23558
-2.68855
-0.0202679
-0.0506103
-0.0130955
0.0364197
-0.00602846
-0.00885169
-0.058692
0.0756536
0.637271
-0.0123969
2.06256
0.254806
-0.000297065
2.38684
0.00921523
0.184909
-0.240117
-0.00838294
-0.0442989
-0.0601635
0.247745
0.0644675
-0.0405377
0.0813939
0.0216854
-0.0585034
0.188137
-0.0382069
0.00148267
0.826917
0.0544131
-0.0696714
0.0275498
-0.976248
0.00749149
-0.899412
-2.59529
0.63514
2.30921
0.0787619
0.00281386
-0.0745947
-0.263473
-0.108127
0.0405141
0.120907
0.632261
1.94165
-1.56655
-0.0160252
-0.0851715
-0.0798911
0.074708
-0.225018
-0.0142692
0.056859
0.248993
1.35043
-0.0163476
-0.00187885
-0.0215192
0.000667152
-0.0204789
2.43715
-0.0296983
-0.0547651
0.0875208
0.0241357
0.0451671
0.0754884
-0.0406821
-1.76469
-0.126174
0.391323
2.93609
0.0290055
0.00255424
0.0270343
-0.112291
0.0988618
0.033169
0.0181895
-0.018973
1.34157
1.04248
0.66715
-0.000351817
0.609378
0.0023472
0.0178438
-0.0851378
0.0809543
-0.00518013
0.00709754
0.017433
-1.09158
0.0136706
-0.323175
-2.9243
2.04857
0.704554
0.00165459
-0.0933654
-0.122646
-0.064248
0.0408876
-1.15852
-0.0211642
-0.809152
0.0225512
-0.00101567
-0.00771996
-0.0348004
0.213854
-0.200999
0.235339
-0.220799
-0.221271
0.0102743
0.168701
0.0485192
0.353621
-0.0223479
-0.525722
0.33813
-1.01945
-0.551027
-0.030145
0.012186
-0.348237
0.0211261
-0.535067
-0.251957
-0.20575
-0.00644949
2.08896
-1.82561
0.0926798
0.00892084
0.0385793
-0.150412
-0.043725
-0.126792
-0.0170535
-0.017858
-2.97202
1.13548
-1.18763
0.0246532
-0.0509807
0.165596
-0.269734
-0.00688308
0.158482
0.232721
-0.066111
-0.0146362
-0.0145646
-0.0320596
0.000705828
-0.021269
-0.0133132
-0.0815176
2.35389
0.0524109
-0.000974266
0.0146446
-0.0355073
0.00542373
-0.00713087
-0.0752569
0.0852021
0.636474
1.40725
0.00628606
-1.36489
-0.264723
0.076527
0.0749694
0.0297189
-0.0101737
-0.193007
-0.0853888
-2.23864
-2.52088
0.201738
-0.356238
0.0115453
-0.0725567
0.361212
0.242721
0.170821
-0.015816
0.0544509
0.0754694
-2.30341
-0.0461316
-0.791839
1.59314
-0.0264519
-0.151914
-0.0451379
-0.178849
-0.0245151
0.128608
-0.0314244
-0.111309
-0.0196718
-0.00144816
-0.0290948
2.83043
0.0363544
-1.88552
0.220625
-0.229312
-0.264117
0.611982
-0.313103
0.0588563
0.0364901
-2.95353
0.0117176
0.184712
0.0096907
0.23716
0.0843375
-0.186168
-0.0578617
0.0283622
-0.266697
0.00734497
-0.517226
0.0550208
-0.00455464
-0.450537
-1.35023
0.0119516
-0.0194629
1.36254
-0.355782
0.135325
0.156398
-0.205306
0.0169167
0.115347
-2.54694
2.15531
1.20672
0.612251
-0.327974
-0.437815
0.220553
0.138121
0.28971
-0.00935489
0.750298
0.0361264
0.000748932
-0.0145349
-0.0751679
0.324351
0.257528
-0.16939
0.117992
0.379435
-0.876363
0.413864
-0.0271402
-0.181857
0.0556539
0.0169546
0.147204
-1.51442
-2.99844
-2.67534
-0.129447
0.0414778
0.0019706
1.01783
-0.440284
0.314412
-0.103988
-0.00547403
0.806715
-1.57343
2.40425
-0.588087
-2.4614
-1.0743
0.0951452
-0.278849
0.567081
0.111736
0.0490346
-0.0346333
0.037841
0.381529
-1.51618
1.38342
0.624548
-1.5199
0.186022
-0.477141
-0.00811795
0.276609
0.030104
-0.00020021
0.00334222
0.0397778
0.202146
0.0320861
-0.453164
0.0838747
0.14838
-0.527355
0.796387
0.00690319
-0.0982314
-0.0276049
-0.0753827
-0.109241
0.0157366
-0.874494
0.223192
0.408049
0.298377
0.0633474
0.254106
-0.212455
1.06731
-0.154578
-0.00205873
0.0158669
-0.135612
-1.86674
1.46058
-0.145731
-0.164498
-3.05488
-0.263198
0.520032
0.114215
0.192315
-0.0537523
-0.0340167
0.249908
-0.387998
1.0546
0.316718
-0.0483078
0.0895512
0.0510965
-0.0202499
-0.385861
0.00904343
-0.000938056
-0.000773252
0.0178183
-0.0318639
-0.0209144
-1.33262
-0.1967
-0.657801
-0.00936078
0.295062
0.0890074
-0.0344274
-0.0532459
0.0359163
-0.0147716
0.00120274
0.184497
0.858497
0.377282
-0.830872
0.0227967
-0.405653
0.0811025
-0.0326876
-0.0370853
-0.00228022
-0.0565271
-0.0521073
-1.87437
-0.0332306
-0.328239
-1.67591
-1.91022
0.163315
-0.196767
-0.0365996
0.154929
-0.00155646
-0.0278482
-2.75072
-0.142109
-0.589568
-1.12173
-1.63156
-0.835136
-0.060822
-0.00449297
0.230569
0.116913
-0.000191215
-0.00813848
0.104388
0.145872
-0.26365
-0.43346
-0.114232
0.605398
-0.663556
0.728187
0.12805
-0.140861
0.00470076
-0.0144851
0.0364791
-2.73093
1.67833
0.85778
1.29016
0.269176
0.0374186
0.233832
-0.286793
-0.252498
-0.179447
-0.00219172
0.105633
0.0251429
-0.0645546
-0.0131485
0.620324
0.0496364
-0.970039
-0.0252957
0.0994512
-0.194613
0.218331
-0.0544356
0.121602
-0.0511541
-0.296232
-0.315268
3.00728
0.975238
0.0168941
0.175084
-0.0225353
-0.17424
-0.0890266
-0.000581475
-0.0215432
0.0190427
0.0720921
0.169498
-0.153115
-0.0923547
-0.335406
0.183554
-0.226906
0.110656
0.244477
0.00513899
-0.0586934
0.290915
0.0140252
-0.117903
0.693135
0.0957574
-0.714926
-0.0395185
-0.770763
-0.163584
0.0406451
0.0112717
-0.00417715
-0.0322075
0.0438487
0.0176777
-0.0131468
-0.2785
-0.21301
0.867542
0.0748152
-0.343152
0.0523316
0.106043
0.00067947
-0.0657462
0.0411779
-0.0831521
-2.60635
-0.338825
2.24878
2.16427
-0.0340785
0.0117497
-0.0146589
0.0634613
0.0767478
-0.0846879
0.0564675
-0.0864251
0.02172
0.0901863
-0.116579
-0.130093
0.0137121
-0.0574911
-0.0774862
0.0768175
-0.0540252
0.0929404
-0.0161437
-0.0429371
0.103733
-0.0578281
0.0485892
0.11542
0.0146669
-0.0412081
2.73752
-0.00345483
0.0688195
0.0193375
-0.0121979
0.0309643
0.0651165
-0.0522785
0.245473
0.0409003
-0.126485
0.293241
-0.155535
0.505113
0.109487
1.91028
0.0524025
-0.014889
0.0740291
-0.0224034
-0.0489155
0.0228997
-0.00786045
-0.565272
-0.390901
-0.401519
-0.24516
-0.551408
-1.77697
-1.3915
-3.81163
-2.7456
-0.654888
-0.430961
-0.278892
-0.583489
1.20628
-0.425101
-0.281255
-0.541182
-0.417375
-0.422728
-0.274734
0.831264
-0.357085
0.906365
-0.409465
-0.465387
-2.21204
-1.65382
-1.35162
-2.28958
5.785
-3.17953
2.33255
-3.27764
0.43845
0.0979698
0.163117
0.163525
-0.247616
-1.03328
-2.03917
1.03025
0.354475
-1.54839
0.535112
-3.30047
0.120153
0.193631
-1.23633
2.38997
-0.457627
-0.410965
2.65647
-2.35796
-0.069808
0.769153
-0.0877682
-0.0309696
-1.03394
-0.762518
-0.38961
-0.370925
-0.254244
-0.618392
-0.11008
-0.581434
-0.416693
-0.503086
-0.168445
-1.08886
-1.01018
-0.487359
-0.289161
-0.646543
-0.0613826
-0.0729124
-0.185221
-0.0448297
-1.26701
2.13768
-0.318172
0.792862
-1.14621
2.65838
-2.93759
-0.483586
-0.469895
0.860448
0.277691
-0.813304
2.75256
-1.21251
-2.80087
0.843596
-1.5694
-0.495843
-0.161648
-0.55887
-0.89542
-1.20741
-2.72008
-2.61882
0.139492
-0.38451
0.607301
-0.656971
-2.70153
0.55216
1.65889
0.124602
-0.286532
-0.40725
-0.657953
1.02982
-0.426179
-0.492358
-0.290261
-0.532036
-0.0951498
-1.23122
0.836918
-0.211246
0.0568929
-0.138102
-0.0348847
0.316731
-0.397181
-0.492654
-0.224409
1.128
-0.140482
0.716683
-0.203657
-0.0204234
-2.50212
2.96726
-1.01991
0.441511
0.726405
0.501267
2.36438
2.02231
2.97772
-3.49574
-3.83773
5.98949
1.27049
-0.221158
0.254547
-0.321728
-3.38596
-4.88807
-3.66958
-4.49317
-0.259668
0.0714344
-0.300107
-0.164497
-0.391991
0.545256
-0.448736
-0.0394856
-0.0769415
-0.0386465
-0.129607
-0.0770526
-0.640906
0.433988
-0.580262
0.38003
0.0156704
-0.484311
0.792428
-0.898082
-0.896713
-1.05122
-1.79922
1.1628
0.885476
-2.42797
1.64159
-3.52465
-2.38004
-0.476501
1.72309
-3.61675
-1.31957
0.654545
-2.17372
-0.0855659
0.31795
2.61674
3.05853
-0.712894
-0.659091
0.390338
-1.34382
-0.00884207
-0.446674
-0.445101
-0.368234
-0.558097
