[41.825559734620356,
 -12.469004060972964,
 3.966797237268139,
 -2.37615634256602,
 3.405978743372323,
 -1.4427873640019007,
 -2.0078615958132238,
 -2.0157926723941273,
 13.269849904399223,
 -31.47801988791241,
 -0.6979098218433535,
 -4.186091057688543,
 7.03733704761828,
 17.30212327906969,
 -31.02855072280755,
 16.116176728734615,
 41.86933244350951,
 5.96496669883053,
 -0.6112810791613015,
 -2.5560936699563968,
 -1.6985141110510256,
 0.5837695865255768,
 -2.389757383188339,
 -1.8441083007104737,
 5.16562654608822,
 1.2117879082199146,
 9.256333755600366,
 0.5882415774018384,
 -2.047396832898812,
 0.23993915811783495,
 -1.7360296420385453,
 -31.025669612945762,
 -0.7370673172212321,
 0.5100335317115849,
 -0.4806904816066435,
 16.688503299966158,
 -0.5545220807731965,
 0.5445261436441982,
 -31.875206704858385,
 0.9379815416477868,
 0.6260212790723187,
 -2.072580518608504,
 0.8436143560576674,
 41.99700753490748,
 16.48463840831181,
 -2.5381217808288454,
 1.7919735590157728,
 43.13295381864583,
 -31.35423984096269,
 1.3399538053957798,
 -1.3301822444812066,
 -1.5447951933051627,
 -3.0687253990642773,
 1.5604090408046574,
 -2.8520119869932614,
 -5.700430845861749,
 0.3594366493779262,
 -1.2838659785859843,
 0.1393669937911568,
 -1.2282411872366197,
 -1.442959886234675,
 0.8633370078235316,
 -1.059678663335177,
 -1.9669916372504304]
