[125, 49, 49, 4]
0.0
0.0
0.0
0.0
0.0
0.0
0.0
0.0
0.0
0.0
0.0
0.0
0.0
0.0
0.0
0.0
0.0
0.0
0.0
0.0
0.0
0.0
0.0
0.0
0.0
0.0
0.0
0.0
0.0
0.0
0.0
0.0
0.0
0.0
0.0
0.0
0.0
0.0
0.0
0.0
0.0
0.0
0.0
0.0
0.0
0.0
0.0
0.0
0.0
1.33512
0.0
0.0
0.0
0.083799
0.0
0.0
0.0
0.0
0.0
0.0
0.0
0.0
0.0
0.0
0.0
0.0
0.0
0.0
0.0
0.0
0.0
0.0
0.0
-0.472903
0.0
0.0
0.0
0.0
0.0
0.0
0.0
0.0
0.0
0.0
0.0
0.0
0.0
0.0
0.0
0.0
0.0
0.0
0.0
0.0
0.0
0.0
0.0
0.0
0.0
0.0
0.0
0.347713
0.0
-0.304273
1.51243
0.0
0.0
0.0
0.0
0.0
0.0
0.0
0.0
0.0
0.0
0.0
-0.785649
0.0
0.0
0.0
0.0
0.0
0.0
0.0
-1.48946
0.0
0.0
0.0
0.0
0.0
0.0
1.22946
0.0
0.0
0.0
0.0
0.0
-0.681831
0.0
0.0
0.0
0.400237
0.0
0.0
0.0
0.0
0.0663894
-1.32988
0.0
0.0
0.0
0.0
0.0
-0.675259
0.0
1.09596
0.0
0.0
0.0
0.0
0.0
0.0
0.0
0.0
0.0
0.0
0.0
0.0
-0.853203
0.0
0.0
0.0
0.0
0.0
0.0
0.0
0.0
0.0
0.0
0.0
0.0
0.0
0.0
-0.151699
0.0
0.0
0.0
0.0
0.0
-0.462934
0.0
1.2731
0.0
0.0
0.0
0.0
0.0
0.0
0.0
0.0
0.0
0.0
0.923423
0.0
0.0
0.0
0.0
0.0
0.0
0.0
0.0
0.0
0.621531
0.0
0.100933
0.0
0.0
0.0
0.0
0.0
0.0
0.0
0.0
0.0
0.0
0.0
0.0
-0.323978
0.0
1.91039
0.0
0.0
0.706116
0.0
0.0
0.0
0.0
0.0
-0.261647
0.0
0.0
0.0
0.0
0.0
0.0
0.00105167
-0.238618
-0.00677967
-0.0524236
-0.276416
-0.0936116
-0.0761139
0.201067
0.325003
-0.182424
0.651482
0.0658722
-0.382576
-0.349062
0.228866
-0.118523
0.0418659
-0.333077
0.222358
0.167513
-0.178318
0.48726
0.264144
0.0461807
0.0823752
0.225639
0.471687
0.0637244
0.0410219
-0.0204616
-0.234795
-0.016201
0.221501
-0.72612
0.387644
-0.111945
0.100313
-0.566524
0.0191173
-0.32146
0.107973
-0.0651603
-1.59306
2.17033
-0.363387
0.042831
0.0765945
0.207956
0.234426
0.0
0.0
0.0
0.0
0.0
0.0
0.0
0.0
0.0
0.0
0.0
0.0
0.0
0.0
0.0
0.0
0.0
0.0
0.0
0.0
0.0
0.0
0.0769408
0.0
0.0
0.0
0.0
0.0
0.0
0.0
0.0
-0.147302
0.0
0.0
0.0
-1.28994
0.0
0.0
0.0
1.48457
0.0
0.0
0.0
0.0
0.0
0.0
0.0
0.0
0.0
0.0
-0.841829
0.0
0.0
0.0
0.0
0.0
0.0960785
0.0
0.0
0.0
0.0
0.0
1.33785
0.0
0.0
0.0
0.178158
0.0
0.0
0.0
0.0
0.0
0.0
0.0
0.0
0.996038
0.0
0.0
0.0
0.0
0.0
0.0
0.0
0.0
0.0
-0.238954
0.0
0.0
0.0
0.0
0.0
0.0
0.0
0.0
0.0
0.0
0.0
0.0
-0.416475
-1.82712
0.0
0.0
0.0
0.0
0.0
0.0
0.0
0.0
0.0
0.0
0.0
0.0
0.0
0.0
0.0
0.0
0.0
0.0
0.0
0.0
0.0
0.0
0.0
0.567164
0.0
0.0
0.0
-1.12672
0.0
0.0
0.0
0.0
0.0
0.0
0.0
0.0
0.0
0.0
0.0
0.0
0.0
0.0
0.0
0.0
0.0
-0.424633
-1.91703
0.0
0.0
0.0
0.0
0.0
0.0
0.0
0.513223
0.0
0.0
0.0
0.0
0.0
0.0
0.0
0.0
0.0
1.36018
0.0
-0.511352
0.0
0.0
0.0
0.0
0.0
0.0
0.0
0.0
0.0
0.0
0.0
-0.960576
0.0
0.0
0.0
0.0
0.0
0.0
0.0
0.0
0.0
0.0
0.0
0.0
0.0
0.0
0.0
-0.100363
0.0
0.0
0.0
0.0
0.0
0.0
0.0
0.0
0.0
0.0
0.0
0.0
0.0
0.0
0.0
0.0
0.0
0.0
0.0
0.0
0.0
0.0
0.0
0.0
0.0
0.0
0.0
0.0
0.0
0.0
0.0
-1.72897
0.0
0.0
0.0
0.0
0.0
0.0
0.0
0.0
0.0
0.0
0.0
0.0
0.0
0.0
0.0
0.0
0.0
0.0
0.0
0.0
0.0
0.0
0.0
0.0
0.0
0.0
0.0
0.0
0.0
0.0
0.0
0.0
0.0
0.0
0.0
0.0
0.0
0.0
0.0
0.0
0.0
0.0
-0.296206
0.0
0.0
0.0
0.0
0.0
0.0
0.0
0.0
0.0
0.0
0.0
0.0
0.0
0.0
0.0
0.0
-1.35723
0.0
0.0
0.0
0.0
0.0
0.0
0.0
0.0
0.0
0.0
0.0
0.0
0.0
0.0
0.0
-1.20973
-0.309342
0.0
0.0
0.0
0.0
0.0
0.0
-0.585766
0.0
0.0
0.0
0.0
0.0
1.78001
0.0
0.0
0.0
0.0
0.0
0.0
0.16789
0.0
-2.91807
0.0
0.0
0.0
0.0
0.0
0.0
0.0
0.0
0.0
0.0
0.0
0.0
0.0
0.0
0.0
0.0
0.0
1.0277
-0.618534
0.0
0.0
0.0
0.0
1.2743
0.0
0.0
0.458207
0.0
0.0
0.0
0.0
0.0
0.0
0.0
0.0
0.732683
0.0
0.0
0.0
0.0
0.0
0.0
0.0
0.0
0.0
0.0
0.0
0.0
0.0
0.0
0.0
0.0
0.0
-0.882801
0.0
0.0
0.0
0.0
1.98749
0.0
0.0
0.0
0.0
0.0
0.0
0.0
0.0
0.0
0.0
0.0
0.0
0.0
0.0
0.0
-0.454058
0.0
0.0
0.0
0.0
0.0
2.54928
1.22775
0.0
0.0
0.0
0.0
0.0
1.63071
0.0
0.0
0.0
-0.64874
1.66753
0.0
0.0
0.0
0.0
0.0
0.0
0.0
0.0
0.0
0.0
0.0
0.0
0.0
0.0
0.0
0.0
0.0
0.0
0.0
0.0
0.0
0.0
0.0
0.0
0.0
0.0
0.0
0.0
0.0
0.0
0.0
0.0
0.0
0.0
0.0
0.0
0.0
0.0
0.0
0.0
0.0
0.0
0.0
0.0
0.0
0.0
0.0
0.0
0.0
0.0
0.0
0.0
0.0
0.0
0.0
0.0
0.0
0.0
0.276022
0.0
0.0
0.0
-0.704298
0.0
0.0
0.0
-1.42269
0.0
0.0
0.0
0.0
0.0
0.29307
0.0
0.0
0.0
0.0
0.406322
0.0
0.0
2.15086
-0.148595
0.0
0.0
0.0265782
0.0
0.0
0.0
0.0
0.0
0.124101
0.0
0.0
-1.57183
0.372502
0.0
0.0
0.0
0.0
0.0
0.0
0.0
0.0
0.0
0.0
0.0
0.0
0.374639
0.0
0.0
0.0
0.0
0.0
0.0
0.0
-0.470837
0.0789942
0.0
0.0
0.0
0.0
0.0
0.0
0.0
0.0
0.0
0.0
0.0
0.0
0.0
0.0
0.0
0.0
0.0
0.0
0.0
0.0
0.0
0.0
1.22234
0.0
0.0
0.0
0.0
0.0
0.0
0.0
0.909944
0.0
0.0
0.0
0.0
0.0
0.0
0.0
0.0
0.0
0.0
0.0
0.0
0.0
0.0
0.0
0.0
0.0
0.0
0.0
0.0
0.0
0.0
0.0
0.0
0.0
0.0
0.0
0.0
-0.808726
0.0
0.0
0.0
0.0
0.0
0.0
0.0
0.0
0.0
0.0
0.0
0.0
0.640167
1.53644
-0.142712
0.0
0.0
0.0
0.0
0.0
0.0
0.0
0.0
0.0
-0.803371
0.502153
-0.894785
0.0
0.0
0.0
0.0
0.0
0.0
0.0
0.0
0.0
0.0
0.0
0.0
0.0
0.0
0.0
0.0
0.0
0.0
0.0
-1.42104
-1.20057
-0.804043
-2.04188
0.0
0.0
0.0
0.0
0.921341
0.0
0.0
0.0
0.0
0.0
0.0
0.0
0.0
-0.822662
0.0
-0.021144
0.0
0.0
0.0
0.0
0.0
0.0
0.0
0.0
0.0
0.0
0.0
-0.292431
0.0
0.386132
0.0
0.0
0.0
0.0
0.0
0.0
-1.24446
0.0
0.0
0.0
0.0
0.0
0.0
0.0
0.0
0.0
0.0
0.0
0.0
0.0
0.0
0.0
0.0
-0.664158
0.0
0.0
0.0
0.0
0.0
0.0
-0.513675
0.0
2.44911
0.0
0.0
0.0
0.371113
0.0
0.0
0.0
0.0
0.0
0.0
0.0
0.0
0.0
0.0
0.0
0.0
0.0
-0.0696237
0.0
0.0
0.0
0.0
0.0
0.0
0.0
0.0
0.0
0.0
0.0
0.0
0.0
0.0
0.0
0.0
0.0
0.0
0.0
0.0
1.83494
0.0
0.0
0.0
0.0
0.0
0.0
0.0
0.0
0.0
0.0
0.0
-0.538542
0.0
0.0
0.0
0.0
0.0
0.0
0.0
0.0
0.0
0.0850607
0.0
0.0
0.0
-0.574152
0.0
0.0
0.0
0.0
-0.463646
0.0
0.0
0.00171831
0.0
0.0
0.0
0.0
0.0
0.0
0.0
0.0
0.0
0.0
0.0
0.0
0.0
-0.570896
-0.784344
0.0
0.0
0.0
0.0
0.0
0.0
1.28835
0.0
0.0
0.0
0.0
0.0
0.0
0.0
0.0
0.0
0.0
-0.0543367
0.0
0.0
0.0
-0.0714342
0.0
0.0
0.0
0.0
0.0
0.425038
0.0
0.0
0.0
0.0
0.0
0.0
0.0
0.0
0.0
0.0
0.0
0.0
0.0
0.0
0.0
0.0
0.0
0.0
0.0
-2.01738
0.0
0.0
0.0
0.0
0.0
0.0
0.0
0.0
0.0
0.0
0.0
0.0
0.0
0.0
0.0
0.0
0.0
0.0
0.0
0.0
0.0
0.0
0.0
0.0
0.0
0.0
0.0
0.0
0.0
0.0
0.0
0.0
0.0
0.0
0.0
0.0
0.0
0.0
0.0
0.0
0.0
0.0
0.0
0.0
0.0
0.0
0.0
0.0
0.0
0.0
0.0
0.0
0.0
0.0
0.0
0.0
0.0
-1.28973
0.0
0.340282
0.0
0.0
0.0
0.0
0.0
0.0
0.0
0.0
0.0
0.0
0.0
0.0
0.0
0.0
-2.13688
0.0
0.0
0.0
0.0
0.0
0.0
-1.01141
0.0
0.0
0.0
0.0
0.0
0.0
0.0
0.0
0.0
0.0
0.0
0.0
0.0
0.0
-0.355358
0.0
0.0
0.0
0.0
0.0
0.0
0.0
0.0
0.0
0.0
-0.0132697
0.0
0.0
0.0
0.0
0.0
0.0
-0.320726
0.0
0.0
0.0
0.0
0.947066
0.0
0.0
0.0
0.0
0.0
0.0
0.0
0.0
0.0
0.0
0.0
0.0
0.0
0.0
0.0
-1.00999
0.0
0.0642231
0.0
0.0
1.82322
0.0
0.0
0.0
0.0
0.0
0.0
0.0
0.0
1.39954
0.0
0.0
0.0
0.0
0.0
0.0
0.0
0.0
2.03415
0.0
0.0
0.0
0.0
0.0
0.0
0.0
0.0
0.0
0.0
0.0
0.0
0.0
0.0
0.0
0.0
0.0
0.0
0.0
0.0
0.0
0.0
0.248858
0.0
0.0
0.0
0.0
0.0
1.47653
0.0
0.0
0.0
0.0
0.0
0.0
0.0
0.0
-0.406732
0.0
0.0
0.0
0.401751
0.0
0.0
0.0
0.0
0.0
0.0
0.0
0.0
0.0
0.0
0.0
0.0
0.0
0.0
0.0
0.425011
0.0
0.0
0.0
0.0
0.0
0.0
0.0
0.0
0.0
0.0
0.496744
0.0
0.0
-0.330563
0.0
0.0
0.0
0.0
0.0
-0.281456
0.0
0.0
0.0
-0.212842
0.0
0.0
0.0
0.0
0.0
0.0
0.0
-0.364274
0.0
0.0
0.0
0.0
0.0
0.0
0.0
0.0
0.0
0.0
0.0
0.0
0.0
0.0
0.0
0.0
0.0
0.0
0.0
-1.06295
0.0
0.0
0.0
0.0
0.431084
0.0
0.0
0.0
0.0
-0.300214
1.01497
0.0
0.0
0.0
0.0
0.0
1.26827
0.0
0.0
0.0
0.257547
0.0
0.0
0.0
0.0
0.094954
0.0
0.0
0.0
0.0
-0.430848
0.0
0.0
0.0
0.0
0.0
0.0
0.0
0.0
0.0
0.0
0.0
0.0
0.0
0.0
0.0
0.0
0.0
0.0
0.0
0.0
0.0
0.0
0.0
0.0
0.0
0.0
0.0
0.0
0.0
0.0
0.0
0.29236
0.0
0.0
0.0
0.0
0.0
0.0
0.0
0.747725
-0.683609
0.0
0.0
0.0
0.0
0.0
0.920694
0.0
0.0
0.0
0.0
0.0
0.0
0.0
0.0
0.0
0.0
0.0
0.0
0.0
0.0
0.0
0.0
0.0
0.0
0.0
0.0
0.0
0.0
0.0
0.0
0.0
0.0
0.0
-1.3432
0.726368
0.0
0.0
0.0
0.0
0.0
0.0
0.0
0.0
0.0
0.0
1.22358
0.71905
0.0
0.0
0.0
0.0
0.0
0.0
-0.384649
0.0
0.0
0.0
0.0
0.0
0.0
0.0
0.0
0.0
0.0
0.0
0.0
0.0
0.0
0.0
0.0
0.0
0.279671
0.0
0.000135175
0.0
0.0
0.0
0.0
0.0
0.0
0.0
0.0
0.0
0.0
0.0
0.0
0.0
0.0
0.0
0.0
0.0
0.0
0.0
0.0
0.0
0.0
0.0
0.0
0.0
0.0
0.0
0.0
0.0
0.0
0.0
0.0
0.0
0.0
0.0
0.0
0.0
0.0
0.0
0.0
0.0
0.0
0.0
2.32984
0.177902
0.0
0.0
0.131061
0.0
0.0
0.0
0.0
0.0
0.0
0.0
0.0
-1.7288
0.0
0.0
0.0
0.0
0.0
0.0
0.0
0.285803
0.0
0.0
0.0
0.0
0.0
-1.31586
0.0
0.0
0.371408
0.0
0.0
-0.879514
0.0
0.0
0.0
0.0
0.0
0.0
0.0
0.0
0.0
0.0
0.0
0.0
0.0
0.0
0.0
0.0
0.0
0.0
0.0
0.0
0.0
0.0
0.0
0.0
0.0
0.0
1.22603
0.0
0.0
0.0
-0.0958153
0.0
0.0
0.0
0.0
0.0
0.0
-0.340688
0.0
0.0
0.0
0.0
0.0
0.0
0.0
0.0
0.463257
0.0
0.0
0.0
0.0
0.0
0.0
0.0
0.0
-0.666235
0.0
0.0
0.0
0.0
0.0
0.0
0.0
0.0
0.0
0.0
0.0
0.764649
-1.77721
0.0
0.0
0.0
0.0
0.0
-1.44946
0.0
0.0
0.0
0.0
0.0
0.0
0.0
0.0
0.0
0.0
0.0
0.0
0.0
0.0
0.0
0.0
0.0
0.0
-0.44288
0.0
-1.13248
0.0
0.0
0.0
0.0
0.0
0.0
0.0
0.0
0.0
0.0
0.0
0.0
0.0
0.0
0.0
0.0
0.0
0.0
0.0
0.0
0.0
0.0
0.0
0.271293
0.0
0.0
0.0
0.0
0.0
0.0
0.0
0.0
1.32283
0.0
0.0
0.0
0.0
0.0
0.0
-0.0789471
-0.239018
0.0
0.0
0.0
0.0
-0.17808
0.0
0.0
0.0
0.0
0.0
0.0
0.0
0.0
0.0
0.0
0.0
-0.917716
0.0
0.0
0.0
0.0
-0.983411
0.0
0.0
0.414449
0.0
0.0
0.0
0.0
0.0
0.0
0.0
0.0
0.0
0.0
0.0
0.0
0.0
0.0
0.0
0.0
0.0
0.0
0.0
0.0
0.0
0.0
0.0
0.0
1.94387
0.0
0.0
0.0
0.0
0.0
0.0
0.312536
0.0
0.0
0.0
0.0
0.0
0.0
0.0
0.0
-0.351747
0.0
0.0
0.0
0.0
0.0
0.0
0.0
0.0
0.0
0.0
0.0
0.0
0.0
0.0
0.0
0.0
0.0
0.0
0.0
0.0
0.0
0.0
0.0
0.0
0.0
-1.0992
0.0
0.019393
0.0
0.0
0.0
0.0
0.0
0.0
0.0
0.0
0.0
0.0
0.0
0.0
0.0
0.0
0.0
0.0
0.0
0.0
0.0
0.436528
0.0
0.0
0.0
0.0
0.0
0.0
0.0
0.0
0.0
0.895284
-0.646913
0.0
1.24602
0.0
0.0
0.0
0.0
0.0
0.0
0.0
0.0
-0.0393467
0.0
0.0
0.432809
0.0
1.15433
0.0
0.0
0.0
0.0
0.0
0.0
0.0
0.0
0.0
0.0
0.0
0.0
0.0
0.0
0.0
-1.31357
0.0
0.0
0.0
0.0
0.0
0.0
0.139101
0.0
0.0
0.0
0.0
0.0
0.0
0.0
0.0
0.0
0.0
0.0
0.0
0.0
0.0
0.0
0.0
0.528927
0.0
0.0
0.0
-1.12812
0.0
0.0
0.0
0.0
0.0
0.0
-3.00669
0.0
0.0
0.0
0.0
0.0
0.0
0.0
0.0
0.0
1.47692
0.0
0.0
0.0
0.0
0.0
0.417803
0.987289
0.0
0.0
-0.397518
0.0
0.0
0.0
0.0
0.0
0.0
0.0
0.0
0.0
0.0
0.0
0.0
0.0
0.0
0.0
0.0
-0.0844535
-0.594839
0.0
0.921247
0.0
0.0
0.0
0.0
0.0
0.513789
0.0
0.246601
0.0
0.0
0.0
0.0
0.0
0.0
0.0
0.0
0.0
0.0
0.0
0.0
0.510912
0.0
0.0
0.0
0.0
0.0
-0.569339
0.0
0.0
0.0
0.0
0.0
0.0
0.0
0.0
-1.18269
0.0
0.0
0.0
0.0
0.0
0.0
0.0
0.0
0.0
0.0
0.0
0.0
0.379755
0.286404
0.0
0.0
0.0
0.0
0.0
0.0
0.0
0.0
0.0
0.0
0.0
0.0
0.0
0.0
0.0
0.0
-1.30469
1.68029
0.0
0.0
0.0
0.0
0.0
0.0
0.0
0.0
0.0
0.0
0.0
0.0
0.0
0.0
0.0
0.740367
0.0
0.0
0.0
0.0
0.0
0.0
0.0
0.0
0.0
0.0
0.0
0.0
0.0
0.0
0.0
0.0
0.944379
0.0
2.08892
0.0
0.0
0.0
0.0
0.0
0.0
0.0
1.40464
-0.663364
0.0
0.0
0.0
0.0
0.0
0.0
0.0
0.0
0.0
0.0
0.0
0.0
0.0
0.0
0.0
0.0
0.0
0.0
0.0
0.0
0.0
0.0
0.0
0.0
0.0
0.0
0.0
0.0
0.0
0.0
0.0
0.0
0.0
0.0
0.0
0.0
0.0
0.0
0.0
0.0
0.0
0.0
0.0
0.0
0.0
0.0
0.0
0.598932
0.0
0.0
0.0
0.0
0.0
0.0
0.0
0.0
0.0
0.0
0.0
0.0
0.0
0.0
0.0
0.246833
0.0
0.411535
1.27487
0.0
0.0
0.0
0.0
0.0
0.0
0.0
0.0
0.0
-0.631619
0.0
0.0
0.0
0.0
0.0
0.0
0.0
0.0
0.0
0.0
0.0
0.0
0.0
0.0
0.0
0.37287
0.0
0.0
-1.11414
0.0
0.0
0.0
-0.452406
0.0
0.0
0.0
0.0
0.0
0.0
0.2394
0.0
0.0
0.0
0.0
0.0
0.0
0.0
0.0
0.0
0.0
0.0
0.0
0.0
0.0
0.0
0.0
0.0
0.0
-0.152497
0.0
0.0
0.0
0.0
0.0
0.0
0.0
0.0
0.0
0.0
0.0
0.145123
0.0
0.0
0.0
0.0
0.0
0.0
0.0
0.0
0.0
0.0
0.0
0.0
0.0
0.0
0.0
0.0
0.0
0.0
0.0
0.0
0.0
0.0
0.0151311
0.0
0.0
0.0
0.0
0.0
-1.01121
0.0
0.0
0.0
0.0
0.0
0.0
0.0
0.0
0.0
0.0
-0.368615
0.0
0.0
0.0
0.0
0.0
0.0
0.0
0.0
0.0
0.0570913
0.0
0.0
-0.0517701
0.0
0.0
0.0
0.0
0.0
0.0
0.0
0.0
-0.990812
0.0
0.0
0.0
0.0
0.0
0.0651108
0.0
0.0
0.0
-0.132942
0.0
0.0
-0.386414
0.0
0.0
0.0
0.0890253
0.0
0.0
0.0
0.0
0.430881
0.0
0.0
0.0
0.0
0.0
0.0
0.0
0.0
0.0
0.0
0.0
0.0
0.0
0.0
0.0
0.0
0.0
0.0
0.0
0.0
0.0
0.0
0.0
0.0
0.0
0.0
0.0
0.0
0.0
0.0
0.0
0.0
0.0
0.0
0.0
0.0
0.0
-1.05683
-0.141129
0.0
0.0
0.0
0.0
0.240575
0.0
-0.340344
0.0
0.0
0.0
0.0
0.0
0.0
1.42204
0.0
0.0
0.0
-0.898326
0.0
0.0
0.0
-0.133256
0.0
0.0
0.0
0.0
0.0
0.0
0.0
-0.616093
0.0
0.0
0.0
0.0
0.0
0.91757
0.0
0.0
0.0
0.0
0.0
0.0
0.0
0.0
0.0
0.0
0.0
0.0
0.0
0.0
0.0
0.0
0.0
0.800296
0.0
0.0
0.0
0.0
0.0
0.0
0.0
0.0
0.0
0.0
0.0
0.0
0.0
0.0
0.0
0.771526
0.0
0.0
0.0
0.0
0.0
1.37826
0.0
0.0
0.0
0.0
0.0
0.686098
0.0
0.0
0.0
0.0
-0.4057
0.0
0.0
0.0
0.529021
0.0
0.190052
0.0
0.0
0.0
0.0
0.0
0.0
0.0
0.0
-0.694753
-0.26601
0.0
0.0
0.0
0.0
0.0
0.0
0.0
-1.35347
0.0
0.0
0.0
0.0
0.0
0.0
-2.47015
0.0
0.0
0.50837
0.0
0.0
0.0
0.0
0.0
0.0
-0.972043
0.0
0.0
0.0
0.0
0.0
0.0
0.0
0.873263
1.10332
0.0
0.0
0.0
0.0
0.0
0.0
0.0
-0.163972
0.0
0.0
0.0
0.0
0.0
0.0
0.0
0.0
-0.788887
0.0
0.0
0.0
0.0
0.0
0.0
0.0
-0.703437
0.0
0.0
0.0
0.0
0.0
0.0
0.0
0.0
0.0
0.0
0.0
0.0
0.0
0.0
0.0
0.0
0.0
0.0
-2.49168
0.0
0.0
0.0
0.0
0.0
0.0
0.0
0.0
0.0
0.0
0.0
0.147421
0.0
0.443177
0.0
0.0
0.0
0.0
1.51014
0.0
0.0
-1.47775
0.0
0.0
0.0
0.0
0.0
0.0
0.0
0.0
0.0
0.0
0.64873
0.0
0.0
0.0
0.0
0.0
0.0
0.0
0.0
0.0
0.0
0.0
0.0
0.0
-1.10483
0.0
0.0
0.0
0.0
0.0
0.0
0.0
0.0
0.0
0.0
0.0
0.0
0.0
0.0
0.0
0.0
0.0
0.0
0.0
0.0
0.724403
0.0
0.0
0.0
0.0
0.0
-0.926904
0.0
0.0
0.0
0.0
0.0
0.0
0.0
0.0
0.0
0.0
0.0
0.0
0.0
0.0
0.0
0.0
0.0
0.0
0.0
0.0
0.0
0.0
0.0
0.0
0.0
0.0
0.0
-1.3522
0.0
0.0
0.0
0.0
0.0
0.0
0.0
0.0
0.0
0.0
0.0
0.0
0.0
0.31534
0.0
0.0
0.0
0.0
0.0
0.0
0.0
0.0
0.0
0.0
0.0
0.0
0.0
0.0
0.0
0.0
0.0
1.40283
0.0
0.0
0.0
0.0
0.467493
0.926136
0.0
0.0117119
0.187346
0.109925
0.0704447
1.71187
-0.0170492
-1.95486
0.276766
-0.117109
-0.0668797
0.291638
-0.0120604
0.362414
0.388916
-0.132472
0.0635723
0.238959
-0.189319
-0.0312422
0.124972
0.230334
-0.0880446
0.361391
-0.0237944
-1.44467
-0.433172
0.372561
-0.0147862
0.0590893
0.0478187
0.0338126
-0.135262
-0.0573466
-0.657588
-0.0501054
0.635918
0.0273919
0.373683
-0.0324375
0.0824098
-0.0250802
0.0539792
-0.044286
-0.168332
0.0150812
-0.259693
0.0586341
-0.178706
0.0706299
0.0
0.0
0.0
-1.4548
0.0
0.0
0.0
0.0
0.0
0.0
0.0
0.0
0.0
0.0
0.0
0.0
0.0
0.0
0.0
0.0
0.267852
0.0
0.0
0.0
0.0
0.0
0.0
0.0
0.0573995
0.0
0.0
-2.20698
0.0
0.0
0.0
-0.733972
0.0
0.769703
0.0
0.0
0.0
0.0
0.0
0.0
0.0
0.0
0.0
0.0
0.0
0.0
0.0
0.0
0.0
0.0
0.0
0.0
0.0
0.0
0.0
0.0865647
-0.245335
0.0
0.0
0.0
0.0
1.0958
-0.123142
0.0
0.0
0.0
0.0
0.0
1.38439
0.0
0.0
0.0
0.0
0.0
0.0
0.0
0.0
-0.0634608
0.0
0.0
0.0
0.0
0.0
0.0
0.0
0.0
0.0
0.0
0.0
0.0
0.0
0.0
0.0
0.0
0.0
0.0
0.0
0.0
0.0
0.0
0.0
0.0
0.0
-2.00424
0.0
0.479873
0.0
0.0
0.0
0.0
0.0
-0.156531
0.0
0.0
0.0
0.0
0.0
0.0
0.0
0.0
0.0
0.241272
0.0
0.0
0.0
0.0
0.0
0.0
0.0
0.0
0.0
0.0
0.576818
0.0
0.0
0.0
0.0841785
0.0
0.0
0.0
0.0
0.0
0.0
0.235841
0.0
0.0
0.0
0.0
0.0
0.0
0.0
0.0
0.0
0.173363
0.0
-1.21878
0.0
0.0
0.0
-0.300687
0.0
0.0
0.270581
0.0
0.0
0.0
0.0
0.0
0.0
0.0
0.601203
0.0
0.0
0.0
0.0
0.0
0.0
0.0
0.0
0.0
0.0
0.0
0.0
0.574814
0.0
0.0
0.0
0.0
0.0
0.0
0.0
0.0
0.0
0.0
-2.18372
0.0
0.361539
0.0
0.0
0.0
0.0
0.0
0.0
0.0
0.0
-2.85084
0.0
0.0
0.0
0.0
0.0
0.0
0.0
0.0
0.0
0.0
0.0
0.0
0.0
0.0
0.0
0.0
0.0
0.0
0.0
0.0
0.0
0.0
-0.594921
0.0
0.0
0.0
0.0
0.0
0.0
0.0
0.0
0.0
0.0
0.0
0.0
0.0
0.0
0.0
0.0
0.0
0.0
0.0
0.0
0.0
0.0
0.0
0.0
0.0
0.0
0.0
0.0
0.0
0.0
0.0
0.0
0.0
0.0
0.0
0.0
0.0
0.0
0.0
0.0
0.0
0.0
0.0
0.0153066
0.0
0.0
0.0
0.0
0.0
0.963235
0.0
0.0
0.0
0.0
0.0
0.0
0.0
0.0
0.0
0.0
-1.98664
0.0
0.0
0.0
0.0
0.0
0.0
-0.439062
0.0
0.0
0.0
0.0
0.0
0.0
0.0
0.885931
0.0
0.0
0.0
0.0
0.0
0.0
0.0
0.0
0.0
0.0
0.0
0.0
0.0
-0.469514
0.0
0.0
-0.0026128
0.0
0.0
-0.0548396
0.0
0.0
0.0
0.0
0.0
0.0
0.0
0.0
0.0
0.0
0.0
0.0
0.0
0.0
1.86177
-0.979034
0.0
0.0
0.0
0.0
0.0
0.0
0.0
0.0
0.0
0.0
0.0
0.0
0.0
0.0
0.0
0.0
0.0
0.0
0.0
0.0
1.96126
0.0
0.0
0.0
-0.535244
0.0
0.0
0.0
0.0
0.0
0.0
0.0
0.595225
0.0
0.933345
0.0
0.0
0.0
0.0
0.0
-1.23669
0.0
0.0
0.0
0.0
0.0
0.0
0.0
0.38326
0.0
0.0
-0.880023
0.0
0.0
0.0
0.0
0.184407
0.0
0.0
0.0
0.0
0.0
0.0
0.0
0.128305
0.0
0.0
0.0
0.0
0.0
0.0
0.0
0.0
0.0
0.0
0.0
0.0
0.0
0.0
0.0
0.0
0.0
0.0444849
0.0
0.0
0.0
0.0
0.0
0.0
0.0
0.0
0.0
0.0
0.0
0.0
0.0
0.00495803
-0.125481
0.0128966
-0.0614897
0.695428
0.0149534
0.205723
0.382542
-0.132294
0.057255
-0.149864
0.138445
0.146634
-0.127618
-0.0817181
-0.0497155
0.837342
-0.0911331
0.0391089
-0.139382
-2.11704
-0.0992615
0.132093
-0.128726
0.136889
0.241041
0.39872
0.218317
-0.00688797
0.0342742
-0.160382
-0.119225
0.0994144
-0.332474
0.0235729
0.924392
0.0732684
-0.360242
-0.0126456
0.0492874
-0.0243618
-0.254247
-0.090516
-0.0567634
-0.457145
-0.370729
0.208118
-0.468744
0.721162
0.0
0.0
0.687976
0.290441
0.0
0.0
0.0
0.0
0.0
0.0
0.0
0.0
-0.382915
0.0
1.21641
0.0
0.0
0.0
-0.302306
0.0
0.0
0.0
0.0
0.0
0.0
0.0
0.0
2.07106
0.336738
0.0
0.0
0.0
0.0
0.0
0.0
0.0
0.0
0.0
0.32359
0.0
0.0
0.0
0.0
0.0
0.0
0.0
0.0178125
0.0
-2.22551
0.0
-1.78288
0.0
0.0
0.0
0.0
0.0
0.0
0.0
0.0
0.0
0.0
0.0
0.0
0.0
0.0
0.0
0.0
0.0
0.0
0.0
0.0
0.0
0.0
0.0
0.0
0.830469
0.0
0.0
0.0
0.0
0.0
0.0
0.0
0.0
0.0
0.0
0.0
0.0
0.0
0.0
0.0
0.0
0.0
0.955315
0.0
0.0
0.0
0.0
0.0
0.0
-0.12081
1.05422
0.0
0.0
-0.852934
0.0
0.0
0.0
0.0
0.0
0.0
0.0
0.0
0.0
0.0
0.0
0.0
0.0
0.0
0.0
0.0
0.0
0.186022
0.0
0.0
0.0
0.0
0.0
0.0
0.289661
0.0
-0.438172
0.0
0.0
0.0
0.0903344
0.0
0.0
0.0
0.0
0.0
0.0
0.0
0.0
0.0
0.0
0.0
0.0
0.0
-1.51128
0.0
0.0
0.0
0.0
0.0
0.0
0.0
0.0
0.0
-0.0822459
1.89071
0.0
0.0
0.0
0.0
0.0
0.0
0.0
0.0
0.0
0.0
0.0
0.0
0.0
0.0
0.0
0.0
0.0
0.0
0.0
0.0
0.0
0.0
0.0
0.721026
0.0
0.0
0.0
0.0
0.0
0.741047
0.0
0.0
0.0
0.0
0.0
0.0
0.0
0.0
0.0
0.0
-0.742686
0.0
0.0
0.0
0.0
1.24656
0.0
0.0
0.0
0.0
0.0
0.0
0.0
-0.432545
0.0
0.0
0.0
0.0
0.0
0.0
0.0
0.0
0.0
0.0
0.0
0.0
0.0
0.0
0.0
0.0
0.0
0.0
0.0
0.0
0.0
0.0
1.92416
0.0
0.135064
0.0
0.0
0.0237059
0.0
0.0
0.0
0.0
0.0
0.0
0.0
0.0
0.0
0.0
0.0
0.0
0.0
0.0
0.0
0.0
0.0
0.0
0.0
0.0
0.0
0.0
0.0
0.0
0.0
0.555295
0.0
-1.45663
0.0
0.0
0.0
0.0
0.0
0.242231
0.0
0.0
0.0
0.0
0.0
0.0
0.0
0.0
0.0
0.0
0.0
0.0
-1.1878
-0.618212
0.0
0.0
0.0
0.0
-1.2533
-0.459493
0.0
0.0
0.0
0.0
0.0
0.978565
1.04309
0.0
0.0
1.28445
0.0
0.0
0.0
0.0
0.0
0.0
0.0
0.0
0.0
0.0
0.236065
0.466072
-0.718555
0.118142
0.0
0.0
0.101873
1.83842
0.0
0.0
0.0
-1.4366
0.0
0.0
0.0
0.0
2.48298
0.0
0.0
0.0
0.0
0.0
0.0
0.0
0.0
0.0
0.0
0.0
0.0
0.0
0.203421
0.0
0.0
0.0
0.0
0.0
0.0
0.0
0.0
0.0
0.0
0.0
0.0
0.0
0.0
0.0
0.0
0.0
0.0
0.360924
0.0
0.0
0.0
-1.00413
0.0
0.0
0.0
0.0
1.20226
0.0
0.0
0.0
0.0
0.0
0.0
0.0
0.0
0.0
0.0
0.0
0.0
0.0
0.0
-1.55553
0.0
0.0
0.0
0.0
0.0
0.0
0.841257
0.0
0.0
0.0
0.0
0.0
-1.11554
0.0
0.0
0.0
0.0
0.0
0.0
0.0
-1.34715
-0.379135
0.0
0.0
0.0
0.0
0.0
0.0
-0.797712
0.914174
0.0
0.0
0.0
0.0
0.0
0.0
0.0
0.0
0.0
0.0
0.0
0.0
0.0
0.0
0.75104
0.0
0.0
0.0
0.138679
0.0
0.0
0.0
0.0
0.0
0.0
0.0
0.0
0.0
0.0
0.0
0.0
0.510534
0.0
-0.420746
0.0
0.0
0.0
0.0
0.0
0.0
0.0
0.0
0.0
-0.294667
0.0
-0.133293
0.196069
0.0
0.0
0.0
0.0
0.0
1.64769
0.0
0.0
0.0
0.0
0.0
0.699195
0.0
0.0
0.0
0.0
0.0
0.0
0.0
0.0
-1.16487
1.65087
0.0
0.0
-0.0248497
0.0
-0.786263
0.0
0.0
0.0
0.0
0.0100478
0.0
0.0
0.0
0.0
-0.128199
0.0
0.0
0.0
0.454174
0.0
0.0
0.0
0.0
0.0
0.0
0.0
0.0
0.0
0.0
0.0
0.0
0.0
0.0
0.0
0.0
0.0
0.0
0.0
0.0
-1.18457
0.0
0.0
0.78697
0.0
0.0
0.0
0.0
1.75642
0.0
0.0
0.0
0.0
0.0
0.0
0.0
0.0
0.0
0.0
0.0
0.0
0.0
0.0471398
0.0
0.0
0.0
0.0
0.0
0.0
0.0
0.0
0.0
0.0
0.0
0.0
0.0
0.0
0.0
0.0
0.0
0.0
0.0
0.0
-1.85752
0.0
0.0
0.0
0.0
0.0
0.0
0.0
0.0
0.0
0.0
0.0
0.0
0.0
0.0
-0.881007
0.0
0.0
0.0
0.0
0.0
0.0
0.0
0.0
0.0
0.0
0.0
0.0
0.0
0.0
0.0
0.0
1.15952
0.0
0.0
0.0
0.0
0.34758
0.0
0.0
0.0
0.0
0.0
0.0
0.0
0.0
0.0
0.0
-0.65058
0.0
0.0
0.0
0.0
0.0
0.0
0.0
0.0
0.0
0.0
0.0
0.0
0.0
0.0
0.0
0.0
0.0
0.0
0.0
-0.345232
0.0
0.0
0.0
0.0
0.0
0.0
0.0
0.0
0.0
0.0
-1.4193
0.0
0.0
0.0
0.0
0.0
0.0
0.0
-1.38129
0.0
0.0
0.0
0.0
0.0
-0.440156
0.0
0.0
0.0
0.0
0.0
0.0
0.0
0.0
0.0
0.0
0.0
0.0
0.375239
0.0
0.0
0.0
0.0
0.0
0.0
0.0
0.0
0.0
-0.22346
0.0
0.0
0.0
0.0
0.0
0.0
0.0
-0.628721
0.0
1.37365
0.0
0.0
0.0
0.0
0.0
0.0
0.0
0.0
-1.09504
0.283189
0.0
0.0
0.0
-0.918256
0.0
0.0
0.0
0.0
-0.839049
1.06567
0.0
0.0
0.0
0.0
0.0
0.0
0.0
0.0
0.0
0.0
0.0
0.0
-0.548197
0.0
0.0
0.0
0.0
0.0
0.0
0.0
0.0
0.0
0.0
0.0
0.0
0.0
0.0
0.0
0.0
0.0
0.0
0.0
0.0
0.0
-1.6051
0.0
0.0
0.0
0.0
0.0
0.0
0.0
0.0
0.0
0.0
0.0
0.33977
0.0
0.0
0.0
-1.38104
0.0
0.0
0.0
0.0
0.0
0.0
0.0
0.0
0.0
0.0
0.0
0.0
0.0
0.0
0.0
1.90542
0.0
0.0
0.0
0.0
0.0
0.0
0.0
0.0
0.0
0.0
0.0
0.0
0.0
0.0
1.24354
0.0
0.0
0.0
0.0
0.0
0.0
0.0
0.0
0.0
0.0
0.0
0.0
0.0
0.0
0.0
0.0
0.0
0.0
0.0
0.0
0.0
0.0
0.0
0.0
0.0
0.0
0.0
0.0
0.0
-0.0640963
0.0
0.461395
1.5831
0.0
-0.336087
0.0
0.0
0.0
0.0
0.0
0.0
0.0
0.0
0.0
0.0
0.0
0.0
0.0
0.0
0.0
0.0
-0.697678
0.0
0.0
0.0
0.0
0.0
0.0
0.0
0.0
0.0
0.0
-1.06383
0.0
0.0
0.0
0.0
0.0
0.0
1.20604
0.0
0.0
0.0
-0.145048
0.0
0.0
0.0
0.0
0.0
0.0
0.0
0.0
0.0
0.0
0.0
0.0
0.0
0.0
0.0
0.0
0.0
0.0
0.0
0.0
0.0
0.0
0.0
0.0
0.0
0.0
0.0
0.0
0.0
0.0
0.0
0.0
0.0
0.0
0.0
0.0
0.0
0.0
0.0
-0.976725
0.0
-1.41993
0.0
0.0
0.0
0.0
0.0
0.0
0.0
0.0
0.0
2.74606
0.0
0.0
0.0
0.0
0.0
0.0
0.0
0.0
0.0
0.0
0.0
0.0
0.0
0.0
-1.84597
0.0
0.0
0.0
-0.839374
0.0
-0.505155
0.0
0.0
0.0
0.0
0.0
0.0
0.0
0.0
0.0
0.0
0.0
0.621002
0.0
-0.298183
0.0
0.0
0.0
0.0
0.0
-0.737405
0.210796
0.0
0.0
0.0
0.578227
0.0
0.0
0.0
0.666578
-0.544728
0.0
0.0
1.16154
0.0
0.0
0.0
0.0
0.0
0.0
0.771065
0.0
0.0
0.0
2.03086
0.0
0.0
0.0
0.0
0.0
0.0
0.0
0.0
0.0
0.0
0.0
0.0
0.0
0.0
0.0
0.0
0.0
0.0
0.0
0.0
0.0
0.0
0.0
0.0
0.0
0.0
0.0
0.0
0.0
0.0
0.0
0.0
0.0
0.0
0.0
0.0
0.0
0.0
0.0
0.0
0.0
0.0
0.0
0.0
0.0
0.0
0.0
0.0
0.0
0.0
0.0
0.0
0.0
0.0
0.0
0.0
0.0
0.0
0.0
0.0
0.0
0.0
0.0
0.0
0.0
0.0
0.0
0.0
0.0
0.0
1.53895
0.0
0.0
0.0
0.580918
0.0
0.0
0.0
1.89192
0.0
0.0
0.0
0.0
0.0
0.0
0.0
0.0
0.0
0.0
0.0
0.0
0.0
0.0
0.0
0.0
0.0
0.0
0.0
0.0
0.681785
0.0
0.0
0.0
0.0
0.0
0.0
0.0
0.0
0.0
0.0
0.0
0.0
0.0
0.0
0.0
-0.435659
0.0
0.0
0.0
0.0
0.0
-1.4047
0.0
0.0
0.0
0.0
0.0
0.0
0.0
0.0
0.681491
0.163127
0.0
-0.054892
0.0
0.0
0.0
0.0
0.0
0.0
0.0
0.0
0.0
0.0
0.0
0.0
0.0
-2.28266
0.0
0.0
-0.0294105
0.0
-0.436912
0.0
0.732455
0.0
0.0
0.0
0.0
0.0
0.0
0.0
0.673314
0.0
0.0
0.0
0.0
0.0
0.0
0.0
0.0
0.0
0.0
0.0
0.0
0.0
0.0
0.0
0.0
0.0
0.0
0.0
0.0
0.0
0.0
0.0
0.0
1.43048
0.0
0.818039
0.0
0.0
0.0
0.0
0.0
0.0
0.0
0.0
0.0
0.0
0.0
0.0
0.0
0.0
0.0
0.0
0.0
0.0
0.0
0.0
0.0
0.0
0.0
0.0
0.0
0.0
0.0
0.0
0.0
0.162417
0.0
0.0
0.0
0.0
0.0
0.0
-0.641562
0.139275
0.0
0.0
0.0
2.6016
0.0
0.0
1.03524
0.0
0.0
0.0
0.0
0.0
0.0
0.0
0.0
0.0
0.588458
0.0
0.0
0.0
0.0
0.0
0.0
0.0
0.0
-1.5694
0.0
0.0
0.0
0.0
0.0
0.0
0.0
0.0
0.0
0.0
0.0
0.0
0.0
0.0
0.0
0.0
0.0
0.0
0.0
0.0
0.0
0.0
0.0
0.0
-2.06691
0.0
0.0
0.0
0.0
0.0
0.0
0.0
0.0
0.0
0.985144
0.0
0.0
0.0
0.0
-1.00192
0.0
0.0
0.0
0.0
0.0
0.0
0.0194316
0.0
0.0
0.0
-0.669587
0.0
0.0
0.0
0.0
0.0
0.0
0.0
0.0
0.0
0.0
0.0
0.0
0.0
0.0
0.0
0.0
0.0
-1.24534
0.0
0.0
0.0
0.0
0.0
0.0
0.0
0.686023
0.0
0.0
0.0
0.0
-0.617536
0.0
0.0
0.0
0.0
0.0
0.0
0.0
0.0
0.0
0.0
0.0
0.0
0.0
0.0
0.0
0.0
0.0
0.0
0.0
-0.390788
0.0
0.0
0.0
0.0
-0.165758
0.0
0.0
0.0
0.0
0.0
0.0
0.0
1.9554
-0.0576794
0.0
2.10637
0.0
0.0
0.0
0.0
0.0
0.0
0.0
0.0
0.0
0.171577
0.0
0.0
0.0
0.0
0.0
0.0
1.1761
0.0
0.0
0.0
0.0
0.0
0.0
0.0
-0.585165
0.0
0.0
0.0
0.0
0.0
0.0
0.0
0.0
0.0
0.0
0.0
0.0
0.0
0.0
0.0
0.0
0.0
0.0
0.0
0.0
0.0
0.0
0.0
0.0
0.0
0.0
0.0
0.0
0.34971
0.0
0.0
0.0
0.0
0.0
0.0
0.0
0.0
-0.989842
0.0
0.0
0.0
0.0
0.0
0.0
0.0
0.0
0.0
0.0
0.0
0.0
0.0
0.0
0.0
0.0
0.0
0.0
0.0
0.0
0.573943
0.0
0.0
0.0
-0.425439
-0.326343
0.0
0.0
0.0
0.0
0.0
0.0
-1.65601
0.0
0.0
0.0
0.0
0.0
0.0
0.0
0.400773
0.0
0.0
0.0
0.0
0.0
0.0
0.0
0.0
0.0
0.0
0.0
0.0
0.0
0.0
0.0
0.0
0.0
-0.0397811
0.0
0.0
0.0
0.0
0.0
0.0
0.0
0.0
0.0
0.0
0.0
0.0
0.0
0.0
0.0
0.0
1.19352
0.0
0.0
0.0
0.0
0.0
0.0
-1.35405
0.0
0.0
0.0
0.0
0.0
0.0
0.0
0.0
0.0
0.0
0.0
0.0
0.0
0.0
0.0
0.0
0.0
0.0
0.0
0.0
0.0
0.0
0.0
0.0
0.0
0.0
2.45949
0.0
0.0
0.0
0.0
0.754329
0.0
0.0
0.0
0.0
0.0
0.18217
0.0
0.0
-0.701745
0.0
0.0
0.0
0.0
0.625924
0.0
0.0
0.0
-0.0359328
0.833715
0.0
0.0
0.0
0.0
0.0
0.0
0.0
0.0
0.0
0.0
0.0
0.0
0.91968
0.0
0.0
0.0
0.0
-0.234668
0.0
0.0
0.0
0.0
0.0
0.0
0.0
0.0
0.0
0.0
0.0
0.0
0.0
0.0
2.17327
0.0
0.0
0.0
0.0
0.0
0.0
0.0
-0.689663
0.0
0.432954
0.0
0.0
0.0
0.0
0.0
0.0
0.0
0.0
0.0
0.0
0.0
-0.226218
0.0
0.0
0.0
0.0
0.0
0.0
0.0
0.0
0.0
-0.738222
0.0
0.0
0.0
0.0
0.0
0.0
0.0
0.0
0.484806
0.0
-1.07567
0.0
2.1614
0.0
0.0
0.0
0.0
0.0
0.0
0.0
0.0
0.0
0.0
0.0
0.0
0.0
0.0
0.0
-0.445414
0.0
0.0
0.0
0.0
0.0
0.0
0.0
0.0
0.0
0.0
0.0
1.86372
0.0
0.0
2.84213
0.0
0.0
0.0
0.0
0.0
0.0
0.0
0.0
0.0
0.0
0.789704
0.0
0.0
0.0
-0.10833
0.0
0.0
0.0
0.0
0.0
0.0
0.0
0.0
0.0
0.0
0.0
-1.41244
0.0
0.0
0.0
0.0
0.0
0.813063
0.0
0.0
0.0
0.0
0.0
0.0
0.0
0.0
0.0
0.0
0.0
0.0
0.0
0.0
0.0
0.0
0.0
0.0
0.0
0.0
2.01838
0.0
-0.241505
0.0
0.0
0.0
0.0
0.0
0.0
0.0
0.0
0.0
0.0
0.0
0.0
0.0
0.0
0.0
0.0
0.0
0.0
0.0
0.0
0.0
0.47649
0.555812
0.0
0.0
0.0
0.0
0.0
0.127596
0.0
0.0
0.0
0.0
0.0
0.0
-0.359283
0.0
0.0
0.0
0.0
0.0
0.0
0.0
0.0
0.0
0.0
0.0
0.0
0.0
0.0
0.0
0.0
0.0
0.0
0.0
0.0
-0.301417
0.0
0.0
0.0
0.0
-0.940139
0.0
0.0
0.0
0.0
0.0
0.0
0.0
0.0
0.0
0.0
0.0
0.0
0.0
0.0
-0.54799
0.0
0.0
0.326601
0.0
0.0
0.0
-0.745437
0.0
0.0
0.0
0.0
0.0
0.0
0.0
0.0
0.202167
0.0
0.0
0.0
0.0
0.0
0.0
0.0
0.0
0.0
0.0
0.0
0.0
0.0
0.0
0.0
0.0
0.0
0.0
-1.33783
1.42759
1.31909
0.0
0.0
0.0
0.0
0.0
0.0
0.0
0.0
0.0
0.0
0.0
0.0
0.0
0.0
0.0
0.0
0.0
0.0
0.0
0.0
0.0
0.0
0.0
0.0
0.0
0.0
0.0
0.0
0.0
0.0
0.0
0.0
0.0
0.0
0.0
0.0
0.0
1.1227
0.0
0.100416
0.0
0.0
0.0
-1.20086
0.0
0.453516
0.0
-0.320242
0.0
0.0
0.0
0.0
0.0
0.0
0.0
0.0
0.0
0.0
0.0
0.0
0.0
0.546174
0.0
0.0
0.0
0.0
0.0
0.0
0.0
0.0
-0.441727
0.0
0.0
0.0
0.0
0.0
0.0
0.0
0.0
0.0
0.0
0.0
0.0
0.0
0.0
0.0
0.0
0.0
0.0
-0.529984
0.0
0.0
0.0
0.0
0.0
0.0
0.0
0.0
0.0
0.0
0.0
0.0
0.0
0.0
1.64904
0.0
-1.04835
0.0
0.0
0.0
0.0
0.389938
0.0
-2.60806
0.0
0.0
0.0
0.0
0.0
0.0
0.0
0.0
0.0
0.0
0.0
0.0
0.0
0.0
0.0
0.0
0.0
0.0
0.0
0.0
0.0
0.0
0.0
0.0
0.0
0.0
0.0
0.0
0.0
0.0
0.0
0.0
0.0
0.0
0.0
0.0
0.0
0.763923
0.0
0.0
0.0
0.0
0.0
0.0
0.0
0.14605
0.0119858
0.0
-0.571647
0.0
0.0
-3.15309
0.0
0.0
0.0
0.0
0.0
0.0
0.0
0.0
0.0
0.0
0.0
0.0
0.0
0.0
0.0
0.0
0.0
0.701415
0.84049
0.0
0.0
0.0
0.0
0.806113
0.0
0.0
0.0
0.0
0.0
-1.30868
0.0
0.0
0.231899
0.0
-0.0123053
0.0
0.0
0.0
0.0
0.0
0.0
0.0
0.0
0.0
0.0
0.0
0.0
0.0
0.00310953
0.0
-1.82049
0.0
-1.40486
0.0
0.0
0.0
0.0
0.0
0.0
0.0
0.0
0.0
0.0
0.0
-0.150419
0.0
0.0
-2.18525
0.0
0.415093
0.0
0.0
0.0
0.0
0.0
0.0
0.0
0.0
0.0
0.0
-0.145613
0.0
0.0
0.0
0.0
0.0
0.0
0.0
0.0
0.0
0.0
0.0
0.0
0.0
0.0
0.31167
0.0
0.0
0.0
0.0
0.0
0.0
0.0
0.0
0.0
0.0
0.0
0.0679832
0.0
0.0
0.0
0.0
0.0
0.0
1.19364
0.0
0.0
0.0
0.0
0.0
0.0
0.0
0.0
0.0
-0.543066
-1.07399
0.0
0.0
0.0
-1.72444
0.0
0.0
0.0
0.0
0.0
0.0
0.0
-0.768361
-1.6151
0.0
0.0
0.0
0.0
0.0
0.0
0.0
0.0
0.0
0.0
0.0
0.0
0.0
0.0
0.215444
0.0
0.0
0.0
0.0
0.0
0.0
0.0
0.0
0.0
0.0
0.0
1.74909
0.0
0.0
0.0
0.0
0.761133
0.0
0.0
1.67404
0.0
0.0
0.0
0.0
0.0
0.0
-0.452691
0.0
0.0
0.0
0.0
0.0
0.0
0.0
0.0
0.0
0.0
0.0
0.0
0.0
0.0
-1.09951
0.0
0.0
0.0
0.0
0.0
0.0
0.0
0.0
0.0
0.0
0.0
0.0
0.0
0.0
0.0
0.0
0.0
0.668305
0.0
0.0
0.0
-0.0410098
0.0
0.0
-1.68001
0.0
-0.0542523
0.0
0.0
0.0
0.0
1.55
0.0
0.0
0.0
0.0
0.0
-0.634026
0.0
0.0
0.0
0.0
0.105035
0.0
0.0
-0.0972917
1.08401
0.0
0.0
0.0
0.0
-2.74974
0.0
0.0
0.0
0.0
0.0
0.0
0.0
0.0
0.0
0.0
0.0
0.322665
0.0
0.0
0.0
0.0
0.0
0.0
0.0
0.0
0.0
0.0
0.0
0.0
0.0
-0.0106407
0.0
0.0
0.0
0.0
0.0
0.0
0.0
0.0
0.0
0.0
0.0
0.0
0.0
2.09699
0.0
0.0
0.0
0.0
0.0
0.0
0.0
0.0
0.0
0.0
0.0
0.0
0.0
0.0
0.0
0.0
0.0
0.0
0.0
0.0
0.0
0.0
0.0
-0.646985
0.0
0.0
0.0
0.0
0.0
0.0
0.0
1.62689
1.59239
0.0
0.0
0.0
0.0
0.0
0.0
0.0
-0.687241
0.0
0.0
0.0
0.0
0.0
0.0
0.0
0.0
0.0
0.0
0.0
-1.56833
0.0
0.0
0.0
0.0
0.0
0.0
0.0
0.0
0.0
0.0
0.0
0.0
0.0
0.0
0.0
0.0
0.0
0.0
0.0
0.0
0.0
0.0
0.0
0.0
0.0
0.0
0.0
0.0
0.0
0.0
0.0
-0.686884
1.34567
0.0
0.152828
0.0
0.0
0.0
0.0
0.0
0.0
0.0
0.0
0.0
0.0
0.0
0.0
0.0
0.0
-0.623273
0.0
0.0
0.0
0.0
-0.0028052
0.0310185
0.0862457
0.0319226
-0.11021
0.189518
-0.46988
-2.00375
0.163785
0.596613
0.341501
-0.130723
0.366226
-1.3146
-0.323692
0.110799
0.0526333
-0.609691
-0.0891422
0.161462
0.578778
0.863804
0.00907375
1.05405
0.377321
0.178294
0.166297
-0.0293826
0.043046
0.0462938
0.18238
0.146633
-0.108579
-0.322643
0.0332425
0.0427169
-0.0636351
0.216888
-1.22749
0.195132
-0.062948
-0.190261
-1.13949
-0.654162
-0.139941
-0.306628
0.0444697
-0.285578
0.263796
0.0
0.0
0.0
0.0
0.0
0.0
0.0
-0.782751
0.0
0.0
-0.728747
0.0
0.0
0.0
0.0
0.0
-0.245321
0.0
0.0
0.0
0.0
0.0
0.0
0.0
0.0
0.0
0.0
0.0
-0.115715
0.0
0.485293
0.0
0.0
0.0
0.127761
0.0
0.0
0.0
0.0
0.0
0.0
0.0
0.0
0.0
0.0
0.0
0.0
0.0
0.0
0.0
0.0
0.0
0.0
0.0
0.0
0.0
0.0
0.0
0.0
0.0
0.0
0.0
0.0
0.0
0.0
0.362901
0.0
0.0
0.0
0.0
0.0
0.0
0.0
0.0
0.0
0.0
0.0
0.0
0.206748
0.0
0.0
0.0
0.0
0.0
0.0
0.0
0.0
0.0
0.0
0.0
0.0
0.0
0.0
0.0
0.0
0.0
0.0
0.0
0.0
0.0
0.0
0.0
0.0
1.00429
0.0
0.0
0.0
0.0
0.423203
0.0
0.0
0.0
0.0
0.0
0.0
0.0
0.0
0.0
0.0
0.0
0.0
0.0
0.0
0.0
0.0
0.0
0.0
0.0
0.0
0.0
0.0
0.0
0.0
0.0
0.0
0.0
0.0
0.0
0.0
0.0
0.0
0.0
0.0
0.0
0.0
0.0
-0.241897
0.0
0.0
0.0
0.0
0.0
0.0
0.0
0.0
0.0
0.0
0.0
0.0
0.358238
0.0
0.0
-0.329771
0.0
0.0
0.0
0.0
0.0
0.0
0.0
0.0
0.0
0.0
0.0
0.0
0.0
-2.35417
0.0
0.0
0.0
0.0
1.93179
0.0
0.0
0.0
0.0
1.39559
0.0
0.0
0.0
0.0
0.0
0.0
0.0
0.0
0.0
0.0
0.0
0.0
0.0
0.0
0.021994
0.0
0.0
0.0
0.0
0.0
0.0
0.0
0.0
0.0
0.0
0.0
-1.40771
0.0
0.0
0.0
0.0
-1.27898
0.0
0.0
0.0
0.0
0.0
0.0
0.0218517
0.0
0.0
0.0
-0.0126543
-0.0583976
0.0
0.0
0.0
-0.323551
0.0
0.0
0.0
0.0
0.0
0.0
0.0
0.0
0.0
0.0
0.0545765
0.194914
1.15687
0.0418406
-0.0627901
-0.353386
0.413516
0.140074
0.724336
0.417949
0.355319
0.088782
-0.0938741
0.303671
0.160887
1.24115
0.234629
-1.41909
-0.0205486
0.256491
1.21589
0.740707
-0.519695
-0.057786
0.401792
0.485534
2.03986
0.0762768
0.0681552
0.273644
-0.0722877
0.16304
0.156969
-0.868978
0.296182
0.137794
0.35576
0.718403
0.161182
0.177528
-0.0458428
-1.45505
-0.248211
0.909796
0.246469
-1.62042
-0.0425712
-3.27198
-1.50521
-0.0423093
-0.185464
-0.691265
-0.00178452
0.0177029
-0.235856
-0.4329
-0.207222
-0.890501
-0.443358
0.692743
-0.227302
0.195322
-0.300215
-0.102176
-0.517518
-0.128436
1.61179
-0.00728146
-0.41473
-1.56197
-0.830102
0.504077
0.131929
0.193617
-0.495659
-2.16216
-0.0675203
0.000177553
-0.317061
0.110883
-0.134673
-0.0334734
0.723344
-0.335112
-0.363726
-0.390096
-0.786785
-0.191977
-0.176279
0.0446454
0.958961
0.389308
-1.10459
-0.0795556
1.79868
0.00805573
1.42535
1.49257
-0.00735654
0.120768
0.049499
0.0446388
-0.0553556
-0.0139107
0.0134781
-0.623361
-0.531763
0.512592
0.334704
0.417984
0.390195
0.187083
-0.320173
0.0560663
0.0928823
0.411998
-0.265159
-0.074079
0.363512
-0.1649
-0.130717
-0.0745783
-0.529195
-0.310138
0.0711845
-0.0549552
-0.0650654
-0.0326929
0.403101
-0.15782
-0.0635264
0.848713
-0.0792331
1.35486
-0.304623
0.0989299
0.663962
-0.0105678
-0.00504129
0.150104
0.0691228
-0.106648
-0.221314
-0.275579
1.09087
-0.273149
0.152306
0.0118449
-0.377317
-0.0731339
0.00805008
-0.031773
0.101962
0.116109
-1.38468
0.542635
-0.49394
-0.243004
0.0119341
-0.601817
-0.205981
0.139421
0.0511518
-0.990915
-0.318627
0.086903
0.263938
-0.250684
0.1669
0.0667288
0.00143989
0.601117
0.239426
-0.0680428
0.96347
-0.00329634
1.39714
-0.23136
0.0984463
0.0213851
-0.605659
0.0454611
0.0187974
0.244094
-0.367484
0.235865
0.530777
-0.0319588
-0.416542
-0.176597
-0.0907826
-0.43247
-0.134591
0.0218404
0.538668
0.6715
0.0122677
0.00939374
-0.0514959
0.0400307
-0.0451019
0.0452826
0.368961
-0.0672131
-0.166238
-0.0255125
0.174268
-0.138903
0.101433
0.0034343
0.0586985
-0.101943
0.106197
0.192322
-0.0278593
-0.158602
-0.345413
-0.0894096
-0.0157404
0.0741619
0.200173
-0.0101306
-0.122753
1.24162
-1.07218
0.872145
0.0387494
0.0283426
0.123568
-0.145817
-0.0390581
-0.225512
-0.034237
-0.0682473
-0.0307099
0.00127532
0.167317
0.120374
0.141089
-0.194825
0.166703
0.178199
-0.0344454
0.0744951
-0.0127336
-0.00120723
0.0184069
-0.0570199
-0.00114885
0.0175848
-0.0232036
0.0748465
-0.0502858
-0.101265
0.0329647
-0.026192
-0.00797749
-0.00158595
-0.000470691
-0.00169221
-0.101768
0.0113822
-0.0260035
0.0196612
-0.00390113
-0.0087243
-0.0905658
-0.0528833
0.0548641
0.103428
-0.0095617
0.0784896
0.00947622
0.00955286
-0.032509
-0.0318347
-0.0565525
-0.00713904
-0.0769583
-0.0486634
-0.10398
-0.0228056
0.0354889
-0.0205218
0.0159437
0.00401734
-0.0179535
0.0638256
0.0677045
-0.00310367
-0.0122071
0.0108323
0.0414074
0.00696471
1.30523
0.16612
0.964939
-0.000682683
0.0102433
0.0371892
-0.218382
-0.037008
0.263261
-0.230437
0.138439
-0.155148
1.26577
0.450575
0.069591
0.0876486
0.0018228
-0.109805
0.00094545
-0.0996106
-0.2177
0.0603331
-0.151673
0.0208165
0.0823242
-1.87632
-0.0108456
-1.35773
0.00137936
-0.0169511
0.0925329
0.120861
0.0185255
0.149419
0.0866707
-0.0158754
-0.00707202
-0.069278
0.00191204
0.0108614
0.0068037
-0.0710031
-0.000327637
-0.0427915
0.0975443
0.0399499
-0.0238896
-0.0494661
-0.0640922
1.80477
1.10394
-0.397834
-0.00145075
-1.65309
0.000848982
0.0130415
-0.0346639
-0.0444318
-0.00225604
-0.0272461
0.00187139
1.91118
-0.0212396
-0.857684
-0.0413793
0.0183527
-0.0313851
0.019661
-0.0735767
-0.186494
-0.0721201
-0.0964662
0.052327
0.171646
1.79962
-1.54702
0.0131233
0.00950313
-0.03389
-0.00952149
-0.043858
0.000385122
-0.0657792
-0.0729217
-0.110337
2.09197
0.0433995
-0.00460195
0.0190658
0.00230864
-0.0534558
0.0668074
0.0255097
0.0201391
0.0441522
0.0174193
0.0688901
-0.00133203
1.72378
-1.45136
-2.06736
-0.00113208
2.51705
-0.0199862
0.0406574
-0.0426091
-0.0863257
0.0298226
-0.021173
-0.0235371
-1.18075
2.30389
-2.93933
1.52165
1.65248
-0.0263719
0.0195509
-0.0096279
-0.012653
-0.0831635
-0.0587047
0.0551513
1.0885
0.00052245
-0.467665
1.02253
0.591611
-0.0344392
-0.0199118
-0.0544125
-0.00696824
-0.0722234
-0.0560458
-0.0969853
-0.019493
2.24281
-0.0239027
0.00778625
0.00427093
-0.0170436
0.062154
0.0651854
-0.00488281
-0.00766735
0.0106449
0.0312543
0.0129547
-0.000862238
1.1633
1.95838
2.44831
2.66965
-2.56393
0.0431931
-0.880572
-0.0647394
0.0597451
-0.0252062
-0.0112336
-0.0343542
-0.00389968
2.56051
2.13198
0.0113147
-1.93963
0.0190862
-0.0200675
-0.0657489
-0.108971
-0.0386464
0.0576619
1.78337
-0.0430301
2.07946
0.00389401
-0.285241
-0.0309864
-0.0127274
-0.0524688
-0.0101529
-0.103259
-0.0688054
-0.0775277
-0.00862417
0.0515809
-0.0202577
0.014933
0.00205362
-0.018079
0.0608268
0.0752103
0.0228631
0.00387865
0.0158097
0.0300611
-0.00253851
0.000576422
0.0185588
2.23111
2.14099
1.62638
2.23015
0.042697
2.57945
-0.0789507
0.0335858
-0.0334258
-0.0163997
-0.0495799
-2.37676
-0.0161244
2.55356
-1.85456
0.00545226
0.0190202
-0.526154
-0.0953562
-0.0824727
-0.0886274
0.0588861
0.12194
-1.44486
-0.0173428
1.95906
0.0097684
-2.76822
1.59783
-0.0137894
-2.54012
0.575784
-0.068966
-0.0850663
-0.010286
0.038375
-0.0231753
0.00370538
-1.69007
-2.12815
0.0719581
0.0969803
0.00646781
-0.0227188
0.0123384
-0.0102508
-0.0307872
-0.00349368
-0.109841
-0.0927547
2.48174
-0.493747
1.64832
0.784318
-1.65405
0.016574
-0.248254
-0.205122
-0.0771536
-0.59184
-0.0584463
-0.0528684
0.0277816
0.0204367
2.33867
-2.81916
1.93631
-0.626763
-0.149186
-0.0834616
0.0114788
0.347791
-0.160378
-0.63089
-0.952542
0.00474608
-0.0250729
0.0987376
0.230684
0.00720047
-0.0821723
0.169808
0.256672
-0.00203037
0.142783
0.0278224
0.0554318
0.0219603
0.05631
-1.07062
0.185445
0.143434
-0.259396
0.0618304
-0.439317
-0.400572
-0.00585621
-0.142947
-0.0205357
-0.00143863
0.414307
-0.848831
1.66375
2.26271
0.318999
0.342409
-0.260576
0.208226
-0.75908
-0.112753
0.344303
0.0301152
-0.294339
-1.82013
-0.437665
1.36318
-0.252358
-0.0259835
0.051291
0.00439874
-0.870129
-0.0442215
-0.406199
0.0566629
-0.980809
0.0468136
1.67999
-0.535281
-0.009807
0.335965
-0.0973727
-0.644663
0.0320636
-0.409443
-2.21989
0.0246422
0.0302386
0.0532222
-0.00587312
-0.0885646
-0.0774173
0.164379
0.0704316
0.0363645
-0.153726
-0.00828159
0.0590384
-0.088683
-0.00146946
0.0132641
-0.00241473
-2.71608
-2.29064
-2.38774
-1.47779
-0.0505028
-0.0612248
-0.118034
-0.000692927
0.0992383
-0.0390283
-0.0284728
0.121721
-2.58632
2.83786
-2.42444
-0.0469275
0.198329
0.0583536
-0.111181
-0.101717
0.214592
1.11192
0.00661099
-0.000986648
-0.00741977
-0.0253801
0.000332531
-2.28766
0.218664
-0.159373
-0.158314
-0.111092
-0.00193342
-0.0105218
0.0245525
-0.00713299
-0.0142954
-0.0812846
-1.52559
0.0475674
0.0553113
0.0203816
-0.133351
-0.0056101
0.210691
-0.0887313
-0.000487768
0.00894277
0.00139196
-0.895027
2.82346
0.592622
2.84398
-0.118399
-0.0553315
0.504909
0.161669
0.0817764
-0.194669
1.04395
0.097482
0.48815
-1.40594
3.06645
-0.855931
-0.15321
2.74312
-1.08494
-0.0664058
0.818928
-0.0405238
0.00385653
-0.00183178
-0.133228
-2.07855
1.58065
2.41173
-1.03407
-0.723782
-0.0217525
0.122069
-0.0611568
-0.120124
0.0439547
-0.0139476
-0.040753
0.0104424
-0.358432
0.400555
0.359992
0.000579812
-0.0742936
-0.00427941
-0.00372827
-0.0379054
-0.00257211
0.0245604
-0.0423702
1.37273
0.660554
1.926
-2.70598
1.72855
-0.459591
0.211005
-0.00669795
-0.0322826
-0.0724837
0.0129531
-0.0469246
0.0155908
0.0502796
-0.648109
-1.69547
-1.91411
2.39321
0.295097
-0.00949197
0.146909
0.0164031
0.00976486
-0.0156412
-0.00205402
0.0916586
0.0115569
-0.164976
0.098032
-0.11877
-0.0203624
-0.0662103
-0.097454
0.0256302
0.00613049
0.113786
0.0562165
0.0227399
2.54725
-0.0220008
-0.0647666
0.0270463
0.126094
-0.0039493
0.099505
0.0351147
-0.000372486
0.00679421
0.0144862
0.048544
0.0563641
-1.03032
2.4752
-2.67731
0.213205
-0.27687
0.0251619
0.119066
0.042101
0.00434195
0.21318
0.0110962
-0.0101465
-0.529898
1.883
1.80876
-2.47736
-0.327813
-0.0630938
-0.418253
0.00146515
0.00373654
-0.035685
-0.0699964
0.040059
2.34791
0.185109
-2.59106
2.88445
-0.0736433
-0.0539965
0.0189701
0.0216415
0.0129124
0.0920042
0.0246204
-0.0320666
-0.0232003
0.0111681
0.0148752
-0.120942
-0.195252
-0.0061113
0.0314807
-0.0940242
-0.000744329
0.0138403
-0.0426658
0.161796
0.102082
-0.217535
-2.36482
3.06931
-1.98209
0.679179
0.107595
-0.164636
-0.117692
-0.0434614
-0.0771561
0.00713005
-0.121118
1.3046
-0.0797481
-2.84636
1.95263
0.152075
-0.0871329
0.396735
-0.0308163
-0.000268152
-0.0114701
0.11364
-0.305319
-0.00225632
-0.180525
-1.41894
-0.0223495
-0.000350015
0.206251
-0.132934
-0.0356005
-0.0113993
0.0873444
-0.0512019
-0.0831285
0.192337
0.00834934
-0.0678521
0.19338
0.147972
-2.62806
1.19105
-0.36062
-0.00108083
0.0110393
0.00530748
-0.0403149
0.0264021
0.00973994
-0.0172782
0.0277006
0.00767971
2.54854
-1.52497
2.68641
0.0159658
-0.195923
-0.0989361
0.000240573
-0.0325566
-0.00815253
0.00543615
0.0276426
-0.00110945
3.00872
-1.69869
-1.03411
-0.00449165
-0.000498527
-0.0259859
0.041299
-0.0296266
0.0339666
-0.0333406
-0.0173735
-0.0557841
0.00792813
0.876039
-2.28071
0.00331798
0.00172079
0.017705
-0.0136325
-0.0352503
-0.0339262
0.0156886
-0.0131796
0.029757
0.0514322
-2.086
0.954473
0.0176684
-0.000689277
0.00726228
0.0149667
-0.0395734
0.00680309
0.0631729
0.0529668
0.0525859
0.0108878
-2.19962
-2.74744
-0.924054
0.0580227
0.00425638
0.0816364
-0.00131706
-0.00530977
0.0473283
0.0369558
0.0195217
0.00445358
-2.66502
-1.0519
-1.14551
1.63136
-0.000347551
-0.0348851
0.00612376
0.0337735
0.030092
0.0437926
-0.0436348
-0.0233238
0.000909124
-2.65367
-0.0185041
-0.00682836
0.00424052
0.060855
-0.0162076
-0.00146971
-0.0630795
-0.0110453
0.0319729
-0.0810385
-0.014743
-0.000996444
-1.82536
-0.00681833
2.14036
0.0170139
-0.0161011
0.096031
-0.0945979
-0.124252
0.0567555
-0.0258327
0.00398424
-0.159328
0.101651
0.514655
-2.79481
0.973535
0.102858
0.0202075
-0.047122
-0.221613
-0.131863
-0.0843064
0.0609676
0.203139
-2.23817
-0.630271
0.33414
0.00965615
-0.0358152
-0.0586016
1.93116
0.0051755
-0.213343
-0.0945712
-0.119125
-0.00408507
0.0510957
0.208061
0.0663499
1.31089
-0.00489863
0.0859572
0.0283472
0.0512143
0.0217488
-0.00307896
0.106063
-0.0166855
-0.00118932
0.0465173
-0.926863
-0.00128762
-1.34024
0.36217
0.0151503
-0.0313755
0.0194272
0.0107066
-0.0204599
-0.0342114
-0.0402172
-0.00919821
-2.00264
1.8098
0.0195719
-0.00531987
-0.709332
-0.0256509
-0.217497
-0.0746918
-0.0983177
0.0636102
0.0900359
2.6835
-0.915813
1.50566
2.16668
-0.0346069
-0.014277
-0.0170595
-0.00920775
-0.0996457
-0.00191876
-0.0836418
-0.0380668
0.0296987
-2.74314
0.0086592
0.00405846
-0.0110656
0.0692999
0.0258594
0.0515633
0.0206999
-0.0174888
0.0576319
-0.0184396
0.00991444
-0.647825
1.18893
0.114298
-1.36789
2.24901
1.78042
-0.19318
-0.463702
-0.301564
0.152688
-0.255162
0.0667876
-0.0240115
-0.765104
1.65762
-1.88469
-1.42343
-2.35765
-1.36704
-0.501121
-0.152177
-0.06484
0.025709
0.720122
-2.47833
-1.9847
-1.36578
-1.50072
-0.0451376
0.275603
0.15033
0.0263474
-0.567465
-0.197688
0.238917
0.172601
0.339649
-0.0255458
0.017016
-0.215711
1.1795
0.387749
0.0100649
0.10059
-0.278999
-0.177138
-0.31624
-0.116601
-0.00430523
-0.00582695
0.0118911
-0.000794541
-2.5106
-1.04707
2.31799
-0.0143955
-0.0521664
0.000345762
0.0092603
0.00431511
-0.0437118
-0.00686134
0.0350538
-0.114353
1.53428
1.01215
-0.606294
-0.167531
0.0143757
0.0142059
0.00187665
-0.00214489
-0.0428445
0.0184863
1.89062
-1.78349
-0.000492555
-0.0153494
2.60593
0.890549
1.61649
2.54567
0.016206
-0.0285986
-0.000893871
-0.0275374
-0.00873342
0.908353
0.000338358
0.00295587
-0.00717992
-1.1663
0.0227658
0.0321524
-0.00736806
0.0128776
-0.0179745
-0.0136075
0.0645473
-0.172375
-0.000943296
0.0182499
-2.19172
-2.2862
-2.59667
0.301366
-0.217975
-0.136695
-0.194423
0.329612
0.0832249
0.0090205
-0.1832
-0.0547369
-1.26224
-2.84998
0.449623
1.35663
0.0419906
0.140565
0.0290374
-0.0150965
0.0594956
-0.203338
-0.633642
1.00367
0.44927
-1.45456
-2.83938
-2.65401
0.784959
0.319057
-0.157135
-0.179089
-0.0788951
-0.109803
1.75163
1.92946
1.06837
-0.104753
0.104694
-2.0704
0.12864
-0.109503
0.453251
0.208851
-0.0192894
0.042772
-0.407903
0.000459177
0.0217161
-0.141763
2.66253
0.0790633
-0.436629
-0.0623993
-0.388957
-0.14143
0.901444
0.377624
-0.287733
-0.332172
-1.35872
-0.993927
-2.56625
2.54134
3.47025
0.884999
0.260926
-0.0986228
-0.433252
-0.293144
1.18797
-0.0426363
-0.00608631
-1.91387
0.411123
-1.45159
0.510027
1.33431
-2.2664
-1.87586
-0.169201
0.447105
-0.254606
-0.0882117
0.0101206
0.0447892
-0.131375
2.39682
0.747758
-0.0840021
2.23643
0.171477
0.299854
0.000989192
0.0383186
0.00923366
-0.00126071
0.0142889
0.00565291
0.0129656
-1.52256
1.36417
0.610841
-0.0399484
0.156675
-0.299158
-0.0106879
0.0596149
0.0136542
0.0360452
0.0688077
1.80625
0.910406
1.4541
-1.10317
-1.74053
0.0623636
0.0695947
0.00390086
-0.292885
0.0149819
0.00941923
-0.231068
-0.00657161
0.069665
-0.00814405
0.0747101
1.51041
-0.102169
-0.0306847
0.0760263
0.0146822
0.0298319
-0.00397094
-0.0578287
0.0877721
0.0788791
-1.70029
-2.39205
0.0171252
-0.794358
-0.146719
-0.0160272
0.0245381
-0.117216
-0.000492927
0.00143818
0.0129682
0.177884
0.824652
0.260722
3.18336
2.59905
1.04686
-0.11287
0.0374048
0.0636934
0.0622056
-0.0436192
0.135609
1.15023
-0.786559
0.279091
0.160292
0.782144
-1.52082
-0.102616
-0.516421
0.351162
0.0475789
0.0088442
0.0413676
-0.0127566
-1.26908
-0.442952
1.52369
-0.769061
0.772748
-0.253767
-0.308022
0.0429223
0.00282179
0.0948628
0.096797
-2.40906
-0.656853
0.632292
-0.623189
-0.211645
-0.824554
-0.109454
-0.00112316
0.0318148
-0.0581896
-0.000865233
0.0147194
-0.0209397
0.0334876
1.54854
-0.665688
-1.3463
2.72164
0.276269
0.0671933
-0.00860466
-0.0190077
-0.0866657
0.00856556
0.029414
0.0196366
-0.0463841
-2.07979
2.85656
1.94376
-0.551765
0.167048
-0.0262239
0.0775893
0.00496587
0.00957343
-0.0285492
-0.0130487
2.81052
-0.0194389
-0.111187
2.56487
-2.6168
-0.0268353
0.0570936
-0.0376066
-0.00504122
0.00454393
-0.0291585
0.0636371
0.0502754
0.0640901
2.98631
-0.0101032
-1.70727
0.00428997
0.00659659
-0.126374
0.0946383
-0.00280129
0.00847916
0.0628606
-0.299908
-0.326703
0.0085417
-2.60333
0.742827
-1.12604
-0.262588
-0.0801927
-0.117142
0.116813
0.0693218
-0.00499221
-4.98059e-05
-0.361285
-0.416889
-0.180207
0.46244
2.15546
0.756087
0.0989065
0.338647
0.0221753
0.00738271
-0.0234118
0.114415
0.125989
0.0287457
-0.942423
1.16286
3.17286
0.139208
0.138895
0.0953786
0.0448555
0.00799461
-0.236215
0.136461
-0.176173
0.321874
-0.185098
-2.88659
2.12623
0.0453757
-0.00865851
1.32707
-0.0797028
-0.00193078
0.0239589
-0.017355
0.150017
-0.232084
-0.231104
0.140101
-0.0232759
-0.137267
0.0397818
-1.85823
0.110748
-1.96356
-0.0186622
0.0907388
0.0174576
0.068468
0.317243
0.030339
-0.26385
0.046353
-1.36081
1.84999
0.597045
-0.00983761
0.00559541
-0.0409234
-0.111829
-0.0550676
0.0182411
0.293173
-0.140858
-0.430646
1.67823
-0.119067
-0.0101034
0.0431683
0.536503
-0.00260047
0.0560024
0.154424
-0.0744038
0.297517
0.0861525
0.384192
0.0125746
0.983225
-2.98365
-0.224859
-0.00171393
0.020052
-0.0121987
0.276141
0.287075
-0.488083
0.368118
-0.354534
0.248267
2.92332
1.14004
-1.08549
0.971683
0.250647
-0.341575
0.0224173
-0.0600829
0.835426
-0.0175152
0.0566106
-0.0362724
-3.10856
0.0781855
2.5157
-0.0110491
0.00153112
2.12354
-0.0880596
-0.646915
-0.00513692
0.445253
-0.439938
-0.42485
2.24157
-1.66814
0.739227
0.0620673
-0.0385305
-0.121691
-0.0817647
-0.0461753
-0.129897
0.532916
0.289845
0.691668
-0.0462945
0.755633
0.031311
-0.0453665
-0.00181285
1.31252
-0.0312697
0.12811
-0.101637
-0.177185
0.175779
-0.02345
0.0198036
-2.40642
-2.31111
0.000112415
-0.0706137
0.0151346
0.0181561
0.019215
0.128671
0.117656
-0.102808
0.0147005
0.0561991
0.081556
1.71831
-0.650162
-1.9587
-0.0824584
-0.0420969
-0.0994312
-0.0580153
0.0135132
0.0315883
-0.0952786
-0.159711
-0.031476
0.0190944
0.676094
-0.796847
-1.36474
-0.0285771
0.0658843
0.0763419
-0.161976
-0.040106
0.0184843
0.0460595
0.00522646
0.00122639
0.0203044
1.4908
1.53527
-0.336583
2.41037
0.0658457
-0.026528
-0.0605756
0.058173
-0.0343872
0.00245213
-1.49335
-0.0130782
1.46919
2.65469
1.26609
-0.0678638
0.0201735
0.0495033
-0.00621093
-0.0858084
-0.0504325
0.0561019
0.113119
-0.00431153
0.700423
1.24662
2.18803
-0.0252229
-2.791
-0.0575034
-0.0193515
-0.0715609
-0.0746428
-0.0985137
-0.608703
-2.67886
1.25489
-2.6194
0.0725463
-0.0239152
0.066798
0.0932109
-0.046693
-0.0291057
0.0269394
0.024608
0.0312589
-0.00685391
-0.143417
1.96987
-0.720978
1.74437
0.0724707
-0.175033
0.0923078
0.0744598
-0.118494
-0.0498556
0.18286
-0.232437
-0.200333
1.29499
0.0928936
0.706819
-0.205699
0.000321849
-0.104124
-0.00816284
0.0718942
-0.0281273
-0.015813
-0.106299
-0.105068
0.19589
-1.81366
2.84463
-0.283626
-1.2841
0.949551
0.0362156
0.0146311
-0.0520277
-0.0785288
0.0307028
-0.127541
0.128898
0.839815
-1.63101
-0.489963
-0.0707294
-0.203678
-0.124431
0.120613
0.0193892
0.269638
0.356034
-0.00319468
-0.00864094
0.0256576
-0.000625421
-0.812095
0.0135027
-0.111666
-0.022125
-0.00220769
0.0264238
-0.039859
0.00312835
-0.124622
-0.000684239
0.0350029
-0.824841
-2.09232
2.95901
-1.17474
-0.0651186
-1.45465
0.00779555
-0.0207021
-0.000347195
-0.0641259
0.0327317
-0.158607
1.11648
1.85423
0.846642
-0.0218364
1.34278
0.0147451
-2.31679
-0.0517327
-0.10362
0.0201498
-0.0192419
0.0197709
0.886328
-4.45111e-06
1.6944
2.90645
-0.0282119
0.0479777
0.045912
-0.00971216
0.0209178
-0.0689743
0.00365662
0.0657461
0.246377
-0.00118119
2.51333
0.0788017
-0.362638
-0.0496426
0.783351
0.248977
-0.21747
0.656893
-1.4072
-0.13416
0.299177
0.256616
2.80873
1.19289
-0.715385
-1.17979
-1.68481
2.88099
-0.104579
0.122788
-0.144532
0.0395914
-1.94639
0.0663736
0.471051
-0.946477
1.41477
2.31737
-0.985816
-0.2017
0.418864
-0.131079
-0.0278725
-0.135859
0.197515
0.181213
-1.11594
0.991404
-2.24881
2.60255
0.0880254
0.0052747
1.3026
0.192987
-0.157423
-0.00415763
-0.0291255
0.0165332
-0.000937324
0.00838427
0.0222393
-2.79894
0.00329762
-0.0499412
-0.0363208
0.000180892
-0.00829789
-0.108005
-0.0401742
0.0582028
-2.32657
-0.535003
0.113678
1.83853
-0.902351
1.13561
0.0319811
-0.0471255
-0.00273974
-0.0498772
0.046449
-0.128099
-0.00624707
2.89157
-0.0178296
-2.55899
1.12797
1.8275
0.265026
0.000469787
-0.0755375
0.0187294
-0.039415
-0.0115763
-0.00650634
1.7349
1.97426
-1.77724
-0.03176
0.0791079
0.0495043
-0.0143526
0.259355
-0.0608317
-0.0168211
0.185121
-0.286568
0.000622516
0.0182725
-0.1184
-0.0497363
-1.39637
2.64918
0.270568
-0.372578
0.315446
0.326805
0.176902
0.154401
-2.01613
-0.0560355
-3.18427
1.55258
0.881163
0.218472
-2.44248
0.454464
0.0377174
-1.42876
0.157268
1.15978
-0.0298287
-0.0018914
-0.0019041
0.0249904
0.623236
-2.12684
3.5229
3.64757
-0.102629
-0.291115
-0.131293
-0.0193281
-0.0901987
-0.440888
-0.0286655
-1.55088
0.241516
-2.42125
-0.479255
-0.118949
-0.104786
-0.486813
-0.0101066
0.0324043
-0.0395985
-0.00101491
0.00467376
0.0411317
0.00884659
0.0606911
0.845457
-1.49948
-1.20854
0.665135
-0.757187
-0.0981155
0.311111
0.130605
-0.01609
-0.30713
0.00789419
0.136126
-0.157147
1.98767
0.647351
-0.25812
-0.189094
-0.158425
0.0478748
0.0486953
0.00780122
0.0284478
-2.35609
3.32836
-2.59125
-1.66261
0.671588
1.5455
-0.276646
-0.313688
0.232757
0.170164
0.0452929
-0.177746
-0.572112
-0.544054
2.788
-1.06337
-0.168761
-0.23942
0.00470125
-0.0204422
0.0975972
-0.205076
-3.33242e-05
-0.00136959
0.0153001
0.622687
0.376375
0.179585
0.489675
0.12385
-0.255495
0.0692669
0.0847999
-0.0166437
0.0609986
-0.0535717
0.445032
0.00881738
-0.12804
0.661994
-3.02643
3.5142
1.16865
0.344045
-0.938632
0.447636
0.0651946
0.0109847
0.0733708
0.0594846
0.0159674
-1.49451
-2.87041
2.28887
4.40199
-0.458204
-0.0778835
0.053071
0.0366948
0.123098
0.0612163
-0.106183
-0.917439
-0.366436
-1.90189
-0.24866
-3.76452
0.161932
-0.00292113
0.00305249
-0.0792407
-0.00141166
0.0187461
-0.0174502
0.0963158
-0.0538996
0.43528
1.95262
-0.0381009
0.0136829
-0.0230616
-0.0166743
0.0197638
-0.106501
-0.00525956
-0.0326562
0.0201806
0.016553
0.129041
-0.0448763
-0.753032
2.71733
0.0380353
-0.00892067
0.0455202
0.00215686
0.00866678
-0.0355097
-0.0500678
-0.105094
-0.00155517
0.0604156
-2.29685
-1.38727
-0.0328137
0.052275
-0.0113259
0.0128575
-0.00772708
-0.0197394
0.0569043
-1.65405
1.00147
0.256049
0.447584
1.07446
0.078445
4.68487e-05
0.0585248
0.0593557
-0.00105729
0.0120214
0.0100663
-0.251409
-0.0960152
0.0665063
-0.374516
0.0164176
-0.341349
-0.106661
0.0574722
-2.33365
0.0542091
0.00498721
-0.212198
0.00917376
-0.229241
-0.444068
-0.0466408
-0.242573
0.0273513
0.021304
-2.31671
0.400956
-0.00311399
2.84157
0.0271449
0.099753
-0.020904
0.0157885
0.0642812
0.0810518
0.0383343
-1.4114
1.5499
-0.0846676
0.0077988
-0.00208861
-0.216413
0.0558411
-0.0821734
0.330015
0.167616
-0.0945697
0.170524
1.30001
-0.00679696
1.88742
-0.0119849
-0.00124266
-0.484835
0.0190442
0.0866659
-0.00316203
-0.136712
0.00858763
0.00159384
0.075697
-2.82895
-0.0186215
0.0831919
0.0373624
-0.0108313
-0.00327619
0.0027898
-0.0837491
0.169486
-0.00142471
-0.0151261
-0.0103395
-1.73489
-0.0645898
0.695087
0.0704774
-0.000788639
-0.00120532
0.0194372
-0.011384
0.0442614
0.130071
-0.00846778
0.0493696
-2.76491
2.89704
-1.26126
-2.60471
0.00140914
-0.0533062
-0.0223612
-0.0965008
-0.0957768
0.00129778
-0.0192182
0.104252
0.777837
-0.00617258
1.95764
0.248326
-0.000630009
2.40791
0.00198993
-0.0717102
-0.00528727
0.0531043
-0.136226
0.0290221
-0.0820507
-0.0185533
-0.00299178
0.00384596
0.0276793
-0.0157473
-0.0703653
-0.00157478
-0.0731757
-0.0448999
0.0172486
0.0270692
0.00399343
-0.488031
0.0248837
-1.08879
-2.54072
0.635447
2.28613
0.0231608
-0.0664971
0.0181771
0.103073
0.145021
-0.0285103
-0.0245301
0.61264
1.88534
-1.73104
-0.00429012
0.00387987
-0.0325366
-0.0684734
0.010022
0.0157224
-0.053672
0.077928
1.18758
-0.00848664
0.00231239
0.0171779
-0.00136183
0.0123182
2.45418
-0.0757216
-0.0434977
-0.0942972
-0.0904617
0.0490985
-0.101296
0.000541779
-1.77322
0.0391859
0.395026
2.94297
0.0927166
-0.00154532
-0.161818
0.0288332
0.00934734
-0.0183897
-0.00368769
-0.000329315
1.38647
1.11928
0.723609
-0.00130106
0.580362
0.0296805
-0.00844983
0.0440826
0.0500184
0.0445067
-0.023177
-0.0102203
-1.06004
-0.0322467
-0.320107
-2.88986
2.06166
0.719084
-0.0912251
0.0925909
0.0731306
-0.0531076
0.0523538
-1.27464
0.00021245
-0.882243
0.029459
-0.000230205
0.0129453
-0.0728114
-0.0830385
-0.14299
-0.0846091
-0.1402
0.0590583
-0.251728
0.325526
0.0316982
-0.0945915
-0.115611
-0.442594
0.433175
-0.934689
-0.665069
-0.143224
-0.0196174
-0.112748
0.059336
0.193717
0.165273
-0.785809
0.00499765
2.09749
-1.9358
0.128424
0.0361948
0.00489714
-0.103736
0.259936
0.164309
0.0411868
0.0825354
-3.13852
0.852504
-1.1699
0.323107
0.0600188
0.220549
0.169164
-0.17512
-0.215207
-0.106769
-0.2474
-0.000917933
-0.0153171
0.0296039
0.000559928
0.00355749
0.00932591
-0.0955675
2.293
-0.080489
-0.0704973
0.0435567
-0.0815628
-0.00765608
-0.00783189
7.96566e-05
0.0429925
0.662789
1.39219
-0.000562697
-1.62299
-0.0284394
-0.0249379
-0.134102
-0.00296522
0.0377406
0.0504265
0.00651188
-2.19898
-2.52039
0.162689
-0.281999
-0.0081197
0.0106287
-0.127994
-0.169666
-0.0802569
0.0501832
0.0588941
-0.00765021
-2.32831
-0.00607167
-0.848928
1.64071
0.0425613
0.135873
0.129855
0.00751043
0.0688814
-0.0131632
-0.00309476
0.069593
-0.0275906
-0.00270904
0.0281999
2.81943
0.188223
-1.96663
-0.0908637
-0.0454108
-0.0412765
-0.140834
0.0698075
0.0728256
-0.177916
-3.04357
0.00252218
-0.0779588
0.009375
0.0709345
0.187084
0.156089
-0.471509
0.0362452
0.152344
0.17385
-0.3561
-0.0101925
0.0022299
-0.533383
-1.27854
-0.084832
0.0239389
1.50639
0.0216738
-0.236675
-0.0555926
0.0289683
-0.105825
-0.0397548
-2.55171
2.41863
1.33475
0.869421
-0.20704
0.154809
0.236598
0.186709
0.0145779
0.00178143
-0.052658
0.0491778
-0.00121636
0.00691073
0.0508961
-0.0738557
0.0292412
-0.342936
-0.0505048
0.220445
-0.0455877
-0.212971
-0.102561
-0.0610756
0.106639
0.0366047
0.0271942
-1.58629
-3.19405
-2.35676
-0.17445
0.00599748
0.00998652
0.297211
-0.205042
0.490721
0.0313213
0.0105455
0.751796
-1.30202
2.46611
-0.580547
-3.08779
-1.95785
0.0998664
0.0515764
0.116279
0.0922418
0.0327684
0.0351398
-0.107969
0.403616
-1.26878
0.790688
0.00792695
-1.10751
0.40533
-0.0680819
0.00677633
-0.100366
0.0292262
-0.000697868
0.0155635
-0.0362947
-0.47736
-0.305605
-0.286805
0.0570539
0.0435128
0.0418883
0.203838
-0.174997
-0.000471401
-0.0769289
0.0829855
-0.0876169
-0.00970287
-0.843835
0.279666
0.0376819
-0.10406
0.0270032
-0.798518
0.651785
0.832729
-0.0179413
0.00403744
-0.063899
-0.0146579
-1.63382
1.47924
0.0660596
-1.03952
-3.22445
0.215837
-0.120481
0.0867506
-0.0339865
0.00621863
-0.0969197
0.334735
0.41339
0.743338
-0.505523
0.061543
0.0418922
-0.0361473
-0.00563079
0.0678594
-0.054037
-0.000494265
0.0197089
-0.0617764
-0.0973193
-0.0145541
-1.20184
0.323269
-0.908881
0.203818
0.0970765
0.116018
0.0275407
-0.13167
0.0042856
0.116141
0.0122719
0.292229
0.315207
0.420164
-0.68919
0.0133764
-0.580203
0.150272
-0.400607
-0.0137753
0.00216988
-0.0307302
-0.03082
-1.98979
-0.00695246
0.116859
-1.3897
-1.36602
-0.0815883
-0.0417846
-0.0720666
0.0204695
-0.0178153
0.108081
-2.80345
0.269666
-0.898196
-1.67558
-1.64936
-0.914461
0.144182
0.0114543
-0.12632
0.0561516
-0.000653762
0.0113361
-0.0189448
-0.629094
-0.381923
-0.29037
0.0290118
0.0171666
0.242893
0.148036
-0.191485
0.00752851
-0.0458996
0.0831593
-0.00307603
-2.7287
2.23478
0.368303
0.991226
-0.127277
0.0225536
-0.896154
0.658638
0.794568
-0.0173186
0.00387604
-0.0190795
0.0145476
0.292219
0.0199435
-0.289228
-0.47541
-0.773426
0.278979
-0.0381837
0.159803
0.00798317
-0.00926375
-0.265986
0.112469
0.308628
-0.438126
2.76344
1.64592
-0.435065
0.297979
0.00112939
-0.070235
-0.0271851
-0.000394209
0.0105469
-0.0303904
-0.0987561
-0.171509
-0.130913
-0.145632
-0.0397096
0.109483
0.276171
-0.0411031
-0.0523678
-0.0749904
0.031054
0.091332
0.00555337
0.113364
0.39304
-0.0240902
-0.81997
0.0187512
-0.0876922
0.199059
0.558733
0.00195997
0.00592611
0.0169567
0.0219714
0.125391
0.00779116
-0.653368
0.12709
1.28498
0.0499307
-0.0511299
0.026999
-0.00436776
0.0095375
-0.15396
0.0179113
0.00775605
-2.60476
-0.343493
2.06479
1.72466
0.316434
0.0177522
-0.0164684
-0.0123325
0.0418703
-0.0695472
0.0567521
-0.0182369
-0.000922872
-0.040616
-0.0123986
0.169954
-0.0642042
0.0999036
0.0159156
0.0428779
-0.0551336
0.0959445
0.169317
-0.0463138
-0.0611478
-0.332022
-0.015784
0.0607585
0.0204307
0.096039
2.73752
-0.112961
0.00613395
0.0594717
0.00813103
0.0400159
0.0782877
0.105866
-0.0977322
-0.00680958
-0.114003
0.226562
-0.0921593
0.604058
-0.0103176
1.87558
0.126078
0.0858276
-0.219017
0.125795
0.149642
-0.0231119
0.0281195
-0.594451
-0.639555
-0.897637
-0.241587
-0.760954
-0.674798
-0.98705
-0.247243
0.729697
-0.842318
-1.65681
-0.153933
-0.757114
-0.643028
-0.942329
-1.99763
-0.790279
-0.661352
1.14018
0.432682
-0.773818
-0.49159
-0.901564
-0.0509183
-0.749405
1.16368
-0.434713
-0.338414
-3.18383
1.22858
-0.515908
-1.03716
0.0703253
-1.25357
-1.34324
-3.0103
0.543556
-0.123613
-1.46338
-1.47637
0.447409
-0.418314
-0.308772
0.0293998
-1.12331
-0.282265
-1.09689
-0.937077
0.892814
-0.532902
1.19599
-0.356755
-1.13555
-0.229512
-0.808789
-0.117478
-0.193219
-0.201293
-0.25312
-0.249494
0.0874593
-0.593257
-1.57899
0.17235
-0.78479
-0.733009
-1.32073
-0.163602
-1.05899
2.90371
-1.31831
2.62528
-1.62135
-0.127062
1.15748
0.683468
-0.0438708
-2.3835
1.37292
-2.53602
1.83767
-1.05882
3.51614
-3.33796
-4.10174
-2.07138
-1.88936
0.137427
-0.0980772
3.31673
-0.745702
-2.98846
-0.096624
0.694165
-1.11496
-0.208119
0.50762
0.875619
-2.10652
1.83836
-2.25689
-2.34052
-0.336361
-0.0527019
0.413752
-3.54883
0.0603065
-2.18231
-5.25822
-0.110528
-0.867324
-1.21793
-0.604301
-0.555274
-0.88677
-0.22965
-0.75736
-0.572787
0.111264
-1.48588
-0.40792
-0.12175
-0.23301
0.0122761
-0.0640384
-0.543711
-3.15555
0.652345
2.00465
-0.32429
-1.73249
0.107455
-0.14381
-1.85304
3.44269
-2.56652
3.71424
0.276813
-2.31739
-1.95041
1.03487
4.89826
-1.02267
-4.12028
-1.75138
-1.31673
-0.610568
-0.12266
-1.23869
-0.882052
-1.46872
0.388814
-1.15976
-0.502501
-0.125916
-0.161108
-0.263289
-0.529993
-0.0989898
-0.519929
-0.191154
0.616441
-0.115022
-0.996163
-0.140266
0.901869
0.65215
0.794367
1.54235
-0.386555
-0.0440982
1.44204
-0.431221
-3.21462
-0.206889
-0.791228
-0.317648
1.70712
-1.3245
-0.0599772
-2.38789
0.743324
3.55691
3.00759
1.7132
-1.45311
1.00264
-0.309567
1.01706
1.14383
2.71528
4.28273
2.9818
1.20148
2.35018
0.782509
0.848521
-0.828128
-1.0474
-0.282634
-0.839806
