[229, 9, 9, 4]
0.0
0.0
0.0
0.0
0.0
0.0
0.0
0.0
0.0
0.0
-1.40605
0.0
0.0
0.0
0.0
0.0
0.0
0.0
0.0
0.0
0.0
0.0
0.0
0.0
0.0
0.0
0.0
0.0
0.0
0.0
0.786413
0.0
1.06247
0.0
0.0
0.0
0.0
0.0
0.0
0.0
0.0
0.0
0.0
0.0
0.0
0.183267
-0.0500131
0.0598771
0.0859913
0.332727
0.375
0.584655
0.00482984
0.346711
0.0
0.0
0.0
0.0
-0.778047
0.0
0.0
0.0
0.0
-0.259488
-1.55185
-0.372569
0.499112
-0.186503
0.118724
0.309947
-0.0592163
0.0759172
0.0
0.0
0.0
0.0
0.0
0.0
0.0
0.0
0.0
-0.333661
-0.708879
-0.434171
0.388542
-0.530419
0.266696
0.235025
0.0233876
0.0595036
0.0
0.0
0.0
0.0
0.0
0.0
0.0
0.0
0.0
0.0
0.0
0.0
0.0
0.0
0.0
0.0
0.0
0.0
0.0
0.0
0.0
0.0
0.0
0.0
0.0
0.0
0.0
0.0
0.0
0.0
0.0
0.0
0.0
1.13431
-1.63244
0.0
0.0
0.0
0.0
-0.120641
0.0
0.0
0.0
0.0
0.0
0.0
0.0
0.0
0.0
0.0
0.0
0.0
0.0
0.0
0.0
0.0
0.0
0.0
0.0
0.0
0.0
0.0
0.0
0.0
0.0
0.0
0.0
0.0
0.0
0.0
0.0
0.0
0.0
0.0
0.0
0.0
0.0
0.0
0.0
0.0
0.0
1.42426
0.0585348
-0.199559
0.426105
0.107614
0.406476
0.688861
-0.041439
0.309015
0.0
0.0
0.0
0.0
-0.682819
0.0
0.0
0.0
0.0
-0.672996
0.0
0.0
0.0
0.0
0.0
0.0
0.0
-0.260012
0.0
0.0
0.0
0.0
0.0
0.0
0.0
0.0
0.0
0.0
0.0
-0.391117
0.0
0.0
0.0
0.0
0.0
0.0
0.0
0.0
0.0
0.0
0.0
0.0
0.0
-0.416114
0.0
0.0
0.0
-0.832584
0.0
0.0
0.0
0.0
0.0
0.0
-0.0984672
-0.364715
-0.222172
0.458016
-0.043249
0.332096
0.245748
0.0734561
0.0910987
0.0
0.0
0.0
0.0
0.0
0.0
0.0
0.0
0.0
0.0
0.0
0.0
0.0
0.0
0.0
0.0
-0.49224
0.0
0.0
2.33964
0.0
0.0
0.0
0.0
0.0
0.0
0.0
0.0
0.0
0.0
0.0
0.0
0.0
0.0
0.0
0.0
0.0
0.0
0.0
0.0
0.0
2.03691
0.0
0.0
0.0
0.362097
0.0616291
-0.0423664
0.150923
0.601253
0.389786
0.575807
0.0421336
0.317897
0.0
0.0
-0.905879
0.0
0.0
0.0
0.0
0.0
0.0
0.0
0.0
0.0
0.326874
0.0
0.0
0.0
0.0
0.0
0.0
0.0
0.0
0.0
0.0
0.0
0.0
0.0
0.0
0.0
0.0
0.0
0.0
0.0
0.0
-0.917573
0.0
0.0
-0.200603
0.0
0.0
0.0
-0.897515
0.0
0.0
0.0
0.0
0.0
0.0
0.0
0.0
0.0
0.0
0.0
0.0
0.0
0.0
0.0
0.0
0.0
0.0
0.0
0.0
0.0
0.0
0.0
0.0
0.0
0.0
0.0
0.0
0.0
0.0
0.0
0.0
0.0
0.0
0.0
0.0
0.0
0.0
0.0
0.0
-0.345136
0.0956273
-0.164019
-1.62563
-0.306391
0.57906
0.460189
-0.439155
-0.520909
0.0
0.0
0.0
0.0
0.0
0.0
0.0
0.0
-0.256697
0.0
0.0
0.0
0.0
0.0
0.0
0.0
0.0
0.0
0.0
-1.13168
0.0
0.0
0.0
-0.153392
0.0
0.0
0.0
0.0
0.0
0.0
0.0
0.0
0.0
0.0
0.0
0.0
0.0
0.0
0.0
0.0
0.0
0.0
0.0
0.0
0.0
0.0
0.0
0.0
0.0
0.0
0.13402
0.0
0.195261
0.0
0.0
0.0
0.0
0.0
0.0
0.0
0.0
0.0
0.0
0.0
0.0
0.0
0.0
0.0
0.0
0.0
0.0
0.0
0.0
-1.45772
0.0
1.20296
0.0
0.0
0.0
0.0
0.0
0.0
0.0
0.0
0.0
0.0
0.382515
-0.217458
0.0
0.0
0.0
0.0
0.0
0.0
0.0
0.0
0.0
0.0
0.0
0.0
0.0
0.0
0.0
0.0
0.0
0.0
0.0
0.0
0.0
0.0
0.0
0.0
0.0
-1.06366
0.0
0.0
0.0
-0.246579
0.0
0.0
1.07453
0.0
-0.817565
0.0
0.0
0.0
0.0
0.0
0.0
0.0
0.0
0.0
0.472347
0.0
0.0
0.0
0.0
0.24964
0.0
0.0
0.0
0.0
0.0
0.0
0.0
-0.3147
0.0
0.0
0.0
0.0
0.0
0.0
0.0
0.0
0.0
0.0
0.0
0.0
0.0
0.0
0.0
0.0
0.329325
0.165249
-0.168977
0.0453716
0.508142
0.400026
0.539447
0.0936657
0.278863
0.0
0.0
0.0
0.0
0.0
0.0
0.0
0.0
0.0
0.0
0.0
0.0
0.0
0.0
0.0
0.0
0.0
0.0
0.0
0.0
0.0
0.0
0.0
0.0
0.0
0.0
0.0
0.0
0.0
0.0
0.0
0.0
0.0
0.0
0.0
0.0
0.0
0.0
0.0
0.0
0.0
0.412314
0.0
0.0
0.0
0.0
0.0
0.0
0.0
0.0
0.0
0.0
0.0
0.0
0.0
0.0
0.0
0.0
0.0
0.0
0.0
0.0
0.0
0.0
0.0
0.0
0.0
0.475634
0.0
-0.995918
0.0
0.0
0.0
0.0
0.0
-0.11663
0.0
0.0
0.0
0.0
0.0
0.0
0.0
0.0
0.0
0.0
0.0
0.0
0.0
0.0
0.0
0.0
0.0
0.0
0.0
0.0
0.0
0.0
0.0
-0.00876518
0.493822
0.326529
0.0655702
0.0216674
0.336064
0.38628
0.354765
0.122239
0.0
0.0
0.0
0.0
0.0
0.0
0.0
0.0
0.0
-0.260036
-0.211956
-0.360738
1.4209
-0.897461
-0.0900913
0.357619
0.892831
1.89508
0.0
0.0
0.0
0.0
0.0
0.0
0.0
0.0
0.0
0.0
0.0
0.0
0.0
0.0
0.0
0.0
0.0
0.0
0.0
0.0
0.0
0.0
0.0
0.0
0.0
0.0
0.0
0.0
0.0
0.0
0.0
0.0
0.0
0.0
0.0
0.0
0.0
0.0
0.0
0.0
0.0
0.0
0.0
0.0
0.0
0.0
0.0
0.0
0.0
0.0
0.0
0.0
0.0
0.0
-0.946312
0.0
0.0
0.0
0.0
0.0
0.0
0.0
-1.30184
0.0
0.0
0.0
0.0
0.0
0.0
0.0
0.0
0.0
0.0
0.0
0.0
0.0
0.0
0.0
-2.19299
0.0
0.0
0.0
0.0
0.0
0.0
0.0
0.0
0.0
0.0
0.0
0.0
0.0
0.0
0.0
0.0
0.0
0.0
0.0
0.0
0.0
0.0
0.0
0.0
0.0
0.0
0.0
0.0
0.0
0.0
0.840776
0.0
0.0
0.0
0.0
-1.64041
0.0
0.0
0.581636
0.580152
0.414083
0.492943
-0.60318
0.320845
0.310391
0.394425
-0.0366032
0.0
0.159395
0.0
0.0
0.0
0.0
0.0
0.0
0.0
0.0
0.0
0.0
1.79965
0.0
0.0
0.0
0.0
0.0
0.0
0.0
0.0
0.0
0.0
0.0
0.0
0.0
0.0
0.0
0.0
0.0
0.0
0.0
0.0
0.0
0.0
0.0
0.0
0.0
0.0
0.0
0.0
0.0
0.0
0.0
0.0
0.0
0.0
0.0
0.0
0.0
0.0
0.0
0.0
0.0
0.0
0.0
0.0
0.0
0.0
0.0
0.0
-1.10816
0.0
0.0
0.0
0.0
-0.551361
0.0
0.0
0.0
0.0
0.0
0.0
0.0
0.0
0.0
0.0
0.0
0.0
0.0
0.0
0.0
0.0
0.0
0.0
0.0
0.0
0.0
0.0
0.0
0.0
0.0
0.0
0.0
0.0
0.0
0.0
0.0
0.0
0.0
1.11681
0.0
0.0
0.0
0.0
0.0
0.0
0.0
0.0
0.0
0.0
0.0
0.0
0.0
0.166728
0.0
0.0
0.79382
0.0
0.0
0.0
0.0
0.0
0.0
0.0
0.0
0.0
0.0
0.0
0.0
-1.5565
0.0
0.0
0.0
-0.0936904
0.243255
0.255437
-0.0976335
0.0719018
0.513636
0.395337
0.48302
0.147487
0.205707
0.0
0.0
0.0
0.0
0.0
0.0
0.0
0.0
0.0
0.0
0.0
0.0
0.0
0.0
0.0
0.0
0.0
0.0
0.0
0.0
0.0
0.0
0.0
0.0
0.0
0.0
0.0
0.0
0.0
-0.128323
0.0
0.0
0.0
0.0
0.0
0.0
0.0
0.0
0.0
0.0
0.0
0.0
0.0
0.465769
0.0
0.0
0.0
0.0
0.0
0.0
0.0
0.0
0.0
0.0
0.0
0.0
0.0
0.0
0.0
0.0
0.0
0.0
0.0
-0.339335
0.0
0.0
0.0
0.0
0.0
0.0
0.0
0.0
-0.720149
0.0
0.0
0.0
0.0
0.394395
0.0
1.20256
0.0
0.0
0.0
0.0
0.0
0.233142
0.0
0.0
0.0
0.0
-2.26589
-0.420792
0.0
0.0
0.0
0.0
0.0
0.0
0.0
0.0
0.0
0.0
1.6024
0.0
0.0
0.0
0.0
0.0
0.0
0.0
0.0
0.0
0.0
0.0
0.0
0.0
0.0
-0.0139952
0.606259
0.0486654
0.101374
0.0468657
0.319701
0.402846
0.37288
0.0458303
0.0
0.0
0.0
0.0
0.0
0.0
0.0
0.0
0.0
0.0
0.0
0.0
0.0
0.0
0.0
-0.032875
0.0
0.0
0.0
0.0
0.0
0.0
0.0
0.0
0.0
0.0
0.0
0.0
0.0
0.0
0.0
0.0
0.0
-2.32575
0.0
0.0
0.0
0.0
-1.50045
0.0
0.0
0.0
0.0
0.0
0.0
0.0
0.0
0.259938
0.0
0.0
0.0
0.0
0.0
0.0
0.0
0.0
0.0
0.0
0.0
0.0
0.0
0.0
0.0
0.0
0.0
0.0
0.0
0.0
0.0
0.0
-0.907567
0.0
0.0
0.0
0.0
0.0
0.0
0.0
0.0
0.0
0.0
0.0
0.0
0.0
0.0
0.0
0.0
0.0
0.0
0.0
0.0
0.0
0.0
0.0
0.0
0.0
0.0
0.0
0.0
-1.76783
0.0
0.0
0.0
0.0
0.0
0.0
0.0
0.746449
0.0
0.0
0.0
0.0967211
0.0
0.0
0.0
0.0
0.0
0.0
0.0
0.0
0.0
0.0
0.0
0.0
0.0
0.0
0.0
0.0
0.0
0.0
0.0
0.0
0.0
0.0
0.0
0.0379745
0.260421
0.0804167
-0.0170405
0.361886
0.386846
0.424765
0.198003
0.200033
-1.69553
0.0
0.0
0.0
0.0
0.0
0.0
0.0
0.0
0.0
0.0
-1.65355
0.0
-0.347025
0.0
0.0
0.0
0.738007
0.0
0.0
0.0
0.0
0.0
0.0
0.0
0.0
0.0
0.0
-0.49209
0.0
0.0
0.0
-1.38485
0.0
0.0
0.0
0.0
0.0
0.0
0.0
0.0
1.08872
0.0
0.0
0.0
0.0
0.0
0.0
0.0
0.0
0.0
0.0
0.0
0.0
0.0
0.0
0.0
0.0
0.451296
0.0
0.0
0.0
0.0
0.0
0.0
0.0
0.0
0.0
0.0
0.0
0.0
0.0
0.0
0.0
0.0
0.0
0.0
-2.05048
0.0
0.0
0.0
-0.781792
0.0
0.0
0.0
0.0
0.0
0.0
0.0
0.0
0.0
0.0
0.0
0.0
0.0
0.0
0.0
0.0
0.0
0.0
0.0
0.0
-0.789149
0.0
0.0
0.0
0.0
0.0
0.0
0.0
0.0
0.0
0.0
0.0
1.14448
0.0
0.0
0.0365325
0.739388
0.373034
0.402402
0.120269
0.275473
0.480306
0.389749
-0.0168308
0.0
0.0
0.0
0.0
0.0
0.0
0.0
0.0
0.0
0.0
0.0
0.0
0.0
0.0
0.0
0.0
0.0
0.0
0.0
0.0
0.0
0.0
0.0
0.0
0.0
0.0
1.13617
0.0
0.0
0.0
-0.457067
0.0
0.0
0.0
0.0
0.260696
-0.517752
0.0
0.0
0.0
0.0
0.0
0.0
0.0
0.0
0.0
0.0
0.0
0.0
0.0
0.0
0.0
0.0
0.0
0.0
-1.60941
0.0
0.0
0.0
0.0
0.0
0.0
0.0
0.0
0.0
0.0
0.0
0.0
0.0
0.0
-0.811028
0.0
0.0
-1.86475
0.0
-1.05897
-0.773013
0.0
0.0
0.0
0.0
0.0
0.0
0.0
0.0
0.0
0.0
0.0
0.0
0.0
0.0
0.0
-1.96184
0.0
0.0
0.0
0.0
0.0
0.0
0.0
0.0
0.0
0.0
0.0
0.0
0.0
0.0
0.0
0.0
0.0
0.0
0.0
0.0
0.0
0.432159
0.0
0.0
0.0
0.0
0.0
0.0
0.0
0.0
1.08459
0.0
0.0
0.0
0.0
0.0
0.0
0.0
0.0
0.0
0.0
0.0
0.0
0.0
0.0
0.0
0.0
0.0
0.0
0.0
0.0
0.15572
0.326196
-0.0330347
-0.0290915
0.332286
0.391659
0.456608
0.189455
0.16805
0.0
0.0
0.0
0.0
0.0
0.0
0.0
0.0
0.0
-0.635351
0.0
0.0
0.0
0.0
0.0
0.0
0.0
0.0
0.0
0.0
0.0
0.0
0.0
0.0
0.0
0.0
1.06148
0.0
0.0
0.0
0.0
0.0
0.0
0.0
0.0
0.0
0.0
0.0
0.0
0.0
0.0
0.0
0.0
0.0
0.0
0.0
0.0
0.0
0.0
-0.254406
0.0
0.0
0.0
0.0
0.0
0.0
-0.089693
0.0
0.0
0.0
-0.378397
0.0
-0.389201
0.0
0.0
0.0
0.0
0.0
0.0
0.0
0.0
0.0
0.0
0.0
0.0
0.0
0.0
0.0
0.0
0.0
0.0
0.0
0.747185
0.0
0.0
0.0
0.0
0.0
0.0
0.0
0.0
0.0
0.0
0.0
0.0
0.0
0.0
0.0
0.0
0.0090919
0.798167
0.374149
0.472885
0.399393
0.263995
0.518441
0.386113
-0.0479329
0.0
1.89218
0.0
0.0
0.0
0.0
0.0
0.0
0.0
0.0
0.0
0.0
0.0
0.0
0.0
0.0
0.0
0.0
0.0
0.0
0.0
0.0
0.0
0.0
0.0
0.0
0.0
-0.0233599
0.35206
0.260186
-0.00803218
0.313128
0.374298
0.391775
0.25148
0.137656
0.0
0.0
-1.01521
0.0
0.0
0.0
0.0
0.0
0.0
0.0
0.0
0.0
0.0
0.0
0.0
0.0
0.0
0.0
0.0
0.0
0.0
0.0
0.0
0.0
0.0
0.0
0.0
0.0
0.0
0.438722
0.0
0.0
0.0
0.0
0.0
0.0
0.0
0.0
0.0
0.0
0.0
0.0
0.0
0.0
0.0
0.0
0.0
0.0
0.0
0.0
0.0
0.0
0.0
0.0
0.0
0.0
0.0
0.0
0.0
-0.123199
0.0
0.0
0.0
0.0
0.0
0.0
0.0
0.0
0.0
0.0
0.0
0.0
0.0
0.0
0.0
0.0
0.0
0.0
0.0
0.0
0.0
0.148973
0.820635
0.487268
0.585606
0.16497
0.255527
0.515404
0.395574
-0.0720423
0.0
0.0
0.0
0.0
-0.059542
0.0
0.0
0.0
0.0
0.0
0.0
0.0
-0.180924
0.0
0.0
0.0
0.0
0.0
0.0
0.0
0.0
1.43999
-0.0841365
0.0
0.0
0.0
0.0
0.0
0.0
0.0
0.0
0.0
-0.98774
0.0
0.0
0.0
0.0
0.0
0.0
0.0
0.0
0.0
0.0
0.0
0.0
-0.0311517
0.368525
0.179323
-0.438406
0.145174
0.380627
0.44644
0.238669
0.176411
0.0
0.0
0.0
0.0
0.0
0.0
0.0
0.702022
0.0
0.0
0.0
0.0
0.0
1.84568
0.0
0.0
0.0
0.0
0.0
0.0
0.0
0.0
0.0
0.0
0.0
0.0
0.0
0.0
0.0
0.0
0.0
0.0
0.0
0.0
0.0
0.871068
0.0
0.0
0.0
0.0
0.0
0.0
0.0
0.0
0.0
0.0
0.0
0.0
0.0
0.0
0.0
0.0
0.0
0.0
0.0
0.0
0.0
0.0
0.0
0.0
0.0
0.0
0.0
0.0800519
0.84725
0.457366
0.522973
0.0913162
0.248698
0.537332
0.40274
-0.066318
0.0
0.0
0.0
0.0
0.0
0.0
0.0
0.0
-0.695571
0.0
0.0
0.0
0.0
-1.0082
0.0
0.0
0.0
0.0
0.0
0.0
0.0
0.0
0.0
0.0
0.0
0.0
0.0
0.0
0.0
0.0
0.0
0.0
0.0
0.0
0.0
0.0
0.0
0.0
0.0
0.0
0.0
0.0
0.0
0.0
0.0
0.0
0.0
0.0
0.0
0.0
0.0
0.0
0.0
0.0
0.0
0.0
0.0
0.0
0.0
0.0
0.0
-0.43486
0.0
0.0
0.0
0.0
0.0
0.0
0.0
0.0
0.0
0.0
-0.213414
1.73053
0.628853
0.132442
-0.219882
-0.263904
-0.180774
1.5767
-1.29969
0.0
0.0
0.0
0.0
0.0
0.0
0.0
0.0
0.0
0.00132305
1.67643
0.511076
0.467856
-0.0644277
0.0260817
-0.0270859
1.12968
-0.709015
0.0
0.0
0.0
0.0
0.0
0.0
0.0
-0.680301
0.0
-0.156871
0.908305
0.449955
0.305223
-0.101044
0.228156
0.626611
0.402789
-0.0473686
0.0
0.0
0.0
0.0
0.0
0.0
0.0
1.73306
0.0
0.0
0.0
-0.358566
0.0
0.0
0.0
0.0
0.0
0.0
0.0
0.0
0.0
0.0
0.0
0.0
0.0
0.0
0.0
0.0
0.0
0.0
0.0
0.0
0.0
0.0
0.0
0.0
0.0
0.0
0.0
0.0
0.0
0.0
0.0
0.0
0.0
-0.589506
3.06251
3.59073
-0.0682787
1.2769
-0.50091
2.93741
-0.563585
2.99055
0.85005
-3.10466
-4.05409
-1.07907
0.000138202
-0.709498
-3.57317
-0.609699
-2.4474
0.123133
2.75777
-0.0200866
-0.253714
0.0648756
1.4285
-3.60428
-2.12155
1.90607
-0.0724783
1.0306
0.205424
-1.43037
0.0232734
-2.2107
3.34248
-3.20716
0.807794
0.260582
-0.0417227
-0.463325
-1.14751
1.27655
-1.21429
-0.634491
-1.1733
0.543551
0.633275
1.26049
-0.472388
-0.906358
0.00136587
-0.720409
-1.51881
-1.78056
0.722482
1.47365
2.12576
2.53213
-3.04516
0.061548
-2.69859
0.979986
-1.05813
-0.246691
1.68682
2.95297
0.214045
-0.0935873
-1.50315
-1.21284
0.493657
0.804233
0.44933
2.03471
-7.54101
-3.26076
2.99494
2.80673
4.45092
-0.96982
-0.106661
0.862209
0.696157
1.01063
1.06855
1.82593
2.80068
-3.7221
-1.60115
-2.31799
0.792184
0.00614406
-2.50696
1.04877
2.22242
1.53235
4.23187
0.762807
4.41073
-4.38677
-0.294739
-0.710847
-0.116742
4.53899
-0.449292
4.29401
3.87436
2.45832
0.111431
-0.333035
1.23031
0.358044
2.61158
0.505373
0.386098
5.86292
3.77313
-2.24716
0.0421617
0.581472
0.900031
-0.188927
0.156392
-0.138346
-3.03849
-2.22565
-1.05708
-0.438896
-0.94596
0.207665
-0.416566
1.00174
0.899713
-0.0791707
2.82555
0.163671
1.36218
-3.23326
-1.99091
0.33705
-10.96
-7.3207
-2.07115
8.18568
-4.76497
-3.31344
-5.42489
-5.8314
-6.82831
7.70016
-0.537679
-1.24425
4.23227
-3.6515
-1.62562
-0.397371
-11.1099
7.61499
-1.01076
4.45437
-0.502552
-8.64943
3.08545
-4.20507
-2.02808
0.612651
8.10821
-8.45313
-1.9033
-4.5962
-2.57715
-6.6724
2.03757
-5.32077
-2.3836
-0.1258
