[229, 36, 36, 4]
0.0
0.0
0.0
0.0
0.0
0.0
0.0
0.0
0.0
0.0
0.0
0.0
0.0
0.0
0.0
0.0
0.0
0.0
0.0
0.0
0.0
0.0
0.0
0.0
0.0
0.0
0.0
0.0
0.0
0.0
0.0
0.0
0.0
0.0
0.0
0.0
0.0
0.0
0.0
0.0
0.0
0.0
0.0
0.0
0.0
0.0
0.0
0.0
0.0
1.74711
0.0
0.0
0.0
1.0156
0.0
0.0
0.0
0.0
0.0
0.0
0.0
0.0
0.0
0.0
0.0
0.0
0.0
0.0
0.0
0.0
0.0
0.0
0.0
0.0
0.0
0.0
0.0
0.0
0.0
0.0
0.0
1.87818
0.0
0.0
0.0
0.0
0.0
0.0
0.0
0.0
0.0
0.0
0.0
0.0
1.19814
0.0
0.0
0.0
0.0
0.0
0.0
0.0
0.0
0.0
0.0
0.0
0.0
0.0
0.0
0.0
0.0
0.0
0.0
0.0
0.0
0.0
0.0
0.0
0.0
0.0
0.0
0.0
0.0
0.0
0.0
0.0
0.0
0.0
0.0
0.0
0.0
0.0
0.0
0.0
0.0
0.0
0.0
0.0
0.0
0.615914
0.0
0.0
0.0
0.0
0.0
0.0
0.0
0.0
0.0
0.0
0.0
0.0
0.502474
0.0
0.0
0.748205
0.0
0.0
0.0
0.0
0.0
0.0
0.0
0.0
0.0
0.0
0.0
0.0
0.0
0.0
0.0
0.739139
0.0
0.0
-1.35422
0.0
0.0
0.0
0.0
0.0
0.158762
-0.221945
-0.158316
-0.273623
-0.400289
0.798653
0.207198
-0.123859
-1.30492
-0.308918
0.0467071
-0.00249203
-1.53447
0.515055
0.0785242
0.247491
0.251838
-0.532072
0.133168
0.153434
0.67991
0.152284
0.228352
0.390609
-0.984704
-0.253876
0.0154953
-0.0115363
0.660506
0.127156
-1.72565
-0.142088
0.285664
0.0718568
0.34735
-0.345048
0.0
0.0
0.0
0.0
-0.313741
0.0
-0.43414
0.0
0.0
0.0
0.0
0.0
0.0
-0.21254
0.0
0.0
0.0
0.0
0.0
0.0
0.0
0.236925
0.0
0.0
0.0
0.0
0.0
0.0
0.0
0.0
0.0
0.0
0.0
0.0
0.0
0.0
0.120087
-0.563337
-0.859114
0.0489896
-0.125579
0.843771
0.858047
0.0783711
-1.39664
0.375947
0.463406
0.464835
-1.41135
0.240437
-0.104337
0.24749
0.170913
-0.545125
-0.0915355
0.107856
0.553243
-0.0352608
0.334009
0.326081
-1.32067
-0.0159098
-0.0142831
0.143034
0.0242563
0.0547053
-1.89549
0.0241755
0.0120703
-0.100485
0.309441
-0.405912
0.0
0.0
0.0
0.0
0.0
0.0
0.0
0.0
0.0
0.0
0.0
0.0
0.0
0.0
0.0
0.0
0.249709
0.0
0.0
0.0
0.0
0.0
0.0
0.0
0.0
0.0
0.0
0.0
0.0
0.0
0.0
0.0
0.0
0.0
0.0
0.0
-0.117834
-2.09136
-2.05094
0.0829584
-0.185189
0.127029
0.276226
-0.0314361
-1.78918
1.99524
-0.440332
2.16892
-1.69846
-0.131098
0.415387
0.0827629
0.457848
0.12332
-0.0277375
0.212106
-0.668131
-0.757056
-0.385616
0.338208
-1.68043
0.0996367
-0.0236253
-0.354546
1.82187
-0.31231
-1.14037
-0.00480947
-0.278007
0.136067
0.23319
-0.725001
0.0
0.0
0.0
0.0
0.0
0.0
0.0
0.0
0.0
0.0
0.0
1.09958
0.0
0.0
0.0
0.0
0.0
0.0
0.0
0.0
0.0
0.0
0.0
0.0
0.371804
0.0
0.0
0.451603
0.0
0.0
0.0
0.0
0.0
0.0
0.0
0.0
0.0
0.0
0.0
0.0
-1.09556
1.24464
0.0
0.0
0.0
0.0
0.0
0.0
0.0
0.0
0.0
0.0
0.0
0.0
0.0
0.0
0.0
0.427869
0.0
0.0
0.0
0.0
0.0
0.0
0.0
0.0
0.0
0.0
0.0
0.0
0.0
0.0
0.0
0.0
0.0
0.0
0.0
0.0
0.0
0.0
0.0
0.0
0.0
0.0
0.256226
0.0
0.0
0.0
0.0
0.0
0.0
0.0
0.0
0.0
0.0
0.0
0.0
0.0
0.0
0.0
0.0
0.0
0.0
0.0
0.0
2.73204
0.0
0.0
0.0
0.0539201
0.829847
0.0
-0.411764
0.0
0.0
0.0
0.0
0.0
0.0
0.0
0.0
0.0
0.0
0.0
0.0
0.799062
0.0
0.0
0.0
0.0
0.0
0.0
0.0
0.0
0.0
0.0
0.0
0.0
0.0
0.0
0.0
0.0
0.0
0.0
0.0
0.0
-0.319703
0.0
0.0
0.0
0.0
1.29147
0.0
0.0
0.0
0.0
0.0
0.0
0.0
0.0
0.0
0.0
0.0
0.0
0.0
0.0
0.0
0.0
0.0
0.0
0.0
0.0
0.0
0.0
0.0
0.0
0.0
0.0
0.0
0.0
1.17991
0.0
0.0
0.0
0.0
0.0
0.0
0.0
0.0
0.0
0.0
0.0
0.0
0.0
0.0
0.0
0.0
0.0
0.0
0.0
0.0
0.0
0.0
0.0
0.0
0.0
0.0
0.0
0.0
0.0
0.0
0.0
0.0
0.851105
0.0
0.0
0.0
0.0
0.0
0.0
0.0
0.0
0.0843126
0.0
0.0
0.0
0.0
0.0
0.0
0.0
0.0
0.0
0.0
0.0
0.0
0.0
0.0
0.0
0.0
0.0
0.0
0.0
0.0
0.0
0.0
0.0
0.0
0.0
0.0
0.0
0.0
0.0
0.0
0.0
0.0
0.0
0.0
0.454001
0.0
0.0
0.0
0.0
0.0
0.0
0.0
0.0
0.0
0.0
0.0
0.0
0.0
0.0
0.0
0.0
0.0
0.0
0.0
0.0
0.0
0.0
0.795251
0.0
0.0
0.171632
0.411686
0.0
0.0
0.0
0.0
0.0
0.0
0.0
0.0
0.0
0.0
0.0
0.0
0.0
0.0
0.0
-0.659838
0.0
0.0
0.0
0.0
0.0
0.0
0.0803055
0.0
0.0
0.0
0.0
0.0
0.0
0.0
0.0
0.0
0.0
0.0
0.0
0.0
0.0
0.0
0.0
-0.0892261
-0.220534
0.698022
-0.133717
0.0147166
0.420956
0.126927
-0.110346
-0.384205
-0.117267
-0.303731
0.0492912
0.339356
0.0336507
0.135136
-0.136666
0.188769
-0.65023
0.0339338
-0.352669
1.31882
0.203881
0.132534
0.437283
-1.11654
0.314244
0.00428743
-0.1542
-0.179616
-0.126523
0.0618513
-0.0569139
-0.167017
0.0995142
-0.0141362
-0.370313
0.0
0.0
0.0
0.0
0.0
0.0
0.0
0.0
0.0
0.0
0.0
0.0
0.0
0.0
0.0
0.0
0.0
0.0
0.0
0.0
0.0
0.0
0.233915
0.0
0.0
0.0
0.0
0.0
0.0
0.0
0.0
0.0
0.0
0.0
0.0
0.0
0.0
0.0
0.410419
0.0
0.0
0.0
0.0
0.0
0.0
0.0
0.0
0.0
0.0
0.0
0.0
0.0
0.0
0.0
0.0
0.0
0.0
0.0
0.0
0.0
0.0
0.0
0.0
0.0
0.0
0.0
0.0
0.0
1.57954
0.0
0.0
0.0
0.0
0.0
0.0
0.0
0.0
0.0
0.0
0.0
0.0
0.0
0.0
0.0
0.0
0.0
0.0
0.0
0.0
0.0
0.0
0.0
0.0
0.0
0.0
0.741833
0.87779
0.0
0.0
0.0
0.0
0.0
0.0
0.0
0.0
0.0
-0.521965
0.0
0.0
0.0
0.0
0.0
0.0
0.0
0.0
0.0
0.0
0.0
0.0
0.0
0.0
0.0
0.0
0.0
0.0
0.0
0.0
0.0
0.0
0.0
0.0
0.0
0.0
0.0
0.0
0.0
0.0
0.0
0.0
0.0
0.0
0.0
0.0
0.0
0.0
0.0
0.0
0.0
0.0
0.0
0.0
0.0
0.0
0.0
0.0
0.0
0.0
0.0
0.0
0.0
0.0
0.0
0.605012
0.0
0.0
0.0
0.0
0.0
0.0
0.0
0.0
0.0
0.0
0.0
0.0
0.0
0.0
0.0
0.0
0.0
0.0
0.0
0.0
0.0
0.0
0.0
0.0
0.0
0.0
0.0
0.0
0.0
0.0
0.0
0.0
0.0
0.0
0.0
0.0
0.0
0.0
0.0
0.0
0.0
0.0
0.0
0.0
0.0
0.0
0.0
0.0
0.0
0.0
0.0
0.0
0.0
-0.0764381
-0.253055
0.80219
-0.00473928
0.207727
0.3219
0.505109
-0.106204
-0.455535
-0.402324
-0.113226
-0.356848
0.0914135
-0.256008
0.0412309
-0.158112
0.0816434
0.0178807
0.0330287
-0.591325
0.913002
0.0496983
0.191813
0.450626
-0.856295
0.252811
-0.0124403
0.0381407
0.0986485
-0.0320275
-0.229183
0.100987
-0.00665003
0.153633
0.258442
-0.186746
0.0
0.0
0.0
0.0
0.0
0.0
0.0
0.0
0.0
0.0
0.180015
0.8405
0.0
0.324759
-0.0514495
0.0
0.0
0.788787
0.0
0.0
0.0
0.0
0.0
0.0
0.0
0.717252
-0.79042
0.0
-0.378054
0.0
0.0
-1.10155
0.0
0.0
0.0
0.0
0.0
0.0
0.0
0.0
0.0
0.0
0.0
0.673657
0.0
0.0
0.0
0.0
0.0
0.0
0.0
0.0
0.0
0.0
0.0
0.0
0.362021
0.0
0.0
0.0
0.0
0.0
0.0
0.0
0.0
0.0
0.0
0.0
0.0
0.0
0.0
0.0
0.0
0.0
0.0
-0.639937
0.0
0.0
0.0
0.0
0.0
0.0
0.0
0.0
0.0
0.0
0.0
0.0
0.0
0.0
0.0
0.0
0.0
0.0
0.0
0.0
0.0
0.0
0.0
0.0
0.0
0.0
0.0
0.0
0.0
0.0
0.0
0.0
0.0
0.0
0.0
0.0
0.0
0.0
0.0
0.0
0.0
0.0
0.807918
0.0
0.0
0.0
0.0
0.0
0.0
0.0
0.0
0.0
0.0
0.0
0.0
0.0
0.0
0.0
0.0
0.0
0.0
0.0
0.0
0.0
0.0
0.0
0.0
0.0
0.0
0.0
0.0
0.0
0.0
0.0
0.0
0.0
0.0
0.0
0.0
0.0
0.0
0.0
0.0
0.0
0.0
0.0
0.0
0.0
0.0
0.0
0.0
0.0
0.0
0.0
0.0
0.0
0.0
0.0
0.0
0.0
0.0
0.0
0.0
0.0
0.0816524
-0.268835
-0.165341
-0.108199
0.129452
0.698225
0.463323
-0.0678689
-0.345168
-0.322727
-0.143833
-0.00672212
-0.329304
0.079573
0.0568265
0.0978209
0.172437
-0.418316
1.01677
0.0346955
0.917688
0.159049
0.141233
0.337878
-1.06782
0.355123
-0.00323702
0.166614
0.217643
0.0789958
-0.200907
-0.076348
0.216001
-0.00591734
0.0147919
-0.288125
0.0
0.0
0.0
0.0
0.0
0.0
0.0
0.0
0.0
0.0
0.0
0.0
0.0
-0.0362776
0.0
0.0
0.0
0.0
0.0
0.0
0.0
0.0
0.0
-1.01679
0.0
0.0
0.0
0.0
0.0
0.0
0.0
0.0
0.0
0.0
0.0
0.0
0.0
0.0
0.0
0.0
0.0
0.0
0.0
0.0
0.0
0.0
0.0
0.0
0.0
0.0
0.0
0.0
0.0
0.0
1.26213
0.0
0.0
0.0
0.0
0.0
0.0
0.0
0.0
0.0
0.0
0.0
0.0
0.0
0.0
0.0
0.0
0.0
0.0
0.0
0.0
0.0
0.0
0.0
0.0
0.0
0.0
0.0
0.0
0.0
0.0
0.0
-0.967442
0.0
0.0
0.0
0.0
0.0
0.0
0.0
0.0
0.0
0.0
-0.953879
-0.308646
0.0
0.0
0.0
0.0
0.0
0.0
0.0
0.0
0.0
0.395029
0.0
0.0
0.0
0.0
0.0
0.0
0.0
0.0
0.0
0.0
0.0
0.0
0.0
0.0
0.0
0.0
0.0
0.0
0.0
0.0
0.0
0.0
0.0
0.0
0.0
0.0
0.0
0.0
0.0
0.0
0.0
0.0
0.0
0.0
0.0
0.0
0.0
0.0
2.09713
0.0
0.0
0.0
0.0
0.0
0.0
0.0
0.0
0.0
0.0
0.0
0.624138
0.0
0.0
-0.86242
0.0
0.0
0.0
0.0
0.0
0.0
0.0
0.0
0.0
0.0
0.0
0.0
0.0
1.38649
0.0
0.0
-0.0918019
0.0
0.0
0.0
0.0
0.0
0.0
0.0
0.0
0.0
0.0
0.0
0.0
0.0
0.0
0.0
0.0
0.0
0.0
0.0
0.0
0.0
0.0
0.0
0.0
0.0
0.0
0.0
0.0
0.0
0.0
0.0
0.35495
0.0
0.0
0.0
0.0
0.0
0.0
0.0
0.0
0.0
0.0
0.0
0.0
0.0
0.0
0.0
0.694245
0.0
0.0
0.0
0.0
0.0
0.0
0.0
0.0
0.0
0.0
0.0
0.0
0.0
0.0
0.0
0.0
0.0
0.0
0.0
0.0
0.0
0.0
0.0
0.0
0.0
1.77826
0.0
-0.072581
0.0
0.0
0.0
0.0
0.0
0.526154
0.0
0.0
0.0
0.0
0.0
0.0
0.0
0.0
1.51841
0.0
0.0
0.0
0.0
1.74211
0.0
0.0
0.0
0.0
0.0
0.0
0.0
0.0
0.0
0.0
0.0
0.0
0.0
0.0
0.0
0.0
0.0
1.00976
0.0
0.0
0.0
0.0
0.0863124
0.0
0.0
0.0
0.0
0.0
0.0
0.0
0.0
0.0
0.0
0.0
0.0
0.0
0.0
0.0
0.0
0.0
0.0
0.0
0.0
0.0
0.0
0.0
0.0382982
0.0
-0.222015
-0.130012
1.04784
-0.00208489
0.118058
0.313319
0.459774
0.498947
-0.899179
-0.132216
-0.0522072
-0.433827
0.123964
-0.259767
0.0861621
-0.291821
0.155385
0.269089
0.229245
-0.336365
0.862228
0.0344823
0.073732
0.493214
-0.841953
0.15211
-0.00874196
-0.0805788
0.0647817
-0.131264
-0.464607
0.178192
-0.233874
0.183151
0.0175963
-0.177129
0.0
0.0
0.0
0.0
0.0
0.0
0.0
0.0
0.0
0.0
0.0
0.0
0.0
0.0
0.0
0.0
0.0
0.0
0.0
0.0
0.0
0.0
0.0
0.0
0.0
0.0
0.0
0.0
-0.118744
0.0
0.0
0.0
0.0
0.0
0.0
0.0
0.0
0.0
1.51295
0.0
0.0
0.0
0.0
0.0
0.0
0.0
0.0
0.0
0.0
0.0
0.0
0.0
0.0
0.0
0.0
0.0
0.0
0.0
0.0
0.0
0.0
0.0
0.0
0.0
0.0
0.0
0.0
0.0
0.0
0.0
0.0
0.0
0.0
0.0
0.0
0.0
0.0
0.0
0.0
0.0
0.0
0.0
0.0
0.0
0.0
0.0
0.0
0.0
0.0
0.0
0.0
0.0
0.0
0.0
0.0
0.0
0.0
0.0
0.851233
0.0
0.0
0.0
0.824061
0.0
0.0
0.0
0.0
0.0
0.0
0.0
0.0
0.0
-0.397264
0.0
0.0
0.0
0.0
-0.657379
0.0
0.0
0.0
0.0
0.0
0.0
0.0
0.0
0.0
0.0
0.0
0.0
0.0
0.0
-0.358221
0.0
0.0
-1.01789
0.0
0.0
0.0
0.0
0.0
0.0
0.0
0.0
0.0
0.0
1.76743
0.0
0.0
0.0
0.0
0.0849113
0.0
0.0
0.0
0.0
0.0
0.0
0.0
0.0
0.0
0.0
0.0
0.0
0.0
0.0
0.0
0.0
0.0
0.0
0.0
0.0
0.0
0.0
0.0
0.0
0.0
0.0
0.0
0.0
0.0
0.0
0.0
0.0
0.0
0.0
0.0
0.0
0.0
0.0
0.0
0.0
0.0
0.0
0.0
0.0
1.38328
0.0
0.0
0.0
0.0
0.0
0.0
0.0
0.0
0.0
0.0
0.0
0.0
0.0
0.0
0.0
0.0
0.0
0.0
0.0
0.0
0.0
0.0
0.0
0.0
0.0
0.0
0.0
0.0
0.0
0.0
0.0
0.0
0.0
0.0
0.0
0.0
0.0
0.0
0.0
0.0
0.0
0.0
0.0
0.0
0.0
0.0
0.0
0.0
0.0
0.0
0.0
0.0
0.0
0.0
0.0
0.0
0.0
0.0
-0.380839
0.0
0.0
0.0
0.0
0.0
0.0
0.0
0.0
0.0
0.0
0.0
0.0
0.0
0.0
0.0
0.0
0.0
0.0
0.0
0.0
0.0
-0.314751
0.0
0.0
0.0
-0.267535
0.0
0.0
0.0
0.0
0.0
0.0
0.0
0.0
0.0
0.0
0.0
0.0
0.0
0.0
0.0
0.0
0.0
0.529939
0.0
0.0
0.0
0.0
0.0
0.0
0.0
0.0
0.0
0.0
0.0
0.0
0.0
0.0
0.0
0.0
0.0
0.0
0.0
0.0
0.0
0.0
0.0
0.0
0.0
0.0
0.0
0.0
0.0
0.0
0.0
0.0
0.0
0.0
0.0
0.0
0.0
0.0
0.0
0.0
0.0
0.0
0.0
0.0
0.0
1.16806
0.0
0.0
0.0
0.0
0.0
0.0
0.0
0.0
0.0
0.0105059
0.0
0.0
0.0
0.0
0.0
0.0
0.0
0.0
0.0
0.0
0.0
0.0
0.0
0.0
0.0
0.0
0.0
0.0
0.0
0.0
0.0
0.0
0.0
0.0
0.0
0.0
0.0
0.0
0.0
0.0
0.0
0.0
0.0
0.0
-2.45277
0.0
0.0
0.0
0.0
0.0
0.0
0.0
-0.15406
0.0
0.0
0.0
0.0
0.0
0.0
0.0
0.309739
0.0
0.0
0.0
0.0
0.0
0.0
0.0
0.0
0.0
0.0
0.0
0.0
0.0
0.0
0.0
0.0
0.0
0.0
-0.31464
0.0
0.0
0.0
0.0
0.0
0.0
0.0
0.0
0.0
0.0
0.0
0.0
2.40568
0.0
0.0
0.0
0.0
0.0
0.0
0.0
0.0
0.0
0.0
0.0
-0.15787
0.0
0.0
0.0
0.0
0.0
0.0
0.0
0.0
0.0
0.0
0.0
0.0
0.0
0.0
0.0
0.0
-0.756078
0.0
0.0
0.0
0.0
1.29568
0.0
0.0
0.0
0.0
0.0
0.0
2.00269
0.0
0.0
0.0
3.03014
0.0
0.0
0.0
0.0
0.0
0.0
0.0
0.0
0.0
0.0
0.0
0.0
0.0
0.0
0.0
0.0
0.0
0.0
0.0
0.0
0.0
0.0
0.0
0.0
0.0
0.0
0.0
-0.879957
0.550732
0.0
0.0
0.0
0.0
0.0
0.0
0.0
0.0
0.0
0.0
0.72573
0.0
0.0
0.0
0.0
0.0
0.0
0.0
0.0
0.0
0.0
0.0
0.0
0.0
0.0
0.0
0.0
0.0
0.0
0.0
0.0
0.0
0.0
0.0
0.0
0.0
0.0
0.0
0.0
0.0
0.0
0.0
0.0
0.0
0.0
0.0
0.0
0.0
0.0
0.0
0.0
0.315298
0.0
0.0
0.0
0.0
0.0
-0.0711793
0.0
0.0
0.0
-0.0974344
0.0
0.0
0.0
0.0
0.0
0.0
0.0
0.0
0.0
0.0
0.0
-0.116915
0.0
0.0
0.0
0.0
0.0687497
-1.33036
0.0
1.03582
1.03498
0.0
0.0
0.0
0.0
0.0
0.0
0.0
0.0
0.0
0.0
0.0
0.0
0.342996
0.0
-1.42733
0.0
0.0
0.0
0.0
0.0
0.0
0.0
0.0
0.0
0.0
0.0
-0.179042
0.0
0.0
0.0
0.0
0.0
0.0
0.0
0.0
0.0
0.0
0.0
0.0
0.0
0.0
0.0
0.0
-1.20896
0.0
2.08355
0.0
0.0
0.0
0.0
0.0
0.0
0.021422
-0.231774
0.536304
-0.0656937
-0.135894
0.431314
2.15688
-0.437069
-0.214355
0.429319
0.151355
0.118704
0.00139731
-0.0366359
-0.0888831
0.141391
0.141213
-0.499025
0.0162279
0.0189589
0.878312
0.121084
0.164284
0.0822397
-0.904797
0.0267777
-0.0154849
0.0469403
0.0430812
-0.0488035
-0.203218
-0.0554492
-0.0539368
-0.047785
0.200076
-0.283047
0.0
0.0
0.0
0.0
0.0
0.0
0.0
0.0
0.0
0.0
0.0
0.0
0.0
0.0
0.0
0.0
2.66933
0.0
0.0
0.0
0.0
0.0
0.0
0.0
0.0
0.0
0.0
0.0
0.0
0.0
0.0
0.0
0.0
0.0
0.0
-0.209779
0.0
0.0
0.0
0.0
0.0
0.0
0.0
0.0
0.0
0.0
0.0
0.0
0.0
0.0
0.597114
0.0
0.0
0.0
0.0
0.0
0.0
0.0
0.0
0.0
0.0
0.0
0.0
0.0
0.0
0.0
0.0
0.0
0.0
-1.65215
0.0
0.0
0.0
0.0
0.0
0.0
0.0
0.0
0.0
0.0
0.0
0.0
0.0
0.0
0.0
0.0
0.0
0.0
0.0
0.0
0.0
0.0
0.0
0.0
0.0
0.0
0.0
0.0
0.0
0.0
0.0
0.0
0.0
0.0
0.0
0.0
0.0
0.0
0.0
0.0
0.0
0.0
0.0
0.0
0.0
0.0
0.0
0.0
0.0
0.0
0.0
-0.562602
0.0
0.0
0.0
0.0
0.0
0.0
0.0
0.0
0.0
0.0
0.0
0.0
0.0
0.0
0.0
0.0
0.0
0.0
0.0
0.0
0.0
0.0
-1.09316
0.0
0.0
0.0
0.0
0.0
0.0
0.0
0.971616
0.0
0.0
0.0
0.0
0.0
0.0
0.0
0.0
0.0
0.0
0.0
0.0
0.0
0.0
0.0
0.0
0.0
0.0
0.0
0.0
0.0
0.0
0.0
0.0
0.0
0.0
0.0
0.0
0.0
0.0
0.0
0.0
0.809296
0.0
0.0
0.0
0.0
0.0
0.356284
0.0
0.0
0.0
0.0
0.0
0.0
0.0
0.0
0.0
0.0
0.0
0.0
0.0
0.810151
0.0
0.0
0.0
0.0
0.862631
0.0
0.0
0.0
0.0
0.0
-0.830828
0.0
0.0
0.0
0.0
0.0
0.0
0.0
0.0
0.0
0.0
0.0
0.0
0.0
0.0
0.0
0.0
0.0
0.0
-0.989037
0.0
-0.228284
0.0
0.0
0.0
0.0
0.0
0.0
0.0
0.0
0.0
0.0
0.0
0.0
0.0
0.0
2.19342
0.0
0.0
0.0
0.0
0.0
0.0
0.0
0.0
0.0
0.0
0.0
0.0
0.0
0.0
0.0
0.0
0.0
0.0
0.0
0.0
0.0
0.0
0.0
0.0
0.0
0.0
0.0
0.0
0.0
0.0
0.0
0.0
0.0
0.0
1.33161
0.0
0.0
0.0
0.0
-0.344879
0.0
0.0
0.0
0.0
0.0
0.0
0.0
0.0
0.0
0.0
0.0
0.0
-2.22349
0.0
0.0
0.0
0.0
0.0
0.0
0.0
0.0
0.0
0.0
0.0
0.0
0.0
0.0
0.0
0.0
0.0
0.0
0.0
0.0
0.0
0.0
0.0
0.0
0.0
0.0
0.0
0.0
0.0
0.0
0.0
0.0
0.0
0.0
0.0
0.0
0.0
0.0
0.0
0.0
0.0
0.0
0.0
0.0
0.0
0.188864
0.0
0.0
0.0
0.0
0.0
0.0
0.0
0.0
0.0
0.0
0.0
0.0
0.0
0.0
0.0
0.0
0.0
0.0
0.0
0.0
0.0
0.0
0.0
0.0
0.0
0.0
0.0
0.0
0.0
0.0
0.0
0.329315
0.0
0.0
0.0
0.0
0.0
0.0
0.0
0.0
0.0
0.0
0.0
1.0656
-0.0795757
-0.293272
1.07979
-0.526857
0.313375
0.0827754
-0.300468
-0.156904
-0.827851
0.0692608
-0.158303
-0.466619
0.48178
-0.318819
0.0809706
-0.73969
0.0799595
0.558535
0.347611
-0.245492
0.805977
-0.0612044
0.243716
0.507992
-0.703255
0.111511
-0.00759594
-0.100426
0.251739
-0.00668577
-0.465593
0.258512
-0.239393
0.129046
0.908163
-0.203732
0.0
0.0
0.0
0.0
0.0
0.0
0.0
0.0
0.0
-0.348172
0.0
0.0
0.0
0.0
0.0
0.0
0.0
0.0
0.0
0.0
0.0
0.0
0.0
0.0
0.0
0.0
0.0
0.0
0.0
0.0
0.0
0.0
0.0
0.0
0.0
0.0
0.167411
-0.0770562
0.55062
-0.121235
-0.0735936
0.543391
0.40932
0.0812236
-0.0672449
-0.00264669
0.293724
-0.0718374
0.240582
0.472493
0.0279586
0.118143
0.203041
-0.373269
0.105676
-0.076129
1.06572
0.124923
-0.0631053
0.284104
-1.04089
0.188767
-0.0190605
-0.0751362
0.120867
0.105006
-0.104942
-0.0569489
0.0134445
0.0574798
0.358561
-0.220611
0.0
0.0
0.0
0.0
0.0
0.0
0.0
0.0
0.0
0.0
0.0
0.0
0.0
0.0
0.908495
0.0
0.0
0.0
0.0
0.0
0.0
0.0
0.0
0.0
0.0
0.0
0.0
0.0
0.0
0.0
0.0
0.0
0.0
0.0
0.0
0.0
0.0
0.0
0.0
0.0
0.0
0.0
0.0
-1.68561
0.0
0.0
0.0
0.0
0.0
0.0
0.0
0.0
-1.85519
0.0
0.0
0.0
0.0
0.0
0.0
0.0
0.0
0.0
0.0
0.0
0.0
0.0
0.0
0.0
0.0
-0.0453281
0.0
0.0
0.0
0.0
0.0
0.0
0.0
0.0
0.0
-1.12191
0.0
0.0
0.210326
0.0
0.0
0.0
0.0
0.0
0.0
0.0
0.0
0.0
0.0
0.0
0.0
0.0
-1.25642
0.0
0.0
0.0
0.0
0.0
0.0
-1.7082
0.0892258
0.0
0.0
0.0
0.0
0.0
0.0
0.0
0.0
0.0
0.0
0.0
0.0
0.0
0.0
0.0
-0.962474
0.0
0.0
0.0
0.0
0.0
0.0
0.0
2.00583
0.0
0.0
0.0
0.0
0.0
0.0
0.0
0.0
-1.60159
0.0
0.0
0.0
0.0
0.0
0.0
0.0
0.0
0.0
0.0
0.0
0.0
0.0
0.0
0.0
0.0
0.0
0.0
0.0
0.0
0.0
0.0
0.0
0.0
0.0
0.0
0.0
0.0
0.0
0.0
0.0
0.0
0.0
0.0
0.0
0.0
0.0
0.0
0.0
0.0
0.0
0.0
0.0
-0.384896
0.0
0.0
0.0
0.0
0.0
0.0
0.0
0.0
0.0
0.0
0.0
0.0
0.0
0.0
0.0
0.0
0.0
0.0
0.0
0.0
0.0
0.0
0.0
0.0
0.0
0.0
0.0
0.0
0.0
0.0
0.0
0.267766
0.0
0.0
0.0
0.0
0.0
0.0
0.0
0.406503
0.0
0.0
0.0
0.0
0.0
0.0
0.0
0.0
0.0
0.979992
0.0
0.0
0.0
-0.226502
0.0
0.0
0.0
0.0
0.0
0.0
0.0
0.0
0.0
0.0
-0.285931
0.0
0.0
0.0
0.0
0.0
0.0
0.0
0.0
0.0
0.0
0.0
0.0
0.0
0.0
0.0
0.0
0.0
0.0
0.0
0.0
0.0
0.0
0.0
0.0
0.0
0.0
0.0
0.0
0.0
0.0
0.0
0.0
0.0
0.0
0.0
0.0
0.0
0.0
0.0
0.0
0.0
0.0
0.0
0.0
0.0
0.531114
0.0
0.0
0.0
0.0
1.03559
0.0
0.0
0.0
0.0
0.0
0.0
0.0
0.0
0.0
0.0
-0.10631
0.986981
0.0
0.0
0.0
0.0
0.0
0.216749
0.0
0.0
0.0
0.673338
0.0
0.0
0.0
0.0
0.0
0.0
0.0
0.0
0.0
0.0
0.0
0.0
0.0
0.0
0.0
0.0
0.0
0.0
0.0
0.0
0.0
0.0
0.0
0.0
0.0
0.0
0.0
0.931383
0.0
0.0
0.0
0.0
0.0
0.0
0.0
1.53823
0.0
0.0
0.0
0.0
0.0
0.0
0.0
0.0
0.0
0.0
0.0
0.0
0.0
0.0
0.0
0.0
0.0
0.0
0.0
0.0
0.0
0.0
0.0
0.0
0.0
0.0
-0.280549
0.0
0.0
0.0
0.0
0.0
0.0
0.0
0.0
0.0
0.0
1.20614
0.0
0.0
0.0
0.0
0.0
0.0
0.0
0.0
0.0
0.0
0.0
0.0
0.0
0.0
0.0
0.0
0.0
0.0
0.0
0.0
0.0
0.0
0.0
-0.533498
0.0
0.0
0.0
0.0
0.0
0.0
0.0
0.0
0.0
0.0
0.0
0.0
0.0
0.0
0.0
-0.350653
0.0
0.0
0.0
0.725978
0.0
0.0
0.0
0.0
0.0
0.0
0.0
0.0
0.0
0.0
0.0
0.0
0.0
0.0
0.0
0.0
0.0
0.0
0.0
0.0
0.0
0.0
0.0
0.0
0.0
0.0
0.0
0.0
0.0
0.0
0.120149
-0.403097
1.16872
0.211466
0.222452
0.0648497
0.712278
0.416704
-0.161617
-0.595882
0.13186
-0.476935
0.154407
0.34546
0.000454602
0.231093
-0.016938
0.451943
-0.0592521
-0.0875989
0.768289
-0.265913
0.411954
0.414456
-0.585722
0.0136489
-0.017553
0.257914
0.114846
0.17235
-0.492287
0.057267
0.295034
0.23088
0.239792
-0.141674
0.0
0.0
0.0
-0.602948
0.0
0.0
0.0
0.0
0.0
0.0
0.0
0.0
0.0
0.0
0.0
0.0
0.0
0.0
0.0
0.0
0.0
0.0
0.0
0.0
0.0
0.0
0.0
0.0
0.0
0.0
0.0
0.0
0.0
0.0
0.0
0.0
0.0
0.0
0.0
0.0
0.0
0.0
0.0
0.0
0.0
0.0
0.0
0.0
0.0
0.0
0.0
0.0
0.0
0.0
0.0
0.0
0.0
0.0
0.0
0.0
0.0
0.0
0.0
0.0
0.0
0.0
0.0
0.0
0.0
0.0
0.0
0.0
0.0
0.108837
1.12084
0.0
0.0
0.0
0.0
0.0
0.0
0.0
0.0
0.0
0.0
0.0
0.0
0.0
0.0
0.0
0.0
0.0
0.0
0.0
0.0
0.0
1.05629
0.0
0.0
0.0
0.0
0.0
0.0
0.0
0.0
0.0
0.0
0.0
0.0
0.0
0.0
0.0
0.0
0.0
0.0
0.212167
0.0
0.0
0.0
0.0
0.0
0.0
0.0
0.0
0.0
0.0
0.0
0.0
0.0
0.0
0.0
0.0
0.0
0.0
0.0
0.0
0.0385612
0.0
0.0
0.0
0.0
0.0
0.0
0.0
0.0
0.166508
0.0
0.0
0.0
0.0
-0.954579
0.0
0.0
0.303166
0.404537
0.0
0.0
0.0
0.0
0.0
0.0
0.0
0.0
0.0
-1.27983
0.0
0.0
0.0
0.0
0.0
0.0
0.0
0.0
0.0
0.0
0.0
0.0
0.0
-1.7639
0.0
0.0
0.0
0.0
0.0
0.0
0.0
0.0
0.0
0.0
0.0
0.0
0.0
0.0
0.0
0.0
0.0
0.0
0.0
0.0
0.0
1.03991
-0.405594
0.0
0.0
0.0
0.0
0.0
0.0
0.0
0.0
0.0
0.0
0.0
0.0
0.0
0.0
0.0
0.0
0.0
0.0
0.0
0.0
0.0
0.0
0.0
0.0
0.0
0.0
0.472626
0.0
0.0
0.0
0.0
0.0
0.0
0.0
-0.072165
0.0
-0.0270528
0.0
0.0
0.0
0.0
0.0
0.0
0.0
0.0
0.0
0.0
0.0
0.0
0.0
0.0
0.0
0.0
0.0
-1.41994
0.0
0.0
0.0
0.0
0.0
1.73992
0.0
0.0
0.0
0.0
0.0
0.0
0.0
0.0
0.0
0.0
0.0
0.0
0.0
0.634544
-1.44752
0.0
0.0
0.0
0.0
0.0
0.0
2.03332
0.0
0.0
0.0
0.0
0.0
2.59899
0.0
0.0
0.0
0.0
0.0
0.0
0.0
0.0
0.0
0.0
0.0
0.0
0.0
0.0
0.0
0.0
0.0
0.0
0.0
0.0
0.907991
0.0
0.0
0.0
0.0
0.0
0.0
0.0
0.0
0.0
0.0
0.0
0.0
0.0
0.0
0.0
-0.712602
0.0
0.0
0.907613
0.0
0.0
0.0
0.0
0.0
0.0
0.0
-0.108715
0.0
0.0
0.0
0.0
0.0
0.0
0.0
0.0
0.0
0.0
0.0
0.0
0.0
0.0
0.0
0.0
0.0
0.0
0.0
0.0
0.0
0.0
0.0
0.0
0.0
0.0
0.0
0.0
0.0
0.0
0.0
0.0
0.0
0.0
2.09039
0.651372
-0.775271
0.0
0.0
0.0
0.0
0.0
0.0
0.0
0.0
0.0
0.0
0.0
0.0
0.0
0.0
0.0
0.0
0.0
0.0
0.0
0.0
0.0
0.0
0.0
0.0
0.0
0.0
0.0
0.0
0.0
0.5625
0.0
0.0
0.0
0.0
0.0
0.0
0.0
1.29015
0.0
0.0
0.162519
0.0
0.0
0.0
0.0
0.0
0.0
0.0
0.0
0.0
0.0
0.0
0.0
0.0
0.0
0.0
0.0
0.0
0.0
0.0
0.0
0.0
0.0
0.0
0.0
0.0
0.0
0.0
-0.0033856
0.0
0.0
0.0
0.0
0.0
0.0
0.0
0.0
0.0
0.0
0.0
0.0
-0.236389
0.384969
0.0
0.0
0.0
0.0
0.0
0.0
0.0
0.0
0.0
0.0
0.0
0.0
0.0
0.0
0.0
0.0
0.0
0.0
0.0
0.0
0.0
0.0
0.0
0.0
0.0
0.0
0.0
0.0
-0.402273
0.0
0.0
0.0
0.0
0.0
0.0
0.0
0.0
0.0
0.0
0.780301
0.0
0.0
0.0
0.0
0.0
0.0
0.0
-1.46883
0.0
0.0
0.0
0.0
0.0
0.0
0.0
0.0
0.0
0.0
0.0
0.0
0.0
0.0
0.0
0.0
0.0
0.0
0.0
0.0
0.0
0.0
0.0
0.0
0.0
0.0
0.0
0.0
0.0
0.0
0.0
-0.921986
0.0
0.157034
-0.322686
0.126133
0.142757
0.339514
-0.294626
1.65604
0.285829
-0.256302
-0.500316
0.0335891
-0.511304
0.176406
0.207179
-0.0784761
0.115146
-0.139794
0.792928
-0.208264
0.187947
0.768932
0.134569
0.690072
0.339543
-0.0821595
-0.150807
0.00341493
0.109001
-0.0600397
0.221069
-0.0534552
0.0146969
0.0177463
0.165279
0.116116
-0.187785
0.0
0.0
0.0
0.0
0.0
0.0
0.0
0.0
0.0
0.0
0.0
-0.647466
0.0
0.0
-1.09516
0.0
-0.344957
0.0
0.0
0.0
0.0
0.0
0.0
0.0
0.0
0.0
0.0
0.0
0.0
0.0
0.0
0.0
0.0
0.0
0.0
0.0
0.0
-1.00133
0.0
0.0
0.0
0.0
0.0
0.0
0.0350127
0.0
0.0
0.0
0.0
0.0
0.0
0.0
0.0
0.0
0.0
0.0
0.0
0.0
0.0
0.0
-0.737608
0.0
0.0
0.0
0.0
0.0
0.0
0.0
0.0
0.0
0.0
0.0
0.0
0.0
0.0
0.0
0.0
0.0
0.0
1.04721
0.0
0.0
0.0
0.0
0.0
0.0
0.0
0.0
0.0
0.0
0.0
0.0
0.0
0.0
0.0
0.0
0.0
0.0
0.0
0.0
0.0
0.0
0.0
-0.494781
0.0
0.0
0.0
0.0
0.0
0.504829
0.0
0.0
0.0
0.0
0.0
0.0
1.96132
0.0
0.0
0.0
0.0
0.0
0.0
0.0
0.0
0.0
0.0
0.0
0.0
0.0
0.0
0.0
0.0
0.0
0.0
0.0
0.0
0.0
0.0
0.0
0.0
0.0
0.0
0.0
0.0
0.0
0.0
0.0
-0.142397
0.0
0.0
0.0
0.0
0.0
0.0
0.0
0.0
0.0
0.0
1.53423
0.0
0.0
0.0
0.0
0.0
0.0
0.0
0.0
0.0
0.0
0.0
0.0
0.0
0.0
0.0
0.0
0.0
0.0
0.0
0.0
0.0
0.0
0.0
0.0
0.0
0.0
0.0
0.0
0.0
0.0
0.0
0.0
0.0
0.0
0.0
0.0398814
0.0
0.0
0.707202
0.0
0.0
0.0
0.0
0.0
0.0
0.0
0.0
0.0
0.0
0.0
0.0
0.0
0.0
0.0
0.0
0.0
0.0
0.0
0.0
0.0
0.0
0.0
0.0
0.0
0.0
0.0
0.0
0.0
0.0
0.0
0.0
0.0
0.0
0.0
0.0
0.0
0.0
0.0
0.0
0.0
0.0
0.0
0.0
0.0
0.0
0.0
0.0
0.0
0.0
0.0
0.0
0.0
0.0
0.0
0.0
0.0
0.0
0.0
0.0
0.0
0.0
0.0
0.0
0.0
0.0
0.0
0.0
0.0
0.0
0.0
0.0
-0.309056
0.0
0.0
0.567958
0.0
0.0
-0.0264052
0.0
0.0
0.0
0.0
0.0
0.0
0.0
0.0
0.0
0.0
0.0
0.0
0.0
0.0
0.0
0.0
0.0
0.0
0.0
0.0
0.0
0.0
0.0
0.959449
0.0
0.0
0.0
0.0
0.0
0.0
0.0
0.0
0.0
0.0
0.0
0.0
-0.537728
0.0
0.0
0.0
0.0
0.0
0.25
0.0
0.546249
0.0
0.0
0.0
0.0
0.0
0.0
0.0
0.0
0.0
0.0
0.0
0.0
0.0
0.0
0.0
0.0
-0.920894
0.0
0.0
0.0
0.0
0.0
0.0
0.0
0.0
0.0
0.0
0.0
0.0
0.0
0.0
0.0
0.0
0.0
0.0
0.0
0.0
0.0
0.0
0.0
0.0
0.0
0.0
0.0
0.0
0.0
0.0
0.0
0.0
0.0
0.0
0.0
0.0
0.0
0.0
0.407726
0.0
0.0
0.0
0.0
0.0
0.0
0.0
0.0
0.0
0.0
0.0
0.0
0.0
0.0
0.0
0.0
0.0
0.0
0.0
0.0
0.0
0.0
0.0
0.0
0.0
0.0
0.0
0.0
0.0
0.0
0.0
0.0
0.0
0.0
0.0
0.0
0.0
0.0
0.0
0.0
0.0
0.0
0.0
0.0
0.0
0.0
0.0
0.0
0.0
0.0
0.0
0.971005
0.0
0.0
0.0
0.0
0.0
0.0
0.0
0.0
0.0
0.0
0.0
0.0
0.0
0.0
1.35031
0.0
0.0
0.0
0.0
0.0
0.0
0.0
0.0
0.0
0.0
0.0
0.0
0.0
0.0
0.0
0.0
0.0
0.0
0.0
-0.638839
0.0
0.0
-0.035856
-0.0731398
0.431767
0.0652749
0.254396
-0.0340748
0.29547
0.659363
-0.483283
-0.246894
0.117519
-0.597212
0.378749
0.0890912
-0.0541682
0.0248524
0.0511437
0.830521
-0.0543794
0.225522
0.567594
0.0653077
0.313815
0.488516
-0.649429
-0.309873
-0.020403
-0.109274
0.240503
0.14507
-0.774629
0.0249394
0.0256888
0.238931
0.858551
-0.107506
0.0
0.0
0.0
0.0
0.0
0.0
0.0
0.0
0.0
0.0
0.0
0.0
0.0
0.0
0.0
0.0
0.0
0.0
0.0
0.0
0.0
0.0
0.0
0.0
0.0
1.47424
0.0
0.0
0.0
0.0
0.0
0.0
0.0
0.0
0.0
0.0
0.0
0.0
0.0
0.0
0.0
0.0
1.32743
0.0
-0.172538
0.0
0.0
0.0
0.0
0.0
0.0
0.0
0.0
0.0
0.0
0.0
0.0
0.0
0.0
0.0
0.0
0.0
0.0
0.0
0.0
0.0
0.0
0.0
0.0
0.0
0.0
0.0
0.0
0.0
0.0
0.0
0.0
0.0
0.0
0.0
0.0
0.0
0.0
0.0
0.0
0.0
0.0
0.0
0.0
0.0
0.0
0.0
0.0
0.0
0.0
0.0
0.0
0.0
0.0
0.0
0.0
0.0
0.0
0.0
0.0
0.0
0.0
0.0
0.0
0.0
0.0
0.0
0.0
0.0
0.0
0.0
0.0
0.0
0.0
0.0
0.0
0.0
0.0
0.0
0.0
0.0
0.0
0.0
0.0
0.0
1.82712
0.174818
0.0
0.0
0.0
0.0
0.0
0.0
0.0
0.0
0.0
0.0
0.0
0.0
0.0
0.0
0.0
0.0
0.0
0.0
0.0
0.0
0.0
0.0
0.0
0.0
0.0
-1.14779
-0.859813
0.0
0.0
0.0
0.0
0.0
0.0
0.0
0.0
0.0
0.0
0.0
0.0
-0.719857
0.0
0.0
0.0
0.0
0.0
1.73863
0.0
0.0
0.0
0.0
0.0
0.0
0.0
0.0
0.0
0.0
-1.38401
0.0
0.0
0.0
0.0
0.0
0.0
0.0
0.0
0.0
0.0
0.0
0.0
0.0
0.0
0.0
0.0
0.0
0.0
0.0
0.0
0.0
0.0
0.0
0.0
0.0
0.0
0.0
1.22355
1.83294
0.0
0.0
0.0
0.0
0.0
-1.00132
0.0
0.0
0.0
0.0
0.0
0.0
0.0
0.560961
0.0
0.0
0.0
1.07346
0.0
0.0
0.0
0.0
0.0
0.0
0.0
0.0
0.0
0.0
0.0
0.0
0.0
0.0
0.0
0.0
0.0
0.0
0.0
0.0
0.0
0.0
0.0
0.0
0.0
0.0
0.0
0.0
0.0
0.0
0.0
0.0
0.0
0.0
0.0
-0.355078
0.0
0.0
0.0
0.0
0.0
0.0
0.0
0.0
0.0
0.0
0.0
0.0
0.0
0.0
0.0
0.0
0.0
0.0
0.0
0.0
0.0
0.0
0.0
0.0
-0.635913
0.0
0.0
0.0
0.0
0.0
0.0
0.0
0.0
0.0
0.0
0.0
0.0
0.0
0.0
0.0
0.0
0.0
0.0
0.0
0.0
0.0
0.0
0.0
0.0
0.0
0.0
0.0
0.0
0.0
0.0
0.0
0.0
0.0
0.0
0.0
0.0
0.0
0.0
0.0
0.0
0.0
0.0
0.0
0.0
0.0
0.0
0.0
0.0
0.0
0.0
0.0
0.0
0.0
0.0
0.0
0.0
0.0
0.0
0.0
0.0
0.0
0.0
0.0
0.0
0.0
0.0
0.0
0.0
0.0
0.0
0.0
0.0
0.0
0.0
0.0
0.0
0.0
0.0
0.0
0.0
0.0
0.0
0.0
0.0
0.0
0.0
0.0
0.0
0.0
0.0
0.0
0.0
0.0
0.0
0.0
0.0
0.0
0.0
0.0
0.0
0.0
0.0
0.0
0.0
0.0
0.0
0.0
0.0
0.0
0.0
0.0
0.0
0.0
0.0
0.0
0.0
0.0
0.0
0.0
0.0
0.0
0.0
0.0
0.0
0.0
-0.162365
0.0
0.0
0.0
0.0
0.0
0.0
0.0
0.0
0.0
0.0
0.0
0.0
0.0
0.0
-0.395313
0.0
0.0
0.0
0.0
0.0
0.0
0.0
0.0
0.0
0.0
0.0
0.0
0.0
0.0
0.0
0.0
0.0
0.0
0.0
0.0
0.0
0.0
0.0
0.0
0.0
0.0
0.0
0.0
0.0
0.0
0.0
0.0
0.0
0.0
0.0
0.0
0.0
0.0
0.0
0.0
0.0
0.0
0.0
0.0
0.0
0.0
0.0
0.0
0.0
0.0
0.0
0.0
0.0
0.0
0.0
0.0
0.0
-1.51409
0.0
0.0
0.0
0.0
0.0
0.0
0.0
0.0
0.0
0.0
0.0
0.0
0.0
0.0
0.0
0.0
0.0
0.0
0.0
0.0
-0.280408
0.0
0.0
0.0
0.0
0.0
0.0
0.0
0.0
0.0
0.0
0.0
0.0
-0.932064
0.0
0.0
0.0
0.0
0.0
0.0
0.0
0.0
1.23
0.0
0.176868
-0.0234761
0.127587
0.0887123
0.170563
-0.313426
0.539248
0.271129
0.0709603
-0.421838
0.108525
-0.638916
0.88462
0.429256
-0.128431
-0.187269
-0.174292
0.122644
-0.189928
0.117672
0.813195
-0.254417
0.142365
0.148532
-0.462134
-0.242226
-0.0652288
0.130639
-0.187761
0.049126
0.557442
-0.683111
-0.187402
0.0762409
0.290215
-0.0158154
0.0
0.0
0.0
0.0
0.0
-1.02454
0.0
0.0
0.0
0.0
0.0
0.867569
0.0
0.0
0.0
0.0
0.0
0.0
0.0
0.0
0.0
0.0
0.0
0.0
0.0
0.0
2.4331
0.0
0.0
0.0
0.0
0.152044
0.0
0.0
0.0
0.0
0.0
0.0
0.0
0.0
0.0
0.0
0.0
0.0
0.0
0.0
0.0
0.0
1.08073
0.0
0.0
0.0
0.0
-1.17397
0.0
0.0
0.0
0.0
0.0
0.0
0.0
0.0
-1.98237
0.0
0.0
0.0
0.0
0.0
0.0
0.0
0.0
0.0
0.920875
0.0
0.0
0.0
0.0
0.0
0.0
0.0
-0.346751
0.0
0.0
0.0
0.0
0.0
0.0
0.0
0.0
0.0
0.0
0.0
0.816689
0.0
0.0
0.0
0.0
0.0
0.0
0.0
0.0
0.0
0.0
0.0
0.0
0.0
0.0
0.0
0.0
0.0
0.0
0.0
0.0
-0.410062
0.0
0.0
0.0
0.0
0.0
0.0
0.0
0.0
0.0
0.0
0.0
0.0
0.0
0.0
0.0
-0.622086
0.0
0.0
0.0
0.0
0.0
0.0
0.0
0.0
0.0
0.0
0.0
0.0
0.0
0.0
0.0
0.0
0.0
0.0
0.0
0.0
0.0
0.0
0.0
0.0
0.0
0.0
0.0
0.0
0.0
0.0
0.0
0.0
0.0
0.0
0.0
0.0
0.0
0.135674
0.0
0.0
0.0
0.0
0.0
0.0
0.0
0.93802
0.0
0.0
0.0
0.0
0.0
0.0
0.0
0.0
0.0
0.0
0.0
0.0
0.0
0.0
0.0
0.0
0.0
-0.750242
0.0
0.0
0.0
0.0
0.0
0.0
0.0
0.0
-0.323594
0.0
0.0
0.0
0.0
0.0
0.0
0.0
0.0
0.0
0.0
0.0
0.0
1.13616
0.0
0.0
0.0
0.0158617
0.0
0.0
1.23837
0.0
0.0
0.0
0.0
0.0
0.0
0.0
0.0
0.0
0.0
0.0
0.0
0.0
0.0
0.0
0.637505
0.0
0.0
0.0
0.0
0.0
0.0
0.202386
0.0
0.0
0.0
0.0
0.0
0.0
0.0
0.0
0.0
0.0
0.0
0.0
0.0
0.0
0.0
0.0
0.0
0.0
-0.532734
0.0
0.0
0.0
0.0
-1.13178
0.0
0.0
-1.17166
0.0
0.0
0.0
1.24846
0.0
0.0
0.0
0.0
0.0
0.0
0.0
0.0
0.0
0.0
0.0
0.526405
0.0
0.0
0.0
0.0
0.0
1.62666
0.0
0.0
0.0
0.0
0.0
0.0
0.0
0.0
0.0
0.0
0.0
0.0
0.0665653
0.0
0.0
0.0
0.0
0.0
0.0
0.0
0.0
0.0
0.0
0.0
0.0
0.0
0.0
0.0
0.0
0.0
0.0
0.0
0.0
0.0
0.0
0.0
0.0
0.0
-0.31278
-1.13097
0.0
0.0
1.09258
0.0
0.0
0.0
0.0
-0.586968
0.0
0.0
0.0
0.0
0.0
0.0
0.0
0.0
0.0
0.0
0.0
0.0
0.0
0.0
0.0
0.0
0.0
0.0
0.0
0.0
0.0
0.0
0.0
0.0
0.0
0.0
0.170785
0.0
0.0
0.0
0.0
0.0
1.03629
0.0
0.225252
0.0
0.0
0.0
0.0
0.0
0.0
0.0
0.0
0.0
0.0
0.0
0.73732
0.293354
0.0
0.0
0.0
0.0
1.51246
0.0
0.0
0.0
0.0
0.0
0.0
0.0
0.0
0.0
0.0
0.0
0.0
0.0
0.0
1.31945
0.0
0.0
0.0
0.0
0.0
0.0
0.0
0.0
0.0
0.0
0.0
0.0
0.0
0.0
0.0
0.0
0.0
0.0
0.0
0.0
0.0
0.0
0.0
0.0
0.0
0.0
0.0
0.0
0.0
0.0
1.82543
0.0
0.0
0.0
0.0
0.0
0.0
0.0
0.0
0.0
0.0
0.0
0.0
0.0
0.0
0.0
0.0
0.0
0.0
0.0
0.0
0.0
0.0
0.0
0.0
0.0
0.0
-0.106441
0.495789
-0.563674
0.195292
-0.353356
-0.346266
0.395466
0.161913
-0.0686175
-0.210982
-0.0342028
-0.815738
0.540989
0.475914
-0.0458956
0.283539
-0.110545
0.0733725
2.60483
0.154548
0.388507
-0.0396996
-0.220362
-0.18548
1.34195
-0.647048
-0.0325284
0.556664
0.0789993
-0.116435
0.945797
-0.0830235
0.404751
-0.342945
-0.0280506
0.0159762
0.0
0.0
0.0
0.0
0.496128
0.0
0.0
0.0
0.0
0.0
0.0
0.0
0.0
0.0
0.0
0.0
0.0
0.0
0.0
0.0
0.0
0.0
0.0
0.0
0.0
0.0
0.0
0.0
0.0
0.0
0.0
0.0
0.0
0.0
0.0
0.0
0.0
0.0
0.0
0.0
0.0
0.0
0.0
0.0
0.0
0.0
0.0
0.0
0.0
0.0
0.0
0.0
0.0
0.0
0.0
0.0
0.0
0.0
0.0
0.0
0.0
0.0
0.0
0.0
0.0
0.0
0.0
0.910467
0.0
0.0
0.0
0.0
0.0
0.0
0.0
0.0
0.0
0.0
0.656679
0.0
0.0
0.0
0.0
0.0
0.0
0.0
0.0
0.0
0.0
0.620551
0.0
0.0
0.0
0.0
0.0
0.0
0.0
0.0
0.0
1.54506
0.0
0.0
0.0
0.0
0.0
0.0
0.0
0.0
0.0
0.0
0.0
0.0
0.0
0.0
0.0
0.0
0.0
0.0
0.0
0.0
0.0
0.0
0.0
0.0
0.0
0.0
0.0
0.0
0.0
0.0
0.0
0.0
0.0
0.0
0.0
0.0
0.0
0.0
0.0
0.0
0.0
0.0
0.0
0.0
0.0
0.0
0.0
0.0
0.0
0.0
0.0
0.0
0.0
0.0
0.0
0.0
0.0
0.0
0.0
0.0
0.0
0.0
0.0
0.0
0.0
0.0
0.0
0.0
0.0
0.0
0.4576
0.0
0.0
0.0
0.0
0.0
0.0
0.0
0.0
0.0
0.0
0.0
0.0
0.0
0.0
0.0
0.0
0.0
0.0
0.0
0.0
0.0
0.0
0.0
0.0
0.0
0.0
0.0
0.0
0.0
0.0
0.0
0.0
0.0
0.0
0.0
0.0
0.0
-1.55362
0.0
0.0
0.0
0.0
0.0
0.0
0.0
0.0
0.0
0.0
0.0
0.0
0.0
0.0
0.0
0.0
0.0
0.0
-1.23042
0.0
0.0
0.0
0.0
0.0
0.0
0.0
0.0
0.0
0.0
0.0
0.0
0.0
0.0
-0.225823
0.0
-1.09551
0.0
0.0
0.0
0.0
0.0
0.0
-0.456336
0.0
0.0
0.0
0.0
0.0
0.0
0.0
0.0
0.0
0.0
0.0
0.0
0.0
0.0
0.0
0.0
0.0
0.0
0.0
0.0
0.0
0.0
0.0
0.0
0.0
0.0
0.0
0.0
-0.368108
0.0
0.0
0.0
0.0
0.0
0.0
0.0
0.0
0.0
0.0
0.0
0.0
0.0
0.0
0.0
0.0
0.0
0.0
0.0
0.0
0.0
0.0
0.0
-0.548844
0.0
0.0
0.0
0.0
0.0
0.0
0.0
0.0
0.0
0.0
0.0
0.0
0.0
0.0
0.0
0.0
0.0
0.0
-0.463251
0.0
0.0
0.0
0.0
0.0
0.0
0.0
0.0
0.0
0.0
0.0
0.0
0.0
0.0
0.0
0.0
-0.371164
0.0
0.0
0.0
0.0
0.0
0.0
0.0
0.0
0.0
0.73812
0.0
0.0
1.45529
0.0
0.0
0.0
0.0
0.0
0.0
0.0
0.0
0.0
0.0
0.0
0.0
0.0
0.520716
0.0
0.0
0.0
0.0
0.0
0.0
0.0
0.0
0.0
0.0
0.0
0.0
0.0
0.0
0.0
0.0
0.0
0.0
0.0
0.0
0.0
0.0
0.0
0.0
0.0
0.0
0.0
0.0
0.0
0.0
0.0
0.0
0.0
0.0
0.0
0.0
0.0
0.0
0.0
0.0
0.0
0.0
0.0
0.0
0.0
0.0
0.0
0.0
0.0
0.0
0.0
-1.62225
0.0
0.0
0.0
0.0
0.273434
0.0
0.0
-1.94046
0.0
0.0
0.0
0.0
0.0
0.0
0.0
0.0
0.0
0.0
0.0
0.0
0.0
0.0
0.0
0.0
0.0
0.0
-0.984416
0.0
0.0
0.0
0.0
0.0
0.0
0.0
0.0579658
0.0
0.0
0.0
0.0
0.0
0.0
-0.897026
0.0
0.0
0.903656
0.0
0.0
0.0
0.0
0.0
0.0
0.0
0.0
0.0
0.0
0.0
0.0
0.0
0.0
1.18024
0.0
0.0
0.416997
0.0
0.0
0.0
0.0
0.0
0.0
0.0
0.969741
0.0
0.0
0.0
0.0
0.445148
0.0
0.0
0.0
0.0
0.372991
0.0
0.0
0.0
0.0
0.0
0.0
0.0
0.0
0.0
0.0
0.0
0.0
0.0
0.0
0.0
0.0
0.0
0.0
0.0
0.0
0.0
0.0
0.0
0.0
0.0
0.0
0.0
0.0
0.0
0.0
0.0
0.0
0.0
0.0
0.0
0.0
0.0
0.0
0.0
0.0
0.648091
0.0
0.0
0.0
0.0
0.0
0.0
0.0
0.0
0.0
0.0
0.0
0.0
0.0
0.0
0.0
0.0
-1.11336
0.82452
0.0
0.0
0.0
0.0
0.0
0.0
0.0
0.0
0.0
0.0
0.0
0.0
0.0
0.0
0.0
0.0
0.0474877
0.175348
0.321965
0.0992434
0.0411836
-0.189906
0.0690826
0.104054
-0.4701
0.15433
0.520858
-0.3146
-0.699598
0.123703
-0.0267153
0.0443518
-0.107048
-0.0225579
-0.182669
-0.397952
1.99042
0.516222
0.265107
-0.384664
0.500472
-0.105371
0.00847603
0.025236
-0.26368
0.196934
0.539743
-0.0563585
1.36228
-0.268885
0.0224511
-0.183266
0.0
0.0
0.0
0.0
0.0
0.0
0.0
0.224175
0.0
0.0
0.0
0.0
0.0
0.0
0.0
0.0
0.0
0.0
0.0
0.0
0.0
-1.68858
-0.429682
0.0
0.0
0.0
0.0
0.0
0.279274
0.0
0.0
0.0
0.0
0.0
0.0
0.0
0.0
0.0
0.0
0.0
0.0
0.0
0.0
0.0
0.0
0.0
0.0
0.0
0.0
0.0
0.0
0.0
0.0
-0.180084
0.0
0.0
0.0
0.0
0.0
0.0
0.0
0.0
0.0
0.0
0.0
0.0
0.0
0.0
0.0
0.0
-0.763784
0.0
0.0
-1.67329
0.0
0.0
-0.0541954
0.0
0.0
0.0
0.0
0.0
0.0
0.0
0.0
0.0
0.0
0.0
0.0
0.0
0.0
0.0
0.0
0.0
0.0
0.0
0.0
0.0
0.0
0.0
0.0
0.0
0.0
0.0
0.0
0.0
0.0
0.0
0.0
0.0
0.0
0.694158
0.0
0.0
0.0
0.0
0.0
0.0
0.0
0.0
0.0
1.01698
0.0
0.0
0.0
0.0
0.0
0.0
0.0
0.0
0.0
0.0
0.0
0.0
0.0
0.0
0.736886
0.0
0.0
0.0
0.0
0.0
0.0
0.0
0.0
0.0
0.0
0.0
0.0
0.0
0.0
0.0
0.0
1.01092
0.0
0.0
0.0
0.0
0.0
0.0
0.0
0.0
0.0
1.71407
0.0
0.0
0.0
0.0
0.0
0.0
0.0
0.0
0.0
0.0330583
0.0
0.833849
0.0
0.0
0.0
0.0
-0.559916
0.0
0.0
0.0
0.0
0.0
0.0
0.0
0.0
0.0
0.0
0.0
0.0
0.0
0.0
0.0
0.0
0.83572
0.0
0.0
0.0
0.0
0.0
0.0
0.0
0.0
0.0
0.0
0.0
0.0
0.0
0.0
0.0
0.0
0.0
0.0
0.0
0.0
0.0
-0.184897
0.0
0.0
0.0
0.0
0.0
0.0
0.0
0.0
0.0
0.0
0.0
0.0
0.0
0.0
0.0
0.0
0.0
0.0
0.0
0.0
0.0
0.0
0.0
0.0
0.0
0.0
0.0
0.0
0.0
0.724272
0.0
0.0
0.0
0.0
0.0
0.0
0.0
0.0
0.0979034
0.0
0.0
0.0
0.0
0.0
0.0
-1.02133
0.0
0.0
0.0
0.0
0.0
0.0
0.0
0.0
-1.40761
0.0
0.0
0.0
0.0
0.0
0.0
0.0
0.0
0.0
0.0
0.0
0.0
0.0
0.0
0.0
0.0
0.0
0.0
0.788727
0.0
0.0
0.0
0.0
0.0
0.0
0.0
-1.00583
0.0
-1.9817
0.0
0.0
0.0
0.0
0.368392
0.0
0.0
0.0
0.0
0.0
0.0
0.0
0.0
0.0
0.0
0.0
0.0
0.0
-1.04065
0.0
0.0
0.0
0.0
0.0
0.0
0.0
0.0
1.59881
0.0
0.0
0.0
0.0
0.0
0.0
0.0
0.244971
0.0
0.0
0.0
0.0
0.0
0.0
0.0
0.0
0.0
-0.180088
0.0
0.0
0.0
-0.0930743
0.0
0.0
0.0
0.0
0.0
0.0
0.0
0.0
0.0
0.0
0.0
0.0
0.0
0.0
0.0
0.0
0.0
0.0
0.0
0.0
0.0
0.0
0.0
0.0
0.0
0.0
0.0
1.24272
0.0
0.0
0.0
0.0
0.0
0.0
0.0
0.0
0.0
0.0
0.0
0.0
0.0
0.743915
0.0536452
0.403362
-0.359283
0.0882269
0.0420182
-0.125128
-0.00464601
0.363653
-0.00489335
-0.356353
0.0432099
-0.742435
0.465147
0.405021
-0.0870989
0.19934
-0.205522
0.845878
0.209253
0.0394745
0.330878
0.258833
-0.476307
0.0107083
1.68657
-0.642257
-0.0350982
-0.019789
-0.114204
0.0463154
0.902893
0.165443
0.238
0.0443175
0.1777
0.0310756
0.0
0.0
0.0
0.0
0.0
0.0
0.0
0.0
0.0
0.0
0.0
0.0
0.0
0.0
0.0
0.0
0.0
0.0
0.0
0.215047
0.0
0.0
0.0
0.0
-1.0522
0.0
0.0
0.0
0.583379
0.0
0.0
0.0
0.0
0.0
0.0
0.0
0.0
0.0
0.0
0.0
0.0
0.0
0.0
0.0
0.0
0.0
0.0
0.0
0.417318
0.0
0.0
0.0
-0.18559
0.0
0.0
0.0
0.0
0.0
0.0
0.0
0.0
0.0
0.0
0.0
0.0
0.0
-0.800537
0.0
0.0
0.0
0.0
0.0
0.130355
0.0
0.0
0.0
0.0
0.0
0.0
0.0
0.0
0.0
0.0
0.0
0.0
0.0
0.0
0.0
0.0
0.0
0.0
0.0
0.0
0.0
0.0
0.0
-0.88764
0.0
0.0
0.0
0.0
0.0
0.0
0.0
0.0
0.0
0.0
0.0
-0.0502854
0.718225
0.0577121
-0.0878581
-0.051071
-0.211965
0.176942
-0.108974
-0.0545508
-6.06218e-05
0.139769
-0.282711
0.220718
0.273471
-0.0443492
0.0189728
0.203967
0.0179474
0.108458
-0.0108745
1.46434
0.303342
-0.10153
-0.51341
0.812449
-0.639729
5.48659e-05
-0.18548
-0.0805436
-0.0571175
0.0374539
0.00274503
-0.094468
-0.198096
-0.417451
-0.0944464
0.0
0.0
0.0
-1.08069
0.0
0.0
0.0
0.0
0.0
0.094416
0.0
0.0
0.0
0.0
0.0
0.0
0.0
0.0
0.0
0.0
0.0
0.0
0.0
0.0
0.0
0.0
0.0
0.0
0.0
0.0
0.0
0.0
0.0
0.0
0.0
0.0
0.0
0.0
0.0
0.0
0.0
0.0
0.267464
0.0
0.0
0.0
0.0
-0.941612
0.0
0.0
0.0
0.0
0.0
0.0
0.0
0.0
0.0
0.0
0.0
0.0
0.0
0.0
0.0
0.0
0.0
0.0
0.0
0.0
0.0
0.0
0.0
0.0
0.0
0.0
0.0
0.0
0.0
0.0
0.0
0.0
0.0
0.0
0.0
-1.65797
0.0
0.0
0.0
0.0
0.0
0.0
0.0
0.0
0.0
0.0
0.0
0.0
0.0
0.0
0.0
0.0
0.0
0.0
0.0
0.0
0.0
0.0
0.0
0.169763
0.0
0.0
0.0
-2.29295
0.0
0.0
0.0
0.0361673
0.0
0.0
0.0
0.0
-1.00573
0.0
0.0
0.0
0.0
0.0
0.0
0.0
0.0
0.0
0.0
0.0
0.0
0.0
0.0
0.0
0.0
-1.75957
0.0
0.0
0.0
0.0
0.0
0.0
0.0
0.0
0.0
0.0
0.348951
0.0
0.0
0.0
0.0
0.0
0.0
0.0
0.0
0.0
0.0
0.0
0.0
0.0
0.0
0.0
0.0
0.0
0.0
0.0
0.0
0.0
0.0
0.0
0.0
1.57397
0.0
0.0
-0.883873
0.0
0.0
0.0
0.0
0.0
0.0
0.0
0.0
0.0
0.0
0.0
0.0
0.0
0.0
0.0
0.0
0.0
0.0
0.0
0.0
0.0
-0.546355
0.0
0.0
0.0
0.0
0.0
0.0
0.0
0.0
0.0
0.0
0.0
0.0
0.0
0.0
0.0
0.0
-0.920065
0.0
0.0
0.0
0.0
0.0
0.0
0.0
0.0
0.0
0.0
0.0
0.0
0.0
0.0
0.0
0.0
0.0
0.0
0.0
0.0
0.0
0.0
0.0
0.0
0.0
0.0
0.0
0.0
2.03519
0.0
0.0
0.0
-0.764991
0.0
0.0
0.0
0.0
0.0
0.0
0.0
0.0
-1.13554
0.0
0.0
0.0
0.0
0.0
0.0
0.0
0.0
0.0
0.0
-1.29258
0.0
0.0
0.0
0.516989
0.0
0.0
0.0
0.0
0.0
0.0
0.0
0.0
0.0
0.0
0.0
0.0
0.0
0.0
0.0
0.0
0.0
0.0
0.0
0.0
0.0
0.0
0.0
0.0
0.0
0.0
0.0
0.0
0.0
0.0
0.0
0.0
0.0
0.0
0.0
0.0
-0.267146
0.0
0.0
0.0
0.0
0.0
0.0
-0.0729839
0.0
0.0
0.0
0.0
0.0
0.0
0.0
0.0448706
0.37798
0.223091
-0.035753
-0.0760099
-0.0571522
-0.388665
-0.23571
0.358162
-0.239586
-0.0458905
-0.679325
0.841471
0.124731
-0.0586409
0.0981564
-0.274445
0.594196
-0.0311296
0.325517
0.267544
0.237188
-0.650669
0.00323016
1.61653
-0.764071
-0.0470481
-0.133731
0.163167
0.025079
1.02975
-0.0576174
-0.0356916
0.0176883
-0.479036
0.00757749
0.0
0.0
0.0
0.0
-0.50034
0.0
0.0
0.0
0.0
0.0
0.0
0.0
0.0
0.0
0.0
0.0
0.0
0.70071
0.0
0.0
0.0
0.0
0.0
0.936463
0.0
0.846755
0.0
0.0
0.0
0.0
0.0
0.0
0.0
0.0
0.0
0.0
0.0
0.0
0.0
0.0
0.0
0.0
-0.680359
0.0
0.0
0.0
0.0
-0.159909
0.0
0.0
0.0
0.0
0.0
0.0
0.0
-0.0540052
0.0
0.0
0.0
0.0
0.0
0.0
0.0
0.250443
0.0
0.0
0.0
0.0
0.0
0.0
0.0
0.0
0.0
0.0
0.0
0.0
0.0
0.0
0.0
0.0
0.0
0.0
0.0
0.0
0.0
0.0
0.0
0.0
0.0
0.0
0.0
0.0
0.0
0.0
0.0
0.0
0.0
0.0
0.0
0.0
0.0
0.0
0.0
0.0
0.0
0.0
0.0
0.0
0.0
0.0
0.0
0.0
0.0
0.0
0.0
0.0
0.0
-0.934068
0.0
0.0
0.0
0.0
0.0
-0.00624945
0.19467
0.0
0.0
0.0
0.0
0.0
0.0
-0.791444
0.0
0.0
0.0
0.0
0.0
0.0
0.0
0.0
0.0
0.0
0.0
0.0
0.0
0.0
0.0
0.0
0.0
0.0
0.0
0.0
0.0
0.0
0.0
0.0
0.0
0.0
0.0
0.0
0.0
0.0
0.0
0.0
1.08161
0.0
0.0
0.0
0.0
0.0
0.0
0.0
0.0
0.0
0.0
0.0
0.0
0.0
0.0
0.0
-0.0290337
0.57494
0.0109419
-0.084288
-0.414726
-0.134131
0.0953027
-0.235606
0.873546
-0.22674
-0.0712748
-0.370284
0.205479
0.30381
-0.077369
0.0583001
0.14763
0.186365
-0.0691262
0.0843832
1.23729
0.118958
-0.112127
-0.474814
0.845279
-0.594804
-0.0117032
-0.0509617
0.0438091
-0.0302362
0.0449497
-0.0146891
0.12431
-0.266965
-0.355338
-0.0434831
0.0
0.0
0.0
0.0
0.0
0.0
0.0
0.0
1.28312
0.0
0.0
0.0
0.0
0.0
0.0
0.0
0.0
0.0
0.0
0.0
0.0
0.0
0.0
0.0
0.0
0.0
0.0
0.0
0.0
0.0
0.0
0.0
0.0
0.0
0.0
0.0
0.022095
0.0
0.0
0.0
0.0
0.0
0.0
0.0
0.0
0.0
0.0
0.0
0.0
0.0
0.0
0.0
0.0
0.0
0.0
0.0
0.459945
0.0
0.0
0.0
0.0
0.0
0.0
0.0
0.0
0.0
0.0
0.0
0.0
-0.888781
0.0
0.0
0.0
0.0
0.0
0.0
0.0
0.0
0.0
0.0
0.0
0.0
0.0
0.0
0.0
0.0
0.0
0.0
-0.428261
0.0
0.0
0.0
0.0
0.0
0.0
0.0
0.0
0.0
0.0
0.0
0.0
-1.47474
0.0
0.0
0.0
0.0
0.0
0.0
0.0
-0.353392
-1.66548
0.0
0.0
0.0
0.0
0.0
0.0
0.0
0.0
0.0
0.0
0.0
0.0
0.0
0.0
0.0
-0.653063
0.0
0.0
0.0
0.0
0.0
0.0
0.0
0.0
0.0
0.0
0.0
-1.45414
0.0
0.0
-0.959578
0.0
0.0
0.0
0.0
0.0
0.0
0.0
0.0
0.0
0.0
0.0
0.0
0.0
0.0
0.0
0.0
0.0
0.0
0.0
0.0
0.0
0.0
0.0
0.0
0.0
1.44228
0.0
0.0
0.0
0.0
0.0
0.662982
0.0
0.0
0.0
0.0
0.0
0.0
0.0
0.0
0.0
0.0
0.0
0.0
0.0
0.0
0.137218
0.0
0.0
0.0
0.0
0.0
0.0
0.0
0.0
0.0
0.0
0.0
0.0
0.0
0.0
0.0
0.0
0.0
0.0
0.0
0.0
0.0
0.0
0.0
1.83459
0.0
0.0
0.0
0.0
0.0
0.0
0.0
0.0
0.0
0.0
0.0
0.0
0.0
0.0
0.0
0.0
0.0
0.0
0.0
0.0
0.0
0.0
0.0
0.0
0.0
0.0
0.0
0.0
0.0
0.0
0.0
0.0
0.0
0.0
0.0
0.0
0.355301
0.0
0.0
0.00460933
0.41614
0.605649
-0.154799
-0.408165
0.128689
-0.09739
0.498403
0.638313
-0.272552
-0.24647
-0.638615
0.925675
-0.15378
-0.0782634
0.202649
-0.306283
0.54355
0.0207411
0.665916
0.0255985
0.015957
-0.965706
-0.216654
1.84563
-0.529149
-0.0710082
-0.235654
-0.191413
-0.113989
0.777835
-0.0157004
-0.341994
-0.124815
-0.0390918
0.111344
0.0
0.0
0.0
0.0
0.0
0.0
0.0
0.0
0.0
0.0
0.0
0.0
0.0
0.0
0.0
0.0
0.0
0.0
0.0
0.0
0.0
0.0
0.0
0.0
0.0
0.0
0.0
0.0
0.0
0.0
0.0
0.0
0.0
0.0
0.0
0.0
0.0
0.0
0.0
0.0
0.0
0.0
0.0
0.0
0.0
0.0
0.0
0.0
0.0
0.0
0.0
0.0
0.0
0.0
0.0
0.0
0.0
0.0
-2.36832
0.0
0.0
0.0
0.58212
0.0
0.0
0.0
0.0
0.0
0.0
0.0
0.0
0.0
-0.0339353
0.0
0.0
0.0
0.0
0.0
0.0
0.0
0.0
0.0
0.0
0.0
0.0
0.0
0.0
0.0
0.0
0.0
0.0
0.0
-0.159157
0.0
0.0
0.0
0.0
0.0
0.0
0.0
0.0
0.0
0.0
0.0
0.0
0.0
0.0
0.0
-1.10449
0.0
0.0
0.0
0.0
0.0
0.0
0.0
-1.03825
0.0
0.0
0.0
0.0
0.0
0.0
0.0
0.0
0.0
0.0
0.0
0.0
0.0
0.0
0.0
0.0
0.0
0.0
0.0
0.0
0.0
0.0
0.0
0.0
0.0
0.0
0.0
0.0
0.0
0.0
0.0
0.0
0.0
0.0
0.0
0.0
0.0
0.0
-0.646612
0.180216
0.0
-0.173678
0.0
0.0
0.0
0.0
0.0
0.0
0.0
0.0
-1.00464
0.0
0.0
0.0
0.0
0.0
0.0
0.0
0.0
0.0
0.0
0.0
0.0
0.0
0.0
0.0
0.0
0.0
0.0
0.0
0.0
0.0
0.0
0.0
0.0
0.0
0.0
0.0
0.0
0.0
0.0
0.0
0.0
0.0
0.0
0.0
0.0
0.0
0.0
0.0
0.0
0.0
0.0
0.0
0.0
0.0
0.0
0.0
0.0
0.0
0.0
0.0
0.0
0.0
0.0
0.0
0.0
0.0
0.0
0.0
0.0
0.0
0.0
0.0
0.0
0.0
0.0
0.0
0.0
0.0
0.0
0.0
0.0
0.0
0.0
0.0
-0.121068
0.0
0.0
-0.053828
0.0
0.0
0.0
0.0
0.0
0.0
0.0
0.0
0.0
0.0
0.0
0.0
0.0
0.0
0.0
0.0
0.0
0.0
0.0
0.0
0.0
0.0
0.0
0.0
0.0
0.0
-1.06482
0.0
0.0
0.0
0.0
0.0
0.0
0.0
0.0
0.0
0.0
0.0
0.0
0.0
0.0
-0.0812823
0.495726
-0.352099
-0.101502
-0.52901
-0.344124
-0.187358
0.626358
0.26882
0.15679
0.16158
-0.468826
0.502052
-0.0561319
-0.125206
-0.174633
0.0923588
0.122213
-0.291414
-0.0869587
1.33034
0.0860759
0.129745
-0.440864
1.03518
-0.544068
-0.0138479
0.000258706
0.153146
-0.137363
0.387934
-0.00979321
-0.236167
-0.306132
-0.0907051
-0.0610588
0.0
0.0
-1.03498
0.0
-0.0766272
0.0
0.0
0.0
0.0
0.0
1.07692
0.0
0.0
0.0
0.0
0.0
0.0
0.0
0.0
0.0
0.0
0.0
0.0
0.0
0.0
0.0
0.0
0.0
0.0
0.0
0.0
0.0
0.0
0.0
0.0
0.0
-0.0361996
0.454405
0.52245
-0.224806
-0.0658352
0.762009
-0.25603
0.412764
0.527354
-0.794757
0.240496
-0.975046
0.525594
0.2298
-0.061663
0.0819566
-0.427735
0.110895
0.439636
-0.304051
-0.36482
-0.180154
-1.34731
-0.227394
1.83602
-0.390225
-0.10058
-0.0635864
-0.0251058
0.070936
1.43378
-0.112019
0.274012
-0.397298
-0.278647
0.269961
0.0
0.0
0.0
0.0
0.0
0.0
0.0
0.0
0.0
0.0
0.0
0.0
0.438077
0.0
0.0
0.0
-1.00017
0.0
0.0
0.0
0.0
0.0
0.0
0.0
0.0
0.0
0.0
0.0
0.0
0.0
0.0
0.0
0.0
0.0
0.0
0.0
-0.0182878
0.444269
0.0258059
-0.232958
-0.317767
0.269236
-0.293801
0.330173
0.400375
-0.55762
0.0123584
-0.810778
-0.0928676
0.339031
0.00951893
-0.0294042
-0.237102
0.424225
0.204685
-0.00198043
-0.0394347
-0.102902
-0.953476
-0.184622
1.532
-0.680561
-0.0539172
-0.131408
-0.0666713
-0.0593467
0.906147
0.106752
-0.219067
-0.415529
-0.0221489
0.12208
0.0
0.0
-1.20217
0.0
0.0
0.0
0.0
0.0
0.0
0.0
0.0
0.0
0.0
0.0
0.0
0.0
0.0
0.0
0.0
0.0
0.0
0.0
0.0
0.0
0.0
0.0
-0.294565
0.785123
0.0
0.0
0.0
0.0
0.0
0.0
0.0
0.0
0.0
0.0
0.0
-0.840479
0.164219
0.0
0.0
0.0
0.0
0.0
0.0
0.0
0.0
0.0
0.0
0.0
0.0
0.0
0.0
0.0
0.0
0.0
0.0
-1.40735
0.0
-0.54916
0.0
0.0
0.0
0.0
0.0
0.0
0.0
0.0
0.0
0.0
-1.175
0.0
0.0
0.0
0.0
0.0
0.0
0.0
0.0
0.0
0.0
0.0
0.0
0.0
0.0
0.0
0.0
0.0
0.0
0.0
0.0
0.0
0.0
0.0
0.0
0.0
0.0
0.0
0.0
0.0
0.0
0.0
0.0
0.0
0.0
0.0
0.0
-0.572696
0.0
0.0
0.0
0.0
-1.07356
0.0
0.0
0.0
0.306992
0.0
0.0
0.0
0.0
0.0
0.0
0.0
0.0
0.0
0.0
0.0
0.0
0.0
0.0
0.0
0.0
0.0
0.0
0.0
0.0
0.0
0.0
0.0
0.0
0.0
0.697208
0.0
0.0
0.0
0.0
0.0
0.0
0.0
0.0
0.0
0.0
0.0
0.0
0.0
0.0
0.0
0.0
0.0
0.0
0.0
0.0
0.0
0.0
0.0
0.0
0.0
0.0
0.0
0.0
0.0
0.0
0.0
0.092521
0.0
-0.706736
0.772768
0.0779768
0.470185
-0.308846
0.260153
-0.411249
4.13023
3.43381
0.973554
-0.00202269
0.397587
0.428238
-0.223946
-1.0414
0.484763
1.69642
0.222802
-0.25666
0.711507
0.21449
0.136073
1.52704
0.535997
2.57335
3.22085
1.36614
-1.36709
0.0473943
-0.119022
-0.143134
-0.214008
-0.084366
0.263778
0.0362381
1.97353
4.31289
-3.20657
-0.0624299
-0.84043
0.93409
0.0231515
0.03504
-4.33598
-3.44811
-0.738624
0.4689
-0.429678
0.151285
-0.157431
0.842596
-0.553626
-1.50705
0.30956
0.180935
-0.320588
-0.052226
0.150147
-1.40947
-0.717745
-3.35304
-4.09382
-1.08388
1.55829
-0.629052
0.32746
0.045604
-0.269989
-0.066601
0.501444
-0.307082
-2.82144
-3.72919
3.27314
-0.159801
0.0549524
-1.93297
0.586463
0.158027
-0.673053
-0.168387
0.302956
0.0531502
-1.00559
-0.751116
1.69078
-1.39531
-2.04011
1.64294
-1.09401
0.398634
-2.6073
-0.310068
0.592021
1.15446
0.611188
0.851523
0.549611
-0.477138
2.04027
0.195171
0.280899
-0.125296
-0.554523
-0.439807
0.257808
-0.300621
-3.67734
-0.565926
3.48739
0.0336919
0.520601
-0.0251663
0.179839
0.651784
-0.516019
1.18314
-1.34292
0.637077
4.94369
-0.172409
0.580589
-0.475276
-0.0814346
-1.0768
-0.36452
0.0838584
1.08557
0.0647671
1.28737
-0.62334
0.58701
-0.22198
0.248653
1.17102
1.31408
-3.18612
0.173496
0.000404587
0.350507
-1.18181
-0.15932
0.442178
3.66767
0.742405
0.635393
0.0155069
-0.370313
0.624893
0.283259
-0.376182
-0.205766
-0.0146287
0.234737
0.466914
-0.0318755
0.579579
-0.380287
-0.198979
-0.0688918
0.188299
0.532289
-0.0758896
0.391101
0.162341
0.286378
0.117215
-0.181781
-0.779496
-0.87339
0.283069
0.190924
-0.589353
0.208353
-0.0975627
-0.483931
-0.15079
0.765307
-0.270815
-0.848172
0.583715
0.0667667
-0.0274679
-0.156862
0.39614
0.0190353
0.0824453
-0.0992852
0.407438
-0.4741
0.315714
-0.176711
0.251991
-0.757496
-0.461582
-0.268385
-0.379766
0.204198
-0.395981
0.190215
-0.108872
0.229582
0.307095
-0.0202385
-0.424104
-0.869494
0.277437
0.201348
-0.166799
0.133191
0.0465348
-0.343652
-0.261581
0.470067
-0.428043
0.871773
0.393458
-0.25421
1.32932
1.60661
0.685393
0.0150067
0.0474689
1.46368
0.349495
0.421379
0.286748
0.289969
0.072476
-0.828129
-1.87013
-0.172597
0.567842
0.194432
0.0323069
0.385071
-0.0902782
-0.877499
-2.28355
0.144818
-0.105357
0.970188
-0.060046
-1.65081
0.0201459
-1.1306
-0.361831
0.41571
0.311621
0.339826
-0.807294
1.14426
3.9803
1.0583
1.79316
1.57594
-0.166861
0.018284
-1.51648
-0.535968
-0.445364
-0.221866
0.735295
-0.373476
0.272011
0.416419
0.825356
-0.749882
-0.673627
0.123769
-0.272956
-0.335043
-0.108953
0.128346
-0.288476
0.109027
-0.20666
0.796563
0.431626
1.8919
-1.73956
0.141935
0.0260036
0.185013
-0.0270527
0.395854
-0.460509
-0.562596
1.24668
1.99524
1.70534
-1.66972
-1.54636
0.0180811
2.54951
0.0483441
0.323464
-0.251246
0.256724
-0.421677
0.257624
-0.351311
-1.75456
2.0282
-3.07614
1.85509
1.26044
0.231532
-0.115351
0.130326
0.354096
-0.0398858
-0.219073
-0.883455
1.24478
0.295886
-1.04108
1.2002
0.613846
-0.339096
0.0138464
0.485697
-0.458509
0.611384
0.367043
-0.325604
-0.0408615
0.98666
2.52115
2.46737
2.67957
-2.48591
0.511271
-1.12963
0.465737
-0.222875
0.259023
-0.586711
-0.37726
-0.199695
2.23697
2.44646
-0.316905
-1.5808
-0.110086
0.119109
0.275857
-0.0154334
-0.40476
-0.864093
1.93741
0.334196
1.782
0.111457
-0.282311
-0.351551
-0.0292467
0.470778
-0.425742
0.48291
0.32218
-0.105467
0.0575882
-1.08577
1.22818
2.139
1.70937
0.0538673
-0.878395
2.41467
0.0834965
0.269802
0.0939416
-0.315029
1.29972
-1.9096
1.05607
2.42764
-2.03658
-0.910657
-0.0598525
-0.699912
1.02581
-0.303091
1.57626
1.88166
0.860545
-1.74249
0.124831
1.81386
0.104681
-2.57151
0.696419
0.120869
-2.71155
2.42738
-0.982184
-1.14386
0.0445067
-1.87009
0.0845562
2.47993
-0.319824
0.526071
-0.431143
-1.61069
-0.537808
-0.734736
0.113128
-0.555235
0.922363
0.0352556
-0.443089
0.0344603
-0.102533
2.32185
-2.85823
2.37246
-0.0598336
-0.643257
1.22839
0.140293
0.88844
-0.175202
-0.302139
-1.08053
0.116377
-0.744739
-0.196582
0.307892
-0.0319961
2.37036
-2.25363
-2.32244
0.0359553
0.771437
0.563128
-0.0015105
0.34512
-0.00889578
1.87139
2.81251
0.258984
-0.941876
0.075988
-0.493506
0.675198
0.0563225
0.700511
-0.0215779
-0.392431
-0.651602
-0.470221
0.8611
-0.672327
-0.168866
0.310739
0.115135
-0.451419
-0.91514
-0.910505
0.16208
-1.15911
-0.0338714
4.09286
-0.588825
-0.157824
-1.35974
-0.42512
-1.07769
-0.00755363
0.420219
0.147009
0.0122826
0.16994
0.0998232
-2.11695
-2.71512
-3.41068
-1.58675
0.163282
-0.531262
-0.385256
-0.512522
-0.69451
0.193057
-0.572384
0.611548
-2.69525
2.39747
-1.01248
0.215416
-1.25676
-0.10858
0.249953
0.200864
-0.0544056
1.14249
-0.0116666
-0.231518
-0.286854
0.499997
-0.348299
-0.703076
0.0473925
-0.176953
0.106558
-0.433537
0.289333
-0.00301982
0.17625
0.963226
-1.36324
2.82595
0.16206
4.40715
-0.00745731
0.779357
0.305788
-0.210834
-0.606464
-0.147706
1.24889
-0.83222
0.443149
-1.0664
3.35097
-0.694692
1.01728
3.13944
-1.35875
0.0546442
3.6144
0.178649
0.0247173
0.154484
-1.00319
-1.29786
1.49737
2.51406
0.166989
0.0412128
-0.0162559
-0.302418
0.540557
0.0183574
0.0695893
0.0802511
1.72169
0.375264
2.25443
-2.79573
1.87987
-0.703049
-0.321351
-0.205257
-0.247942
0.214614
-0.310019
0.0938914
-0.116675
0.112222
-0.298522
-1.70507
-1.95838
1.4516
0.232395
0.275886
-0.293378
0.156574
0.0367044
-0.269247
-0.223516
0.469176
-0.361321
0.666687
0.390742
-0.400547
0.0109437
1.0853
0.321028
0.0207009
0.0609253
1.47118
-0.669583
0.464133
0.305401
2.31834
-2.3268
0.624356
-1.87044
-0.753787
-0.562767
-0.120671
0.449103
-0.324843
-0.0525226
-0.824149
-3.48387
1.64869
1.9812
-2.16218
-0.143303
1.50013
-0.217508
0.317943
0.126313
-0.0374769
0.573908
-0.158929
1.58574
-1.42948
-1.74417
3.19352
-0.032629
-2.50845
-0.402059
-0.00107097
0.109357
0.495528
2.28929
0.250317
-1.19413
-2.97191
2.97512
-2.98174
1.51389
0.70729
-0.096667
0.101774
0.0644119
1.85302
-0.0388757
0.698591
3.88217
-0.0897962
-1.17879
-0.823422
-0.392699
0.227799
1.39595
0.219592
0.142386
-0.117262
1.14243
0.322344
0.206575
2.61375
-3.84722
-2.14855
-2.56079
0.997568
-0.534666
-0.00348183
0.138468
-0.263189
0.251131
0.122024
-0.211293
-0.53523
0.00907081
-0.990506
2.41663
-1.46094
2.74818
-0.0791038
-0.226458
0.347511
-0.00857482
0.171529
0.317807
-0.0772121
-0.111662
-0.878264
2.56478
-1.9659
-0.645128
0.158017
0.0115795
-0.0556482
0.104787
-0.0269376
0.145939
1.36578
-0.246388
-0.781363
-2.01327
0.75544
-0.106745
0.00208398
0.140356
0.517458
0.00389725
0.57443
-0.266793
-0.611409
0.0503474
0.535051
-2.41981
-2.94784
-2.10332
-0.0776851
0.15485
0.984262
-0.0265143
-1.03141
-0.953741
-0.293711
0.0696318
0.449543
-1.89326
-1.03444
-1.09463
1.77398
-0.120152
-0.00457553
0.827669
0.00743163
-0.311583
0.55988
0.767073
0.898212
0.000446998
-1.96901
0.423757
2.16097
0.0259018
-0.0184432
0.368911
-0.314774
0.338877
-0.509389
0.250555
-0.794143
-0.303199
-0.303994
0.464608
-2.52152
0.460935
0.346988
-0.113351
0.192936
0.402729
-0.00579214
-0.345807
-0.849739
0.249337
-2.07808
-1.05471
0.481984
0.0332559
-0.326465
-0.00754878
2.46069
-0.359323
0.65275
0.377471
-0.315798
0.00808374
-0.411664
-0.619578
0.0230949
-1.34464
0.336382
-0.146481
0.0264883
-0.18712
0.105122
0.133838
0.732391
-0.374083
-0.231007
-2.45821
1.89924
-0.567673
0.112163
-0.828976
-0.378101
1.03023
0.035567
-0.537173
-1.08218
0.36502
3.23887
-0.501737
1.67224
2.18939
-0.586131
0.105066
0.410057
-0.445243
0.0139713
0.343531
0.736486
0.0710886
0.738278
1.06569
0.110778
-1.24546
1.80528
1.13096
-0.136012
0.415024
-0.413649
0.0336236
-1.82467
-1.29137
0.314463
-0.458081
1.6188
-3.46092
0.514784
-2.38491
-1.78386
-1.25526
-0.478813
0.0102842
2.04756
1.47513
-4.25391
-1.28491
-1.43492
-1.98321
-0.254208
2.49364
0.151587
-0.0294819
0.27185
0.667743
-1.23672
0.0388464
0.0239432
-0.0933409
0.00102242
-2.43395
-1.24328
2.19373
0.240023
-0.308631
-0.613499
-0.00424779
0.823465
-0.223103
-0.0295405
0.361931
-0.20848
1.65652
1.25148
-0.620965
-0.117911
0.00502564
-0.0586023
-0.0919916
0.00793941
0.219634
-0.156886
0.283584
-1.23859
0.0374046
0.060683
2.66654
0.912517
1.66484
2.31679
0.0598004
0.0961641
0.0118623
-1.07892
0.0362464
0.00158976
0.0610668
-2.07051
-0.0960315
-2.40691
-0.197653
-0.665894
0.395186
0.338999
0.241139
0.0672235
1.19057
0.0812868
0.800907
-1.74929
-2.92276
1.90347
2.46494
0.415758
1.40239
-2.53869
-1.38355
0.713791
0.668615
-0.339175
1.44431
0.433734
-1.7884
-2.10077
-2.81046
0.590221
-0.694071
-0.316801
0.0454978
-3.77288
0.274427
0.00188635
0.16782
-0.287952
1.38632
-0.0329549
-0.577353
-1.06185
0.0557073
0.819358
3.6425
-0.227731
-0.975923
0.0848371
-0.58962
-3.33076
-2.62939
3.29885
2.81129
0.18755
0.458581
-2.13295
-1.31922
0.67892
0.191529
0.0519512
0.48354
-2.8887
-1.39569
-0.620893
0.820248
-0.866303
-7.43767
-2.78671
-0.0117274
-0.293748
0.128863
0.0176613
0.18765
0.00592788
0.582073
-1.61977
0.925446
0.383852
0.2463
-0.101491
-0.794828
-0.347637
0.512292
0.193199
0.0289017
0.365113
1.67919
1.04713
1.55979
-0.902667
-1.49763
-0.760498
0.3051
-0.131675
-0.140741
0.235292
0.0172159
-0.530644
0.389946
0.600609
-0.634723
-0.9839
1.50105
0.295885
0.0314643
1.41005
0.171382
0.00426043
0.0195418
1.26764
0.289254
1.08003
0.209007
3.13853
2.66938
-0.198104
1.47109
0.214377
0.757435
-0.0531282
-0.394089
0.618911
1.06718
-1.79649
-1.50595
-0.404373
-0.106611
0.360479
-0.420055
-0.454688
-0.225343
0.0641746
-0.0251895
-0.314775
1.03174
-1.32262
-0.743146
3.54424
-1.96737
0.0706634
0.0297927
0.853188
-0.162567
0.0161332
0.174713
-0.556236
-1.14543
1.52928
-0.0955912
-1.26292
2.56082
1.4503
0.330443
-0.273441
-0.472223
-0.0404641
-0.303965
-0.908242
-0.107727
-1.28225
-1.34746
2.67208
1.04912
0.312707
0.412789
-0.189505
-0.0361621
0.0861158
-0.183753
0.0515194
-0.419287
2.82755
-0.596736
-2.65277
3.05411
0.431946
0.0466817
2.30335
0.071251
0.0222039
0.0773915
-1.33626
-1.94661
0.116765
0.529933
-1.65975
0.401169
-0.842864
0.512161
-0.695273
0.632077
0.0875395
-0.885861
0.303311
-0.0848754
-3.09951
-0.235958
0.0457576
-0.935505
4.6238
1.70326
-1.52512
-0.487991
-0.117189
-0.136665
-1.2077
0.343824
0.0466287
-0.309398
-2.04355
3.99656
3.43867
-0.0226562
0.99227
0.106136
0.0331776
0.0623801
1.00342
1.24806
-0.467904
-0.154052
-0.0300322
0.248671
2.79473
-0.180527
-2.50146
-2.26981
-1.66728
1.29593
-2.40418
-0.102479
0.101359
-0.154398
0.0639933
-0.0403795
-0.679843
-1.25194
3.42673
1.96052
0.291339
0.889107
-0.798619
-1.1675
0.459096
-0.440169
0.423936
-0.484618
1.30374
0.972012
-5.80051
-1.42642
-0.00538284
0.0234146
0.432051
2.13496
-0.306532
-0.701684
-0.510006
0.027094
-1.29084
4.49769
1.91243
-2.09692
1.23485
0.205687
0.716193
-0.0587763
2.53487
1.94156
-0.597304
1.06408
-3.49056
-5.33745
1.02315
4.81879
0.00574535
0.193457
2.38651
0.904134
0.399577
-0.138927
0.760709
-4.10848
-1.11312
0.74829
-0.272678
0.462427
0.0180025
1.32281
0.0738554
0.33232
-0.196283
0.243143
-0.21007
0.250136
-0.672197
-2.25245
-2.71638
-0.326768
0.222021
-0.399947
0.228601
-0.10807
0.0379358
0.577148
-0.0543579
-0.247922
-0.758136
0.205418
2.01363
-0.461454
-1.84087
-0.0558633
-0.342932
-0.0736475
0.460999
-0.470276
0.476994
0.384634
-0.203672
-0.00341776
-0.115476
2.01349
1.55668
-0.325615
2.46031
0.416417
-0.143696
0.380378
-0.201081
0.255865
-0.259059
-1.92914
-0.223266
1.35637
2.95333
0.979302
0.196383
-0.112607
0.0568288
0.427341
0.0559226
-0.0868467
-0.95086
0.335626
0.403992
0.225872
1.38301
2.40492
-0.307662
-2.61599
0.472457
-0.475059
0.505316
0.342443
-0.0862605
0.0398855
0.537794
1.89053
-0.723819
1.80821
-0.0953796
0.312332
0.166026
0.183847
-0.256978
0.0791629
-0.635602
-0.60684
0.147891
1.10266
-0.0411156
0.828684
0.165489
-0.00923535
0.161479
0.0516192
-0.0893481
-0.319945
-1.00063
-0.333015
-0.307347
0.479934
-1.66836
2.81548
-0.09185
-1.04535
0.974616
-0.089383
0.17123
0.30606
-0.345895
0.0393443
1.81656
0.481463
0.0031348
-0.666466
-0.395771
-0.372784
-0.027508
0.421266
-0.597462
-0.0126088
-1.68151
-0.318957
0.251134
0.48487
-0.801756
-3.36058
5.10693
-1.22683
-0.677777
-2.17901
-0.75934
0.511923
2.01295
2.32374
-1.15146
-0.692719
1.05015
1.3286
0.410016
2.35938
1.21061
-0.260728
-3.26029
0.185132
-0.856541
-0.0339783
0.10389
0.445705
0.0187209
2.57506
-0.0416402
0.190112
-0.396775
0.463568
-0.276407
0.260973
0.353042
-0.965479
-0.452442
-0.0586827
0.172447
2.52261
0.826664
-0.845837
-0.893309
0.422786
2.73368
-0.189541
-0.0721287
0.0552359
0.366091
-0.425646
0.154697
0.500041
-1.03212
1.20831
2.12293
-1.58368
-0.700877
0.581445
1.08778
0.0904221
-0.294046
-0.116779
-0.00118084
0.141513
-0.0305443
-3.25713
0.655575
-0.257006
-0.686587
0.00328917
0.701042
-0.365263
-0.0406951
0.244229
-2.40931
-0.55783
0.479373
1.82185
-0.745054
1.21363
-0.032692
-0.236557
-0.763749
0.27743
-0.221846
-0.914411
0.16925
2.91104
-0.0132114
-1.95637
1.03928
1.96392
0.105025
-0.00491307
-0.268862
0.0648348
-2.57931
2.33357
-0.00185457
0.188134
0.127042
0.300947
-1.34806
0.0346529
0.0492372
0.152701
-0.207202
-0.746047
-0.489428
-0.65253
-1.89121
-0.175928
-4.30519
1.51511
0.877968
3.71751
-2.19591
-1.5434
-0.802546
-0.553118
0.418532
-0.158838
0.0532876
0.174109
0.479367
-7.20438
1.22233
-1.54239
6.46185
2.46196
-0.401748
-0.043656
2.27069
-0.187643
0.00758704
0.107043
-0.520261
0.866319
-0.641798
0.957731
-1.1326
-0.86604
-0.300251
-1.35382
-0.372757
0.812367
0.00505273
-0.0179767
-2.58516
-0.106631
0.0732565
-0.367378
2.37829
-1.0251
2.59629
-0.880308
0.454973
0.178502
-0.0129068
-0.0670258
2.01927
-3.46208
3.07747
-3.45214
-5.44732
2.16321
1.39231
-0.0825559
2.85549
0.134768
0.0169128
0.0697743
-0.207718
-0.575229
0.230341
1.29539
0.796918
0.353134
2.31128
-0.680444
-0.832279
0.578618
-0.0447234
-0.458327
1.40754
-0.151824
-0.549814
-2.44426
-3.77643
2.83975
0.783251
-1.27169
1.21532
0.320329
0.40636
-0.384666
1.53686
3.79126
-1.54823
-2.98761
-6.74575
2.4747
3.5254
-0.0141974
-0.0755935
0.225569
0.265832
-0.542789
-0.170385
-0.243153
0.322204
0.940118
2.48764
0.318677
-0.265072
0.322904
0.243416
0.326914
0.367458
0.147067
0.116579
0.283446
0.130382
-0.307253
-0.118146
-1.08478
2.68097
0.0906726
-0.0914826
0.0585081
-0.084035
-0.151374
-0.201743
-0.136822
0.260541
0.216776
-1.37289
-2.02032
-0.711703
-0.46452
-0.89048
-0.226723
-0.0604016
-3.94669
-1.9499
-1.62791
4.24568
-0.928685
0.798836
-0.640496
0.426617
0.543342
-0.938186
-0.228315
-0.110722
-0.472734
-0.874777
0.795919
0.00448215
-3.56748
-2.55476
-6.40575
-5.45465
-1.93448
-2.96724
-0.31961
-4.26211
-0.898159
-0.735527
-0.452263
-0.462837
-0.292132
0.161788
-2.01712
-0.65546
-0.30199
-0.327969
-0.610997
-0.114179
-0.204102
-0.53365
0.0347514
-0.292203
4.92079
0.902185
-2.35117
0.419428
-1.2022
-0.852347
4.67729
-4.81039
-1.72958
-0.760307
0.386323
-1.13386
-1.97034
-2.50394
-1.23765
0.130472
-0.507857
-0.846657
-0.332595
0.184975
1.35161
-1.30313
0.196488
0.0379672
0.796161
-3.42884
-2.38156
-0.136425
0.326418
-0.47656
-0.203735
-0.0113598
-7.18111
2.04535
0.896431
-1.86608
1.37809
-7.34118
5.0117
-8.01827
-0.0131232
-3.20278
0.170758
-0.667095
-0.968559
-4.14715
-2.78607
-1.85233
1.8685
-3.87218
-2.49531
-4.28862
7.9366
-7.66659
-3.63976
1.82868
8.01967
0.61286
0.321464
-7.29022
-6.66841
2.22251
3.57401
-6.54633
-0.0134558
-0.69638
-0.325414
-0.255799
-0.852587
-0.968657
0.0395655
-0.749687
-2.86362
2.12297
-0.584785
-0.255014
4.52976
-2.84869
-0.102256
-2.36493
-0.239019
-0.840458
-0.269752
0.0464196
-0.448552
-0.169145
0.842775
-0.637753
-6.31717
9.31662
-5.32085
-1.7322
-16.3991
7.64246
-6.91695
3.46934
6.38127
8.19923
-5.38101
5.11461
-0.675905
-1.12016
0.102585
-0.200643
