[-0.437371022795503,
 0.2391525471695104,
 -0.32718245634798393,
 0.39877773999273813,
 0.4169247857735172,
 0.1823006555871416,
 0.6393748522312421,
 -1.3023595270719284,
 -0.5765684449169015,
 -47.147610187353465,
 0.2129926097853172,
 -0.3790671933493286,
 1.2975800642046806,
 2.9829858937662834,
 -0.5092881258314605,
 -0.8015692044974685,
 -30.771756886551408,
 -0.6128913938950404,
 -1.1851871926899946,
 0.36333054786726393,
 -30.29196529071745,
 -6.882523314776847,
 0.617533526127886,
 -0.9004462302561365,
 14.721445153491516,
 -1.0589735028763698,
 29.89723557381774,
 -1.060864238301889,
 -1.9077200437281903,
 -2.0514522811672578,
 -31.790092956102022,
 0.9989308776706025,
 -14.151437963263845,
 -0.3013895806781761,
 0.49934899869850824,
 -1.7515037226179402,
 0.6402368848479227,
 0.3832073394831639,
 -3.6762646913113315,
 -0.30441104040266964,
 -3.04281568422914,
 0.6634201065127172,
 0.4045827325722371,
 0.19465167364359104,
 -8.108939114892479,
 -0.34307784915452544,
 2.86144577062538,
 29.891996867846558,
 0.12672495752298119,
 0.7858217635230176,
 -0.044211636772047314,
 -47.21854586821904,
 0.16480776794895746,
 -46.463603878081656,
 -14.21291861760534,
 0.6247008448863198,
 0.7766494440306246,
 0.49656144864425755,
 0.0671852061162781,
 29.878806424553886,
 -48.02685128058731,
 2.7230999054395113,
 29.890949427841235,
 -0.5572641239023426,
 -1.1696788316926074,
 -0.24281886338357594,
 -0.4675430905211613,
 0.5458811274074833,
 0.03588952788180677,
 -29.961500518756445,
 -48.28852588954818,
 -0.5075919604928885,
 0.6281568269838544,
 -0.42428256964976185,
 5.084706444196513,
 -47.40256120083994,
 -1.0378780647421877,
 -14.41646830336066,
 -2.9222805751647343,
 0.11534421755175117,
 0.03354917091419907,
 -0.9035527381680168,
 -0.4501030586163921,
 -1.327826613806792,
 0.6268711418696284,
 -0.39500668666985916,
 -0.5361634492699068,
 0.2666450206700688,
 0.7611660537181137,
 0.34073493757824735,
 -0.02911009545948673,
 -30.15487492527712,
 14.367370420564328,
 -2.330613323812514,
 -0.3152331806901998,
 -0.47945474801608157,
 -0.49078124167817805,
 -1.131433554434011,
 0.9046753654836266,
 1.094985429848009,
 -0.6185922445295375,
 -0.5310039735114742,
 -0.24356849746590115,
 -3.385035720134084,
 14.719510244773403,
 -30.314889607812255,
 -14.190493693944873,
 3.223045720243931,
 0.7080248197161154,
 -0.06408747440738694,
 -1.172197930699511,
 -8.270025035136712,
 -3.4480044585035614,
 2.8355295926218105,
 -0.7101376762389577,
 -3.3426865198374287,
 0.6619216957411709,
 -1.3452648317939406,
 -14.446464049025977,
 -8.248612362123765,
 0.5388314221461314,
 -2.994172947928746,
 1.605802483157504,
 29.865895536669484,
 -0.5238531018710546,
 -0.10406366482595786,
 29.887498456645346,
 1.8159998467478289,
 3.881641603726507,
 -0.20335768448595104,
 0.8046037404422464,
 -2.594190360489449,
 3.2958964289305754,
 0.07688828140429393,
 14.198273786057143,
 -0.9023129690744156,
 0.5009693261166319,
 14.594402263215102,
 -0.37921451085918534,
 3.9575664903105974,
 -0.6164296205828919,
 3.2361956818581064,
 -8.202463592813245,
 -0.6122655094249012,
 0.6376220836392008,
 29.925882785014323,
 -30.227227728173325,
 0.6168841206859383,
 -0.18067583391948006,
 -0.853094072765316,
 0.3435479200506677,
 -0.04509379420366599,
 -0.3924369815010209,
 -2.7971512934133784,
 14.299104068592385,
 -1.0742457588395098,
 -2.8759038763055003,
 -0.21293508766815705,
 -0.15416601284096032,
 -0.3056645192020824,
 -14.653024755219548,
 -8.0958410626383,
 0.5178123714542266,
 -1.0572675202757438,
 14.340775843477843,
 -14.489260638320303,
 0.5559316286812646,
 29.880797520377712,
 1.166308076196998,
 3.0272873027352034,
 -46.49784082387818,
 -8.250253104849179,
 -0.10605864832882617,
 0.5465117905462193,
 -3.193696596619276,
 -0.5436140017921502,
 -48.55866667319067,
 14.577868111855025,
 -8.107211219678334,
 -0.06308099303544168,
 -0.8251866404780515,
 -8.256875926868133,
 1.1843048867182802,
 -15.114600751601088,
 2.7026561961335744,
 -1.4766651986180932,
 -30.8831400929135,
 -3.0282710239643222,
 -1.907576563703401,
 -0.993844746905296,
 0.6410774129260517,
 0.5100184992411414]
