[2.3987369453845417,
 1.0368367162917593,
 1.596153533172476,
 -1.5736457242857043,
 0.4150218404811312,
 0.4294110049696087,
 -1.753378608473156,
 2.1488470755455182,
 0.37576530561170784,
 -0.7580414458767564,
 -0.7891957968416818,
 3.0397820557126067,
 2.5824504387928044,
 -0.8915606306369455,
 -3.6658176329500236,
 -3.207722974984847,
 -5.466970808975938,
 -4.851933849257023,
 -1.1104666486442056,
 -0.015285016523876038,
 8.68081650211792,
 -4.253327838799066,
 0.05926771808398712,
 -5.525044713923017,
 0.891853451016491,
 0.5973577455920065,
 -9.700263475878103,
 18.450843871782197,
 -5.466698389070675,
 3.984619797676203,
 1.7411563825306757,
 -5.520930849315137,
 -4.074067838208407,
 -2.21619709384521,
 1.3072657776841083,
 -2.7569583338418084,
 -0.9548974523747518,
 -3.205375954979928,
 -3.190514238435462,
 0.8259703826698903,
 17.95232533833189,
 1.0009052035094896,
 0.7722722730775331,
 18.505913338950336,
 -1.2327617060085316,
 0.19647261663214977,
 2.6027603634950367,
 0.6911076131369498,
 -3.053262885020068,
 2.137510799361081,
 -2.7294459594151306,
 -3.8900292486475223,
 -0.8663331104738745,
 -6.251040541603288,
 0.4272703575436907,
 -2.8645453016826252,
 -1.354096525245474,
 -6.307020244237151,
 4.678316487044526,
 18.065639767387296,
 0.20104683603737072,
 2.41616012236355,
 1.182360202007203,
 0.1093700023033648]
