[28, 9, 9, 4]
-0.00545641
-0.210332
-0.0565085
0.0363359
0.00229569
-0.463554
-0.0227656
0.173962
0.277013
-0.36499
-0.040539
-0.0569622
0.280447
0.00828383
-0.727515
0.218762
-0.391122
0.671036
0.0436072
-0.430241
-0.153686
0.594936
0.0207846
-1.74457
-0.157139
0.568468
0.80895
0.130219
-0.223743
0.251411
0.103079
1.40086
-1.45578
-0.0178538
-0.913109
-0.123579
0.156772
-0.241223
0.312247
0.0911713
-1.0121
-0.201195
-0.265819
0.897603
-0.191652
-0.45874
0.0983565
-1.32245
-0.351131
0.0013384
0.575087
-0.333993
-1.84286
-0.185581
0.26222
0.227271
-1.47226
0.78965
-0.023402
-0.225414
-0.32076
0.220782
0.613163
0.0793414
0.101557
-0.882194
-0.00419764
-1.52389
0.110645
0.217976
-1.11585
0.301838
0.208413
0.138679
-0.571818
-0.00450418
-0.0452903
-0.036563
-0.413541
-0.366415
-0.725346
-0.0136103
0.313214
-0.160494
1.41822
-0.0159087
-0.136722
0.00355229
-0.560954
0.2597
-0.00813485
-0.741986
0.0798315
0.00134217
0.00761047
-0.0131537
-0.365105
-0.634975
-0.265024
0.833431
0.301722
-0.316996
0.0132411
0.00720231
-0.0178307
0.0407127
-0.568526
-0.253881
0.875278
0.784548
0.560249
0.0309664
2.9263
-0.760436
-0.323407
-0.0965876
-0.654647
-0.0944294
1.62099
0.301827
0.0322362
0.171663
0.175025
-0.0422264
-0.691691
-0.57904
-0.0400707
-1.20078
-0.0113258
-0.00985537
0.0019802
-0.990633
-0.319476
0.0829991
-0.29305
-0.029218
0.10733
0.213201
-0.0854407
0.0636467
0.825764
0.174054
-1.46327
-0.620855
-0.304462
0.305697
-1.16685
-0.132854
-2.08379
-1.2334
-0.622327
1.08267
-0.636102
-0.0336844
0.297753
-0.361394
-0.172122
0.103513
-2.23237
-0.00939458
-0.451816
-2.01378
-0.28975
0.261573
0.354317
-0.00111188
0.0301954
-0.910991
-0.375898
0.300725
-0.456725
-0.0936818
-0.0297309
0.431648
-0.914734
-0.00204005
-1.49523
-0.327325
-0.0917551
-1.04244
-0.426358
-0.0239113
-0.763098
0.0692557
-0.280197
-1.53799
-0.0749223
0.132808
0.468041
0.00621113
-0.20205
-0.292389
0.47725
-1.43226
-1.74146
-0.247319
-0.0268042
-0.293749
1.18849
0.631856
1.25634
0.0338641
-0.0396756
-0.970378
-0.245149
0.155546
-0.639029
0.00322811
-0.0709964
0.26672
0.046451
3.64164
-2.25929
-0.134178
-0.222816
0.597372
0.431719
3.25806
-1.19498
-0.833633
0.0747535
-1.91825
-1.03091
2.12476
-1.45585
-0.209809
-2.75269
-0.100189
0.761779
1.16691
1.02776
1.97491
-4.00366
4.10285
0.26365
0.666444
0.451879
0.0153431
0.299721
0.791624
-0.599229
-0.780489
0.191941
0.083768
0.35659
0.103521
-0.109645
-0.0424315
1.0368
0.411523
0.810886
-0.818332
-0.162995
1.56962
-0.00525661
1.21703
0.0300583
0.0279033
-0.537672
-0.503327
-0.0441804
0.0689629
0.13503
-0.204989
0.0811105
0.069463
-1.30796
-0.338092
-0.590719
0.267899
1.64196
-0.000203545
1.28939
0.123614
0.0792352
-0.336412
-1.63989
-2.26175
-0.363863
1.45604
-0.0146355
-0.916206
0.0301157
-1.60584
1.15617
0.101201
0.207965
0.218736
1.81807
-1.16086
-2.32967
0.0855616
2.57341
-1.4063
-0.439149
-0.411433
0.155787
0.0881923
1.42099
1.74057
2.5317
2.72586
-3.98773
-0.436859
-1.35892
0.261175
-0.279101
-1.00419
2.55277
2.16522
1.80276
7.0208
-2.47153
5.99916
0.806932
-0.26653
-0.825723
-0.101047
2.49184
-0.378286
4.91199
5.41798
0.0721118
-2.66019
-0.403535
-0.742463
0.518324
-0.03546
0.332945
3.73896
3.96041
4.07837
-1.29561
-0.271985
-0.283015
0.240828
-0.0313118
-0.0315704
-2.59712
-2.91782
-1.45766
-0.866786
0.137068
0.15205
0.188279
0.104139
-0.0320908
0.350706
-1.09353
2.51931
0.344541
-0.30022
-2.16199
-0.904279
-0.974294
-2.59596
-6.92732
-3.3223
-3.92942
-0.186825
0.851946
2.18349
-1.19542
-1.96702
-1.96026
-1.38492
-0.276916
-0.276197
-1.71696
-1.07534
-1.25161
-3.97189
3.20173
5.83359
-4.12527
-2.98943
2.78765
-3.52069
5.24203
-5.41231
5.03982
-6.98505
0.0360686
5.42589
0.814732
3.3872
3.35559
-0.165834
-2.67017
-0.462367
-1.64604
