[-4.865909202313816,
 -0.16268390988301462,
 3.6376630549983133,
 9.24586291108727,
 -0.5854518245997724,
 -14.183516364248362,
 8.56896926607024,
 -2.310781702971269,
 -1.0237264125450452,
 3.600092347582759,
 -4.142974151638555,
 -19.753157503803152,
 1.52904327822813,
 -19.937781778916076,
 -3.1493539950247254,
 -2.531114871402476,
 -4.773283427294355,
 -2.2245401839046934,
 0.7080378222619856,
 5.591237108202506,
 4.222972409241697,
 7.584648034124356,
 -1.259521914791371,
 0.29594197037891234,
 5.953360344327953,
 -4.898127158065449,
 -3.593630046468604,
 4.091136309291599,
 -2.4797654993907514,
 9.127623892826762,
 -4.190147555458374,
 0.4020676701492789,
 -4.933625372853328,
 1.0772304989144743,
 -7.436530413650502,
 -19.39210913486636,
 -4.0847043193015935,
 3.012509758964768,
 -2.145812021321376,
 2.325804775154495,
 0.534569891599574,
 2.090375660486245,
 0.2012536386476711,
 6.063455278414551,
 5.703666947598549,
 0.1684608972296644,
 -1.3858684082298112,
 0.9400613504304545,
 -7.293163698040686,
 13.32265701366049,
 -28.12743413087543,
 2.125491360905727,
 5.364002394782062,
 0.37002780089386533,
 8.858876260689158,
 -10.922280278813616,
 -14.213363737920758,
 -2.2394594522240823,
 -3.125913793460029,
 4.489740172885519,
 -0.65268713445451,
 -1.012868585702897,
 -19.909568184720598,
 22.326351377521235,
 -1.1717003031847497,
 -5.127755827481782,
 0.40465466366117653,
 1.0421221577142532,
 -3.4559723526728305,
 -1.054319636145145,
 -0.6422956802166766,
 0.7534849628439133,
 -2.651385210435876,
 0.5090491169841016,
 -5.230125396768892,
 -0.3024070916470407,
 -7.0437547158082054,
 -2.4733788364385383,
 0.6025901941625307,
 0.2778977989797653,
 0.34753301449730856,
 1.2633871346125147,
 0.033159558702379854,
 1.0571632712004089,
 -3.10648247972955,
 -2.3114731423313373,
 2.852593417144801,
 -1.9894874411779142,
 -6.296070130828781,
 10.121885862996749,
 -3.3388098931978902,
 0.4344640495111207,
 -0.5513683790468349,
 -1.627638490474368,
 7.579786136017589,
 -19.478206028544093]
