[12, 36, 36, 4]
-0.0702661
0.420358
1.31013
0.220681
0.145537
0.889329
-2.22127
-0.369345
0.471309
-0.867079
-0.344558
1.51293
-0.100992
-0.510274
-0.746844
-0.431794
-0.601878
0.972574
-0.487517
1.26559
0.820817
-0.107415
0.748029
-0.459109
0.502332
0.370643
-0.14752
-0.436276
-0.291785
-1.34613
-0.741731
1.40818
0.47146
1.10012
-1.77229
0.193455
0.375273
-0.416774
-0.0514226
0.237365
0.813312
1.44924
-0.903221
1.05949
1.59991
-0.212198
-1.7681
0.357055
-1.27072
-0.555466
-0.325933
1.00127
0.917368
0.0172119
0.262401
1.22905
0.223117
0.809515
1.28025
0.17891
1.67291
0.218726
0.174532
0.31904
-0.114183
-1.37962
-0.286149
0.247075
1.20181
0.99585
0.528829
0.45562
-0.0210977
-0.286983
-0.138976
-0.419588
0.448873
1.10059
0.354409
1.13881
-0.350184
2.66492
-1.13677
-1.63539
-3.30724
-0.92417
-1.3781
-2.09014
0.601318
-0.0640509
0.36141
0.99787
-0.60774
0.471418
-1.4044
-0.630909
-0.197332
0.938581
0.51755
-1.16271
-0.931939
1.49334
0.115372
-0.134949
0.281038
1.46497
0.686722
1.69276
-0.339072
0.106432
0.647024
-0.0458555
-0.479508
1.13082
-0.800566
2.04621
-0.0759635
0.333789
-0.313116
-0.108429
-0.69644
-0.441737
0.638156
2.09593
-0.769946
-0.389512
-0.392735
0.969245
-1.2836
0.717349
-0.953824
0.483546
-2.32366
0.229529
-0.68955
-0.0515221
0.480651
0.213252
0.418422
1.26949
-0.250079
-1.43661
1.18725
-0.213097
1.07927
-0.0552241
-0.539462
1.11493
0.213796
1.62685
-1.72577
1.01255
-0.211065
-1.43845
0.906974
-3.19812
-0.467438
2.53745
1.8895
2.67164
-0.0822637
0.366734
0.0713375
0.980842
-0.698704
0.771333
0.951843
1.48082
-1.91308
0.388566
-0.238424
0.100747
0.249689
-0.719241
-0.706544
-1.16345
-0.630454
-1.03277
-0.860948
-2.02075
-0.020992
-0.272722
0.462926
-1.49804
-0.746185
1.1631
-1.54231
1.8278
0.191246
-1.24688
0.2819
-0.407463
-0.323771
1.03306
0.564298
-0.989996
-0.239961
1.48117
-0.440708
-0.479104
1.73191
-0.23195
-0.60561
1.51532
0.542865
0.454682
-1.20623
-0.02234
-0.359427
0.598527
1.496
-1.68744
-0.590217
-0.844513
-0.642593
0.745461
1.92732
1.01141
1.02481
0.765237
-0.37833
0.468
-0.771646
-0.855779
1.28869
-1.23837
0.399105
0.447166
-0.654464
0.865582
-0.600977
0.248502
0.312724
1.51913
0.487914
-0.642435
1.29663
0.317353
-0.0346436
0.32684
0.833321
0.036018
-0.370014
0.125034
0.256156
0.963547
0.412623
0.498349
0.0244499
0.142168
0.106999
0.503092
-0.854628
1.57662
1.70893
-0.00237454
0.452316
0.260861
0.0733356
-2.07697
0.104366
-0.853512
-1.85397
-0.241648
0.239807
0.549569
0.327617
0.0913228
-0.715026
-0.418194
0.0229783
-1.8996
0.66498
-0.592141
1.17132
-0.189881
-0.184453
-0.619036
-0.348232
0.984058
-0.985958
0.38105
-0.128963
1.16204
-1.07814
1.91177
0.600201
-0.642804
1.048
-2.74153
-0.398982
-0.186838
1.83751
-1.29573
0.670097
-1.75174
1.29892
-0.266426
0.465912
-1.10428
-0.943433
0.18405
-2.82899
0.00254477
-0.527445
2.03902
0.863575
2.08277
1.53652
4.66475
1.73629
-0.414321
1.46828
0.0817821
-3.27936
0.0299326
-0.0353732
0.318102
-1.44302
0.6423
1.77173
0.303331
0.385867
0.46424
-0.122466
0.117921
-0.0543814
0.00687287
-2.55221
1.00137
-0.257119
0.656628
-2.22287
1.24913
0.330647
0.668864
1.00902
-0.265312
1.28704
0.331071
0.30249
-1.9802
-1.52309
2.31399
-1.45466
-4.00563
-0.929971
-0.890557
-1.21589
-0.264624
0.912455
-0.390337
0.0171867
-0.214432
-0.122206
-1.13372
1.0565
-0.648461
2.03493
1.30069
-1.94622
-1.51694
-3.27638
0.0698841
1.22699
2.26579
2.50589
-1.77777
1.57917
0.226374
-1.99221
-0.220484
0.246924
0.218634
1.71164
0.847202
-0.855187
2.02571
-1.03852
1.78937
-1.99961
1.0737
1.067
-0.0313511
-0.519455
-0.171559
-0.248284
1.80068
-0.868389
1.65851
-0.598808
1.77333
-0.260948
2.04199
0.891808
-0.189605
-0.360932
-0.691248
-0.0261993
-1.25777
0.195674
-0.551741
-1.94657
-1.4249
0.848077
1.87725
0.985579
-0.484129
-0.865405
0.676012
-1.38128
-0.0691906
0.998583
2.83326
-0.471363
-2.52404
0.175294
-1.55726
-0.384902
0.956849
0.939023
0.97121
-0.611631
0.0481334
0.358127
-0.381682
-0.580508
0.172418
-0.141948
-0.497631
0.410952
0.321352
0.452334
-1.08526
-0.84323
0.00670799
0.225986
-0.150668
0.549363
-0.368291
-0.337068
0.303256
-1.04145
-0.567091
0.137036
0.844556
0.468601
0.635189
-0.421066
1.57587
0.0620314
-0.600183
1.23016
-0.769723
0.834779
-2.02093
-0.26404
-0.329471
0.0107046
-0.109766
-0.330316
0.903033
-1.06541
-2.47968
-1.40721
-0.633873
0.148046
0.543536
0.020933
0.164167
0.576304
0.0288362
-0.230155
1.59618
-0.115224
-0.229783
0.277071
0.260261
0.2504
-0.793309
0.24332
0.0962004
-0.308703
0.0948907
0.152555
0.212826
-0.292325
0.53427
0.184776
-0.561208
0.482864
-0.653099
0.178049
-0.208908
-0.0833892
-0.0894408
0.182968
-0.248652
-0.0427384
-0.481863
-0.0951025
-0.128666
-0.226558
0.087137
1.31025
-0.0566624
1.28791
-0.00179241
-0.0651352
1.24458
0.298998
-0.244879
-0.440411
0.0210931
-0.155249
-0.109296
1.04065
0.28007
0.245163
0.0050602
0.168011
0.563403
0.00252728
-0.181683
-0.581053
-0.239234
0.130058
-0.377857
-0.11577
-1.97755
-0.285567
-1.35729
0.0324997
-0.324308
-0.0251028
0.419524
-0.0718899
0.447394
0.158442
-0.0338854
1.62011
1.73016
0.664429
-0.015873
-1.24501
0.872293
-0.994334
1.36885
-0.58696
-1.77441
0.319913
-2.79825
2.02173
-0.179247
-1.33079
-0.132874
-0.453442
0.545288
-0.000300755
0.263191
-1.13015
-1.0593
0.597796
0.191352
0.565966
1.86168
-3.05803
-0.291746
0.194806
-0.712715
0.297056
0.61509
-0.0740435
-1.34516
-0.51059
-0.26037
1.79967
-1.44318
-1.77968
0.0348943
2.2344
0.108103
0.153437
-0.711547
0.219896
-0.0828305
0.182233
-0.028878
-1.18476
2.3668
-3.09323
1.77078
1.85222
-0.122183
-0.318411
0.25586
0.00976659
-0.442411
0.356453
-0.394757
0.683967
0.0869538
-1.19719
1.3019
0.757006
0.00111265
-0.0583969
-0.314045
-0.00227755
-0.205029
-0.176575
-0.093718
0.0348167
1.27725
0.994397
2.47561
2.12835
-3.24621
-0.695202
-0.749017
0.593224
0.2316
0.385794
-0.109932
-0.428628
0.0361554
2.85605
2.4165
0.255444
-2.10469
-0.340045
0.262733
-0.847803
-0.360127
0.157527
-0.447912
1.63593
-0.019546
1.09716
0.115764
-0.135693
0.255779
-0.197928
-0.619773
-0.32007
-0.163169
-0.189801
0.0809032
-0.169888
0.503412
3.85585
2.13249
1.62424
3.13946
0.0393103
3.42405
-1.13759
-2.16151
-2.18926
0.402652
1.63268
-2.44457
-0.552624
2.37992
-2.81779
1.68647
0.0603068
-0.746315
-0.309104
0.641064
-0.612417
-0.296069
0.513672
-2.02248
1.07416
1.5522
0.183783
-4.93023
1.80643
1.84547
-2.63098
-0.559185
0.0373372
0.0412993
-0.0415397
-0.903468
1.35237
2.47937
-0.306963
2.27765
0.787614
-2.7885
-2.23914
0.643864
-0.58412
1.46852
2.32438
-1.40725
0.563428
-0.0419459
-0.0443458
1.27067
-2.84043
0.930279
2.32598
-1.17719
0.19528
-0.473099
-0.914197
-0.71483
1.84656
-1.11891
0.0114262
-1.51874
-0.392775
-1.22819
-0.343339
-0.739739
-0.872866
-0.39906
-0.0390931
0.352012
0.786547
-0.00550547
0.748508
-1.42722
1.72532
2.6071
1.23778
0.032633
-1.18533
1.1477
-2.45923
0.0929205
-0.232271
-0.040902
-0.562876
1.27238
-0.441356
1.28763
-1.58168
-0.216836
1.16171
-1.27825
0.751907
-0.0742399
-0.535525
-0.0640281
-0.850171
-0.424284
2.21546
-3.11959
-0.196599
-0.433891
-0.0768568
-0.843139
0.0314158
0.472098
0.875852
0.0279882
-0.0731313
-0.824043
-3.00267
-1.40932
-1.6526
-1.291
-0.536917
1.31753
0.0577971
0.0541476
-0.93381
0.252109
-0.355665
-0.162849
-2.87378
2.55817
-2.62186
0.288601
0.0624643
-0.0516527
0.42274
-0.404287
-0.443698
0.917391
0.120003
0.282374
-0.222411
0.643056
-0.181722
-3.87717
0.786954
-0.174111
-0.0796016
-0.643767
0.913487
0.0269221
-0.20846
0.665733
-0.690405
2.43747
0.570726
2.64858
-0.747553
0.45025
-0.707689
-1.08353
-0.251686
0.292506
1.2619
-0.462006
0.191707
-2.11645
2.86157
0.575536
-0.103234
2.90035
-0.0689015
0.699348
0.904225
-0.1522
0.0462574
0.895439
-0.466365
-0.908839
1.26036
4.2457
-0.917537
-1.92154
-0.0177775
-0.319918
-0.232978
0.0390554
0.227684
-0.117674
3.3704
-0.111247
2.33718
-3.15685
1.28704
1.63141
-1.665
0.831397
-0.311762
0.0347841
0.274899
0.898708
-0.0352107
0.934892
-0.833795
-1.25885
-2.80379
3.52243
-0.877412
0.486318
0.782558
0.188104
0.22989
1.05046
0.39871
-0.177416
0.23634
-1.49424
1.21617
0.163985
0.0753551
-0.831917
-1.33607
0.00919729
-0.351744
-0.661749
0.766655
0.25513
-1.15641
2.46114
-3.51596
1.74893
-0.0156753
-0.217777
0.129013
0.155486
-0.313544
-0.00628161
-0.180237
-1.07816
-1.98148
2.80121
1.47328
-1.98364
-0.908634
-0.195982
-0.61068
0.162065
-0.00473063
-0.0632918
-0.250257
0.33116
2.0784
0.366103
-2.68451
3.00931
-0.127466
0.814149
1.74135
-0.0122621
0.295294
-0.931082
-0.87988
0.110283
0.000510645
-2.57659
2.63367
-1.61048
1.53642
0.222013
0.0740786
0.165179
-0.327268
-0.877937
-0.083156
1.32978
2.47678
0.403699
-1.7219
1.53305
0.00813733
-0.437686
-0.216942
0.0941545
-0.0429535
-0.477091
-0.146321
1.00457
-0.140154
-0.888262
-1.08596
-0.0236152
-2.62297
1.41998
-0.312831
-0.00719993
0.0714275
-0.0797892
-1.00107
-0.292526
1.24618
0.275672
0.064609
-0.00748464
1.99896
-1.99217
3.03983
0.288711
-0.031264
-1.43892
-0.0544928
-0.136871
1.60541
-0.202397
0.335752
-0.774082
2.86372
-2.25911
-0.842509
-0.389403
-0.0275404
0.0216539
-0.439941
-0.623669
-0.101312
-0.767215
0.421737
-0.0176075
-2.12088
0.926234
0.200513
0.0117149
0.364452
-0.15687
-1.10564
-0.372235
1.0885
0.513115
0.818116
0.595264
-2.54638
-2.10296
-0.864377
0.101703
-0.0265535
0.0527543
-0.025598
0.397065
-0.835518
0.754323
0.441526
0.801845
-2.39824
-1.40823
-1.81271
1.67384
0.000346725
0.340712
-0.0593834
0.316757
0.123519
-0.164284
0.943797
0.200564
0.0568497
-1.70464
0.291281
2.19188
-0.161422
-1.39653
-0.114883
-0.879279
0.0556125
0.00203044
-0.598001
0.451194
-0.159395
0.383682
0.258243
-2.81264
1.2413
-0.78329
-0.238524
0.484477
0.219393
-0.713927
0.983881
-0.749666
0.288512
-1.71557
-0.86382
0.616829
0.165842
0.00535933
-0.205969
1.20717
0.172608
0.816932
-0.421388
-0.0874785
0.117032
-0.0741846
-0.988079
0.0442162
-1.49671
0.192641
-0.776198
-0.688396
-1.06202
0.955562
0.664025
-0.180206
-0.912877
0.437005
-1.50625
1.96504
0.108801
-0.801743
-1.00489
-0.0322913
0.0859365
0.742339
0.650276
0.617403
0.795675
3.71572
-0.912115
1.9972
2.21022
0.290142
-0.155858
-0.570015
-0.0315306
0.909359
0.112007
0.916272
0.00893447
-1.10222
1.41452
0.115444
-1.33714
3.42361
0.588792
-0.475911
0.369992
0.796153
0.152188
1.05652
-0.373218
-0.649413
-0.0774125
1.91745
-1.01572
-1.8211
-2.40816
-1.55097
0.501612
-0.525736
-1.01227
0.0473301
0.212704
-2.93114
-0.428615
-1.33627
-1.48939
-0.309503
0.0791519
-1.81819
-0.347217
1.17384
-0.180867
0.772777
-0.0672844
0.319236
0.114255
-0.00578303
-2.32361
-1.08478
2.42923
0.111345
0.313122
0.360246
0.0826761
-0.213875
0.389371
-0.0521487
-0.0864257
0.000976881
1.67165
0.93333
-0.617613
0.226261
0.294083
-0.197536
0.387305
-0.0105901
0.225748
-0.593133
1.97305
-2.48265
-0.0150271
-0.146647
2.22187
0.660728
1.41675
2.42989
0.107836
-0.0283041
0.0519195
0.0130327
-0.516205
0.0271166
-0.252553
-2.80394
-2.23027
-1.8524
0.357999
-0.159127
1.48952
-1.3371
1.09897
-0.0897507
-0.175907
0.135852
0.162015
-2.66177
-3.19421
0.297586
1.40587
-0.295763
-0.18144
0.441829
-0.220386
0.121632
0.43342
-0.347986
1.15213
0.570911
-1.37425
-1.20712
-2.87104
-1.32257
-0.018133
0.0637081
-0.0600202
-0.30579
-0.684792
0.0251279
-0.122056
-1.17388
3.97881
0.983998
-2.10082
0.971074
-0.455672
2.90264
1.53245
-1.19161
-0.862067
-0.0174384
-1.6835
-0.502115
-2.64665
2.66189
3.51484
0.918593
-1.58783
0.796094
-1.74989
0.525887
0.428455
-0.182769
0.111735
-2.96234
0.102487
-1.44789
0.28521
1.60652
-1.9447
-2.66476
0.121197
0.0292376
-0.924259
0.0232638
-0.362873
1.21875
0.909172
-0.0055194
-0.11002
1.81373
-0.186541
1.6365
-0.318664
-0.676587
-0.36396
0.463322
-0.398027
0.50699
1.46659
0.5038
2.59144
-0.225115
-1.9091
0.0730956
-1.72302
-0.353021
0.472611
-0.0560866
0.0554244
-0.152524
-0.287725
0.813421
-0.318458
-0.367489
0.590243
0.218747
0.0968927
0.231199
-1.2302
0.0314289
-0.161061
0.371474
-0.424508
0.764145
1.08306
2.33251
2.75687
0.150287
0.358197
-0.0365465
-0.107594
0.265442
0.375841
0.588433
0.860607
-0.653105
-1.05693
0.294251
-0.301653
-1.80899
-0.43025
-0.00805768
0.319049
-0.028799
0.153133
-0.26398
-0.37153
-0.989785
-0.741806
2.36753
-1.24526
-0.231426
-0.0396408
-0.248518
0.282531
0.0268963
0.0498045
-0.632372
-0.159562
1.20276
-0.870885
0.233499
3.42663
-1.37055
-0.585585
0.295466
0.224795
0.221504
0.257343
0.474888
-0.235944
-0.400178
-2.42216
2.60003
0.362892
1.10093
0.693851
0.0912181
1.59024
0.0868011
0.178996
1.15248
0.194435
3.74852
-0.2733
1.21454
3.85397
-2.27433
-0.0119191
0.551916
0.797714
0.0349501
0.193653
0.000125846
-1.258
-0.635059
0.0515553
-1.80318
0.980318
-2.14581
1.2891
0.778637
-1.38385
0.296786
1.16319
0.428479
-0.246499
-0.0799279
-0.321722
-0.805571
1.74439
2.09216
-0.0924536
0.689823
-0.410839
-0.270306
0.102205
0.124542
-0.271862
0.054142
-0.250938
-0.182281
0.216692
2.43337
0.128414
1.25562
-1.73093
0.0311219
-0.295321
0.739047
-0.524917
0.329401
0.797862
0.428812
1.12718
0.469048
-1.24126
-1.7124
0.344485
-1.81484
0.55187
-0.405104
-0.311465
0.0966082
-2.16922
-0.483706
-0.789959
0.438983
-0.993872
1.69286
0.532342
0.297946
0.164382
0.257378
0.22856
-0.326985
-0.341233
0.549074
1.67231
0.466514
1.00495
-2.92932
-1.74215
-0.00352512
-0.193183
-0.29608
0.534659
-1.43639
-0.553894
-0.176675
-0.776843
0.949281
2.15904
0.996517
0.146149
1.28575
0.21602
-0.852022
-0.186003
-0.244105
1.37929
1.12279
-0.558772
-0.464759
-3.0649
-0.0778235
2.1329
0.321104
-0.00610892
1.36272
-0.162286
-1.35375
-0.0305741
0.0901469
0.990888
0.115471
0.854665
0.263516
-0.364198
0.0398945
1.02303
-0.0661565
-0.063552
-0.278625
0.132502
-0.636593
0.267484
0.0867808
-2.97994
-2.24042
0.0832491
0.113615
0.174926
0.377679
-0.208593
0.0191635
-0.52098
-0.985137
0.369397
-0.324065
0.810945
1.99989
-0.945488
-1.84821
0.0822233
0.0354105
-0.16472
-0.0656128
-0.269898
0.0429433
-0.251974
0.039266
0.0988541
-0.11308
1.65793
1.5778
-0.589473
2.17285
-0.0671081
-0.349466
0.0108482
-0.312202
0.0685329
0.227277
-1.80851
0.147655
1.55572
2.82854
1.25553
-0.0818965
-0.311487
0.257335
0.0315655
-0.0936348
0.355308
-0.443358
-0.414308
0.366974
-0.170455
1.83249
2.3445
0.0333558
-2.61062
-0.271689
0.0221405
-0.287215
-0.184414
0.0354373
0.0472533
0.120866
1.69858
-0.714131
1.99034
-1.15872
-2.27467
-0.651904
1.445
-1.28768
0.826187
1.26086
-1.09237
-0.493163
2.24361
0.458629
0.88578
0.483036
-0.186363
-0.94962
-0.644747
-0.537108
0.677691
0.861259
-0.863924
-0.452459
-0.81158
-2.21253
2.81089
0.455472
-1.61882
1.82835
-0.326778
-0.868034
1.43065
0.34703
-0.0162293
0.148071
0.191933
-0.00348499
-0.751701
0.0488711
-0.207337
0.0862377
0.036988
0.100601
-0.043901
0.0700016
0.0699584
0.05707
0.0593275
-0.767451
-2.14805
2.95862
-1.19135
0.103899
-1.42798
-0.0372057
0.109468
-0.142409
-0.0106122
-0.4563
-0.0216835
0.909163
1.84786
0.762002
-0.12452
1.21034
-0.0972644
-2.20809
-0.0740666
-0.0213386
0.042538
0.195405
-0.742812
0.0246914
2.6527
0.0930119
0.645121
-2.16917
0.5574
0.909458
-1.60173
-1.61895
1.63899
-0.213713
0.520139
0.284676
2.8453
1.1683
-0.978695
-1.35442
-0.670975
3.82321
-0.926233
0.657272
-0.170665
0.222474
1.52322
0.209204
0.521689
-1.23796
1.4236
1.64412
-0.997382
-0.901105
2.53544
2.44588
-0.0680225
0.105374
0.182807
-0.00285645
0.293207
-0.874929
-2.25821
0.585687
0.199071
0.141389
0.646753
-0.497744
0.634664
0.101561
0.208073
-2.18221
-0.483684
0.13341
1.79912
0.0638118
1.2503
0.510774
0.0699626
-0.106505
0.020918
-0.563
-0.352168
-0.35023
2.87943
-0.00165648
-2.74061
0.767118
1.46093
0.669069
0.140198
0.0730363
-0.062973
0.347746
-0.204215
0.00558304
-0.495093
1.4879
-2.98708
-0.0822044
3.29342
0.800918
-0.990372
-0.349935
1.86793
0.109047
-1.17279
-1.66585
-0.0290124
-2.58232
1.22152
-0.867253
-1.74459
-0.876281
0.814496
-0.726477
0.632615
-0.472754
0.738586
0.029855
0.0461021
-0.564032
-0.239822
0.522496
-2.54745
1.50021
3.35239
-0.186038
0.100704
0.174889
0.729812
0.0341099
-0.372266
0.62261
0.292723
0.503721
0.200614
-2.18626
-2.13511
-0.948768
0.0266321
0.244458
0.0726732
0.083689
-0.539493
0.15888
-0.317509
0.16675
0.116881
2.38283
-0.495085
-1.0186
0.189017
-0.412472
-0.240536
0.559426
0.192794
0.087853
-2.17791
2.62556
-2.72714
-1.70318
-0.534408
1.10645
0.0786155
-0.0272819
-0.545742
0.0314292
-0.261544
-0.776642
0.385939
-0.388262
-0.92704
0.524473
0.676056
-1.31339
-0.12232
0.171562
0.202629
0.0951043
0.286091
-0.0175112
-0.297447
0.204848
0.459517
-2.89378
3.01948
1.6895
0.740688
-0.0140737
-0.818552
0.385276
0.183009
-0.0366614
0.0920067
-0.190354
-1.94195
-2.36095
1.08013
2.85704
-0.0855763
0.0375946
0.327504
-0.210441
0.375645
0.198581
0.600601
0.125333
-0.0145096
2.0646
0.0214695
-0.432555
-0.251648
0.802071
0.0938026
-0.017216
-0.674521
0.734637
0.374092
0.347406
1.0512
0.12075
-0.632029
2.69434
0.192259
-0.0713576
-0.112658
-0.0445169
-0.070845
0.538044
-0.215558
0.0267535
-0.066899
0.163807
-1.92121
-1.05623
-0.417058
0.219633
-0.416312
-0.434264
-2.2514
1.88326
-0.0626235
-1.52662
-4.4499
0.0946271
-2.31216
4.05564
-0.681452
-0.196484
-0.0555038
-0.677286
-0.541629
-0.678761
0.377095
-1.88161
5.21505
3.02742
-4.14937
1.16922
3.56112
-2.0192
-1.64679
3.75301
2.86381
2.5945
-0.0387074
-1.0063
-2.86837
-1.36169
-1.623
-2.39378
2.7134
-4.69857
0.928738
-2.27085
-3.6503
1.17564
0.373583
0.368835
3.54772
-2.11532
0.450822
-0.615988
-3.56593
0.688901
-1.35605
3.94865
-1.98854
-0.800384
-0.322829
-0.837751
0.983832
2.46706
3.18698
-1.36797
-0.567755
-0.0928142
-0.0441446
-0.57352
0.794519
-0.222379
0.198196
0.845635
-2.88191
-2.16936
-1.82215
-0.420428
-0.085447
-0.319323
-0.0696706
-0.161302
-0.984722
2.09046
-0.939563
-0.00307481
-1.83016
-7.64967
-4.33393
0.563748
-4.0855
-6.83284
-3.54065
-4.51448
-0.45406
-0.333927
-0.0504055
-3.07268
-1.04315
-0.694822
1.05999
-2.21436
-3.68866
-0.498409
-2.02193
-2.69117
-1.38544
-0.315912
0.389264
-0.515732
4.43602
0.544954
3.79204
1.64372
-0.433281
-0.126744
-0.551796
-1.41783
-0.662073
-0.126716
-0.507648
-0.672682
-2.87544
-1.79402
2.47692
-1.67755
-0.0778429
-0.0803522
-0.0636737
0.0173225
-3.64448
0.46674
0.570603
-1.01015
-0.29156
0.372565
-0.988462
-0.408902
-1.07408
-0.603234
-0.764869
-2.09375
0.520848
0.226543
-0.233291
-0.411989
-0.453287
0.0290761
-0.320604
-0.394854
-0.78441
-0.441056
-0.875333
-0.784016
