[125, 9, 9, 4]
0.0
0.0
0.0
0.0
0.0
0.0
0.0
0.0
0.0
0.0
0.0
0.0
0.0
0.0
0.0
0.0
0.0
0.0
0.0
0.0
0.0
0.0
0.0
0.0
0.0
-0.424708
0.0
0.0
0.0
0.0
0.0
0.0
0.0
0.0
0.0
0.0
0.0
0.0
0.0
0.897016
0.0
0.0
0.0
-0.462718
0.0
0.00338617
0.399382
0.591173
-0.0573767
-0.138548
1.35945
-0.0959059
-1.06094
1.03432
0.0
0.635509
0.0
0.0
0.0
0.0
0.897745
0.0
0.0
0.0
0.0
0.0
0.0
0.0
0.0
0.0
0.0
0.0
0.0
0.0
0.0
0.0
0.0
0.0
0.0
0.0
0.0
0.0
0.0
-1.89648
0.0
-2.5336
0.0
0.0
0.0
0.0
0.0
0.0
0.0
0.0
-1.34568
0.0
0.0
0.0
0.0
0.0
0.0
0.0
0.0
0.0
0.0
0.0
0.0
0.0
0.0568935
0.0877027
0.34859
-0.198559
0.346347
-0.963838
-0.431912
0.936375
-1.36751
0.0
0.0
0.0
0.0
0.0
0.0
0.0
0.0
0.0
-1.57898
0.0
0.0
0.0
0.0
0.0
0.0
0.0
0.0
0.0
0.0
0.0
0.0
0.0
0.0
0.0
0.0
0.0
-1.86549
0.0
0.89569
0.0
0.0
0.0
0.151579
0.0
0.0
0.0
0.0
0.178825
0.0
0.0
0.0
0.0
0.0
0.0
0.0
0.0
0.0
0.0
0.0
0.0
0.0
0.0
0.0
0.0
-0.131798
0.0
0.0
0.0
0.0
0.0
0.181733
0.0
0.00242367
0.368145
-0.180575
-0.0220982
-0.0201804
1.15298
0.244671
-1.08638
0.253767
-0.249149
0.0
0.0
0.0
0.0
0.0
0.0
0.0
0.0
0.0
0.0
0.0
0.0
0.0
0.0
0.0
0.0
0.0
0.0
0.0
0.0
0.0
0.0
0.0
0.0
0.0
0.0
0.0
0.0
0.0
0.395957
0.0
0.0
0.0
0.0
0.0
0.0
0.0
0.0
0.0
0.0
0.0
0.0
0.0
0.0
0.0
0.0
-0.260033
0.0
0.0
0.0
0.0
0.0
0.0
0.0
0.0
0.0
0.0
0.0
0.0
0.0
0.0
0.148227
0.0
0.0
0.0
0.0
0.0
0.0
0.0
0.0
0.0
0.0
0.0
0.0
0.0
0.0
0.0
0.0
0.0
0.0
0.0
0.0
0.328905
0.0
0.0
0.0
0.0
0.0
-0.111518
0.0
0.0
0.0
0.0
0.0
0.0
0.0
0.0
0.0
0.0
0.0
0.0
0.0
0.0
0.0
0.0
0.0
0.0
0.0
0.0
0.0
0.0
0.0
0.0
0.0
0.0
0.0
0.0
0.0
0.0
-1.39189
0.0
0.0
0.0
0.0
0.0
0.0
-0.3494
0.0
0.0
0.0
0.0
0.0
0.0
0.0
0.0
0.0
0.443401
0.0
0.0
0.0
-0.220866
0.0
0.0
0.0
0.0
0.0
0.0
0.0
0.0
0.0
0.0
0.0
0.0
0.0
0.0
0.0
0.0
0.703066
0.0
0.0
0.0
1.29687
0.0
-1.93547
0.0
1.03071
0.0
0.0
0.250168
0.0
0.0
1.24456
0.0
0.0
0.0
0.0
0.0
0.0
0.0
0.0
0.0
0.0
0.0
0.0
0.0
0.0
0.0
0.0
0.0
0.0
0.0
1.274
0.0
0.0
1.0768
0.0
0.0
0.0
0.0
0.0
0.0
0.0
0.0
0.0
0.0
0.0
0.0
-0.204651
0.0
0.0
0.0
-0.76299
0.0
0.0
0.0
0.0
0.0
0.0
0.0
0.0
0.0
0.0
0.0
0.0
0.0
0.0
0.0
0.0
2.05607
0.0
0.0
0.0
0.0
0.0
0.0
0.0
0.0
0.0
0.0
0.218018
0.0
0.0
0.0
0.0
0.0
0.0
0.0
0.0
0.0
0.0
0.0
0.0
0.0
0.0
0.0
0.0
-1.1033
0.0
0.0
0.0
0.0
0.0
0.0
0.0
0.0
0.0
-1.13731
0.0
0.0
0.859044
0.0
0.0
0.0
0.0
0.0
0.0
0.0
-0.263417
0.0
0.0
0.0
0.0
0.0
0.0
0.0
0.0
0.0
0.0
-0.118173
0.0
0.0
0.0
0.0
0.0
0.0
0.0
-0.96564
0.0
0.0
0.0
-1.19863
0.0
0.0
-0.581176
0.0
-0.00726704
0.0433663
1.08362
0.0186177
0.0513751
-0.105144
-0.0434604
0.932971
0.0993167
0.0
0.0
0.0
0.0
0.0
0.0
0.0
0.0
0.0166211
0.0
0.0
0.0
0.0
0.0
0.0
0.0
0.0
0.0
0.0
0.0
0.0
0.0
0.0
0.0
0.0
0.0
0.0
0.0
0.0
0.0
0.0
1.03675
0.0
0.0
0.0
0.0
0.0
0.0
0.0
0.0
0.0
0.0
-0.321675
0.0
0.314718
0.0
0.0
0.0
0.0534798
2.70641
2.01967
0.0
0.0
0.0
0.0
0.0
0.0
0.0
0.0
0.0
-0.0286915
0.0
-2.09984
0.138747
0.0
0.0
0.0
0.0
0.0
0.0
0.0
0.0
0.0
-0.290608
0.0
-1.00191
0.0
0.0
0.0
0.0
0.0
-0.0065447
0.318121
-0.318819
0.0173566
0.121366
1.05141
-0.394425
0.311204
-0.450731
0.0
0.0
0.0
0.0
0.0
0.0
0.0
0.0
0.0
0.0
0.0
0.0
0.0
0.0
0.0
0.0
0.0
-1.15233
0.0
0.0
0.0
0.0
0.0
0.0
0.0
0.0
0.0
0.0
0.0
0.0
0.0
0.0
0.0
0.0
0.0
0.0
0.0
0.0
0.0
0.0
0.0
0.0
0.0
0.0
0.0
0.0
0.0
0.0
0.0
0.0
0.0
0.0
0.0
0.0
0.0
0.0
0.0
0.0
0.0
-0.609907
0.0
0.0
0.0
0.0
0.0
0.0
-0.526655
0.0
0.0
0.0
2.57822
0.0
0.0
0.0
0.0
0.0
0.0
0.0
0.0
0.0
0.0
-0.499971
0.0
0.0
0.0
0.0
0.0
0.0
0.202083
0.0
0.0
0.0
0.0
0.0
0.0
0.125461
0.0
0.0
0.0
0.0
0.0
0.0
0.0
0.0
0.0
-0.0441613
0.0
-0.497456
0.407137
0.0
0.0
0.0
0.0
0.0
0.0
0.0
0.0
0.0
1.51795
0.0
-0.83618
0.0
0.0
0.0
0.0
0.0
0.0
0.0
-0.819033
0.0
0.0
0.0
0.0
0.0
0.0
0.0
0.0
0.0
0.0
0.0
0.0
0.0
0.0
0.0
0.0
0.0
0.0
0.0
0.0
0.63997
0.0
-0.305982
0.0
0.0
0.0927008
0.0
0.0
0.0
0.0
0.0
0.0
0.0
0.0
0.0
0.0
0.0
0.0
0.0
0.0
0.0
-1.05233
0.0
-1.70245
0.0
1.4036
0.0
-0.601295
0.0
1.95654
0.0
0.0
-0.504355
0.0
0.0
0.0
-0.387027
0.0
0.0
0.0
0.0
0.0
0.0
0.0
0.0
0.0
0.0
0.0
0.0
0.0
0.0
0.0
0.0
-0.788616
0.0
0.0
0.0
0.0
1.14378
0.0
0.881148
0.0
0.0
0.0
0.0
0.0
-1.88903
0.0
0.0
0.0
0.0
0.0
0.0
0.0
0.0
0.0
0.0
0.591167
0.0
0.0
0.0
0.0
0.0
0.0
0.0
0.0
0.0
0.0
0.0
0.0
0.0
0.0
0.0
0.0
0.0
0.0
0.0
0.0
0.915009
0.0
0.0
0.0
0.0
0.0
0.0
0.0
-1.72567
0.0
0.0
0.0
0.0
0.0
0.0
0.0
0.0
0.0
0.143949
0.0
0.0
0.0
0.0
0.0
0.0
0.0
0.0
0.0
0.0
-0.833393
0.0
0.0
0.0
0.0
0.0
0.0
0.0
0.0
0.0
0.0
0.0
0.0
0.0
0.0
0.0
0.0
0.0
-1.74093
0.0
0.10903
0.0
0.0
0.0
0.0
0.0
0.0
0.0
0.0
-0.601373
-0.00749076
0.130921
-0.452584
0.0184581
0.273677
-1.12092
0.584218
1.05564
0.881017
-0.972538
0.0
-0.995468
0.0
0.0
0.0
0.0
0.0
0.0
0.0
0.0
0.0
-0.853809
0.0
-0.458351
0.0
0.0
0.0
0.0
0.0
0.0
-1.41292
0.0
0.0
0.0
0.0
0.0
0.0
0.0
0.0
-0.351561
0.0
-0.348057
0.0
0.0
0.0
0.0
0.0
0.0
0.0
0.0
0.0
0.0
0.0
0.0
0.0
0.0
0.0
0.0
0.0
0.0
0.0
0.0
0.0
0.0
0.0
-1.33755
0.0
0.0
0.0
0.0
0.0
0.0
-0.00320749
0.268795
0.526833
-0.045786
-0.130603
1.14979
-0.566334
0.126781
-0.352923
0.0
0.0
0.0
0.0
0.0
0.0
0.0
0.0
0.0
0.0
0.0
0.0
0.0
0.0
0.0
0.0
0.0
0.0
0.0
0.0
0.0
0.0
0.0
0.0
0.0
0.0
0.0
2.37756
0.0
0.0
0.0
0.0
0.0
0.689829
0.0
0.0
0.0
0.0
0.236669
0.369524
0.0
0.0
0.0
0.0
0.0
0.0
0.0
0.0
0.0
0.0
0.0
-1.79672
0.0
0.0
-0.055423
0.233145
0.182906
-0.216721
0.362466
-1.03434
-0.438564
0.958706
-1.35684
0.0
0.0
0.0
0.0
0.0
0.0
0.0
0.0
0.0
-1.01662
0.0
0.0
0.0
0.0
0.0
0.0
0.0
0.0
0.0
0.0
0.0
0.0
0.0
0.0
0.0
0.0
0.0
0.0
0.0
0.0
0.0
1.19291
0.0
0.0
-2.06402
0.0
0.0
0.0
0.0
-0.189687
0.0
-0.0520214
0.0
0.0
0.0
0.0837634
3.53687
2.00139
-0.222358
0.645418
-1.0532
0.726017
2.2346
1.95408
0.246726
-3.64565
-2.41451
0.507465
-0.931853
0.58746
-1.35079
-2.8413
-1.98995
0.0728656
0.176894
-0.195465
0.0848316
0.487069
-1.4484
-0.468517
-1.29287
-1.7289
0.00649396
-0.0227715
-0.0933664
-0.0665428
-0.0224608
0.0405878
-0.82821
1.08018
1.01301
0.561423
0.376808
-0.41292
0.285218
0.323424
-0.467416
-0.625126
-0.607478
-0.0342177
0.229535
-0.230236
-0.353252
0.245568
0.00178256
-0.251456
-0.380359
-0.445933
0.491439
1.23807
0.248305
0.115771
-0.045028
0.537259
-0.13847
-1.54883
-0.356729
0.110073
1.74261
1.02993
-0.27803
0.0229021
-1.41662
1.1594
0.130983
0.0575859
0.0203952
1.95501
-1.70904
-2.29803
0.258845
2.45192
0.0298096
-0.393535
-0.620139
0.506405
0.217572
0.895546
1.75259
2.68248
2.63141
-2.51723
-0.13712
-1.25496
0.47542
-0.177248
-0.425258
3.04453
2.25232
1.49055
5.50643
-0.143683
3.87823
0.0696275
-0.0756094
0.0460995
0.477987
2.5887
-0.622353
4.67184
2.83016
0.464548
-2.00298
-0.152423
-0.12775
-0.202939
-0.0802404
0.398508
-0.0160804
4.77958
4.08497
-0.0902593
0.105673
0.101308
0.421592
0.0133091
0.25599
-1.44902
-4.83533
-4.79205
-5.47547
0.0942496
0.0363158
-0.131935
0.0540692
0.302373
-0.136842
-1.3865
2.41948
-0.118383
-1.80751
0.568106
-0.789402
-0.542386
-6.07138
-4.81567
-5.55654
-4.24544
-1.45054
-2.57655
-1.43163
-3.45763
-1.26499
2.11135
-0.446879
0.464472
-2.18886
-1.44992
-0.405115
0.551345
4.98377
-3.73829
9.62068
-2.75886
5.43339
-2.58632
-4.30044
2.72226
1.50404
-2.55124
-4.3905
0.3798
-1.88505
0.440383
0.0545321
-0.346871
-1.73233
0.369638
-1.72951
0.0879446
