[0.23856048054238954,
 -4.358435613729398,
 42.64614549578721,
 -1.2710727043861425,
 -3.5192683518183117,
 42.72248727192891,
 -7.860440413640447,
 0.3175127611240782,
 0.4541638169654334,
 -0.5586834307261768,
 42.967803871206684,
 17.24185589947365,
 2.4219876852878883,
 0.8073197700225307,
 -30.61905239255654,
 5.961611544669296,
 -30.872112400800432,
 42.62282781715737,
 -30.84778755881129,
 -0.16205808386135345,
 -30.65692546053012,
 -0.5454285005285726,
 -0.5239328825022724,
 0.05303810796789321,
 0.38617161168861003,
 -1.663391043073375,
 0.13339666183424015,
 7.678730693295883,
 -0.6856460727023119,
 -0.20455266248618997,
 -0.7770522963585762,
 42.93298685765774,
 1.207757326750027,
 1.5127817414106204,
 -3.5197364954826753,
 0.39363527098760187,
 -0.4780819402990737,
 1.7679437822197883,
 -1.5559653284531123,
 1.465663478210658,
 42.983645283783886,
 0.3615855407085178,
 -30.6153474334682,
 16.86666263334007,
 -0.2332160542395485,
 -0.26896254130093666,
 -0.45035024327185624,
 16.820568100659813,
 0.14370363713840106,
 0.13401134149512473,
 -4.361882583043894,
 -0.335587967363832,
 -4.477178866491045,
 0.4140200782584884,
 -0.4416921729352765,
 -0.4523571543525975,
 -0.20300872733673714,
 0.2327422197334954,
 0.6658271398861757,
 16.58670661746214,
 -0.9675166491906779,
 3.033562629201583,
 -4.533108372041568,
 -1.2087932240169579,
 -7.794964404195866,
 -0.055677686470545495,
 17.24867170701893,
 17.12424360072211,
 -0.054846073899554426,
 -1.6603181798417097,
 1.6075182649513238,
 -2.253120943404099,
 -7.7686705884432286,
 -0.8547825739133827,
 -0.4062794462233228,
 -0.6821789727822818,
 -1.930797637292354,
 0.25150067753111216,
 -1.2507360284829616,
 -1.738046115151576,
 -1.0445517594051807,
 -0.9161894513577522,
 0.3839466767994999,
 1.175947474144003,
 -2.4468843408616863,
 42.4137862091971,
 -0.2743274666847384,
 1.574346540899512,
 0.9659713743082534,
 4.4346154975423815,
 16.63437270716244,
 0.04495538170539248,
 -0.1200852978738709,
 20.050148565102603,
 -0.3466329231531802,
 -0.34882336871919506,
 -7.881779656190133,
 43.05307884701074,
 -0.090761705257421,
 -1.0427632436502563,
 0.6537078218916577,
 2.9823854237927776,
 -2.3196193020609712,
 15.825078062605627,
 -31.422122430525718,
 -1.469795569598503,
 16.781317530739074,
 -0.3967409061029912,
 -8.19109390382522,
 -3.1070098414183462,
 -8.097900030438382,
 -3.92804964279874,
 -8.213293111190751,
 -0.9204618889593945,
 -8.630929583280874,
 -0.9181849567008271,
 1.0918124453154618,
 -4.861292504184291,
 -30.636497668515375,
 1.6587714671551907,
 1.8135098393319424,
 -1.027501222059584,
 0.7532067120435499,
 -0.7478276500102652,
 -30.361180482776007,
 -0.4217393103879772,
 0.08718546223435908,
 -1.4698626975114735]
