[-1.0358418478568296,
 -0.5977906465525962,
 0.13640015757746937,
 30.391111167095715,
 14.278155244595979,
 14.530202036434304,
 -0.12983640764718984,
 4.659525545414823,
 0.17268952848570507,
 0.33274356507163816,
 -29.811068887581847,
 0.30464667126815925,
 0.25167564439414036,
 0.28880379581639204,
 0.0969362834879064,
 -0.12527146377675535,
 0.3117091760190931,
 0.31200730105075536,
 -0.5984737760178405,
 -0.4875110648138161,
 -0.11748118850351119,
 0.6054386322745131,
 -0.40090362396776413,
 -1.5054935286356326,
 -0.509496107300663,
 -0.1881815673457936,
 0.2575007885901641,
 -0.19939024321816134,
 -2.9357863378273237,
 -11.97975396365667,
 0.24887031344883326,
 -0.7708683082761638,
 -0.038234410059899915,
 -1.0599930455937852,
 14.408188894156666,
 1.4124387830464684,
 11.202820531350213,
 0.15758114719363903,
 0.8596339365711287,
 -0.04566739217723221,
 -0.20380229714965026,
 0.08184920650028893,
 -0.1734273642528592,
 -0.22360940244465155,
 -0.16835950174152003,
 30.566968861877456,
 0.30434471073021996,
 -0.41302738935419825,
 -10.25673923663475,
 0.26932011274485035,
 -0.9588750369475143,
 0.4924687579895419,
 0.4896504586867074,
 -0.6634290143999522,
 1.0519855582976447,
 -0.17059620222789817,
 -1.5637158704677425,
 0.4762129521856977,
 -0.15154664348084168,
 0.7635308713319233,
 0.4244986615271671,
 0.1305845406789672,
 33.99386047941405,
 -0.045617643218641785,
 -14.093662449168193,
 0.3895376919074067,
 -0.8248428818099001,
 -0.1985555859766137,
 0.9134081333314157,
 -14.067633780679316,
 -0.031219112855239928,
 -0.16777653076765375,
 -0.11046066587249292,
 0.04582890391674255,
 -0.038197163495070185,
 30.120115969227896,
 -0.9105678277468883,
 -0.19043998776612625,
 -14.068810077380704,
 -0.13344637797658265,
 -14.077713693962892,
 0.01920108343836091,
 0.02117039553684208,
 0.6530375615639628,
 -0.42731000420172904,
 -0.03581361547242068,
 14.268583165255222,
 0.11293878100104848,
 -0.06928384446121072,
 -0.012724979157610505,
 0.7845030125604353,
 -0.23352964235864704,
 -0.21267853352685506,
 -1.262878236438814,
 -0.7094925050136283,
 -1.2466167139889421]
