[293, 25, 25, 4]
0.0
0.0
0.0
0.0
0.0
0.0
0.0
0.0
0.0
0.0
0.0
0.0
0.0
0.0
0.0
0.0
0.0
0.0
0.0
0.0
0.0
0.0
0.0
0.0
0.0
0.0
0.0
0.0
0.0
0.0
0.0
0.0
0.0
0.0
0.0
0.0
0.0
0.0
0.319996
0.0
0.0
0.0
0.0
0.0
0.0
0.0
0.0
0.0
0.0
0.0
0.0
0.0
0.0
0.0
0.0
0.0
0.0
0.0
0.0
0.0
0.0
0.0
0.0
0.0
0.0
0.0
0.0
0.0
0.0
0.0
0.0
0.0
0.0
0.0
0.0
0.0
0.0
0.0
0.0
0.0
0.0
0.0
0.0
0.0
0.0
0.0
0.0
0.0
0.0
0.0
0.0
0.0
0.0
-0.392081
0.0
0.0
0.0
0.0
0.0
0.0
0.0
0.0
0.0
0.0
0.0
0.0
0.0
0.0
0.0
0.0
0.0
0.0
0.0
0.0
0.0
0.0
0.0
0.0
0.0
0.0
0.0
0.0
0.0
0.0
0.0
0.0
0.0
0.0
0.0
0.0
0.0
0.0
0.0
0.0
0.0
-0.891502
0.0
-0.694856
0.0
0.0
0.0
0.0
0.0
0.0
0.0
0.0
0.0
0.0
0.0
0.0
-0.318823
-0.0636947
0.578648
-0.159959
0.418962
0.534648
0.204689
0.794352
0.227005
0.491031
-0.516516
-0.738864
0.39723
0.0380183
-0.485288
0.195525
0.467881
-0.237743
0.0306356
0.00508795
-1.0766
0.1312
0.567347
-0.88618
-0.0808735
0.0
0.0
0.0
0.0
0.0
0.0
0.0
0.0
0.0
0.0
0.471208
0.0
1.10606
0.0
0.0
0.0
0.0
0.0
0.0
1.14519
0.0
0.0
0.0
0.0
0.0
0.0226259
0.228643
1.04432
-0.398639
-0.986066
-0.314719
-0.184316
-0.261149
0.201943
-0.0265733
-0.129696
-1.02012
0.441894
0.313306
-0.235539
-0.163407
0.427726
-0.0667069
-0.057013
-0.434773
-1.35871
-0.478006
0.705765
-0.71701
-0.0382999
0.0
0.0
0.0
0.0
0.0
0.0
0.0
0.0
0.0
0.0
0.0
0.0
0.0
0.0
0.0
0.0
0.0
0.0
0.0
0.0
0.0
0.0
0.0
0.0
0.0
-0.496118
0.0236946
0.470682
0.356955
-3.6812
0.839251
0.298313
-0.267676
0.371689
0.386832
-0.144491
-0.857272
0.647178
1.03667
-0.773504
0.0477288
0.44643
-0.0389001
-0.671145
0.451274
-1.10763
-0.419584
2.30838
-0.0108338
0.218404
0.0
0.0
0.0
0.0
0.0
0.0
0.0
0.0
0.0
0.0
0.0
0.0
0.0
0.0
0.0
-0.348971
0.0
0.0
0.0
0.0
0.0
0.0
0.0
0.0
0.0
0.0
0.0
0.0
0.0
0.0
0.0
0.0
0.0
0.0
0.0
0.0
0.0
0.0
0.0
0.0
0.0
0.0
0.0
0.0
0.0
0.0
0.0
0.0
0.0
0.0
0.0
0.0
0.0
0.0
0.0
0.0
0.0
0.0
0.0
0.407042
0.0
0.0
0.0
0.0
0.0
0.0
0.0
0.0
0.0
0.0
0.0
0.0
0.0
0.0
0.0
0.0
0.0
0.0
0.0
0.0
0.0
0.0
0.0
0.0
0.0
0.0
0.0
-0.101276
0.0
0.151397
0.0
0.0
0.0
0.0
0.0
0.0
0.0
0.0
0.0
0.0
0.0
0.0
0.0
0.0
0.0
0.0
0.0
0.0
0.0
0.0
0.0
0.0
0.0
0.0
0.0
0.0
0.0
0.0
0.0
0.0
0.0
0.0
1.2997
0.0
0.0
0.0
0.0
0.0
0.0
0.0
0.0
0.0
0.0
0.0
0.151242
0.0
0.3913
0.0
0.0
0.0
0.0
0.0
0.0
0.0
0.0
0.31609
0.0
0.0
0.0
-0.263848
0.0
0.0
0.0
0.0
0.0
0.0
0.0
0.0
0.0
0.0
0.0
0.0
0.0
0.0
0.0
0.0
0.0
0.0
0.0
0.0
0.0
0.0
0.0
0.0
0.0
0.0
0.0
0.0
0.0
0.0
0.0
0.0
0.0
0.0
0.0
0.0
0.0
0.0
0.0
0.0
0.0
0.0
0.0
0.0
-1.52257
0.0
0.0
0.0
0.0
0.0
0.0
0.0
0.0
0.0
-0.154837
2.01669
0.0
0.0
0.0
0.0
1.07092
0.0
0.0
0.0
0.0
0.0
1.05215
0.0
0.0
0.0
0.0
0.0
0.0
0.0
0.0
0.0
0.0
0.0
0.0
0.0
0.0
0.0
0.0
0.0
0.508828
0.0
0.0
0.0
0.0
0.0
0.0
0.0
0.0
0.0
0.0
0.0
0.0
0.0
0.0
0.0
-0.25233
-0.197739
0.380371
0.02779
0.101778
0.0605517
0.264124
0.711955
0.276609
-0.452247
-0.172993
-0.61807
0.487401
0.0398981
0.00539119
0.166068
0.510719
-0.248684
-0.0884863
-0.0749679
-0.935953
0.451258
0.505018
-0.723563
-0.144048
0.0
0.0
0.0
0.0
0.158641
1.03612
0.0
0.0
0.0
0.0
0.0
0.0
0.0
0.0
0.0
0.0
0.0
0.0
0.0
0.0
0.0
0.0
0.0
0.0
0.0
0.0
1.29159
0.0
0.0
0.0
0.0
0.0
0.0
0.0
0.0
-1.21386
0.0
0.0
-1.24599
0.0
0.0
0.0
0.0
0.0
0.0
0.0
0.0
0.0
0.0
0.0
0.0
0.0
0.0
0.0
0.0
0.0
0.0
0.0
0.0
0.0
0.0
0.0
0.0
0.0
0.0
0.0
0.0
0.315614
0.0
0.0
0.0
0.0
0.0
0.0
0.0
0.0
0.0
0.0
0.0
0.0
0.0
1.86511
0.0
0.0
0.0
0.0
0.0
0.0
0.0
0.0
0.0
0.0
-0.83481
0.0
0.0
0.0
0.0
0.0
0.0
0.0
0.0
0.0
0.0
0.0
0.0
0.0
0.0
0.0
0.0
0.0
0.0
0.0
0.0
0.0
0.0
0.0
0.0
0.0
0.0
0.0
0.0
0.0
0.0
0.0
0.0
0.0
0.0
0.0
0.0
0.0
0.0
0.0
0.0
0.0
0.0
0.0
0.0
0.0
0.0
0.0
0.0
0.0
0.0
0.0
0.0
0.0
0.087539
0.0
0.895665
0.0
-0.0558199
0.0
0.0
0.0
0.0
0.0
0.0
0.0
0.0
0.0
0.0
0.0
0.0
0.0
0.0
0.0
0.0
0.0
0.0
0.0
0.0
0.0
0.0
0.0
0.0
0.121272
0.829475
0.932332
-0.174344
-3.16067
-0.152949
0.803447
-2.62495
0.389495
0.136609
-0.279235
2.61511
0.208088
-1.11351
-0.869176
-0.102762
1.59189
0.780976
-0.779646
1.37439
-0.161109
0.945158
-0.34392
0.117962
0.44762
0.0
0.0
0.0
0.0
0.0
0.0
0.0
0.0
0.0
1.85567
0.0
0.0
0.0
0.0
0.0
0.0
0.0
0.0
0.0
0.0
0.0
0.0
0.0
0.0
0.0
0.0
0.0
0.0
0.0
0.0
0.0
0.0
0.0
0.0
0.0
0.0
0.0
0.0
0.0
0.0
0.0
0.0
0.0
0.0
0.0
0.0
0.0
0.0
0.0
0.0
0.0
0.0
0.0
0.0
0.0
0.0
0.0
0.0
0.0
0.0
0.0
0.0
0.0
0.0
0.524828
0.0
0.0
0.0
0.0
0.0
0.0
0.0
0.0
0.0
0.0
0.0
0.0
0.0
0.0
0.0
0.0
0.0
0.0
0.0
0.0
0.0
0.0
0.0
0.0
0.0
0.0
0.0
0.0
0.0
0.0
0.0
0.0
0.0
-0.806378
0.0
0.0
0.0
0.0
0.0
0.0
0.0
0.0
0.0
0.0
0.0
0.0
0.0
0.0
0.0
0.0
0.0
0.0
0.0
0.0
-0.541719
0.0
0.0
0.0
0.0
0.0
0.0
0.0
0.0
0.0
0.0
0.419532
0.0
0.0
0.0
0.0
0.0
0.0
0.0
0.0
0.0
0.0
0.0
0.0
0.0
0.0
0.0
0.0
0.0
0.0
0.0
0.123829
-0.022347
0.195783
0.18832
-0.222454
0.139355
0.155024
0.308728
0.349219
0.0533537
0.0517491
-0.543399
0.376997
0.0508591
-0.161349
-0.021689
0.0613048
-0.43136
0.059941
0.0509621
-0.856203
0.37301
0.537232
-0.482908
0.0700726
0.0
0.0
0.0
0.0
0.0
0.0
0.0
0.0
0.0
0.0
0.0
0.0
0.0
0.0
0.0
0.0
0.0
0.0
0.0
0.0
0.0
0.0
0.0
0.0
0.0
0.0
0.0
0.0
0.0
0.0
0.0
0.0
-2.92767
0.0
-0.428997
0.0
0.0
0.0
0.0
0.0
0.0
0.0
0.0
0.0
0.0
0.0
0.0
0.0
0.0
-0.393985
0.0
0.0
0.0
0.0
0.0
0.0
0.0
0.0
0.0
0.0
0.0
0.0
0.0
0.0
0.0
0.0
0.0
0.0
0.0
0.0
0.0
0.0
0.0
0.0
0.0
0.0
-0.889525
0.0
0.0
0.0
0.0
0.0
0.0
0.0
0.0
1.16333
0.0
0.0
0.0
0.0
0.0
0.0
0.0
0.0
0.0
0.0
0.0
0.0
0.0
0.0
0.0
0.0
0.0
0.0
0.0
0.0
0.0
0.0
0.0
0.0
0.0
0.0
0.0
0.0
-0.799967
0.0
0.0
0.0
0.0
0.0
0.0
0.0
0.0
0.0
0.0
0.0
0.0
0.0
0.0
0.0
0.0
0.0
0.0
0.0
0.0
0.0
0.0
0.0
0.0
0.0
0.0
0.0
0.0
0.0
0.22585
0.0
0.0
0.0
0.0
0.0
0.0
0.0
0.422883
0.274181
0.0
0.0
0.0
0.105354
-0.0504131
0.0
0.0
0.0
0.0
0.0
0.0
0.0
0.0
0.0
0.0
0.788133
0.0
0.0
0.0
0.0
0.0
0.0
-1.02778
0.0
0.0
0.0
0.0
0.0
0.0
0.0
0.0
0.0
0.0
0.0
0.0
1.77992
0.0
0.0
0.0
0.0
0.0
0.0
0.0
0.0
0.0
0.0
0.0
0.0
0.0
0.0
0.0
0.885228
0.140039
0.0
0.0
0.686076
0.0
0.0
0.0
0.0
0.0
0.0
0.0
0.0
0.0
0.0
0.0
0.0
0.0
0.0
0.310476
0.0
0.0
-0.59065
0.0
0.0
0.0
0.0
0.0
0.0
0.0
0.0
0.0
0.0
0.0
0.0
0.0
0.0
0.0
0.0
0.0
0.0
0.0
0.0
0.0
0.0
0.0
0.399427
0.0
0.0
0.0
0.0
0.0
0.0
0.0
0.0
0.0
0.0
0.133823
0.0
0.0
0.0
0.0
0.0
0.0
0.0
0.0
0.0
0.0
0.0
0.0
0.0681255
-0.555154
0.140022
0.0198153
0.314636
-0.261536
0.0557565
-0.270309
0.543024
-0.0468615
0.0297693
0.224635
0.400721
0.13289
-0.119188
0.0766697
0.275892
0.17473
-0.0135918
0.155532
0.371744
0.107146
0.928308
0.311147
-0.0575547
0.0
0.0
0.0
0.0
0.0
0.0
0.0
0.0
0.537116
0.0
0.0
0.0
0.0
0.0
0.0
0.0
0.0
0.0
0.0
0.0
0.0
0.0
0.0
0.0
0.0
0.0
0.0
0.0
0.0
0.0
0.0
0.0
0.0
0.0
0.0
0.0
0.0
0.0
0.0
0.0
0.0
0.0
0.0
0.0
0.0
0.0
0.0
0.0
0.0
0.0
0.0
-0.18572
0.0
2.0439
0.0
0.0
-0.71014
0.0
0.0
0.0
0.0
0.0
0.0
0.0
0.0
0.0
0.0
0.0
0.0
0.0
0.0
0.0
0.0
0.0
0.0
0.0
0.0
0.0
0.0
0.0
0.0
0.0
0.0
0.0
0.0
0.0
0.0
0.0
0.0
0.0
0.0
0.0
0.579655
0.0
0.0
0.0
0.0
0.0
0.0
0.0
0.0
0.0
0.0
0.0
0.0
0.0
-0.884314
0.0
0.0
0.0
0.0
0.0
0.0
0.0
0.0
0.0
0.0
0.0
0.0
0.0
0.225653
0.0
0.0
0.0
0.0
0.0
0.0
0.0
0.0
0.0
0.0
0.0
0.0
0.0
0.0
0.0
0.0
0.0
0.0
0.0
0.0
0.327015
0.0
0.0
0.0
0.0
0.0
0.0
0.0
0.0
0.0
0.0
0.0
0.0
0.0
0.0
0.0
0.0
0.0
0.0
0.0
0.0
0.0
0.0
0.0
0.0
0.0
0.0
0.0
0.0
0.0
0.0
0.0
0.0
0.0
0.0
0.0
0.0
0.0
0.0
0.0
0.0
0.0
0.0
0.0
0.0
0.0
0.0
0.0
0.0
0.0
0.0
0.0
0.0
0.0
0.0
0.0
0.0
0.0
0.0
0.0
0.0
0.0
0.0
0.0
-1.06432
0.0
0.0
0.0
0.0
0.0
0.0
0.0
0.0
0.0
0.0
0.0
0.0
0.0
0.0
0.0
0.0
0.0
0.0
0.0
0.0
0.0
0.0
0.0
0.0
0.0
0.0
0.0
0.0
0.0
0.0
0.145886
0.0
0.0
0.0
0.0
0.0
0.0
0.0
0.0
0.0
0.0
0.0
0.0
0.0
0.0
0.0
0.0
0.0
0.0
0.0
0.0
0.0
0.0
0.0
0.0
0.0
0.0
0.0
0.0
0.0
0.0
0.0
0.0
0.0
0.0
0.0
0.0
0.0
0.0
0.0
0.0
0.0
0.0
0.0
0.0
0.0
0.0
0.0
0.0
0.0
0.0
0.0
0.0
0.0
0.0
0.0
0.0
0.0
0.0
0.0
0.0
0.0
0.0
0.0
0.0
0.0
0.0
0.0
0.0
0.0
0.0
0.0
0.0
0.0
-0.364286
0.0
0.0
0.0
0.0
0.0
0.0
0.0
0.0
0.0
0.0
0.0
0.0
0.0
0.0
0.0
0.0
0.0
0.0
0.0
0.0
0.0
0.0
0.0
0.0
0.0
0.0
0.0
0.324957
0.0
0.0
-0.955938
0.0
0.0
0.449314
0.0
0.0
0.0
0.0
0.0
0.0
0.0
0.0
0.0
0.0
0.0
0.0
0.0
0.0
0.0
0.0
0.0
0.0
0.0
0.0
0.0
0.0
0.0
0.0
0.0
0.0
0.0
0.0
0.0
0.0
0.0
0.0
0.0
0.0
1.18175
0.0
0.0
0.0
0.0
0.0
0.0
0.0
0.0235916
0.0
0.0
0.0
0.0
0.0
0.0
0.0
0.0
0.0
0.0
0.0
0.0
0.254455
0.0
0.0
0.0
0.0
0.0
0.0
0.0
0.0
0.0
0.0
0.0
0.0
0.0
0.0
0.0
0.0334734
0.0
0.0938931
0.0
0.0
0.0
0.0
0.0
0.0
0.0
0.0
0.0
0.0
0.0
0.0
0.0
0.0
0.531383
0.0
0.0
0.0
0.0
0.0
0.0
0.0
0.0
0.0
0.0
0.0
0.0
0.0
0.0
0.0
0.0
0.0
0.0
0.0
0.0
0.0
0.0
0.0
0.0
0.0
0.0
0.0
0.0
0.0
0.0
0.0
0.0
0.0
0.0
0.0
0.0
0.0
0.0
0.0
0.0
0.0
0.0
0.0
0.0
0.0
0.0
0.0
0.0
0.0
0.0
0.0
0.0
0.0
0.0
0.0
0.0
0.0
0.0
0.0
0.0
0.0
0.0
0.0
0.0
0.0
0.0
0.126154
0.16166
-0.0458178
0.033007
-0.232755
0.695731
0.164414
0.314659
0.490715
-0.0175838
0.0552154
-0.50927
0.196513
0.0836852
-1.22117
-0.169623
0.517216
-0.75494
-0.0647992
0.318313
-0.740261
-0.142641
0.586187
-0.481786
0.120518
0.0
0.0
0.0
0.0
0.0
0.0
0.0
0.0
0.0
0.0
0.0
0.0
0.0
0.0
0.0
0.0
0.0
0.0
0.169095
0.0
0.0
0.0
0.0
0.0
0.0
0.0
0.0
0.0
-1.69722
0.0
0.0
0.0
0.0
0.0
0.0
0.0
0.0
0.0
0.0
0.0
0.0
0.0
0.0
0.0
0.0
0.0
0.0
0.0
0.0
0.0
0.0
0.0
0.0
0.0
0.0
0.0
0.0
0.0
0.0
0.0
0.0
0.0
0.0
0.0
0.0
0.0
-0.970634
0.0
0.0
0.0
0.0
0.0
0.0
0.0
0.0
0.0
0.0
0.0
0.0
0.0
0.0
0.0
0.0
0.0
-1.35799
0.0
0.0
0.0
0.0
0.0
0.0
0.0
0.0
0.0
0.0
0.0
0.0
0.0
0.668243
0.0
0.0
0.0
0.0
0.0
0.0
0.0
0.0
0.0
0.0
0.0
0.0
0.0
0.0
0.0
0.0
0.0
0.0
0.0
0.0
0.0
0.0
0.0
0.0
-1.15972
0.0
0.0
0.0
0.0
0.0
0.0
0.0
0.0
0.0
0.0
0.0
0.0
0.0
0.0
0.0
0.0
0.0
-0.393278
0.0
0.0
0.0
0.0
0.0
0.0
0.0
-0.290271
0.0
0.0
0.0
0.0
0.0
0.0
0.0
0.539785
0.0
0.0
0.0
0.0
0.0
0.0
0.0
0.0
0.0
0.0
0.0
0.0
0.0
0.0
0.0
0.0
0.0
2.18566
0.0
0.0
-0.785056
0.0
0.0
0.0
0.0
0.0
0.0
0.0
0.0
0.0
0.0
0.0
0.0
0.0
0.0
-0.31556
0.0
0.0
0.0
0.0
0.0
0.0
0.0
0.0
0.0
0.0
0.0
0.0
0.0
0.0
0.0
0.0
0.0
0.0
0.0
0.0
0.0
0.0
0.0
0.0
0.0
0.0
0.0
0.0
0.0
0.0
0.0
0.0
0.0
0.0
0.0
0.0
0.0
0.0
0.0
0.0
0.0
0.0
-2.74721
0.0
1.49813
0.0
0.900291
0.0
0.0
0.0
0.0
0.0
-0.490695
0.0
0.0
0.0
0.0
0.0
0.0
0.0
0.726528
0.0
0.0
0.0
0.0
0.0
0.0
0.0
0.0
0.0
0.0
0.0
-0.637855
0.0
0.0
0.0
0.0
-0.977556
0.99467
0.0
0.0
0.0
0.0
0.0
0.0
-2.17478
0.0
0.0
0.0
0.0
0.0
0.0
0.0
0.0
0.0
0.0
0.0
0.0263651
0.0
0.0
0.0
0.0
0.0
0.0
0.0
0.0
0.0
0.0
0.809146
0.0
0.0
0.0
0.0
0.0
0.0
0.0
0.0
0.0
0.0
0.0
0.0
0.0
0.0
0.0
0.0
0.0
0.0
0.0
0.0
0.0
0.0
-0.0167862
-0.436019
0.0119649
0.0829335
0.928247
-0.351427
0.163015
-0.744942
0.432834
-0.0434808
0.0327732
0.462443
0.622564
0.269396
-0.0995789
-0.0469094
0.754598
-0.0515589
-0.0098711
0.358195
0.462194
0.323861
0.899197
0.489703
0.00197291
0.0
0.0
0.0
0.0
0.0
0.0
0.0
0.0
0.0
0.0
0.0
0.0
0.0
0.0
0.0
0.0
0.0
0.0
0.0
0.0
0.0
0.0
0.0
0.0
0.0
0.0
0.0
0.0
0.0
0.0
0.0
0.0
-0.61637
0.0
0.0
0.0
0.0
0.0
0.0
0.0
0.0
0.0
0.0
0.0
0.0
0.0
0.0
0.0
0.0
0.144779
0.0
0.0
0.0
0.0
0.0
0.0
0.0
0.0
0.0
0.199293
0.0
0.0
1.45314
0.0
0.0
0.0
0.0
0.0
0.0
0.0
0.0
0.0
0.0
0.0
0.0
0.0
0.0
0.0
0.0
0.0
0.0
0.0
0.0
0.0
0.0
0.0
0.0
0.0
0.0
0.0
0.0
0.0
0.0
0.0
0.0
0.0
0.0
-0.805662
0.0
0.0
0.0
0.0
0.906556
0.0
0.0
0.0
0.0
0.0
0.0
0.0
0.0
0.0
0.0
0.0
0.0
0.0
0.0
0.0
0.0
0.0
0.0
0.0
0.0
0.0
0.0
0.0
0.0
0.0
0.0
0.0
0.0
0.0
0.0
0.0
0.0
0.0
0.0
0.0
0.0
0.0
0.0
0.0
0.0
0.0
0.0
0.0
0.0
0.485282
0.0
0.0
0.0
0.0
0.0
0.0
0.0
0.0
0.0
0.0
0.0
0.0
0.0
0.0
0.0
0.0
0.0
0.0
0.0
0.0
0.0
0.0
0.0
0.0
0.0
0.0
0.0
0.0
0.0
0.0
0.0
0.0
0.0
0.0
0.0
-0.866007
0.0
0.0
0.0
0.0
0.0
0.0
0.0
0.0
0.0
0.0
0.0
0.0
0.0
0.0
0.0
0.0
0.0
0.0
0.0
0.0
0.0
0.0
0.0
0.0
0.0
0.0
0.0
0.0
0.0
0.0
0.0
0.0
0.0
0.0
0.0
0.0
0.0
-1.08956
0.0
0.0
0.0
-0.471029
0.0
0.0
0.0
0.0
0.0
0.0
0.0
0.0
0.0
0.0
0.0
0.0
-0.616991
0.0
0.0
0.0
0.0
0.0
0.0
0.0
0.0
0.0
0.0
0.0
0.0
0.0
0.0
0.187673
0.0
0.0
0.0
0.0
0.0
0.0
0.0
0.0
0.0
0.0
0.0
0.0
0.0
0.0
0.0
0.0
0.0
0.0
0.0
0.0
0.0
0.0
0.0
0.0
0.0
0.0
0.0
0.0
0.0
0.0
0.0
0.0
0.0
0.0
0.0
0.0
0.0
0.0
0.0
0.0
0.0
0.0
0.0
0.0
0.0
0.0
0.0
0.0
0.0
0.0
0.0
0.0
0.0
0.0
0.0
0.0
0.0
0.0
0.0
0.0
0.0
0.0
0.0
0.0
0.0
0.0
0.697299
1.59514
0.0
0.0
0.0
0.0
0.0
1.76042
-1.0175
0.0
0.0
0.0
0.0
0.0
0.0
0.0
0.0
0.0
0.0
0.0
0.0
0.0
0.0
0.0
0.0
0.0
0.0
0.0
0.0
0.0
0.0
0.0
0.0
0.0
0.0
0.0
0.0
0.0
0.0
0.0
0.0
0.0
0.0
0.0
0.0
0.0
0.0
0.0
0.0
0.0
0.0
0.0
0.0
0.0
-0.62417
-0.916272
0.0
0.0
0.410295
0.0
0.0
0.0
0.0
0.0
0.0
0.0
0.226286
0.0
0.0
0.0
0.0
0.0
0.0
0.0
0.0
0.0
0.0
0.0
0.0
0.0
0.0
0.0
0.0
0.0
0.0
0.0
0.0
0.0
0.0
0.0
0.0
0.0
0.0
0.0
0.0
0.0
0.0
0.0
0.0
0.0
0.0
-0.719168
0.0
0.0
0.0
0.0
0.0
0.0
0.0
0.0
0.0
0.0
0.0
0.0
0.0
0.0
0.0
0.0
0.0
0.0
0.0
0.0
0.0
0.0
0.0
0.0
0.0
0.0
0.0
0.0
-0.459134
-0.264908
-0.0576981
-0.0797674
-1.21901
0.237623
-0.0273512
-0.100294
0.657899
-0.135181
0.118134
-0.673523
0.396195
0.141027
0.184952
-0.189084
-0.301905
0.620497
0.157566
0.0457831
-0.436381
0.731133
1.1338
0.0587517
-0.0429582
0.0
0.0
0.0
0.0
0.0
0.0
0.0
0.0
0.0
0.0
0.0
0.0
0.0
0.0
0.0
0.0
0.0
0.0
0.0
0.0
0.0
0.0
0.0
0.0
0.0
0.0
0.584063
0.0
0.0
0.0
0.0
0.0
0.0
0.923629
0.0
0.0
0.0
0.0
0.0
0.0
0.0
0.0
0.0
0.0
0.0
0.0
0.0
0.0
0.0
0.0
0.0
0.0
0.0
0.0
0.0
0.0
0.0
0.0
0.0
0.0
0.0
0.0
0.0
0.0
0.0
0.0
0.0
0.0
0.0
0.0
0.0
0.0
0.0
0.0
0.0
0.0
0.0
0.0
0.0
-0.320643
0.0
0.0
0.0
0.0
0.0
0.0
0.0
0.0
0.0
0.336173
0.0
0.0
0.0
0.0
0.0
0.0
0.0
-0.498882
0.0
0.0
0.0
0.0
-0.254088
0.0
0.0
0.0
0.0
0.0
0.0
0.0
0.0
0.0
0.0
0.0
0.0
-0.286102
-0.646375
0.0
0.0
0.0
0.0
0.0
0.0
0.0
0.0
0.0
-0.262226
0.0
0.0
0.0
0.0
0.0
0.0
0.0
0.0
0.0
0.0
0.0
0.0
0.0
0.0
0.0
0.0
0.0
0.0
-0.870568
0.0
0.0
0.0
0.0
0.0
0.0
0.0
0.0
0.0
0.0
0.0
0.0
0.0
0.0
0.0
0.0
0.0
0.0
0.0
0.0
0.0
0.0
0.0
0.0
0.0
-0.289649
0.0
0.0
0.0
0.0
0.0
2.14766
0.0
0.0
0.0
0.0
0.0
0.0
0.0
0.0
0.0
0.0
0.0
0.0
0.0
0.0
0.0
0.0
0.0
0.0
0.0
0.0
0.0
0.0
0.0
0.0
0.0
0.0
0.0
0.0
0.0
0.0
0.0
0.0
0.0
0.0
0.0
0.0
0.0
0.0
0.0
0.0
0.0
0.0
0.0
0.0
-0.813547
0.0
0.0
0.0
0.0
0.0
0.0
0.0
0.0
0.0
0.0
0.0
0.0
0.0
0.0
0.0
0.0
0.0
0.293065
0.0
0.0
0.0
0.0
0.0
0.0
0.0
0.0
0.0
0.0
0.0
0.0
0.0
0.0
0.0
0.0
0.0
0.0
0.0
0.0
0.0
0.0
0.0
0.0
0.0
0.0
0.0
0.0
0.0
0.0
0.0
0.0
0.0
0.0
0.0
0.0
0.0
0.0
0.0
0.0
0.0
0.0
0.0
0.0
0.0
0.0
0.0
0.266356
-0.64593
0.0
0.0
0.0
0.911178
0.0
0.0
0.0
0.0
0.0
0.0
0.0
0.0
0.0
0.0
0.0
0.0
-0.271516
0.0
0.0
0.0
0.0
0.0
0.0
0.0
0.0
0.0
0.0
0.0
0.0
0.0
0.0
0.0
0.0
0.0
0.0
0.0
0.0
0.0
0.0
0.0
0.0
0.0
0.0
0.0
0.0
0.0
0.0
0.0
0.0
0.0
0.0
0.0
0.0
0.0
0.0
0.0
0.0
0.0
0.0
0.0
0.0
0.0
0.0
0.0
0.0
0.0
0.0
0.0
0.0
0.0
0.0
0.0
0.0
0.0
0.0
0.0
0.0
0.0
0.0
0.0
0.0
0.0
0.0
0.0
0.0
-0.0771046
-0.175153
-0.310331
0.306369
0.681788
-0.32257
0.13629
-0.635786
0.208878
0.0925272
0.00630058
0.577958
0.578697
0.142252
-0.146931
-0.0590569
0.806831
-0.429637
-0.0292847
0.309488
0.544489
0.331575
0.790573
0.312833
-0.0735511
0.0
0.0
0.0
0.0
0.0
0.0
0.0
0.0
0.0
0.0
0.0
0.0
0.0
0.0
0.0
-0.533958
0.0
0.0
0.0
0.0
0.0
0.0
0.0
0.0
0.0
0.0
0.0
0.0
0.0
0.0
0.0
0.0
0.0
0.0
0.0
0.0
0.0
0.0
0.0
0.0
0.0
0.0
0.0
0.0
0.0
0.0
0.0
0.0
-0.302284
0.0
0.0
0.0
0.0
0.0
0.0
0.0
0.0
0.0
0.0
0.0
0.0
0.0
0.0
0.0
0.0
0.0
0.0
0.0
0.0
0.0
0.0
0.0
0.0
0.0
0.0
0.0
0.0
0.0
0.0
0.0
0.0
0.0
0.0
0.0
-1.15806
0.0
0.0
0.0
0.0
-0.195426
0.0
0.0
0.0
0.0
0.0
0.0
0.0
0.0
0.321056
0.0
0.0
0.0
0.0
0.0
0.0
0.0
0.0
0.0
0.0
0.0
0.0
0.0
0.0
-2.04295
0.0
0.0
0.0
0.0
0.0
0.0
0.0
0.0
0.0
0.0
0.0
0.0
0.0
0.0
0.0
0.0
0.0
-0.288639
0.0
0.0
0.0
0.0
0.0
0.0
0.0
0.0
0.0
0.0
0.0
0.0
0.0
0.0
0.0
0.0
0.0
0.0
0.0
0.0
0.0
0.0
0.0
0.0
0.0
0.0
0.0
0.0
0.0
0.0
0.0
0.0
0.0
0.0
0.0
0.0
0.0
0.0
0.0
0.0
0.0
0.0
0.0
0.0
0.0
0.0
0.0
0.0
0.0
0.0
0.0
0.0
0.0
0.0
0.0
0.0
0.0
0.0
0.0
0.0
0.0
0.0
0.0
0.0
0.0
0.0
0.0
0.0
0.0
0.0
0.0
0.0
0.0
0.0
-0.461267
0.0
0.0
0.0
0.0
0.0
0.0
0.0
0.0
0.0
0.0
0.0
0.960915
0.0
0.0
0.0
0.0
0.0
0.0
0.0
0.0
0.0
0.0
0.0
0.0
0.0
0.0
0.0
0.0
0.0
0.0
0.0
0.0
0.0
0.0
0.0
0.0
0.0
0.0
0.0
0.0
0.0
0.0
0.0
0.0
0.0
0.0
0.0
0.0
0.0
0.0
0.0
0.0
0.0
0.0
0.0
0.0
0.0
0.0
-0.533704
0.0
0.0
0.0
0.0
0.0
0.0
0.0
0.0
0.0
0.0
0.0
0.0
0.0
0.0
0.0
0.0
0.0
0.0
0.0
0.0
0.0
0.0
0.0
0.0
0.0
0.0
0.0
0.0
0.0
0.0
0.0
0.0
0.0
0.674889
0.0
0.0
0.0
0.0
0.0
0.0
0.0
0.0
0.0
0.0
0.0
0.0
0.0
0.0
0.0
0.0
0.0
0.0
0.0
0.0
0.0
0.0
-0.33661
0.0
0.0
0.0
0.0
0.0
0.0
0.0
0.0
0.0
0.0
0.0
0.0
0.0
0.0
0.0
0.0
0.0
0.0
0.0
0.0
0.0
0.0
0.0
0.0
0.0
0.0
0.0
0.0
0.0
-0.827798
0.0
0.0
0.0
0.0
0.0
0.0
0.0
0.0
-1.10973
0.0
0.0
0.0
0.0
0.0
0.0
0.0
0.0
0.0
0.0
0.0
0.0
0.0
0.0
0.0
0.0
0.0
0.0
0.0
-0.574543
0.0
0.0
0.0
0.0
0.0
0.0
0.0
0.0
0.0
0.312396
0.0
0.0
0.0
0.0
0.0
0.198143
0.0
0.0
0.0
0.0
0.0
0.0
0.771199
0.0
0.0
0.0
0.0
0.181167
0.0
0.0
0.0
0.0
-0.134463
0.0
0.0
0.0
0.0
0.0
0.0
0.0
0.0
0.0
0.0
0.053028
-0.191588
-0.0476842
-0.0186527
-0.927613
0.117396
-0.0649619
-0.535232
0.644526
-0.113357
0.106828
-0.430843
0.278251
0.000314641
0.073669
0.018949
-0.0828556
0.583772
0.102406
0.34303
-0.15677
0.246614
1.11808
0.191375
-0.098246
0.0
0.0
0.0
0.0
0.0
0.0
0.0
0.0
0.0
0.0
0.0
0.253336
0.0
0.0
0.0
0.0
0.0
0.0
0.0
0.0
0.0
0.0
0.0
0.0
0.0
0.0
0.0
0.0
0.0
-0.121734
0.0
0.0
0.0
0.0
0.0
0.0
0.0
0.0
0.0
0.0
0.0
0.0
0.49313
0.0
0.0
0.7075
0.0
0.0
0.0
0.0
0.0
0.0
0.0
0.0
0.0
0.0
0.0
0.0
0.0
0.0
0.0
0.0
0.0
0.0
0.0
0.0
0.0
0.0
0.0
0.0
0.0
0.0
0.0
0.0
0.0
0.0
-1.82327
0.0
0.0
0.0
0.0
0.0
0.539961
0.0
0.0
0.0
-0.0207866
0.0
0.0
0.0
0.0
0.0
0.0
0.0
0.0
0.0
0.0
0.0
0.0
0.0
0.0
0.0
0.0
0.0
0.0
0.0
0.0
0.0
0.0
0.0
0.0
0.0
0.0
0.0
0.0
0.0
0.0
0.0
0.0
0.0
0.0
0.0
0.0
0.0
0.0
0.0
0.0
1.04035
0.0
0.815393
0.0
0.0
0.0
0.0
0.0
0.0
0.0
0.0
0.0
0.0
0.0
0.0
0.0
0.0
0.0
0.0
-0.335035
1.77945
0.0
0.0
0.0
0.0
0.523776
0.0
0.0
0.0
0.0
0.0
0.0
0.0
-0.309703
1.42192
0.0
0.0
0.0
0.0
0.0
0.0
0.0
0.0
0.0
0.0
0.0
0.0
0.0
0.0
0.0
0.0
0.0
0.0
0.0
0.0
0.0
-0.232059
0.0
0.0
0.0
0.0
0.0
0.0
0.0
0.0
-1.03958
0.0
0.0
0.0
0.0
0.0
0.0
0.0
0.0
0.0
0.0
0.0
0.0
0.0
0.0
0.0
0.0
0.0
0.0
0.0
0.0
0.0
-1.45767
0.0
0.0
0.0
0.0
0.0
0.0
0.0
0.0
0.0
0.0
0.0
0.0
0.0
0.0
0.0
0.0
-1.00077
0.0
0.0
0.0
0.0
0.0
0.0
0.0
0.0
0.0
0.0
0.0
0.0
0.0
0.0
0.0
0.0
0.0
0.0
0.0
0.0
0.0
0.0
0.0
0.0
0.0
0.0
0.0
0.0
0.0
-1.10128
0.0
0.0
0.0
0.0
0.0
0.0
0.0
0.0
0.0
0.0
0.0
0.0
0.0
0.0
0.0
0.0
0.0
0.0
0.0
0.0
0.0
0.0
0.0
0.0
0.0
0.0
0.0
0.0
0.0
0.0
0.0
0.0
0.0
0.0
0.0
0.0
0.0
0.0
0.0
0.0
0.0
0.0
0.0
0.0
0.0
0.0
0.0
0.0
0.0
0.0
0.0
0.0
0.0
0.0
-0.154432
0.0
0.0
0.0
0.0
0.0
0.0
0.0
0.0
0.0
0.0
0.0
0.0
0.0
0.0
0.0
0.0
0.0
0.0
0.0
0.0
0.0
0.0
0.0
0.0
0.0
0.0
0.0
0.0
0.0
0.0
0.0
0.0
0.0
0.0
0.0
0.0
0.0
0.0
-1.44201
0.0
0.0
0.0
0.0
0.0
0.0
0.0
0.0
0.0
0.0
0.0
0.0
0.0
0.0
0.0
0.0
0.0
0.0
0.0
0.402685
-0.146953
0.147809
0.146545
0.610957
-1.22154
-0.236132
0.189749
-0.409917
0.0573606
0.108064
0.812095
0.342644
-0.381717
0.214597
0.180026
0.0840641
-0.336359
0.0482441
0.309431
0.946032
0.359632
1.16703
0.232132
0.0763596
0.0
0.0
0.0
0.0
0.0
0.0
0.0
0.0
0.0
0.0
0.0
0.0
0.0
0.0
0.0
0.0
0.0
0.0
0.0
0.0
0.0
0.0
0.0
0.0
0.0
0.0
0.0
0.0
0.0
0.0
0.0
0.0
0.0
0.0
0.0
0.0
0.0
0.0
-0.16236
0.0
0.0
0.0
0.0
0.0
0.259122
0.0
0.0
0.0
0.0
0.0
0.0
-0.607411
0.0
0.0
0.0
0.0
0.0
0.0
0.0
0.0
0.0
0.0
0.0
0.0
0.0
0.0
0.0
0.0
0.0
0.0
0.0
0.0
0.0
0.0
0.0
0.0
-0.17942
0.0
0.0
0.0
0.0
0.0
0.0
0.0
0.0
0.0
0.0
0.0
0.0
0.0
0.0
0.0
0.0
0.0
0.0
0.0
0.0
0.0
0.0
0.0
0.0
0.0
0.0
0.0
0.0
0.0
0.0
0.0
0.0
0.0
0.0
0.0
0.0
0.0
0.0
-1.81091
0.0
0.0
0.0
0.0
0.0
0.0
0.0
0.0
-2.06234
0.0
0.0
0.0
0.0
0.0
0.0
0.0
0.0
0.0
0.0
0.0
0.0
0.0
0.0
0.0
0.0
0.0
0.0
0.0
0.0
0.0
0.483122
0.0
0.0
0.272293
0.0
0.0
0.0
0.0
0.0
0.0
0.0
0.0
0.0
0.0
0.0
0.0
0.0
0.0
0.0
0.0
0.0
0.0
0.0
0.0
0.0
0.0
0.0
0.0
0.0
0.0
0.0
0.0
0.0
0.0
0.0
0.0
0.0
1.0591
0.0
0.0
0.0
0.0
0.0
0.0
0.0
0.0
0.0
0.0
0.0
0.0
0.0
0.0
0.0
0.0
0.0
0.0
0.0
0.0
0.0
0.0
0.0
0.0
0.0
0.0
0.0
0.0
0.0
-1.79034
0.0
0.0
0.0
0.0
-1.61659
0.0
0.0
0.0
0.0
0.0
0.0
0.0
0.0
0.0
0.55499
0.0
0.0
0.0
0.0
0.0
0.0
0.0
0.0
0.0
0.0
0.0
0.0
0.0
0.0
0.0
0.0
0.0
0.0
0.0
0.0
0.0
0.0
0.0
0.0
0.0
0.0
0.0
0.0
0.0
0.0
0.0
0.0
0.0
0.0
0.0
0.0
0.105125
0.0
0.0
0.0
0.0
0.0
0.0
0.0
0.0
0.0
0.0
0.0
0.0
0.0
0.0
0.0
0.0
0.0
0.0
0.0
0.0
0.0
0.0
0.0
0.0
0.0
0.0
0.0
0.0
0.0
0.0
0.0
0.0
0.0
0.0
0.0
0.0
0.0
0.0
0.0
0.0
0.0
0.0
0.413604
0.0
0.0
0.0
0.0
0.0
0.0
0.0
0.0
0.0
0.0
-0.498379
0.0
0.0
0.0
0.0
0.0
0.0
0.0
0.0
0.0
0.0
0.0
0.0
0.0
0.0
0.0
0.0
0.0
0.0
0.0
0.0
0.0
0.0
0.0
0.0
0.0
0.0
0.0
0.0
0.0
0.0
0.0
0.0
0.0
0.0
0.0
0.0
0.0
0.0
1.10988
0.0
0.0
0.0
0.0
0.0
0.0
0.0
0.0
0.0
0.0
0.0
0.0
0.0
0.0
-0.419558
0.0
0.0
0.0
0.0
0.0
0.0
0.0
0.0
0.0
0.0
0.0
0.0
0.0
0.0
0.0
0.0
0.0
0.0
0.499445
0.0
0.0
0.0
0.0
0.0
0.0
0.0
0.0
0.0
0.0
0.0
0.0
0.0
0.0
0.0
-0.342149
0.0
0.0
0.0
0.0
0.0
0.0
0.0
0.0
0.0
0.0
0.0
0.0
0.0
0.0
0.0
0.0
0.298848
-0.722659
0.452041
-0.625476
-0.256294
0.646224
0.0625288
-0.875555
0.473283
-0.0794694
-0.0917723
-0.298092
1.05124
0.369302
-0.808079
-0.0980991
-0.0691741
0.290685
0.201504
0.484939
-0.199969
0.488563
1.36871
0.0569586
-0.515493
0.0
0.0
0.0
0.0
0.0
0.0
0.0
0.0
0.0
0.0
0.0
0.0
0.0
0.0
0.0
0.478069
0.0
0.0
0.0
0.0
0.0
0.0
0.0
0.0
0.0
-1.26972
0.0
0.0
0.0
0.0
0.0
0.0
0.0
0.0
0.0
0.0
0.0
0.0
0.0
0.0
0.0
0.0
0.0
0.0
0.0
0.0
0.0
0.0
0.0
0.0
0.0
0.0
0.0
0.0
0.0
0.0
0.0
0.0
0.0
0.0
0.0
0.0
1.03159
0.0
0.0
0.0
0.0
0.0
0.0
0.0
0.0
0.0
0.0
0.0
0.0
0.0
0.0
0.0
0.0
0.0
0.0
0.0
0.0
0.0
0.0
0.0
0.0
0.958211
0.0
0.0
0.0
0.0
0.0
0.0
0.0
0.0
0.0
0.0
0.0
0.0
0.0
0.0
0.0
0.0
0.0
0.0
0.0
0.0
0.0
0.0
0.0
0.0
0.0
0.0
0.0
0.0
0.0
0.47913
0.0
0.0
0.0
0.0
0.0
0.0
0.0
0.0
0.0
0.0
0.0
0.0
0.0
0.0
0.0
0.0
0.0
0.0
0.0
0.0
0.0
0.0
0.0
0.0
0.0
0.0
0.0
0.0
0.0
0.0
0.0
0.0
0.0
0.0
0.0
0.0
0.0
0.0
0.0
0.0
0.0
0.0
0.0
0.0
0.0
0.0
0.0
0.0
0.0
0.0
0.0
0.0
0.0
0.0
0.0
0.0
0.0
0.0
0.0
0.0
0.0
0.0
0.0
0.0
0.0
0.0
0.0
0.0
0.0
0.0
0.0
0.0
0.0
0.0
0.0
0.0
0.0
0.0
0.0
0.0
0.0
0.0
0.0
0.0
0.0
0.0
0.0
0.0
0.0
0.0
0.0
0.0
0.0
0.0
0.0
0.0
0.0
0.0
0.0
0.0
0.0
0.0
0.0
0.0
0.0
0.0
0.0
0.0
1.12246
0.0
0.0
0.0
0.0
0.0
0.0
0.0
0.0
0.0
0.0
0.0
0.0
0.0
0.0
0.0
-0.459633
0.0
0.0
0.0
0.0
0.0
0.0
0.0
0.0
0.0
0.0
0.0
1.25612
0.0
0.0
0.0
0.0
0.0
0.0
0.0
0.0
0.0
0.0
0.0
0.0
0.0
0.0
0.0
0.0
0.702937
0.0
0.0
0.0
0.0
0.0
0.0
0.0
0.0
0.0
0.0
0.0
0.0
0.0
0.0
0.0
0.0
0.0
0.0
0.0
0.0
0.0
0.0
0.0
0.0
0.0
0.0
0.0
0.0
0.0
0.0
0.0
0.0
0.0
0.0
0.0
0.0
0.0
0.0
0.0
0.0
0.0
0.0
1.73602
0.0
-0.183464
0.0
0.0
0.0
0.0
0.0
0.0
0.0
0.0
0.0
0.0
0.0
0.0
0.0
0.0
0.0
0.0
0.0
0.0
0.0
0.0
0.0
0.0
-1.11253
0.0
0.0
0.0
0.0
0.0
0.0
0.0
0.0
0.0
0.0
0.0
0.0
0.0
0.0
0.0
0.0
0.0
0.0
-0.971832
0.0
0.186336
0.0
0.0512676
0.0
0.0
0.0
0.0
0.0
0.0
0.0
0.0
0.0
0.0
0.0
0.0
0.358786
-0.725133
-0.139065
-0.156525
0.631663
-0.0776353
0.15179
-0.472632
-0.357459
0.313732
0.115399
1.27185
-0.179579
-0.230622
-0.360121
0.267624
0.0626977
0.00515299
0.312427
0.093642
1.32638
0.1579
0.886022
-0.0109382
0.026205
0.0
0.0
0.0
0.0
0.0
0.0
0.0
0.0
0.0
0.0
0.0
0.0
0.0
0.0
0.0
0.0
0.0
0.0
0.0
0.0
0.0
0.0
0.0
0.0
0.0
0.805832
0.0
-0.132117
0.0
0.0
0.0
0.0
0.0
0.0
0.0
-1.99759
0.0
0.0
0.0
0.0
0.0
0.0
0.0
0.0
0.0
0.0
0.0
0.0
0.0
0.0
0.0
0.0
0.0
0.0
0.0
0.0
0.0
0.0
0.0
0.0
0.0
-0.942225
0.0
0.0
0.0
0.0
0.0
0.0
0.0
-0.600934
0.0
0.0
0.0
0.0
0.0
0.0
0.0
0.0
0.0
0.0
0.0
0.0
0.0
0.0
0.0
0.0
0.0
0.0
0.0
0.0
-0.139656
0.0
0.0
0.0
0.0
0.0
0.0
0.0
0.0
0.0
0.0
0.0
0.0
0.0
0.0
0.0
-0.62193
0.0
0.0
0.0
0.0
0.0
0.0
0.0
0.0
0.0
0.0
0.0
0.0
0.0
0.0
0.0
0.0
0.0
0.0
0.0
0.0
0.0
0.0
0.0
-0.182806
0.0
0.0
0.0
0.0
0.0
0.0
0.0
0.0
0.0
0.0
0.0
0.0
0.0
0.0
0.0
0.0
0.0
0.0
0.0
0.0
0.0
0.0
0.0
0.0
0.0
0.0
0.0
0.0
0.0
0.0
0.0
0.0
0.0
0.0
0.0
0.0
0.0
0.0
0.0
0.0
0.0
0.0
0.0
0.0
0.0
0.0
0.0
0.0
0.0
0.0
0.0
0.0
0.284682
0.0
0.0
0.0
0.0
0.0
0.0
0.0
0.0
0.0
0.0
0.0
0.0
0.0
0.0
0.0
0.0
0.0
0.0
0.0
0.0
0.0
0.0
0.0
0.0
0.0
0.0
0.0
0.0
0.0
0.0
0.0
0.0
0.0
0.0
0.0
0.0
0.0
0.0
0.0
0.0
0.0
0.0
0.0
0.0
0.0
0.0
0.0
0.0
0.0
0.0
0.0
0.0
0.0
0.0
-0.0639039
0.0
0.0
0.0
0.0
0.0
0.0
0.0
0.0
0.0
0.0
0.0
0.0
0.0
0.0
0.0
0.0
0.0
0.0
0.0
0.0
0.0
0.0
0.0
0.0
0.0
0.0
0.0
0.0
0.0
0.0
0.0
0.0
0.0
0.0
0.0
0.0
0.0
0.0
0.0
0.0
0.0
0.0
0.0
0.0
0.0
0.0
0.0
0.0
0.0
0.0
0.796577
0.0
0.0
0.473183
0.0
0.0
0.462805
0.0
0.0
0.0
0.0
0.0
0.0
0.0
0.0
0.0
0.0
0.832781
0.0
0.0
0.0
0.0
0.0
0.0
0.0
0.0
0.0
0.0
0.0
0.0
0.0
0.0
0.0
0.0
0.171895
0.0
0.0
0.0
0.0
0.0
-0.480447
0.0
0.0
0.0
0.0
0.0
0.0
0.0
0.0
0.0
0.0
0.0
0.0
0.0
0.0
0.0
0.0
0.0
0.0
0.0
0.0
0.0
0.0
0.0
0.0
0.0
0.0
0.0
0.0
0.0
0.0
0.0
0.0
0.0
0.0
0.0
0.0
0.0
0.0
1.00145
0.0
0.399451
0.0
-1.5626
0.0
0.0
-0.830025
0.0
0.0
0.0
0.0
0.0
0.0
0.0
0.0
0.0
0.0
0.0
0.0
0.0
0.0
0.0
0.0
0.0
-0.964077
-1.12104
0.0
0.0
0.0
0.0
0.0
0.0
0.0
0.0
0.0
0.0
0.0
0.0
0.0
0.0
0.0
0.0
0.0
0.0
0.0
0.0
0.0
0.0
0.0
0.0
0.0
0.0
0.0
0.0
0.0
0.0
1.6317
0.0
0.0
0.0
0.0
0.0
0.0
0.0
0.0
0.0
0.0
0.0
0.0
0.0
0.0
0.0
0.0
0.0
0.0
0.0
0.0
0.0
0.0
0.0
0.0
0.142028
-0.921051
0.394619
-0.412772
-0.709744
0.581726
-0.0956396
-0.412043
0.574634
-0.0962633
-0.135689
-0.208309
0.648424
0.21377
-0.49432
-0.111163
-0.275171
0.560317
0.592115
-0.111028
0.0200855
0.183159
1.15991
-0.0779856
-0.0795502
0.0
0.0
0.0
0.0
0.0
0.0
0.0
0.0
0.0
0.0
0.0
0.0
0.0
0.0
0.0
0.0
0.0
0.0
0.0
0.0
0.0
0.0
0.0
0.0
0.0
0.0
0.0
0.0
0.0
0.0
0.0
0.0
0.0
0.0
0.0
0.0
0.0
0.0
0.0
0.0
0.0
0.0
0.0
0.0
0.0
0.0
0.0
0.0
0.0
0.0
0.206241
0.0
0.0
0.0
0.0
0.0
0.0
0.0
0.0
0.0
0.0
0.0
0.0
0.0
0.0
0.0
0.0
0.0
0.0
0.0
0.0
0.0
0.0
0.0
0.0
0.0
0.0
0.0
0.0
0.0
0.0
0.0
0.0
0.0
0.811618
0.0
0.0
0.0
0.0
0.0
0.0
0.0
0.0
0.0
0.0
0.0
0.0
0.0
0.0
0.0
0.0
0.0
0.0
0.0
0.0
0.0
0.0
0.0
0.0
-1.12502
0.0
0.0
0.0
0.0
0.0
0.0
0.0
0.0
0.0
0.0
0.0
0.0
0.0
0.0
0.0
0.0
0.0
0.0
0.0
0.0
0.0
0.0
0.0
0.0
0.0
0.0
0.0
0.0
0.0
0.0
0.0
0.0
0.0
0.0
0.0
0.0
0.0
0.0
0.0
0.0
0.0
0.0
0.0
0.0
0.0
0.0
0.0
0.0
0.0
0.0
0.0
0.0
0.0
0.0
0.0
0.0
0.0
0.0
0.0
0.0
0.0
0.0
0.0
0.0
0.0
0.0
0.0
0.0
0.0
0.0
0.0
0.0
0.0
0.0
0.0
0.0
0.0
0.0
-0.333942
0.0
0.0
0.0
0.0
0.0
0.0
0.0
0.0
0.0
0.0
0.0
0.0
0.0
0.0
0.0
0.0
0.0
0.0
0.0
0.0
0.0
0.0
0.0
0.0
0.0
0.0
0.0
0.0
0.0
0.0
0.0
0.63975
0.0
0.0
0.0
0.0
0.0
0.0
0.0
0.0
0.0
0.0
0.0
0.0
0.0
0.0
0.0
0.0
0.0
0.0
0.0
0.0
0.0
0.0
0.0
0.0
0.0
0.0
0.0
0.0
0.0
0.0
0.0
0.0
0.0
0.0
0.0
-0.425523
-1.63091
0.0
0.0
0.0
0.0
0.0
0.0
0.0
0.0
0.0
0.0
0.0
0.0
0.0
0.0
0.0
0.0
0.0
0.0
0.0
0.0
-0.544515
0.0
0.0
0.0
0.0
0.0
0.0
0.0
0.14441
0.0
0.0
0.0
0.0
0.0
0.0
0.0
0.0
0.0
0.0
0.0
0.0
0.0
0.3535
0.0
0.0
0.0
0.0
0.0
0.0
0.0
0.0
0.0
0.0
0.0
0.0
0.0
-0.866171
0.0
0.0
0.0
0.0
0.0
0.0
0.0
0.0
0.0
0.0
-0.0218227
-0.766947
-0.186728
0.322894
0.954531
-0.0867731
0.25034
0.165997
-0.241118
0.118029
0.531534
1.34969
-0.205069
-0.467536
-0.247288
0.304076
-0.0912293
0.126922
0.388922
0.118311
1.44906
0.128622
0.770773
-0.129791
-0.163697
0.0
0.0
0.0
0.190112
0.0
0.0
0.0
0.0
0.0
0.0
0.0
0.0
0.0
0.0
0.0
0.0
0.0
0.0
0.0
0.0
0.0
0.0
0.0
0.0
0.0
0.0
0.0
1.12102
0.0
-0.722121
0.0
0.0
0.0
0.0
0.0
0.0
0.0
0.0
0.0
0.0
0.0
0.0
0.0
0.0
0.0
0.0
0.0
0.0
0.0
-1.32342
0.0
0.0
0.0
0.0
0.0
0.0
0.0
0.0
0.0
0.0
0.0
0.0
0.0
0.0
0.0
0.0
0.0
0.0
0.209643
0.0
0.0
0.0
0.0
0.0
0.0
0.0
0.0
0.0
0.0
-0.972516
0.0
0.0
0.0
0.0
0.0
0.0
0.0
0.0
0.0
0.0
0.0
0.0
0.0
0.0
0.0
0.0
0.0
0.0
0.0
0.0
0.0
0.0
0.0
0.0
0.0
0.0
0.0
0.0
0.0
0.0
0.0
0.0
0.0
0.0
0.0
0.0
-1.36823
0.0
0.0
0.0
0.0
0.0
0.0
0.0
0.0
0.0
0.0
0.0
0.0
0.0
0.0
0.0
0.0
0.0
0.0
0.0
0.0
0.0
0.0
0.0
0.0
0.0
0.0
0.0
0.0
0.0
0.0
0.0
0.0
0.0
0.0
0.0
0.0
0.0
0.0
0.0
1.22027
0.0
0.0
0.0
0.0
0.0
0.0
0.0
0.0
0.0
0.0
0.0
0.0
0.0
0.0
0.0
0.0
0.0
0.0
0.0
2.35154
0.0
0.0
0.0
0.0
0.0
0.0
0.0
0.0
0.0
0.0
0.0
0.0
0.0
0.860939
-0.559332
0.0
0.0
0.0
0.0
0.0
0.0
0.0
0.0
0.0
0.0
0.0
0.0
0.0
0.0
0.0
0.0
0.0
0.0
0.0
-0.261063
0.0
0.0
0.0
0.0
0.0
0.0
0.0
0.0
-1.02601
0.0
0.798163
-0.810175
0.0
0.0
0.0
0.0
0.0
0.0
0.0
0.0
0.0
0.0
0.0
0.0921766
0.0
0.0
0.0
0.0
0.0
0.0
0.0
0.0
0.0
0.0
0.0
0.0
0.0
0.0
0.0
0.0
0.0
0.0
0.0
0.0
0.0
0.0
0.0
0.0
0.525071
0.0
0.0
0.0
0.0
0.0
0.0
0.0
0.0
0.720449
0.0
0.0
0.0
0.0
0.0
0.0
0.0
0.0
0.0
0.0
0.0
0.0
0.0
0.0
0.0
0.0
0.0
0.0
0.0
0.0
0.0
0.0
0.0
0.0
0.0
0.0
0.0
0.0
0.0
0.0
0.0
0.0
0.0
0.0
0.0
0.0
0.0
0.0
0.0
0.0
0.0
0.0
0.0
0.0
0.0
0.0
0.0
0.0
0.0
0.0
0.0
0.0
0.0
-0.0377068
0.0
0.0
0.0
0.0
0.0
0.0
0.0
0.0
0.0
0.0
0.0
0.0
0.0
0.0
0.0
0.0
0.0
0.0
0.0
0.0
0.0
0.0
0.0
0.0
0.0
0.0
0.0
0.0
0.0
-1.45924
0.0
0.0
0.0
0.0
0.0
0.0
-0.736227
0.0
0.0
0.0
0.0
0.0
0.0
0.0
0.0
0.0
-0.262047
0.0
0.0
0.0
0.0
0.0
0.0
0.0
0.0
0.0
0.0
0.0
-1.32293
0.0
-0.876651
0.0
0.0
0.0
0.0
0.0
0.0
0.0
0.0
0.0
0.0
0.0
0.0
0.0
0.0
0.0
0.0
0.0
0.0
0.0
0.0
-1.01788
0.0
0.0
0.0
0.0
0.0
0.0
0.0
0.0
0.0
0.0
0.0
0.0
0.0
0.0
0.0
0.0
0.0
0.0
0.0
0.0
0.926346
0.0
0.0
0.0
0.0
0.0
0.0
0.0
0.0
0.0
0.0
0.0
0.0
0.0
0.0
0.0
0.0
0.0
0.0
0.0
-1.83046
0.0
0.528828
0.0
0.0
0.0
0.0
0.0
0.0
0.0
0.0
0.0
0.0
0.0
0.0
0.0
0.0
1.74561
0.0
0.0
0.0
0.0
0.0
0.0
0.0
0.904538
0.0
0.0
0.0
0.0
0.0
0.0
0.0
0.0
0.0
0.0
0.0
0.0
0.0
0.0
0.0
0.0
0.0
0.0
0.0
0.0
0.0
0.0
0.0
0.0
0.0
0.0
0.0
0.0
0.257746
-0.0729381
-0.57346
-0.0277829
1.2953
-0.626015
-0.149657
-0.114398
-0.993947
-0.248223
-0.194934
2.80274
-2.00369
-1.05804
0.504408
0.00994574
-0.700922
0.541635
-0.216144
0.337707
2.5312
0.454412
0.505425
-0.964052
0.683794
0.0
0.0
0.0
0.0
0.0
0.0
0.0
0.0
0.0
0.0
0.0
0.0
0.0
0.0
0.0
0.0
0.0
0.0
0.0
0.0
-1.22355
0.0
0.0
0.0
0.0
0.0
0.0
0.0
0.0
0.0
0.0
0.0
0.0
0.0
0.0
0.0
0.0
0.0
0.0
0.0
0.0
0.0
0.0
0.0
0.0
0.0
-1.40403
0.0
-0.218482
0.0
0.0
0.0
0.0
0.0
0.0
0.0
0.0
-0.806738
1.45984
0.0
0.0
0.0
0.0
0.0
0.0
0.0
0.0
0.0
0.0
0.0
0.0
0.0
0.0
0.0
0.0
0.0
0.0
0.0
0.0
0.0
0.0
0.0
0.0
0.0
0.0
0.0
0.0
0.0
0.0
0.0
0.0
0.0
0.0
0.0
0.0
0.0
0.0
0.0
0.0
0.0
0.0
0.0
0.0
0.0
0.0
0.0
0.0
0.0
0.0
0.0
0.0
0.0
0.0
0.0
0.0
0.0
0.0
0.0
0.0
0.0
0.0
0.0
0.0
0.0
0.0
0.0
0.0
0.0
0.0
0.0
0.0
0.0
0.0
0.0
0.0
0.0
0.0
0.0
0.0
0.0
0.0
0.0
0.0
0.0
0.0
0.0
0.0
0.0
0.0
0.0
0.0
0.0
-0.752344
0.0
0.0
0.0
0.0
0.0
0.0
0.0
0.0
0.0
0.0
0.0
0.0
0.0
0.0
0.0
0.0
0.0
0.0
0.0
0.0
0.0
0.0
0.0
0.0
0.0
0.0
0.0
0.0
0.0
0.0
0.0
0.0
0.0
0.0
0.0
0.760732
0.0
0.0
0.0
0.0
0.0
0.0
0.0
0.0
0.0
0.0
0.0
-0.615006
0.0
0.0
0.0
0.0
0.0
0.0
0.0
0.0
0.0
0.0
0.0
0.0
0.0
0.0
0.0
0.0
0.0
0.0
0.0
0.0
0.0
0.0
0.0
0.0
-0.456539
0.0
0.0
0.0
0.0
0.0
0.0
0.0
0.0
0.0
0.0
0.0
0.0
0.0
0.0
0.0
0.0
0.0
0.0
0.0
0.0
0.0
-0.575521
0.0
0.0
0.0
0.0
0.0
0.0
0.0
0.0
0.0
0.0
0.0
0.0
0.0
0.0
0.0
0.0
0.0
0.0
0.0
0.0
0.0
0.0
0.0
0.0
0.0
0.0
0.0
0.157753
-0.634314
-0.231897
-0.197651
0.480362
-0.263301
0.0603218
-0.100166
-0.514841
0.0857385
-0.0737139
1.40115
-0.491234
-0.277186
-0.3559
0.195796
-0.0737875
0.0813305
0.174336
0.00747087
1.39078
0.0809977
0.619928
-0.0395438
-0.0635984
0.0
0.0
0.0
0.0
0.0
0.0
0.0
0.0
0.0
0.0
0.0
0.0
0.0
0.0
0.0
0.0
0.0
0.0
0.0
0.0
-1.24413
0.0
0.0
0.0
0.0
0.0
0.0
0.0
0.0
0.0
0.0
0.0
0.0
0.0
0.0
0.0
0.0
0.0
0.0
0.0
0.0
0.0
0.0
0.0
0.0
0.0
0.0
0.0
0.0
0.0
0.0
0.0
0.0
-0.779754
0.0
0.0
0.0
0.0
0.0
0.0
0.0
0.0
0.0
0.0
0.0
0.0
0.0
0.0
0.0
0.0
0.0
0.0
0.0
1.73309
0.0
0.0
0.0
0.0
0.0
0.0
0.0
0.0
0.0
0.0
0.0
0.0
0.0
0.0
0.0
0.0
0.0
0.0
0.0
0.0
0.0
0.0
0.0
0.0
0.0
0.0
0.0
0.0
0.0
0.0
0.0
0.0
0.0
0.0
0.0
0.0
0.0
0.0
0.0
0.0
0.0
0.0
0.0
0.0
0.0
0.0
0.0
0.0
0.0
0.0
0.0
0.0
0.0
0.0
0.0
0.0
0.0
0.0
0.0
0.0
0.0
0.0
1.33105
0.0
0.0
0.0
0.0
0.0
0.0
0.0
0.0
0.0
0.0
0.0
0.0
0.0
0.21535
-0.347297
-0.363385
-0.271699
0.454631
-0.274223
-0.013108
-0.461676
-0.784316
-0.165686
-0.195911
2.42329
-1.3609
-0.837244
-0.195081
0.00728239
-0.263349
0.26709
-0.108954
-0.0453323
2.13597
-0.153715
0.792287
-0.893167
-0.069661
0.0
0.0
0.0
0.0
0.0
-1.51369
0.0
0.0
0.0
0.0
0.0
0.0
0.0
0.0
0.0
0.0
0.0
0.0
0.0
0.0
0.0
0.0
0.0
0.0
0.0
0.0
0.0
0.0
0.0
0.0
0.0
0.0
0.0
0.0
0.0
0.0
0.0
0.0
0.0
0.0
0.0
0.0
0.0
0.0
0.0
0.0
0.0
0.0
0.0
0.0
0.0
0.0
0.0
0.0
0.0
0.0
0.0
-0.791308
0.0
0.0
0.0
0.0
0.0
0.0
0.0
0.0
0.0
0.0
0.0
0.0
0.0
0.0
0.0
0.0
0.0
0.0
0.0
0.0
0.0
0.0
0.0
0.0
0.0
0.0
0.0
0.0
0.0
0.0
0.0
0.0
0.0
0.0
-1.53821
0.0
0.0
0.0
0.0
0.0
0.0
0.0
0.0
0.0
0.0
0.0
0.0
0.0
0.0
0.0
0.920796
0.0
0.0
0.0
0.0
0.0
0.0
0.0
0.0
0.0
0.0
0.0
0.0
0.0
0.0
1.32724
-0.204038
0.0
0.0
0.0
0.0
0.0
0.0
0.0
-0.604761
0.0
0.0
0.0
0.0
0.0
0.0
0.0
0.0
0.0
0.0
0.0
0.0
0.0
0.0
0.0
0.0
0.0
0.0
0.0
0.0
0.0
0.0
0.0
0.0
0.0
0.0
0.0
0.0
0.0
0.0
0.0
0.0
0.0
0.0
0.0
-0.594585
0.0
0.0
0.0
0.0
-1.11286
0.0
0.00915377
-0.55519
-0.28012
-0.101081
0.253936
-0.212341
0.16374
0.105728
-0.389907
0.266742
0.201415
1.36566
-0.68299
-0.470679
-0.00681703
0.181132
0.202541
-0.316466
0.038767
0.362718
1.47755
0.415653
0.722588
-0.251848
-0.0242438
0.0
0.0
0.0
0.0
0.0
0.0
0.0
0.0
0.0
0.0
0.0
0.0
0.0
0.0
0.0
-1.20723
0.0
0.0
0.0
0.0
0.0
0.0
0.0
0.0
0.0
0.0
0.0
0.0
0.0
0.0
0.0
0.405656
-0.300766
0.0
0.0
0.0
0.0
0.0
0.0
0.0
0.0
0.0
0.0
0.0
0.0
0.0
0.0
0.0
0.0
0.0
0.0
0.0
0.0
0.0
0.0
0.0
0.0
0.0
0.0
0.0
0.0
0.0
0.0
0.0
0.0
0.0
0.0
0.0
0.0
0.0
1.94669
0.0
0.0
0.0
0.0
0.0
0.0
0.0
0.0
0.0
0.0
0.0
0.0
0.0
0.0
0.0
0.0
2.23359
0.0
0.0
0.0
0.0
-3.22857
0.0
0.0
0.0
0.0
0.0
0.0
0.0
0.0
0.0
0.0
0.0
0.0
0.0
0.0
0.0
0.0
0.0
0.0
0.0
0.0
0.0
0.0
0.0
0.0
0.0
0.0
0.0
0.0
0.0
0.0
0.0
0.0
0.0
0.0
0.0
0.0
0.0
0.0
0.0
0.0
0.0
0.0
0.0
0.0
0.0
0.0
0.0
0.0
0.0
-1.34026
0.0
0.0
0.0
0.0
0.0
0.0
0.0
0.0
0.0
0.0
0.0
0.0
0.0
-0.536089
0.0
0.0
0.0
0.0
0.0
0.0
0.0
0.0
0.0
0.0
0.0
0.0
0.0
0.0
-1.00881
0.0
0.0
-0.420456
0.0
0.0
0.0
0.0
0.0
0.0
0.0
0.0
0.0
0.744136
0.0
0.0
0.744884
0.0
0.0
0.0
0.0
0.0
0.0
0.0
0.0
0.0
0.0
0.0
0.0
0.0
0.0
0.0
0.0
0.0
0.0
0.0
0.0
0.0
0.0
0.88479
0.0
0.0
0.0
0.0
0.0
0.0
0.0
0.0
0.0
0.0
0.0
0.0
0.0
0.0
0.0
0.0
0.0
0.0
0.0
0.0
0.0
0.0
0.0
0.0
2.01301
0.0
0.0
0.0
0.0
0.0
0.0
0.0
0.0
0.0
0.401736
0.0
0.0
0.0
0.0
-0.00546943
-0.45535
-0.331942
-0.221781
-0.260176
-0.348618
0.155622
-0.408674
-0.534839
-0.256663
0.0644142
2.13646
-1.36224
-0.814959
-0.365943
0.124971
0.137946
-0.147023
0.00746828
0.0412189
2.01433
-0.347792
0.34768
-0.905094
-0.254739
0.0
0.0
0.0
0.0
0.0
0.0
0.0
0.0
0.0
0.0
0.0
0.0
0.0
0.0
0.0
0.0
0.0
0.0
0.0
0.0
0.0
0.0
0.0
0.0
0.0
-0.106347
-0.452003
-0.40356
0.19371
0.301371
-0.551172
0.155084
0.124943
-0.392559
-0.181493
0.13034
1.64691
-0.934683
-0.749082
-0.339954
-0.198585
0.622251
-0.207307
-0.0660581
-0.119953
1.73509
-0.342126
0.472422
-0.901644
-0.0849634
0.0
0.0
0.0
1.32167
0.0
0.0
0.0
0.0
0.0
0.0
0.0
0.0
0.0
0.0
0.0
0.0
0.0
0.0
0.0
0.0
0.0
0.0
0.0
0.0
0.0
0.0529463
-0.51077
-0.314777
-0.135222
0.0270756
-0.364154
0.115941
0.0115989
-0.462346
-0.0063932
0.1303
1.42786
-0.721238
-0.472455
0.267008
0.173837
0.225597
-0.26205
0.0484261
0.197161
1.51669
0.280104
0.631251
-0.372545
-0.0892837
0.0
0.0
0.0
0.0
0.0
0.0
0.0
0.0
0.0
0.0
0.0
0.0
0.0
0.0
0.0
0.0
0.0
0.0
0.0
0.0
0.0
0.0
0.0
0.0
0.0
0.0
0.0
0.0
-0.219707
0.0
0.0
0.0
0.0
0.0
0.0
0.0
0.0
0.0
0.0
0.0
0.0
1.79486
0.0
0.0
0.0
0.0
0.0
0.0
0.0
-0.207055
0.0
0.0
0.0
0.0
0.0
-0.260535
0.0
0.0
0.0
0.0
0.0
0.0
0.0
0.0
0.0
0.0
0.0
0.0
0.0
0.0
0.0
0.0
0.0
0.0
0.0
0.0
0.0
0.0
0.0
0.0
0.0
0.0
0.0
0.0
0.0
0.0
0.0
0.0
0.0
0.0
0.0
0.0
0.0
0.85998
0.0
0.0
0.0
0.0
0.0
0.0
0.0
0.0
0.0
0.0
0.0
0.576946
0.0
0.315605
0.0
0.0
0.0
0.0
1.45265
0.0
0.0
0.0
0.0
0.0
0.0
-2.72843
0.0
0.0
0.0
0.0
0.0
0.0
0.0
0.0
0.0
0.0
0.0
0.0
0.0
0.0
0.0
0.0
0.0
0.0
0.0
0.0
0.0
0.0
0.0
0.0
0.0
0.0
0.0
0.0
0.0
0.0
4.79456
0.816339
0.892959
-0.739283
-2.30133
1.09748
0.722908
2.61617
3.30431
0.445899
-0.571165
1.88282
0.472093
-0.945801
0.0232292
0.443057
0.909708
0.329749
0.288926
0.640631
0.0288452
1.55843
6.94627
-0.720451
0.047836
-3.25229
-1.06732
-1.0596
0.673158
0.306424
-1.35628
-1.64868
-2.84902
-3.55524
-0.448798
0.175714
-1.5777
-1.25294
0.575012
-0.258127
-0.527937
-0.385725
-0.598246
0.0146596
-0.482006
-0.632598
-1.49146
-4.72814
0.838583
-0.60177
0.858661
-0.317864
0.044147
-0.112382
0.316862
0.475277
-1.86489
0.0330096
1.15563
0.0931024
0.0495105
0.270899
-1.80619
-1.21554
1.77051
0.20531
-0.657252
0.164821
0.02044
-0.571057
1.38621
-0.612337
-1.8792
2.05096
0.224507
-0.0985272
1.42166
-0.571525
-0.0881159
-3.07046
2.52469
0.798565
1.34
0.303977
-0.408107
-0.186975
4.04791
0.789835
0.00515541
-2.2787
-0.368964
1.27142
-0.888426
0.383842
1.18475
-1.57918
1.41623
2.24085
-3.69697
0.00779266
-0.234231
-0.250359
-0.166667
-0.066168
-0.840876
-0.258851
-0.924993
-0.232465
-0.251073
-0.00289309
-0.395545
0.305388
-0.00936689
-0.369968
-0.235064
-0.0844668
0.524067
-0.268667
0.303574
0.158781
-0.604134
0.0669394
0.309829
0.117938
-0.553918
0.352765
0.445798
0.520678
-0.197596
0.0674204
-0.0388143
2.37788
1.13296
1.36109
0.194791
-0.522602
0.671387
-0.847161
-0.174771
1.27306
-0.116836
-0.260789
-0.678176
0.0513465
-1.27502
1.75382
-0.335354
0.388436
-0.292539
0.0908326
1.24501
0.413606
0.84304
0.402252
-1.16301
0.334094
1.23632
-0.64044
-0.513344
0.393949
0.197348
0.0174374
0.942338
0.167419
-1.01116
-0.115822
-0.79176
0.294726
0.00364689
0.543479
0.646379
1.11663
0.0910703
0.555427
0.140636
1.75695
0.760654
0.625837
-0.0345497
-2.44955
1.68504
0.956564
-0.412775
0.156053
0.204708
0.158352
-0.333921
1.74936
-0.308293
-0.981296
0.266651
-0.557049
1.39121
-0.0418735
0.708372
0.622598
1.5275
0.210269
0.89001
0.240657
1.58795
-1.30824
-1.94197
0.0411838
2.96086
-0.123192
-0.4635
0.112588
-0.623079
-0.614431
0.138937
-0.0503953
-1.07847
1.98813
-3.10108
1.47493
1.7534
0.293418
-0.0299251
-0.252317
0.263747
-0.286434
0.365376
0.380748
0.836347
-0.427973
0.114796
1.32288
2.15906
3.06089
-4.38346
-1.45637
-1.81562
-1.09812
-0.6011
0.051989
0.47019
-1.34808
0.0366459
3.27422
1.84689
0.270955
-1.50857
-0.0157894
-0.34716
-0.230739
0.147255
-1.13336
-1.47559
1.09367
0.706182
0.753472
2.48831
2.35722
0.700565
3.13574
0.303997
3.90677
0.923008
0.262882
0.185135
-1.13149
0.236012
-3.05205
-0.254199
3.21205
-1.37615
1.97291
-0.0311174
-0.413232
-2.32111
-0.186469
-0.884001
1.85973
0.276497
-0.151883
1.98164
2.44366
2.84302
-1.23758
2.73626
1.21299
-1.88099
-0.463514
-0.102811
0.107557
-0.695936
0.672256
0.49691
-1.07872
-0.136045
-1.24524
1.80048
-2.76816
2.85908
0.982608
0.96158
0.0586653
-0.243763
0.00808312
0.178635
-0.632722
1.07999
0.0505411
1.80324
-2.44259
0.224987
4.81479
2.47426
-0.226251
0.271176
0.527006
0.181248
-0.534383
2.22339
0.369809
0.0405144
-2.5138
-0.564
0.252788
0.16863
0.88056
0.397827
0.570638
-0.134784
0.024778
-0.303817
0.36474
-0.172453
0.0533543
-0.464568
-1.93153
-1.19573
-1.27163
-1.04172
-0.0509538
0.00576639
0.0717804
0.00355499
0.512898
0.174078
0.0484224
-0.23867
-2.56268
1.965
-1.23708
-0.128484
0.448907
0.471563
0.231028
0.0450179
-0.153769
0.173814
0.0521836
0.00591834
0.0166207
-0.839402
2.59875
0.184195
2.28222
-0.0623513
0.550857
0.222521
-0.0776409
-0.39281
0.0737848
1.68864
-0.6696
0.605058
-1.36615
2.99328
-1.30732
0.846552
2.0966
0.0791142
-0.212193
0.169884
-0.146256
0.0986147
0.632343
-0.36106
0.672504
0.59519
1.62686
-2.96729
1.99537
-0.493464
0.527894
0.135892
-0.357797
-0.215995
0.126518
0.250755
-0.0475247
-0.125015
-0.505585
-1.73069
-1.2227
2.5613
0.162376
0.267495
-0.877312
-1.35815
-0.02654
2.3529
0.131358
-0.464845
3.50294
-2.13722
1.69826
-2.62358
0.567738
-0.961368
-0.871382
1.93033
0.527969
0.734982
-0.874945
0.342215
-1.07859
-0.845535
0.518238
2.92962
-3.27278
-0.566334
-0.449564
0.770298
1.01112
0.0894824
-0.924074
0.18722
0.304998
-2.75573
-0.0577143
-1.7756
3.09262
-1.84038
0.558264
0.166806
-2.54736
-0.378274
-0.609971
-0.446388
-0.0683552
1.46121
1.69193
1.7393
-3.39384
3.79086
0.210589
-2.98113
1.61155
0.551727
0.117035
-0.517606
-0.0804995
-0.0360427
-1.75419
-1.06588
-0.302519
0.137475
-0.495261
2.57856
-1.79541
1.53833
-0.564415
-0.367396
-0.186109
0.00362855
0.567747
0.347499
0.354968
0.13154
0.491167
2.93973
-2.33314
0.438356
0.0309336
0.00863131
0.323657
-0.27325
-1.00812
2.31371
0.393819
-0.0487855
0.11263
0.350424
-2.62964
-2.67775
-0.28236
0.36067
0.337615
0.900049
0.0959137
-1.10567
-1.63204
-0.738012
0.624071
-1.38786
-2.93107
0.106631
-1.47557
0.025873
1.81646
0.357666
-0.218152
0.0224884
0.144274
-0.391494
-0.944278
0.0474469
0.469148
-0.137299
-0.147264
0.636327
-2.44422
0.815372
0.91388
-0.0458706
-0.603788
-5.19744e-05
-0.912705
0.275432
0.138375
-0.237796
-0.280049
-1.03761
-1.90719
-0.356353
-0.742903
-0.969824
-1.25038
-0.466134
-0.623265
-0.161763
0.19933
0.10425
0.00548743
-0.0140767
-1.57387
1.52679
0.154541
-0.562474
-0.756274
-0.958456
-0.649153
-0.904881
1.09075
-0.826345
-0.210881
0.22699
0.150298
1.80766
0.169726
-2.20702
3.03551
1.65461
0.659071
-0.156477
0.25014
0.130327
-0.304691
0.0659579
-0.530622
-1.35589
1.40798
-2.18279
-1.60845
-2.3467
-0.504315
0.355535
-0.118647
0.405166
0.541759
0.0797605
-0.0100336
-0.299342
-0.236242
0.0180129
-2.81504
-0.956364
1.83626
0.173303
-0.0306042
0.455268
0.0862055
0.0709376
-0.355891
-0.131738
0.0533499
-0.0961552
1.78162
0.895217
-0.480128
0.0654529
-0.321504
0.147503
0.965615
-0.200461
-0.135089
-0.0303981
0.779669
0.482556
0.0781332
0.120166
-1.96247
-1.87483
-4.41939
0.196175
-0.3518
0.131184
-1.018
2.49812
0.716762
-1.34361
-0.739099
0.00986876
-1.87568
-3.09492
0.254376
0.886137
0.640194
-1.48911
1.03144
0.639786
-0.298598
1.76799
0.611018
0.192065
0.257036
0.229243
4.83359
-1.63462
-1.02176
-0.485278
0.00902571
-0.313602
0.0561331
0.951809
-1.8609
-1.03604
-2.99911
-1.67172
-2.44302
3.90861
1.03629
2.37995
-0.421016
0.317937
0.0865133
-0.232924
0.1836
-0.305102
0.150456
-0.279353
-0.115066
-0.0509617
-4.50154
1.34759
0.495387
0.363487
-0.561812
1.12743
-0.329712
-1.51559
-0.889835
0.650105
-0.793042
1.41254
1.69478
2.16303
-0.537312
-3.85149
1.39412
0.902504
0.110896
-1.56918
-1.31357
0.142212
2.29652
-0.0813859
-1.01144
5.0161
-0.737191
2.9194
1.42839
1.07472
-0.358062
0.2801
0.720443
0.980799
1.81694
-1.77235
2.09228
-1.94271
-1.01822
-1.60909
2.14303
-3.84697
-0.648718
-0.194435
-1.40414
-1.00225
0.0851514
0.0768287
-0.89872
-1.47356
0.891354
1.56185
-1.28879
3.02351
0.335458
0.759486
-0.979917
0.28038
-0.323818
0.475956
-0.256792
-0.686598
-0.447434
-3.8439
2.80282
-1.30796
0.858424
1.15989
-0.210752
0.429834
0.0255762
0.0934999
0.720028
-0.385717
-0.280078
-0.683977
-0.310334
-2.7867
0.480205
-0.88948
0.190724
0.141159
-0.34146
-0.311827
-0.196976
0.252949
-0.00722347
-0.251888
0.366532
-0.114975
0.503033
2.06445
0.0910269
-0.0564602
1.22761
0.0689411
-0.20689
-0.915322
-0.17992
0.108712
-0.32624
0.17216
0.0931372
-0.715327
0.543822
-0.0969833
-1.81735
-0.0455251
-1.84176
0.130576
-0.231644
0.332773
0.229505
-0.435991
0.18701
-0.0825942
-0.09835
-1.69715
-4.92831
-4.63044
-7.69219
-6.02344
-1.86416
0.0354538
-1.60811
0.973649
-4.82409
4.49562
-2.45664
0.196042
-1.68784
0.279898
0.717568
-1.08326
1.83084
-3.26344
5.1452
-3.9794
-5.22025
7.11486
-2.79623
-1.28549
-4.57886
2.66807
-4.76187
4.0624
-8.63628
10.9032
-10.2266
-0.434312
-3.50572
-1.73731
-5.28454
-3.87782
0.895707
-0.891445
0.103754
-0.279241
-2.70354
-0.746278
-0.256523
-0.652321
-3.60035
0.67543
-1.59344
-1.56502
0.192034
-3.533
0.0142781
2.06519
2.4434
-2.31817
1.9404
2.74415
-1.24989
3.44129
1.03937
-2.51669
-2.80762
-0.00499853
1.70586
-1.70992
1.75964
-6.00275
4.08663
-3.45951
-1.42017
1.18005
0.513147
0.956082
-0.496082
-1.97728
1.08435
-0.00609975
2.22717
-0.64129
-4.56836
-0.185009
1.55195
-4.5639
-4.28031
3.60411
3.99606
-3.42912
-2.23506
-0.000229152
-10.0109
-10.2516
6.8653
-2.9435
4.0748
5.26365
-6.87679
-0.665566
-0.706477
-1.07355
-1.92888
-1.52592
-1.91969
-1.37356
-0.227783
-0.682402
