[293, 49, 49, 4]
0.0
0.0
0.0
0.0
0.0
0.0
0.0
0.0
0.0
0.0
0.0
0.0
0.0
0.0
0.0
0.0
0.0
0.0
0.0
0.0
0.0
0.0
0.0
0.0
0.0
0.0
0.0
0.0
0.0
0.0
0.0
0.0
0.0
0.0
0.0
0.0
0.0
0.0
0.0
0.0
0.0
0.0
0.0
0.0
0.0
0.0
0.0
0.0
0.0
0.0
0.0
0.0
0.0
0.0
0.0
0.0
0.0
0.0
0.0
0.0
0.0
0.0
0.0
0.0
0.0
0.0
0.0
0.0
0.0
0.0
0.0
0.0
0.0
0.0
0.0
0.0
0.0
0.0
0.0
0.0
0.0
0.0
0.0
0.0
0.0
0.0
0.0
0.0
0.0
0.0
0.0
0.0
0.0
0.0
0.0
0.0
0.0
0.0
0.0
0.0
0.0
0.0
0.0
0.0
0.0
0.0
0.0
0.0
0.0
0.0
0.0
0.0
0.0
0.0
0.0
-1.79514
-1.60001
0.0
0.0
0.0
0.0
0.0
0.0
0.0
0.0
0.0
0.0
0.0
0.0
0.0
0.0
0.0
0.0
0.0
0.0
0.0
-0.572512
0.0
0.0
-0.849787
0.0
0.0
0.0
0.0
0.0
0.0
0.0
0.0
0.0
-0.137243
0.0
0.0
0.0
0.0
0.0
0.0
0.0
0.0
0.0
0.0
0.0
0.0
0.0
0.0
0.0
0.0
0.0
0.0
0.0
0.0
0.0
0.0
0.0
0.0
0.0
0.0
0.0
0.0
0.0
0.0
0.0
0.0
0.0
0.0
0.0
0.0
0.0
0.0
0.0
0.0
0.0
0.0
0.0
0.0
0.0
0.0
0.0
1.64226
0.0
0.0
0.0
0.0
0.0
0.0
0.0
0.0
0.0
0.0
0.0
0.0
0.0
0.0
0.0
0.0
0.0
0.0
0.0
0.0
0.0
0.0
0.0
0.0
0.0
0.0
0.0
0.0
0.0
0.0
0.0
0.0
0.0
0.0
0.0
0.0
0.0
0.0
0.0
0.0
0.0
0.0
0.0
0.0
0.0
0.0
0.0
0.0
0.0
0.0
0.0
0.0
0.0
0.0
0.0
0.0
0.0
0.0
0.0
0.0
0.0
0.0
0.0
0.0
0.0
0.0
0.916985
0.0
0.0
0.0
0.0
0.0
0.0
0.0
0.0
0.523243
0.0
0.0
0.0
0.0
0.0
0.0
0.0
0.0
0.0
0.0
0.0
0.0
0.0
0.0
0.0
0.0
0.0
0.0
0.0
0.0
0.0
0.0
0.0
0.0
0.0
0.0
0.0
0.0
-0.409103
0.0
0.0
0.0
0.0
0.0
0.0
0.0
0.0
0.0
0.0
0.0
0.0
0.0
0.0
0.0
0.0
0.0
0.0
0.0
0.0
0.0
0.0
0.0
0.0
0.0
0.0
0.0
0.0
0.0
0.0
0.0
0.0
2.13474
0.0
0.0
0.0
0.0
0.0
0.0
0.0
1.36156
0.0
0.0
0.0
0.0
0.0
0.0
0.0
0.0
0.0
0.0
0.0
0.0
0.0
0.0
0.0
0.0
0.0
0.0
0.0
0.0
0.0
0.0
0.0
0.0
0.0
0.0
0.0
0.0
0.0
0.0
0.0
0.0
0.0
0.0
1.21729
0.0
0.0
0.0
0.0
0.0
0.0
0.0
0.0
0.0
0.0
0.0
0.0
0.0
-0.00292487
-0.0633391
0.111216
0.0233009
-0.0417848
0.0656142
0.0476002
0.21918
0.501488
-0.052576
0.058427
-0.271227
-0.525174
0.190741
0.0804141
0.0406613
0.0227011
0.119937
-0.0172363
0.41888
0.0561535
-0.140511
-0.0427681
0.0541317
-0.442829
0.22464
-0.55298
0.000899607
-0.0679087
0.00224347
0.220416
-0.00323594
-0.0270918
-0.181929
-0.173797
-0.0359067
0.123217
-0.538258
-0.103356
0.151172
-0.0404967
0.077731
0.0731922
-0.0715499
-0.315253
-0.188191
0.264372
0.0338401
0.784124
0.0
0.0
0.0
0.0
0.0
0.0
0.0
0.0
0.0
0.0
0.0
0.0
0.0
0.0
0.0
0.0
0.0
0.0
0.0
-0.918927
0.0
0.0
0.0686927
0.0
-1.45275
0.0
0.0
0.0
0.0
0.0
0.0
0.0
0.0
-0.907686
0.0
0.0
0.0
0.0
0.0
0.0
0.0
0.0
0.0
0.0
0.0
0.0
0.0
0.0
0.0
0.0
0.0
0.0
0.222591
0.0
0.0
0.0
0.0
0.0
0.0
0.0
0.0
0.220104
0.0
0.0
0.0
0.0
0.0
0.0
0.0
0.0
0.0
0.0
0.673978
0.0
0.0
0.0
0.0
0.0
0.0
0.0
0.0
0.0
0.0
0.0
0.0
0.0
0.0
0.0
0.0
0.0
0.0
0.0
0.0
-1.11361
0.0
0.0
0.0
0.0
0.0
0.0
0.0
0.0
0.0
0.0
0.0
0.0
0.0
0.539952
0.0
0.0
0.0
0.0
0.0
0.0
0.0
0.0
0.0
0.0
-0.668516
0.0
0.0
0.0
0.0
0.0
0.0
0.0
0.0
0.0
0.0
0.0
0.0
0.0
0.0
0.0
0.0
0.0
0.0
0.0
0.0
0.0
0.0
0.0
0.0
0.0
0.0
0.0
0.0
0.0
0.0
0.0
0.0
0.0
0.0
0.0
0.0
0.0
0.0
-0.618063
0.0
0.0
0.0
0.0
0.0
0.0
0.0
0.0
0.0
0.0
0.0
0.0
0.0
0.0
-1.15203
0.0
0.0
0.0
0.0
0.0
0.0
0.0
0.0
0.0
0.0
0.0
0.0
0.0
0.0
0.0
0.0
0.0
0.0
0.0
0.0
0.0
1.91711
0.0
0.0
0.0
0.0
0.0
0.0
0.0
0.0
0.0
0.0
0.0
0.0
0.0
0.0
0.0
0.0
0.0
0.0
0.0
0.0
0.0
0.0
0.0
0.0
0.0
0.0
0.0
0.0
0.0
0.0
0.0
0.0
0.0
0.0
0.0
0.0
0.0
0.0
0.0
0.0
0.0
0.0
0.0
0.0
0.0
0.0
0.0
0.0
0.0
0.0
0.0
0.0
0.0
0.0
0.0
0.0
0.0
0.0
-0.611503
0.0
0.0
0.0
0.0
0.0
0.0
0.0
0.0
0.0
0.0
0.0
0.0
0.0
0.0
0.0
0.0
0.0
0.0
0.0
0.0
0.0
-0.242625
0.0
0.0
0.0
0.0
0.0
0.0
0.0
0.0
0.0
0.0
0.0
0.0
0.0
0.0
0.0
0.0
0.0
0.0
0.0
0.0
0.0
0.0
0.0
0.0
0.0
0.0
0.0
0.0
0.0
0.0
0.0
0.0
0.0
0.0
0.0
0.0
0.0
0.0
0.0
0.0
0.0
0.0
0.0
0.0
0.0
0.0
0.0
0.0
0.0
0.0
0.0
0.0
0.0
0.0
0.0
0.0
0.0
0.0
0.0
0.0
0.0
0.0
0.0
0.0
0.0
0.0
0.0
0.0
0.0
0.0
0.0
0.0
0.0
0.0
-0.980683
0.0
0.0
0.0
0.0
0.0
0.0
0.0
0.0
0.462998
0.0
0.0
0.0
0.0
0.0
0.0
0.0
0.0
0.0
0.0
0.0
0.0
0.0
0.0
0.0
0.0
0.318967
0.0
0.530909
0.0
0.0
0.0
0.0
0.0
0.0
0.0
0.0
0.0
0.0
0.0
0.0
0.0
0.0
0.0
0.0
0.0
0.0
0.0
-0.584638
0.0
0.0
0.0
0.0
0.0
0.0
0.0
0.0
0.0
0.0
0.0
0.0
0.0
0.0
0.0
-0.149956
0.0
0.0
0.0
0.0
0.0
0.0
0.0
0.0
0.0
0.0
0.0
0.0
0.0
0.0
0.0
0.0
0.0
0.0
0.0
0.0
0.0
0.0
0.0
0.0
0.0
0.0
0.0
0.0
0.253707
0.0
0.0
0.0
1.09494
0.0
0.0
0.0
0.0
0.0
0.0
0.0
0.0
0.0
0.0
0.0
0.0
0.0
0.0
0.0
0.0
0.0
0.0
0.0
0.0
0.0
0.0
-0.0800783
0.0
0.0
0.0
0.0
0.0
0.0
0.0
0.0
0.0
0.0
0.0
0.0
0.0
0.605102
0.0
0.0
0.0
0.0
0.0
0.0
0.0
0.0
0.0
0.0
0.0
0.0
-0.331954
0.0
0.0
0.0
0.0
0.0
0.0
0.0
0.0
0.0
0.0
0.0
0.0
0.0
0.0
-1.33364
0.0
0.0
0.0
0.0
0.0
0.0
0.0
0.0
0.0
0.0
0.0
0.0
0.0
0.0
0.0
0.0
0.0
0.0
0.0
0.0
0.0
0.0
0.0
0.0
0.0
0.0
0.0
0.0
0.0
0.0
0.0
0.0
0.0
0.0
0.0
0.0
0.0
0.0
-1.66216
0.0
0.258724
-0.511477
0.0
0.0
0.0
0.0
-0.518057
0.0
0.0
-0.196476
-0.538498
0.0
0.0
0.0
0.0
0.0
0.0
0.0
0.0
0.0
0.0
0.0
1.1338
0.0
0.0
0.0
0.0
0.0
0.0
0.0
0.0
0.0
0.0
0.0
0.0
0.0
0.0
0.0
0.0
0.0
0.0
0.0
0.0
0.0
0.0
0.0
0.0
0.0
0.0
0.0
0.0
0.0
0.0
0.0
0.0
0.0
0.0
0.0
0.0
0.0
1.43863
0.0
0.0
0.0
0.0
0.0
0.0
0.0
0.0
0.0
0.0
0.0
0.0
0.0
0.0
0.0
-0.34439
0.0
0.0
0.0
0.0
0.0
0.0
0.0
0.0
0.728028
0.0
0.0
0.0
0.0
0.0
0.0
0.0
0.0
0.192268
0.0
0.0
0.0
0.0
0.0
0.0
0.0
0.0
0.0
0.0
0.0
0.0
0.0
0.0
0.0
0.0
0.0
0.0
0.0
0.0
0.0
0.0
0.0
0.0
0.0
0.0
0.0
0.0
0.0
0.0
0.0
0.0
0.0
0.0
0.0
0.0
0.0
0.0
0.0
0.0
0.0
0.0
0.0
0.0
0.0
0.0
0.0
0.0
0.0
0.0
0.0
0.0
0.0
0.0
0.0
0.0
0.0
0.0
0.0
0.0
0.0
0.0
0.0
0.0
0.0
0.0
0.0
0.0
0.0
0.0
0.0
0.0
0.0
0.0
0.754394
0.0
0.0
0.204217
0.0
0.0
0.0
0.0
0.0
0.0
0.0
0.0
0.0
0.0
0.0
0.0
0.0
0.0
0.0
0.0
0.0
0.0
0.0
0.0
0.0
0.0
0.0
0.0
0.0
0.0
0.0
0.0
0.0
0.0
0.0
-0.81201
-0.496376
0.0
0.0
0.878308
0.0
-0.484058
0.0
0.0
1.06925
0.0
0.0
0.0
0.0
0.0
0.0
0.0
0.0
0.0
0.0
0.0
0.0
0.0
0.0
0.0
0.0
0.0
0.0
0.0
0.0
0.0
0.0
0.0
0.0
0.0
-1.48524
0.0
0.0
0.0
0.0
0.0
0.0
0.0
0.0
0.0
0.0
0.0
0.0
0.0
0.0
0.0
0.0
0.0
0.0
0.0
0.0
0.0
0.0
0.0
0.0
0.0
0.0
0.0
0.0
0.0
0.0
0.0
0.0
0.0
0.0
0.0
0.0
0.0
0.0
0.0
0.0
0.0
0.0
0.0
0.0
0.0
0.0
0.0
0.0
0.0
0.0
0.0
0.0
0.0
0.0
0.0
0.0
0.0
0.0
0.0
0.0
-1.03582
0.0
0.0
-0.314882
0.0
0.0
0.0
0.0
0.0
0.0
0.0
0.0
0.0
0.0
0.0
0.0
0.0
0.0
0.0
0.0
0.0
0.0
0.0
-0.755567
0.0
0.0
0.0
0.0
0.0
0.0
0.0
0.0
0.0
0.0
0.0
0.0
0.0
0.0
0.257183
0.0
0.0
0.0
0.0
0.0
0.0
0.0
0.0
0.0
0.0
0.0
0.18347
0.0
1.54917
0.0
-0.188482
0.0
0.0
-0.812968
0.0
0.0
0.0
-0.521044
0.0
0.0
0.324856
0.0
0.0
0.0
0.0
0.0
0.0
-0.182146
0.0
0.0
0.0
0.0
0.0
0.0
0.0
0.0
0.0
0.0
0.0
0.0
0.0
0.0
0.0
0.0
0.0
0.0
0.0
0.0
0.0
0.0
0.0
0.0
0.0
0.0
0.0
0.0
0.0
0.0
0.0
0.0
0.0
0.0
0.0
0.467365
0.0
0.0
0.0
0.0
0.0
0.0
0.575873
0.0
0.0
0.0
0.0
0.0
0.609952
0.0
0.0
0.0
0.0
0.0
0.0
0.0
0.0
-0.37305
0.0
0.0
-0.813405
0.0
0.0
0.0
0.0
0.0
0.0
0.0
0.0
0.0
0.0
0.0
0.0
0.0
0.0
0.292301
0.0
0.0
0.0
0.0
0.0
0.0
0.0
0.0
0.0
0.0
0.0
0.0
0.0
0.0
0.0
0.0
0.0
0.0
0.0
0.0
0.0
0.0
0.0
0.0
0.0
0.0
0.0
0.0
0.0
0.0
0.0
0.0
0.0
0.0
0.0
0.0
0.0
0.0
0.0
0.0
0.0
0.0
0.0
0.0
0.0
0.0
0.0
0.0
0.0
0.0
0.0
0.0
0.0
0.144963
0.0
0.0
0.0
0.0
0.0
0.220743
0.0
0.0
0.0
0.0
0.0
0.0
0.0
0.0
0.0
0.0
0.0
0.0
0.0
0.0
0.0
0.0
0.0
0.0
0.0
0.0
0.0
0.0
0.0
0.0
0.0
0.0
0.0
0.0
0.0
0.0
0.0
0.0
0.0
0.0
0.0
0.0
0.0
0.0
0.0
0.0
0.0
0.0
0.0
0.0
0.0
0.0
0.0
0.0
0.0
0.0
0.0
0.0
0.0
0.0
0.0
0.0
0.0
0.0
0.0
0.0
0.0
0.0
0.0
0.0
0.0
0.0
0.0
0.0
0.0
0.0
0.0
0.0
0.0
0.0
0.0
0.0
0.0
0.0
0.0
0.0
0.0
0.0
0.0
0.0
0.0
-0.996805
0.0
0.0
0.0
0.0
0.357229
0.0
0.0
0.0
0.0
0.0
0.0
0.0
0.0
0.0
0.0
0.0
0.0
0.0
0.0
0.0
0.0
0.0
0.0
0.0
0.0
0.0
0.0
0.0
0.0
0.0
0.0
0.0
0.0
0.0
0.0
0.0
0.0
0.0
0.0
0.0
0.0
0.0
0.0
0.0
0.0
1.14987
0.0
0.0
0.0
0.0
0.0
0.0
0.0
0.0
0.0
0.0
0.0
0.0
0.0
0.0
0.0
0.0
0.0
0.0
0.0
0.0
0.0
0.0
0.0
0.0
0.0
0.0
0.0
0.0
0.0
0.0
0.0
0.0
0.0
0.0
0.0
0.0
0.0
0.0
0.0
0.0
0.0
0.0
0.0
0.0
0.0
0.0
0.0
0.0
0.0
0.0
0.0
0.0
0.0
0.0
0.0
0.0
0.0
0.0
0.0
0.0
0.0
0.0
0.0
0.0
0.0
0.0
0.0
1.78579
0.0
0.0
0.0
0.0
0.0
0.0
0.0
-1.41285
0.0
0.0
0.0
0.0
0.0
0.0
0.0
0.0
0.0
0.0
0.0
0.0
0.0
0.0
-0.144902
0.0
0.0
0.404258
0.0
1.87649
0.0
0.0
0.385633
0.0
0.0
0.0
0.0
0.0
0.0
0.0
0.0
0.0
0.0
0.0
0.0
0.0
0.0
0.0
0.0
0.0
0.0
0.0
0.0
0.0
0.0
0.0
0.0
0.0
0.0
0.0
0.0
0.0
0.0
0.0
0.00313337
-0.609574
-0.00483097
-0.0828117
0.147044
-0.15669
-0.0467772
-0.128742
-0.235132
-0.0510972
0.0375304
0.170196
-0.329634
-0.249689
-0.0892082
-0.0910943
0.095318
-0.266557
0.14625
-0.00524763
0.169876
0.469741
0.0627959
-0.27989
-0.395764
0.117182
-0.232665
0.129122
-0.0181588
0.0314845
-0.399515
-0.00538012
-0.00554685
0.348609
-0.193995
-0.0412589
0.0832158
-0.327081
-0.0480546
0.0256938
-0.299979
0.037688
-0.250739
-0.178149
0.126729
0.0637148
-0.117355
0.000120025
-0.307737
0.0
0.0
0.0
0.0
0.0
0.0
0.0
-1.64204
0.0
0.0
0.0
0.0
0.0
0.0
0.0
0.0
0.0
0.0
0.0
0.0
0.0
0.0
0.0
0.0
0.0
0.0
0.0
0.0
0.0
0.0
0.0
0.0
0.0
0.0
0.0
0.0
0.0
0.0
0.0
0.0
0.0
0.0
0.0
0.0
0.0
0.0
0.0
0.0
0.0
0.0
0.0
0.0
0.0
0.0
0.0
0.0
0.0
0.0
0.0
0.0
0.0
0.0
0.0
0.0
0.0
0.0
0.0
0.0
0.0
0.0
0.0
0.0
0.0
0.0
0.0
0.0
0.0
-0.765843
0.0
0.0
0.0
0.0
0.0
0.0
0.0
0.0
0.0
0.0
0.0
0.0
0.0
0.0
0.0
0.0
0.0
0.0626785
0.0
0.0
0.0
0.0
0.0
0.0
0.0
0.0
0.0
0.0
0.0
0.0
0.0
0.0
0.0
0.456528
0.0
0.0
0.0
0.0
0.0
0.0
0.0
0.0
0.0
0.0
0.0
0.0
0.0
0.0
0.0
0.0
0.0
0.0
0.0
0.0
0.0
0.0
0.0
0.0
-3.04042
0.0
0.0
0.0
0.0
0.0
0.0
0.0
0.0
0.0
0.0
0.0
0.0
0.0
0.0
0.0
0.0
0.0
0.0
0.0
0.0
0.0
0.0
0.0
0.0
0.0
0.0
0.0
0.0
0.0
0.0
0.0
0.0
0.0
0.0
0.0
0.0
0.0
0.0
0.0
0.0
0.0
0.0
0.0
0.0
0.0
-1.10882
0.0
0.0
0.0
0.0
0.0
0.0
0.0
0.0
0.0
0.0
0.0
0.0
0.0
0.0
0.0
0.0
0.0
0.0
0.0
0.0
0.0
0.0
0.0
0.0
0.0
0.0
0.0
0.0
0.0
0.0
0.0
0.0
0.0
0.0
0.0
0.0
0.0
0.0
0.0
0.0
0.0
0.0
0.0
0.0
0.0
0.0
0.0
0.0
0.0
0.0
0.0
0.0
0.0
0.0
0.197357
0.0
0.0
0.0
0.0
0.0
0.0
0.0
0.0
0.0
0.0
0.0
0.0
0.0
0.0
0.0
0.0
0.0
0.0
0.0
0.0
0.0
0.0
0.0
0.0
0.0
0.0
0.0
0.0
0.0
0.0
0.0
-1.06522
0.727724
0.0
0.0
0.0
0.0
0.0
0.0
0.0
0.0
0.0
0.0
0.0
0.0
0.0
0.0
0.0
0.0
0.0
0.0
0.0
0.0
0.0
0.0
0.0
0.0
0.0
0.0
0.0
0.0
0.0
0.0
0.0
0.0
0.0
-0.402955
0.0
0.0
0.0
0.0
0.0
0.0
0.0
0.0
0.0
0.0
0.0
0.0
0.0
0.0
0.0
0.0
0.0
0.0
0.0
0.0
0.0
0.0
0.0
0.0
0.0
0.0
0.0
0.0
0.0
0.0
0.0
0.0
0.0
0.0
0.0
0.0
0.0
0.0
0.0
0.0
0.0
0.0
0.0
0.0
0.0
0.0
0.0
0.0
0.0
0.0
0.20228
0.0
0.0
0.0
0.0
0.0
0.0
0.0
0.0
0.0
0.0
0.0
0.0
0.0
0.0
0.0
0.0
0.0
0.0
0.0
0.0
0.0
0.0
0.0
0.0
0.0
0.0
0.0
0.0
0.0
0.0
0.0
0.0
0.0
0.0
0.0
0.0
0.0
0.0
0.0
0.0
0.0
0.0
0.0
0.0
0.0
0.0
0.0
0.0
0.0
0.0
0.0
0.0
0.0
0.0
-1.19774
0.0
0.0
0.0
0.0
0.0
0.0
0.0
0.0
0.0
0.0
0.0
0.0
0.0
0.0
0.0
0.0
0.0
0.0
0.0
0.0
0.0
0.0
0.0
0.0
0.0
0.0
0.0
0.0
0.0
0.0
0.0
0.0
0.0
0.0
0.0
0.0
0.0
0.0
0.0
0.0
0.0
0.0
0.0
0.0
0.0
0.0
0.0
0.0
0.0
0.0
0.0
0.0
0.0
0.0
0.0
0.0
0.0
-0.397989
0.0
0.0
0.0
0.0
0.0
0.0
0.0
-0.517804
0.0
0.0
0.0
0.0
0.0
0.0
0.0
0.0
0.0
0.0
0.0
0.0
0.0
0.0
0.0
0.0
0.0
0.0
0.0
0.0
0.521302
0.0
0.0
0.0
0.0
0.0
0.0
0.0
0.0
0.0
0.0
0.0
0.0
0.0
0.0
0.0
1.34506
0.0
-0.479822
-1.25082
0.0
0.0
0.0
0.0
0.0
0.0
1.16883
0.0
0.0
0.0
0.0
0.0
0.0
0.0
0.0
0.0
0.0
0.0
0.0
-0.360341
0.730514
0.0
-0.00260641
0.184119
0.177728
-0.0127845
-0.105889
-2.28473
0.337454
-0.0478201
0.748151
-0.188923
0.629121
0.0105304
0.204884
-1.24916
-0.163495
-0.0465456
0.0487228
-0.223317
-0.0437904
0.519857
-0.110021
-0.213571
0.0339447
0.0676757
-0.162302
0.0794988
0.142712
1.2457
0.0125092
-0.0118931
0.107462
-0.0925264
-0.0485054
-0.323151
0.723045
0.264137
0.111242
1.14574
-0.0340271
0.0458415
0.0330491
-0.0985301
-0.0388136
-0.330912
-0.373198
-0.281393
0.114837
0.189025
0.312423
0.0
0.0
0.0
0.0
0.0
0.0
0.0
0.0
0.0
0.0
0.0
0.0
0.0
0.0
0.0
0.0
0.0
0.0
0.0
0.0
0.0
0.0
0.0
0.0
1.56714
0.0
0.0
0.0
0.0
0.0
0.0
0.0
0.0
0.0
0.0
0.0
0.0
0.0
0.0
0.0
0.0
0.0
0.0
0.0
0.0
0.0
0.0
0.0
0.0
0.0
0.0
0.0
0.0
0.0
0.0
0.0
0.0
0.0
0.0
0.0
0.0
0.0
0.0
0.0
0.0
0.0
0.0
0.0
0.0
0.0
0.0
0.0
0.0
0.0
0.0
0.0
0.0
0.0
0.0
0.0
0.0
0.0
0.0
0.0
0.0
0.0
0.0
0.0
0.0
0.0
0.0
0.0
0.0
0.0
0.0
0.0
0.0
0.0
-0.790978
0.0
0.0
0.0
0.0
0.0
0.0
0.0
0.0
0.0
0.0
0.0
0.0
0.0
0.0
0.0
0.0
0.0
0.0
0.0
0.0
0.0
0.0
0.0
0.0
0.0
-0.443177
0.0
0.0
0.0
0.0
0.0
0.0
0.0
0.0
0.0
0.140947
0.0
0.0
0.0
0.0
0.0
0.0
0.0
0.0
0.0
0.0
0.0
0.0
0.0
0.0
0.0
0.0
-1.02061
0.0
0.170414
0.0
0.0
0.0
0.0
0.0
0.0
0.0
0.0
-0.163916
0.0
0.0
0.0
0.0
0.0
0.0
0.0
0.0
0.0
0.0
0.0
0.0
0.0
0.0
0.0
0.0
0.0
0.0
0.0
0.0
0.0
0.0
0.0
0.0
0.0
0.0
-0.907907
0.0
0.0
0.0
0.0
0.0
0.0
-0.00302193
0.0
0.0
0.0
0.0
0.0
0.0
0.0
0.0
0.0
0.0
0.0
0.0
0.0
0.0
1.38573
0.0
0.0
0.0
0.0
0.0
0.0
0.967105
0.0
0.0
0.0
0.0
0.0
0.0
0.0
0.0
0.0
0.0
0.0
0.0
0.0
0.0
0.0
0.0
0.0
0.0
0.0
-0.647905
0.0
0.0
0.0
0.0
0.0
0.0
0.0
0.0
0.0
0.0
0.0
-0.226592
0.0
0.0
0.0
0.0
0.0
0.0
0.0
0.0
0.0
0.0
0.0
0.0
0.0
0.0
0.0
0.0
0.0
0.0
0.0
0.0
0.0
0.0
0.0
0.0
0.0
0.0
0.0
-0.46849
0.0
0.0
0.620901
0.0
0.0
0.0
0.0
0.0
0.0
0.0
0.0
0.0
0.0
0.0
0.0
0.0
0.0
0.0
0.0
0.0
0.0
0.0
0.0
0.0
0.0
0.0
0.0
0.0
0.0
0.0
0.0
0.0
0.0
0.0
0.0
0.0
0.0
0.0
0.0
0.0
0.0
0.0
0.0
0.0
0.0
0.0
0.0
0.0
0.0
0.0
0.0
0.0
0.0
0.0
0.0
0.0
0.0
0.0
0.0
0.0
0.0
0.0
0.0
0.0
0.0
0.0
0.0
0.0
0.0
0.0
0.0
0.0
-0.138322
0.0
0.0
0.0
0.0
0.0
0.0
0.0
0.0
0.0
0.0
0.0
0.0
0.0
0.0
0.0
0.0
0.0
0.0
0.0
0.0
0.0
0.0
0.0
0.0
0.0
0.0
0.0
0.0
0.0
0.0
0.0
0.0
0.0
0.0
0.0
0.0
0.0
0.0
0.0
0.0
0.0
0.0
0.0
0.0
0.0
0.0
0.0
0.0
0.0
0.0
0.0
0.0
0.0
0.0
0.0
0.0
0.0
0.0
0.0
0.0
0.0
0.0
0.0
0.0
-0.508049
0.0
0.0
1.68919
0.0
0.0
0.0
0.0
0.0
1.2457
0.0
0.0
0.0
0.0
0.0
0.0
0.0
0.0
0.0
0.0
0.0
0.0
0.0
0.0
0.0
0.0
0.0
0.0
-0.562451
0.0
0.0
0.0
0.0
0.0
-1.01263
0.0
0.631605
0.0
0.0
0.0
0.0
0.0
0.0
0.0
0.0
0.0
0.0
0.0
0.0
0.0
0.0
0.0
0.0
0.0
0.0
1.42436
0.0
-0.765175
0.0
0.0
0.0
0.0
0.0
0.0
0.0
0.0
0.0
0.0
0.0
0.0
0.0
0.0
0.0
-1.19936
0.0
0.0
0.0
0.0
0.0
0.0
0.0
0.0
0.0
0.0
0.0
0.0
0.0
0.0
0.0
0.0
0.0
0.0
0.0
0.0
0.0
0.0
0.0
0.0
0.0
0.0
0.0
0.0
0.0
0.0
0.0
0.0
0.0
0.0
0.0
0.0
0.0
0.0
0.0
0.0
0.0
0.0
0.0
0.0
1.65191
0.0
0.0
0.0
0.0
0.0
0.0
0.0
0.0
0.0
0.0
0.0
0.0
0.0
0.0
0.0
0.0
0.0
0.0
0.0
0.0
0.0
0.0
0.0
0.0
0.0
0.0
-0.204461
0.0
0.0
0.0
0.0
0.0
0.0
0.0
0.0
0.0
0.0
0.0
0.0
0.0
0.0
0.0
0.0
0.0
0.0
0.0
0.0
0.0
0.0
0.0
0.0
0.0
0.0
0.0
0.0
0.0
0.0
0.0
0.0
0.0
-1.07912
0.0
0.0
0.0
0.0
0.0
0.0
0.0
0.0
0.0
0.0
0.0
0.0
0.0
0.0
0.395385
0.0
0.0
0.0
0.0
0.0
0.0
-0.506056
0.0
-0.536624
0.0
0.0
0.0
0.0
0.0
0.0
0.0
0.0
0.0
0.0
0.0
0.0
0.0
0.0
0.0
0.0
0.0
0.0
0.0
0.0
0.0
0.0
0.0
0.0
0.0
0.0
0.0
0.0
0.0
0.0
0.0
0.0
0.0
0.0
0.0
0.0
0.0
0.0
0.0
0.0
0.0
0.0
-1.17119
0.0
0.0
0.907475
0.0
-0.322133
0.0
0.0
0.0
0.0
0.0
0.0
0.0
0.0
0.0
0.0
0.0
0.0
0.0
0.0
0.0
0.0
0.0
0.0
0.0
0.0
0.0
0.0
0.0
0.0
0.0
0.0
0.0
0.0
0.0
0.0
0.0
0.0
0.0
-1.11953
0.0
0.0
0.0
0.0
0.0
0.0
0.956827
0.0
0.0
0.0
0.0
1.00758
0.0
0.0
0.0
0.0
0.0
0.0
0.0
0.0
1.03686
0.0
0.0
0.0
0.0
0.0
0.0
0.0
-0.469232
0.0
0.0
0.0
0.0
0.0
0.0
0.0
0.0
0.0
0.0
0.0
0.0
0.0
0.0
0.0
0.0
0.0
0.0
0.0
1.53653
0.0
0.0
0.0
-1.5394
0.0
0.0
0.0
0.0
0.0
0.0
0.0
0.0
0.0
0.0
0.0
0.0
0.0
0.0
0.0
0.0
0.0
0.0
0.0
0.0
0.0
0.0
0.0
0.0
0.0
0.0
0.0
0.0
0.0
0.0
0.0
0.0
0.0
0.0
0.0
0.0
0.0
0.0
0.0
0.0
0.0
0.0
0.0
0.0
0.0
0.0
0.0
0.0
0.0
0.0
0.0
0.0
0.0
0.0
0.0
0.0
0.0
0.0
0.0
0.0
0.0
0.0
0.579288
0.655698
0.0
0.0
0.0
0.0
0.0
0.0
0.0
0.0
0.0
0.0
0.0
0.0
0.0
1.3215
1.40965
0.0
0.0
0.0
0.0
0.0
0.0
0.0
0.0
0.0
0.0
0.0
0.0
0.0
0.0
0.558181
0.0
0.0
0.0
0.0
0.0
0.0
0.0
0.0
-0.350778
0.0
0.0
0.0
0.0
0.0
0.0
0.0
0.0
0.0
0.0
0.0
0.0
0.0
0.0
0.0
0.498625
0.0
0.0
0.0
0.0
0.0
0.0
0.0
0.0
0.0
0.0
0.0
0.0
0.0
0.0
0.0
0.0
0.0
0.0
0.0
0.0
0.0
0.0
0.0
0.0
0.0
0.0
0.0
0.0
0.0
0.0
0.0
0.0
0.0
0.0
0.0
0.0
0.0
0.0
0.0
0.0
0.0
0.0
0.0
0.0
0.0
0.0
0.0
0.0
0.0
0.0
0.0
0.0
0.0
0.0
0.0
0.529061
0.0
0.0
0.0
0.0
-0.503223
0.0
0.0
0.0
0.0
0.0
0.0
0.0
0.0
0.0
0.0
0.0
0.0
0.0
-0.882364
-0.654511
0.0
0.0
0.0
0.0
0.0
0.0
0.0
0.0
0.615892
0.0
0.0
0.0
0.590332
1.25814
0.0
0.0
0.0
0.0
0.0
0.0
0.0
0.0
0.0
0.0
0.0
0.0
0.0
0.0
0.0
0.0
0.0
0.0
0.0
0.0
0.0
0.0
0.0
0.0
0.0
0.0
0.0
0.278183
0.0
0.0
0.0
0.0
0.0
0.0
0.0
0.0
0.0
0.0
0.0
0.0
0.0
0.0
0.0
0.0
0.0
0.0
0.0
0.0
0.0
0.0
0.0
0.0
0.0
0.0
0.0
0.0
0.0
0.0
0.0
0.0
0.0
0.0
0.0
0.0
0.0
0.0
0.0
0.0
0.0
0.0
0.0
0.0
0.0
0.0
0.0
0.0
0.0
0.0
0.0
0.0
0.0
0.0
0.0
0.0
0.0
0.0
0.0
0.0
0.0
0.0
0.0
0.0
0.0
0.0
0.0
0.0
0.0
0.0
0.0
0.0
0.0
0.0
0.0
0.0
0.0
0.0
0.0
0.0
0.0
0.0
0.0
0.0
0.0
0.0
0.0
0.0
0.0
0.0
0.0
0.0
0.0
0.0
0.0
0.515603
0.0
0.0
0.0
0.0
-0.147947
0.0
0.0
0.0
0.0
0.0
0.0
0.0
0.0
0.0
0.0
0.0
0.0
0.0
0.0
0.0
0.0
0.0
0.0
0.0
0.0
0.0
0.0
0.0
0.0
0.0
0.0
0.0
0.0
0.0
0.0
0.0
0.0
0.0
0.0
0.0
0.0
0.0
0.0
0.0
0.0
0.0
-1.24903
0.0
0.0
0.0
0.0
0.0
0.0
0.0
0.0
0.0
0.0
0.0
0.0
0.0
0.0
0.0
0.0
0.0
0.0
0.0
0.0
0.0
0.0
0.0
0.0
0.0
0.0
0.0
0.0
0.0
0.0
0.0
0.0
0.0
0.0
0.0
0.0
0.0
0.0
0.0
0.0
0.0
0.0
0.0
0.0
0.0
0.0
0.0
0.0
0.0
0.0
0.0
0.0
0.0
-0.0615855
0.0
0.0
0.0
0.0
0.0
0.0
0.0
0.0
0.0
0.0
0.0
0.0
0.0
0.0
0.0
0.0
0.0
-1.11189
0.0
0.0
0.0
0.0
0.0
0.0
0.0
0.0
0.0
0.0
0.0
0.0
0.0
0.0
0.0
0.0
0.0
0.0
0.0
0.0
0.0
0.0
0.0
0.0
0.0
0.0
0.0
0.0
0.0
0.0
0.0
0.0
0.0
0.0
-0.233107
0.0
0.0
0.0
0.0
0.0
0.0
0.0
0.0
0.0
0.0
0.0
0.0
0.0
0.441883
0.0
0.0
0.0
0.0
0.0
0.0
0.0
0.0
0.0
0.0
0.0
0.0
0.0
0.0
0.0
0.0
-1.32627
0.0
0.0
0.0
0.0
0.0
0.0
0.0
0.0
0.0
0.0
0.0
0.0
0.0
0.0
0.0
0.0
0.0
-0.597676
0.0
0.0
0.0
0.0
0.0
0.0
0.0
0.0
0.0
0.0
0.0
0.0
-0.629714
0.0
0.0
0.0
0.0
0.933036
0.0
0.0
0.0
0.0
0.0
0.0
0.0
0.0
0.0
0.0
0.0
0.0
0.0
0.0
0.0
0.0
0.0
0.0
0.0
0.0
0.0
0.0
0.0
0.0
0.0
0.0
0.0
0.0
0.0
0.0
0.0
0.0
0.0
0.0
0.0
0.0
0.0
0.0
0.0
0.0
0.0
0.0
0.0
0.0
-0.115305
0.0
0.0
0.0
0.0
0.0
0.0
0.0
0.0
0.0
0.0
0.0
0.0
0.0
0.0
0.0
0.0
0.0
0.0
0.0
0.0
0.0
0.0
0.0
0.0
0.0
0.0
0.0
0.0
0.0
0.0
0.0
0.0
0.0
0.0
0.0
0.0
0.0
0.0
0.0
0.0
0.0
0.0
0.0
0.0
0.0
0.0
0.0
-1.26701
0.0
0.0
0.0
0.0
0.0
0.0
0.0
0.0
0.0
0.0
0.0
0.0
0.0
0.493539
0.0
0.0
0.0
0.0
0.0
0.0
0.0
0.0
0.0
0.0
0.0
-0.134592
0.0
0.0
0.0
0.0
0.0
0.0
0.0
0.0
0.0
0.0
0.0
0.0
0.0
0.0
0.0
0.0
0.0
0.0
0.0
0.0
0.0
0.0
0.0
0.0
0.0
0.0
0.0
-1.71608
0.0
0.0
0.0
-1.67338
0.0
0.0
0.956662
0.0
0.0
0.0
0.0
0.0
0.0
0.0
0.0
0.0
0.0
0.0
0.0
0.0
-1.21854
0.0
0.0
0.0
0.0
0.0
0.0
1.30887
0.0
0.0
0.0
0.0
0.0
0.0
0.0
0.0
0.0
0.0
0.0
0.0
0.0
0.0
0.0
0.0
0.0
0.0
0.0
0.0
0.473871
0.0
0.0
0.0
0.0
0.0
0.0
0.0
0.0
0.0
0.0
0.0
0.0
0.0
0.0
0.0
0.0
0.0
0.0
0.0
0.0
0.0
0.0
0.0
0.0
0.0
0.0
0.0
0.0
0.0
0.0
0.0
0.0
0.0
0.0
0.0
0.0
0.0
-0.232186
0.0
0.0
0.0
0.0
0.0
0.0
0.0
0.0
0.0
0.0
0.0
0.0
0.0
0.0
1.47375
0.0
0.0
0.0
0.0
0.0
0.0
0.0
0.0
0.0
0.0
0.0
0.0
0.0
0.0
0.0
0.0
0.0
0.0
0.0
0.0
0.0
0.0
0.0
0.0
0.0
0.0
0.0
-0.602938
0.0
0.0
0.0
0.0
0.0
0.0
0.0
-1.64963
0.0
0.0
0.0
0.0
0.0
0.0
-0.512613
0.0
0.0
0.0
0.0
0.0
0.0
0.0
1.637
0.0
0.0
0.0
0.0
0.0
0.0
0.0
0.0
0.0
0.0
0.0
0.0
0.0
0.0
0.0
0.0
0.0
0.0
0.0
1.13983
0.0
0.0
0.0
0.0
0.0
0.0
0.0
0.0
0.0
0.0
0.0
0.0
0.0
0.0
0.0
0.0
0.0
0.0
0.0
0.0
0.0
0.0
0.0
0.0
0.0
0.0
0.0
0.0
0.0
0.0
-0.147926
0.0
0.0
0.0
0.0
0.0
0.0
0.0
0.295212
0.0
0.0
0.0
0.0
0.0
0.0
0.0
0.0
0.0
0.0
0.0
0.130064
0.0
0.0
0.0
0.0
0.0
0.0
0.0
0.0
0.0
0.0
0.0
0.0
0.0
0.0
0.0
0.0
0.0
0.0
0.0
0.0
0.0
0.0
0.0
0.0
0.0
0.0
0.0
0.0
0.0
0.0
0.0
0.0
0.0
0.0
-0.557511
0.0
0.0
0.0
0.0
0.0
0.0
0.0
0.0
0.0
0.0170497
0.0
0.0
0.0
0.0
0.0
0.0
0.0
0.0
0.0
0.0
0.0
0.0
0.0
-0.565448
0.0
0.0
0.0
0.0
0.0
0.0
0.0
0.0
0.0
0.0
0.0
0.0
0.0
0.0
0.0
0.0
0.0
0.0
0.0
0.0
0.0
0.0
0.0
0.0
0.0
0.0
0.0
0.0
0.0
0.0
0.0
0.0
0.0
0.0
0.0
0.0
0.0
0.0
0.0
0.0
0.0
0.0
0.0
0.0
0.0
0.0
0.0
0.0
0.0
0.0
0.0
0.0
0.0
0.0
0.0
0.0
0.0
0.0
0.0
0.0
0.0
0.0
0.0
0.0
0.0
-0.505309
0.0
0.0
0.0
0.0
0.0
0.0
0.0
0.0
0.0
0.0
0.0
0.0
0.0
0.0
0.0
0.0
0.0
0.0
0.0
0.0
0.0
0.0
0.0
0.0
0.0
0.0
0.0
0.0
0.0
0.0
0.177509
0.0
0.0
0.0
0.0
0.0
0.0
0.0
0.0
0.0
0.0
0.0
0.0
0.0
0.0
0.0
0.0
0.0
0.0
0.0
0.0
0.0
0.0
0.0
0.0
0.0
0.0
0.0
0.0
0.0
0.0
0.0
0.0
0.0
0.0
0.0
2.40974
0.0
0.0
0.0
0.0
0.0
0.0
0.0
0.0
0.0
0.0
0.0
0.0
0.0
0.0
0.0
0.0
0.0
0.0
0.0
0.0
0.0
0.0
0.0
0.0
0.0
0.0
0.0
0.0
0.0
0.0
0.0
0.0
0.0
-1.29643
0.0
0.0
0.0
0.0
0.0
0.0
0.0
0.0
0.0
0.0
0.0
0.0
0.0
0.0
0.0
0.0
0.0
0.0
0.0
0.0
0.0
0.0
0.0
0.0
0.0
0.0
0.0
0.0
0.0
0.0
0.0
0.0
0.773314
0.0
0.0
0.0
0.0
0.0
0.0
0.0
0.0
0.0
0.0
0.0
0.0
0.0
-0.632436
0.0
0.0
0.0
-0.270891
0.0
0.0
0.0
0.0
0.0
0.0
0.0
0.0
0.0
0.0
0.0
0.0
0.0
0.0
0.0
0.0
0.0
-0.440842
0.875567
0.0
-0.755974
0.0
0.0
0.0
0.0
0.0
0.0
0.0
0.0
0.0
0.0
0.0
0.0
0.0
0.0
0.0
0.0
0.0
0.0
0.0
0.0
0.0
0.0
0.0
0.0
0.650275
0.0
0.0
0.0
0.0
0.0
0.0
0.0
0.0
0.0
0.0
0.0
0.0
0.0
0.0
0.0
0.0
0.0
0.0
0.0
0.0
0.0
0.0
0.0
0.0
0.0
0.0
0.0
0.0
0.0
0.0
0.0
0.0
-0.382234
0.0
0.0
0.0
0.0
0.0
0.0
0.0
0.0
0.0
0.0
0.0
0.0
0.34842
0.0
0.0
0.0
0.0
0.0
0.0
0.0
0.0
0.0
0.0
0.0
0.0
0.0
0.0
0.0
0.0
0.0
0.0
0.0
0.0
0.0
0.0
0.0
0.0
0.0
0.0
0.0
0.0
0.0
0.0
0.0
0.0
0.0
0.0
0.0
0.0
0.0
0.0
0.0
0.0
0.0
0.0
0.0
0.0
0.0
0.0
0.0
0.0
0.0
0.0
0.0
0.0
0.0
0.0
0.384657
0.0
0.0
0.0
0.0
0.0
0.0
0.0
0.0
0.0
0.0
0.0
0.0
-1.04276
0.0
0.0
0.0
0.0
0.0
0.0
0.0
0.0
0.0
0.0
0.0
0.0
0.0
0.0
0.0
0.0
0.0
0.0
0.0
0.0
0.0
0.0
-0.1808
0.0
0.0
0.0
0.0
0.0
0.0
0.0
0.0
0.0
0.0
0.0
0.0
0.0
0.0
-2.52398
0.0
0.0
0.0
0.0
0.0
0.0
0.0
0.0
0.0
0.38641
0.0
0.0
0.0
0.0
0.0
0.0
-0.428652
0.0
0.0
0.0
0.0
0.0
0.0
0.0
0.0
0.0
0.0
-0.986655
0.0
0.0
0.0
0.0
0.0
0.0
0.0
0.0
0.0
0.0
0.0
0.0
0.578583
0.0
0.0
0.0
0.0
0.0
0.0
-0.604722
0.0
0.0
0.0
0.0
0.0
0.0
0.0
0.0
0.0
0.0
0.0
0.0
0.0
0.0
0.0
0.0
-1.11412
0.0
0.0
0.0
0.0
0.0
0.0
0.0
0.0
0.0
0.0
0.0
-0.19882
0.0
0.0
0.0
0.0
0.0
1.66481
0.0
0.0
0.0
0.0
0.852316
0.0
-1.26074
0.0
0.458756
0.0
0.0
0.0
0.0
0.0
0.0
0.0
0.0
0.0
0.0
0.0
0.0
0.0
0.0
0.0
0.0
0.0
0.0
0.922666
0.0
0.0
0.0
0.0
0.0
0.281613
0.0
0.0
0.0
0.0
0.0
0.0
0.0
0.0
0.0
0.0
0.0
0.0
0.0
0.0
0.0
0.0
0.0
0.0
0.0
0.0
0.0
0.0
0.0
0.0
0.0
0.0
0.0
0.0
0.0
0.459562
0.0
0.0
0.0
0.0
0.0
0.0
0.0
0.0
0.0
0.0
0.0
0.0
0.0
0.0
0.0
0.0
0.0
0.0
0.0
0.0
0.0
0.0
0.0
0.0
0.0
0.0
0.0
0.0
0.0
0.0
0.0
0.0
0.0
0.0
0.0
0.0
0.0
0.0
0.0
0.0
0.0
0.0
0.0
0.0
0.0
0.0
-1.24901
0.0
0.0
0.0
0.0
0.0
0.0
0.0
0.0
0.0
0.0
0.0
0.0
0.0
0.0
-0.321056
0.0
0.0
0.0
0.0
0.0
-1.35644
0.0
0.0
0.0
0.0
0.0
0.0
0.0
0.0
0.0
0.0
0.0
0.0
0.0
0.0
0.0
0.0
0.0
0.0
0.0
0.0
0.0
0.0
0.0
0.0
0.0
0.0
0.0
0.0
0.0
0.0
0.0
0.0
0.0
0.0
0.0
0.0
0.0
0.0
0.0
0.0
0.0
0.0
0.0
0.0
0.0
0.0
0.0
0.0
0.0
0.0
0.0
0.0
0.0
0.0
0.0
0.0
0.0
0.0
1.54816
0.0
0.0
0.0
0.0
0.0
0.0
0.0
0.0
0.0
1.04657
0.0
0.0
0.0
0.0
0.0
0.0
0.0
0.0
0.0
0.0
0.0
0.0
0.0
0.0
0.0
0.0
0.0
0.0
0.0
0.0
0.0
0.0
0.0
0.0
0.0
0.0
0.0
0.0
0.0
0.0
0.0
0.0
0.0
0.0
0.0
0.0
0.0
0.0
0.0
0.0
0.0
0.0
0.0
0.0
0.0
-0.353022
0.0
0.0
0.0
0.0
0.0
-1.0722
0.0
0.0
0.0
0.0
0.0
0.0
0.0
0.0
0.0
0.0
0.0
0.0
0.0
0.0
0.0
0.0
0.0
0.0
0.0
0.0
0.0
0.0
0.0
0.0
-0.332309
0.0
0.0
0.0
0.0
-1.02337
0.0
0.0
0.0
0.0
0.0
0.0
0.0
0.0
0.0
0.0
0.0
0.0
0.0
0.0
0.0
0.0
0.0
0.0
0.0
-0.533353
0.0
0.0
0.0
0.0
0.0
0.0
0.0
0.0
0.0
0.0
0.0
0.0
0.0
0.0
0.0
0.0
0.0
0.0
0.0
0.0
0.0
0.0
0.0
0.0
0.0
0.0
0.0
0.0
0.0
0.0
0.0
0.0
0.0
0.0
0.0
0.367406
0.0
0.0
0.0
0.0
0.0
0.0
0.0
0.0
0.0
0.0
0.0
0.0
0.0
0.0
0.0
0.0
0.0
0.0
0.0
0.0
0.0
0.0
-0.31788
0.0
0.0
-1.29
0.0
0.0
0.0
0.0
0.0
0.0
0.0
0.0
0.0
0.0
0.0
0.0
0.0
0.0
0.0
0.788246
0.0
0.0
0.0
0.0
0.0
0.0
0.0
0.0
0.0
0.0
0.0
0.0
0.0
0.0
0.0
0.0
0.0
0.0
0.0
1.15496
0.0
0.0
0.0
0.0
0.806794
0.0
0.0
-1.52544
0.0
0.0
0.0
0.0
0.0
-2.13779
0.0
0.0
0.0
0.0
0.0
0.0
0.0
0.0
0.0
0.0
0.0
0.0
0.0
0.0
0.0
0.0
0.0
0.0
0.0
0.0
0.0
0.0
0.0
0.0
0.0
0.0
0.0
0.0
0.0
0.0
0.0
0.0
0.0
0.0
0.0
0.0
0.0
0.0
-0.591899
-1.52996
0.0
0.0
0.0
0.0
0.0
0.0
1.22991
0.0
0.0
0.0
0.0
0.0
0.0
0.0
0.0
0.0
0.0
0.0
0.0
0.0
0.0
0.0
0.0
0.715996
0.0
0.0
0.0
0.0
0.0
0.0
0.0
0.0
0.0
0.0
0.0
1.6146
0.0
0.0
0.0
0.0
0.0
0.0
0.0
0.0
0.0
-1.32216
0.0
0.0
0.0
0.0
0.0
0.0
0.0
0.0
0.0
-0.375294
0.0
0.0
0.0
0.0
0.0
0.0
0.0
0.0
0.0
0.0
0.0
0.0
0.0
0.0
0.0
0.0
0.0
0.0
0.0
0.0
0.0
0.0
0.0
0.0
0.0
0.0
0.0
0.0
0.0
-0.625225
0.0
0.0
0.0
0.0
0.0
0.0
0.0
0.0
0.0
0.0
0.0
0.0
0.0
0.0
0.0
0.0
0.0
0.0
0.0
0.0
0.0
0.0
0.0
0.0
0.0
0.0
0.0
0.0
0.0
0.0
0.0
0.0
0.0
0.0
0.0
0.0
0.0
0.0
0.0
0.0
0.0
0.0
0.0
0.0
0.0
0.0
0.0
0.0
0.0
0.0
0.0
0.0
0.0
0.0
0.0
0.0
0.0
0.0
0.0
0.0
0.0
0.0
0.0
0.0
0.0
0.0
0.0
0.0
0.0
0.0
0.0
0.0
0.0
2.08562
0.0
0.0
0.0
0.0
0.0
0.0
0.0
0.0
0.0
0.0
0.0
0.0
0.0
0.0
0.0
0.0
0.0
0.0
0.0
0.0
0.0
0.0
0.0
0.0
0.0
0.0
0.0
0.0
0.0
0.0
0.0
0.0
0.0
0.0
0.0
0.0
0.0
0.0
0.0
0.026148
0.0
0.0
0.0
0.0
0.0
0.0
0.0
0.0
0.0
0.0
0.0
-1.17932
0.0
0.0
0.0
0.0
0.0
0.0
0.0
0.0
0.0
0.0
0.0
0.0
0.0
0.0
0.0
0.0
0.0
0.0
0.0
0.0
0.0
0.0
0.0
-1.04192
0.0
0.0
0.0
0.0
0.0
0.0
0.0
0.0
0.0
0.0
0.0
0.0
0.0
0.0
0.0
0.0
0.0
0.0
0.0
0.0
0.0
0.0
0.0
0.0
0.0
0.0
0.0
0.0
0.0
0.0
0.0
0.0
0.0
0.0
0.0
0.0
0.0
0.0
0.0
0.0
0.0
0.0
0.0
0.0
0.0
0.0
-0.456964
0.0
0.0
0.0
0.0
0.0
0.522444
0.0
0.0
0.0
-1.59695
0.0
0.0
0.0
-0.716747
0.0
0.0
0.0
0.0
0.0
0.0
0.0
0.0
0.0
0.0
0.0
0.0
0.0
0.0
0.0
0.512445
0.0
0.0
0.0
0.0
0.0
0.0
0.0
0.0
0.0
0.0
0.0
0.0
0.0
0.0
0.0
0.0
0.0
0.0
0.0
0.0
0.0
0.0
0.0
0.0
0.0
0.0
0.0
-1.38955
0.0
0.0
0.0
0.0
0.0
0.0
0.0
0.0
0.0
0.0
0.0
2.12214
0.0
0.0
0.0
0.0
-0.0690375
0.0
0.0
0.0
0.0
0.0
0.0
0.0
0.0
0.0
0.0
0.0
0.0
0.0
0.0
0.0
0.0
0.0
0.0
0.0
0.0
0.0
0.0
0.0
0.0
0.0
0.0
0.0
0.0
0.0
0.0
0.0
0.0
0.0
0.0
0.0
0.053382
0.0
0.0
0.0
0.0
0.0
0.0
0.0
0.0
0.0
0.0
0.0
0.0
0.0
0.0
0.0
0.0
0.0
0.0
0.0
0.0
0.0
0.0
0.0
0.0
0.0
0.0
0.0
0.0
0.0
0.0
1.1427
0.0
0.0
0.0
0.0
0.0
0.0
0.0
0.0
0.0
0.0
0.0
0.0
0.0
0.0
0.0
0.0
0.0
0.0
0.0
0.0
0.0
0.0
-1.30696
0.0
0.0
0.0
0.0
0.0
0.0
0.0
0.0
0.0
0.0
0.0
0.0
0.0
0.0
0.0
0.421968
0.0
0.0
0.0
0.0
0.0
0.0
0.0
0.0
0.0
0.0
0.0
0.0
0.0
0.0
0.0
0.0
0.0
0.0
0.0
0.0
0.0
0.0
1.3076
0.0
0.0
0.0
-0.542973
0.0
0.0
0.0
0.0
0.0
0.0
0.0
0.476739
0.0
0.0
0.0
0.0
0.0
0.0
0.0
0.0
0.0
0.0
0.0
0.0
0.0
0.0
0.0
0.0
0.0
0.0
0.0
0.0
0.0
0.0
0.0
0.0
0.0
0.0
0.0
0.0
0.0
0.0
0.0
0.0
0.0
0.0
0.0
0.0
0.0
0.0
0.0
0.0
0.0
0.0
0.0
0.0
-0.498081
0.0
0.0
0.0
0.0
0.0
0.0
0.0
0.0
-0.0399635
0.0
0.0
0.0
0.0
0.0
0.0
0.0
0.0
0.0
0.0
0.0
0.0
0.179543
0.0
0.0
0.0
0.0
0.0
0.0
0.0
0.0
0.0
0.0
0.0
0.0
0.0
0.0
0.0
0.0
0.0
0.0
0.0
0.0
0.0
0.0
0.0
0.0
0.0
0.0
0.0
0.0
0.0
0.0
0.0
0.0
0.0
0.0
0.0
0.0
0.0
0.0
0.0
0.0
0.0
0.0
0.0
-1.10533
0.0
0.954688
0.0
0.0
0.0
0.0
0.0
0.0
0.0
0.0
0.0
0.0
0.0
0.0
0.0
0.0
0.0
0.0
0.0
0.0
0.0
0.0
0.0
0.0
0.0
0.0
0.0
0.0
0.0
0.0
0.0
0.0
0.0
0.0
0.0
0.0
0.0
0.0
0.0
0.0
0.0
0.0
0.0
0.0
0.0
0.0
0.0
0.0
0.0
0.0
0.0
0.0
0.0
0.0
0.0
0.0
0.0
0.0
0.0
0.0
0.0
0.0
0.0
0.0
0.0
0.0
0.0
0.0
0.0
0.0
0.0
0.0
0.0
0.0
0.0
0.0
0.0
0.0
0.0
0.0
0.0
0.0
0.0
0.0
0.0
0.0
0.0
0.0
0.0
0.0
0.0
0.0
0.0
0.0
0.0
0.0
0.0
0.0
0.0
0.0
0.0
0.0
0.0
0.0
0.0
0.0
0.0
0.0
0.0
0.0
0.0
0.0
0.0
0.0
0.0
0.0
0.0
0.0
0.0
0.0
0.0
0.0
0.0
0.0
0.0
0.0
0.0
0.0
0.0
0.0
0.0
0.0
0.0
0.0
0.0
0.0
0.0
0.0
0.0
0.0
0.0
0.0
-1.39757
0.0
0.0
0.0
0.0
0.0
0.0
0.0
0.0
0.0
0.0
0.0
0.0
0.0
0.0
0.0
0.0
0.0
0.0
0.0
0.0
0.0
0.0
0.0
0.0
0.0
0.0
0.0
0.0
0.0
0.0
0.0
0.0
1.38309
0.0
0.0
0.0
0.0
0.0
0.0
0.0
0.0
0.0
0.0
0.0
-0.985804
0.0
0.0
0.0
0.0
0.0
0.0
0.0
0.0
0.0
0.0
0.0
0.0
0.0
0.0
0.0
0.0
0.369981
0.0
0.0
0.0
0.0
0.0
-0.58814
0.0
0.0
0.0
0.0
0.0
0.0
0.0
0.0
0.0
0.0
0.0
0.0
0.0
0.0
0.0
0.0
0.0
0.0
0.0
0.0
0.0
0.0
-0.266542
0.0
0.0
0.0
0.0
0.0
0.0
0.0
0.0
0.0
0.0
0.0
0.0
0.0
0.0
0.0
0.0
0.0
0.0
0.0
0.0
0.0
0.0
0.0
0.0
0.0
0.0
0.0
0.0
0.162025
0.0
1.04898
0.49199
0.0
0.0
0.0
0.0
-1.2652
0.0
0.0
0.0
0.0
0.0
0.0
0.0
-0.105935
0.0
0.0
0.0
0.0
0.0
0.0
0.0
0.0
-0.286354
0.0
0.0
0.0
0.0
0.0
0.0
0.0
0.0
0.0
0.0
0.0
0.0
0.0
0.0
-0.132178
0.0
0.0
-1.09293
0.0
0.0
0.0
0.0
0.0
0.0
0.0
0.0
0.0
0.0
0.0
0.0
0.0
0.129444
0.0
0.0
0.0
0.0
0.0
0.0
0.0
0.0
0.0
0.0
0.0
0.0
0.0
0.0
0.0
0.0
0.0
0.0
0.0
0.0
0.0
0.0
0.0
0.0
0.0
0.0
0.0
0.0
0.0
-0.0793276
0.0
0.0
0.51583
0.0
0.0
0.0
0.0
0.0
0.0
0.0
-1.34274
0.0
0.0
0.0
0.0
0.0
0.0
0.0
0.0
0.0
0.0
0.0
0.0
0.0
0.267159
0.0
0.0
0.0
0.0
0.0
0.0
0.0
0.0
0.0
0.0
0.0
0.0
0.0
0.0
0.0
0.0
0.0
0.0
0.0
0.0
0.0
0.0
-2.51194
0.0
0.0
0.0
0.0
0.0
0.0
0.0
0.0
0.0
0.0
0.0
0.0
0.0
0.0
0.0
0.0
0.0
0.0
0.0
0.0
0.0
0.0
0.0
0.0
0.0
0.0
0.0
0.0
0.0
0.0
0.0
0.0
0.0
0.0
0.0
0.0
0.0
0.0
0.0
0.0
0.0
-0.470606
0.0
0.0
0.0
0.0
0.0
0.0
0.0
0.0
0.0
0.0
0.0
0.0
0.0
0.0
0.0
0.0
0.0
0.0
0.0
0.0
0.0
0.0
0.0
0.0
0.0
0.0
0.0
0.0
0.0
0.0
0.0
0.0
0.0
0.0
0.0
0.0
0.0
0.0
0.0
0.0
0.0
0.0
0.0
0.0
0.0
0.0
0.69046
0.0
0.0
0.0
0.0
0.0
0.0
0.0
0.0
0.0
0.0
0.0
0.0
0.0
0.0
0.0
0.0
0.0
0.0
0.0
0.0
0.0
0.0
0.0
0.0
0.0
0.0
0.0
0.0
0.0
0.0
0.0
0.0
0.0
0.0
0.0
0.0
0.0
0.0
0.0
0.0
0.0
0.0
0.0
0.0
0.0
0.0
0.0
0.0
0.0
0.0
0.0
0.0
0.0
0.0
0.0
0.0
0.0
0.0
0.0
0.0
0.0
0.0
0.0
0.0
0.0
0.0
0.0
0.0
0.0
0.0
0.0
0.0
0.0
0.0
0.0
0.0
0.0
-1.16595
0.0
0.0
0.0
1.43158
0.0
0.0
0.0
0.0
-2.22042
0.0
0.0
0.0
0.0
0.0
0.0
0.0
0.0
0.0
0.0
0.0
0.0
0.0
0.0
0.0
0.0
0.0
0.0
0.0
0.0
0.0
0.0
0.0
0.0
0.0
0.0
0.0
0.0
0.0
0.0
0.0
0.0
0.0
0.0
-1.28408
0.0
0.0
0.0
0.791368
0.0
0.0
0.0
0.0
0.0
0.0
0.0
0.0
0.0
0.0
0.0
0.0
0.0
0.0
0.0
0.0
0.0
0.0
1.19567
-1.61125
0.0
0.0
0.0
0.0
0.0
0.0
0.0
0.0
0.0
0.0
0.0
0.0
0.0
0.0
0.0
0.0
0.0
0.0
0.0
0.0
-0.469227
0.0
0.0
0.0
0.0
0.0
0.0
0.0
0.0
0.0
0.0
0.0
0.0
0.0
0.0
0.0
0.0
0.0
0.0
0.0
0.0
0.0
0.0
0.0
0.0
0.0
0.0
0.0
0.0
0.0
-0.757245
0.0
0.0
0.0
0.0
0.0
0.0
0.0
0.0
0.0
0.0
0.0
0.0
0.0
0.0
0.0
0.0
0.0
0.0
0.0
0.0
0.0
0.0
0.0
0.0
0.0
0.0
0.0
0.0
0.0
0.0
0.0
0.0
0.0
0.0
0.0
0.0
0.0
0.0
0.0
0.0
0.0
-0.463883
0.0
0.0
0.0
0.0
0.0
0.0
0.0
0.0
0.0
0.0
0.0
0.0
0.0
0.0
0.0
0.0
0.0
0.0
0.0
0.0
0.0
0.0
0.0
0.0
0.0
0.0
0.0
0.0
0.0
0.0
0.0
0.0
0.0
0.0
0.0
0.0
0.0
0.0
0.0
0.0
0.0
0.0
0.0
0.0
0.0
0.0
1.08747
0.0
0.0
0.0
0.0
0.0
-0.032261
0.0
0.0
0.0
0.0
0.0
0.0
1.88783
0.0
0.0
0.0
0.0
0.0
0.0
-0.261649
1.36929
0.0
0.0
0.0
0.0
0.0
0.0
0.0
0.0
0.0
0.0
0.0
0.0
0.0
0.0
-0.907863
0.0
0.0
0.0
0.0
0.0
0.0
0.0
0.0
0.0
0.0
-1.10654
0.0
0.0
0.0
0.0
0.0
0.0
0.0
0.0
0.0
0.0
0.0
0.0
0.0
0.16299
0.0
0.0
0.0
0.0
0.0
0.0
0.0
0.0
0.0
0.0
0.0
0.0
0.0
0.0
0.0
1.41353
0.0
0.0
0.0
0.0
0.0
0.0
0.0
0.0
0.0
0.0
0.0
0.0
0.0
0.0
0.0
0.0
0.0
0.0
0.0
0.0
0.0
0.0
0.0
0.0
0.0
0.0
0.0
0.0
-0.0564803
0.0
0.0
0.0
0.0
0.0
0.0
0.0
0.0
0.0
-0.935683
0.0
0.0
0.0
0.0
0.0
0.0
0.0
0.0
0.0
0.0
0.0
0.0
0.0
0.0
0.0
0.0
0.0
0.0
0.0
0.0
0.0
0.0
0.0
0.0
0.0
0.0
0.0
0.0
0.0
0.0
0.0
0.0
0.0
0.0
0.0
0.0
0.0
1.99413
0.0
0.0
0.0
0.0
0.0
-0.365942
0.0
0.0
0.0
0.0
0.0
0.0
0.0
0.0
0.0
0.0
0.0
0.0
0.0
0.0
0.0
0.0
0.0
0.0
0.0
0.0
0.0
0.0
0.0
0.0
0.0
0.0
0.0
0.0245607
-0.251254
0.223689
-0.194848
0.331738
-0.147592
0.0575952
0.300339
0.308748
0.141403
0.327558
-0.0887457
-0.0437753
-0.120876
1.26479
-0.13419
0.0670679
0.713412
0.0256863
0.448805
-0.595992
0.463229
-0.140624
-0.0356964
-0.700784
0.0888246
-1.94203
0.0469542
0.00228585
0.0688977
-0.13484
0.0289538
0.200753
0.246852
-1.1659
0.109023
0.0592945
-0.307021
-0.253065
0.0922879
0.156747
0.132121
-0.0843514
0.504405
-0.686389
-0.257561
0.0280208
-0.501634
0.497183
0.0
0.0
0.0
0.0
0.0
0.0
0.0
0.0
0.0
0.0
0.0
0.0
-1.22364
0.0
0.0
0.0
0.0
0.0
-1.24416
0.0
0.0
0.0
0.0
0.0
0.0
0.576117
0.0
0.0
0.0
0.0
0.0
0.0
0.329669
0.0
0.0
-0.208243
0.0
0.0
0.0
0.0
0.0
0.0
0.0
0.0
0.0
0.0
0.0
0.0
0.0
0.0
0.0
0.0
0.0
-0.701628
0.0
0.0
0.0
0.0
0.0
0.0
0.0
0.0
0.0
0.0
0.0
0.0
0.0
0.0
0.0
0.0
0.0
0.0
0.0
0.0
0.0
0.0
0.0
0.0
0.0
0.0
0.0
0.0
0.0
0.0
0.0
0.0
0.0
0.0
0.0
0.0
0.0
0.0
0.0
0.0
0.0
0.0
0.0
0.0128979
0.0
0.0
0.0
0.0
0.0
0.0
0.0
0.0
0.0
-0.74423
0.0
0.0
0.0
0.0
0.0
0.0
0.0
0.0
0.0
0.0
0.0
0.0
0.0
0.0
0.0
0.0
0.0
0.0
0.0
0.0
0.0
0.0
0.0
0.0
0.0
0.0
0.0
0.0
0.0
0.0
0.0
0.0
0.0
0.0
0.0
0.0
1.15009
0.0
0.0
0.0
0.0
0.0
0.0
0.0
0.0
0.0
0.0
0.0
0.0
0.0
0.0
0.0
0.0
0.0
0.0
0.0
0.0
0.0
0.0
0.0
0.0
0.0
0.0
0.0
0.0
0.0
0.0
0.0
0.0
0.0
0.0
0.0
0.0
0.0
0.0
0.0
0.0
0.0
0.0
0.0
0.0
0.0
0.0
0.0
0.0
0.0
0.0
0.0
0.0
0.0
0.0
0.0
0.0
0.0
0.0
0.0
0.0
0.0
0.0
0.0
0.0
0.0
0.0
0.0
0.0
0.0
0.0
0.0
0.0
0.0
0.0
0.0
0.0
0.0
0.0
0.0
0.0
0.0
0.0
0.0
0.0
0.0
0.0
0.0
0.0
0.0
0.0
0.0
0.0
0.0
0.728869
0.0
0.0
0.0
0.0
0.0
0.0
0.0
0.0
0.0
0.0
0.0
0.0786908
0.0
0.0
0.0
0.0
0.0
0.0
0.0
0.0
0.0
0.0
0.0
0.0
0.0
0.0
0.0
0.0
0.0
0.0
0.0
0.0
0.0
0.0
0.0
0.0
0.0
0.0
0.226267
0.0
0.0
0.0
0.0
0.0
0.0
0.0
0.0
0.0
0.0
0.0
0.0
0.0
0.0
0.0
0.0
0.0
0.0
0.0
-0.734246
0.0
0.0
0.0
0.0
-1.88604
0.0
0.0
0.0
0.0
0.0
1.94814
0.0
0.0
0.0
0.0
0.0
0.0
0.0
0.0
0.0
0.0
0.0
0.0
0.0
0.0
0.0
0.0
0.0
0.0
0.0
0.0
0.0
0.0
0.0
0.0
0.0
0.0
0.0
0.0
0.0
0.0
0.0
0.0
-2.66151
0.0
0.0
-0.235755
0.0
0.0
0.0
0.0
0.0
0.0
0.0
0.0
0.0
-1.52908
0.0
0.0
0.0
0.0
0.0
0.0
0.0
0.0
0.0
0.0
0.0
0.0
0.0
0.0
-0.508392
0.0
0.0
0.0
0.0
0.0
0.0
0.0
0.216828
0.0
0.0
0.0
0.0
0.0
0.0
0.0
0.0
0.0
0.0
0.0
0.0
0.0
0.0
0.0
0.0
0.0
0.0
0.0
0.0
0.0
0.0
0.0
0.558779
0.0
0.0
0.0
0.0
0.0
0.0
0.0
0.0
0.37859
0.0
0.0
0.0
0.0
0.0
0.0
0.0
0.0
0.0
0.0
0.0
0.0
0.0
0.0
0.0
0.0
0.0
0.0
0.0
0.0
0.0
0.0
0.0
0.0
0.0
0.0
0.0
0.0
0.0
0.0
0.0
0.0
0.0
0.0
0.0
0.0
0.0
0.0
0.0
0.0
0.0
0.396814
0.0
0.0
0.0
0.0
0.0
0.0
0.0
0.0
0.0
0.0
0.0
0.0
0.0
0.0
0.0
1.78229
0.0
0.0
0.0
0.0
0.0
0.0
0.0
0.0
0.0
0.0
0.0
0.0
0.0
0.0
0.0
0.0
0.0
0.0
0.0
0.0
0.0
0.0
0.0
0.0
0.0
0.0
0.0
0.0
0.0
0.0
-0.740269
0.0291019
-1.4359
0.0
0.0
0.0
0.0
0.0
0.0
0.0
0.33401
0.0
0.0
0.0
0.0
0.0
0.0
0.0
0.0
0.0
0.0
0.0
0.50193
0.0
0.0
0.0
0.0
0.0
0.0
0.0
0.0
0.0
0.0
0.0
0.0
0.0
0.0
0.0
0.0
1.41745
0.0
0.0
0.0
0.0
0.0
0.0
0.0
0.0
0.0
0.0
0.0
0.0
0.0
0.0
0.0
0.0
0.0
0.0
0.0
0.0
0.0
0.0
0.0
0.0
0.0
0.0
0.0
0.0
0.0
0.0
0.0
0.0
0.0
0.0
0.0
0.0
0.0
0.0
-1.02384
0.0
0.0
0.0
0.0
0.0
0.0
0.0
0.0
0.0
0.0
0.0
0.0
0.0
0.0
0.0
0.0
0.0
0.0
0.0
0.0
0.0
0.0
0.0
0.0
0.0
0.0
0.0
-1.14662
0.0
0.0
0.0
0.0
0.0
0.0
0.0
0.0
0.0
0.0
0.0
0.0
0.0
0.0
0.0
0.0
0.0
0.0
0.0
0.0
0.0
0.0
-0.236365
0.0
0.0
0.0
0.0
0.0
0.0
0.0
0.0
0.0
0.0
0.0
0.0
0.0
0.0
0.0
0.0
0.0
0.0
0.0
0.0
0.0
0.0
0.0
0.0
1.68991
0.0
0.0
0.0
0.0
0.0
0.0
0.0
0.0
0.0
0.0
0.0
0.0
0.0
0.0
0.0
0.0
0.0
0.0
0.0
0.0
0.0
0.0
0.0
0.0
0.0
0.0
0.0
0.0
0.0
0.0
0.0
0.0
0.0
0.0
0.0
0.0
0.0
0.0
0.0
0.0
0.0
0.0
0.0
-0.563439
0.0
0.0
0.0
0.0
0.0
0.0
0.0
0.0
0.0
0.0
0.0
0.0
0.0
0.0
0.0
0.0
0.0
0.0
0.0
0.0
0.0
0.0
0.0
0.0
0.0
0.0
0.0
0.0
0.0
0.0
0.0
0.0
0.0
0.0
0.0
0.0
0.0
-0.00351177
0.292964
0.117552
-0.0545844
-0.116339
-0.0357971
-0.00993752
0.0905222
-0.109203
0.450897
0.340674
-0.588515
1.13629
0.118804
-0.084979
-0.0254186
0.0583787
-0.798164
0.0223934
0.35254
1.42051
-0.0643375
0.154363
-0.900292
1.4094
0.405088
1.05534
-0.122377
0.0511106
-0.0296395
-0.0456971
-0.123306
-0.0202821
-0.405973
0.443128
0.03739
0.000908557
-0.243404
-0.205331
-0.329135
0.027898
-0.0576099
-0.0894395
-0.337606
-0.463872
0.115058
-0.211603
0.435176
-0.322001
0.0
0.0
0.0
0.0
0.0
0.0
0.0
0.0
0.0
0.0
0.0
0.0
0.0
0.0
0.0
0.0
0.0
0.0
0.0
0.0
0.0
0.0
0.0
0.0
0.0
0.0
0.0
0.0
0.0
0.0
0.0
0.0
0.957825
0.0
0.0
0.0
0.0
0.0
0.0
0.0
0.0
0.0
0.0347175
0.0
0.0
0.0
0.0
0.0
0.0
0.0
0.0
0.0
0.0
0.0
0.0
0.0
0.0
0.0
0.0
0.0
1.57225
0.310933
0.0
0.0
0.126736
0.0
0.0
0.0
0.0
0.0
0.0
0.0
0.0
0.0
0.0
0.0
0.0
0.0
0.0
0.0
0.0
0.0
0.0
0.0
0.0
0.0
0.0
0.0
0.0
0.0
0.0
0.0
0.0
0.0
0.0
0.0
0.0
0.0
-0.359302
0.0
0.0
0.0
0.0
0.0
0.0
0.0
0.0
0.0
0.0
0.0
0.0
0.0
0.0
0.0
0.0
0.0
0.0
0.0
0.0
0.0
0.0
0.0
0.0
0.0
0.0
-0.158646
0.0
0.0
0.0
0.0
0.0
0.0
0.0
0.0
0.0
0.0
0.0
0.0
0.0
0.0
0.0
0.0
0.0
0.0
-0.238191
0.0
0.0
0.0
-0.774151
0.0
0.0
0.0
0.0
0.0
0.0
0.0
0.0
0.0
0.0
0.0
0.0
0.0
0.0
0.0
0.0
0.0
0.0
0.0
0.0
0.0
1.12755
0.0
0.0
0.0
0.0
0.0
-1.80268
1.10407
0.0
0.0
0.0
0.0
0.0
0.0
0.0
0.0
0.0
0.0
0.0
0.0
0.0
0.0
0.0
0.0
0.0
0.0
0.0
0.0
0.0
0.0
0.0
0.0
0.0
0.0
0.0
0.0
0.0
0.0
0.0
0.0
0.0
0.0
0.0
0.0
0.0
-3.11074
0.0
0.0
0.0
0.0
0.0
0.0
0.0
0.0
0.0
0.412515
0.0
0.0
0.0
0.0
0.0
0.0
0.0
0.0
0.0
0.0
0.0
0.0
0.0
0.0
0.0
0.0
0.0
0.0
0.0
0.0
0.0
0.0
0.0
0.0
0.0
0.0
0.0
0.0
0.0
0.0
0.0
0.0
0.0
0.0
0.0
0.0
0.0
0.0
0.0
0.0
0.0
0.0
0.0
0.0
0.0
0.0
0.0
0.0
0.0
0.0
0.0
0.0
0.0
0.0
0.0
0.0
0.0
-0.251305
0.0
0.0
0.0
0.0
0.0
0.0
0.0
0.0
0.0
0.0
0.0
0.0
0.0
0.0
0.0
0.0
1.54647
-1.44264
0.154831
0.0
0.0
0.0
0.0
0.0
0.0
0.0
0.0
0.0
0.0
0.0
0.0
0.0
0.0
0.0
0.0
0.0
0.0
0.0
0.0
0.0
0.0
0.0
0.0
0.0
0.0
0.0
0.0
0.0
0.0
-1.15417
0.0
0.0
0.0
0.0
0.0
0.0
0.0
0.0
0.0
0.0
0.0
0.0
0.0
0.0
0.0
0.0
0.0
0.0
0.0
0.0
0.0
0.0
0.0
0.0
0.0
0.0
0.0
0.0
0.0
0.0
0.0
0.0
0.0
0.0
0.0
0.0
0.0
0.0
0.0
0.0
0.0
0.0
0.0
0.0
0.0
0.0
0.0
1.79874
0.0
0.0
0.0
0.0
0.0
0.0
0.0
0.0
0.0
0.0
0.0
0.0
-0.401211
0.0
0.0
0.0
0.0
0.0
0.0
0.0
0.0
0.0
0.0
0.0
0.0
0.0
0.0
0.0
0.0
0.0
0.0
0.0
0.0
0.0
0.0
0.0
0.0
0.0
0.0
0.0
0.0
0.0
0.0
0.0
0.0
0.0
0.0
0.0
0.0
0.0
0.0
0.0
0.0
0.0
0.0
0.0
0.0
0.0
0.0
0.0
0.0
0.0
0.0
0.0
0.0
0.0
0.0
0.0
0.0
0.0
0.0
0.0
0.0
0.0
0.0
0.207842
0.0
0.0
0.0
0.0
0.0
0.0
0.0
0.0
0.0
0.0
0.0
0.0
0.0
0.0
0.0
0.0
0.0
0.0
0.0
0.0
-0.387978
0.0
0.0
0.0
0.0
0.0
0.681562
0.0
0.0
0.0
0.0
0.0
0.0
0.0
0.0
0.0
1.17055
0.0
0.0
0.0
0.0
0.0
0.0
0.0
0.0
0.0
0.0
0.0
0.0
0.0
0.0
0.0
0.0
0.0
0.0
0.0
-0.105337
0.0
0.0
0.0
0.0
0.0
0.0
0.0
0.0
0.0
-0.801094
0.0
0.0
0.0
0.0
0.0
0.0
0.0
0.0
0.0
0.0
0.0
0.0
0.0
0.0
0.952926
0.0
0.0
0.267459
0.0
0.0
-0.527244
0.0
0.0
0.0
0.0
0.0
0.0
0.0
0.0
0.0
0.0
0.0
0.0
0.0
0.0
0.0
0.0
0.0
0.0
0.0
0.0
0.0
0.0
0.0
0.0
0.0
0.0
0.0
0.0
0.0
0.0
0.0
0.0
0.0
0.0
0.0
-1.61162
0.0
0.0
0.0
0.0
0.804734
0.0
0.0
0.0
0.0
0.0
0.0
0.0
0.0
0.0
0.0
0.0
0.0
0.0
0.0
0.0
-0.0802273
0.0
0.0
0.0
0.0
0.0
0.0
0.0
0.0
0.0
0.0
0.0
0.0
0.527276
0.0
0.0
0.0
0.0
0.0
0.0
0.0
0.0
0.0
0.0
0.0
0.0
0.0
0.0
0.0
0.0
0.0
0.0
0.0
0.0
0.0
0.0
0.0
0.0
0.0
0.0
0.0
0.0
-1.35237
0.0
0.0
0.0
0.0
0.0
0.0
0.0
0.0
0.0
0.0
0.0
0.0
0.0
0.0
0.0
0.0
0.0
0.0
0.0
0.0
0.0
0.0
0.0
0.0
0.0
0.0
0.0
0.0
0.0
0.0
0.0
0.0
0.0
0.0
0.0
0.0
0.0
0.0
0.0
0.0
0.0
0.0
0.0
0.0
0.0
0.0
0.0
0.0
0.0
0.0
0.0
0.0
0.0
0.0
0.0
0.0
0.0
0.0
0.0
0.0
0.0
0.0
0.0
0.0
0.0
0.0
0.0
0.0
0.0
0.0
0.0
0.0
0.0
0.0
0.0
0.0
0.0
0.0
0.0
0.0
0.0
0.0
0.0
-2.08729
0.0
0.0
0.0
0.0
0.0
0.0
0.0
0.0
0.0
0.0
0.0
0.0
0.0
0.0
0.0
0.0
0.0
0.0
0.0
0.0
0.0
0.0
0.0
0.0
0.0
0.0
0.0
0.0
0.0
0.0
0.0
0.0
0.271729
0.0
0.0
0.0
0.0
0.465831
0.0
0.0
0.0
-0.696967
0.0
0.0
0.0
0.0
0.0
0.0
0.0
0.0
0.0
0.0
0.0
0.0
0.0
0.0
0.0
0.0
0.0
0.0
0.0
0.0
0.0
0.0
0.0
0.0
0.0
0.0
-0.952574
0.0
0.0
0.0
0.0
0.0
-0.863175
0.0
0.0
0.0
0.0
0.0
0.0
0.0
0.0
0.0
0.0
0.0
0.0
0.0
0.0
0.0
0.0
0.0
0.0
0.0
0.0
0.0
0.0
0.0
0.0
0.0
0.0
0.0
0.0
0.0
0.0
0.0
0.0
0.0
0.0
0.0
0.0
0.0
-0.591985
0.0
0.0
0.0
0.0
-0.358535
0.0
0.0
0.0
0.0
0.0
0.0
0.0
0.0
0.0
0.0
-1.60715
0.0
0.0
0.0
0.0
0.0
0.0
0.0
0.0
0.0
0.0
0.0
0.0
0.0
0.0
0.0
0.0
0.0
0.531131
0.0
0.0
0.0
0.0
0.0
0.0
0.0
0.0
0.0
0.0
0.0
0.0
0.0
0.0
0.0
0.0
0.0
0.0
0.0
1.63936
0.0
0.0
1.25734
0.0
0.0
0.0
0.0
0.0
0.0
0.0
0.0
0.0
0.0
0.0
0.0
0.0
0.0
0.0
0.0
1.7855
0.0
0.0
0.0
0.0
0.0
0.0
0.0
0.0
0.0
0.0
0.0
0.0
0.0
0.0
0.0
0.0
0.0
0.0212013
0.0
0.0
0.0
0.0
0.0
0.0
0.0
0.0
0.0
0.0
0.0
0.0
0.0
0.0
0.0
0.0
0.0
0.0
0.0
0.0
0.0
0.0
0.0
0.0
0.0
0.0
0.0
0.0
1.5199
0.0
0.0
0.0
0.0
0.0
0.0
0.0
0.0
0.0
0.0
0.0
0.0
0.0
0.0
0.0
0.0
0.0
0.0
0.0
0.0
0.0
0.0
0.0
0.0
0.0
0.0
0.0
0.0
0.0
0.0
0.0
0.0
0.0
0.0
0.0
0.0
0.0
0.0
0.0
0.0
0.0
0.0
0.0
0.0
0.0
0.0
0.0
0.0
0.0
0.0
0.0
0.0
0.0
0.0
0.0
0.0
0.0
0.0
0.0
0.0
0.0
0.0
0.0
0.0
0.0
0.435823
0.0
-0.509111
0.0
0.0
0.0
0.0
0.0
0.0
0.0
0.0
0.0
0.0
0.0
0.0
0.0
0.0
0.0
0.0
0.0
0.0
0.0
0.0
0.0
0.0
0.0
0.0
0.0
0.0
0.0
0.0
0.0
0.0
0.0
0.611505
0.0
0.0
0.0
0.0
0.0
0.0
0.0
0.0
0.0
0.0
0.0
0.0
0.0
0.0
0.0
0.0
-0.245357
0.0
-1.08816
0.0
0.0
0.0
0.0
0.0
0.0
0.0
0.0
0.0
0.0
0.0
0.0
0.0
0.0
0.0
0.0
0.0
0.0
0.0
0.0
0.0
0.0
0.0
0.0
0.0
0.0
0.0
0.0
0.0
0.0
0.0
0.0
0.0
0.0
0.0
0.0
0.0
0.0
0.0
0.0
0.0
0.0
0.0
0.0
0.0
0.0
0.0
0.0
0.0
0.0
0.0
0.0
0.0
0.0
0.0
0.0
0.0
0.0
0.0
0.0
0.0
0.0
0.0
0.0
0.0
0.0
0.0
0.0
0.0
0.0
0.0
0.0
0.0
0.0
-2.58162
0.0
0.0
0.0
0.0
0.0
0.0
0.0
0.0
0.0
0.0
0.0
0.119345
-0.478154
0.0
0.0
0.0
0.0
0.0
0.0
0.0
0.0
0.0
0.0
0.0
0.0
0.0
0.0
-0.565607
0.0
0.0
0.0
0.0
-2.02428
0.0
0.0
0.0
0.0
0.0
0.0
0.0
0.0
0.0
0.0
0.0
0.0
0.0
0.0
0.0
0.0
0.0
0.0
0.0
0.0
0.0
0.0
2.10485
0.0
0.0
0.0
0.0
0.0
0.0
0.0
0.0
0.0
0.0
0.0
0.0
0.0
0.0
0.0
0.0
0.0
1.95679
0.0
0.0
0.0
0.0
0.0
0.0
0.0
0.0
0.0
0.0
0.0
0.0
0.0
0.0
-2.18086
0.0
0.0
0.0
0.0
0.0
0.0
0.0
0.0
0.0
0.0
1.65978
0.0
0.0
0.0
0.0
0.0
0.0
0.0
0.0
0.0
0.0
0.0
0.0
0.0
0.0
0.0
0.0
0.0
0.0
0.0
-0.046226
0.0
0.0
0.0
0.0
0.0
0.0
0.0
0.0
0.0
0.0
0.0
0.0
0.0
0.0
0.0
0.0
0.0
0.0
0.0
0.0
0.0
0.0
0.0
0.0
0.0
0.0
0.0
0.0
0.0
0.0
0.0
0.0
0.0
0.0
0.0
0.0
0.0
0.0
0.0
0.0
0.0
0.0
0.0
0.0
0.0
0.0
0.0
0.0
0.0
0.0
0.0
0.0
0.0
0.0
0.0
0.0
0.0
0.0
0.0
0.0
0.0
0.0
0.0
0.0
0.0
0.0
0.0
0.0
0.0
0.0
0.0
0.0
0.0
-1.32324
0.0
0.0
-4.11348
0.0
0.0
0.0
0.0
0.0
0.0
0.0
0.0
0.0
0.0
0.0
0.0
0.0
0.0
1.42633
0.0
0.0
0.0
0.0
0.0
0.0
0.0
0.0
0.0
0.0
0.0
0.251096
0.0
0.0
0.0
0.0
0.0
0.0
0.0
0.0
0.0
0.0
0.0
0.0
0.0
0.0
0.0
0.0
0.0
0.0
0.0
0.0
0.0
0.0
0.0
0.0
0.0
0.0
0.0
0.0
0.0
0.0
0.111935
0.693205
0.0
0.0
0.0
-0.47964
0.0
0.0
0.0
0.0
0.0
0.0
0.0
0.0
0.0
0.0
0.0
0.0
0.0
0.0
0.0
0.0621801
0.0
0.0
0.0
0.0
0.0
0.0
0.0
0.0
0.0
1.46442
0.0
0.0
0.0
0.0
0.0
0.0
0.0
0.0
0.0
0.0
0.0
0.0
0.0
0.0
0.0
0.0
0.0
0.0
0.0
0.0
0.0
-1.12517
0.0
0.0
0.0
0.0
0.0
0.0
0.0
0.0
0.0
0.0
0.0
0.0
0.0
0.0
0.0
0.0
0.0
0.0
0.0
0.0
1.31295
-1.41229
0.0
0.0
0.0
0.0
0.0
0.0
0.0
0.0
0.0
0.0
0.0
0.0
0.0
0.0
0.0
0.0
0.0
0.0
0.0
0.0
0.0
0.0
0.0
0.0
0.0
0.0
0.0
0.0
0.0
0.0
0.608182
0.0
0.0
0.0
0.0
0.0
0.0
0.0
0.0
0.0
0.0
0.0
0.0
0.0
-0.942008
0.0
0.0
0.0
0.0
0.0
0.0
0.0
0.0
0.0
0.0
0.0
0.0
0.0
0.0
0.0
0.0
0.0
0.0
0.0
0.0
0.0
0.0
0.0
0.0
0.0
0.0
0.0
0.0
0.0
0.0
0.0
0.0
0.0
0.0
0.0
0.0
0.0
0.0
0.0
0.0
0.0
0.0
0.0
0.0
0.0
0.0
0.0
0.0
0.0
0.0
0.0
0.0
0.0
1.48383
0.0
0.0
0.0
0.0
0.0
0.0
0.0
0.0
0.0
0.0
0.0
0.0
0.0
0.0
0.0
0.0
0.0
0.0
0.0
0.0
0.0
0.40701
0.0
0.0
0.0
0.0
0.0
0.0
1.40386
0.0
0.0
0.0
0.0
0.0
0.0
0.273279
0.0
0.0
0.0
0.0
0.55912
0.0
0.0
0.0
0.0
0.0
0.0
0.0
0.0
0.0
0.0
-1.0612
0.0
0.0
0.0
0.0
0.0
0.0
0.0
0.0
0.0
0.0
0.0
0.0
0.0
0.0
0.0
0.0
-0.210681
0.0
0.0
0.0
0.0
0.0
0.0
0.0
0.0
0.0
0.0
0.0
0.0
0.0
0.0
0.0
0.0
0.0
0.0
0.0
0.0
0.0
0.0
0.0
0.710185
0.0
0.0
0.0
1.00153
0.0
0.0
0.0
0.0
0.0
0.0
0.0
0.0
0.0
0.0
0.0
0.0
0.0
0.0
0.0
0.0
0.0
0.0
0.0
0.0
0.0
0.0
0.0
0.0
0.0
0.0
0.0
0.0
0.0
0.0
0.0
0.0
0.0
0.0
0.0
0.0
-0.62755
0.0
0.0
0.0
0.0
0.0
0.0
0.0
0.0
0.0
0.0
0.0
0.0
0.0
0.0
0.0
0.0
0.0
0.0
0.0
0.0
0.0
0.0
0.0
0.0444829
0.0
0.0
-0.949963
0.0
0.0
0.0
0.0
0.0
0.0
0.0
0.0
0.0
0.0
0.0
0.0
0.0
0.0
0.0
0.0
0.0
-0.749842
-1.41318
0.0
0.0
0.0
0.0
0.0
0.0
0.0
0.0
0.0
0.0
0.0
0.339392
0.0
0.0
0.0
1.20402
0.0
0.0
0.0
0.0
0.0
0.0
0.0
0.0
0.0
0.0
0.0
0.0
0.0
0.0
0.0350116
0.0
0.0
0.0
0.0
0.0
0.0
0.0
0.0
0.0
0.0
0.0
0.0
0.0
0.0
0.0
0.0
0.0
0.0
0.0
0.0
0.0
0.0
0.0
0.0
0.0
0.0
0.0
0.0
0.0
0.0
0.0
0.0
0.0
0.0
0.0
0.0
0.0
0.0
0.0
0.0
0.0
0.0
0.0
0.584601
0.0
0.0
0.0
0.0
0.0
0.0
0.0
0.0
0.0
0.0
0.0
0.0
0.0
0.0
0.0
0.0
0.0
0.0
0.0
0.0
0.0
0.0
0.0
0.0
0.0
-0.0178225
0.0
0.0
0.0
0.0
0.0
0.692576
0.0
0.0
0.0
0.0
0.0
0.0
0.0
0.0
0.0
0.0
0.0
0.0
0.0
0.0
0.0
0.0
0.7583
0.0
0.0
0.0
0.0
0.0
0.0
0.0
0.0
0.0
0.0
0.0
0.0
0.0
0.0
0.0
-0.16441
0.0
0.0
0.0
0.0
0.0
0.0
0.0
0.0
0.0
0.0
0.0
0.0
0.0
0.0
0.0
0.0
0.0
0.0
0.0
0.0
0.0
0.0
0.682898
0.0
0.0
0.0
0.0
0.0
0.0
0.0
-0.190641
0.0
0.0
0.721835
0.0
0.0
0.0
0.0
0.0
0.0
0.0
0.0
0.0
0.0
0.0
0.0
0.550109
0.0
0.0
0.923514
0.0
0.0
0.0
0.0
0.0
0.0
0.0
0.0
0.0
0.0
0.0
0.0
0.0
0.0
0.0
0.0
0.0
0.0
0.0
0.0
0.0
0.0
0.0
0.0
0.0
0.0
0.0
0.0
0.0
0.0
0.0
0.0
0.0
0.0
0.0
0.0
0.0
0.0
0.665605
0.0
0.0
0.0
0.0
0.0
0.0
0.0
0.0
0.0
0.0
0.0
0.0
0.0
0.0
0.0
0.0
0.0
0.0
0.0
0.0
0.0
-1.31834
0.0
0.0
0.0
0.0
0.0
0.0
0.0
0.0
0.0
0.0
0.0
0.0
0.751299
0.0
0.0
0.0
0.0
0.0
0.0
0.0
0.0
0.0
0.0
0.0
0.589309
0.0
0.0
0.0
0.0
0.0
0.0
0.0
0.0
0.0
0.0
0.0
0.0
0.0
0.0
0.0
0.0
0.0
0.0
0.0
0.0
0.0
0.0
0.0
0.0
0.0
0.0
0.0
0.0
0.0
0.0
0.0
0.0
0.0
0.0
0.0
0.0
0.0
0.0
0.0
0.0
0.0
0.0
0.0
0.0
0.162684
0.0
0.0
0.0
0.0
0.0
0.0
0.0
0.0
0.0
0.0
0.465256
0.0
0.0
0.0
0.0
0.0
0.0
0.0
0.0
-1.86185
0.0
0.0
0.0
0.0
0.0
0.0
0.0
0.0
0.0
0.0
0.0
0.0
0.0
0.0
0.0
0.0
1.15781
0.0
0.0
0.0
0.0
0.0
0.0
0.0
0.0
0.0
0.0
0.0
0.0
0.0
0.0
0.0
0.0
0.0
0.0
0.0
0.0
0.0
0.0
0.0
0.0
0.0
0.0
0.0
0.0
0.0
0.0
0.0
0.0
0.0
0.0
0.0
0.0
0.0
-0.543609
0.0
0.0
0.0
0.0
0.0
0.0
0.0
0.0
0.0
0.0
0.0
0.0
0.0
0.0
0.0
0.0
0.0
0.0
0.0
-0.664791
0.0
0.0
0.0
0.0
0.0
0.0
0.0
0.0
0.0981523
0.0
0.0
0.0
0.0
0.0
0.0
0.0
0.0
0.0
-1.03171
0.0
0.0
0.0
0.0
0.0
0.0
0.0
0.0
0.0
0.0
0.0
0.0
0.0
0.0
0.0
0.0
0.0
0.0
0.0
0.0
0.0
0.0
0.0
0.0
0.0
0.0
1.69964
0.0
0.0
0.0
0.0
0.0
0.0
0.0
-2.30089
0.0
0.0
0.0
0.0
0.0
0.0
0.0
0.0
0.0
0.0
0.0
0.0
0.0
0.0
0.0
0.0
0.0
0.0
0.0
0.0
0.0
0.0
0.0
0.0
0.0
0.0
0.0
0.0
0.0
0.0
0.0
0.0
0.0
0.0
0.0
0.0
0.0
0.0
0.0
0.0
0.0
0.0
0.0
0.0
-0.817548
0.0
0.0
0.0
0.0
0.0
0.0
0.0
0.0
0.0
0.0
0.0
0.932005
0.0
0.0
0.0
0.0
0.0
0.0
0.0
0.0
0.00291655
0.0
0.0
0.0
0.0
0.0
0.0
0.0
0.0
0.0
0.0
0.0
0.0
0.0
0.0
0.0
0.0
0.0
0.0
0.0
0.0
0.0
0.0
0.0
0.0
0.0
0.0
0.0
0.0
0.0
0.0
0.0
0.0
0.0
0.0
0.0
0.0
0.0
0.0
0.0
0.0
0.0
0.0
0.0
0.0
0.0
0.0
0.0
0.0
0.0
0.0
0.0
0.0
0.0
0.0
0.0
-2.43799
0.0
0.0
0.0
0.0
0.0
0.0
0.0
0.0
0.0
0.0
0.0
0.0
0.0
0.0
0.0
0.0
0.0
0.0
0.0
0.0
0.0
0.0
0.0
0.0
0.0
0.0
0.0
0.0
0.0
0.0
0.0
0.0
0.0
0.0
0.0
0.0
0.0
0.0
0.0
0.0
-0.592597
0.0
0.0
0.0
0.0
0.0
0.0
0.0
0.0
0.0
0.0
0.0
0.0
0.0
0.0
0.0
-0.160276
0.0
0.0
0.0
0.0
-0.876615
0.0
0.0
0.0
0.0
0.0
0.0
0.0
0.0
-0.805303
0.0
0.0
0.0
0.0
0.0
0.0
0.0
0.0
0.0
0.0
0.0
0.0
0.0
0.0
0.0
0.0
0.0
0.0
0.0
0.0
0.0
1.50929
0.34382
0.0
0.0
0.0
0.0
0.0
0.0
0.0
0.0
0.0
0.0
0.0
0.0
0.0
0.0
0.0
0.0
0.0
0.0
0.0
0.0
0.0
0.0
0.0
0.0
0.0
0.0
0.0
0.0
0.0
0.0
0.0
0.0
0.0
0.0
0.0
0.0
0.0
0.0
0.0
0.0
0.0
0.0
0.0
0.0
0.0
0.0
0.0
0.0
0.0
0.0
0.0
0.0
0.0
0.0
0.0
0.0
0.0
0.0
0.0
0.0
0.0
0.0
1.30692
0.0
0.0
0.0
0.0
0.0
0.0
0.0
-0.41577
0.0
0.0
0.0
0.0
0.0
0.0
0.0
-1.2896
0.0
0.0
0.0
0.0
0.0
-0.207166
0.0
0.0
0.0
0.490304
0.0
0.0
0.0
0.0
0.0
0.0
0.0
0.0
0.0
0.0
0.0
0.0
0.989499
0.0
0.0
0.0
0.0
0.0
0.0
0.0
0.0
0.0
0.0
0.0
0.0
0.0
0.0
0.0
0.0
0.0
0.0
0.0
0.0
0.0
0.0
0.0
0.0
0.0
0.0
0.0
0.0
0.0
0.0
0.0
0.0
0.0
0.0
0.0
0.0
0.0
0.0
0.0
0.0
0.0
0.0
0.0
0.0
0.0
0.0
0.0
0.0
0.0
0.0
0.0
0.0
0.0
0.0
0.0
0.0
0.0
0.719502
0.0
0.0
0.0
0.0
0.0
0.0
0.0
0.0
0.0
0.0
0.0
0.0
0.0
0.0
0.0
0.0
0.0
0.0
0.0
0.0
0.0
0.0
-0.3664
0.0
0.0
0.0
0.0
0.0
0.0
0.0
0.0
0.0
0.0
0.0
0.0
0.0
0.0
0.0
0.0
0.0
0.521779
0.0
0.0
0.0
0.0
0.0
0.0
0.0
0.0
0.0
0.0
0.0
0.362701
0.0
0.0
0.0
0.0
0.0
0.0
0.0
0.0
0.0
0.0
0.0
0.0
0.0
0.0
0.0
0.0
0.0
0.0
0.0
0.0
0.0
0.0
0.0
0.0
0.0
0.0
0.0
0.0
0.0
0.0
0.0
0.0
0.0
-0.762611
0.0
0.0
0.0
0.0
0.0
0.0
0.0
0.0
0.0
0.0
0.0
0.0
0.0
0.0
0.0
0.0
0.0
0.0
0.868165
0.0
0.0
0.0
0.0
0.0
0.0
0.0
0.0
0.0
0.0
0.0
0.0
0.0
0.0
0.0
0.0
0.0
0.0
0.0
0.0
0.0
0.0
0.0
0.0
0.0
0.0
0.0
0.0
0.0
2.15477
0.0
0.0
0.0
0.0
0.0
0.0
0.0
0.0
0.0
0.0
0.0
0.0
0.0
0.0
0.0
0.759772
-0.0992087
0.0
0.0
0.0
0.0
0.0
0.0
0.0
0.0
0.0
0.0
0.0
0.0
2.46853
0.0
0.0
0.0
0.0
0.0
0.0
0.0
0.0
0.0
0.0
0.0
0.0
0.0
0.0
0.0
0.0
0.0
0.0
0.0
0.0
0.0
0.0
0.0
0.0
0.0
0.0
0.0
0.0
0.0
0.0
0.0
0.0
0.0
0.0
0.0
0.0
0.0
0.0
0.0
0.0
1.02679
0.0
0.0
0.0
0.0
0.0
0.0
0.0
0.0
0.0
0.0
0.0
0.0
0.0
0.0
0.0
0.0
0.0
0.0
0.0
0.0
0.0
0.0
0.0
0.0
0.0
0.0
0.0
0.0
0.0
0.0
0.0
0.0
0.0
0.0
0.0
0.0
0.0
0.0
0.0
0.0
0.0
0.0
0.0
0.0
0.0
0.940723
0.0
0.0
0.0
1.42111
0.0
0.0
0.0
0.0
0.0
0.0
0.0
0.0
0.0
0.0
0.0
0.0
0.0
0.0
-0.287479
0.0
0.0
0.0
0.0
0.0
0.0
0.0
0.0
0.0
0.0
-1.03271
0.0
0.0
0.0
0.0
0.0
0.0
0.0
0.0
0.0
0.0
0.0
0.0
0.0
0.0
0.0
0.0
0.0
-2.22631
0.0
0.0
0.0
0.0
0.0
0.0
0.0
0.0
0.0
0.0
0.0
0.0
0.0
0.0
0.0
0.0
0.0
0.0
0.0
0.0
0.0
0.0
0.0
0.0
0.0
0.0
0.0
0.0
0.0
0.0
0.0
0.0
0.0
0.0
0.0
0.0
0.0
0.0
0.0
0.0
0.0
0.0
0.0
0.0
0.0
0.0
0.0
0.0
0.0
0.0
0.0
0.0
0.0
0.0
0.0
0.0
0.0
0.0
0.0
0.0
0.0
0.0
0.0
0.0
0.0
0.0
0.0
0.0
0.0
-1.62803
0.0
0.0
0.0
0.0
0.0
0.0
0.0
0.0
0.0
0.0
0.0
0.0
0.0
0.0
0.0
0.0
0.0
0.0
0.0
0.0
0.0
0.0
0.0
0.0
0.0
0.0
0.0
0.0
0.0
0.0
0.0
0.0
0.0
0.0
0.0
0.0
0.0
0.0
0.0
0.0
0.0
0.0
0.0
0.0
0.0
0.0
0.0
0.0
0.0
0.0
0.0
0.0
0.0
0.0
0.0
0.0
0.0
0.0
0.0
0.0
0.0
0.0
0.0
0.0
0.0
0.0
0.0
0.0
0.0
0.0
0.0
0.0
0.0
0.0
0.0
0.0
0.0
0.0
0.0
0.0
0.0
0.0
0.0
0.0
0.0
0.0
0.0
0.0
0.0
0.0
0.0
0.0
0.0
0.0
0.0
0.0
0.0
0.0
0.0
0.0
0.0
0.0
0.0
0.0
0.0
0.0
0.0
0.0
0.0
0.0
0.0
0.0
0.0
0.0
0.0
0.0
0.0
0.0
0.0
0.0
0.0
0.0
0.0
0.0
0.0
0.0
0.0
0.0
0.0
0.0
0.0
0.0
0.0
0.0
0.0
0.0
0.0
0.0
0.0
0.0
0.0
0.0
0.0
0.0
0.0
0.0
0.0
0.0
0.0
0.0
-3.78557
0.0
0.0
0.0
0.0
0.0
0.0
-0.408597
-0.691006
0.0
0.0
-0.0479187
0.0
0.0
0.0
0.0
0.0
0.0
0.0
0.0
0.0
0.0
0.0
0.0
-1.12078
0.0
0.0
0.0
-0.248183
0.0
0.0
0.0
0.0
0.0
0.0
0.0
0.0
0.0
0.0
0.0
0.0
0.0
0.0
0.0
-1.50625
0.0
0.0
0.0
0.0
0.0
0.0
0.0
0.0
0.0
0.0
0.0
0.0
0.0
0.0
0.0
0.0
0.0
0.0
0.0
0.0
0.0
0.0
0.0
0.0
0.0
0.0
0.0
0.0
0.0
0.0
0.0
0.0
0.0
0.0
0.0
0.0
0.0
0.0
0.0
0.0
0.0
0.0
0.0
0.0
0.0
0.0
0.0
0.0
0.0
0.0
0.0
0.0
0.0
0.0
0.0
0.0
0.0
0.0
0.0
0.0
0.0
0.0
0.0
0.0
0.0
0.0
0.0
0.0
0.0
0.0
0.0
0.0
0.0
0.0
0.0
0.0
0.0
0.0
0.0
0.0
0.0
0.0
0.0
0.0
0.0
0.0
1.91825
0.0
0.0
0.0
0.0
0.0
0.0
-0.702599
1.37717
0.0
0.0
0.0
0.0
0.0
0.0
0.0
0.0
0.0
0.0
0.0
0.0
0.0
0.0
0.0
0.0
0.0
0.0
0.0
0.0
0.0
0.0
0.0
1.45428
0.0
0.0
0.0
0.0
0.0
0.0
0.0
0.0
0.0
0.0
0.0
0.0
0.0
0.0
0.0
0.0
0.0
0.0
-0.588804
0.0
0.0
0.0
0.0
0.0
0.0
0.0
0.0
0.0
0.0
0.0
0.0
0.0
0.0
0.0
0.0
0.0
0.0
0.0
0.0
0.0
0.0
0.0
0.0
0.0
0.0
0.0
0.0
0.0
0.0
0.0
0.0
0.0
0.0
0.0
0.0
0.0
0.0
0.0
0.0
0.0
0.0
0.0
0.0
0.0
0.0
0.0
0.0
0.0
0.0
0.0
0.0
0.0
0.0
0.0
0.0
0.0
0.0
0.0
0.0
0.0
0.0
0.0
0.0
0.0
0.0
0.0
0.0
0.0
0.0
0.0
0.0
0.0
0.0
0.0
0.0
0.0
0.0
0.0
0.0
0.0
0.0
0.0
0.0
0.0
0.0
0.0
0.0
0.0
0.0
0.0
0.0
0.0
0.0
0.0
0.0
-0.243038
0.0
0.0
0.0
0.0
0.0
0.0
0.0
0.0
0.0
0.0
0.0
0.0
0.0
0.0
0.0
0.0
0.0
0.0
0.0
0.0
0.0
0.0
0.0
0.0
0.0
0.0
0.0
0.0
0.0
0.0
-0.843108
0.0
0.0
0.0
0.0
0.0
0.0
0.0
0.0
0.0
0.0
0.0
0.0
0.0
0.0
0.0
0.0
0.0
0.27752
0.0
0.0
0.0
0.0
-1.10411
0.0
0.0
0.0
0.0
0.0
0.0
0.0
0.0
0.0
0.0
0.0
0.0
0.0
0.0
0.0
0.0
0.0
0.315728
0.0
0.0
0.0
0.0
0.0
0.0
-1.07199
0.0
0.0
0.0
0.0
0.0
0.0
0.0
0.0
0.0
0.0
0.0
0.0
0.0
0.0
0.0
0.0
0.0
0.0
0.0
0.0
0.0
0.0
0.0
0.0
0.0
0.508223
0.0
0.0
0.0
0.0
0.0
0.0
0.0
0.0
0.0
0.0
0.0
0.0
0.0
0.0
0.0
0.0
0.0
0.0
0.0
0.0
0.0
0.0
0.0
0.0
0.0
0.0
0.0
0.0
0.0
0.0
0.0
0.0
0.0
0.0
0.0
0.0
0.0
0.0
0.0
0.0
0.0
0.0
0.0
0.0
0.0
0.0
0.0
0.0
0.0
0.0804168
0.0
0.0
0.0
0.0
0.0
0.0
0.0
0.0
0.0
0.0
0.0
0.0
0.0
0.0
0.0
0.0
0.0
0.0
0.0
0.0
0.0
0.0
0.0
0.0
0.0
0.0
0.0
0.0
-0.237278
0.0
0.0
0.0
1.24449
0.0
0.0
0.0
0.0
0.0
0.0
0.0
0.0
0.0
0.0
0.0
0.0
0.0
0.0
0.0
0.0
0.0
0.0
0.0
0.0
0.0
0.0
0.0
0.0
-1.44228
0.0
0.0
0.0
0.0
0.0
0.0
0.0
0.0
0.0
0.0
0.0
0.0
0.0
0.0
0.0
0.0
0.0
0.0
0.0
0.0
0.0
0.0
0.0
0.0
0.0
0.0
0.0
0.0
0.0
0.0
0.0
0.0
0.0
0.0
0.0
0.0
0.0895638
0.0
0.0
0.0
-0.959708
0.0
0.0
0.0
0.0
0.0
0.0
0.0
0.0
0.0
0.0
0.0
0.0
0.0
0.0
0.0
0.0
0.0
0.0
0.0
0.0
0.0
0.0
0.0
0.0
0.0
0.0
0.0
0.0
0.0
0.118523
0.0
0.0
0.0
0.0
0.0
0.0
0.0
0.0
0.0
0.0
0.0
0.0
0.0
0.0
0.0
0.0
0.0
0.0
0.0
0.0
0.0
-0.0694025
0.0
0.0
0.0
0.0
0.0
0.0
0.0
0.0
0.0
0.0
0.0
0.0
0.0
0.0
0.0
0.0
0.0
0.0
0.0
0.0
0.0
0.0
0.0
0.0
-1.58892
0.0
0.0
0.0
0.0
0.0
0.0
0.0
0.0
0.0
0.0
0.0
0.0
0.0
0.0
0.0
0.0
0.0
0.0
0.0
0.0
0.0
0.0
0.0
0.0
0.0
0.0
0.0
0.0
0.0
0.0
0.0
0.0
0.0
0.0
0.0
0.0
0.0
0.0
0.0
0.0
0.0
0.0
0.0
0.0
0.0
0.0
0.0
0.585215
2.01887
0.0
0.0
0.0
0.0
0.0
0.0
0.0
0.0
0.0
0.0
0.0
0.0
0.0
0.0
0.0
0.0
0.0
0.0
0.0
0.0
0.0
0.0
0.0
0.0
0.0
0.0
0.0
0.0
0.0
0.0
0.0
0.0
0.0
0.0
0.0
0.0
0.0
0.0
0.0
-1.0293
0.0
0.0
0.0
0.0
0.0
0.0
0.0
0.0
0.0
0.0
0.0
0.0
0.0
0.0
0.0
0.0
0.0
0.0
0.0
0.0
0.0
0.0
0.0
0.0
0.235285
0.0
0.0
0.0
0.1839
0.0
0.0
0.0
0.0
0.0
0.0
0.0
0.0
0.0
0.0
0.0
0.0
0.0
0.0
0.0
0.0
0.0
0.0
0.0
0.0
0.0
0.0
0.0
0.0
0.0
0.0
0.0
-2.39438
0.0
-0.68367
0.0
0.0
0.0
0.0
0.0
0.0
0.0
0.0
0.0
0.0
0.0
0.0
0.0
0.0
0.0
0.0
0.0
0.0
0.0
0.0
0.0
0.0
0.0
0.0
0.0
0.0
0.0
0.0
0.0
0.0
0.0
0.0
0.0
0.0
0.0
0.0
0.0
0.0
0.0
0.0
0.0
0.0
0.0
0.0
0.0
0.0
0.0
0.0
0.0
0.0
0.0
0.0
0.0
0.0
-1.46965
0.0
0.0
0.0
0.0
0.0
0.0
0.0
0.0
0.131291
0.0
0.0
1.45861
0.0
0.0
0.0
0.0
0.0
0.0
0.0
0.0
0.0
0.0
0.0
0.0
0.0
0.0
0.0
0.0
0.0
0.0
0.0
0.0
0.0
0.0
0.0
0.0
0.0
0.0
0.0
0.0
0.0
0.0
0.0
-0.0499928
0.0
0.0
0.0
0.0
0.0
0.0
0.0
0.0
0.0
0.0
0.0
0.0
0.0
0.0
0.0
0.0
0.0
0.0
0.0
0.0
0.0
-1.682
0.0
0.0
0.0
0.0
0.0
0.0
0.0
0.0
-0.455602
0.0
0.0
0.0
0.0
0.0
0.0
0.0
0.0
0.0
0.0
-0.359612
0.0
0.0
0.0
0.0
0.0
0.0
0.0
0.0
0.0
0.0
0.0
0.0
0.0
0.0
0.0
0.0
0.0
0.0
0.0
0.0
0.0
0.0
0.0
0.0
0.0
0.0
0.0
0.0
0.0
0.0
0.0
1.71477
0.0
0.0
0.0
0.0
0.0
0.0
0.0
0.0
0.0
0.0
0.0
0.0
0.0
0.0
0.0
-0.0135637
0.0
0.0
0.0
0.0
0.0
0.0
0.0
0.0
0.0
0.0
0.0
0.0
0.0
0.0
0.0
0.0
0.0
0.0
0.0
0.0
0.0
0.0
0.0
-0.365726
0.0
0.0
0.0
0.0
0.0
0.0
0.0
0.0
0.0
0.0
0.0
0.0
0.0
0.0
0.0
0.0
0.0
0.0
0.0
0.0
0.0
0.0
-1.02341
0.0
0.0
0.0
0.0
0.0
0.0
0.0
0.0
0.0
0.0
0.0
0.0
0.0
0.0
0.0
0.0
0.0
0.0
0.0
0.0
0.0
0.0
0.0
0.0
0.0
0.0
0.0
0.0
0.0
0.0
0.0
0.0
0.0
0.0
0.0
0.0
0.0
0.0
0.0
0.0
0.0
0.355921
0.0
0.0
0.0
0.0
0.0
0.0
0.0
0.0
0.0
0.0
0.0
0.0
0.0
0.0
0.0
0.0
0.0
1.04144
0.0
0.0
0.0
0.0
0.0
0.0
0.0
0.0
0.0
0.0
0.0
0.672257
0.0
0.0
0.0
0.0
0.0
0.0
0.0
0.0
0.0
0.0
0.0
0.0
0.0
0.0
0.0
0.0
0.0
0.0
0.0
0.0
0.0
0.0
0.0
0.0
0.387907
0.0
0.0
0.0
0.0
0.0
0.0
0.0
0.0
0.0
0.0
0.0
0.0
0.0
0.0
0.0
0.0
0.0
0.0
0.0
0.0
0.0
0.0
0.0
0.0
0.0
0.0
0.0
0.0
0.0
0.0
0.0
0.0
0.0
0.0
0.0
0.0
0.0
0.0
-0.0145758
-0.192418
-0.311763
0.574007
-0.866976
0.342877
-0.163922
0.143176
0.211598
0.0404346
-0.110688
-0.157917
0.195319
-0.0776332
0.131091
0.109771
-0.194832
-0.352416
-0.139018
0.282042
-0.348636
-0.294963
-0.883287
0.142021
-0.0474107
-0.100418
-0.403219
0.119254
0.00135322
0.0550541
-0.182759
0.089388
-0.0420875
-0.235489
0.0123161
0.00376174
-0.0351267
-0.327206
0.297285
0.0180881
-0.138177
-0.0160674
0.145742
0.000364464
-0.678019
-0.377888
0.406156
-0.173535
0.445136
0.0
0.0
0.0
0.0
0.0
0.0
0.0
0.0
0.0
0.0
0.0
0.0
0.0
0.0
0.0
0.0
0.0
0.0
0.0
0.0
0.0
0.0
0.0
0.0
0.0
0.0
0.0
0.0
0.0
0.0
0.0
0.0
0.0
0.0
0.0
0.0
0.0
0.0
0.0
0.0
0.0
0.0
0.0
0.0
0.0
0.0
0.0
0.0
0.0
0.0
0.0
0.0
-2.18937
-0.27694
0.0
0.0
0.0
0.0
0.0
0.0
0.0
0.0
0.0
0.0
0.0
0.0
0.0
0.0
0.0
0.0
0.0
0.0
0.0
0.0
0.0
0.0
0.0
0.0
0.0
0.0
0.0
0.0
0.0
0.0
0.0
0.0
0.0
0.0
0.0
0.0
0.0
0.0
0.0
0.0
0.0
-1.47358
0.0
0.0
0.0
0.0
0.0
0.0
0.0
0.0
0.0
0.0
0.0
0.0
0.0
0.0
0.0
0.0
0.0
0.0
0.0
0.0
0.0
0.0
0.0
0.0
0.0
0.0
0.0
0.0
0.0
0.0
0.0
0.0
0.0
0.0
0.0
0.0
0.0
0.0
0.0
0.0
0.0
0.0
0.0
0.0
0.0
0.0
0.0
0.0
0.0
0.0
0.0
0.0
0.0
0.0
0.0
0.0
0.0
0.0
0.0
0.0
0.0
0.0
0.0
0.0
0.0
0.0
0.0
0.0
0.0
0.0
0.0
0.0
0.0
0.0
0.0
0.0
0.0
0.0
0.0
0.0
0.0
0.0
0.0
0.0
0.0
0.0
0.0
0.0
0.0
0.0
0.0
0.0
0.0
0.0
0.0
0.797431
0.0
0.0
0.0
0.0
0.0
0.0
0.0
0.0
0.0
0.0
0.0
0.0
0.0
0.0
0.0
0.0
0.0
0.0
0.0
0.0
0.0
0.0
0.0
0.0
0.0
0.0
0.0
0.0
0.0
0.0
0.0
0.0
0.0
0.129624
0.0
0.0
0.0
0.0
0.0
0.0
0.0
0.0
0.0
0.0
0.0
0.0
0.0
0.0
-0.597786
0.0
0.0
0.0
0.0
0.0
0.0
0.0
0.0
0.0
0.0
0.790057
-0.477507
0.0
0.0
0.0
0.0
0.0
0.0
0.0
0.0
0.0
0.0
0.0
0.0
0.0
0.0
0.0
0.0
0.0
0.0
0.0
0.0
0.0
0.0
0.0
0.0
0.0
0.0
0.0
0.0
0.0
0.0
0.0
0.0
0.0
0.0
0.0
0.0
0.0
0.0
0.0
0.0
0.0
0.0
0.0
0.0
0.0
0.0
0.0
0.0
0.0
0.0
0.0
0.0167388
0.0
0.0
0.0
0.0
0.0
0.0
0.0
0.0
0.0
0.0
0.0
0.0
0.0
0.0
0.0
0.0
0.0
0.0
0.0
0.0
0.0
0.0
0.0
0.0
0.0
0.0
0.0
-0.978787
0.0
0.0
0.0
0.0
0.0
0.0
0.0
0.0
0.0
0.0
0.0
0.0
0.0
0.0
0.0
0.0
0.0
0.0
0.0
0.0
0.0
0.0
0.0
0.0
0.0
0.0
0.0
0.0
0.0
0.0
0.0
0.0
0.0
0.0
0.0
0.0
0.0
0.0
0.0
0.0
0.0
0.0
0.0
0.0
0.0
0.0
0.0
0.0
0.0
0.0
0.0
0.0
0.0
0.0
0.328897
0.0
0.0
0.0
0.0
0.0
0.0
0.439328
0.0
0.0
0.0
0.0
0.0
0.0
0.0
0.0
0.0
0.0
0.0
0.0
0.0
0.0
0.0
0.0
0.0
0.0
0.0
0.0
0.0
0.0
0.0
0.0
0.0
0.0
0.0
0.0
0.0
0.0
0.0
0.0
0.0
0.0
0.0
0.0
0.0
0.0
0.0
0.560839
0.0
0.0
0.0
0.0
0.0
0.0
0.0
0.0
0.0
0.0
0.0
0.0
0.0
0.0
0.0
0.0
0.0
0.0
0.0
0.0
0.0
0.0
0.0
0.0
-1.32168
0.0217882
0.0
1.10023
0.0
0.0
0.0
1.16575
0.0
0.0
0.0
0.0
0.0
0.0
0.0
0.0
0.0
0.0
0.0
0.0
0.0
0.0
0.0
0.0
0.0
0.0
0.0
0.0
0.0
0.0
0.0
0.0
0.0
0.0
0.0
0.0
0.0
0.0
0.0
0.0
0.0
0.0
0.0
0.0
0.0
0.0
0.0
0.0
0.0
0.0
0.0
0.0
0.0
0.0
0.0
0.0
0.0
0.0
0.0
0.0
0.0
0.0
0.0
0.0
0.0
0.0
0.0
0.0
0.0
0.0
0.0
-0.218628
0.0
0.0
0.0
0.0
0.0
0.0
0.0
-0.52865
0.00486362
0.339483
0.0751483
-0.018924
-0.0786813
-0.0968173
0.702172
0.179304
0.330796
0.0997186
0.14595
0.0514223
0.223019
-0.0769832
-0.160818
0.0281376
0.130211
-0.357026
-0.0299956
0.653094
-0.845093
0.0765604
0.0454219
-0.0400718
0.196242
0.118321
0.630491
0.0867364
0.0639773
-0.0433375
0.256179
-0.0274045
-0.00999082
-0.340307
-0.744689
0.0534717
0.0142877
0.703869
0.127403
0.200505
0.00472553
-0.118397
-0.0519862
-0.357112
-0.0732042
-0.255799
0.122274
0.0333071
0.177066
0.0
-0.189503
-0.767539
0.0
0.0
0.0
0.0
-0.0569907
0.0
0.0
0.0
0.0
0.274087
0.0
0.0
0.0
0.0
0.0
0.0
0.0
0.0
0.0
0.0
0.0
0.0
0.0
0.0
0.0
0.0
0.0
0.184683
0.0
0.0
0.0
0.0592414
0.111849
0.0
0.0
0.0
0.0
0.0
0.0
0.0
0.0
0.0
0.0
0.0
0.0
0.0
0.0
0.811816
0.0
0.0
0.0
0.0
0.0
0.0
0.0
0.0
0.0
0.0
0.0
0.0
0.0
0.0
0.0
0.0
0.0
0.0
0.0
0.0
0.0
0.0
0.0
0.0
-0.72156
0.0
0.0
0.0
0.0
0.0
0.0
0.0
0.0
0.0
0.0
0.0
0.0
0.0
0.0
0.0
0.0
0.0
0.0
0.0
0.0
0.0
0.0
0.0
0.0
0.0
0.0
0.0
0.0
0.0
0.0
0.0
0.0
0.0
0.0
0.0
0.0
0.0
0.0
0.0
0.0
0.0
0.0
0.0
0.0
0.0
0.0
0.0
0.0
0.0
0.0
0.0
0.0
0.0
0.0
0.0
0.0
0.0
0.0
0.0
0.0
0.0
0.0
0.0
0.0
0.0
0.0
0.0
0.0
0.0
0.0
0.0
0.0
0.0
0.0
0.0
0.0
1.45352
0.0
0.0
0.0
0.0
0.0
0.0
0.0
0.0
0.0
0.0
0.0
0.0
0.0
0.0
0.0
0.0
0.0
0.0
0.0
0.0
0.0
0.0
0.0
0.0
0.0
0.0
0.0
0.0
0.0
0.0
0.0
0.0
0.0
-0.472121
0.0
0.0
0.0
0.0
0.0
0.0
0.0
-0.161776
0.0
0.0
0.0
0.0
0.0
0.0
0.0
0.0
0.0
0.0
0.0
0.0
0.0
0.0
0.0
0.0
0.0
0.0
0.0
0.0
0.0
0.0
0.0
0.0
0.0
0.0
0.0
0.0
0.0
0.0
-0.562378
0.0
0.0
0.0
-0.363031
0.0
0.0
0.0
0.0
0.0
0.0
0.0
0.0
0.0
0.0
0.0
0.0
0.0
0.0
0.0
0.0
0.0
0.0
0.0
2.47091
0.0
0.0
0.0
0.0
0.0
0.0
0.0
0.0
0.0
0.0
0.0
0.0
0.0
0.0
0.0
0.0
0.0
0.0
0.0
0.0
0.0
0.0
0.0
0.0
0.0
0.0
0.0
0.0
0.0
0.0
-0.900925
0.0
0.0
0.0
0.0
0.0
0.0
0.0
0.0
0.0
0.0
0.0
0.0
0.0
0.0
0.0
0.0
0.0
0.0
0.0
0.0
0.0
0.0
0.0
0.0
0.0
0.0
0.0
0.0
0.0
0.0
1.52821
0.0
0.0
0.0
0.0
0.0
0.0
0.0
0.0
0.0
0.0
0.0
0.0
0.0
0.0
0.0
0.0
0.0
0.0
0.0
0.0
0.0
0.0
0.0
0.0
0.0
0.0
0.0
0.0
0.790027
0.0
0.0
0.0
0.0
0.0
-0.251892
0.0
0.0
0.0
-1.03569
0.670234
0.0
0.158934
0.0
0.0
0.0
0.0
0.0
0.0
0.0
-0.726638
0.0
-0.132552
0.0
0.0
0.0
0.0
0.0
0.0
0.0
0.0
0.0
0.0
0.0
0.0
0.0
0.0
0.0
0.0
-0.24618
-0.125537
0.0
0.0
0.0
0.0
0.89922
-1.02784
0.0
0.0
0.0
0.0
0.0
0.0
0.0
0.0
0.0
0.0
0.0
0.0
0.0
0.0
0.0
0.0
0.0
0.0
0.0
0.0
0.0
0.0
-0.342383
-0.609923
0.0
0.0
0.0
0.776879
0.0
0.0
0.0
0.0
2.50806
0.0
0.0
0.0
0.0
-1.53957
0.0
0.0
0.0
-0.224193
0.0
0.0
0.0
0.0
0.0
0.0
0.0
0.0
1.23468
0.0
0.0
0.0
0.0
0.0
0.0
0.0
0.0
0.0
0.0
0.0
0.0
-0.560738
0.0
0.0
0.0
0.0
0.0
0.0
0.0
0.0
0.0
0.0
0.0
-0.121791
0.0
0.0
0.0
0.0
0.0
0.0
0.0
0.0
0.0
0.0
0.0
0.0
0.0
-0.650349
0.0
0.0
0.0
0.0
0.0
0.0
0.0
0.0
0.844083
0.0
0.0
2.32857
0.0
0.0
0.0
0.0
0.0
0.0
0.0
-0.180944
0.0
0.0
0.0
0.0
0.0
0.0
0.0
0.0
0.0
0.0
0.0
0.0
0.0
0.0
0.0
0.0
0.0
0.0
0.0
0.0
0.0
0.0
0.0
0.0
0.0
0.0
0.0
0.0
0.0
0.0
0.0
0.0
0.0
0.0
0.0
0.0
0.0
-0.279112
0.0
0.0
0.0
0.0
0.0
-0.871477
0.0
0.0
0.0
0.0
0.0
0.0
0.0
0.0
0.0
0.0
0.0
0.0
0.0
0.0
0.0
0.0
0.0
0.0
0.0
0.0
0.0
0.0
0.0
0.0
-1.61077
0.0
0.0
0.0
0.0
0.0
1.65438
0.0
0.0
0.0
0.0
0.0
0.0
-1.0951
0.0
0.0
0.0
0.0
-0.542439
0.0
0.0
0.0
0.0
0.0
1.80638
0.0
0.0
0.0
0.0
0.0
0.0
0.0
1.32227
0.0
0.0
0.0
0.0
0.0
0.0
0.0
0.0
0.0
0.0
0.0
0.0
0.0
0.0
0.0
0.0
0.0
0.0
0.0
0.0
-0.0927122
0.0
0.0
0.0
0.0
0.0
0.0
0.0
0.0
0.0
0.0
0.0
0.0
0.0
0.0
0.0
0.0
0.0
0.0
0.0
0.0
0.0
0.0
0.0
0.0
0.0
0.0
0.0
0.0
0.0
0.0
0.0
0.0
0.0
0.0
0.0
0.0
0.0
0.0
0.0
0.0
0.0
0.0
0.0
0.0
0.0
0.0
0.0
0.0
0.0
0.0
0.0
0.0
2.03172
0.0
0.0
0.0
0.0
0.0
0.0
0.0
0.0
0.0
0.0
0.0
0.0
0.0
0.0
0.0
-1.1957
0.0
0.0
0.0
0.0
0.0
0.0
-2.57784
0.0
0.0
0.0
0.0
0.0
0.0
0.0
0.0
0.0
0.0
2.20574
-0.0242623
0.0
0.0
0.0
0.0
0.0
0.0
0.0
0.0
0.0304118
0.0
0.0
0.0
1.56568
0.0
0.0
0.0
1.3077
0.0
0.0
0.0
0.0
0.0
0.0
0.0
0.0
0.0
0.0
-0.384947
0.0
0.0
0.0
0.0
0.0
0.0
0.0
0.0
0.0
0.0
0.0
0.0
0.0
0.0
0.0
0.0
0.0
0.0
0.0
0.0
0.0
0.0
0.0
0.0
0.0
0.0
0.0
0.0
0.0
0.0
0.0
0.0
0.0
0.0
0.0
0.0
0.0
0.0
0.0
0.0
0.0
0.0
0.0
0.0
0.0
0.0
0.0
0.0
0.0
0.0
0.0
0.0
0.0
0.0
0.112705
0.0
0.0
0.0
0.0
0.0
0.0
0.0
0.452081
0.0
0.0
0.0
0.0
0.0
0.0
0.0
0.0
0.0
0.0
0.0
0.0
0.0
0.0
0.637852
0.0
0.0
0.0
0.0
0.0
0.0
0.0
0.0
0.0
0.0
0.0
0.0
0.0
0.0
0.0
0.0
0.0
0.0
1.52647
0.0
0.0
0.0
0.0
0.0
0.0
0.0
0.0
0.0
0.0
0.0
0.0
0.0
0.0
0.0
0.0
0.0
0.0
0.0
0.0
0.0
0.0
0.0
0.0
-0.708648
0.0
0.0
0.0
0.0
0.0
0.0
0.0
0.0
0.0
0.0
0.0
-0.440306
0.0
0.0
0.0
0.0
0.0
0.0
0.0
0.0
0.0
0.0
0.0
0.0
0.0
0.0
0.0
0.0
0.0
0.0
0.0
0.0
0.0
0.0
0.0
0.0
0.0
0.0
0.0
0.0
0.0
0.0
0.903544
0.0
0.0
0.0
0.0
0.845127
0.0
0.0
0.0
0.0
0.0
0.0
0.0
0.0
0.0
0.0
0.0
0.0
0.0
0.0
0.0
0.0
0.0
0.0
0.0
0.0
0.082947
0.0
0.0
0.0
0.0
0.0
0.0
0.0
0.0
0.0
0.0
0.0
0.0
0.0
0.0
0.0
0.0
0.0
0.0
0.0
0.0
0.0
0.0
0.0
0.0
0.0
0.0
0.0
0.0
0.0
0.0
0.0
0.0
0.0
0.0
0.0
0.0
0.0
0.0
0.0
0.0
0.0
0.0
0.0
0.0
0.0
0.0
0.0
0.0
0.0
0.0
0.0
0.0
0.0
0.0
0.0
0.0
0.0
0.0
0.0
0.0
0.0
0.0
0.0
0.0
0.0
0.0
0.0
0.0
0.0
0.0
0.0
0.0
0.0
0.0
0.0
0.0
-0.0919595
0.0
0.0
0.0
0.0
0.0
0.0
-0.393412
0.0
1.66021
0.0
0.0
0.0
0.0
0.0
0.0
0.0
-0.391673
0.0
0.0
0.0
0.0
0.0
0.0
0.0
0.0
0.0
0.812666
0.0
0.0
0.0
0.0
0.0
0.0
0.0
0.0
0.0
0.0
0.0
0.0
0.0
0.0
0.0
0.0
0.0
0.0
0.0
0.0
0.0
0.0
0.165498
0.0
0.0
0.0
0.0
0.0
0.0
0.0
0.0
0.0
0.0
0.0
0.0
0.0
0.0
0.0
0.0
0.0
0.0
0.0
0.0
0.0
0.0
0.0
0.0
0.0
0.0
0.0
0.0
0.0
0.0
0.0
0.0
0.0
0.0
0.0
0.0
0.0
0.0
0.0
0.0
0.0
0.0
0.0
0.0
0.0
0.0
0.0
0.0
0.0
0.0
0.0
0.0
-3.07499
0.0
0.0
0.0
0.0
0.0
0.0
0.0
0.0
0.0
0.0
0.453934
-0.764849
0.0
0.0
0.0
0.0
0.0
0.0
0.0
0.0
0.0
0.0
0.0
0.0
0.0
0.0
0.0
0.0
0.0
0.0
0.0
0.0
0.0
0.0
0.0
-1.36988
0.0
0.0
0.0
0.0
0.0
0.0
0.0
0.0
0.0
0.0
0.0
0.0
0.0
0.0
0.0
0.0
0.0
0.0
0.0
0.0
0.0
0.0
0.0
0.0
0.0
0.0
0.0
0.0
0.0
0.0
0.0
0.0
0.0
0.0
0.0
0.0
0.0
0.0
0.0
0.0
0.0
0.0
0.0
0.0
0.0
0.0
0.0
0.0
0.0
0.0
0.0
0.0
0.0
0.0
0.0
0.0
0.0
0.0
0.0
0.0
0.0
0.0
0.0
0.0
0.0
0.0
0.0
0.0
0.0
-0.429079
0.0
0.0
1.80675
0.0
0.0
0.0
0.0
0.0
-0.208795
0.0
0.0
0.0
0.0
0.0
0.0
0.0
0.0
0.0
0.0
0.0
0.0
0.0
0.0
0.0
0.0
0.0
0.0
0.0
0.0
0.0
0.0
0.0
0.0
0.0
0.0
0.0
0.0
0.0
0.0
0.0
0.0
0.0
0.0
0.0
0.0
0.0
0.0
0.0
0.0
0.0
0.0
0.0
0.0
0.0
0.0
0.0
0.0
0.179833
0.0
0.0
0.0
0.0
0.0
0.0
0.0
0.0
0.0
0.0
0.0
0.0
-0.489214
0.0
0.0
0.0
0.0
0.0
0.0
0.0
0.0
0.0
0.0
0.0
0.0
0.0
0.0
0.0
0.0
0.0
0.0
0.0
0.0
0.0
0.0
0.0
0.0
0.0
0.0
0.0
0.0
0.0
0.0
0.0
0.0
0.0
0.0
0.0
0.0
0.0
0.0
0.0
0.00661406
0.0871814
0.00441137
0.113217
-0.0754282
0.627422
0.634758
0.288044
-0.0150858
-0.128176
0.0866936
-0.051471
-0.225685
0.251223
-0.111608
0.055158
-0.014299
-1.39015
0.0626666
0.212926
-0.44585
-0.314305
-0.0780373
0.204836
-0.818597
-0.00267536
-0.513873
-0.00267862
-0.0367955
0.0316672
0.0728608
0.0200299
-0.0626445
-0.465375
0.416489
-0.0939137
-0.0103533
0.234174
0.041142
0.183019
-0.082152
0.00832487
0.164086
0.0937394
-0.411769
-0.000390804
-0.0448242
-1.04234
0.36975
0.0
0.0
0.0
0.0
0.0
0.0
0.0
0.0
0.0
0.0
0.0
0.0
0.0
0.0
0.0
0.0
-0.588367
0.0
0.0
0.0
0.0
1.16101
0.0
0.0
0.0
0.0
0.0
0.0
0.0
0.0
0.0
0.0
0.0
0.0
0.0
0.0
0.0
0.0
0.0
0.0
0.0
0.0
0.0
0.0
0.0
0.0
0.0
0.0
0.0
0.0
0.801298
0.0
0.0
0.0
0.2523
-0.551582
0.0
0.0
0.0
0.0
0.0
0.0
0.0
0.0
0.0
0.0
0.0
0.0
0.0
0.0
0.0
0.0
0.0
0.201861
0.0
0.0
0.0
0.428189
0.0
0.0
0.0
0.0
-1.63563
0.0
0.0
0.0
0.0
0.0
0.0
0.0
0.0
0.0
0.0
0.0
0.0
1.00562
0.0
0.0
0.0
0.0
0.0
0.0
0.0
0.0
0.0
0.0
0.0
0.0
0.0
0.0
0.0
0.0
0.136555
0.0
0.0
0.0
0.0
0.0
0.0
0.0
0.0
0.0
0.0
0.0
0.0
0.0
0.0
0.839899
0.0
0.0
0.0
0.0
0.0
0.0
0.0
0.0
0.0
0.0
0.0
0.0
0.0
0.0
0.0
0.0
0.0
0.0
0.0
0.0
0.0
0.0
0.0
0.0
0.0
0.0
0.0
0.0
0.0
0.0
0.0
0.0
0.0
0.0
0.0
0.0
0.0
0.0
0.0
0.0
0.0
0.0
0.0
0.0
0.0
0.0
0.0
0.0
0.0
0.0
0.0
0.0
0.0
0.0
0.0
0.0
0.0
0.0
0.0
0.0
0.0
0.0
0.0
0.0
0.0
0.0
0.0
0.0
0.0
0.0
0.0
0.0
0.0
0.0
0.0
0.0
0.0
0.0
0.0
0.0
0.0
0.0
0.0
0.0
0.0
0.0
0.0
0.0
0.0
0.0
0.0
0.0
0.0
0.0
0.0
0.0
0.0
0.0
0.0
0.0
0.0
0.0
0.0
0.0
0.0
0.0
0.0
0.0
0.0
0.0
0.0
0.0
0.0
0.0
0.0
0.0
0.0
0.0
0.0
0.0
0.0
0.0
0.0
0.0
0.0
0.0
0.0
0.0
0.0
0.0
0.0
0.0
0.0
0.0
0.0
0.0
0.0
0.0
0.0
0.0
0.0
0.0
0.0
0.0
0.0
0.0
0.0
0.0
0.0
0.0
0.0
0.0
0.0
0.0
0.0
0.0
0.0
0.0
0.0
0.387357
-0.0930986
0.0
0.0
0.0
0.0
0.0
0.0
0.0
0.0
0.0
0.0
0.0
0.0
0.954284
0.0
0.0
0.0
0.0
0.0190164
0.0
0.0
0.0
0.0
0.106032
0.0
0.0
0.0
0.0
0.0
0.0
0.0
0.0
0.0
0.0
0.0
0.0
0.0
0.0
-0.162507
0.0
0.0
0.0
0.0
0.0
0.0
0.0
0.0
0.0
0.0
0.0
0.0
0.0
0.0
0.0
0.0
-0.61595
0.0
0.0
0.0
0.0
0.0
0.0
0.0
0.0
0.0
0.0
0.0
0.0
0.0
0.0
0.0
0.0
0.0
0.0
0.0
0.0
0.0
0.0
0.0
0.0
0.0
0.0
0.0
0.0
0.0
0.0
0.0
0.0
0.0
0.0
0.0
0.0
0.0
0.0
0.0
0.0
0.0
0.0
0.0
0.0
0.0
0.0
0.0
0.0
0.0280787
-0.298616
0.0719057
-0.0193101
0.23965
-0.0619402
1.15142
-0.918738
-0.246691
0.0920773
0.0407939
-4.34605
0.747539
0.0685538
-2.17191
-0.023756
0.112493
1.86814
0.0388421
0.380011
0.958036
0.0502361
-0.112697
-0.0904926
-0.02051
-0.221395
0.141819
0.101764
0.0103079
0.0469099
0.236442
-0.139889
-0.0593764
-0.57519
1.31273
0.830492
0.183479
0.686898
-0.0636223
-1.0681
-0.783322
0.422707
0.465936
2.52644
-0.268054
1.03812
2.51305
-0.0812297
1.55091
-0.0112379
0.198933
-0.156142
-0.00148809
-0.00778698
0.117196
-1.54385
0.94334
0.314523
-0.258169
0.0307684
2.36783
-0.863163
-0.157401
0.490296
-0.0203614
-0.144602
-2.19542
-0.0756854
-0.285824
-1.26209
0.0434303
0.0732577
0.234394
0.0599901
0.438712
0.336062
-0.0758452
0.00320022
0.014356
-0.427723
0.151756
0.0599751
0.3998
-1.30526
-0.717167
-0.113426
-0.832944
0.00244163
1.16424
-0.0225718
-0.318418
-0.418941
-2.66075
0.151577
-1.22439
-2.53263
-0.189385
-1.6855
0.000523786
-0.190711
-0.00474453
0.000271248
-0.00457477
-0.00200526
0.498689
-0.205083
-0.0665467
0.0412739
-3.09513
-0.106848
0.100964
0.203132
-0.134905
-0.0148004
0.00809311
1.59213
0.0783873
0.23136
-0.533578
-0.238416
-0.242149
-0.22122
0.622161
0.0192362
-0.304005
0.0411842
-5.68886e-05
-0.0381578
0.852389
0.0294189
2.01727
-0.264937
1.51413
-0.182923
-0.13421
0.362404
0.0233832
-0.23111
-0.00467068
-0.0396294
0.13288
0.280992
1.9833
0.839858
-0.122289
0.348521
-1.3909
-0.00273318
0.127074
0.171952
0.000905446
0.00155185
0.00402233
0.674692
0.175825
-0.577428
-0.06031
2.017
-0.940075
1.98434
-0.0901401
-0.118937
0.043426
-0.0228963
-1.19836
-0.0378832
-0.40152
0.151903
0.207963
-0.0595635
0.166348
0.427684
-0.0651075
-0.395794
-0.239118
-0.000887255
0.0145729
-0.74817
-0.0410477
0.0126665
-1.41706
-0.338566
0.0327387
-0.0145346
1.10942
-0.0116828
0.0393675
-0.0262454
0.0556908
-0.107676
0.455473
-1.60186
0.614023
0.184092
0.497855
-0.902337
-0.253645
-0.0448159
-0.0843805
-0.0207371
0.231834
0.0551443
-0.392349
0.0247606
0.0674436
-0.166505
0.0709497
0.0948839
-0.115478
-0.0888392
0.0270507
-0.0440931
-0.0322055
-0.327033
-0.0368629
0.0957899
-0.645641
0.0941972
-0.0394805
0.143955
0.0381169
0.216763
0.453935
0.025939
0.0134544
0.0612674
-0.190571
0.0118501
0.000613112
-0.175972
0.00784481
0.113306
0.0700151
-0.145741
-0.0611809
0.0962497
0.0731285
0.104296
0.0466052
-0.134401
-0.114224
-0.184769
-0.0195095
-0.271109
-0.13572
0.00639382
-0.0803683
0.00869239
-0.00410535
0.0307921
0.0165823
-0.130878
-0.128825
-0.0139971
-0.161223
0.0944789
0.00979096
-0.0436437
0.00247903
0.0945947
0.0344582
-0.0292299
-0.0137657
-0.0432041
-0.0282156
-0.210641
0.0799397
-0.0284789
0.128377
0.0809682
0.138102
0.0734867
-0.00340188
0.00276536
-0.000134858
-0.070187
0.119493
0.0106694
-0.0713494
0.0398035
-0.0224314
-0.0228901
0.0386595
-0.00302748
-0.0215729
-0.0101611
0.106919
0.0579967
-0.0436081
-0.00835383
-0.00832406
-0.0144138
-0.159897
-0.0713747
1.30248
0.327124
0.920959
-0.00296186
0.0413233
-0.0101684
-0.130001
-0.11426
0.450295
0.00324972
-0.192974
-0.474727
1.10913
0.597382
-0.098928
-0.00751897
0.0372471
-0.221738
-0.0388931
-0.112109
-0.867532
0.0117408
-0.133646
0.0499272
0.329797
-2.09353
0.481401
-1.3538
0.00121159
0.0335928
-0.105149
-0.0402269
0.0070405
-0.0990904
-0.00597374
-0.783264
0.0762051
-0.0015209
-0.0944116
-0.337154
-0.0308853
-0.188683
-0.068352
0.112049
0.309015
0.419141
-0.132545
0.633655
0.157051
1.8125
1.01493
-0.376572
-0.00404563
-1.63704
0.0214578
-0.132295
-0.108343
0.0974737
-0.16741
0.0605721
0.00536913
1.89932
0.0282798
-0.830376
0.0329437
-0.00984931
0.0227017
-0.0452867
-0.0586787
-0.25824
0.0763685
-0.0277483
0.121362
0.0247288
1.90818
-1.48511
0.0152172
0.00268106
0.00253637
-0.0788345
0.101699
0.0115592
-0.166126
0.065693
-0.0427904
2.0664
-0.0177999
0.0132063
-0.0514969
-0.0125339
0.10541
0.05492
-0.0501613
-0.0291964
-0.00716543
-0.0601678
-0.142659
-0.0470542
1.73016
-1.55081
-2.01211
-0.0046341
2.55928
0.0166984
-0.118757
-0.0937335
0.0652231
-0.163264
0.112352
0.0252019
-1.24485
2.33879
-2.8508
1.65608
1.62679
-0.0292636
-0.0456983
-0.0347274
-0.18539
0.0775389
-0.0212473
0.130536
1.02939
0.12395
-0.365387
1.01467
0.584953
0.000434061
-0.0768518
0.111166
0.0111904
-0.143688
0.0359862
-0.0402292
-0.0252025
2.15669
-0.0154149
-0.0309934
-0.0110784
0.104919
0.0555194
-0.053319
-0.0323039
-0.0078741
-0.0301921
-0.164812
-0.0574049
0.00736799
1.03485
2.02482
2.44339
2.64509
-2.52757
-0.113175
-0.977364
-0.0228861
-0.155916
0.0989002
0.0355068
0.000492816
0.0399847
2.64214
2.25081
-0.018177
-1.96853
-0.0457887
0.0239558
-0.022231
0.104395
-0.0246228
0.129958
1.64635
0.224302
2.29443
-0.0103376
-0.291816
0.00937305
-0.0637192
0.122888
0.0117406
-0.252229
0.0264773
-0.0332274
0.0309094
-0.0260942
-0.00133202
-0.0176835
-0.0117628
0.109436
0.0523099
-0.0644452
-0.0490062
-0.0112665
-0.0221
-0.173689
-0.0519744
0.00772787
-0.181892
2.22302
2.13884
1.6625
2.27279
-0.167514
2.53201
0.120912
-0.0409777
-0.280049
0.10444
-0.606266
-2.34798
0.0861025
2.70264
-1.87808
0.137359
-0.0331236
-0.504703
-0.407455
0.122449
0.0520495
0.10527
-0.00923561
-1.43438
-0.441586
1.96278
0.00256322
-2.70718
1.50537
0.108949
-2.50525
0.819386
0.163777
0.0269817
-0.103424
-0.0788653
0.0771676
0.0179245
-1.72372
-1.91451
0.0525432
0.0987124
-0.19051
-0.172184
0.0284983
-0.324604
-0.113766
0.00226464
0.157068
-0.0323667
2.48097
-0.460461
1.54835
1.58796
-1.79859
-0.777644
-0.0377061
1.15861
-1.36169
0.597412
-0.0413656
-0.422553
-0.00350951
-0.0407536
3.8057
-2.822
1.27409
0.689855
0.0895953
-0.240921
-0.0174819
0.25739
-0.810875
-0.392029
-1.01577
-0.00136714
0.0317565
-0.0394996
-0.0459355
0.00664252
0.0393782
0.582371
-0.0819226
-0.743594
1.18091
0.452518
-0.222866
-0.0271744
0.14997
-1.03494
0.329388
0.300118
0.283181
0.12003
0.651965
-0.367912
0.00329604
0.0017569
0.0825751
-0.00155533
0.444329
-0.782088
1.35822
1.93786
0.062668
-0.73738
0.188054
-0.574949
0.179943
0.119967
-0.548819
0.000760396
-0.287372
-2.27731
-0.463701
0.907089
-0.020176
0.010141
-0.0152874
0.0174722
1.04741
0.141796
-0.220133
0.00888928
-0.985633
-0.0177914
1.5277
-0.735228
0.0390011
-0.682601
0.525115
-0.0153069
0.0286702
0.350064
-2.2652
-0.7818
-0.00789362
0.0431763
-0.0728068
0.350057
1.37616
0.236745
0.00746625
0.66951
0.399944
-0.00156348
0.239257
0.096015
-0.00371339
0.0474694
-0.109168
-2.92646
-2.27824
-2.74365
-1.45648
0.210482
0.0952684
-0.281668
0.0511375
0.259173
0.0222814
0.00330284
0.238307
-2.65326
2.36646
-2.54208
0.0672584
-0.310564
0.113041
0.249926
0.23889
-0.534196
1.11479
0.0020314
0.0440984
-0.0170193
0.105945
-0.00521709
-2.64884
0.0671667
-0.205878
0.143573
-0.0651594
-0.0604568
0.286502
-0.040497
-0.236818
0.0423529
-0.262768
-0.993187
-0.00998908
-0.22683
0.144219
0.223915
-0.00267455
-0.104357
-0.0971153
-0.00262727
0.0495636
-0.0285712
-1.15275
2.26592
0.568824
2.59911
-0.584845
-0.05754
-0.0792741
0.0269165
-0.225662
0.024096
1.11792
-0.103245
0.429811
-1.74896
2.14266
-0.793993
-0.0258871
2.78767
0.0237523
-0.0182239
0.43872
-0.0195262
0.000845301
0.0437814
-0.0183636
-1.31865
1.61523
2.015
0.0983288
-0.962919
0.0503539
-0.0586049
-0.0438675
-0.101153
-0.0698089
-0.104683
-0.0438034
0.255949
-0.0916262
0.101859
0.0910266
0.141651
-0.119374
0.00656622
0.116872
0.154099
-0.00433739
0.032045
0.0500785
1.31058
0.865375
2.25441
-2.98422
3.48928
-0.159454
0.0925983
0.176305
0.304833
0.0265763
0.00437164
0.460696
-0.0225724
-1.22345
-2.43735
-1.55136
-1.84747
2.52608
0.812213
0.0181411
-1.64983
0.05194
0.00232984
-0.0148358
0.0573155
0.0811462
-0.00832867
-1.9142
0.431792
0.542804
0.0381782
-0.216096
-0.0948973
0.191434
0.00633528
0.0835429
0.117641
-0.811655
4.29813
0.43882
-0.578487
-0.529626
-0.619889
-0.00296622
-0.429167
-0.0764526
-0.00121153
0.0058732
0.497538
-0.953858
-0.824694
-1.0096
1.9017
-2.67706
0.591763
-0.455324
-0.05867
0.687093
0.00801198
0.0219644
-0.981103
-0.0525956
-0.0854883
-1.17924
1.90311
1.65161
-2.31697
-0.182761
0.549701
0.445153
0.0324996
0.00381833
-0.0303221
-0.0480222
0.132029
2.37341
0.52661
-2.7725
3.1583
0.299929
-0.438962
-0.177167
0.79323
-0.022441
0.399534
-0.0802171
0.396542
-0.920986
-0.0129361
0.0973649
-0.816912
0.254853
0.00114954
0.00843809
0.0236004
-0.00316564
0.0381198
0.147338
0.422685
0.388734
-0.175144
-1.9395
3.91368
-1.63665
0.497107
-0.147011
-0.149377
0.00881649
0.03136
-0.211023
0.000260581
0.499418
1.98741
0.110087
-2.67715
1.94105
0.0170944
0.27028
0.00763635
0.0280873
-6.05157e-05
-0.00535636
0.042393
-0.0698412
-0.0176336
-0.602449
-1.40497
0.251082
-0.044336
0.178769
0.0828826
-0.0605172
0.00721939
-0.103232
-0.0334243
-0.211979
-0.435092
-0.44649
0.0566924
-0.301793
0.150543
-2.62314
1.01518
-0.427369
-0.0023502
0.0551739
0.0330763
0.120734
0.0917057
-0.247395
0.0159108
0.0795801
-0.0823985
2.55018
-1.64775
2.60521
-0.00848937
-0.187731
0.112276
0.000450346
-0.0341374
0.124106
0.076501
0.0125034
-0.00172159
3.17167
-1.53302
-1.0987
0.0229289
0.000616846
0.00135462
-0.0344791
-0.0411458
0.00143706
-0.157725
-0.0119061
0.131111
-0.141288
0.679149
-2.27116
-0.134817
0.00827066
0.134424
0.0001293
-0.204384
-0.0821371
-0.109095
0.0681577
-0.111185
-0.18589
-2.08378
0.945845
-0.00770641
-0.00173872
0.015442
0.0265758
-0.132088
-0.35935
0.13458
0.268747
0.083698
-0.0069364
-2.2323
-2.74334
-0.755645
-0.00945874
0.0192942
-0.070338
-0.0536897
-0.129964
-0.441459
0.0717557
-0.112956
0.0843356
-2.70181
-0.956165
-0.78328
1.64751
0.0011101
0.0642582
0.0219005
0.0386554
-0.00321401
0.297568
-0.330877
-0.661555
0.101194
-2.82123
-0.151604
0.263567
-0.0489996
-0.00658289
-0.0239984
0.243306
-0.529061
0.211094
-0.0214634
0.0410853
0.0473178
0.00602921
-1.93563
0.0128243
2.13756
0.0328565
0.0231868
-0.114039
-0.124714
-0.0943891
-0.201749
0.177936
0.0268575
-0.0422135
0.00254007
0.617133
-2.71851
0.895214
0.0107374
-0.0446118
-0.0492529
-0.0864605
0.0860004
-0.0355321
0.133359
0.00637468
-1.9244
-0.435284
0.309411
0.00280601
0.000675509
-0.039057
2.14949
0.00881186
-0.0586404
0.00678271
-0.0111726
-0.0303748
0.129045
0.225698
-0.0161433
1.2997
0.124215
0.059799
-0.0871018
-0.0986104
-0.0278827
-0.0632344
-0.14097
-0.101591
0.00468934
-0.0303911
-0.902439
-0.0044948
-1.31726
0.381697
-0.219659
-0.0931711
0.0888496
-0.176039
0.100753
0.0541238
0.00227225
0.0268984
-1.92713
1.92207
-0.0174288
-0.210147
-0.774065
0.0294965
-0.178781
0.0804424
-0.0127872
0.131276
0.110389
2.84709
-0.508698
1.47248
2.15988
0.00424309
-0.0843292
0.106781
0.0106929
-0.165068
-0.00253767
-0.0548891
0.0627764
-0.0727255
-2.74944
-0.0455079
-0.00991398
0.0418251
0.0491005
-0.0677458
-0.0536757
-0.02846
-0.0575666
-0.167334
-0.013132
0.000234367
-0.568653
1.00745
0.110334
-1.32106
2.24842
2.58458
0.0526963
-0.181068
-0.0954789
0.692878
-1.05964
0.244335
0.062881
-0.908144
1.53193
-2.03386
0.344393
-2.36347
-1.6153
-0.177184
0.049715
-0.0651522
-0.0061722
0.402031
-3.24907
-2.26417
-1.43206
-1.50647
0.00469507
0.366868
-0.0531498
0.00128403
-0.159254
0.61529
0.102754
-0.705105
0.771179
0.268135
-0.35219
-0.237289
1.44246
0.418295
0.0036098
0.826287
0.666862
0.176485
-0.108806
-0.513613
-0.00507965
0.053515
-0.0176259
-0.00277196
-2.46468
-1.0614
2.29807
0.0654859
0.0252698
0.000586625
0.0312237
0.0231062
-0.035358
-0.00775603
0.0126529
-0.176725
1.53622
0.875935
-0.609647
-0.094518
-0.0973677
0.0276525
-0.0019949
8.60513e-05
-0.0396472
0.0284845
2.02352
-1.82347
0.000508359
0.0214229
2.60115
0.872143
1.58717
2.4688
-0.017452
0.0297622
0.0374426
-0.0415657
-0.020329
0.91474
-0.00358946
-0.0260647
-0.016382
-1.21887
-0.0103158
-0.0351672
-0.0367211
-0.00600711
-0.0396329
0.000641621
-0.576012
-0.103032
-0.00504471
0.0605085
-2.23238
-2.77387
-2.73034
0.0681398
0.471908
-0.286649
1.30059
-0.830972
-0.373916
0.852333
0.0373806
0.0900757
-2.21939
-2.88221
0.585281
1.5813
0.117939
-0.0983286
0.11019
-1.43911
0.815833
0.150684
-0.466716
1.01073
0.55013
-1.33069
-2.37057
-2.67793
0.893365
-0.308248
0.0786359
0.282781
-1.06993
-0.115401
2.94556
1.93999
1.27288
-0.0153324
-0.0498435
-2.81428
-0.42037
0.377333
-0.881398
-0.0954849
0.00144039
-0.581925
0.0223639
-0.00285856
0.0341332
-0.112252
2.52144
-0.147701
-0.839333
0.8011
-1.47967
-0.326759
-0.563697
-0.0990152
-0.171828
0.053778
-1.20673
-1.61643
-2.55139
3.30478
4.21974
0.981077
0.30347
-0.0901565
-0.626343
0.336826
-0.177701
0.0787051
-1.66971e-05
-1.82654
0.263357
-0.690889
0.524634
1.68306
-1.64655
-2.45352
0.0605639
0.0142606
0.134711
0.489328
-0.0377064
0.129004
-0.115154
3.41298
1.15042
0.169738
3.05081
0.505745
0.335121
0.00699432
-0.080665
0.00366634
-0.00440131
0.0385174
0.0173354
-0.141399
-1.59056
1.40229
0.377128
0.110068
0.00516125
-0.0424853
0.00750544
0.0824907
0.0288497
-0.0353645
-0.0176408
1.74258
0.940038
1.62619
-0.99099
-1.67464
0.131541
0.0886717
0.174272
0.24558
-0.0238757
0.00283848
-0.184727
-0.0293841
0.127403
0.00874067
-0.0707302
1.52092
-0.020572
-0.000699018
0.00819879
-0.0130224
-0.0479438
-0.00929908
0.125871
0.0569447
-0.0536365
-1.67787
-2.34807
-0.0548929
-0.990049
-0.118612
-0.00296816
-0.2774
-0.0754368
-0.00236473
0.00325337
0.197376
-0.339906
0.305513
0.208599
2.32618
2.35525
1.41039
-0.186626
-0.013551
-0.0804683
-0.00346663
0.00846428
-0.346795
1.1253
-0.800003
-0.0514851
0.4265
-0.0043029
-1.4801
-0.399706
0.318332
0.38345
-0.0420206
0.00202982
-0.0374962
-0.000780585
-1.29003
-0.461834
1.53806
-1.23642
0.201209
0.104859
-0.278543
-0.0822883
-0.0721483
0.0366482
0.219663
-2.35428
0.0550127
0.413625
-0.0593902
0.252179
-0.0952928
0.138032
0.0077723
-0.0880119
0.00499452
-0.00415959
0.0478944
0.0223579
-0.0986181
1.50642
-0.534048
-1.43485
2.83134
0.420008
-0.0311565
0.0205436
0.0712084
0.0359039
-0.0143725
-0.0225196
-0.0456166
-0.00293559
-2.16838
3.05687
2.05943
-0.483878
0.0730096
0.130244
0.150024
0.00734081
0.00275349
0.00120809
-0.0825844
2.9892
0.013053
-0.215665
2.64547
-2.54484
-0.0198986
-0.0322844
0.00586879
-0.0301087
-0.0110998
0.108438
0.0583248
-0.10285
-0.0467655
2.94464
-0.106428
-1.94228
-0.0561668
-0.002234
0.10284
0.0691167
-0.00418737
0.0246552
0.0448873
0.0342075
0.375551
-0.457535
-2.82216
0.361822
-1.42243
-0.327616
-0.158967
-0.368152
-0.0329826
-0.113197
-0.0653049
-0.0186119
-0.748119
0.376719
0.0477459
0.662461
2.08815
0.768626
0.18298
-0.64746
-0.0183613
0.000298727
-0.0284954
-0.0853959
-0.0124905
0.0366577
-1.00281
2.36538
3.20745
-0.0873549
0.671363
0.223471
-0.841221
-0.0342929
-0.00357644
0.0418811
-0.275436
1.59747
-0.0064938
-2.85563
3.00921
-0.2471
-0.0064775
1.64594
0.0351272
-0.00688043
0.0969384
0.171685
-1.35475
0.203766
0.946487
-0.160415
0.206527
0.531502
0.126361
-1.72732
0.231618
-1.87727
-0.0288741
-2.32152
-0.0464386
0.903991
-0.348564
0.0722724
0.441067
0.142596
-1.46815
2.14348
1.62431
-0.197043
0.00394369
0.0130279
-0.0375918
0.179117
-0.0131091
-0.047449
-0.737807
0.338025
2.72181
-0.0484351
-0.226186
0.199036
0.567326
-0.366789
-0.0117312
-0.0836506
-0.961864
-0.542361
-0.259784
-0.781124
0.911807
0.996665
-2.84158
0.0140165
-0.00475065
0.0468105
0.0843157
-0.243899
0.40527
0.0604019
0.00349481
0.479751
0.865077
3.37285
1.33831
-1.02341
1.18504
0.405232
-0.580152
0.013382
0.650822
0.286906
0.0776625
0.295134
0.00348956
-3.08218
0.502705
2.57469
-0.0765227
0.0022427
2.05503
0.0518343
0.0185116
-0.0263607
-0.211258
-0.432653
0.805905
2.50861
-2.28341
0.575008
0.346046
0.0364369
0.0438701
0.0494551
-0.325824
-0.121694
-0.47302
0.357542
-1.04679
-0.576097
0.76282
-0.0246477
0.00219203
-0.00497056
1.32495
0.00283023
-0.267469
-0.167523
-0.152735
-0.193471
0.0635433
0.0291322
-2.40696
-2.39134
0.116915
0.0319904
-0.0981373
-0.265047
-0.0421606
-0.0291578
-0.152669
0.0553903
-0.0103098
0.129855
0.325871
2.08817
-0.671843
-2.02767
-0.0887695
0.0157544
-0.0285289
0.160431
0.00605746
-0.0307414
0.0571558
0.00158919
0.0825166
0.226244
0.687434
-0.862075
-1.38085
0.0577708
0.0553676
-0.0488934
-0.0528512
-0.0117444
-0.127338
-0.0734137
-0.0726163
0.00580183
-0.0890777
1.55847
1.53144
-0.311855
2.45215
-0.120066
-0.104843
0.0391758
-0.157155
0.108158
0.0260804
-1.55342
0.0193151
1.57522
2.82004
1.2414
-0.0461294
-0.0456823
-0.00480735
-0.141658
0.0921529
-0.0222686
0.130233
0.0344096
0.161929
0.795823
1.23612
2.18088
0.00315267
-2.83674
0.111961
0.0116444
-0.167692
0.0322711
-0.0403053
-0.599133
-2.77148
1.25939
-2.65342
0.0572843
0.104394
0.0550791
-0.0572367
-0.0449538
-0.0144066
-0.02562
-0.171996
-0.0479399
-0.00432454
0.109463
1.99683
-0.72284
1.79068
0.0100101
-0.0749933
0.0995052
0.276952
-0.0840778
0.213776
0.0402966
0.0691717
-0.0245931
1.15571
-0.0084929
0.774432
-0.0908789
-0.00685175
0.0419482
-0.134097
0.0299254
-0.0871
0.00458771
-0.182471
-0.19989
0.230956
-1.83622
2.84469
-0.305353
-1.32
0.916106
-0.00790893
-0.238342
-0.051916
0.0580112
0.0810193
-0.185367
-0.0349158
0.853415
-1.62383
-0.27993
-0.0193713
-0.0862072
0.0139631
0.00323559
0.0688022
-0.0888307
0.126213
-0.0036113
-0.0687509
-0.0213946
-0.00268352
-0.780846
0.0477276
-0.148161
0.012955
-0.0291295
-0.138921
0.0953828
0.076141
-0.0699252
-0.043493
-0.0683703
-0.890635
-2.09104
2.63845
-1.17807
0.0101545
-1.25811
0.054479
0.102113
0.0132496
0.0117338
0.160405
0.151457
1.09818
1.85475
0.86768
-0.0332684
1.31054
0.00341102
-2.51819
0.112553
0.0379202
0.0520938
0.00361384
0.0628133
0.820796
0.00957137
1.72296
2.88018
-0.0169055
0.032249
-0.0917465
-0.114392
0.0188253
0.0464038
0.0053591
-0.00954683
0.0029555
-0.00424967
2.5456
0.00672746
-0.18047
-0.0839393
0.146101
-0.191701
0.135551
0.0168086
-0.0115885
0.0305706
0.106557
0.0269358
2.71935
0.954603
-0.778471
-1.13258
-0.446479
2.90716
-0.0483741
0.134614
0.167091
0.132522
0.282788
-0.017691
0.461926
-0.925778
1.30429
1.77295
-0.976031
-0.220057
-0.0117545
-0.0226579
-0.00179256
-0.144459
-0.038094
-0.103082
-1.10899
1.02032
-2.29641
2.59558
-0.0234308
0.0241583
1.16015
-0.134969
-0.127767
-0.00405038
0.00915089
-0.0172223
-0.00247765
0.0477641
0.00899891
-2.7563
0.0422216
0.0533588
-0.0386835
0.0532876
-0.00490047
-0.0332779
-0.00205261
-0.0240707
-2.39501
-0.532496
0.0260331
1.83848
-0.766989
1.10167
0.0194265
0.0394428
0.00114721
-0.00667521
0.0158586
0.0791762
-0.0408971
2.89251
0.0166564
-2.58172
1.08746
1.8102
0.0724051
0.0270584
0.0715855
0.030759
-0.0455169
-0.0192015
-0.0307151
1.74096
1.99324
-1.79268
-0.0557826
0.0929227
0.00907626
-0.0419674
0.21018
-0.0686309
-0.0194071
0.477193
0.0638854
-0.00339416
0.0575754
-0.342206
-0.0977874
-1.97974
1.30135
1.64311
-1.20742
-0.316018
-0.807721
-0.178416
0.754564
-1.78217
0.0267346
-3.0583
1.45496
-0.0202464
0.119614
-2.38087
-0.912693
0.0384043
-0.174011
0.205487
-2.04465
0.0859482
0.000222644
0.22702
-0.135703
0.798686
-2.14381
4.72205
2.57379
-2.19388
0.20134
0.211391
-0.0153276
1.25535
-0.756919
-0.878212
-1.54445
0.566671
-2.567
0.170096
-0.0192429
1.28145
0.570714
-0.00336725
0.599223
0.0107464
-0.00564933
0.0439757
-0.345986
0.614023
0.566005
-0.0233835
-1.41903
-2.11491
-0.387669
-0.273531
0.0992535
-0.0961761
-0.0151699
-0.113757
1.57543
-0.0204731
-0.614121
-0.0577071
2.10887
-0.285735
-0.400275
0.569768
-0.515416
0.00541194
-0.190557
0.000606074
0.018774
-2.32377
2.97516
-2.62009
-1.63008
-0.224787
0.842775
-0.272527
-0.225404
-0.0347066
-0.604463
-0.0162705
-0.128317
-0.344133
-0.887154
2.76524
-0.168433
-0.308625
0.544479
-0.184883
-0.0041191
-0.118883
-0.0420777
-0.00348554
0.0592074
0.274649
-0.194257
0.219848
0.125211
-0.190182
0.0300969
0.155363
-0.201185
-0.00521359
-0.0956507
-0.0153547
0.0202313
-0.162853
-0.00555051
-0.174621
-0.0729018
-2.73136
2.65191
1.20273
-0.291645
0.234946
-0.305621
-0.050188
0.0023841
-0.0668995
0.0131631
-0.0391254
-1.51259
-2.52999
1.57303
3.1681
0.0821441
-0.435073
-0.01732
-0.050656
0.0382131
0.147632
0.0505756
-0.311422
-0.326959
-0.678187
0.194002
-2.5197
0.0308409
-0.00169864
0.272541
0.0298647
-0.00497327
0.0552047
-0.0140836
-0.71949
-0.0718377
0.935931
1.6913
0.106498
0.25954
-0.0233083
0.0158934
0.158001
0.0360258
-0.0208594
-1.38221
-0.0449702
0.263991
-0.154468
0.0889945
-0.5737
2.80539
-0.0458416
0.349727
0.0707198
-0.0463566
0.00254577
0.0304427
-0.158479
0.119348
-0.00302692
6.16921e-05
-2.18981
-1.28505
0.504434
-0.019332
-0.0647491
0.0438843
-0.0155462
-0.382542
0.0170283
-1.50063
0.93035
-0.152073
0.246765
0.852954
0.446102
-0.00333125
0.420693
0.0913958
-0.00446189
0.0257565
-0.350489
0.519434
0.223052
-0.431751
-0.125297
-0.0358659
-1.03462
0.189161
0.106525
-2.50876
-0.00737391
-0.0463213
0.412376
0.00736018
0.335961
0.742517
0.0702347
-0.215609
-0.0261561
-0.32108
-2.78218
0.636627
-0.0761185
2.83721
0.0774546
-0.222636
-0.0424943
0.0110689
0.0605065
-0.196215
-0.810662
-1.74275
2.24998
0.129025
-0.38129
-0.0167016
-0.348671
-0.0177304
0.111879
0.42684
0.309582
0.238263
1.28553
1.61981
-0.00701118
1.99255
-0.0222704
-0.00372601
-0.429715
-0.00463548
-0.121469
0.00978943
0.0767724
0.0410888
0.0249372
0.0582455
-2.8449
-0.00134925
0.0793042
-0.00489155
-0.0049128
-0.12537
-0.00921382
0.0293004
-0.180033
0.0406693
-0.0325736
0.0150387
-1.80044
0.0117208
0.655628
0.0114999
0.000757958
0.0323478
0.00598416
0.00792115
-0.00461505
0.0606847
-0.0637801
-0.102697
-2.64257
2.95299
-1.32085
-2.53635
-0.0181159
-0.0417545
-0.0286203
-0.0251534
-0.052516
-0.0152718
0.0852553
-0.00567667
0.567183
-0.00980016
1.90777
0.220606
-0.0028034
2.44094
-0.0920714
-0.0863664
-0.519697
-0.160929
0.530462
-0.219977
0.0548289
-0.364316
-0.081772
0.547595
0.0189941
0.0150599
-0.161066
-0.0425649
0.183702
0.0989328
0.0558875
-0.197296
0.0852738
-1.32043
0.187025
-0.499891
-2.52719
0.63689
2.40798
0.0468253
0.106016
-0.00722092
0.856637
-0.344719
-0.784656
0.0884764
0.639265
1.85527
-0.939555
-0.0567439
-0.0615082
-0.0573828
0.425975
-0.492582
0.0175618
0.195644
0.0626398
1.37082
-0.00782211
0.0235968
-0.0332022
-0.003916
0.0749324
2.43367
-0.148198
0.0376338
0.130335
-0.162194
0.0807295
0.0991729
-0.0675269
-1.78916
0.0538016
0.298942
2.95045
-0.205457
-0.0043234
0.0461798
-0.156162
0.0311751
-0.00363396
0.00924956
-0.182013
1.44647
1.45868
0.668844
0.0008676
0.627597
0.0160174
-0.0124528
-0.00366831
-0.120083
-0.0589614
0.121266
0.0766295
-1.07906
-0.0307875
-0.270024
-2.87503
2.04942
0.704512
-0.107509
0.0443524
-0.0878946
-0.00993607
-0.0336545
-1.24621
0.00599487
-1.16423
-0.0640755
-0.00437825
0.044121
-0.0394664
0.294588
0.154921
-0.369921
0.274864
-0.0169465
0.170818
-0.109895
0.0284117
0.150799
0.0362075
-0.474236
0.37993
-0.944371
-0.39502
0.214332
0.0954219
0.122303
0.0533038
-0.306294
-0.0624514
0.154501
-0.00535025
2.09569
-1.78095
0.0256143
0.0971192
-0.0101166
0.128109
0.0775815
0.138159
-0.114979
-0.256696
-2.97927
1.01598
-1.18857
0.213202
0.094362
-0.13598
-0.601375
-0.0104204
0.347552
-0.545032
-0.297877
-0.00550121
0.0634939
0.00455994
-0.00299851
0.0542303
0.00532179
-0.062721
2.50402
0.128765
-0.0969478
0.0794923
-0.0328388
-0.0137479
0.0123126
-0.0508784
-0.00427123
0.662184
1.20279
-0.00183652
-1.44758
-0.0324749
0.0369101
0.019767
0.00217173
-0.0198148
0.0358718
0.0454631
-2.2313
-2.5194
0.201651
-0.342761
-0.0169767
0.00040815
-0.127264
-0.00916866
0.0742543
0.0489462
0.00596327
-0.0176227
-2.39016
0.0053101
-0.87628
1.60205
-0.0172217
0.162937
-0.0276314
-0.00558366
0.0477762
0.0638458
0.00593137
-0.202014
-0.110206
-0.00524364
0.0780692
2.66721
0.498864
-1.40125
-0.509739
0.723838
-0.904012
0.105565
-0.256237
-0.0286651
-0.407927
-2.87414
0.0087956
0.274773
0.0129658
0.161738
0.865655
0.116277
0.277661
-0.00508763
-0.561723
0.0207873
-0.371
-0.0346811
0.000834785
-0.373974
-1.27313
0.118532
-0.0248482
2.26418
-0.247505
-0.158883
-0.0966248
-0.342278
0.0871558
0.0759454
-2.53972
2.1645
1.4529
0.52617
-0.842568
0.116018
0.246573
-0.15311
-0.153627
0.000195823
0.680386
0.236033
-0.00181329
0.0189366
-0.0200225
0.330673
0.330294
0.0934458
-0.549346
1.02393
-2.05591
0.911273
0.324644
-0.777391
-0.0130182
-0.10667
0.848316
-1.62105
-3.73859
-3.14678
-0.0264242
-0.215204
-0.00425911
1.92573
-0.59194
-1.26943
-0.154698
-0.00108797
0.746165
-1.49304
2.30114
-0.563752
-3.49924
-0.922755
-0.207588
-0.087916
1.56447
0.209395
-1.20353
-0.0568667
-0.246691
0.278507
-0.707828
2.23113
0.690097
-1.30716
2.01297
0.10968
-0.000525161
0.299344
0.0562587
-0.0037783
0.0498858
-0.218267
0.339207
0.123517
0.146606
-0.394195
0.13017
-1.00609
0.332258
0.0481326
-0.467702
-0.00587765
-0.103571
0.699508
-0.0110842
-1.41438
-0.260558
0.0464416
-0.280541
-0.00253927
0.337989
-0.301056
-0.0795106
-0.0953808
-0.000554151
0.0161589
0.00210534
-1.87193
1.46252
-0.671756
-0.429668
-2.87702
-0.320356
1.09645
0.253116
-0.656175
0.011789
-0.275064
0.302766
-0.122217
2.01547
-0.343318
-0.0873
0.687192
0.198581
0.00443086
-0.0301519
-0.0604804
-0.00546411
0.0846928
-0.32647
0.226575
0.296462
-1.5706
1.0555
-1.42513
0.210597
-0.0521533
-0.0518327
-0.0225386
0.0555404
0.0280983
-0.145833
0.00596252
0.444536
0.783474
0.450499
-0.345035
0.00919476
-0.483927
0.00311293
-0.338912
-0.026566
0.000920039
0.0748264
0.0251736
-1.78098
-0.027687
0.841942
-1.95443
-1.84202
0.0382826
-0.552268
0.011582
0.152352
-0.0413074
-0.200974
-2.69354
0.18334
-1.49624
-1.64607
-1.70205
-1.43834
-0.39283
-0.00796341
0.467298
0.0914899
-0.00376093
0.0379865
-0.248467
0.108908
-0.126466
-0.128376
-0.226665
0.236993
-1.61468
0.189303
-0.00978284
-0.273388
-0.0312594
-0.13137
0.00945209
-2.73239
1.56395
-0.0459359
0.983421
-0.349472
-0.0121982
0.533846
-0.223631
-0.170897
-0.0723205
-0.00160076
0.0603578
-0.0891723
-0.0055952
0.0148486
-0.42324
0.451625
-0.884075
-0.158859
1.37162
0.238253
-0.406524
-0.0371651
-0.443678
-0.0445273
0.125617
1.54666
3.42762
1.54602
0.533999
0.145988
0.000721973
0.276571
0.00295818
-0.00433809
0.0659435
-0.147803
-0.0192938
0.232399
0.0490664
0.291734
-0.875756
-0.0130424
-0.241362
0.0198356
-0.0916298
0.0163485
-0.0154208
-0.141157
-0.00596613
0.0867347
0.178391
0.0404976
-0.845436
0.0407511
0.0107186
-0.0531862
-0.344663
-0.0291727
0.00072992
0.035477
-0.00455063
0.0629621
-0.00849324
0.249388
-0.254107
0.645641
0.111045
-0.322265
0.000429689
-0.0932881
-0.0226821
-0.416493
0.100662
-0.119016
-3.06693
0.0657057
1.98837
2.09414
-0.0689819
0.0157647
-0.0377472
-0.0696071
-0.0136109
0.141523
0.0397881
-0.224986
0.0716474
0.00577673
0.000582091
-0.0503537
0.0566126
-0.0432007
-0.101774
-0.0557383
-0.0723927
-0.0197205
-0.196292
0.00923079
0.0895707
-0.103186
-0.020592
-0.0401761
0.0144688
0.0474169
2.80136
0.175441
0.0713411
0.0101183
0.0383437
-0.118541
-0.0911092
-0.00904507
0.0226796
-0.0103167
0.0915807
0.287346
-0.0722839
0.559117
0.125956
1.96347
0.00119201
0.0100807
-0.0200515
-0.0831678
-0.132163
0.0143165
-0.0831296
-0.638778
-0.623973
0.0196037
-0.71326
-0.10241
-0.634115
-0.825721
2.6133
-1.04793
-0.777625
0.0407369
-0.384258
-0.216231
-0.694873
-0.0174038
-0.776322
-0.189801
-0.636944
-0.000704407
-0.75799
-0.175228
-0.339906
0.484308
-1.80604
-0.357834
-2.35737
2.27658
-3.06382
-3.21867
-2.43492
1.50642
0.431366
0.402438
-0.392399
-1.04118
1.59424
-0.910478
0.77339
-0.927251
0.268622
-1.77427
-0.873682
0.106356
-0.459722
0.776008
5.1219
2.86645
-1.658
5.33762
-1.23909
-0.649652
-0.87142
-0.52799
-0.221427
0.310762
-0.858369
-0.278715
1.78801
-0.651613
1.16166
-0.456162
-0.598473
0.175588
-0.728408
0.0179702
-0.63875
-0.21458
-0.432979
-0.0745386
-1.4316
1.09524
-4.80418
-1.34896
-0.103473
-0.224977
0.0793683
-0.369405
2.5786
-1.60648
-1.18045
-0.893384
0.224141
-0.759972
-3.79137
-2.95597
-0.260434
0.0509965
-0.817917
-0.830688
0.780733
0.90864
-3.14878
2.46848
0.0648555
0.0355782
-0.834475
0.0191235
-2.92657
2.05969
0.494489
-1.14851
0.199582
-4.1987
1.03728
3.0675
0.131317
-2.14977
-2.79471
0.786586
-0.525071
-0.151623
-0.376591
0.190733
-0.647923
-0.0178379
-0.773137
-0.18824
-0.156111
-0.60161
0.408081
-0.0603959
-0.351158
-0.391944
-0.173113
0.391918
-0.715732
0.86803
0.285963
0.0609844
-0.153392
0.46132
-0.237338
0.0196859
1.77195
-1.2319
7.94534
-5.75218
-2.75583
0.18671
0.549019
-3.01724
-0.897432
2.05875
-4.76238
1.39574
-1.24727
-2.30758
2.00779
0.45817
-2.08574
-1.21468
1.20949
-3.33
0.260067
0.702359
0.315129
-0.331391
3.22531
-0.873373
1.18148
-1.05884
0.0298746
-0.419092
-0.207655
0.0306265
-0.277249
0.170563
-2.90773
-0.209697
-0.264389
-0.526703
0.0469854
-0.0605281
-0.908636
-3.97997
-3.94447
-3.617
-3.80782
2.38945
3.44418
-1.15139
-2.81031
-2.07056
0.376312
-2.47036
-1.005
-2.91406
-2.14337
-5.23302
-2.03183
-1.03655
4.44151
-1.92121
-1.32964
-2.76103
-0.485058
-1.75728
-0.749986
-0.226023
-0.750153
-1.23681
