[28, 16, 16, 4]
-2.17599
-0.702969
1.07122
0.363754
0.303889
-1.09953
0.901293
-0.968038
0.624966
0.666235
0.0832281
0.316179
1.79266
0.431317
0.395525
-0.49952
2.97734
2.46864
1.83997
0.576232
1.09487
2.17119
-2.49866
0.97053
-0.933072
-0.421132
-0.767217
0.975782
1.69868
-1.19224
0.607878
1.37319
2.00044
1.87831
1.16681
0.0228232
0.859981
1.99707
-0.792516
2.51693
-1.76621
-0.310088
-0.18708
0.354866
1.25935
-0.518541
-1.74857
0.540556
0.457081
-0.0955156
1.12071
-0.219799
0.252843
2.43263
0.00710011
-2.29671
-0.33075
-0.137852
-0.543092
-0.588129
2.07393
-0.592067
-3.03126
0.768862
1.48132
0.341258
0.427356
0.399177
0.550361
1.94822
0.993386
-1.32719
1.43423
-0.669829
-1.19358
1.1361
1.01625
-1.34357
-2.41212
-0.647078
1.116
0.379554
1.39923
-0.860278
0.0634649
1.74296
-0.0594525
0.521109
0.770819
-0.35438
-0.512022
-1.23441
1.20356
-1.27872
-2.04636
0.0239128
0.129103
0.277688
1.3738
-0.288867
0.428223
1.28811
0.443935
-0.109697
1.44035
0.126576
-1.10229
0.705962
1.38464
-1.83491
-2.73618
-0.0485235
0.742994
2.36355
3.26042
1.85325
-3.05963
-2.32141
0.0836436
-2.60723
-1.94266
-1.41436
0.727022
2.00421
0.0732073
0.0582512
-1.52239
-0.794255
0.136298
0.694666
0.9355
-0.842229
0.900975
1.39418
-0.500868
1.51798
-0.370394
1.66283
0.158444
0.103667
1.6366
-1.00123
0.0759037
-0.358523
-0.870688
0.37214
0.786271
1.52445
0.189331
1.75241
-0.0300716
0.820688
-1.1031
1.26268
1.00612
0.806729
1.54993
-0.303411
-1.77413
0.197864
0.826203
1.07529
0.617984
-0.924478
0.678628
-0.570503
-0.367915
0.845148
-0.984157
-1.171
1.02782
0.181347
1.34936
2.19823
-0.996099
-0.507838
-0.592657
-0.178965
1.68369
0.170753
0.217686
-1.55369
-0.124112
0.719817
-0.57958
-0.0333802
1.01331
0.0334028
1.4979
0.26505
-0.771977
-0.131119
0.0724635
0.407155
1.28079
2.09647
-0.339619
0.167269
0.958226
-0.0611526
-1.14746
0.0426316
0.391784
-1.37872
1.89985
0.480502
0.506256
0.311879
-1.14689
0.36497
1.11293
0.228186
-0.769323
-2.91018
-0.539495
1.69248
-0.180377
0.450199
0.779634
0.312477
1.24825
-0.385977
-0.911423
-0.890045
-2.28996
2.50677
-5.79461
-0.714478
-0.308494
-3.25498
-0.0639411
4.08744
0.474193
-4.25173
3.02139
0.202412
1.98195
3.04013
1.26943
-1.17227
-1.88976
-4.10214
-2.35056
-0.3744
-0.722833
2.10976
2.68142
-2.27756
2.75567
-3.745
3.79814
0.585186
-0.126051
1.65715
0.240693
-1.37679
-1.65015
-0.0441351
-1.09335
-0.675391
-0.419825
-1.0042
0.521628
3.20088
1.00852
-3.69877
0.664065
1.93476
1.79038
0.935789
1.5207
0.157189
0.0788864
2.39952
-3.72827
0.546394
-1.89144
-1.16515
0.273131
0.0905239
0.440951
-0.293434
1.55909
-0.77898
1.57638
0.337018
-2.27772
0.834879
-0.797451
-0.280887
-0.963051
-0.309961
1.36066
1.36867
1.27027
0.068293
1.10552
-1.9682
1.36891
-0.3798
1.47505
0.334704
0.683546
0.181132
-1.74942
0.706235
-0.744679
1.38668
-0.902745
-0.439772
0.434261
1.21449
0.358981
-1.8939
1.27689
0.628844
1.65438
1.3696
0.186088
0.150461
-0.199345
2.83864
-0.734223
-0.838902
0.529395
-1.41793
1.08427
-2.46704
1.22239
1.0865
-0.0469123
0.926527
-0.131649
-2.94003
-0.706734
-0.809971
-0.0545989
0.923155
-0.690701
-2.8173
-1.40857
0.161682
-1.25618
0.0710621
1.55057
-1.01698
1.42365
0.363277
0.5569
1.17497
-0.832184
-0.296136
-1.39967
-1.62231
-0.550437
0.576747
1.29269
-3.02978
1.17163
-3.00756
0.59709
0.778892
0.231341
0.493956
1.23741
1.31122
-2.67822
0.292769
-2.26778
0.199838
1.62914
-0.821019
0.620332
-0.0816849
-0.973801
1.42927
1.81029
-0.308797
1.09544
0.662648
0.880167
0.421599
0.927986
-1.07254
-0.763614
4.5269
1.4231
-0.93802
-0.365494
1.83228
3.199
-0.310444
0.789312
1.19555
3.50971
7.44326
-0.384338
0.889341
4.40654
-1.88134
0.823264
-4.25444
-3.3999
0.284474
-0.0261696
-2.28628
-3.51203
1.75119
-1.07847
-1.349
-3.19567
-4.23034
-3.01588
-3.00159
-3.68664
2.97826
-0.0379577
4.97304
-2.82001
0.208487
-0.98976
3.96371
1.57965
2.92292
-0.863089
-0.279293
4.68173
-1.91232
-0.801701
0.525286
-2.16394
-1.61957
-1.94355
1.22102
4.19405
1.5706
0.0343122
3.43411
-0.15991
-3.66421
1.77733
-3.5713
2.90686
6.66869
0.842043
3.47474
2.70719
-0.365311
-0.507238
-0.0378285
-2.99816
-0.653474
0.448822
-0.0731571
1.11886
1.85199
-0.37236
-0.152805
-0.621
1.34306
-1.94528
-3.30174
0.0190021
1.02378
1.00602
3.75314
1.11076
-0.40854
0.0594615
0.0837363
-2.54487
0.635262
0.112019
-0.809391
-2.08079
-6.4961
1.7655
-1.34349
-0.813132
0.540274
0.856234
-0.392334
0.93208
0.563272
-0.37741
1.30359
3.44988
-1.35493
0.633919
-1.85948
0.522795
-3.1121
0.217663
1.70643
1.18576
-1.79588
2.59359
1.31581
0.907773
-0.285889
-1.99806
-0.288236
-0.474715
0.54519
-0.0574563
-1.32561
-0.775967
-4.04612
2.22327
0.00853639
-1.34185
-0.442181
2.42993
2.15886
-0.614681
0.623161
2.9316
-3.00055
0.118404
-1.47028
-0.147788
1.22084
3.65559
1.67157
-2.35542
0.645475
-5.30045
0.755729
-0.965191
3.92932
2.31523
2.90515
3.06269
-5.61395
-0.759547
-2.36899
-0.317987
1.11733
2.13565
2.16699
-2.00064
-0.784161
2.18975
0.284163
-1.61502
-0.804763
1.13295
2.47449
1.48519
2.94737
2.02474
6.17715
-2.30043
-0.974005
-0.90553
-0.645449
1.06804
-4.39265
-2.9084
5.22441
-0.969416
0.444512
1.3064
2.67565
-0.00393808
3.35176
0.492598
-2.54707
2.41085
-2.24477
-1.72385
0.977652
-0.140073
1.21143
0.22459
-0.619665
-1.20652
-4.18345
-0.714361
0.59369
0.973401
-2.47239
1.84064
2.21911
-0.902126
1.03142
-0.44071
2.26931
0.245258
0.292275
-2.51379
1.53603
-0.93227
-0.42209
0.873809
-0.598932
0.268999
0.648142
-2.52056
-4.17086
2.09113
-5.91717
1.03562
0.750714
2.45328
1.52114
0.957194
-0.513762
-2.52953
-6.37224
0.295348
0.664935
0.314501
3.1888
-1.34223
0.920877
-0.276182
0.0528423
-1.11264
0.910963
3.36007
0.177208
0.194754
0.297009
1.79228
0.568152
1.5954
-0.531134
0.458863
0.350358
0.707494
-0.135488
3.70148
-6.81077
0.140722
-7.54198
2.35712
4.4255
0.986188
-2.01312
2.83302
-3.77813
-2.81277
2.2399
0.546991
-0.666459
-2.4319
4.32023
-5.19691
7.57623
-5.7373
5.01782
-1.73149
-0.791571
1.2972
0.330346
-0.120202
0.960801
0.238361
-0.699076
0.691087
-1.39437
-2.8065
1.54483
3.91373
-3.94974
3.29813
-2.59409
2.39382
1.01198
0.360604
-2.04988
-1.08618
0.0111507
-2.18314
-0.379242
0.418084
0.527486
-1.79212
0.383783
-0.467087
1.19348
-0.133753
1.54439
2.00777
-0.168487
4.77963
1.11558
-4.68739
-0.0186301
1.43961
-0.572248
0.208531
0.0450093
1.36266
0.173722
-3.06606
3.41458
2.18714
2.69458
-1.8548
-5.6734
1.00658
-0.566993
0.237889
-4.84316
2.1073
3.10823
0.286111
0.0575445
0.964736
-0.051872
-1.17143
-1.1343
-2.25339
-2.27229
-0.472554
-0.417322
0.387527
-3.31089
0.633894
0.0509592
-4.1894
-1.95568
-2.36567
2.94659
1.23998
2.39183
-0.069945
1.32083
-1.73227
-0.185347
-0.237727
1.27832
-1.24793
5.19478
3.56278
-4.11377
2.16754
-6.18554
-11.9662
3.56844
1.72439
-5.67399
3.18028
-5.07606
0.377821
-3.20167
-3.53457
4.54176
-0.521711
-0.829265
-2.9306
4.74696
-1.93981
-1.23718
-1.97171
-2.21593
-2.69769
-1.83037
-7.50702
-4.73125
-6.16421
-3.94459
11.2491
-15.6666
-10.5233
5.57036
9.04591
-7.43521
4.95741
-1.71026
-2.02105
-9.08187
-7.46332
6.69177
7.14389
-20.8852
-3.32136
-5.18325
-20.5114
18.6987
-4.09416
-6.91466
11.1156
-9.74107
-2.05626
-3.6471
-3.38119
-3.37815
-3.35011
-2.09382
-8.13877
-4.49671
-5.01323
-1.88002
-0.919373
5.56802
2.31073
0.636482
-2.73364
2.91759
-2.38066
-1.13744
