[229, 16, 16, 4]
0.0
0.0
0.0
0.0
0.0
0.0
0.0
0.0
0.0
0.0
0.0
0.0
0.0
0.0
0.0
0.0
0.0
0.0
0.0
-0.0166637
2.04899
0.0
0.0
0.35594
0.0
-1.06385
0.0
-0.100759
0.0
0.0
0.0
0.0
0.0
0.722238
-0.769036
0.0
0.0
0.0
0.0
0.0
0.0
0.0
0.0
0.0
0.0
0.0
0.0
0.0
0.0
0.0
0.0
0.0
0.0
0.0
0.0
0.0
0.0
0.0
0.0
0.0
0.0
0.0
0.616579
0.0
0.436571
-0.282579
0.0
0.0
0.0
0.0
0.145827
0.0
0.0
0.0
0.0
0.0
0.0
0.0
0.0
0.0
0.502881
1.31725
-0.0323793
-0.0289613
-0.0406847
-1.26622
-0.136252
0.74029
-2.05579
1.03543
-0.409313
0.711791
0.0288183
-0.0613606
0.609386
0.706202
0.0
0.0
0.0
0.0
0.0
0.0
0.0
0.0
0.0
0.0
0.0
0.0
0.0
0.0
0.0
0.0
0.48508
0.691091
0.385956
-0.0712885
-0.149069
-1.19752
0.266374
0.621261
-1.27324
1.003
0.0789269
1.09694
-0.583548
0.993294
1.41404
0.905007
0.0
0.0
0.0
0.32052
0.0
0.0
0.0
0.0
0.0
0.0
-0.391736
0.0
0.0
0.0
0.0
0.0
1.03909
-0.0836318
0.898788
-0.107067
-0.138877
-1.77525
1.72699
0.590324
-1.38995
1.23877
0.0515238
0.799165
-0.341352
1.14703
1.61772
0.522171
0.0
0.0
0.0
0.0
0.0
0.0
0.0
0.0
0.0
0.0
0.0
0.0
0.0
0.0
0.0
0.0
0.0
0.0
0.0
0.0
0.0
0.0
0.0
0.0
0.0
0.0
0.0
0.0
0.0
0.0
0.0
0.0
0.0
0.0
0.0
0.0
0.0
0.0
0.0
0.446291
0.0
0.0
0.0
0.0
0.0
0.0
0.0
0.0
0.0
0.0
0.0
0.0
0.0
0.0
0.0
0.0
0.0
0.0
0.0
0.0
0.0
0.0
0.0
0.0
0.0
0.0
0.0
0.0
0.0
0.0
0.0
-1.13642
0.0
0.0
0.0
0.0
0.0
0.0
0.0
0.0
0.0
0.0
0.0
-0.677251
0.0
1.76432
0.0
0.0
0.0
0.0
-0.269942
0.0
0.0
0.0
0.0
0.0
0.0
0.0
0.0
0.0
-1.27421
0.0
0.0
0.0
0.0
0.0
0.0
0.0
0.0
0.0
0.0
0.0
0.0
0.0
0.0
0.0
0.0
0.0
0.0
0.0
0.0
0.0
0.0
0.0
0.0
0.0
0.0
0.0
0.0
1.49642
0.0
0.0
0.0
0.174678
0.0
0.0
-1.69
0.0
0.0
0.0
0.0
0.0
0.0
0.0
0.492004
1.56385
1.18794
-0.0695228
-0.0435258
-1.12284
-0.197908
0.65465
-2.45748
0.552192
-0.289452
0.284473
-0.636554
-0.424994
0.551576
0.316682
0.0
0.0
-0.336256
0.0
0.0
0.0
0.0
0.0
0.0
0.0
0.0
0.0
0.0
0.0
0.0
0.0
0.0
0.0
0.0
0.0
0.0
0.0
0.0
0.0
0.0
-0.922699
0.0
0.0
0.0
0.0
0.0
0.0
0.0
0.0
0.0
0.0
0.0
0.0
0.0
0.0
0.0
0.0
0.0
0.0
0.0
0.0
0.0
0.0
0.0
0.0
0.0
0.0
0.0
0.0
0.0
0.0
0.0
0.0
0.0
0.0
0.0
0.0
0.0
0.0
0.0
0.0
0.0
0.0
0.0
0.0
0.0
0.0
0.0
0.0
0.0
0.0
0.0
0.0
0.0
0.0
0.0
0.0
0.0
0.0
0.0
0.0
0.0
0.0
0.0
0.0
0.0
-0.550099
0.489483
0.0
0.0
0.0
1.10427
-0.187923
1.35022
-0.0480875
0.508487
-1.9811
1.46419
0.565362
-1.38857
0.992185
0.0880073
1.06018
-0.330183
0.487849
1.67933
0.478919
0.0
0.0
0.0
0.0
0.0
-1.54652
0.0
0.0
0.0
0.0
0.0
0.0
0.0
0.0
0.0
-0.394934
0.0
0.0
0.0
0.0
0.0
0.0
0.0
0.0
0.0
0.0
-0.661685
0.0
0.0
0.0
0.0
0.0
0.0
0.0
0.0
0.0
0.0
0.0
0.0
0.0
0.0
0.0
0.0
-0.448512
0.0
0.0
0.0
0.0
0.0
0.0
0.0
0.0
0.0
0.0
0.0
0.0
0.0
0.0
0.0
0.0
0.0
0.0
0.0
0.0
0.0
0.0
0.0
0.0
-0.888835
0.0
0.0
0.0
0.0
0.0
0.0
0.0
0.0
0.0
0.0
-0.852471
-0.61592
1.64518
3.3603
-0.0740317
-0.0478841
-0.300084
1.21902
1.02578
-2.51308
0.928863
0.683671
-1.2492
-0.772131
-0.572185
-0.00238009
-0.0957901
0.0
0.0
0.0
0.0
0.0
0.0
0.0
0.0
0.0
0.0
0.0
0.0
0.0
0.0
0.0
0.799488
-0.370632
0.0
0.0
0.0
0.0
0.0
0.0
0.0
0.0
0.0
0.0
0.0
0.0
0.0
0.0
0.0
0.0
0.0
0.0
0.0
0.0
0.0
0.0
0.0
0.0
0.0
0.0
0.0
0.0
0.0
0.0
0.0
0.0
0.0
0.0
0.0
0.0
0.0
0.0
0.0
0.0
0.0
0.0
0.0
0.0
0.151655
0.0
0.0
0.0
0.0
0.0
0.0
0.0
0.0
0.0
0.0
0.0
0.0
0.0
0.0
-0.328821
0.0
0.0
-1.07795
0.0
0.0
0.0
0.0
0.0
0.0
0.0
0.0
0.0
0.0
0.0
0.0
0.0
0.0
0.0
0.0
0.0
0.0
0.0
0.0
0.0
0.0
0.0
0.0
0.0
0.0
0.0
0.0
0.0
0.0
0.0
0.0
0.0
0.0
0.0
0.0
-1.42551
0.0
0.0
0.0
0.0
0.0
0.0
0.0
-0.628202
0.0
0.0
0.0
0.0
0.0
0.0
0.0
0.0
0.0
0.0
0.0
-1.38666
0.0
0.0
0.0
0.0
0.0
0.0
0.0
0.977958
-0.285157
1.05799
-0.0571428
-0.0545952
-1.96628
1.44134
0.573479
-1.29861
1.10859
-0.196551
1.1234
-0.19032
0.836261
1.7406
0.446847
0.0
0.0
0.0
0.0
0.0
0.0
0.0
0.0
0.0
0.0
-2.53004
0.0
0.0
0.0
0.0
0.0
0.0
0.0
0.0
0.0
0.0
0.0
0.0
0.0
0.0
0.0
0.0
0.0
0.0
0.0
0.0
0.0
0.0
-1.94194
0.0
0.0
0.0
0.0
0.0
0.0
0.0
0.0
0.0
0.0
0.0
0.0
0.0
0.0
0.0
0.0
0.0
0.0
0.0
0.0
0.0
-0.98303
0.0232429
0.0
0.0
0.0
0.0
0.0
0.0
0.0
0.0
0.0
0.0
0.0
0.0
0.0
0.0
0.0
0.0
0.0
0.0
0.0
0.0
0.0
0.0
0.0
0.0
0.0
-0.537189
0.0
0.0
0.0
0.0
0.0
0.0
0.0
0.0
-1.48033
0.0
0.0
0.0
0.0
0.0
0.0
0.0
0.0
0.0
0.0
0.0
0.0
0.0
0.0
0.0
0.0
1.13956
0.0
0.0
0.0
0.0
0.0
0.0
-0.624894
0.0
0.0
0.0
0.0
0.0
-0.0502125
0.0
0.0
0.0
0.0
0.0
0.0
0.0
0.0
0.0
0.0
0.0
0.0
0.0
0.0
0.0
0.0
0.0
0.0
0.0
0.0
0.0
0.0
0.0
0.0
-1.0456
0.0
0.0
0.0
0.0
0.0
0.0
0.0
0.0
0.0
0.0
0.0
0.0
0.0
0.0
0.0
0.0
0.0
0.0
0.0
0.0
0.0
0.0
0.0
0.0
0.0
0.0
0.0
0.0
0.0
0.0
0.0
0.0
0.0
0.0
0.0
0.0
0.0
0.0
0.0
0.0
0.0
0.0
0.0
0.0
0.0
0.0
0.0
0.0
0.0
0.0
0.0
0.0
0.0
0.0
0.0
0.0
0.0
0.0
0.0
0.0
0.917124
0.0
0.0
0.0
0.0
0.0
0.0
0.0
0.0
0.0
0.0
0.0
0.0
0.0
0.0
0.0
0.0
0.0
0.527233
0.0
0.0
0.0
-0.111561
-0.0194014
0.0
0.0
0.0
0.0
0.0
0.0
0.0
0.0
0.0
0.0
0.0
0.0
0.0
0.0
0.0
0.0
0.0
0.0
0.0
0.0
0.0
0.0
0.0
0.0
0.0
0.0
0.0
0.0
0.0
0.0
0.0
0.0
0.0
0.0
0.0
0.0
0.0
0.0
0.0
0.0
0.0
0.0
0.0
0.0
0.0
0.0
0.0
0.0
0.0
0.0
-0.132721
-0.659897
0.0
0.0
0.0
0.0
0.0
0.185388
4.02221
-1.2991
-0.0264008
-0.0580866
-0.0789172
0.926532
0.359459
-1.69503
-0.552633
0.305215
0.0952743
0.22558
-0.657492
-0.627385
-1.10429
0.0
0.0
0.0
0.0
0.0
0.0
0.0
0.0
0.0
0.0
0.0
0.0180265
0.0
0.67689
0.0
0.423726
0.0
0.0
0.0
0.0
0.0
0.0
0.0
0.0
0.0
0.0
0.0
0.0
-0.558584
0.0
0.0
0.0
0.0
0.0
0.0
0.0
0.0
0.0
0.359488
0.0
0.0
0.0
0.0
-0.13441
0.0
0.0
0.224845
0.0
0.0
0.0
0.0
0.0
0.0
0.0
0.0
0.994357
0.0
0.0
0.0
0.0
0.0
0.0
0.0
0.0
0.0
0.0
0.0
1.75871
0.0
0.0
0.0
0.0
0.0
0.0
0.0
0.0
0.0
0.0
0.0
0.0
0.0
0.0
-1.02778
0.0
0.0
0.0
0.0
1.42366
0.0
0.0
0.0
0.0
0.0
0.0
0.0
0.0
0.0
0.0
0.0
0.0
0.0
0.0
0.0
0.0
0.0
0.0
0.0
0.0
0.0
0.0
0.0
0.0
0.0
0.0
0.0
0.0
0.0
0.0
0.0
0.0
0.0
0.0
0.0
0.0
0.0
0.0
0.0
0.0
0.0
0.0
0.0
0.0
0.0
0.0
0.0
0.0
0.0
0.42219
0.0
0.0
0.0
0.0
0.0
0.0
0.0
0.0
0.0
0.0
0.0
0.565405
0.0
0.0
0.0
0.0
0.0
0.0
0.0
0.0
0.0
0.0
0.0
0.0
0.0
0.0
0.0
0.445629
0.0
0.0
0.0
1.88805
0.0
0.0
0.0
0.0
0.0
0.0
0.868902
-0.412559
0.499355
-0.0364995
-0.0217797
-2.09957
0.918046
0.581722
-1.26157
1.09608
-0.2924
1.36426
-0.0275558
1.5064
1.81071
0.313218
0.0
0.0
0.0
0.0
0.0
0.0
0.0
0.0
0.0
0.0
0.0
0.0
0.0
0.0
0.0
0.0
-0.856407
2.72195
-0.720789
-0.0118525
-0.0615956
-0.169952
-0.0374237
1.83586
-1.11948
-0.109463
0.0667083
-0.0375938
0.408411
-1.58486
-0.831659
0.0192706
0.0
0.0
0.0
0.0
0.0
0.0
0.0
0.0
0.586126
0.0
0.0
0.0645897
0.0
0.0
0.0
0.0
0.0
0.0
0.0
0.0
0.0
0.0
0.0
0.0
0.0
0.0
0.0
0.0
0.0
0.0
0.0
0.0
0.0
0.0
0.0
0.0
0.0
0.0
0.0
0.0
0.0
0.0
0.0
0.0
0.0
0.0
0.0
0.0
0.0
0.0
0.0
0.0
0.0
0.0
0.0
0.0
0.0
0.0
0.0
0.0
0.0
0.0
0.0
0.0
0.0
0.0
0.0
0.0
0.0
0.0
0.0
0.0
0.854719
0.0
0.0
0.0
-0.644085
0.0
0.0
0.0
0.0
0.0
0.0
0.0
-2.67125
0.654095
0.0
0.0
0.0
0.0
0.0
0.0
0.0
0.0
0.0
0.0
0.0
0.0
-0.834473
0.0
0.0
0.0
0.0
0.0
0.0
0.0
1.64425
0.0
0.0
-0.789368
0.0
0.0
0.0
0.0
0.0
0.0
0.194824
0.0
0.0
0.0
0.0
0.0
0.0
0.0
0.0
0.0
0.0
0.0
0.0
0.0
0.0
0.0
0.0
0.0
0.0
0.28587
0.0
0.0
0.0
0.0
0.0
0.0
-1.21271
1.02268
0.0
0.0
0.0
0.0
0.0
0.0
0.0
0.0
1.75372
0.0
0.0
0.0
0.0
0.0
0.0
0.0
0.0
0.0
0.0
0.0
0.0
0.0
0.0
1.0852
0.0
0.0
0.0
0.0
0.0
0.0106059
0.0
0.0
0.0
0.0
0.0
0.0
0.0
0.0
0.0
0.0
0.0
-0.392002
0.0
0.0
0.0
0.0
0.0
0.0
0.0
0.0
0.0
0.586753
0.0
0.183587
0.223839
0.0
0.0
0.0
0.0
0.0
0.0
0.0
0.0
0.0
0.871245
-0.451436
0.546678
-0.0405358
-0.0163069
-2.16201
0.917558
0.575948
-1.22758
0.947346
0.21076
1.47137
0.0198296
1.36537
1.84617
0.404982
0.716341
0.0
0.0
0.0
0.0
0.0
0.0
0.0
0.0
0.0
0.0
-0.363112
0.0
0.0
0.0
0.0
0.0
-2.02468
0.0
0.0
0.0
0.0
0.0
0.0
0.0
0.0
0.0
0.0
0.0
0.0
0.0
0.0
0.0
0.0
0.0
0.0
0.0
0.0
0.0
0.0
0.0
0.0
0.456765
0.0
0.0
0.0
0.0
0.0
0.0
0.0
0.0
0.0
0.0
-0.790451
0.0
0.0
0.0
0.471592
0.436741
0.0
0.0
0.0
0.0
0.0
0.0
0.0
0.0
0.0
0.0
0.0
0.0
0.0
0.0
0.0
0.0
0.0
0.0
0.0
0.0
0.0
0.0
0.0
0.0
0.0
-0.399511
0.0
0.0
0.0
0.0
0.0
0.0
0.0
0.0
0.0
0.0
0.0
0.0
0.0
0.0
0.0
0.0
0.0
0.0
0.0
0.0
0.0
0.0
0.0
0.0
0.0
0.0
0.0
0.0
0.0
0.0
0.0
0.0
0.0
0.0
0.0
0.0
0.0
0.0
0.0
0.0
0.0
0.0
0.0
0.0
0.0
0.0
0.0
0.0
0.0
0.0
0.0
0.0
0.0
0.0
0.0
0.0
0.0
0.0
0.0
0.0
0.0
0.0
0.0
0.0
0.0
0.0
0.0
-0.167783
0.0
0.0
0.0
0.0
-1.48949
0.0
0.0
0.0
0.0
0.0
0.0
0.0
0.0
0.0
0.0
0.0
0.0
0.0
0.0
0.0
1.51142
0.0
0.0
0.0
0.0
0.0
0.0
0.0
0.0
0.0
0.0
0.0
0.0
0.0
0.0
0.26632
0.0
0.0
0.0
0.0
0.0
0.0
0.0
0.0
0.0
0.0
0.0
0.0
0.0
0.0
0.0
0.0
0.0
0.0
0.0
0.0
0.0
0.0
0.0
0.0
0.0
0.0
-0.812478
0.0
0.0
0.0
0.0
0.0
1.53128
0.0
0.0
0.0
0.0
0.0
0.0
0.0
-0.274567
-0.105161
0.0
0.0
0.0
0.0
0.0
0.0
0.0
0.0
0.0
-0.903255
2.07597
-0.803308
-0.0251589
-0.0511585
-0.262642
-0.0204869
1.86504
-1.37374
0.211054
0.148968
-0.089566
0.498015
-0.077633
-0.669413
-0.331833
0.0
0.0
0.0
0.0
0.0
0.0
0.0
0.0
0.0
0.0
-0.118845
0.0
0.0
0.0
0.0
0.0
0.0
0.0
0.0
0.0
0.0
0.0
0.0
0.0
0.0
0.0
0.0
0.0
0.0
0.0
0.0
0.0
0.0
0.0
-0.449331
0.0
0.0
0.0
0.0
1.96403
0.0
0.0
0.0
0.0
0.0
0.0
0.916517
0.0
0.0
0.0
0.0
0.0
0.0
0.0
0.861558
0.0
0.0
0.0
0.0
0.0
0.0
0.0
0.0
0.0
0.0
0.0
0.0
0.10369
0.822969
0.0
0.0
0.0
0.0
0.0
0.0
0.0
0.0
0.0
0.0
0.0
0.0
0.0
0.0
0.0
0.0
0.0
0.0
0.0
0.0
0.0
0.0
0.0
0.0
0.0
0.0
0.0
-1.24362
0.0
0.0
0.0
0.0
0.0
0.0
0.0
0.0
-1.20824
0.0
0.0
0.0
0.0
0.0
0.0
0.0
0.0
0.0
0.0
0.0
0.0
-0.617657
0.0
0.0
0.0
0.0
0.0
0.0
0.0
0.0
0.0
-0.214983
0.0
0.94513
0.0
0.0
0.0
0.0
0.0
0.0
0.0
0.0
0.0
0.0
0.0
0.0
0.0
0.0
0.0
0.0
0.0
0.0
0.0
0.0
0.0
0.0
0.0
0.0
0.0
0.0
0.0
0.0
0.0
0.0
0.0
0.0
0.803665
0.0
-0.764685
0.0
0.0
0.0
0.0
0.0
0.0
0.0
0.0
0.0
0.0
-1.76411
0.817057
0.0
0.0
0.0
0.0
0.0
0.0
0.0
0.0
0.0
0.0
0.0
0.0
0.0
0.0
0.0
0.0
0.0
0.0
0.0
0.0
0.0
0.0
0.0
0.0
0.0
0.0
0.0
0.0
0.0
0.0
1.01845
-1.44015
0.697697
-0.0618027
-0.00600202
-1.78356
-0.540883
0.408503
-2.52965
0.557701
-0.592664
1.82389
-0.238004
-0.114273
1.93276
0.135002
0.0
0.0
0.0
0.0
0.0
0.0
0.0
0.0
0.0
0.0
0.0
0.0
0.0
0.0
0.0
0.0
0.0
0.0
0.0
0.0
-2.07486
0.0
0.0
0.0
0.0
0.0
0.0
1.87586
0.0
0.0
0.0
0.0
0.0
0.0
0.0
0.0
0.0
-1.07725
0.0
0.0
0.0
0.0
0.0
0.0
0.0
0.0
0.0
1.31704
0.833315
0.0
0.0
0.0
0.0
0.0
0.0
0.0
0.0
0.0
0.0
0.0
0.0
0.0
0.0
0.0
0.0
0.0
0.0
0.0
0.0
0.0
0.0
0.0
0.0
0.0
0.0
0.0
0.0
0.0
0.0
0.0
0.363531
0.0
0.0
0.0
0.0
0.0
0.0
0.0
0.0
0.0
0.0
0.0
0.0
0.0
0.0
0.0
0.0
0.0
0.0
0.0
0.0
0.0
0.0
0.0
0.0
0.0
0.0
0.0
0.0
0.0
0.0
0.0
0.0
0.0
0.0
0.0
0.0
0.0
0.0
0.0
0.0
0.0
0.0
0.0
0.0
0.0
0.0
0.0
0.0
0.0
0.0
0.0
0.0
0.0
0.0
0.318135
0.0
0.0
0.0
0.0
-0.210485
0.0
0.0
0.0
0.0
0.0
0.0
0.0
0.0
0.0
0.0
0.0
0.0
0.0
0.0
0.0
0.0
0.0
0.0
0.0
0.0
0.0
0.0
0.0
0.0
0.0
0.0
0.0
0.0
0.0
0.0
0.0
0.0
0.0
0.0
0.0
1.61181
0.0
0.0
0.0
0.0
0.0
0.0
0.0
0.0
-0.528921
0.0
0.0
0.0
0.0
0.0
0.0
0.0
0.0
0.0
0.0
0.0
0.0
0.510857
0.0
0.0
0.0
0.0
0.0
0.0
0.0
0.0
0.0
0.0
0.0
0.0
0.0
0.0
0.0
-0.241893
0.0
0.0
0.0
0.0
0.0
0.0
0.0
0.0
0.0
0.0
0.0
0.0
0.0
0.0
0.0
0.0
0.0
0.0
0.0
0.0
0.0
0.0
0.0
0.0
0.0
-0.679551
1.95532
-0.607015
-0.0385198
-0.0657786
-0.311691
1.61281
1.70113
-1.25618
0.178346
-0.0917119
0.0544002
0.167406
0.61085
-0.409804
0.475294
0.0
0.0
0.0
0.0
0.0
0.0
0.0
0.0
0.0
0.0
0.0
0.0
0.0
0.0
0.0
1.0736
0.0
0.0
0.0
0.0
0.0
0.397573
0.0
0.0
0.0
0.16099
0.0
0.0
0.0
0.0
0.0
0.0
0.0
0.0
0.0
0.497424
0.0
0.0
0.0
0.0
0.0
0.0
0.0
0.970209
0.0
0.0
0.0
0.0
0.0
0.0
0.0
0.0
0.0
0.0
0.0
0.0
-0.512412
0.0
0.0
0.0
0.0
0.0
0.0
0.0
0.0
0.0
0.0
0.0
0.0
0.0
0.0
0.0
0.0
0.0
0.0
0.0
0.0
0.0
0.0
0.0
0.0
0.0
0.0
0.0
-0.584391
0.0
0.0
0.0
0.0
0.0
0.0
0.0
0.0
0.0
0.0
0.0
0.0
0.0
0.0
0.0
0.0
0.0
0.0
0.0
0.146746
0.0
0.0
0.0
0.0
0.908743
0.0
0.0
0.0
0.0
1.36445
0.0
0.0
0.0
1.16157
0.0
0.0
0.0
0.0
0.0
0.0
0.0
0.0
0.0
0.0
0.0
0.0
0.0
0.0
0.0
0.0
0.0
0.0
0.0
0.0
0.0
0.0
0.0
0.0
0.0
0.277087
-0.616234
0.0
0.0
0.0
0.0
0.0
0.0
0.0
0.0
0.0
0.0
0.0
0.0
0.0
0.0
0.0
0.0
0.0
0.0
0.0
0.0
-0.232905
0.0
0.0
0.0
0.0
0.0
0.0
0.0
0.0
0.0
0.0
0.0
0.589656
0.0
0.0
0.0
0.0
0.0
0.0
0.0
0.0
0.0
0.0
0.0
-0.450919
0.0
0.512487
0.0
0.0
0.0
0.0
0.0
0.0
0.0
0.0
0.0
0.0
0.0
0.0
0.0
0.0
0.0
-0.700963
-0.885675
-0.0195196
-0.0479362
-0.0235403
-1.16767
1.92925
0.439612
0.238292
0.156362
-0.509945
0.00752816
-0.0625313
1.3251
2.7444
0.145103
0.0
0.0
0.0
0.0
0.0
0.0
0.0
0.0
0.0
0.0
0.0
0.0
0.0
0.0
0.0
0.0
0.0
0.0
0.0
0.0
0.0
0.0
0.0
0.0
0.0
0.0
0.0
0.0
0.0
-0.273839
0.0
0.0
0.0
0.0
0.0
0.0
0.0
0.0
0.0
0.0
0.0
0.0
0.0
0.0
0.0
0.0
0.0
0.177565
0.0
0.0
0.0
0.0
0.0
0.0
0.0
0.0
0.0
0.0
0.0
0.0
0.0
0.0
0.0
-0.366497
0.0
0.0
0.0
0.0
0.0
0.0
0.0
0.0
0.797411
0.0
0.0
0.0
0.0
1.17104
0.0
0.0
0.0
0.0
0.0
0.0
0.0
0.0
0.0
0.0
0.0
0.0
0.0
0.0
0.0
0.0
0.0
0.0
0.0
0.0
0.0
0.0
0.0
0.0
0.0
0.0
0.0
0.0
0.0
0.0
0.0
0.0
0.0
0.0
0.0
0.0
0.0
0.0
0.0
0.0
0.0
0.0
0.0
0.0
0.0
0.0
0.0
0.0
0.506886
0.0
0.0
0.0
0.0
0.0
0.0
0.0
0.0
0.0
0.0
0.0
0.0
0.0
0.0
0.0
0.0
0.0
0.0
0.0
0.0
0.0
-1.28382
0.0
0.0
0.0
0.0
0.0
0.0
0.0
0.0
0.0
0.0
0.0
0.0
0.0
0.0
-0.488566
0.0
0.0
0.0
0.0
0.0
-0.103778
0.0
0.0
0.0
0.0
0.0
0.0
0.0
0.0
0.0
0.0
0.0
0.0
0.0
0.0
0.0
0.0
0.0
0.0
0.0
0.0
0.0
0.0
0.0
0.0
1.78918
0.0
0.0
0.0
0.0
0.0
0.0
0.0
0.0
0.0
0.0
0.0
-0.434878
0.0
0.0
0.0
0.0
0.0
0.0
0.0
0.0
0.0
0.0
0.0
0.0
0.0
0.0
0.0
0.747223
0.0
0.0
0.0
0.644328
0.0
0.0
0.0
0.0
-0.733955
0.0
0.0
0.0
-0.963789
0.0
0.0
0.0
0.0
0.0
0.0
0.0
0.0
0.726427
0.0
0.0
0.0
0.0
0.0
0.0
0.0
0.0
0.0
0.0
0.0
-0.692263
1.90154
-0.142958
0.0146817
-0.0616279
-0.297937
1.43738
1.71761
-1.24555
0.657401
-0.244832
0.146116
0.369766
0.173698
-0.448275
0.288698
0.0
0.0
0.0
0.0
0.0
0.0
0.0
0.0
0.0
0.0
0.0
0.0
0.0
0.680168
0.0
0.0
0.0
0.0
0.0
0.0
0.0
0.0
0.0
0.0
0.585338
0.0
0.0
0.0
0.0
0.0
0.0
0.0
0.0
0.0
0.0
1.84736
0.0
0.0
0.0
0.0
0.0
0.885098
0.0
0.0
0.98921
-1.00867
0.0
0.0
0.0
-1.54174
0.0
0.0
0.0
0.0
0.0
-0.344998
0.0
0.0
0.0
0.0
0.931434
0.0
0.0
0.0
0.0
0.0
0.0
0.0
0.0
0.0
0.0
0.0
0.0
0.0
0.0
0.0
0.0
0.0
0.0
0.0
0.0
0.0
0.0
0.0
0.0
0.0
0.0
0.0
0.0
0.0
0.0
0.0
0.0
0.0
0.0
0.0
0.0
0.0
0.0
0.0
0.0
0.0
0.0
0.0
0.0
0.0
0.0
0.0
0.0
0.0
0.0
0.0
0.0
0.0
0.0
0.0
0.0
0.0
0.0
0.0
0.0
0.0
0.0
-0.174172
0.0
0.0
0.0
0.0
0.0
0.0
0.0
0.0
0.0
0.0
0.0
0.0
0.0
0.0
0.0
0.0
0.0
0.0
0.0
0.0
0.0
0.0
0.0
0.0
0.0
0.0
0.0
0.0
0.0
0.0
-1.1405
0.0
0.0
0.0
0.0
0.0
0.0
-1.93672
0.0
0.0
0.0
0.0
0.0
0.0
0.0
0.0
0.0
0.0
0.0
0.0
0.0
0.759257
-0.734532
-1.09131
0.103734
-0.0331642
-0.022359
-0.990055
2.13602
0.271469
0.0954098
-0.47821
-0.317967
0.035869
-0.150075
0.606545
2.69572
0.452055
0.0
0.0
0.0
0.0
0.0
0.0
0.0
0.0
0.0
0.0
-0.674932
0.0
0.0
0.0
0.0
0.0
0.0
0.0
0.0
-0.0278684
0.0
0.0
0.0
0.0
0.0
0.0
0.0
0.0
0.0
0.0
-1.46436
0.0
0.0
0.0
0.0
0.0
0.0
0.0
0.0
0.0
0.0
0.0
0.0
0.0
0.0
0.0
0.0
0.0
-0.6886
1.86887
0.0636594
0.0133672
-0.0618333
-0.296719
1.24779
1.7076
-1.37044
0.539324
-0.260619
0.160472
0.288661
0.287935
-0.507165
0.187401
0.0
0.0
0.0
0.0
0.0
0.0
0.0
0.0
0.0
0.0
0.0
0.0
0.0
0.0
0.0
0.0
0.0
0.0
0.0
0.0
0.0
0.0
0.0
1.09204
0.0
0.0
0.0
0.0
0.0
0.0
0.0
0.0
0.0
0.0
0.0
0.0
2.25977
0.0
0.0
0.0
0.0
0.0
0.0
1.34396
0.0
0.0
0.0
0.0
0.0
0.0
0.0
0.0
0.0
0.0
0.0
0.0
0.0
0.0
0.0
0.0
0.0
0.0
0.0
0.0
0.0
0.0
0.0
0.0
0.0
0.0
0.0
0.0
-0.940097
0.0
0.0
0.0
0.0
0.0
0.0
0.0
0.0
0.0
0.0
0.0
0.0
0.0
0.0
0.0
0.263959
0.0
0.0
0.0
0.0
0.0
0.0
0.0
0.0
-0.348311
0.0
0.0
0.0
0.0
0.0
0.0
0.0
0.0
0.0
0.0
0.0
0.0
0.0
0.0
0.0
0.0
0.0
0.064831
0.0
0.0
0.0
0.0
0.0
0.0
0.0
0.0
0.0
0.0
0.0
0.0
0.0
0.0
0.0
0.0
0.0
0.0
0.0
0.0
0.0
0.0
-0.20018
0.0
0.0
0.0
0.0
0.0
-0.940923
-1.13001
0.443704
-0.0680462
-0.0843686
-0.812699
3.26731
0.204451
0.186183
-1.34246
-0.306749
-0.214763
-0.245037
0.669617
2.73203
0.220164
0.0
0.0
0.0
0.0
0.0
0.0
0.0
0.0
0.0
0.0
0.0
0.0
0.0
0.0
0.0
0.0
0.0
0.0
0.0
0.0
0.0
0.0
-1.20518
0.0
0.0
0.0
0.0
0.0
0.0
0.0
0.0
0.0
0.0
0.0
0.0
0.0
0.0
0.0
0.0
1.23305
0.0
0.0
-1.44114
0.0
0.0
0.0
0.0
0.0
0.0
0.0
0.0
0.0274525
0.0
0.0
0.0
0.0
0.0
0.0
0.0
0.0
0.0
0.0
0.0
0.0
-0.841304
0.0
0.0
0.0
0.0
0.0
0.0
0.0
0.0
0.0
0.0
0.0
0.0
0.0
0.0
0.0
-0.706629
1.84639
0.342834
-0.0038888
-0.053042
-0.293926
1.05527
1.71345
-1.39161
0.398066
0.0362799
0.0957454
0.235472
0.251915
-0.479829
0.310836
0.0
0.0
-0.011681
0.0
0.0
-2.65361
0.0
0.0
0.0
0.0
0.0
0.0
0.0
0.0
0.0
0.0
0.0
0.0
0.177462
0.0
0.0
0.0
0.0
0.0
0.0
0.0
0.0
0.0
0.0
0.0
0.0
0.0
0.0
0.0
0.0
0.0
0.0
0.0
0.0
0.0
0.0
0.0
0.0
0.0
0.0
0.0
0.0
0.0
0.0
0.0
0.0
0.0
0.0
0.0
0.0
0.0
0.0
0.0
0.0
0.0
0.0
0.0
0.0
0.0
0.0
0.0
0.0
0.0
0.0
0.0
1.70958
0.0
0.0
0.0
0.0
0.0
0.0
0.0
0.0
0.0
0.0
0.0
0.0
0.0
0.0
0.0
0.0
0.0
0.0
0.0
0.0
0.0
0.0
0.0
0.0
0.0
0.0
0.0
0.0
0.0
0.0
0.0
0.0
0.0
0.0
0.0
0.0
0.0
-0.449377
0.0
0.0
0.0
-1.23586
-1.10699
2.00719
-0.131536
-0.132519
-1.26973
2.98622
-0.146713
0.577924
-1.31706
-0.618116
-0.135909
-0.551106
2.18752
2.85802
-0.327524
0.0
0.70778
0.0
0.0
0.0
-0.798215
0.0
0.0
0.0
0.0
0.0
0.0
0.0
0.0
0.0
0.0
-0.0870547
0.0
0.0
0.0
0.0
0.0
0.0
0.0
0.0
0.0
0.231249
0.0
0.100728
0.0
0.0
0.0
0.0
0.81101
0.0
0.0
0.0
0.0
0.0
0.0
0.0
0.0
0.0
0.0
0.0
0.0
1.27289
0.0
0.0
0.0
0.0
0.0
0.0
0.0
0.0
0.0
0.0
0.0
0.0
0.0
0.0
0.0
0.0
0.0
0.0
0.0
0.0
0.0
0.0
0.0
-0.911921
0.0
0.0658382
0.0
0.0
0.0
0.0
0.0
0.0
0.0
0.0
0.0
0.0
0.0
0.0
0.0
0.0
0.0
0.0
0.0
0.0
0.0
0.0
0.0
0.0
0.0
0.0
0.0
0.0
0.0
0.0
0.0
0.0
0.0
0.0
0.0
0.0
0.0
0.0
0.0
0.0
0.0
0.0
0.0
0.0
0.0
0.0
0.0
0.0
0.0
0.0
0.0
0.0
0.0
0.0
0.0
0.0
0.0
-0.65687
1.82157
0.833952
0.0417848
-0.0524978
-0.30286
1.12327
1.65301
-1.57543
-0.549432
0.173937
0.0217865
-0.10095
-0.0742255
-0.438209
1.62213
0.0
0.0
0.0
0.0
0.0
0.0
0.0
0.0
0.0
-0.787174
0.0
0.0
0.0
0.0
0.0
0.0
-0.383366
1.61829
1.06163
-0.115389
-0.108391
-0.317725
0.945501
1.35212
-1.58844
0.775198
0.610653
0.772576
-0.264457
-0.598325
-0.0808515
0.687708
0.0
0.0
0.0
0.0
-0.872384
0.0
0.0
0.0
0.0
0.0
0.0
0.0
0.0
0.0
0.0
0.0
-2.01789
-2.99082
1.01788
2.60448
3.003
0.381935
3.49272
-0.815316
1.55558
-3.56783
0.164034
0.559679
-0.971151
1.18121
3.26087
0.126412
0.0
0.0
0.0
0.0
0.0
0.0
0.0
0.0
0.0
0.0
0.0
0.0
0.0
0.0
0.0
0.0
-0.789513
0.0
0.0
0.0
0.0
0.0
0.0
0.0
0.0
0.0
0.0
0.0
0.0
0.0
0.995496
0.45996
0.0
0.0
0.0
0.0
0.0
0.0
0.0
0.0
0.0
0.0
0.0
0.0
0.0
0.0
0.0
0.0
0.0
0.0
0.0
0.0
0.0
0.0
0.0
0.0
0.0
0.0
0.0
0.0
0.0
0.0
0.0
0.0
0.0
0.0
0.0
0.0
0.0
0.0
0.0
0.0
0.0
0.0
0.0
0.0
0.0
0.0
0.0
0.0
1.67548
1.9805
-2.86433
2.17306
3.06358
-1.52022
-2.71036
4.15247
-0.0947667
0.915073
-0.550439
2.67223
4.9413
5.26719
2.24659
-0.651009
-1.24861
-2.15398
3.94352
0.154543
-0.0346601
1.14042
-1.57628
-3.34949
-0.352956
-0.495138
1.16434
-3.05015
-5.67761
-3.65813
-4.24245
2.21141
-3.94642
0.0290541
-0.449943
-0.00483013
-0.0319147
-0.553087
4.02449
0.142123
1.18529
-0.722937
-0.102445
-0.682695
1.40223
-5.71028
1.83408
0.486966
-0.0335744
-1.96407
1.17476
0.00487274
0.000865224
0.92998
3.85836
3.2732
-0.88281
-1.24404
0.226533
-0.795857
-1.15305
3.06486
3.48743
-4.34333
0.713352
-0.409983
0.539283
1.30122
2.99468
0.432109
-0.346548
-0.628334
2.37134
0.76972
-0.551416
-0.355384
-0.797129
0.417273
-1.69464
1.55496
-0.864209
0.987295
-1.2732
0.0509919
-0.0174725
-0.523026
-0.682228
0.29954
0.928789
0.281286
0.36124
0.00581324
1.2114
-2.45386
-1.70563
-1.03201
0.0585526
-2.62491
0.0305565
0.0157599
-0.0761375
0.0605099
0.80383
3.38841
-0.449201
-0.42988
0.142051
0.395979
1.80758
2.78102
1.92456
-1.90331
-0.522825
1.144
0.734463
0.0571015
-1.78314
-2.78883
0.486987
-0.328621
-2.01463
-1.29417
1.4278
-0.547821
4.00883
0.0797707
1.97717
3.6692
1.91963
-1.24518
-2.46681
0.100714
2.39492
5.0661
-1.66117
-2.47557
0.992156
-0.552553
1.32934
-1.36484
-0.900483
1.26833
-4.52402
3.46688
-0.426391
1.4312
1.90235
2.58053
2.45511
-4.61588
0.991521
-1.02785
0.272236
-0.578499
1.33291
-1.31992
0.31036
-0.754044
0.899954
3.98433
-0.479469
-0.386436
3.68278
2.11906
1.54875
4.71224
1.28907
10.1275
-7.45042
-0.537182
0.235594
0.445581
0.325015
-5.35428
12.8099
3.01397
-1.0283
-1.62139
-5.42782
2.4367
-0.682419
7.13065
4.15331
0.893052
-3.39344
-0.809346
1.16167
-3.66973
-6.62535
-2.70475
2.35148
0.45822
-2.61353
-2.35865
0.525612
-0.00260583
0.234241
3.25982
4.21274
3.91335
-2.13168
-1.65227
0.249328
-1.85339
3.88545
1.94565
3.35662
-1.94661
0.0601882
1.80295
-3.60727
0.0954694
0.0598279
-3.29198
-1.49417
-2.20077
-0.0758288
0.405759
0.457516
-0.517762
-0.187186
-1.07055
-3.01902
0.320542
-0.377956
0.79432
1.39556
-0.0290366
-0.359091
-1.20153
-0.801283
3.41127
1.60003
0.624049
0.394542
-0.875108
-0.342471
-0.482828
-0.0118277
1.14888
-0.909265
-0.764179
1.10676
0.0708235
-0.267546
-1.39068
1.73355
-2.98944
2.22653
-3.46533
2.78838
-0.879778
0.668025
0.389584
-1.84563
1.98279
-1.04339
-0.78901
0.390007
-0.0120307
-0.0790609
-0.0656298
0.552625
0.601177
-1.08489
0.917444
-2.22925
-1.21819
-0.25764
1.22117
0.694382
-0.378093
0.791492
-0.430468
0.822399
0.0283927
-0.0739804
4.57991
-3.46056
1.42774
-0.711979
-1.63629
2.85055
4.10379
2.01477
3.76581
-0.494954
-1.7016
1.00507
2.12631
0.967511
0.000118023
-0.069086
-8.19371
1.35624
-2.34906
1.37356
1.02502
-0.144498
3.8536
3.06967
-3.36012
1.67309
-1.01756
0.446336
0.464894
-0.400048
0.00147142
-0.122397
0.244452
5.06383
-0.386643
-1.91041
-0.746419
0.864794
1.86466
-2.06787
-0.78713
2.32456
1.04146
-0.0137086
-1.44081
0.661339
2.22853
-0.216656
-7.35175
-0.0671425
-1.58748
-1.45429
-0.211146
1.24517
-0.836995
0.746354
0.751315
-0.611299
-0.113432
0.90464
-0.727882
-0.647064
1.65832
0.998529
-1.04341
-2.77885
-0.49804
-0.375569
0.771771
-1.94952
0.693453
-1.3286
1.03572
-2.14003
1.50754
0.108767
-3.41789
-1.6224
-1.41799
-4.48061
-2.36375
-2.1371
-3.1822
2.22115
3.79773
-0.850284
10.7385
0.985923
-1.73842
-0.595539
-0.7925
-0.134706
-2.22811
-1.62044
-0.603619
-4.73997
6.86181
-5.05568
7.68911
-8.39704
6.29265
13.6387
-20.5053
-1.64886
18.1065
9.6831
-22.0749
6.08913
-0.882607
4.85104
-8.78116
-0.154248
-0.891261
-0.688388
-0.114254
0.107154
-2.0967
-0.954957
-1.13425
-1.14608
-2.8454
-1.93244
0.298914
-9.21538
-6.58542
-8.41126
7.63292
-2.7709
-5.4719
-4.37346
0.724977
-4.18853
-9.99451
-6.65139
13.6405
-0.464474
-2.06741
-3.41303
0.223857
-0.825672
-2.27021
-2.63371
-1.51775
