[0.37482726336486394,
 2.611416933025737,
 0.9950893793712225,
 -0.1785572320465736,
 -1.6249869155321335,
 -0.09887211606029211,
 -0.2896644941203306,
 -3.2144072217117667,
 2.349163186556524,
 0.3676469258725774,
 -0.31838271986396194,
 1.3091992405086899,
 -3.2354408926849487,
 -0.3440450065182666,
 -2.9377279811623076,
 1.5521596972771476,
 -5.754938892430829,
 2.989960367155618,
 -0.25472861513731004,
 1.4564505313291534,
 -1.2634831371356654,
 -0.026581251077089973,
 3.158852632136714,
 16.03325196208479,
 -0.0012647833438013123,
 0.09199979232568012,
 -3.4259892955340376,
 0.2785828556567793,
 -2.4908136445842466,
 0.504251599542755,
 -1.4754367987744104,
 -2.1247743992423693,
 -0.6004969951051464,
 0.2767656191887795,
 -2.4579114808240377,
 -2.2131052585190503,
 0.23937841406814897,
 -1.9306838631652,
 -0.40575807998177993,
 3.9679836728179794,
 0.12622644428142848,
 -0.4903875279449039,
 0.7528484758196328,
 -0.08311557952208659,
 1.5143451177765854,
 -3.3697404503530777,
 0.3684046266916994,
 0.23719747970335447,
 -3.8688057496842028,
 -7.269797941240029,
 3.367708983124487,
 0.8099011384809387,
 -0.6352420741123406,
 0.43616142532192725,
 -0.6254448836237714,
 -0.717214920531319,
 -0.3363253015677543,
 -2.3137256921047538,
 -2.569890218105911,
 -0.6845385183826238,
 -0.12272846442860441,
 1.6519119946665484,
 4.964509905876099,
 -2.2231493288019806,
 -7.593096074299638,
 -1.2367814264667345,
 2.307442980983609,
 1.8895741794132732,
 -0.2199323584377737,
 4.492252583642227,
 0.5689003719975858,
 1.621436606340751,
 -1.1136760766944462,
 1.636924364836375,
 -0.216444747067559,
 -0.9825686341014261,
 0.22045302812435175,
 -1.9166561057419358,
 0.305158036930095,
 1.5099466773354209,
 0.20063590309201196,
 -0.6587521586380944,
 -1.3561890001097652,
 0.5011141461592672,
 -0.8290540184798374,
 -0.8289607729271609,
 0.4246421518216721,
 -3.6612261823235883,
 -0.10794910783016576,
 1.4149518667468328,
 2.801332349700999,
 2.6352666009986265,
 -0.5715290873475283,
 -2.868591487646995,
 -0.44674265445948436,
 -1.834754456808838,
 -1.270131768322699,
 1.4574620400254048,
 2.4925837709346848,
 -0.20395226853632664,
 -2.693199704757596,
 -1.6014229379648555,
 -0.9450534277423941,
 -0.635693039278209,
 0.6476363000150513,
 -0.32257812854056817,
 -2.1087066970341652,
 -0.21082335960034015,
 -14.026851996750395,
 -3.610222532457378,
 -1.1586474077086564,
 -0.9998642463490341,
 -0.02117557437967932,
 -2.5567036174753355,
 -0.8907265376359419,
 0.9938767282956178,
 2.7794555288468246,
 -0.7303167859855932,
 1.1740408853968916,
 -0.9949606828053277,
 1.2557989022704419,
 -1.5557602772327677,
 2.910133431955458,
 -3.003254629304479,
 0.125932517891016,
 3.7645076430291766,
 2.3481534123036454,
 -0.16832901345688356,
 0.0084628244728151,
 2.005879349350746,
 0.641645415760344,
 1.3192312201193204,
 2.437399081803946,
 0.7743855760537173,
 -2.81543274740077,
 0.6497994380732166,
 -1.334683365510692,
 -0.5916300414021691,
 0.4488711688962326,
 -0.8738529567634146,
 -14.874627619377236,
 -0.6989771742368163,
 -1.8322421144948748,
 -2.6033959473073196,
 -0.9058287268345282,
 -2.852069194197952,
 -3.4464944161259154,
 -0.5188189467777988,
 4.636719277089782,
 0.7547808713850372,
 -0.32499696068583717,
 -0.5427432340734413,
 -1.6576744068322,
 0.0924426919701773,
 0.5322111758672747,
 -0.9744095264545081,
 2.171718453115801,
 0.45409070681012054,
 -14.39049673343203,
 -2.9782150785927115,
 6.66433734980572,
 -1.0061764406334532,
 0.4087822602337212,
 -3.3000224843198396,
 1.4950570014707694,
 -1.0293285473401284,
 -14.40748299745502,
 1.2687327494511464,
 0.05151225009137761,
 -0.6193732037691575,
 0.16107232811936,
 0.2177479303905443,
 -3.1678062936931433,
 0.4816867887643639,
 -3.5945555246570393,
 -4.423610261490808,
 -2.3289036159514325,
 0.4870213873632423,
 -15.313350036035843,
 -14.472014955155657,
 0.9127799260016047,
 1.2068033328846042,
 -0.026709948788038673,
 0.5033645137522171,
 1.1287577940192364,
 3.8841181597888834,
 0.18649934590922612,
 1.9676451141198186,
 0.6859345986590597,
 -3.16932497127868,
 -0.3085550011318503,
 0.5518373361346676,
 -3.1948453995779573,
 -0.6618659093141162,
 1.6378021693115556,
 -0.26886928132656607,
 1.9306688146604927,
 -3.274689567578008,
 0.4056944564367484,
 -1.469282038476038,
 -0.34850777029078017,
 -0.3068040978896249,
 -14.937649844767463,
 -2.807606804155739,
 -3.3836394106168086,
 3.5539211575704144,
 -2.310158889991726,
 -0.5176694023105028,
 -0.3315372197524198,
 -0.5907422244986549,
 -5.889351011604447,
 -3.0484256552098827,
 -0.22300503170839647,
 -0.5453276365649913,
 1.046348577673541,
 0.30231297073140695,
 -3.5835549883025877,
 -1.309230138035062,
 1.491570720646962,
 4.2188751463606025,
 -4.106315090137372,
 -1.7269923429281278,
 -0.4445449809509938,
 -5.750144243244733,
 1.6928394827077966,
 0.23001060944750407,
 1.9521597037473093,
 -6.105254556342032,
 -0.1405796732097997,
 3.1456246448256593,
 1.3291505623871274,
 5.481692747491508,
 -0.21998695537035928,
 0.12239728398719762,
 2.244752014862172,
 -3.067838351587824,
 0.4589569038079091,
 1.3650190162142621,
 0.4683314549096167,
 1.4532918858329822,
 -1.3721033043270836,
 -0.14683164356659867,
 3.6825785727196205,
 -0.419500562591935,
 -14.357814412962284,
 1.3409972139674835,
 -2.882374509646752,
 4.22612513875751,
 -2.7959155569490264,
 -0.22413978924005562,
 1.8521141438240676,
 0.7218253214666106,
 -1.4567480369375971,
 -1.6745966262633942,
 0.2526893894178386,
 -0.8205296120502794,
 -8.665900022805946,
 -0.45308579821571016,
 1.5908048980018634,
 0.9290446778726391,
 -0.9026000075883047,
 1.7005545270932885,
 -0.06749328948993139,
 -0.6353996316305484,
 -0.672003420259486,
 1.7721586364505697,
 0.7812069419704102,
 3.1972198933300433,
 -2.696703056911204,
 -3.923191034993266,
 0.9835915193553433,
 -0.16418684845379516,
 -0.6181131620037519,
 -0.784589050828572,
 -1.0606027482818554,
 -3.914837490957808,
 2.9214734813392624,
 1.5576051855462083,
 -3.3447098375999538,
 -0.6749336062094073,
 -0.2914574953072986,
 -3.511542249963327,
 -15.132973179382986,
 -1.1295603771023934,
 5.659352797544642,
 -1.0626110648876832,
 -1.644186336341761,
 -1.3441723509933716]
