[28, 16, 16, 4]
-0.0371076
-0.390751
0.0923698
0.274137
0.332789
0.309554
0.799204
-0.577756
-0.486808
0.355829
0.38589
-0.551993
-0.76457
0.0681563
1.36298
0.391273
-0.329918
-0.182096
-0.298133
0.387492
1.37447
1.96502
0.68909
0.62384
0.976656
1.62994
1.53012
-0.160974
-1.01454
0.90624
-0.402721
0.305479
-0.0597412
0.0969483
-0.150487
-0.584303
-0.693791
0.505645
0.462194
2.03805
0.11606
0.22803
1.1246
-0.272027
-0.781878
0.130001
0.657867
0.985451
-1.4524
-0.603058
0.581783
0.110443
0.048425
1.54614
0.966195
1.58702
0.660628
0.973692
-0.241626
-0.418331
-0.424261
-0.00792116
0.392231
0.465317
0.432276
0.495774
0.887296
0.148666
0.0149821
1.12703
0.389917
-0.530977
1.07589
0.784831
-0.850145
-0.0429276
-0.397229
0.405882
-0.983831
0.532911
-0.335042
-0.550219
0.503609
0.294898
2.71671
2.10242
1.88546
0.217318
-0.400844
1.52009
-0.831294
-1.06132
0.018052
-0.763174
0.716668
0.20458
-0.780209
-0.198171
-0.136462
0.298274
0.545029
0.923518
-1.02183
2.08104
0.36534
-0.221884
-0.406633
0.383329
0.465816
0.453455
-1.22434
1.26913
0.236914
0.228886
1.94873
0.334469
-0.706109
-0.0675187
0.311373
0.335422
-0.70566
-0.0159537
1.32878
1.03241
0.853832
-0.645848
0.208788
1.35545
0.32177
1.23263
2.86803
2.46179
-0.19137
0.95715
-0.298262
-0.189641
-0.211832
1.75975
0.467994
-0.00158212
-0.722693
0.0625669
-0.7802
-0.463115
0.0122146
0.69686
2.08925
-0.129992
-0.452629
0.412222
0.280209
0.717601
-0.428119
-0.188756
0.861251
0.853324
0.727253
-0.349391
-0.236925
0.445884
-0.483338
1.49745
2.47594
0.637722
-0.103301
-0.0816905
-0.700667
0.0908993
-0.311765
0.307559
0.508192
0.200854
0.349539
-0.514202
0.263587
1.10113
1.05796
2.10086
1.79972
0.920026
-0.483639
0.561426
0.863306
0.954251
-0.114946
0.813659
1.32056
1.20952
0.311936
-0.272074
-0.551004
0.425942
-0.780993
1.77897
1.40677
0.422134
-0.215955
-0.0828758
-1.21789
-0.975396
-0.447209
-0.054269
0.508042
-0.0685348
-0.26305
-0.474687
0.0421966
0.300929
-0.553883
1.69707
0.498794
0.420595
-0.55107
0.0707217
-0.541206
0.0533087
-1.36827
-0.355404
1.38363
-0.0950879
0.704266
-0.258933
0.61733
1.92336
0.399797
-0.545156
1.05732
0.286686
-0.68851
-0.276128
-0.377382
-0.124393
-1.23706
0.296425
1.70279
0.718831
0.527642
-0.367868
0.286173
0.160223
-0.532724
-0.465253
1.09639
0.446508
0.115666
-0.506474
-0.896015
0.518385
-0.793217
-1.25053
1.12486
-0.0925511
-0.0734245
-1.13819
0.260388
-0.0364342
-1.8553
0.191725
0.0199147
-0.510439
-1.66873
-0.318083
-0.621908
0.557311
-1.60733
0.769485
2.33674
-0.125874
1.02781
0.4009
1.51053
-2.27706
-1.54078
0.062724
1.71976
-0.604376
0.0500739
-0.791382
-0.139881
0.188444
-1.90041
-0.416498
1.44018
0.28062
0.723569
-0.716945
0.190873
-0.555948
-1.34935
-0.99353
0.474058
-0.849029
-1.23065
-0.872976
-1.65545
0.0153415
-1.61606
-1.30232
1.62358
0.0372833
0.718244
-0.678579
0.650877
1.82375
-0.23731
0.422349
-0.498793
0.0800524
-0.0905139
0.00478652
1.20401
0.26657
-1.40199
1.87433
-0.345623
-0.549501
0.473387
0.291407
1.90362
1.66655
-0.504606
-0.6024
-0.228418
-2.36533
-0.759113
0.0115262
0.372292
0.631096
-1.24812
0.234086
-0.135334
-0.333455
0.802689
-0.00338713
0.788777
-0.56091
-0.441909
-0.0088505
-0.180139
0.561831
0.201578
-0.225001
0.713225
0.602165
-0.822043
0.109374
1.19714
-0.727178
-0.0769129
-0.0331598
1.18159
0.27755
-0.392639
-0.347906
0.0185751
-0.807222
0.32882
0.463476
0.80787
0.606016
-0.495829
0.991188
0.834106
-0.146377
-0.0262909
0.167385
1.05761
0.454565
-1.00405
0.159873
-0.181721
-0.263625
-0.124056
-0.152075
0.778575
0.88019
-0.941443
0.0536903
1.75458
-0.870969
0.476367
0.0298103
0.500054
-0.44933
-2.14307
1.24317
3.41391
0.370636
0.487392
0.170378
-1.69728
3.81519
1.95113
0.369108
2.70031
3.81743
0.462521
0.689986
-2.49853
-0.153494
4.22971
-1.32262
-2.59934
0.103283
1.15261
-0.728496
0.900815
-3.8526
0.143692
1.76078
-2.61858
-5.81409
-2.03194
-1.96146
2.14093
0.76601
-1.42828
-1.35803
1.25989
0.276247
0.547033
0.722491
0.919936
4.79403
0.623682
-1.19068
-1.26731
-0.825621
1.05648
-1.34329
-2.38341
-0.800475
-1.7936
-2.9027
0.616252
-0.499118
-1.40881
-5.58855
-0.676993
-1.22057
-1.19346
1.59007
3.50151
1.41376
3.26672
-0.608882
3.05661
0.117514
0.646648
-1.38554
0.611625
-0.425974
1.64617
-0.558022
-0.796497
0.960547
2.53532
0.778263
0.0817795
-0.0302655
-0.32004
-1.16359
-0.357436
-0.215429
1.39928
1.55021
0.00357297
0.076751
0.225696
1.21324
-0.114605
-1.15773
-0.81347
0.457351
-0.0723957
-2.08799
0.94642
0.519353
0.757493
-3.81406
2.68859
1.559
2.26677
0.626992
-1.03192
-1.04066
0.485325
-0.652324
-0.37563
-0.738128
-0.330761
0.432964
-0.710027
-0.530809
0.617729
-5.27348
1.80476
0.353898
-1.97379
0.547786
-2.46837
0.0105867
0.117296
0.327839
-0.326953
1.61516
-0.580355
-0.237093
1.20738
-0.0324274
0.110496
-0.752913
0.402318
-1.7977
-1.23688
-0.0852751
3.37497
0.0454693
-0.792413
-0.482995
-0.760384
-0.124274
-0.803356
-0.247521
-1.98712
2.49163
-2.42955
2.41172
-1.3413
1.10995
1.13167
2.22281
0.978174
-2.22137
0.837768
-1.51974
-0.340918
-0.610716
-0.263585
1.21702
0.540518
-1.06457
3.27716
2.05822
-2.5326
0.904417
2.29796
2.33016
2.18191
-0.688805
-0.864241
2.05335
-0.792991
-1.0443
0.45189
0.722222
0.146028
-5.11108
0.515844
1.7055
-1.29541
0.294731
-0.1307
2.38283
-1.07868
1.51547
0.0634573
-1.66016
-0.871229
-1.99147
0.0820381
-0.368239
-0.719236
0.600022
1.51204
1.20137
-0.7779
-2.40618
-2.97179
0.246886
-0.971898
-0.203455
-0.402271
4.14008
1.10674
1.84376
1.37953
0.91164
-1.06911
-0.302882
-1.58084
2.08644
-0.6766
1.23631
1.3117
0.487208
-1.27182
2.02529
-3.33922
-3.03486
-2.27878
-2.52093
2.15855
-1.4611
0.451088
-0.2819
-0.561185
2.02821
1.54283
-0.516395
-0.204667
1.21283
-1.3094
0.212223
-0.533478
1.47601
0.0213775
3.32064
-0.527788
-0.885167
0.279843
0.562717
0.0785207
-0.882268
4.91863
-0.79967
-1.57594
0.0617377
2.19974
-1.01608
3.45167
-0.783575
1.51087
-8.27536
3.74728
-1.01616
-0.61969
2.79032
3.14595
1.25124
0.737679
2.74332
1.32653
-1.11011
-0.75511
1.59531
1.5816
-0.865557
-2.69882
7.44374
-5.94425
-0.300344
2.16856
0.116806
-0.746593
-1.48906
-0.340331
3.88285
-2.97738
-0.416366
0.613719
0.956264
-1.1194
-1.28326
-0.270991
-0.263945
0.670632
-2.75428
0.0190599
0.25946
-2.28919
0.917697
-5.97268
1.71818
-0.724233
0.0396534
0.567733
0.227697
-1.00402
1.05097
0.193995
-0.0259048
-1.58652
-1.49572
4.87273
-0.926162
2.22563
1.16121
-4.06001
1.96208
0.164328
-0.0334687
1.54289
-0.181279
0.88963
1.51864
-0.0233314
-1.00204
1.23304
0.851824
-1.62567
-4.78139
-1.33864
-0.529845
-0.258385
-3.3313
0.282313
1.55724
-0.60067
-0.369442
0.347691
-0.683712
0.374895
0.637343
-0.456411
0.00798896
-0.166169
-0.291117
0.601831
-0.831376
0.937895
0.887812
-1.14442
-0.389648
-1.21312
-0.143946
-0.315781
0.240711
-1.37407
0.82496
0.181899
-2.0983
-0.55334
0.114912
-0.102936
1.6179
-5.87514
5.61971
2.99532
2.84998
-11.6326
8.62807
-3.67333
3.07008
-3.82686
-0.0105168
-4.26155
2.11752
2.3517
-2.11153
-2.24113
-3.05943
0.613165
-2.02715
-0.704584
-1.74263
-0.097414
0.761407
0.545074
-0.8376
1.37131
7.39651
-1.70616
-4.72664
-2.45248
-4.87395
-7.90807
-7.45023
-0.582879
-6.00465
3.51404
-4.91911
3.34434
-16.2182
-9.03775
16.0285
-11.9139
-9.59621
12.1564
-13.2926
-1.87099
-3.41401
-5.03285
-3.84422
-7.56677
-1.63123
-9.20955
2.90112
3.03465
-2.68197
-5.82669
0.692178
2.36222
0.538736
0.355095
2.04177
4.50419
-4.76261
-0.359711
-3.1082
2.14761
-2.25045
-2.29962
-3.16467
