[229, 9, 9, 4]
0.0
0.0
0.0
0.0
0.0
0.0
0.0
0.0
0.0
0.0
0.0
0.0
0.0
0.0
0.0
-1.08212
-2.15103
0.0
0.0
0.0
0.0
0.0
0.0
0.0
0.122332
0.0
0.0
0.0
0.0
0.0
0.0
0.0
0.0
0.0
0.0
0.0
0.0
0.0
0.0
0.0
0.0
0.0
0.0
0.0
0.0
0.879883
-2.09817
2.15935
0.292948
-0.00879597
-0.583561
1.98198
0.57237
-1.16243
0.0
0.0
0.0
0.0
0.0
0.0
0.0
0.429694
0.0
0.153172
-1.77295
2.51486
0.263056
0.664576
-0.70511
2.23378
0.553057
-0.39755
0.0
0.0
0.0
0.0
0.0
0.0
0.0
0.0
0.0
0.0
0.0
0.0
0.0
0.0
0.0
0.0
0.0
0.981883
0.0
0.0
0.0
0.0
0.0
0.0
0.0
0.0
0.0
0.0
0.0
0.0
0.0
0.0
0.0
0.0
0.0
0.0
0.0
0.0
0.0
0.0
0.0
0.0
0.0
0.0
0.20776
0.0
0.0
0.0
0.0
0.0
0.0
0.0
0.0
0.0
0.0
0.0
0.0
0.0
0.0
0.0
0.0
0.0
0.0
0.0
0.0
0.0
0.0
0.0
0.0
0.0
0.0
0.0
0.0
0.0
-0.606971
0.0
0.0
0.0
0.0
0.0
0.0
0.0
0.0
0.0
0.0
0.0
0.0
0.0
0.0
0.0
0.0
0.0
0.0
0.0
0.0
0.0
0.0
0.0
0.0
0.0
0.0
0.0
0.0
0.0
0.0
0.0
0.0
0.0
0.0
0.325042
0.0
0.0
0.0
0.0
0.0
0.0
0.0
0.0
0.0
0.0
0.0
0.0
0.0
0.0
0.0
0.0
0.0
0.0
0.0
0.0
0.0
0.0
0.0
0.0
0.440236
0.0
0.0
0.0
-0.761758
0.0
0.0
0.0
0.0
0.0
0.0
0.0
0.0
1.34263
0.0
0.0
0.0
0.0
0.0
-0.885
0.412515
0.629284
0.366879
-0.677328
-2.67276
1.51429
0.868271
-1.0059
-0.581567
0.0
0.0
0.0
0.0
0.0
0.0
0.0
0.0
0.0
0.0
0.0
0.0
0.0
0.0
0.0
0.0
0.0
0.0
0.0
0.0
-0.219743
0.0
0.0
0.0
0.0
0.0
0.0
0.0
0.0
0.0
-0.597548
0.0
-0.611095
0.0
0.0
0.0
0.0
0.0
0.0
0.0
0.0
0.0
0.0
0.0
0.0
0.0
0.432769
0.0
0.0
0.0
0.0
0.0
0.0
0.741
1.73484
-0.0615389
-0.547335
0.063488
-1.24929
0.33675
2.04889
-2.1214
0.0
0.0
0.0
0.0
0.0
0.0
0.0
0.0
0.0
0.0
0.0
0.0
0.0
0.0
0.0
0.0
0.0
0.0
-1.31672
0.0
0.0
0.0
0.0
0.0
0.0
0.0
0.0
0.0
0.0
0.0
0.0
0.0
0.0
0.0
0.0
0.0
0.0
0.0
-0.505569
0.0
0.0
0.0
0.0
0.0
0.0
0.0
0.0
0.0
0.0
0.0
0.0
0.0
0.0
0.0
0.0
0.0
0.0
0.0
0.0
0.0
0.501447
0.0
0.0
0.0
0.0
0.0
0.0
0.0
0.0693285
0.0
0.0
0.0
0.0
0.0
0.0
0.0
0.0
0.0
0.0
0.0
0.0
-0.540681
0.67861
0.547771
0.255895
-0.50446
-2.24833
1.74906
0.881652
-2.02614
0.0
0.179832
0.0
0.0
0.0
0.0
0.0
0.0
0.0
0.0
0.0
0.0
0.0
0.0
0.0
0.0
0.0
0.0
0.0
-0.653003
0.0
0.0
0.0
0.0
0.0
0.0
0.0
0.0
0.0
0.0
0.0
0.0
0.0
0.0
0.0
0.0
0.0
0.0
0.0
0.0
0.0
0.0
1.28142
0.0
2.62096
0.0
0.0
0.0
0.0
0.0
0.0
0.0
0.0
0.0
0.0
0.0
0.735471
0.0
0.0
0.0
0.0
0.0
0.0
0.0
0.0
0.0
0.0
0.0
0.0
0.0
0.0
1.51417
0.0
0.0
0.0
0.0
0.0
0.0
0.0
0.0
0.0
1.28185
0.0
0.0
0.0
0.0
0.0
0.0
0.0
0.0
0.0
0.0
0.0
-0.931722
0.0
0.0
0.0
0.0
0.0
0.0
0.0
0.0
0.0
0.0
0.0
0.0
0.780312
0.0
1.04428
0.0
0.0
0.0
0.0
0.0
0.0
0.0
0.0
-0.385653
0.0
0.0
0.0
0.0
0.0
0.0
0.0
0.0
0.0
0.0
0.0
0.0
0.0
0.339178
0.0
0.0
-0.504868
0.0
0.0
0.0
0.0
0.0
0.0
0.0
0.0
0.0
0.0
0.0
0.0
0.0
0.0
0.0
0.0
0.0
0.0
0.0
0.0
-0.109863
0.0
0.0
0.0
0.0
0.0
0.0
0.384532
1.76301
-0.0391052
-0.324392
-1.12931
-1.16016
0.346426
2.06118
-1.62839
0.0
0.0
0.0
0.0
-2.2004
0.0
0.0
0.0
0.0
0.0
0.0
0.0
0.0
0.0
0.0
0.0
0.0
0.0
0.0
0.0
0.0
0.0
0.0
0.0
0.0
0.0
0.0
0.0
0.0
0.0
0.0
0.0
0.0
-1.14699
0.0
0.0
0.0
0.0
0.0
0.0
0.0
0.0
0.0
0.0
1.48477
0.0
0.0
0.0
0.0
0.0
0.0
0.0
0.33693
0.0
0.0
0.0
0.0
0.0
0.0
0.0
0.0
0.0
0.0
0.0
0.0
0.0
0.0
0.0
0.0
0.0
0.0
0.0
0.0
0.0
0.0
0.0
0.0
0.0
0.0
0.0
0.0
0.0
0.0
0.0
0.0
0.0
0.0
0.0
0.0
0.0
0.0
0.0
0.0
0.0
0.0
0.0
0.0
0.0
0.0
0.887771
1.81015
-0.164232
1.19341
0.157134
-0.674675
0.335647
2.05964
-0.703322
0.0
0.0
0.0
0.0
0.0
0.0
0.0
0.0
-0.729664
0.0
0.0
0.0
0.0
0.0
0.0
0.0
-2.06348
0.0
0.0
0.0
0.0
0.0
0.0
0.0
0.984967
0.0
0.0
0.0
0.0
0.0
1.35475
-0.583005
0.0
0.0
0.0
0.0
0.0
0.0
0.0
0.0
0.0
1.23121
0.0
0.0
0.0
0.0
0.0
0.0
0.237878
0.0
0.0
0.0
0.0
0.0
0.0
0.0
0.0
0.0
0.0
-0.753281
0.0
0.0
0.0
0.0
0.0
0.0
-1.0926
0.0
0.0
0.0
0.0
0.0
0.0
0.0
0.0
0.0
0.0
0.0
0.0
0.0
0.0
0.0
0.0
0.0
0.0
0.0
-0.0930661
0.0
0.0
0.0
0.0
0.0
0.0
0.0
0.0
0.0
0.0
0.0
0.0
0.0
0.0
0.0
0.0
0.0
0.0
0.0
0.0
0.0
0.0
0.0
0.0
0.0
0.0
0.0
0.0
0.0
0.0
0.0
-0.628363
0.0
0.0
0.0
0.223165
0.0
0.0
0.0
0.0
0.0
0.0
0.760131
0.0
0.0
0.0
0.0
1.71925
0.0
0.0
0.0
0.0
0.0
0.0
0.0
0.0
0.0
0.0
0.0
0.0
0.0
0.0
0.0
0.0
-0.333859
0.0
0.0
0.0
0.0
0.0
0.0
0.0
0.0
0.0
-1.40391
0.0
0.0
0.0
0.0
0.14044
0.0
0.0
0.0
0.0
0.0
0.0
0.0
0.0
0.0
0.0
0.0
0.0
-0.875237
0.0
0.0
0.0
0.0
0.0
0.0
0.0
-0.829551
0.0
0.0
0.0
0.0
0.0
0.0
0.0
0.0
0.0
0.0
0.0
0.0
0.0
0.0
-1.13068
0.0
0.919989
0.0
0.0
0.0
0.0
0.0
0.0
0.0
1.34478
1.57574
0.0
0.0
0.0
0.0
0.0
0.0
0.066108
0.0
0.0
0.0
0.0
0.0
-0.486529
1.30117
0.0
0.0
-0.415614
0.0
0.0
0.0
0.831646
0.0
0.0
0.595105
0.0
0.0
0.0
0.0
0.0
0.0
0.0
0.0
0.0
-1.07158
0.0
0.0
0.0
0.0
-1.38724
0.0
0.0
0.0
0.0
0.0
0.0
0.0
0.0
1.45768
0.0
0.0
0.0
0.0
0.0
0.0
0.0
0.0
0.0
0.0
0.0
0.0
0.0
0.0
0.0
0.0
0.0
1.57771
1.81355
-0.219865
0.331858
-0.327389
-1.03523
0.413254
2.0288
-0.858755
0.0
0.0
1.57762
0.0
0.0
0.0
0.0
0.0
0.0
0.0
0.0
-0.335729
0.0
0.0
0.0
0.0
0.0
0.0
0.0
0.0
0.0
0.0
0.0
0.0
0.0
0.0
0.0
0.0
0.0
0.0
0.0
0.0
0.0
0.0
0.0
0.0
0.0
0.0666862
0.0
0.0
0.0
0.0
0.0
0.0
0.0
0.0
0.0
0.0
0.0
0.0
0.0
0.0
0.0
0.0
0.0
0.0
0.0
0.0
0.0
0.0
0.0
0.0
0.0
0.0
2.02804
0.0
0.0
0.0
0.0
0.0
0.0
0.0
0.0
0.0
0.0
0.0
0.0
-0.449926
0.0
0.0
0.0
0.0
0.0
0.0
0.0
0.0
0.0
0.0
0.0
0.0
0.0
0.0
0.0
0.0
0.0
0.0
0.0
0.0
0.0
0.0
1.0727
0.0
0.0
0.0
0.0
0.0
0.0
0.0
0.0
0.0
-0.509139
0.0
0.0
0.0
0.0
0.0
0.0
1.99284
1.81603
-0.279688
1.65573
-0.0704805
-0.651176
0.35332
2.01569
-0.64526
0.0
0.0
0.0
0.0
0.0
0.0
0.0
0.0
0.0
0.0
0.0
0.0
0.0
0.0
0.0
0.0
0.0
0.0
0.0
0.0
0.0
0.0
0.0
0.0
0.0
0.0
0.0
0.0
0.0
0.0
0.0
0.0
0.0
0.0
0.0
0.942794
0.0
0.0
-0.0189452
0.0
0.0
0.0
0.0
0.0
0.0
0.0
0.0
0.0
0.0
0.0
0.0
0.0
0.0
0.0
0.0
0.0
0.0
0.0
0.0
0.0
0.0
0.0
0.0
0.0
0.0
0.0
0.0
0.0
0.0
0.0
0.0
0.0
0.0
0.0
0.0
0.0
0.0
0.0
0.0
0.0
0.0
0.0
0.0
0.0
0.0
0.0
0.0
0.0
0.0
0.0
0.0
0.0
0.0
0.0
0.0
-0.487664
0.0
0.0
0.0
0.0
0.0
0.0
0.0
0.0
0.0
0.0
0.0
0.0
0.0
0.0
0.0
0.0
0.0
0.0
0.0
0.0
0.0
0.0
0.0
0.0
0.0
0.0
0.0
0.0
0.0
0.0
0.0
0.0
0.0
0.0
0.0
0.0
0.0
0.0
0.0
1.22476
1.81762
-0.197581
0.427381
-0.0301875
-1.04407
0.415674
2.03498
-0.855552
0.717026
0.0
0.0
0.0
0.0
0.0
0.0
0.0
0.0
0.0
0.0
0.0
0.0
0.0
0.0
0.0
0.0
0.0
0.0
0.0
0.0
0.0
0.0
0.0
0.0
0.0
0.0
0.0
0.0
0.0
0.0
0.0
0.0
0.0
0.0
0.0
0.0
0.0
0.0
0.0
-0.116855
0.0
0.0
0.0
0.0
0.0
0.0
0.0
2.1429
0.0
-0.75093
0.0
0.0
0.0
0.0
1.77725
0.0
0.0
0.0
0.0
0.0
-0.416788
0.0
0.0
0.0
0.0
0.0
0.0
0.0
-0.647246
0.0
0.0
-0.810198
0.0
0.0
0.0
0.0
0.0
0.0
0.0
0.0
0.0
0.0
0.0
0.0
0.0
0.0
0.0
0.0
0.0
0.0
0.0
0.0
0.0
0.0
0.0
0.0
0.0
0.0
-0.125917
0.0
0.0
0.0
0.0
0.0
0.0
0.0
0.0
0.0
0.0
0.0
0.0
0.0
0.0
0.0
0.0
0.0
0.0
0.0
0.0
0.0
0.0
0.0
0.0
0.0
0.0
0.0
0.0
0.0
0.0
0.0
0.0
0.0
0.0
0.0
0.0
0.0
0.0
0.0
0.22277
0.0
0.0
0.0
0.0
0.0
0.0
0.0
0.0
0.0
0.0
0.0
-1.54618
0.0
0.0
0.0
0.0
0.0
0.0
0.0
0.0
0.0
0.0
0.0
0.0
0.0
0.0
0.0
0.0
0.0
0.0
0.0
0.0
0.0
0.0
0.0
0.0
0.0
0.0
0.0
0.0
0.0
0.0
0.0
0.0
0.0
0.0
0.0
0.0
0.0
0.0
0.0
-0.417702
0.0
0.0
0.0
1.04966
0.0
0.0
0.0
0.0
0.0
0.0
0.0
0.0
0.0
0.0
0.0
0.0
0.0
0.0
0.0
0.0
0.0
0.0
1.6676
0.0
0.0
0.0
0.0
0.0
0.0
0.0
0.0
0.0
0.0
0.0
0.0
0.0
0.0
0.0
0.0
0.0
0.0
0.0
0.0
0.0
0.0
0.0
0.0
0.0
-0.585291
0.0
0.0
0.0
0.0
0.0
0.0
0.0
0.0
0.0
1.06117
0.0
0.0
0.0
0.0
0.0
0.0
0.0
0.0
0.0
0.0
0.0
0.0
0.0
0.0
0.0
0.0
0.0
0.0
0.0
0.0
0.0
0.0
0.0
0.0
0.0
0.0
0.0
0.0
0.0818785
1.71433
0.0669615
-0.495223
0.0534335
-0.649726
0.189685
2.11663
-1.73244
0.0
0.0
0.0
0.0
0.0
0.0
0.0
0.0
0.0
0.0
0.0
0.0
0.0
0.0
0.0
0.0
0.0
0.0
0.0
0.369943
0.0
0.0
0.0
0.0
0.0
0.0
0.0
0.0
0.0
0.0
0.924355
0.0
0.0
0.0
-1.29804
0.0
0.0
0.0
0.0
0.0
0.0
0.0
0.899236
0.0
0.0
0.0
0.0
0.0
0.0
0.0
0.0
0.0
0.0
0.0
0.0
1.55175
0.0
0.0
0.0
0.0
0.0
0.0
0.0
0.0
0.0
0.0
0.0
0.0
-1.59381
0.0
0.0
0.0
0.0
0.0
0.0
0.0
0.0
0.0
0.0
0.0
0.0
0.0
1.77137
0.0
0.0
0.0
0.0
0.0
0.0
0.0
-0.516833
1.70457
0.221242
0.589974
0.164155
-0.201003
0.0747208
2.17894
-4.85987
0.0
0.0
0.0
0.0
0.0
0.0
0.0
0.0
0.0
0.0
0.0
0.0
0.0
0.0
0.787641
0.0
0.0
0.0
0.0
0.0
0.0
0.0
0.0
0.0
0.0
0.0
0.0
0.0
0.0
0.206176
0.0
0.0
0.0
0.0
1.99033
0.0
0.0
0.0
0.0
0.0
2.89892
0.0
0.0
0.0
0.0
0.0
0.0
0.0
0.0
0.0
2.10928
0.0
0.0
0.0
0.0
0.0
0.0
0.0
0.0
0.0
0.0
0.0
0.0
0.0
0.595268
0.0
0.0
0.0
0.0
0.0
0.0
0.0
0.851413
0.0
0.0
0.0
0.349623
0.0
0.0
0.0
0.0
0.0
0.0
0.0
0.0
0.0
0.0
0.0
0.0
0.0
0.0
0.0
0.0
0.0
0.0
0.0
0.0
0.0
0.0
0.0
0.0
0.0
0.0
0.0
-0.561363
0.0
0.0
1.75965
0.0
-1.10168
0.0
0.0
0.0
0.0
0.0
0.0
0.0
0.0
0.0
0.645946
0.735083
0.65681
0.0
0.0
0.0
0.0
0.0
0.0
-0.626242
0.0
0.0
0.0
0.0
0.0
0.0
0.0
0.0
0.0
0.0
0.0
0.0
0.0
0.0
0.0
0.0
0.0
0.0
0.0
0.0
0.0
0.0
0.0
0.0
0.0
0.0
0.0
0.0
0.0
0.0
0.0
0.0
0.0
0.0
0.0
0.0
0.0
0.0
0.0
0.0
0.0
0.0
0.0
0.0
0.0
0.0
0.0
0.0
0.0
0.0
0.0
-0.29052
1.24382
0.140821
-0.406173
0.364016
1.08267
-0.556332
1.92423
-2.00147
0.0
0.0
0.0
0.0
0.0
0.0
0.0
0.0
0.0
0.0
0.0
0.0
0.0
0.0
0.0
0.0
0.0
0.0
0.0
0.0
0.0
0.0
0.0
0.0
0.0
0.0
0.0
0.0
0.0
0.0
0.0
0.0
0.0
0.0
0.0
0.0
0.0
0.0
0.0
0.0
0.0
0.0
0.0
0.0
0.0
0.0
0.0
0.0
0.0
0.0
0.0
0.0
0.0
0.0
0.4362
1.36523
-0.00107048
-0.837191
1.07305
0.828036
-0.343896
1.95313
-0.634891
0.0
0.0
0.0
0.0
0.0
0.0
0.0
0.0
0.0
0.0
0.0
0.0
0.0
0.0
0.0
0.0
0.0
0.0
0.0
0.0
0.0
0.0
0.0
0.0
0.0
-1.54256
0.0
0.0
0.0
0.0
0.0
0.0
0.0
0.0
0.0
0.0
0.0
0.0
0.0
-0.887783
0.0
0.0
0.0
0.0
0.0
0.0
0.0
0.0
0.0
0.0
0.0
0.0
0.0
0.0
0.0
0.0
0.0
0.0
-0.362895
0.0
0.0
0.0
0.0
0.0
0.0
0.0
0.0
0.0
0.0
0.0
0.0
-0.901134
0.0
0.0
0.0
0.0
0.0
0.0
0.0
0.0
0.0
0.0242861
1.19159
0.0301197
-0.375995
0.500799
1.18209
-0.599302
1.84836
-0.739093
0.0
0.0
0.0
0.0
0.0
0.0
0.0
0.0
0.0
0.0
0.0
0.0
0.0
0.0
0.0
0.0
0.0
0.0
0.309153
1.29738
-0.00546593
-0.501354
0.268926
0.980318
-0.437927
1.90427
-0.471047
0.527075
0.0
0.0
0.0
0.0
0.0
0.0
0.0
0.0
0.0
0.0
0.0
0.0
0.0
0.0
0.0
0.0
0.0
0.0
1.19057
0.0
0.0
-1.46802
0.0
0.0
0.0
0.0
0.0
0.0
0.0
0.0
0.0
0.0
0.0
0.0
0.0
0.0
0.0
0.0
0.0
0.0
0.0
0.0
0.0
0.0
0.999751
0.882779
3.37028
1.42126
1.44389
-0.667915
-0.682516
2.26426
-2.26533
0.291791
-1.81372
-4.0926
0.340176
0.379866
0.220744
-0.238108
-2.85486
1.48271
0.513332
2.82064
-1.61742
0.732893
-0.21656
-1.26779
-1.01713
5.39749
-1.70431
1.19733
0.0405268
4.29796
0.423761
0.252951
2.61544
2.18863
-2.18965
-3.18297
1.29144
-0.926599
-0.722478
1.76147
1.82341
-0.444335
-0.0639336
-0.594771
-0.782554
0.324911
1.67943
0.259976
-0.0381302
0.159139
-0.564532
0.43582
-1.59884
0.649384
2.7176
4.11759
4.77993
-0.15313
0.323413
0.944656
-1.07127
1.13765
3.63663
-0.657746
0.931488
1.65351
0.390689
-1.2546
-0.365113
-6.0255
-0.938672
-0.435916
1.3341
-1.96986
-3.25596
-0.0893699
2.74186
-1.39493
-0.22789
-0.693281
0.285265
-0.41573
0.8914
0.00886394
2.83766
2.78153
-2.10591
0.853447
-1.60794
-0.45405
-1.38711
-0.415388
2.52334
1.88711
1.7318
2.91588
-0.307249
6.15342
-2.12199
-1.28732
-3.23128
-1.26702
2.0039
-0.568563
3.89815
0.924137
-1.14098
-3.94312
-0.436696
-3.55561
-0.590285
-0.550871
0.532993
0.981868
6.30578
3.52219
-2.28862
0.85076
0.278926
2.24658
0.0590282
0.136249
-4.13216
-4.06122
-9.67476
-0.82081
1.62453
-0.858723
1.2689
1.35816
1.51585
0.851219
-1.47025
2.24714
-0.154529
-1.53815
0.210234
-0.0337523
-3.32128
12.3017
-13.2829
4.60393
-1.21007
-7.65903
-7.61456
-7.85821
-12.0201
-0.635174
0.194828
-1.26746
-3.20159
-2.88943
1.61558
0.00223088
-2.91571
9.25766
-5.85402
-1.67889
6.27958
6.38232
-3.62625
-5.6505
4.00876
-14.3108
-4.77167
-3.52172
7.28187
0.248378
2.28321
4.56952
-2.35999
-4.22146
1.48281
-2.4352
-3.84188
