[0.5934097889811483,
 -24.144711704959555,
 4.2206374486229805,
 -28.29110512106172,
 3.7414074050373785,
 -3.166353762745794,
 6.9910561678431264,
 50.46945672360306,
 -40.71512370327403,
 -12.322914528011665,
 -11.877304461092876,
 -8.123266772198065,
 32.75460269570533,
 32.72759842216311,
 4.911393484182682,
 -6.397918062089616,
 32.73322349647242,
 -1.1379159080905197,
 35.11596395139833,
 49.84434553261876,
 -40.52128028740624,
 33.01271855978888,
 -14.635568556036532,
 -42.64312194172135,
 -12.126592825945721,
 -41.26386687617418,
 -12.272495392686096,
 -12.278936194598884,
 51.35058190060596,
 -40.16187869498745,
 9.371863624013884,
 51.39613078388285]
