[229, 25, 25, 4]
0.0
0.0
0.0
0.0
0.0
0.0
0.0
0.0
0.0
0.0
0.0
0.0
0.0
0.0
0.0
0.0
0.0
0.0
0.0
0.0
0.0
0.0
0.0
0.0
0.0
0.0
0.0
0.0
0.0
0.0
0.0
0.0
0.0
0.0
0.0
0.0
0.559616
0.0
0.0
0.0
0.0
0.0
0.0
0.0
0.0
0.0
0.0
0.0
0.0
0.0
0.0
0.0
0.0
0.0
0.0
0.0
0.0
0.0
0.0
0.0
0.0
0.0
0.0
0.0
0.0
0.0
0.0
0.0
0.0
0.0
0.0
0.0
0.0
0.0
0.0
0.0
0.0
0.0
0.0
0.0
0.0
0.0
0.0
0.0
0.0
0.0
0.0
0.0
0.0
0.0
0.0
0.0
0.0
0.0
0.0
0.0
0.0
0.0
0.0
0.0
0.0
0.0
0.0
0.0
0.0
0.0
0.0
0.459896
0.0
0.0
0.0
0.0
0.0
0.0
0.0
0.0
0.0
0.0
0.0
0.0
0.0
0.0
0.0
0.0
0.0
0.298857
-0.95762
-0.585759
0.15932
0.208477
0.0492344
-0.398224
-0.437014
0.286392
-0.925046
-0.711908
0.402361
-1.53687
-0.160812
-0.556988
-0.246793
0.47946
-1.41776
-0.625842
0.166746
1.49699
-0.0510501
0.722336
-0.115199
-0.00149254
1.37874
0.0
0.0
-0.0561186
0.0
0.0
0.0
0.0
0.0
0.0
0.0
0.0
0.0
0.0
-0.934705
0.0
0.0
0.0
0.0
0.0
0.0
0.0
0.0
0.324972
0.0
0.989667
-0.777656
-0.885938
0.315546
-0.0466743
0.107324
-0.301126
-0.116542
-0.292013
0.0423363
-0.487795
0.117316
-1.44404
0.124127
-0.535587
-0.380815
0.871417
-1.20513
-0.0151608
0.438501
2.20004
0.326222
0.333738
1.16881
0.05252
0.0
0.0
0.0
0.0
0.0
0.0
0.0
0.0
0.0
0.0
0.0
0.0
0.0
0.0
0.0
0.0
0.0
0.0
0.0
0.0
0.0
0.0
0.0
0.0
0.0
-0.0944137
-1.02136
-0.87429
0.30382
-0.25836
0.147777
-0.498996
-0.704414
-1.32066
0.0288628
-0.276412
-0.216184
-0.976566
0.584757
-0.60541
0.395624
0.795302
-1.22487
0.259501
0.193931
1.9122
1.54334
0.145864
1.14027
0.0588877
0.0
0.0
0.0
0.0
0.0
0.0
0.0
0.0
0.0
0.0
0.585244
0.0
0.0
0.0
0.0
0.0
0.0
0.0
0.0
0.0
0.0
0.0
0.0
0.0
0.0
0.0
0.0
0.0
0.0
0.0
0.0
0.0
0.0
0.0
0.0
0.0
0.0
0.0
0.0
0.0
0.0
0.0
0.0
0.0
0.0
0.0
0.0
0.0
0.0
0.0
0.0
0.0
0.0
0.0
0.0
0.0
0.0
0.0
-0.503917
0.0
0.0
0.0
0.0
0.0
0.0
0.0
0.0
0.0
0.0
0.0
0.0
0.0
0.0
0.0
-0.564366
0.0
0.0
0.0
0.0
0.0
0.0
0.0
0.0
0.0
0.0
0.0
0.0
0.0
0.0
0.0
0.0
0.0
2.38686
0.0
0.0
0.0
0.0
0.0
0.0
0.0
0.0
0.0
0.0
0.0
0.0
0.0
0.0
0.0
0.0
0.0
0.0
0.0
0.0
0.0
0.0
0.0
0.0
0.0
0.0
-0.413201
0.0
0.0
0.0
0.0
0.0
0.0
0.0
0.0
0.0
0.0
0.0
0.0
0.0
0.0
0.0
0.0
0.0
0.0
0.0
0.0
0.0
0.0
0.0
0.0
0.0
0.0
0.0
0.0
0.0
0.0
0.0
0.0
0.0
0.0
0.0
-1.52663
0.0
0.0
0.0
0.0
0.0
0.0
0.0
0.0
0.0
0.0
0.0
0.0
0.0
0.0
0.0
0.0
0.0
0.0
0.0
0.0
0.0
0.0
0.0
0.0
0.0
0.0
0.0
0.0
0.0
0.0
0.0
0.0
0.0
0.0
0.208776
0.0
0.0
0.0
0.0
0.779907
0.0
0.0
0.0
0.0
-0.23613
-0.99192
-0.472418
-0.00205399
0.531006
0.0438787
-0.411792
-1.08152
0.594384
0.124802
-0.0619535
0.430914
-1.55353
-0.192051
-0.471282
-0.285016
0.394347
-1.40556
0.220373
0.0633119
1.50289
-0.150775
0.722695
-0.0421429
0.17363
0.0
0.0
0.0
0.0
0.0
0.0
0.0
0.0
0.0
0.0
0.0
0.0
0.0
-0.35388
0.0
0.0
0.0
0.0
0.0
0.0
0.0
0.0
0.0
0.0
0.0
0.0
0.0
0.0
0.0
0.53828
0.0
0.0
0.0
0.0
0.0
0.0
0.0
0.0
0.0
0.0
0.0
0.0
0.0
0.0
0.0
-1.1124
0.0
0.0
0.0
0.0
0.0
0.0
0.0
0.0
0.0
0.0
0.0
0.0
0.0
0.0
0.0
0.0
0.0
0.0
0.0
0.0
0.0
0.0
-1.66046
0.0
0.0
0.0
0.0
0.0
0.0
0.0
0.0
0.0
0.0
0.0
0.0
0.0
0.0
-0.478732
0.0
0.0
0.0
0.0
0.0
0.0
0.525006
0.0
0.0
0.0
0.0
0.0
0.0
0.0
0.0
0.0
0.0
0.0
0.0
0.0
0.0
0.0
0.0
0.0
0.0
0.0
0.0
0.0
0.0
0.0
0.0
0.0
0.0
0.0
0.0
0.0
0.0
0.0
0.0
-0.331619
0.0
0.0
-0.525201
0.0
0.0
0.0
0.0
0.0
0.0
0.0
0.0
0.0
0.0
0.0
0.0
0.0
0.0
0.0
0.0
0.0
1.10178
0.0
-0.399291
0.0
0.0
0.0
0.0
0.0
0.0
0.0
-0.202852
0.0
0.0
0.0
0.0
0.0
0.0
0.0
0.0
0.0
0.0
0.0
0.0
0.0
-0.709801
0.0
0.0
0.0
-0.550305
0.0
0.0
0.0267114
-0.971594
-0.94605
-0.0210571
-0.393483
0.121309
-0.480469
-0.439156
-1.48891
0.315349
-0.0123924
-0.408235
-0.948854
0.610591
-0.600795
0.498473
0.708306
-1.28732
0.0861591
-0.0269467
1.35291
1.58599
0.163184
0.400272
0.224779
0.0
0.0
0.0
0.0
0.0
-0.631875
0.0
0.0
0.0
0.0
0.0
0.0
0.419065
0.0
0.0
0.0
0.0
0.0
0.0
-0.60324
0.0
0.0
0.0
0.0
0.0
0.0
0.0
0.0
-2.172
0.0
0.0
0.0
0.0
0.0
0.0
0.0
0.0
0.0
0.0
0.0
0.0
0.0
0.0
0.0
0.0
0.0
0.0
0.0
-1.05813
0.0
0.0
0.0
0.0
0.0
0.0
0.0
0.0
0.0
0.0
0.0
0.0
0.0
-0.0981748
0.0
0.0
0.0
0.0
1.10614
0.0
0.0
0.0
0.0
0.0
0.0
0.0
0.0
0.0
0.0
0.0
0.0
0.0
0.0
0.0
0.0
1.54752
0.0
0.0
0.0
0.0
0.0
0.0
0.0
0.0
0.0
0.0
0.0
0.0
0.0
0.0
0.0
0.0
0.0
0.0
0.0
0.0
0.0
0.0
0.0
0.0
0.0
0.0
0.0
0.0
0.0
0.0
0.0
0.0
0.0
0.0
0.0
0.0
0.0
0.0
0.0
0.0
0.0
0.0
0.0
0.0
0.0
-2.3584
0.0
0.0
0.0
0.0
0.0
0.0
0.0
0.0
0.0
0.0
0.0
-0.0481223
0.0
0.0
0.0
0.0
0.0
0.0
0.0
0.0
0.0
0.0
-0.0328658
0.0
0.0
0.0
0.0
0.0
0.0
-1.51042
0.0
0.0
0.0
0.0
0.0
0.0
0.0
0.0
0.0
0.0
0.0
0.0
0.0
0.0
0.0
0.0
0.0
0.695855
0.0
0.0
0.0
0.0
0.0
0.0
0.738216
0.0
0.0
0.0
0.0
0.0
0.0
0.0
0.0
0.0
0.0
0.0
0.0
0.0
0.0
0.0
0.0
0.0
0.652143
0.0
0.0
0.0
0.478057
0.0
0.0
0.0
-1.29225
0.0
0.0
0.0
0.0
0.0
0.0
0.0
0.0
0.0
0.0
0.0
0.0
0.0
0.0
0.0
0.0
0.0
0.0
0.0
0.0
0.0
0.0
0.0
0.0
0.524473
0.0
0.0
0.0
0.0
0.0
0.0
0.0
0.0
0.0
0.0
0.0
0.0
0.0
0.0
0.0
0.0
0.0
0.0
0.0
0.0
0.0
0.0
0.0
0.0
0.0
0.0
0.0
0.0
0.0
0.0
0.0
0.0
0.0
0.0
0.0
0.0
0.0
0.0
0.0
0.0
0.0
0.0
0.0
0.0
0.0
0.0
0.0
1.24858
0.0
0.0
0.0
-0.18415
0.0
0.0
0.706686
0.0
0.0
0.0
-0.991324
0.0
0.0
0.0
0.0
0.0
0.0
0.0
0.0
0.0
0.0
0.0
0.0
1.14904
0.0
0.0
0.0
0.0
0.0
0.0
0.0
0.0
0.0
0.0
0.0
0.0
0.0
0.0
0.0
0.0
0.0
0.0
0.0
0.0
0.0
0.0
0.0
0.0
0.0
0.0
0.0
0.0
0.0
0.0
0.0
0.741661
0.0
-0.570938
0.0
0.0
0.0
0.0
0.0
0.0
0.0
0.0
0.0
0.0
0.0
0.0
0.0
0.0
0.0
0.0
0.0
0.0
0.0
0.976623
0.0
0.0
0.0
-0.476095
0.0
0.0
0.0
0.0
0.0
0.0
0.0
0.0
0.0
0.0
-0.945895
0.0
0.0
0.0
0.0
0.0
0.0
0.0
0.0844894
1.1425
0.0
0.0
0.0
0.0
0.0
0.0
0.0
0.0
0.0
0.0
0.0
0.0
0.0
0.0
0.0
0.0
-0.711651
-0.363876
0.0
0.0
0.0
0.0
0.0
0.0
0.0
0.0
0.0
0.0
0.0
0.0
0.0
0.0
0.0
0.0
0.0
0.0
0.0
0.0
0.0
0.0
0.0
0.0
0.0
0.0
0.0
0.0
0.201776
0.0
0.0
0.0
0.0
0.0135071
0.0
0.0
0.0
0.0
1.74004
0.0
0.0
0.0
0.0
0.0
0.0
0.0
0.0
1.32617
0.0
0.0
0.0
0.0
0.0
0.0
0.0
0.0
0.0
0.0
0.0
0.0
0.0
0.0
0.0
0.0
0.0
0.0
0.0
0.0
0.0
0.0
1.26571
-0.149727
-0.107457
0.198576
-0.312786
0.7583
-0.342676
-0.25873
1.26734
1.19669
0.0555476
-0.594244
-1.84136
-0.519174
0.206034
-0.525015
0.732921
-1.3173
-0.622602
0.250003
0.161434
1.10776
0.499746
-0.424251
0.0896655
0.0
0.0
0.0
0.0
0.0
0.0
0.0
0.0
0.0
0.0
0.0
0.316092
0.0
0.0
0.0
0.0
0.0
0.0
0.0
0.0
0.0
0.0
0.0
0.0
0.0
0.0
-0.493672
0.0
0.0
0.0
0.0
0.0
0.0
0.0
0.0
0.0
0.0
0.0
0.0
0.0
0.0
0.0
0.0
0.0
0.0
0.0
0.0
0.0
0.0
0.0
0.0
0.0
0.0
0.0
0.0
0.0
0.0
0.0
0.0
0.0
0.0
0.642721
0.0
0.0
0.0
0.0
-0.0111019
0.0
0.0
0.0
0.0
-0.131021
0.0
0.0
0.0
0.0
0.0
0.0
0.0
0.0
0.0
0.0
0.0
0.0
0.0
0.0
0.0
0.0
0.0
0.0
0.0
0.0
0.0
0.0
0.0
0.0
0.0
0.0
0.0
0.0
0.0
0.0
0.0
0.0
0.0
0.0
0.0
0.0
0.0
0.0
0.0
0.0
-0.826753
0.0
0.0
0.0
0.0
0.0
0.0
0.0
0.0
0.0
0.0
0.0
0.0
2.66311
0.0
0.0
0.0
0.0
0.0
0.0
-0.835527
0.0
-0.223698
0.0
0.0
0.0
0.0
0.0
0.0
0.0
0.0
0.0
0.0
0.218775
0.0
0.0
0.0
0.0
0.0
0.0
0.0
0.0
0.0
0.0
0.0
0.0
0.0
0.0
0.0
0.0
0.0
0.0
0.0
0.0
0.0
0.0
0.0
0.0
0.0
0.0
0.0
0.0
0.0
0.0
0.0
0.969126
0.0
0.0
0.0
-0.768578
0.0
0.0
0.0
0.0
0.0
0.0
0.0
0.0
0.0
0.0
0.0
0.0
0.0
0.0
-0.555477
0.0
-1.24268
0.0
0.0
0.0
0.0
0.0
0.0
0.0
0.0
0.0
0.0
0.0
0.0
0.0
0.0
0.0
0.0
0.0
-1.25776
0.0
0.0
0.0
0.0
0.0
0.0
0.0
0.0
0.0
0.0
0.0
0.0
0.0
0.0
0.0
0.0
0.0
0.782491
0.0
0.0
0.0
0.0
-1.1484
0.0
0.0
0.0
0.0
0.0
0.0
0.0
0.0
0.0
0.0
0.0
0.0
0.0
0.0
0.0
0.0
0.0
0.0
0.0
0.0
0.0
0.0
0.0
0.0
0.0
0.0
0.0
0.0
0.0
0.0
0.0
0.0
0.0
0.0
0.0
0.106799
-0.922186
-0.973331
0.139826
-0.426848
0.0757128
-0.499943
-0.406499
-1.70121
0.208237
-0.144618
-0.569346
-0.865251
0.711775
-0.543488
0.656215
0.64051
-1.25691
-0.281149
0.0386746
0.968994
1.42646
0.0720593
-0.539341
0.0116281
0.0
0.0
0.0
0.0
2.77857
0.0
0.0
0.0
0.0
0.0
0.0
0.0
0.0
0.0
0.0
0.0
0.0
0.0
0.0
0.0
0.0
0.0
0.0
0.0
0.0
0.0
0.0
0.0
0.0
0.0
0.0
0.0
0.0
0.0
0.0
0.0
0.0
0.0
0.0
0.0
0.0
0.0
0.0
0.0
0.0
0.0
0.0
0.0
0.0
0.0
0.0
0.0
0.0
0.0
0.0
0.0
-0.60133
0.0
0.0
0.0
0.0
0.0
0.0
0.0
0.0
0.0
0.0
0.0
0.0
0.0
0.0
0.0
0.0
0.0
0.0
0.0
1.87518
-0.463298
0.0
0.0
0.0
0.0
0.0
0.0
0.0
0.0
0.0
0.0
0.0
0.0
0.0
0.0
0.0
0.0
-0.04546
1.7402
0.0
0.0
0.0
0.0
0.0
0.0
0.0
0.0
0.0
0.0
0.0
0.0
0.0
0.0
0.0
0.0
0.0
1.36604
0.0
0.0
0.0
0.0
0.0
0.0
0.0
0.0
0.0
0.0
0.0
0.0
0.0
0.0
0.0
0.0
0.0
0.0
0.0
0.0
0.0
0.0
0.0
0.0
0.0
0.0
0.0
0.0
2.43468
0.0
0.0
0.0
0.0
0.0
-0.794173
0.0
0.0
0.0
0.0
0.0
0.0
0.0
0.0
0.0
0.0
0.0
0.0
0.0
0.0
0.0
0.0
0.0
0.0
0.0
0.0
0.0
0.0
0.0
0.0
0.0
0.0
0.0
0.0
0.0
0.0
0.0
0.0
0.0
0.0
0.0
0.0
0.0
0.0
0.0
0.780458
0.0
0.0
0.0
0.0
0.0
0.0
0.0
1.38975
0.0
0.277383
0.0
0.0
0.0
0.0
0.0
0.0
0.0
0.0
0.0
0.0
0.0
0.0
0.0
0.0
0.0
0.0
0.0
0.0
0.0
0.0
0.0
0.0
0.0
-0.911976
0.0
0.0
0.0
0.0
0.0
0.0
0.0
0.0
2.23733
0.0
0.0
0.530906
0.0
0.0
0.0
0.0
0.0
0.0
0.0
0.0
0.0
0.0
0.0
0.0
0.0
0.0
0.0
0.0
0.0
0.0
0.0
0.0
-0.853686
0.0
0.0
0.0
0.0
0.0
0.0
0.0
0.0
0.0
0.0
0.0
0.0
0.0
0.0
0.0
0.0
0.0
0.0
-1.55836
0.0
-2.85996
0.0
0.0
0.0
0.0
0.0
0.0
0.0
0.0
0.0
-1.6268
0.0
0.0
0.0
0.757212
0.0
0.0
0.0
0.0
0.0
0.0
0.0
0.0
0.0
0.0
0.0
0.0
0.0
0.0
0.0
0.0
0.0
0.0
0.0
0.0
0.0
0.0
0.0
0.0
0.0
0.0
0.0
0.0
0.0
0.0
0.0
0.445733
0.0
0.0
0.0
0.0
0.188363
0.0
0.0
0.0
0.0
0.0
0.0
0.0
0.0
0.0
0.0
0.0
0.0
0.0
0.0
0.0
0.0
0.0
0.0
0.0
0.0
0.0
0.0
0.0
0.0
-0.0779369
0.0
0.0
0.0
0.0
0.0
0.0
0.0
0.0
0.0
0.0
0.0
0.0
0.0
0.0
0.0912098
0.0
0.0
0.0
0.0
0.0
1.31974
0.0
0.0
0.0
0.0
0.0
0.0
0.0
0.0
-0.911606
0.0
0.0
0.0
0.0
0.0
0.0
0.0
0.546018
0.0
0.0
0.0
0.0
0.0
0.0
0.0
0.0
0.0
-0.379306
-1.00443
0.671443
0.112301
0.467358
1.71088
-0.407218
0.42444
1.79897
1.0811
-0.0781523
-1.02245
-1.26565
-0.579756
0.596517
-0.123786
0.259166
-0.932642
-0.496628
0.38213
-0.589742
0.0390467
0.592062
-0.673743
0.0581662
0.0
0.0
0.0
0.0
0.0
0.0
0.0
0.0
0.0
0.0
0.0
0.0
0.0
0.0
1.37839
0.0
0.0
0.0
0.0
0.0
0.0
0.0
0.0
0.0
0.0
0.0
-0.26025
0.0
1.00756
0.517943
0.0
0.0
0.0
0.0
0.0
0.0
0.0
0.0
0.0
0.0
0.0
0.0
0.0
0.0
0.0
0.0
0.0
0.0
0.0
0.0
0.0
0.0
0.0
0.0
0.0
0.0
0.0
0.0
0.0
0.0
0.0
0.0
0.0
0.0
0.0
0.0
0.0
0.479389
0.0
0.0
0.0
0.0
0.0
0.0
0.0
0.0
0.0
0.0
0.0
0.0
0.0
0.0
0.0
0.0
0.0
0.0
0.0
0.0
0.0
0.0
0.0
0.241165
0.0
0.0
0.0
0.0
0.0
0.0
0.0
0.0
0.0
0.0
0.0
0.0
0.0
0.0
0.0
0.0
0.0
0.0
0.0
0.0
0.0
0.0
0.0
0.0
0.0
0.0
0.0
-0.291093
0.0
0.0
0.0
0.0
0.0
0.0
0.0
0.0
0.0
0.0
0.0
0.0
0.27691
0.0
-0.650408
0.0
0.0
0.0
0.0
0.0
0.0
0.0
0.0
0.0
0.0
0.0
0.0
0.0
0.0
0.00579731
0.0
0.0
0.0
0.0
0.0
0.0
0.0
0.0
0.0
0.0
0.0
0.0
0.0
0.0
-1.06605
0.0
0.0
0.0
0.0
0.0
0.0
0.0
0.0
0.0
0.618194
0.0
0.0
0.0
0.0
0.0
0.0
0.0
0.0
0.0
0.0
0.0
0.0
0.0
0.0
0.0
0.0
0.0
0.0
0.0
0.0
0.0
0.0
0.0
0.0
0.0
-0.13949
1.05827
0.0
0.0
0.0
0.0
0.0
0.0
0.271572
0.0
0.0
0.0
0.0
0.0
0.0
0.0
0.0
0.0
0.0
0.0
0.0
0.0
0.0
0.0
0.0
0.0
0.0
0.0
0.0
0.0
0.0
0.0
0.0
0.0
0.0
0.0
0.0
0.0
0.0
0.0
0.0
0.0
0.0
0.0
0.0
0.0
0.0
0.0
0.0
0.0
0.0
0.0
0.0
0.0
0.0
0.0
0.405779
0.0
0.0
0.0
0.0
0.0
0.0
0.0
0.0
0.0
0.0
0.0
0.0
0.0
0.0
0.0
0.0
0.0
0.0
0.0
0.0
0.0
0.0
0.0
0.0
0.634345
0.335095
-0.26333
0.0
0.0
0.0
0.0
0.0
0.0
0.0
0.0
0.0
0.0
0.0
0.0
0.0
0.0
0.0
0.0
0.0
0.0
-0.530444
0.0
0.0
0.0
0.0
0.0
0.0
0.0
0.0
0.0
0.0
0.0
0.0
0.0
0.0
0.0
0.0
0.0
0.772781
0.0
0.0
0.0
0.0
0.240517
-0.881523
-1.04182
0.049216
-0.392173
-0.115146
-0.459316
-0.313463
-1.88853
0.0132511
-0.250328
-0.889131
-0.777831
0.831507
-0.427727
0.939625
0.576098
-1.27038
-0.467332
0.142848
0.69125
1.12818
-0.0176468
-0.288367
-0.0217088
0.0
0.0
0.0
0.0
0.0
0.0
0.0
0.0
0.0
0.0
0.0
0.0
0.0
0.0
0.0
0.0
0.0
0.0
0.0
0.0
0.0
0.0
0.0
0.0
0.0
0.0
0.0
0.0
0.0
0.0
0.356165
0.0
0.0
0.0
0.0
0.0
0.0
0.0
0.0
0.0
0.0
0.0
0.0
0.0
0.0
1.6494
0.0
-1.24081
0.0
0.0
0.0
0.0
0.0
0.0
0.0
0.0
0.0
0.0
0.0
0.0
0.0
0.0
0.0
0.0
0.0
0.0
-0.556575
0.0
0.0
0.0
0.0
0.0
0.0
0.294945
0.0
-0.98527
0.0
0.0
0.0
0.0
0.0
0.0
0.0
0.0
0.0
0.0
0.0
0.0
0.0
0.0
0.0
0.0
0.0
0.0
0.0
0.0
0.95035
0.0
0.0
0.0
0.0
0.0
0.0
2.65314
0.0
0.0
0.0
0.0
0.0
0.0
0.0
0.0
0.0
0.0
0.0
0.365546
0.0
0.0
0.0
0.0
0.0
0.0
0.0
0.0
0.0
0.0
-1.13382
0.0
0.0
0.0
0.0
0.0
0.0
0.0
0.0
0.0
0.0
0.0
0.0
0.0
0.0
0.0
0.0
0.0
0.0
0.0
0.0
0.0
0.0
0.0
0.0
0.0
0.0
0.0
0.0
0.0
0.0
0.0
0.0
0.0
0.0
0.0
0.0
0.0
0.0
0.0
0.0
0.0
0.0
1.04586
0.0
0.0
-0.506948
0.0
0.0
0.0
0.0
0.0
0.0
0.0
0.0
0.0
0.0
0.0
0.0
0.0
0.0
0.0
0.0
0.0
0.0
0.0
0.0
0.0
0.0
0.0
0.0
0.0
0.0
0.0
0.0
0.0
0.0
0.0
0.0
0.0
0.0
0.0
0.0
0.0
0.0
0.0
0.0
0.0
0.0
0.0
0.0
0.0
0.0
0.0
0.0
0.0
0.0
0.0
0.0
0.0
0.0
0.0
0.0
0.0
0.0
0.0
0.0
0.0
0.0
-0.236122
0.0
0.0
0.0
0.0
0.0
0.0
0.0
0.0
0.0
0.0
0.0
0.197654
0.0
0.0
0.0
0.0
0.0
0.0
0.0
0.0
0.0
0.0
0.0
0.0
0.0
0.0
0.0
0.0
0.0
0.0
0.0
0.0
0.0
0.0
0.0
0.0
0.0
0.0
0.0
0.0
0.0
0.0
0.0
0.0
0.0
0.0
0.0
0.0
0.0
0.0
0.0
-0.961805
0.0
0.0
-0.893402
0.0
0.0
0.0
0.0
0.0
0.0
0.0
0.0
0.0
0.0
0.0
0.0
0.0
0.0
0.0
0.0
0.0
0.0
0.0
0.0
0.0
0.0
0.0
0.0
0.0
0.0
0.0
0.0
0.0
0.0
0.0
0.0
0.0
0.0
0.350987
0.0
0.0
0.0
0.0
0.0
0.0
0.0
0.0
0.0
-0.589119
0.0
0.0
0.0
0.0
0.0
0.0
0.0
0.0
0.0
-0.49009
0.0
0.0
0.0
0.0
0.0
0.0
0.233745
0.0
0.0
0.0
0.0
0.0
0.0
0.0
0.0
0.0
0.0
0.846356
0.0
0.0
0.0
0.0
0.0
0.0
0.0
0.0
0.0
0.0
0.0
-0.0106229
-0.234344
0.955862
0.16169
0.773137
0.681851
-0.187968
0.269002
2.09468
-0.35544
0.71598
0.142472
-1.04471
-0.210757
1.51159
0.813066
0.430499
-0.327721
-0.476254
0.101757
-1.16724
-0.722408
0.44874
-0.323175
-0.330013
0.0
0.0
-0.1168
0.0
0.0
0.0
0.0
0.0
2.09219
0.0
0.0
0.0
0.0
-2.29784
0.0
0.0
0.0
0.0
0.0
0.0
0.0
0.0
0.0
0.0
0.0
0.0
0.0
0.0
0.0
0.0
0.0
0.0
0.0
0.0
0.0
0.0
0.0
0.0
0.0
0.0
0.0
0.0
0.0
0.0
0.0
0.0
0.0
0.0
0.0
0.0
0.0
0.0
0.0
0.0
0.0
0.0
0.0
0.0
0.0
0.0
0.0
0.0
0.0
0.0
0.0
0.0
0.0
0.0
-1.25631
0.0
0.0
-0.148939
0.0
0.0
0.0
0.0
0.0
0.0
0.0
0.0
1.56385
0.0
0.0
0.0
0.0
0.0
0.0
0.0
0.0
0.0
0.0
0.0
0.0
0.0
0.0
0.0
-1.43777
0.0
0.0
0.495218
0.0
0.0
0.0
0.0
0.0
0.0
0.0
0.0
0.0
0.0
0.0
0.0
0.0
0.0
0.0
0.0
0.0
0.0
0.0
0.0
0.0
0.0
0.0
0.0
0.0
0.0
0.0
0.0
0.0
0.0
0.0
0.0
0.0
0.0
0.0
0.0
0.0
0.0
-0.0459287
-0.965477
0.0
0.0
0.0
0.0
0.0
0.0
0.0
0.0
0.0
0.0
0.0
0.0
0.155888
0.0
0.0
0.0
0.0
0.0
0.0
0.0
0.0788456
0.0
0.0
0.0
0.0
0.0
0.0
0.0
0.0
0.0
0.0
0.0
0.0
0.0
0.0
0.0
0.0
0.0
0.0
0.0
0.0
0.0
0.906894
0.0
0.0
0.0
0.0
0.0
0.0
0.0
0.0
0.0
0.0
0.0
0.0
0.0
0.0
0.0
0.0
0.0
0.0982699
0.0
0.0
-0.516335
0.0
0.0
0.0
0.0
0.0
0.0
0.0
0.0
0.0
0.0
0.0
0.0
0.0
0.0
0.0
-0.247233
0.0
0.0
0.0
0.0
0.0
0.0
0.0
0.0
0.0
0.0
0.0
0.810049
0.0
0.0
0.0
0.0
0.0
0.0
0.0
0.0
0.0
0.0
0.0
0.0
0.0
0.0
0.0
0.0
0.0
0.0
0.0
0.0
0.0
0.0
0.0
0.0
0.0
-0.212178
0.0
0.0
0.0
0.0
0.0
0.0
0.0
0.0
0.0
0.0
0.548891
0.0
0.0
0.0
0.0
0.0
0.0
0.0
0.0
0.0
0.0
0.0
0.0
0.0
0.0
0.0
0.0
0.0
0.0
0.0
0.0
0.0
0.0
0.0
0.0
0.0
0.0
0.0
0.0
0.0
0.0
0.0
0.0
0.0
0.0
0.0
0.0
0.0
0.0
-0.0441399
0.0
0.0
0.0
0.0
0.0
0.0
0.0
0.0
0.0
0.0
0.0
0.0
0.0
0.0
0.0
0.0
0.0
-0.878375
-0.0207941
-1.08301
-0.142095
-0.304408
-0.341055
-0.81837
0.836208
-2.17506
0.148315
0.293735
-0.512212
-0.182324
1.13336
-0.244287
0.292113
0.747187
-0.409808
-0.126851
-0.489097
-0.120116
0.6539
0.283529
-1.61123
-0.506824
0.0
0.0
0.0
0.0
0.0
1.50167
0.0
0.0
0.0
0.0
0.0
0.0
0.0
0.0
2.00747
0.0
0.0
0.0
0.0
0.0
0.0
0.0
0.0
0.0
0.0
0.0
0.0
0.0
0.0
0.0
0.0
0.0
0.0
0.0
0.0
0.0
0.0
0.0
0.0
0.0
0.0
0.0
0.0
0.0
0.0
0.0
0.0
0.0
0.0
0.0
0.0
0.0
0.0
0.0
0.0
0.0
0.0
0.0
0.0
0.0
0.0
0.0
0.0
0.0
0.0
0.0
0.0
0.0
0.0
0.0
0.0
0.0
0.0
0.0
0.0
0.0
0.0
0.0
0.0
0.0
0.0
0.0
0.0
-0.576188
0.0
0.0
0.0
0.0
0.0
0.0
0.573821
0.0
0.0
0.0
0.0
0.0
0.0
0.0
0.0
0.0
0.0
0.0
0.0
0.0
-2.49106
0.0
0.0
0.0
0.0
0.0
0.0
0.0
0.0
0.0
0.0
0.0
0.515907
0.0
0.0
0.0
0.257854
0.0
0.0
0.0
-0.3678
0.0
0.0
0.0
0.0
0.0
0.0
0.0
0.0
0.0
0.0
0.0
0.0
0.0
-0.0860546
0.0
0.0
0.0
0.0
0.0
0.0
0.0
0.0
0.0
0.0
0.0
0.0
0.0
0.0
0.0
0.0
0.0
0.0
0.0
0.0
0.0
0.0
0.0
0.99093
0.0
0.0
0.0
0.0
0.0
0.0
0.0
0.0
-1.49321
0.0
-0.437851
0.0
0.0
0.0
-0.478845
0.0
0.0
0.0
0.0
0.0
0.0
0.0
0.0
0.0
0.0
0.0
0.0
0.0
0.0
0.0
0.0
0.0
0.0
0.0
0.0
0.0
0.0
0.0
0.0
0.0
0.0
0.0
0.0
0.0
0.0
0.0
0.0
0.0
0.0
1.13573
0.0
0.0
-1.10745
0.0
0.0
0.0
0.0
-0.921067
0.0
0.0
0.0
0.0
0.0
0.0
0.0
0.0
0.0
0.0
-0.922933
0.0
0.0
0.0
0.0
0.0
0.0
0.0
0.0
0.428489
0.0
0.0
0.0
0.0
0.0
0.0
0.167977
0.0
0.0
0.0
0.0
0.0
0.0
0.0
0.0
0.0
0.0
0.0
0.0
0.0
0.0
0.0
0.0
0.0
0.0
0.0
-0.241419
0.0
0.0
0.0
0.0
0.0
0.0
0.0
0.0
0.0334623
0.0
0.0
0.0
-0.756184
0.0
0.0
0.0
0.0
0.0
0.0
0.0
0.0
0.0
0.0
0.0
0.0
0.0
0.0
0.0
0.0
0.0
0.0
-1.15539
0.0
0.0
-0.685084
0.0
0.0
0.0
0.0
0.0
0.0
0.0
0.0
0.0
0.0
0.0
0.0
0.0
0.0
0.0
0.0
0.831323
0.0
0.0
0.0
0.0
0.0
0.0
0.0
0.0
0.0
1.72981
0.0
0.0
0.435144
0.0
0.0
0.0
0.0
-1.67838
0.0
0.0
0.0
0.0
0.0
0.0
-1.00248
0.0
0.0
0.0
0.0
0.0
0.0
0.0
0.0
0.0
0.0
0.0
0.0
0.0
0.0
0.0
0.0
0.0
0.0
-0.146609
0.0
0.0
0.0
0.0
0.0
0.0
0.0
0.0
0.0
0.0
0.0
0.286745
0.548844
-0.334649
0.0552898
0.357792
0.944902
-0.539482
0.0371448
1.54634
-0.311693
0.0682293
-0.238722
-0.968588
0.153838
1.70929
0.749514
0.774101
-1.07062
-0.115628
0.205174
0.00822578
-1.81517
-0.0584746
-0.0582123
-0.522979
-1.2893
0.0
0.0
0.0
0.0
0.0
0.0
0.0
0.0
0.0
0.0
0.0
0.0
0.0
0.0
0.0
0.0
0.0
0.0
0.0
0.0
0.0
0.0
0.0
0.0
0.0
0.0
0.0
0.0
0.0
0.0
0.0
0.0
0.0
0.0
0.0
-1.02865
0.0
0.0
0.0
0.0
0.0
0.0
0.0
0.0
-0.182324
-0.520111
0.0
0.0
0.0
0.0
0.0
0.0
0.0
0.0
0.0
0.0
0.0
0.0
0.0
0.0
0.0
0.0
0.0
0.0
-0.297721
0.0
0.0
0.0
0.0
0.0
0.0
0.0
0.50974
0.0
0.0
0.0
0.0
0.0
0.0
0.0
0.0
0.0
0.0
0.0
0.0
0.0
0.0
0.0
0.0
0.0
0.0
0.0
0.468222
0.0
0.0
0.0
0.0
0.0
0.0
0.0
0.0
0.0
0.0
0.0
0.0
0.325033
0.0
0.0
0.0
0.0
0.0
0.0
0.0
0.0
0.0
0.365432
0.0
0.0
0.0
0.0
0.0
0.0
0.0
0.0
0.0
0.0
0.0
0.0
0.0
0.0
0.0
0.0
0.0
0.0
0.0
0.0
0.0
0.0
0.0
0.0
0.0
0.0
0.0
0.0
0.0
0.0
0.0
0.0
0.0
0.0
0.0
0.312618
0.0
0.0
1.10527
0.0
0.0
0.0
0.0
0.0
0.0
0.301303
1.12346
0.0
0.0
-0.673434
0.0
0.0
0.0
-0.594412
0.0
0.638869
0.0
0.0
0.0
0.554801
0.0
0.0
0.0
0.0
0.0
0.0
0.0
0.0
0.0
0.0
0.0
0.0
0.0
0.0
0.0
0.0
0.0
0.0
0.0
0.0
0.0
0.0
0.0
0.0
0.0
0.0
0.0
0.0
0.0
0.0
0.0
0.0
0.0
0.0
0.0
0.0
0.0
0.0
-0.362962
0.0
0.0
-0.895429
0.0
0.0
0.0
0.0
0.0
0.0
0.0
0.0
0.0
0.0
0.0
0.0
0.0
0.0
0.0
0.0
0.0
0.0
0.0
0.0
0.0
0.0
0.0
0.0
0.0
0.0
0.0
0.0
0.0
0.0
0.0
0.0
0.0
0.0
0.0
0.0
0.0
0.0
0.0
0.0
0.0
0.0
0.0
0.0
0.0
0.0
0.0
0.0
0.0
0.0
0.0
0.0
0.0
0.0
0.0
-0.190906
0.0
0.0
0.0
0.0
0.0
0.0
0.0
0.0
0.0
0.0
0.0
0.0
0.0
0.0
0.0
0.0
0.0
0.0
0.0
0.0
0.0
0.0
0.0
0.0
0.0
0.0
0.0
0.0
0.0
0.0
0.0
0.71072
0.0
0.0
0.0
0.0
-0.322322
0.0
0.0
0.0
0.0
0.0
0.0
0.0
0.0
0.0
0.0
0.0
0.0
0.0
-0.587679
-0.646396
-1.03202
-0.160997
-0.0056031
-0.353295
-0.749701
0.87373
-1.18654
0.174341
0.0753727
-0.999261
0.444109
1.6434
0.713157
0.538659
0.45964
-0.574473
0.261002
-0.577875
0.0602177
1.32492
0.163013
0.120429
0.37718
0.0
0.0
0.0
0.0
0.0
0.0
0.0
0.0
0.0
0.0
0.568729
0.0
0.0
0.0
0.0
0.219589
0.0
0.0
0.0
0.0
-1.1118
0.0
0.0
0.0
0.0
0.0
0.0
0.0
0.0
0.0
0.0
0.0
0.0
0.0
0.0
0.0
0.0
0.0
0.0
0.0
0.0
0.0
0.0
0.0
0.0
0.0
0.0
0.0
0.0
0.0
0.0550302
0.0
0.0
0.0
0.0
0.0
0.0
0.0
0.0
0.0
0.0
0.0
0.0
0.0
0.0
0.0
0.0
-0.526245
0.0
0.0
0.661044
0.0
0.0
0.0
0.0
0.0
0.0
0.0
0.0
0.0
0.0
0.0
0.0
0.0
0.0
0.0
0.0
0.0
0.0
0.0
0.0
0.0
0.0
0.0
0.0
0.0
0.0
0.0
0.0
0.0
0.0
0.0
0.0
0.0
0.0
0.0
0.0
0.0
0.0
0.0
0.0
0.0
0.0
0.0
0.0
0.0
0.0
0.0
0.0
0.0
0.0
0.217775
0.0
0.0
0.0
0.0
0.0
0.0
0.0
0.0
0.0
0.66183
0.0
0.0
0.0
0.0
0.0
0.0
0.0
0.0
0.0
-0.621468
0.0
0.0
0.0
0.0
0.0
0.0
0.0
0.0
0.0
0.0
0.0
0.0
0.0
0.0
0.0
0.0
0.0
0.0
0.0
0.0
0.0
0.0
0.0
0.0
0.0
0.0
0.0
-1.63574
0.0
0.0
0.0
0.0
0.0
0.0
0.0
0.0
0.0
0.0
0.0
0.0
0.0
0.0
0.0
0.0
0.0
0.0
0.0
0.0
0.137144
0.0
0.0
0.0
0.0
0.0
0.0
0.678173
0.325527
0.0
0.0
0.0
0.0
0.0
0.0
0.0
0.0
0.0
0.0
0.0
0.0
0.0
0.0
0.0
0.0
0.0
0.0
0.0
0.0
0.0
0.0
0.0
0.0
0.0
0.0
0.0
0.0
0.0
0.0
0.0
0.0
0.0
-0.780889
0.0
0.0
0.0
0.0
0.0
0.0
0.0
0.0
0.421556
0.0
0.0
0.0
0.0
0.0
0.0
0.0
0.0
0.0
0.0
0.0
0.0
0.0
0.0
0.0
0.0
0.0
0.0
-0.361777
0.0
0.0
0.0
0.0
0.0
0.0
0.562296
0.0
-0.131238
0.0
0.0
0.0
0.0
0.0
0.0
0.0
0.0
0.0
0.0
0.0
0.0
0.0
0.0
0.0
0.0
0.0
0.0
0.0
0.0
0.0
0.0
-0.198845
0.0
0.0
0.0
0.0
-0.96977
0.0
0.0
0.0
0.0
0.0
0.0
0.0
0.0
0.0
0.0
0.0
0.0
0.0
0.0
0.902989
0.0
0.0
0.0
0.0
0.0
0.0
0.0
0.0
0.0
0.0
0.0
0.0
0.749103
0.0
0.0
0.0
0.0
0.0
0.0
0.0
0.0
0.0
0.0
0.95642
0.0
0.0
0.0
0.0
0.0
0.0
0.0
0.0
0.0
0.0
0.667261
0.0
0.0
0.0
0.0
0.0
0.0
0.0
0.0
0.0
0.0
0.0
0.0
-0.372071
0.0
0.0
0.0
0.0
0.0
0.0
0.0
0.0
0.0
0.0
0.0
0.0
0.0
0.0
0.671317
0.0
0.0
0.0
0.0
0.0
0.0
0.0
0.0
0.0
0.0
-0.636963
0.0
0.0
0.0
0.0
0.0
0.0
0.0
0.0
0.0
0.0
0.0
0.0
0.0
0.271453
0.444768
-0.61605
-0.42585
0.0702562
0.0470737
-0.446737
0.626683
1.06321
-0.200387
-0.221805
0.208831
-1.10057
0.221044
1.77575
0.680718
0.717798
-0.69053
0.245403
-0.237005
0.370256
-1.27761
-0.34569
0.459849
0.0732148
0.0
0.0
0.0
0.0
0.0
0.0
0.0
0.0
0.0
0.0
0.0
0.0
0.0
0.0
0.0
0.0
0.0
0.0
0.0
0.0
0.0
0.0
0.0
-1.70495
0.0
0.0
0.0
0.0
0.0
-0.695777
0.0
0.190529
0.0
0.0
0.0
0.0
0.0
0.0
0.0
0.0
0.0
0.0
0.0
0.0
0.0258733
0.0
0.0
0.0
0.0
0.0
0.0
0.0
0.0
0.0
0.0
0.0
0.0
0.0
0.0
-1.66645
0.0
0.0
0.0
0.0
0.0
0.0
0.0
0.0
0.0
0.0
0.0
0.0
0.0
0.0
0.0
0.0
-1.92786
0.0
0.0
-2.67258
0.0
-0.248805
0.0
1.49946
0.0
0.0
0.0
0.467479
0.0
0.0
0.0
0.0
0.0
-0.0365523
0.0
0.0
0.0
0.0
0.0
0.0
0.0
0.0
0.0
0.0
0.0
0.0
0.0
0.0
0.0
0.0
0.0
0.0
0.0
0.0
0.360503
0.0
0.0
0.0
0.0
0.0
0.0
0.0
0.0
0.0
0.0
-0.103259
0.0
0.0
-1.17865
0.0
0.0
0.0
0.0
0.0
0.0
0.0
0.0
0.0
0.0
0.0
0.0
0.82953
0.0
0.0
0.0
0.0
0.0
0.0
0.0
0.0
0.0
0.0
0.0
0.0
0.0
-0.0227523
0.0
0.0
0.0
0.0
0.0
0.0
0.0
0.0
0.0
0.0
0.0
0.0
0.103331
0.0
0.0
0.0
0.0
0.0
0.0
-0.566052
0.0
0.0
0.0
0.0
0.0
0.0
0.0
0.0
0.0
0.0
0.0
0.0
0.0
0.0
0.0
0.0
0.0
0.0
0.0
0.0
1.03036
0.0
1.44931
-1.46125
0.0
0.0
0.0
0.138379
0.0
0.0
0.0
0.0
0.0
0.0
0.0
0.0
0.0
0.0
0.0
0.0
0.0
0.0
0.0
0.0
0.0
0.0
0.0
0.0
0.0
0.0
0.0
0.0
0.0
0.0
0.0
0.0
0.0
0.401376
0.0
0.0
0.0
0.0
0.0
0.0
0.0
0.0
0.0
0.0
0.0
0.0
0.0
0.0
0.0
0.0
0.0
0.0
0.0
0.0
0.0
-0.183716
0.0
0.0
-0.763784
0.0
-1.05119
1.77955
0.0
0.0
0.0
0.0
0.0
0.0
0.0
0.0
0.0
0.0
0.0
0.0
0.0
-0.860959
-1.174
-0.816897
0.768265
0.373898
-0.517434
-0.721915
0.664259
-0.528137
-0.929709
0.820579
-0.82765
0.310207
1.31849
0.52361
0.118232
0.525138
-0.869672
0.591563
-0.514515
0.94561
0.813992
-0.000106669
-0.0428579
-0.0402538
0.0
0.0
0.0
0.0
0.0
0.0
0.0
0.0
0.0
0.0
0.0
0.0
0.0
0.0
0.0
0.0
0.0
0.0
-0.399643
0.0
0.0
0.0
0.0
0.0
0.0
0.0
0.0
0.0
0.0
0.0
0.0
0.0
0.0
0.0
0.0
0.0
0.0
0.0
0.0
0.0
0.0
0.0
0.0
0.0
0.0
0.0
0.0
0.0
0.0
0.0
0.0
-0.504948
0.0
0.0
0.0
0.0
0.0
0.0
0.0
0.0
0.0
0.0
0.341764
-0.611249
0.0
0.0
0.0
0.0
0.0
0.0
0.0
0.0
0.0
0.0
0.0
0.0
0.0
0.0
0.0
0.0
0.0
0.0
0.0
0.375142
0.0
0.0
0.0
0.0
0.0
0.0
0.0
0.0
0.0
0.0
0.0
0.0
0.0
0.0
0.0
0.0
0.0
0.0
0.0
0.791219
0.0
0.0
0.0
0.0
0.0
0.0
0.0
0.0
0.0
0.0
0.0
0.0
0.0
0.0
0.0
0.0
0.0
0.0
0.0
0.0
0.0
0.0
0.0
0.0
0.0
0.0
0.0
-0.96757
0.0
0.0
0.0
-1.11092
0.0
0.0
0.0
0.0
0.0
0.0
0.0
0.790137
0.0
0.0
0.0
0.0
0.0
0.0
0.0
0.0
0.0
0.0
0.0
0.0
0.0
0.0
0.0
0.0
0.0
0.0
0.0
0.0
0.0
0.0
0.0
0.0
0.0
0.0
0.0
0.0
0.0
0.0
0.0
0.0
0.0
0.0
0.0
0.220354
0.0
0.0
0.0
0.0
0.0
0.0
0.0
0.0
0.0
0.0
0.0
0.0
0.0
0.0
0.0
0.0
0.0
0.0
-0.56848
0.0
0.0
0.0
0.0
0.0
0.0
0.0
-1.52353
0.0
0.0
0.0
0.0
0.0
0.0
0.0
0.0
0.0
0.0
0.0
0.0
0.0
0.0
0.0
0.0
0.0
0.0
0.302095
0.0
0.0
0.0
0.0
0.0
0.0
0.0
0.0
-0.164136
0.0
0.0
-3.49291
0.0
0.0
0.0
0.0
0.0
0.0
0.0
0.0
0.0
0.0
0.0
0.0
0.0
-0.808582
0.0
0.0
0.0
0.0
0.0
0.0
0.0
0.0
0.0
-0.13724
0.0
0.0
0.0
0.0
0.0
-1.97581
0.0
0.0
0.0
0.0
0.0
0.0
0.0
0.0
0.0
0.0
0.0
0.0
0.0
0.0
0.0
0.0
0.0
-0.412852
0.0
0.0
0.0
0.0
0.0
0.0
0.0
0.0
0.0
0.0
0.0
0.0
0.0
0.0
0.0
0.0
0.0
0.0
0.0
0.0
0.0
0.0
0.0
0.0
-0.975628
0.0
0.0
0.0
0.0
0.0
0.0
0.0
0.0
0.0
0.0
0.0
0.0
0.0
0.0
0.0
0.0
0.0
0.0
0.0
0.0
0.0
0.0
0.0
0.0
0.0
0.0
0.0
0.0
0.0
0.0
0.0
0.0
0.0
0.0
0.0
0.0
0.0
0.0
0.0
0.0
0.0
0.0
0.0
-0.24454
0.0
0.0
0.0
0.0
0.0
0.0
0.0
0.0
0.0
0.0
0.0
0.0
0.0
0.0
0.0
0.0
0.0
0.0
0.0
0.0
0.0
0.0
0.0
0.0
0.0
0.0
0.0
0.0
0.0
0.0
0.0
0.0
0.0
0.0
0.0
0.0
0.0
0.0
0.0
0.0
0.0
0.0
0.0
0.0
0.0
0.0
0.0
0.0
0.0
0.0
0.0
0.0
0.0
0.0
0.0
0.0
0.0
0.0
0.0
0.0
0.0
0.0
0.0
0.0
0.0
0.0
0.0
0.0
0.0
0.0
0.0
0.0
0.0
0.0
0.0
0.0
0.0
0.0
0.0
0.0
0.0
0.0
0.0
0.0
0.0
0.0
0.0
0.0
0.0
0.0
0.0
0.0
0.0
0.0
0.0
0.0
0.0
0.0
0.0
0.0
0.0
0.0
0.0
0.0
0.175107
0.0
0.0
0.2313
0.0
0.0
0.0
0.0
0.953924
0.0
0.0
0.0
0.0
0.0
0.0
0.0
0.267014
0.550987
-0.673301
-0.469412
0.0581336
-0.0356418
-0.485666
0.630512
1.08591
-0.149764
0.0888845
0.314804
-1.03867
0.273801
1.8139
0.671952
0.804738
-0.550361
0.601484
-0.0260675
0.441329
-1.1346
-0.368644
0.957861
0.190445
0.0
0.0
0.0
0.0
0.0
0.0
0.0
0.0
0.0
0.0
0.0
0.0
0.0
0.0
0.0
0.0
0.0
0.0
0.0
0.0
0.0
0.0
0.0
0.0
0.0
0.0
0.0
0.0
0.0
0.0
0.0
0.0
0.0
0.0
0.0
0.0
-0.422315
0.0
0.0
0.0
0.0
0.0
0.0
0.0
0.0
0.0
0.0
0.0
0.0
0.0
0.0
0.0
0.0
0.0
0.0
0.0
0.0
0.0
0.0
0.0
0.0
0.0
0.0
0.0
-0.427996
0.0
0.0
0.0
0.0
0.0
0.0
0.0
0.0
0.0
0.0
0.0
0.0
0.0
0.0
0.0
0.0
0.0
0.0
0.0
0.0
0.0
0.0
0.0
0.0
-0.368343
0.0
0.0
0.0
0.0
0.0
0.0
0.0
0.0
0.0
0.0
0.0
0.0
0.0
0.0
0.0
0.0
0.0
0.0
0.0
0.0
0.0
0.0
0.0
0.0
0.0
0.0
0.0
0.0
0.0
0.0
0.0
0.0
0.0
0.0
0.0
0.0
0.0
0.0
0.0
0.0
0.0
0.0
0.0
0.0
0.0
0.0
0.0
0.0
0.0
0.0
0.0
0.0
0.0
0.0
0.0
0.0
0.0
0.0
0.0
0.0
0.0
0.0
0.0
0.0
0.0
0.0
0.0
0.0
0.0
0.0
0.0
0.0
0.0
0.0
0.0
0.0
0.0
0.0
0.0
0.0
0.0
0.0
0.0
0.0
0.0
0.476395
-0.444149
-0.92972
0.339628
-0.348545
-0.705247
-0.38002
-0.111022
-0.297813
-0.274039
-0.38811
-0.427154
-0.0269941
1.70388
1.41629
-0.0700516
0.789672
-0.911177
-0.437697
-0.125942
1.24164
0.389128
-0.200338
-0.479246
0.312805
0.0
0.0
0.0
0.0
0.0
0.0
0.0
0.0
0.0
0.0
0.0
0.0
0.0
0.0
1.02944
0.0
-0.927681
0.0
0.0
0.0
0.0
0.0
0.0
0.0
0.0
0.0
0.0
0.0
0.0
0.0
0.0
0.0
0.0
0.0
0.0
0.0
0.0
0.0
0.39719
1.00664
0.0
0.0
0.0
0.0
0.0
0.0
0.0
0.0
0.0
-1.74542
0.0
0.0
0.0
0.0
0.0
0.0
0.0
0.0
0.0
0.0
0.0
0.0
0.0
0.0
0.0
0.0
0.0
0.0
0.0
0.0
0.0
0.0
0.0
0.0
0.0
0.0
0.0
0.0
0.0
0.0
0.0
0.0
0.0
0.0
0.0
0.0
0.0
0.0
0.0
0.0
0.0
0.0
0.0
0.0
0.0
0.0
0.0
0.0
0.0
0.0
0.0
0.0
0.0
0.0
0.0
0.0
0.0
0.0
0.0
-1.82796
0.0
0.0
0.0
0.0
0.0
0.0
0.0
0.0
0.0
0.0
0.0
0.0
0.0
0.0
0.0
0.0
0.0
0.0
0.0
0.0
0.0
0.0
0.0
0.0
0.0
0.0
0.0
0.0
0.0
0.0
0.0
0.0
0.0
0.0
0.0
0.0
0.0
0.0
0.0
0.0
0.0
-0.0493588
0.0
0.0
0.0
0.0
1.20063
0.0
0.58485
0.0
0.0
0.0
0.0
0.0
0.0
0.0
0.0
0.0
0.0
0.0
0.0
0.0
0.0
0.0
0.390992
0.0
0.191652
0.0
0.0
0.0
0.0
0.0
0.0
0.0
0.0
0.0
0.0
0.0
0.0
0.0
0.0
0.0
0.0
0.0
0.0
0.0
0.0
-1.61372
0.0
0.0
0.0560231
0.889049
-0.537585
0.461511
0.251848
0.364525
-0.782221
-0.0788234
2.04781
0.0866911
0.169963
0.349209
-0.628052
0.475139
1.96085
0.994162
1.19079
-0.134592
-0.221054
0.43273
0.192493
-1.46357
-0.191332
1.03232
-0.0988331
0.0
0.0
0.0
0.0
0.0
0.0
0.0
0.0
0.0
0.681921
0.0
0.0
0.0
0.0
0.0
0.0
0.0
0.0
0.0
0.0
0.0
0.0
0.0
0.0
0.0
0.719315
-0.178035
-1.24573
0.127235
-0.968551
-0.0914453
-0.0338774
0.21285
1.126
-0.0335588
-0.276168
-0.0669549
-0.201689
1.25347
1.80369
0.670436
2.04153
-0.135385
0.277163
-0.109365
-0.814171
-1.67508
1.7107
-0.577512
-0.219245
0.0
0.0
0.0
0.0
0.0
0.0
0.0
0.0
0.0
0.0
0.0
0.0
0.0
0.0
0.0
0.0
0.0
0.0
0.0
0.0
0.0
0.0
0.0
0.0
0.0
0.31448
-1.65502
-1.35903
0.419417
-0.354505
-1.42467
-0.0632817
-0.782268
0.361664
-0.241473
-0.0260779
-2.47927
-0.205946
1.5999
1.46744
0.288262
1.19816
-0.131705
0.284305
0.27742
1.32657
0.570048
0.219616
-0.0275873
0.816903
0.0
0.0
0.0
0.0
0.0
0.0
0.0
0.814377
0.0
0.0
0.0
0.0
0.0
0.0
0.0
0.0
0.0
0.0
0.0
0.0
0.0
0.0
0.0
0.0
0.0
0.0
0.0
0.0
0.0
0.0
0.85462
0.0
0.0
0.0
0.0
0.0
0.0
0.0
0.0
0.0
0.0
0.0
0.0
0.0
0.0
0.0
0.0
0.0
0.0
0.0
0.0
0.0
0.0
0.0
-0.0735462
0.0
0.0
0.0
0.0
0.0
0.0
0.0
0.0
0.0
0.0
0.0
0.0
0.0
0.0
0.0
0.0
0.0
0.0
0.0
0.0
0.0
0.0
0.0
0.0
0.0
0.0
0.0
0.0
0.0
0.0
0.0
0.0
0.0
0.0
0.0
0.0
0.0
0.0
0.0
0.0
0.0
0.0
0.0
0.0
0.0
0.0
0.0
0.0
0.0
0.0
0.954019
0.0
0.0
0.0
1.31387
0.0
0.0
0.0
0.0
0.0
0.0
0.0
0.0
0.0
0.0
0.0
0.0
0.0
0.0
0.0
2.35795
-2.34441
1.36376
1.26934
-1.67446
-0.519797
-1.88166
0.378732
-0.080503
0.7012
-0.760207
-3.80518
-2.59066
-3.34381
-1.03065
3.18711
2.3078
1.29224
-0.607759
0.42851
1.05514
-0.423214
-0.968954
2.96813
0.0694652
-2.27151
2.47424
-1.28034
0.0386111
0.266551
-0.279605
1.91454
-0.816426
0.381426
-0.425612
0.193928
3.02467
3.12111
3.09061
0.759682
-3.64523
-1.82382
-2.30013
-0.0089927
0.221968
-0.676003
0.303681
1.24621
-2.88424
-0.265931
-0.000228644
2.307
-0.328737
0.434582
-2.10478
0.200318
-4.43163
0.404594
2.76237
-0.09769
0.376041
1.99293
-1.34708
0.0445503
-0.416876
-0.686784
2.41283
1.73555
0.366085
-0.0232801
2.01777
0.286571
1.37438
3.24445
-3.40299
-0.131421
-2.52438
0.684032
-0.0597139
0.912059
-0.800173
1.00418
0.441879
-0.351795
-0.105324
-1.28757
-3.40995
-1.23819
-5.02956
3.80548
-0.64337
0.0974206
-0.0564898
0.0139237
-0.0413143
0.433922
-4.46897
-0.452299
-0.619602
0.598968
0.0866087
0.129198
0.0823702
1.30788
-0.781061
-0.604965
0.0300662
-0.737522
0.297963
0.275656
-0.566279
-0.780151
0.530325
-0.183161
-0.267198
-0.457479
0.482797
-1.0079
-0.616651
0.650516
0.379006
-0.119391
0.278752
0.0839555
-0.19645
-0.750925
0.478041
0.967541
-0.0309073
-1.81841
0.704925
-0.86487
0.8176
0.468723
-0.183378
-0.061234
-1.62862
2.20566
-0.183767
3.13485
-0.0505648
0.234362
-0.170604
-0.0811093
0.0995957
-0.681979
0.235926
0.759276
-1.01367
1.3425
0.0300582
-0.216728
1.02897
-0.0276376
-0.705806
-0.516676
0.56373
-0.446714
-0.93525
-0.363596
0.210102
-1.67742
0.975443
0.357097
0.916233
-0.882823
-1.19028
1.17779
-0.0445018
0.0196106
2.39709
-1.8869
0.973299
1.76411
-1.23692
1.65401
2.01969
1.84467
-0.110034
-1.63685
-0.612825
-0.0251643
0.73172
0.94039
-0.524818
-0.000919421
-3.33579
-0.0219307
-0.647783
0.765271
0.460358
-1.74075
0.0294821
-0.0702072
0.082619
-1.20107
-0.43398
0.101861
1.25946
0.944107
2.16304
-1.70212
-2.1713
0.121491
2.99521
-0.218118
-0.00673138
0.0546025
-0.381068
-0.653872
0.108806
-0.329286
-1.59033
2.55061
-2.96612
1.56163
1.97051
-0.515991
-0.134201
0.286024
-0.284844
0.213189
0.463941
-0.360383
0.789089
-1.68655
0.463658
0.295269
2.48311
2.64268
-2.06101
-1.00013
-1.50854
-0.117438
-0.373024
0.00174603
1.37256
-3.08171
-1.2447
1.66721
1.59293
0.0731829
-0.978511
-0.108106
0.301732
-2.91833
0.717419
-0.938171
-0.211161
2.01436
0.624178
0.306155
1.77896
2.16104
2.27227
0.465836
0.728485
2.62082
0.426699
0.211463
0.0966974
-0.449921
-0.14311
-0.643065
1.34583
3.0659
-0.88294
-0.38698
0.00357601
-0.524278
0.679261
-0.422289
1.2166
-0.205167
-0.405844
-0.793609
1.55738
2.67126
2.39588
0.768527
2.28065
1.37357
-1.82862
0.266421
-0.286549
0.384723
-0.498461
0.266658
-0.215238
-1.03847
-2.91862
-2.00442
2.35714
-2.80882
2.03256
2.50839
1.20951
0.622952
0.183808
-0.152799
-0.0485634
-1.43033
-0.879923
0.0338104
0.451685
-0.904575
1.6164
2.60659
1.55218
-0.153631
0.0204905
-0.847502
0.555695
0.523514
1.49642
0.253971
0.640495
-2.07031
-0.456374
1.15116
2.13861
2.42614
-0.386822
0.76596
-0.554857
-1.3431
-1.29984
0.597242
0.174964
1.47233
1.15326
-2.08227
-1.9163
-2.85454
-1.49702
0.0717372
1.82127
1.4345
-0.499979
0.771156
-0.262912
1.5414
2.61465
-2.62362
2.70727
-0.806305
0.775817
-2.08574
-0.459358
-0.474392
0.348562
-0.334302
0.732309
-0.00814982
-1.18396
-0.220513
-1.53492
2.65907
0.337293
2.13232
0.0310719
-0.344772
0.687822
0.9188
-0.987271
0.331454
0.674245
0.248986
0.466635
-1.59308
2.27787
0.173007
-0.513496
2.72283
-0.524191
0.0542364
0.0300172
-0.477219
0.123253
0.624836
-0.0845011
1.88775
0.615761
2.1948
-2.86859
1.7947
-0.371282
-0.781624
0.618497
0.613623
-0.327484
-0.16579
-0.6534
-0.128681
0.292059
-0.803902
-1.9993
-0.958304
2.0442
-0.0640249
-0.643731
-0.504019
-0.274451
0.144525
1.29324
-0.51957
-0.474154
-0.243568
-0.479154
1.69658
-2.37631
1.35421
-2.75112
-1.06631
-0.449188
1.01373
3.44048
-0.812926
-0.0290877
0.154918
-3.50621
2.42554
1.09229
-2.80793
-1.60876
-0.958139
-1.31649
-1.06218
0.0720016
1.31565
0.358186
1.85793
0.771827
-0.9376
-2.02371
3.01279
-4.0689
0.279874
-0.987702
-2.0155
0.101892
-2.67495
1.18372
-0.0366268
0.22023
0.378323
-1.52997
-4.9318
3.82502
0.421888
-1.46033
0.687058
-1.28104
0.0213583
-0.538563
-0.578128
-2.83322
0.334529
-0.142225
-0.347275
0.0533981
1.01619
4.12752
-2.21016
4.84239
0.928045
-0.0737547
1.22892
-0.0781811
0.23289
1.02362
-0.16962
-1.5245
0.58233
2.76333
-2.81907
0.222554
-0.385637
0.161365
-0.809742
0.773187
-0.865183
0.133249
-0.667427
-0.0152611
-0.172045
1.59256
-3.5661
-3.36192
-1.04571
-1.93727
0.692022
-0.798724
-0.125595
0.235879
1.68978
-0.920983
-2.41218
1.98206
-2.65859
1.12054
-1.70138
-0.445532
2.23392
0.728298
-0.847021
0.866746
-0.189919
0.217223
-0.0723134
-0.128229
-0.697484
-0.0757116
3.36228
-0.426652
-0.192228
2.07777
0.838082
-0.109909
0.217461
1.15861
1.1304
2.11646
-1.71364
0.526723
-1.53868
0.329075
-0.824293
0.15505
-0.188403
0.0511392
-1.10909
0.233744
0.359329
0.0627057
-0.55989
1.90051
0.399877
-0.119244
-1.0313
1.12275
1.90063
-0.689856
-0.892055
0.250433
-0.101565
1.38782
0.0129994
-2.07911
-0.215124
-0.589427
-0.891967
2.18421
0.0745866
-2.16029
3.30368
2.23143
0.0597237
-1.08921
-0.184131
-0.0226125
-1.00415
0.755125
0.167549
-0.274864
1.39841
-0.96085
-1.80633
-2.37172
-0.940634
1.94494
-1.4554
2.10213
2.04409
0.76064
0.21922
-0.133262
0.0733206
0.0210693
-2.08825
-1.14245
1.82276
0.25076
0.0267579
-0.0745178
-0.0294314
0.0597477
-0.240585
0.414498
-0.603507
-0.0235377
1.86306
0.694128
-0.608973
-0.0921184
0.24462
0.400547
0.119054
0.0456338
-0.601482
0.289144
-0.101232
-0.244425
0.109172
0.527658
-2.15211
-1.46444
-2.49613
-0.388425
-0.657827
0.0820101
-0.326146
-0.523694
0.118129
0.359196
-0.140014
-0.194641
-1.44089
-2.97815
0.510149
0.786899
-0.171855
0.584494
-0.347462
0.0621454
0.301219
1.20818
1.22088
-0.205449
-0.269327
0.921837
2.58039
0.312314
-1.90395
-0.411669
0.174419
0.682769
-0.127987
0.0562615
0.121401
-0.920084
-5.04873
0.383927
-2.58432
2.31693
2.23829
1.44999
1.04181
1.2457
0.0269499
0.705203
-0.334283
-0.875597
-0.014731
-0.328865
0.790124
0.488435
-2.01493
3.59429
0.110333
0.309572
1.93609
0.689559
-0.141127
0.466117
1.29659
-2.08479
-0.839569
1.70581
1.23442
1.58413
0.637824
-3.42079
1.07462
0.121718
-0.237283
1.20478
0.453593
0.0814694
-0.147004
0.106396
-1.59233
1.06334
0.0460745
2.34281
2.5678
1.43736
0.594501
-1.47644
1.89413
-1.8404
-0.63237
0.44001
1.04266
-0.744786
0.724121
-1.86423
0.602369
-2.83991
1.2184
0.982467
-0.156337
0.680347
0.0954675
-0.71415
-0.184455
2.00997
1.41392
-1.22412
-1.90439
2.9326
-1.80332
1.31591
2.09362
-4.06553
0.635609
0.158531
-0.803397
-0.134003
0.290713
-1.15045
2.6938
2.23175
0.233074
0.223587
0.00688927
-0.139032
-0.757074
0.126035
1.17938
-0.159127
0.192409
-0.277819
0.727491
-2.31368
0.227542
1.13006
-0.394686
0.175962
-2.08799
-0.400642
0.661719
-1.07342
-0.112489
0.312617
-0.839313
-0.871388
0.516866
2.78253
-0.619419
-0.344339
1.84013
0.295007
1.1867
-1.47338
-0.279365
0.309961
-0.577731
0.63305
0.907014
-0.64156
-0.511325
1.00237
-2.51056
-0.0618762
-2.35758
0.0471957
-0.630504
-0.482294
0.359173
0.537537
-0.43063
-0.315485
0.455967
-0.986403
-0.250831
-5.61576
-2.87126
-4.1188
4.28174
-3.80131
-4.27513
5.02635
3.07056
-6.56565
-7.08
-2.0631
-3.20627
-0.449549
-0.730983
0.293325
-0.355466
2.89053
-1.30736
0.901317
0.947824
0.199119
-0.875142
-1.83761
4.62308
-5.93292
2.6415
-1.04397
-0.804532
-0.340989
-1.41954
-0.300957
-2.98433
-0.756927
1.54864
-3.79496
-0.27339
-0.312357
-0.687258
-0.6379
-0.96922
-0.366314
-0.955817
1.55778
-7.90618
9.57787
3.49995
6.42334
5.8733
-1.03384
4.82243
-5.61784
1.11744
-0.611929
3.16156
-2.35077
-0.314067
2.05315
-4.59801
5.81204
-4.74422
1.21474
-1.03724
-6.91879
-7.40144
4.67267
-13.2412
-6.17574
0.710884
-3.80414
-2.80518
-1.66939
-0.453095
0.056717
-0.185706
-0.172405
-0.842428
-0.768235
-0.358077
0.422682
0.682008
-9.61478
-7.52332
-1.40313
-4.74359
-1.4193
2.27364
-0.219016
1.3941
-1.46402
-6.48512
6.85272
2.40039
-3.1972
1.85921
-3.94503
0.255821
-0.422405
0.784307
-1.73931
-2.04049
-0.640143
-1.39982
0.706532
