[0.4684963090306695,
 -0.4885999146834479,
 0.4149339179824949,
 0.12607483363669303,
 0.08769643355100243,
 1.068231266808084,
 -0.10141946237391153,
 -0.4343869723763021,
 -0.0005351454163502467,
 -0.20013362522431066,
 -0.045147229144617995,
 0.5535261997822403,
 -0.3079450916471842,
 -0.37687557495272017,
 0.19438214150568456,
 -0.5622797477432719,
 -0.19671332250501905,
 -0.0075614075349790255,
 0.576098021225997,
 -0.008053746365007441,
 -0.38924431310223895,
 -0.1572682654537232,
 -0.5608944067525403,
 -0.012595190459251171,
 0.029132058305521014,
 0.004484152012082632,
 0.0019433826681165556,
 -0.07672948705777571,
 -0.03490801864151278,
 0.00683750125104865,
 -0.04052140752969535,
 -0.39706684382115753,
 -0.6219337863510646,
 -0.6426632285098322,
 -0.639328088555601,
 -1.5258657144485142,
 -0.02291315448081832,
 -0.49567996260782365,
 -0.7701164019853195,
 0.17459314875520704,
 -0.3436830895178744,
 -2.926336036302189,
 -0.42949621574217645,
 1.2434160812939012,
 -1.140478633415853,
 -0.5547838217090799,
 -0.09921795263954891,
 0.40101259005643897]
