[293, 25, 25, 4]
0.0
0.0
0.0
0.0
0.0
0.0
0.0
0.0
0.0
0.0
0.0
0.0
0.0
0.0
0.0
0.0
0.0
0.0
0.0
0.0
0.0
0.0
0.0
0.0
0.0
0.0
0.0
0.0
0.0
0.0
0.0
0.0
0.0
0.0
0.0
0.0
0.0
0.0
0.0
0.0
0.0
0.0
0.0
0.0
0.0
0.0
0.0
0.0
0.0
0.0
0.0
0.0
0.0
0.0
0.0
0.0
0.0
0.0
0.0
0.0
0.0
0.0
0.0
0.0
0.747119
0.0
0.0
0.0
0.0
0.0
0.0
0.0
0.0
0.0
0.0
0.0
0.0
0.0
0.0
-0.204297
0.0
0.0
0.0
0.0
0.0
0.0
0.0
0.0
0.0
0.0
0.0
0.0
0.0
0.0
0.0
0.0
0.0
0.0
0.0
0.0
0.0
0.0
0.0
0.0
0.0
0.0
0.0
0.0
0.0
0.0
0.0
0.0
0.0
0.0
0.0
0.0
0.0
0.0
0.0
1.93494
0.0
0.0
0.0
0.0
0.0
-0.855848
0.0
0.0
0.0
0.0
0.0
0.0
0.0
-1.39056
0.0
0.0
0.0
0.0
0.0
0.0
0.0
0.0
0.0
0.0
0.0
0.0
0.0
0.0
0.0
0.0
-0.889476
1.45951
0.758365
1.16849
-0.0101611
0.301961
-0.193981
0.654353
-0.245422
-0.0663515
0.0708465
-0.160329
-0.429142
0.125543
0.0885521
-0.0821624
1.27225
-0.130808
-0.499039
0.0520174
-0.783717
1.19144
0.292573
-0.527826
0.14345
0.0
0.0
0.0
0.0
0.0
0.0
0.0
0.0
0.0
0.0
0.0
0.0
0.0
0.0594644
0.0
0.0
0.0
0.0
0.0
0.0
0.0
0.0
0.0
0.0
0.0
-0.208938
1.1622
0.784168
0.444646
0.591862
0.575397
-0.114333
0.119312
-0.128429
0.131171
0.217432
-0.0598906
-0.129602
0.128726
0.146849
-0.128699
1.34848
-0.0303984
-0.29478
0.0528404
0.66023
1.05981
0.407713
-0.320167
-0.540079
0.0
0.0
0.0
0.0
0.0
0.0
0.0
0.0
0.0
0.0
0.0
0.0
0.0
0.0
0.0
0.0
0.0
0.0
0.0
0.0
0.0
0.0
0.0
0.0
0.0
0.720027
0.77967
0.660999
-0.731202
-0.161454
0.957673
0.0487601
0.0842885
0.319551
0.149281
0.0832808
0.283968
0.204371
0.166896
0.0504187
-0.0949926
1.25263
-0.141806
-0.206245
-0.00306935
-1.26221
0.852965
-0.059609
0.192485
0.238051
0.0
0.0
0.0
0.0
0.0
0.0
0.0
-0.606119
0.0
0.0
0.0
0.0
0.694424
0.0
-2.59557
0.0
0.0
0.0
0.0
0.0
0.0
0.0
0.0
0.0
0.0
0.0
0.0
0.0
0.0
0.0
0.0
0.0
0.0
0.0
0.0
0.0
0.0
0.0
0.0
0.0
0.0
0.0
0.0
0.0
0.0
0.0
0.0
0.0
0.0
0.0
0.0
0.0
0.0
0.0
0.0
0.0
-0.325739
0.0
0.0
0.0
0.0
0.0
-1.42975
0.0
0.0
0.0
0.0
0.0
0.0
0.0
0.0
0.0
0.0
0.0
0.0
0.0
0.0
0.0
0.0
0.0
0.0
0.0
0.0
0.0
0.0
0.0
0.0
0.0
0.0
0.0
0.0
0.0
0.0
0.0
0.0
0.0
0.0
0.0
-0.634648
-0.0494622
0.0
0.0
0.0
0.698233
0.209945
0.0
0.0
0.0
0.0
0.0
0.0
0.0
0.0
0.164922
0.0
0.0
0.0
0.0
0.0
0.0
0.0
-0.733434
0.0
0.0
0.0
0.0
0.0
0.0
0.0
0.0
0.0
0.0
0.0
0.0
0.0
0.0
0.0
0.0
0.0
0.0
0.0
0.0
0.0
0.0
0.0
-1.18766
0.0
0.0
0.0
0.0
-0.29222
0.0
-0.431207
0.0
0.0
0.0
0.0
0.0
0.0
0.0
0.0
0.0
0.0
0.0
0.0
0.0
0.0
0.0
0.0
0.0
0.0
0.0
0.0
0.0
0.0
0.0
0.0
0.0
0.0
0.0
0.0
0.655131
0.0
0.0
0.0
0.0
0.0
0.0
0.0
0.0
0.0
0.0
0.0
-0.519009
0.0
0.0
0.0
0.0
0.0
0.0
0.0
0.0
0.0
0.0
0.0
0.0
0.0
0.0
0.0
0.0
0.0
0.0
0.0
0.0
0.0
0.0
0.0
0.0
0.0
0.0
0.0
0.0
0.0
0.0
0.0
0.0
0.0
0.0
0.0
0.0
0.0
0.0
0.0
0.0
0.0
0.0
0.0
0.0
0.0
0.0
0.0
0.0
0.0
0.0
0.0
0.0
0.0
0.0
0.0
0.0
0.0
0.0
0.0
0.0
0.0
0.0
0.0
0.968724
0.0
0.0
0.0
0.0
0.0
0.0
0.0
0.0
0.0
0.0
0.0
0.0
0.0
0.0
0.0
0.0
0.0
0.0
0.0
0.0
0.0
0.0
0.0
0.0
0.0
0.0
0.0
0.0
0.0
0.0
0.0
0.0
0.0
0.0
0.0
0.0
0.0
0.0
0.0
0.0
0.0
0.0
0.0
0.0
0.0
0.0
0.0
0.0
0.0
-0.61736
0.0
0.0
0.0
0.0
0.0
0.0
0.0
0.0
0.0
0.0
0.0
0.0
0.0
-1.45451
0.0
0.0
1.34488
0.0
0.0
0.0
0.0
0.0
0.0
0.0
0.0
0.0
0.0
0.0
0.0
0.0
0.0
0.0
0.0
0.0
0.0
0.0
0.0
0.0
0.0
0.0
0.0
0.0
0.0
0.0
0.0
0.0
0.0
-0.856073
0.0
0.0
0.0
0.0
0.0
0.0
0.0
0.0
0.0
0.0
0.0
0.0
0.0
0.0
0.0
0.0
0.0
0.0
0.0
0.0
1.50621
0.0
0.0
0.0
0.0
0.0
0.0
0.0
0.0
0.0
0.0
0.0
0.0
0.0
0.0
0.0
-1.1647
0.0
0.0
0.0
0.0
0.0
0.0
0.0
0.0
0.0
0.0
0.0
0.0
0.0
0.0
0.0
0.0
0.0
0.0
0.0
0.0
0.0
0.0
0.0
0.0
0.0
0.0
0.0
0.0
0.0
0.0
0.0
0.0
0.0
0.0
0.0
0.0
0.0
0.0
-0.274251
0.0
0.0
0.0
0.0
0.0
0.0
0.0
0.0
0.0
0.0
0.0
0.0
0.0
0.0
0.0
0.0
0.0
0.0
0.0
0.0
0.0
0.0
0.0
0.0
0.0
0.0
0.0
0.0
0.0
-0.796539
0.0
0.0
0.0
0.0
0.0
0.0
0.0
0.0
0.0
0.0
0.0
0.0
0.0
0.0
0.0
0.0
0.0
0.0
0.0
0.0
0.0
0.0
0.0
0.0
0.0
0.0
0.0
0.0
0.0
0.0
0.0
0.0
0.0
0.0
0.0
0.0
0.0
0.0
0.0
0.0
0.0
0.0
0.0
0.0
-1.41624
0.0
0.0
0.0
0.0
0.0
0.0
0.0
0.0
0.0
-0.703457
0.0
0.0
0.0
0.0
0.0
0.0
0.0
0.0
0.0
0.0
0.0
0.0
0.0
0.0
0.0
0.0
0.0
0.0
0.0
-1.09943
0.0
0.0
0.0
0.0
0.0
0.0
0.0
0.0
0.0
0.0
0.0
0.0
0.0
0.0
0.0
0.0
0.0
0.0
0.0
0.0
0.0
0.0
0.0
0.0
0.0
0.0
0.0
-0.0355734
-2.41578
0.0
0.800865
0.0
0.0
0.0
0.0
0.0
0.0
0.0
0.0
0.0
0.0
0.0
0.0
0.0
0.0
0.0
-0.837788
0.0
0.0
0.0
0.0
0.0
0.0
0.0
0.0
0.0
-0.243101
0.0
0.0
0.0
0.0
0.0
0.0
0.0
0.361656
0.0
0.0
0.0
0.0
0.0
0.0
0.0
0.0
0.0
0.0
0.0
0.0
0.0
0.0
0.139982
0.0
0.0
0.0
0.0
0.0
0.0
0.0
0.0
0.0
0.0
0.0
0.0
0.0
0.0
0.0
0.0
0.0
0.0
0.0
0.0
0.0
0.0
0.0
0.0
0.0
0.0
0.0
0.0
0.0
0.0
0.0
0.0
0.0
0.845924
0.986785
0.41691
0.720177
-0.172517
0.0336086
-0.346178
-0.776081
-0.252469
0.195769
0.264595
-0.152885
-0.29039
0.00999402
0.0293867
-0.0328609
0.945129
-0.102186
0.0258343
0.0203755
0.0915206
1.0007
0.322604
-1.33055
0.594032
0.0
0.0
0.0
0.0
0.0
0.0
0.0
0.0
0.0
0.0
0.0
0.0
0.0
0.0
0.0
0.0
0.0
0.0
0.0
0.0
-0.18594
0.0
0.0
0.0
0.0
0.0
0.0
0.0
0.0
0.0
0.0
0.0
0.0
0.0
0.0
0.0
0.0
0.0
0.0
0.0
0.0
0.0
0.0
0.0
0.0
0.0
0.0
0.0
0.0
0.0
0.0
0.0
0.0
0.0
0.0
0.0
0.0
0.0
0.0
0.0
0.0
0.0
0.0
0.0
0.0
0.0
0.0
0.0
0.0
0.0
0.0
0.0
0.000759325
0.163585
0.0
0.0
0.0
0.0
0.0
0.0
0.0
0.475163
0.0
0.0
0.0
0.0
0.666424
0.0
0.0
0.0
0.0
0.780879
0.0
0.0
0.0
0.0
0.0
0.0
0.0
0.0
0.0
0.0
0.0
0.0
0.0
0.0
0.0
0.421313
0.0
0.0
0.0
0.0
0.0
0.0
0.0
0.0
0.0
0.0
0.0
0.0
0.0
0.0
0.0
0.0
0.0
0.0
0.0
0.0
0.0
0.0
0.0
0.0
0.0
0.0
0.0
0.0
0.0
0.0
0.0
0.0
0.0
0.0
0.0
0.0
0.0
0.0
0.0
0.0
0.0
0.0
0.0
0.0
0.0
0.0
0.0
0.0
0.0
0.0
0.0
0.0
0.267762
0.0
0.0
0.0
0.0
0.0
0.0
0.0
0.0
0.0
0.0
0.0
0.0
0.0
0.0
0.0
0.0
0.0
0.0
0.0
0.0
0.0
0.0
0.0
0.0
0.0
0.0
0.0
0.0
0.0
0.0
0.0
0.0
0.0
0.0
0.0
0.0
0.0
0.0
0.0
0.0
0.0
-0.0577446
0.0
0.0
0.0
1.12793
0.0
0.0
0.0
0.0
0.0
0.0
0.0
0.0
0.0
0.0
0.0
0.0
0.0
0.0
0.0
0.0
0.0
0.0
0.767544
0.527733
0.313366
-1.07174
0.213967
0.222699
-0.0381652
0.0589069
0.144963
0.00152139
-0.00719838
0.302743
0.319185
-0.016499
-0.056079
-0.147481
0.823032
-0.156635
0.0493584
-0.0318664
-1.0002
0.801115
0.213014
0.647091
1.7609
0.0
0.0
0.0
0.0
0.0
0.0
0.0
0.0
0.0
0.0
0.0
-0.442364
0.0
0.0
0.0
0.0
0.0
0.0
0.0
0.0
0.0
0.0
0.0
0.0
0.0
0.0
0.0
0.0
0.0
0.0
0.0
0.0
0.0
0.0
0.0
0.0
0.0
0.0
0.0
0.0
0.0
0.0
0.0
0.0
0.0
0.0
0.0
0.0
0.0
0.0
0.0
0.0
0.0
0.0
0.0
0.0
0.0
0.0
0.0
0.0
0.0
0.0
0.0
0.0
0.0
0.0
0.0
0.0
0.0
0.0
0.0
0.0
0.0
0.0
0.0
0.0
0.0
0.0
-0.216808
0.0
0.0
0.0
0.0
0.0
2.81306
0.0
0.0
0.0
0.0
0.0
0.0
0.0
-1.49209
0.0
0.0
0.0
0.0
0.878578
0.0
0.0
-0.828278
0.0
0.0
0.0
0.0
0.0
0.403812
0.0
0.0
0.0
0.0
0.0
0.0
0.0
0.0
0.0
0.0
0.0
0.0
0.0
0.0
0.0
0.0
0.0
0.0
0.885154
0.974316
0.379862
0.96215
-0.0887109
-0.00417532
-0.369072
-0.498615
-0.272795
0.31561
0.555057
-0.149673
-0.302205
0.0149965
0.0384672
-0.0200782
0.902345
-0.083584
-0.0184316
0.0447559
0.347359
1.01796
0.327776
-0.86014
0.0706128
0.0
0.0
0.0
0.0
0.0
0.0
0.0
0.0
0.0
0.0
0.0
0.0
0.0
0.0
0.0
-0.270261
0.0
0.0
0.0
0.0
0.0
0.0
0.0
0.0
0.0
0.0
0.0
0.0
0.0
0.0
0.0
0.0
0.0
0.0
0.0
0.0
0.0
0.0
-1.01928
-0.793191
0.0
0.0
0.0
0.0
0.0
0.0
0.0
0.0
0.0
0.0
0.0
0.0
0.0
0.0
0.0
0.0
0.0
0.0
0.0
0.0
0.0
0.0
0.0
0.0
0.0
0.0
0.0
0.0
0.0
0.0
0.0
0.0
0.0
0.0
0.0
0.0
0.0
0.0
0.0
0.0
0.0
0.0
0.0
0.0
0.0
0.0
0.0
0.0
0.0
0.0
0.0
0.0
0.0
0.0
0.0
0.208838
0.0
0.0
0.0
0.0
0.0
0.0
0.0
0.0
0.0
0.0
0.0
0.0
0.0
0.0
0.0
0.0
0.0
0.0
0.0
0.0
0.0
0.0
-0.758387
0.0
0.0
0.0
0.0
0.0
0.0
0.0
0.0
1.18742
0.0
0.0
0.0
0.0
0.0
0.0
0.0
0.0
0.0
0.0
0.0
0.0
0.0
0.621663
0.0
0.0
0.0
0.0
0.0
0.0
0.0
0.0
0.0
-0.0994389
0.0
0.0
0.0
0.0
0.0
0.0
0.0
0.0
0.0
0.0
0.0
0.0
0.0
0.0
0.0
0.0
0.0
0.0
0.0
0.0
0.0
0.0
0.0
0.0
-0.543342
0.0
0.0
0.0
0.630432
0.0
0.0
0.0
0.0
0.0
0.0
-1.06037
0.0
0.0
0.0
0.0
0.0
0.0
0.0
0.0
0.0
0.0
0.0
0.0
0.0
1.38414
0.0
0.0
0.0
0.0
0.0
0.0
-0.721086
0.0
0.0
0.0
0.0
0.0
0.0
0.0
0.0
0.0
0.0
0.0
0.0
0.0
0.0
0.0
0.0
0.0
0.0
0.0
0.0
0.0
0.0
0.0
0.0
0.0
0.0
0.0423437
0.0
0.0
0.0
0.0
0.0
0.0
0.0
0.0
0.0
0.0
0.0
0.0
0.0
0.0
0.0
0.0
-0.465381
0.0
0.0
0.0
0.0
0.0
0.0
0.0
0.0
0.0
0.0
0.0
0.0
0.0
0.0
0.0
0.0
0.0
1.38807
0.0
0.0
0.0
0.0
0.919376
0.496937
0.260418
-0.953349
0.391682
0.222017
-0.0357288
0.385121
0.16046
-0.0361902
-0.244898
0.335873
0.353138
-0.0157652
-0.0600293
-0.124993
0.76116
-0.12355
0.136651
-0.0698167
-0.75076
0.786319
0.235796
0.489804
-0.0753578
0.0
0.0
0.0
0.0
0.0
0.0
0.0
0.0
0.0
0.0
0.0
-2.0656
0.0
0.0
0.0
0.0
0.0
0.0
0.0
0.0
0.0
0.0
0.0
0.0
0.0
0.0
0.0
0.0
0.0
0.0
0.0
0.0
0.0
0.0
0.0
0.0
0.0
0.0
-0.0552118
0.0
0.0
0.0
0.0
0.0
0.0
0.0
0.0
0.0
0.0
-1.29974
0.0
0.0
0.0
0.0
0.0
0.0
0.0
0.0
0.0
0.0
0.0
0.0
0.0
0.0
0.0
0.0
0.0
0.0
0.0
0.0
0.0
0.0
0.0
0.0
0.438811
0.0
0.0
0.0
0.0
0.0
0.0
0.0
0.0
0.0
0.0
0.0
0.0
0.0
0.0
0.0
0.606577
0.0
0.0
0.0
0.0
0.0
0.0
0.0
0.0
0.0
0.0
0.0
0.0
0.0
0.0
0.0
0.0
0.0
0.0
0.0
0.0
1.95705
0.0
0.0
0.0
0.0
0.0
0.0
0.0
0.0
0.0
0.0
0.0
0.0
0.0
0.0
0.0
0.0
0.0
0.0
0.0
0.0
0.0
0.0
-1.34759
0.0
0.0
0.0
0.0
0.0
0.0
0.0
0.0
0.0
0.0
0.0
0.0
0.0
0.0
0.699977
0.0
0.0
0.0
0.0
0.0
0.0
0.0
0.0
0.0
0.0
0.0
0.0
0.0
0.0
0.0
0.0
0.0
0.0
0.0
0.0
0.0
0.0
-0.92687
0.0
0.0
0.0
0.0
0.0
0.0
0.0
0.0
0.0
0.0
0.0
0.0
0.0
0.0
0.0
0.0
0.0
0.0
0.0
0.0
0.0
0.0
-0.648767
0.0
0.0
1.09635
-0.454922
0.0
0.0
0.0
0.0
0.0
0.0
0.0
0.0
0.0
0.0
0.0
0.0
0.0
0.0
0.0
0.0
0.0
0.0
0.0
0.0
0.0
0.0
0.0
0.383848
0.0
0.0
0.0
0.0
0.0
0.0
0.0
0.0
0.0
0.0
0.0
0.0
0.0
0.0
0.0
0.0
0.0
0.0
0.0
0.0
0.0
0.0
-1.08261
-2.07956
0.0
0.0
0.0
0.0
0.0
0.0
0.0
0.0
0.0
0.0
0.0
0.0
0.0
0.0
0.0
0.0
0.0
0.0
0.0
0.0
0.0
0.0
0.0
0.0
0.0
0.0
0.0
0.0
0.0
0.0
0.0
0.0
0.0
0.0
0.0
-0.0567517
-0.297798
0.0
0.0
0.0
0.0
0.0
0.0
0.0
0.0
0.0
0.0
0.0
0.0
0.0
0.0
0.0
0.0
0.108693
0.0
0.0
0.0
0.0
0.0
0.0
0.0
0.0
0.0
0.0
0.0
0.0
0.0
0.0
0.0
0.0
0.0
0.0
0.0
0.0
0.371406
0.0
0.0
0.0
0.0
-0.25462
0.0
0.0
0.0
0.0
0.0
0.0
0.0
0.0
0.0
0.0
0.0
0.0
0.0
0.0
0.0
-0.176394
0.0
0.0
0.0
0.0
0.0
0.0
0.0
0.0
0.0
0.0
0.0
0.0
0.0
0.0
0.0
0.0
0.0
0.0
0.0
0.0
0.0
0.0
0.0
0.0
0.0
0.0
0.0
0.0
0.0
0.0
0.0
0.0
0.0
0.0
0.0
0.0
0.0
0.0
0.0
0.0
0.0
0.0
0.0
0.0
0.0
0.0
0.0
0.0
0.0
0.0
0.0
0.0
0.0
0.0
0.0
0.0
0.0
0.0
0.0
0.0
0.0
0.0
0.0
0.0
0.0
0.0
0.0
0.0
0.0
0.0
0.0
0.0
0.0
0.0
0.0
0.0
0.0
0.0
-2.50495
0.0
0.0
0.0
0.0
0.0
0.0
0.0
0.0
0.0
0.0
0.0
0.0
0.0
0.0
0.0
2.08001
0.0
0.0
0.0
0.0
0.231039
-0.416092
0.0
0.0
0.0
0.0
0.0
0.0
0.0
0.0
0.0
0.0
0.0
0.0
0.0
0.0
0.0
0.0
0.0
0.0
0.0
0.0
0.0
0.0
0.0
0.0
0.0
0.0
0.0
0.0
0.0
0.0
0.0
0.0
0.0
-1.60057
0.0
0.0
0.0
0.0
0.0
-0.565738
0.0
0.0
0.0
0.0
0.0
0.0
0.0
0.0
0.0
0.0
0.0
0.0
0.0
0.0
0.0
0.0
-0.322064
0.0
0.0
0.0
0.0
0.0
0.0
0.0
0.0
0.0
0.0
0.0
0.0
0.0
0.0
0.0
0.0
0.0
0.0
0.0
0.0
0.0
0.0
0.0
0.67299
0.0
0.0
0.0
0.0
0.0
0.0
0.0
0.0
0.0
0.0
0.0
0.0
0.0
0.0
0.0
0.0
0.0
0.0
0.0
0.0
0.0
0.0
0.0
0.0
0.0
0.0
0.0
0.0
0.0
0.0
0.0
0.0
0.0
0.0
0.0
0.0
0.0
0.0
0.0
0.0
0.0
0.0
0.0
0.0
0.0
0.0
0.0
0.0
-0.118702
0.0
0.0
0.0
0.0
0.0
0.0
-2.15631
0.0
0.0
0.0
0.0
0.0
0.0
0.0
0.0
0.0
0.0
0.0
-0.585853
0.0
0.0
0.0
0.0
-0.0855956
0.0
0.0
0.0
0.0
0.0
0.0
0.0
0.0
0.0
0.0
0.0
0.0
0.0
0.0
0.0
0.0
0.0
0.0
0.0
0.0
0.0
0.0
0.0
0.0
0.0
0.0
0.0
0.0
0.0
0.0
0.0
0.0
0.0
0.0
0.0
0.0
0.0
0.0
0.0
0.0
0.0
0.0
0.0
0.0
0.0
0.0
0.0
0.0
0.0
0.0
0.0
0.0
0.0
0.0
0.0
0.0
0.0
-0.978639
0.0
0.0
0.0
0.0
0.0
0.0
0.0
0.0
0.0
0.0
0.0
0.0
0.0
0.0
0.0
0.0
0.739484
0.0
0.0
0.0
0.0
0.0
0.0
0.0
0.0
0.0
0.0
0.0
0.0
0.0
0.0
0.0
0.0
0.0
0.0
0.0
0.0
0.0
0.0
0.0
0.0
0.0
0.0
0.0
0.0
0.0
0.0
0.0
0.0
0.0
0.0
0.0
0.0
0.0
0.0
0.0
0.0
0.0
0.0
0.0
0.0
0.0
0.0
0.0
0.0
0.0
0.0
0.0
0.0
0.0
0.0
0.0
0.0
0.0
0.0
0.0
0.0
0.0
0.0
0.0
0.0
0.0
0.0
0.0
0.0
0.0
0.0
0.0
0.0
0.0
0.0
0.0
1.99421
0.0
0.0
0.0
0.0
0.0
0.0
0.0
0.0
0.0
0.0
0.0
0.0
0.0
0.0
0.0
0.0
0.0
0.0
0.0
0.0
0.154639
0.0
0.0
-0.0381565
0.0
0.0
0.0
0.0
0.0
0.0
0.0
0.0
0.0
0.0
0.0
0.0
0.0
0.0
0.0
0.0
0.0
0.0
0.0
0.0
0.0
0.0
0.0
0.0
0.0
0.0
0.0
0.0
0.0
0.0
0.0
0.0
0.0
0.0
0.0
0.0
0.0
0.0
0.0
0.0
0.0
-0.713742
0.0
0.0
-0.530094
0.0
0.0
0.0
0.0
0.0
0.0
0.0
0.0
0.0
0.0
0.0
0.0
0.0
0.0
0.0
0.0
0.0
0.0
0.0
0.0
0.0
0.0
0.0
0.0
0.0
0.0
0.0
0.0
0.0
0.0
0.0
0.0
0.0
0.0
0.0
0.0
0.0
0.0
0.0
0.0
-0.860477
0.0
0.0
0.0
0.0
0.0
0.0
0.0
0.0
0.0
0.0
0.0
0.0
0.0
0.0
0.0
0.0
0.0
0.0
0.830382
0.0
0.0
0.0
0.0
1.48524
0.0
0.0
1.10858
0.0
0.0
0.0
0.554952
0.0
0.0
0.0
0.0
0.0
0.0
0.0
0.0
0.0
-1.22929
1.64919
0.685148
0.400008
-0.435929
0.026306
-0.470926
0.664296
-0.481652
-0.0470459
-0.310817
-0.398695
-0.81543
0.130226
0.125419
-0.068059
1.24147
-0.0672596
-0.248432
0.0725866
0.0515452
1.23912
0.189752
-1.36073
-0.352178
0.0
0.0
0.0
0.0
0.0
0.0
0.0
0.0
0.0
0.0
0.0
0.0
0.0
0.0
0.0
0.0
0.0
0.0
0.0
0.0
0.0
0.0
0.0
0.0
0.0
0.0
0.0
0.0
0.0
0.0
0.0
0.0
0.0
0.0
0.0
0.0
0.0
0.0
0.0
0.0
0.0
0.0
0.0
1.27195
0.0
0.0
0.0
0.0
0.0
0.0
0.0
0.0
0.0
0.0
0.0
0.0
0.0
0.0
0.0
0.0
0.0
0.0
0.0
0.0
0.0881628
1.38999
0.0
0.0
0.0
0.0
0.0
0.0
0.0
0.0
0.0
0.0
0.0
0.0
0.0
-1.16915
0.0
0.0
0.0
0.0
0.0
-1.81418
0.0
0.0
0.0
0.0
0.0
0.0298915
-2.00521
0.0
0.0
0.0
0.0
0.0
0.0
0.0
0.0
0.0
0.0
0.0
0.0
0.0
0.946009
0.0
0.0
0.0
0.0
0.0
0.0
0.0
0.0
0.0
0.0
0.0
0.0
0.0
0.0
0.0
0.0
0.0
0.0
0.0
0.0
0.0
0.0
0.0
0.0
0.0
0.0
0.0
0.0
0.0
0.0
0.0
0.0
0.0
2.16742
0.0
0.0
0.0
0.0
0.0
0.0
0.0
0.0
0.0
0.0
0.0
0.0
0.0
0.0
0.0
0.0
0.0
0.0
0.0
0.0
0.0
0.0
0.0
0.0
0.0
0.0
0.0
0.0
0.0
0.0
0.0
0.0
0.0
0.0
0.0
0.0
0.0
0.0
0.0
0.0
0.0
0.0
0.0
0.0
0.0
0.0
0.0
0.0
0.0
0.0
0.0
0.0
0.0
0.0
1.13979
0.0
0.0
0.0
0.0
0.0
0.0
0.0
0.0
0.0
0.0
0.0
0.0
0.0
0.0
0.0
0.0
0.0
0.0
-2.24948
0.0
0.0
0.0
0.0
0.0
0.0
0.0
0.0
0.0
0.0
0.0
0.0
0.0
0.0
0.0
0.0
0.0
0.0
0.0
0.0
0.0
0.0
0.0
0.0
0.0
0.0
0.0
0.0
0.0
0.0
0.0
0.0
0.0
0.0
0.0
0.0
0.0
-0.827157
0.0
-2.03377
0.0
0.0
0.0
0.0
0.0
0.0
0.0
0.0
0.0
2.2205
0.0
0.0
0.0
0.0
0.0
0.0
0.0
0.0
0.0
0.0
0.0
0.0
0.0
0.0
0.0
0.0
0.0
0.0
0.0
0.0
0.0
0.0
0.0
0.0
0.0
0.0
0.0
0.0
0.0
0.0
0.0
0.0
0.0
0.0
0.0
0.0
0.0
0.467003
0.0
0.0
0.0
0.0
0.0
0.0
0.0
0.0
0.0
0.0
0.0
0.0
0.0
0.0
0.0
0.0
0.0
0.0
0.0
0.0
0.0
0.0
0.0
0.0
0.0
0.0
0.0
0.0
0.0
0.0
0.0
0.0
0.0
0.0
0.0
0.0
0.0
0.0
0.0
0.0
0.0
0.0
0.0
0.0
0.0
0.0
0.0
0.0
0.0
0.0
0.0
0.0
0.0
0.632407
0.0
0.0
0.0
0.0
0.0
0.0
0.0
0.0
0.0
0.0
0.0
0.0
0.0
0.0
0.0
0.0
0.0
0.0
0.61822
0.338063
0.0246608
-1.21909
-0.180752
0.615583
0.0596582
0.443113
0.55623
0.386019
-0.18584
0.341369
0.634383
-0.111605
0.140213
-0.00962048
0.709548
-0.115733
0.325275
-0.10779
-1.01777
0.325032
0.319715
1.09824
-1.26666
0.0
0.0
-1.39617
0.0
0.0
0.0
0.0
0.0
0.0
0.0
0.0
0.0
0.0
0.0
0.0
0.0
0.0
0.0
0.0
0.0
0.0
0.0
0.0
0.0
0.0
0.0
0.0
0.0
0.0
0.0
0.0
0.0
-0.0693649
0.0
0.0
0.0
0.0
0.0
0.0
0.0
0.0
0.0
0.0
0.0
0.0
0.0
0.0
0.0
0.0
-2.17089
0.0
0.0
0.0
0.0
0.0
0.0
0.0
0.0
0.0
0.0
0.0
0.0
0.0
0.0
0.0
0.0
0.0
0.0
0.0
0.0
0.0
0.0
0.0
0.0
0.0
0.0
0.0
0.0
0.0
0.0
0.0
0.0
0.0
0.0
0.0
0.0
0.0
0.0
0.0
0.0
0.0
0.0
0.0
0.0
0.0
0.0
0.0
0.0
0.0
0.0
-0.255677
0.0
0.0
0.0
0.0
0.0
0.0
0.0
0.0
0.0
0.0
0.0
1.70309
0.0
0.0
0.0
0.0
0.0
0.0
0.0
0.0
0.0
0.0
0.0
0.0
0.0
0.0
0.0
0.0
0.0
0.0
0.0
0.0
0.0
0.0
0.0
0.0
0.0
0.0
0.0
0.0
-0.17409
0.0
0.0
0.0
0.0
0.0
0.0
0.0
0.0
0.0
0.0
0.0
0.0
0.0
0.0
0.0
0.0
-1.55735
0.0
0.0
0.0
0.0
0.0
0.0
0.0
0.0
0.0
0.0
0.0
0.0
0.0
0.0
0.0
0.0
0.0
0.0
0.0
0.0
0.0
0.0
-0.990671
0.0
0.0
0.0
0.0
0.0
0.0
0.0
0.0
0.0
0.0
0.0
0.0
0.0
0.0
0.0
0.0
0.0
0.0
0.0
0.0
0.0
0.0
0.0
0.0
0.0
0.0
0.0
-0.754569
0.0
0.0
0.0
0.0
0.0
0.0
0.0
0.0
0.0
0.0
-0.529909
0.0
0.0
0.0
0.0
0.0
0.0
0.0
0.0
1.52064
0.0
0.0
0.0
0.0
0.0
0.0
0.0
0.0
0.0
0.0
0.0
0.0
0.0
0.0
0.0
0.0
0.83076
0.0
0.0
0.0
0.0
0.0
0.0
0.0
0.0
0.0
0.0
0.0
0.0
0.0
0.0
0.0
0.0
0.0
0.0
0.0
0.0
0.0
0.0
0.0
0.0
0.0
0.0
2.42702
0.0
-1.73505
0.0
0.0
0.0
0.0
0.0
0.0
0.0
0.0
0.0
-0.199047
1.10747
0.0
0.0
0.0
0.0
0.0
0.0
0.0
0.0
-0.165535
0.0
0.0
0.0
0.0
0.0
0.0
0.0
0.0
0.0
0.0
0.0
0.0
0.0
0.0
0.0
0.0
0.0
0.0
0.0
0.0
0.0
0.0
0.0
0.0
0.0
0.0
0.0
0.0
0.0
0.0
0.0
0.0
0.0
0.0
0.0
0.478877
0.0
0.0
0.0
0.0
0.0
0.0
0.0
0.0
0.0
0.0
0.0
0.0
0.0
0.0
0.0
0.0
0.0
0.0
0.0
0.0
0.0
0.0
0.0
0.0
0.0
0.0
0.0
0.0
0.0
0.0
0.0
0.0
0.0
0.0
0.0
0.0
0.0
0.0
0.0
0.0
0.0
0.0
0.0
0.0
0.0
0.0
0.0
0.0
0.0
0.0
0.0
0.0
0.0
0.0
0.0
0.0
0.0
0.0
0.0
0.0
0.0
0.0
0.0
0.0
0.0
0.0
0.0
0.0
0.0
0.0
0.0
0.0
0.0
0.0
0.0
0.0
0.0
0.0
0.0
0.0
0.0
0.0
0.0
0.0
0.0
0.0
0.0
0.0
0.0
0.0
0.0
0.0
0.0
-0.906343
1.07663
0.0285121
-0.32321
0.853336
-0.779498
-0.543015
0.00557258
-0.513772
-0.0401129
-0.26499
-0.177954
-0.558125
-0.0207027
0.0618308
0.0171594
0.493207
-0.22021
-0.12927
0.00381439
1.20362
1.17338
0.282244
-0.188859
0.180266
0.0
0.0
0.0
0.0
0.0
0.0
0.0
0.0
0.0
0.0
0.0
0.0
0.0
0.0
0.0
0.0
0.0
0.0
0.0
0.0
0.0
0.0
0.0
0.0
0.0
0.0
0.0
0.0
0.0
0.0
0.0
0.0
0.0
0.0
0.0
0.0
0.0
0.0
0.0
0.0
0.0
0.0
0.0
0.0
0.0
0.0
0.0
0.0
0.0
0.0
0.0
0.0
0.0
0.0
0.0
0.0
0.0
0.0
0.0
0.0
0.0
0.0
0.0
0.0
0.0
0.0
0.0
0.0
0.0
0.0
0.0
0.0
-0.0150515
0.0
0.0
0.0
0.0
0.0
0.0
0.0
0.0
0.0
0.0
0.0
0.0
0.0
0.0
0.0
0.0
0.0
0.0
0.0
0.0
0.0
0.0
0.0
0.0
0.0
0.0
0.0
0.0
0.0
0.0
0.0
0.0
0.0
0.0
0.0
0.0
0.0
-0.847694
0.0
0.0
0.0
0.0
0.0
0.0
0.0
0.0
0.0
0.0
0.0
-0.260659
0.0
0.0
0.0
0.0
0.0
0.0
0.0
0.0
0.0
0.0
0.0
0.0
0.0
0.0
0.0
0.0
0.0
0.0
0.0
0.0
0.0
0.0
0.0
0.0
0.0
0.0
0.0
0.0
0.0
0.0
0.0
-0.886782
0.0
0.0
0.0
0.0
0.0
1.84553
0.0
0.0
0.0
0.0
0.0
0.0
0.0
0.0
-0.857647
0.0
0.0
0.0
0.0
0.0
0.0
0.0
0.0
0.0
0.0
-0.621705
0.0
0.0
-0.66914
0.0
0.0
0.0
-0.435452
0.0
0.0
0.0
0.0
0.0
0.0
0.0
0.0
0.0
0.0
0.0
0.0
0.0
0.0
0.0
0.0
0.0
0.0
0.0
0.0
0.0
0.0
0.0
-0.318457
0.0
0.0
0.0
0.0
0.0
0.0
0.0
0.0
0.0
0.0
0.0
0.0
0.0
0.0
0.0
0.0
0.0
0.0
0.0
0.0
0.0
0.0
0.0
0.0
0.0
0.0
0.0
0.0
0.0
0.0
0.0
0.0
0.420167
0.0
0.0
0.0
0.0
0.0
0.0
0.0
0.0
0.0
0.0
0.0
0.0
0.0
0.0
0.0
0.0
0.0
0.0
0.0
0.0
0.0
-1.96347
0.0
0.0
0.0
0.0
0.0
0.0
0.0
0.0
0.0
0.0
0.0
0.0
0.0
0.0
0.0
0.0
0.0
0.0
0.0
0.0
0.0
0.0
0.0
0.0
0.0
0.0
0.0
0.0
0.0
0.0
0.0
0.0
0.0
0.0
0.0
0.0
0.0
0.0
0.0
0.0
0.0
0.0
0.0
0.0
0.0
0.0
0.0
0.0
0.0
0.0
0.0
0.0
0.0
0.0
0.0
0.0
0.0
0.0
0.0
0.0
0.0
0.0
0.0
0.0
0.0
0.0
0.0
0.0
0.0
-0.672352
0.0
0.0
0.0
0.0
0.0
0.0
0.0
0.0
0.0
0.0
0.0
0.0
0.0
0.0
0.0
0.0
0.0
0.0
0.0
0.0
0.0
0.0
0.0
0.0
0.0
0.0
0.0
0.0
0.0
0.0
-0.587197
0.604287
-0.941208
0.0
0.0
0.0
0.0
0.0
0.36129
0.125331
-0.243655
-0.22224
0.263873
0.215062
-0.0467595
-0.0364761
0.46053
0.270044
-0.332455
0.270459
0.597532
-0.2399
0.0488723
0.138813
0.282255
-0.0788401
-0.16831
-0.037642
-0.767799
0.232569
0.618805
1.03609
-1.27911
0.0
0.0
0.0
0.0
0.0
-0.40318
0.0
0.0
0.0
0.0
0.0
0.0
0.0
0.0
0.0
0.0
0.0
0.0
0.0
0.0
0.0
0.0
0.0
0.0
0.0
0.0
0.0
0.0
0.0
0.0
0.0
0.0
0.0
0.0
0.0
0.0
0.0
0.0
0.0
0.0
0.0
0.0
0.0
0.0
0.0
0.0
0.0
0.0
0.0
0.0
0.0
0.0
0.0
0.0
0.0
-0.932778
0.0
0.0
0.0
0.0
0.0
0.0
0.0
0.0
0.0
0.0
0.0
0.0
0.0
0.0
0.0
0.0
0.143951
0.0
0.0
0.0
0.0
0.0
0.0
0.0
0.0
0.0
0.0
0.0
0.0
0.0
0.0
0.0
0.0
0.0
0.0
0.0
0.0
0.0
0.0
0.0
0.0
0.0
0.0
0.0
0.0
0.0
0.0
0.0
0.0
-0.665893
0.0
0.0
0.0
0.0
0.0
0.0
0.0
0.0
0.0
0.0
0.0
0.0
0.0
0.0
0.0
0.0
0.0
0.0
2.31739
0.0
0.0
0.0
0.0
0.0
0.0
0.0
1.30389
0.0
0.0
0.0
0.0
0.0
0.0
0.0
0.0
0.0
0.0
0.0
0.0
0.0
0.0
0.0
0.0
0.0
0.0
0.0
0.0
0.0
0.0
0.0
0.0
0.0
0.0
-0.405062
0.0
0.0
0.0
0.0
0.0
0.0
0.0
0.0
0.0
0.0
0.0
0.0
0.0
0.0
0.0
0.0
0.0
0.0
0.0
0.0
0.0
0.0
0.0
0.0
0.0430034
0.0
0.0
1.69623
0.0
0.0
0.0
0.0
0.0
0.0
0.0
0.0
0.0
0.0
0.0
0.0
0.0
0.0
0.0
0.0
0.0
0.277477
0.0
0.0
0.0
0.0
0.0
0.0
0.0
0.0
0.0
0.0
0.0
0.0
0.0
0.0
0.0
0.0
0.0
0.0
0.0
0.0
0.0
0.0
0.0
0.0
0.0
0.0
0.0
0.0
0.0
0.0
0.0
0.0
0.0
0.0
0.0
1.56658
0.0
0.0
0.0
0.0
0.0
0.0
0.0
0.0
0.0
0.0
0.0
0.0
0.0
0.0
0.0
1.00035
0.0
0.0
0.0
0.0
0.0
0.0
0.0
0.0
0.0
0.0
0.0
0.0
0.0
0.0
0.0
0.0
0.0
0.0
0.0
0.0
0.0
0.0
0.0
0.0
0.0
0.0
0.0
0.0
0.0
0.0
-0.0691219
0.0
0.0
0.0
0.0
0.0
0.0
0.0
0.0
0.0
0.0
0.0
0.0
0.0
0.0
0.0
0.0
0.0
0.0
0.0
0.0
0.0
0.0
0.0
0.0
0.0
0.0
0.0
0.0
0.0
0.0
0.0
0.0
0.0
0.0
0.0
0.0
0.0
0.0
0.0
0.0
0.0
0.379687
0.0
0.0
0.0
0.0
0.0
0.0
0.0
0.0
0.0
0.0
0.0
-0.269002
0.0
0.0
0.0
0.0
0.0
0.0
0.0
0.0
0.0
0.0
0.0
0.0
0.0
0.0
0.0
0.0
0.0
0.0
0.0
0.0
0.0
0.0
0.0
0.0
0.0
0.0
0.0
0.0
0.0
0.0
0.0
0.0
0.0
0.0
0.0
0.0
0.0
0.0
0.0
0.0
0.0
0.0
0.0
0.0
0.0
-0.233851
0.0
0.0
0.0
0.0
0.0
-1.12212
0.0
0.0
0.0
0.0
0.0
0.0
0.0
0.0
0.0
0.0
0.0
0.0
0.0
0.0
0.0
0.0
0.0
0.0
0.0
0.0
0.0
0.0
0.0
0.0
0.0
0.0
0.0
0.0
0.0
0.0
-0.390551
0.396869
-0.162244
-0.0733575
0.16807
-1.38261
-0.530688
-0.28259
-0.297703
-0.0363748
0.338468
0.0677777
-0.199368
-0.181127
-0.0590541
0.169037
0.0829864
-0.342247
-0.0632379
0.0194517
0.975546
0.876125
0.289868
0.198277
0.337107
0.0
0.0
0.0
0.0
0.0
0.0
0.0
0.0
0.0
0.0
0.0
0.0
0.0
0.0
0.0
0.0
0.0
0.0
1.34446
0.0
0.0
0.0
0.0
0.0
0.0
0.0
0.0
0.0
-1.16817
0.0
0.0
0.0
0.0
0.0
0.0
0.0
0.0
0.0
0.0
0.0
0.0
0.0
0.0
0.0
0.0
0.0
0.0
0.0
0.0
0.0
0.0
0.0
0.0
0.344815
0.0
0.0
0.0
0.0
0.0
0.0
0.0
0.0
0.0
0.0
0.0
0.0
-0.678007
0.0
0.0
0.0
0.0
0.0
0.0
0.0
0.0
0.0
0.0
0.0
0.0
0.0
0.0
0.0
0.0
0.0
0.0
0.0
0.0
0.0
0.0
0.0
0.0
0.0
0.0
0.0
0.0
0.0
0.0
0.0
0.0
0.0
0.0
0.0
0.0
0.0
0.0
0.0
0.0
0.0
0.0
0.0
0.0
0.0
0.0
0.0
0.0
0.0
0.492843
0.0
0.0
0.0
0.0
0.0
0.0
0.0
0.0
0.0
0.0
0.0
0.0
1.37111
0.0
0.0
0.0
0.0
0.0
0.0
0.0
0.0
0.0
0.347127
0.0
0.0
0.0
0.0
0.0
0.0
0.0
0.0
0.0
0.0
-0.359536
0.0
0.0
0.0
0.0
0.0
0.0
0.0
0.0
0.0
0.0
0.0
0.0
0.0
0.0
0.0
0.0
0.0
0.0
0.0
0.0
0.0
0.0
-0.729534
0.0
0.0
0.0
0.0
-1.08405
0.0
0.0
0.0
0.0
0.0
0.0
0.0
0.0
0.0
0.0
0.0
0.0
0.0
0.0
0.0
0.0
0.0
0.0
0.0
0.0
0.0
0.0
0.0
0.0
0.0
0.0
0.0
0.0
0.574707
0.0
0.0
0.0
0.0
0.0
0.0
0.0
0.0
0.0
0.0
0.0
0.0
0.0
0.0
0.0
0.0
0.0
0.0
0.0
0.0
0.0
0.0
0.0
0.0
0.0
0.0
0.518761
0.0
0.0
0.147606
0.0
0.0
0.0
0.0
0.0
0.0
0.0
0.0
0.0
0.0
0.0
0.0
0.0
-0.94951
0.0
0.0
0.0
0.0
0.0
0.0
0.0
0.0
0.0
0.0
0.0
0.0
0.0
0.0
0.0
0.0
0.0
0.0
0.0
0.0
0.0
0.0
0.0
0.0
0.0
0.0
0.0
0.0
0.0
0.0
0.0
0.0
0.0
0.0
0.0
-0.420882
-1.62425
0.0
0.0
0.0
0.0
0.0
0.0
0.0
0.0
0.0
0.781455
0.0
0.0
0.0
0.0
-0.0484808
0.0
0.0
0.502154
0.0
0.0
-2.29966
0.0
0.0
0.0
0.0
0.0
0.0
0.0
0.0
0.0
0.0
0.0
0.0
0.0
0.0
0.0
0.0
-1.37878
0.0
0.0
0.0
0.0
0.0
0.0
0.0
0.0
0.0
0.0
0.0
0.0
0.0
0.0
0.0
0.0
0.0
0.0
0.0
0.0
0.0
0.0
0.0
0.0
0.0
0.0
0.0
0.0
0.0
0.0
0.0
0.0
0.0
0.0
0.0
-0.616028
0.0
0.0
0.0
0.0
0.0
0.0
0.0
0.0
0.0
0.0
0.0
-0.107311
-0.677712
-0.184145
-0.176318
-0.318634
-0.433497
-0.389306
-0.0157439
0.117915
0.357126
0.293961
-0.0866476
0.40077
0.556547
-0.287402
-0.0768616
0.173448
0.0526378
-0.242428
0.119463
-0.00797791
-0.412262
0.252136
0.481952
0.211409
-0.156646
0.0
0.0
0.0
0.0
0.0
0.0
0.0
0.0
0.0
0.0
0.0
0.0
0.0568774
0.0
0.0
0.0
0.0
0.0
0.0
0.0
0.0
0.0
0.0
0.0
0.0
0.0
0.0
0.0
0.0
0.0
0.0
0.0
0.0
0.0
0.0
1.29012
0.0
0.0
0.0
0.0
0.0
0.0
0.0
0.0
0.0
0.0
0.0
0.0
0.0
0.0
0.0
0.0
0.0
0.0
0.0
0.0
0.0
0.0
0.0
0.0
0.0
0.0
0.0
0.0
0.0
0.0
0.0
0.0
0.0
0.0
0.0
0.0
0.0
0.0
0.0
0.0
0.0
0.0
0.0
0.0
0.0
0.0
0.0
0.0
1.89154
0.0
0.0
-1.26879
0.0
0.0
0.0
0.0
0.0
0.0
0.0
0.0
0.0
0.0
0.0
0.24284
0.0
0.0
0.0
0.0
0.0
0.0
0.0
0.0
0.0
0.0
0.0
0.0
0.0
0.0
0.0
0.0
0.0
0.0
-0.00613233
0.0
0.0
0.0
0.0
0.0
0.0
3.07691
0.0
0.0
0.0
0.0
0.0
0.0
0.488259
0.0
0.0
0.0
0.0
0.0
0.0
0.0
0.0
-0.0511212
0.0
0.0
0.0
1.50285
0.0
0.0
0.0
0.0
0.0
0.0
0.0
0.0
0.0
0.0
0.0
0.0
0.0
0.0
0.0
0.0
0.0
0.853657
0.0
0.0
0.0
0.0
0.0
0.0
0.0
0.0
0.0
0.0
0.0
0.0
0.0
0.0
0.0
0.0
0.0
0.0
0.0
0.0
0.0
0.0
0.0
0.0
0.0
0.79387
0.0
0.0
0.0
0.912342
0.0
0.0
0.0
0.0
0.0
0.0
0.0
0.0
0.0
0.0
0.0
0.0
0.0
0.0
0.0
0.0
0.0
0.0
0.0
0.0
0.0
0.0
0.0
0.0
0.0
0.0
0.0
0.0
0.0
0.0
0.0
0.0
0.0
0.0
0.0
0.0
0.0
0.0
0.0
0.0
0.0
0.0
0.0
0.0
0.0
0.0
0.0
0.0
0.0
0.0
0.0
0.0
0.0
0.0
0.0
0.0
0.0
0.0
0.0
0.0
0.0
0.0
0.0
0.0
0.0
0.0
0.116883
0.0
0.0
0.0
0.0
0.0
0.0
0.0
0.0
0.0
0.0
0.0
0.0
0.0
0.0
0.0
0.846444
0.0
0.0
0.0
0.0
0.0
0.0
0.0
0.0
0.0
0.0
0.0
0.0
0.0
0.0
0.0
0.0
0.0
0.0
0.0
0.0
0.0
0.0
0.0
0.0
0.0
0.0
0.0
0.0
0.0
0.0
0.0
0.0
0.0
0.0
0.0
0.0
0.0
0.0
0.0
0.0
0.0
0.0
0.0
0.0
0.0
0.0
0.0
0.0
0.0
0.0
0.0
0.0
0.0
0.0
0.0
0.0
0.0
0.0
0.0
0.0
0.0
0.0
0.0
0.0
0.0
0.0
0.0
0.0
0.0
0.0
0.0
0.0
0.958326
0.0
0.0
0.0
0.0
0.0
0.0
0.0
0.0
0.768194
0.0
-0.909782
0.0
0.0
0.0
0.0
0.0
0.0
0.0
0.0
0.0
0.0
0.0
0.0
0.0
0.0
0.0
0.0
0.0
0.0
0.0
0.0
0.0
0.0
0.0
0.0
0.0
0.0
0.0
0.0
0.0
0.0
0.0
0.0
-0.706554
0.0
0.0
1.04744
0.0
0.0
0.0
0.0
-0.602251
0.0
0.0
0.0
0.0
0.0
0.0
0.0
0.0
0.0
0.0
0.0
0.0
0.0
0.0
0.0
0.0
0.0
0.0
0.0
0.0
0.0
0.0
0.0
0.0
0.0
0.0
0.0
0.0
0.0
0.0
0.0
0.0
0.0
0.0
0.0
0.0
0.0
0.0
0.0
0.0
0.0
0.0
0.0
0.0
0.0
0.0
0.0
0.0
0.0
0.0
0.0
0.0
0.0
0.0
0.0
0.0
-0.0268795
0.0
0.0
0.0
0.0
0.0
1.10733
0.0
0.0
0.0
0.0
0.0
0.0
0.0
0.0
0.0
0.0
0.0
0.0
0.0
0.0
0.0
0.0
0.0
0.0
0.0
0.0
0.0
0.0
0.0
0.0
0.0
0.0
0.0
0.0
0.0
0.0
0.0
0.0
0.0
0.0
0.0
0.0
0.0
0.0
0.0
0.0
0.0
0.0
0.0
0.0
0.0
0.0
0.0
0.0
0.0
0.0
0.0
0.0
0.0
0.0
0.0
0.0
0.0
0.0
0.0
0.0
0.0
0.0
0.0
0.0
0.0
0.0
0.0
0.0
0.0
0.0
0.0
0.0
0.0
0.0
0.0
-0.471772
0.0
0.0
0.0
0.0
0.0
0.0
0.0
0.0
0.0
0.0
0.0
0.0
0.0
0.0
0.0
0.0
0.0
0.0
0.0
0.0
0.0
0.0
0.0
0.0
0.0
0.0
0.0
0.0
0.0
0.0
0.0
0.0
0.0
0.0
0.0
0.0
0.0
0.0
0.0
0.0
0.0
0.0
0.0
0.0
0.0
0.0
0.0
0.0
0.0
0.0
0.0
0.0
0.0
0.0
0.0
0.0
0.0
0.0
0.0
0.0
0.0
0.0
0.0
0.0
0.0
0.0
0.0
0.0
0.0
0.0
0.0
0.0
0.0
0.0
0.0
0.0
0.0
0.0
0.0
0.0
0.567291
0.0
0.0
0.0
0.0
0.0
0.0
-1.76784
0.0
0.0
0.0
0.0
-1.01009
0.0
0.0
0.0
0.0
0.0
0.0
0.0
0.0
-0.408753
0.0
0.00635954
0.0
0.0
0.0
0.0
0.0
0.0
0.0
0.0
0.0
0.0
0.0
0.0
0.0
0.0
0.0
0.0
0.0
0.0
0.0
0.0
0.0
0.0
0.0
0.0
0.0
0.0
0.0
0.0
0.0
0.0
0.0
0.0
0.0
0.0
0.0
0.0
0.0
0.0
0.0
0.0
0.0
0.423783
0.0
0.0
0.0
0.0
0.0
0.0
0.0
0.0
0.0
0.0
0.0
0.0
0.0
0.0
0.0
0.0
0.0
0.0
0.0
0.0
-0.338093
0.0
0.0
0.0
0.0
0.0
0.0
0.0
0.0
0.0
0.0
0.0
0.0
0.0
0.0
0.248133
0.0
0.0
0.0
0.0
0.0
0.0
0.0
0.0
0.0
0.0
0.0
0.0
0.0
0.0
0.0
0.356187
0.0
0.0
0.0
0.0
0.0
0.0
0.0
0.0
0.0
0.0
0.0
0.0
0.0
0.0
0.0
0.0
0.0
0.0
0.0
0.0
0.0
0.0
0.0
0.0
0.0
0.0
0.0
0.0
0.0
0.0
0.0
0.0
0.0
0.0
0.0
0.0
0.0
0.0
0.0
0.0
0.0
0.0
0.0
0.0
0.0
0.0
0.0
0.0
0.0
0.0
0.0
0.0
0.0
0.0
0.0
-0.961962
0.0
0.0
0.0
0.0
0.0
0.0
0.0
0.0
0.0
0.0
0.0
0.0
0.195934
0.0
0.0
0.0
0.0
0.0
0.183373
0.0
0.0
0.0
0.0
0.0
0.0
0.0
0.0
-0.244097
-1.89314
0.0
0.0
0.0
0.0
0.0
0.0
0.0
0.0
0.0
0.0
0.0
0.0
0.0
0.0
0.0
0.0
0.0
0.0
0.0
0.0
0.0
0.0
0.0
0.0
0.0
0.0
-1.32286
0.0
0.0
0.0
0.0
0.0
0.0
0.0
0.0
0.0
0.0
0.0
0.0
0.0
0.0
0.0
0.0
0.0
0.0
0.0
0.0
0.0
0.0
0.0
0.0
0.545482
0.0
0.0
0.0
0.0
0.0
0.0
0.0
0.0
0.0
0.0
0.0
0.0
0.0
0.0
0.0
0.0
0.0
0.0
0.0
0.0
0.0
0.0
0.0
0.0
-0.319817
0.203788
-0.116222
0.499408
-0.0506285
-0.631992
-0.253039
0.0800264
-0.133544
-0.16534
0.334702
0.380347
0.0376981
-0.120867
-0.155134
0.22073
-0.0719835
-0.382562
-0.16977
0.0172727
0.658505
0.906401
0.247768
0.366413
-0.036966
0.0
0.0
0.0
0.0
0.0
0.0
0.0
0.0
0.0
0.0
1.06295
0.0
0.0
0.0
0.0
2.61996
0.0
0.0
0.0
0.0
0.0
0.0
0.0
0.0
0.0
0.0
0.0
0.0
0.0
0.0
0.0
0.0
0.0
0.0
0.0
0.0
0.0
0.0
0.0
0.0
0.0
-0.106575
0.0
0.0
0.0
0.0
0.0
0.0
0.0
0.0
0.0
0.0
0.0
0.0
0.0
0.0
0.0
0.0
0.0
0.0
0.0
0.0
0.0
0.0
0.0
-0.719871
0.0
0.0
0.0
0.0
0.0
0.0
0.0
0.0
0.0
0.0
0.0
0.0
0.0
0.0
0.0
0.0
0.0
0.0
0.0
0.0
0.0
0.0
0.0
0.0
0.0
0.0
0.0
0.0
0.0
0.0
0.0
0.0
0.0
0.0
0.0
0.0
0.0
0.0
-0.62656
0.0
0.0
0.0
0.0
0.0
0.0
0.0
0.0
0.0
0.0
0.0
0.0
0.0
0.0
0.0
0.0
0.0
0.0
0.0
0.0
0.0
0.0
0.0
0.0
0.0
0.0
0.0
0.0
0.0
0.0
0.0
0.0
0.0
0.0
0.0
0.0
0.0
0.0
0.0
0.0
0.0
0.0
0.0
0.0
-0.841177
0.0
0.0
0.0
0.0
0.0
0.0
0.0
0.0
0.0
0.0
0.0
0.0
0.0
0.0
0.0
0.0
0.0
1.18731
0.0
0.0
0.0
-0.251876
0.0
0.0
0.0
0.0
0.0
0.0
0.0
0.0
0.0
0.0
0.0
0.0
0.0
0.0
0.0
0.0
0.0
0.939859
0.0
0.0
0.0
0.0
0.0
0.0
0.0
0.0
0.0
0.0
0.0
0.0
0.0731198
0.0
0.0
0.0
0.0
0.0
0.0
0.0
0.0
0.0
0.0
0.0
-0.822129
0.0
0.0
0.0
0.0
0.0
-0.488525
0.0
0.0
0.0
0.0
0.0
0.0
0.0
0.0
0.0
0.0
0.0
0.0
0.0
0.0
0.0
0.0
0.0
0.0
0.0
0.0
0.0
0.0
0.325923
-0.669392
0.0
0.0
0.0
0.0
0.0
0.0
0.0
0.0
0.0
-0.828627
0.0
0.0
0.0
0.0
0.0
0.0
0.0
0.0
0.0
0.0
0.0
0.0
0.0
0.0
0.524386
0.0
0.0
0.0
0.0
0.0
-0.40651
-0.123701
-0.0853313
0.353762
0.230148
-0.580764
-0.133755
-0.064959
0.164475
0.038451
-0.0537154
0.511284
0.442361
-0.201085
-0.15276
0.0980566
0.0320445
-0.305984
0.00546586
-0.0424336
-0.4545
0.577785
0.245575
-0.272806
-0.492531
0.0
0.0
0.0
0.0
0.0
0.568824
0.0
0.0
0.0
0.0
0.0
0.0
0.0
-0.407177
0.0
0.0
0.0
0.0
0.0
0.0
0.0
0.0
0.0
0.0
0.0
0.0
0.0
0.0
0.0
0.0
0.0
0.0
0.0
0.0
0.0
0.0
0.0
0.0
0.0
0.0
0.0
0.0
0.0
0.0
0.0
0.0
0.0
0.0
0.0
0.0
0.0
0.0
0.0
0.608652
0.0
0.0
0.0
0.0
0.0
0.0
0.0
0.0
0.0
0.0
0.0
0.0
0.0
0.0
0.0
0.0
0.0
0.0
0.0
0.0
-1.97796
0.0
0.0
0.0
0.0
0.0
0.0
0.0
0.0
0.0
0.0
0.0
0.0
0.0
0.0
0.0
0.0
0.0
0.0
0.0
0.429624
0.0
0.0
0.0
0.0
0.0
0.0
0.0
0.0
0.0
0.0
0.0
0.0
0.0
-0.0844577
0.0
0.0
0.0
0.0
0.0
0.0
0.0
0.0
0.0
-0.918768
0.0
0.0
0.0
0.0
0.0
0.0
-0.117453
0.0914861
-0.142819
0.649008
-0.189462
-0.704728
-0.29723
-0.333925
-0.110124
0.132816
0.233981
0.333202
0.0729296
-0.140309
-0.146554
0.230695
-0.0965181
-0.363598
-0.0714543
0.00636361
0.595298
0.878263
0.283592
0.140727
0.241038
0.0
0.0
0.0
-0.860036
0.0
0.0
0.0
-0.692797
0.0
0.0
0.0
0.0
0.0
0.0
0.0
0.0
0.0
0.0
0.0
0.0
0.0
0.0
0.0
0.0
0.0
0.0
0.0
0.0
0.0
0.0
0.0
0.0
0.0
0.0
0.0
0.0
0.0
0.0
0.0
0.0
0.0
0.0
0.0
0.0
0.0
0.0
0.0
0.0
0.0
0.0
0.0
0.0
0.0
0.0
0.0
0.0
0.0
0.0
0.0
0.0
0.0
0.0
0.0
0.0
0.0
-0.99797
0.0
0.0
0.0
0.0
0.0
0.0
0.0
0.0
0.0
0.0
0.0
0.0
0.0
-0.0903399
0.0
0.0
0.0
0.0
0.0
0.0
0.0
0.0
0.0
0.0
0.0
0.0
0.0
0.0
0.0
0.0
0.0
0.0
0.0
0.0
0.0
0.0
1.00457
0.0
0.0
0.0
0.0
0.0
0.0
0.0
0.0
0.0
0.0
0.0
0.0
0.0
0.0
0.0
0.0
0.0
0.0
0.0
0.0
0.0
0.0
0.0
0.0
0.0
0.0
0.0
0.832765
0.0
0.0
0.0
0.0
0.0
0.0
0.0
0.0
0.0
0.0
0.0
0.0
0.0
0.0
0.0
0.0
0.0
0.0
0.0
0.0
0.0
0.0
0.0
0.0
0.0
0.0
0.0
0.0
0.0
0.571058
0.0
0.0
0.0
0.0
0.0
0.0
0.0
0.0
0.0
0.0
0.0
0.0
0.0
0.0
0.0
0.0
0.0
0.0
0.0
0.0
0.0
0.0
0.0
0.0
0.0
0.0
0.0
0.0
0.0
0.0
0.0
0.0
0.0
0.0
0.0
0.0
0.0
0.0
0.0
1.20806
0.0
0.0
0.0
0.0
0.0
-0.753723
0.0
0.0
0.0
0.0
0.0
0.0
0.0
0.0
0.0
0.0
0.0
0.0
-1.13078
0.0
0.0
0.0
0.0
0.0
-0.585014
-0.0624394
-0.0403638
0.0930714
0.276014
-0.643238
-0.125054
-0.138307
0.14401
0.284529
0.157569
0.476493
0.442398
-0.222617
-0.157136
0.080328
0.0996266
-0.310459
-0.0794789
-0.0223629
-0.45763
0.557649
0.285903
0.311482
-0.229341
0.0
0.0
0.0
0.0
0.0
0.0
0.0
0.0
0.0
0.0
0.0
0.0
0.0
0.0
0.0
0.0
0.0
0.0
0.0
0.0
0.0
0.0
0.0
0.0
0.0
0.0
0.0
0.0
0.0
0.0
0.0
0.0
-1.53634
0.0
-2.25377
0.0
0.0
0.0
0.0
0.0
0.0
0.0
0.0
0.0
0.0
0.0
0.0
0.0
0.0
0.0
0.0
0.0
0.0
0.0
0.0
0.0
0.0
0.0
0.0
0.0
0.0
0.0
0.0
0.0
0.0
0.0
0.0
0.0
0.0
0.0
0.0
0.0
0.0
-0.477042
0.0
0.0
0.0
0.0
0.0
0.0
0.0
0.0
0.0
0.0
0.0
0.0
0.0
0.0
0.0
0.0
0.0
0.0
0.0
0.0
0.0
0.0
0.0
0.0
0.0
0.0
0.0
0.0
0.0
0.0
0.0
-0.780149
0.0
0.0
0.0
0.0
0.0
0.570746
0.0
0.0
0.0
0.0
0.0
0.0
0.0
-1.44342
0.0
0.0
0.0
0.0
0.0
0.0
0.0
0.0
0.0
0.0
0.0
0.0
0.0
0.0
0.0
0.0
0.0
0.0
0.0
0.0
0.0
0.0
0.0
0.0
0.0
0.0
0.899037
0.0
0.0
0.0
-0.191641
0.0
1.35267
0.0
0.0
0.0
0.0
0.0
0.0
0.492775
0.0
0.0
0.0
0.0
0.0
0.0
0.0
0.0
0.0
0.0
0.0
-1.16244
2.24842
0.0
0.0
0.0
0.0
0.0
0.0
0.0
0.0
0.0
0.0
0.0
0.0
0.0
0.0
0.0
0.0
0.0
0.0
0.0
0.330765
0.0
0.0
0.0
0.0
0.0
0.0
0.0
0.0
0.0
0.0
0.0
-0.249536
0.0
0.0
0.0
0.0
0.0
0.0
0.0
0.0
0.0
0.0
0.0
0.0
-2.1189
0.0
0.0
0.0
0.0
0.0
0.0
0.0
0.0
0.0
0.0
0.0
0.0
0.0
0.0
0.0
0.0
0.0
0.0
0.0
0.0
0.0
0.0
0.0
0.0
0.0
0.0
0.0
0.0
0.0
0.0
0.0
0.0
0.0
0.0
0.0
0.0
0.0
0.0
0.0
0.0
0.0
0.0
0.0
0.0
0.0
-1.86875
0.0
0.0
0.0
-0.753369
0.0
0.0
0.0
0.0
0.0
0.0
0.0
0.0
0.0
0.0
0.0
0.0
0.0
0.0
0.0
0.0
0.0
0.0
0.0
0.0
0.0
0.0
0.0
0.0
0.0
0.0
0.0
0.0
0.0
0.0
0.0
0.0
0.0
0.0
0.0
0.0
0.0
0.0
0.0
0.0
0.0
0.0
0.0
0.0
0.0
0.0
0.0
0.0
0.0
0.0
0.0
0.0
-1.21147
0.0
0.0
0.0
0.0
0.184608
0.0
0.0
0.0
0.0
0.0
0.0
0.0
0.0
0.0
0.115001
0.0
0.0
0.0
0.0
0.0
0.0
0.0
0.0
0.0
0.0
0.0
0.0
0.0
0.0
0.0
0.0
0.0
0.0
0.0
0.0
0.0
0.0
0.0
0.0
0.0
0.0
1.18512
0.0
0.0
0.0
0.0
0.0
0.0
-0.141088
0.0
0.331404
0.0
0.0
0.0
0.0
0.0
0.0
0.0
-0.369863
0.0
0.0
0.0
0.0
0.0
0.0
0.0
0.0
0.0
0.0
0.0
0.0
0.0
0.0
0.0
0.0
0.0
0.0
0.0
0.0
0.0
0.0
0.0
0.0
0.0
0.0
0.0
0.0
0.0
0.0
0.0
0.0
0.0
0.0
0.0
0.0
0.0
0.0
0.0
0.0
0.0
0.0
0.0
0.0
0.0
0.0
0.0
0.0
-0.935407
0.0
0.602013
0.0
0.0
0.0
0.0
0.0
0.0
0.0
0.0
0.0
1.44852
0.0
0.0
0.0
0.0
0.0
-0.415276
0.919696
0.0
0.0
0.0
0.0
0.0
0.0
0.0
0.0
0.0
0.0
-0.0542971
0.0
0.0
0.0
0.0
0.0
0.0
0.0
0.107793
0.0
0.0
0.0
0.0
1.1848
0.0
0.0
0.0
0.0
0.0
0.0
1.50463
0.0
0.0
0.0
0.0
-0.143588
0.0
0.0
0.0
0.0
0.0
0.0
0.0
0.963563
0.0
0.0
0.0
0.0
0.0
0.0
0.0
0.0
0.0
0.0
0.0
0.0
0.0
0.0
0.0
0.0
0.0
0.0
0.0
0.0
0.0
0.0
0.0
0.0
0.0
0.0
0.0
0.0
0.0
0.0
0.0
0.0
0.0
0.0
0.0
-0.765762
0.0
0.0
0.0
0.0
0.0
0.0
0.0
0.0
0.0
0.0
0.0
0.0
0.0
0.0
1.22997
0.0
0.0
0.0
0.0
0.0
0.0
0.0
0.0
0.0
0.0
0.0
0.0
0.0
0.0
0.0
0.0
0.0
0.0
0.0
0.0
0.0
0.0
0.0
0.0
0.0
0.0
0.0
0.0
-0.687614
0.0
0.0
0.0
0.0
0.0
0.0
0.0
0.0
0.0
0.0
0.0
0.0
0.0
0.0
0.0
0.0
0.0
0.0
0.0
0.0
0.0
0.0
0.0
0.0
0.0
0.0
0.0
0.0
0.0
-0.761144
0.0
0.0
0.0
0.0
0.0
0.0
0.0
-0.343163
0.0
-1.06248
0.0
0.0
0.0
-1.39938
0.0
0.0
0.0
0.0
0.0
0.0
0.0
0.0
0.0
0.0
0.0
0.0
0.0
0.0
0.0
0.0
0.0
0.0
0.0
-0.427879
0.0
0.0
0.0
0.0
0.0
0.0
0.0
0.0
0.0
0.0
0.0
0.0
0.0
0.0
-1.04353
-0.131898
-0.192506
-0.157301
0.0913825
-2.23244
-0.337849
-0.0236288
-0.0735185
-0.298737
0.0717962
0.280213
0.198836
-0.308071
-0.141054
0.173675
-0.146216
-0.398651
0.0305876
0.00247303
0.830237
0.597811
0.444005
0.2301
-0.509827
0.0
0.0
0.0
0.0
0.0
0.0
0.0
0.0
0.0
0.0
0.0
0.0
0.0
0.0
0.0
0.0
0.0
0.0
0.0
0.0
0.0
0.0
0.0
0.0
0.0
-1.26645
-0.62115
-0.248183
0.908568
0.268321
-2.46772
-0.240637
-0.605749
0.0811692
-0.21087
-0.147808
0.454068
0.354479
-0.378966
-0.188325
0.280896
-0.455463
-0.447228
-0.0979925
0.0165305
0.818353
0.371777
0.438884
-0.738235
0.412433
0.0
0.0
0.0
0.0
0.0
0.0
0.0
0.0
0.0
0.0
0.0
0.0
0.0
0.0
0.0
0.0
0.0
0.0
0.0
0.0
0.0
0.0
0.0
0.0
0.0
-1.34585
-0.390132
-0.171659
0.14048
0.330304
-1.47335
-0.0898554
-0.419487
0.184576
0.425104
-0.0232123
0.560293
0.427883
-0.35088
-0.18133
0.274643
-0.318264
-0.4994
-0.00618438
0.022979
-0.127657
0.352126
0.333334
-0.979218
0.352453
0.0
0.0
0.0
0.0
0.0
0.0
0.0
0.0
0.0
0.0
0.0
0.0
0.0
0.0
0.0
0.0
0.0
0.0
0.0
0.0
0.0
0.0
0.0
0.0
0.0
0.0
0.0
0.0
0.0
0.0
0.0
0.0
0.0
0.0
0.0
0.0
0.0
0.0
0.0
0.0
0.0
0.0
0.0
0.0
0.0
0.0
0.0
0.0
0.0
0.0
0.0
0.0
0.0
0.0
0.0
0.0
0.0
-0.62405
0.0
0.0
0.0
0.0
0.0
0.0
0.0
0.0
0.0
0.0
0.0
0.0
0.0
0.0
0.0
0.0
0.0
-0.557627
0.0
0.0
0.0
0.0
0.0
0.0
0.0
0.0
0.0
0.0
0.0
0.0
0.0
0.0
0.0
0.0
0.0
0.0
-0.835698
0.0
0.0
0.885549
0.0
0.0
0.0
0.0
0.0
0.0
0.0
0.0
0.0
0.0
0.0
0.0
0.0
0.0
2.00394
0.19124
0.0
0.0
0.0
0.0
0.0
0.0
1.1268
0.0
0.0
0.0
0.0
0.0
0.0
0.0
0.0
0.0
0.0
0.0
0.0
0.0
0.0
0.0
0.0
0.0
0.0
0.0
0.0
0.0
-0.220451
0.0
0.0
0.0
0.0
0.0
0.0
0.0
2.93516
2.74314
-1.65499
0.732309
-0.0141638
2.01317
3.06488
-0.0270791
-1.90147
0.256304
-0.876973
-0.0253464
-2.18737
-2.70401
2.47187
-1.03441
0.776881
2.76302
0.44882
-0.306243
3.53707
0.462953
0.212402
1.55542
4.79294
-2.13656
-3.08537
1.63875
-1.12042
0.218584
-1.94926
-2.96277
-0.284061
2.83307
-0.313152
1.09415
-0.3482
3.06816
3.36604
-3.06614
0.968569
-0.58477
-2.49703
-0.0270141
0.594115
-3.1594
-0.265323
-0.58498
-1.90527
-5.9718
-0.254427
-0.219137
-0.0505233
-0.272884
-0.961297
1.21017
0.79412
0.285825
0.157389
-0.154194
0.265864
-0.244859
-0.506763
0.456616
1.76726
-0.456375
0.352446
1.49542
-0.13707
0.375381
0.214759
0.694655
-0.867097
-0.0206982
0.0764203
-0.132374
-0.391215
-0.263536
-0.396015
0.755309
-0.627077
0.691149
0.81992
-1.28957
0.105086
0.209186
1.06032
1.87203
-1.08098
-1.99417
0.228782
-0.763781
-1.0407
0.376918
-0.514901
-0.201098
-1.98449
0.136007
-0.0960668
-0.28011
0.799072
-0.341832
-0.0164513
-0.388267
0.599228
0.063459
0.101866
-0.311181
0.294156
-0.0567445
0.217179
-0.372079
0.881404
0.661694
-0.595338
-0.0659745
0.192135
0.275878
0.421888
0.287793
0.37751
0.19735
-0.37172
-0.349665
-1.17848
1.19068
-0.596768
1.09095
-0.0776456
0.717097
0.644122
-1.19399
-0.421321
0.109293
-0.0334944
-0.0218463
0.258386
0.55093
0.883041
1.7774
0.474102
1.27761
-1.76597
0.102997
0.0740606
-0.692135
-3.70647
0.00942468
0.483863
-0.049376
2.45729
-1.26016
2.00418
1.23002
0.191149
-0.821136
-0.64192
0.117331
0.0282956
-0.476261
0.312589
-0.120337
1.41949
-0.154751
0.205907
0.403412
-0.806268
0.646417
-0.299442
-0.0463902
0.495083
-0.685814
-0.559129
-0.0879861
-0.764656
1.28232
-0.3313
-0.631077
-0.62546
-1.92222
-2.24822
-1.21866
0.146163
-0.0251352
-0.587824
-0.406692
-0.161424
1.31601
0.905875
1.05564
-1.9609
-1.53779
0.114596
-0.529405
0.285587
0.680782
0.0484551
-0.0931419
-0.22773
-0.517137
2.19237
-1.60848
-2.04867
0.302502
2.92564
0.180374
-0.255722
-0.14429
-0.385957
-0.174838
-0.16652
0.120369
-1.3489
2.76165
-2.98961
1.34472
1.85039
0.173207
0.182349
0.388487
-0.102439
1.06592
0.0906313
0.0358158
0.44086
1.08144
0.746769
1.56716
2.6192
2.75616
-2.33532
-0.158217
-1.36958
0.556383
-0.133485
-0.108676
-0.131206
0.140058
0.676206
2.48106
1.81028
0.637559
-1.38796
0.112201
0.371135
0.383367
-0.254694
-0.410234
0.0674532
0.712727
0.858716
0.864377
2.89989
2.49953
1.00092
-0.416439
-0.00191547
2.77814
0.489347
0.549447
0.170084
0.131801
-1.31915
-1.03594
-0.613779
3.14098
-0.460266
-0.365375
-0.0422783
-0.523104
0.667328
1.99497
-0.815573
0.137376
-0.398106
-2.01018
0.375802
-0.390598
2.82757
-0.656587
3.46437
0.434549
-1.06447
0.143683
-0.463808
-0.149705
0.134106
1.63477
-1.3802
-2.25388
0.497319
-0.0983069
2.00152
-3.20464
2.0485
0.0285646
-0.978488
1.01947
0.432609
-1.26342
-0.15453
0.291773
-0.9733
-0.0651296
0.400038
-0.912727
2.06061
2.33053
0.41409
-0.0333963
0.0822076
-0.424115
0.035102
1.34827
0.724054
0.246562
0.0924066
-1.21974
-0.462181
1.17753
-0.185859
1.66106
-0.212686
-0.194779
0.0726308
0.640002
-0.366023
0.590381
0.21956
-0.180331
-0.00700471
-3.13109
-1.90665
-2.62214
-1.41494
-0.335242
0.619622
1.09831
-2.38963
0.685637
-0.645217
-0.439631
1.36793
-2.31421
2.77076
-3.56182
0.414811
1.32535
0.286589
-0.446028
0.762406
-0.989049
-1.3261
-0.280555
0.0135231
0.24881
-0.122994
2.84374
0.84002
2.58539
-0.00422679
0.793039
0.358715
-0.820123
1.79879
0.0663336
1.06605
0.0847347
0.932283
-1.56564
2.3221
-0.694139
0.125491
2.43421
-0.108039
1.52672
-0.166762
-0.0376385
0.230077
0.336432
0.359268
1.39698
0.506607
1.75964
-2.58774
1.58331
-0.391392
0.228061
0.492783
-0.0709331
-0.282717
0.839348
0.361965
0.201533
0.406731
0.168907
-1.93809
-2.07866
2.21775
-0.983192
-0.933801
-0.179801
-0.961052
0.391786
0.0422041
-1.09262
-0.0433877
0.278529
-1.15537
2.36799
-2.59335
0.287303
-1.80361
0.146168
0.377198
0.816422
0.319027
-1.11617
0.963727
0.187088
-1.46976
1.3043
2.36721
-2.05082
0.835907
-1.21798
1.50512
1.09888
0.107283
-0.27801
-2.44868
-1.79294
-0.28822
-0.589089
-1.2018
3.3963
-3.4122
-1.55153
0.014281
1.44318
0.300031
0.101071
1.83912
0.464605
0.285457
4.27793
-0.215315
-4.30623
1.48697
2.65797
-4.53895
-0.677413
-1.39929
-1.18381
-0.230225
-0.458226
-2.51745
-0.337347
-0.960105
0.457736
0.213641
1.8492
2.03573
-1.16347
5.13542
-0.521558
-1.88399
-1.08378
0.0182213
0.232284
1.94692
-1.65077
0.839943
-0.582532
5.58915
0.205787
1.18003
1.82683
0.622087
-0.0389461
-2.15777
0.621236
-0.238866
-1.30566
1.11719
0.440606
1.38696
-0.99496
-4.67311
-3.37963
-0.015534
-0.212167
-0.741233
-1.46018
-0.0155218
-0.838479
-1.39462
-0.403867
0.16563
-3.50188
2.30656
-1.33401
0.269152
1.6862
0.396084
-0.836372
-0.753938
-0.258711
0.0907755
-0.336251
-0.38553
1.31946
-1.22196
-0.579025
0.746824
-2.42315
1.27089
-0.128969
0.712647
0.513765
-1.67306
-0.654012
-0.144644
0.39021
0.454772
-0.686288
-1.09838
-2.02569
0.400811
-0.674788
-0.571862
-0.114702
-0.502906
-0.241089
-0.0244265
-0.000767668
0.243722
-1.6431
-0.239249
0.352103
1.81749
0.44328
-0.768184
-0.809696
0.231955
-1.08178
0.740941
1.87276
-0.455058
0.488644
-0.342103
-0.873342
0.728018
0.540106
-1.57773
3.12385
2.53228
-0.156335
-0.683934
0.213384
-0.106938
-1.15776
-0.236289
-0.0159925
-1.36914
0.935708
-1.55411
-1.81673
-2.04278
-1.0069
0.903555
-2.35026
-0.0537075
0.26946
0.17042
-0.445095
-0.482029
-1.01377
0.13895
-2.48874
-1.16202
2.54877
-0.0708415
-0.249014
0.173054
0.0470159
0.263303
-1.59316
0.970151
1.58178
-1.16013
0.811664
1.32252
-1.009
-0.0675623
0.491223
0.153242
0.711541
-0.0019171
-0.405448
1.08926
-0.213118
-0.12781
0.263686
0.272377
-1.97401
-2.24145
-2.63708
0.0732857
-0.242435
-0.146414
0.161091
-0.00724152
0.114768
-0.320864
-0.163766
0.386347
-1.04282
-2.61891
0.613985
1.62322
-0.00254273
-0.21028
0.0452436
-0.626331
-1.44883
-0.144083
0.558512
0.0467625
0.335937
0.874191
2.83424
0.0355232
1.54095
0.0889447
-0.133205
-0.843614
2.69514
1.88253
-0.833089
0.380731
-2.51132
-1.03455
-2.53735
2.20496
1.30481
1.81684
0.819692
0.166857
-0.0663652
-1.33718
-1.38852
-0.772738
0.342702
-0.226475
-0.82924
1.30569
-1.78774
2.33718
0.581314
0.0260984
1.26289
0.267728
-0.731371
-2.54891
0.424766
0.226496
-1.05122
2.27251
1.09825
0.127926
-1.46571
-1.66644
-0.133429
0.928093
-1.04018
0.776647
-0.557981
-0.195931
-0.271024
-0.783849
-1.38774
0.774538
0.150672
3.23583
2.23693
1.13403
-1.47488
-0.385154
0.88976
1.9655
0.347908
-1.50527
2.28399
-0.739994
0.309208
1.45209
-0.10399
0.119985
2.04641
0.362873
0.490594
0.439162
0.168396
0.261466
0.41247
0.62164
1.49347
-0.556288
-1.54996
2.582
-0.889744
0.615426
1.17688
-1.63388
-0.371176
-0.19852
0.557097
-0.219493
0.358901
-0.757891
2.77587
1.02997
-0.25336
0.577549
-1.58385
2.37451
-1.67335
0.603137
-0.126335
0.28179
0.321491
-0.508649
0.642427
-1.76585
0.356219
0.397801
1.02055
-0.745489
-1.38105
-0.479131
-1.81249
-0.140893
-0.346421
0.0762345
-0.0493386
2.76565
1.33052
2.38043
1.27272
-0.244682
1.23353
0.263609
-0.617081
0.0537997
-0.129185
0.00807568
-0.0567151
0.307456
-0.00887533
0.26954
-0.282469
0.954087
-1.44569
-1.03741
-1.72251
-0.429547
-0.284804
0.213242
-0.109718
-0.124603
0.080485
0.402192
-0.363929
-1.66048
-10.0731
6.48597
-10.2289
5.03083
-0.877614
-4.24023
-3.15707
0.0474262
1.36388
0.714309
-6.79314
5.7487
-1.9033
0.284353
-0.930267
0.708383
-1.40711
-0.147215
-2.5
1.00112
-0.402771
-0.825354
-0.322326
-2.11459
-2.12858
-2.19647
-2.85251
-3.85113
-0.302996
-0.932831
-0.644358
-1.18438
3.60812
-0.961032
0.274012
-2.24834
-0.342174
-0.493889
-0.725889
0.321767
-1.28371
-0.0506303
-2.26136
0.685416
-5.24518
5.71715
5.85066
-4.64368
2.08906
-3.98232
-0.288247
4.03703
2.76179
-0.285017
2.1591
2.41544
-3.35453
3.85462
-3.10721
3.96878
-3.96717
3.21482
2.03367
-2.32416
-8.66819
5.26821
0.790429
-6.45311
-0.74514
-0.613053
0.321335
-0.720376
-2.73033
1.89122
3.41324
-0.534928
-0.794378
0.23267
-1.77075
-0.248344
4.95815
-9.01085
-7.37363
-2.08289
3.7981
-3.81079
7.13435
-6.65852
-6.34493
1.07702
4.45821
-5.41124
0.474455
-3.80818
-0.506802
0.237809
9.37631
-8.98659
6.57829
-6.87198
-1.07543
0.0987676
-3.57887
0.144374
