[-0.1430823327477242,
 -1.5133454584934327,
 0.26830038466515305,
 -0.8961461500748555,
 0.3944649843803063,
 0.06854139917115276,
 0.024919705556797567,
 -0.25646958086573335,
 0.42322410244526054,
 -0.223711108095074,
 -0.14176250141885074,
 0.11055716468929688,
 -0.865964571503298,
 0.01182606300039879,
 -0.8743296309029915,
 -1.3608132920411915,
 -0.5168594871568644,
 -2.023029553034746,
 0.7500099967212606,
 -0.9046972272572802,
 46.67493855559516,
 -0.0875847003676995,
 2.6320765238286867,
 0.2837808031992779,
 -2.990724978494427,
 -7.951117186934205,
 0.08314788982167443,
 0.4314360041619807,
 -0.07120147055089632,
 -0.6066223944448552,
 0.714824032639541,
 6.176728883615823,
 0.23644543003530316,
 0.3596294349918594,
 -0.9784780258016568,
 -0.024486631979328877,
 -0.18123081515682316,
 0.06521212820968003,
 -0.1833002586719985,
 -4.533346669378382,
 0.018987385199238815,
 -0.06349670779775352,
 0.5660373238322336,
 -0.09796485899104823,
 2.82445465017247,
 0.4285929739767482,
 -0.08903716891532554,
 0.11076082429019607,
 4.393967805225486,
 0.017477716438520474,
 2.849006771320603,
 4.222118572378292,
 -0.05127237212857714,
 -0.06151484629508275,
 -0.45951586011102563,
 -0.10326812723110379,
 0.08943493257071111,
 0.10458373631007589,
 -0.5907735230762228,
 1.6533534021267826,
 -0.06832039761647479,
 0.12473193889566403,
 -0.10350965361780595,
 0.1497045608761951,
 0.33387955809541836,
 0.12931691980367077,
 -1.441058721823893,
 2.3094712845813774,
 -0.1754441707025194,
 -0.06956880748668937,
 1.0838301173913791,
 -0.06166804593424047,
 0.13004720739960618,
 -12.34199671784448,
 0.1945754415553438,
 -0.27945684633991164,
 -0.15014840963038978,
 0.9556791498022292,
 -0.16394742465891818,
 -0.6911185505202866,
 -1.514554830451175,
 2.0897244667604866,
 -0.025831276003430048,
 0.0980662062064539,
 -0.7094486383491585,
 2.610959009336682,
 -0.5507963777875204,
 -0.581751958329022,
 -0.11584973433798496,
 0.06461233362625762,
 -0.023753706779928052,
 -2.6500831317697617,
 0.10317654859874459,
 -0.1949821488358765,
 -9.163742137277438,
 -0.16546787890655423,
 0.28424538125893584,
 -0.397199366078155,
 0.4189106186946141,
 -0.12232505036257635,
 0.3347134816672792,
 152.12068962228886,
 0.18239609757767283,
 2.383230495104087,
 -0.007649705354225489,
 -0.7242880193568055,
 0.19778532439570995,
 -0.3491086751900525,
 0.11844104491395058,
 -0.3886012559504479,
 -0.2262348125900644,
 0.9466042207764325,
 0.25712027824285144,
 -0.4109855389430237,
 0.5698667424041162,
 0.09935614968239292,
 0.20986236853184437,
 -2.888243614959265,
 -0.10398747657004037,
 0.3991192106474273,
 1.5418565326083922,
 1.4350174041508126,
 0.2118477776629195,
 8.904036021868677,
 0.7903537419830116,
 2.143252274547848,
 0.620631424434464,
 -0.0433184716193864,
 0.1629678805270487,
 -0.040716531357865904,
 0.23597642123436913,
 9.160659687420406,
 0.1276217401783697,
 2.3874829571056466,
 -0.022321010009022757,
 -0.8063329344722092,
 0.04369615008897654,
 -1.244981989676603,
 0.23679365091675209,
 -1.360053045755194,
 -0.18891114185575475,
 0.04156907885334249,
 -0.05048770803176694,
 1.7574470154206079,
 0.043703434708362465,
 0.32004682885431635,
 0.43397507711921435,
 -0.08496225694520376,
 0.6034156598132085,
 -0.16238919367038118,
 -0.27396630735194094,
 -0.18070631765311873,
 -0.33362072115966157,
 0.1840255014325578,
 0.07664502354384695,
 -0.024902840588595154,
 -0.1295642851678167,
 1.069175657831778,
 -0.14964979810520163,
 1.654173201488618,
 0.19828380378260135,
 0.7925353349623379,
 -4.033087608185156,
 0.4740987272288635,
 1.3668259506522986,
 -0.08872872880718319,
 -0.15885020997546917,
 -0.5500639659825026,
 0.34566460915914377,
 -0.5000777177410214,
 2.861535048879432,
 3.9657199817156084,
 1.2582618555920497,
 0.34286342567476424,
 -0.69709138165274,
 0.05018137926253985,
 -0.1298525283125116,
 3.9750956668988238,
 0.004701857362078954,
 -0.8705101805732625,
 0.4237077314076316,
 3.2490003946513184,
 -0.14520700096743155,
 -14.768723900331139,
 0.24403256865468848,
 6.113146514335995,
 -2.0357300833413134,
 0.13047112417754647,
 -0.1297554750044725,
 0.10896938589047522,
 -1.482056036967208,
 -1.1731529769708686,
 1.6075785745029236,
 -0.4769115624887519,
 -0.6246592921567071,
 0.6178144980761999,
 -0.42544818873102486,
 -0.032783160823953494,
 0.790653780941696,
 -4.314115686591549,
 -1.0211127495503547,
 0.3233485312141511,
 2.7509247393039686,
 -0.044990386322751874,
 0.49092519716271,
 -0.5949458914988384,
 -0.3579014557057292,
 3.078950895108534,
 0.037551356322317986,
 0.2898887198881397,
 -0.2630532911292107,
 -0.5983530614250299,
 0.6034662139340128,
 -0.12563077512191967,
 -0.24384142770293238,
 1.849199622445468,
 0.18460668614790166,
 0.1623636451468098,
 5.867822090119489,
 -0.5028624258143353,
 0.4691242309156678,
 -1.1024948638628516,
 -0.9394188664801746,
 0.1833945341356582,
 -0.01742291456565681,
 87.77201704700013,
 -0.10937862321890221,
 -0.026567216111970993,
 17.233246804742578,
 4.63417353396801,
 -0.029769316787735534,
 2.09836613309659,
 0.3130902453475528,
 -0.3382863711988193,
 -0.24202707813123325,
 -0.12786714552093623,
 3.3035854964501254,
 -0.7726253567832373,
 1.0379251851937,
 -0.16688530198840656]
