[229, 16, 16, 4]
0.0
0.0
0.0
0.0
0.0
0.0
0.0
0.0
0.0
0.0
0.0
0.0
0.0
0.0
0.0
0.0
0.0
0.0
0.0
0.0
0.0
0.0
0.0
0.0
0.0
0.0
0.0
0.0
0.0
0.0
0.0
0.0
0.0
0.0
0.0
0.0
0.0
0.0
0.0
0.0
0.0
0.0
0.0
0.0
0.0
0.0
0.0
0.0
0.0
0.0
0.0
0.0
0.0
0.0
0.0
-1.21425
0.0
0.0
0.0
0.0
0.0
0.0
0.0
0.0
0.0
0.0
0.0
0.00141
0.0
0.0
0.0
0.0
0.0
0.0
0.0
0.0
0.0
0.0
-2.39801
0.0
-0.208583
-0.0415818
-0.293172
-0.100209
0.0262451
0.164705
-0.214825
0.738794
-0.619838
0.258122
0.0709348
-0.154549
0.177428
0.180389
0.670394
0.440163
-0.190145
0.0158039
-0.303237
0.122572
-0.0150733
0.18835
-0.264214
0.708869
-0.700973
0.25346
0.236696
-0.113897
0.161844
0.223184
0.758479
0.465438
0.0140304
-0.245328
-0.18003
0.53433
-0.00989944
0.512147
-0.125986
0.470859
-1.24113
0.0919378
0.156189
-0.208126
0.326174
0.0827283
1.3178
0.475059
0.0
0.0
0.0
0.0
0.0
-0.67388
0.0
0.0
0.0
0.0
0.0
0.0
0.0
-0.269971
0.0
0.0
-0.116755
-0.437807
-0.13399
0.202483
0.195441
0.331757
0.0222778
0.473468
-1.23225
0.0159176
-0.0250742
-0.0423186
0.191245
-0.0879216
0.740281
0.378979
0.0
0.0
0.0
0.0
0.0
0.0
0.0
0.0
0.0
0.0
0.0
0.0
0.0
0.0
0.0
0.0
0.0
0.0
1.60598
0.0
0.0
0.0
0.0
0.0
0.0
0.0
0.0
0.0
0.0
0.0
0.0
0.0
0.0
0.0
0.0
0.0
0.0
0.0
0.0
0.0
0.0
1.45577
0.0
0.0
0.0
0.0
0.0
0.0
0.0
0.0
0.0
0.0
0.0
0.0
0.0
0.0
0.0
0.0
0.0
0.0
0.0
0.0
0.0
0.0
0.0
0.0
0.0
0.0
0.0
0.0
0.0
0.0
0.0
0.0
0.0
0.0
0.0
0.0
0.0
0.0
0.0
0.0
0.0
0.0
0.0
0.0
0.0
0.0
0.0
0.0
0.0
0.0
0.0
0.0
0.0
0.0
0.0
0.0
0.0
0.0
0.0
0.0
0.0
0.0
0.0
0.0
0.0
0.0
0.0
0.0
0.0
0.0
0.0
0.0
0.0
0.0
0.0
0.0
0.0
0.0
0.0
0.0
-0.620511
0.0
0.0
0.0
0.0
0.0
-0.05273
-0.000229911
-0.19865
0.108229
0.0493153
0.194785
-0.232557
0.741977
-0.376587
0.0451593
0.0740539
-0.077481
0.143872
0.102941
0.332836
0.505126
0.0
0.0
0.0
0.0
0.0
0.800408
0.0
0.0
0.0
0.0
0.0
0.0
0.0
0.0
0.0
0.0
0.0
0.220064
0.0
0.0
0.0
0.0
0.0
0.0
0.0
0.0
0.0
0.0
0.0
0.0
0.0
0.0
0.0
1.96342
0.0
0.0
0.0
0.0
0.0
0.0
0.0
0.0
0.0
0.0
0.0
0.0
0.0
0.0
0.0
0.84862
0.0
0.0
0.0
0.0
0.0
0.0
0.0
0.0
0.0
0.0
0.0
0.0
0.0
0.0
0.0
0.0
0.0
0.0
0.0
0.0
0.0
0.0
0.0
0.0
0.0
0.0
-0.235229
0.0
0.0
0.0
0.0
0.0
0.0
0.0
0.0
0.0
0.0
0.0
0.0
0.0
0.0
0.0
0.0
0.0
0.0
0.0
-0.0288786
-0.439714
-0.415669
-0.0110304
0.190031
0.326836
0.0353826
0.589251
-1.07089
-0.00920093
-0.0183797
0.0809817
0.0640784
-0.0233177
0.429475
0.373478
-0.0812604
-0.452929
-0.620689
-0.0720007
0.167745
0.341399
0.0581474
0.670675
-0.935744
0.0259592
-0.037717
0.106399
0.0252362
-0.00860565
0.25696
0.388214
0.698973
0.0
0.0
0.0
0.0
0.0
0.0
0.0
-0.347848
0.0
0.0
0.0
0.0
0.0
0.0
0.0
0.0
0.0
0.0
0.0
0.0
0.0
0.0
0.0
0.0
0.0
0.0
0.0
0.0
0.0
0.0
0.0
0.0
0.0
0.0
0.0
0.0
0.0
0.0
0.0
0.0
0.0
0.0
0.0
0.0
0.0
0.543007
0.0
0.0
0.0
0.0
0.0
0.0
0.0
0.0
0.0
0.0
0.0
0.0
0.0
0.0
-1.98504
-0.259947
0.0
0.0
0.0
0.0
0.0
0.0
0.0
0.0
0.0
0.0
0.0
0.0
0.0
0.531685
0.0
0.0
0.0
0.20172
-0.00234641
-0.241764
-0.177516
0.030872
0.259157
-0.104738
0.818919
-0.0354218
-0.00774845
-0.0417978
-0.0689322
0.172306
0.13637
0.157067
0.521746
0.0
0.0
0.0
0.0
0.0
0.0
0.0
0.0
0.0
0.0
0.0
-2.00063
0.0
0.0
0.0
0.0
0.0
0.0
0.0
0.0
0.0
1.23526
0.0
0.0
0.0
0.0
0.0
0.0
0.0
0.811907
0.0
1.80955
0.0
0.0
0.0
0.0
0.0
0.0
-0.0773629
0.0
0.0
0.0
0.0
0.0
0.0
0.0
0.0
0.0
0.0
-1.5902
0.0
0.0
0.0
0.0
0.0
0.0
0.0497181
0.0
0.0
0.0
0.0
0.0
0.0
0.0
0.0
-1.8154
0.0
0.0
0.0
0.0
0.0
0.0
0.0
0.0
0.0
0.0
0.0
0.0
0.0
0.0
0.0
0.0
0.0
0.0
0.0
0.0
0.146742
0.0
0.0
0.0
0.0
0.0
0.0
0.0
0.0
0.0
0.0
0.0
0.0
0.0
2.12572
0.0
0.0
0.0
0.0
-0.102561
0.0
0.0
0.0
0.0
0.0
0.0
0.0
0.0
0.0
0.0
0.0
0.0
0.0
0.0
0.0
0.0
0.0
0.0
0.0
-1.03154
-0.718002
0.0
0.0
0.0
0.0
0.0
0.0
0.0
0.0
0.0
0.0
0.0
0.0
0.0
0.0
0.0
0.0
0.0
-0.258326
-0.478346
-0.817439
-0.183901
0.166343
0.372583
0.12983
0.769244
-0.722
-0.039751
-0.0440147
0.160588
0.0181892
-0.0794065
0.0345447
0.402916
0.0
0.0
0.0
0.0
0.0
0.0
0.0
0.0
0.0
0.0
0.0
0.0
0.0
0.0
-0.270986
0.46498
0.0
0.0
0.0
0.0
0.0
0.0
0.0
0.0
0.0
-0.303643
0.0
0.0
0.0
0.0
0.0
0.0
0.0
0.0
0.0
0.0
0.0
0.0
0.0
0.0
0.0
0.0
0.0
0.0
0.0
0.0
0.0
0.0
0.0621571
0.0182735
-0.120264
0.241887
0.0664052
0.231238
-0.233911
0.759717
-0.165275
-0.119657
-0.0446173
-0.0646059
0.149577
0.0576159
0.134223
0.543949
0.0
0.0
0.0
0.0
0.0
0.0
0.0
0.0
0.0
0.0
0.0
0.0
0.0
0.0
0.0
0.0
0.0
0.0
0.0
0.0
0.0
0.0
-0.214307
0.0
0.0
0.0
0.0
0.0
0.0
0.0
0.0
0.0
0.0
0.0
0.0
0.0
0.0
0.0
0.0
0.0
0.0
0.0
0.0
0.0
0.0
0.0
0.0
0.0
0.0
0.0
0.0
0.0
0.0
0.0
0.0
0.0
0.0
0.0
0.0
0.0
-0.869025
-0.806548
0.0
-0.584104
0.0
0.0
0.0
0.0
0.0
0.0
0.0
0.0
0.0
0.0
0.0
0.0
0.0
0.0
0.0
0.0
-0.7684
0.0
0.0
0.0
0.0
0.0
0.0
0.0
0.0
0.0
-0.42687
-0.275747
0.0
0.0
0.0
0.0
0.0
0.0
0.0
0.0
0.0
0.0
0.0
0.0
0.0
0.0
0.0
0.0
0.0
0.0
0.0
0.0
0.0
0.0
0.0
1.34082
0.0
0.0
0.0
0.0
0.0
0.0
0.0
0.0
0.0
-0.237394
0.0
0.0
0.0
0.0
0.0
0.0
0.0
0.0
0.0
0.0
0.0
0.0
0.0
0.0
0.0
0.0
-1.37291
0.0
1.11743
0.0
0.0
0.0
0.0
0.0
0.0
0.0
0.0
0.0
0.0
0.0
0.0
0.0
0.0
0.0
0.0
0.0
0.0
0.0
0.0
0.0
0.0
0.0
0.0
0.0
0.0
0.0
-2.63045
0.0
0.0
0.0
-0.462085
-0.515379
-0.964004
-0.180268
0.141441
0.389971
0.169338
0.830984
-0.601691
-0.0252851
-0.0852843
0.148959
0.0303951
-0.0878528
-0.0525196
0.411916
0.0
0.0
0.0
0.600487
0.0
0.0
0.0
0.0
0.0
0.546298
0.0
0.0
0.0
0.0
0.0
0.0
0.0
0.0
0.0
0.0
0.589615
0.0
-0.0997714
1.12313
0.0
0.0
0.0
0.0
0.0
-0.715232
0.0
0.0
-0.0266879
0.0322442
-0.129647
0.309832
0.0698466
0.218721
-0.246837
0.758421
-0.172343
-0.0614018
-0.0385221
-0.0692961
0.136987
0.0543374
0.118149
0.536933
0.0
0.0
0.0
0.0
0.0
0.0
0.0
0.0
0.0
0.0
-0.136325
0.0
0.0
0.0
0.0
0.0
0.0
0.0
0.0
0.0
0.0
0.0
0.0
0.0
-0.175046
0.0
0.0
0.0
0.0
0.0
0.0
-0.156781
0.0
0.0
1.48369
0.276308
0.0
0.0
0.0
0.0
0.0
0.0
0.0
0.0
0.0
0.0
0.0
0.0
-0.31676
0.0
0.0
0.0
0.0
0.0
0.0
0.0
0.0
0.0
0.0
0.0
0.0
0.0
0.0
0.0
0.0
0.0
0.0
0.0
0.0
0.0
0.0
0.0
0.0
0.0
0.0
0.0
0.0
0.0
0.0
0.0
0.0
0.0
0.0
0.0
0.0
0.0
0.0
0.0
0.0
0.0
0.0
0.0
0.0
0.0
0.0
0.0
0.0
0.0
0.0
0.0
0.199913
0.0
0.0
0.0
0.0
0.0
0.0
0.0
0.0
1.02692
0.0
0.0
0.0
0.0
0.0
0.0
0.0
0.0
0.0
0.0
0.0
0.0
0.0
0.0
0.0
0.0
0.0
0.0
0.0
0.0
-0.594046
0.0
0.0
0.0
0.0
0.0
-0.344071
0.0
0.0
0.0
0.0
0.0
0.0
0.0
-0.959239
0.0
0.0
0.0
0.0
0.0
0.0
0.0
0.0
0.0
0.0
0.0
0.0
0.0
0.0
0.0
-0.71222
0.0
0.0
0.0
0.0
0.0
0.0
0.387048
0.0
0.0
0.0
0.0
0.0
0.0
0.0
0.0
0.945918
-1.08383
-0.434905
-0.326732
0.171828
0.543435
0.288395
0.778883
-0.603878
0.207502
-0.320862
-0.417503
0.700535
-0.378712
0.388102
0.417708
0.0
0.0
0.0
0.0
0.0
0.0
0.0
0.0
0.0
0.0
0.0
1.10535
0.0
0.0
0.0
0.0
-0.041023
0.0251359
-0.0959953
0.54178
0.0791808
0.197345
-0.247559
0.783986
-0.0400622
-0.144904
-0.103633
-0.0411143
0.124253
0.0237385
-0.0474917
0.542714
0.0
0.0
0.0
0.0
0.0
0.0
0.0
0.0
0.0
0.0
0.0
0.0
0.0
0.0
0.0
0.0
0.0
0.0
0.0
0.0
0.0
0.0
0.0
0.0
-1.17497
0.0
0.805991
0.0
0.0
0.0
0.0
0.0
0.0
0.0
0.0
0.0
0.52007
0.0
0.0
0.0
0.0
0.0
0.0
0.0
0.0
0.0
0.0
0.794784
0.0
0.0
0.0
0.0
0.0
0.0
0.0
-0.873567
0.0
0.0
0.0
0.0
0.0
0.0
0.0
0.0
0.0
0.0
0.0
0.0
0.0
0.0
0.0
0.0
0.0
0.0
0.0
0.0
0.0
0.0
0.0
0.0
0.0
0.0
0.0
0.0
0.0
0.0
0.0
0.0
0.0
0.0
0.0
0.836427
0.0
0.0
0.0
0.0
0.0
0.0
0.0
0.0
-0.27701
0.0
0.0
0.0
0.0
0.0
0.0
0.0
0.0
0.0
0.0
0.0
0.0
0.0
0.0
0.0
0.0
0.0
0.0
0.0
0.0
0.0
0.0
0.0
0.0
0.0
0.0
0.0
0.0
0.0
0.0
0.0
0.0
0.0
-0.324433
0.0
0.0
0.0
0.0
0.0
0.0
0.0
0.0
0.0
0.0
0.0
0.0
0.0
0.0
0.0
0.0
0.0
0.0
0.0
0.0
0.0
-1.02043
0.0
0.0848076
0.0
0.0
0.0
0.0
0.0
0.0
0.0
0.0
0.0
0.0
0.0
0.0
0.0
0.0
0.0
0.0
0.0
0.0
-0.385049
0.0
0.0
0.0
0.0
0.273882
0.0
0.0
0.0
0.0
0.0
0.0
0.0
0.0
0.0
0.0
0.0
0.0
-1.47186
0.0
0.0
0.0
0.0
-0.639376
0.0
0.0
0.0
0.0
-1.29249
0.0
0.0
0.0
0.0
0.0
0.0
0.0
0.0
0.0
-0.22458
0.0
0.0
1.10787
0.0
0.0
0.0
0.0
0.0
-0.319054
0.0
0.0
0.0
0.0
0.0
0.0
0.0
0.0
0.0
0.0
0.0
0.0
0.0
1.59678
0.0
0.0
0.0
0.0
0.0
0.0
0.0
0.0
0.0
0.0
0.0
0.0
0.0
0.0
0.0
0.0
0.0
-0.354675
0.0
0.0
0.0
0.164206
0.0
0.0
0.0
0.0
0.0
0.0
0.0
0.0
0.0
0.0
-1.37952
0.53112
0.0
0.0
0.0
0.0
0.0
0.0
0.0
0.0
0.0
0.0
0.0
0.0
0.0
0.0
-1.80984
0.0
0.0
0.0
0.0
0.0
0.0
0.0
0.0
0.0
0.0
-0.585378
0.0
0.0
0.0
0.0
0.0
0.546474
0.0
0.0
0.0
0.0
0.0
0.0
0.0
0.0
0.0
0.0
0.0
0.0
0.0
0.0
0.0
0.0
0.0
-1.31308
0.0
0.0
0.0
0.0
0.0
0.0
0.0
0.0
0.0
0.0
0.0
0.0
0.0
0.0
0.0
0.0
0.0
0.0
0.0
0.0
0.0
0.0
0.0
0.0
0.0
0.0
0.0
0.0
0.0
0.0
0.0
0.0
0.0
0.0
0.0
0.0
0.0
0.0
2.2076
0.0
0.0
0.0
0.0
0.0
0.0
0.0
0.0
0.0
0.0
0.0
0.0
0.0
0.0
0.0
0.0
0.0
0.0
0.0
0.0
0.0
0.0
0.0
0.0
0.0
0.0
0.0
0.0
0.0
0.0898452
0.0
0.0
0.0
0.0
0.0
0.0
0.0
0.0
0.0
0.0
0.0
0.0
0.0
0.0
0.0
0.0
0.0
0.0
0.0
0.0
-0.0814665
0.0
0.0
0.0
0.0
0.0
0.0
0.0
0.0
0.0
0.0
0.0
0.0
0.0
0.0
0.0
0.0
0.0
0.0
0.0
0.0
0.0
0.0
0.0
0.0
0.0
0.0
0.0
0.0
0.0
0.0
0.0
0.0
0.0
0.0
0.0
-0.528005
-0.617026
-1.01636
0.0769573
0.189663
0.491812
0.197922
0.845281
-0.616132
0.184944
-0.29128
-0.0296871
0.145205
-0.201851
0.0632715
0.385468
-0.130878
0.0788232
-0.0806976
0.743711
0.0210402
0.155962
-0.40225
0.837081
0.191585
-0.13754
-0.286973
-0.204656
0.203557
0.106912
-0.0133938
0.514934
0.0
0.0
0.0
0.0
0.0
0.0
0.0
0.0
0.0
0.0
0.0
0.0
0.0
2.5273
0.0
0.0
0.0
0.0
0.0
0.0
0.0
0.0
0.0
0.0
0.0
0.0
0.0
0.0
0.0
0.0
0.0
0.0
0.0
0.0
0.0
0.0
0.0
0.0
0.0
0.0
0.0
0.0
0.0
0.0
0.0
0.0
0.0
0.0
0.0
0.0
0.0
0.0
0.0
0.0
0.0
0.0
0.0
0.0
-0.828294
0.0
0.0
0.0
0.0
0.0
0.253426
0.0
0.0
0.0
0.0
0.0
0.0
0.0
0.0
0.0
0.0
0.0
0.0
0.0
0.0
0.0
0.0
0.0
0.0
0.0
0.0
0.836396
0.0
0.0
0.0
0.0
0.0
0.0
0.0
0.0
0.0
0.0
0.0
0.0
0.0
0.0
0.0
0.0
0.0
0.0
0.0
0.0
0.0
0.0
0.0
0.0
0.0
0.0
0.0
0.0
0.0
0.0
0.0
0.0
0.0
0.0
0.0
0.0
0.0
0.0
0.0
0.0
0.0
0.0
0.0
0.0
0.0
0.0
0.0
0.0
0.0
0.0
0.0
0.0
0.0
0.0
0.0
0.0
0.0
0.0
0.0
0.0
0.0
0.0
-0.635161
0.0
0.0
0.0
0.0
0.0
0.0
0.0
0.0
0.0
0.0
0.0
0.0
0.340724
0.0
0.0
0.0
0.0
0.0
-1.81595
0.0
0.0
0.0
0.0
0.0
0.0
0.0
0.0
0.0
0.0
0.0
0.0
0.0
0.0
0.0
0.0
0.0
0.0
0.0
-0.0469323
0.0
0.0
0.0
0.0
0.0
0.0
0.0
0.0
0.0
0.0
-0.236642
0.0
0.936739
0.0
0.0
0.0
0.0
0.0
0.0
0.0
-1.07439
-0.824764
-0.751682
0.134617
0.196237
0.429677
0.306251
0.821076
-0.831533
0.257673
-0.57824
-0.17238
0.246857
-0.176969
0.181538
0.445638
-0.177314
0.131319
0.0445479
0.568033
0.0393999
0.186384
-0.348704
0.751352
0.121383
-0.119162
-0.245383
-0.19483
0.191537
0.116679
0.0365766
0.557405
0.0
0.481759
0.0
0.0
0.824455
0.0
0.0
0.0
0.0
0.0
0.0
0.0
0.0
0.0
0.0
0.0
0.0
0.0
1.2266
0.0
0.0
0.0
0.0
0.0
0.0
0.0
0.0
0.0
0.0
0.0
-1.66534
0.0
0.0
0.0
0.0
0.0
0.0
0.0
0.0
-0.638212
0.0
0.0
0.0
0.0
0.0
0.0
0.0
0.0
-2.18824
0.0
0.0
0.0
0.0
0.0
0.0
0.0
0.0
0.0
0.0
0.0
0.0
0.0
0.0
0.0
0.0
0.0
0.0
0.0
0.0
0.0
0.0
0.0
0.0459572
0.0
0.0
0.0
0.52058
0.0
0.0
0.0
0.0
0.0
0.0
0.0
0.0
0.0
0.0
0.0
0.0
0.0
0.0
0.0
0.0
0.0
0.0
0.0
0.0
0.0
0.0
0.0
0.0
0.0
0.0
0.0
0.0
0.0
0.0
0.0
0.0
0.0
0.0
0.0
0.0
0.0
0.0
0.0
0.0
0.0
0.0
0.0
0.0
0.501702
0.0
0.0
0.0
0.0
0.0
0.0
0.0
0.0
0.0
0.0
0.0
0.0
0.0
0.0
0.0
0.0
0.0
0.458596
0.0
0.0
0.0
0.0
0.0
0.0
0.0
0.0
0.0
0.0
0.0
0.0
0.0
0.0
0.0
0.0
0.0
0.0
0.0
0.0
0.0
0.0
0.0
0.0
0.0
0.0
0.0
0.0
0.0
0.0
1.05004
0.0
0.0
0.0
0.0
0.0
0.0
0.0
0.0
0.0
0.0
0.0
0.0
0.0
0.0
0.0
0.0
0.0
0.0
0.0
-0.238839
0.0
0.0
0.0
0.0
0.0
0.0
0.0
0.0
0.0
0.0
0.0
0.0
-1.27837
0.0
0.0
0.0
0.0
0.0
0.0
0.0
0.0
0.0
0.0
0.0
0.0
0.0
0.0
0.0
0.0
0.0
0.0
0.0
0.0
-0.301696
0.127222
0.0251925
0.489173
0.0101764
0.19933
-0.324407
0.777155
0.22622
-0.0864624
-0.202408
-0.217088
0.235869
0.113275
0.0570209
0.541122
0.0
0.0
0.0
0.0
0.0
0.0
0.0
0.0
0.0
0.0
0.0
0.0
0.0
0.0
0.0
0.0
0.0
0.0
0.0
0.0
0.0
0.0
0.0
0.0
0.0
0.0
0.0
0.0
0.0
0.0
0.0
0.0
0.0
0.0
0.0
0.0
0.0
-0.986736
0.0
0.0
0.0
-0.356432
0.0
0.0
0.0
0.0
0.0
0.0
0.0
0.0
0.0
0.0
0.0
0.0
0.0
0.0
0.0
0.0
0.0
0.0
0.0
0.0
0.0
0.0
0.0
0.0
0.0
0.0
0.0
0.0
0.0
0.0
0.0
0.0
0.0
0.0
0.0
0.0
0.0
0.0
0.0
1.26325
0.0
0.0
0.0
0.0
0.0
0.0
0.0
0.0
0.0
0.0
0.0
0.0
0.0
0.551144
0.0
0.0
0.0
1.2918
0.0
-0.0473265
0.0
0.0
0.0
0.245972
0.0
0.0
0.0
0.0
0.0
0.0
0.0
0.0
0.0
0.0
0.0
-0.352685
0.0
0.0
0.0
0.0
0.0
0.0
0.0
0.0
-1.60816
0.0
0.0
0.0
0.0
0.0
0.0
0.0
0.0
0.0
0.0
0.0
0.0
0.0
1.28319
0.0
0.0
0.0
0.0
0.0
0.0
0.0
-0.730354
0.0
0.0
0.0
0.0
0.0
0.0
0.0
0.0
0.0
0.0
0.0
0.0
0.0
0.0
0.0
0.0
0.0
0.0
0.0
0.0
0.0
0.0
0.0
0.0
0.0
0.0
0.0
0.0
-0.0952036
0.0
0.0
0.0
0.0
0.0
0.0
0.0
0.0
0.0
0.0
0.0
0.0
0.0
0.0
0.0
0.0
0.0
0.0
0.0
0.0
0.0
0.0
0.0
-2.05387
0.0
0.0
0.0
0.0
0.0
0.0
-0.945892
-0.840014
-0.947824
0.0110433
0.150267
0.43621
0.279184
0.859689
-0.856881
0.228266
-0.490091
-0.15019
0.261444
-0.106544
0.309678
0.428392
0.0
0.0
0.614549
0.0
-0.393068
0.0
0.0
0.0
0.0
0.0
0.0
0.0
0.0
0.0
0.0
-1.36756
-0.0462291
0.0436224
-0.35884
0.109707
0.110843
0.276866
-0.0587136
0.842598
0.111488
-0.238198
-0.121444
0.280171
-0.10282
0.0782997
-0.526574
0.54407
0.0
0.0
0.0
0.0
0.0
0.0
0.0
0.0
0.0
0.0
0.0
0.0
0.0
0.0
0.0
0.0
1.1713
0.0
0.0
0.0
0.0
0.0
0.0
0.0
0.0
0.0
0.0
0.0
0.0
0.0
0.0
0.0
0.0
0.0
0.0
0.716967
0.0
0.0
0.0
0.0
0.0
0.0
0.0
0.0
0.0
0.0
0.0
0.0
0.0
0.0
0.0
0.0
0.0
0.0
0.0
0.0
0.0
0.0
0.0
0.0
0.0
0.0
0.0
0.212583
0.0
0.0
0.0
0.0
0.0
0.0
0.0
0.0
0.0
0.0
0.0
0.0
0.0
0.0
0.0
0.0
0.0
0.0
0.0
0.0
0.0
0.0
0.0
0.0
0.0
0.0
0.9774
0.0
0.0
0.0
0.0
0.0
0.0
0.0
-0.294774
0.0
0.0
0.0
-0.635968
0.0
0.0
0.0
0.0
0.0
0.0
0.0
0.0
0.0
0.0
0.0
0.0
0.0
0.0
0.0
0.0
0.0
0.0
0.0
0.0
0.0
0.0
0.0
0.0
0.0
0.0
0.0
0.0
0.0
0.0
0.0
0.0
0.0
0.0
0.0
0.0
0.0
0.0
0.0
0.0
0.0
0.0
0.0
0.0
0.0
0.0
0.0
0.0
0.0
0.0
0.0
1.30993
0.0
0.0
0.915047
0.0
0.0
0.0
0.0
0.0
0.0
0.0
0.0
0.0
-0.784714
0.0
0.186174
0.0
0.0
0.0
0.0
0.0
0.0
0.0
0.0
0.0
0.0
0.0
0.0
0.0
0.0
0.0
0.0
0.0
0.0
0.0
0.0
0.0
-0.0682435
0.0
0.0
0.0
0.0
0.0
0.0
0.0
0.0
0.0
0.0
0.0
0.0
0.0
0.0
0.0
0.0
0.0
0.0
0.0
0.0
0.0
0.0
0.0
0.0
-0.158231
0.0
0.0
0.0
0.0
0.0
0.0
0.0
0.0
0.0
0.0
0.0
0.0
0.268511
-0.224077
0.0
0.0
0.0
0.0
0.0
0.0
0.0
0.0
0.0
-0.0648062
0.0574702
-0.43337
0.0568131
0.0945326
0.270636
-0.0740141
0.86323
0.0950507
-0.21467
-0.0906589
0.296282
-0.118105
0.113257
-0.49907
0.536289
0.0
0.0
0.0
0.0
0.0
0.0
-1.0643
0.0
0.0
0.0
0.0
0.0
0.0
0.0
0.0
0.0
0.0
0.0
0.0
0.0
0.0
0.0
0.0
-3.67743
0.0
0.0
0.702645
0.0
0.0
0.0
0.0
0.0
0.0
0.0
0.0
0.0
0.0
0.0
0.0
0.0
0.0
0.0
0.0
0.0
0.0
0.0
0.0
0.0
0.0
0.0
0.0
0.0
0.0
0.0
0.0
0.0
0.0
0.0
0.0
0.0
0.0
0.0
0.0
0.0
0.0
0.0
0.0
0.0
0.0
0.0
0.0
0.0
0.0
0.0
1.31723
0.0
0.0
0.0
0.0
0.0
0.0
0.0
0.0
0.0
0.0
0.0
0.0
0.0
0.0
0.0
0.0
0.0
0.0
0.0
0.0
0.0
0.0
0.0
0.0
-2.11594
0.0
0.0
0.0
0.0
0.0
0.0
0.0
3.00853
0.0
0.0
0.0
0.0
0.0
0.0
0.0
0.0
0.625053
0.0
0.0
0.0
0.0
0.0
0.0
0.0
0.0
0.0
-0.0558002
0.0
0.0
0.0
0.0
0.0
0.0
0.0
0.0
0.0
0.0
0.0
0.0
0.0
0.0
0.0
0.0
0.0
0.0
0.0
0.0
0.0
0.0
0.0
0.0
0.0
0.0
0.0
0.0
0.0
0.0
0.0
0.0
0.0
0.494791
-0.0482294
-0.293046
0.201462
0.344224
0.476113
0.194302
0.677423
0.0142729
-0.0591059
-0.198857
0.315159
-0.128972
-0.256009
-0.744658
0.454878
0.0
0.0
0.0
0.0
0.0
0.0
-0.913952
0.0
0.0
0.0
0.0
0.0
0.0
0.0
0.0
0.0
0.0
0.0
0.0
0.0
0.0
0.0
0.0
0.0
0.0
0.0
0.0
0.0
0.0
0.0
0.0
0.0
0.0
0.0
0.0
0.0
0.0
0.0
0.123542
0.0
0.0
0.0
0.0
0.0
0.0
0.0
0.0
0.0
0.0
0.0
0.0
0.0
0.301029
0.0
0.0
0.0
0.0
0.0
0.0
0.0
0.0
0.192896
0.0
0.0
-0.171994
0.0494319
-0.473402
0.10348
0.0856306
0.254984
-0.0602667
0.853208
0.06183
-0.0965913
-0.0769601
0.293097
-0.145754
0.126535
-0.521738
0.523405
0.0
0.0
0.0
0.0
0.0
0.0
0.0
0.0
0.772938
0.0
0.0
0.0
0.0
0.0
0.0
0.0
0.0
0.0
0.0
0.7791
0.0
0.0
0.446763
0.206143
0.0
0.0
0.0
0.0
0.0
0.0
0.0
0.0
0.0
0.0
0.0
0.0
0.0
0.613249
0.0
0.0
0.0
0.0
0.0
0.0
0.0
0.0
0.0
0.0
0.0
0.0
0.0
0.0
0.0
0.0
0.0
0.0
0.0
0.0
0.0
0.0
0.0
0.0
0.0
0.0
0.0
0.0
0.0
0.0
0.0
0.0
0.0
0.0
0.0
0.0
0.0
0.0
0.0
0.0
0.0
0.0
0.0
0.0
-0.242002
0.0
0.0
0.0
0.0
0.0
0.0
0.0
0.0
0.0
0.0
0.0
0.0
0.0
0.0
-0.18733
0.0
0.0
0.0
0.0
0.0
0.0613739
0.0
0.0
0.0
0.0
-0.38618
0.0
0.0
0.0
0.0
0.0
0.0
0.0
0.0
-0.408756
0.0
0.0
0.0
0.0
-0.979342
0.0
0.0
0.0
0.0
0.0
0.32251
-0.0176681
-0.316148
-0.170971
0.278588
0.419745
0.170807
0.68419
-0.0610134
-0.094385
-0.123152
0.346451
-0.160375
-0.14292
-0.645447
0.471967
0.0
0.0
0.0
0.0
0.0
0.0
0.0
0.0
0.360067
0.0
0.0
0.0
0.0
0.0
0.0
0.0
0.0
0.0
0.0
0.0
0.0
0.0
0.0
0.0
0.0
0.0
0.0
0.0
0.0
0.0
0.0
0.0
0.0
0.0
0.0
0.0
0.0
0.0
0.0
-1.13494
0.0
0.0
0.0
0.0
0.0
0.0
0.0
0.0
0.0
0.0
0.0
-1.28819
0.0
0.0
0.0
0.0
0.0
0.0
0.0
0.0
0.0
0.0
0.0
0.732458
0.0
0.0
0.0
0.0
0.0
0.0
0.0
0.0
0.0
0.0
0.0
0.0
0.0
0.0
0.0
0.0
0.0
0.0
0.0
0.0
0.0
0.0
0.0
0.706309
0.0
0.0
0.806264
0.0
-0.226487
0.0
0.0
0.0
-0.0591895
0.058173
-0.421602
0.067243
0.112848
0.310706
-0.0390886
0.812065
0.0354144
-0.12369
-0.0910626
0.288014
-0.142734
0.0869115
-0.515512
0.534132
0.0
0.0
0.0
0.0
0.0
0.0
0.0
0.0
0.0
0.0
0.0
0.0
0.0
0.0
0.0
0.0
0.0
0.0
0.0
0.0
0.0
0.0
0.0
0.0
0.0
0.0
0.0
0.0
0.0
0.0
0.0
0.0
0.0
0.0
0.0
0.0
0.0
0.0
0.0
0.0
0.0
0.0
0.0
0.0
0.0
0.0
0.0
0.0
0.0
0.0
0.0
-0.173822
0.0
0.0
0.0
0.0
0.0
0.0
0.0
0.0
0.0
0.0
0.0
0.0
0.0
0.0
0.0
0.0
0.0
0.599908
0.0
0.0
0.0
0.0
0.0
0.0
0.0
0.0
0.0
0.0
-0.00441778
0.0520789
-0.342507
-0.313681
0.210173
0.38093
0.114673
0.681324
-0.107673
0.0311959
-0.0976846
0.318991
-0.204618
-0.009467
-0.57863
0.502565
0.255611
0.0254868
-0.388661
-0.393842
0.22681
0.412793
0.114867
0.711492
-0.0388188
-0.00246477
-0.12086
0.32456
-0.180946
-0.0743095
-0.629796
0.485363
0.0
0.0
1.19467
0.0
0.0
0.0
0.0
0.0
0.0
0.0
0.0
0.0
0.0
0.0
0.0
0.0
0.0
0.0
0.0
0.0
0.0
0.0
0.0
0.0
0.0
0.0
0.0
1.38752
0.0
0.0
0.0
0.0
0.0
0.0
-0.238457
0.0
0.0
1.04352
0.0
0.0
0.0
0.0
0.0
0.0
0.0
0.0
0.0
0.0
0.0
0.0
0.0
0.0
0.0
0.0
0.0
0.0
0.0
0.0
0.0
0.0
0.20436
0.0
0.0
0.0
0.0
0.0
0.0
0.0
0.0
0.0
1.33414
0.0
0.0
0.0
0.0
-0.904966
0.0
0.0
0.0
0.0
0.132693
0.0
-0.0577706
0.0
0.0
0.0
0.0
0.0
0.17617
-0.467059
0.0
0.0
0.0
0.0
0.0
0.0
0.0
0.0
1.3511
0.0
0.0
0.0
0.0
0.0
0.0
0.0
0.0
0.0
0.0
0.0
0.0
0.0
0.0
0.0
-0.115839
0.0
0.0
0.0
0.0
0.0
0.0
0.0
0.0
0.0
0.0
0.0
0.0
0.0
-0.00894878
0.0696127
-0.428615
-0.0190778
0.11856
0.341568
-0.0308954
0.791246
0.0109515
-0.0985523
-0.0893289
0.288729
-0.155981
0.0852411
-0.514032
0.537857
-0.0439043
0.0736063
-0.410239
-0.0782396
0.128059
0.338072
-0.0123953
0.745572
-0.0983726
-0.0322146
-0.0696556
0.281226
-0.179706
0.110803
-0.459975
0.537323
0.0
0.0
0.0
0.0
0.0
0.0
0.0
0.0
0.0
0.0
0.0
0.0
0.0
0.0
0.0
0.0
-0.0937926
0.0805781
-0.489194
-0.188003
0.128033
0.360193
0.0136945
0.733302
-0.123547
0.0669886
-0.0620491
0.293015
-0.218173
0.120939
-0.500218
0.527976
-0.0369091
0.0724219
-0.495824
-0.297281
0.158215
0.400518
0.0532481
0.739323
-0.0335922
0.115067
-0.0998866
0.293227
-0.209617
0.0271721
-0.605233
0.506668
0.0
0.0
0.363965
0.0
0.0
0.0
0.0
0.0
0.0
0.0
0.0
0.0
0.0
0.0
0.0
0.0
0.0
0.0
0.0
1.06647
0.988974
0.0
0.0
0.0
0.0
0.0
0.0
0.0
0.0
0.00648542
0.0
0.0
0.0
0.232845
0.0
0.0
0.0
0.0
0.0
0.0
0.0
0.0
0.0
0.0
0.0
0.0
0.0
0.0
0.0
-0.844786
0.0
0.0
0.0
0.0
0.0
0.0
1.1447
0.0
0.0
0.0
0.0
0.0
0.0
0.0
0.0
0.0
0.0
0.0
0.0
0.0
0.0
0.0
0.0
-0.575768
0.0
0.0
0.0
0.0
-0.210388
0.0
3.64943
0.253605
-3.16211
0.339127
-0.422581
3.38839
1.90463
0.477179
0.436847
2.59422
0.267037
0.796342
0.624298
-1.06392
0.545586
4.03244
-3.29971
-1.04716
1.99048
0.0211517
1.08645
-3.78824
-2.24481
-1.05397
0.388712
-1.93619
0.0322666
-0.277122
-1.337
1.8771
-0.381348
-3.6165
1.78503
0.239474
0.629272
-2.2945
0.439082
2.62061
1.04149
-2.8176
0.398167
1.90257
1.21125
-1.02546
-1.32205
-1.20613
1.05278
-3.88056
0.245311
1.19761
2.78929
1.03678
0.151327
-0.94941
-1.52886
1.58188
-0.130707
2.54488
-0.303939
-0.750092
-0.77022
-0.136994
0.39275
2.54303
0.349328
-0.794291
-1.17107
0.360178
1.28457
-0.39908
-0.340173
-0.574803
0.824992
0.658095
-0.139636
-0.299206
0.0279309
0.813097
0.164373
-0.452167
2.15922
0.794273
-0.439369
-0.213037
-0.64567
-2.30415
0.41141
0.206855
-1.23961
-0.68205
1.07809
-3.39958
-0.351015
0.472538
-0.708742
-1.99809
0.843027
1.31872
1.17062
-0.424406
-1.78374
-0.57427
-0.164565
-1.22083
-1.62915
-0.25766
0.321327
-1.21955
3.39331
-0.0187999
0.116802
-0.536257
2.09842
1.06297
1.33638
-0.0530586
-1.61932
1.18551
-0.365171
2.59485
-1.60285
-0.488906
1.33835
-1.70713
1.39473
0.746743
-2.0935
-0.277461
2.2425
-2.37267
-3.59812
0.0958188
2.69004
-0.163803
1.3549
0.240744
0.612146
-0.0916369
0.796321
0.714788
-2.26166
2.88639
-2.59295
1.92505
0.185745
0.206856
1.633
2.83333
3.5073
-2.01531
0.716462
-1.4635
1.09718
-0.16897
0.552504
1.19079
-2.21643
1.24556
2.55377
1.36166
-0.12732
0.765644
2.00306
2.12576
0.1322
1.47095
0.600474
3.28288
-1.20365
-0.147762
-0.368807
-0.0571103
1.26888
-1.82309
-0.63724
2.59044
1.86841
2.04519
2.50111
2.21056
-3.2546
2.24287
1.07314
-1.29717
-1.4673
-0.417386
0.548012
-1.468
1.66626
2.53463
-1.88902
-1.25813
2.47879
2.50509
2.2847
-0.348456
-1.04325
0.270303
3.03355
3.26005
-1.74032
-1.36013
2.00517
-2.00188
1.50111
1.25505
-1.71176
2.49815
0.241415
-0.244441
-0.514349
0.329709
0.887843
-0.111102
-3.08921
-2.40779
-1.53577
-0.155014
-0.163973
1.30275
-2.82993
-0.352615
0.936567
-0.640289
-0.908073
1.92295
0.486353
-0.021225
0.626286
-0.305936
-1.10667
1.6192
1.07709
1.90495
0.939502
1.46262
1.3159
-1.48341
1.01938
2.18507
0.980668
-0.711457
0.788786
0.189012
-0.103923
-0.336837
2.26438
-0.19743
3.12413
-3.50855
2.01725
-1.30379
-2.59048
1.49315
-0.887385
-3.31593
-3.56126
0.419692
0.450078
0.0491055
0.901379
0.396698
-1.08793
0.156608
-1.06166
1.8066
-4.33249
2.99843
-0.230281
1.07517
1.18172
0.277897
-2.82129
1.59891
0.280355
-0.563295
0.469588
-2.19088
-0.711168
0.144986
-2.18395
-3.68241
3.66957
-4.23592
4.05337
-2.90046
-0.266085
-1.78845
-2.79663
1.72229
0.352573
-0.148162
0.54109
1.34979
-0.798821
0.646448
-0.153684
-1.63234
0.975054
-1.67491
2.94027
-2.81792
2.98606
-0.578269
-3.7899
0.883149
0.497279
0.102046
0.537032
-0.247204
0.528857
-0.772744
0.877784
0.0864853
-0.848009
2.03982
-3.57197
-3.99328
-2.08609
0.749878
-0.864509
-3.25519
-2.99316
2.17886
-0.326378
-0.473283
-2.38662
-1.29986
1.87438
1.37242
-1.25323
3.09821
-0.663501
0.287745
2.41142
-0.0901343
-0.225305
0.066666
-0.805423
0.258289
-0.81158
0.305272
-1.53994
-1.14058
0.321278
0.638747
-0.506381
-0.0534527
0.100516
0.0175411
-2.60928
1.38016
5.09905
-4.58229
-8.05308
0.49016
-0.295773
-6.73422
4.48186
-6.49516
4.20559
-0.658524
3.62196
1.67144
-3.29261
-0.57976
-2.40927
-0.758633
-3.06249
0.240359
0.766198
0.37194
-4.70797
-4.09467
-2.53319
-3.66432
2.853
-2.60817
-5.46339
-0.23115
1.97874
-1.51042
-4.38903
-0.474604
-1.80894
3.06095
-3.2131
0.564283
-1.25889
3.20654
-1.90457
-3.36134
-0.383088
1.91753
-0.962541
1.48346
-4.62319
0.92569
7.4287
-7.28083
-3.33257
-5.34286
13.0879
-9.36868
1.56954
0.316043
-2.79851
4.09406
-3.33537
-0.563111
1.10364
-2.96977
-3.82396
0.0707
-4.36882
-3.26657
-1.76482
-0.460932
-1.86909
-1.00368
