[293, 16, 16, 4]
0.0
0.0
0.0
0.0
0.0
0.0
0.0
0.0
0.0
0.0
0.0
0.0
0.0
0.0
0.0
0.0
0.0
0.0
0.0
0.0
0.0
0.0
0.0
0.932516
0.0
0.0
0.0
0.0
0.0
0.0
0.0
0.0
0.0
0.0
0.0
0.0
0.0
0.0
0.0
0.0
0.0
0.0
0.0
0.0
0.0
0.0
0.0
-0.70079
0.0
0.0
0.0
0.0
0.0
0.0
0.0
0.0
0.0
0.0
-0.0006525
0.0
0.0
0.0
0.0
0.0
0.0
0.0
0.0
0.0
0.0
0.0
0.0
0.0
0.0
0.0
0.0
0.0
0.0
-0.329904
0.0
0.0
0.0
0.0
0.0
0.0
0.0
0.0
0.0
0.0
0.0
0.0
0.0
0.0
0.0
0.0
0.0
0.0
0.374415
-1.54082
1.45179
-0.550986
0.534718
2.09182
-0.634066
-1.46722
2.03595
1.13783
0.342889
-0.162543
0.351592
-1.74881
1.45215
0.92121
0.0
0.0
0.0
0.0
0.0
-0.95221
0.0
0.0
-0.42493
0.0
0.0
0.0
0.0
0.0
0.0
0.0
0.269729
-2.42383
1.85252
-0.958891
1.17714
1.87321
-0.654789
-0.401016
1.9061
1.23346
0.389148
-0.0530042
0.306779
-1.75307
1.40322
0.955146
0.0
0.0
0.0
0.0
0.0
0.0
0.0
0.0
0.0
0.0
0.0
0.0
0.0
0.0
0.0
0.0
-0.955289
1.76029
0.823707
1.7972
0.641055
0.269065
-1.11147
0.330264
0.950254
-0.125334
0.192984
0.861894
0.0878586
-1.45096
1.01289
2.55806
0.0
0.0
0.0
0.0
0.0
0.0
0.0
1.25056
0.0
0.0
0.0
0.0
0.0
0.0
0.0
0.0
0.0
0.0
0.0
0.0
0.0
0.0
0.0
0.0
0.0
0.0
0.0
0.0
0.0
0.0
0.0
0.0
0.0
0.0
0.0
0.0
0.0
0.0
0.0
0.0
0.0
0.0
0.0
0.0
0.0
0.0
0.0
0.0
0.0
0.0
0.0
0.0
0.0
0.0
0.0
0.0
0.0
0.0
0.0
0.0
0.0
0.0
0.0
0.0
0.0
0.0
0.0
0.0
0.0
0.0
0.0
0.0
0.0
0.0
0.0
0.0
0.0
0.0
0.0
0.0
0.0
0.0
0.0
0.0
0.0
0.0
0.0
0.0
0.0
0.0
0.0
0.0
0.0
0.0
0.0
0.359843
0.0
0.0
0.0
0.0
0.0
0.0
0.0
0.0
0.171708
0.0
0.0
0.0
0.0
0.0
0.0
0.0
0.0
0.0
0.0
0.0
0.0
0.0
0.0
0.0
0.0
0.0
0.0
0.0
0.0
0.0
0.0
0.0
0.0
0.0
0.0
0.0
0.0
0.0
0.0
0.0
0.0
0.0
0.0
0.0
0.0
0.0
0.0
0.0
0.0
0.0
0.0
0.0
0.0
0.0
0.0
0.0
0.0
0.0
0.0
0.0
0.0
0.0
0.0
0.0
0.368587
-1.36803
0.609829
-0.0459233
2.15038
1.26924
-0.601538
-1.52592
2.07678
1.07415
0.742768
-0.264065
0.337016
-1.7455
1.48917
0.826728
0.0
0.0
0.0
0.0
0.0
0.0
0.0
0.0
0.0
0.0
0.0
0.0
0.0
0.0
0.853857
0.0
0.0
0.0
0.0
0.0
0.0
0.0
-0.0628962
0.0
0.0
0.0
0.0
0.0
0.0
0.0
0.0
0.0
0.0
0.0
0.0
0.0
0.0
0.0
0.0
0.0
0.0
0.0
0.0
0.0
0.636077
0.0
0.0
0.0
0.0
0.0
0.0
0.0
0.0
0.0
0.0
0.0
0.0
0.0
0.0
0.0
0.0
0.0
0.0
0.0
0.0
0.0
0.0
0.0
0.0
0.0
0.0
0.0
0.0
-0.687332
0.0
0.0
0.0
0.0
0.0
0.0
0.0
0.0
0.0
0.0
0.0
0.0
0.0
0.0
-0.793726
0.0
0.0
0.0
0.0
0.0
0.0
0.0
0.0
0.0
0.0
0.0
0.0
0.0
0.0
0.0
0.0
0.0
0.0
0.0
0.0
0.0
0.0
0.0
-0.482067
2.12761
0.087115
1.14114
0.344895
1.84045
-0.859178
0.297193
0.981411
-0.551807
0.273194
1.12305
-0.208655
-1.34431
0.945902
-0.127487
0.0
0.0
0.0
0.0
0.0
0.0
0.0
0.0
0.0
0.0
0.0
0.0
0.0
0.0
-0.485689
0.0
0.0
0.0
0.0
0.0
-1.16417
0.0
0.0
0.0
0.0
0.0
0.0
0.0
0.0
0.0
0.0
0.0
0.0
0.0
0.0
0.0
0.0
0.0
0.0
0.0
0.0
0.0
0.0
0.0
0.0
0.0
0.0
0.0
0.0
0.0
0.0
0.0
0.0
0.0
0.0
-1.12163
0.0
0.0
0.0
0.0
0.0
0.0
0.0
0.0
0.0
0.0
0.0
0.0
0.0
0.0
0.949552
0.0
0.0
0.0
-1.23629
0.0
0.0
0.0
0.0
0.0
0.412086
0.0
0.0
0.0
0.0
0.0
0.0
0.0
0.0
0.0
-1.36618
0.0
0.0
0.0
0.0
0.0
0.492273
-1.41562
0.0750696
-0.919208
0.0680103
0.956343
-0.584468
-1.03162
2.08911
0.762219
1.09004
-0.368414
0.34471
-1.73895
1.52119
0.33696
0.0
0.0
-0.72697
0.0
0.0
0.0
0.0
0.0
0.0
0.0
0.0
0.0
0.0
0.0
0.0
0.0
0.0
0.0
0.0
0.0
0.0
0.0
0.0
0.0
0.0
0.0
0.0
0.0
0.0
0.0
0.0
0.0
0.0
0.0
0.0
0.0
0.0
0.0
0.0
0.0
0.0
0.0
0.0
0.0
0.0
0.0
0.0
0.0
0.0
0.0
0.0
0.0
0.0
0.0
0.0
0.0372457
0.0
0.0
0.0
0.0
0.0
0.0
0.0
0.0
0.0
0.0
0.0
0.0
0.0
0.0
0.0
0.0
0.0
0.0
0.0
0.0
0.0
0.0
1.99306
0.0
0.0
0.0
-2.17283
0.0
0.0
0.0
0.0
0.0
0.0
0.0
0.0
0.0
0.0
0.0
0.0
0.0
0.0
0.0
0.0
0.0
0.0
0.0
0.0
0.985355
0.0
0.0
0.0
0.0
0.0
0.0
0.0
0.0
0.0
0.0
0.0
0.0
0.0
0.0
0.0
0.0
0.0
0.0
0.0
0.0
0.0
0.0
0.0
0.0
0.0
0.0
0.0
0.0
0.0
0.0
0.0
0.0
0.0
0.0
0.0
0.0
0.0
0.0
0.0
0.0
0.0
0.0
0.0
0.0
0.0
0.0
0.0
0.0
0.0
0.0
0.0
0.0
0.0
0.0
0.0
0.0
0.0
0.0
0.0
0.0
0.0
0.0
0.0
0.0
0.0
0.0
0.0
0.0
0.0
0.0
0.0
0.0
0.106948
2.2992
0.361313
0.0124903
0.277033
1.15067
-0.94188
0.301609
1.03332
-0.601448
0.0779225
1.28662
-0.324624
-1.28517
0.912165
1.80503
0.0
0.0
0.0
0.0
0.0
0.0
0.0
0.0
0.0
0.0
0.0
0.0
0.0
0.0
0.0
0.0
0.0
0.0
0.0
0.0
0.0
0.0
0.0
0.0
0.0
0.0
0.0
0.0
0.0
0.0
0.0
0.0
0.0
0.0
0.0
0.0
0.0
0.0
0.0
0.0
0.0
0.0
0.0
0.0
0.0
0.0
0.0
0.0
0.0
0.0
0.0
0.0
0.0
0.0
0.0
0.0
0.0
0.0
0.0
0.0
0.0
0.0
0.0
0.0
0.0
0.0
0.0
0.0
0.0
0.0
0.0
0.0
0.0
0.0
0.0
0.0
0.0
0.0
0.0
0.0
0.0
0.0
0.0
0.0
0.0
0.0
-1.34355
0.0
0.0
0.0
0.0
0.0
0.0
0.0
0.0
0.0
0.0
0.0
0.0
0.0
0.0
0.330721
0.0
0.0
0.0
0.0
0.0
0.0
0.0
0.0
0.0
1.33626
0.0
0.0
0.0
1.09453
0.0
0.0
0.0
0.0
0.0
0.0
0.0
0.0
0.0
0.0
0.0
0.0
0.0
0.0
0.0
0.0
0.0
0.0
0.0
0.0
0.0
0.0
0.0
0.0
0.0
0.0
0.0
0.0
0.0
0.0
0.0
0.0
0.0
0.0
0.0
0.0
1.64257
0.0
0.0
0.0
0.0
0.547286
0.0
0.0
0.0
0.0
0.0
0.0
0.0
0.0
0.0
0.0
0.0
0.0
0.0
0.0
0.0
0.0
0.0
0.0
0.0
0.0
0.0
0.0
0.0
0.0
0.0
0.0
0.0
0.0
0.0
0.0
0.0
0.0
0.0
0.0
0.0
0.0
0.0
0.0
0.0
0.0
0.0
0.0
0.0
0.0
0.0
0.0
0.0
0.0
0.0
0.0
0.0
0.0
0.0
0.0
0.0
0.0
0.0
0.0
0.0
0.0
0.0
0.0
0.0
0.0
0.0
0.0
0.0
0.0
0.0
0.0
0.783366
0.0
0.0
0.0
0.0
0.0
0.0
0.0
0.0
0.0
0.0
0.0
0.0
0.0
0.0
0.0
0.0
0.0
0.950031
0.0
0.000249742
0.0
2.05158
-0.130116
0.0
0.0
0.0
0.0
0.0
0.0
0.494047
0.0
0.0
0.0
0.0
0.0
0.0
0.0
0.0
0.0
0.0
0.0
0.0
0.0
0.0
0.0
0.0
0.0
0.0
0.0
0.0
0.0
0.0
1.22579
0.0
0.0
0.0
0.0
0.0
0.0
0.0
0.0
0.0
0.0
0.0
0.0
0.0
0.0
0.0
0.0
0.0
0.0
0.0
0.0
0.0
0.0
-0.0167173
0.0
0.0
0.0
0.487271
0.0
0.0
0.0
0.0
0.0
0.0
1.48365
0.0
0.0
0.0
0.0
0.164226
-1.62752
0.547625
-0.567877
0.330759
0.780234
-0.60762
0.188892
2.08281
1.00601
0.601121
-0.46126
0.364817
-1.72949
1.54399
0.734764
0.0
0.0
0.0
0.0
0.0
0.0
0.0
0.0
0.0
0.0
0.0
0.0
0.0
0.0
0.0
0.0
0.0
0.0
0.0
0.0
0.0
0.0
0.0
0.0
0.0
0.0
0.0
0.0
0.0
0.0
0.0
0.0
0.0
0.0
0.0
0.0
-0.131882
0.0
0.0
0.0
0.0
0.0
0.0
0.0
0.0
0.0
0.0
0.0
0.0
0.0
0.0
0.0
0.0
0.0
0.0
0.0
0.0
0.0
0.0
0.0
-0.529547
0.0
0.0
0.0
0.0
0.0
0.0
0.695327
0.0
0.0
0.0
0.0
0.0
0.0
0.0
0.0
0.0
0.0
0.0
0.0
0.0
0.0
0.0
0.0
0.0
0.0
0.0
0.0
0.0
0.0
0.0
0.0
0.0
0.0
-0.57523
0.0
0.0
0.0
0.0
0.0
0.0
0.0
0.0
0.0
0.0
0.0
0.220519
0.0
0.0
0.0
0.0
0.0
0.0
0.0
0.0
0.0
0.0
0.0
0.0
0.0
0.0
0.0
0.0
0.0
0.0
0.0
0.0
0.0
0.0
0.0
0.0
0.0
0.0
0.0
0.0
0.0
-0.32635
0.0
0.0
0.0
0.0
0.0
0.0
0.0
0.0
0.0
0.0
0.0
0.0
0.0
0.0
0.0
0.0
0.0
0.0
0.0
0.0
0.0
0.784476
0.0
-0.750243
0.0
0.0
0.0
0.0
0.0
-0.855344
0.0
0.0
0.0
0.0
0.0
0.0
0.0
-0.629664
0.0
0.0
0.0
0.0
0.0
0.0
0.0
0.0
0.0
0.0
0.0
0.0
0.0
0.0
0.0
0.0
0.0
0.0
0.0
0.0
0.0
0.0
0.0
0.0
0.0
0.0
0.0
0.0
0.0
0.0
0.0
0.0
0.0
0.322854
2.36921
-0.402131
1.102
-0.042837
2.1367
-0.933771
0.911082
1.06335
-0.95789
-0.288189
1.38789
-0.377696
-1.24904
0.879616
0.277231
0.0
0.0
1.18117
0.0461084
0.0
0.0
0.0
0.0
0.0
0.0
0.0
0.0
0.0
0.0
0.0
0.0
0.0
0.0
0.0
0.0
-0.292774
0.0
0.0
0.0
0.0
0.0
0.0
0.0
0.0
0.0
0.0
0.0
0.0
0.0
-0.658937
0.0
0.0
0.0
0.0
0.0
0.0
0.0
0.0
0.0
0.0
0.0
0.0
0.0
0.0
0.0
0.0
0.0
0.0
0.0
0.0
0.0
0.0
0.0
0.0
0.0
0.0
0.0
0.0
0.0
0.0
0.0
0.0
0.0
0.0
0.0
0.0
0.0
0.0
0.0
1.52734
0.0
0.0
0.0
0.0
0.0
0.0
0.0
0.0
0.0
0.0
0.0
0.0
0.0
0.0
-0.772273
0.0
0.0
0.0
0.0
0.0
0.0
0.0
0.0
0.0
0.0
0.0
0.0
0.0
0.0
0.0
0.0
0.0
0.0
0.0
0.0
0.0
0.613367
0.0
0.0
0.0
0.0
0.296568
0.0
0.0
0.0
0.0
0.0
0.0
0.0
0.0
0.0
0.0
0.0
0.694867
0.0
0.0
0.0
0.0
0.0
0.0
0.0
0.0
0.0
1.33588
0.0
0.0
0.0
-0.0856183
0.0
0.0
0.0
0.0
0.0
0.0
0.0
0.0
0.0
0.0
0.0
0.0
0.0
0.0
0.181135
0.0
0.0
0.0
0.0
0.0
0.0
0.0
0.0
0.0
0.0
0.0
0.0
0.0
0.0
0.0
0.0
0.0
0.0
0.0
0.0
0.0
0.0
0.0
0.0
0.0
0.0
0.0
0.0
0.0
0.0
0.0
0.0
0.0
0.0
0.0
0.0
0.0
0.0
0.0
0.0
0.0
0.0
0.0
0.0
0.0
0.0
0.0
0.0
0.0
0.0
0.0
0.0
0.0
0.0
0.0
0.0
0.0
0.0
0.0
0.0
0.0
0.0
0.0
0.0
0.0
-0.733173
0.0
0.0
0.0
0.0
0.0
1.50333
0.0
0.0
0.0
0.0
0.0
0.0
0.0
0.0
0.0
0.0
-1.19448
0.0
0.0
0.0
0.0
0.0
0.0
0.0
0.0
0.0
0.0
0.0
0.0
0.0
0.0
0.0
0.0
0.0
0.0
0.0
0.0
0.0
0.357477
0.0
0.0
0.0
0.0
0.0
0.0
0.0
0.0
0.0
0.0
0.0
0.0
0.0
1.8834
0.0
0.0
0.0
0.0
0.0
0.0
0.0
0.0
0.0
0.0
0.0
0.125996
-1.16107
2.08945
-2.16778
0.827368
2.03206
-0.109091
0.868243
2.1432
-2.00587
-2.25514
-0.581235
0.46604
-1.70718
1.57643
-0.330864
0.0
0.0
0.0
0.0
0.0
0.0
0.0
0.0
0.0
0.0
0.0
0.0
0.0
0.0
0.0
0.0
0.0
0.0667459
0.0
0.0
0.0
0.0
0.0
0.0
0.0
0.0
0.0
0.0
0.0
0.0
0.0
0.0
0.0
-1.39661
0.0
0.0
0.0
0.0
0.0
0.490136
0.0
0.0
0.0
0.0
0.0
0.0
0.0
0.0
0.0
0.0
0.0
1.19587
0.0
0.0
0.0
0.0
0.0
0.0
0.0
0.0
0.0
0.0
0.0
0.0
0.0
0.0
0.0
0.0
0.0
0.0
0.0
-0.00326675
0.0
0.0
0.0
0.0
0.0
0.0
0.0
0.0
0.0
0.0
0.0
0.0
0.0
0.0
0.0
0.0
0.0
0.0
0.0
0.0
0.0
0.0
0.0
-0.0392774
0.0
0.0
0.0
0.0
0.0
0.0
0.0
0.0
0.0
0.0
0.0
0.425472
0.0
0.0
0.0
0.0
0.0
0.0
0.0
0.0
0.0
0.0
0.0
0.0
0.0
0.0
0.0
0.0
0.0
0.0
0.0
0.0
0.0
0.0
0.0
0.0
0.0
0.0
0.0
0.0
0.0
0.0
0.0
0.0
0.0
0.0
0.0
0.0
0.114361
0.0
0.0
0.0
0.0
0.0
0.0
0.0
0.0
0.0
0.0
0.0
0.0
0.0
0.0
0.0
0.0
0.0
0.0
0.0
0.844259
0.0
0.0
0.0
0.0
0.0
0.0
0.0
0.0
0.0
0.0
0.0
-0.278565
0.0
0.0
0.0
0.0
0.0
0.0
0.0
0.0
0.0
0.0
0.0
0.0139827
0.0
0.0
0.0
0.0
0.0
0.0
-0.0783302
0.0
0.0
0.0
0.0
0.0
0.0
0.0
0.0
0.0
0.0
0.0
0.0
-2.6823
0.0
0.0
0.0
0.0
0.0
0.278632
0.0
0.0
0.0
0.0
0.0
0.0
0.0
-0.185111
0.0
0.0
0.0
0.0
0.0
0.0
0.0765358
0.0
0.0
0.0
0.0
0.0
0.0
0.0
0.0
0.0
0.0
-0.542159
0.281245
1.48557
0.537377
-0.303836
1.87287
0.15251
1.23156
-2.45984
-0.470658
3.84697
2.98428
3.79025
-0.0406701
-0.407575
-3.05634
0.0
0.0
0.0
0.0
0.0
0.0
0.0
0.0
-3.46542
-0.41242
0.0
0.0
0.0
0.0
0.252547
0.0
0.0
0.855291
0.0
0.0
0.0
0.0
0.0
0.127196
0.0
0.0
0.0
0.0
0.0
0.0
0.0
-0.48331
0.0
0.0
0.0
0.0
0.0
0.0
0.0
0.0
0.0
0.0
0.0
0.0
0.0
0.0
0.0
0.0
0.0
0.0
0.0
0.0
0.0
0.0
0.0
0.0
0.0
0.0
0.0
0.0
0.0
0.0
0.0
0.0
0.0
0.0
0.0
0.0
0.0
0.0
0.0
0.0
0.0
0.0
0.0
0.0
0.0
0.0
0.0
0.0
0.0
0.0
0.0
0.0
0.0
0.0
0.0
0.0
0.0
0.0
0.0
0.0
0.0
0.0
0.0
0.0
0.0
0.0
0.0
0.0
0.0
0.0
0.0
0.0
0.0
0.0
0.0
0.0
0.0
0.0
0.0
0.0
0.0
0.0
0.0
0.0
0.0
0.0
0.0
0.0
0.0
0.0
0.0
0.0
0.0
0.0
0.0
0.0
0.0
0.0
0.0
0.0
0.0
0.0
0.0
0.0
0.0
-2.28163
0.0
0.0
-0.238053
0.0
0.0
0.0
0.0
0.0
0.0
0.0
0.0
0.0
0.0
0.0
0.0
0.0
0.0
0.0
0.0
0.0
0.0
0.0
0.0
0.0
0.0
0.0148301
0.0
0.0
0.0
0.0
0.0
0.0
0.0
0.0
0.0
0.0
0.0
0.0
0.0
0.0
0.0
0.0
0.0
0.0
0.0
0.0
0.0
0.508763
0.0
0.0
0.0
0.0
0.0
0.0
0.0
0.0
0.0
0.0
0.0
0.0
0.0
0.0
0.0
0.0
0.0
0.0
0.0
0.0
0.0
0.0
0.0
0.0
0.0
0.0
0.0
0.0
0.0
0.0
0.0
0.0
0.0
0.0
0.0
0.0
0.0
0.0
0.0
0.0
0.0
0.0
0.0
0.0
0.0
0.0
0.0
0.0
0.0
0.0
0.0
0.0
0.0
0.0
0.0
0.0
0.0
0.0552258
0.0
0.0
0.0
0.0
0.0
0.0
0.0
0.0
0.0
0.0
0.0
0.0
0.0
0.0
0.0
0.0
0.0
0.0
0.0
0.0
0.0
0.0
0.0
0.0
0.0
0.0
0.0
0.0
0.13766
1.49797
0.444564
-2.50792
-0.497201
-0.065415
-3.8168
0.90709
3.07709
-2.08801
-3.47741
-0.620583
1.85425
-1.65946
1.7281
-0.433654
0.0
0.0
0.0
0.0
0.0
0.0
0.0
0.0
0.0
0.0
0.0
0.0
0.0
0.0
0.0
0.0
0.0
0.0
0.0
0.0
0.0
-0.0737447
0.0
0.0
0.0
0.0
0.0
0.0
0.0
0.0
0.0
0.0
0.0
0.0
0.0
0.0
0.0
0.0
0.0
0.0
0.0
0.0
0.0
0.0
0.0
0.0
-0.914113
0.925989
0.0
0.0
0.0
0.0
0.0
0.0
0.0
0.0
0.0
0.0
0.0
0.0
0.0
0.0
0.0
0.0
0.0
0.0
0.0
0.0
0.0
0.0
0.0
0.0
0.0
1.05403
0.0
0.0
0.0
0.0
0.0
0.0
0.0
0.0
0.0
0.0
0.0
0.0
0.0
0.0
0.0
0.0
0.419262
0.0
0.0
0.0
-1.50112
0.0
0.0
0.0
0.0
0.0
-0.696043
0.0
0.0
0.0
0.0
0.0
0.0
-0.132033
0.0
0.0
0.0
0.0
0.0
0.0
0.0
0.0
-1.01192
0.0
0.0
-0.794513
0.0
0.0
0.0
0.0
1.83708
-0.954052
0.0
0.0
0.0
0.0
0.0
0.0
0.0
0.0
0.0
0.0
0.0
0.0
0.0
0.0
0.0
0.0
0.0
0.0
0.0
0.0
0.0
0.0
0.0
0.0
0.0
0.0
0.621464
0.0
0.0
0.0
0.0
0.0
0.0
0.307144
0.0
0.0
0.0
0.0
0.0
0.0
0.358807
0.0
0.0
0.0
0.0
0.0
0.0
0.0
0.0
0.0
0.0
0.0
0.0
0.603464
0.0
0.0
0.619411
0.0
0.0
0.0
0.0
0.0
0.0
0.0
0.0
0.0
0.335242
0.0
-0.823598
0.0
0.0
0.873502
0.0
0.0
0.0
0.0
0.0
2.44506
0.0
0.0
0.0
0.0
0.0
0.0
-1.21225
0.0
0.0
-1.28709
0.0
0.0
0.0
0.0
0.0
0.0
0.0
0.0
0.0982175
0.0
0.0
0.0
0.0
0.0
0.0
0.0
0.0
0.0
0.0
1.31742
0.0
0.0
0.0
0.0
0.0
0.0
0.399195
1.09688
-2.28669
0.985043
-0.821028
1.93155
1.00057
1.52893
-6.90904
0.566094
1.05175
0.117007
-1.85076
0.241907
0.174827
-0.803434
0.0
0.0
0.0
0.0
0.0
0.0
0.0
0.0
0.0
0.0
0.0
0.0
0.0
-1.79891
0.0
0.0
0.0
0.0
0.0
0.0
0.0
0.0
0.0
0.0
0.0
0.0
0.0
0.0
0.0
0.0
0.0
0.0
0.0
0.0
0.0
0.0
0.0
0.0
0.0
0.0
0.0
0.0
0.0
0.0
0.0
0.0
0.0
0.0
0.0
0.0
0.0
0.0
0.0
0.0
0.0
0.0
0.0
0.0
0.0
0.0
0.0
0.0
0.0
0.0
0.0
0.0
0.0
0.0
0.0
0.0
0.0
0.0
0.0
0.0
0.0
0.0
0.0
0.0
0.0
0.0
0.0
0.0
0.0
0.0
0.0
0.0
0.0
0.0
0.0
0.0
0.0
0.0
0.0
0.0
0.0
-2.06592
0.0
0.0
0.0
0.0
0.0
0.0
0.0
0.0
0.0
0.0
0.0
0.0
0.0
0.0
0.0
0.0
0.0
0.0
0.0
0.0
0.0
0.0
0.0
0.0
0.0
0.0
-0.71015
0.0
0.0
0.0
0.0
0.0
0.0
0.0
0.0
0.0
0.0
0.0
0.0
0.0
0.0
0.0
0.0
-1.34344
0.0
0.0
0.0
0.0
0.0
-1.21037
0.0
0.0
0.0
0.0
0.0
0.0
0.0
0.0
0.0
0.0
0.0
0.0
0.0
0.0
0.0
0.0
0.902231
0.0
-0.684806
0.0
0.0
0.0
0.0
0.0
0.0
0.0
0.0
0.0
0.0
0.0
0.0
0.0
0.0
0.0
0.0
0.0
0.0
0.0
0.0
0.0
0.0
0.0
0.0
0.0
0.0
0.0
0.0
0.0
0.0
0.0
0.0
0.0
0.0
0.0
0.0
0.0
0.0
0.0
0.0
0.0
0.0
0.0
0.0
0.0
0.0
0.0
0.0
0.0
-0.0358287
0.0
0.0
0.0
0.0
0.0
0.0
-1.47759
0.0
0.0
0.0
0.0
0.0
0.0
0.0
0.0
0.0
0.0
0.0
0.0
0.0
0.0
0.0
0.0
0.0
0.0
0.0
0.0
0.0
0.0
0.0
0.0
0.0
0.0
0.0
0.0
0.0
0.0
0.0
0.0
0.0
0.0
0.0
0.0
0.0
0.0
0.0
0.0
0.0
0.0
0.0
0.0
0.0
0.0
0.0
0.0
0.0
0.0
-0.459415
1.22967
4.53476
-0.0453636
-0.0728406
1.43806
-0.729492
1.43347
2.42635
-0.364019
-2.0567
-1.44125
0.655553
-1.52442
1.76386
-1.8106
0.0
0.0
0.0
0.59631
0.0
0.0
0.0
0.0
0.0
0.0
0.0
0.0
0.0
0.0
0.0
0.0
0.0
0.0
0.0
0.0
0.0
0.0
0.0
0.0
0.0
0.0
0.0
0.0
0.0
0.0
0.0
0.0
0.0
0.0
0.0
0.0
0.0
0.0
0.0
0.0
0.0
0.0
0.0
0.0
0.0
-1.04551
0.0
0.0
0.0
0.0
0.0
0.0
0.0
0.0
0.0
0.0
0.0
0.0
0.0
0.0
0.0
0.0
0.0
0.0
0.0
0.0
0.0
0.0
0.22448
0.0
0.0
0.0
-1.16002
0.0
0.0
0.0
0.0
0.0
0.0
0.0
0.0
0.0
0.0
0.0
0.0
0.0
0.0
0.0
0.0
0.0
0.0
0.0
0.0
0.0
0.0
0.0
0.0
0.0
0.0
0.0
0.0
0.0
0.0
0.0
0.0
0.0
0.0
0.0
0.0
0.0
0.0
0.0
0.0
0.0
0.806254
0.0
0.0
0.0
0.0
0.0
0.0
0.0
0.0
0.0
0.0
-0.369735
0.0
0.0
0.0
0.0
0.0
0.0
0.0
0.0
0.0
0.0
0.0
-0.905487
0.0
0.0
0.0
0.0
0.0
0.0
0.0
0.0
0.0
0.0
0.0
0.0
0.0
0.0
0.0
0.0
0.0
0.558325
0.0
0.0
0.0
0.0
0.0
-0.00897017
0.0
0.0
0.0
0.0
0.0
0.0
0.0
0.0
0.0
0.0
0.0
0.0
0.0
0.0
0.0
0.0
0.0
0.0
0.0
0.0
0.0
0.0
0.0
0.0
0.0
0.0
0.0
0.0
0.0
0.0
0.0
0.0
0.0
0.0
0.0
0.0
0.0
0.0
0.0
0.0
0.0
0.0
0.0
0.0
0.0
0.0
0.0
0.0
0.0
0.0
0.0
0.0
0.0
0.0
0.0
0.0
0.0
0.0
0.0
0.0
0.0
0.0
0.0
0.0
0.0
0.0
0.0
0.0
0.0
0.940365
0.0
0.0
0.0
0.0
0.0
0.0
0.0
0.0
0.39465
-0.622594
1.77963
0.877039
-0.344663
1.98187
0.843304
1.66341
-7.41631
3.2493
-0.393322
1.37446
-3.41168
-0.107567
0.0183451
-2.5258
0.0
0.0
0.0
0.0
0.0
0.0
0.0
0.0
0.0
0.0
0.0
0.0
0.0
0.0
0.0
0.0
0.0
0.0
0.0
0.0
0.0
0.0
0.0
0.0
0.0
0.0
0.0
0.0
0.0
0.0
0.0
0.0
0.0
0.0
0.0
0.0
0.0
0.0
0.0
0.0
0.0
0.0
0.0
0.0
0.0
0.0
0.0
0.0
0.0
0.737911
0.0
0.0
0.0
0.0
0.0
0.0
0.0
0.0
0.0
0.0
0.0
0.0
0.0
0.0
0.0
0.0
0.0
0.0
0.0
0.0
0.0
0.0
0.0
0.0
0.0
0.0
0.112173
0.0
0.0
0.0
0.0
0.0
0.0
0.0
0.0
0.0
-0.165369
0.0
0.0
0.0
0.0
0.0
0.0
0.0
0.0
0.0
0.0
0.0
0.0
0.0
0.0
0.0
0.0
0.0
0.0
0.0
0.0
0.0
0.0
0.0
0.0
0.0
0.0
0.0
0.0
0.0
0.0
0.0
0.0
0.0
0.0
0.0
0.0
0.0
0.0
0.0
0.0
0.0
0.0
0.0
0.0
0.0
0.0
0.0
0.0
0.0
0.0
0.0
0.0
0.0
0.0
0.0
0.0
0.0
0.0
0.0
0.0
0.0
0.0
0.0
0.0
0.0
0.0
0.0
0.0
0.0
0.0
0.0
0.0
0.0
0.0
0.0
0.0
0.0
0.0
0.0
0.0
0.0
0.0
0.0
0.0
0.0
0.0
0.0
0.0
0.0
0.0
0.0
0.0
0.0
0.0
0.0
0.0
0.0
0.0
0.0
0.0
0.0
0.0
0.0
0.0
0.0
0.0
0.0
0.0
0.0
0.0
0.0
0.0
0.0
-0.375061
0.0
1.87008
0.0
0.0
0.0
0.0
0.0
0.0
0.0
0.0
0.0
0.0
0.0
0.0
0.0
0.0
0.0
0.0
0.0
0.0
0.0
0.0
0.0
0.0
0.0
0.0
0.0
0.0
0.0
0.0
0.0
0.0
0.0
0.0
0.0
0.0
0.0
0.0
0.0
0.0
0.0
0.0
0.0
0.0
0.0
0.0
0.0
0.300352
0.0
0.0
0.0
0.0
0.0
0.0
0.0
0.0
0.0
0.0
0.0
0.0
0.0
0.0
0.0
0.0
0.0
0.0
0.0
0.0
0.0
0.0
0.0
0.0
0.0
0.0
0.452339
0.0
0.0
0.0
0.0
0.0
0.0
0.0
0.0
0.0
0.0
0.0
0.0
0.540005
2.07857
1.92192
-0.794118
0.175431
-0.878104
-0.943857
0.59627
2.71209
-1.6716
-1.93188
-1.83709
1.00531
-1.4742
1.98269
-0.634383
0.0
0.0
0.0
0.0
0.0
0.0
0.0
0.0
0.0
0.0
0.0
0.0
0.0
0.0
0.0
0.0
0.0
0.0
0.0
0.0
0.0
0.0
0.0
0.0
0.0
0.0
0.0
0.0773989
0.0
0.0
0.0
0.0
0.903691
0.0
0.0769719
0.0
0.0
0.0
0.0
0.0
0.0
0.0
0.0
0.0
0.0
0.0
0.0
0.0
0.0
0.0
0.0
-0.623958
0.0
0.0
0.0
0.0
0.0
0.0
0.0
0.0
0.52644
0.0
0.0
0.0
0.632253
0.0
0.0
0.0
0.0
0.0
0.0
0.0
0.0
0.0
0.0
0.0
0.0
0.0
0.0
0.0
-0.628068
0.0
0.0
0.0
0.0
0.0
0.0
0.0
0.0
0.0
0.0
0.0
0.0
0.0
0.0
0.0
0.0
0.0
0.0
0.0
0.0
0.0
0.0
0.0
0.0
0.0
0.0
0.0
0.0
0.0
0.0
0.0
0.0
0.0
0.0
0.0
0.0
0.0
0.0
0.0
0.0
0.0
0.0
0.0
0.0
0.0
0.0
0.0
0.0
0.0
0.0
0.0
0.899446
0.0
0.0
0.0
0.0
0.0
0.0
0.0
0.0
0.0
0.0
0.0
0.0
0.0
0.0
0.0
0.0
0.363835
0.0
0.0
0.0
0.0
-0.0836882
0.0
0.0
0.0
0.0
-0.622729
0.0
0.0
0.0
0.0
0.0
0.0
0.0
0.0
0.0
0.0
0.0
0.0
0.0
0.0
0.0
0.0
0.0
0.0
0.0
0.0
0.0
0.0
0.935212
0.0
0.0
0.0
0.0
0.0
0.0
0.0
0.0
-1.13854
0.0
0.0
0.0
0.0
0.0
0.0
0.0
0.0
0.0
0.0
0.0
0.0
0.0
0.0
0.0
0.0
-0.697165
-0.827874
1.31958
0.154436
-0.284373
0.93847
-0.799348
-0.0220012
1.23881
1.22654
0.0819101
0.349171
0.0671543
-1.69581
1.17652
-1.01554
0.0
0.0
0.0
0.0
0.0
0.0
0.0
0.0
0.794625
0.0
0.0
0.0
0.0
0.0
0.0
0.0
0.0
0.0
0.0
0.0
0.0
0.0
0.0
0.0
0.0
0.0
0.0
0.0
0.0
0.0
0.0
0.0
0.0
0.0
0.0
0.0
0.0
0.0
0.0
0.0
1.29754
0.0
0.0
0.0
0.0
0.0
0.0
0.0
0.0
0.0
0.0
0.0
0.0
0.0
0.0
0.0
0.0
0.0
0.0
-2.11238
0.0
0.0
0.0
0.0
0.0
0.0
0.0
0.0
0.0
0.0
0.0
0.0
0.0
0.0
0.0
0.0
0.0
0.0
0.0
0.0
0.0
-1.24833
0.0
0.0
0.0
0.0
0.0
0.0
0.0
0.0
0.0
0.0
0.0
0.0
0.0
0.0
0.0
0.0
0.0
0.0
0.0
0.0
0.0
0.0
0.0
0.0
0.0
0.0
0.0
0.0
0.0
0.0
0.0
0.0
0.0
0.0
0.0
0.0
0.0
0.0
0.0
0.0
0.0
0.0
0.0
0.0
0.0
0.0
0.0
0.0
0.0
0.0
0.0
0.0
0.0
0.0
0.323948
0.0
0.0
0.0
0.0
0.0
0.0
0.0
0.0
0.0
0.0
0.0
0.0
0.0
0.0
0.0
0.0
0.0
0.0
0.0
0.0
0.0
0.0
0.0
0.0
0.0
0.0
0.0
0.0
0.0
0.0
0.0
0.0
0.0
0.0
0.0
-0.665783
0.0
0.0
0.0
0.0
0.0
0.0
0.0
0.0
0.0
0.0
0.0
0.0
0.0
0.0
0.0
0.0
0.0
0.0
0.0
0.0
0.0
0.0
0.0
0.0
0.0
0.0
0.0
0.0
0.0
0.0
0.0
0.0
0.0
0.0
0.0
0.0
0.0
0.0
0.0
0.0
0.0
0.0
0.0
0.0
0.0
0.0
0.0
0.0
0.791729
0.0
0.0
0.0
0.0
0.0
0.0
0.0
0.0
0.227679
0.0
0.0
0.0
0.0
0.0
0.0
0.0
0.0
0.0
0.0
0.0
0.0
0.0
0.0
0.0
0.0
0.0
0.0
0.0
0.0
0.0
0.0
0.0
0.0
0.0
0.0
0.0
0.0
0.0
0.0
0.0
0.0
0.0
0.0
0.0
0.0
0.0
0.0
0.0
0.0
0.0
0.0
-1.71301
0.0
0.0
0.0
0.0
0.0
0.0
0.0
0.0
0.0
0.0
0.0
-0.500864
0.0
0.0
-0.10527
0.0
0.0
0.0
0.0
0.0
0.0
0.0
0.0
0.0
0.0
0.0
0.0
0.0
0.0
0.0
0.0
0.0
0.553751
0.0
0.0
0.0
0.0
0.0
0.0
0.113557
0.0
0.0
0.0
0.0
0.0
0.0
-0.286911
3.85752
2.25021
0.481144
0.0507245
-2.22877
-2.3339
0.0114499
4.09986
-2.56526
-4.06528
-1.6309
3.62008
-1.28435
2.85247
-3.27912
0.0
0.0
0.0
1.70599
0.0
0.0
0.0
0.0
0.0
0.0
0.0
0.0
0.0
0.0
0.0
0.0
0.0
0.0
0.0
0.0
0.0
0.0
0.0
1.77839
0.0
0.434584
0.0
0.0
0.0
0.0
-1.18554
0.0
0.0
0.0
0.0
0.0
0.0
0.0
0.0
0.0
0.0
0.0
0.0
0.0
0.0
0.0
0.0
1.12056
0.0
0.0
0.0
0.0
0.0
0.0
0.0
0.0
0.0
0.0
0.0
0.0
0.0
0.0
0.0
0.0
0.0
0.0
0.0
0.0
0.0
0.0
0.0
0.0
0.0
0.0
0.0
0.0
0.0
0.0
0.0
0.0
0.0
0.0
0.0
0.0
0.0
0.0
0.0
0.0
0.0
0.0
0.0
0.0
0.0
0.0
0.0
0.0
0.0
0.0
0.0
0.0
0.0
0.0
0.0
0.0
0.0
0.0
0.0
0.0
0.0
0.0
0.0
0.0
0.0
0.0
0.0
0.0
0.0
0.0
0.0
0.0
0.0
0.0
0.0
0.0
0.0
0.0
0.0
0.0
0.0
0.0
0.0
0.0
0.0
0.0
0.0
0.0
0.0
0.0
0.0
0.0
0.0
0.0
0.0
0.0
0.0
0.0
0.0
0.0
0.0
-0.733899
0.0
0.0
0.0
0.0
0.0
0.0
0.0
0.0
0.0
0.0
0.0
0.0
0.0
0.0
0.0
0.0
0.0
0.0
0.0
0.0
0.0
0.0
0.0
0.0
0.0
0.0
-0.514244
-1.13604
1.49214
0.468426
0.0306836
1.0362
-0.611893
-0.908811
1.28355
1.14727
0.0444896
0.333861
-0.0244595
-1.70129
1.1848
-1.11819
0.0
0.0
0.0
0.0
0.0
0.0
0.0
0.0
0.0
0.0
0.0
0.0
0.0
0.0
0.0
0.0
0.0
0.0
0.0
0.0
0.0
0.0
0.0
0.0
0.0
0.0
0.0
0.0
0.0
0.0
0.0
0.0
0.0
0.0
0.0
0.0
0.0
0.0
0.0
0.0
0.0
0.0
0.0
0.0
0.0
0.0
0.0
0.0
0.0
0.0
0.0
0.0
0.0
0.0
0.0
0.0
0.0
0.0
0.0
0.0
0.0
0.0
0.0
0.0
0.0
0.0
0.0
0.0
0.0
0.0
0.0
-0.630279
0.0
0.0
0.0
0.0
0.0
0.0
0.0
0.0
0.0
0.0
0.0
0.0
0.0
0.0
0.0
0.0
0.0
0.0
0.0
0.0
0.0
0.0
0.0
0.0
-0.217544
-2.63883
1.23995
0.357352
0.0754626
2.84606
-0.648747
0.988466
1.61836
0.769191
0.754114
0.113325
0.219981
-1.73172
1.30433
-0.430541
0.0
0.0
0.0
0.0
0.0
0.0
0.0
0.0
0.0
0.0
0.0
0.0
-0.72623
0.0
0.0
0.0
0.0
0.0
0.0
0.0
0.0
0.0
0.0
0.0
0.0
0.0
0.0
0.0
0.0
0.0
0.0
0.0
0.0
0.0
0.0
0.0
0.0
0.0
0.0
0.0
0.0
0.0
0.0
0.0
0.0
0.0
0.0
0.0
0.0
0.0
0.0
0.0
0.0
0.0
0.0
0.0
0.0
0.0
0.0
0.0
0.0
0.0
0.0
0.0
0.0
0.0
0.0
0.0
0.0
0.0
0.0
0.0
0.0
0.0
0.0
0.0
0.0
0.0
0.0
0.0
0.0
0.0
0.0
0.0
0.0
0.0
0.0
-1.14645
0.0
0.0
0.0
-1.42512
0.0
0.0
0.0
0.0
0.0
0.0
-0.762711
0.0
0.0
0.0
0.0
0.0
0.0
0.0
0.0
0.0
0.0
0.0
0.0
0.0
-0.460944
-2.13363
0.98731
0.708272
0.308453
0.848458
-1.12371
1.1593
1.32624
1.53609
0.0978599
0.215088
0.354128
-1.72257
1.24582
-0.00476
0.0
-2.10265
0.0
0.0
0.0
0.0
0.0
0.0
0.0
0.0
0.0
0.0
0.0
0.0
0.0
0.0
0.0
0.0
0.0
0.0
0.0
0.0
0.0
0.0
0.0
0.0
0.0
0.0
0.0
0.0
0.0
0.0
0.0
0.0
0.0
0.0
0.0
-1.26596
0.0
0.0
0.0
0.0
0.0
0.0
0.0
0.0
0.0
0.0
0.0
0.0
0.0
0.0
0.0
0.0
0.0
0.0
0.0
0.0
0.0
0.0
0.0
0.0
0.0
0.0
0.0
0.0
0.0
0.0
0.0
0.0
0.0
0.0
0.0
0.0
0.0
0.0
0.0
0.0
0.0
0.0
0.0
0.0
0.0
0.0
0.0
0.0
0.0
0.0
0.0
0.0
0.0
0.0
0.0
0.0
0.0
0.0
0.0
0.0
0.0
0.0
0.0
0.0
0.0
0.0
0.0
0.0
0.0
0.0
0.0
0.0
0.0
0.0
0.0
0.0
1.31516
2.10716
-1.11673
-0.62868
0.0
0.0
0.0
0.0
0.0
0.0
0.0
0.0
0.0
0.0727767
0.0
0.0
0.0
0.0
0.0
-0.12652
0.0
0.0
0.0
0.0
0.0
0.0
0.0
0.0
0.0
0.0
0.0
-0.62807
0.0
0.0
0.0
0.0
0.0
0.0
0.0
0.0
0.0
0.0
-0.730126
0.00670429
0.0
0.0
-0.0954741
-2.51378
1.39585
0.84903
-0.824696
1.85468
-0.504401
-1.13854
1.63038
0.756463
0.306988
0.129307
0.144884
-1.73037
1.29824
0.0266876
0.0
0.0
0.0
0.0
0.0
0.0
0.0
0.0
0.0
0.0
0.0
0.0
0.0
0.0
0.0
0.0
-0.672336
-1.60781
0.974613
0.644624
0.134496
1.3155
-0.858702
-1.00797
1.60062
0.704074
0.998495
0.124356
0.348218
-1.72476
1.29341
0.440251
0.0
0.0
0.0
-1.55834
0.0
0.0
0.0
0.0
0.0
0.0
0.0
0.0
0.0
0.0
0.0
0.0
-0.324394
-2.57879
1.03867
1.41706
-0.30276
1.46433
-0.373956
-0.874254
1.47728
0.564917
0.163717
0.231801
-0.01414
-1.71845
1.23696
-0.401229
0.0
0.0
0.0
0.0
0.0
0.0
0.0
0.0
0.0
0.0
0.0
-0.452584
0.0
0.0
0.0
0.0
0.0
0.0
0.0
0.0
0.0
0.0
0.0
0.238308
0.0
0.705712
0.0
0.0
0.0
0.0
0.0
0.0
0.0
0.0
0.0
0.0
0.0
0.0
0.0
0.0
0.0
0.0
0.0
0.0
0.0
-0.254199
0.0
0.0228709
0.0
-0.434137
0.0
0.0
0.0
0.0
0.0
0.0
0.0
0.0
0.0
1.27807
0.0
0.0
0.0
0.0
0.0
0.0
0.0590675
0.0
0.0
0.0
0.0
0.0
0.0
0.0
0.0
0.0
0.0
0.0
0.0
0.0
0.0
0.0
0.0
0.0
0.0
0.0
0.0
0.0
0.0
0.0
0.0
-1.68553
0.0
0.0
0.0
0.0
-0.261241
-4.73163
5.6637
0.572397
2.21089
10.1516
4.74159
7.82361
0.663176
0.508298
-1.58704
5.80251
2.602
-3.88412
2.91823
0.321505
0.953537
3.61623
-6.35906
3.00819
0.273861
-11.6079
-7.78756
-5.79049
0.559628
-1.39983
1.56797
-4.69635
-5.22778
5.5934
-3.9551
0.661028
2.74768
-4.27308
0.876009
6.30733
-0.842887
5.89391
2.49935
3.09819
1.66977
-3.73153
-1.27349
8.08767
-4.78956
0.625084
0.686876
4.16174
-4.1642
-4.21031
-5.19307
-8.79136
1.8017
-7.53928
4.51027
1.89919
-0.334679
1.51021
1.53427
-1.60375
6.05525
-1.91959
-0.375874
2.13356
0.692999
-1.11431
-0.694054
3.45332
2.48468
-3.19782
-3.05715
2.03411
1.21383
-0.892483
-0.0199988
1.1049
-2.62513
1.70799
-1.04666
0.982632
0.385143
1.84489
-0.6294
0.318144
0.118212
-5.03888
1.18789
3.75935
0.70789
-2.00556
-0.346221
-0.187196
1.12022
3.20796
-0.616661
0.174976
1.63087
2.22128
2.60892
3.67333
0.210378
-1.93442
0.748459
-1.05059
0.4156
-0.197932
0.653496
3.41497
-0.777287
4.11192
-0.542309
1.06819
6.17232
-0.770806
1.43162
4.34305
-1.57392
-5.63853
-1.18269
5.95505
-2.50804
1.11397
0.260406
-0.0581176
0.385806
-1.70987
-2.10417
0.56419
1.82603
-1.12924
-2.6324
-0.432114
2.49472
-1.15108
-3.0006
1.9831
2.26153
-0.204188
-0.372066
0.448774
-1.68113
3.23398
-4.2954
2.87931
-0.425151
0.68898
1.52069
3.3431
2.64662
-2.11394
-3.32088
1.24085
2.68518
0.422399
1.36244
0.816578
-2.24869
-1.19464
-0.168056
3.53786
3.10515
-0.0561254
2.11894
0.320147
1.66967
6.85292
-1.13535
1.96001
2.02403
-1.46403
-1.68549
-0.853721
5.92119
-2.20815
0.875151
2.49308
-1.74841
-1.1642
-0.53517
-0.899706
-0.499427
3.75196
4.45673
-1.98278
2.70173
0.248754
0.115631
-3.70063
2.30367
0.181579
-0.0222949
0.14078
-1.87939
-2.89044
2.21561
-3.22385
0.495056
3.31509
-0.27188
3.51516
-4.12535
5.08387
-0.398058
1.07856
-1.1699
1.29829
2.55614
0.280767
0.925287
0.420088
-0.524509
5.1625
-0.193679
-3.86231
-1.92382
-0.380025
-6.82142
-2.55221
4.51028
-3.74491
0.353069
-0.0202989
-0.1097
0.427434
-0.782142
-2.56196
-0.576382
-3.50049
0.0348837
-0.95007
1.03934
1.05523
0.762989
5.98901
1.39137
-0.0418121
2.95512
-0.012528
0.0997835
0.252109
-0.68459
3.51811
-2.32543
-0.752043
0.156465
0.589503
1.59006
2.54012
0.192474
-0.258107
3.55825
1.04485
-1.08949
-1.76484
-0.163187
0.555701
3.12281
0.165565
2.6466
2.82797
-0.0166502
11.7883
3.74847
-1.70024
-1.31438
0.36888
-3.95749
-0.788512
0.287669
-0.53332
0.916347
-0.113152
-3.07353
2.42212
-0.846289
0.545815
0.00792647
3.18151
11.0672
-18.3157
1.78051
-10.074
5.67983
-0.138842
4.74784
-0.116053
-0.568322
0.242717
1.1462
2.88997
-3.97893
0.0538414
0.109096
21.382
5.5633
-7.18375
5.55683
-2.92886
-4.48461
-5.36462
12.9636
-2.9451
3.50282
-0.0558496
2.82256
-5.81509
9.45677
1.03299
-0.230209
-3.9095
-1.02687
0.902653
-7.68342
2.30252
1.28901
-5.51928
-10.2997
-12.1797
-3.2455
0.190134
-0.842897
-0.845064
-0.499289
2.90678
0.280199
0.0104291
-2.14781
2.11403
1.96655
0.545038
1.24859
-1.25398
-3.35152
2.88464
-0.0435039
-1.45441
1.79344
-1.58772
-1.18298
2.72583
0.849067
-3.21742
0.214761
0.172865
-2.33195
-1.43513
-0.277444
1.20179
-0.684512
0.764433
-3.78725
1.59182
-0.223525
-2.74386
-0.543954
1.60149
8.19199
3.75309
6.4379
5.45547
8.36955
-1.58487
-12.3252
1.36505
4.84368
-4.94881
-2.87617
1.80318
-2.61136
-5.39015
-1.44513
-4.83653
-17.4704
17.4407
39.7256
-19.6217
-20.8941
18.6666
-27.5002
17.8179
7.89714
-12.8738
-11.8176
-20.077
-8.93618
-4.6066
8.46926
-4.55549
3.71918
-0.815967
-4.19803
-1.58897
-2.88885
-6.27684
-0.217429
-3.87896
-3.03346
-6.2151
-3.17194
-5.81894
6.10177
4.40034
-33.2863
21.873
5.84828
3.54547
2.43702
1.71676
0.801219
-7.13797
1.58054
-4.12433
-3.18691
-4.71363
-1.93095
-6.29176
-3.57115
-8.04852
-2.47229
-6.91984
