[12, 9, 9, 4]
-0.403838
1.46426
0.693316
-0.135028
0.33725
-0.297049
0.638387
-0.350688
0.112345
-0.664739
-0.403357
0.287059
-0.0536806
-0.182569
-0.516679
0.585991
-0.175898
-0.216753
-0.399267
1.42409
-0.155102
0.657025
-0.234825
-0.661958
0.235684
0.876023
0.575984
-1.0484
0.243521
1.31943
2.42344
0.302224
-0.261025
-0.0872823
-0.662171
-1.06997
0.875508
0.606085
1.83743
0.248017
-0.0652752
-0.358263
0.799907
0.725738
-0.595476
-0.367151
0.126935
0.0453593
1.22837
0.179351
-0.542965
-0.671281
-0.732233
-0.617359
0.646022
-0.354946
1.37364
-0.654834
0.339085
-0.16461
1.47155
0.11216
-0.137644
-1.02338
1.37084
-0.102584
0.0417546
-0.192881
-0.63911
-0.0663413
-0.393391
-0.402284
-0.128918
1.18347
3.98333
-1.27357
-0.114958
3.26845
0.273169
5.25358
-1.32236
0.871813
-1.41373
-4.7225
1.08445
-1.00653
-3.43923
-0.292524
-5.10505
0.919779
-0.13922
1.53012
-0.123175
0.275985
0.662168
-0.423864
1.22329
-0.0779157
0.0237995
-0.53192
-1.55901
1.07479
-0.324177
-0.177331
0.519494
-2.56216
-0.269867
0.700595
0.589047
0.385695
-0.160494
0.625075
-1.7198
-0.720731
-0.678254
-1.87886
0.959093
0.483221
-0.0845948
-0.268915
0.550166
-1.01028
-0.791816
-0.868001
-1.20667
1.39178
1.48787
5.36574
0.487056
0.894258
1.53868
-0.410282
-1.31771
0.156928
-0.805912
1.91613
0.52154
-1.22958
-0.930115
-5.59846
-0.566399
-3.68961
-2.32781
2.52524
2.05501
-0.609192
-3.06173
0.451907
1.71922
2.39582
1.05332
-0.907357
0.487097
0.226159
2.27641
1.7819
1.30753
3.75068
-5.2229
0.134175
2.09547
-3.22378
-0.283883
3.30901
-1.7934
3.99736
3.55239
1.87868
-2.80309
5.47321
-1.81166
0.00294472
-4.05561
1.32659
2.87115
1.42087
1.4212
3.99647
-3.12697
-2.42366
0.131383
-5.20131
0.199349
-2.72987
0.811665
-2.76021
5.29439
0.632039
-1.43243
0.318389
-0.755116
0.462985
0.653523
-2.3935
-1.19575
-1.36089
-1.52963
-0.719988
0.0716074
-0.287839
-0.0252708
0.209405
0.0580696
0.00851618
-0.773829
2.5316
0.393162
-0.922202
-2.93993
-0.204521
-2.34542
5.1621
-4.16591
-7.23381
3.9267
-3.74557
-6.27546
-4.68234
-4.74184
-1.46602
-2.29876
1.75365
-2.82058
-3.90749
3.30577
-11.9692
11.0965
-2.77601
-4.12635
-1.3576
-3.07785
-12.0187
10.6865
1.54908
-4.96944
-4.82016
-4.6331
-4.5147
-5.35644
2.80443
-2.45249
2.73045
-2.01984
-0.151019
-2.6385
0.201815
-3.16845
