[229, 25, 25, 4]
0.0
0.0
0.0
0.0
0.0
0.0
0.0
0.0
0.0
0.0
0.0
0.0
0.0
0.0
0.0
0.0
0.0
0.0
0.0
0.0
0.0
0.0
0.0
0.0
0.0
0.133673
0.0
0.0
0.344994
0.0
0.0
0.0
0.0
0.0
0.0
0.0
0.0
0.0
0.0
0.0
0.0
1.02586
0.0
0.0
0.0
0.0
0.0
0.0
0.0
0.0
0.0
0.0
0.0
0.0
0.575435
0.0
0.0
0.0
0.0
2.44189
0.0
0.0
0.0
0.0
0.365567
0.0
0.0
0.0
0.0
0.656328
0.0
0.0
0.0
0.0
0.0
0.0
0.0
0.0
0.0
0.0
0.0
0.0
0.0
-1.04655
0.0
0.0
0.0
0.0
0.0
0.0
0.0
0.0
0.0
0.0
0.0
0.0
1.0813
0.0
0.0
0.0
0.0
0.0
0.201407
0.0
0.0
0.0
0.0
0.0
0.0
0.0
0.0
0.0
0.0
0.0
0.0
0.0
0.0
0.0
0.0
0.0
0.0
0.0
0.0
0.0
0.0
0.206454
0.398
-0.691944
-0.0817115
0.156214
-1.04519
0.0783882
0.603092
0.213886
0.0767797
-0.00213554
0.132494
-0.252762
0.138693
0.313732
0.610415
0.0885715
-0.138842
-0.0271912
0.22421
-0.463406
-0.353241
0.649337
0.061252
0.215372
0.0
0.0
0.0
0.0
-1.21504
0.0
0.0
0.0
0.0
0.0
0.0
0.0
0.0
0.0
0.0
0.0
0.0
0.0
0.0
0.0
0.0
0.0
0.0
0.0
0.0
0.284025
0.737044
-0.920913
-0.0552006
0.126621
-0.748979
-0.128186
0.310424
0.653851
-0.00841478
0.97842
0.525953
-0.548897
0.40428
-0.00573692
0.463847
0.382778
0.0327784
-0.00348146
0.0510544
-0.274192
-0.138965
0.580205
0.102953
0.0183373
0.0
0.0
0.0
0.0
0.0
0.0
0.0
0.0
0.0
0.0
0.0
0.0
0.0
0.0
0.0
0.0
0.0
0.0
0.0
0.0
0.0
0.0
0.0
0.192311
0.0
0.274065
0.732605
-0.819895
0.0227182
0.0961879
-1.01312
-0.0610415
0.753696
0.417421
-0.03419
0.0327723
0.47553
-0.642366
0.197158
0.316231
0.519833
0.151659
0.0700171
-0.0107876
0.208612
-0.274926
-0.099413
0.788503
0.0905891
-0.00571128
0.0
0.0
0.0
0.0
0.0
0.0
0.0
0.0
0.0
0.0
0.0
0.0
0.0
0.0
0.0
0.0
0.0
0.0
0.0
0.0
0.0
0.0
0.0
0.0
0.0
0.0
0.0
0.0
0.0
0.0
0.0
0.0
0.0
0.0
0.0
0.0
0.0
1.08806
0.0
0.0
0.0
0.0
0.0
0.0
0.0
0.0
0.0
0.0
0.0
0.0
0.0
0.0
0.0
0.0
0.0
-1.83889
0.0
0.0876205
-1.56906
0.0
0.0
0.0
0.0
0.0
0.0
0.0
0.0
0.0
-0.829735
0.0
0.0
0.0
0.0
0.0
0.0
0.0
0.0
-0.241846
0.0
0.0
0.0
0.0
0.0
0.0
0.0
0.0
0.0
0.0
0.0
0.0
0.0
0.0
0.0
0.0
0.0
0.0
0.0
0.0
0.0
-0.646865
-1.25345
0.0
0.0
0.0
0.0
0.0
0.0
0.0
0.0
0.0
0.0
0.0
0.0
0.0
0.0
0.0
0.0
0.0
0.366158
0.0
0.0
0.0
0.0
0.0
0.0
0.0
0.0
0.0
0.0
0.0
0.0
0.690032
0.0
0.0
0.0
0.0
0.0
1.66663
0.0
0.0
0.0
0.0
0.0
0.0
0.0
0.0
0.0
0.0
0.0
0.0
0.0
-0.612807
0.0
0.0
0.0
0.366861
0.0
0.0
0.0
0.0
-1.34548
0.0
0.0
0.0
0.0
-1.47872
0.0
0.0
0.0
2.02283
0.0
-0.579702
0.0
0.0
0.0
0.0
0.0
0.0
0.0
0.0
0.0
0.0
0.0
0.0
0.0
0.0
0.0
0.0
0.0
0.0
0.0
0.0
0.0
0.0
0.0
0.0
0.0
0.0
0.0
0.0
0.0
0.0
0.0
0.0
0.0
0.0
0.0
0.0
0.0
0.0
0.0
0.0
0.0
0.0
0.0
0.0
0.0
0.0
0.0
0.0
0.0
0.0
0.0
0.0
0.0
0.407664
0.309099
-0.475036
-0.195331
0.19882
-1.03656
0.0764569
0.569417
0.258948
0.0927606
-0.00249549
0.195619
-0.25054
0.108997
0.282849
0.512579
0.0965066
-0.113669
0.00298873
-0.204498
-0.480664
-0.325971
0.639647
-0.000371005
0.196455
0.0
0.0
0.0
0.0
0.0
0.371771
0.0
-0.66918
0.0
0.0
0.0
0.0
0.0
0.0
0.0
0.0
0.0
0.0
0.0
0.0
0.0
0.0
0.0
0.0
0.0
0.0
0.0
0.0
0.0
0.0
0.0
0.0
0.0
0.0
0.0
0.0
0.0
0.0
0.0
0.0
0.0
0.0
0.0
0.0
0.0
0.0
0.0
0.0
0.0
0.0
0.0
0.0
0.0
0.0
0.0
0.0
-1.27755
0.0
0.0
0.0
0.274783
0.0
0.0
0.0
0.0
0.0
0.0
0.0
0.0
0.0
0.0
-1.07378
0.0
0.0
0.0
0.0
0.0
0.0
0.0
0.0
0.0
0.0
-0.97676
0.0
0.0
0.0
0.0
0.0
0.0
0.0
0.0
0.0
0.0
0.0
0.0
0.0
0.0
0.0
0.0
0.0
0.0
0.0
0.0
0.0
0.0
0.0
0.0
0.0
0.0
0.0
0.0
0.0
0.0
0.0
0.0
0.0
0.0
0.0
0.0
0.0
0.0
0.0
0.0
0.0
0.0
0.0
0.0
0.0
0.0
0.0
0.0
0.0
0.0
0.0
0.88841
0.0
-0.383604
0.0
-0.193882
0.0
0.0
0.0
0.0
0.0
0.466719
-0.889377
0.0
0.0
0.0
0.0
0.779925
-0.378712
-0.898496
0.985978
0.200575
-0.703843
0.690693
0.314521
0.0357976
0.0164715
0.0378476
0.5155
-0.742916
0.329539
-0.733842
-0.334479
0.615508
0.225983
0.0473
0.0835816
0.123015
-0.521413
0.615352
0.0444437
0.211549
0.0
0.0
0.0
0.0
0.0
0.0
0.0
0.0
0.0
0.0
0.0
0.0
0.0
0.0
0.0
0.0
0.0
0.0
0.0
0.0
0.0
0.0
0.0
0.0
0.0
0.0
0.0
-1.14668
0.0
0.0
0.0
0.0
0.0
-0.148272
0.0
0.0
0.0
0.0
0.0
0.0
0.0
0.0
0.0
0.0
0.0
0.0
0.0
0.0
0.0
0.0
0.0
0.0
0.0
0.0
0.0
0.0
0.0
0.0
0.0
0.0
0.0
0.0
0.0
0.0
0.0
0.0
0.0
0.0
-1.71427
0.0
0.0
0.0
0.0
0.0
0.0
2.39667
0.0
0.0
0.0
0.0
0.0
0.0
0.0
0.0
0.0
0.0
0.0
0.0
0.0
0.0
0.0
0.0
0.0
0.0
0.0
2.44066
0.0
0.0
0.0
0.0
0.759898
0.0
0.0
0.0
0.0
0.0
0.0
0.0
0.0
0.0
0.0
0.0
0.0
0.0
0.0
0.680277
0.0
0.0
-1.30067
0.0
0.0
0.0
0.0
0.0
0.0
0.39951
0.433329
-0.572458
-0.163162
0.183288
-1.02061
0.0102169
0.580892
0.254079
0.0194073
0.00650352
0.175132
-0.243558
0.132428
0.34451
0.631229
0.0675694
-0.128822
-0.0359479
-0.125305
-0.508887
-0.293425
0.668855
-0.0316901
0.153094
0.0
0.0
0.0
0.0
0.0
0.0
0.0
0.0
-1.54188
0.0
0.0
0.0
0.0
0.0
0.0
0.0
0.0
0.0
0.0
0.0
1.33679
0.0
0.0
0.0
0.0
0.0
0.0
0.0
0.0
0.0
0.0
0.0
0.0
0.0
0.0
0.0
0.0
0.0
0.0
0.0
0.0
0.0
0.0
0.0
0.0
0.0
0.0
0.0
0.0
0.0
0.0
0.0
0.0
0.0
0.0
0.0
0.0
0.520798
0.250639
0.0
0.0
0.0
0.360549
0.0
0.0
0.0
0.0
0.0
0.544021
0.0
0.0
0.0
0.0
0.0
0.0
0.0
0.0
0.0
0.0
0.0
0.0
0.0
0.0
0.0
0.0
0.0
0.0
0.0
0.0
0.0
0.0
0.0
0.0
0.0
0.0
0.0
0.0
0.0
0.0
0.0
0.0
0.0
0.0
0.0
0.0
0.0
0.0
0.0
0.0
-0.25022
0.0
0.0
0.0
0.0
0.0
0.0
0.0
0.0
-0.548562
0.0
0.0
0.0
0.0
0.0
0.0
-0.762139
0.0
0.0
0.0
0.0
0.0
0.116277
0.0
0.0
0.0
0.0
1.41783
0.0
0.0
0.0
0.0
0.0
0.0
0.0
0.0
0.0
0.0
0.0
0.0
0.0
0.0
0.0
0.0
0.0
0.0
0.0
-1.02186
0.0
0.0
0.0
0.0
0.0
0.0
0.0
0.0
0.0
0.0
0.0
0.0
0.0
0.0
0.0
0.0
0.0
0.0
0.0
0.0
0.0
0.0
0.0
0.0
0.0
0.0
0.0
0.0
0.0
0.0
0.0
0.0
0.0
0.0
0.0
0.840083
0.0
0.0
0.0
0.0
0.0
-0.120028
0.0
0.0
0.0
0.0
0.0
0.0
0.0
0.0
0.0
0.0
0.0
0.0
0.0
0.0
0.0
0.0
0.0
-0.621132
0.0
0.0
0.0
0.0
1.09371
0.0
0.0
0.0
-1.05242
-1.08826
-3.95518
0.1822
0.568915
-0.571138
1.77857
-0.0284894
-1.54433
-0.697918
0.0124274
1.72314
0.247235
0.69257
-1.23423
-0.20806
0.0884657
0.358913
-0.0251152
-1.41863
-0.424321
-0.509793
0.40928
0.21468
0.360611
0.0
0.0
-0.48231
-1.36031
0.0
0.0
0.0
0.0
0.0
0.0
0.0
0.0
-1.2302
0.0
0.0
0.0
0.0
0.0
0.0
0.0
0.0
-0.278805
0.0
0.0
0.0
0.0
0.0
0.0
0.0
0.0
0.0
0.0
0.0
0.0
0.0
0.0
0.0
0.0
0.0
0.0
0.0
0.0
0.0
0.0
0.0
0.0
0.0
0.0
0.566136
0.0
0.0
0.0
0.0
0.0
0.0
0.0
0.210288
0.0
0.0
0.0
0.0
0.0
0.0
0.0
0.0
0.0
0.0
0.0
0.0
0.0
0.0
0.0
0.0
0.0
0.0
0.0
0.0
0.0
0.0
0.0
0.0
0.0
0.0
0.0
0.0
0.0
0.0
0.0
0.0
-1.69938
0.0
0.0
0.0
0.0
0.0
0.0
0.0
0.0
0.0
0.0
0.0
0.0
1.7329
0.0
0.0
0.0
0.0
0.0
0.0
0.0
0.0
0.0
0.0
0.0
-2.15161
0.0
0.0
0.0
0.0
0.0
0.0
0.0
0.0
0.0
0.0
0.0
0.0
0.0
0.0
0.0
0.0
0.0
0.0
0.0
1.21268
0.0
0.0
0.0
0.0
0.0
0.0
0.0
0.0
0.0
0.0
0.0
-0.0425661
0.0
0.0
0.0
0.0
0.0
0.0
0.0
0.0
0.0
0.0
0.0
0.0
0.0
0.0
0.0
0.0
-0.262461
0.0
0.0
0.0
0.0
0.0
0.0
0.0
0.0
0.0
0.0
0.0
0.0
0.0
0.0
0.0
0.0
0.0
0.0
0.0
0.0
0.0
0.0
0.0
0.0
0.0
0.0
2.05559
0.0
0.0
0.0
0.497932
0.0
0.0
0.0
0.0
0.0
0.0
0.0
0.0
0.0
0.0
0.0
0.0
0.0
0.0
0.0
0.0
0.0
0.0
0.0
0.0
0.100959
-0.806557
0.0
0.0
0.0
0.0
-1.05353
0.0
0.0
0.0
0.0
0.0
0.0
0.0
0.0
0.0
0.0
0.0
0.0
0.0
0.0
0.0
0.0
1.47747
0.0
0.0
0.0
0.0
0.0
0.0
0.0
0.0
0.0
0.0
-0.725132
0.0
0.0
0.0
0.0
0.0
0.0
0.0
0.0
0.0
0.0
0.904423
0.0
0.142053
0.0
0.0
0.0
0.0
0.0
0.0
0.0
0.0
0.0
0.0
0.0
0.0
0.0
0.0
0.0
-0.828695
0.0
0.0
0.0
1.22145
0.0
0.0
0.0
0.0
0.0
0.0
0.0
0.0
0.0
0.0
0.0
0.0
0.0
0.0
0.0
0.0
0.0
0.0
0.0
0.0
0.0
0.0
0.0
0.0
0.0
0.0
0.0
0.0
0.0
0.0
0.0
0.0
0.0
0.0
0.0
0.0
0.0
0.0
0.0
0.0
0.0
0.0
-0.0650547
0.775574
0.0
0.0
0.0
0.0
0.0
0.0
0.0
0.0
0.386607
0.0
0.0
1.28883
0.0
0.0
0.0
0.0
0.0
0.0
0.0
0.0
0.0
0.0
0.0
0.0
0.0
0.0
0.0
0.0
0.0
0.0
0.0
0.0
0.0
0.0
0.0
0.0
0.0
0.0
0.0
0.0
0.0
-1.53702
0.0
0.0
0.0
0.0
0.0
0.0
0.0
0.0
0.0
0.0
0.0
0.0
0.0
0.0
0.0
0.0
0.0
0.0
0.0
0.0
0.0
0.0
0.0
0.0
0.0
0.0
0.0
1.14842
0.0
0.0
0.0
0.0
0.0
0.0
0.0
0.0
0.0
0.0
0.0
0.0
0.0
0.0
-0.914405
0.0
0.0
0.0
0.0
0.0
0.0
0.0
0.0
0.0
0.0
-0.337144
0.0
0.0
0.0
0.0
0.0
0.0
0.640738
0.0
0.107251
0.0
0.0
0.0
0.0
0.0
0.0
-0.757028
0.0
0.0
0.0
-1.42981
0.0
0.0
0.0
0.0
0.0
0.0
0.0
0.31664
0.245181
-0.516264
-0.0300063
0.213484
-1.03012
0.064382
0.570111
0.236921
0.0718303
0.00198395
0.219474
-0.174481
0.160665
0.283092
0.565177
0.107296
-0.113271
-0.0254905
-0.118989
-0.516909
-0.31847
0.648147
-0.0322756
0.16677
0.0
0.0842207
0.0
0.0
0.0
0.0
0.0
0.0
0.0
0.0
0.0
0.0
0.0
0.0
0.0
0.0
0.0
0.0
0.0
0.0
0.0
0.0
0.0
0.0
0.0
0.0
0.0
0.0
0.0
0.0
0.0
0.0
0.0
0.0
0.0
0.0
0.0
0.0
0.0
0.0
0.0
0.0
0.0
0.0
0.0
0.0
0.0
0.0
0.0
0.0
0.0
0.0
1.14381
0.0
0.0
0.0
0.0
0.0
0.0
0.608647
0.0
0.0
0.0
-1.04396
0.0
0.0
0.0
0.0
0.0
0.0
0.0
0.0
0.0
0.0
-1.36214
0.0
0.0
0.0
0.0
0.0
0.0
0.0
0.0
0.0
0.166318
0.0
0.0
0.0
0.0
0.0
0.0
0.0
0.0
0.0
0.0
0.0
0.0
0.0
0.0
0.0
0.0
0.0
0.0
0.0
0.0
0.0
0.0
0.0
0.0
0.0
0.0
0.0
0.0
0.0
0.0
0.0
0.0
-0.00471114
0.0
0.0
0.0
0.0
0.0
0.0
0.0
0.0
0.0
0.0
0.0
0.0
0.0
0.0
0.0
0.0
0.0
0.0
0.0
0.0
0.0
1.58301
0.0
0.0
0.0
0.0
0.0
0.0
0.0
0.0
0.0
-0.501578
0.0
0.0
0.0
0.0
0.0
0.0
0.0
0.0
0.0
0.0
0.0
0.0
0.0
0.0
0.0
0.0
0.0
0.0
0.0
0.0
-1.60927
0.0
0.0
0.0
0.0
0.0
0.0
0.0
0.0
0.0
0.0
-0.504893
0.0
0.0
0.0
0.0
0.0
0.0
0.0
0.0
0.0
0.0
0.0
0.0
0.0
0.0
1.9162
0.0
0.0
0.0
0.0
0.0
0.0
0.0
0.0
0.0
0.0
0.0
0.0
0.0
0.0
0.0
0.0
0.0
0.0
0.0
0.0
2.05888
-0.601255
0.0
0.0
0.0
0.0
0.0
-0.8769
0.0
0.0
0.0
0.0
0.0
0.0
0.0
0.0
0.0
0.0
0.0
0.0
0.0
0.0
0.0
0.0
0.0
0.0
0.0
0.0
0.0
0.0
0.0
0.0
0.0
0.0
0.0
0.507469
0.0
0.0
0.0
0.0
0.0
0.0
0.0
-1.1056
0.0
1.33139
0.0
0.0
0.0
0.0
0.0
0.0
0.0
0.0
0.0
0.0
0.0
0.0
0.633018
-0.40461
-0.174816
0.0416484
0.0464206
-0.431838
0.146826
-0.135954
0.129894
0.161007
0.0292248
-0.0546005
-0.290423
0.10133
-0.199859
0.140756
0.21893
-0.28545
0.0235302
0.39467
-0.676638
-0.462519
-0.146214
-1.17951
-0.0443538
0.0
-0.649413
0.0
0.0
0.0
0.0
0.0
0.0
0.0
0.0
0.0
0.0
0.0
0.0
0.0
0.0
0.0
0.0
0.0
0.0
0.0
0.0
0.0
0.0
0.0
0.29844
0.242087
-0.637062
0.104045
0.141758
-1.1069
-0.11673
0.695512
0.142912
0.0246211
-0.0155658
0.140177
-0.170845
0.247738
0.459763
0.859019
0.0230775
-0.189293
-0.0436747
-0.0740856
-0.565492
-0.280763
0.639663
-0.0278804
0.105336
0.0
0.0
0.0
0.0
0.0
0.0
0.0
0.0
0.0
0.0
0.0
0.0
0.0
0.0
0.0
0.0
0.0
0.0
0.0
0.0152833
0.0
0.0
0.0
0.0
0.0
0.0
0.0
0.0
0.0
0.0
0.0
0.0
0.0
0.0
0.0
0.0
0.0
0.0
0.0
0.0
0.0
0.0
0.0
1.2911
0.0
-0.0945114
-1.11678
0.0
0.0
0.0
0.0
0.0
0.0
0.0
0.0
0.0
0.0
0.0
0.0
0.0
0.693434
0.0
0.0
0.0
0.0
0.0
0.0
0.0
0.0
0.0
0.0
0.943154
0.0
0.153863
0.0
0.0
0.0
0.0
0.0
0.0
0.0
0.0
0.0
0.0
0.0
0.0
0.0
0.0
0.0
0.0
0.0
0.0
0.0
0.0
0.0
0.0
0.0
0.0
0.0
0.0
0.0
0.0
0.0
0.0
0.0
0.0
0.0
0.0
0.0
0.0
0.0
0.0
0.0
0.0
0.0
0.0
0.0
0.0
0.0
0.0
0.0
0.0
0.0
0.0
0.0
0.0
0.0
0.0
0.0
0.0
0.0
0.0
0.0
0.0
0.0
0.0
0.0
0.0
0.0
0.0
0.0
0.0
0.0
0.0
0.0
0.0
0.0
0.0
0.0
0.0
0.0
0.0
0.0
0.0
0.0
0.0
0.0
0.0
0.0
0.0
0.0
0.0
-1.13907
0.0
0.0
0.0
0.0
0.0
0.0
0.0
0.0
0.0
0.0
0.0
0.0
0.0
0.0
0.0
0.0
0.0
0.0
0.0
0.0
0.0
0.0
0.0
1.23921
0.0
0.0
0.0
0.0
0.0
0.0
0.0
0.0
0.0
0.0
0.0
0.0
0.0
0.0
0.0
0.0
0.0
0.0
0.549963
0.0
0.0
0.0
0.0
0.0
0.0
0.0
0.0
0.0
0.0
0.0
0.0
0.0
0.0
0.0
0.0
-0.492705
0.0
0.0
0.0
0.0
0.0
0.0
0.0
-0.192178
0.0
0.0
0.0
0.0
0.0
0.0
0.0
0.0
0.0
0.438932
0.0
0.0
0.0
0.0
0.0
0.0
0.0
0.0
0.0
0.0
0.0
0.0
0.0
0.0
0.0
0.0
0.0
0.0
0.0
0.0
0.0
0.0
0.0
0.0
0.0
0.0
0.0
0.0
0.0
0.0
0.0
0.0
0.0
0.0
0.0
0.0
0.0
0.0
0.0
0.0
0.0
0.0
0.0
0.0
0.0
-1.16388
0.0
0.0
0.0
0.0
0.0
0.0
0.0
0.0
0.0
0.0
0.0
0.0
0.0
0.0
0.0
0.0
0.0
0.0
-1.30412
0.0
0.0
0.0
0.0
0.632515
0.0
0.0
0.0
0.0
0.0
0.0
0.0
0.0
0.0
0.0
0.0
0.0
0.0
0.0
0.208465
-0.114127
-0.0681851
-0.0239528
0.0287209
-0.12901
-0.14186
-0.183199
0.426022
-0.0870878
0.0354283
0.285763
-0.317167
0.0990933
-0.176642
0.151977
0.398863
-0.0470614
0.0549858
0.386253
-0.818828
-0.0390585
-0.032118
-0.00773537
-0.0146439
0.0
0.0
0.0
0.0
0.0
0.0
0.0
0.0
0.0
0.0
0.0
0.0
0.0
0.0
0.0
0.0
0.0
0.0
0.0
0.0
0.0
0.0
0.0
0.0
0.0
0.0
0.0
0.0
0.0
0.0
0.0
0.0
0.0
0.0
0.0
0.0
0.0
0.0
0.0
0.0
0.0
0.0
0.0
0.0
0.0
0.0
0.0
0.0
0.0
0.0
0.0
0.0
0.0
0.0
0.0
0.0
0.0
0.0
0.0
0.0
0.0
0.0
0.0
0.0
0.0
-0.152445
0.0
0.0
0.0
0.0
0.0
0.0
0.0
-0.783237
0.0
0.0
0.0
0.0
0.0
0.0
0.0
0.0
0.0
0.0
0.0
0.0
0.0
0.0
0.0
0.0
0.0
0.0
0.0
0.0
0.0
0.0
0.0
0.0
0.0
0.0
0.0
0.0
0.0
0.0
0.0
0.0
0.0
0.0
0.0
0.0
0.0
0.0
0.0
0.0
0.0
0.0
0.0
0.0
0.0
0.0
0.0
0.0
0.0
0.0
0.0
0.0
0.0
0.0
0.0
0.0
0.0
0.0
0.0
0.0
0.0
0.0
0.0
0.0
0.0
0.0
0.0
0.0
0.0
0.0
0.0
0.0
0.0
0.0
0.0
0.0
0.0
0.0
0.0
0.0
0.0
-1.77865
0.0
0.0
0.0
0.0
0.0
0.0
0.0
0.0
0.0
0.0
0.0
0.0
0.0
0.0
0.0
0.0
0.0
0.0
0.0
0.0
-0.239297
0.0
0.0
0.0
0.0
0.0
0.0
0.0
0.0
0.0
0.0
0.0
0.0
0.0
0.0
1.21014
-1.61814
0.0
0.0
0.0
-0.36393
0.0
0.0
0.0
0.0
0.0
0.0
0.0
0.0
0.0
0.0
0.0
0.0
0.0761044
0.0
0.0
0.0
0.0
0.0
0.0
0.0
0.0
0.0
0.0
0.0
0.0
0.0
0.0
0.0
0.0
1.30014
0.0
0.0
0.0
0.0
0.0
0.0
-0.901888
0.0
0.0
0.0
0.0
0.0
0.0
0.0
-0.736939
0.0
0.0
0.0
0.0
0.0
0.0
0.0
0.0
0.0
0.0
0.0
-0.616842
0.0
-0.520901
0.0
0.0
0.0
0.0
0.0
0.0
0.0
0.0
0.0
0.0
0.0
0.0
0.0
0.0
0.0
0.0
0.0
0.0
0.0
0.0
0.0
0.0
0.0
0.0
0.0
0.0
0.0
0.0
0.0
0.0
0.0
0.0
0.0
0.372714
0.0
0.0
0.0
0.0
0.0
0.0
0.0
0.0
0.0
0.0
0.0
0.0
0.0
0.0
0.0
0.0
0.0
0.0
0.0
0.0
0.0
0.0
0.0
0.0
0.0
0.0
0.0
0.0
0.0
0.0
0.0
-2.23132
0.0
0.0
0.0
0.0
0.0
0.0
0.0
0.0
0.0
0.0
0.0
0.0
0.0
0.0
0.0
0.0
0.0
0.0
0.0
0.0
0.0
0.0
0.0
0.0
0.0
0.0
0.0
0.0
0.0
0.0
0.0
0.0
0.0
0.0
0.0
0.0
0.0
0.0
0.0
0.0
-0.206756
0.0
0.0
0.0
0.0
0.0
0.0
0.0
0.0
0.0
0.0
0.0
-0.383977
-0.256761
0.235547
-0.0573217
-0.0491678
-0.0484375
-1.26348
-0.367288
1.35071
0.077425
0.010431
-0.0605173
0.121526
-0.28844
0.198148
0.527095
0.978357
-0.146138
-0.361259
-0.10422
-0.31645
-0.691887
-0.131801
0.486249
-0.0861799
0.0989884
0.0
0.0
0.0
0.0
0.0
0.0
0.0
0.0
0.400858
0.0
0.0
0.555647
0.0
0.0
0.0
0.0
0.0
0.0
0.0
0.0
0.0
0.0
0.0
0.0
0.0
0.0
0.0
-0.982374
0.0
0.0
0.0
0.0
0.0
0.0
0.0
0.0
0.0
0.0
0.0
0.0
0.0
0.0
0.0
0.0
0.0
0.0
0.0
0.0
0.0
0.0
0.0
0.0
0.0
0.0
0.0
0.0
0.0
0.0
0.0
0.0
0.0
0.0
0.0
0.0
0.0
0.0
0.0
-1.24346
0.0
0.0
0.0
0.0
0.0
0.0
0.0
0.0
0.0
0.0
0.0
0.0
0.0
0.0
0.0
0.0
0.0
0.0
0.0
0.0
0.0
0.0
0.0
0.0
0.0
0.0
0.0
0.0
0.0
0.0
0.0
0.0
0.0
0.0
0.0
0.943813
0.0
0.0
0.0
0.0
0.0
0.0
0.0
0.0
0.0
0.0
0.0
0.0
0.0
0.0
0.0
0.0
0.0
0.0
-0.119012
0.0
0.0
0.0
0.0
0.0
0.0
0.0
0.0
0.0
0.0
0.0
0.0
0.0
0.0
0.0
0.0
1.08654
0.0
0.0
0.0
0.0
0.0
0.0
0.0
0.0
0.0
0.0
0.0
0.0
0.0
0.0
0.0
0.0
0.0
0.0
0.0
0.0
0.0
0.0
0.0
0.0
0.0
0.0
0.0
0.0
0.0
0.0
0.0
0.0
0.0
0.0
0.0
0.0
0.0
0.0
0.0
0.0
0.0
0.0
0.0
0.0
0.0
0.0
0.0
0.0
0.0
0.0
0.0
0.0
0.0
0.0
0.0
-0.14035
0.0
-0.0220604
0.0
0.0
0.0
2.86469
0.0
0.0
0.0
-1.28215
0.0
0.0
0.0
0.0
0.0
0.365902
0.0
-1.68893
0.0
0.0
0.0
0.0
0.0
0.0
0.0
0.0
0.0
0.0
0.0
-1.57914
0.0
0.0
0.0
0.0
0.0
0.0
0.0
0.0
0.0
-0.322913
0.0
-0.625822
-0.263821
0.0
0.0
0.0
0.0
0.0
0.0
0.0
0.0
0.0
0.0
0.0
0.0
0.0
0.0
0.0
0.0
0.0
0.0
0.0
0.0
0.0
0.0
-0.689534
0.0
0.0
0.0
0.373064
0.0
0.0
0.0
0.0
0.0
0.0
0.0
0.0
0.0
0.0
0.0
0.0
0.0
0.0
0.0
0.0
0.0
0.0
0.0
0.0
0.0
0.0
0.0
0.0
0.0
0.0
0.0
0.0
0.0
0.0
0.0
0.0
0.0
0.0
0.0
0.0
0.0
0.0
0.0
0.0
0.0
0.0
0.0
0.0
0.0
0.0
0.0
0.38328
0.0
0.0
0.0
0.0
0.0
0.0
0.0
0.0
0.0
0.0
0.0
0.284032
-0.105792
0.0141816
-0.136057
-0.00113353
-0.208764
0.036676
-0.0810523
0.429722
-0.045621
0.0401889
0.112841
-0.247979
-0.207292
0.0331583
0.0735139
0.227478
-0.091585
1.44406
0.605489
-0.868711
-0.150369
0.0879225
-0.034434
0.0959358
0.0
1.50629
0.0
0.0
0.0
0.0
0.0
0.0
0.0
0.0
0.0
0.0
0.0
0.0
0.0
0.0
0.0
0.0
0.0
0.0
0.0
0.0
0.0
0.0
0.0
0.0
0.0
0.0
0.0
0.0
0.0
0.0
0.0
0.0
-0.838086
0.0
0.0
-1.28418
0.0
0.0
0.0
0.0
0.0
0.0
0.0
0.0
0.0
0.0
0.0
0.0
0.0
0.0
0.0
0.0
0.0
0.0
0.0
-0.999448
0.0
0.0
0.0
0.0
0.0
0.0
0.0
0.0
0.0
0.0
0.0
0.0
0.0
0.0
0.0
0.0
0.0
0.0
0.0
0.0
0.0
0.0
0.0
0.0
0.0
0.0
0.0
0.0
0.0
0.0
0.0
0.0
0.0
0.0
0.0
0.0
0.0
0.0
0.0
0.0
0.0
0.0
0.0
0.0
0.0
0.0
0.0
0.0
0.0
0.0
0.0
0.0
0.0
0.0
0.0
0.0
0.0
0.0
0.0
0.0
0.0
0.0
0.0
0.0
0.0
0.0
0.0
-0.152273
0.0
0.0
0.0
0.0
0.0
0.0
0.0
0.0
0.0
0.0
0.0
0.0
0.0
0.0
0.0
0.0
0.0
0.0
0.0
0.0
0.0
0.0
0.0
0.0
0.0
0.0
0.0
0.0
0.0
0.0
0.0
0.0
0.0
1.09032
0.0
0.0
0.0
0.0
0.0
0.0
0.0
0.0
0.0
0.0
0.0
0.0
0.0
0.0
0.0
0.0
0.0
0.0
0.0
0.0
0.0
0.0
0.0
0.0
0.0
0.0
0.0
0.0
0.0
-0.654879
0.0
0.0
0.0
0.0
0.0
0.0
0.0
0.0
0.0
-0.559786
0.0
0.0
0.0
0.0
0.0
0.0
0.0
0.0
0.0
0.0
0.0
0.0
0.0
0.0
0.0
-0.0480761
-1.04318
1.42684
0.0
0.0
0.0
0.0
0.0
0.0
0.0
0.0
0.0
0.0
0.0
-0.581515
0.0
0.0
0.0
0.0
0.0
0.0
0.0
0.0
0.0
0.0
0.0
0.0
0.0
-0.393649
0.0
0.0
0.0
0.0
0.0
0.0
0.0
0.0
0.0
0.0
0.0
0.0
0.0
0.0
0.0
0.0
0.0
0.0
0.0
0.0
0.0
0.0
0.0
0.0
0.0
0.0
0.0
0.0
0.0
0.0
0.0
0.0
0.0
0.0
0.0
0.0
0.0
0.0
0.0
0.0
0.0
0.0
0.0
0.0
0.0
0.0
0.0
0.0
0.0
0.0
0.0
0.0
0.0
0.0
0.181013
0.456417
0.0
0.0
0.0
0.0
0.0
0.0
0.0
0.0
0.0
0.0
0.0
0.0
0.0
0.0
0.0
0.0
0.0
0.0
0.0
0.0
0.0
0.0
0.0
0.0
0.0
0.0
0.0
0.0
0.0
0.0
0.0
0.0
0.0
0.0
-0.180058
0.0
0.0
0.0
0.0
0.0
0.0
0.0
0.0
0.0
0.0
0.0
0.0
0.0
0.0
-0.59362
0.0
0.0
0.0
0.0
0.0
0.0
0.0
0.394711
0.0
0.0
0.0
0.0
0.0
0.0
0.0
0.0
0.0
0.0
0.0
0.0
0.0
0.0
0.252037
0.0
0.0
-0.432039
0.0791413
0.264307
0.0619189
0.0401881
0.104035
0.213673
-0.343481
0.37511
0.00511198
-0.0223202
-0.32643
0.00520463
0.386719
0.0625419
0.293795
0.29215
-0.426627
0.0310184
0.0900727
-1.12378
-0.236127
-0.546426
-0.0174613
-0.0742435
0.0
0.0
0.0
0.0
0.0
0.0
0.0
0.0
0.0
0.0
0.0
0.0
0.0
0.0
0.0
0.0
0.0
0.0
0.0
0.349472
0.0
0.0
0.0
0.0
0.209089
0.0
0.0
0.0
0.0
0.0
0.0
0.0
0.0
0.0
0.0
0.0
0.0
0.0
0.0
0.0
0.0
0.0
0.0
0.0
0.0
0.0
0.0
0.0
0.0
0.0
0.0
0.0
0.0
0.0
0.0
0.618872
0.0
0.0
0.0
0.0
0.0
0.0
0.0
0.0
0.0
0.0
0.0
0.0
0.0
0.0
0.0
0.0
0.0
0.0
0.0
0.0
0.0
0.0
0.0
0.0
0.0
0.0
1.76434
0.0
0.0
0.0
0.0
0.0
-0.0694162
0.0
0.0
0.0
0.0
0.0
0.0
0.0
0.0
0.0
0.0
0.0
0.0
0.0
0.0
0.0
0.0
0.0
0.0
0.0
0.0
0.0
0.0
0.0
0.0
0.0
0.0
0.0
0.0
0.0
0.0
0.0
0.0
0.0
1.26664
0.0
0.0
0.0
0.0
0.0
0.0
0.0
0.0
0.0
0.0
0.0
0.0
-0.526579
0.0
0.0
0.0
0.0
0.0
0.0
0.0
0.0
0.0
0.0
0.0
0.0
0.0
0.0
0.0
0.0
0.0
0.0
0.0
0.0
0.0
0.0
0.0
0.0
0.0
0.0
0.0
0.0
0.0
0.0
0.0
0.0
0.0
0.0
0.0
0.0
0.0
0.586629
0.0
0.0
0.0
0.0
0.0
0.0
0.0
0.0
0.0
0.0
0.0
0.0
0.0
0.0
0.0
0.0
0.0
0.0
0.0
0.0
0.0
0.0
0.0
0.0
0.0
0.0
0.0
0.0
0.0
0.0
0.0
0.0
0.0
0.599269
0.0
0.0
0.0
0.0
0.0
0.0
0.0
0.0
0.0
0.0
0.0
0.0
0.0
0.0
0.0
-0.946877
0.0
0.0
0.0
0.0
0.0
0.0
0.0
0.0
0.0
0.0
0.0
0.0
0.0
0.0
0.0
0.0
0.0
0.0
0.0
0.0
0.0
0.0
0.0
0.0
0.0
0.0
0.0
0.0
0.0
0.0
0.0
0.0
0.0
0.0
0.0
0.0
0.0
0.0
0.0
0.0
0.0
0.0
0.0
0.0
0.630357
0.0
0.0
0.0
0.0
0.0
0.0
0.0
0.0
0.0
0.0
0.0
0.0
0.0
0.0
0.0
0.0
0.0
0.0
0.0
0.0
0.0
0.0
0.0
0.0
0.0
0.0
0.0
0.0
0.0
0.0
0.0
0.0
0.0
0.0
0.0
0.0
1.46606
0.0
0.0
0.0
0.0
0.0
0.0
0.0
0.0
0.0
0.0
0.0
0.0
0.0
0.0
0.0
0.0
0.0
0.0
0.0
-0.0104821
-0.174481
-0.0882843
0.0796113
0.0808247
-0.182048
0.0515854
-0.102795
0.35682
0.0887891
-0.0283624
0.0580202
-0.245981
0.146725
-0.288494
0.079338
0.404287
-0.135805
0.00537969
-0.246715
-0.807537
-0.276593
-0.446192
-0.00661719
-0.0344035
0.0
0.0
0.0
0.0
0.0
0.0
0.0
0.0
0.0
0.0
0.0
0.0
0.0
0.0
0.0
0.0
0.0
0.0
0.0
0.0
0.0
0.0
0.0
0.0
0.0
0.0
0.0
0.0
0.0
0.0
0.374677
0.0
0.0
0.0
0.0
0.0
0.0
0.0
0.306529
0.0
0.0
1.05423
0.0
0.0
0.0
0.0
0.0
0.0
0.0
0.0
0.0
0.0
0.0
0.0
0.0
0.0
0.0
0.0
0.0
0.0
0.0
0.0
0.0
0.0
0.0
0.0
0.0
0.0
0.0
0.0
0.0
0.0
0.0
0.0
0.0
0.0
0.0
0.0
0.0
-0.532979
0.0
0.0
0.0
0.0
0.0
0.0
0.0
0.0
0.0
0.0
0.0
0.0
0.0
0.0
0.0
0.0
0.0
-1.89322
0.0
0.0
0.0
0.0
0.0
0.0
0.0
0.0
0.0
0.0
0.0
0.0
0.0
0.0
0.0
0.0
0.0
0.0
0.0
0.0
0.0
0.0
0.0
0.0
0.0
0.0
0.0
0.0
0.330935
0.0
0.0
0.0
0.0
0.0
0.0
0.0
0.0
0.0
-0.390646
0.0
0.0
0.0
0.0
0.0
0.0
-0.786035
0.0
-1.42649
0.0
0.0
0.0
0.0
0.0
0.0
0.0
0.0
0.0
0.0
0.0
0.0
0.0
0.0
0.0
0.0
0.0
0.0
0.0
0.0
0.0
0.0
0.0
0.0
0.0
0.0
0.0
0.0
0.0
0.0
0.0
0.0
0.0
0.247761
0.0
0.0
0.0
0.0
0.0
0.0
0.0
0.0
0.0
0.0
0.0
0.0
0.793059
0.0
0.0
0.0
0.0
0.0
-0.565175
0.0
0.0
0.0
0.0
0.0
0.0
0.0
0.0
0.0
0.0
0.0
0.0
0.0
0.0
0.0
0.0
-0.657212
0.0
0.0
0.0
0.0
0.0
0.0
0.0
0.0
0.0
0.0
0.0
0.0
0.0
0.0
0.0
0.0
0.0
0.0
-0.434944
0.0
-1.81611
0.0
0.0
0.0
0.0
0.0
1.89717
0.0
0.0
0.0
0.0
0.0
0.0
0.0
0.0
0.0
0.0
0.0
0.0
0.0
0.0
0.0
0.0
0.0
0.0
0.0
0.0
0.0
0.0
0.0
0.0
0.0
0.0
0.0
0.0
0.0
0.0
0.0
-0.345275
0.0
0.0
0.0
0.0
0.0
0.0
0.0
0.0
0.0
0.0
0.0
0.0
0.0
0.0
0.0
0.0
0.0
0.0
0.0
0.0
0.0
0.0
0.538872
0.0
0.0
0.0
0.0
0.0
0.0
0.0
0.0
0.0
0.0
0.0
0.0
0.0
0.0
0.0
0.0
0.0
0.0
0.0
0.0
0.0
0.600578
0.0
0.0
0.0
0.0
0.0
1.15173
0.0
0.0
0.0
0.0
0.0
0.0
0.0
0.0
0.0
0.0
0.713339
0.0
0.0
0.0
0.0
0.0
0.0
0.0
0.0
0.0
0.0
0.0
0.0
0.0
0.0
0.0
0.0
0.0
0.0
0.0
0.0
0.0
0.0
0.0
0.0
0.0
0.0
0.0
0.0
0.0
0.0
0.0
0.0
0.0
0.0
0.0
0.0
0.0
0.0
0.0
0.0
0.0
0.0
0.0
0.0
0.0
0.0
0.0
0.0
0.0
0.0
0.0
0.0
0.87253
0.0
0.0
0.0
0.0
-0.486946
0.0
0.0
0.0
0.0
0.0
0.0245389
0.0929408
0.731829
-0.0260959
0.116586
0.0796879
-0.0479248
-0.221195
0.804141
0.143303
-0.0141947
-0.133969
-0.112348
0.0624964
0.244344
0.09313
0.36675
-0.207139
0.000517232
-0.424796
-1.19115
0.0488264
-0.243215
-0.228438
-0.243165
0.0
0.0
0.968514
0.0
-0.560868
0.0
0.0
0.0
0.0
0.0
0.0
0.0
0.0
0.0
0.668876
0.0
0.0
0.0
0.0
0.0
0.0
0.0
0.0
0.0
0.226116
-0.586803
0.0
0.0
0.0
0.0
0.0
0.0
0.0
0.0
0.0
0.0
0.0
0.0
0.0
0.0
0.0
0.0
0.0
0.0
0.0
-0.189172
0.0
0.0
0.0
0.0
0.0
0.0
0.0
0.0
0.0
0.0
0.0
0.0
1.52762
0.0
0.0
0.0
0.0
0.0
0.0
0.0
0.0
0.0
0.0
0.0896108
0.0
0.0
0.0
0.0
0.0
0.0
0.0
0.0
0.0
0.0
0.0
0.0
0.0
0.0
0.0
0.0
0.0
0.0
0.0
0.0
0.0
0.0
0.0
0.0
0.0
0.0
0.0
0.0
0.0
0.0
0.0
0.0
0.0
0.0
0.0
0.0
0.0
0.0
0.0
-0.604557
-0.402098
0.0
0.0
0.0
1.24927
0.0
0.0
0.0
0.0
0.0
0.0
0.0
0.0
0.0
1.34983
0.0
0.0
0.0
0.0
0.0
0.0
-0.301985
0.0
0.0
0.0
0.0
0.0
0.0
0.0
0.0
0.0
-0.921256
0.0
0.0
0.0
0.0
0.0
0.0
0.0
0.0
0.0
0.0
0.0
0.0
0.0
0.0
0.0
0.0
0.0
0.0
0.0
-0.738651
0.0
0.0
0.0
0.0
0.0
0.0
0.0
0.0
0.0
0.0
0.0
0.0
0.0
0.0
0.0
0.0
0.0
0.0
0.0
0.0
0.0
0.0
0.0
0.0
0.0
0.0
0.0
0.0
2.56331
-0.159988
0.0
0.0
0.0
0.0
0.0
0.0
0.0
0.0
0.0
0.0
0.0
0.0
1.71725
0.0
0.0
0.0
0.0
0.0
0.0
0.0
0.0
0.0
0.0
0.0
0.0
-0.536034
0.0
0.0
0.0
0.0
0.0
0.0
0.0
0.0
0.0
0.0
0.0
0.0
0.0
0.0
0.0
0.0
0.0
0.0
0.0
0.0
0.0
0.0
0.0
0.0
0.0
0.0
0.0
0.0
0.0
0.0
0.0
0.0
0.0
-0.368256
0.0
-0.579375
0.0
0.0
0.0
0.0
0.0
0.0
0.627811
0.0
0.0
0.0
0.0
0.0
-0.0197376
0.0
0.0
0.0
0.0
0.0
0.0
0.0
0.0
0.151248
0.10267
-0.0509429
0.0755519
0.060955
-0.115671
0.0613089
-0.113502
0.450039
0.0160593
-0.00167694
0.0163871
-0.232752
0.0369479
-0.266121
0.0561512
0.360701
-0.152961
0.00314722
-0.232264
-0.866243
-0.210965
-0.204531
-0.0041545
0.0361634
0.0
0.0
0.0
0.0
0.0
0.0
0.0
0.0
0.0
0.0
0.0
0.0
0.0
0.0
0.0
0.0
0.0
0.0
0.0
0.0
0.0
0.0
0.0
0.0
0.0
0.0
0.0
0.0
0.0
0.0
0.0
-0.0900912
0.0
0.0
0.0
0.452428
0.0
0.0
0.0
0.0
0.0
0.0
0.0
0.0
0.0
0.0
0.0
0.0
0.0
0.0
0.0
0.0
0.0
0.811096
0.0
0.0
0.0
0.0
0.0
0.0
0.0
0.0
0.0
0.0
0.0
0.0
-1.0835
0.0
0.0
0.0
0.0
0.0
0.0
0.0
0.0
-0.728126
-0.120279
0.522199
-0.10032
0.0750026
0.099619
0.0688896
-0.467528
0.691714
0.206956
0.0419702
-0.148328
-0.0638385
0.117719
0.574845
0.0805443
0.356251
-0.266245
0.0974365
0.17461
-1.1991
-0.0281532
-0.859967
-0.0274488
-0.11027
0.0
0.0
1.10452
0.0
0.0
0.0
0.0
0.0
0.0
0.0
0.0
0.0
0.0
0.0
0.0
0.0
0.0
0.0
0.0
0.0
0.0
0.0
-0.469541
0.0
0.0
0.0
0.0
0.0
0.0
0.0
0.0
-0.629671
0.0
0.0
0.0
0.0
0.0
0.0
0.0
0.0
0.467714
0.0
0.0
0.0
0.0
-1.29149
0.0
0.0
0.0
0.0
0.0
0.0
0.0
0.0
0.0
0.0
0.0
0.0
0.0
0.0
0.0
0.0
0.0
0.0
0.0
0.0
0.0
1.47962
0.0
0.0
0.0
-0.896795
0.287387
0.0
0.0
0.0
0.0
0.0
0.0
0.0
0.0
0.0
-0.625492
0.0
0.0
0.0
0.0
0.0
0.0
0.0
0.0
0.0
0.0
0.0
0.0
0.0
0.0
0.0
0.0
0.0
0.0
0.0
-0.272841
0.0
0.0
0.0
0.0
0.0
0.0
-0.0357435
0.0
0.0
0.0
0.0
0.0
0.0
0.0
0.0
0.0
-0.0499981
0.165713
0.0
0.0
0.0
0.0
0.0
0.0
0.0
0.0
0.0
0.0
0.0
0.0
0.0
0.0
0.0
0.0
0.0
0.0
0.0
0.0
0.0
0.0
0.0
0.0
0.0
0.0
0.0
0.0
0.0
0.0
0.0
0.0
0.0
1.41055
0.0
0.0
0.0
0.0
0.0
-0.36925
0.0
0.0
0.0
0.0
0.0
0.0
0.0
0.0
-1.68587
0.0
0.0
0.0
0.0
0.0
0.0
0.0
0.0
0.0
0.0
0.704552
0.0
0.0
0.0
0.0
0.0
0.0
-1.76168
0.0
0.0
0.0
0.0
0.0
0.0
0.0
0.0
0.0
0.0
0.0
0.0
0.0
0.0
0.0
0.850836
0.0
0.0
0.0
0.0
0.0
0.0
0.256328
0.0
0.0
0.744065
0.0
0.0
0.0
0.0
0.0
0.0
0.0
0.0
0.0
-0.542224
0.0
-0.25119
0.215514
-0.0863513
0.029655
-0.00495415
-0.118754
0.0619709
-0.0535907
0.448155
0.0754139
0.023956
0.00816756
-0.2293
0.0201466
-0.194886
0.132225
0.306062
-0.204773
-0.00592775
-0.169314
-0.895004
-0.177865
-0.194753
0.0171419
0.0407628
0.0
0.0
0.0
0.0
0.0
0.0
0.0
0.0
0.0
0.0
0.0
0.0
0.0
0.0
0.0
0.0
0.0
0.0
0.0
0.0
0.0
0.0
0.0
0.0
0.0
0.0
0.0
0.0
0.0
0.0
0.0
0.0
0.0
0.0
0.0
0.0
0.0
0.0
0.0
0.0
0.0
0.0
0.0
0.0
0.0
0.0
0.0
0.0
0.0
0.0
0.0
0.0
0.0
0.0
0.0
0.0
-1.21797
-0.853786
0.0
0.0
0.0
0.0
0.0
0.0
0.0
0.0
0.0
-0.46754
0.0
0.326798
0.0
0.0
0.0
0.0
0.0
0.0
0.0
0.0
0.0
0.0
0.0
0.0
0.0
0.0
0.0
0.0
0.0
0.0
-0.345452
0.0
0.0
0.0
0.0
0.0
0.0
0.0
0.0
-1.1077
0.0
0.0
0.0
0.0
0.0
0.0
0.0
0.0
0.0
0.0
-0.81311
0.0
0.0
0.0
0.0
0.0
0.0
0.0
0.0
0.0
0.0
0.0
0.0
0.0
-0.828959
0.0
0.0
-0.669932
0.0363838
0.727355
0.0785592
0.0764996
0.119319
0.13955
-0.243949
0.622166
-0.0763629
0.000117804
-0.244224
0.0133853
0.190677
0.401673
0.225124
0.323476
-0.312855
-0.0251103
0.258358
-1.23243
-0.0676821
-0.535824
1.6452
-0.144487
0.0
0.0
0.0
0.0
0.0
0.0
0.0
0.0
0.0
0.0
0.0
0.0
0.0
0.0
0.0
-0.0411306
0.0
-1.99119
0.0
0.0
0.0
0.0
0.0
1.31531
0.0
0.0
0.0
0.0
-1.41753
0.0
0.0
0.0
0.0
0.0
0.0
0.0
0.0
0.0
0.265062
-0.45392
0.536145
0.0
0.0
0.0
0.0
0.0
0.0
0.0
0.0
0.0
0.0
0.0
0.0
0.0
0.0
0.0
0.0
0.0
0.0
0.0
0.0
0.0
0.0
0.0
0.0
0.0
0.0
0.0
0.0
0.114556
0.0
0.0
0.0
0.0
0.0
0.0
0.0
0.0
0.0
0.0
0.0
0.0
0.0
0.0
0.0
0.0
-0.184678
-1.2984
0.0
0.0
0.0
0.0744521
0.0
0.0
0.0
0.0
0.0
0.0
0.0
0.0
0.0
0.0
1.27304
1.64169
0.0
0.0
0.0
0.0
1.72236
0.0
0.0
0.0
0.0
0.0
0.0
0.0
0.0
0.0
0.0
0.0
0.0
0.0
0.0
0.2683
-0.164631
0.294202
0.0
0.0
0.0
0.0
0.0
0.0
0.0
0.0
0.0
0.0
0.0
1.37254
0.0
0.0
0.0
0.0
-0.144914
0.0
0.0
0.0
0.0
0.0
0.0
0.0
0.0
0.0
0.0
0.0
0.0
0.0
0.0
0.0
0.0
0.0
0.0
0.0
0.0
0.0
0.0
0.0
0.0
0.0
0.0
0.0
0.0
0.0
0.0
0.0
0.0
0.0479574
0.22314
-0.169535
0.180597
0.0250181
-0.0612436
-0.00376155
-0.142934
0.531287
-0.0868502
0.00717657
-0.00981897
-0.270122
0.0133692
-0.268654
0.0844666
0.361685
-0.152987
-0.0252236
-0.175312
-0.885913
-0.182738
-0.362241
0.0484082
-0.029432
0.0
0.0
0.0
0.0
0.0
0.0
0.0
0.0
0.0
0.0
0.0
0.0
0.0
0.0
0.0
0.0
0.0
0.0
0.0
0.0
0.0
0.0
0.0
0.0
0.0
0.0
0.0
0.0
0.0
0.0
0.0
0.0
0.0
0.0
0.0
0.0
0.0
0.0
0.0
0.0
0.0
2.19149
0.0
0.0
0.0
0.0
0.0
0.0
0.0
0.0
0.0
0.0
0.0
0.0
0.0
0.187295
-0.81772
0.0
0.0
0.0
0.0
2.49935
-0.788051
0.0
0.0
0.0
0.0
0.0
0.0
0.0
0.0
0.0
0.0
0.0
0.0
2.94707
0.0
0.0
0.0
0.0
0.0
0.0
0.0
0.0
0.0
0.0
0.0
0.0
0.0
0.0
0.0
0.0
0.0
0.0
0.0
0.0
0.0
0.0
0.0
0.0
0.0
0.111821
0.0
0.0
0.0
0.0
0.0
0.0
0.0
0.0
0.0
0.0
0.0
0.0
0.0
0.0
0.0
0.0
0.0
0.0
0.0
0.0
0.0
0.0
0.0
0.0
0.0
0.0
0.0
0.0
0.0
0.0
0.0
0.0
0.0
0.0
0.0
0.0
0.0
1.15094
0.0
0.0
0.0
-1.74792
0.0
0.0
0.0
0.0
0.0
0.0
0.0
0.0
0.0
0.0
0.0
0.0
0.0
0.0
0.0
0.171218
0.0
0.0
0.0
0.0
0.0
0.0
0.0
0.0
0.0
0.0
0.0
0.0
0.0
0.0
0.0
0.0
0.0
0.0
0.0
0.0
0.0
0.0
0.0
0.0
0.0
0.0
0.0
0.0
0.0
0.0
0.0
0.0
-0.314796
0.0
-1.00876
0.0
0.0
0.0
0.0
0.0
-0.683677
-0.134742
0.691862
-0.0278154
0.118462
0.141469
0.185399
-0.340446
0.561878
-0.0773876
0.00826364
-0.232476
0.121024
0.118843
0.642299
0.17576
0.280646
-0.304126
0.00831591
0.277466
-1.30895
-0.0798421
-0.510495
-0.858912
-0.115218
0.603505
0.0
0.504938
-0.127128
0.0
0.0
0.0
0.0
0.0
0.0
0.0
0.0
0.0
0.0
0.0
0.0
0.0
0.0
0.0
0.0
-1.01311
0.0
0.0
0.0
0.0
-0.93965
-0.119547
0.664062
-0.51453
0.251639
0.194464
0.401904
-0.235788
0.179848
0.00147646
-0.00511991
-0.201574
0.363835
0.13142
0.509025
0.111237
0.23782
-0.414644
0.318246
-0.214019
-1.41675
-0.204705
-0.369744
0.00398518
-0.198515
0.0
0.0
0.0
0.0
0.0
0.0
0.0
0.290791
-0.145016
0.0
0.0
0.0
0.0
0.0
1.1266
0.0
0.0
0.0
0.0
0.0
0.0
0.0
0.0
0.0
0.0
-0.802453
-0.60723
1.3069
-0.134869
0.274981
0.402902
-0.0154036
0.130286
0.244175
0.018557
-0.0364431
-0.0964116
1.18655
0.0707452
0.816065
0.220622
0.281235
-0.76986
0.00961649
-0.140098
-1.99809
-0.0663069
-0.837857
-0.0182248
-0.504265
0.0
0.0
0.0
0.0
0.0
0.0
0.0
0.0
0.0
0.0
0.0
0.0
0.0
0.0
0.0
0.0
0.0
0.0
0.0
0.0
0.0
0.0
0.0
0.0
0.0
0.0
0.0
0.0
0.0
0.0
0.0
0.0
0.0
0.0
0.0
0.0
0.0
0.0
0.0
0.0
0.0
0.0
0.0
0.0
0.0
0.0
0.0
0.0
0.0
0.0
0.0
0.0
0.0
0.0
0.0
0.0
0.0
0.0
0.0
0.0
0.0
0.0
0.0
0.0
0.0
0.0
0.0
0.0
0.0
0.0
0.0
0.0
0.0
0.0
0.0
0.0
0.0
0.0
0.0
0.0
0.0
0.0
0.0
0.0
0.0
0.0
0.0
0.0
0.0
0.0
0.0
0.0
0.0
0.0
0.0
0.0
0.0
0.0
0.0
0.0
0.0
-1.23678
0.0
0.0
0.0
0.0
0.0
0.0
0.0
-1.20381
0.0
0.0
0.0
0.0
0.0
0.0
0.0
0.0
0.0
0.0
0.045343
0.0
0.0
0.0
0.0
3.16715
0.435792
-2.61066
-0.0491797
-0.424819
-0.14906
1.70843
0.982928
0.8356
-0.796634
-0.266052
-1.2078
-2.4758
-1.22936
2.29363
1.99031
0.391867
1.55997
-0.246368
-0.583097
-0.00753748
-0.139541
1.94142
0.300878
-0.62308
-3.37031
-0.649465
2.51307
-0.154069
0.553913
-0.366408
-1.73045
-1.31714
-1.07879
0.549342
-0.0490031
2.44747
2.66008
1.5549
-2.18587
-2.07309
-0.497827
-1.49451
0.198088
0.793125
0.708173
-0.0727864
-1.95109
0.0995098
0.225537
-0.0642351
0.213153
-0.313832
0.0112536
0.581384
-1.87973
-0.390794
-0.00456776
0.634561
-1.10503
-0.0210471
-0.523496
-0.105212
0.00773785
0.338349
-0.955258
-0.605686
-0.240654
-0.438457
0.693843
1.8269
-0.85309
-0.679855
-0.241596
0.106843
2.29409e-06
0.526874
1.0174
-0.1397
-1.0614
0.55863
0.545804
-0.797658
-0.404016
1.09013
-0.363583
0.347609
0.269381
0.259534
-0.088376
0.236587
-0.51877
0.437224
0.335887
-0.136954
1.08221
0.632459
0.0278511
-0.0708956
-0.350192
-0.203327
-0.212946
-0.0966896
-0.203105
-0.206745
-0.515849
-0.0229401
-0.334267
-0.244125
-0.247365
-0.315022
0.234575
0.180144
0.325402
0.107949
-0.0825069
-0.106615
0.065193
-0.0482296
0.209703
0.702163
-0.210916
-0.00837366
0.400242
0.030033
0.154912
-0.214428
-1.01228
-0.121791
-1.67342
-0.856598
0.515688
0.403477
-0.743311
-0.485172
0.141009
0.190246
0.392847
0.0640453
0.223685
-1.78667
-1.00317
-0.00688036
1.20339
0.0638481
0.337814
0.529927
-0.683576
-0.421874
0.176038
1.51127
0.422067
-0.363104
0.0870237
0.157564
-0.514878
0.433789
-0.359712
0.674372
-0.377313
0.0949923
0.0695522
1.55697
0.688494
0.0185979
-0.30855
0.713651
0.572271
0.982459
-0.106218
-0.831467
0.265589
-0.153775
-0.382864
-0.0168655
1.2893
-0.15382
-1.36365
0.0800857
-2.38974
1.34177
1.13438
-1.37664
-0.893752
-0.149231
-0.0048921
-0.233166
1.28047
0.582289
-1.45723
-1.77883
-2.54318
-1.16926
-0.0518555
0.536076
0.77084
1.28282
-0.71389
-0.105537
-0.020978
1.51166
-1.75606
-2.34298
-0.114259
2.97305
-0.240841
-0.0729929
-0.31349
-0.0309845
-0.0170001
0.109949
0.157498
-1.19272
2.62446
-2.65705
1.85222
2.03942
-0.113591
0.0660932
-0.262831
-0.373148
-0.78291
0.20042
0.45479
1.26107
0.773887
2.4595
0.550205
2.42204
3.46944
-2.42978
0.909409
-0.802098
0.777407
-0.0348839
0.106922
2.12476
-0.894595
-0.262394
2.85423
3.5678
1.53991
-3.46863
-0.024453
-0.243922
0.837328
-0.686687
0.27799
0.653927
1.77764
0.826638
-2.81245
2.27879
2.12065
1.42917
2.0502
0.42442
3.41388
-1.68612
0.113267
0.0148385
-1.68563
-1.74502
-2.94915
1.75813
0.956676
-2.15928
-0.456457
0.223159
-0.127204
1.00875
0.0191068
0.205863
-0.263995
0.238583
1.29957
1.12684
1.04999
2.49121
-2.12839
1.55116
1.21767
-1.13909
-0.702376
-0.00987005
0.113825
0.752892
1.3177
0.297882
0.338026
-3.05637
-1.50215
2.84794
-1.78184
2.58192
0.347075
1.21139
-1.51574
-0.475979
-0.056887
0.0517963
-0.928206
-1.29267
-0.246112
1.62998
-0.925429
0.939015
4.72738
-0.0814561
2.71271
0.0126091
0.818698
1.29783
-0.720703
-1.01181
0.560412
-0.808789
-2.63861
-5.0307
1.47157
0.0367281
-0.982621
-0.508413
-0.248873
-0.608491
0.492027
0.830991
-0.151445
-0.0838344
-0.122946
0.197874
-2.50024
-1.76074
-1.74032
-1.11796
0.0702688
-0.431648
0.710272
-0.396919
0.0401528
0.692149
-0.737799
0.249748
-2.78112
2.44628
-2.02001
0.0702021
0.213407
0.0424183
0.111563
-0.608508
-0.845023
-0.801881
-0.0702262
-0.62446
-0.247958
-1.55069
5.15888
0.758167
4.38046
-0.0153
0.697997
-0.267715
-0.619869
-0.965878
-0.357219
1.55544
0.687613
-2.0937
-2.01051
1.55504
-3.01003
1.14041
2.72143
-0.0159652
-0.217387
-0.354365
-0.417943
-0.102915
0.533056
-0.145674
1.27466
0.421874
2.00437
-2.48377
1.80693
0.193292
0.00755965
0.266381
0.322915
0.216234
0.520283
-0.119386
0.0612459
-0.319924
-1.26992
-2.57813
-1.53962
2.87831
0.301533
-0.425283
0.861414
-0.479246
-0.0988061
1.19963
-0.804743
-0.13274
0.20016
-0.426973
2.58277
-2.61134
0.33613
-0.165662
-0.31202
-0.15368
0.991453
2.36699
-0.288252
0.225274
-0.167798
-1.75684
0.243632
1.50993
-1.76804
0.0405262
-0.608259
-0.575488
0.180573
-0.135176
-1.68041
0.197337
0.462321
-1.57862
-0.367765
-1.97038
2.94435
-1.80959
-0.132409
0.526866
-1.16945
0.166751
-1.9235
1.06742
-0.487903
0.185873
1.08193
1.68337
-2.86981
1.99086
-0.09795
-3.20286
1.47485
-0.35357
-0.0444397
-0.725652
0.624785
-0.437371
-1.33099
0.0715694
-0.253203
0.00617683
-0.188133
2.07253
-1.00079
1.98557
-0.161942
-0.692775
0.664841
-0.268941
0.199585
-1.12564
-0.0472142
0.233602
0.474211
2.9217
-1.39749
1.5076
0.251083
0.0322983
-0.248957
0.0983381
-0.0692709
0.172389
0.0679402
-0.112146
0.115461
-0.334575
-0.367047
-2.68005
-1.5922
0.709306
0.676439
-1.10106
0.819215
-0.0336622
-0.245143
0.463284
-0.240665
-0.392204
-2.6185
0.568961
-2.25139
-0.456136
2.03703
1.77703
-0.0102411
-0.215528
-0.115451
0.951064
0.0253975
0.0870843
0.684238
-0.124178
-0.347472
1.40523
-0.869724
4.22693
-0.61377
0.107228
-0.493719
1.10759
-1.73472
0.217486
0.853868
0.481857
-1.97301
-2.90333
-1.31812
-0.0704888
-0.0139301
0.585436
-1.93547
-1.14336
1.03266
0.00762702
0.035154
-1.6796
-1.31931
-0.0169237
-1.94258
5.27049
2.77622
-1.65507
-1.1299
-0.137638
-0.53367
-0.0677587
-0.434642
0.648036
0.640634
0.355667
-0.785786
0.406114
0.0194722
-2.68466
3.03923
2.39742
-0.244072
-0.883738
0.0184509
0.0353941
-1.0511
-0.18643
0.255866
-0.770371
0.855812
-2.98633
0.419188
-2.11957
-0.769007
-0.974662
-0.150141
0.448371
-0.397827
0.107648
0.0404439
0.356683
0.968513
-0.00485947
-2.47925
-1.23866
2.91175
-0.482882
-1.03886
-0.192561
0.00730908
0.246973
-0.762445
0.193105
-0.131539
-0.0858469
1.54844
1.28961
1.5062
-1.23553
-0.509613
0.140213
0.957673
-0.000752803
-0.0570631
-0.414121
0.0488297
0.00820499
-0.0661806
0.152411
-1.77121
-2.8345
-2.46318
0.24231
-0.137313
0.120356
-0.407706
0.938746
0.554169
0.534008
0.123053
0.213048
-1.27178
-4.12027
0.275673
2.2912
0.387794
-1.48431
-0.0501657
0.311401
1.72919
2.33827
0.0283232
0.0273975
-0.744821
0.287599
4.56051
-0.533186
0.435273
-0.199169
0.125185
-1.84687
-0.0354256
0.376562
0.0419109
-2.44955
-6.52124
-0.586071
-4.83426
3.72143
1.983
2.44833
-1.63408
-0.478653
-0.350628
0.348747
1.08114
0.828294
0.0217095
-0.278486
0.227112
1.18636
-2.28154
1.73487
-0.504799
0.0827131
-0.90277
1.08918
1.06172
0.276533
-0.766683
-1.34267
0.166365
1.82794
1.8589
2.82474
0.0237592
-2.44279
0.0721733
0.0992817
0.388756
0.488683
0.287856
0.0677067
0.773938
-0.829087
0.147192
1.36226
-0.148074
3.5553
2.55505
-0.311952
-1.90774
0.087124
0.811957
1.02866
2.61012
-0.479881
2.90811
-2.69756
-2.9267
-1.31829
1.90417
-0.570601
0.0547551
-0.337065
-0.636134
-0.29666
-0.140002
0.603947
0.0519117
-0.196631
1.43249
-0.803914
-1.31544
2.82588
0.623389
0.318691
0.370599
-0.14321
0.242831
0.123341
0.0173772
-0.221489
-0.190873
-1.84422
2.42633
2.11787
-0.416051
0.26509
-0.524663
-0.78727
-0.603051
-0.0966464
0.514023
0.542909
-0.55458
-0.044696
-0.510281
-2.28728
0.530866
-0.941823
-0.132772
0.350124
0.0699928
0.464231
0.512788
-0.101021
-0.0178346
-0.329471
-1.09192
-0.387109
0.934995
2.67882
0.120708
0.0332834
1.29932
0.101999
-0.0725799
0.315376
-0.1385
0.047971
0.0527978
-0.300351
-0.247353
-0.43134
0.182052
0.193139
-1.895
-0.161718
-2.24927
-0.351937
0.112094
-0.110729
0.46166
0.902285
0.48312
-0.23946
0.134791
-1.41019
-4.34452
-1.63751
-0.0645124
-5.97294
-5.35939
3.08586
-0.124651
-4.16328
1.66414
5.12027
7.49814
-0.479064
-1.75974
0.438251
-2.45263
-3.13
-4.97208
6.90741
-2.68049
0.656409
4.10037
-6.83362
4.35805
-1.33659
-6.81444
2.11286
1.3254
-5.40587
2.20147
-7.9145
-1.39722
8.9727
-1.5957
-2.02548
-1.98181
-0.219249
1.32683
-3.25585
-0.455703
2.7273
-2.46614
0.485421
-1.35667
-1.56626
-2.57212
6.92047
-1.5461
2.06916
1.48944
1.84665
0.668317
1.4316
0.889449
2.28847
0.961954
0.871559
-3.88914
-2.40375
-2.31462
-2.54848
2.95989
-6.2897
-6.55234
0.696228
8.55123
-11.7696
-6.71381
5.43443
0.661032
-3.50914
-0.770332
-2.57358
-1.59834
6.02994
-0.475443
-5.03294
1.76102
-3.73053
-1.13285
-0.663083
7.19938
-6.90221
3.09223
-5.03486
2.12906
-1.50106
0.64578
-2.40075
-4.57566
7.3178
-1.61348
-3.92963
-1.74797
-2.60056
-1.22011
-0.347272
0.0054032
0.849776
-0.353919
-0.250729
-1.89468
0.370756
-1.68013
-0.809398
