[229, 16, 16, 4]
0.0
0.0
0.0
0.0
0.0
0.0
0.0
0.0
0.0
0.0
0.0
0.0
0.0
0.0
0.0
0.0
0.0
0.0
0.0
0.0
0.0
0.0
0.0
0.0
0.0
0.0
0.0
0.0
0.0
0.0
0.0
0.0
0.0
0.0
0.0
0.0
0.0
0.0
0.0
0.0
0.0
0.0
0.0
0.0
0.0
0.0
0.0
0.0
0.0
0.0
0.0
0.0
0.0
0.0
0.751892
0.0
0.0
0.0
0.0
0.0
0.0
0.0
0.0
0.0
0.0
0.0
0.0
0.0
0.0
0.0
0.0
0.0
0.0
0.0
0.0
0.0
0.0
0.0
0.0
0.0
-1.13188
0.57726
-1.64753
-1.21011
-0.197408
0.525569
-1.96307
0.948792
1.24114
-0.763582
0.206484
-1.65437
0.702442
0.575294
0.815803
-0.21359
0.0
0.0
0.0
-0.161076
0.0
0.0
0.0
0.0
0.0
0.0
0.0
0.0
0.0
0.0
0.0
0.0
-1.15825
0.0686446
-1.65146
-1.54252
0.0887692
0.543334
-2.06047
0.945815
1.16087
-0.885592
0.706007
-2.16674
0.539286
0.683815
0.59909
-0.197022
0.0
0.0
0.0
0.0
0.0
0.0
0.836784
0.0
0.0
0.483386
0.0
0.0
0.0
0.0
0.0
0.0
0.0
0.0
0.0
0.0
0.0
0.0
0.0
0.0
0.0
0.0
0.0
0.0
0.0
-0.0683943
0.0
0.0
0.0
0.0
0.0
0.0
0.0
0.0
0.0
0.0
0.0
-0.341492
0.0
0.0
0.0
0.0
0.0
0.0
0.0
0.0
0.0
0.0
0.0
0.0
0.699722
0.0
0.0
0.0
0.0
0.0
0.0
0.0
0.0
0.0
0.0
0.0
0.478595
0.0
0.0
0.0
0.0
0.0
0.0
0.0
0.0
0.0
0.0
0.0
0.0
0.0
0.0
0.0
0.0
0.0
0.0
0.0
1.11731
0.0
0.0
0.0
0.0
0.0
0.0
0.0
0.0
0.0
0.0
0.0
0.0
0.0
0.0
0.0
0.0
-0.335994
0.0
0.0
0.0
0.0
0.0
0.0
0.0
0.0
0.0
-0.315491
0.0
0.0
0.0
0.0
0.0199958
0.0
0.0
0.0
0.0
-0.184332
0.0
0.0
0.0
0.0
0.0
0.0
0.0
0.0
0.0
0.0
0.0
0.0
0.0
0.0
0.0
0.0
0.0
0.0
0.0
0.0
-0.508894
0.0
0.0
0.0
0.0
0.0
0.0
0.0
2.13209
0.0
0.0
0.0
0.0
0.0
0.0
0.0
0.0
0.0
0.0
0.0
0.0
0.0
0.0
0.0
0.0
0.0827113
0.0
0.0
0.0
0.0
0.0
0.0
0.0
0.0
0.0
0.0
0.0
0.0
0.0
0.0
0.0
0.0
-0.437729
0.0
0.0
0.0
0.0
0.0
0.0
0.0
0.0
0.0
0.0
0.0
0.0
-0.196852
0.0
0.0
0.0
0.0
0.0
0.0
0.0
0.0
0.0
0.0
0.0
-0.558662
0.0
0.0
0.0
0.0
0.0
0.0
0.0
0.0
0.0
0.0
0.0
0.0
0.0
0.0
0.0
0.0
0.0
0.0
0.0
0.0
0.0
0.0
0.0
0.0
0.0
0.0
0.0
0.0
0.0
0.0
0.0
0.0
0.0
0.0
0.0
0.0
0.0
0.0
0.0
0.0
-0.592489
0.0
0.0
0.0
0.0
0.0
0.0
0.0
0.0
0.0
0.0
0.0
-0.941164
0.0
0.0
0.0
0.0
0.0
0.0
0.0
-1.35986
-0.825223
-1.21874
1.14211
-0.57254
-0.211157
-0.851917
0.942134
-0.129493
-0.648059
1.30899
-0.969981
0.484411
0.75556
0.216523
0.20555
0.0
0.0
0.0
0.0
0.0
0.0
0.0
0.0
0.0
0.0
0.0
0.0
0.0
0.0
0.0
0.28835
0.0
0.0
0.0
0.0
0.0
0.0
0.0
0.0
0.0
0.0
0.0
0.0
0.0
0.0
0.0
0.0
0.0
0.0
0.0
0.0
0.0
0.0
0.0
0.0
0.0
0.0
0.0
0.0
0.0
0.0
0.0
0.0
0.0
0.0
0.0
0.0
0.0
0.0
0.0
0.0
0.0
0.0
0.0
0.0
0.0
0.0
0.0
0.0
0.0
0.0
0.0
0.0
0.556833
0.0
0.0
0.0
-1.56514
0.0
0.0
0.0
0.0
0.0
0.0
0.0
0.0
0.0
0.0
0.0
0.794157
0.0
0.0
0.0
0.0
0.0
0.0
0.0
0.0
0.0
0.0
0.0
-1.25664
-0.193829
0.0397975
-0.553555
0.488194
-0.254131
-0.96109
-0.0708637
-0.145339
-0.144104
0.251617
-0.213999
0.945332
1.78193
0.0914213
-0.263235
0.0
0.0
0.0
0.0
0.0
0.0
0.0
0.0
0.0
0.0
0.0
0.0
0.0
0.0
0.0
0.0
0.0
0.0
0.0
0.0
0.0
0.0
0.0
0.0
0.0
0.0
0.0
0.0
0.0
0.0
0.0
0.0
0.0
0.0
0.0
0.0
0.0
0.0
0.0
0.0
0.0
0.0
0.0
0.0
0.0
0.0
0.0
0.0
0.0
0.0
0.0
-1.14832
0.0
0.417509
0.0
0.0
0.0
0.0
0.0
0.0
0.0
0.0
0.0
0.0
0.0
0.0
0.0
0.0
0.0
0.0
0.0
0.0
0.0
0.0
0.0
0.0
0.0
0.0
0.0
0.0
0.0
0.0
0.0
0.0
2.38468
0.0
0.0
0.0
0.0
0.0
0.0
0.0
0.0
0.0
0.0
0.0
0.0
0.0
0.0
0.0
0.0
0.0
0.0
0.0
0.0
0.0
0.0
0.0
0.0
0.0
0.0
0.0
0.0
0.0
0.0
0.0
0.0
0.0
0.0
-0.243776
0.0
0.0
0.472975
0.0
0.0
-0.670778
0.0
0.0
0.0
0.0
0.0
0.0
0.0
0.0
0.0
0.0
0.0
0.0
0.0
0.0
0.0
0.0
-1.12128
0.0
-1.36718
-0.356642
-0.49752
1.62925
-0.22832
-0.454299
0.123194
2.88098
-0.534093
0.0119709
0.316057
-0.772864
0.386051
0.445099
-0.0425246
0.0608453
0.0
0.0
0.0
0.0
0.0
0.0
0.0
0.0
-1.12321
0.879393
0.0
-0.744326
0.0
0.0
0.0
0.0
0.338892
0.0
0.0
0.0
0.0
0.0
0.0
0.0
0.0
0.0
0.0
0.0
0.0
0.0
0.0
0.0
0.0
0.0
0.0
0.0
0.0
0.0
0.0
0.0
0.0
-1.15359
0.0
0.0
0.0
0.0
0.0
0.0
0.0
0.0
0.0
0.0
0.0
0.0
0.0
0.0
0.0
0.0
0.0
0.0
0.0
0.0
0.0
0.0
0.0
0.0
0.0
0.0
0.0
0.0
0.0
0.0
0.0
0.0
0.0
0.0
0.0
0.0
-0.938203
0.0
0.0
0.0
0.0
0.0
0.0
-0.361113
0.0
0.0
0.0
0.0
0.0
0.0
0.0
0.0
0.0
0.0
0.0
0.0
0.0
0.0
0.0
0.0
0.0
0.0
0.0
0.308595
0.0
0.0
0.0
0.0
0.0
0.0
0.0
0.0
0.0
0.0
0.0
0.0
0.0
0.0
0.0
0.0
0.0
0.0
0.0
0.0
0.0
0.0
0.0
0.0
0.0
0.0
0.0
0.0
0.0
0.0
0.0
0.0
0.0
0.0
0.0
-0.966753
0.0
0.0
0.0
0.0
0.0
0.0
0.0
0.0
0.0
0.0
0.0
0.0
0.0
0.0
0.0
0.0
0.0
0.0
0.0
0.0
0.0
0.0
0.0
0.0
0.0
0.0
0.0
0.0
0.0
0.0
0.0
0.0
0.0
0.0
0.0
0.0
0.0
0.0
0.0
0.0
0.0
0.0
0.0
0.0
0.0
0.0
0.0
0.0
0.0
0.0
0.0
0.0
0.0
0.0
0.0
0.0
0.0
0.0
0.0
0.0
0.0
0.0
0.0
0.0
0.0
0.0
0.0
0.0
0.0
0.0
0.0
0.0
0.0
-0.565985
0.0
0.0
0.0
0.0
-0.628944
0.0
0.0
0.0
0.0
0.0
0.0
0.0
0.0
0.0
0.0
0.0
0.0
0.0
0.0
0.0
0.0
0.0
0.0
0.0
0.0
0.0
0.0
-0.391908
0.0
0.0
0.0
0.0
1.02861
0.0
0.0
-0.179205
0.0
0.0
0.341505
0.0
0.0
0.0
0.0
0.0
0.0
0.0
0.0
0.0
0.0
0.0
0.0
0.0
0.0
0.0
0.0
0.0
0.0
0.0
0.0
0.0
0.0
0.0
0.0
0.0
0.0
-0.54357
0.0
0.0
0.0
0.0
0.0
0.0
-1.1688
0.290142
0.103605
-0.402704
0.498682
-0.24052
-0.993305
-0.139692
-0.225828
-0.321259
0.521159
-0.18816
0.887505
1.92663
0.116282
-0.172276
0.0
0.0
0.0
0.0
0.0
0.0
0.0
0.0
0.0
0.0
0.0
0.0
0.0
0.0
0.0
0.0
0.0
0.0
0.0
0.0
0.0
0.0
0.0
0.0
0.0
0.0
0.0
0.0
-0.086952
0.0
-2.08788
0.0
0.0
0.0
0.0
0.0
0.0
0.0
0.0
0.0
0.0
0.0
0.0
0.0
0.0
0.0
0.0
0.0
0.0
0.0
0.0
0.0
0.0
0.0
-0.66998
0.0
0.0
0.0
0.0
0.0
0.0
0.0
0.0
-1.21823
0.0
0.0
0.0
0.0
0.0
0.0
0.0
0.0
0.0
0.0
0.594639
0.0
0.0
0.0
0.0
0.0
0.0
0.0
0.0
0.0
0.0
0.0
0.0
0.0
0.0
0.0
0.0
0.0
0.0
0.0
0.0
-0.821865
0.0
0.0
0.0
0.0
0.0
0.0
0.0
0.0
0.0
0.0
0.0
0.0
0.0
0.0
0.0
0.0
0.0
0.0
0.0
0.0
0.0
0.0
0.0
0.0
0.0
0.0
0.0
0.0
0.0
0.0
0.0
0.0
0.0
0.0
0.0
0.0
0.0
0.0
0.0
0.929329
0.0
0.0
0.0
0.0
0.0
0.0
-0.613651
0.0
0.0
0.0
0.0
0.360834
0.0
0.152088
0.0
0.0
0.0
0.0
0.0
0.0
0.0
0.424616
0.0
0.0
0.0
0.0
-0.283155
1.08741
0.0
0.16277
0.0
0.0
0.0
0.0
0.0
0.0
0.0
0.0
0.0
0.0
-1.28637
-0.3188
-0.0320203
0.803559
0.0692626
-0.413705
-0.43368
1.38976
-0.537215
-0.3284
0.267963
-0.159381
0.660704
0.622759
0.0293147
0.0842854
0.0
0.0
0.0
0.0
0.0
0.0
0.0
0.0
0.0
0.0
0.0
0.0
0.0
0.0
0.0
0.0
0.0
0.0
0.0
0.0
0.0
0.0
0.0
0.0
0.0
0.0
0.0
0.0
0.0
0.315841
0.0
0.0
0.0
0.0
0.0
0.0
0.0
0.0
0.0
0.0
0.0
0.0
0.0
0.0
0.0
0.0
0.0
0.0
0.0
0.0
0.0
0.0
0.0
0.0
0.0
0.0
0.514332
-1.84378
1.90618
0.0
0.0
0.0
0.0
0.668936
0.0
0.0
0.0
0.0
0.0
0.0
0.0
0.0
0.0
0.0
0.0
0.0
0.0
0.0
0.0
0.0
0.0
0.0
0.0
0.0
0.0
0.0
0.0
0.0
0.0
0.0
0.0
0.0
0.0
0.0
0.536636
0.0
0.0
0.0
0.0
0.0
0.0
0.0
0.0
0.0
0.0
0.0
0.0
0.0
0.0
0.0
0.0
0.0
0.0
0.0
0.0
0.0
0.0
0.0
0.0
0.0
0.0
0.0
0.0
0.0
0.0
0.0
0.0
-0.829989
0.0
0.0
0.0
0.0
0.0
0.0
0.699259
0.0
0.0
0.0
0.0
0.0
0.0
0.0
0.0
0.0
0.0
0.0
0.0
0.0
0.0
-0.421909
0.0
-0.238261
0.0
0.0
0.0
0.0
0.0
0.0
0.0
0.0
0.0
0.0
0.0
0.0
-1.92775
0.0
0.0
0.0
0.8204
0.0
0.0
0.0
0.0
0.0
0.0
0.0
0.0
0.0
0.0
0.0
0.0
0.0
0.0
0.0
0.0
0.0
0.0
0.0
0.0
0.0
0.0
0.0
0.0
0.0
0.0
0.0
0.254949
0.0
0.0
0.0
0.0
0.0
0.0
0.0
0.0
0.0
0.0
0.0
0.0
0.0
0.0
0.0
0.0
0.0
0.0
0.0
0.0
0.0
0.0
0.0
0.0
0.0
0.0
0.0
0.0
-0.543961
0.0
0.0
0.0
0.0
0.0
0.0
0.0
0.0
2.1445
0.0
0.0
0.0
0.0
0.0
-1.1129
-0.683321
0.0
0.0
0.0
0.0
0.0
0.0
0.0
0.0
0.0
0.0
0.0
0.0
0.0
0.0
0.0
0.0
0.0
0.0
0.0
0.0
0.0
0.0
0.0
0.0
0.0
0.0
0.0
0.0
0.0
0.0
0.0
0.0
0.0
0.0
0.0
0.0
0.0
0.0
0.0
0.0
0.0
0.0
0.0
0.0
0.319955
0.0
-1.79262
0.0
0.0
0.0
0.0
0.0
0.0
0.618856
0.0
0.933633
0.0
0.0
0.0
0.0
0.0
0.0
0.0
0.0
0.0
0.0
0.0
0.0
0.0
0.0
0.0
0.0
0.0
0.0
0.0
0.0
0.0
0.0
0.0
0.0
0.0
0.0
0.0
0.0
0.0
0.0
0.0
0.0
0.0
0.0
0.0
0.0
0.0
0.0
0.0
0.0
0.0
1.06271
0.0
0.0
0.0
0.0
0.0
0.0
0.0
0.0
0.0
0.0
0.0
0.0
0.0
0.0
0.0
0.0
0.0
0.0
0.0
0.0
0.0
0.0
0.0
0.0
0.0
0.0
0.0
0.0
0.0
0.0
0.0
0.0
0.0
0.0
0.0
0.0
0.0
0.0
0.0
0.0
0.0
0.0
0.0
0.0
0.0
0.0
0.0
0.0
0.0
0.0
0.0
0.0
0.0
0.0
0.0
0.0
0.0
0.0
0.0
0.0
0.0
0.0
0.0
0.0
0.0
0.0
0.0
0.0
0.0
0.0
0.0
0.598712
0.0
0.0
0.0
0.0
0.0
0.0
0.0
0.0
0.0
0.0
0.0
0.0
0.0
0.0
0.0
0.0
0.0
-0.687114
0.0
0.0
0.0
0.0
0.0
0.0
0.0
0.0
0.0
0.0
0.0
0.0
0.0
0.0
0.0
0.0
0.0
0.0
0.0
0.0
-0.991787
0.0
0.0
0.0
0.0
0.0
-1.64784
0.0
0.0
0.0
-2.04854
0.0
0.0
0.0
0.0
0.0
0.0
0.0
0.0
0.0
0.0
0.0
0.0
0.0
0.0
0.0
0.0
0.0
0.0
0.0
0.0
0.0
0.0
0.0
0.0
-1.37917
0.0
0.0
0.0
0.0
0.0
0.0
0.0
0.0
0.0
0.0
-1.31616
-0.939631
0.367601
0.354198
-0.0396455
-0.294598
-0.886046
-0.310775
0.0394199
0.447018
-0.218814
-0.170674
1.14252
1.6611
0.154148
0.20667
0.0
0.0
0.0
0.0
0.0
0.0
0.0
0.0
0.0
0.0
0.0
0.0
0.0
0.0
0.0
0.0
0.207148
0.0
0.174639
0.0
0.0
0.0
0.0
0.0
0.0
0.0
0.0
0.0
0.448027
0.0
0.0
0.0
0.0
0.0
0.0
0.00135033
0.0
0.0
0.0
0.0
0.0
0.0
0.0
0.0
0.0
0.0
0.0
0.827805
0.0
0.0
1.81979
0.0
0.0
0.0
0.0
0.0
0.0
0.0
0.0
0.0
0.0
0.0
0.0
0.0
0.0
0.0
0.0
0.0
0.0
0.0
0.0
0.0
0.0
0.0
0.0
0.0
0.0
0.0
0.0
0.0
0.0
0.0
0.0
0.0
0.0
0.0
0.0
0.0
0.0
0.0
0.0
0.0
0.0
-0.531353
0.0
0.0
0.0
0.0
0.0
0.0
0.0
0.0
0.0
0.0
0.0
0.0
0.0
0.0
0.0
0.0
0.0
0.0
0.0
0.0
0.0
1.29418
0.0
0.0
0.0
0.0
0.0
0.0
0.0
0.0
0.0
0.0
0.0
0.0
0.0
0.0
0.0
0.0
0.0
0.0
0.0
0.0
0.0
0.0
0.0
0.0
0.0
0.0
0.0
0.0
0.0
0.0
0.0
-1.2999
0.0
0.0
0.0
0.0
-0.273655
0.0
0.0
0.0
0.0
0.0
0.0
-1.10769
0.0
0.0
0.0
0.0
0.0
0.0
0.0
0.0
0.0
0.0
0.0
0.0
0.0
0.0
0.0
0.0
0.0
0.0
0.0
0.0
0.0
0.0
0.0
0.0
0.0
0.0
0.0
0.0
0.0
0.0
0.0
-1.55874
0.0
0.0
0.0
0.0
0.0
0.0
-1.00392
0.0
0.0
0.0
0.0
0.0
0.0
0.0
-1.64119
0.0
-1.24027
0.216998
0.430132
-0.203101
0.119227
-0.488202
-0.823492
1.23131
-0.852305
-1.06173
0.22842
0.16043
0.896312
1.04936
0.0360045
0.00920282
0.0
0.0
0.0
0.0
0.360145
0.0
0.0
0.0
0.0
0.0
0.824089
0.0
0.0
0.0
0.0
0.0
0.0
0.0
0.0
0.0
0.0
0.0
0.0
0.0
0.0
0.0
0.0
0.0
0.0
0.0
0.0
0.0
0.0
0.0
0.0
0.0
0.0
0.0
0.0
0.0
-0.257359
0.0
0.0
0.0
1.07749
0.0
0.0
0.0
0.0
0.0
0.652248
0.0
0.0
0.0
0.0
0.0
0.0
-0.329599
0.0
0.0
0.0
0.0
0.0
0.0
0.0
0.0
0.0
0.0
0.0
0.0
0.0
0.0
0.0
0.0
0.0
0.0
0.0
0.0
0.0
0.0
0.0
0.0
0.0
0.0
0.0
0.0
0.779707
0.0
0.0
0.0
0.0
0.0
0.0
0.0
0.0
0.0
0.0
0.0
0.0
0.0
0.0
0.0
0.0
0.0
0.0
0.0
0.0
0.0
0.0
0.0
0.0
-0.360699
0.0
-1.17951
0.0
0.0
0.0
0.0
-0.741488
0.0
0.0
0.0
-0.324087
0.0
0.0
0.0
0.0
0.0
0.0
0.0
0.0
0.0
0.0
0.0
0.0
0.0
0.0
0.0
0.0
0.0
0.0
0.0
0.0
-0.866256
-0.975294
0.0
0.0
0.0
0.0
0.0
0.0
0.0
0.0
0.0
0.0
0.0
0.0
0.0
0.0
0.0
0.0
0.0
0.0
0.0
0.0
0.0
0.0
0.0
0.0
0.0
0.0
0.0
0.424428
0.0
0.0
0.0
0.0
0.477261
0.0
0.0
0.0
0.0
0.0
0.0
0.0
0.0
0.0
0.0
0.0
0.0
0.0
0.0
0.0
0.0
0.0
0.0
0.0
0.0
0.0
0.0
0.0
0.0
0.0
0.0
0.0
0.0
0.0
0.0
0.0
0.0
0.0
0.0
0.0
0.0
0.0
0.0
0.0
0.0
0.0
0.0
0.0
0.0
0.0
0.0
0.0
0.0
0.0
0.0
0.0
0.0
0.0
0.0
0.0
0.0
1.28805
0.0
0.0
0.0
0.0
0.0
-1.21887
-0.485258
0.405207
0.22006
-0.0411659
-0.289898
-0.868725
-0.444658
0.0615349
0.466139
0.0758509
-0.0644745
1.23642
1.74526
0.31329
0.178187
0.0
0.0
0.0
0.0
0.0
0.0
0.0
0.0
0.0
0.0
0.0
0.0
0.0
0.0
0.0
0.0
0.0
0.0
0.0
-0.823298
0.0
0.0
0.0
0.401221
0.0
0.0
0.0
0.0
0.0
0.0
0.0
0.0
0.0
0.0
0.0
-0.195012
0.0
0.0
0.0
0.0
0.0
0.0
0.0
0.0
0.0
0.0
0.0
0.0
0.0
0.0
0.0
0.0
0.0
0.0
0.0
0.0
0.0
0.0
0.838841
0.0
0.0
0.0
0.0
0.0
0.0
0.0
0.0
0.0
0.0
0.0
0.0
0.0
0.0
0.0
0.0
0.0
0.0
0.0
0.0
0.0
0.0
0.0
0.0
0.0
0.0
0.0
0.0
0.0
0.0
0.0
0.0
0.0
0.0
0.0
0.0
0.0
0.0
0.0
0.0
0.0
0.0
0.0
0.0
0.0
0.0
0.0
0.0
0.0
0.0
0.0
0.0
0.0
0.0
0.0
0.0
0.0
0.0
0.0
0.0
0.0
0.0
-1.78927
0.0
0.0
0.0
0.0
0.0
0.0
0.0
0.0
0.0
0.0
0.0
0.0
0.0
0.0
0.0
0.0
0.0
0.0
0.0
0.0
0.0
0.0
0.0
0.0
0.159014
0.0
0.0
-0.852863
0.0
0.0
0.0
0.0
0.0
0.0
0.0
0.0
0.0
0.0
0.0
0.0
0.0
0.0
-0.20377
0.0
0.0
-0.839786
0.0
0.0
0.0
0.0
0.0
0.0
1.95124
0.0
0.0
0.0
0.0
0.0
0.0
1.1079
0.0
0.0
0.0
0.0
0.0
0.661496
0.0
0.0
0.0
0.0
0.0
0.0
0.0
0.0
0.0
-1.40326
0.0
0.0
0.51414
0.0
0.0
0.0
0.0
0.0
0.0
0.0
0.0
0.0
0.0
0.0
0.0
0.0
0.0
0.0
0.0
0.0
0.0
0.0
0.0
0.0
0.0
0.0
0.0
0.0
0.0
1.1954
3.56253
0.0
0.0
0.0
0.0
0.0
0.0
0.0
0.0
0.0
0.0
0.0
0.0
0.975857
0.0
0.0
0.0
0.0
0.0
0.0
0.0
0.0
0.0
0.0
0.0
0.0
0.0
0.0
0.0
0.0
0.0
0.0
0.0
0.0
0.0
0.0
0.0
0.0
0.0
0.811085
0.0
0.0
-0.820615
0.0
0.0
0.0
0.0
0.0
0.0
0.0
0.0
0.0
0.0
0.0
0.0
0.0
0.0
0.0
0.0
0.0
0.0
0.0
0.0
0.0
0.0
0.0
-0.288974
0.0
0.0
0.0
0.0
0.0
0.0
0.0
0.0
0.0
0.0
0.0
0.0
0.0
0.0
0.0
0.0
-1.15548
0.0
0.0
0.0
0.0
0.0
0.0
0.0
0.0
0.0
0.0
0.0
0.0
0.0
0.0
0.0
0.0
0.0
0.0
0.0
0.0
0.0
0.0
0.0
0.0
0.0
0.0
0.0
0.0
0.0
0.0
0.0
0.0
0.0
0.0
0.0
0.202945
0.0
0.0
0.0
0.0
0.0
0.0
0.0
0.0
0.0
0.0
0.0
0.0
0.0
0.0
0.0
0.0
0.0
0.0
0.0
0.0
0.0
0.0
0.0
0.0
0.0
0.0
0.0
-0.0333946
0.0
0.0
0.0
0.0
0.0
0.0
0.0
0.0
0.0
0.0
0.0
0.0
0.0
0.0
0.0
-0.976101
0.0
0.0
0.0
0.0
1.95609
0.0
0.0
0.0
0.0
0.0
0.0
0.0
0.0
0.0
0.0
0.0
0.150405
0.0
0.0
0.0
0.0
0.0
0.0
0.0
0.0
0.0
0.0
0.0
0.468415
0.206895
0.0
0.0
0.0
0.0
0.0
0.322323
0.0
0.0
0.0
0.0
0.0
0.0
0.0
0.0
0.0
0.0
0.0
0.0
0.0
0.0
0.0
0.0
0.0
0.0
0.0
0.0
0.0
0.0
0.0
0.0
0.0
0.0
0.0
0.0
0.0
0.0
0.0
0.0
0.0
0.0
0.0
0.0
0.0
0.0
0.0
0.0
0.0
0.0
-0.858211
0.0
0.0
0.707786
0.0
0.0
0.0
0.0
0.0
0.0
0.0
0.0
0.0
0.0
0.0
0.0
0.0
0.0
0.0
0.0
0.0
0.0
0.0
0.0
0.0
0.0
-1.09305
-0.176634
0.271365
-0.230528
-0.0388333
-0.264443
-0.793322
-0.522026
0.081079
0.452228
0.328358
0.024085
1.3473
1.86187
0.533864
0.260062
0.0
0.848591
0.0
0.0
0.0
0.0
0.0
0.0
0.0
0.0
0.0
0.0
0.0
0.0
0.0
0.0
0.082834
0.0
0.0
0.0
0.0
0.0
0.0
0.0
0.0
0.0
-0.385616
0.0
0.0
0.0
0.0
0.0
0.0
0.0
-0.564328
0.0
0.0
0.0
0.0
0.0
0.0
0.0
0.0
0.0
0.0
0.0
0.0
0.0
0.0
0.0
0.0
0.0
0.0
0.0
0.0
0.0
0.0
0.0
0.0
0.0
0.0
0.0
0.0
-0.0534766
0.0
0.0
0.0
0.0
0.0
-0.909065
0.0
0.0
0.0
0.0
0.0
0.0
0.060274
0.0
0.0
0.0
0.0
0.0
0.0
0.0
0.0
0.0
0.0
0.0
0.0
0.0
0.0
0.0
0.0
0.0
0.0
0.0
0.0
0.0
-0.0846795
0.0
0.0
0.0
0.0
0.0
0.460997
0.0
0.0
0.0
0.0
0.0
0.0
0.0
0.0
0.0
0.0
0.0
0.0
0.0
0.0
0.0
0.0
0.0
-0.842809
0.0
0.0
0.0
0.0
0.0
0.0
0.0
0.0
-0.26367
0.0
0.0
0.0
0.0
0.0
0.0
0.0
0.0
0.0
0.0
0.0
0.0
0.0
0.0
0.622329
0.0
0.0
0.0
0.0
0.0
0.0
0.0
0.0
0.0
0.0
0.0
0.0
0.0
-1.2917
-0.263994
-1.51724
-0.346623
0.289753
-0.287489
-0.173581
-1.07549
-0.160563
0.354842
3.14368
0.131115
1.07259
1.05301
0.234301
-0.255799
0.0
0.0
0.0
0.0
-0.168047
0.0
0.0
0.0
0.0
0.0
0.995726
0.0
0.0
0.0
0.0
0.0
0.0
0.0
0.0
0.0
0.0
0.0
0.0
1.15987
0.0
0.0
0.0
0.0
0.0
0.0
0.0
0.0
0.0
0.0
0.0
0.0
0.0
0.0
0.0
0.0
0.0
0.0
0.0
0.868674
0.0
0.0
0.0
0.0
0.0
0.0
0.0
-0.699762
0.0
0.0
0.0
0.0
0.0
0.0
0.0
0.0
0.0
0.0
0.0
0.0
0.0
0.0
0.0
0.0
0.0
0.0
0.0
0.0
0.0
0.0639295
0.0
0.0
0.0
0.0
0.0
0.0
0.0
0.0
0.0
0.0
0.0
0.0
-0.602673
0.0
0.0
0.0
0.0
0.0
0.0
0.0
0.0
0.0
0.0
0.0
0.0
0.0
0.0
0.0
0.0
0.0
0.0
0.0
0.0
-1.1235
0.0
0.0
0.0
0.0
0.0
0.0
1.00314
0.0
0.0
0.0
0.0
0.0
0.0
0.0
0.0
0.0
0.0
0.0
0.0
0.0
0.0
0.0
0.0
0.0
0.0
0.0
0.0
0.0
0.0
0.0
0.0
0.0
0.0
0.0
0.0
0.0
0.0
0.0
0.0
0.0
0.0
0.321409
0.0
0.0
0.0
0.0
0.0
0.0
0.0
0.0
0.0
0.0
0.0
0.0
0.0
0.0
0.0
0.0
0.0
0.0
0.0
0.0
0.0
0.0
0.0
1.9738
0.0
0.0
0.0
0.0
0.0
0.0
0.0
0.0
0.0
0.0
0.0
0.0
0.0
0.0
0.0
0.0
0.0
0.0
0.0
0.0
0.0
0.0
0.0
0.0
0.0
0.0
0.0
0.0
0.0
0.0
0.0
0.0
0.0
-0.0663111
0.0
0.0
0.0
0.0
0.0
0.0
0.0
0.0
-0.312483
0.0
0.0
0.0
0.0
0.0
0.0
0.0
0.0
0.0
0.0
0.0
-1.74633
0.0
0.0
0.0
0.0
0.0
0.0
0.0
0.0
0.0
0.0
0.0
0.0
0.0
0.0
0.0
0.0
0.0
0.0
0.0
0.0
0.0
0.0
0.0
0.0
0.0
0.0
-0.269705
0.0
0.0
0.0
0.0
0.0
0.0
0.0
0.0
0.0
0.0
0.0
0.0
0.0
0.0
0.0
0.0
0.0
0.0
2.1438
0.0
0.0
0.0
0.0
0.0
0.0
1.34866
0.0
0.0
0.0
0.0
0.0
0.0
0.0
0.0
0.0
0.0
0.0
0.0
0.0
0.0
0.0
0.0
0.0
0.0
0.0
0.0
0.0
0.0
0.0
0.0
0.0
0.0
0.1915
0.0
0.0
0.0
0.0
0.0
0.0
0.0
0.0
0.0
0.0
0.0
-1.09755
0.158854
0.283717
-0.0292411
0.0113627
-0.27051
-0.779482
-0.563134
0.0521424
-0.0250717
0.45229
0.0996509
1.36565
1.84303
0.539574
-0.0746859
0.0
0.0
0.308705
0.0
1.3819
0.0
0.0
0.0
0.0
0.0
0.0
0.0
0.0
0.0
0.0
0.0
-0.932109
0.0
0.0
0.0
0.0
0.0
-0.83759
0.0
0.0
0.0
0.0
0.0
0.0
0.0
0.0
0.0
0.0
0.0
0.0
0.0
0.0
0.0
0.0
0.0
0.0
0.0
0.0
-0.715642
0.0
0.0
-0.961423
0.0
0.0
0.0
0.0
0.0
0.0
0.0
0.0
0.0
0.0
0.0
0.0
0.0
0.0
0.0
-1.62418
0.0
0.0
0.45899
0.0
0.0
0.0
0.0
0.0
0.0
0.0
0.0
0.866489
0.0
0.0
0.0
0.0
0.0
0.0
-0.177378
0.0
0.0
0.0
0.0
0.0
0.0
0.0
0.0
0.0
0.0
0.0
0.0
0.0
0.0
-1.3383
-0.187413
-0.332641
-0.471653
-0.0764817
-0.360428
-0.403205
-0.840075
0.287395
1.3002
0.670066
-0.00333695
1.49571
1.54771
0.378671
0.0643393
0.0
0.0
0.0
0.0
0.0
0.0
0.0
0.0
0.0
0.0
0.0
0.0
0.20941
0.0
0.0
0.0
-0.552138
0.0
0.0
0.0
0.0
0.0
0.0
0.0
0.0
0.0
0.0
-1.22434
0.0
-1.03742
0.0
-0.00620497
0.0
0.0
0.0
0.0
0.0
0.0
0.0
0.0
0.0
0.0
0.0
-0.152703
0.0
0.0
0.0
0.0
0.0
0.0
0.0
0.0
0.0
1.11141
0.0
0.0
0.0
0.0
0.0
0.0
0.0
0.0
0.0
0.0
0.0
0.0
0.0
0.0
0.0
0.0
0.0
0.0
0.0
0.0
0.0
0.0
0.267501
0.353182
0.0
0.0
0.0
0.0
0.0
0.0
0.0
0.0
0.0
0.0
0.0
0.0
0.0
0.0
0.0
0.0
0.0
0.0
0.0
0.0
0.0
0.0
0.309152
0.0
0.0
0.0
0.0
0.0
0.0
0.0
0.0
0.0
0.0
0.0
-0.351369
0.0
0.0
0.0
0.0
0.0
0.0
0.0
0.0
0.0
0.0
0.0
0.0
0.0
0.0
0.0
0.0
0.0
0.0
0.0
0.0
0.0
0.0
0.0
0.0
0.0
0.0
0.0
0.0
0.0
0.0
0.0
-1.16968
-0.00470576
0.110997
0.0800629
-0.0339168
-0.307024
-0.703815
-0.635301
0.0743605
0.609006
0.717775
0.0684914
1.35338
1.78078
0.448551
-0.167244
-1.04739
0.0
0.0
0.0
0.0
0.0
0.0
0.0
0.0
0.0
0.0
0.0
0.0
0.0
0.0
0.0
0.0
0.0
0.0
0.0
0.0
0.0
0.0
0.0
0.0
0.0
0.0
0.0
0.0
0.0
0.0
0.0
-1.30962
0.675296
-0.174687
-0.165457
0.0262784
-0.356883
-0.539331
-0.745722
0.140226
1.12208
0.839367
-0.00201714
1.3307
1.60274
0.280811
0.0124846
0.0
0.0
0.0
0.0
0.0
0.0
0.0
0.0
0.0
0.0
0.0
2.35858
0.0
0.0
0.0
0.0
0.0
0.0
0.0
0.0
0.0
0.0
0.0
0.0
0.0
0.0
0.0
0.0
0.0
-0.66073
-0.296118
0.0
0.661593
0.0
0.0
0.0
0.0
-0.88859
0.0
0.0
0.0
0.0
0.0
0.0
0.0
0.0
0.0
0.0
0.0
0.0
0.0
0.0
0.0
0.702292
0.0
0.0
0.0
0.0
0.0
0.0
0.0
0.0
0.0
0.0
0.0
0.0
0.0
0.0
0.0
0.0
0.0
0.0
0.0
0.0
-0.609196
0.0
0.0
0.0
0.0
0.0
-2.16631
4.48126
0.649057
-0.459408
0.064939
-1.54492
2.63487
2.90518
2.15365
-0.523906
-0.655133
-0.00873306
3.0957
1.51988
3.1901
-0.241251
3.67462
-4.27527
-0.563344
0.162197
0.680167
1.4618
-2.76301
-3.7586
-1.50499
-0.0894392
1.04366
0.00435467
-3.29378
-1.62581
-3.36398
0.867632
2.73764
0.155088
2.68146
1.03305
3.53613
1.10853
-3.4704
1.7648
0.714594
-0.809336
2.03894
-3.55387
3.87865
-1.60271
2.59331
0.00942494
0.430008
0.490347
1.88011
-0.684513
1.54568
-1.25542
2.80189
2.77559
-2.58857
1.08303
0.851834
1.14701
0.411704
-1.07509
-0.726836
-0.222596
0.533983
0.205669
0.0840633
-0.296551
0.744248
-0.0882313
-0.117645
-0.855336
0.649156
-0.61415
0.389859
-0.00368215
-0.199303
-0.10716
-0.172876
0.0824513
2.3875
2.08503
-0.738087
0.171827
-2.70709
-0.740676
-0.833714
-0.154534
-2.61565
-1.40774
0.789139
-3.95963
-0.359206
-2.26662
-1.17535
-0.184955
1.89142
-0.151834
-0.753248
0.150271
-0.303166
0.531008
-1.38518
-0.0189895
0.941625
0.752827
-1.75542
1.42289
1.56037
-0.142833
0.966012
0.314293
1.46763
1.26619
0.20709
0.0601242
-2.22657
0.81852
2.34669
2.01328
-0.581103
-0.291272
1.47369
-0.215844
2.45094
-1.42003
-0.660414
-0.478843
0.970666
-1.0999
-2.97658
0.298595
2.84311
-0.591654
-1.39888
-1.39658
0.95715
0.177138
-0.629233
0.492119
-2.03355
3.64111
-2.46056
1.76008
-0.0845893
1.95108
1.16887
2.72763
3.46334
-3.39675
-2.52166
-2.61877
1.39652
0.23405
-0.318234
-0.384893
0.108543
0.825939
2.67892
2.06699
0.198992
-0.494762
2.37294
2.17169
1.24414
1.99974
2.42782
5.43652
-2.88414
-1.27363
1.64626
0.57957
-0.518113
-5.52746
-2.74869
2.6037
0.995878
-0.677006
2.88496
2.5199
-2.72845
5.76451
2.22576
0.49026
-0.554719
-0.172941
2.18602
-1.36107
-0.551307
-1.20164
-1.78188
-0.38333
-2.81117
0.147638
1.1872
0.0120232
1.25734
-1.73813
4.5668
4.74537
-1.08943
0.634444
0.862352
1.20035
-0.599955
0.794563
2.38756
0.158548
0.116913
0.0668954
-3.19033
0.26664
-0.911255
-1.37754
-4.06921
-2.58077
-2.41693
-1.29599
-1.01128
-0.754943
-1.85247
0.199299
-0.996381
0.470645
-1.77105
-0.62206
0.435139
-0.0219554
1.23551
1.13354
-0.796048
3.78904
-0.641149
3.93254
-2.00004
3.04633
1.46372
0.868604
-1.1052
0.156409
0.530515
-0.768784
1.73946
0.284288
-0.373811
2.46661
2.473
-1.09877
1.58027
-3.78574
1.57777
-1.24806
-0.149535
-2.45563
-0.0771515
0.427501
-0.817253
-0.8406
0.355377
0.087204
2.36119
-1.19885
-1.24128
-0.488672
0.408603
3.25747
-3.64314
1.52799
-1.149
0.543526
0.45633
0.225573
0.494623
0.369052
1.21012
0.178429
-0.012491
1.54042
1.89881
-0.169908
-2.44658
-1.83626
2.94033
-2.93571
0.709069
0.00377552
-0.400777
0.171836
-3.79975
2.22911
-1.90287
0.259574
0.068841
0.0325126
-2.88684
-1.08983
0.710298
-0.141938
-1.11607
-2.25516
1.96777
2.52296
2.86578
-0.409571
-2.38375
0.872983
-0.128452
0.179868
0.490132
-3.31601
-1.86949
-1.47204
0.583095
1.44009
-0.593412
1.75531
-2.04119
-0.675616
-0.895911
0.224506
-0.152759
-1.83006
-0.222185
2.45129
0.589141
0.0977362
-0.568569
-0.701321
0.64983
0.0677942
-0.979779
0.0784654
-0.423604
-0.214851
1.61432
-2.63006
0.574687
-0.0712902
0.144225
-0.638471
-1.34807
1.36964
0.520615
0.404619
0.131879
-0.39927
1.474
-0.381518
0.644884
-0.850947
-3.13345
1.86049
5.85891
0.251116
-2.48435
0.552403
-7.17107
-2.19834
-6.28965
-4.40566
-0.442559
-1.90739
-6.28931
4.03471
0.489791
-0.900692
1.3147
-2.25355
-1.48841
-0.355939
1.5899
-2.15698
-9.15888
6.44927
-1.99181
4.11243
11.9551
-8.19095
-5.01876
6.94428
3.90514
-4.51861
-3.39917
-9.02423
-1.26598
0.134904
1.89325
-1.17941
-4.42608
1.72091
2.22445
-0.952592
-6.67621
2.382
0.371982
0.314939
-3.62753
2.62279
3.49723
-1.06998
-5.36586
-3.45727
-3.63858
-0.734949
6.17081
-2.26677
-3.32829
-2.95056
-3.45599
-2.59989
-2.4887
-3.52401
-0.696151
-0.0431671
0.760537
-3.60151
-0.270039
-1.37509
0.167379
-2.35961
