[293, 25, 25, 4]
0.0
0.0
0.0
0.0
0.0
0.0
0.0
0.0
0.0
0.0
0.0
0.0
0.0
0.0
0.0
0.0
0.0
0.0
0.0
0.0
0.0
0.0
0.0
0.0
0.0
0.0
0.0
0.0
0.0
0.0
0.0
0.0
0.0
0.0
0.0
0.0
-1.16756
0.0
0.0
0.0
0.0
0.0
0.0
0.0
0.0
0.0
0.0
0.0
0.0
0.0
0.0
0.0
0.0
0.0
0.0
0.0
0.0
0.0
0.0
0.161687
0.0
0.0
0.0
0.0
0.0
0.0
0.0
0.0
0.0
0.0
0.0
0.0
0.0
0.0
0.0
0.0
0.0
0.0
0.0
0.0
0.0
0.0
0.0
0.0
0.0
0.0
0.0
0.0
0.0
0.0
0.0
0.0
0.0
0.0
0.0
0.0
0.0
0.0
0.0
0.0
0.0
1.0484
0.0
0.0
0.0
0.0
0.0
0.0
0.0
0.0
0.0
0.0
0.0
0.0
0.0
0.0695737
0.0
0.0
0.0
0.0
0.0
0.0
0.0
0.0
0.0
0.0910235
-0.235496
0.820931
0.297144
-0.50448
0.384094
0.0552898
-0.00430484
-0.171051
-0.0458776
0.549466
0.189888
-0.137876
-0.0605013
0.084127
-0.159801
0.432273
0.808164
0.195229
-0.0768081
0.0884213
0.308659
0.4192
0.109537
-0.889579
0.0
0.0
0.0
0.0
0.0
0.0
-0.463966
0.0
0.0
0.0
0.0
0.0
0.0
0.0
0.0
0.0
0.650159
0.0
0.0
0.0
0.0
0.0
0.0
0.0
0.0
0.0829163
0.283479
1.20489
-0.487968
-1.75688
0.427035
-0.241363
-0.268428
-0.373792
-0.0579612
0.544
0.120313
-0.0238447
-0.417488
-0.0342143
0.345075
0.998129
0.906355
0.526014
0.0929578
0.0170071
0.543053
0.207846
-0.197887
-0.0948851
0.103127
0.328375
1.25751
-0.273588
-0.90782
0.219458
-0.519097
-0.149676
-0.262416
0.0572339
0.562408
0.291437
-0.367401
-0.286359
0.373269
0.560679
0.766142
0.90142
0.332578
0.0576959
-0.836736
0.372759
0.210888
-0.0239349
-0.895308
0.0
0.0
0.0
0.0
0.0
0.0
0.0
0.0
0.0
0.0
0.0
0.0
0.0
0.0
0.0
0.0
0.0
0.0
0.0
0.0
0.0
0.0
0.0
-0.60709
0.0
0.192236
-0.204658
0.590197
0.557827
0.283611
0.554943
-0.126727
0.100207
-0.368868
-0.0195334
0.281597
-0.135456
0.0706386
0.111227
0.0416419
0.283177
0.418909
0.443727
-0.0709712
-0.288549
-0.489008
0.107654
0.232608
0.0718936
-0.0462621
0.0
0.537397
0.0
0.0
0.0
0.0
0.0
0.0
0.0
0.0
0.0
0.0
0.0
0.0
0.0
0.0
0.0
0.0
0.0
-0.169193
-0.868677
-0.396027
0.0
0.0
0.0
0.0
0.0
0.0
0.0
0.0
0.0
0.0
0.0
0.0
0.0
0.0
0.0
0.0
0.0
0.0
0.0
0.0
0.0
0.0
0.0
0.0
0.0
0.0
0.0
0.0
0.0
0.0
0.0
0.0
0.0
0.0
0.0
0.0
0.0
0.0
0.0
0.0
0.0
0.0
0.0
0.0
0.0
0.0
0.0
0.0
0.0
0.0
0.0
0.0
0.0
0.0
-0.574446
0.0
0.0
0.0
0.0
-2.30289
0.0
0.0
0.0
0.0
0.0
0.0
0.0
0.0
0.0
0.0
0.0
0.0
0.0
0.0
0.0
0.0
0.0
0.0
0.0
0.0
0.0
0.0
0.0
0.0
0.0
0.0
0.0
0.0
0.0
0.0
0.0
0.0
0.0
0.0
0.0
0.0
0.0
0.0
0.0
0.0
0.0
0.0
0.0
0.0
0.0
0.0
0.0
0.0
0.0
0.0
0.0
0.0
0.0
0.0
0.824745
0.0
0.0
0.0
0.0
0.0
-1.92173
0.0
0.0
0.0
0.0
0.0
0.0
0.0
0.0
0.0
-0.323304
2.2482
0.0
0.0
0.0
0.0
0.0
0.0
0.0
0.0
0.0
0.0
0.0
0.0
0.0
0.0
0.0
0.0
0.0
0.0
0.0
0.0
0.0
0.0
0.0
0.0
0.0
0.0
0.0
0.0
0.0
0.0
0.0
0.0
0.0
0.0
0.0
0.0
0.0
0.0
0.0
0.0
0.0
0.0
0.0
0.0
0.0
0.0
0.0
0.0
0.0
0.0
0.0
0.0
0.0
0.0
0.0
0.0
0.0
0.0
0.0
0.0
0.0
0.0
0.0
0.0
0.0
0.0
0.0
0.0
0.0
0.0
0.0
0.0
0.0
0.0
0.0
0.0
0.0
0.0
0.0
0.0
0.0
0.0
0.0
0.0
0.0
0.0
0.0
0.0
0.0
0.0
0.0
0.0
0.0
0.0
0.0
0.0
-0.180754
-0.271319
0.286117
0.692838
0.32687
0.0392804
-0.230804
-0.304824
-0.413084
-0.248619
-0.132365
0.134914
0.380358
0.0132159
0.0369763
0.524929
0.614708
0.0369104
-0.179773
-0.0438397
1.64793
0.0845832
0.102438
0.0602086
0.264316
0.0
0.0
0.0
0.0
0.0
0.0
0.0
0.0
0.0
0.0
0.0
0.0
0.0
0.0
0.0
0.0
0.0
0.0
0.0
0.0
0.0
0.0
0.0
0.0
0.0
0.0
0.0
0.0
0.0
0.0
0.0
0.0
0.0
0.0
0.0
0.0
0.0
0.0
0.0
0.0
0.0
0.0
0.0
-1.33881
0.0
0.0
0.0
0.0
0.0
0.0
0.0
0.0
0.0
0.0
0.0
0.0
0.0
0.0
0.0
0.0
0.0
0.0
0.0
0.0
0.0
0.0
0.0
0.0
0.0
0.0
0.0
0.0
0.0
0.0
0.0
0.0
0.0
0.0
0.0
0.0
0.0
0.0
0.0
0.0
0.0
0.0
0.0
0.0
0.0
0.0
0.0
0.0
0.0
0.0
0.0
0.0
0.0
0.0
0.0
0.0
0.0
0.0
0.0
0.0
0.0
0.0
0.0
0.0
0.0
0.0
0.0
0.0
0.0
0.0
0.0
0.0
0.0
0.0
0.0
0.0
0.0
0.0
0.0
0.0
0.0
0.0
0.0
0.0
0.0
0.0
0.0
0.0
0.0
0.0
0.0
0.0
0.0
0.0
0.0
0.0
0.0
0.0
0.0
0.0
0.0
0.0
0.0
0.0
0.0
0.0
-0.0434484
-0.211094
0.533033
0.120184
-0.314224
0.406974
0.136218
0.0825438
-0.275635
0.187649
0.20046
-0.0670789
0.276881
0.0833218
-0.00830541
0.461393
0.469171
0.497287
-0.0123488
-0.224786
0.365969
0.246372
0.0533209
0.0725971
-0.0707307
0.0
0.0
0.0
0.0
0.0
0.0
0.0
0.0
0.0
0.0
0.0
0.0
0.0
-1.10143
0.0
0.0
0.0
0.0
0.0
0.0
0.0
0.0
0.0
0.0
0.0
-0.270753
-0.189277
0.507817
0.0536793
-0.35883
0.293048
0.626106
0.216494
-0.279674
0.123025
0.286158
-0.038591
0.195729
0.125813
0.0583168
0.520199
0.467969
0.449299
0.101864
-0.12807
-0.238751
0.206942
0.0622012
0.135628
-0.0639172
0.0
-0.326685
0.0
0.0
0.0
0.0
0.0
0.0
0.0
0.0
0.0
0.0
0.0
0.0
0.0
0.0
0.0
0.0
0.0
0.0
0.0
0.0
0.0
0.0
0.0
0.0
0.0
0.0
0.0
0.0
0.0
0.0
0.0
0.0
0.0
0.0
0.0
0.0
0.0
0.0
0.0
0.0
0.0
0.0
0.758455
0.0
0.0
0.0
0.0
1.37473
0.0
0.0
0.0
0.0
0.0
0.0
0.0
0.0
0.0
0.0
0.0
0.0
0.0
0.0
0.0
0.0
0.0
0.0
0.0
0.0
0.0
0.0
0.0
0.0
0.0
0.0
0.0
0.0
0.0
0.0
0.0
0.0
0.0
0.0
0.0
0.96449
0.0
0.0
0.0
0.0
0.0
0.0
0.0
0.0
0.0
0.0
0.0
0.0
0.0
0.0
0.0
0.0
0.0
0.0
0.0
0.0
0.0
-0.01076
0.0
0.0
0.0
0.0
0.0
0.0
0.0
0.0
-0.337369
0.0
1.30651
0.0
0.0
0.0
0.0
0.0
0.0
0.0
0.0
0.0
0.0
0.0
0.0
0.0
0.0
0.0
0.0
0.0
0.0
0.0
-3.21409
0.0
0.0
0.0
0.0
0.0
0.0
0.0
0.0
0.0
0.0
0.0
0.38745
-0.30552
0.200354
-0.0799609
0.0645555
0.168149
0.555773
-0.339723
-0.346158
-0.0411239
0.241925
-0.363118
0.0697463
-0.0784372
-0.0848535
0.583274
0.638668
0.150973
0.067948
0.160661
-0.116154
0.332327
0.187257
0.0520109
0.115572
0.0
0.0
0.0
0.0
0.0
0.0
0.0
0.0
0.0
0.0
-0.249076
0.356577
0.0
0.0
0.0
0.0
0.0
0.0
0.0
0.0
0.0
0.0
0.0
0.0
0.0
0.0
1.42647
0.0
0.0
0.0
0.0
0.0
0.0
0.0
0.0
0.0
0.0
0.0
0.0
0.0
0.0
0.0
0.0
0.0
0.0
0.0
0.0
0.0
0.0
0.0
0.0
0.0
0.0
0.0
0.0
0.0
0.0
0.0
0.0
0.0
-0.927377
0.0
0.0
0.0
0.0
0.0
0.0
0.0
0.0
0.0
0.0
0.0
0.0
0.0
0.0
0.0
0.0
0.0
0.0
0.0
0.0
0.0
-0.65938
0.0
0.0
-0.132856
0.0
0.0
0.0
0.0
0.0
0.0
0.0
0.0
0.0
0.0
0.0
0.0
0.0
0.0
0.0
0.0
0.0
0.0
0.0
0.0
0.0
0.0
0.0
0.0
0.0
0.0
0.0
0.0
0.0
0.0
0.0
0.0
0.0
0.0
0.0
0.0
0.0
0.0
0.0
0.0
0.0
0.0
0.0
0.0
0.0
0.0
-0.503708
0.0
0.0
0.0
0.0
0.0
0.0
0.0
0.0
0.0
0.0
0.0
0.0
-0.539734
0.0
0.0
0.0
0.0
0.0
0.0
0.0
0.0
0.0
0.0
0.0
0.0
0.0
0.0
0.0
0.0
0.0
0.0
0.0
0.0
0.0
0.0
0.0
0.0
0.0
0.0
0.0
0.0
0.0
0.0
0.0
0.0
0.0
0.0
0.0
0.0
0.0
0.0
0.0
0.0
0.0
0.0
-0.280897
0.0
0.0
0.0
0.0
0.0
0.0
0.0
0.0
0.0
0.0
0.0
0.0
0.0
0.0
0.0
0.0
0.0
0.0
0.0
0.0
0.0
0.0
0.0
0.0
0.0
0.0
0.0
0.0
0.0
0.0
0.0
0.0
0.0
0.0
0.0
0.0
0.0
0.0
0.0
0.0
0.0
0.0
0.0
0.0
0.0
0.0
0.0
0.0
0.0
0.0
0.0
0.0
0.0
0.0
0.0
0.0
0.0
0.0
0.0
0.0
0.0
0.0128261
-0.23926
0.511887
0.36215
-0.181606
0.6789
0.66681
-0.268425
-0.232488
-0.132281
0.241737
-0.0160313
0.206024
0.103726
-0.041376
0.588416
0.489209
0.4895
0.0662304
-0.159163
0.510738
0.0348241
-0.15997
0.0890693
0.0880005
0.0
0.0
0.0
0.0
0.0
0.0
0.0
0.0
0.0
0.0
0.0
0.0
0.0
0.0
0.0
0.0
0.0
0.0
0.0
0.0
0.0
0.0
0.0
0.0
0.0
0.0
0.0
0.0
0.0
0.0
0.0
0.0
0.0
0.0
0.0
0.0
0.0
0.0
0.0
0.0
0.0
0.0
0.0
0.0
0.0
0.0
0.0
0.0
0.0
0.0
0.0
0.0
0.0
0.0
0.0
0.0
0.0
0.229405
0.0
0.0
0.0
0.0
0.0
0.0
0.0
0.0
0.0
0.0
0.0
0.0
0.0
0.0
0.0
0.0
0.0
0.0
0.0
0.0
0.0
0.0
0.0
0.0
0.0
0.0
0.0
0.0
0.0
0.0
0.0
0.0
0.0
-0.774707
0.0
0.0
0.0
0.0
0.0
0.0
-0.0250477
0.0
-0.0305001
-0.225044
0.267409
0.0520568
0.144886
-0.359837
0.323128
0.0619499
-0.370742
-0.0472287
0.214201
-0.172658
0.187217
-0.11105
0.0659449
0.558166
0.671232
0.108767
0.154437
0.188657
0.233933
0.230068
0.239033
0.0947263
0.053116
0.0
0.0
0.0
0.0
0.0
0.790124
0.0
0.0
0.0
0.0
0.0
0.0
0.0
0.0
0.0
0.0
0.0
0.0
0.0
0.0
0.0
0.0
0.0
0.0
0.0
0.0
0.0
0.0
0.0
0.0
1.21493
0.0
0.0
0.0
0.0
0.0
0.0
0.0
0.0
0.0
0.0
0.0
0.0
0.0
0.0
0.0
0.0
0.0
0.0
0.0
0.0
0.0
0.0
0.0
0.0
0.0
0.0
0.0
0.0
0.0
0.0
0.0
0.0
0.0
0.0
0.0
0.0
0.0
0.0
0.0
0.0
0.0
0.0
0.0
0.0
0.0
0.0
0.0
0.0
0.0
0.0
0.0
0.0
0.0
0.0
0.0
0.0
0.0
0.0
0.0
0.0
0.0
0.0
0.0
0.0
0.0
0.0
-0.514233
0.0
0.0
-0.551967
0.0
0.0
-0.170452
0.0
0.0
0.0
0.0
0.0
0.0
0.0
0.0
0.0
0.0
0.0
0.0
0.0
0.0
0.0
0.0
0.0
0.0
0.0
0.0
0.0
0.0
0.0
0.0
0.0
0.0
0.0
0.0
-0.692079
0.0
0.0
0.0
0.0
0.0
0.0
0.0
0.0
0.0
-1.66871
0.0
0.0
0.0
0.0
0.0
0.0
0.0
0.0
0.0
0.0
0.0
0.0
-0.579912
0.0
0.0
0.0
0.0
0.0
0.0
0.0
0.0
0.0
0.405584
0.0
0.0
0.0
0.0
0.0
0.0
0.0
0.0
0.0
0.0
0.0
1.18819
0.0
-0.46701
0.0
0.0
0.0
0.0
0.0
0.0
0.0
0.0
0.0
0.0
0.0
0.0
0.0
0.0
0.0
0.0
0.0
0.0
0.0
0.0
-1.02009
0.0
0.0
0.0
0.0
0.0
0.0
0.0
0.0
0.0
0.0
0.0
0.0
0.0
0.0
0.0
0.0
0.0
0.0
0.0
0.0
0.0
0.0
0.0
0.0
0.0
0.0
0.0
0.0
-0.172528
0.0
0.0
0.0
0.0
0.0
0.0
0.0
0.0
0.0
0.0
0.0
0.0
0.0
0.0
0.0
0.0
0.0
0.0
0.0
0.0
0.0
0.0
0.0
1.02054
0.0
0.0
0.0
0.0
0.0
0.0
0.0
0.0
0.0
0.0
0.0
0.0
0.0
0.0
0.0
-1.65971
0.0
0.0
0.0
0.0
0.0
0.0
0.0
0.0
0.0
0.0
0.0
0.0
0.0
0.0
0.0
0.0
0.0
0.0
0.0
0.0
0.0
0.0
0.0
0.0
-0.774393
0.0
0.0
0.0
0.0
0.0
0.0
0.0
0.0
0.0
0.0
0.0
0.0
0.0
0.0
0.0
0.0
0.0
0.0
0.0
0.0
0.0
0.0
0.0
0.0
0.0
0.0
0.0
0.0
0.0
0.0
0.0
0.0
0.0
0.0
0.0
0.0
0.0
0.0
0.0
0.0
0.0
0.0
0.0
2.50442
0.0
0.0
0.0
0.0
0.0
1.00368
0.0
0.0
0.0
0.0
0.0
0.0
0.0
0.0
0.0
0.0
0.0
0.0
0.0
0.0
0.0
0.0
0.0
0.0
0.0
0.0
0.0
0.0
0.0
0.0
1.01866
0.0
0.0
0.0
0.0
0.0
-0.116477
-0.410432
0.170485
-0.559178
0.0861711
-0.376687
0.883078
0.0532894
-0.203556
0.15645
0.319398
-0.23014
0.0556209
-0.0944246
0.0295656
0.418561
0.674274
0.0953497
0.0122433
0.735167
-0.690721
0.383806
-0.0699192
0.0171214
0.0215498
0.0
0.0
0.0
0.0
0.0
0.0
0.0
0.0
0.0
0.0
0.0
0.0
0.0
0.0
0.0
0.0
0.0
0.0
0.0
0.0
0.0
0.0
0.0
0.0
0.0
0.0
0.0
0.0
0.0
0.0
0.0
0.0
0.0
0.0
0.0
0.0
0.0
0.0
0.0
0.0
0.0
0.0
0.0
0.0
0.0
0.0
0.0
0.0
0.0
0.0
0.0
0.0
0.0
-0.165446
2.03719
0.0
0.0
0.0
0.0
0.0
0.0
0.0
0.0
-0.265818
0.0
0.0
0.0
0.0
0.0
0.0
0.0
0.0
0.0
0.0
0.0
0.0
0.0
0.0
0.0
0.0
0.0
0.0
0.0
0.0
0.0
0.0
0.0
0.0
0.0
0.0
0.0
0.0
-0.411391
0.0
0.0
0.0
0.0
0.0
0.0
0.0
0.0
0.0
0.0
0.0
0.0
0.0
0.0
0.0
0.0
0.0
0.0
0.0
-0.882892
0.0
0.0
0.0
0.0
0.0
0.0
0.0
0.0
0.0
0.0
0.0
0.0
0.0
0.0
0.0
0.0
0.0
0.0
0.0
0.0
0.0
1.32998
0.0
0.0
0.0
0.0
0.0
0.0
0.0
0.0
0.71588
0.0
0.0
0.0
0.0
0.0
0.0
0.0
0.0
0.0
0.0
0.0
0.0
0.0
0.0
0.0
0.0
0.0
0.0
0.0
0.0
0.0
0.0
0.0
0.0
0.0
0.0
0.0
0.0
0.0
0.0
0.0
0.0
0.0
0.0
0.0
0.0
0.0
0.0
0.0
0.0
0.0
0.0
0.0
0.0
0.0
0.0
0.0
0.0
0.0
0.0
0.0
0.0
0.0
0.0
0.0
0.0
0.0
0.0
0.0
0.0
0.0
0.0
-0.896609
0.0
0.0
0.0
0.0
0.0
0.411904
0.0
0.0
0.0
0.0
0.0
0.0
0.0
0.0
0.0
0.0
0.0
0.0
0.0
0.0
0.0
0.0
0.0
0.0
0.0
0.0
0.0
-0.99534
0.0
0.0
0.0
0.0
0.0
0.0
0.0
0.0
0.0
0.0
0.0
0.0
0.0
0.0
0.0
0.413877
0.336196
0.0
0.0
0.0
0.0
0.0
0.0
0.0
0.34065
0.0
0.0
0.0
0.0
0.0
0.0
-0.733384
0.0
0.0
0.0
0.0
0.0
0.0
0.0
0.0
0.0
0.0
0.0
0.0
0.0
0.0
0.0
0.0
0.0
0.0
0.0
0.0
0.0
0.0
0.0
0.0
0.0
0.0
0.0
0.0
0.0
0.0
0.0
0.0
0.0
0.0
0.0
0.0
0.0
0.0
0.0
0.0
0.0
0.0
0.0
0.0
0.0
0.0
0.0
0.0
0.0
0.0
0.0
0.0
0.0
0.0
0.0
0.0
0.0
0.0
0.141961
-0.323379
0.32383
0.823214
0.209123
0.159469
0.538837
-0.269038
-0.333748
-0.230224
0.71344
-0.0946352
0.148136
0.220922
0.300234
0.214934
0.317117
0.153106
0.09032
-0.339769
0.096037
-0.248423
-0.23831
0.106137
0.11762
1.92875
0.0
0.0
0.0
0.0
0.0
0.0
0.0
0.0
0.0
0.0
0.0
1.20678
0.0
0.0
0.0
0.0
0.0
-1.27633
0.0
0.0
0.0
0.0
0.0
0.0
0.0
0.0
0.0
0.0
0.0
0.0
0.0
0.0
0.0548621
0.0
0.0
0.0
0.396794
0.0
0.0
0.0
0.0
2.0506
0.0
0.0
0.0
0.0
0.0
0.0
0.0
0.0
0.0
0.0
0.0
0.0
0.0
0.0
0.0
0.0
0.0
0.0
0.0
1.23137
0.0
0.0
0.0
0.0
0.0
0.0
0.0
0.0
0.0
0.0
0.0
0.0
0.0
0.0
0.0
0.0
0.0
1.53275
0.0
0.0
0.0
0.0
-0.101697
0.0
0.0
0.0
0.0
0.0
0.0
0.0
0.0
0.0
0.0
0.231394
0.0
0.0
-0.610797
0.0
0.0
-0.742094
0.0
0.0
0.0
0.0
0.0
0.468611
0.0
0.0
0.0
0.0
0.0
-1.53333
0.0
0.0
0.0
0.0
0.0
0.0
0.0
0.0
0.0
0.0
0.0
0.0
0.0
0.0
0.0
0.0
0.0
0.0
0.0
0.0
0.0
0.0
0.0
0.0
0.0
0.0
0.0
0.0
0.812514
0.0
0.0
0.0
0.0
0.0
0.0
0.0
0.0
0.0
0.0
0.0
0.0
0.0
0.0
0.0
0.0
0.0
0.0
0.0
0.0
0.0
0.0
0.0
0.0
0.0
0.0
0.0
0.0
0.0
0.983288
0.0
0.0
0.0
0.0
0.0
0.0
0.0
0.0
0.0
0.0
0.0
0.0
0.0
0.0
0.0
0.0
0.0
0.0
0.0
0.0
0.0
0.0
-1.67772
1.42504
0.0
0.0
0.0
0.0
0.0
0.0
0.0
0.0
0.0
0.0
0.0
0.0
0.0
0.168167
0.0
0.0
0.0
0.0
-1.57834
0.0
0.0
0.0
0.0
0.0
0.0
0.0
0.0
0.0
0.0
0.0
0.0
0.0
0.0
0.0
0.0
0.0
0.0
0.0
0.0
0.0
0.0
0.0
0.0
0.0
0.0
0.0
0.0
0.0
0.0
0.0
0.0
0.0
0.25987
0.0
0.0
0.0
0.0
0.0
0.0
0.0
0.0
0.0
0.0
0.0
0.0
0.0
0.0
0.0
0.0
0.0
0.0
0.0
0.0
0.0
0.0
-0.025303
0.0
0.0
0.0
0.0
0.0
0.0
0.0
0.0
0.0
0.0
0.0
0.0
0.0
0.0
0.0
0.0
-0.18942
0.0
0.0
0.0
0.0
0.0
0.0
0.0
0.0
0.0
0.0
0.0
0.0
0.0
0.0
0.321741
0.0
0.0
0.0
0.0
0.0
0.0
0.0
0.0
0.0
0.0
0.0
0.0
0.0
0.0
0.0
0.0
0.0
0.0
-0.422803
0.0
0.0
0.0
0.0
0.0
0.0
0.0
0.0
0.0
0.0
0.0
0.0
0.0
0.0
0.0
0.0
0.0
0.0
0.0
0.0
0.0
0.0
0.0
0.0
0.0
0.0
0.0
0.0
0.0
0.0
0.0
0.0
0.0
0.0
0.0
0.0
0.0
0.0
0.0
0.0
0.0
0.0
0.0
0.0
0.0
0.0
0.0
0.0
0.0
0.0
0.0
0.0
0.0
0.0
0.0
0.0
0.0
0.949411
0.0
0.0
0.0
0.0
0.0
0.0
0.0
0.0
0.0
0.0
0.0
0.696739
0.0
0.0
0.0
0.0
0.0
0.2322
-0.303682
0.419621
1.09781
-0.269723
0.129258
0.0633721
-0.305016
-0.407562
-0.297305
0.368658
-0.197276
-0.311651
0.2608
-0.0512913
0.492889
0.453216
0.229142
0.406574
-0.398939
-0.383988
-0.248637
-0.399607
0.219398
-0.009004
0.0
0.0
0.0
0.0
0.0
0.0
0.0
0.0
0.0
0.0
0.0
0.0
0.0
0.0
0.0
0.0
0.0
0.0
0.0
0.0
0.0
0.0
0.0
0.0
0.0
-0.128492
-0.493962
0.126824
-0.401473
0.296869
-0.187013
0.0415684
-0.0448745
-0.202254
-0.092606
0.249662
-0.0984647
0.107724
-0.258366
0.0579191
0.22357
0.535046
0.0271252
0.565201
0.519153
0.343825
0.346583
-0.107208
-0.0400719
-0.0779456
0.0
0.0
0.0
0.0
0.0
1.35192
0.0
0.627744
0.0
0.0
0.0
0.0
0.0
0.872875
0.0
0.0
0.0
0.0
0.0
0.0
0.0
0.0
0.0
0.0
0.0
0.0
0.0
0.0
0.0
0.0
0.0
0.0
0.0
0.0
0.0
0.0
0.0
0.0
0.0
0.0
0.0
0.0
0.0
0.0
0.0
-0.332548
0.0
0.0
2.59723
0.0
0.0
0.0
0.0
0.0
0.0
0.0
-1.19189
0.0
-2.13703
-1.14571
0.0
0.0
0.0
0.0
0.0
0.0
0.0
0.0
0.0
0.0
1.74021
0.0
0.0
0.0
0.0
0.0
0.0
0.0
0.0
0.0
0.0
0.0
0.0
0.0
0.0
0.0
0.0
0.0
0.0
0.0
0.0
0.0
0.0
0.0
0.0
0.0
0.0
0.0
0.0
0.87239
0.0
0.0
0.0
0.0
0.0
0.0
0.0
0.0
0.0
0.0
0.0
0.0
0.0
0.0
0.0
0.0
0.0
0.0
0.0
0.0
0.0
0.0
0.0
0.0
0.0
0.0214236
0.0
0.0
0.0
0.0
0.0
0.0
0.0
0.0
0.0
0.0
0.0
0.0
0.0
0.0
0.0
0.0
0.0
0.0
0.0
0.0
0.0
0.0
0.0
0.0
0.0
0.0
0.0
0.0
0.0
0.0
0.0
0.0
0.0
0.0
0.0
0.0
0.0
0.0
0.0
0.0
0.0
0.0
0.0
0.0
0.0
0.994779
0.0
0.0
0.0
0.0
0.0
0.0
-0.296709
0.0
0.0
0.0
0.0
0.0
0.0
0.0
0.0
0.0
0.0
0.0
0.0
0.0
0.0
0.0
0.0
0.0
0.0
-0.695676
0.0
0.0
0.0
0.0
0.0
0.0
0.0
0.0
-0.73208
0.0
0.0
0.0
0.0
0.0
0.0
0.0
0.0
0.0
0.0
0.0
0.0
0.0
0.0
0.0
0.0
0.0
-0.524907
0.0
0.0
0.0
0.0
0.0
0.0
0.0
0.0
-1.15229
0.0
0.0
0.0
0.0
0.0
0.0
0.0
0.603048
0.0
0.0
0.0
0.0
0.0
0.0
0.0
0.0
-1.26308
0.0
0.0
0.0
1.15921
0.0
0.0
0.0
0.0
0.0
0.0
0.0
0.0
0.0
0.0
0.0
0.0
0.0
0.0
0.0
-0.0658139
0.0
0.0
0.0
0.0
0.0
0.0
0.0
0.0
0.0
0.0
-0.0744725
0.0
0.0
0.0
0.0
0.0
0.0
0.0
0.0
0.0
2.50716
0.0
0.0
0.0
0.0
0.0
0.0
0.0
0.0
0.0
0.0
0.0
0.0
0.0
0.0
0.0
0.0
0.0
0.0
0.0
0.0
0.0
0.0
0.0
0.0
0.0
0.0
0.0
0.0
0.0
0.0
0.0
0.0
0.0
0.0
0.0
0.0
0.0
0.0
0.0
0.0
0.0
0.0
0.0
0.0
0.0
0.0
0.0
0.0
0.0
0.0
0.0
0.0
0.0
0.0
0.0
-1.78647
0.751372
0.0
0.0
0.0
0.0
0.0
0.0
0.0
0.0
0.0
0.0
0.0
0.0
0.0
0.0
0.0
0.0
0.0
0.0
0.0
0.0
0.0
0.0
0.0
0.0
0.0
0.0
0.352829
-0.305742
0.384626
0.554442
0.182134
-0.0849163
0.399931
-0.165208
-0.39465
-0.205162
0.132541
-0.172359
-0.0690577
0.199704
-0.00874652
0.445612
0.432971
0.223413
0.238822
-0.211124
-0.0082148
-0.142482
0.333849
0.133247
-0.0328054
0.0999573
-0.51956
0.133915
0.329351
0.3032
0.0190335
-0.0264195
0.103295
-0.0896264
0.0316518
0.122749
-0.123547
0.0772855
-0.209954
0.250545
0.176695
0.367809
0.081231
0.0976749
-0.121675
0.280347
-0.130244
0.059475
0.0268193
-0.0535388
0.0
0.0
0.0
0.0
0.0
0.0
0.0
0.0
0.0
0.0
0.0
0.0
0.0
0.0
0.0
0.0
0.0
0.503764
0.0
0.0
0.0
0.0
0.0
0.0
0.0
0.0
0.0
-0.474598
0.0
0.0
0.0
0.0
0.0
0.0
0.0
0.0
0.0
0.0
0.0
0.0
0.0
0.0
1.1429
0.0
0.0
0.0
0.0
0.0
-0.711044
0.0
0.0
0.0
0.0
0.0
0.0
0.0
0.0
0.0
0.0
0.0
0.0
0.0
0.0
0.0
0.0
0.0
0.0
0.0
0.0
0.0
0.0
0.0
0.0
0.0
0.0
0.0
0.0
0.0
0.0
0.0
0.0
0.0
0.0
0.0
0.0
0.0
0.0
0.0
0.0
0.0
0.0
0.0
0.0
0.0
0.0
0.0
0.0
0.0
0.0
0.0
0.0
0.0
-0.827289
0.0
0.0
0.0
0.0
0.0
0.0
0.0
0.0
0.969634
0.0
0.0
0.317387
0.0
0.0
0.0
0.0
0.0
0.0
0.0
0.0
0.0672588
0.0
0.0
0.0
0.0
0.0
0.0
0.0
0.0
0.0
0.0
0.0
0.0
0.0
0.0
0.0
0.0
0.0
0.0
0.0
0.0
1.00576
0.0
0.0
0.0
0.0
0.0
0.0
0.0
0.0
0.0
0.0
0.0
-0.524484
0.0
0.344752
0.0
0.0
0.0
0.0
0.0
0.0
0.0
0.0
0.0
0.0
0.0
0.0
0.0
0.0
0.0
0.0
-1.00371
0.0
0.0
0.0
0.0
0.0
0.0
0.0
0.0
0.0
0.0
0.0
0.0
0.0
0.0
0.0
0.0
0.0
0.0
0.0
0.0
0.0
0.0
0.0
0.0
0.0
0.0
0.0
0.0
0.0
0.0
0.0
0.0
0.0
0.0
0.0
0.0
1.40804
0.0
0.0
0.0
0.0
0.0
0.0
0.0
0.0
0.0
0.0
0.0
0.0
0.0
0.0
0.0
0.0
0.0
0.0
0.0
0.0
0.0
0.0
0.0
0.0
0.0
0.0
0.0
0.0
0.0
0.0
0.0
0.0
0.0
0.0
0.0
0.0
0.0
0.0
0.0
0.0
0.0
0.0
0.0
0.0
0.0
0.0
0.0
0.0
0.0
0.0
0.0
0.0
0.0
0.0
0.0
0.0
0.0
0.0
0.0
0.0
0.0
-0.598316
0.0
0.0
0.0
0.0
0.0
0.0
0.0
0.0
0.0
0.0
0.0
0.0
0.0
0.0
0.0
0.0
0.0
0.0
0.0
0.0
0.0
0.0
0.0
0.0
0.0
0.0
0.0
0.0
0.0
0.0
0.0
0.0
0.0
0.0
0.0
0.0
0.0
0.0
0.0
0.0
0.0
0.0
0.0
0.0
0.0
0.0
0.0
0.0
0.0
0.0
0.0
0.0
0.0
0.0
0.0
0.0
0.0
0.0
0.0
0.0
0.0
0.0
0.0
0.0
0.0
0.0
0.0
-0.460996
0.0
0.534761
0.0
0.0
0.0
0.0
0.0
0.0
0.0
0.0
0.0
0.0
0.0
0.0
0.0
0.0
0.0
0.0
0.0
0.0
0.0
0.0
0.0
0.0
0.0
0.0
0.0
0.0
0.0
0.0
0.0
0.0
0.0
0.0
0.0
0.0
-0.796824
0.0
0.0
0.0
0.0
0.0
0.0
0.0
0.0
0.0
0.0
0.0
0.0
0.0
0.0
0.0
0.0
0.0
0.0
0.0
0.0
0.0
0.0
0.0
0.0
0.0
0.0
0.0
0.0
0.0
0.0
0.0
0.0
0.0
-0.448815
0.0
0.0
0.0
-0.107734
0.0
0.0
0.0
0.0
0.0
0.0
0.0
0.0
0.0
0.0
0.0
0.0
0.0
0.0
0.0
0.0
0.0
0.0
0.0
0.0
0.0
0.0
0.0
0.0
0.0
0.0
0.0
0.0
0.0
0.0
0.0
0.0
0.0
0.262339
0.0
0.0
0.0
0.0
0.0
0.0
0.0
0.0
0.0
0.0
0.0
0.0
0.0
0.0
-0.520944
0.0
0.0
0.0
0.0
0.0
0.0
0.0
0.0
0.0
0.0
0.0
0.0
0.0
0.0
0.0
0.0
0.0
0.0
0.0
0.0
0.0
0.0
0.0
0.0
0.0
0.0
0.0
-1.29981
0.0
0.0
0.0
0.0
0.0
0.0
0.0
0.0
0.0
0.0
0.0
-0.84587
0.0
0.816566
0.0
0.0
0.0
0.0
0.0
0.0
0.0
0.0
0.0
0.0
0.0
0.0
0.0
0.0
0.0
0.0
0.0
0.0
0.0
0.0
-0.82169
0.0
0.0
0.0
0.0
-2.50259
0.0
0.0
0.0
0.0
0.0
0.0
0.0
0.0
0.0
0.0
0.0
0.0
0.0
-0.615018
0.0
0.0
0.0
0.0
0.0
0.0
0.0
0.0
0.0
0.0
0.0
0.0
0.0
0.0
0.0
0.0
0.0
0.0
0.0
0.0
0.0
0.0
0.0
0.0
0.0
0.0
0.0
0.0
0.0
0.0
0.0
0.0
0.0
0.0
0.0
0.0
0.0
0.0
0.0
0.0
0.0
-0.818349
0.0
0.403844
0.0
0.0
0.0
0.0
0.0
0.0
0.0
0.0
0.0
0.0
0.0
0.0
0.0
0.0
0.21439
0.0
0.0
-0.819414
0.0
0.0
1.59001
0.0
0.0
0.0
0.0
0.0
0.0
0.0
0.0
0.0
0.0
0.0
0.0
0.0
0.0
0.0
0.0
0.0
0.0
0.0
0.0
0.0
0.0
0.0
0.0
0.0
0.760772
0.0
0.0
0.0
0.0
0.0
0.0
0.0
0.0
0.0
0.0
0.0
0.0
0.0
0.0
0.0
0.0
0.0
0.0
0.0
0.0
0.0
0.0
0.0
0.0
0.0
0.0
0.420418
0.0
0.0
0.0
0.0
0.0
0.0
0.0
0.0
0.0
0.0
0.0
0.0
0.0
0.0
0.0
0.0
0.0
0.0
0.0
0.0
0.0
0.0
-0.0789423
0.0
0.0
0.0
0.0
0.0
0.0
0.0
0.0
0.0
0.0
0.0
0.0
0.0
0.0
0.0
0.0
0.0
0.0
0.0
0.0
0.0
0.0
0.0
0.0
0.0
0.0
0.0
0.0
1.72701
0.0
0.0
0.0
0.0
0.0
0.0
0.0
0.0
0.0
0.0
0.0
0.0
0.0
0.0
0.0
0.0
0.0
0.0
0.0
0.0
0.0
0.0
0.0
0.0
0.0
0.0
0.0
0.0
0.0
0.0
0.0
0.0
0.0
0.0
0.0
0.0
0.0
0.0
0.0
0.0
0.0
0.0
0.0
0.0
0.0
0.0
0.0
0.0
0.0
0.0
0.0
0.0
0.0
0.0
0.0
0.0
0.0
0.0
0.0
0.0
0.0
0.0
0.0
0.0
0.0
0.0
0.0
0.0
0.0
0.0
0.0
0.0
0.0
0.0
0.0
0.212922
0.0
0.0
-1.94502
0.0
0.0
0.179192
0.0061972
0.412247
1.93168
2.41975
-0.138202
0.682148
-0.238727
-0.423522
-0.392323
-0.599978
0.230038
0.0203294
0.0609094
0.366605
0.679778
0.669719
0.114309
0.0371887
-0.484584
0.151109
-0.428962
0.197515
-0.0339985
-0.0691651
-0.217319
-0.448584
-0.0171599
-0.193238
1.49968
-0.488337
0.114021
0.279664
-0.122493
0.122087
0.166538
0.104045
0.0525631
-0.404436
0.18275
0.0797364
0.570051
-0.029105
-0.261065
0.4503
0.0558601
-0.0595703
-0.484511
-0.168954
-0.0280117
0.0
0.0
0.0
0.994288
0.0
0.0
0.0
0.0
0.0
0.0
0.0
0.0
0.0
0.0
0.0
0.717436
0.0
0.0
0.0
0.0
0.0
0.0
0.0
0.0
0.0
0.0
0.0
0.0
0.0
0.0
0.0
0.942298
0.0
0.0
0.0
0.0
0.0
0.0
0.0
0.0
0.0
0.0
0.0
0.0
0.0
0.0
0.0
0.0
0.0
0.0
0.0
0.0
0.0
0.0
0.0
0.0
0.0
0.0
0.0
0.0
0.0
0.0
0.0
0.0
0.0
0.0
0.0
0.0
0.0
0.0
0.0
0.0
0.0
0.0
0.0
0.0
0.0
0.0
0.0
0.0
0.0
0.0
0.0
0.0
0.0
0.0
0.0
0.0
0.0
0.0
0.0
0.0
0.0
0.0
0.0
0.0
0.0
0.0
0.0
0.0
0.0
0.0
0.0
0.0
0.0
0.0
0.0
0.0
0.0
0.0
0.0
0.0
0.0
0.0
0.0
0.0
0.0
0.0
0.0
0.0
0.0
0.0
0.0
0.0
0.0
0.0
-0.462035
0.0
0.0
0.0
0.0
0.0
0.0
0.0
0.0
-0.246341
0.0
0.0
0.0
0.0
0.0
0.0
0.0
0.0
0.0
0.0
0.0
0.703875
0.0
0.0
0.0
0.0
0.0
0.0
0.0
0.0
0.0
0.0
0.0
0.0
0.0
0.0
0.0
0.0
0.0
0.0
0.0
0.0
0.0
0.0
0.0
0.0
0.0
0.0
0.0
0.0
0.0
0.0
0.0
0.0
0.0
0.0
0.0
0.0
0.0
0.0
0.0
0.0
0.0
0.0
0.0
0.0
0.0
0.0
0.0
0.0
0.0
0.0
0.0
0.0
0.0
0.0
0.0
0.0
0.0
0.0
1.40447
0.0
-0.245831
0.0
0.0
0.0
0.0
0.0
0.0
0.0
0.0
0.0
0.0
0.0
0.0
0.20106
0.0
0.0
0.0
0.0
0.0
0.0
0.0
0.0
0.0
-1.04613
0.0
0.0
0.0
0.0
0.0
0.0
0.0
0.0
-0.276581
0.0
0.0
0.0
0.0
0.0
0.0
0.0
0.0
0.0
0.0
0.0
0.0
0.0
0.0
0.0
0.0
0.0
0.0
0.0
0.0
0.0
0.0
0.0
0.0
0.0
0.0
0.0
0.0
0.0
0.0
0.0
0.0
0.0
1.17584
0.0
0.0
0.0
0.0
0.0
0.0
0.0
0.0
0.0
0.0
0.0
0.0
0.0
0.0
0.0
0.0
0.0
0.0
0.0
0.0
0.0
0.0
0.0
-1.93207
0.0
0.0
0.0
0.0
0.0
0.0
0.0
0.0096732
0.0
0.0
0.0
0.0
0.0
0.0
0.0
0.0
0.0
0.0
0.0
0.0
0.0
0.0
1.42477
0.0
0.0
0.0
0.0
-1.20135
0.0
0.0
0.0
0.0
0.0
0.0
0.0
0.0
0.0
0.0
0.0
0.0
1.37833
0.0
0.0
0.0
0.0
0.0
0.0
0.0
0.0
0.238247
0.0
0.601524
0.0
0.0
0.0
0.0
0.0
0.0
0.0
0.0
0.0
0.0
0.0
0.0
0.0
0.0
0.0
0.0
0.0
0.0
0.0
0.0
0.0
0.0
0.0
0.0
0.0
0.0
0.0
0.0
0.0
0.0
0.0
0.0
0.0
0.0
0.0
0.0
0.0
0.0
0.0
0.0
0.0
0.0
0.0
0.0
0.0
0.0
0.0
0.0
0.0
-0.0439201
-0.62009
-0.126438
-0.121713
0.0951979
-0.00836451
-0.0329615
0.494402
-0.0226843
0.0578786
0.0923606
0.0733638
0.155651
-0.216274
0.1391
0.208639
0.122821
0.0828161
-0.108387
0.00407233
0.374014
-0.0899152
-0.130127
0.0158581
-0.000539182
0.0
0.0
0.0
0.0
0.0
0.0
0.0
0.0
0.0
0.0
0.0
0.0
0.0
0.0
0.0
0.0
0.0
0.0
0.0
0.0
0.0
0.0
0.0
0.0
0.0
0.0
0.0
0.0
0.0
0.0
0.0
0.0
-1.0814
0.0
0.0
0.0
0.0
0.0
-0.942453
0.0
0.0
0.0
0.0
0.0
0.0
0.0
0.0
0.0
0.0
-0.365449
0.0
0.0
0.0
0.0
0.0
0.0
0.0
0.0
0.0
0.0
0.0
0.0
0.0
0.0
0.0
0.0
0.0
0.0
0.0
0.0
0.0
0.0
-1.51806
0.0
0.0
0.0
0.0
0.0
0.0
0.0
0.0
0.0
0.0
0.0
0.0
0.0
0.0
0.0
0.0
0.0
0.0
0.0
0.0
0.0
0.0
0.0
0.0
0.0
0.0
0.0
0.0
0.0
0.0
0.0
0.0
0.0
0.0
0.0
0.0
0.0
0.0
0.0
0.0
0.0
0.0
0.0
0.0
0.0
0.0
0.0
0.0
0.0
0.0
0.0
0.0
0.0
0.0
0.0
0.0
0.0
0.0
0.0
0.0
0.0
0.0
0.0
0.0
0.0
0.0
0.0
0.0
0.0
0.0
0.0
0.0
0.0
0.0
0.0
0.0
0.0
0.0
0.0
0.76074
0.0
1.63406
0.0
0.0
0.0
0.0
0.0
0.0
0.0
0.0
0.0
0.0
0.0
0.0
0.0
0.0
0.0
0.0
0.0
0.0
0.0
0.0
0.0
0.0
0.0
0.0
0.0
0.0
0.0
0.599877
0.0
0.0
0.0
0.0
0.0
0.0
0.0
0.0
0.0
0.0
0.0
0.0
0.0
0.0
0.0
0.0
0.0
0.0
0.0
0.0
0.0
0.0
0.0
0.0
0.0
0.0
0.0
0.0
0.0
0.0
0.0
0.0
0.0
0.0
0.0
0.0
0.0
0.0
0.0
0.0
0.0
0.0
0.0
-0.3968
0.0
0.0
0.0
0.0
0.0
0.0
0.0
0.0
0.0
0.0
0.0
0.0
0.0
0.0
0.0
0.0
0.0
0.0
0.0
0.0
0.0
0.0
-1.05448
0.0
0.0
0.0
0.0
0.0
0.0
0.0
-0.162592
0.0
0.0
0.0
0.0
0.0
0.0
0.0
0.0
0.0
0.0
0.0
0.0
0.0
-0.0104717
0.0
0.0
0.0
0.0
0.0
0.0
0.0
0.0
0.0
0.0
0.0
0.0
-0.963241
0.0
0.758066
0.0
0.0
0.0
0.0
0.0
0.0
0.0
0.0
0.0
0.0
0.0
0.0
0.0
0.0
0.0
0.0
0.0
0.0
0.0
0.0
0.0
0.0
1.70271
0.0
0.0
0.0
0.0
0.0
0.0
0.0
0.0
0.0
0.0
0.0
0.0
0.0
0.0
0.0
0.0
0.0
0.0
0.0
0.0
0.0
-0.222934
0.0
0.0
0.0
0.0
0.0
0.0
0.0
0.0
0.0
0.0
0.0
0.0
0.0
0.0
0.0
0.0
0.0
0.0
0.0
0.0
0.0
0.0
0.0
0.0
0.0
0.0
0.0
0.0
0.0
0.0
0.0
0.0
0.0
0.0
0.0
0.0
0.0
0.0
0.0
0.0
0.0
0.0
0.0
0.0
0.0
0.0
0.0
0.0
0.0
0.0
0.0
0.0
0.0
0.0
0.0
0.0
0.0
0.0
-0.0233655
0.0
0.0
0.0
0.0
0.0
0.0
0.0
0.0
0.0
0.0
0.0
0.0
0.0
-0.360355
0.0
0.0
0.0
0.0
0.0
-1.05568
0.0
0.0
0.0
0.0
0.0
0.0
0.0
0.0
0.0
0.0
0.0
0.0
0.0
0.0
0.0
0.0
0.0
0.0
0.0
0.0
0.0
0.0
0.0
0.0
0.0
-0.126866
0.0
0.0
0.0
0.0
0.0
0.0
0.0
0.0
0.0
-1.07891
0.0
0.0
0.0
0.0
0.0
0.0
0.0
0.0
0.198793
0.0
0.0
0.0
0.0
0.0
0.0
0.0
0.0
0.0
0.0
0.0
0.0
0.0
0.0
0.0
0.0
0.0
0.0
0.0
0.0
0.0
0.0
0.0
0.0
0.0
0.0
0.0
0.0
0.0
0.0
0.0
0.0
0.0
0.0
0.0
0.0
0.0
0.0
0.0
-1.25655
0.0
0.0
0.0
0.0
0.0
0.0
0.0
0.0
0.0
0.0
0.0
0.0
0.0
0.0
0.0
0.0
0.0
0.0
0.0
0.0
0.388945
0.0
0.0
0.0334708
0.0
0.0
0.0
0.0
0.0
0.0
0.0
0.0
0.0
-0.929837
0.0
0.0
0.0
0.0
0.0
0.0
0.0
0.0
0.0
0.0
0.0
0.0
0.0
0.0
0.0
0.0
0.0
0.0
0.0
0.0
0.0
0.0
0.0
0.0
0.0
0.0
0.0
0.0
0.0
0.0
0.0
0.0
0.0
0.0
0.0
0.0
0.0
0.0
0.0
0.0
0.0
0.0
0.0
0.0
0.0
0.0
0.0
0.0
0.0
0.0
0.0
0.0
0.0
0.0
0.0
0.0
0.0
0.0
0.0
0.0
0.0
0.0
-0.486955
0.0
0.0
0.0
0.0
0.0
0.0
0.0
0.0
0.0
0.0
0.0
0.0
0.0
0.0
0.0
0.211526
0.0
0.0
1.79167
0.0821116
0.0
0.0
0.0
0.0
0.0
0.0
0.0
0.0
0.0
0.0
0.0
0.0
0.0
0.0
0.0
0.0
0.0
0.0
0.0
0.624967
0.0
0.0
0.0
0.0
0.0
0.0
0.0
0.0
0.0
0.0
0.0
0.0
0.0
0.0
0.0
0.0
0.0
0.0
0.581235
0.0
0.0
0.0
0.0
0.0
0.0
0.0
0.0
0.0
0.0
0.0
0.0
0.0
0.0
0.0
0.0
0.0
0.0
0.0
0.0
0.0
0.0
0.0
0.0
0.0
0.0
0.0
0.0
0.0
0.0
0.0
0.0
0.0
0.0
0.0
0.0
0.0
0.0
0.0
0.0
0.0
0.0
0.0
0.0
0.0
0.0
0.0
0.0
0.0
0.0
0.0
0.0
0.0
0.0
0.0
0.0
0.0
0.0
0.0
0.0
0.0
0.0
0.0
0.0
0.0
0.0
0.0
0.0
0.0
0.0
0.0
0.0
0.0
0.0
0.0
0.0
0.0
0.0
0.0
0.0
0.0
0.0
0.0
0.0
0.0
0.0
0.0
0.0
0.0
0.0
0.0
0.0
0.0
0.0
0.0
0.0
0.0
0.0
0.0
0.0
0.0
0.0
0.0
0.0
0.0
0.0
0.0
0.0
-0.72315
0.0
0.0
0.0
0.0
0.0
0.0
0.0
0.0
0.0
0.0
0.646228
0.0
0.0
0.0
-0.557653
0.0
0.0
0.0
0.0
0.0
0.0
0.0
0.0
0.0
0.0
0.0
0.0
0.0
0.0
0.0
0.0
0.0
0.0
0.0
0.0
0.0
0.0
0.0
1.11879
0.142094
-0.861885
-0.898158
-0.372934
-0.381197
0.0140468
0.306168
0.293854
-0.0101499
0.356861
-0.236246
0.323401
0.0136411
-0.261503
-0.207963
0.677439
-0.573859
-0.303924
-0.0317714
0.0315469
0.512596
0.00488917
0.183501
-1.46242
-0.100539
0.0
0.0
0.0
0.0
0.0
0.0
0.0
0.0
0.0
0.0
0.0
0.0
0.0551065
0.0
0.0
0.0
0.0
0.0
0.0
0.0
0.0
0.0
0.0
0.0
0.0
0.0386684
-0.683116
-0.23622
-0.317473
0.25524
0.145981
0.176544
0.143749
-0.0554162
0.0738018
-0.0192713
0.0367867
0.143883
-0.127528
0.101273
0.200868
0.0391538
-0.0137792
-0.242054
-0.114947
0.410601
0.0956046
-0.0096483
-0.163763
-0.00724114
0.0
0.0
0.0
0.0
0.0
0.0
0.0
0.0
0.0
0.0
0.0
0.0
0.0
0.0
0.0
0.0
0.0
0.0
0.0
0.0
0.0
0.0
0.0
0.0
0.0
0.0
0.0
0.0
0.0
0.0
0.0
0.0
0.0
0.0
0.0
0.0
0.0
0.0
0.0
0.0
0.0
0.0
0.104416
-0.132514
0.0
0.0
0.0
0.0
0.0
0.0
0.0
0.0
0.0
0.0
0.0
0.0
0.0
0.0
0.0
0.0
0.0
0.0
-0.914095
0.496003
0.0423195
0.0
0.0
0.0
0.0
0.0
0.133975
0.0
0.0
0.0
0.0
0.0
0.0
0.0
0.0
0.0
-0.544844
0.0
0.0
0.0
0.0
0.0
0.0
0.0
0.0
0.0
0.0
0.0
0.0
0.0
0.0
0.0
0.0
1.86805
0.0
0.0
0.0
0.0
0.0
0.0
0.0
0.0
0.0
0.0
0.0
0.0
0.0
0.0
0.0
0.0
0.417124
0.0
0.0
0.0
0.0
0.0
0.0
0.0
0.0
0.0
0.0
0.0
0.0
0.0
0.0
0.0
0.0
0.0
0.0
0.0
0.0
0.0
0.0
0.0
0.0
0.0
0.0
-0.0335693
0.0
0.0
0.0
0.0
0.0
0.0
0.0
0.0
0.0
0.0
0.0
0.0
0.0
0.0
0.0
0.0
0.0
0.0
0.0
0.0
0.0
0.0
0.348814
0.0
2.45082
0.0
0.0
0.0
0.0
0.0
0.0
0.0
0.0
0.0
0.0
0.0
0.0
0.0
-0.51766
0.0
0.0
0.0
0.0
0.0
0.0
0.0409113
0.0
0.0
0.0
0.0
0.0
0.0
0.0
0.0
0.0
0.0
0.0
0.0
0.0
0.0
0.0
0.0
0.0
0.0
0.0
0.0
0.0
0.0
1.42067
0.0
0.0
0.0
0.0
0.0
0.0
0.0
0.0
0.230206
0.0
0.0
0.0
0.0
0.0
0.0
0.0
0.777381
-0.620727
0.0
0.0
0.0
0.0
0.0
0.0
0.0
0.0
0.0
0.0
0.0
0.0
0.0
-0.706644
0.0
0.0
0.0
0.0
0.750764
0.0
0.0
0.0
0.0
0.0
0.0
0.0
0.0
0.0
0.0
0.0
0.0
0.0
0.0
0.0
0.0
0.0
0.0
0.0
0.0
0.0
0.0
0.0
0.0
0.0
0.0
0.0
0.0
0.0
0.0
0.0
0.0
0.0
0.0
0.0
0.0
0.0
0.0
0.0
0.0
0.0
0.0
0.0
0.0
0.0
0.0
0.0
0.0
0.0
0.0
0.0
0.0
0.0
0.0
0.0
0.0
0.0
0.0
0.0
0.0
0.0
0.0
0.0
0.0
0.0
0.0
0.0
0.0
0.0
0.0
0.0
0.0
0.0
0.0
0.0
0.0
0.0
0.133011
-0.725171
-0.818577
-0.914598
0.0890705
0.444653
0.568605
0.0409518
0.0420523
0.103673
-0.675758
0.0827202
0.166855
-0.202073
-0.0539711
0.495123
-0.258238
-0.260085
-0.544145
-0.331074
0.661794
0.0269805
0.228484
-0.463665
-0.0824678
0.0
0.0
0.0
0.0
0.0
0.0
0.0
0.0
0.0
0.0
0.0
0.0
0.0
0.0
0.0
0.0
0.0
0.0
0.0
0.0
0.0
0.0
0.0
0.0
0.0
0.0
0.0
0.0
0.0
0.0
0.0
0.0
0.0
0.0
0.0
0.0
0.0
-2.04509
0.0
0.0
0.0
0.0
0.0
0.0
0.0
0.0
0.0
0.0
0.0
0.0
0.0
0.0
0.0
0.0
0.0
0.0
0.0
0.0
0.0
0.0
0.0
0.0
0.0
0.0
0.0
0.0
0.0
0.0
-1.21501
0.0
0.0
0.0
0.0
0.0
0.0
-0.161101
-0.577209
-0.152077
0.274575
0.518513
-0.128041
-0.215986
0.017063
-0.0716069
1.05527
-0.0868954
-0.115742
-0.0541943
-0.264138
0.296398
0.347501
0.0923495
-0.0671152
-0.0195461
-0.141988
0.741923
-0.370327
0.0153227
0.0922682
0.0695709
0.0
0.0
0.0
0.0
0.0
0.0
0.0
0.0
0.625557
0.860039
0.0
0.0
0.0
0.0
0.0
0.0
0.0
0.0
0.0
0.0
0.0
0.0
0.0
0.0
0.0
0.0
0.0
0.0
0.0
0.0
0.0
0.0
0.0
0.0
0.0
0.0
0.0
0.0
0.0
-2.06848
0.0
0.0
0.0
0.0
0.0
0.0
0.0
0.0
0.0
0.0
0.0
0.0
0.0
0.0
0.0
-1.62513
0.0
0.0
0.0
0.0
0.0
0.0
0.0
0.0
0.0
0.0
0.0
0.0
0.0
0.0
0.0
0.0
0.0
0.0
0.0
0.0
0.0
0.0
0.0
0.0
0.0
0.0
0.0
0.0
0.0
0.0
0.0
0.0
0.0
0.0
0.0
0.0
0.0
0.0
0.0
0.0
0.0
0.0
0.0
0.0
0.0
0.0
0.0
0.0
0.0
0.0
0.0
0.0
0.0
0.0
0.0
0.0
0.0
0.0
0.0
0.0
0.0
0.0
0.0
0.0
0.0
0.0
0.0
0.0
0.0
0.0
0.0
0.594805
0.0
0.0
0.0
0.0
0.0
0.0
0.0
0.0
0.0
0.0
0.0
0.0
0.0
0.0
0.0
0.0
0.0
0.0
0.0
2.13667
0.0
0.0
0.529821
0.0
0.0
0.0
0.0
0.0
0.0
0.0
0.0
0.0
0.0
0.0
0.0
0.0
0.0
0.0
0.0
0.0
0.0
0.0
0.0
0.0
0.0
0.0
0.0
0.0
0.0
0.0
0.0
0.0
0.0
0.0
0.0
0.0
-0.729541
0.0
-0.770249
0.0
0.0
0.0
0.0
-1.0014
0.0
-2.64385
0.0
0.0
0.0
0.0
0.0
-1.87174
0.0
-0.098489
0.0
0.0
0.0
0.0
0.0
0.0
0.0
0.0
0.0
0.0
0.0
0.0
-2.47133
0.0
0.0
0.0
0.0
0.0
0.0
0.0
0.0
0.0
0.0
0.0
0.0
0.0
0.0
0.0
0.0
0.0
0.0
0.0
0.0
0.0
0.0
0.0
0.0
0.0
0.0
0.0
0.0
0.0
0.0
0.0
0.0
0.0
0.0
0.0
0.461528
0.363851
0.0
0.0
0.0
0.0
0.0
0.0
0.0
0.0
0.0
0.0
0.0
0.0
0.0
0.0
0.608373
0.0
0.0
0.0
0.0
0.0
0.0
0.0
0.0
0.22814
-0.665959
-0.608084
-0.538544
0.557909
-0.109366
0.0319861
0.469697
-0.0535605
0.133319
-0.0515987
0.368674
0.205221
-0.297289
0.0805474
0.356059
-0.0849002
-0.33381
-0.343585
0.219271
0.996293
0.0942781
-0.332019
-0.062708
0.0491245
0.0
0.0
0.0
-2.46832
0.0
0.0
0.0
0.0
0.0
0.0
0.0
0.0
0.0
0.0
0.0
0.0
0.0
0.0
0.0
0.0
0.0
0.0
0.0
0.0
0.0
0.0
0.0
0.0
0.0
0.0
0.0
0.0
0.0
0.0
0.0
0.0
0.0
0.0
0.0
0.130437
0.0
0.0
0.0
-0.3984
0.0
0.0
0.0
0.710689
0.0
0.0
0.0
0.0
0.0
0.0
0.0
0.0
0.0
0.0
0.0
0.0
0.0
0.0
0.0
0.0526241
0.0
0.0
0.0
0.0
0.0
0.0
0.0
0.0
0.0
0.0
0.0
0.0
0.0
0.0
0.0
0.0
0.0
0.0
0.0
0.0
0.0
0.738082
0.0
0.0
0.0
0.0
0.384809
0.0
0.0
0.0
0.0
0.0
0.0
0.0
0.0
0.0
0.0
0.0
0.0
-0.102134
0.0
0.0
0.0
0.0
0.0
0.0
0.0
-0.251964
0.0
0.0
0.0
0.0
0.0
0.0
0.0
0.0
0.96443
-1.12122
0.0
0.0
0.0
-0.046213
-0.652574
-0.287648
-0.366093
0.324478
0.297356
0.0542611
-0.0022271
-0.197103
0.180243
-0.228274
-0.11317
-0.052256
-0.173376
0.0581124
0.336875
0.106872
-0.227906
-0.22092
0.0173177
0.893482
0.0895958
-0.250345
-0.169978
0.105504
0.0
0.0
0.0
0.0
0.0
0.0
0.0
0.0
0.23513
0.0
0.0
0.0
0.0
0.0
0.0
0.0
0.0
0.0
0.0
0.0
0.0
0.0
0.0
0.0
0.0
0.0
0.0
0.0
0.0
0.0
0.0
0.0
0.0
0.0
0.0
0.0
0.0
0.0
0.0
0.0
0.0
0.0
0.0
0.0
0.0
0.0
0.0
0.0
0.0
0.0
0.0
0.0
0.0
0.0
0.0
0.0
0.0
0.0
0.0
0.0
0.0
0.0
0.0
0.0
0.0
0.0
0.0
0.0
0.0
0.0
0.0
0.0
0.0
0.0
0.0
0.0
0.0
0.0
0.0
0.0
0.0
0.0
0.0
0.0
0.0
0.0
0.0
0.0
0.0
0.0
0.0
0.0
0.0
0.0
0.0
0.0
0.0
1.80546
0.0
0.0
0.0
0.0
0.0
0.0
0.0
0.0
0.0
0.0
0.0
0.0
0.0
0.0
0.0
0.0
0.0
0.0
0.0
0.0
0.0
0.0
0.0
0.0
0.0
0.0
0.0
0.0
0.0
0.0
0.0
0.0
0.0
0.0
0.0
0.0
0.0
0.0
0.0
0.0
0.0
0.0
0.0
0.0
0.0
0.0
0.0
0.0
0.0
0.0
0.0
0.0
0.0
0.0
0.0
0.0
0.0
0.0
0.0
0.0
0.0
0.0
0.0
0.0
0.0
0.0
0.0
0.0
0.0
0.0
0.0
0.0
-0.468711
0.0
0.0
0.0
0.0
0.0
0.0
0.0
0.0
0.0
0.0
0.0
0.0
0.0
0.0
0.0
0.0
0.0
0.0
0.453328
0.0
0.0
0.0
0.0
0.0
0.0
0.0
0.0
0.0
0.0
0.0
0.0
0.0
0.0
0.0
0.0
0.0
0.0
0.0
0.0
0.0
0.0
0.0
0.0
0.0
0.0
0.0
0.0
0.0836304
0.0
0.0
0.0
0.0
0.0
0.0
-0.599877
-0.638118
-0.374366
-0.594806
0.00696286
0.121364
-0.626614
0.804591
0.405434
0.649517
-0.719904
0.091916
-0.69075
-0.387783
0.0360219
0.74203
-0.0343749
0.215021
-0.408727
0.100144
0.34486
0.0508899
9.74204e-06
-0.368801
-0.251942
0.0
0.0
0.0
0.0
0.0
0.0
0.0
0.0
0.0
0.0
0.0
0.0
0.0
0.0
0.0
0.0
0.0
0.0
0.0
0.0
0.0
0.0
0.0
0.0
0.0
0.0
0.0
0.0
0.0
0.0
0.0
0.0
0.0
0.0
0.0
0.0
0.0
0.0
0.0
0.0
0.0
0.0
0.0
0.0
0.0
0.0
0.0
0.0
0.0
0.0
0.0
0.0
0.0
0.0
0.0
0.0
0.0
0.0
0.0
0.0
0.0
0.0
0.0
0.0
-1.28365
0.0
0.0
0.0
1.30964
0.0
0.0
0.0
0.0
0.0
0.0
0.0
0.0
0.0
0.0
0.0
0.0
0.0
0.0
-2.71779
0.0
0.378175
0.0
0.0
0.0
0.0
0.0
0.0
0.0
0.0
0.0
0.0
0.0
0.0
0.0
0.0
0.0
0.0
0.0
0.0
0.0
0.0
0.0
0.0
0.0
0.0
0.0
0.0
0.0
0.0
0.0
0.0
0.0
0.0
0.0
-0.399472
0.0
0.0
0.0
0.0
0.0
0.0
0.0
0.0
0.0
0.0
0.0
0.0
0.0
0.0
0.0
0.0
0.0
0.0
0.0
0.0
0.0
0.0
0.0
2.49157
0.0
0.0
0.0100602
0.0
0.0
0.0
0.0
0.0
0.0
0.0
0.0
0.0
0.0
0.0
0.0
0.0
0.0
0.0
0.0
0.0
0.0
0.0
0.0
0.0
0.0
0.0
0.0
0.0
0.0
0.0
0.0
-0.00497111
-0.61898
-0.287901
0.622045
-0.149699
0.0572836
-0.303123
-0.196718
-0.198654
0.173009
0.0924547
0.0669017
-0.0585924
-0.135459
0.045546
0.376472
0.22407
-0.297784
0.281261
-0.234194
0.44405
-0.330668
-1.78519
-0.0418313
-0.0642166
-0.220336
0.0
0.0
0.0
0.0
0.0
0.0
0.0
0.0
0.0
0.0
0.0
0.0
0.0
0.0
0.0
0.0
0.0
0.0
0.0
0.0
0.0
0.0
0.0
0.0
0.0
0.0
0.0
0.0
0.0
0.0
0.0
0.0
0.0
0.0
0.0
0.0
0.0
0.0
0.0
0.0
0.0
0.0
0.0
0.0
0.0
-0.447522
0.0
0.0
0.0
0.0
0.0
0.0
0.0
0.0
0.0
0.0
0.0
1.61808
0.0
0.0
0.0
0.0
0.0
0.0
0.0
0.0
0.0
0.0
0.0
0.0
0.0
0.0
-0.959585
0.0
0.0
0.0
0.0
1.81817
0.0
0.0
0.0
0.0
0.0
0.0
0.0
0.0
0.0
0.0
0.0
0.0
0.0
0.0
0.0
0.0
0.0
0.0
0.0
0.0
0.0
0.0
0.0
0.0
0.0
0.0
0.0
0.0
0.0
0.0
0.0
0.0
-1.13875
2.39018
0.0
0.0
0.0
0.0
0.0
0.0
0.0
0.952524
0.0
0.0
0.0
0.0
0.0
0.0
0.0
0.0
0.0
0.0
0.0
0.0
0.0
1.86806
0.0
0.0
0.0
0.0
0.0
0.0
0.0
0.0
0.0
0.0
0.0
0.0
0.0
0.0
0.0
0.0
0.0
0.0
0.0
0.0
0.0
0.0
0.0
0.0
0.0
0.0
0.0
0.967463
0.0
0.0
0.0
0.0
0.0
0.0
0.0
0.0
0.0
0.0
0.0
0.0
0.203632
-0.370491
-1.7181
-0.221931
-0.0837379
0.727599
0.638296
0.413957
0.380901
0.0286587
-0.327661
0.361868
0.926376
-0.212982
-0.505681
1.05643
-0.140302
-0.31873
-0.379386
-0.0283065
0.401103
-0.115589
-0.239148
-0.134438
-0.113479
0.0
0.0
0.0
0.0
0.0
0.0
0.0
0.0
0.0
0.0
0.0
0.0
0.0
0.0
0.0
0.0
0.0
0.0
0.0
0.0
0.0
0.0
0.0
0.0
0.0
0.0
0.0
0.0
0.0
0.0
0.0
0.0
0.0
0.0
0.0
0.0
0.0
0.0
0.0
0.0
0.0
0.0
0.0
0.0
0.0
0.0
0.0
0.0
0.0
0.0
0.0
0.0
0.0
0.0
0.0
0.0
0.0
0.0
0.0
0.0
0.0
0.0
0.0
0.0
0.0
0.0
0.0
0.0
0.0
0.0
0.0
0.0
0.0
0.0
0.0
0.0
0.0
0.0
0.0
0.0
0.0
0.0
0.0
0.0
0.0
0.0
0.0
0.0
0.0
0.0
0.0
0.0
0.0
0.0
0.0
0.0
0.0
0.0
0.0
0.0
0.0
0.0
0.0
0.0
0.0
-2.29432
0.0
0.0
0.0
0.0
0.0
0.0
0.0
0.0
0.0
0.0
0.0
0.0
0.0
0.0
0.0
0.0
0.0
0.0
0.0
0.0
0.0
0.0
0.0
0.0
0.0
0.0
0.0
0.0
0.0
0.0
0.0
0.0
0.0
0.0
0.0
0.0
0.0
0.0
0.0
0.0
0.0
0.0
0.0
-2.52555
0.0
0.0
0.0
-0.670366
0.0
0.0
0.0
-0.327988
0.0
0.0
0.0
0.0
0.0
0.0
-0.14843
0.0
0.0
0.0
0.0
0.0
0.510728
0.0
0.0
0.0
0.0
0.0
0.0
0.0
3.11585
0.0
0.0
0.0
0.0
0.0
0.0
0.0
0.0
0.0
0.0
0.0
0.0
0.0
0.0
0.0
0.0
0.0
0.0
0.0
0.0
0.0
0.0
0.0
0.0
0.0
0.0
0.0
0.0
0.0
0.0
0.0
0.0
0.0
0.0
0.0
0.0
0.0
0.0
0.0
0.0
0.0
-0.865363
0.0
0.0
0.0
0.0
0.0
0.0
0.0
0.0
0.0
0.0
0.0
0.0
0.0
0.0
0.0
0.0
0.0
0.0
0.0
0.0
0.0
0.0
0.0
0.0
0.0
0.0
0.0
0.0
0.0
-0.311649
0.218241
-2.51523
0.129775
0.127363
-0.409276
1.29537
-0.384847
1.22437
-0.203473
-0.144718
1.92303
0.276197
-0.797913
0.240069
0.390504
-0.970015
-1.45849
0.0853749
-0.0283137
-0.239255
-0.146866
-0.121283
0.0604029
-0.0789372
0.123981
0.272043
-2.25017
0.299585
0.502542
-0.618978
1.9846
-0.0365277
0.816242
-0.0922749
-0.286697
1.74623
0.0299176
-0.809795
0.253098
0.70942
-0.358942
-0.867401
-0.00983223
0.116906
0.550859
-0.203689
0.117382
0.150394
-0.0807368
0.0
0.0
0.0
0.0
0.0
0.0
1.02895
0.0
0.0
0.0
0.0
0.0
0.0
0.0
0.0
-0.0204682
0.0
0.0
0.0
0.0
-1.02887
0.0
0.0
0.0
0.0
-0.0528313
-0.219475
-1.77991
-0.0570962
-0.0334245
0.208619
2.05879
-0.0874558
1.14186
-0.0829712
-0.0921758
0.923593
0.498312
-0.48292
0.172483
0.254674
-0.292597
-0.112793
-0.0546074
-0.0673179
-0.911841
-0.00456475
-0.0223516
0.0348403
-0.0217217
-0.200929
-0.222198
-1.56926
0.00474056
-0.00513746
0.0643892
0.160986
-0.129485
0.580754
-0.021707
-0.352083
0.106625
0.302149
-0.431885
0.202728
0.757321
-0.180562
-0.307138
-0.250228
0.00851288
-0.406115
-0.0841673
-0.0569608
-0.00728499
-0.0740009
0.0
0.0
0.0
0.0
0.0
0.0
0.0
0.0
0.0
0.0
0.0
0.0
0.0
0.0
0.0
0.0
0.0
-0.41838
0.0
0.0
0.0
0.0
0.0
0.0
0.0
0.0
0.0
0.0
0.0
0.0
-0.267449
0.0
0.0
0.0
0.0
0.0
0.0
0.0
0.0
0.0
0.0
0.0
0.0
0.0
0.0
0.0
0.0
0.0
0.0
0.0
0.0
0.0
0.0
0.0
0.0
0.0
0.0
0.0
0.0
0.0
0.0
0.0
0.17321
0.0
0.0
0.0
0.0
0.0
0.0
0.0
0.0
0.0
0.0
0.0
0.0
0.0
0.0
0.0
0.0
0.0
0.0
0.0
0.0
0.0
0.0
0.0
-1.14054
0.0
0.0
0.0
-0.425879
0.0
-0.198547
0.0
0.0
0.0
0.0
0.0
0.0
0.0
0.0
0.0
0.0
0.0
0.0
0.0
0.0
0.0
0.0
0.0
-0.558431
0.0
0.0
0.0
0.0
0.0
0.0
0.0
0.0
0.0
0.0
0.0
0.0
0.0
0.0
0.0
0.0
1.02559
0.0
0.0
0.0
0.0
0.0
0.0
0.0
0.0
0.0
0.0
0.0
0.0
0.0
0.0
0.0
0.0
0.0
0.0
0.0
0.0
0.0
0.0
1.36559
-2.23719
0.787814
-0.0958201
0.478802
-0.0792473
4.86216
-0.217661
-1.27664
-0.264227
0.376487
2.50103
2.19178
-3.14046
2.54301
2.41294
4.57537
1.37357
-0.499234
0.26338
-0.652253
2.06645
1.77446
0.0473412
-0.218568
-1.84853
4.38143
-0.769995
0.145618
-0.267073
0.140324
-5.15209
-0.670893
2.67255
-0.177123
0.0722949
-3.12814
-2.31788
2.47494
-2.85201
-4.80753
-4.67675
-1.60838
-0.11471
-0.803683
-1.06571
-2.25877
-2.90378
0.481162
0.256621
-0.158208
-5.07175
-0.860271
0.00860652
-0.113021
-0.588682
1.85485
0.0245568
-3.46469
0.0408461
-0.0395691
-0.0942796
1.57897
0.0669912
2.14499
-1.82807
4.21785
2.41923
0.0538453
-0.4926
3.10119
-0.178854
0.150741
-0.225321
-0.113405
-1.1118
1.80347
1.41255
-0.0105562
-0.67586
-0.482502
2.20344
-0.0176911
-0.259676
-0.0594834
0.0781419
2.00013
-4.38513
-0.84392
0.0646171
1.29721
2.41586
-1.04954
0.00149536
0.0099429
-4.21806
0.163773
0.918345
-0.615475
0.0806212
-0.482664
2.14396
0.0215314
0.0497873
0.211738
0.0613907
-0.289028
-0.627945
1.39611
-0.441456
0.448591
-0.627667
-0.125189
-0.602675
-0.308839
-0.272618
-0.101062
-0.232809
-0.613794
-0.540307
-1.71277
-0.192681
-1.12908
0.528606
0.0380773
1.4181
0.250445
0.662597
0.0340758
0.606679
-0.158993
0.609286
0.21708
0.0873619
0.134642
-0.0148191
0.431526
1.25126
1.51532
0.58319
-0.369399
-0.189064
-0.254439
-0.223173
0.680496
3.62564
1.04458
-0.383396
0.136259
0.174414
1.5572
-1.28057
1.33289
0.0438017
-0.926689
0.414076
6.13856
-1.96898
-1.83908
-0.0187604
0.0699388
-0.74948
3.56606
1.91326
-1.68978
-1.47918
-2.99514
1.59564
-0.94091
2.64916
4.84363
1.83348
-5.07448
0.0277012
-0.236828
2.01263
0.663484
0.893798
-0.111402
-1.92963
-0.402069
1.82603
0.0884475
-0.0419083
0.060454
-0.0103119
-0.281169
2.4216
1.32034
-1.82828
-1.77005
0.421516
-1.33006
-0.366145
1.45316
1.98865
1.8089
-1.02283
0.0180887
-0.0491632
1.13603
-0.474464
-2.35702
0.122431
2.71797
-0.349857
-0.854446
-0.237578
1.44938
-0.0465483
0.0559326
-0.107222
-2.08536
1.68109
-3.12745
2.22035
2.20981
-0.376147
-0.0278097
-0.200054
-1.78834
-0.239966
-0.477426
0.61255
1.16319
-0.760422
1.99656
1.66858
2.57405
2.88111
-2.64644
-1.02999
-1.05928
1.41713
0.0389321
0.0538837
-0.0412855
-0.867202
-0.335057
2.26474
2.33881
0.703818
-1.99595
-0.0457023
-0.34177
-1.76159
-0.331162
-0.562173
0.62556
1.88645
0.0139229
-0.790188
2.53734
2.12896
1.07464
2.50097
0.0796717
2.86938
0.132021
0.0493326
0.00578244
-0.161134
0.284944
-2.22407
-0.439996
2.47534
-2.04812
0.84841
-0.0261572
-0.663349
-0.380764
0.0515132
-0.685468
-0.0106134
-0.127664
1.24501
-0.626032
2.92414
2.53782
-0.641184
1.1493
4.76053
-1.21442
-3.13601
0.149082
0.00149187
-2.19746
2.69642
1.08685
-0.711647
-2.43809
-3.1913
3.11577
-2.97688
2.98674
5.07317
2.99481
-1.69508
0.0308925
0.0514763
0.0792511
0.0904135
0.777475
0.0214628
0.264686
-0.322464
2.02694
3.26795
-0.687293
0.101926
-0.00233827
-1.38235
0.246254
-0.776886
0.441739
0.249348
-0.283664
-1.1555
0.670143
1.05492
-0.477658
0.214629
1.14794
0.0493118
-0.104394
-1.22016
-2.71681
-0.41502
0.151542
0.501857
-0.300507
-3.01657
-2.66123
-5.02783
-1.51119
0.0677105
0.248864
-1.26503
-0.791942
1.40542
0.637624
1.75893
2.04294
-2.49007
2.92411
-3.66537
-0.588183
0.462225
0.450099
0.0713468
0.101972
0.351153
0.30623
-0.00119765
0.0863625
0.0549897
-1.13269
2.71422
-0.204581
2.29712
-0.00411857
-0.309244
0.126291
-0.203105
0.046552
0.0205822
0.244054
0.670542
0.576935
-1.54981
2.28862
-0.668866
0.0247092
2.76026
-0.149266
-0.612836
0.839493
-0.306889
0.122827
0.448034
-0.294654
0.486053
0.595288
2.91401
-2.52817
1.76084
-0.312507
-0.803056
-0.632298
-0.169143
0.713201
0.866081
-0.119121
-0.0205026
-0.12317
-2.49342
-1.76867
-2.48512
2.95362
0.205228
-0.923272
-0.46197
-0.509496
0.0384284
0.100755
0.0535061
0.0677676
0.514719
-1.30375
2.11333
-2.63079
0.436448
-0.229376
-0.106054
0.380133
0.561826
0.568504
0.482718
0.022629
-0.538749
-0.439569
1.62488
3.8196
-2.20532
0.0472768
2.58076
-0.300572
0.982198
0.091222
-0.267316
-0.329193
1.35004
0.355938
0.766903
-1.86203
2.9465
-2.36384
2.1941
0.569257
-0.299885
-0.389468
-2.41624
0.0934749
-0.477887
1.54032
6.43261
1.5186
-3.86287
1.92488
0.0149784
-1.48574
1.38295
0.58718
0.0627547
-0.23226
-0.383733
0.258805
-0.912837
0.783828
-0.0210374
0.0372942
0.0397949
2.44733
-0.948554
1.54522
-0.039836
-0.090364
-0.687559
-0.212192
1.23522
0.0876396
0.658463
-3.37381
0.183197
3.01821
-2.31607
0.349615
-0.627997
0.0157442
-0.317145
-0.195604
0.615482
0.0873979
0.0164458
-0.0151829
0.0100227
0.368654
-1.55345
-2.73469
0.364416
1.38082
0.403379
-0.0449782
-0.300026
-0.273185
-0.0837051
1.00087
-0.0852143
0.149101
-2.6282
-1.99793
-2.41733
-1.54372
2.26378
0.655422
-0.298002
-1.55265
1.1609
-0.276712
0.0725096
0.03143
-0.652309
-0.487945
-2.07392
1.35362
-0.200664
1.42654
-0.747918
0.192631
-1.03215
-3.4741
-1.17889
3.3741
0.542997
0.336764
-0.967049
1.16328
-1.78141
0.423799
0.0156897
0.972744
-5.09408
0.613534
-0.169091
-0.197836
-0.00415852
-0.151445
-2.01243
-1.13219
-1.25863
2.7081
1.43993
-0.81285
-0.264874
-4.13655
-6.11289
-3.97918
5.37987
0.640653
0.268012
0.29144
1.1267
-0.212904
0.0688156
-1.22753
2.18806
1.024
-0.0127279
2.14339
0.0472465
-0.0150025
0.15611
0.81012
0.462683
-1.32126
1.91784
-2.84047
-1.9797
-2.56517
-0.991665
1.23636
0.633105
-1.18675
0.00390426
-0.219874
-0.305007
-0.741327
-0.471216
0.0228575
-2.4885
-0.701464
2.37944
0.80996
0.459639
0.00525151
-0.0111761
-0.732795
-0.380292
-2.30382
0.594293
2.0528
2.16789
0.788995
-0.00593467
0.036105
-1.34485
0.017795
2.90209
0.133093
-0.08124
0.306529
1.19978
0.788387
0.0277524
0.386074
-2.70752
-3.43137
-2.57509
1.06408
-0.0110904
0.0325471
0.275839
-0.272844
1.19375
-0.0416122
-2.72361
-0.290691
-1.273
-2.93119
0.649679
2.61663
1.09671
-2.11533
0.43877
0.299943
2.93773
0.117352
-2.2699
0.398546
-0.719033
-0.312517
2.82703
0.573626
-0.517202
0.130822
-0.0112768
0.631213
0.220423
0.922872
-0.269962
0.135071
-5.12948
0.194261
-2.66017
3.31571
7.86325
-4.15722
0.513684
-0.0403765
0.0147469
-0.47021
-0.394511
1.24743
-0.13771
0.182105
-0.273387
0.0516908
-0.974047
1.60361
0.635593
-0.0158568
0.654135
-0.414463
0.93157
0.675793
-0.751472
-0.504494
-0.80099
1.53265
1.30747
2.06336
0.274647
-0.944596
0.323974
0.154688
-0.615362
-0.825043
-1.17296
0.174842
0.00385721
0.520969
0.163147
2.37268
-0.506262
2.82241
2.47565
0.195876
0.514306
-3.38511
1.21449
5.0444
2.79141
-0.375333
2.71073
-2.78688
-2.44228
-0.444535
4.10285
-1.04486
-0.0976407
-0.619971
1.04801
-0.317772
0.115314
0.409334
-0.364182
-0.783379
1.31498
0.994806
-1.31612
2.7851
0.35906
-0.808944
-0.597023
-0.237871
0.609906
0.692186
-0.322339
-0.050634
-0.145601
-3.63443
2.80089
1.23723
-0.0155348
0.252
-0.609098
1.06003
-0.312722
0.135876
0.645909
-0.826183
-0.745678
-0.310523
1.40152
-2.20019
0.516612
-1.2566
-0.661308
-0.397501
-0.0374599
0.564138
1.19341
-0.400552
-0.104189
0.0420902
-1.40745
-0.195475
0.00344739
2.71403
0.332987
0.138178
2.34514
0.341001
-0.0704738
-0.00132429
0.17827
0.622455
-0.361324
-0.0236462
-0.409055
0.394476
-0.43051
0.663331
-1.78806
-0.087584
-2.89603
-0.709221
0.0863221
-0.595294
-0.248109
0.323989
-0.0444625
-0.252546
-0.0746825
-1.29499
-5.15079
0.838054
-2.27123
-3.73001
1.03704
5.40452
4.00747
2.30814
-4.69577
-0.109383
3.77124
-2.38888
-1.44806
-0.793086
-2.05783
-0.494982
-0.817566
1.01685
-3.56578
-0.380961
-0.478238
-0.255454
0.300852
-1.61593
-7.66151
-8.4971
3.8059
-4.29107
-3.11939
-1.01637
-0.829644
2.01593
0.139867
0.220747
0.0628035
0.941868
0.243343
-0.313127
-0.368105
0.25377
-1.4948
0.320939
-2.0654
-0.345891
-1.2653
-0.20842
-2.29782
-3.08722
-2.64853
-5.83122
3.83946
-3.57094
4.16664
2.43192
4.57438
1.32707
-4.64433
-0.141421
-2.44267
-3.12561
-2.06278
-5.00421
-8.24218
-3.84435
12.3034
-17.1026
-5.96822
-1.16817
-2.92575
-0.485936
-3.50764
-1.50767
-2.33635
-2.49694
0.46272
1.76069
-4.99271
4.04872
-1.47719
0.830364
19.5157
-14.2104
2.61307
-6.67576
-4.6243
-1.84353
5.11462
-5.9052
-3.70865
-7.71629
-2.92595
5.35443
-1.29366
-1.1543
-2.03756
1.20409
-0.891864
0.47194
-1.57621
-0.026032
-1.61977
-0.26579
-2.29634
-0.130001
