[229, 9, 9, 4]
0.0
0.0
0.0
0.0
0.0
0.0
0.0
0.0
0.0
0.0
0.0
0.0
0.0
0.0
0.0
0.0
0.0
0.0
0.0
0.0
0.0
0.0
0.0
0.0
0.0
-1.02883
0.0
0.0
0.0
0.0
0.0
0.0
0.0
0.0
0.0
0.0
0.0
0.0
0.234671
0.0
0.0
0.0
0.0
0.0
0.0
-0.435858
0.598433
2.61432
-0.785908
1.33195
0.0560177
0.77403
-0.0601516
0.234449
0.0
0.0
0.0
0.0
0.0
0.0
0.0
0.0
0.0
-0.431281
1.52375
-0.318901
0.0107919
0.886942
0.197192
0.711258
-0.00226677
0.706077
-1.00124
0.0
0.0
0.627653
0.0
0.0
0.0
0.360089
0.0
-0.663844
1.51592
-0.311712
0.226935
-0.322097
0.192997
0.723262
0.00930682
0.724467
-1.18193
0.0
0.0
0.0
0.0
0.0
0.0
0.0
1.51392
0.0
0.0
0.0
0.0
0.0
1.25472
0.0
0.0
0.430897
0.0
0.0
0.0
-0.41903
0.0
0.0
0.0
0.0
0.0
0.0
0.0
0.0
0.0
0.0
0.0
0.0
0.0
0.0
0.0
0.0
0.0
0.0
0.0
0.0
0.0
0.0
0.0
0.0
0.0
0.0
-1.07396
0.0
0.0
0.0
0.0
0.0
0.0
0.0
0.0
0.0
0.0
0.0
0.0
0.0
0.0
0.0
0.0
0.0
0.0
0.0
0.0
0.0
0.0
0.0
-2.95871
-0.603396
2.4073
-1.09014
-1.24561
-0.108292
1.27045
-0.013214
0.30693
0.0
0.0
0.0
0.0
0.0
0.0
0.0
0.0
0.0
0.0
0.0
0.0
0.0
0.0
0.0
0.0
0.0
0.0
0.0
0.0
0.0
0.0
0.0
0.0
0.0
0.0
0.0
0.0
0.0
0.0
0.0
0.0
0.0
0.0
0.0
0.0
0.0
0.0
0.0
0.0
0.0
0.0
0.0
0.0
0.0
0.0
0.0
0.0
0.0
0.0
0.0
0.0
-0.576981
0.0
0.0
0.0
0.0
0.0
0.0
0.0
0.0
0.0
0.0
-1.56865
1.52659
-0.329213
-0.21221
0.073675
0.199248
0.70732
-0.0012056
0.708397
0.0
0.0
0.0
0.0
0.0
0.0
0.0
0.0
0.0
0.0
0.0
0.0
-1.30952
0.0
0.0
0.0
0.0
0.0
0.0
0.0
0.0
0.0
0.0
0.0
0.0
0.0
0.0
0.0
0.0
0.0
0.0
0.0
0.0
0.0
0.0
-0.603162
0.0
0.0
0.0
0.0
0.0
0.0
0.0
0.0
0.0
0.0
0.0
0.0
0.0
0.0
0.0
0.0
0.0
0.0
0.0
0.0
0.0
0.0
0.0
0.0
0.0
0.0
0.0
0.0
0.0
0.0
0.0
0.0
0.0
0.0
0.0
0.0
0.0
0.0
0.0
0.0
0.0
0.0
0.0
0.0
0.0
0.0
0.0
0.0
0.0
0.0
0.0
0.0
0.0
0.246069
0.0
0.123169
0.0
0.0
0.0
0.0
0.0
0.0
0.0
0.0
0.0
0.0
0.0
0.0
0.0
0.0
0.0
0.0
0.0
0.0
0.0
0.0
-0.239847
0.0
0.0
0.0
0.0
0.0
0.0
0.0
0.0
0.0
0.0
-0.577922
0.0
0.0
0.0
0.0
0.0
0.0
-0.354489
0.0
0.222845
0.0
0.0
0.0
0.0
0.0
0.0
0.0
0.0
0.0
0.0
0.0
0.0
0.0
0.0
0.0
0.0
0.0
0.0
0.0
0.0
0.0
0.0
0.0
0.0
0.0
0.0
0.0
0.0
0.0
0.0
0.0
0.0
0.0
0.0
0.0
0.0
0.0
0.0
-1.20277
-0.700142
3.49239
-0.688788
0.0756903
-0.1386
1.35448
0.0211732
0.286071
0.0
0.0
0.0
0.0
0.0
0.0
0.0
0.0
0.0
0.0
0.0
0.0
0.0
0.0
0.0
0.0
0.0
0.0
-0.233778
0.0
0.0
0.0
0.0
0.0
0.0
-0.473027
-0.179662
0.0
0.728103
0.0
0.0
0.0
0.0
0.0
0.0
0.0
0.0
0.0
0.0
0.0
0.0
0.0
0.0
0.0
0.0
0.0
0.0
0.0
0.0
0.0
0.0
0.0
0.0
0.0
-0.0812928
0.0
0.0
0.0
0.0
0.0
0.0
0.0
0.0
0.0
0.0
0.0
0.0
0.0
0.0
0.0
0.0
0.0
0.0
0.0
0.0
0.0
0.0
0.0
0.0
0.0
0.0
0.0
0.0
0.0
0.0
0.0
0.0
0.0
0.0
0.0
0.0
0.0
0.0
0.0
0.0
0.0
0.0
0.0
0.0
1.66873
0.00543911
1.03148
0.330559
2.43613
-0.247908
1.76385
0.321468
0.230556
0.0
0.0
0.0
0.0
0.0
0.0
0.0
0.0
0.0
0.0
0.0
0.0
0.0
0.0
0.0
0.0
0.0
0.0
0.0
0.0
0.0
0.0
0.0
0.0
0.0
0.0
0.0
0.0
0.0
0.0
0.0
0.0
0.0
0.0
0.0
0.0
0.0
0.0
0.0
0.0
0.0
0.0
0.0
0.0
0.0
0.0
0.0
0.0
0.0
0.0
0.0
0.0
0.0
0.0
2.36611
0.0
1.58494
0.0
0.0
0.0
0.0
0.0
0.0
0.0
0.0
0.0
0.0
0.0
0.0
0.0
0.0
0.0
0.0
0.0
0.0
0.0
0.0
0.0
0.0
0.0
0.0
0.0
0.0
0.0
0.0
0.0
0.0
0.0
0.0
0.0
0.0
0.0
0.0
0.0
0.0
0.0
0.0
0.0
0.0
0.0
0.0
0.0
0.0
0.0
0.0
0.236248
0.0
0.0
0.0
0.0
0.0
0.0
0.0
0.0
0.0
0.0
-1.5705
0.0
0.0
0.0
0.0
0.0
0.0
0.0
0.0
0.0
0.0
0.0
0.0
0.0
0.0
0.0
0.0
0.0
0.0
0.0
0.0
0.0
0.0
0.0
0.0
0.0
0.0
0.0
-1.43493
-0.711718
2.18691
-0.70361
0.29298
-0.162618
1.42908
0.0646987
0.269201
-1.08679
0.0
0.0
0.0
0.0
-0.929997
0.0
0.0
0.0
0.0
0.0
0.0
0.0
0.0
0.0
0.0
0.0
0.0
0.0
0.0
0.0
0.0
0.0
0.0
0.0
0.0
0.0
0.0
0.0
0.0
0.0
0.0
0.0
0.0
0.0
0.0
0.0
0.0
0.0
0.0
0.0
0.0
0.0
0.0
0.0
0.0
0.0
0.0
0.0
0.0
0.0
0.0
-1.81146
0.0
0.0
0.0
0.0
0.0
0.0
0.0
0.0
0.0
0.0
0.0
0.0
0.0
0.0
0.0
0.0
0.0
0.0
0.0
0.0
0.0
0.0
-0.0954422
0.0
0.0
0.0
0.0
0.0
0.0
0.0
0.0
0.0
0.0
0.0
0.0
0.0
0.0
0.0
0.0
0.0
0.0
0.0
0.0
0.0
0.0
0.0
0.0
0.0
0.0
-1.248
1.17654
0.0
0.0
0.0
0.0
0.0
0.0
0.0
0.0
1.48667
0.0
0.0
-0.835505
0.0
3.02261
0.337717
0.917476
0.113983
2.80668
-0.246803
1.76349
0.327411
0.233312
0.0
0.0
0.0
0.618186
0.0
0.0
0.0
0.0
0.0
0.562708
0.0
0.0
0.0
0.0
0.0
0.0
0.0
0.0
0.0
0.0
-0.966416
0.0
0.0
0.0
0.0
0.0
0.0
0.0
0.0
0.0
0.0
0.0
0.0
0.0
0.0
0.0
0.0
0.0
0.0
0.0
0.0
0.0
0.0
0.0
0.0
0.0
0.0
0.0
0.0
0.0
0.0
0.0
0.0
0.0
0.0
0.0
0.0
0.0
0.0
0.0
0.0
0.0
0.0
0.0
0.0
0.0
0.0
0.0
0.0
0.0
0.0
0.0
0.0
0.0
0.0
0.0
0.0
0.0
0.0
0.0
0.0
0.0
-0.30548
0.0
0.0
0.0
0.0
0.0
0.0
0.0
0.0
0.0
-2.67937
0.0
0.0
0.0
0.0
0.0
0.0
0.0
0.0
0.0
0.0
0.0
0.0
0.0
0.0
0.0
1.35246
0.0
0.0
0.0
0.0
0.0
0.0
0.0
0.0
0.0
0.352237
0.0
0.0
0.0
0.0
-1.21112
0.051374
-0.834122
0.0
0.0
0.0
0.0
0.0
0.0
0.0
0.0
0.0
-1.17775
-0.769893
1.80374
-0.676913
1.22585
-0.207274
1.55464
0.141121
0.228313
0.0
0.0
0.0
1.26745
0.0
0.0
0.0
0.0
0.0
0.0
0.240789
0.0
0.0
0.0
0.0
0.0
0.0
0.0
0.0
0.0
0.0
0.0
0.0
0.0
0.0
1.6322
0.0
0.0
0.0
0.0
0.0
0.0
0.0
0.0
0.0
0.0
0.0
0.0
0.0
0.0
0.0
0.0
0.0
0.0
0.0
0.0
0.0
0.0
0.0
0.0
0.0
0.0
0.0
0.0
0.0
0.0
0.0
0.0
0.0
0.0
0.0
0.0
0.0
0.7057
0.0
0.0
0.0
0.0
0.0
0.0
0.0
0.0
0.0
0.0
0.0
0.235191
0.0
0.0
0.371359
0.0
0.0
0.0
0.0
0.0
0.0
-1.32576
0.0
0.0
0.0
0.0
0.0
0.0
0.0
0.0
0.0
0.0
0.0
0.0
0.0
0.0
0.0
0.0
0.0
0.264695
0.0
0.0
0.0
0.0
0.0
-0.824244
0.0
0.0
-0.569315
0.0
0.0
0.0
0.0
2.89209
0.279901
0.917452
-3.30528e-05
2.61098
-0.246858
1.7603
0.323848
0.230994
0.0
0.0
0.0
0.0
0.0
0.0
0.0
0.0
0.0
0.0
0.0
0.0
0.0
0.0
0.0
0.0
0.0
0.0
0.0
0.0
0.0
0.0
0.0
0.0
0.0
0.0
0.0
0.0
0.0
0.0
0.0
0.0
0.0
0.0
0.0
0.0
0.0
0.0
0.0
0.0
0.0
0.0
0.0
0.0
0.0
0.0
0.0
0.0
0.0
0.0
0.606404
0.0
-1.48271
0.0
0.0
0.0
1.79727
0.0
0.0
0.0
0.0
0.0
0.0
0.0
0.0927509
0.0
0.0
0.0
0.0
-0.142634
0.0
0.0
0.0
0.0
0.0
0.0
0.0
0.0
0.0
0.0
0.0
0.0
0.0
0.0
0.0
0.0
0.0
0.0
0.330008
0.0
0.0
0.0
0.0
0.0
0.0
0.0
0.0
0.0
0.0
0.0
0.0
0.0
0.0
0.0
0.0
0.0
0.0
0.0
-0.729633
0.0
0.0
0.0
0.0
0.0
0.0
0.0
0.0
0.88495
0.0
0.0562862
0.0
0.0
0.0
0.0
0.0
0.0
0.0
0.0
0.0
0.0
-0.307521
0.0
0.0
-0.233326
0.0
-1.27693
-0.754077
1.67104
-0.720768
1.05025
-0.205706
1.55365
0.140814
0.229117
0.0
0.0
0.0
0.0
0.0
0.0
0.0
0.0
0.0
0.0
0.0
0.0
0.0
0.0
0.0
0.0
0.0
0.0
0.0
0.0
0.0
0.0
0.0
0.0
0.0
0.0
0.0
0.15413
0.0
0.0
0.0
0.0
0.0
0.0
0.0
0.0
0.0
0.0
0.0
0.0
0.0
-1.34969
0.514688
0.0
0.0
0.0
0.0
0.0
0.0
0.0
0.0
0.0
0.0
0.0
0.0
0.0
0.0
0.0
0.0
0.0
0.0
0.0
0.0
0.0
0.0
0.0
0.0
0.0
0.0
0.0
0.0
0.0
0.0
0.0
0.0
0.0
0.0
0.0
0.0
0.0
0.0
0.0
0.0
0.309029
0.0
0.0
0.0
0.0
0.0
0.0
0.0
0.0
0.0
0.0
0.0
0.0
0.0
0.0
0.0
0.0
0.0
0.0
0.0
0.0
0.0
0.0
0.0
0.0
0.0
0.0
0.0
0.0
0.0
0.0
0.0
0.0
0.0
2.41757
0.733345
0.846901
0.577308
1.97412
-0.260156
1.82075
0.371931
0.223863
0.0
0.0
0.0
0.0
0.0
0.0
0.0
0.301572
0.0
0.0
0.0
0.0
0.0
0.0
0.0
0.0
0.0
0.0
0.0
0.0
0.0
0.0
0.0
0.0
0.0
0.0
0.0
0.0
0.0
0.0
0.0
0.0
0.0
-0.0545085
0.0
0.0
0.0
0.0
0.0
0.0
1.24435
0.0
0.0
0.0
0.0
0.0
0.0
0.0
0.0
0.430511
0.0
0.0
0.0
0.0
0.0
0.0
0.0
0.0
0.0
0.0
0.0
0.0
0.0
0.0
0.0
0.0
0.0
0.0
0.0
0.0
0.0
0.0
0.0
0.0
0.863923
0.0
0.0
0.0
0.0
0.0
0.0
0.788124
0.0
0.0
-0.71402
-0.582312
0.0
0.0
0.0
0.0
-1.13652
0.0
0.0
0.0
0.0
0.0
0.0
0.0
1.38236
0.0
0.0
0.0
0.0
0.0
0.0
0.0
0.0
0.0
0.0
0.0
0.0
0.0
0.0
0.0
0.0
0.0
0.0
0.0
0.0
0.0
0.0
0.0
0.0
0.0
0.0
0.0
0.0
0.0
0.0
0.867333
0.0
0.0
0.0
0.0
0.271714
0.0
0.0
0.0
0.0
0.0
0.0
0.0
0.0
0.0
-0.0697674
-0.673262
-0.260546
1.18346
-1.62844
-0.124569
1.65606
0.206119
0.355776
0.0
0.0
0.0
0.0
0.0
0.0
0.0
0.0
0.0
0.0
0.0
0.0
0.0
0.0
0.0
0.0
0.0
0.0
0.0
0.0
0.0
0.0
0.0
0.0
0.0
0.0
0.0
0.0
-0.464062
0.0
0.0
0.0
0.0
0.0
0.0
0.0
0.0
0.0
0.0
-0.386474
0.0
0.0
0.0
0.0
0.0
0.0
0.0
0.0
0.0
-1.11283
-1.96312
0.0
0.0
0.0
0.0
0.0
0.0
0.0
0.0
0.0
0.0
2.37324
0.0
0.0
0.0
0.0
0.0
0.0
0.0
0.0
0.0
0.0
0.0
-0.0793431
0.0
0.0
0.0
0.0
0.0
0.0
1.61667
0.0
-1.7955
0.0
0.0
0.0
0.0
0.0
0.0
0.0
0.0
0.0
0.0
0.0
0.0
1.52743
0.0
0.0
0.0
1.22159
0.796362
0.83086
0.594458
1.70807
-0.263214
1.83415
0.381474
0.22112
0.0
0.0
0.0
0.0
0.0
0.0
0.0
0.0
0.0
0.0
0.0
0.0
0.0
0.0
0.0
-1.56899
0.0
0.0
0.0
0.0
0.0
0.0
0.0
0.0
0.0
0.0
0.0
0.0
0.0
0.0
0.0
0.0
0.0
0.0
0.0
0.0
0.0
0.0
0.0
0.0
0.0
0.0
0.0
0.0
0.0
0.0
0.0
0.0
0.0
0.0
0.0
2.4886
0.0
0.0
0.739958
1.45685
0.0
0.0
0.0
0.0
2.00957
0.0
0.0
0.0
0.0
0.0
0.0
0.0
1.34053
-1.16748
0.0
0.0
0.0
0.0
0.0
0.0
0.0
0.0
0.0
0.0
0.0
0.0
0.0
0.0
0.0
0.0
0.0
0.0
0.0
0.0
0.0
0.0
0.0
0.0
0.0
0.0
-0.276723
0.0
-0.531384
0.0
0.0
0.0
0.0
0.0
0.0
0.0
0.0
0.0
0.0
0.0
0.0
0.0
0.0
0.0
0.0
0.0
0.0
0.0
0.0
0.0
0.0
0.0
0.0
0.0
0.0
0.0
0.0
0.0
0.0
0.0
0.0
0.0
0.908995
0.0
0.0
0.0
0.0
0.0
0.0
0.0
0.0
0.0
0.0
0.0
0.0
0.0
0.0
0.0
0.0
0.0
0.0
0.0
0.0
0.0
0.0
0.0
0.0
0.0
0.0
0.0
0.0
0.0
0.0
0.0
0.0
0.0
0.0
0.0
0.0
0.0
0.0
0.502852
0.787411
0.144578
1.02363
1.27585
-0.272227
1.96569
0.462604
0.212987
0.0
0.0
0.0
0.0
0.0
0.0
0.0
0.0
0.999994
0.0
0.0
-0.646041
0.0
0.0
-0.414159
0.0
0.0
0.0
0.0
0.0
0.0
0.0
0.0
0.0
0.0
0.0
0.0
0.0
0.0
0.0
0.0
0.0
0.0
0.0
0.0
0.0
0.0
0.0
0.0
0.0
0.0
0.0
0.0
0.0
0.0
0.0
0.0
0.0
0.0
0.176939
0.0
0.0
0.0
0.0
0.0
0.0
0.0
0.0
0.0
0.0
0.0
0.0
0.0
1.00832
0.843018
0.799017
0.476506
0.772812
-0.266353
1.84792
0.391777
0.217959
0.0
0.0
0.0
0.665411
0.0
0.0
0.0
0.0
0.0
0.0
0.0
0.0
0.0
0.0
0.0
0.0
0.0
0.0
0.0
0.0
0.0
0.0
0.0
0.0
0.0
0.0
0.0
0.0
0.0
0.0
0.0
0.0
0.0
0.0
0.0
0.0
0.0
0.0
0.0
0.0
0.0
0.0
0.0
0.0
0.0
0.0
0.0
0.0
0.0
0.0
0.0
0.0
0.0
0.0
0.0
0.323974
0.0
0.0
0.0
0.0
0.0
0.0
0.0
0.0
0.0
0.0
0.0
0.0
0.0
0.0
0.0
0.0
0.301278
0.720607
-0.0161499
1.0616
0.986774
-0.246722
1.91853
0.427396
0.23526
0.0
0.768107
0.0
0.0
0.0
0.0
0.0
0.0
0.0
0.11482
1.86752
0.0413272
1.20171
1.53346
-0.25772
1.94096
0.45079
0.227701
0.0
0.0
0.0
0.0
0.0
0.0
0.0
0.0
0.0
-0.552419
0.721585
0.787329
1.4161
1.23213
-0.268241
1.85853
0.397479
0.215251
0.0
0.0
0.0
0.0
0.0
0.0
0.0
0.0
0.0
0.0
0.0
0.0
0.0
0.0
0.0
0.0
0.0
0.0
0.0
0.0
0.0
0.0
-0.185372
0.0
0.0
0.816465
0.0
0.0
0.0
0.0
0.0
0.0
0.0
0.0
0.0
0.0746139
0.0
0.0
0.0
0.0
0.0
0.0
0.0
0.0
0.0
1.5622
7.63956
7.29894
2.32774
2.63146
3.06453
5.94683
-0.705484
-0.867288
0.231378
-6.94453
-5.53931
-0.635747
-0.643757
-5.82603
-10.2286
1.29101
0.782669
-1.50073
-4.10654
-4.22634
-0.606573
1.59367
-0.162771
7.62968
5.88751
-4.14423
1.54392
-0.831009
2.4894
-0.40388
-6.80246
-2.47531
-1.3035
0.52128
0.20917
1.79363
0.694068
1.1404
1.55981
1.98772
-2.76444
-4.28199
0.586302
1.03253
3.28638
2.6047
1.10929
-0.0880721
-1.64277
0.184416
0.0731822
1.46241
-2.16778
6.05326
3.45012
-4.56685
-5.35093
-2.07932
0.775434
0.928078
-5.13432
-3.81929
2.32818
-2.32078
-3.86239
-0.0744126
-1.13693
2.22186
-1.08672
4.5915
1.76462
2.37191
-2.55364
-1.40549
1.55339
2.0713
-3.82383
0.206337
-0.0471144
0.661881
0.611685
-0.773305
0.893275
3.88625
-0.330478
-4.27378
5.96226
-3.06714
1.25508
-0.0788489
-10.8019
3.0526
2.66008
4.3557
5.92367
-8.05182
7.3238
-3.79524
1.73819
9.28597
2.25223
5.2814
1.10752
3.15633
-1.31393
-5.96301
7.32691
-1.40775
-4.62712
-1.62501
1.36577
1.90913
-1.00451
0.117507
4.68943
-3.48875
-4.04298
5.33746
1.67767
-0.829647
2.61325
-0.120105
-2.22077
-2.85945
3.59215
0.969108
0.565405
0.406631
0.982182
3.48809
1.09691
-3.17697
1.71622
0.107054
3.42654
-9.74558
0.688824
-1.09492
-19.8951
-16.4698
-5.39982
13.6223
-1.10004
-7.11598
-6.60607
-12.6969
2.68232
-2.70363
-2.76368
-4.09957
0.962182
-1.3165
-3.49745
1.26369
-0.396769
0.425106
-2.80026
-3.36266
-3.73579
-8.51231
-2.15926
-5.86906
-26.9887
10.7029
15.5616
-13.356
9.886
13.9281
-7.2206
1.43206
-3.66034
-3.43839
-4.01754
-4.0429
