[20, 25, 25, 4]
0.415786
-0.489199
0.578189
0.217826
0.0229534
-0.618481
0.33999
0.164125
-0.427153
-0.302332
0.195628
-0.456016
-0.22958
-0.268652
-0.303738
0.155884
-0.810131
-0.148179
-0.332623
-0.807213
0.000750407
-0.195125
1.86135
0.24048
-0.446678
0.382803
-0.147926
-0.143783
-0.588242
-0.100281
-0.264432
-0.486844
-0.534733
-0.753567
0.0179308
0.00954945
-1.35752
-0.335715
0.0112466
-0.0712698
-0.194931
-1.0939
-2.58083
-0.195871
-0.903107
1.40995
0.2714
1.64773
0.408611
0.505957
0.657728
-0.455577
-0.187114
0.627056
0.0971287
0.244759
0.446198
0.00695335
-0.669077
-0.128542
0.657066
-0.0611581
-0.0184122
0.324933
0.0629454
0.0726785
-0.0866771
-0.680223
0.309466
-0.672933
0.647925
0.372762
1.45193
0.0550944
-0.52741
-0.643403
0.734409
-0.0624089
-0.232189
0.415115
0.459812
-0.81354
0.0637861
-0.262782
0.224452
0.894434
-1.11882
-0.12564
-1.49772
-0.122168
0.135893
-0.867829
-2.37892
0.406117
-0.814351
0.458033
1.08125
0.61129
1.11741
1.01994
1.05287
-0.77491
0.125797
1.57434
0.185323
-0.240699
1.37949
-0.336728
-0.907309
-0.16614
0.124593
-0.382457
-0.106942
1.05414
0.47504
-0.360691
-0.729176
-1.72015
0.0694416
-0.746308
0.487897
-0.0810582
0.845457
-0.321794
-0.480557
0.84892
0.103432
0.106368
1.48027
0.269181
0.68808
0.24176
0.107505
-1.44747
-0.0939021
0.206015
-0.618647
-0.522549
-0.204154
-0.299599
-0.777068
1.02647
-1.88808
-0.333624
-0.666514
1.43301
-0.455562
1.17282
0.65112
0.442305
1.16873
0.203681
-1.23164
0.618513
-1.24664
-0.633116
1.09779
-0.577895
-1.04763
0.51192
1.64595
0.0655023
-0.219658
0.399966
1.14797
0.540891
0.299776
-1.88555
-0.391397
-0.370297
1.06089
0.521073
-0.414989
0.509357
-0.00309648
1.60744
0.0707531
-0.32637
1.64897
0.13585
0.139939
0.0397696
0.0278905
-1.35577
-0.16522
2.54824
-0.3152
-0.258212
0.00883976
-0.239304
-0.398996
2.15335
-0.577838
-0.734724
-0.865271
1.3875
-0.676308
2.08547
0.958648
-0.0857045
1.74643
0.0614522
-0.652652
0.730955
-0.687032
-0.0273601
1.37666
-0.276037
-1.20205
0.461564
0.963919
-0.202246
-0.566141
0.707623
0.879278
-0.416199
0.650492
-1.46233
-1.93877
-0.0667574
0.393439
0.284395
-0.532091
0.17072
-0.162157
-0.0531654
-0.331721
-0.182876
-0.187693
0.0645603
-0.239084
0.0529286
-0.923087
-0.215649
0.16141
0.338863
-0.427199
-0.210534
0.947652
0.00451848
-0.105117
0.202669
-0.227577
-0.409958
-0.751574
1.36035
-0.602374
-0.347757
0.673246
-0.346963
0.438585
0.0272411
0.504781
0.289145
0.172001
-0.340451
0.278862
-0.23889
-1.63143
0.13433
-0.0272123
-0.247617
-0.539412
0.936452
0.48259
-0.664562
-0.0795373
-0.319996
-0.224943
-0.402304
0.874291
0.312595
0.880263
0.245583
0.299345
0.361392
-0.239292
-0.00535548
0.424583
0.108006
-0.666112
-0.105782
-0.882053
-1.01837
0.328696
0.819338
-1.34009
-0.0704526
0.47886
0.565684
-0.361928
-0.209742
-0.000842193
0.424547
-0.905257
2.95439
-0.665173
-0.188399
0.30671
0.270715
0.404734
-0.00248903
0.831474
0.560878
0.523114
0.0426694
-0.0811203
-0.359398
-0.541942
0.0864491
-0.508864
0.542568
-0.548913
1.29833
-0.0522542
-0.10884
-0.702493
-0.817881
0.413808
-0.0477278
0.0545677
0.609312
-0.329756
0.486118
-0.832314
-0.450958
-0.68156
0.330896
0.209409
-0.0843358
-0.347022
-0.25225
-0.637035
-0.455476
-0.438412
-0.552066
-1.08315
0.5184
0.303491
0.125309
0.364462
-1.11178
0.145669
0.414248
-0.337961
1.08095
-0.167451
0.85449
0.139673
-0.236268
0.16573
0.204226
1.58458
0.718184
0.504237
-0.171436
-0.680693
-0.46796
-1.91171
0.0180488
-0.350289
-1.0881
-0.202365
0.5466
0.492608
0.0735448
-1.03207
-0.200994
0.791476
-0.478556
1.54918
0.629068
-0.224349
0.0980036
-0.224682
-0.369568
-0.908047
0.0984635
-0.506745
-0.622995
-1.26874
-0.0675958
-1.09169
-0.639803
-0.401102
-1.17186
-0.913555
0.56419
0.909824
0.124152
-0.0287675
-0.973167
-0.0648286
-0.0952543
0.57258
0.926912
-0.586985
0.948693
0.504466
-0.513194
0.922757
-0.49226
1.64857
-1.20466
0.542827
0.281963
1.85717
-0.241856
-5.781
0.897516
-1.87914
2.71896
1.49798
2.21161
0.560721
1.21976
3.25707
-0.194922
0.771763
0.182292
-1.82872
1.39985
3.92191
-0.55964
0.0380679
-2.81493
1.39063
-1.57922
-0.537658
-1.33702
-2.0348
-2.14049
-0.71105
3.45665
1.04311
0.14491
-2.65615
-1.97032
-2.7279
0.72738
-1.20558
-2.53462
-0.216748
-0.162478
0.944266
2.83583
-1.64063
-1.06172
1.9919
-0.420701
-2.22946
0.540943
-0.40233
-4.90457
2.05072
-0.409245
-1.6208
2.23188
1.77319
0.611334
-0.0920489
1.84271
1.34882
1.50817
-0.403478
-4.01184
0.610913
-0.109387
2.4346
0.691444
1.70613
-0.141494
-2.50883
0.24788
-0.650714
2.14059
-2.06409
-0.155464
0.996042
-0.74752
-0.0438857
0.57801
-0.274158
-0.51316
-1.94367
2.00823
1.12557
0.862322
-0.700643
-0.601495
3.24303
-5.07592
-1.09531
-0.0997117
-0.67485
0.775183
1.95441
3.14036
0.0594739
-0.242061
-0.517945
0.367892
2.15633
-0.143535
-0.0850828
-0.572334
0.0788196
1.09148
-0.473297
2.50426
0.279205
0.0630332
-0.0247315
-0.68441
-0.0411682
0.366235
3.15379
0.102761
0.799676
0.28863
-0.00829533
-1.99616
2.4338
1.01958
0.00855741
1.15102
0.545045
1.52838
-1.28016
-1.04694
0.0958863
-1.19243
0.142059
-0.333814
-1.63501
-0.655066
0.155699
0.667268
0.71942
-0.573496
-1.65921
0.661029
0.852608
0.223635
-0.726881
0.400024
0.440408
-0.850804
-1.13926
-1.4899
2.2096
0.408367
0.672823
1.79424
-0.927987
0.0376685
-0.172293
-1.60867
0.467757
-0.825336
0.301621
1.90623
1.36428
1.38443
-0.275694
-0.880962
-0.34453
1.3649
0.457805
-0.476605
0.290318
0.67836
-1.90779
0.6058
-1.36027
1.35869
0.769698
-0.536118
-0.020066
-1.69117
-0.487879
-1.24135
-0.35618
-0.456907
2.52066
0.233785
-0.550331
1.52449
0.150606
-0.730908
0.0737756
-0.200215
-0.362524
-0.133176
-1.20259
0.418737
-0.0626014
-0.0015149
-0.261875
-0.0969171
2.83627
-1.0928
-2.50203
0.415275
1.68213
-1.02695
-0.0865084
1.5369
2.01747
-1.3922
0.636415
-2.43323
-0.253638
1.75358
-2.57656
0.512569
3.22433
-0.839291
0.992229
-0.292951
0.166909
0.140341
-1.56299
0.00539899
1.91549
-2.51772
-0.109917
0.72584
1.55443
0.75399
-2.973
1.57385
-1.52305
0.855037
0.543841
-0.462207
1.80025
-1.17286
-1.2048
2.29145
1.39747
0.426283
-1.91901
0.467078
0.243495
-0.605393
-0.6615
1.07932
-0.221749
1.15425
-0.290819
-0.99003
2.43505
1.39462
1.76185
3.01572
0.180062
3.90436
-1.94129
0.48869
0.207369
-0.672744
0.484245
-2.15002
-0.429073
2.42076
-1.82996
0.0109674
-0.094479
-0.477963
0.817768
-1.0525
-0.862424
0.581096
0.728197
1.80531
-0.271554
-1.17951
2.69016
1.71654
1.42121
2.59704
-1.92827
1.30314
-0.756434
0.191755
1.14841
0.391663
0.775419
0.232277
-0.664637
-2.66194
2.84334
-1.88587
2.04132
-0.58236
2.12724
1.73366
0.593699
-1.98835
1.01076
-0.680759
-0.871477
0.959044
0.628758
-1.02006
3.52277
4.54388
1.21223
-1.12097
-0.945599
-1.69688
-0.975851
-0.0387997
1.19371
-0.691075
-3.73445
-1.82281
-2.05631
1.57942
-0.0290951
2.38056
-0.341368
0.355209
0.803123
-0.915075
0.137805
-0.195472
1.55346
-0.661639
-0.289987
-1.97885
-5.77245
-3.55731
-1.06068
-1.30525
-0.490358
1.03351
-1.7808
0.525055
-1.35725
-0.0798252
1.61409
-2.35123
3.47873
-2.07091
0.0351539
-1.35421
-1.21542
1.36737
-0.671093
-1.52046
-0.732325
-1.16281
1.31222
1.54288
-3.5183
3.12296
0.36895
1.55975
0.0296764
-1.16865
0.210906
-1.44217
-0.670824
1.34227
2.00963
-0.0981231
-0.391323
-1.13432
2.0049
-1.52731
2.51082
3.71755
0.7181
0.645589
-0.117832
-0.807923
-0.535907
-0.396102
0.477768
0.509762
-0.927708
2.472
-2.00393
1.54337
-0.816549
0.72904
0.00509956
1.23613
0.898979
-0.482396
0.270961
0.188756
0.340198
0.76667
-1.2059
-2.28874
2.3724
0.621302
-0.128547
1.17116
-0.786942
-0.0400114
0.383862
-0.851303
-0.876617
0.142417
-2.47088
1.58381
-3.35027
0.090981
-0.248877
-0.100759
-0.476435
-0.752011
-0.0427796
-0.378676
-0.00985292
0.0876327
-1.13839
0.583853
1.49105
-1.07466
0.605366
1.50581
1.01876
0.13425
-0.0533652
-1.25903
-0.825673
-2.11656
0.0920644
-1.28926
-0.896715
2.56371
-1.98095
0.603436
-0.0160803
-1.82088
-1.28829
-0.999409
0.745458
-0.437144
-1.65083
1.33485
0.618032
-5.70642
1.4884
0.533025
-1.96446
2.50786
0.891573
-0.869216
0.178456
-0.174504
-0.870458
1.77807
0.676977
-0.156763
-1.15416
-0.404665
1.82649
-3.38059
3.1995
-1.46134
-0.470339
-0.227205
0.963623
-0.169953
-1.26243
0.603189
-1.82654
-0.345671
3.9619
-1.41256
-0.532527
-0.241665
2.83101
0.932369
-1.16262
1.65119
-1.78902
-1.11255
1.28985
0.174135
-0.297257
-1.44899
-4.45227
1.39187
-0.410212
-1.33522
-0.608297
0.081465
0.273516
-0.504484
1.39129
0.858054
-3.14681
-1.34479
-0.48925
-2.27874
-0.0880741
2.38988
0.00194835
0.110251
-0.141928
1.93319
0.854976
1.03508
0.0723464
-0.00805692
-0.330804
-0.633004
1.41923
-0.620475
2.06884
-1.27573
0.040146
0.161108
2.22454
-0.613343
0.942084
-1.36933
-0.710306
-0.790387
0.547279
0.795218
0.0517518
-3.96648
0.273831
-2.927
-0.552129
-0.936097
-0.905275
0.955999
-1.43619
0.00231242
0.358263
-4.24228
4.17994
2.68038
-0.0571806
-0.499998
0.0714393
-0.113443
-2.81858
0.323055
0.579977
0.279359
0.872245
-0.204809
1.17692
-0.30358
-0.142088
2.03867
1.70998
0.160908
-1.29008
-0.272649
-0.783354
-0.772056
1.32471
0.424064
-1.55168
1.36501
-2.19604
-1.02177
-2.12359
0.218963
1.41831
0.289272
-0.81147
-0.357862
-0.757674
1.26555
0.0565968
-0.183871
-0.567084
-2.84747
-0.510197
2.41277
-0.928284
-0.228731
-0.513269
-0.11686
0.95503
-0.68482
-0.202636
0.546896
0.288963
1.18151
0.981518
-0.289137
-0.830491
0.394452
-0.853757
0.0879407
-0.00509396
-0.247532
-1.66926
-2.22844
-0.482829
-1.04303
1.19478
-2.25302
-1.06553
-3.51994
1.03685
-1.12726
-0.310055
0.0902987
0.341056
-0.283739
0.337858
-0.332529
0.471873
-1.17437
-2.29964
-0.00941381
0.743723
-0.374407
0.284968
0.521751
-0.680213
0.418416
1.59909
0.822963
0.278469
0.59015
1.3348
2.86845
0.0706688
-0.385706
-0.131665
-0.172348
1.07912
-1.2928
-0.144252
0.495671
-0.834456
-3.35623
-0.948487
-3.36299
1.84203
1.80025
0.706228
0.0113622
1.27028
1.08984
0.263724
1.38522
0.74837
-1.21404
0.446924
0.104702
0.897393
-0.346167
1.88373
-0.019811
-0.560047
-0.523245
0.91036
1.79587
-0.704577
-0.266608
-1.13805
1.19733
2.35792
0.853717
0.367363
-1.24822
-0.748602
-1.40119
0.000115658
-0.940114
-0.998564
0.000478728
0.193853
0.589034
-0.181344
0.483287
1.40803
-0.631811
3.96678
2.37959
1.66218
-2.47771
0.996292
1.40491
-0.0398271
0.393368
0.73662
0.888141
-0.576275
1.43786
0.334507
1.7557
-2.10853
-0.533987
-1.26791
-0.00931328
0.862631
0.421046
1.33956
0.822957
2.10325
0.723642
0.637634
-1.78982
3.25125
-0.708847
-1.26752
-0.403872
0.141973
-0.166063
0.198949
0.264701
-0.468035
-0.119194
-1.99458
3.2273
0.959086
-1.36799
-0.457814
0.629342
0.95823
-0.461136
0.574594
-0.0500236
0.0923927
-0.586558
0.433537
-0.81986
-3.2164
0.12642
1.24135
0.141809
0.947018
-0.631
1.12931
0.598933
-0.669658
-0.83977
0.850039
-2.01587
-0.176682
0.79909
3.7167
0.430455
-0.940718
0.917367
-0.303416
-0.0990439
0.161736
-0.776045
-0.182546
0.12007
-0.530917
0.00177437
-0.143167
0.561897
-0.557338
-2.08981
-0.715685
-2.09145
0.777329
-0.811457
0.0138214
-0.0831879
-0.677195
-0.284633
0.0155076
0.361835
-1.51313
0.28667
-4.72068
-1.68839
-3.66272
2.9195
-2.70623
2.37761
-0.326168
-0.732644
-3.65266
-1.11667
-1.21348
-1.08055
-0.663627
-0.423926
0.983567
-2.27418
2.17344
2.62533
-3.73897
0.817542
-0.917132
-1.31471
-0.757483
-3.57711
1.86753
3.4325
-4.7162
-1.18404
0.762613
2.9635
-4.40703
4.40863
3.66928
4.25103
0.849656
-2.36799
3.00258
-3.63456
3.27395
-1.14091
-0.674944
-1.03746
0.474426
-1.92918
-2.27789
-2.60861
-2.59717
3.94239
-7.39524
-3.14328
-0.949256
-0.240325
-4.23921
-0.486265
-1.18312
-3.71156
2.76195
3.53698
-0.382269
-3.13353
1.38861
-0.611223
1.80793
-6.03305
0.904292
-3.59463
3.62994
1.15917
-2.91009
-1.09329
-1.7766
-0.460387
-0.571131
-0.267836
-0.221887
-1.87324
-0.619872
0.984448
1.79045
-0.297467
-1.95436
-0.541607
0.425405
-0.283452
-2.84984
-0.818039
-5.00183
-4.9491
0.420934
-6.26853
-7.41455
-1.19528
-0.101146
-2.25048
-0.754921
1.35676
-0.601675
-2.24346
0.228704
1.4849
-1.47568
-1.30746
-0.0445172
