[229, 49, 49, 4]
0.0
0.0
0.0
0.0
0.0
0.0
0.0
0.0
0.0
0.0
0.0
0.0
0.0
0.0
0.0
0.0
0.0
0.0
0.0
0.0
0.0
0.0
0.0
0.0
0.0
0.0
0.0
0.0
0.0
0.0
0.0
0.0
0.0
0.0
0.0
0.0
0.0
0.0
0.0
0.0
0.0
0.0
0.0
0.0
0.0
0.0
0.0
0.0
0.0
0.0
0.0
0.0
0.266567
0.0
0.0
0.0
0.0
0.0
0.0
0.0
0.0
0.0
0.0
0.0
0.0
0.0
0.0
0.0
1.05515
0.0
0.0
0.0
0.0
-0.983743
0.0
0.0
0.0
0.0
0.0
0.0
0.0
0.448423
0.313343
0.0
0.0
0.0
0.0
0.0
0.0
0.0
0.0
0.0
0.0
0.0
0.0
-0.869629
0.0
0.882428
0.0
0.0
0.0
0.0
0.0
0.0
0.0
0.0
-0.55288
0.0
0.181476
-0.389926
0.0
0.0
0.0
0.0
0.0
0.0
0.0
0.0
0.0
0.0
0.0516941
0.0
0.0
0.0
0.0
0.0
1.15824
0.0
0.0
0.0
0.0
0.0
1.1978
0.0
1.14843
0.0
0.0
0.0
0.0
0.0
0.0
0.0
0.0
0.0
0.0
0.0
0.0
0.0
0.0
0.0
0.0
0.586555
0.0
0.0
0.0
0.0
0.0
0.0
0.0
0.0
0.0
0.0
0.0
0.0
0.0
0.0
0.0
1.34479
0.0
0.0
0.0
0.0
0.0
0.0
0.0
0.0
0.0
-1.34242
0.0
0.0
0.0
0.0
0.0
0.0
0.0
0.0
0.0
0.0
0.0
0.0
0.0
0.0
0.0
0.0
0.0
0.0
0.0196844
0.0
-0.401007
0.0
0.0
0.0
0.0
-0.996046
0.0
0.0
0.0
0.0
0.0
0.0
0.0
0.0
0.0
0.0
0.0
0.0
0.0
0.0
0.0
0.0
0.0
0.0
0.0
0.0
0.0
0.0
0.0
0.0
0.0
0.0
0.0
0.0
0.0
0.0
0.0
0.0
0.0
0.0
0.0
0.0
0.0
0.0
0.0
0.0
0.0
-0.0478249
-0.0117906
0.138303
0.234201
0.112566
-0.0392116
-0.343687
-0.105773
0.383461
0.00605091
0.107541
-0.132812
0.20402
-0.166588
-0.0160923
-0.121235
0.122697
-0.225152
-0.0534314
0.089796
0.0802704
0.136405
-0.0220134
-0.116072
0.217306
-0.0872027
-0.442631
-0.097057
0.0882974
0.153393
-0.376434
-0.143204
-0.0987965
0.353302
-0.117376
0.0188528
0.336356
-0.49004
-0.233244
-0.193549
-0.059792
0.120961
0.0079368
-0.533934
0.333314
-0.0377233
0.26653
-0.0372171
0.500972
1.17334
-0.142275
0.0687682
0.13162
-0.225342
0.099295
-0.412549
-0.150861
0.540605
0.24302
0.00786397
-0.153617
0.195816
-0.420056
-0.313246
-0.0628355
0.163261
-0.376729
-0.263634
0.0147388
0.0247522
0.115458
0.0578062
-0.0574156
0.242656
0.173538
-0.500428
0.825481
-0.0596994
0.619435
-0.832345
-0.127522
0.174924
-0.638091
-0.114461
-0.164987
0.441384
-0.468233
-0.273211
-0.284311
-0.18092
0.145214
0.0156928
-0.554489
0.373295
-0.27023
0.0558363
0.112527
0.424332
0.00809235
-0.549308
0.131969
-0.1903
0.0939855
-0.0931299
-0.484271
1.06782
-0.232581
0.0668767
0.0225714
-0.394587
-0.331334
0.0406677
-0.234131
-0.12851
0.16424
-0.537837
-0.359283
0.328035
0.180885
-0.136422
0.0896922
0.214744
-0.186047
0.160769
-0.743807
0.0596029
0.27929
0.0522323
-0.219952
0.0646863
0.241066
-0.321027
-0.211631
0.347423
0.251761
-0.385006
-0.28868
-0.43582
-0.0834861
-1.26961
0.0270296
-0.940448
0.158113
-0.0870145
0.13851
-0.274409
0.406
0.0
1.4342
0.0
0.0
0.0
0.0
0.0
0.0
0.0
1.32918
0.0
0.0
0.0
0.0
0.0
0.0
0.0
0.0
0.0
0.0
0.0
0.0
0.0
-1.22282
1.72186
0.0
0.0
0.0
0.0
0.0
0.0
0.0
-0.0924284
0.0
0.0
0.0
0.0
0.0
0.0
0.0
0.0
0.0
0.0
0.0
0.0
0.0
0.0
0.0
0.0
-0.0144993
-0.129703
0.0547809
-0.301342
-0.166167
0.422385
-0.756032
1.81666
-0.439139
0.420387
-0.197221
-0.324755
0.0750832
0.288993
-1.39381
-0.0117702
-0.625923
-0.806298
0.00693202
0.455151
-0.0556794
-0.132506
0.054827
0.135568
-0.120743
0.358157
-0.693074
0.162995
0.258417
0.0957784
-0.552185
0.099722
0.27924
-0.0562258
-0.262441
-0.069231
0.146237
-0.693865
-0.226864
-0.462045
-0.0782406
-0.511568
0.241254
-1.59429
0.178264
-0.268874
-0.371225
-0.349112
0.58795
0.0
0.0
0.0
0.0
0.0
0.0
0.96555
0.0
0.0
0.0
0.0
0.0
0.0
0.0
0.0
0.0
0.0
0.0
-0.182532
0.0
0.0
0.0
0.0
0.0
0.0
0.0
0.0
0.0
0.0
0.0
0.0
0.0
0.0
0.0
0.0
0.0
0.0
0.0
0.0
0.0
0.0
0.0
0.0
0.0
0.0
0.0
0.0
0.0
0.0
0.0
0.0
0.0
0.0
0.0
0.0
0.0
0.0
0.0
0.0
0.0
0.0
0.0
0.0
0.0
0.0
0.0
1.28086
0.0
0.0
0.0
-0.528737
0.0
0.0
0.0
0.0
0.0
0.0
0.0
0.0
0.0
0.0
0.0
0.0
0.0
0.0
0.0
0.0
0.0
0.0
0.0
0.0
0.0
0.0
0.0
0.0
0.0
0.0
0.0
0.0
0.0
0.0
0.0
0.0
0.0
0.0
0.0
0.0
0.0
0.106091
0.352979
0.0
-1.42756
0.0
0.0
0.0
0.0
0.0
0.0
0.0
0.0
0.0
0.0
0.0
0.0
0.0
0.0
0.0
0.0
0.0
0.0
0.599226
0.0
0.0
0.0
0.0
0.0
0.0
0.0
0.0
0.0
0.0
0.0
0.0
0.0
0.0
0.0
1.0831
0.0
0.0
0.0
0.0
0.0
0.0
0.0
0.0
0.0
0.0
0.0
0.0
0.0
0.0
0.0
0.0
0.0
0.0
0.0
0.0
-1.51617
0.0
0.0
0.0
0.0
0.0
0.0
-0.485554
0.0
0.0
0.0
0.0
0.0
0.0
0.0
0.0
0.0
0.0
-1.33905
2.562
-1.27794
0.0
0.0
0.0
0.0
0.0
0.0
0.0
0.0
0.0
0.0
0.0
0.0
0.0
1.42326
0.0
0.0
0.0
0.0
0.0
0.0
0.0
0.0
0.0
0.0
0.0
0.0
0.0
0.0
0.0
0.0
0.0
0.0
1.80322
0.0
0.0
0.0
0.0
0.0
0.0
0.0
0.0
0.0
0.0
0.0
0.0
0.0
0.0
0.0
0.0
0.0
0.0
0.0
1.03571
0.0
0.0
1.04662
0.0
0.0
0.0
0.0
0.0
0.0
0.0
0.0
0.0
0.0
0.0
0.0
0.0
0.0
0.0
0.0
0.0
0.0
0.0
0.0
0.0
0.0
0.0
0.0
0.0
0.0
0.0
0.0
0.0
0.0
0.487865
0.0
0.0
0.0
0.0
0.0
0.0
0.0
0.0
0.0
0.0
0.0
0.149326
0.0
0.0
0.0
0.0
-0.863066
0.0
0.0
0.0
1.58128
0.0
0.0
0.0
0.0
0.0
0.0
0.0
0.0
0.0
0.0
0.0
0.0
0.0
0.0
0.0
0.0
0.0
0.0
0.0
0.0
0.0
0.0
0.0
0.0
0.0
0.0
0.0
0.0
0.0
-0.494226
0.0
0.0
0.0
0.0
0.0
0.0
0.0
0.0
0.0
0.0
0.0
0.0
0.0
0.0
0.0
-1.93967
0.0
0.0
0.0
0.0
0.0
0.0
0.0
-0.872645
0.0
0.0
0.0
0.0
0.0
0.0
0.0
0.0
0.0
0.0
0.0
0.0
0.0
0.0
0.0
0.0
0.0
0.0
0.0
-0.835138
0.0
0.0
0.0
0.0
0.0
0.0
0.0
0.0
0.0
0.0
0.0
0.0
0.0
0.0
0.0
0.0
0.0
1.47963
0.0
0.0
0.0
0.0
-0.0239826
0.113485
0.016252
0.030724
0.101914
-0.0932072
-0.414794
0.0884189
0.173606
0.16476
-0.07726
-0.134966
0.159978
-0.120118
-0.0944781
-0.0373203
0.00479118
-0.116215
0.072902
0.1004
0.0435925
-0.15549
-0.0227992
0.0703786
0.0866862
-0.184764
-0.509556
0.568693
-0.0425533
0.109377
-0.345876
-0.0836644
-0.212939
-0.00970547
-0.145015
-0.229201
0.138387
-0.434598
-0.122219
-0.192323
-0.0247881
0.151397
0.141346
-0.514837
0.291208
-0.119845
0.0937739
-0.19447
0.571626
0.0
0.0
0.0
0.0
0.0
0.0
0.386054
0.0
0.0
0.0
0.0
0.0
0.0
-0.839876
0.0
0.0
0.0
0.0
0.0
0.0
0.0
0.0
0.0
0.0
0.0
0.0
0.0
0.0
0.0
0.0
0.0
0.0
0.0
0.0
0.0
0.0
0.0
0.0
0.0
0.0
0.0
0.0
0.0
0.0
0.0
0.0
0.0
0.0
0.0
0.0
0.0
0.0
-0.992198
0.0
0.0
0.0
0.0
0.0
0.0
0.309449
0.0
0.0
0.0
0.0
0.0
0.0
0.0
0.0
0.0
-0.512072
0.0
1.08164
0.0
0.0
0.0
0.0
0.0
0.0
0.0
0.0
0.0
0.0
0.0
0.0
0.0
0.0
0.0
0.0
0.0
0.0
0.0
0.0
0.0
0.0
0.0
0.0
0.0
0.0
0.0
0.0
0.0
0.0
0.0
0.0
0.544229
-0.0704015
0.0
0.0
0.0
0.0
0.0
0.0
0.201172
0.0
0.0
0.0
0.0
0.0
0.0
0.0
0.0
0.0
0.0
0.0
0.0
0.0
0.0
0.0
0.0
0.0
0.0
0.0
0.0
0.0
-0.650126
0.0
0.0
0.0
0.0
0.0
0.0
0.0
0.0
0.0
0.0
0.0
0.0
0.0
0.0
0.539405
0.0
0.0
0.0
0.0
0.0
0.0
0.0
0.0
0.0
0.0
0.0
0.0
0.0
0.0
0.0
0.0
0.0
0.0
0.0
0.0
0.0
0.0
0.0
0.0
0.0
0.0
0.0
0.0
0.0
0.0
0.361246
0.0
0.0
0.0
0.462329
0.0
0.0
0.0
0.0
0.0
0.0
0.0
0.0
0.0
0.0
0.0
0.0
0.0
0.0
0.0
0.0
0.0
0.0
0.0
0.0
0.0
0.0
0.0
0.0
0.0
0.0
-0.146893
0.0
0.519534
0.0
0.0
0.0
0.0
0.0
0.0
0.0
0.0
0.0
0.0
0.0
0.0
0.0
0.0
0.0
0.0
0.0
0.0
-1.10672
0.0
0.0
0.0
0.0
0.0
0.975586
0.0
0.0
0.0
0.0
0.0
0.0
0.0
0.0
0.0
0.0
0.0
0.0
0.0
0.0
0.0
0.0
0.0
0.0
0.0
0.0
0.0
0.0
0.0
1.34231
0.0
0.0
0.0
0.0
0.0
0.0
0.0
0.0
0.0
0.0
0.0
0.0
0.0
0.0
0.0
0.0
0.0
0.0
0.0
0.0
0.0
0.0
0.0
0.0
0.0
0.0
0.0
0.0
0.0
0.0
0.0
-0.0130351
0.14713
0.171606
-0.0536783
-0.107886
0.80143
-0.727939
2.15466
-0.958892
0.167492
-0.122642
-0.173153
0.383987
0.699445
-0.00765978
0.12404
-0.0708516
-1.31525
0.124842
0.274638
-0.0143702
0.253149
0.363496
-0.0180232
-0.0025743
0.1355
-0.419562
-0.152269
0.00369576
0.359338
-1.07796
0.183881
-0.526751
0.335954
-0.032506
-0.0710124
0.000438543
-0.55294
-0.0269271
-0.423394
0.0469415
-0.955301
0.276574
-1.86901
0.429152
-0.626333
-0.469613
0.178509
0.69489
0.0047777
0.01127
0.0522333
0.0809364
-0.33574
0.732284
-0.561382
2.57848
-1.02095
0.168252
-0.122435
-0.181259
0.382539
0.597873
-0.106642
0.247692
1.08671
-1.81277
0.178499
0.379257
-0.0262509
0.36441
0.380434
-0.133716
0.160456
0.112338
-0.224656
-0.323013
-0.0869569
0.480033
-1.7439
0.222699
-0.653919
0.353815
-0.0532764
-0.189569
-0.162314
-0.576921
0.0466996
-0.570316
-0.009468
-1.08511
0.176655
-2.42436
0.46099
-0.834699
-0.255212
0.317013
0.720148
0.0
0.0
0.0
0.0
0.0
0.0
0.0
0.0
0.0
0.0
0.0
0.0
0.0
0.0
0.0
0.0
0.0
0.0
0.0
0.0
0.0
0.0
0.0
0.0
0.0
0.0
0.0
0.0
0.0
0.0
0.0
0.0
0.0
0.0
0.0
0.0
0.0
0.0
0.0
0.0
0.0
0.0
0.0
0.0
0.0
0.0
0.0
0.0
-1.05715
0.0
0.0
0.0
0.0
0.0
0.0
0.0
0.0
0.0
0.0
0.0
0.0
0.0
0.0
0.0
0.0
0.0
1.71694
0.0
0.0
0.0
0.0
0.0
-1.35189
0.0
0.0
0.0
0.0
0.0
0.0
0.0
0.0
0.0
0.0
0.0
0.0
0.0
0.0
0.0
0.0
0.0
0.0
0.0
0.0
0.0
0.0
0.0
0.0
0.0
0.0
0.0
0.0
0.0
0.0
0.0
-0.569162
0.0
0.0
0.0
0.0
0.0
0.0
0.0
0.0
0.480857
0.0
0.0
0.0
0.0
0.0
0.0
0.0
0.0
0.0
0.0
0.0
0.0
0.0
0.0
0.0
0.0
0.0
0.0
0.0
0.0
0.0
0.712455
0.0
0.0
0.0
0.0
0.0
0.0
0.0
0.0
-0.0227762
0.0
0.0
0.0
-0.0367526
0.0
0.0
0.0
0.0
0.0
0.0
0.0
0.0
0.0
0.0
0.0
0.0
0.0
0.0
0.0
0.0
0.0
0.0
0.0
0.0
0.0
0.0
0.0
0.0
0.0
0.0
0.0
0.0
0.0
0.0
0.0
0.0
0.0
0.0
0.0
-0.532096
0.0
0.0
0.0
0.0
0.0
0.0
0.0
0.0
0.0
0.0
0.0
0.0
0.0
0.0
0.0
0.0
0.0
0.0
0.0
0.0
0.0
0.0
0.0
0.0
0.0
0.0
0.0
0.0
0.0
0.0
0.0
0.0
0.0
0.0
0.0
0.0
0.0
0.0
0.0
0.0
0.0
0.0
0.0
0.0
0.0
0.0
0.0
0.0
0.0
0.0
0.0
0.0
0.0
0.0
0.0
0.0
0.0
0.0
0.0
-0.540608
-0.759265
-0.131976
0.148857
0.142957
0.250654
0.184778
-0.232834
0.00666164
0.328811
0.645639
0.422669
-0.176516
0.169823
-0.0353387
0.124953
0.18055
0.0907882
-0.236094
-0.0942999
0.0268092
0.176503
0.318188
-0.0847214
0.00966188
0.140194
0.191056
-0.459877
-0.0344288
-0.109142
0.0949398
-0.180539
0.182266
-0.454523
0.106282
-0.105015
-0.0373727
0.166217
-0.446596
-0.026841
-0.212046
-0.0599675
-0.0434005
0.0688494
-0.415446
0.46226
-0.0666059
0.188807
0.0706694
0.47488
0.0
0.0
0.260485
0.0
0.0
0.0
0.0
0.0
0.0
0.0
0.395527
0.0
0.0
0.0
0.0
0.0
0.0
0.0
0.0
0.0
0.0
0.0
0.0
0.0
0.0
0.0
0.0
0.0
0.0
0.0
0.0
0.0
0.0
0.0
0.0
0.0
0.0
0.0
0.0
0.0
0.0
0.0
1.37565
0.0
0.0
0.0
0.0
0.0
0.0
0.0
0.0
0.0
0.0
0.0
0.0
0.0
0.0
1.80111
0.0
0.789994
0.0
0.0
0.0
0.0
0.0
0.0
0.0
0.0
0.0
0.0
0.0
0.0
0.0
0.0
0.0
0.0
0.0
0.0
0.0
0.0
1.22701
0.0
0.0
0.0
0.0
0.0
0.0
0.0
0.0
0.0
0.0
0.0
0.0
0.0
0.0
0.0
0.0
0.0
0.0
0.0
0.0
0.0
0.0
0.0
0.0
0.0
0.0
0.0
0.0
0.0
0.0
0.0
0.0
0.0
0.0
0.0
0.0
0.0
0.0982761
0.0
0.0
0.0
0.0
0.0
0.0
0.0
0.0
0.0
0.0
0.0
0.0
0.0
0.0
0.0
0.0
0.0
0.0
0.0
0.0
0.0
0.0
0.0
0.0
0.0
0.0
0.0
0.0
0.0
0.0
0.0
0.0
0.0
0.0
0.0
0.0
0.0
0.0
0.0
0.0
0.0
0.0
0.0
0.0
-1.54249
0.0
0.0
0.0
0.0
0.0
0.0
0.380247
0.0
0.0
0.0
0.0
0.0
0.0
0.0
0.0
0.0
0.0
0.0
0.0
0.791602
0.0
0.0
0.0
0.0
0.0
0.0
0.0
0.0
0.0
1.4844
0.0
0.0
0.0
0.0
0.0
0.0
0.0
0.0
0.0
0.0
0.0
0.0
-1.2925
0.0
0.0
0.0
0.0
0.0
0.0
0.0
0.0
0.0
0.0
0.0
0.0
0.0
0.0
0.0
0.0
0.0
0.0
0.0
0.0
0.0
0.0
0.0
0.0
0.0
-0.936293
0.0
0.0
0.0
0.0
0.0
0.0
0.910276
0.0
0.0
0.0
0.0
0.0
0.0
0.0
0.0
0.0
0.0
0.0
0.0
0.0
0.0
0.0
0.0
1.44102
0.0
0.0
0.0
0.0
0.0
0.0
0.0
0.0
0.0
0.0
0.0
-1.04089
0.0
0.0
0.0
0.0
0.0
-1.78994
0.0
0.0
0.0
0.0
0.0
0.0
0.0
0.0
0.0
0.0
0.0
0.0
0.0
-0.253857
0.0
0.0
0.0
0.0
0.0
0.0
0.0
0.0
0.0
0.0
0.0
0.0
0.0
0.0
0.0
0.0
0.0
0.0
0.0
-0.497526
0.0
0.0
0.0
0.0
0.0
0.0
0.0
0.0
0.0
0.0
-0.621654
0.0
0.0
0.0
0.0
0.0
-1.33326
0.0
0.0
0.0
0.0
0.0
0.0
0.0
0.0
0.0
0.0
0.0
0.0
0.0
0.0
0.0
0.0
0.0
0.0
0.0
0.0
0.0
0.0
0.0
0.0
0.0
0.0
-1.03321
0.0
0.0
0.0
0.0
0.0
0.0
0.0
0.0
0.0
0.0
0.0
0.0
0.0
1.48316
0.0
0.0
0.0
0.0
0.0
0.0
0.0
0.0
0.0
0.0
0.0
0.0
0.0
0.0
0.0
-2.21386
0.0
0.0
0.0
0.0
0.0
0.0
0.0
0.0
0.0
0.0
0.0
0.0
0.0
0.0
0.0
0.0
0.0
0.0
0.0
0.0
0.0
0.0
0.0
0.0
0.0
0.0
0.0
0.0
0.0
0.0
2.1898
0.0
0.0
0.0
0.0
0.0
0.0
0.0
0.0
0.0
0.0
0.116412
0.0
0.0
0.0
0.0
0.0
0.0
0.0
0.0
0.0
0.0
0.0
0.0
0.0
-0.317445
0.0
0.0
-0.00372283
0.0983308
-0.00147368
0.0726704
-0.25458
0.687893
-0.117063
2.66474
-0.393932
0.0697698
-0.0895814
-0.486437
0.720585
0.573329
-0.0952679
-0.604555
-0.0344877
-2.34836
0.0811064
0.671963
-0.0505045
0.310893
0.305434
-0.128995
0.323037
0.487151
-0.00360712
-0.302619
-0.0177906
0.426689
-1.91969
0.192142
-0.664979
0.418586
-0.0671983
-0.310863
-0.0700549
-1.0025
-0.212328
-1.12393
-0.295194
-1.50918
0.0410251
-2.82642
0.686909
-1.00131
-0.523872
0.593121
0.631284
0.0
0.0
0.0
0.0
0.0
0.0
0.0
0.0
0.0
0.0
0.0
0.0
0.900596
0.0
0.0
0.0
0.0
0.0
0.0
0.0404764
0.0
0.0427188
0.0
0.0
0.0
0.0
0.584591
0.0
0.0
0.0
0.0
0.0
0.0
0.0
0.0
0.0
0.0
0.0
0.0
0.0
0.0
0.0
0.0
-0.486183
0.0
0.0
0.0
0.0
0.0
-0.837278
0.0
0.0
0.0
0.0
0.0
0.0
0.0
0.0
0.0
0.0
0.0
0.0
0.0
0.0
0.0
0.0
0.0
0.0
0.0
0.0
0.0
-1.1559
0.0
0.0
0.0
0.230872
0.0
0.0
0.838081
0.0
0.0
0.0
0.0
0.0
0.0
0.0
0.0
0.0
0.0
0.0
0.0
0.0
0.0
0.0
0.0
0.0
0.0
0.0
0.0
0.0
0.27966
0.0
0.0
0.0
0.0
0.0
0.0
0.0
0.0
0.0
0.0
0.0
0.0
0.0
-0.801984
0.0
0.0
0.0
0.0
0.0
0.0
0.0
0.0
0.0
0.0
0.0
0.0
0.0
0.0
0.175074
0.0
0.0
0.0
0.0
0.0
0.0
0.0
0.0
0.0
-1.13579
0.0
-0.90047
0.0
0.0
0.0
0.0
0.0
0.0406289
-0.186251
0.0250959
0.110045
-0.03076
-0.0809638
-0.301904
-0.0110444
0.141004
-0.0528323
0.12586
-0.190175
0.164083
-0.0510087
0.113358
0.0297978
0.0840208
-0.198035
0.131595
0.0424524
-0.0800102
0.142015
0.00962476
-0.0821305
0.114405
0.320014
-0.500596
-0.0403578
-0.110634
-0.0287029
-0.0877219
0.0851405
-0.353591
0.181904
-0.0724838
0.0870799
0.118715
-0.373307
-0.109023
-0.206855
-0.0433365
-0.0350996
0.114658
-0.448468
0.380101
0.00510763
0.2085
-0.00760897
0.460615
0.0
0.0
0.0
0.0
0.0
0.0
0.0
0.0
0.0
0.0
1.3607
0.0
0.0
0.0
0.0
0.0
0.0
0.0
0.0
0.0
0.0
0.0
0.0
0.0
0.0
0.0
0.0
0.0
0.0
-1.34525
0.0
0.0
0.0
0.0
0.0
0.0
0.0
0.0
0.0
0.0
0.0
0.0
0.0
0.0
0.0
0.0
0.0
0.0
0.0
0.0
0.0
0.0
0.0
0.0
0.0
0.0
0.581046
-1.01674
0.0
0.0
0.0
0.0
0.0
0.0
0.0
0.0
0.0
0.0
0.0
0.0
0.0
0.0
0.0
0.0
0.0
0.0
0.0
0.0
0.0
0.0
0.0
0.0
0.0
0.0
-0.0368054
0.0
0.0
0.0
0.0
0.0
0.0
0.0
0.0
0.0
0.0
0.0
0.0
0.0
0.0
0.0
0.0
0.0
0.0
0.0
0.0
0.0
0.0
0.0
0.0
-1.77694
0.0
0.0
0.0
0.0
0.0
0.0
0.0
0.0
0.0
0.0
0.0
0.0
0.0
0.990345
0.0
0.0
0.0
0.0
0.0
0.0
0.0
0.0
0.0
0.0
0.0
0.0
0.0
0.658662
0.0
0.0
0.0
0.0
0.0
1.28047
0.0
0.0
0.0
0.0
0.0
0.0
0.0
0.0
0.0
0.0
0.0
-1.3424
0.0
0.0
0.0
-1.77832
0.0
0.0
0.0
0.0
0.0
0.0
0.0
0.0
0.0
0.0
0.0
0.0
0.0
0.0
0.0
0.0
0.0
-0.0121452
0.0
0.0
-1.52205
0.0
0.0
0.0
0.0137815
0.0
0.0
0.0
0.0
0.0
0.0
0.0
0.0
0.0
0.0
0.0
0.0
0.0
0.0
0.0
0.0
0.0
0.0
0.0
0.0
0.0
0.0
-2.16121
0.0
0.0
0.0
0.0
0.0
0.0
0.0
0.0
0.0
0.0
0.0
0.0
0.0
0.0
0.0
0.0
0.0
0.0
0.0
0.0
0.0
0.0
-0.439596
-0.101724
0.0
0.0
0.0
0.0
0.0
0.0
0.0
0.0
0.0
0.0
0.0
0.0
0.0
0.0
0.0
0.0
0.0
0.0
0.0
0.0
0.0
0.0
0.0
0.0
0.0
0.0
-1.31984
0.0
0.0
0.0
0.0
0.0
0.0
0.371133
0.0
0.0
0.0
0.0
0.0
0.0
0.0
0.0
0.0
0.0
0.0
0.0
0.0
0.0
0.0
0.0
0.0
-0.190647
0.0
0.0
0.0
0.0
0.0
0.0
0.0
0.0
0.0
0.0
0.0
0.0
0.0
0.0
0.0
0.0
0.0
0.0
0.0
0.0
0.0
0.0
0.0
0.0
0.0
0.0
0.0
0.0
-0.807652
0.0
0.0
0.0
0.0
0.0
0.0
0.0
0.0
0.0
0.0
0.0254467
-1.18362
0.0
0.0
0.0
0.0
0.0
0.0
0.0
0.0
0.0
0.0
0.0
0.0
0.0
0.0
0.0
0.0
0.0
0.0
0.0
0.0
0.0
0.0
0.0
0.0
0.0
0.0
0.0
0.0
0.0
0.0
0.0
-0.118604
0.0
0.0
0.0
0.0
0.0
0.0
0.0
0.0
0.0
0.0
0.0
0.0
0.0
0.0
0.0
0.0
0.0
0.0
0.0
0.0
0.0
0.0
0.0
-0.555745
0.0
0.0
0.0
0.0
0.0
0.0
0.0
0.0
0.29445
0.0
0.0
0.0
0.0
0.0
0.0
0.0
0.0
0.0
0.0
0.0
0.0
0.0
0.0
0.0
0.0
0.0
0.0
0.0
0.0
0.0
0.0
0.0
0.0
0.0
0.0
0.0
0.0
0.0
0.0
0.0
-2.39937
0.0
0.0
0.0
0.0
0.0
0.0
0.0
0.0
0.0
0.823088
-0.645268
-1.99056
0.0
0.0
0.0
0.0
0.0
0.0
0.0
0.0
0.0
0.0
0.0
0.0
0.0
0.0
0.0
1.15384
0.0
0.0
0.0
0.0
0.0
0.0
0.0
0.0
0.0
0.213663
0.0
0.0
0.0
0.0
0.0
0.0
0.0
0.0
0.0
0.0
0.0
0.0
0.0
0.308174
0.0
0.0
1.10636
0.0
0.0
0.0
0.0
0.0
0.0
0.0
0.0
0.0
0.0
0.0
0.0
0.0
0.0
0.0
0.0
0.0
0.0
0.0
0.0
0.0
0.0
0.0
0.0
0.0
0.0
0.0
0.0
0.0
0.0
0.0
0.0
0.0
0.0
0.0
0.0
0.0
0.0
0.0
-2.72811
0.0
0.0
0.0
0.0
0.0
0.0
0.0
0.0
0.0
0.0
0.0
0.0
0.0
0.0
0.0
0.0
0.0
0.0
0.0
0.0
1.15167
0.0
-0.0208928
-0.0961748
-0.092604
-0.397975
0.462194
0.0419054
-0.118965
-0.109495
0.160143
-0.214663
0.341468
-0.432462
0.180675
0.0377544
-0.421287
0.545304
-0.197596
0.317597
-0.00440306
-0.501241
0.261013
-0.108177
-0.309382
0.0739071
-0.301094
0.0708363
-0.873832
0.153091
0.189336
0.10253
0.380937
-0.0758332
0.273697
-0.139072
-0.0920974
0.0384649
0.0999274
-0.0479717
-0.260528
-0.19737
-0.185394
-0.313978
0.154218
0.777271
-0.119626
0.369956
-0.226706
0.0825626
0.192012
0.0
0.0
0.0
0.260929
0.0
0.0
0.0
0.0
0.0
0.0
0.0
0.0
0.0
0.0
0.0
0.0
0.0
0.0
0.0
-1.13167
0.0
0.0
0.0
0.0
0.0
0.0
0.0
0.0
0.0
0.0
0.0
0.0
0.0
0.0
0.0
-1.31803
0.0
0.0
0.0
0.0
0.0
0.0
0.0
0.0
0.0
0.0
0.0
0.0
0.0
0.0
0.0
0.0
0.0
0.0
0.0
0.0
0.0
0.0
0.0
0.0
0.0
0.0
0.0
0.0
-1.19397
0.0
0.0
0.0
0.0
0.0
0.0
0.0
0.0
0.0
0.415193
0.0
0.0
0.0
0.0
0.0
0.0
0.0
0.0
0.0
0.0
0.0
0.0
0.0
0.0
0.0
1.48033
0.0
0.0
0.0
0.0
0.0
0.0
0.0
0.0381018
-0.175562
0.0089481
0.154198
-0.239377
0.152202
-0.396655
0.0615903
0.0409008
-0.0144526
0.0472487
-0.174066
0.16281
0.0300909
0.148204
0.137359
-0.0418406
-0.0998588
0.0121471
0.0756826
0.000689199
0.265724
0.0815149
-0.0263609
0.101222
0.456238
-0.456985
0.00581691
-0.137999
0.127914
-0.187789
0.119414
-0.530326
0.279435
-0.125514
0.154397
-0.0940766
-0.369617
-0.026101
-0.191966
-0.0812065
-0.0396729
-0.0934083
-0.462687
0.366108
-0.0556556
0.276034
-0.0624728
0.49525
0.0
0.0
0.0
0.0
0.0
0.0
0.0
0.0
0.0
0.0
0.0
0.457033
0.0
0.698054
0.0
0.0
0.0
0.0
0.0
0.0
0.0
0.0
0.0
0.0
0.0
0.0
0.0
0.0
0.0
0.0
0.0
0.0
0.0
0.473056
0.0
0.0
0.0
0.0
0.0
0.0
0.0
0.0
0.0
0.0
0.0
0.0
0.0
0.0
0.0
0.0
0.0
0.0
0.0
0.0
0.0
0.0
0.0
0.0
0.0
0.0
0.0
0.0
0.0
0.0
0.0
0.0
0.0
0.0
0.0
0.0
0.0
0.0
0.0
0.0
0.0
0.0
0.0
0.0
0.0
0.0
0.0
0.0
0.0
0.0
0.0
0.0
0.0
0.0
0.0
0.0
0.0
0.0
0.0
-0.751087
0.0
0.0
0.0
0.0
0.0
0.0
0.0
0.0
0.0
0.836461
0.0
0.0
0.643114
0.0
0.0
0.0
0.0
0.0
0.0
0.0
-2.00312
0.0
0.0
0.0
0.0
0.0
0.0
0.0
0.0
0.0
0.0
0.0
0.0
0.0
0.0
0.0
0.0
0.0
0.0
0.0
0.0
0.0
0.0
0.0
0.0
0.0
0.0
0.0
0.0
0.0
0.0
0.0
0.0
0.0
0.0
0.0
0.0
0.0
0.0
0.0
0.0
0.731105
0.0
0.0
0.0
0.0
0.0
0.0
0.0
0.0
0.0
0.0
0.0
0.0
0.0
0.0
0.0
0.0
0.0
0.0
0.0
0.0
0.0
0.0
0.0
0.0
0.0
1.60514
0.0
0.0
0.0
0.0
0.0
0.0
0.0
0.0
0.0
0.0
0.0
0.0
0.0
0.0
0.523879
0.0
0.0
0.0
0.0
0.0
0.0
-1.42785
0.0
0.0
0.0
0.0
0.0
0.0
0.0
0.0
0.0
0.0
0.0
0.0
0.0
0.0
0.0
-1.31375
-1.59427
0.0
0.0
0.0
0.0
0.0
0.0
0.0
0.0
0.0
0.0
0.0
0.0
0.0
0.0
0.0
0.0
0.0
0.0
0.0
0.0
0.0
0.0
-0.523287
0.0
0.0
0.0
0.0
0.0
0.0
0.0
0.0
0.0
0.0
1.81045
0.0
0.0
0.0
0.0
0.0
0.0
0.0
0.0
0.0
0.0
0.0
0.0
0.0
0.0
0.0
0.0
0.0
0.0
0.0
0.0
0.0
0.0
0.0
0.0
0.0
0.0
0.412333
0.0
0.0
0.0
0.0
0.0
0.0
0.0
0.0
0.0
0.0
0.0
0.0
0.0
0.0
0.0
-0.391777
0.0
0.0
0.0
0.0
0.0
0.0
0.0
0.0
0.0
0.0
0.0
0.0
0.0
0.0
0.0
0.0
0.0
0.0
0.0
0.0
0.0
0.0
0.0
0.0
0.0
0.0
0.0
0.0
0.0
0.0
0.0
0.0
0.0
0.0
0.0
0.0
0.0
0.0
0.0
0.0
0.0
0.0
0.0
0.0
0.0
0.0
0.0
0.0
0.0
0.0
0.0
0.0
-1.11841
0.0
0.0
0.0
0.0
0.0
0.0
0.0
0.0
0.0
0.0
0.0
0.0
0.0
0.0
0.0
0.0
0.0
0.0
0.0
0.0
0.0
0.0
0.0
0.0
0.0
0.0
0.0
0.0
0.0
0.0
0.0
1.27433
0.0100581
0.0
0.0
0.0
0.0
0.0
0.0
0.0
0.0
0.0
0.0
0.0
0.0
0.0
0.0
0.0
0.967543
0.0
0.0
0.0
0.0
-1.20416
0.0
0.0
0.0
0.0
-0.83099
0.0
0.541868
0.0
0.0
0.0
0.0
0.0
0.0
0.0
0.0
0.0
0.0
0.0
0.0
0.0
0.0
0.0
0.772416
0.0
-1.71482
0.0
0.0
0.0
0.0
0.0
0.0
0.0
0.0
0.0
0.0
0.0
0.0
-2.35436
0.0
0.0
0.0
0.0
0.0
0.0
0.0
0.0
0.0
0.0
0.0
0.0
-1.05542
0.0
0.0
0.0
0.0
0.0
0.0
0.0
0.0
0.0
0.0279107
0.0
0.0
0.0
0.0
0.0
0.0
0.0
0.0
0.0
0.0
0.0
0.0
-1.34641
0.0
0.0
0.0
0.0
0.0
-0.30598
0.0
0.0
0.0
0.0
0.0
0.0
0.0
0.0
0.0
0.0
0.0
0.0
0.0
0.0
0.0
0.97525
0.0
0.0
0.0
0.0
0.0
0.0
0.0
0.0
0.0
0.0
0.0
0.0
0.0
0.0
0.0
0.0
0.0
0.0
0.134572
0.0
0.0
0.0
0.0
0.0
0.0
0.0
0.0
0.0
0.0
0.0
0.0
0.0
0.0
0.0
0.0
0.0
0.0
0.0
-0.0372724
-0.0167981
-0.160562
-0.307197
0.245977
0.110338
0.172645
-0.282473
0.0898415
-0.109299
0.245954
-0.512467
0.260368
0.0464108
-0.123872
-0.0242841
-0.0960104
0.538339
0.0260377
-0.538263
0.16566
-0.0185293
-0.205863
0.0671853
-0.390523
0.223903
-0.765663
0.231434
0.246663
-0.0266879
0.548768
-0.00515226
0.0428524
-0.00778571
0.0367027
-0.0779248
0.201678
-0.0495047
-0.29136
-0.122336
-0.123066
0.521646
0.10536
0.640973
-0.203213
0.081049
-0.144299
0.197488
0.207699
0.0
0.0
0.0
0.0
0.0
0.0
0.0
0.0
0.0
0.0
0.0
0.0
0.0
0.0
-0.64239
0.0
0.0
0.0
0.0
0.0
0.0
0.0
0.0
0.0
0.0
0.0
0.0
0.0
0.0
0.0
0.0
0.0
0.0
0.0
0.0
0.0
0.0
0.0
0.0
0.0
0.0
0.0
0.0
0.0
0.0
0.0
0.0
0.0
-0.162796
0.0239606
0.42326
1.30091
0.0139812
0.176333
-0.152423
0.149001
0.269637
-0.293668
-0.0748186
0.00924193
-0.126271
-0.117049
-0.0440843
0.222497
0.0679311
0.0145471
-0.216103
0.291679
-0.0295925
-0.204996
-0.174941
0.0546881
0.117845
0.0344443
0.683253
-0.419808
-0.00680444
0.0484003
-0.182242
0.0764118
-0.0828798
-0.177852
0.272443
-0.137025
0.335112
0.0559791
-0.223361
0.0861036
-0.206997
0.125759
2.08815
0.690634
-0.444966
0.32297
-0.166801
-0.000394347
-0.0516694
0.698608
0.0
0.0
0.0
0.0
0.0
0.0
0.0
0.0
0.0
0.0
-1.12679
0.0
0.0
0.0
0.0
0.0
0.0
0.0
0.0
0.0
0.0
0.0
0.0
0.0
0.0
0.0
0.0
0.0
0.0
0.0
0.0
0.0
0.0
0.0
0.0
0.0
0.0
0.0
0.0
0.0
0.0
0.0
0.0
0.0
0.0
0.0
0.0
0.0
0.0
0.0
0.0
0.0
0.0
0.0
0.0
0.0
0.0
0.0
0.0
0.0
0.0
0.0
0.0
0.0
0.0
0.0
0.0
0.0
0.0
1.43345
0.0
0.0
0.0
0.0
0.0
0.0
0.0
0.0
0.0
0.0720454
0.0
0.0
0.0
0.0
0.0
0.0
0.0
0.0
0.0
0.0
0.0
0.0
0.0
0.0
0.0
-0.543956
0.0
0.0
0.0
0.0
0.0
0.0
0.0
0.0
0.0
0.0
0.0
0.0
0.0
0.0
0.0
0.0
0.0
0.0
0.0
0.719872
0.0
0.0
0.0
-0.355306
0.0
0.0
0.0
0.0
0.0
0.0
1.74349
0.0
0.0
0.0
0.0
0.0
0.0
0.0
0.0
0.0
0.0
0.0
0.0
0.0
0.0
0.0
0.0
0.0
0.0
0.0
0.0
0.0
0.0
0.0
0.0
0.0
0.0
0.0
0.0
0.0
0.0
0.0
0.0
0.0
0.0
0.0
0.0
0.0
0.0
0.0
0.0
0.0
0.0
0.0
0.0
0.0
1.97953
0.0
0.0
0.0
0.0
0.0
0.0
0.0
0.0
0.0
0.0
0.0
-0.599008
0.0
0.0
0.0
0.0
0.0
0.0
0.0
0.0
0.0
0.0
0.0
0.0
0.0
0.0
0.0
-0.569032
0.0
0.0
0.0
0.0
0.0
0.0
0.0
0.0
0.0
0.0
0.0
0.206813
0.0
0.0
0.0
0.0
0.0
0.0
0.0
-0.043075
0.0
0.0
0.0
0.0
0.0
0.0
0.0
0.0
0.0
0.0
0.0
0.0
0.0
0.0
0.0
0.0
0.0
0.0
0.0
0.0
0.0
0.0
0.0
0.0
0.0
0.0
-0.990964
0.0
0.0
0.0
0.0
0.0
0.0
0.0
0.0
0.0
0.0
0.0
-0.779709
0.0
-0.114892
0.0
0.0
0.0
0.0
0.0
0.0
0.0
0.0
0.0
0.0
0.0
0.0
0.0
0.0
0.0
0.0
0.0
0.0
0.0
0.0
0.0
-1.8111
0.0
0.0
0.0
0.0
0.0
0.0
0.0
0.0
0.0
0.0
0.0
0.0
0.0
0.0
0.0
0.0
0.0
0.0
0.0
0.0
0.0
0.0
-0.817386
0.0
0.0
0.0
0.0
0.0
0.0
0.0
0.0
0.0
0.0
0.0
0.0
0.0
0.0
0.0
0.0
-0.126689
0.0
0.0
1.60486
0.0
0.0
0.0
0.0
0.0
0.0
0.0
0.0
0.0
0.0
0.0
0.0
-1.05612
0.0
0.0
0.0
0.0
0.0
0.0
0.0
0.0
0.0
0.0
0.0
-1.34445
0.0
0.0
0.0
0.0
0.0
0.0
0.0
0.182105
0.0
0.0
0.0
0.0
0.0
0.0
0.0
-1.05421
0.0
0.0
0.0
0.0
0.0
0.0
0.0
0.0
0.0
0.0
0.0
0.0
0.0
0.0
0.0
0.0
0.0
0.0
0.0
0.0
0.0
0.0
0.0
0.0
0.0
0.0
0.0
0.0
0.0
0.0
0.0
0.0
0.0
0.0
0.0
0.0
0.0
0.0
0.0
0.0
0.0
0.0
0.0
0.0
0.0
0.0
-1.40878
0.0
0.0
0.0
0.0
0.654769
0.0
0.0
0.0
0.0
0.0
0.0
0.0
0.0
0.0
0.0
0.0
0.0
0.0
0.0
0.0
0.0
0.0
0.0
0.0
0.0
0.0
0.0
0.0
0.0
0.0
0.0
0.0
0.0
0.0
0.0
0.0
0.0
0.0
0.121962
0.0
0.0
0.0
0.0
0.0
0.0
0.0
0.0
0.0
0.0
-0.730051
0.0
0.0
0.0
0.0
0.0
0.0
0.0
0.0
0.0
0.0
0.0
0.0
0.0
0.0
0.0
0.0
0.0
0.0
0.0
0.0
1.33005
0.0
0.0
0.0
0.143884
0.0
0.0
0.0
0.0
0.0
0.0
0.0
0.0
0.0
0.0
0.0
0.0
0.0
0.0
0.0
0.0
0.0
0.0
0.0
0.0
-0.826575
0.0
0.0
-0.473382
0.0
0.0
0.0
0.0
0.0
0.0
0.0
0.0
0.0
0.0
0.0
0.0
0.0
0.0
-0.255472
-0.303445
0.0
0.0
0.0
0.0
0.0
0.0
-0.225893
0.0
0.0
-1.21734
0.0
0.0
0.0
0.114397
0.0
0.0
0.0
0.0
0.0
0.672296
0.0
0.0
0.0
0.0
0.0
0.0
0.0
-0.82162
0.0
0.0
0.0
0.0
0.0
0.0
0.0
0.0
0.0
0.0
0.0
0.0
0.0
0.0
0.0
0.0
0.0
0.0
0.0
0.0
0.0
0.0
0.0
0.0
0.0
-2.32743
0.0
0.0
-0.831126
0.0
0.0
0.575915
0.0
0.0
0.0
0.0
0.0
0.0
0.19296
0.0
0.0
0.0
0.0
0.0
0.0
-1.31512
0.0
0.0
-1.12502
0.0
0.0
0.0
0.0
0.0
0.0
0.0
0.0
0.0
0.0
0.0
0.0
0.0
0.0
0.0
0.0
0.0
0.0
0.0
0.0
0.0
0.0
0.0
0.0
0.0
0.0
0.0
0.0
0.0
0.0
0.0
0.0
0.0
0.0
0.0
0.0
0.0
0.0
0.0
0.0
0.0
0.0
0.0
0.0
0.0
0.0
0.0
0.0
0.0
0.0
0.0
0.0
0.0
0.0
0.0
0.0
0.0
0.0
0.0
0.0
0.0
0.0
0.0
0.0
0.0
0.0
0.0
0.0
0.374501
0.0
0.0
0.0
-0.640562
0.0
0.0
0.0
0.0
0.0
0.0
0.0
0.0
0.0
0.0
0.0
0.0
0.0
0.0
0.0
0.0
0.0
0.0
0.0
0.0
0.0
0.0
0.0
0.0
0.0
0.0
0.0
0.0
0.0
0.0
0.0
0.0
0.0
0.0
-0.013676
0.0
0.0
0.0
0.0
0.0
0.0
0.0
0.0
0.0
0.0
0.0
0.0
0.0
0.456743
0.0
0.0
0.0
0.0
0.0
0.0
0.0
0.0
0.0
0.723989
0.0
0.0
-1.21065
0.0
0.0
0.0
0.0
0.0
0.0
0.0
0.0
0.0
0.411556
0.0
0.0
0.0
0.0
0.0
0.0
0.0
0.0
0.0
0.0
-1.63206
0.0
0.0
0.0
0.0
0.0
0.0
0.0
0.0
0.0
0.0
0.0
0.0
0.0
0.0
0.0
0.0
0.0
0.0
0.0
0.0
0.0
0.0
0.0
0.0
0.0
0.0
0.0
0.0
0.0
0.0
0.0
0.0
0.0
-0.560233
0.0
0.0
0.0
0.0
-0.108881
-0.0603128
0.0
0.0
0.0
0.0
0.0
0.0
-0.57912
0.0
0.0
0.0
0.0
0.0
0.0
0.0
0.0
0.0
0.0
0.0
-1.96712
-0.0561343
0.0
0.458843
0.0
2.8013
0.0
0.0
0.0
0.0
0.0
0.0
1.08766
0.0
0.0
0.0
0.0
0.0
0.0
0.0
0.0
0.0
0.0
0.0
0.0
0.0
0.0
0.0
0.0
0.0
0.0
0.0
0.0
0.0
0.0
0.0
0.0
0.0
0.0
0.0
0.0
0.0
0.0
0.0
0.0
0.0
0.0
0.0
0.0
0.0
0.0
0.0
0.0
0.0
0.0
0.0
0.0
0.0
0.0
0.0
0.0
0.0
0.0
0.0
-1.00817
0.0
0.0
-0.970987
0.0
0.0
0.0
0.0
0.0
0.0
0.0
0.0
0.0
0.0
0.0
0.0
0.0
0.0
0.0
0.0
0.0
0.0
0.0
0.0560897
0.0
0.0
0.0
-0.839156
0.0
0.0
0.0
0.753412
0.0
0.0
0.0
0.0
0.0
0.0
0.0
0.0
0.0
0.0
0.0
0.0
-1.74886
0.0
0.0
0.0
0.0
0.0
0.0
0.0
0.0
0.0
0.0
0.0
0.0
0.0
0.0
0.0
0.0
0.0
0.0
0.0
0.0
-0.581317
0.0
0.0
0.0
0.0
0.0
0.0
0.0
0.0
0.0
0.0
0.0
0.0
0.0
0.0
0.0
0.0
0.0
0.0
0.0
0.0
0.0
0.0
0.0
0.0
0.0
0.0
0.0
0.0
0.0
0.0
0.0
0.0
0.0
0.0
0.0
-1.38766
0.0
0.0
0.0
0.0
0.0
0.0
0.0
0.0
0.0
0.0
0.0
0.217491
0.0
0.0
0.0
0.0
0.0
0.0
0.0
0.0
0.0
0.0
0.0
0.0
-1.04996
0.0
0.13122
0.0
0.0
0.0
0.0
0.0
0.0
0.0
0.0
0.0
0.0
0.0
0.0
0.0
0.0
0.0
0.411119
0.0
0.0
0.0
0.0
0.0
0.0
0.0
0.0
0.0
0.0
0.0
0.0
0.0
0.0
0.0
0.0
0.0
0.0
0.0
0.0
0.0
0.704482
0.0
0.0
0.0
0.0
0.0
-1.56342
0.0
0.0
0.0
0.0
0.0
0.0
0.0
0.0
0.0
0.0
0.0
0.0
0.0
0.0809787
0.0
0.0
0.0
0.0
0.0
0.0
0.0
0.0
0.0
0.0
0.0
0.0
0.0
0.0
0.0
0.0
0.0
0.0
0.0
0.0
0.0
0.0
0.0
0.0
0.0
0.0
0.0
0.52712
0.0
0.0
0.0
0.0
0.0
0.0
0.0
0.0
0.0
0.0
0.0
0.0
0.0
0.0
0.0
0.0
0.0
0.0
0.0
0.0
0.0
0.0
0.0
0.0
0.0
0.0
0.0
0.0
0.0
0.0
0.0
1.3002
0.0
0.0
0.0
0.0
0.0
0.0
0.0
0.0
-0.186062
0.0
0.0
0.0
0.0
0.0
0.0
0.0
0.0
0.0
0.0
0.0
-1.06875
0.0
0.0
0.0
0.0
0.0
0.0
0.0
0.0
0.0
0.0
0.0
0.0
0.0
0.0
0.0
0.0
0.0
0.0
0.0
0.0
0.0
0.0
0.0
0.0
0.0
0.0
0.118958
0.0
0.0
0.0
0.0
0.117543
0.0
0.0
0.0
0.0
0.0
0.0
0.0
0.0
0.0
0.0
0.0
0.0
0.0
0.0
0.0
0.0
0.0
0.0
0.0
0.0
-1.48012
0.0
0.0
0.0
0.0
-0.539597
0.0
0.0
0.0
0.0
0.0
0.0
0.0
0.0
0.0
0.0
0.0
0.0
0.0
0.0
0.0
0.0731067
0.0
0.0
0.0
0.0
0.0
0.0
0.0
0.0
0.0
0.0
0.0
0.0
0.0
0.0
0.0
0.0
0.0
0.0
0.0
0.0
0.0
0.0
0.0
0.0
0.0
0.0
0.0
0.0
0.0
0.0
-1.15186
0.0
0.0
0.0
0.0
0.0
0.0
0.0
0.0
0.0
0.0
0.0
-0.128562
0.0
0.0
0.0
0.0
0.0
0.0
0.0
0.0
0.0
0.0
0.0
0.0
0.0
0.0
0.0
0.0
0.0
0.0
0.0
0.0
0.0
0.0
0.0
0.0
0.0
0.0
0.0
0.0
0.0
0.0
0.0
0.0
0.0
0.0
0.0
0.0
0.0
0.0
0.0
0.0
0.0
0.0
-1.21827
0.0
0.0
0.0
0.0
0.0
0.0
0.0
0.0
0.0
0.0
0.0
1.68907
0.0
0.0
0.0
0.0
0.0
0.0
0.0
0.0
0.0
0.0
0.0
0.0
0.0
0.0
0.0
0.0
0.0
0.0
0.0
0.0
0.0
-0.976016
0.0
0.0
0.0688825
0.0
0.0
0.0
0.0
0.0
0.0
0.0
0.0
0.0
0.0
0.0
0.0
0.0
0.0
0.0
0.0
0.0
0.0
0.996525
0.0
0.0
0.0
0.0226936
-0.00797452
0.0241384
-0.244298
0.304683
0.0838499
0.189046
-0.10336
-0.0182045
-0.0418272
0.161578
-0.347243
0.157125
-0.0977837
0.150092
-0.0269909
-0.010776
0.427318
0.0526778
-0.445945
0.115745
0.598018
-0.428921
0.0834421
-0.245341
-0.164713
-0.74611
0.17499
0.2116
-0.0712699
0.44409
0.0416609
0.181249
-0.207624
-0.0769635
-0.183285
0.0804649
-0.202349
-0.443743
-0.186198
-0.106094
0.542059
-0.0576439
0.537634
0.0142978
0.141895
-0.188842
0.0634397
0.403345
0.0260854
-0.553989
0.0476738
0.121142
-0.236443
-0.115904
-0.485454
0.0499295
0.245802
-0.130474
0.00664304
-0.27366
0.0311741
-0.195315
0.283655
-0.0266365
0.109203
0.205957
0.202631
-0.239722
-0.240389
0.190248
-0.275955
-0.389477
-0.173958
0.263037
-0.585085
-0.0599805
-0.340236
-0.0466505
0.215677
-0.0611652
-0.215631
-0.0806947
-0.238547
0.456896
-0.213746
-0.0800373
-1.72242
0.0296862
-0.0609887
0.196748
-0.0671283
0.290882
0.056034
-0.422323
0.103856
-0.163602
0.34088
0.0
0.0
-1.67972
0.0
0.0
0.0
0.0
0.0
0.0
0.0
0.0
0.0
0.0
0.0
0.0
0.0
0.0
0.0
-0.874279
0.0
0.0
0.0
0.0
0.0
0.0
0.0
0.0
0.0
0.0
0.0
0.0
0.0
0.0
0.0
0.0
0.0
0.0
0.0
0.0
0.0
0.0
0.0
0.0
0.0
0.0
0.0
0.0
0.0
0.0
0.0
-1.03239
0.0
0.0
0.0
0.0
0.23963
0.0
0.0
0.0
0.0
0.0
0.0
0.0
0.0
0.0
0.0
0.0
0.0
0.0
0.0
0.0
0.0
0.0
0.0
0.0
0.0
0.0
0.0
0.0
0.0
0.0
0.0
0.0
0.0
0.0
0.0
0.0
0.0
0.0
0.0
0.0
0.0
0.0
0.0
0.0
-1.75329
-1.69488
0.0
0.0
0.0
0.0
0.0
0.0
0.0
0.0
0.0
0.0
0.0
0.0
0.0
0.0
0.0
0.0
0.0
0.0
0.348555
0.0
0.0
-1.67887
0.0
0.0
0.0
0.0
-2.01597
0.0
0.0
0.0
0.0
0.0
0.0
0.0
0.0
0.0
-0.329952
0.0
0.0
0.0
0.0
0.0
0.0
0.0
0.0
0.0
0.0
0.0
0.0
0.0
0.0
0.0
-1.26702
0.0
0.0
0.0
0.0
0.0
0.0
0.0
0.0
0.0
0.0
0.0
0.0
0.0
0.0
0.0
0.0
0.0
0.0
-0.230964
0.0442873
0.0
0.0
0.0
0.0
0.0
0.0
0.0
0.0
0.0
0.0
0.0
0.0
0.0
0.0
0.0
0.0
0.0
0.0
0.0
0.0
0.0
0.0
0.0
0.0
0.0
0.0
0.0
0.0
0.670432
0.0
0.0
0.0
0.0
0.0
0.0
0.0
0.0
0.0
0.0
0.0
0.0
0.0
0.0
0.0
0.0
0.0
0.0
0.0
0.0
0.0
-1.51453
0.0
0.0
1.47251
0.0
0.0
0.0
0.0
0.0
0.0
0.0
0.0
0.0
0.0
0.0
0.0
0.0
0.0
0.0
0.0
0.0
-0.0921073
0.0
0.0
0.0
1.71296
0.0
0.0
0.0
0.0
0.0
0.0
0.0
0.0
0.0
0.0
0.0
1.07404
0.0
1.21181
0.0
0.0
0.0
-0.140702
0.0
-0.0979696
0.0
0.0
0.0
0.0
-1.00028
0.0
0.0
0.0
0.0
0.0
0.0
0.0
0.0
0.0
0.0
0.0
0.0
0.0
0.0
0.0
0.0
0.0
0.0
0.0
0.0
0.0
0.0
0.0
0.0
0.0
-0.186187
0.0
0.0
0.0
0.0
0.0
0.0
0.0
0.0
0.0
0.0
0.0
0.0
0.0
0.0
0.0
0.0
0.0
0.0
0.0
0.0
0.0
0.0
0.0
0.0
0.0
0.0
0.0
0.0
0.0
0.0
0.0
0.0
0.0
0.0
0.0
0.0
0.0
0.0
0.0
0.0
0.0
0.0
0.0
0.0
0.0
0.0
0.0
0.0
0.0
0.0
0.0
0.0
0.0
0.0
0.0
0.0
0.0
0.0
0.0
0.0
0.0
0.0
0.0
0.0
0.0
0.0
0.0
0.0
0.0
0.0
0.0
0.0
-0.591748
-0.304138
0.0
0.0
0.0
0.0
0.0
0.0
0.0
0.0
0.0
0.0
-0.346201
0.0
0.0
0.0
0.0
0.0
0.0
0.0
0.0
0.0
0.0
0.0
0.0
0.0
0.0
0.0
0.0
0.0
0.0
0.0
1.16643
0.0
0.0
0.0
0.0
0.0
0.0
0.0
0.0
0.0
0.0
0.0
-1.14241
0.0
0.0
0.0
0.0
0.0
0.0
-0.824266
0.0
0.0
0.0
0.0
0.0
0.79773
0.0
0.0
0.0
0.0
0.0
0.0
0.0
0.0
0.0
0.0
0.0
0.0
0.0
0.0
0.0
0.0
0.0
0.0
0.0
0.0
0.468915
0.0
0.0
0.0
0.0
0.0
0.0
0.0
0.0
0.0
0.0
0.0
0.0
0.0
0.0
0.0
0.0
0.0
0.0
0.0
0.0
-0.18843
-1.19534
0.0
0.0
0.0
0.0
0.0
0.0
0.0
0.0
0.0
0.0
0.0
0.0
0.0
0.0
-0.26334
0.0
0.0
-0.848023
0.887317
-0.198328
0.0
0.0
0.0
0.0
0.0
0.0
0.0
0.0
0.0
0.0
0.0
0.0
0.0
0.0
0.0
0.0
0.0
0.0
0.0
0.0
0.0
0.0
0.0
0.0
0.0
0.0
0.0
0.0
0.0
0.0
0.0
0.0
0.0
0.0
0.0
-0.668161
0.0
0.0
0.0
0.0
0.0
0.273173
0.0
0.0
0.0
0.0
0.0
0.0
0.0
0.0
0.0
0.0
0.0
0.0
0.0
0.0
0.0
0.0
-1.08983
0.0
0.0
0.0
0.0
0.0
0.0
0.0
0.0
0.0
0.0
0.0
0.0
0.0
0.0
0.0
0.0
0.0
0.0
0.0
0.0
0.0
0.0
0.0
0.0
0.0
0.0
0.0
0.0
0.0
0.0
0.0
0.0
0.0
-0.895494
0.0
0.0
0.0
0.729247
0.0
0.0
0.0
0.0
0.0
0.0
0.0
0.0
0.0
0.0
0.0
0.0
0.0
0.0
0.147327
0.412262
0.0
0.0
0.0
0.0
0.0
0.0
0.0
0.0
0.0
0.0
0.0
0.0
0.0
0.0
0.0
0.0
0.0
0.0
0.0
0.0
0.0
0.0
0.0
0.0
0.0
0.0
-0.783199
0.0
0.0
0.0
0.0
0.0
0.0
0.0
-0.00205056
0.104212
-0.107955
-0.426091
0.440663
-0.0440206
0.0643505
0.324349
-0.26149
-1.7613
0.0989487
-0.523601
0.339605
-0.0451116
0.281159
-0.0156945
-0.0216273
0.523525
0.157082
-0.374801
0.0823524
-0.408271
-0.323945
0.126773
-0.324062
0.101303
-0.717216
0.479025
0.459759
-0.0998561
0.419292
0.0955478
0.3846
0.134198
-0.145948
-0.0988172
0.216215
-0.315921
-0.507989
-0.162411
-0.204524
0.635378
-0.288875
0.44303
-0.0996715
0.0883588
-0.361772
0.111701
0.496475
0.0110392
-0.19641
0.02358
0.110667
0.0928625
-0.18948
-0.352128
0.00778599
0.16752
-0.0469967
0.0152521
-0.233965
-0.0898489
-0.178912
0.198479
0.00458381
-0.0162919
0.225812
0.197574
-0.179247
-0.212478
0.00501939
-0.174643
-0.23965
-0.130899
0.252236
-0.574708
-0.106882
-0.158557
-0.0626639
0.358622
-0.114698
-0.193626
-0.187637
-0.245892
0.31371
-0.0995367
-0.139554
-0.544164
-0.0267584
-0.0533671
0.263224
0.0148949
0.190119
0.0938971
-0.198091
0.122427
-0.315067
0.425288
0.0
0.0
0.0
0.0
0.0
0.0
0.0
0.0
0.0
0.0
0.0
0.0
0.0
0.0
0.0
0.0
0.0
0.0
0.0
0.0
0.0
0.0
0.0
0.0
0.0
0.0
0.0
0.0
0.0
0.0
0.441693
0.0
0.0
0.0
0.0
0.0
0.0
0.0
0.0
0.0
0.0
0.0
0.0
0.0
0.0
0.0
0.0
0.0
0.0
0.0
0.0
0.0
0.0
0.0
0.0
0.0
0.0
0.0
0.0
0.0
0.0
-0.114782
0.0
0.0
0.0
0.0
0.0
0.0
0.0
0.0
0.0
0.0
0.0
0.0
0.0
0.0
0.0
0.0
0.0
0.0
0.0
0.0
0.0
0.0
0.0
0.0
0.0
0.0
0.0
0.0
0.0
0.0
0.0
0.0
0.0
0.0
0.0
0.0
0.0
0.0
0.0
0.0
0.0
0.0
0.0
0.0
0.0
0.0
0.0
0.0
0.0
0.548633
0.0
0.0
0.0
0.0
0.0
0.0
0.0
0.0
0.0
0.0
0.0
0.0
0.0
0.0
0.0
0.0
0.0459845
0.0
0.0
0.0
0.0
0.0
0.0
0.0
0.0
0.0
0.0
0.0
0.0
0.159693
0.0
0.0
0.0
-0.46696
0.0
0.0
0.0
0.0
0.0
0.0
0.0
0.0
0.0
0.0
0.0
-1.95374
0.0
0.0
0.0
0.0
0.0
0.0
0.0
0.0
0.0
0.0
0.0
0.0
0.0
0.0
0.0
0.0
0.0
0.0
0.0
0.0
0.217422
0.0
0.0
0.0
0.0
0.0
0.408083
0.0
0.0
0.0
0.0
0.0
0.0
0.0
0.0
0.0
0.0
0.0
0.0
0.0
0.0
0.0
-1.18604
0.0
0.0
0.0
0.0
0.0
0.0
-0.252356
0.0
0.0
0.0
0.0
0.0
0.0
-0.290077
0.0
0.0
0.0
0.0
0.0
0.0
0.0
0.0
0.0
0.0
0.0
0.0
0.0
0.0
0.0
0.0
0.0
0.0
0.0
0.0
0.0
0.0
0.0
0.0
0.0
0.0
0.0
0.0
0.0
0.0
0.0
0.0
0.0
0.0
0.0
0.0
0.0
0.0
0.0
0.0
0.0
1.09695
0.0
0.0
0.0
0.0
0.0
0.0
0.0
0.0
0.0
0.0
0.0
0.0
0.0
0.0
0.0
0.0
0.0
0.0
-1.28247
0.0
0.0
0.0
-1.4922
0.0
0.0
0.0
0.0
0.0
1.08873
0.0
0.0
0.0
0.0
0.0
0.0
0.0
0.0
0.0
0.0
0.0
0.0
0.0
0.0
0.0
0.0
0.0
0.0
0.0
0.0
0.199317
0.0
0.0
0.0
0.0
0.0
0.0
0.0
0.0
0.0
-0.740593
0.0
-0.888113
0.0
0.0
0.0
0.0
0.0
0.0
0.0
0.0
0.0
0.0
0.0
0.0
0.0
0.0
0.0
0.0
0.0
0.0
0.0
0.0
0.0
0.865874
0.0
0.0
0.0
0.0
-0.463471
0.0
0.0
0.0
0.0
0.0
0.0
0.0
0.0
0.0
0.0
0.0
0.0
0.0
0.0
0.0
0.0
0.0
0.0
0.0
0.0
0.0
0.0
0.0
0.0
0.0
0.0
0.0
0.134176
0.0
0.0
0.0
0.0
0.0
0.0
0.0
0.0
0.0
0.0
0.0
0.0
0.0
0.0
0.0
0.0
0.0
0.0
0.0
0.0
0.0
0.0
0.0
0.0
0.0
0.0
0.0
0.0
0.0
0.0
0.0
0.0
0.0
0.0
0.0
0.0
0.0
0.0
0.0
0.0
0.0
0.0
0.0
0.0
0.0
0.0
0.566425
0.0
0.0
0.6759
0.0
0.0
0.0
-2.29077
0.0
0.0
0.0
0.0
-0.305155
0.0
0.0
0.0
0.0
0.0
0.0
0.0
0.0
0.0
0.0
0.0
0.0
0.0
0.0
0.0
0.0
0.0
0.0
0.0
0.0
0.0
0.0
0.0
0.0
0.0
0.0
0.0
0.0
0.0
0.941334
0.0
0.0
0.0
0.0
0.0
0.0
0.0
0.0
0.0
0.0
0.0
0.0
0.0
0.0
0.0
0.0
0.0
0.0
0.0
0.0
0.0
0.0
0.0
0.0
0.0
0.0
0.0
0.0
0.0
0.0
0.0
0.0
0.0
0.0
0.0
0.0
0.803174
0.0
0.0
0.0
0.0
0.0
0.0
0.0
0.0
0.0
0.0
0.0
0.0
0.0
0.0
0.0
0.0
0.0
0.0
0.0
0.0
0.389939
0.0
0.0
0.0
0.0
0.0
0.234611
0.0
0.0
0.0
0.0
0.0
0.0
0.0
0.0
0.0
0.0
0.0
0.0
0.0
0.0
0.0
0.0
-0.823167
0.0
0.0
0.0
0.0
0.0
0.0
0.0
0.0
0.0
0.0
0.0
0.0
0.0
0.0
0.0
0.0
0.0
0.0
0.0
0.0
0.884021
-1.03845
-0.222066
0.0
0.0
0.0
0.0
0.0
0.0
0.0
0.0
0.0
0.0
0.0
0.0
0.0
0.0
0.0
0.0
1.89099
0.0
0.0
0.0
0.0
0.0
0.0
0.0
0.0
0.0
0.0
0.0
0.0
0.0
0.0
0.0
0.0
0.0
0.0
0.0
0.0
0.0
0.0
0.0
0.0
0.0
0.0
0.0
0.0
0.0
0.0
0.0
0.0
0.0
0.0
0.0
-0.0307978
0.0
0.0
0.0
0.0
0.0
0.0
0.0
0.0
0.0
0.0
0.0
0.0
0.0
0.0
0.0
0.0
0.0
0.0
0.0
0.0
1.03737
0.0
0.0
0.0
0.0
0.0
0.0
0.0
0.0
0.0
0.0
0.0
0.0
0.0
0.0
0.0
0.0
0.0
0.0
0.0
0.0
0.0
0.0
0.0
0.0
0.0
0.0
0.0
0.0
1.67074
0.0
0.0
0.0
0.0
0.0
0.0
0.0
0.0
0.0
0.0
0.0
0.0
0.0
0.0
-0.842361
0.0
0.00220199
-0.501268
0.153694
0.111994
0.190754
-0.687492
-0.251272
-0.234415
0.425195
-0.209956
0.153748
-0.217655
-0.173151
-0.253087
0.48063
-0.0870852
0.311962
0.159726
1.24392
0.0568231
0.112938
-0.137693
-0.190523
-0.0492785
0.0608437
0.324872
-0.559724
-0.358923
-0.158373
-0.236603
0.532364
-0.121461
-0.784413
-0.401545
-0.216838
0.310133
0.930329
-0.380566
0.0484114
-0.104022
0.094477
0.280437
-0.0296751
-0.202642
0.169422
0.234145
0.154386
-0.443004
0.45715
0.0
0.0
0.0
0.0
0.0
0.0
0.0
0.0
0.0
0.0
0.0
0.0
0.0
-1.13059
0.0
0.0
0.0
0.0
0.0
0.0
0.0
0.0
0.0
0.0
0.0
0.0
0.0
0.0
0.0
0.0
0.0
0.0
0.0
0.0
0.0
0.595252
0.0
0.0
0.0
0.0
0.0
0.0
0.0
0.0
0.0
0.0
0.0
0.0
0.0
0.0
-1.4153
0.0
0.0
0.0
0.0
0.0
0.0
0.0
0.0
0.0
0.0
0.0
0.0
0.0
0.0
0.0
0.0
0.0
0.0
-0.974885
0.0
0.0
0.0
0.0
0.0
0.873578
0.0
0.0
0.0
0.0
0.0
0.0
0.273798
0.0
0.0
0.0
0.0
0.0
0.0
0.0
0.0
0.0
0.0
0.0
0.0
0.0
0.0
0.0
0.221849
0.0
0.0
-0.0708273
0.0
0.0
0.0
0.0
0.0
0.0
0.0
0.0
0.0
0.0
0.0
0.0
0.0
0.0
0.0
0.0
0.0
0.0
0.0
0.0
0.0
0.0
0.0
0.0
0.0
0.0
0.0
0.0
0.0
0.0
0.0
0.0
0.0
0.0
0.0
0.0
0.0
0.0
0.0
0.0
0.0
0.0
0.0
0.0
0.0
0.0
0.0
0.0
0.0
0.0
0.0
0.0
0.0
0.0
0.0
0.0
0.0
0.0
0.0
0.0
0.0
0.0
0.0
0.0
0.156137
0.0
1.74956
0.0
1.08859
0.0
0.0
0.0
0.0
0.0
0.0
0.0
0.0
0.0
0.0
0.0
0.0
0.0
0.0
0.0
0.0
0.0
0.0
0.0
0.0
0.0
0.0
0.0
0.0
0.0
0.0
0.0
0.0
0.0
0.0
-0.145531
0.0
0.0
0.0
0.0
0.371213
0.0
0.0
0.0
0.0
0.0
0.0
0.0
0.0
0.0
0.0
0.0
0.0
0.0
0.0
0.0
0.0
0.0
0.0
0.0
0.0
0.0
0.0
0.0
0.0
0.0
0.0
0.0
0.0
0.0
0.0
0.0
0.0
0.0
0.0
0.0
-0.948837
0.0
0.0
0.0
0.0
0.0
0.0
0.0
0.0
0.0
0.0
0.0
0.0
0.0
0.0
0.0
0.0
0.0
-0.318214
0.0
1.10069
0.0
0.0
0.0
0.0
0.0
0.0
0.0
0.0
0.0
0.0
0.0
-0.275792
0.0
0.0
0.0
0.0
0.0
0.0
0.0
0.0
0.0
0.0
0.0
0.0
0.0
0.0
1.08983
0.0
0.0
0.0
0.0
0.0
1.61542
0.0
0.0
0.0
0.0
0.0
0.0
0.0
0.0
0.0
2.14533
-0.114965
0.0
0.0
0.0
0.0
0.0
0.0
0.0
0.0
0.0
0.0
0.0
0.0
0.0
1.12538
0.0
0.0
0.0
0.0
0.723658
0.0
0.0
0.0
0.0
0.0
0.0
0.0
0.0
0.0
0.0
0.0
0.0
0.0
0.0
0.0
0.0
0.0
0.0
0.0
-0.562413
1.20068
0.0
0.0
0.0
0.0
0.0
0.0
-1.78016
0.0
0.0
0.0
0.0
0.0
0.0
0.0
0.0
0.0
0.0
0.0
0.0
0.0
0.0
0.0
0.0
0.0
0.0
0.0
0.0
0.0
0.0
0.0
0.0
0.0
0.0
0.0
0.0
0.0
0.0
0.0
0.0
0.0
0.217152
0.0
0.0
0.0
0.0
0.0
0.0
0.0
0.0
0.0
0.0
0.0
0.0
0.0
0.413577
0.0
0.0
0.0
0.0
0.0
0.0
0.0
0.0
0.0
0.0
0.0
0.0
0.0
0.376375
0.0
0.0
0.0
0.0
0.0
0.0
0.0
0.0
0.0
0.0
0.0
0.0
0.0
0.0
0.0
0.0
0.0
0.0
0.0
0.0
0.121302
-0.247095
0.0
0.0
0.0
0.0
0.0
0.0
0.0
0.0
0.0
0.0
0.0
0.0
0.0
0.0
0.0
0.0
0.591419
0.0
0.0
0.0
0.0
0.0
0.0
0.0
0.0
0.0
-0.284169
0.0
0.0
0.0
0.0
0.0
0.0
0.0
0.0
0.0
0.0
0.0
-0.136305
0.0
0.0
0.0
0.0
0.0
0.0
0.0
0.0
0.0
0.0
0.0
0.0
0.0
0.0
0.0
0.0
0.0
0.0
0.0
0.0
0.0
0.0
0.0
0.0
0.0
0.0
-0.0781288
0.0
0.0
-1.61249
0.0
0.0
0.0
0.0
0.0
0.0
0.0
0.0
0.0
0.0
0.0
0.120768
0.0
0.0
0.0
0.0
0.0
0.0
0.0
0.0
0.0
0.0
0.0
0.0
0.0
-1.05177
0.0
0.0
1.51526
0.0
-0.989869
0.0
0.0
0.0
0.0
0.0
0.0
0.0
0.0
0.0
0.0
0.0
0.0
0.0
0.0
0.0
0.0
0.0
0.0
0.0
0.0
0.0
0.0
0.0
0.0
0.0
0.0
0.0
0.0
0.0
0.0
0.0
0.0
0.0
0.0
0.0
0.0
0.0
0.0
0.0
0.0
0.0
0.0
0.0
0.0
0.0
0.0
0.0
0.0
0.0
0.0
-0.0004146
0.0
0.0
0.0
0.0
0.0
0.0
0.0
0.0
0.0
0.0
0.0
0.0
0.0
0.0
0.0
0.0
0.0
0.0
0.0
0.0
0.0
-0.952377
0.0
0.0
0.0
0.0
0.0
0.0
0.0
0.0
0.0
0.0
0.0
2.07726
0.0
0.0
0.0
0.0
0.0
0.0
-0.531226
0.0
0.0
0.0
0.0
0.0
0.0
0.0
0.030085
-0.378416
0.200641
0.0699339
-0.185932
0.427162
0.184745
-0.673179
-0.382402
0.048178
-0.294497
-0.28404
-0.233913
-0.187368
-0.00485182
0.0559183
0.16639
0.764865
-0.104761
-0.419439
-0.16474
0.0258759
0.152871
0.224227
-0.395244
0.0320042
-0.750516
0.169397
0.137382
-0.132345
0.585215
0.196274
-0.699876
0.191317
0.0347815
-0.44515
-0.134299
0.146002
-0.471823
-0.19622
-0.0139747
0.238147
0.0909893
0.617504
-0.0187647
0.130222
-0.243566
-0.22627
0.264828
0.0
0.0
0.0
-1.62319
0.0
0.0
0.0
0.0
0.0
0.0
0.0
0.0
0.0
0.0592306
0.0
0.0
0.0
0.0
0.0
0.0
0.0
0.0
0.0
0.0
0.0
0.0
0.0
0.0
0.0
0.0
0.0
0.0
0.0
0.0
0.0
0.0
0.0
0.0
0.0
0.0
0.0
0.0
0.0
0.0
0.0
0.0
0.0
0.0
0.0
-0.0177306
0.246092
0.0937984
0.0422257
0.540527
-0.148115
0.0567445
-0.0683464
0.504966
-0.230218
0.509707
-0.222453
-0.0447719
-1.9266
-0.0920066
-0.143606
0.187054
-0.20443
0.220485
-0.359873
-0.0634648
-0.405436
-0.41641
-0.361592
0.176979
0.0275389
-0.590251
-0.0115179
-0.0814488
0.183141
-0.207627
-0.436274
0.399975
0.045657
-0.192369
0.560568
-0.129745
-0.374552
0.0356521
0.031189
0.0341568
0.227161
0.00615187
0.280781
0.0746789
-0.0620324
0.0517054
0.0043229
0.304332
0.0
0.0
0.0
0.0506071
0.0
0.0
0.0
0.0
0.0
0.0
0.0
0.0546179
0.0
0.0
0.0
0.0
0.0
0.0
0.0
0.0
0.0
0.0
0.0
0.0
0.0
0.0
0.0
0.0
0.0
0.0
0.0
0.0
0.0
0.0
0.0
0.0
0.0
0.0
0.0
0.0
0.0
0.0
0.0
0.0
-0.305859
0.0
0.0
0.0
0.0
0.0
0.0
0.0
0.0
0.0
1.79453
0.0
0.140641
0.0
0.0
0.0
0.0
0.0
0.0
0.0
0.0
0.0
0.0
0.0
0.142062
0.0
0.0
0.0
0.0
0.0
0.0
-2.14095
0.0
0.0
0.0
0.0
0.0
0.0
0.0
0.0
0.0
0.0
0.0
0.0
0.0
0.0
0.0
0.0
0.0
0.0
0.0
0.0
0.0
0.0
0.0
0.0
0.0
0.0
-0.210357
0.0
0.0
0.0
0.0
0.0
0.0
0.0
0.0
0.0
0.0
0.0
0.0
0.0
0.0
0.0
0.298531
0.0
0.0
0.0
0.0
0.0
0.0
0.0
0.0
0.0
0.0
0.0
0.0
0.0
0.0
0.0
0.0
0.0
0.0
0.0
0.0
0.0
0.0
0.0
0.0
0.0
0.0
0.0
0.0
0.0
0.0
0.0
0.0
0.0
0.0
0.0
0.787752
0.0
0.0
0.0
0.0
2.08631
0.0
0.0
0.0
0.0
0.0
0.0
0.0
0.0
0.0
0.0
0.0
0.0
0.0
0.0
0.0
-1.032
-0.150544
0.0
-0.449176
0.0
0.0
0.0
0.0
0.0
0.0
0.0
0.0
0.0
0.0
0.0
0.0
0.0
-0.826198
0.0
0.0
0.0
0.0
0.0
0.0
0.0
0.0
0.0
0.0
0.0
0.0
0.0
0.0
0.0
0.0
0.0
0.0
0.0
0.0
0.966802
0.0
0.0
0.0
0.0
0.0
0.0
0.0
0.0
0.0
0.0
0.0
0.0
0.0
0.0
0.0
0.0
0.0
0.0
0.0
0.0
0.0
0.0
0.0
0.0
0.524713
0.0
0.0
0.0
0.0
0.0
0.0
0.0
0.0
0.0
0.0
0.0
0.0
0.143543
0.995811
0.0
0.0
0.0
0.0
0.0
0.0
0.0
0.0
-0.158351
0.0
0.0
0.0
0.0
0.0
-0.293889
0.0
0.0
0.0
0.0
0.0
0.0
0.0
0.0
0.0
0.0
0.0
0.0
0.0
0.0
0.0
0.0
0.0
0.0
-0.81849
0.0
0.0
-0.817815
0.0
0.0
0.0
0.0
0.0
0.0
0.0
0.0
0.0
0.0
0.0
0.0
0.0
0.0
0.0
0.0
0.0
0.0
0.0
-1.13095
0.0
0.0
0.0
0.0
0.0
0.0
0.0
0.0
0.0
0.0
0.0
0.0
0.35835
0.0
0.0
0.0
0.0
0.0402928
0.102928
0.0
0.0
0.0
0.0
0.0
0.0
0.0
0.0
0.0
0.0
0.0
0.630395
0.0
0.0
0.0
0.0
0.0
0.268823
0.0
1.55289
0.0
-0.249092
0.0
0.0
0.0
0.0
0.0
0.0
0.0
0.0
0.0
0.0
0.0
0.0
0.0
1.79
0.0
0.0
0.0
0.0
0.0
0.0
0.0
0.0
0.0
0.0
0.0
0.0
0.0
0.0
0.0
0.0
0.0
0.0
0.0
0.0
0.0
0.0
0.0
0.0
0.0
0.0
0.0
0.0
0.0
0.0
0.0
0.0
0.0
0.0
0.0
0.0
0.0
0.0
0.0
2.51796
0.0
0.0
0.0
0.0
-1.38382
0.0
0.0
0.0
0.0
0.0
0.0
0.0
0.0
0.0
0.0
0.0
0.0
0.0
0.0
0.339659
0.0
0.0
0.0
0.0
0.0
0.0
0.0
-0.0831831
0.0
0.0
0.0
0.0
0.0
0.0
0.0
0.0
0.0
0.0
0.0
0.0
0.0
0.0
0.0
0.0
0.0
0.0
0.0
0.0
0.0
0.0
0.0
0.0
0.0
0.0
0.0
0.0
0.0
0.0
0.0
0.0
0.0
-1.05539
0.0
0.0
0.0
0.0
0.0
0.0
0.0
0.0
0.0
0.0
0.0
0.0
0.0
0.0
0.0
0.0
-0.182701
0.0
0.0
0.0
0.0
0.324355
-0.444306
0.0
0.0
0.0
0.0
0.0
0.0
0.0
0.0
0.0
0.0
0.0
0.0
0.0
0.0
0.0
0.0
0.0
0.0
0.0
0.0
0.0
0.0
0.0
0.0
0.0
0.0
0.0
0.0
0.0
0.0
0.0
0.0
0.0
0.0
0.0
0.0
-0.140679
0.0
0.0
0.0
0.0
0.0
0.0
0.0
0.0
0.0
0.0
0.0
0.0
0.0
0.0
0.0
0.0
1.25385
0.0
0.0
0.0
0.0
0.0
0.0
0.0
0.0
0.0
0.0
0.0
0.0
0.0
0.0
0.0
0.0
0.0
0.0
0.0
0.0
0.0
0.0
0.0
0.0
0.0
0.0
0.0
0.0
0.0
0.0
0.0
0.0
0.0
0.0
0.0
0.0
0.0
0.0
0.0
0.0
0.0
0.0
0.0
0.0
0.0
0.0
0.0
0.0
0.0
0.0
0.0
0.0
0.0
0.0
0.0
0.0
0.0
0.0
0.0
0.0
0.0
0.0
0.0
0.0
0.0
0.0
0.0
-0.301664
0.0
0.0
0.0
0.0
0.0
0.0
0.0
0.0
0.0
0.0
0.0
0.0
0.0
0.0
0.0
0.0
0.0
0.0
2.72814
0.0
0.0
0.0
0.0
0.0
0.0
0.0
0.0
0.0
0.0
0.0
0.0
0.0
0.0
0.0
0.599678
0.0
0.0
0.0
0.0
-1.27812
0.0
0.0
0.0
0.0
0.0
-2.42534
0.0
-0.554567
0.0
0.0
0.0
0.0
0.0
0.0
0.0
0.0
0.0
0.0
0.0
0.0
0.0
0.0
0.0
0.0
0.0
-1.10926
0.0
0.0
0.0
0.0
0.999983
0.0
0.0
0.0
0.0
0.0
0.0
0.0
0.0
0.0
0.0
0.0
0.0
0.0
0.0
0.0
0.0
0.0
0.0
0.0967047
0.0
-0.0522364
0.0
0.0
0.0
0.0
0.0
0.0
0.0
0.0
0.0
0.0
0.0
0.0
0.0
0.0
0.0
0.0
0.0
0.0
0.0
0.0
0.0
0.0
0.380417
0.0
0.0
0.0
0.0
0.0
0.0
0.0
0.0
0.92281
-0.502442
0.253744
0.644371
-1.00202
-0.390599
0.0142593
-3.21332
0.404974
0.124482
-1.09317
1.73556
0.0307918
-1.17939
0.237947
0.659055
-0.0711958
1.88675
-0.159934
-1.71614
-0.597924
-0.2404
0.208477
-0.164779
1.02099
-0.719422
1.39507
0.0585506
-1.36652
-0.112496
1.39077
-0.0217795
0.257204
0.203663
0.384894
0.368154
-0.254309
1.70639
1.28385
0.953396
-0.514818
0.492554
-0.0807453
1.25178
0.110792
0.215312
1.45546
-2.44744
-2.05588
0.0
0.0
0.0
0.0
0.0
0.0
0.0
0.0
0.0
0.0
0.0
0.0
0.0
0.0
0.0
0.0
0.0
0.0
0.0
0.0
0.0
0.0
0.0
0.0
0.0
0.0
0.0
0.0
0.0
0.0
0.0
0.0
0.0
0.0
0.0
0.0
0.0
0.0
0.0
0.0
0.0
0.0
0.0
0.0
0.0
0.545484
0.0
0.0
0.0
0.0
0.0
0.0
0.0
0.0
0.0
0.0
0.0
0.0
0.168033
0.0
0.0
0.0
0.0
0.0
0.0
0.0
0.0
0.0
0.0
0.0
0.0
0.0
0.0
0.0
0.0
0.0
0.119201
0.0
0.0
0.0
0.0
0.0
0.0
0.0
0.0
0.0
0.0
0.0
0.0
0.0
0.0
0.0
0.0
0.0
0.0
0.0
0.0
0.0
0.0
0.0
0.0
0.0
0.0
0.0
0.0
0.0
0.0
0.0
0.0
0.0
0.0
0.0
0.0
0.0
0.0
0.0
0.0
0.0
0.0
0.0
0.0
0.0
0.0
0.0
0.0
1.1086
0.0
0.0
-0.98748
0.437632
0.0
0.0
0.0
0.0
-1.31484
0.0
0.0
1.30684
1.44644
0.0
0.0
0.0
0.0
0.0
0.0
0.0
0.0
0.0
0.0
0.0
0.0
0.0
0.0
0.0
0.0
0.0
0.0
0.0
0.0
0.0
0.0
0.0
0.0
0.0
0.0
0.0
0.0
0.0
0.0
0.0
0.0
-0.151436
0.0
0.0
0.0
0.0
0.0
-0.0419983
0.0
0.0
0.0
0.0
0.0
0.0
0.0
0.0
0.0
0.0
0.0
0.0
0.0
0.0
0.0
0.0
0.0
0.0
0.0
0.529567
0.0
0.0
0.0
0.0
0.0
0.0
0.482126
0.0
0.0
0.0
0.0
0.0
0.0
0.0
0.0
0.0
0.0
0.0
0.0
0.0
0.0
0.0
0.0
0.0
0.0
0.0
0.0
0.239845
0.0
0.0
0.0
0.0
0.0
0.0
0.0536078
0.0
0.0
0.0
0.0
0.0
0.0
1.86522
0.0
0.0
0.0
0.0
0.0
0.0
0.0
0.0
0.0
-0.292306
0.0
0.0
0.0
0.0
0.0
0.0
0.0
1.71735
0.0
0.339941
0.0
0.0
0.0
0.0
0.0
0.0
0.0
0.0
0.0
0.0
0.0
0.0
0.0
0.0
0.0
-0.710827
0.0
0.0
0.0
0.0
0.0
0.0
0.0
0.0
0.0
0.0
0.0
0.0
0.0
0.0
0.0
0.0
0.0
0.0
0.0
0.0
0.0
0.0
0.0
0.0
0.0
0.0
0.0
0.109177
0.0
0.0
0.0
0.0
0.0
0.0
0.0
0.0
0.0
0.0
0.0
0.0
0.0
0.0
0.0
0.0
0.0
0.0
0.0
0.0
0.0
0.0
0.0
0.0
0.0
0.0
0.0
0.0
0.0
0.0
0.0
0.0
0.0
-0.19189
0.0
0.0
0.0
0.0
0.0
0.0
0.0
0.0
0.0
0.0
0.0
0.0
0.0
0.0
0.0
0.0
0.0
0.0
0.0
0.0
0.0
0.0
0.0
0.0
0.0
0.0
0.0
0.0
0.0
0.0
0.0
0.0
0.0
0.0
0.0
-0.435924
0.0
0.446611
0.0
0.0
0.0
0.0
0.0
0.0
0.0
0.0
0.0
0.0
0.0
0.0
0.0943528
0.0
0.0
0.0
0.0
0.0
0.0
0.0
0.0
-0.475283
-0.0382453
0.0
0.0
0.0
0.0
0.0
0.0
0.0
0.0
0.0
0.0
0.0
0.0
0.0
0.0
0.0
0.0
0.0
0.0
0.0
0.0
0.0
0.0
0.0
0.0
0.0
-0.483941
0.0
0.0
0.0
0.0
0.0
0.0
0.0
0.0
0.0
0.0
0.0
0.0
0.0
0.0
0.0
0.0
0.0
0.0
0.0
0.0
0.0
0.0
0.0
0.0
0.0
0.0
0.0
0.0
0.0
0.0
0.205011
0.0
0.0
0.0
0.0
0.0
0.0
0.35526
0.0
0.0
0.0
0.275241
-0.956949
0.0
0.0
0.0
0.0
0.0
0.0
0.0
0.0
0.0
0.0
0.0
-2.295
0.0
0.052172
0.0
0.0
0.0
0.0
0.0
0.0
0.0
1.8199
0.0159181
-0.0270874
-0.0920419
0.247546
-0.128436
0.05854
0.701417
-0.444874
0.11033
-0.302843
0.298703
-0.864755
0.219195
-0.217418
-0.116945
0.0198025
-0.000970362
1.00454
-0.011216
-0.296496
-0.00292072
0.127647
0.354472
0.102177
-0.339666
0.354754
-0.52987
0.309388
-0.19178
-0.348974
0.830224
0.193531
-1.0124
0.237228
0.0969052
-0.220501
-0.0422631
-0.239808
-0.0376603
-0.0699515
-0.0399159
0.256349
-0.29635
0.826894
0.114702
0.524702
0.0767741
0.0818606
0.136155
0.0
0.0
0.0
0.0
0.0
0.0
0.0
0.0
0.0
0.0
0.0
0.0
0.0
0.0
0.0
0.0
0.0
0.0
0.0
0.0
0.0
0.0
0.0
0.0
0.0
0.0
0.0
0.0
0.463969
0.0
0.0
0.0
0.0
0.0
0.0
0.0
0.0
0.0
0.0
0.0
0.0
0.0
0.0
0.0
0.0
0.0
0.0
0.0
0.0
0.0
0.0
0.0
0.0
0.0
0.0
0.0
0.0
0.0
0.0
0.0
0.0
0.0
0.0
0.0
0.0
0.0
0.0
0.0
0.0
0.0
0.0
0.0
0.0
0.0
0.0
0.0
0.0777019
0.0
0.0
0.0
0.0
0.0
0.0
0.0
0.0
0.0
0.0
0.0
0.0
0.0
0.0
-0.207538
-0.733685
0.0
0.0
0.0
0.0
0.0
0.0
0.0
0.0
0.0
0.0
1.30704
0.0
0.0
0.0
-0.782052
0.0
0.0
0.0
0.0
0.0
0.0
0.0
0.0
0.0
0.0
0.0
0.0
0.0
0.0
0.0
0.0
0.0
0.0
0.0
0.487052
0.0
0.0
0.0
0.0
-1.91863
0.0
0.0
0.0
0.0
0.0
0.0
0.0
0.0
2.49937
0.0
0.0
0.0
0.0
0.0
0.0
0.0
0.075009
0.0
0.0
0.0
0.0
0.0
0.0
0.0
0.0
0.0
0.0
0.571069
0.0
0.0
0.0
0.0
0.0
0.0
0.0
0.0
0.0
0.0
0.0
0.0
0.0
0.0
0.0
0.0
0.0
0.0
0.0
0.0
0.0
0.0
0.0
0.0
0.0
0.0
0.0
0.0
0.0
0.0
0.0
0.0
0.0
0.0
0.0
-0.0321545
0.426436
0.151929
0.0878614
0.121191
-0.393785
0.961183
-2.34049
0.116854
0.0509234
-0.237365
-0.0396478
-0.659732
-0.33363
-0.21874
-0.0626069
0.000569723
1.34358
-0.372808
-0.416463
0.31473
0.103601
0.176003
0.175665
-0.228657
0.651042
-0.160125
-0.0820086
-0.102642
4.2373e-05
1.37998
-0.189206
-0.137319
0.555755
-0.458337
-0.209625
-0.00361964
0.693344
0.996218
0.921795
0.233959
0.390797
-0.198445
2.20391
0.074224
0.764948
1.56941
-0.719839
-1.09505
0.0
0.0
0.0
0.0
0.0
-2.73146
0.0
0.0
0.0
0.0
0.0
0.0
0.0
0.0
0.0
0.0
0.0
0.0
0.0
0.0
0.0
0.0
0.0
0.0
0.0
0.0
0.0
0.0
0.0
0.0
0.0
0.0
0.0
0.0
0.0
0.0
0.0
0.0
0.0
0.0
0.0
0.0
0.0
-0.609905
0.0
0.0
0.0
0.0
0.0
-1.1393
0.0
0.0
0.0
0.0
0.771576
0.0
0.0
0.0
0.0
0.0
0.0
0.695683
0.0
0.0
0.0
0.0
0.0
0.0
1.0554
0.0
0.0
0.0
0.0
0.0
-0.11381
0.0
-1.11667
0.0
0.0
0.0
0.0
0.0
0.0
0.0
0.0
0.0
0.0
0.0
0.0
0.0
0.0
0.0
0.0
0.0
0.0
0.0
0.0
0.0
0.0
0.0
0.0
0.0
0.0
0.0
0.0
0.0
0.0
0.0
0.0
0.0
0.0
0.0
0.0
0.0
0.0
0.0
0.0
0.0
0.0
0.0
0.0
0.0
0.0
0.0
0.0
0.0
0.0
0.0
0.0
0.0
0.0
0.0
0.0
0.0
0.0
0.0
0.0
0.0
0.0
0.0
0.0
0.0
0.0
-1.5387
0.0
0.0
0.0
0.0
0.0
0.0
0.0
0.0
0.75594
0.0
0.0
0.0
0.0
0.0
0.0
0.0
0.0
0.0
0.0
0.0
0.0
0.0
0.0
0.0
0.0
0.0
0.0
0.0
0.0
0.0
0.0
0.0
0.0
0.0
0.0
0.0
0.0
-0.279365
0.0
0.0
0.0
0.0
0.0
0.0
0.0
0.0
0.0
0.0
0.0
0.0
0.0
0.0
0.0
0.0
0.0
0.0
0.0
0.969486
0.0
0.0
0.0
0.0
0.0
0.0
0.0
0.0
-1.43257
0.0
0.0
0.0
0.0
0.0
0.0
0.0
0.0
0.0
0.0
0.0
0.0
0.0
0.0
0.0
0.0
-0.669654
0.0
0.0
0.0
0.0
0.0
0.0
0.0
0.0
0.0
-1.31148
0.0
0.0
0.0
0.0
0.0
0.0
0.0
0.0
0.0
0.0
0.0
0.0
0.0
1.01021
0.0
0.0
0.0
0.0
0.0
0.0
0.0
0.0
0.0
0.0
0.0
0.0
0.0
0.0
0.0
0.0
0.0
0.0
0.0
0.0
0.0
-0.210606
0.0
0.0
0.0
0.0
0.0
0.0
0.0
0.981649
0.0
0.0
0.0
0.0
0.0
0.0
0.0
0.0
0.0
0.0
0.0
0.0
0.0
0.0
1.1966
0.0
0.0
0.0
0.0
0.0
0.0
0.0
0.0
0.0
0.0
0.0
0.0
1.10829
0.0
0.0
0.0
-1.08104
0.0
0.0
0.0
0.0
0.0
0.0
0.0
0.0
0.0
0.0
0.0
0.0
0.0
0.0
-1.41029
0.0
0.0
0.0
0.0
0.0
0.0
0.0
0.0
0.0
0.0
0.0
0.0
0.0
0.0
0.0
0.0
0.0
0.0
0.0
0.0
0.0
0.0
0.0
0.0
0.0
0.0
0.0
0.0
0.0
0.0
0.0
0.0
0.0
0.0
0.0
0.0
0.0
0.0
0.0
0.0
0.0
0.0
0.0
0.0
1.05457
0.0
0.0
1.00052
0.0
0.0
0.0
0.0
0.0
0.0
0.0
0.0
0.0
0.0
0.0
0.0
0.0
0.0
0.0
0.00917701
-0.359017
0.0931861
-0.0207416
0.0821066
0.266507
0.233205
-0.644487
0.0864083
-0.262866
-1.79568
-0.467623
-0.033518
-0.211111
-0.0741578
0.0281515
-0.115715
0.795812
0.0336804
-0.430711
0.00926578
-0.000838515
-0.0589938
0.1317
-0.413313
0.134338
-0.72314
0.34008
0.102904
-0.141961
0.683214
0.179053
-0.513581
-0.0258425
0.00680648
-0.227565
-0.123567
0.0430978
-0.181409
-0.0543447
-0.00753284
0.30124
-0.00921561
0.777034
0.0773508
0.127821
-0.137239
-0.0339838
0.122332
0.0
0.0
0.0
0.0
0.0
0.0
0.0
0.0
0.0
0.0
0.0
0.0
0.0
0.0
0.0
0.0
0.0
0.0
0.0
0.0
0.0
0.0
0.0
0.0
0.0
0.0
0.0
0.0
0.0
0.0
0.0
0.0
0.0
0.784404
0.0
0.0
0.0
0.0
0.0
0.0
-0.61597
0.0
0.0
0.0
0.0
0.0
0.0
0.0
0.0
0.0
0.0
0.0
0.0
0.0
0.0
0.0
0.0
0.0
0.0
0.0
0.0
0.0
0.0
0.0
0.0
-0.104736
0.0
0.0
0.0
0.0
0.0
0.668538
0.0
0.0
0.0
-0.492053
0.0
0.0
0.0
0.0
0.905113
0.0
0.0
0.0
0.0
0.0
0.0
0.0
0.0
0.0
0.0
0.0
0.0
0.0
0.0
0.0
0.0
0.0
0.0
0.0
0.0
0.0
0.0
0.0
0.0
0.0
0.0
0.0
0.0
0.0
0.0
0.0
0.0
0.0
0.0
0.0
0.0
0.0
0.0
0.0
0.0
-0.0935118
0.0
0.0
0.0
0.0
0.0
0.0
0.0
0.0
0.0
0.0
0.0
0.0
0.0
0.0
0.0
0.0
0.0
0.0
0.0
0.0
0.0
0.0
0.0
0.0
0.0
0.0
0.0
0.0
0.0
0.0
0.0
0.0
0.0
0.0
0.0
0.0
0.0
0.0
0.0
0.0
0.0
0.0
0.0
0.0
0.0
0.0
0.0
0.0
0.0
0.0
0.0
0.0
0.0
0.0
0.0
0.0
0.0
0.0
0.0
0.0
0.0
0.0
0.0
0.0
-2.15259
0.0
0.0
0.0
0.0
0.0
0.0
0.0
0.0
0.0
0.0
0.0
0.0
0.0
0.0
0.0
0.0
0.0
0.0
0.0
0.0
0.0
0.0
0.0
0.0
-0.0131329
0.0
0.0
0.0
-0.694458
0.0
0.0
0.0
0.0
0.265282
0.0
0.0
0.0
0.0
0.0
0.0
0.0
0.0
0.0
0.0
0.000958367
-0.27019
0.0
0.0
0.0
0.0
0.0
0.0
2.04004
0.0
0.0
0.0
0.0
0.0
0.0
0.0
0.0
0.0
0.0
0.0
0.0
0.0
0.0
0.0
0.0
0.0
0.0
-0.623675
0.0
0.0
0.0
0.0
0.0
0.0
0.0
0.0
0.0
0.0
0.0
0.0
0.0
0.0
0.0
0.0
0.0
0.0
0.0
0.0
0.0
0.0
0.0
0.0
0.0
0.0
0.0
0.0
0.0
0.0
0.0
0.0
0.0
0.0
0.0
-0.0503534
-0.115016
0.0381273
-0.19624
0.23694
-0.141697
0.484325
-1.98765
-0.23918
0.106206
-0.148042
0.293031
0.188064
-0.322086
-0.0630893
-0.127842
0.105987
1.01338
-0.930782
-0.975004
0.0652914
-0.21211
0.126861
0.0455437
-0.0240475
0.239676
-0.747789
0.139254
-0.0162356
0.0448255
0.511901
-0.408673
-0.186227
-0.153341
0.394452
-0.261896
0.492018
0.811803
0.70702
0.315648
0.0537009
0.317189
0.221806
1.42445
0.0917163
0.996582
0.114442
-0.504639
-0.911332
0.0
0.0
0.0
0.0
0.0
0.0
0.0
0.0
0.0
0.0
0.0
0.0
0.0
0.0
0.0
0.0
0.0
0.0
0.0
0.0
0.0
0.0
-0.793479
0.0
-0.0566983
0.0
0.0
0.0
0.0
0.0
0.0
0.0
0.0
0.0
0.0
0.0
0.0
0.0
0.871635
0.0
0.0
0.0
0.0
0.0
0.0
0.0
0.0
0.0
0.0
0.0
0.0
0.0
0.0
0.0
0.0
0.0
0.0
0.0
0.0
0.0
0.0
0.0
0.0
0.0
0.0
0.0
0.0
-0.16562
0.0
0.0
0.0
0.0
0.0
0.0
0.0
0.0
0.0
0.0
0.0
0.0
0.0
0.0
0.0
0.0
-0.0895167
0.0
0.0
0.0
0.0
0.0
0.0
0.0
0.0
0.0
0.0
0.0
0.0
0.0
0.0
-0.303165
0.0
0.0
0.0
0.0
0.0
0.0
0.0
0.0
0.0
-0.938953
0.0
0.0
0.0
0.0
0.0
0.0
0.0
0.0
0.0
0.0
0.0
0.0
0.0
0.0
0.0
0.0
0.0
0.0
0.0
0.0
0.0
0.994791
0.0
0.0
0.0
0.0
0.0
0.0
0.0
0.0
0.0
0.0
0.0
0.0
0.0
0.0
0.0
0.0
0.0
0.0
-0.453395
0.0
0.0
0.0
0.0
0.0
0.0
0.0
0.0
0.0
0.0
0.0
0.0
0.0
0.0
0.0
0.0
0.0
0.0
0.0
0.0
0.0
0.0
0.0
0.0
0.0
0.0
0.0
0.0
0.0
0.0
0.0
0.0
0.0
0.0
0.0
0.0
0.0
0.0
2.38243
0.0
0.0
0.0
0.0
0.0
0.0
0.0
0.0
0.0
0.0
0.0
-0.858523
0.0
0.0
0.0
0.0
0.0
0.0
0.0
0.0
0.0
0.0
0.0
0.0
0.0
0.0
0.0
0.0
0.0
0.0
-2.07649
0.0
0.0
0.0
0.0
0.0
0.0
0.0
0.0
-2.72136
0.0
0.0
0.0
0.0
0.0
0.0
-0.534642
0.0
0.0
0.0
0.0
0.0
0.0
-0.684807
0.0
-0.0199423
-0.266338
0.0946694
0.0974356
0.352525
-0.218082
0.479443
-0.645331
0.430582
0.451899
-0.12493
-0.473643
-0.495133
-0.280592
-0.145099
-0.0417811
0.0959344
0.708337
-0.183514
-0.398539
-0.150601
-0.217198
0.00523355
0.177005
-0.40759
0.0397178
-0.75382
0.154572
0.246874
0.0409288
0.774932
-0.490315
0.263076
-0.407138
-0.11047
-1.15315
0.0852549
0.128223
-0.240062
-0.160778
-0.132384
0.444903
0.132452
0.883918
0.106485
0.304904
-0.25789
-0.247462
0.142228
0.0207483
-0.272648
0.0709134
-0.0134811
-0.0378161
0.00395238
0.0962381
-0.646197
0.331331
-0.228474
-0.0974013
-0.425148
-0.235624
-0.0979255
0.0884385
0.00529424
0.0217115
0.726592
0.0519683
-0.579622
-0.130032
-0.0575076
0.0513667
0.00713169
-0.346083
0.142473
-0.76252
0.204789
0.0985729
-0.114728
0.570549
0.07519
-0.313643
-0.0566795
0.0248013
-0.0858224
-0.0563669
0.0928717
-0.21091
-0.0931267
-0.0308524
0.223714
0.135525
0.840633
0.159621
0.225457
-0.106247
0.156026
0.0295592
-1.11249
0.0
0.0
0.0
0.0
0.0
0.0
0.0
0.0
0.0
0.0
0.0
0.0
0.0
0.0
0.0
0.0
0.0
0.0
0.0
0.0
0.0
0.0
0.0
0.0
0.0
0.0
0.0
0.0
0.0
0.0
0.0
0.0
0.0
0.0
0.0
0.0
0.0
0.0
0.0
0.0
0.0
0.0
0.0
0.0
0.0
0.0
0.0
-0.979858
0.0
0.0
0.0
0.0
0.0
0.0
0.0
0.0
0.0
0.0
0.0
0.0
1.28027
0.0
0.0
0.0
0.0
0.265896
0.0
0.0
0.0
0.0
0.0
0.0
0.0
0.0
0.0
0.0
0.0
0.0
0.0
0.0
0.0
0.0
0.0
0.0
0.0
0.0
0.0
0.0549308
-0.608087
0.0
0.0
0.0
0.0
0.0
0.0
0.0
0.0
0.0
0.0
0.0
0.0
0.0
0.0
0.0
0.0
0.0
0.0
0.0
0.295289
0.0
0.0
0.0
0.0
0.0
0.0
0.0
0.0
0.0
0.0
0.0
0.0
0.0
0.0
0.0
0.0
0.0
0.0
0.0
0.0
0.0
-1.18345
0.0
0.0
0.0
0.0
0.0
0.0
0.0
0.0
0.0
0.0
0.0
0.0
0.0
0.0
0.0
0.0
0.0
0.0
0.0
0.156596
0.0
0.0
0.0
0.0
0.0
0.0
0.0
0.0
0.0
0.0
0.0
0.0
0.0
0.0
0.0
0.0
0.0
0.0
0.0
0.0
0.0
0.0
0.0
0.0
0.0
0.0
0.0
0.0
0.0
0.0
0.0
0.0
0.0
0.0
0.0
0.0
0.0
0.0
0.0
0.0
0.0
0.0
0.0
0.0
0.0
0.0
0.0
0.0
-1.20233
0.0
0.0
0.439534
0.0
0.0
0.0
0.0
0.0
0.0
0.726234
0.0
0.0
0.0
0.0
0.0
0.0
0.0
0.0
0.0
0.0
0.0
0.0
0.0
0.0
0.0
0.0
-0.407536
0.284381
0.0
0.0
0.0
0.0
0.0
0.0
-0.345756
0.0
0.0
0.0
0.0
-0.218047
0.0
0.0
0.0
0.0
0.0
0.0
0.0
0.0
0.0
0.0
0.0
0.0
0.0
0.0
0.0
0.0
0.0
0.0
0.0
0.0
0.0
0.0
0.0
0.0
0.0
-1.64008
0.0
0.0
0.0
-0.48631
0.0
0.0
0.0
0.0
0.0
0.0
0.0
0.0
0.0
0.0
0.0
0.0
0.0
0.0
0.0
0.0
0.0
0.0
0.0
0.0
0.0
0.0
0.0
0.0
0.0
0.0
0.0
0.0
0.188743
0.0
0.0
0.0
0.0
0.0
0.0
0.0
0.0
0.0
0.0
0.0
0.0
0.0
0.0
0.0
0.0
0.0
0.0
0.0
0.0
0.0
0.0
0.0
0.0
0.0
0.0
0.0
0.0
0.0
0.0
0.0
0.0
0.0
0.0
0.0
0.0
0.0
0.0
0.0
0.0
0.0
0.0
0.0
0.0
0.0
0.0
0.0
0.0
0.0
0.0
-0.57356
0.0
0.0
0.0
0.0
0.0
0.0
0.0
0.0
0.0
0.0
0.0
1.33226
0.0
0.0
0.0
0.0
0.0
0.0
0.0
0.0
0.0
0.0
0.0
0.0
0.0
0.763809
0.0
0.0
0.0
0.0
0.0
0.0
0.0
0.0
0.0
0.0
0.0
0.0
0.0
0.0
0.0
-0.0302277
0.173499
-0.0313468
-0.0882549
0.119557
0.0434885
0.363255
-1.93767
-0.808056
0.0409604
-0.149358
0.464618
-0.303362
-0.312926
0.212681
-0.0241404
-0.0670998
0.832559
0.0786731
-0.983051
-0.0892523
-0.231618
0.251953
0.0216747
0.00744868
0.232989
-0.814775
0.0961203
0.0566979
-0.111583
0.54923
-0.0852411
0.0401189
-0.243044
0.324705
0.383121
-0.0376889
0.764014
0.65824
-0.0430444
-0.392169
-0.389419
-0.21959
0.575135
-0.287193
0.164074
0.477601
-0.190584
-0.61707
0.014023
-0.938398
0.0819011
-0.0972659
0.376868
-0.294597
-0.24127
-0.897395
-0.240554
0.0638612
0.176804
0.186558
-0.40907
0.120429
-0.16075
-0.154941
0.381594
0.85704
0.0644931
-1.09471
0.0336423
0.14132
0.243149
-0.179312
-0.232211
0.716322
-1.03016
0.100753
-0.169947
-0.0474485
0.45344
-0.429078
0.087266
0.155962
0.213541
0.233965
0.430679
0.769653
0.2127
-0.354557
-0.141483
0.345969
0.226719
0.671023
0.117135
0.511305
-0.105999
-0.211135
-0.351671
0.0
0.0
0.0
0.0
0.0
0.0
0.0
0.0
0.0
0.0
0.0
0.0
0.0
0.0
0.0
0.0
0.0
0.0
0.0
0.0
0.0
0.0
0.0
0.0
0.0
0.0
0.0
0.0
0.0
0.0
0.0
0.0
0.0
0.0
0.0
0.0
0.0
0.0
0.0
0.0
0.0
0.0
0.0
0.0
0.0
0.0
0.0
0.0
0.0
0.029747
0.0205635
-0.00339929
-0.0148175
0.0711006
0.195218
-0.120859
-0.837303
1.01605
-0.746871
0.0278559
-0.496521
0.0283963
-0.0959332
0.15114
-0.0823287
0.227793
0.935977
0.167767
-0.680231
-0.0261682
-0.119907
-0.515826
-0.00608695
-0.22085
-0.065646
-0.884847
-0.0836732
-0.0739507
0.114475
0.127503
-0.0445228
-0.0117024
-0.193132
-0.0664978
-0.0098997
-0.516965
-0.00456055
0.53557
0.0324982
-0.0374209
0.149003
0.462824
0.891507
0.108924
0.479645
0.067721
0.153761
-0.186501
0.0575034
-0.617225
0.416263
0.0859017
-0.383357
0.0493679
0.110779
-1.05737
-0.420477
-0.217541
-0.212175
-0.375876
-0.247073
-0.240029
0.372198
0.0976675
0.137268
0.817424
-0.509227
-0.575179
-0.0621943
0.105558
0.290685
0.0776115
-0.35
0.689209
-0.811096
0.303555
-0.0194252
0.432876
0.807259
0.331231
-0.703076
-0.0246972
0.0298429
-0.0999264
-0.12221
0.182705
0.439167
-0.0467473
-0.0224351
1.2812
0.0244353
0.637082
-0.0280324
-0.0633758
-0.159586
0.183378
-0.129028
0.0
0.0
0.0
0.0
0.0
0.0
1.76382
0.0
0.0
0.0
0.0
0.0
0.0
0.0
0.0
0.0
0.0
0.0
0.0
0.0
0.0
0.0
0.0
0.0
0.0
0.0
0.0
0.0
0.0
0.0
0.0
0.0
0.0
0.0
0.0
0.0
0.0
0.0
0.0
0.0
0.0
0.0
0.0
0.0
0.0
0.0
0.0
0.0
0.0
0.0
0.0
0.0
0.0
-1.76881
0.0
0.0
0.0
-0.0260043
0.0
0.0
0.0
0.0
0.0
0.0
0.0
0.0
0.0
0.0
0.0
0.0
0.0
0.0
0.0
0.0
0.0
0.0
0.0
0.0
0.0
0.0
0.0
0.0
0.0
0.0
0.0
0.0
0.0
-0.682997
0.0
0.0
0.0
0.0
0.0
0.0
0.0
0.0
0.0
0.0
0.0
0.0
0.0
0.0
0.0
0.0
0.0
0.0
0.0
0.0
0.0
0.0
0.0
0.0
0.0
0.0
0.0
0.0
0.0
0.0
0.0
0.0
0.0
0.0
0.0
0.0
0.0
-1.22752
0.0
0.0
0.0
0.0
0.0
0.0
0.0
0.0
0.0
0.0
0.0
0.0
0.0
-0.275612
0.0
0.0
0.0
0.0
0.0
0.0
0.0
0.0
0.0
0.0
0.0
0.0
1.23963
0.0
0.0
0.0
0.0
0.0
0.0
0.0
0.0
0.0
0.0
0.0
0.0
0.0
0.0
0.0
0.0
0.0
-1.87116
0.0
0.0
0.0
0.0
0.0
0.0
0.0
0.0
0.0
0.0
0.0
0.0
0.0
1.66753
0.0
0.0
0.0
0.0
0.0
0.0
0.0
0.0
0.0
0.0
0.0
0.0
0.0
0.0
0.0
0.0
0.0
1.06897
0.0
0.0
0.0
0.0
0.0
0.0
0.0
0.0
0.0
0.0
0.0
0.0
0.0
0.0496332
0.0
0.0
0.0
0.0
0.0
0.0
-0.674705
0.0
0.0
0.0
0.0
0.0
0.0
0.0
0.0
0.0
0.0
0.0
0.0
0.0
0.0
0.0
0.0
0.0
0.0
0.0
0.0
0.0
0.0105408
-0.46694
0.311041
-0.0542808
0.494067
0.870881
1.12192
1.39036
1.83668
0.373093
-0.180094
-2.28316
-0.258571
0.594296
-0.305571
-0.127799
0.255775
1.47557
0.205209
-2.47552
-0.416674
-0.220924
-0.426256
-0.175251
-1.14882
-0.188618
-2.2579
0.223965
0.107091
0.476156
-0.433114
-0.577521
0.839513
0.275774
-2.92994
0.268798
0.185632
0.659568
0.505873
-0.282339
-0.394712
2.0392
0.45395
-1.85245
7.46447
0.340586
-2.04559
-0.210306
2.04339
0.0641174
0.36511
-0.450816
-0.00859905
0.0134336
-0.881441
-1.15222
-1.86671
-1.94728
-0.183271
0.0660337
3.10982
-0.267477
-0.396406
0.0137906
-0.540944
-0.609097
-1.91958
-0.568323
4.30524
-0.392122
-0.123983
1.09695
-0.0125395
1.77593
1.09998
2.92316
-0.388765
0.02937
-0.191527
-0.0265543
0.102184
-0.717929
-0.656549
3.30938
0.0126363
0.0358047
-0.517647
-0.854521
0.0204899
0.471856
-2.15179
-1.6308
1.89142
-4.87883
-0.700538
1.99139
-0.454338
-2.81592
0.00161473
1.33781
-0.14564
0.00147454
0.0259966
-0.287355
3.37961
0.640166
-1.78967
-0.738585
0.141499
1.09938
-1.31604
1.68359
-0.766897
0.0507869
0.0530981
-0.246635
0.00370951
-1.00389
0.176134
0.0473377
-0.244778
0.0610001
0.0613541
1.59658
-0.419412
-1.14051
-0.00822151
0.31359
-0.119434
0.0834262
3.31291
-0.502783
1.68154
0.297197
-0.531064
-0.317526
-0.311092
2.25651
-1.0349
0.262907
0.108072
1.6866
-0.981994
-0.555038
0.45265
-0.70245
-1.13752
-0.00231454
-1.074
-0.579951
-0.00267744
-1.34864
-0.64568
0.656098
0.0584077
0.54748
-0.793421
0.062121
-2.82904
1.70191
-0.533781
-1.47454
0.035996
-0.625169
2.60282
0.00327801
1.22594
-0.00130082
-0.899879
-0.32886
-0.0217625
1.01816
-2.6328
1.63758
-0.0366956
0.0184329
-0.227661
1.09469
-0.0403213
-2.96714
-0.205715
-2.71823
-0.570057
0.216339
2.14168
0.101292
-3.40248
2.56449
-0.278918
-0.423176
-1.0408
1.59599
0.361767
-0.0240196
-0.484398
0.394275
0.0746355
-0.101166
-0.139894
-0.0627586
0.507481
-0.320903
-0.0287077
-0.476455
-0.110657
0.189766
-0.11408
0.826445
-0.525828
0.198098
-0.29179
-0.0858274
-0.353458
-0.443688
-0.363069
0.673742
-1.91066
-0.344859
0.670615
-0.187792
0.627581
0.224366
0.667815
-0.164794
0.101594
0.284629
-0.459629
-0.475405
0.12261
-0.380987
0.551309
0.281252
0.221547
0.141728
-0.348634
0.124892
0.077513
-0.112604
0.488319
0.0391167
-0.0739913
-0.360861
-0.0542405
-0.664551
-0.772835
0.0814723
-0.329861
-0.0582144
-0.0129663
-0.00145931
-0.153222
-0.210485
-0.423326
-0.198795
-0.0483388
0.366255
0.307478
-0.179829
0.0156403
-0.282011
-0.0754284
-0.0222742
-0.118025
-0.540368
-0.110905
-0.289872
0.059903
0.0558848
-0.115921
0.0238943
0.325313
-0.185654
-0.177126
0.00347205
-0.0617872
-0.245982
0.0626629
0.00108885
-0.225746
-0.0828377
-0.419594
0.0205104
0.0550253
-0.246282
0.156157
-0.0699204
-0.0247237
-0.196437
0.0261442
-0.252528
-0.0301682
0.15878
-0.392696
-0.0538951
1.38826
0.844601
1.03316
-0.0140393
0.0256982
-1.1975
-0.297397
1.0032
-0.947245
-0.0163211
-0.118058
-0.581505
2.85862
0.823755
-0.206859
0.0419543
-0.131118
-0.926144
-0.014179
0.156959
0.743711
-0.155756
-0.48684
0.0210457
0.239738
-2.45018
0.496714
-2.48433
-0.00667252
0.169263
0.130524
-0.11926
-0.622754
0.245885
-0.51033
-0.237773
-0.753431
-0.551539
-0.0522878
1.59146
0.648409
-1.84273
0.369672
-0.00290621
-0.246684
-0.048863
1.12855
2.17483
3.83304
1.89231
0.776217
-0.440588
-0.0125598
-1.73518
-0.178929
0.0116584
-0.298235
-0.0774249
-0.126197
0.344316
0.0650777
1.88958
-0.0894333
-0.845118
0.0241304
0.0566425
-0.258067
-0.50407
-0.0613442
-0.240043
-0.0988245
0.0787322
-0.146271
-0.168803
2.00176
-1.26623
-0.0192912
0.000603347
-0.1989
-0.186923
0.0643267
0.0795049
-0.143232
0.169544
-0.363324
2.25095
0.0106362
-0.260515
0.0110956
-0.0582406
0.103383
-0.141697
0.0607497
-0.214346
0.105652
0.243265
-0.320386
0.2795
1.81692
-1.85177
-2.0515
-0.0149728
2.47665
-0.099838
-0.197738
-0.160082
0.140794
-0.150885
0.361243
0.178679
-1.20087
2.3295
-3.01567
1.60985
1.66129
-0.452198
-0.54475
-0.0913831
-0.304902
-0.0789653
0.102731
-0.113748
0.927795
0.203202
-0.321584
0.898876
0.585313
-0.107041
-0.351914
0.0725079
-0.0126861
-0.19504
-0.0519928
-0.567295
0.0764177
2.12741
-0.278683
-0.0735371
-0.067964
0.0631548
-0.149455
0.0270053
-0.229666
-0.00366957
0.253705
-0.523803
-0.0168086
0.104722
0.849198
1.98707
2.43621
2.60277
-2.63576
0.067438
-1.04258
0.0648234
-0.272472
0.373212
0.0112774
-0.116469
-0.0207159
2.4231
2.28067
0.00106654
-1.8895
-0.543993
0.00748876
-0.252805
0.12389
-0.0378775
-0.113708
1.80201
-0.0223556
1.33495
-0.118416
-0.291894
-0.154033
-0.293122
0.0721293
-0.349942
-0.151374
0.02154
-0.467419
-0.0521392
0.0696866
-0.262001
0.0477025
-0.0795396
0.0844076
-0.189791
0.0797014
-0.35137
-0.205289
0.178208
-0.486876
0.152495
0.0252212
-0.714506
2.0378
2.13445
1.54917
3.37541
0.612423
2.60204
-0.0489846
-0.179386
0.413617
-0.0999981
0.239861
-2.43599
-0.0197496
2.58951
-1.92081
-0.339018
-0.531855
-0.384178
-0.382943
-0.14769
0.20724
-0.149945
-0.396507
-1.60965
0.841095
2.24697
0.00326557
-3.10093
1.32339
0.0959572
-2.35768
0.315924
-0.383331
-0.0750805
0.763484
-0.193997
-0.247875
-0.770139
-1.59757
-1.28576
-0.123138
0.103299
-0.437637
0.0560669
0.280393
-0.161957
-0.193041
0.0169375
1.05759
-0.163726
2.48049
-0.570052
2.02476
1.28871
0.678659
0.34497
-0.236398
0.185157
-0.0416399
0.259696
0.808057
-0.21857
0.058534
-0.0637671
1.81563
-2.83282
2.97254
-0.594754
0.406822
-0.1312
-0.0423427
0.651233
-1.80159
0.484954
-1.07267
0.000901525
0.14092
-0.195379
0.00693009
-0.598375
0.849763
1.19204
1.67699
-0.970555
1.47157
-0.0136076
-1.30003
-0.734368
1.89735
-1.11842
-0.185736
-0.351637
-1.47945
0.286313
-1.88781
-0.691771
0.0597662
-0.627377
0.439545
-0.00186394
0.413201
-0.199423
1.67086
1.39531
0.185261
-0.22742
0.118186
-0.202888
1.20687
0.585247
0.373162
0.0658634
-1.00293
-1.37958
-0.503333
1.73026
-0.285291
0.566789
-0.685288
0.0119031
-0.309186
0.31884
-0.232465
-0.846906
-0.972149
-0.0101957
1.57038
-0.574817
0.738462
1.08978
2.02507
-0.275087
-1.03664
-0.298618
-2.47689
-0.319235
0.250545
0.598611
-0.784566
1.66458
-0.729209
-0.741588
0.105554
-0.72475
-0.893363
0.0298141
0.218863
0.176569
-0.00585238
0.0390172
0.173375
-2.33785
-1.54621
-2.46521
-1.40718
0.032453
-0.530737
-0.248811
0.392012
-0.15934
-0.0188587
0.608427
0.654826
-2.79635
1.97778
-2.43298
0.0857137
0.0446728
0.220075
0.156829
0.156338
-0.391603
0.982397
0.00395935
0.03549
-0.399989
0.0086469
-0.188274
-1.9968
-0.538357
0.5313
0.779589
-0.447115
-0.0932131
-0.0810742
0.25975
1.52112
0.108822
-1.41335
-0.0555942
0.0943496
-0.850988
0.195836
0.895694
0.0194537
-0.00719312
0.0113598
-0.00172592
0.002994
-0.0568596
-0.793903
2.32291
0.895442
1.81717
0.196598
-0.40379
0.708525
-0.102307
-0.269497
0.0660057
1.14914
-0.694712
0.391543
-2.26872
1.8482
-0.613876
0.115347
2.82525
-0.626287
-0.191402
0.215556
-0.238331
0.0106167
0.172297
-0.36845
-1.28249
0.11701
1.63957
-0.896838
-0.502349
-0.0209433
-1.02592
0.0689777
-0.755133
0.0644199
-0.342288
0.260718
0.328036
0.0650418
0.360418
0.221379
0.215255
-0.468379
0.0987224
-0.403333
-0.0438599
-0.0124655
-0.0450368
-0.0875203
0.981501
0.736822
1.79616
-2.49456
1.93245
0.184349
0.0548985
0.0578229
-0.105234
0.0420254
0.0406386
-0.532477
-0.514353
-0.0452121
-1.01335
-1.66714
-1.94419
2.19817
0.204959
0.148743
-0.223097
-0.329061
0.00405608
-0.124195
-0.661602
0.0817942
0.214896
-0.133195
0.0951785
-0.455242
0.0121316
0.28918
-0.165317
0.00314124
-0.0320383
-0.0058219
-0.169417
-0.211242
2.38892
-0.128404
0.232407
-0.377343
0.410805
0.0257177
-2.08763
-0.588032
-0.00301867
-0.0449225
0.150792
0.351558
-0.971203
-1.15965
1.73563
-2.29137
0.0615147
-0.925473
0.049736
0.381974
0.00770389
-0.172464
-0.097778
-0.423686
-1.127
-0.876149
1.84686
1.35191
-2.70167
-1.30731
0.0784677
0.718512
-0.199503
0.00902146
0.0466826
-0.210247
0.174775
2.05401
-0.299712
-3.52356
2.05057
-0.223648
-0.750129
-0.135719
-1.73098
-1.18276
0.526917
0.31119
1.06857
-0.976933
0.391934
-0.0202662
-1.42273
-1.62995
0.0993437
0.337144
0.31406
-0.0122353
0.0725322
-0.841263
0.0328511
-0.031051
-0.394716
-1.27355
2.82073
-0.214294
0.913071
-0.0716126
0.580845
0.0829397
0.194635
-2.40268
-0.137984
-2.88533
0.736268
-0.157292
-2.63636
1.96267
-0.692101
0.569377
-0.374889
-0.246361
0.0174213
0.394964
-0.820496
0.0930415
-0.493757
-0.0508314
-1.60158
0.185431
-0.0740957
-1.02876
0.408456
-0.298484
0.588272
-0.172772
-0.279352
0.688753
0.237231
0.349877
0.295336
-1.09756
-0.791156
-2.53284
0.914259
-0.424511
-0.00931998
0.0715442
-0.578426
-0.365222
0.607269
-0.759752
0.530356
-0.0930966
0.427364
3.07929
-0.744036
2.82848
0.0950805
-0.274672
-0.179794
-0.015712
-0.248701
-0.25275
0.303196
0.366631
0.0703109
3.71252
-2.31181
-2.16724
0.0947827
0.0206421
0.604955
-1.08819
0.030363
-0.86166
0.275266
0.850423
0.234936
-0.484086
1.19499
-2.15552
0.408638
-0.530589
-0.10074
0.0886972
0.215611
0.271246
-0.888296
-0.154332
-1.42026
0.00184904
-2.0662
0.985512
0.0878057
-0.00360168
0.0579942
0.0327703
0.138586
0.113099
0.0635696
0.102051
-0.00726948
-0.305587
-2.25916
-2.791
-1.06185
0.0230375
0.0327758
-0.424085
-0.029331
0.176471
0.0150048
0.0971976
0.115645
0.0145727
-2.02319
-1.28401
-0.996798
1.46918
-0.00216401
0.154097
-0.306796
-0.00384484
-0.142605
0.378618
0.25393
0.115195
0.117258
-2.54047
0.0559654
-0.0830666
-0.0268945
0.22447
0.0906624
0.317061
0.135982
-0.000168027
-0.619992
-0.162389
-0.112923
0.0828914
-2.23499
-0.0732698
2.12828
-0.0158874
-0.186618
0.119841
-0.600518
-0.789763
-0.145971
0.327265
0.00161322
-0.247195
0.095142
0.333614
-2.82597
0.912985
-0.102061
-0.536049
-0.014338
-0.220618
0.114476
-0.132207
-0.128052
-0.0259693
-1.67652
-0.520504
0.395565
0.0020317
-0.154943
-0.133243
2.07776
-0.0217254
-0.207903
-0.0387402
-0.394859
0.0104632
-0.0048082
0.0481003
0.141922
1.25268
0.199011
-0.179278
0.451065
-0.467662
-0.211046
0.0401964
-0.421887
0.0262743
0.0955406
-0.287256
-0.909716
-0.0129114
-1.37926
0.149534
-0.33302
-0.0122907
-0.100886
-0.248158
0.334608
0.36302
0.0805043
-0.271653
-2.05172
1.96575
-0.0701078
-0.107553
-1.25657
-0.86616
-0.255605
0.0221794
0.223865
-0.0996707
-0.0530345
3.14203
-0.475318
1.48906
2.15925
-0.0587932
-0.567917
0.0657966
-0.236275
-0.12715
-0.121293
-0.551082
-0.0565608
-0.260875
-3.02528
0.306684
-0.0494974
-0.155522
-0.0556229
0.217528
0.0250889
0.0411614
0.0347278
-0.527583
0.0611843
0.000907176
-1.17238
0.874919
0.110204
-1.34718
2.06962
0.930508
0.157415
-0.30108
0.108838
0.00977114
1.61977
-0.673683
-0.616657
-0.690315
1.51158
-2.2227
-0.839499
-2.41332
0.550129
-0.271778
0.101564
0.544686
-0.0331474
0.109782
-2.8976
-0.677219
-1.71782
-1.49001
0.156623
-0.891618
-0.031494
-0.361685
-0.00806594
0.466626
0.863021
-0.258942
1.78381
0.247066
-0.556564
-0.309469
0.585195
0.597475
0.404729
-0.709577
-0.106594
-0.635712
-0.900165
-0.232097
0.00625977
0.171748
-0.00309136
-0.00222942
-2.47829
-1.04151
2.23462
0.0675956
0.101743
0.0623925
0.0246527
0.039281
0.0359396
-0.0351249
-0.061205
-0.128944
1.56305
1.11982
-0.60139
-0.15748
-0.101521
0.0197907
0.188798
0.0335894
0.237243
-0.218456
1.96539
-1.9174
0.00310011
0.0761075
2.45637
0.868322
1.29025
2.36343
-0.119458
0.271074
0.0832522
0.155711
0.115096
0.96259
0.000757295
0.0406561
0.196592
-1.25498
0.273071
0.0684821
-0.125196
-0.00893551
-0.10452
0.0650574
2.51183
0.148371
-0.00898324
0.108495
-2.49282
-2.23569
-3.30539
0.727527
-0.438433
-0.0417017
-1.46169
0.452602
1.39728
-0.468557
0.218534
-0.307224
-2.43763
-3.02052
0.43846
0.803958
-0.0705258
1.9594
0.0384788
2.02152
-0.682942
0.651548
-0.991136
0.989963
0.488497
-0.752894
-2.59727
-3.1427
0.132844
0.721726
0.125093
-0.308612
1.16611
-1.38254
3.09884
1.65535
1.41019
-0.322714
-1.15437
-1.12348
-0.710141
-1.29579
0.71804
2.62876
-0.00035884
0.414938
0.0839949
-0.00154747
0.014687
0.00895326
2.24673
0.0927194
0.526937
-0.00159636
0.00688587
-0.029072
0.271766
-0.0438511
-0.0431935
0.0121232
-1.31367
-0.756624
-2.56746
2.34319
2.15243
0.915863
0.202445
0.0321789
0.144765
0.0774905
0.044429
0.24102
0.00086283
-1.80307
0.247517
-0.838496
0.242572
-0.170386
-2.42786
-1.59561
0.0276005
-0.280313
0.101797
0.24485
0.0227011
-0.176317
0.0850244
2.02237
1.14861
0.00209215
2.19369
0.48305
0.771693
0.0892787
-0.49378
0.00163311
-0.0146712
-0.0265452
-0.232155
-0.315706
-1.7751
1.3689
0.437323
0.354846
0.32482
-0.247799
0.0345935
-0.180976
0.00256225
0.00950192
-0.196224
1.24615
0.835527
1.61861
-1.01956
-1.70508
-0.133377
0.0204898
0.325432
0.174625
-0.0804444
0.000586197
-0.303845
-0.20725
0.0558705
0.125406
-0.24183
1.19526
-0.51031
-0.0889863
-0.0909841
-0.247714
-0.0239829
-0.107461
-0.0684727
-0.183998
0.378052
-2.01281
-2.40792
0.0494492
-1.3303
-0.144656
0.0220225
-1.42586
-0.373128
-0.00257435
0.00767304
0.842505
1.43493
1.03915
0.324831
2.78785
2.47044
0.570856
0.228234
0.858704
0.176709
0.150747
0.0219147
-0.118238
1.08113
-0.931246
-0.962717
0.245282
0.338485
-1.23586
0.685796
-0.927682
0.571056
0.796219
0.00121481
0.151471
0.17829
-1.14694
-1.45102
1.7451
-0.348965
0.180408
-0.0995768
0.278949
-0.00322317
-1.05457
-0.794446
1.2926
-2.0253
0.0936027
0.56053
-0.442444
-0.841027
-1.85903
-0.812006
0.0939187
-0.338101
0.0244133
-0.0132366
-0.0430653
-0.0714529
0.0381802
1.50897
-0.362203
-1.4916
3.10781
0.385115
0.0434642
-0.00285159
-0.062379
0.0324557
0.0410606
-0.350009
-0.52986
0.0330438
-2.29546
2.93171
1.90634
-0.635734
0.341611
0.260428
-0.337014
-0.0710701
0.00237359
-0.169699
-0.343004
2.94855
0.282138
-0.190971
2.72516
-3.15905
0.0417185
-0.0263043
-0.280905
0.0410706
-0.0560581
0.201807
-0.226312
0.161105
-0.283591
2.86872
0.246505
-2.15345
0.232859
0.093602
0.406309
0.104153
-0.0111686
0.0122717
-0.14193
1.3069
1.64984
0.247525
-2.17041
0.273242
-3.10434
-0.32014
0.086864
-0.511721
0.121429
-0.221066
0.318144
-0.121343
1.64554
-0.23777
0.173491
0.572673
2.18078
0.277456
0.431376
-0.239739
0.0502028
-0.0287428
0.0135188
0.630884
-0.107753
-1.63272
0.305224
1.68902
3.24321
-0.443082
0.1265
0.218434
1.18127
0.064347
0.741192
-0.280727
-0.160136
-0.331039
-1.5873
-3.33524
2.49981
3.10988
-0.00963364
3.07094
0.194079
-0.0129416
0.0902751
0.74206
-1.48644
-0.277467
0.836916
-0.149398
0.335402
-0.637335
-0.126849
-2.0954
-0.338066
-2.00003
0.215697
0.886508
-0.539774
-1.26544
0.301911
0.136312
-0.255889
-0.104067
-1.66268
2.30175
2.55517
-0.168161
-0.0063276
-0.498695
0.987869
-0.0271626
1.60613
-0.582868
-1.12065
-1.24607
3.61072
-1.21233
-0.8051
1.29645
2.15075
-1.24433
0.489596
-0.237449
-0.522102
1.66047
-0.522215
2.30717
-1.10911
0.995666
-4.19816
-0.0749896
-0.0108205
0.0588384
0.0152367
-1.22133
-2.5745
0.313345
-0.162363
0.078816
1.28445
1.50562
1.05219
-0.676888
1.1054
0.321668
-0.0275601
-0.456583
-2.71519
-0.714529
-0.268088
0.190958
-0.140822
-2.88641
-0.823668
0.0295879
0.211543
0.00220452
1.66713
-0.411118
0.149448
0.332063
-0.398168
-0.154018
1.10646
2.89842
-2.94683
0.553549
-0.145738
0.137243
-0.334185
0.0368471
0.748199
0.289344
1.04277
0.485457
0.385091
-4.18295
0.777196
-0.884411
0.0141831
-0.0066904
1.27588
1.01989
0.478658
-0.378528
0.810659
-0.138145
0.436335
0.364019
-2.84005
-3.09774
-0.122162
-0.0896836
-0.113104
0.181526
-0.527561
-0.512276
-0.204629
0.222484
0.0306769
-0.181669
0.433871
3.48105
-0.541682
-1.18684
-0.0853623
-0.282961
0.0441546
0.0888
-0.0742523
-0.4549
-0.302907
-0.0451114
1.07616
-0.258271
0.316191
-0.534977
-1.07642
0.692869
-0.143448
-0.0751318
-0.296732
0.00532452
0.141049
0.412595
-2.23684
0.101654
-0.409174
1.52328
1.52307
-0.419191
2.33832
-0.0973905
-0.128799
0.435916
-0.278402
0.349773
0.218424
-1.45901
0.00504425
1.4906
2.85677
1.27788
-0.349007
-0.544691
-0.0664222
-0.272035
-0.094387
0.0613085
-0.11694
0.0402598
0.117282
0.50414
1.08546
2.18184
-0.228304
-3.09627
0.0793752
-0.17463
-0.361247
-0.0576103
-0.691008
-0.618988
-2.74382
1.00082
-2.69099
-0.0103794
0.0583393
-0.244882
0.0473678
-0.287662
-0.0836143
0.478775
-0.488122
0.112998
0.0357547
0.582357
2.08285
-0.728471
1.8025
-0.431551
-0.897412
0.0629642
0.192525
0.330887
-0.0359798
-0.505338
0.0452258
0.0953551
1.02325
0.0133754
0.923024
-0.742757
-0.0211257
-0.243259
-0.0149494
-0.122078
0.381093
0.0903987
-0.539223
-0.526564
0.089912
-2.02352
2.84682
0.0903732
-1.83055
0.919698
-0.488305
0.507241
0.384654
-0.0668565
0.562374
-0.61427
-0.0480865
0.512733
-1.55846
-0.37331
0.27607
-0.536246
0.337533
0.178375
-0.095789
-0.461896
-0.323878
0.000642172
0.12276
-0.213039
-0.00341049
-0.751472
-0.122376
0.53704
-1.53736
-0.0509393
0.12966
0.0728768
0.128834
-0.624982
0.177504
-0.0511678
-0.934863
-2.21913
2.47593
-1.23017
0.651551
-1.40141
0.185808
-0.318495
-0.0256132
0.343134
-1.05659
-0.152553
0.667512
1.86074
0.96716
-0.243714
1.35428
0.574563
-2.10023
1.14468
0.174476
0.175795
0.463049
0.199614
0.72718
0.220615
1.41126
2.59373
0.494071
-0.668168
-0.063935
-0.0253906
0.5906
-0.636116
0.0895158
-0.407137
-0.0331228
-0.014047
2.47795
-0.115269
-0.170145
-0.209311
0.184326
-0.167257
0.356547
0.132502
0.00550257
0.0146165
-0.0436566
0.0225916
2.76574
0.626461
-1.274
-1.11045
-0.286961
2.74956
0.0262687
-0.107999
-0.0191254
0.168831
0.0560117
-0.113797
0.461938
-1.05958
1.02904
1.74809
-0.912156
-0.196944
-0.0244774
-0.661521
0.0699832
0.00552353
-0.258085
-0.0369366
-1.19123
1.03961
-2.58223
2.87351
-0.231548
0.0106563
1.60707
-0.487072
0.0676904
-0.00291215
-0.646212
0.162746
-0.0016676
-0.0222161
-0.0162708
-2.34768
-1.60169
-0.21603
-0.145191
0.544454
0.401709
0.233487
-1.36625
-0.193137
-2.47956
-0.775657
0.281758
1.63281
-2.17392
1.02181
0.190319
-1.64434
0.0357374
-1.38547
-0.0402843
0.314269
0.377317
2.90537
0.0813088
-2.77846
1.07674
1.11242
-0.137503
-2.87843
0.081341
-0.0408753
0.179302
0.886583
-1.2301
1.57057
-0.147912
-1.51623
0.98688
-0.273734
1.83472
1.02207
1.53345
-0.58415
0.000829269
0.00743287
0.0347074
-0.00445912
0.0245873
0.125052
-0.297057
-1.33103
1.99185
0.172102
0.151845
-0.30935
0.271911
-0.0228834
0.0235489
-1.70822
-0.0072776
-2.30098
1.55856
-1.06404
-0.459723
-2.47082
0.342248
0.0810189
-0.240971
-0.273848
0.68274
0.0454333
-0.000118666
0.131968
-0.0634539
0.661785
-2.67651
2.06816
1.98859
0.0766674
-0.0138335
-0.0377577
0.154295
-0.275403
-0.507538
0.430683
-1.06904
0.386059
-1.31408
0.34193
-0.287453
-0.427735
-0.800067
0.0309657
1.69723
-0.0158004
-0.00897874
0.0225031
0.0528642
-0.682011
-0.8131
-0.0511246
-1.91911
-1.16423
-0.585029
-0.806896
0.870103
-0.0609526
0.122013
0.075322
0.306461
-0.283635
0.81177
0.41894
1.92021
1.71844
-0.32188
1.29411
-0.989474
-1.21081
0.17543
-0.00553637
-0.32744
-2.48156
2.9838
-3.14214
-1.05574
0.167902
1.44315
0.320078
1.26168
-0.328922
2.0372
-0.412308
0.875775
-0.371515
0.334203
3.05921
-0.745956
-0.877817
0.511369
3.2886
-0.0157106
0.179376
-0.260963
-0.00155876
0.0443999
0.78889
0.27634
0.610373
1.00722
0.616759
-0.116725
-0.994411
0.849567
0.92177
-0.124357
0.0339307
0.103913
-0.341094
0.00633794
-0.397186
-1.58884
-3.11979
2.30128
1.25781
-0.830476
-1.48318
0.433035
1.80317
0.00171086
0.101151
-0.372337
0.0105268
-1.92085
-1.82594
2.19222
2.17959
0.653103
1.56322
0.326236
-1.55019
-0.976029
0.917891
0.172862
0.0653117
0.107647
0.309778
-0.160677
-3.41138
0.71373
0.0558349
-0.129183
0.177439
-0.0154853
-0.0258343
0.0556398
0.592144
-0.231431
0.565059
1.59671
0.405764
-0.244734
-0.349094
-0.604734
0.178657
-0.0535902
0.0861319
-0.257661
-0.544064
0.281742
0.197419
0.0785038
-0.322429
2.51999
0.136351
0.428038
-0.00753219
-0.269922
0.00467679
-0.053298
0.0226918
0.0521445
-0.0975519
-0.104305
-1.96069
-1.23186
0.840952
-1.75639
-0.479811
0.394496
0.705132
0.23521
-0.0492842
-2.31821
0.552284
-0.048081
0.286664
1.27962
-0.405059
0.00624652
0.80571
-0.313632
-0.00520327
-0.0311368
-0.642782
1.24504
0.137583
-0.710917
0.070287
0.00628619
-0.0407433
-0.341469
0.529626
-2.61124
-0.074578
0.00634193
-0.0430457
-0.0395931
1.48949
0.0409308
-0.151305
-0.155508
0.0705736
0.273365
-2.97842
-1.5129
-0.2742
2.83212
0.122935
0.593771
-0.0503782
-0.960985
-0.316735
-0.414658
0.297766
-2.53526
1.55257
0.0304848
0.158743
-1.18228
-0.860106
0.282891
0.0973589
0.634701
-0.165651
0.362328
1.34227
4.79794
-0.0110899
2.13446
0.0293838
-0.00783772
-0.426452
0.0113803
0.118354
0.637943
-0.163024
0.45203
-0.053416
-0.0439259
-2.79392
-0.065351
0.016627
-0.0785133
0.0498898
-0.0429223
-0.0202801
-0.143347
0.17235
-0.0371965
0.347562
0.0254413
-1.48271
0.00890714
0.8787
0.214033
0.00384617
0.181776
-0.202578
-0.0368731
-0.347189
-0.001563
-0.123361
0.223083
-2.3669
2.67086
-1.28142
-2.52826
-0.00963481
-0.129771
0.427523
-0.361603
0.0906165
0.0493863
-0.138301
0.283993
0.5492
0.0701437
2.74025
0.31071
-0.011333
2.47172
-0.749205
-0.720754
-0.854852
-0.998079
-0.0938339
-0.0951014
-0.837895
-0.140116
0.940989
-0.277513
0.156929
0.231527
1.55736
-0.0245939
1.0836
-0.126954
-0.0769128
-0.214869
0.250432
0.953637
-0.797368
-1.26142
-2.74801
0.625599
2.33877
-0.24743
-0.0254232
-0.718508
0.0546055
0.286425
0.965697
-0.55042
0.4453
1.96157
-0.735772
0.67683
-0.255077
0.111007
0.671632
0.623024
-0.366031
-0.721748
0.548069
3.22193
0.00133323
0.397763
0.0466646
-0.00864551
0.0763977
2.22108
-0.0440163
-0.193299
-0.209099
0.421022
-0.0977518
0.104128
0.335471
-2.12007
-0.0200301
0.24974
3.08859
-0.463368
-0.0471535
-0.397896
0.0893536
0.0374631
0.000549048
0.0287025
0.173508
1.65914
2.17954
0.522555
0.00237892
0.644992
-0.217371
-0.0347859
-0.188116
0.218981
-0.227696
0.584145
0.301212
-2.01671
0.0563919
-0.543315
-2.35942
1.5556
1.07686
-0.47393
0.515906
0.415576
-0.0371464
0.41306
-1.53514
0.0755276
-0.834586
-0.0619255
-0.00426099
-0.0233775
-0.204358
0.284793
-0.282307
0.365156
-0.115107
0.0660097
0.837267
0.0376008
0.809618
-0.722663
0.114655
-0.270906
-0.17998
-1.3843
-0.263251
-0.872798
0.203937
-0.0290841
-0.0128172
-0.910166
-0.907037
0.393089
0.34547
2.0946
-1.26973
-0.658751
0.117446
-0.173964
-0.177119
-1.06277
0.429666
-0.0336238
0.939566
-2.69573
-0.200403
-1.37362
0.0320342
-0.359976
0.13667
0.0902016
-0.177844
-0.605878
-0.779513
-0.278283
0.00290621
0.141914
-0.023858
-0.00329157
0.0168666
0.0525932
-0.378138
2.28106
0.10437
0.503982
-0.0474138
0.232122
-0.0815486
0.284253
-0.0550188
-0.00589844
0.749338
1.04882
-0.000296011
-1.33041
0.0418549
-0.118433
0.501027
0.0313617
-0.377149
-0.037275
0.487103
-2.28628
-2.51616
0.298812
-0.527561
-0.0351882
0.0871123
0.111351
0.182185
0.322542
0.214169
-0.114243
0.10201
-2.21691
-0.00411937
-0.701056
1.8879
-0.500476
0.424008
0.368392
-0.286469
-0.056439
0.186673
0.055531
-0.739985
-0.105775
-0.0103464
-0.032499
2.99608
0.310437
-0.773815
0.871402
-0.169521
0.22837
-0.268394
-1.06787
-0.0390785
-0.440298
-2.84518
-0.326501
0.275236
-0.487388
-0.194764
-0.56877
-0.0415546
0.383516
-0.106766
0.339718
-0.890093
-0.402835
0.655336
0.00639674
-0.741657
-0.881763
0.0605684
-0.142818
0.473593
0.115589
0.116904
0.216942
0.216494
-0.193933
-0.284873
-2.96133
2.13932
1.28463
0.552172
-0.557567
-0.592398
0.00802355
-0.161522
-0.264667
0.0174628
-0.442707
0.408669
-0.00870794
-0.00951363
0.010988
0.841199
1.32727
1.06947
0.555032
-0.107228
0.870485
1.04925
-0.353849
-0.044681
-0.0603565
0.103199
-0.89549
-1.64482
-3.15347
-2.13715
0.0965785
-0.379992
0.0339207
-0.974368
0.12921
-0.567989
0.212034
0.0139816
0.917992
-1.72094
2.34021
-0.955899
-2.02624
-2.0089
0.481507
0.0847285
0.378877
0.361521
0.313077
0.00935688
-0.266489
0.326904
-0.918028
0.757862
-0.0172041
-0.0721599
0.106494
0.790727
0.0297685
-0.0523533
0.0564177
-0.0063456
0.00920114
0.044385
-0.250863
-0.186142
-0.334063
0.225609
0.211591
0.21834
-0.129387
-0.382068
0.328163
-0.113232
0.0584837
0.744281
-0.365307
-0.772487
0.13836
0.00962013
-0.387164
0.0322914
-1.05367
0.790802
-0.130605
0.58745
0.0100174
-0.177305
-0.174802
-1.87017
1.57142
0.0429904
-0.625246
-2.35652
0.558858
-0.597
-0.274456
-0.532047
0.249097
-0.478244
0.610702
-0.12807
1.32269
-0.109508
0.419335
-0.0536471
0.265298
0.0736612
0.377456
-0.000311305
-0.0144841
0.0174236
-0.114979
0.0718108
-0.334124
-0.782501
-0.118618
-0.341924
-0.225379
-0.308937
-0.785334
0.156634
-0.0497903
-0.321313
0.890622
-0.423354
-1.08329
0.0675177
0.496313
-0.944513
-0.293371
-0.323327
0.317184
-0.9489
0.280279
0.0138594
-0.180484
-0.627516
-1.85664
0.559377
-0.338293
-1.90197
-1.92816
0.365722
-0.552353
0.116853
-0.247037
-0.154703
-0.360868
-2.54451
-0.617942
-0.0676567
-1.04314
-2.00496
-0.0576241
0.758934
0.0341833
0.975892
0.218754
-0.0127419
0.00577648
-0.285491
0.054429
0.239812
-0.780514
0.208353
0.186007
-1.30134
0.0634738
-0.0781692
0.169185
-0.142558
0.132129
0.715662
-2.80433
2.79085
1.21977
0.769039
-0.62061
-0.0470217
0.890067
0.167902
0.521759
-0.501738
-0.0164469
-0.00502522
0.97843
-0.143886
-0.796125
0.254435
0.119615
-0.884179
-0.0943087
-1.01498
-0.119399
1.3417
0.533243
-1.04362
0.281724
-0.143781
0.25145
2.22694
1.8532
1.10672
2.18344
0.0637283
0.463568
0.681294
-0.016722
-0.00634761
0.870277
-0.17326
1.13403
-1.41888
0.25111
-0.0507725
-2.43656
0.5558
0.0129559
-0.215844
0.0224753
-0.321169
0.969699
-0.0159741
0.423007
0.780271
-0.109556
-1.81875
0.0943802
-0.0150983
-0.736723
-0.232548
1.30046
-0.00577878
-0.470004
1.29748
-0.162328
-1.69131
-0.242816
0.25998
0.524429
0.660896
-1.2585
0.391863
1.25499
0.0307251
-1.51463
0.0819467
-0.165664
-1.6468
-0.130866
1.83891
3.688
1.15903
-0.0196051
0.117358
-0.0930674
-0.0460219
0.504669
0.0716608
0.249936
-0.393211
-0.144883
0.114243
-0.444268
0.605829
-0.46867
0.224406
-0.163784
-0.101515
-0.401788
-0.100203
0.181515
0.713492
-0.568807
-0.354384
0.427153
-0.0883027
0.522726
3.03666
0.504565
0.0608803
0.0954442
0.302083
0.030199
-0.532151
0.395155
-0.29481
0.558221
0.601238
0.28263
0.189655
0.460548
0.153132
2.02861
-0.20947
0.45704
0.168178
0.0171556
-0.348124
-0.108125
-0.139865
-1.25929
-0.722921
-0.0737992
-0.0343978
0.146341
5.72532
-4.56635
2.60333
-0.929888
-0.12315
0.171235
-0.389654
-0.690167
-0.997037
0.0875391
-0.632573
0.214595
-0.974617
0.0729279
-0.137767
0.232803
-0.362198
-0.589098
0.294383
-1.75359
-6.48564
2.16334
-3.73406
-0.712642
-3.01067
-0.360049
-0.622911
-1.02624
-3.74805
0.402741
-1.82822
-1.27521
2.17182
-1.7736
1.17942
-0.355838
-0.941462
0.0361488
0.344519
0.160019
-1.51037
3.2687
0.943268
4.37365
-0.20873
-2.45612
3.40295
1.06855
-1.74479
0.0322112
-1.48007
2.36081
-0.510697
0.201598
-0.0877843
-0.295243
-0.99948
0.903779
0.271421
0.518892
-0.352916
-0.422949
-0.0297913
0.073433
-1.84457
-0.39832
-1.37215
-0.870254
-0.308739
-0.747726
-0.205488
-0.12486
-8.75494
8.43825
-7.99112
4.53522
1.51127
-1.111
-1.15512
0.225318
-0.674939
0.0910199
-0.105781
0.430909
-5.15493
2.78359
-1.97215
0.17257
-0.833465
-0.744343
-0.34542
0.290713
-0.974302
0.344909
-3.97437
1.41515
4.17794
-1.4922
2.98294
-3.79282
1.71722
-1.02739
5.43418
-1.44448
-1.75795
-0.00747144
-1.22866
-3.27269
0.064914
0.0666611
-0.142519
0.217272
-0.201807
0.217086
0.0485873
0.557448
-0.375088
1.39752
1.10475
0.241864
-0.989016
0.0263085
-0.187254
0.452395
6.72943
-7.78388
0.373429
-1.3574
-0.643903
-1.83036
-0.656341
0.202605
-3.52969
8.02153
-4.19984
3.76538
-5.49926
5.06362
-1.28036
-0.724258
1.30144
-1.51171
0.52625
-4.67885
1.00162
-2.73117
-1.1747
2.29701
-0.0430539
-1.98141
-0.475704
-0.344978
2.18636
-0.431385
-1.18815
0.730677
0.735277
-0.370009
1.87047
-0.756057
-2.18098
-2.1496
-2.33317
-0.42906
-0.556083
-0.193813
-0.422969
-0.290565
2.04187
0.145115
1.75948
1.87336
-3.70803
-5.49956
-5.97152
-4.67617
1.62748
-1.55445
-0.0795234
-0.826483
4.67694
-2.55996
3.36907
-1.20725
4.75564
-4.141
1.8074
-2.20956
13.169
-11.6081
0.320846
-8.8144
-1.21975
0.268666
-0.343978
0.102801
