[125, 25, 25, 4]
0.0
0.0
0.0
0.0
0.0
0.0
0.0
0.0
0.0
0.0
0.0
0.0
0.0
0.0
0.0
0.0
0.0
0.0
0.0
0.0
0.0
0.0
0.0
0.0
0.0
0.0
0.0
0.0
0.0
0.0
0.0
-0.135613
0.0
0.0
0.0
1.59221
0.0
0.0
0.0
0.0
0.0
0.0
0.0
0.0
0.0
0.0
0.0
0.0
0.0
0.0
0.0
0.0
0.0
0.0
0.0
0.0
0.0
0.0
0.0
0.0
1.66136
0.0
0.0
0.0
0.0
0.0
0.0
-0.875077
0.0
0.698515
0.0
0.0
0.0
0.0
0.0
0.0
0.283379
0.0
0.0
0.247695
0.0
0.0
0.0
0.0
0.0
-0.324859
0.0
0.0
0.0
0.0
0.0
0.0
0.0
0.0
0.0
0.0
0.0
0.234961
0.0
0.0
0.0
0.0
0.110845
0.0
0.0
0.0
0.0
0.0
0.0
0.0
0.0
0.0
0.0
0.0
0.0
0.0
0.0
0.0
0.0
0.0
0.0
0.0
0.0
0.0
0.0
-0.102002
-0.58571
-1.97951
-0.0982774
0.0881879
0.712455
0.76881
0.138913
-0.157131
0.0726914
0.0628203
0.333684
0.0347327
1.34583
0.176655
0.774722
0.0596928
-0.618799
0.141551
0.0936077
0.00760152
0.40631
0.238314
0.355449
0.0280432
0.0
0.0
0.0
-1.31088
0.0
0.0
0.0
0.0
0.0
0.0
0.0
0.0
0.0
0.0
0.0
0.0
0.0
0.0
0.046997
0.0
0.0
0.0
0.0
0.0
0.0
0.0
0.0
0.0
0.0
-1.18127
0.0
0.0
0.0
0.0
0.0
0.0
0.0
1.25482
0.0
0.0
0.0
0.0
0.0
0.0
0.0
0.0
0.0
0.0
0.0
0.0
0.0
-0.564787
0.0
0.0
0.0
0.0
0.0
0.0
0.0
0.0
0.0
0.0
-0.646433
0.118208
0.0
0.0
0.0
0.0
0.0
0.0
0.0
0.0
0.0
0.0
0.0
0.0
0.0
0.0
0.0
-1.84917
0.0
2.0909
0.0
0.0
0.0
0.0
0.0
0.0
0.0
0.0
0.0
0.0
0.0
0.0
0.0
-0.845654
-2.00955
0.0
0.0
0.0
0.0
0.0
0.0
-0.203119
-0.792144
0.0
0.0
0.0
0.0
0.0
0.0
0.0
-1.10422
0.0
0.0
0.0
0.0
0.0
0.0
0.0
0.0
0.0
0.0
0.0
0.0
0.0
0.0
0.0
0.0
0.0
0.0
0.0
0.0
-0.569093
0.0
0.0
0.0
0.0
0.0
0.930809
0.0
0.0
-0.586291
0.0
0.0
0.0
0.0
0.0
0.0
0.60781
0.0
0.0
-0.442293
0.0
0.0
0.0
0.0
0.0
0.0
0.0
0.0
0.0
0.0
0.808206
0.0
0.0
0.0
2.17934
-1.18721
0.0
0.0
0.0
0.0
0.0
0.0
0.0
0.0
0.0
0.0
0.0
0.0
0.0
0.0
0.0
0.0
0.0
0.0
0.0
-0.193269
-1.55531
0.0
0.0
0.0
0.0
0.0
-0.160188
0.0
0.0
0.0
0.0
0.0
0.0
0.0
0.0
0.0
0.769757
0.0
0.0
0.0
0.0
0.0
0.0
-0.541235
0.0
0.0
0.0
0.0
0.0
-0.536792
0.0
0.0
0.0
0.0
0.0
0.0
0.0
0.0
0.434031
0.0
0.0
0.0
0.0
0.0
0.0
0.0
0.0
0.0
0.0
0.0
0.0
0.0
0.0
0.0
0.0
0.0
0.0
0.0
0.0
0.0
0.0
0.0
0.0
0.0
0.0
0.0
-1.28882
0.0
0.274462
0.0
0.0
1.88649
0.0
0.0
-0.417828
0.0
0.0
0.0
0.0
0.0
0.0
0.0
0.0
0.0
0.0
0.0
0.431868
0.0
0.0
0.0
0.0
0.0
-0.259328
0.117307
1.59221
0.0
0.0
0.0
0.0
0.0
0.0
0.0
0.0
0.0
0.525449
0.0
0.0
0.0
0.0
0.0
0.0
0.799092
0.0
0.0
0.0
-1.12627
0.0
0.0
0.0
0.0
0.0
0.0
0.0
0.0
0.0
0.0
0.0
0.0
0.0
0.477414
0.0
0.0
0.0
0.0
0.0
0.0
0.0
0.0
0.0
0.0
0.0
0.0
0.0
-0.438415
0.0
-0.865377
0.0
0.0
0.0
0.0
0.0
1.71572
0.0
0.0
0.0
0.0
0.0
0.0
0.0
0.0
0.0
0.0
0.0
0.0
0.0
0.0
0.0
0.0
0.0
0.0
0.0
0.0
0.0
0.0
0.0
0.0
0.0
0.0
0.0
0.0
0.0
0.0
0.0
0.0
0.0
0.0
0.0
0.0
0.0
0.0
0.0
0.0
0.0
0.0
1.92256
0.0
0.0
0.0
-0.645154
0.0
0.0
0.0
0.0
0.0
0.0
0.0
0.0
0.0
0.0
0.0
0.0
0.0
0.0
0.0
0.0
0.0
0.0
0.192161
0.0
0.0
0.691943
0.0
0.0
0.0
0.0
-0.430921
0.0
0.0
0.0
0.0
0.200627
0.0
0.16575
0.0
0.75544
0.0
0.0
-1.00187
0.0
0.0
0.0
-0.387376
0.0
0.0
0.0
0.0
0.0
0.0
0.0
-0.54751
-0.394206
0.0
0.0
0.0
0.0
0.0
0.0
0.0
0.0
0.0
0.0
0.0
0.0
0.0
0.0
0.0
0.0
0.0
0.0
0.0
0.0
1.3691
0.0
0.0
0.0
0.0
0.0
1.27043
0.0
0.85412
0.0
0.0
0.0
0.0
0.0
0.0
0.0
0.0
0.0
0.0
1.05359
0.0
0.0
0.0
-0.161665
0.0
0.0
0.0
0.0
0.0
0.0
0.0
0.0
0.0
0.0
0.0
0.0
0.0
0.0
0.0
0.0
0.0
0.0
0.0
0.0
0.0
0.0
0.0
0.0
0.0
0.0
0.0
0.0
0.0
0.0
0.0
0.0
0.0
0.0
0.0
0.0
0.0
0.241711
0.0
0.0
0.0
0.0
0.0
0.0
0.0
0.0
0.610775
0.0
-0.705521
0.0
0.0
0.0
0.0
0.0
0.0
0.0
0.0
0.0
0.0
0.0
0.0
0.0
0.0
0.0
-0.748407
0.0
0.0
0.0
0.0
0.0
0.0
0.0
0.0
0.0
0.869162
0.0
0.0
0.0
0.0
-0.512784
0.0
0.0
0.0
0.0
0.0
0.0
0.0
0.0
0.527011
0.0
-0.528496
0.0
0.0
0.0
0.0
-0.133071
0.0
0.0
0.0
0.0
0.0
0.0
0.0
0.0
0.0
0.0
0.0
0.0
0.0
0.0
0.0
-0.69463
-1.12709
0.0
0.0
0.0
0.0
0.0
0.0
-0.192644
0.0
0.0
0.0
0.0
0.0
0.0
0.0
0.0
0.0
0.198697
-1.11396
0.0
0.0
-0.708411
0.0
0.0
0.0
0.0
0.0
0.0
0.0
0.0
0.0
0.0
0.0
0.0
0.0
0.0
0.0
0.0
0.0
0.0
0.0
0.0
0.0
0.0
-0.191271
-0.085124
0.0
0.0
0.0
0.0
0.0
-0.952794
0.0
0.0
0.0
0.0
0.0
0.0
0.0
0.452538
0.0
0.0
0.0
0.0
0.0
-0.644402
0.0
0.0
0.0
0.0
0.0
0.0
0.0
0.0
0.0
0.0
0.0
0.624623
0.0
0.0
0.0
0.0
0.0
0.0
0.0
0.0
0.0
0.0
0.0
0.0
0.560474
0.0
0.0
0.0
0.0
0.0
0.0
0.0
0.0
0.0
0.0
0.0
0.0
0.0
0.0
0.0
0.0
0.0
0.0
0.0
-0.625306
0.0
0.0
0.0
0.0
0.0291364
0.0
0.0
1.01647
0.0
1.2428
0.0
0.0
0.0
0.099957
0.0
0.0
0.0
0.0
0.593047
0.0
0.0
0.0
0.0
0.00605591
0.0
0.0
0.0
0.0
0.0
0.0
0.0
0.0
0.0
0.0
0.0
0.0
0.0
0.0
0.0
0.0
0.0
0.0
-1.38262
0.0
0.0
0.0
0.0
0.0
0.0
0.0
0.0
0.0
0.0
0.0
-0.209717
0.0
0.0
0.0
0.0
-1.132
0.0
0.0
0.0
0.0
-0.490151
0.0
0.0
0.0
0.0
0.0
0.0
0.0
0.0
0.0880982
0.0
0.0
0.0
0.0
0.0
0.0
0.0
0.0
0.0
0.0
0.0
1.90299
0.0
-0.548152
0.0
0.0
0.0
0.0
0.0
0.0
0.0
0.0
0.0
0.0
0.0
0.0
0.0
0.0
-1.04862
0.0
0.0
0.0
0.0
0.0
0.0
0.0
0.0
0.0
0.0
0.0
0.0
0.0
0.0
0.0
0.0
0.0
-0.181547
0.0
0.0
0.0
-0.244343
0.268226
0.0
0.0
0.0
0.0
0.0
0.0
0.0
0.0
0.0
0.0
0.0
0.0
0.0
0.0
0.0
1.81353
0.0
0.0
0.0
0.0
0.0
0.0
0.0
0.0
0.0
0.0
0.0
0.0
-0.234107
0.0
0.0
-1.58104
0.0
0.0
0.898676
0.0
0.0
0.0
0.0
0.0
0.0
0.169157
0.0
0.0
0.0
0.0
0.0
0.0
0.0
0.0
0.0
0.0
0.0
0.0
0.0
0.0
0.0
0.0
0.0
0.0
0.0
0.0
0.0
0.0
0.0
0.0
0.0
0.0
-0.886928
0.0
0.0
0.0
0.0
0.0869713
0.0
0.0
0.0
0.0
0.0
0.0
0.0
0.0
0.0
0.0
0.0
0.0
0.0
0.0
0.0
0.0
0.0
0.0
0.0
0.0
0.568509
1.97812
0.0
0.0
0.0
0.0
0.0
0.0
0.0
0.0
0.0
0.0663956
0.0
0.0
-1.20151
0.0
0.0
0.0
0.0
0.0
0.0
0.0
0.0
0.0
0.0
0.0
0.0
0.0
0.0
0.0
0.0
0.0
0.0
0.0
0.0
0.0
0.0
0.0
0.0
0.0
0.0
0.0
0.0
0.0
0.0
0.0
0.0
0.0
0.0
0.0
0.0
0.0
0.0
0.0
0.0
-0.0500089
0.0
0.0
0.0
0.0
0.0
0.0
0.0
0.0
0.0
0.0
0.0
0.0
0.0
0.0
-0.832396
0.0
0.0
0.302183
0.0
-0.85435
0.0
0.0
0.0
0.0
0.0
0.0
0.0
0.0
0.0
0.0
-0.897135
0.0
0.0
0.0
0.0
0.0
0.0
0.0
0.0
0.0
0.0
0.0
0.0
0.0
0.0
0.0
0.0
0.0
0.0
0.0
0.0
0.0
0.0
0.0
0.0
0.0
0.0
-0.421393
0.0
0.0
0.0
0.0
0.0
-1.03977
0.0
0.0
0.0
0.0
0.0
0.0
0.109889
0.0
0.0
0.0
0.0
0.0
-0.170995
0.0
0.0
-0.565253
0.0
0.0
0.0
0.0
0.0
0.0
-1.0438
0.0
0.0
0.0
0.0
0.0
0.0
0.0
0.0
0.0
0.0
0.0
0.0
0.0
0.0
-0.294077
0.0
0.0
0.0
0.0
0.0
0.0
0.0
0.0
0.0
0.0
0.0
0.0
0.0
0.0
0.0
0.0
1.49591
0.0
0.0
0.0
0.0
-0.83319
0.331952
0.0
1.52713
0.0
0.0
0.0
0.0
0.0
0.0
0.0
0.0
0.0
0.0
0.0
0.0
0.0
0.0
0.0
0.0
0.0
0.0
0.0
0.0
0.0
0.0
0.0
1.41535
0.64632
0.0
0.0
0.0
0.0
0.0
0.0
1.65304
0.0
0.0
0.0
0.0
0.0
0.0
0.0
0.0
0.0
0.0
0.0
0.0
0.0
2.20224
0.0
0.0
0.0
0.0
0.0
0.0
0.0
-0.0418943
0.0
-0.622024
1.47056
0.0
0.0
0.0
-0.10838
0.0
0.0
0.0
0.0
0.0
0.0
0.0
0.0
0.0
0.0
0.0
0.0
0.0
0.0
0.0
0.0
0.0
0.0
0.0
-1.65097
0.58007
0.0
0.0
0.0
0.612051
0.0
0.0
0.0
0.0
0.0
0.0
0.0
0.0
0.0
0.0
0.0
0.0
0.0
0.0
0.0
0.0
0.0
0.0
0.0
0.224782
0.0
0.0
0.651694
0.0
0.0
0.0
0.0
0.0
-1.24569
-0.11089
0.509389
0.772886
0.705178
0.795987
-0.652252
0.132707
0.222956
-0.794249
0.0695196
0.177599
0.398414
0.617144
-1.916
-0.0971025
-0.0908078
0.998207
-0.814524
-0.230468
0.123855
0.657747
0.314784
0.194987
0.567441
0.702831
0.0
0.0
0.0
0.0
0.0
0.0
0.0
0.0
0.0
0.0
0.0
0.583423
0.0
0.0
0.0
0.0
0.0
0.0
0.0
0.0
0.0
0.0
0.0
0.0
0.0
1.57687
0.0
0.0
0.0
0.0
0.0
0.0
0.0
0.0
-0.786635
0.0
0.0
0.0
0.0
0.0
0.0
0.921629
0.0290561
0.0
0.0
0.0
0.0
0.0
0.0
0.0
0.0
0.0
0.337496
0.0
0.0
0.414076
0.0
0.0
0.0
0.0
0.0
0.0
0.0
0.0
0.0
0.0
0.0
0.0
0.0
0.0
0.0
0.0
0.0
0.0
0.0
0.0
0.0
-0.0887202
0.0
0.0
0.0
0.0
0.0
0.0
0.0
-1.26816
0.0
0.0
0.0
0.0
0.0
0.0
0.964189
0.119924
-0.689942
0.0
0.0
0.0
0.0
0.0
0.0
0.0
0.475554
-0.340725
0.0
0.0
-1.77339
-0.460462
-0.636541
0.0
0.0
0.0
0.0
0.0
-0.349752
0.0
0.0
0.0
0.0
0.0
0.0
0.0
0.0
0.0
0.0
0.0
0.0
0.0
0.0
0.0
0.0
0.0
0.0
0.0
0.0
0.0
0.0
-0.29502
0.0
0.0
0.0
0.0
0.0
0.492519
0.0
0.0
0.0
0.697412
0.0
0.0
0.0
-0.168758
0.0
0.0
0.0
0.0
0.0
0.0
0.0
0.0
0.0
0.0
0.0
0.0
0.0
0.0
0.0
0.0
-1.04858
0.0
0.905905
0.269173
0.0
0.0
0.0
0.0
0.0
0.0
0.0
0.0
0.0
0.0
0.0
0.0
0.0
0.0
0.0
0.0
0.0
0.0
0.0
0.0
0.0
0.0
0.0
0.0
0.0
0.0
0.0
0.0
0.0
0.0
0.0
0.0
0.523564
0.0
0.0
0.0
0.0
0.0
0.0
-0.597658
0.0
0.0
0.0
0.0
0.0
-0.0221795
0.0
-0.428307
0.0
-0.931231
0.0
0.0
0.0
-0.341352
-0.132738
-0.570905
-0.318888
1.1594
-0.8333
-0.515015
-0.0960752
0.00520203
-0.132014
-0.313463
-0.191962
0.924015
-0.437064
0.543731
-0.34138
-1.1709
-0.341606
-0.336585
-0.211677
1.26839
0.20929
-0.00350257
0.0450524
0.515951
0.0
0.0
0.0
0.0
0.0
0.0
0.0
0.0
0.302962
0.0
0.0
0.0
0.0
0.0
0.0
0.0
0.0
0.0
0.0
0.0
0.0
0.0
0.0
0.0
2.5404
0.0
0.0
0.0
-1.20631
0.0
0.0
0.0
0.0
0.0
0.0
0.0
0.0
0.0
0.0
0.0
0.0
0.0
0.0
0.0
0.0
0.0
0.0
0.0
0.0
0.0
0.0
0.0
0.0
0.0
0.0
0.0
0.0
-0.270749
0.0
0.0
0.0
0.0
0.0
0.0
0.0
0.0
0.0
0.0
0.0
0.0
0.0
0.0
0.0
0.0
0.0
0.0
0.0
0.0
0.0
0.0
0.0
0.0
0.0
0.0
0.0
0.0
0.0
0.0
0.0
0.0
0.0
0.0
0.0
0.0
0.0
0.0
0.0
0.554274
0.0
0.0
0.0
2.27472
0.0
0.0
0.0
0.0
0.0
0.721893
0.0
0.0
0.0
0.0
0.0
0.0
0.0
0.0
0.0
0.0
0.0
0.0
0.0
0.0
0.0
-0.0910257
0.0
0.0
0.0
-0.247835
0.0
0.0
0.0
0.0
0.0
0.562217
0.0
0.0
0.0
0.0
0.0
0.0
0.0
0.0
0.0
0.0
0.0
0.0
0.0
0.0
0.0
0.0
1.41725
0.695693
0.0
0.0
0.16022
0.0
0.0
0.0
0.0
-1.72662
0.0
0.0
-0.363255
0.0
0.0
-0.275287
0.0
0.0
0.0
0.0
0.0
0.0
0.0
0.0
0.0
0.0
0.0
0.27584
0.0
0.0
0.0
0.0
0.0
0.0
0.0
-3.28392
0.0
0.0
0.0
0.0
0.0
0.0
0.0
0.933227
0.0
0.0
0.076091
0.93962
0.0
0.0
0.0
0.0
0.0
0.0
0.0
0.0
0.0
0.0
0.0
0.0
0.0
0.0
0.0
0.0
-0.59736
0.0
0.0
0.0
0.0
0.0
0.0
0.0
1.20227
0.0
0.0
0.0
0.0
0.0
0.0
0.0
0.0
0.0
0.0
0.0
0.0
0.0
0.0
0.0
0.0
0.0
0.0
0.0
0.0
0.0
0.0
-1.6205
0.0
0.0
-0.713075
0.0
0.0
0.0
0.0
0.0
0.0
0.0
0.0
-0.116148
0.0
0.0
0.0
0.0
-0.447364
0.0
0.0
0.0
0.0
0.0
0.0
0.0
0.0
0.0
0.0
0.0
0.472472
0.0
0.0
0.0
0.0
0.0
0.0
0.0
0.0
0.0
0.0
0.0
-0.775736
0.0
0.0
0.0
0.378217
0.0
0.0
0.0
0.0
0.0
1.07247
0.0
1.12711
0.0
0.0
0.0
0.0
0.0
0.0
0.0
0.0
0.0
0.0
0.675828
0.0
0.0
0.0
0.0
0.0
0.0
0.0
0.0
-0.0851836
0.0
0.0
0.0
0.0
0.0
0.0
0.0
0.0
0.0
0.0
0.0
0.0
0.0
0.0
0.0
0.0
0.0
0.0
0.0
0.0
0.0
0.0
-0.190411
0.0
0.0
0.0
0.0
0.0
0.0
0.0
0.0
0.0
0.0
0.0
-1.84662
0.0
0.0
0.0
0.0
0.0
0.0
0.0
0.1801
0.0
0.0
0.0
0.0
0.0
0.0
0.0
0.0
-0.655273
0.0
0.0
0.0
0.0
0.0
0.0
0.0
0.0
0.0
0.0
0.0
0.0
0.0
0.0
0.0
-0.7005
0.766954
0.0
0.0
0.0
-1.9173
0.0
0.0
0.830724
0.0
0.0
0.0
0.0
0.0
0.0
0.0
0.0
0.0
0.0
0.0
-0.188002
0.0
0.0
0.0
0.0
-0.399025
0.0
0.0
0.127744
0.0
0.0
0.0
0.0
0.0
0.0
0.0
0.0282821
0.0
0.0
0.0
0.0
0.0
0.0
0.0
0.0
0.0
0.0
0.0
0.0
0.0
0.0
0.0
0.0
-0.184052
0.0
0.0
0.729104
0.0
0.0
0.0
0.0
0.0
0.0
0.0
0.0
1.35324
0.0
0.0
0.0
0.0
0.0
0.0
0.0
0.0
0.0
0.0
-0.157312
1.18197
0.0
0.0
0.0
0.0
0.0
0.0
0.0
0.0
0.0
0.0
0.0
0.468647
0.0
0.0
0.0
0.0
0.0
0.0
0.0
0.0
0.0
0.0
0.0
0.0
0.0
1.04776
0.0
0.0
0.0
0.0
0.0
0.0
1.17163
0.0
0.0
0.0
0.0
0.0
0.0
0.0
0.0
0.0
0.0
0.0
0.0
0.0
0.0
0.0
0.0
0.0
0.0
0.672711
0.0
0.0
0.0
-0.758766
0.0
0.0
-0.777231
0.0
0.0
0.0
0.0
0.0
0.0
0.0
0.0
0.0
0.0
0.0
0.0
0.0
0.0
1.55097
0.0
-1.08205
0.0
0.0
0.0
0.0
0.0
-1.97241
-0.41156
0.0
0.0
0.0
0.0
0.0
0.0
0.53627
-0.99108
0.929431
0.0
1.51776
0.0
0.0
0.0
0.0
0.0
0.0
0.0
0.0
0.0
0.0
0.0
0.0
-0.919209
0.0
0.0
0.578288
0.0
0.0
0.0
0.0
0.0
0.0
0.0
0.0
0.0
0.0
0.0
0.673701
0.0
0.0
0.0
0.0
0.0
0.0
0.0
0.0
0.0
0.858281
0.0
0.0
0.0
0.0
0.0
0.0
0.0
0.793108
0.0
0.0
0.0
0.0
0.0
0.0
0.0
0.0
0.0
0.0
0.0
0.0
0.0
1.57052
0.0
0.0
0.0
0.0
0.302471
0.0
0.0
1.43539
-0.849839
0.0
0.0
0.0
0.0
0.0
0.0
0.0
0.0
0.0
0.0
0.0
-0.546033
0.0
0.0
0.0
0.0
0.0
0.0
0.0
0.0
0.0
0.0
0.0
0.0
0.0
0.0
0.420782
-0.219775
0.0
0.0
0.0
0.0
0.0
0.519056
0.0
0.0
0.0
0.0
1.11756
0.0
0.0
0.0
0.0
0.0
0.0
0.0
0.0
0.0
0.0
0.0
0.0
0.0
0.0
0.0
0.0
0.0
0.0
0.0
0.0
0.0
0.0
0.0
0.0
0.0
0.0
-1.11408
0.0
0.0
0.0
0.0
0.0
0.0
0.0
0.0
0.0
0.0
0.0
0.0
0.0
0.0
0.0
0.0
0.0
0.0
0.452127
0.0
0.0
0.0
0.0
0.21983
0.0
0.199428
0.719543
0.0
0.0
0.0
0.0
0.391128
0.0
0.0
0.0
0.0
0.0
0.0
0.0
0.0
0.0
0.0
0.0
0.0
0.0
-0.685022
0.0
0.0
-0.3881
0.0
0.0
0.0
0.0
0.0
0.0
0.0
0.0
0.0
0.0
0.0
0.0
0.0
0.0
0.0
0.0
-1.5878
0.0
0.0
0.0
0.0
0.0
0.0
0.0
0.0
0.0
0.0
0.0
0.0
0.0
0.0
1.60827
0.0
0.0
0.0
0.0
0.0
0.0
0.0
0.0
0.0
0.0
0.0
0.0
0.0
0.0
0.0
0.0
0.0
0.0
0.0
0.0
0.0
0.0
0.0
0.0
-1.35405
0.0
0.0
0.0
0.0
0.0
0.0
0.0
0.0
0.0
0.0
-0.128824
0.0
0.0
0.0
0.0
0.0
0.0
0.0
0.0
0.0
0.0
0.0
0.0
0.0
0.0
0.0
0.0
0.0
0.0
0.0
0.0
0.0
0.0
0.0
0.0
0.0
0.0
0.0
0.0
0.0
0.0
0.0
0.0
-0.692215
0.0
-0.476333
0.0
0.0
0.0
0.0
0.0
0.643981
0.48856
0.0
0.0
0.0
0.0
0.0
0.0
0.0
0.0
0.0
0.0
0.0
0.0
0.0
0.0
0.0
0.0
0.0
1.79677
0.0
0.0
0.0
0.0
0.0
-1.48429
0.0
0.0
0.0371395
0.0
0.0
1.77854
0.502762
0.0
0.0
1.86225
0.0
0.0
0.0
0.0
0.0
0.0
0.0
0.0
0.0
0.0
0.0
0.0
0.0
0.0
0.0
0.0
0.0
0.0
-0.633675
0.0
0.0
0.0
-0.280178
0.0
0.0
0.0
0.0
0.0
0.0
0.0
0.0
0.0
0.0
0.0
0.0
0.0
0.340016
0.0
0.0
0.0
-0.0680256
0.0
0.0
0.0
0.0
0.0
0.0
0.0
0.0
0.0
0.0
0.0
0.0
0.0
0.0
0.0
0.0
0.0
0.0
0.0
0.0
-0.0469324
-0.402845
0.0
0.0
0.280719
0.0
0.0
0.0
0.0
0.0
0.0
0.0
0.0
0.0
0.0
0.0
-1.38017
0.0
0.0
0.0
0.0
0.0
0.0
0.0
0.0
0.0
0.0
0.0
1.24955
0.0
0.0
0.0
-0.732185
0.507427
0.0
0.0
0.0
0.0
0.0
0.0
0.0
0.0
0.0
0.0
0.0
0.0
0.0
0.0
0.0
0.0
0.0
0.0
0.0
-0.628203
0.0
0.705493
0.0
0.0
0.0
0.0
0.0
0.0
0.0
0.0
1.22711
0.0
0.0
0.0
0.0
0.0
0.0
0.0
0.0
0.0
-0.403842
0.0
0.0
0.0
0.0
0.0
0.0
0.0
0.0
0.0
0.0
0.0
0.0
0.0
0.0
0.0
0.0
0.0
0.0
0.0
0.0
0.0
0.0
0.0
0.0
0.0
0.0
1.20846
0.368401
0.147454
0.0
0.0
0.621184
0.0
-0.617629
0.0
0.0
0.0
0.0
0.0
0.0
0.0
0.0
0.0
0.0
0.0
0.0
0.0
0.0
0.0
0.0
0.0
0.0
-0.0622564
0.0
0.0
0.0
0.0
0.0
0.0
0.0
0.0
0.0
0.0
0.0
0.0
0.0
0.0
0.0
-1.65786
0.0
0.0
0.0
-0.0504713
0.0
0.0
-0.952207
-2.05253
1.86565
0.0
0.0
0.0
0.0
0.0
0.0
0.0
0.0
0.0
0.0
-0.644514
0.0
0.0
0.0
0.0
0.0
0.0
0.0
0.0
0.0
0.0
0.0
0.0
0.0
-0.394606
0.134553
0.0
0.0
0.0
0.0
0.0
0.0
0.0
0.0
0.0
0.0
-0.87691
0.0
0.0
0.0
0.0
0.0
0.0
0.0
0.90638
0.0
0.0
0.0
0.0
0.0
0.0
0.0
0.0
0.0
0.0
0.0
0.256712
0.0
0.0
0.0
0.0
0.0
0.0
0.0
0.0
0.0
0.0
0.0
0.0
0.0
1.23441
0.0
0.0
0.937683
0.0
0.0
0.0
0.0
0.0
0.0
0.226768
0.0
0.0
0.0
1.70151
0.0
0.0
-0.516254
0.0
0.0
0.0
0.658815
0.0
0.0
0.0
-0.593742
-0.337799
0.0
0.0
0.0
0.0
0.0
0.0
0.0
0.0
0.0
-0.559103
0.0
0.0
0.0
0.0
0.0
0.0
0.0
0.0
0.0
0.0
0.0
0.0
0.0
0.0
0.0
0.0
0.0
-1.74239
0.277767
-0.158368
-0.60418
-0.195989
0.456438
-0.943165
-0.000689269
0.142802
0.858936
0.074611
-0.456561
0.56749
0.31462
2.42183
1.29957
1.50858
-0.938407
-0.556933
0.184806
0.0142172
0.27907
0.212415
0.198094
0.239396
-0.000526624
0.0
0.0
0.0
0.0
0.0
0.0
0.0
0.0
0.0
0.0
0.0
0.0
0.0
0.0
0.0
0.0
0.0
-0.344899
0.0
0.0
0.0
0.0
0.0
0.0
0.0
0.408362
0.0
0.0
0.776471
0.0329334
-0.663068
0.0
0.0
-0.677243
0.0
0.0
0.0
0.0
0.0
0.0
0.0
0.0
0.0
0.719426
-3.17054
0.0
0.0
0.0
0.0
0.0
0.0
0.0
0.0
0.0
0.0
0.0
0.0
0.0
0.0
0.0
0.0
0.0
0.0
0.0
0.0
0.0
0.0
0.0
0.0
0.0
0.0
0.0
0.0
0.0
0.0
0.0
0.0
0.0
0.0
0.0
0.0
0.0
0.0
0.0
0.0
0.0
0.0
0.0
0.0
0.0
0.0
0.0
0.0
0.0
0.0
0.0
0.0
0.0
0.0
0.0
0.0
0.0
0.549138
0.0
0.0
0.0
1.3626
0.0
0.0
0.0
0.0
0.0
0.0
0.0
0.0
0.0
0.0
0.0
0.0
-1.44705
0.0
0.0
0.0
0.0
0.0
0.804912
0.433371
1.19675
0.0186658
1.47473
0.0342226
2.85228
0.271603
1.27674
0.0795957
0.102963
-0.778277
3.37116
0.936567
3.37778
-0.0804355
-1.62673
-1.64875
-0.233669
-0.468381
1.99976
1.39313
-0.728404
-0.316486
0.833127
-0.861467
-0.33224
-1.10249
0.166615
-1.37032
-0.180232
-3.02362
-0.483867
-1.43198
-0.187275
0.00278271
0.820127
-3.18342
-0.685106
-3.66723
-0.0154762
2.05369
1.40051
-0.133222
0.53578
-1.76978
-1.35257
0.976062
0.361747
-1.16157
2.33731
0.681663
0.800861
8.4053e-05
0.390711
-1.35431
-2.1004
0.0211598
0.434759
0.00278392
-0.0171196
0.139957
-2.37166
0.484638
-0.233432
0.347564
-2.34336
-0.203843
-0.00100772
0.0593588
0.287268
0.10543
0.169762
-1.38687
-2.23442
-2.52132
0.902857
2.53898
-0.0158257
0.709367
-0.116299
0.707598
0.00693848
-1.11539
-1.35123
0.000125188
0.531421
1.22349
0.79142
-1.69058
-0.481957
0.830211
-0.792101
0.000848257
0.0370124
1.12368
-0.148353
0.160756
0.193369
0.782767
-0.0567067
0.101233
0.0941868
0.185281
0.104385
-0.145954
-0.171415
-0.21227
-0.155192
-2.06495
0.105747
0.0418073
0.462112
0.562468
-0.289776
-0.0959336
0.426911
-0.248363
-0.366887
0.0673704
0.229978
0.0405892
0.247662
0.0452306
-0.180627
0.985036
-0.473308
-1.14713
0.0264942
-1.15435
2.35774
-1.0852
-0.110008
-0.220791
-0.100826
-0.0679408
-0.629435
0.434517
-0.5142
2.74103
0.823771
-0.420023
1.913
-0.0281012
-0.0751494
-0.542789
-0.347223
-0.924166
-0.575599
-0.0628009
1.3132
-0.312468
1.09888
-0.0202639
0.914348
-0.00447861
0.371986
-0.0310213
0.161823
0.0197937
0.0241433
1.27799
0.621071
0.883902
-0.269884
-0.205156
-0.670352
-0.890296
-0.0177465
0.0754813
-0.312326
0.220708
0.706973
-0.252475
-0.029946
3.03975
0.180309
0.233294
-0.043082
-2.33405
1.97845
0.972475
-0.604609
0.0738289
-0.0320646
-0.0395226
1.20666
2.13913
0.0404263
-0.359902
0.187583
-1.26057
0.733334
0.00670038
0.112651
-0.25449
-0.693436
-0.518931
-1.33821
-1.16559
1.57249
-1.21462
-1.56539
0.137254
2.34796
-0.168246
-0.141615
-0.361188
-0.151857
-0.158117
0.0123636
0.276785
-0.901617
2.39227
-2.79969
1.49329
2.14348
-0.331122
-0.123976
0.129973
0.350285
0.212175
0.15305
-0.368461
0.630458
-0.427806
1.34531
1.51038
2.50916
3.29463
-2.61366
0.00857453
-0.61906
0.0958548
-0.143137
0.0052818
0.708264
-1.16371
-0.0234466
2.0612
2.03444
-0.365689
-2.34751
-0.122631
0.166251
-0.241235
0.552861
0.53531
-0.127676
1.70922
0.759
0.0729921
3.92254
2.10948
0.815019
3.07945
-0.0507325
2.02154
-0.648905
0.0185914
0.0148797
1.16146
0.197514
-2.92817
-0.0201529
2.95862
-1.1793
0.832748
0.0119988
-1.352
0.937412
-0.0804395
-0.0736741
0.000571286
-1.22182
-0.513374
-0.418983
-1.68028
2.48624
-1.78458
3.78326
0.993643
-1.33442
-0.234933
0.0218189
0.0113337
-1.99102
1.67809
-1.31773
0.245525
0.122969
0.495275
3.89127
-2.81802
2.0258
-1.43999
-0.416642
-1.34887
-0.156748
1.78767
0.154806
-0.0673694
0.20299
-0.0145084
0.265349
-0.909705
1.80181
1.95371
0.105568
0.0168876
-0.0144974
-0.398782
0.351335
-0.0551871
0.0774232
-0.00114797
-0.202732
-1.67073
-0.447569
1.12126
-0.0386649
-0.0276766
-0.01616
0.0185078
0.00757427
-0.445358
-0.241755
-1.45105
0.0597347
-0.412964
0.661714
-2.54725
-2.35178
-2.23794
-1.46668
-0.0395849
-0.449157
-0.168467
0.0179036
0.808978
-0.0479216
-0.116583
0.640341
-2.64126
2.93893
-2.88034
-0.327091
-0.0243828
-0.344989
0.398708
0.00854325
-0.01984
0.0667343
-0.00406556
0.0192616
-0.0142849
-1.0763
2.51863
0.606708
2.37424
0.00420394
0.0428083
0.00533255
-0.00850649
0.0538829
0.00522339
1.09261
-0.0133834
0.473865
-1.5613
2.30846
-0.79965
0.0215938
2.66847
-0.0331584
-0.0789289
0.237089
0.342603
0.138803
-0.104677
-0.240019
1.20881
0.353648
1.92657
-2.61251
1.70313
0.156653
0.322693
0.173191
-0.0691208
-0.133078
0.441909
-0.322757
-0.125469
0.131952
-0.44333
-1.45735
-1.66095
2.08094
-0.35707
0.200775
0.511682
0.547372
-0.0310933
0.064489
0.77252
0.354784
-0.0679146
-1.35141
1.96268
-2.68792
1.77655
-0.585523
-3.27262
0.219353
0.0122547
0.519912
0.575118
-0.0320321
0.28833
0.0257275
2.23084
2.02814
-3.12827
-1.15811
0.336665
-0.0323121
0.969011
0.02261
-1.77938
0.376069
-0.278947
-0.198244
-0.440522
-1.93962
2.93018
-2.93279
2.53185
-0.61538
-1.76056
0.060306
-0.291041
1.23078
-0.0488404
-0.488418
0.697003
-1.59856
-3.5985
3.01284
1.25907
-2.59242
1.73382
-0.822388
0.174568
-0.725271
0.338394
-1.49031
0.34837
-0.903284
-0.142688
-0.0593372
-1.81985
2.89188
-1.46336
4.24688
-0.185597
0.363865
0.769815
-0.149233
0.546996
0.909794
-0.0203112
-0.389664
1.83387
3.25429
-2.07583
1.41892
1.33891
-0.0214777
1.9953
-0.948627
-1.10403
0.0817934
-0.83489
0.0335291
0.0175857
4.13863
-6.09507
-5.05316
-0.960604
-0.298785
-0.164948
-1.9625
-0.00657674
-0.197951
1.50905
0.948023
2.63653
0.255794
-4.27631
-0.175188
-1.5555
0.536051
2.26364
-0.314547
0.286342
-0.168855
-0.484592
-0.205372
-0.168366
0.00694021
0.332394
0.0641192
0.283521
0.721916
-2.927
1.6634
-0.165067
-0.118614
0.133831
0.218084
0.136113
0.00648377
-0.476847
-0.463438
-0.0962532
0.344546
-0.147457
0.157525
-0.736054
-0.22159
0.463304
-0.416765
0.209597
-0.17369
0.0173846
0.289732
-0.31617
-0.384437
-3.65267
1.37032
0.692088
-1.58003
-0.855561
0.215638
1.07564
0.513024
0.799844
0.61945
-0.691411
0.579043
-0.718104
2.52391
0.118402
-2.64633
2.88884
1.25437
-0.253168
-0.584912
0.00681525
0.0201098
-0.884491
1.68939
0.327726
-0.158643
1.66098
-1.20429
-0.270016
-2.36595
-1.80201
0.396359
-0.333686
-0.839688
0.22209
-0.668211
0.102874
-0.115956
-0.0112321
-0.0135533
-2.42798
-1.07862
2.35814
0.0586969
0.0699674
0.0214731
-0.00716203
-0.0612276
0.0281406
0.142014
0.159812
-0.165244
1.44507
0.902762
-0.605293
-0.0753404
-0.0605449
0.0542821
0.0557283
0.022643
-0.0664407
-0.285601
0.202856
0.0129045
0.125766
-0.132952
-2.20845
-2.49218
-2.53829
-0.335601
-0.154633
0.0142825
0.292875
-0.0744215
0.321046
0.184499
-0.136821
0.479336
-1.60923
-2.97983
0.221978
1.38848
0.0743313
0.128294
-0.341045
-0.326496
0.131082
-0.952116
-0.499156
-0.0250014
-0.244805
-0.0032594
3.3833
-0.126303
0.573542
-0.00864591
0.0459105
0.536326
0.741606
0.030218
-0.328455
0.110555
-2.00592
-0.727119
-2.55705
2.39534
1.37967
0.536787
-0.00470147
-1.26738
0.298355
-0.53879
0.258785
-1.01868
0.0608602
0.401855
-0.336916
-0.464101
-1.3411
1.04514
0.461585
-0.0263979
-0.419839
-0.70121
-0.488096
-0.050353
-0.168702
-0.138905
0.0880349
1.6805
1.05665
1.23801
-0.903253
-0.888997
-0.0215091
0.428211
-0.829999
0.766036
-0.205421
0.0476701
0.812783
-0.661858
-0.0412465
0.87796
-0.345762
2.79266
2.42953
1.18816
-1.19323
-0.616775
0.0160673
-0.362154
0.257237
-0.805248
1.02809
-0.166671
0.0842273
0.381386
-0.107662
-1.59539
-0.0860759
0.0259174
-0.983112
-1.6978
0.178544
0.0502479
-0.893292
-0.714402
1.39829
0.825361
-1.30897
2.77089
-0.709767
0.986473
2.02516
-0.421724
-0.30955
0.0262852
-0.960845
-0.155624
-0.000371082
-2.74513
2.71573
1.80873
-0.152799
0.42485
-0.326072
0.41079
-0.302059
0.14004
-0.41119
-1.19543
-0.00442835
-0.0875027
0.05833
-2.23577
0.493794
-2.49462
0.568841
1.20255
-1.57003
-0.251472
0.142515
-0.450583
-0.117879
-0.135039
-0.674275
-0.335187
0.434706
3.54969
1.69619
0.00849272
1.31005
-0.339593
0.060165
0.145621
0.0673628
-0.049829
0.0666756
-0.0846977
0.0293525
0.103301
-0.128914
-0.148131
-1.84318
-0.467015
-1.88594
0.0530639
0.134176
-0.243346
-0.071331
-0.0461774
-0.177914
0.040558
0.380074
-0.975269
-2.81747
0.958103
2.11269
-1.92385
0.670165
-0.957569
-2.11279
-1.53834
-3.40731
2.78179
1.99161
-3.10503
-0.969636
0.375663
-1.28627
-0.668881
4.72776
-0.263121
-4.3133
-2.9562
-2.43549
0.431182
4.17865
-4.82841
-0.954091
-3.24472
-1.97168
-2.22021
-0.678448
-0.910021
0.80978
0.821029
-0.38201
-1.02585
-1.50446
-0.802382
-0.293931
0.0546571
-0.0442575
-0.0742839
-0.352153
0.142713
-1.29284
-1.09527
-0.53472
4.66057
-2.50188
-5.883
-8.50911
-5.41446
2.57219
0.575213
0.154826
-3.72307
0.348527
6.40686
-2.91156
-1.71077
-2.1893
-2.2752
-0.671656
0.985486
0.402255
-0.831859
0.0434765
1.41045
1.67733
0.655505
-0.817054
-0.100468
5.79385
-1.09117
-0.217805
0.6624
0.16792
-0.214705
-0.168566
0.417573
-2.99065
-0.487572
-3.49574
-0.563797
-2.77351
-4.87761
0.676829
-1.078
-1.87163
-3.55119
2.24813
1.22894
-3.8203
-2.93005
2.97559
-4.27335
0.195263
3.44488
1.14086
-5.07383
-0.623114
2.78312
-0.888685
0.10675
-2.65879
-0.572987
