[125, 25, 25, 4]
0.0
0.0
0.0
0.0
0.0
0.0
0.0
0.0
0.0
0.0
0.0
0.0
0.0
0.0
0.0
0.0
0.0
0.0
0.0
0.0
0.0
0.0
0.0
0.0
0.0
0.111753
0.0
0.0
0.0
-0.898361
0.0
0.0
0.0
0.0
0.0
0.0
0.0
0.0
0.0
0.0
0.754514
0.0
0.0
0.0
0.0
0.986105
0.0
0.0
0.0
0.0
0.0
0.0
0.0
0.0
0.0
0.0
0.0
0.0
0.0
0.0
0.0
0.0
0.0
0.0
0.0
0.0
0.0
0.0
0.0
0.0
0.0
0.0
0.0
0.0
0.0
0.0
-0.415312
-0.105226
0.0
0.0
0.0
0.0
-1.33085
0.0
0.905683
0.0
0.0
0.0
0.0
0.0
0.0
-0.6602
0.0
0.0
0.0
0.0
0.0
-1.07474
0.0
0.0
0.0
0.0
0.0
0.0
-1.75574
0.0
0.0
0.0
0.0
0.0
0.0
0.0
0.0
-0.121933
0.0
0.0
0.0
0.0
-1.08288
0.0
0.0
0.0
0.0
0.0
0.0
-1.08648
-0.0264486
0.705201
0.443126
0.81357
0.321773
-0.0468405
-0.0066505
-0.517204
-0.540923
0.541864
-0.754606
1.89655
-0.0916024
0.760613
-0.823813
0.589584
0.579546
0.161242
1.02596
0.0358261
1.57407
-1.32295
-0.42684
0.304129
0.0
0.0
0.0
0.0
0.0
0.0
0.0
0.0
0.0
0.0
0.0
0.0
0.0
0.0
0.0
0.0
0.0
0.0
0.0
0.0
0.0
0.0
-0.663551
0.0
0.0
0.0
0.0
0.0
0.0
0.0
0.0
-1.49278
0.0
1.51878
0.0
0.0
0.0
0.0
-0.73326
0.0
0.0
0.0
0.0
0.0
0.0
0.0
0.528672
0.0
0.0
1.196
0.0
0.0
0.0
0.0
-0.868078
0.0
0.0
-1.30051
0.0
0.0
0.0
0.0
0.628375
0.0
0.0
0.0
0.0
2.06572
0.0
0.0
0.0
0.0
0.0
-0.748024
0.0
0.0
0.0
0.0
0.0
0.0
0.0
0.0
0.0
0.0
0.0
0.26112
-0.602442
0.0
0.0
0.0
3.0895
0.0
0.0
1.83679
-0.280419
0.0
0.0
0.0
0.0
1.70472
0.0
0.0
0.59947
-0.0549266
0.0
0.0
0.0
1.32269
0.0
-0.320682
0.0
0.0
0.0
0.0
0.0
0.0
0.209202
0.0
0.0
0.0
0.0
0.0
0.0
0.0
0.0
0.0
0.893726
0.0
0.0
0.0
0.0
0.0
0.0
0.0
0.0
0.0
0.0
0.0
0.0
0.0
0.0
0.0
0.0
0.0
0.0
0.0
0.0
0.0
0.0
0.0
0.0
0.0
0.0
0.0
0.0
0.0
0.0
0.0
0.0
-0.719952
0.0
0.0
0.0
-0.0849142
-0.0634547
0.0
0.0
0.0
-1.20796
0.0
0.0
0.0
0.071522
0.0
0.0
0.0
0.0
0.0
0.0
0.0
0.0
0.0
0.0
1.81776
0.0
-0.0417639
0.0
0.0
0.0
0.0
0.0
0.0
0.0
0.0
0.0
0.0
0.0
0.0
0.0
0.0
0.0
0.0
0.0
0.0
0.0
-0.955087
0.0
0.0
1.09206
0.0
0.0
0.0
0.0
0.0
0.0
0.0
0.0
0.0
0.0
0.0
0.0
0.317548
0.0
0.0
0.0
-1.69278
0.0
0.0
0.0
0.0
-1.03563
0.0
0.0
0.0
0.0
0.0
0.0
0.0
0.0
0.0
0.0
0.0
-1.2113
0.0
0.156556
0.0
0.0
0.0
0.0
0.0
0.0
0.0
0.0
-1.30342
0.0
0.0
0.0
0.0
0.0
0.0
0.0
0.0
0.0
0.0
0.0
0.0
0.0
0.0
0.6634
0.0
0.0
0.0
0.0
0.0
0.0
0.0
0.0
0.0
0.0
0.0
0.0
0.0
0.0
0.0
0.0
0.0
0.0
0.0
0.0
0.0
0.0
0.0
0.0
0.0
0.0
0.0
-1.24055
-0.686665
0.0
-0.782927
0.0
0.0
0.0
0.0
0.0
0.0
0.0
0.0
0.0
0.0
0.0
0.0
0.0
0.0
0.0
0.0
0.0
0.0
0.0
2.05521
0.0
0.0
0.0
0.0
-1.07033
0.0
0.0
0.0
0.0
0.213481
0.0
0.0
0.0
0.0
0.0
0.0
-1.41552
0.0
0.0
0.0
0.0
0.0
0.0
0.0
0.0
0.0
0.0
0.0
0.0
0.0
0.0
0.0
0.00502714
0.0
0.0
0.0
0.0
0.0
0.0
0.0
0.0
0.0
0.0
0.0
0.0
0.0
0.0
0.0
1.24551
0.0
0.0
0.0
0.0
0.0
-1.24738
0.0
0.0
0.0
0.0
0.0
0.0
0.0
0.0
0.0
-0.561362
0.0
0.0
0.0
0.0
0.0
0.0
0.0
0.0
0.0
0.0
0.0
0.0
-0.844273
0.0
0.0
0.0
0.0
0.0
0.0
-0.250161
0.0
0.0
0.0
0.0
0.0
0.0
0.0
0.0
0.0
0.0
0.0
0.0
0.0
0.0
0.0
0.0
0.0
0.0
0.0
0.0
0.0
0.0
0.0
0.0
0.0
0.0
1.48635
0.0
0.0
0.0
0.0
0.0
-1.19181
-0.211337
0.0
0.0
0.0
0.0
-0.646649
0.0
0.0
0.0
0.0
0.0
0.0
0.0
-2.15383
0.0
0.0
0.0
0.0
0.0
0.0
0.0
0.0
0.0
0.0
0.0256082
0.0
0.0
0.0
0.0
0.0
0.0
0.0
0.0
0.0
1.19182
0.0
0.971135
0.569657
0.0
0.0
0.0
0.0
0.0
0.0
0.0
0.0
0.0
0.0
0.0
0.0
-0.198268
0.0
0.0
0.0
0.0
0.0
0.886141
0.0
0.0
0.0
0.0
0.0
0.0
0.0
0.0
0.0
0.0
0.0
0.0
0.0
0.149253
0.0
0.0
0.0
-0.00768954
0.0
0.0
0.0
1.33128
0.0
0.0
0.0
0.0
0.0
0.0
0.0
0.0
0.0
0.0
0.0
0.0
0.0
0.0
0.0
0.0
1.15266
0.0
0.0
0.0
0.0
0.0
-1.49463
0.0
0.0
0.0
0.0
0.0
0.0
0.0
0.0
0.0
0.0
0.0
0.0
0.0
0.0
0.0
0.0
0.0
0.0
0.0
0.0
0.322041
0.0
0.0
0.0
0.0
0.0
0.0
0.0
-0.243399
0.0
0.0
0.0
-1.07914
0.0
0.0
1.5932
0.0
1.22251
-0.0690502
0.0
0.0
0.0
0.195161
0.0
0.0
-1.17818
-0.0654597
0.0
0.0
0.0
0.0
0.0
0.0
0.0
0.0
0.0
0.0
-1.7519
0.0
0.0
0.0
0.0
0.0
0.0
0.0
0.0
0.0
0.0
0.0
0.0
0.0
0.848057
0.0
0.0
0.0
0.0
0.0
-1.74176
0.0
0.0
0.0
0.0
0.0
0.0
0.0
0.0
0.0
0.0
0.0
0.0
0.0
0.0
0.0
0.0
0.0
0.709977
0.0
0.626271
0.0
0.0
0.0
0.0
0.0
0.0
0.736147
0.0
0.0
0.0
0.0
0.0
0.588943
0.0
0.0
0.0
0.0
0.0
0.0
0.0
0.0
0.0
0.0
-0.269704
0.0
0.0
0.0
0.0
0.0
0.0
0.0
0.0
-0.772364
0.0
0.0
0.0
0.0
0.0
0.0
0.0
0.0
0.0
0.0
0.0
0.0
0.0
0.0
0.750485
0.0
0.0
0.0
0.0
0.958357
0.0
0.0
0.0
0.0
0.0
0.0
0.0
0.0
-0.25724
0.0
0.0
0.0
0.0
0.0
0.0
0.0
0.0
0.0
0.0
0.0
0.0
0.0
0.0
0.0
0.0
0.0
0.0
0.0
0.0
0.0
0.0
0.837056
0.0
0.0
0.0
0.0
1.02536
0.0
0.0
0.0
0.0
0.0
0.0
0.0
0.0
0.0
0.0
0.0
0.0
0.278757
0.0
0.0
0.0
0.0
0.0
0.0
0.0
0.0
0.0
0.0
0.0
-0.339286
0.0
0.0
-1.76962
0.0
0.0
0.0
0.0
0.0
0.0
0.0
0.0
0.0
0.0
0.0
0.11132
0.0
0.0
0.0
0.0
0.0
-0.0272233
0.0
0.0
1.02085
0.0
0.0
0.0
0.0
0.0
0.0
-1.10266
0.0
0.0
0.0
-0.972112
0.0
0.0
0.0
0.0
0.0
0.0
0.0
0.0
0.0
0.0
0.0
0.0
0.0
0.412998
0.0
-0.168327
0.0
0.0
0.0
0.0
0.0
0.0
0.0
0.0
0.0
0.0
0.0
0.0
0.0
0.0
0.0
0.0
0.0
0.0
0.0
-0.211929
0.0
0.0
0.0
0.0
0.0
0.0
0.0
0.0
-0.335305
0.0
0.0
0.0
0.0
0.0
0.0
0.0
0.0
-1.49328
0.0
0.0
0.0
0.0
0.0
0.0
0.0
3.00551
0.0
0.0
0.0
0.0
0.59879
-1.0337
0.0
0.0
0.0
0.0
0.0
0.0
-0.27729
0.0
0.0
0.0
0.0
0.0
0.0
0.0
0.0
0.0
0.0
0.0
0.0
0.0
0.108367
0.0
0.0
0.0
0.0
0.0
0.0
0.0
0.0
0.0
0.0
0.0
0.0
0.0
0.0
0.0
0.0
0.0
0.0
0.0
0.0
0.0
0.0
0.0
0.0
0.0
0.0
0.0
-0.644148
0.0
0.0
-0.417827
0.116609
0.0
0.0
0.0
0.0
0.0
0.0
0.0
0.0
0.0
0.0
0.0
0.0
0.0
-0.123394
0.0
0.0
0.0
0.0
0.0
0.0
0.0
1.2956
0.0
0.0
0.0
0.0
0.259346
0.0
0.0
0.0
0.0
0.0
0.0
0.0
0.0
0.0
0.0
-0.75658
0.0
0.0
0.0
0.0
0.0
1.41658
-1.20217
0.0
0.0
0.0
0.0
0.0
0.0
0.0
0.0
0.0
0.0
0.0
0.0
0.0
0.0
0.0
0.0
0.0
0.0
1.5193
0.0
0.0
0.0
0.0
0.0
0.0
0.0
0.0
0.0
0.0
0.463086
0.0
0.0
0.0
0.0
0.0
-0.39981
0.0
0.0
0.0
0.0
0.0
-0.922816
0.194114
0.0
0.0
0.0
0.0
-0.353173
0.0
0.0
0.0
-0.349242
0.0
0.0
0.203397
0.0
0.0
0.0
0.0
0.0
0.0
1.02429
0.0902055
0.0
0.0
0.0
-0.858202
0.0
0.0
0.0
0.0
1.26866
0.0
0.0
0.0
0.0
0.0
0.0
-0.0910977
0.0
0.573447
0.0
0.0
0.0
0.0
0.0
0.0
0.0
0.0
0.0
0.0
0.0
0.0
0.0
0.0
0.0
0.0
0.0
0.0
0.760867
0.0
0.0
-0.195057
0.0
0.0
0.0
0.0
0.0
0.0
-0.438457
0.0
0.0
0.0
0.0
0.0
0.0
0.0
0.0
0.0
0.0
0.0
0.0
0.0
0.0
0.0
0.0
0.0
-0.039472
0.0
0.0
0.0
0.0
0.0
0.0
0.0
-0.0703587
0.0
0.0
0.0
0.0
-0.237696
0.0
0.0
0.0
0.0
0.0
0.0
0.0
0.0
0.0
-0.262892
0.0
0.0
0.0
0.0
0.0
0.0
-0.384206
0.0
0.0
0.813487
0.0
0.0
0.0
0.0
0.0
1.31628
0.0
0.0
0.0
-1.85728
0.0
0.0
0.0
0.0
0.0
0.0
0.0
0.0
0.0
0.0
0.0
0.0
0.0
0.0
-0.544874
0.0
0.0
-0.085531
-0.352936
0.0
0.0
0.0
0.0
0.0
-0.119681
0.0
0.0
0.0
0.0
0.0
0.0
0.0
0.0
0.0
0.0
0.0
0.0
0.0
0.0
0.0
0.0
0.0
0.0
0.0
0.0
0.0
0.74151
0.0
-1.65388
0.0
0.0
0.0
0.0
0.0
0.0
0.0
1.60068
0.0
0.0
0.0
0.0
0.0
0.0
0.0
0.0
0.915024
0.0
0.477795
0.0
0.0
0.0
0.0
0.0
0.0
0.0
0.659351
0.0
0.0
0.0
0.0
0.0
0.0
-1.3691
0.0
0.0
0.0
0.0
0.0
0.0
0.0
0.0
0.0
0.0
0.0
0.0
0.0
0.0
0.0
0.0
0.0
0.529623
0.0774495
1.92512
0.26284
-0.470929
-0.580641
0.549236
3.40761
-1.01816
-0.433443
0.51872
1.42236
-0.440017
0.946443
-0.598383
-0.3515
0.559329
1.71737
-0.530365
-1.68778
0.485544
-0.0955251
-1.35064
0.65092
-1.17572
0.0
0.0
0.0
0.0
0.0
0.0
0.0
0.0
0.0
0.0
0.0
0.0
0.0
0.0
0.0
0.0
0.0
-0.0940897
0.0
0.0
0.421455
0.0
0.0
0.0
0.0
0.0
-1.13152
0.0
0.792579
0.0
0.0
0.0
0.0
0.0
-1.04475
0.0
0.0
0.0
0.0
0.0
0.0
0.0
0.0
0.0
0.0
0.0
0.0
0.0
0.0
0.0
0.0
0.0
0.0
0.0
0.0
0.0
0.0
0.0
0.0
0.0
0.0
0.0
0.0
0.0
0.0
0.0
0.0
0.0
-1.76521
0.0
0.0
-0.153649
0.0
-0.021349
0.0
0.0
0.0
0.0
0.0
0.0
0.0
0.0
0.0
0.0
0.0
0.0
0.0
0.0
0.0
0.0
0.0
0.0
0.0
0.0
1.3228
0.0
0.0
0.0
0.526161
-2.75499
0.0
0.0
0.0
0.0
0.0
0.0
-0.174619
0.0
0.0
0.0
0.0
0.0
0.0
0.0
0.0
0.0
0.0
0.0
0.0
0.164447
0.0
0.0
1.44713
0.0
0.0
0.0
0.0
0.0
0.0
0.0
0.0
0.0
0.0
0.0
1.3866
0.0
-0.0349208
0.0
0.0
0.0
0.0
0.0
0.0
0.0
0.0
0.0
0.0
0.0
0.0
0.0
0.0
0.0
0.0
0.0
0.0
-0.740876
0.0
0.0
0.0
0.0
0.0
0.744391
0.0
0.0
0.0
0.0
0.0
1.18428
0.0
0.0
0.0
0.0
0.0
0.0
0.0
0.865959
0.0
0.0
0.0
0.0
0.0
0.0
0.0
0.0
0.0
0.0
0.79131
0.347082
0.0
0.650679
0.0
0.0
0.0
0.0
0.0
0.0
0.0
0.0
-0.84105
0.0
0.0
0.0
0.0
1.40059
0.0
0.0
0.0
0.0
0.0
0.0
0.0
0.0
0.76419
0.0
1.05203
0.0
0.0
0.0
0.0
0.0
0.0
0.0
0.0
0.0
0.0
-0.639302
-0.885374
1.00177
0.357171
-2.69123
-1.82176
0.102303
-0.78702
-0.552369
0.822562
-0.426237
-0.719891
0.462616
0.0215361
0.965149
0.696814
0.733164
-0.736257
0.47269
0.877752
0.207417
0.333201
-0.36205
-0.611698
-0.220194
-0.0674206
0.0
0.0
0.0
0.0
0.0
0.0
0.0
0.0
0.0
0.0
0.0
0.0
0.0
0.0
0.0
-0.317943
0.0
0.0
0.0
0.0
0.0
0.0
0.0
0.0
0.0
0.0
0.0
0.0
0.0
0.0
0.0
0.0
0.0
-0.507883
0.00541222
0.0
0.0
0.0
0.0
0.0
0.0
0.0
0.0
0.0
0.0
1.94177
0.0
0.0
0.0
0.0
0.0
0.0
0.0
0.0
0.0
0.0
-0.859334
0.0
0.0
0.0
-0.15941
0.0
0.0
0.0
0.0
0.0
0.0
0.0
0.0
0.0
0.0
0.0
0.0
0.0
0.0
0.0
0.0
-1.19545
0.0
0.0
-0.0159907
0.0
0.0
0.0
0.0
0.0
0.0
0.0
0.0
0.0
0.0
-0.3581
0.0
0.0
0.0
0.0
0.0
0.0
0.0
0.0
0.0
0.0
0.734833
0.0
0.0
0.0
0.0
0.0
0.0
0.0
0.0
0.0
0.0
0.0
0.0
0.0
0.0
0.0
0.0
0.0
0.0
0.0
0.0
0.0
0.0
0.0
0.0
-0.554905
0.0
0.0
0.0
0.0
0.0
0.0
0.0
0.0
0.0
0.0
0.0
0.0
0.0
0.0
0.0
-0.30782
0.0
0.0
0.0
0.0
0.0
-0.287522
0.0
0.0
0.0
0.0
0.0
0.0
0.0
0.0
0.0
0.0
0.0
0.0
0.0
0.0
0.0
1.68037
0.0
-0.483918
0.0
0.0
0.0
0.0
0.0
0.0
0.517308
0.242007
0.0
0.0
0.0
-1.60869
0.0
0.0
1.93481
0.0
0.0
0.0
0.0
0.0
0.0
0.0
0.0
0.0
0.0
0.0
-0.892538
0.0
0.0
0.0
0.0
0.0
0.0
2.282
0.0
0.0
0.0
-0.256804
0.0
0.0
0.0
0.0
0.0
0.0
0.0
0.0
0.0
0.0
0.0
0.0
0.0
0.0
0.405836
0.0
-0.820625
0.0
0.0
0.0
0.0
0.0
0.0
0.0
0.0
0.0
0.0
0.0
0.0
0.346502
0.0
0.0
0.0
0.0
0.0
0.0
0.0
0.0
0.0
0.0
0.0
-1.01653
0.0
0.0
0.0
0.0
1.18434
0.0
0.0
0.0
0.0
0.322001
0.0
0.0
0.0
0.0
0.0
-1.96028
0.0
-0.909551
0.0
0.0
0.0
0.0
0.0
0.0
0.0
0.0
0.0
0.0
0.0
0.0
0.0
0.0
0.0
0.0
0.0
0.0
0.0
0.0
0.0
0.619625
0.0
0.0
0.0
0.0
-0.040848
0.0
0.0
-0.54014
0.0
0.0
0.0
0.0
0.0
0.0
0.0
0.0
-0.319509
0.0
0.0
0.0
0.0
0.0
0.0
0.0
0.0
0.0
0.0
0.0
0.0
0.0
1.23491
2.18951
0.0
0.0
0.0
0.0
0.0
-0.575917
0.0
0.0
0.0
0.0
0.0
2.57004
0.0
0.0
0.0
0.0
0.0
0.911521
-0.867532
0.0
0.0
0.0
0.0
0.0
0.0
0.0
0.0
0.0
0.0
0.0
0.0
0.0
0.0
0.0
0.0186271
0.0
0.0
0.0
0.0
0.0
0.0
0.0
0.0
0.0
1.22265
0.0
0.0
0.0
0.0
0.0
0.0
0.0
-0.0583529
0.0
0.0
0.0
0.0
0.0
0.0
0.0
0.0
0.0
0.0
0.0
0.0
0.0
0.0
0.0
0.0
-0.626705
-0.410574
0.0
0.0
0.0
0.0
0.0741011
0.0
0.0
0.0
0.0
0.0
0.0
0.0
-0.947995
0.0
0.0
-0.347388
0.0
0.0
0.0
0.0
0.0
0.0
0.0
0.0
0.0
0.0
0.0
-0.405453
0.0
0.0
0.0
0.0
0.0
0.0
0.0
0.0
0.0
0.0
0.0
0.0
0.0
0.0
0.0
0.0
0.0
0.0
0.0
0.0
0.0
-0.409738
0.0
0.0
0.0
0.0
0.0
0.0
0.0
0.0
0.0
0.0
0.0
0.0
-1.19548
0.0
0.0
0.0
0.0
0.0
0.0
0.0
0.0
0.0
0.0
0.0
0.0
0.0
0.0
0.0
0.0
0.0
0.0
0.0
0.0
0.0
0.0
0.0
0.0
0.0
0.0
0.0
0.0
0.0
0.0
0.0
0.0
0.0
0.0
0.0
0.0
0.0
0.0
0.0
0.0
0.0
0.0
0.0
0.0
0.0
0.0399607
0.0
0.0
0.0
0.0
0.0
0.0
0.0
0.0
0.0
0.0
0.0
0.0
0.0
0.0
0.0
0.0
-1.29442
0.0
0.0
0.0
0.0
0.0
0.0
1.19835
0.0
0.0
0.0
1.52233
0.0
0.295329
0.0
0.0
0.0
0.0
1.04709
0.0
0.0
0.0
0.0
0.0
-0.796313
0.0
0.0
0.0
0.0
0.0
0.0
0.0
0.0
0.0
0.0
0.0
0.0
0.947956
0.0
0.0
0.0
-1.9875
0.0
0.0
0.0
0.0
0.0
0.0
0.0
0.0
0.0
0.0
0.0
0.0
0.0
-0.203223
0.0
0.0
0.0
0.0
0.0
0.0
0.0
0.0
-0.488713
0.0
0.0
0.0
0.0
0.0
0.0
0.0
0.0
0.0
0.0
0.791816
0.812854
0.0
0.0
0.0
0.0
-0.224335
0.0
-0.0147217
0.0
0.0
0.0
1.41039
0.0
0.0
0.0
0.0
0.0
0.0
0.0
0.596749
0.0
0.694281
0.873212
0.0
0.0
0.0
-0.652731
0.747139
0.0
0.0
0.0
0.0
0.0
0.0
0.0
0.0
0.0
0.0
2.04251
0.0
0.0
0.0
0.0
0.0
0.0
0.0
0.0
0.0
0.0
0.0
0.0
0.0
-0.667401
0.902588
0.0
0.0
0.0
-0.831524
0.0
0.0
0.0
0.0
0.0
0.0
-0.251656
0.0
0.0
0.0
0.0
0.0
0.0
0.0
0.0
0.0
0.0
0.0
0.0
0.0
0.0
0.0
0.0
0.0
0.0
0.0
0.0
0.0
0.0
0.0
0.0
0.0
0.0
0.0
0.0
0.0
0.0
0.0
-1.61203
0.0
0.0
0.0
0.0
0.0
0.0
0.0
0.0
0.0
0.0
0.0
0.0
0.0
0.0
0.0
0.0
0.0
0.0
0.0
0.276187
0.0
0.0
0.0
0.0
0.0
0.0
0.0
0.0
0.0
0.0
0.0
0.0
0.0
0.0
0.0
0.0
0.0
0.0
0.0
0.0
0.0
-0.31642
0.0
0.0
0.0
0.0
0.0
0.0
0.0
-0.150533
0.0
0.0
0.0
0.0
0.0
0.0
0.0
0.0
0.0
0.0
0.0
0.0
0.0
0.0
0.0
0.0
0.0
0.0
0.0
0.0
0.0
0.0
0.0
-0.545998
0.0
0.0
0.0
0.0
0.0
0.0
-0.465523
0.0
0.0
0.0
0.0
0.0
0.0
0.0
0.0
0.0
0.0
-0.22622
0.0
0.0
1.19022
0.0
0.0
0.0
0.0
0.0
0.0
0.0
0.0
0.0
0.0
0.0
0.0
0.0
0.0
0.0
0.0
-1.34224
0.0
0.0
0.0
0.0
0.0
-1.21356
1.74143
0.0
0.0
0.0
0.0
0.827158
0.0
0.0
0.0
0.0
0.0
0.867885
0.0
0.0
0.0
0.0
0.0
0.0
0.0
0.0
0.0
0.0
0.0
0.0
0.0
0.0
0.0
0.0
0.0
0.0
0.0
0.0
0.0
0.264768
0.0
0.0
0.0
0.0
0.0
0.0
1.14444
0.0
0.0
-2.96943
0.0
0.0
0.0
0.0
0.302559
0.0
0.0
0.0
0.0
0.0
0.0
0.0
0.0
0.0
0.0
0.0
0.0
0.0
0.0
0.0
0.0
0.0
0.0
0.0
0.448223
0.0
0.0
0.0
0.0
0.0
0.0
0.0
0.0
0.517654
0.0
0.0
0.0
0.0
0.0
0.0
-0.514878
0.0
0.0
0.0
0.0
0.0
0.0
0.0
0.0
0.0
0.0
0.0
0.0
0.0
0.0
0.0
0.464207
0.0470098
0.0
0.0
0.0
0.0
0.0
0.0
0.0
0.0
0.0
0.0
0.0
0.0
0.0
0.0
0.0
0.0
0.0
1.12778
0.0
0.0
0.0
0.0
0.0
0.0
-2.2079
0.0
0.0
0.0
0.0
0.0
0.0
0.0
0.0
0.0
0.0
-0.845743
0.0
0.0
0.0
0.0
0.0
0.0
0.0
0.0
0.0
-0.862864
0.0
0.0
0.0
0.0
0.809902
0.0
0.0
0.0
0.0
-0.325197
0.0
0.0
0.0
0.0
-0.733832
0.0
0.0
0.0
1.85542
0.0
1.19264
0.0
0.0
0.0
0.0
0.0
0.0
0.0
0.0
0.0
0.0
0.0
0.0
0.0
0.0
0.0
0.0
0.0
0.0
0.0
0.0
0.0
0.0
0.0
0.0
0.0
0.0
0.0
0.0
0.363344
0.0
0.0
0.0
0.0
0.0
0.0
0.0
0.0
0.0
-1.90203
0.0
0.0
1.0319
-0.550146
0.0
0.0
0.0
0.0
0.0
0.0
0.0
0.0
0.0
0.0
0.0
0.0
-0.814038
0.0
0.0
0.0
0.0
0.0
0.0
0.0
0.0
0.0
0.0
0.0
0.0
0.0
0.0
0.0
0.0
-1.7168
0.0
0.0
0.0
0.0
0.0
0.0
0.0
0.0
0.0
0.0
0.0
0.0
0.0
0.0
0.0
0.0
0.0
0.505322
0.0
0.0
0.0
0.0
0.0
0.0
0.0
0.0
0.0
0.0
0.0
0.0
-0.984556
0.0
0.0
0.0
0.0
0.0
1.09749
0.0
0.0
0.0
0.945665
0.0
0.0
-1.41733
0.0
0.0
0.0
0.0
0.0
0.0
0.0
0.0
0.0
0.0
0.0
0.0
0.0
0.0
0.0
0.0
0.0
-1.74983
0.0
0.0
0.0
0.0
0.0
0.0
0.0
0.0
0.0
0.0
0.0
2.67505
0.0
0.0
0.0
0.0
0.0
0.0
0.0
0.0
0.0
0.0
0.0
0.0
0.0
0.0
0.0
0.0
0.0
0.0
0.0
0.0
0.0
0.0
0.0
0.0
0.0
0.0
0.0
0.0
0.0
0.0
0.0
0.0
0.0
0.0
0.0
0.0
0.0
0.0
0.0
0.0
0.0
0.0
0.0
0.0
0.0
0.0
0.0
0.0
0.0
0.0
0.0
0.0
0.0
0.0
0.0
-1.14314
0.0
0.0
0.0
0.0
0.0
0.0
0.0
0.0
0.0
0.0
0.0
0.0
0.0
0.0
0.0
0.0
-1.0703
0.0
0.0
0.0
0.0
0.0
0.0
0.0
0.0
0.0
0.0
0.0
0.0
0.0
0.0
-0.426548
0.0
-0.0577301
0.44266
0.0
0.0
0.0
0.0
0.0
0.0
0.0
0.0
0.0
0.0
0.535841
-1.0848
-1.59098
-0.901949
0.0133013
-1.45207
1.88117
-0.459536
-0.254262
-0.441299
-0.447569
-1.23333
-0.558378
-0.0842078
-1.22849
-0.501331
-2.52728
-0.521892
-0.195333
0.508198
0.0741788
-0.566005
-0.790275
0.0403652
-0.20133
0.0
0.0
0.0
-0.912629
0.0
0.0
0.0
0.0
0.0
0.0
0.0
0.0
0.0
0.0
0.0
0.0
0.0
0.0
0.0
0.0
0.0
0.0
0.0
0.0
0.0
0.0
0.0
0.0
0.0
0.0
0.0
0.0
0.0
0.0
0.0
0.0
0.0
0.0
0.824513
-0.939475
0.0
0.0
0.0
0.0
0.0
0.0
-1.50051
0.0
0.0
0.0
0.0
0.0
0.0
0.0855104
0.0
0.0
0.46881
0.0
0.0
-0.136464
0.0
0.0
0.0
0.0
0.0
0.824465
0.0
0.0
0.0
0.0
0.789978
0.0
-0.134919
0.0
0.0
0.0
-0.38279
0.0
0.0
0.0
0.0
0.0
0.0
1.2601
-0.995245
0.0
0.0
0.0
0.0
0.0
0.0
-1.45436
0.0
0.0
0.0
0.0
1.11248
0.0
0.0
0.0
0.0
0.0
0.0
0.0
0.0
0.0
0.0
0.0
0.0
0.0
0.0
0.0
0.0
0.0
0.0
0.0
0.0
0.0
0.0
0.0
0.0
0.0
0.0
0.0
0.0
0.943549
-1.98458
0.186304
0.405238
-1.14689
0.129065
2.9099
-1.15736
2.40063
0.328557
0.124217
0.264521
1.5981
3.13938
1.44525
-0.328369
-2.60622
0.0402299
0.670016
-0.636506
3.0066
1.48461
0.103467
-0.506882
-0.137604
-0.340088
2.18673
-0.298841
-0.207359
1.61904
-0.466233
-4.13059
0.893606
-2.59019
-0.184723
-0.751584
0.0620688
-2.59025
-3.68743
-2.22383
0.262164
2.73274
-0.111222
-0.526692
-0.849974
-2.62323
-1.66136
-0.204227
0.680665
0.325651
0.734878
-0.832396
-0.550373
0.0803191
1.45359
0.132308
0.665673
-0.475246
0.581715
0.067779
-0.0428525
-0.839441
0.268913
-0.588993
0.0352835
0.799828
-3.13021
-0.052201
-0.0560041
-1.69592
-0.644382
0.476921
-1.06844
-0.144142
-0.00863876
-0.381015
0.18078
1.23406
0.09122
-1.90881
-1.16024
2.27085
0.915974
-0.793007
-0.484965
0.0325471
-0.302564
1.75348
2.91863
1.55278
-1.0497
1.26746
1.68155
-0.0816665
0.189382
-1.15508
0.760574
-1.34512
0.288148
0.0107002
0.603472
0.202107
0.311373
0.197927
0.472095
-0.335229
-1.21984
0.0993634
-0.189552
0.143667
-0.0484962
0.275971
-1.65674
-0.548808
-0.778214
-0.0660017
0.126643
-0.070751
0.143374
-0.338559
1.00963
-0.176387
-0.100985
0.17383
0.18794
0.992459
2.75981
2.20726
-0.132326
0.450573
-0.430803
0.283414
-0.668116
-1.65992
-0.148525
0.105868
-2.01934
2.49225
0.581047
0.697294
0.475757
1.67051
1.92327
-0.0628642
-1.57363
0.0543708
0.833084
-0.22455
-0.206536
-0.171994
1.15796
1.58985
2.51755
-0.114243
-0.569019
-1.40965
-1.65295
-0.271856
-0.407626
-1.04146
-0.0798518
-1.50106
0.933105
-1.93835
-0.954058
-0.445354
1.97738
1.49898
-1.24298
2.19932
-1.08724
0.629457
-2.21419
0.200868
0.198751
2.98181
1.84308
1.36676
-0.0309978
0.146206
-0.127288
-0.198821
1.39963
1.17646
-0.768243
-0.0211856
0.41234
3.4256
0.243333
-1.77235
0.173469
2.22066
-0.787542
-0.447851
0.88103
-0.902315
1.22103
-1.47141
0.226034
-0.10775
2.02853
-1.59106
-1.94662
0.0145491
2.58371
-0.220602
-1.02481
-0.484427
0.0161428
0.0339933
-0.101993
0.0683423
-1.62274
1.94266
-3.32821
1.54705
1.9312
0.0907832
0.390122
-0.422456
0.205588
-0.340328
0.126736
0.22917
1.31877
0.133844
0.73914
3.2447
2.29566
2.52053
-4.85871
1.09838
-0.594773
0.0260032
0.0985111
-0.0885129
-0.305484
-2.48175
-0.338963
2.89726
2.57244
1.02903
-0.422255
0.384557
-0.63879
-0.473437
-0.843365
0.451571
0.150939
1.99966
0.295387
1.50552
1.3632
2.19332
3.47549
4.31171
0.334826
3.72781
-0.716918
-1.21402
-0.013616
0.0873183
0.337289
-3.51942
-2.03502
2.09104
-3.44393
-1.05514
0.334808
0.0656516
0.21644
0.623368
-1.29028
-0.342672
-0.00628981
0.70385
-1.98796
-0.281229
2.57016
-0.440783
4.07871
1.1415
-0.443165
-0.358642
-0.164332
0.17313
-0.348128
-0.186107
1.00239
-0.348516
-0.158525
-1.33517
2.75718
-2.97031
0.776333
-1.24841
-0.707491
0.077155
-0.0674963
0.163916
-0.104866
-0.420022
0.459066
-0.0792298
1.22249
-0.981183
2.6382
3.21317
-0.873441
-0.0649553
-0.147226
1.3017
0.399882
-0.435927
-1.16054
0.657287
0.786654
-3.90009
-0.323716
2.55327
0.409512
-0.335218
-0.654794
0.0219926
-0.0298965
0.382059
0.170954
0.154579
0.159083
-1.38626
-0.84065
-2.78874
-3.01895
-3.55225
-1.77266
0.153884
0.152642
0.0951037
-0.230477
0.0136095
-0.993083
-0.666685
1.13517
-2.54131
3.07499
-4.21166
0.341493
0.22826
-0.11593
0.0368408
0.193603
0.445411
0.621575
0.0611811
-0.177772
-0.378042
-1.1507
1.8253
0.574236
2.77456
0.0591009
-0.0991124
-1.08475
-0.214479
-0.0975753
0.134277
2.38812
-1.17101
1.07689
-0.574341
2.04033
-0.623707
-0.325168
2.76339
0.0669098
0.314717
-0.0267279
0.12194
-0.00940259
0.0683169
-0.122207
0.307481
0.117424
1.90978
-2.47199
1.60927
-0.196476
-0.182856
-0.119651
-0.341855
-0.134225
0.233148
0.259782
0.395357
-0.606672
-0.449417
-2.03444
-1.72699
2.54654
0.412481
-0.22398
-1.18704
-0.367656
0.0844036
0.252067
-0.2817
0.365307
1.4857
-0.923777
1.75615
-2.70275
2.27957
-0.0293111
0.322128
0.25145
-0.497509
0.794284
-1.3293
0.839572
0.159205
-2.07169
2.64021
1.75663
-2.17529
0.191909
-0.348828
-1.84171
-2.2639
0.0828872
1.45625
0.50601
0.459092
0.234771
-4.19746
-1.59282
2.94175
-2.34225
0.954652
-1.39901
0.3912
-0.454112
-1.22294
1.62065
-0.277332
-0.16263
3.98648
-0.628216
-2.79691
1.92104
-0.0718907
-2.93048
1.68493
-1.55148
-0.0528988
-0.6729
0.00857477
2.3808
-1.38399
0.861513
0.0214577
0.177924
2.35197
2.69131
-2.74407
5.79761
-0.346805
-0.872908
-0.206793
0.405799
0.62006
-2.1022
1.11925
-0.373056
0.0972472
2.95813
-4.23733
-0.868591
1.21159
0.141048
-1.6765
0.0633354
-0.857043
-0.200627
1.47061
0.646092
0.201018
2.2663
-5.11708
-4.39945
-1.73033
-0.484386
2.08242
-1.39515
-0.171757
1.9661
0.104308
0.237364
0.986223
0.380196
-2.42112
-0.278467
-2.17016
-1.39886
2.11911
-0.328032
0.491507
-0.762818
-0.0579242
-1.1704
0.179029
-0.126596
0.0335074
-0.114343
-0.182854
1.27096
-3.12511
1.52887
0.454654
0.460546
0.370596
0.180906
-0.560614
-0.0960792
0.0897201
0.33714
-2.35341
-0.777305
-2.48024
-0.0925982
-2.82845
-2.14489
-0.986785
-0.685408
0.16818
0.996877
-0.182388
-0.118561
0.270532
0.0308996
-3.37982
2.29272
0.565283
1.39784
-0.950884
-1.44579
1.98907
-0.679039
1.52147
0.460313
0.49442
0.570633
-0.781465
-0.023578
0.133695
0.208717
1.07588
1.04383
-1.79295
0.768076
-0.847608
0.0479888
-0.0192408
-0.239497
0.480239
0.380868
2.09535
-3.00777
-1.15702
-1.96628
-3.45506
-0.42177
-0.431934
0.982086
0.182456
0.280464
-0.20042
-0.547895
-0.316981
0.0306832
-2.84545
-1.71289
2.80963
-0.613086
0.0837129
-0.328909
-0.0413026
0.669256
-0.824255
1.31342
1.11062
0.106113
2.05711
-0.00515327
-0.200458
0.101528
-0.0684064
-0.384228
0.454605
0.0544976
-0.164828
-0.859643
0.977462
1.25688
-0.008854
0.63743
-0.60465
-2.46492
0.230449
0.926379
0.169417
-0.0807451
0.223192
-1.01822
-1.04156
-0.113293
0.267135
-0.0932589
-3.2972
-2.02825
1.03672
1.20711
0.893198
-0.391578
0.197946
0.353319
-0.598156
-0.0736121
-1.90047
-0.0222117
-0.581341
2.27075
1.65148
-0.0972413
-1.10544
0.733721
0.0328074
-3.17523
-0.647591
-0.124218
-0.294426
0.00915642
-1.6101
-1.1872
-2.98913
3.60977
5.86095
-0.193627
0.356453
-0.353779
0.102488
0.269856
0.49775
0.0927831
0.104039
0.420149
-1.26448
0.193968
-1.07635
1.5368
0.845478
0.0416357
1.73532
0.141811
0.764364
-1.77115
0.385341
-1.19133
-0.781789
2.57662
0.130924
-0.829736
-1.22196
-1.00749
0.0925586
0.155328
-0.764781
-1.58853
-1.50542
0.0780949
-0.144183
-0.206741
-0.199679
-0.842742
-0.0970725
2.74905
2.53685
2.08259
1.26794
-0.268708
0.214403
-0.252521
1.04223
-1.17609
1.66431
-0.505662
0.488685
0.630358
0.869256
-1.49924
-0.00555876
0.344762
0.138445
0.279508
-0.0105465
-0.0595169
0.211438
-1.02295
1.18363
-0.664138
-1.35205
2.63491
0.0917798
-0.233202
-0.33215
-0.0184889
-0.161504
0.154484
0.223389
0.314843
-0.315178
-1.55592
2.73709
2.04913
-0.480031
0.409231
0.191839
-0.606199
0.589376
-0.0367012
0.113259
-0.342746
-0.539398
-0.827341
-0.281281
-2.2141
0.325386
-0.832781
-0.406333
0.529884
-0.116641
-0.239118
0.00668745
1.02981
0.376101
-0.716318
0.340756
-0.227812
0.643839
2.29844
0.321829
0.334167
1.58277
0.13269
0.145641
0.256276
0.0452668
-0.244719
0.654042
-0.0872716
0.0670519
0.0262844
0.205587
-0.167802
-2.03293
-0.405824
-2.03068
-0.270999
0.0995458
-0.246316
0.118141
0.167991
0.159777
-0.20323
-0.0268419
-1.26325
-1.97566
-3.84189
2.38735
0.922087
0.660771
-2.98872
3.88215
6.06545
1.38995
-8.15924
-0.643871
3.21577
-0.600574
-1.97705
-0.457579
-2.28807
0.0482838
1.22304
-0.428863
-1.80434
1.75966
-2.60684
-2.13582
0.810844
-1.81374
-4.08652
-2.24732
-5.01751
2.27033
0.979963
-4.59399
2.47108
-1.13163
-1.46542
-1.98138
-1.75199
-0.748253
0.219744
-2.94084
-0.247022
-1.50859
-0.32475
0.33189
-2.44224
6.0663
-0.0561055
-5.3323
-3.08635
-2.34477
-3.30816
-2.16702
-2.3262
-1.66963
-2.38154
-0.260907
-1.77616
1.20143
-3.02664
-0.148442
-2.27268
0.263156
2.97915
-0.445026
-1.18645
2.77888
3.19582
3.93357
1.41831
-1.42137
-1.81749
6.46902
-4.744
1.1215
0.315729
-2.38262
-0.190904
-0.454721
-1.4229
-4.77257
5.48342
-10.4574
4.21541
-5.15523
3.40591
0.448903
-3.39534
-3.64044
-1.81556
1.33752
2.48848
-0.287229
-2.94093
-0.789335
-0.701868
-0.317676
-2.13516
-0.389586
-0.0890718
-0.307375
-1.87662
-1.4266
-1.00139
-0.716407
-2.38545
