[229, 9, 9, 4]
0.0
0.0
0.0
0.0
0.0
0.0
0.0
0.0
0.0
0.0
0.0
0.0
0.400869
0.0
0.0
0.0
0.0
0.0
0.0
0.0
0.0
0.0
0.0
0.0
0.0
-2.21922
0.0
0.0
0.0
0.0
0.0
0.0
0.0
0.0
0.0
0.0
0.0
0.549328
0.0
1.46225
0.0
0.0
0.0
0.0
0.0
-0.814577
-0.140476
0.258197
0.774069
-1.51373
0.979709
-0.666204
-0.273874
0.125563
0.0
0.0
0.0
0.0
0.0
0.0
0.0
0.0
0.0
-0.901903
0.211476
-0.270693
0.778837
-1.51261
0.762513
-0.48772
-0.314223
0.0580925
0.0
0.0
0.0
0.0
0.0
0.0
0.0
0.0
0.0
-0.700744
0.0252225
0.188733
0.793001
-1.30005
0.820196
-0.5129
-0.30192
0.123931
0.0
0.0
0.0
0.0
0.0
0.0
0.0
0.0
0.0
0.0
0.0
0.0
0.0
0.0
0.0
0.638382
0.0
1.01652
0.0
0.0
0.0
0.0
0.0
0.0
0.0
0.0
0.0
0.0
0.0
0.0
0.0
0.0
0.0
0.0
0.0
0.0
0.0
0.0
0.0
0.0
0.0
0.0
0.0
0.0
0.0
0.0
0.0
0.0
0.0
0.0
0.0
0.0
0.0
0.298546
0.0
0.0
1.84647
-0.669505
0.0
0.0
0.0
0.0
0.0
0.0
0.0
0.0
0.0
0.0
0.0
0.0
0.0
0.0
-0.397423
1.49717
0.210557
0.159233
0.196847
0.62226
-0.466701
-0.282842
-0.181846
0.0
0.0
0.0
0.0
0.0
0.0
0.0
0.0
0.0
0.0
0.0
0.0
0.0
0.0
0.0
0.0
0.0
0.0
0.0
0.0
0.814042
0.0
0.0
0.0
0.0
0.0
0.0
0.0
0.0
0.0
0.0
0.0
0.0
0.0
0.0
0.0
0.0
0.0
0.0
0.0
0.0
0.0
0.110098
0.0
0.0
0.0
0.0
0.0
0.0
0.0
0.0
0.0
0.0
0.0
0.0
0.0
0.0
0.0
0.0
0.0
-0.0733608
0.0
0.0
-0.408578
1.05463
0.02525
0.229177
0.073496
0.379022
-0.215458
-0.33295
-0.0917007
0.0
-0.877554
0.0
0.0
0.0
0.0
0.0
0.0
0.0
0.0
0.0
0.0
0.0
0.0
0.0
0.0
0.0
0.0
0.0
0.0
0.0
0.0
0.0
0.0
0.0
0.0
0.0
0.0
0.0
0.0
0.0
0.0
0.0
0.0
0.0
0.0
0.0
0.0
0.0
0.0
0.0
0.0
0.0
0.0
0.0
0.0
0.0
0.0
1.27787
0.0
0.0
0.0
0.0
0.0
0.0
0.0
0.0
0.0
0.0
0.0
0.0
0.0
0.0
0.0
0.0
0.0
0.0
0.0
0.0
0.0
0.0
0.0
0.0
0.0
0.0
0.0
0.0
0.0
0.0
0.0
0.0
0.0
0.0
0.0
0.0
0.0
0.0
0.0
0.0
0.0
0.0
0.0
0.0
0.0
0.0
0.0
0.0
0.0
0.0670075
0.0
0.0
0.0
0.0
0.0
0.0
0.0
0.0
0.0
0.0
0.0
0.0
0.0
0.0
0.0
0.0
0.0
0.0
0.0
0.0
0.0
0.0
0.0
0.0
0.0
0.0
0.413899
0.0
0.0
0.0
0.0
0.0
0.0
0.0
0.0
0.0
0.0
0.0
0.0
0.0
0.0
0.0
0.0
1.42939
0.0
0.0
0.0
0.0
0.0
0.0
0.0
0.0
0.0
0.0
0.0
0.0
0.0
0.0
0.0
0.0
0.0
0.0
0.0
0.0
0.0
0.0
0.0
0.0
0.0
0.0
0.0
0.0
-0.322942
1.71362
0.18565
0.14377
-0.0766115
0.962158
-1.0196
0.252981
-0.332155
0.0
0.0
0.0
0.0
0.0
0.0
0.0
0.0
0.0
0.0
0.0
0.0
0.0
0.0
0.0
0.0
0.0
0.0
0.0
0.0
0.0
0.0
0.0
0.0
0.0
0.0
0.0
0.0
0.0
0.0
0.0
0.765664
0.0
0.0
0.0
0.0
0.0
0.0
0.0
0.0
-2.4448
0.0
0.0
0.0
0.0
0.0
0.0
0.0
0.0
0.953076
0.0
0.0
0.0
0.0
0.0
0.0
0.0
0.0
0.0
0.602296
0.0
0.0
0.0
0.0
0.0
0.0
0.0
0.0
0.0
0.0
0.0
0.0
0.0
0.38901
0.0
0.0
0.0
0.0
0.0
0.0
0.0
0.0
0.963097
0.0
0.0
0.0
0.0
0.0
0.0
0.0
0.0
0.0
0.0
0.0
0.0
0.0
0.0
0.0
-1.229
-0.313821
1.19743
-0.155893
0.137545
0.193054
0.261684
-0.123909
-0.337759
-0.111669
0.0866001
0.0
0.0
0.0
0.0
0.0
0.0
0.0
0.0
0.0
0.0
0.0
0.0
0.0
-0.342267
-1.42462
0.0
0.0
0.0
0.0
0.0
0.0
0.0
0.0
0.0
0.0
0.0
0.0
0.0
0.0
0.0
0.0
0.0
0.0
1.27975
0.0
0.0
0.0
0.0
0.0
0.0
0.316611
0.0
-0.330947
0.0
0.0
0.0
0.0
0.0
0.0
0.0
0.0
0.0
0.0
0.0
0.0
0.0
0.0
0.0
0.0
0.0
0.0
0.0
0.0
0.0
-1.73327
0.0
0.0
0.0
0.0
0.0
0.0
0.0
0.0
0.0
0.0
0.0
0.0
0.0
0.0
0.0
0.0
0.0
0.0
0.0
0.0
0.0
0.0
0.0
0.0
0.0
0.0
0.0
0.0
-0.0479346
0.0
0.0
0.0
0.0
0.0
0.0
0.0
0.0
0.0
0.0
0.0
0.0
0.0
0.0
0.0
-1.08622
0.0
0.0
0.0
0.0
0.0
0.0
0.0
0.0
0.0
0.0
0.0
0.0
0.0
0.0
0.0
0.0
0.0
0.0
0.0
0.0
0.0
0.0
0.0
0.0
0.677956
0.0
0.0
0.0
0.0
0.0
0.0
0.0
0.0
-0.83195
1.58852
-0.0302976
0.0858481
0.583019
0.928434
-1.18836
0.558537
-0.523196
0.0
0.0
0.0
0.0
0.0
0.0
0.0
0.916209
1.34189
0.0
0.0
0.0
0.0
0.0
0.0
0.0
0.0
-1.63093
0.0
0.0
0.151526
0.0
0.0
0.0
0.0
0.0
1.07119
0.0
0.0
0.0
0.0
0.0
0.0
0.0
0.0
0.0
-1.36382
0.0
0.0
0.0
-1.2082
0.0
0.0
0.0
0.0
0.0
0.0
0.0
0.0
0.0
0.0
0.0
0.0
0.0
0.0
0.0
0.0
0.0
0.0
0.0
0.0
0.0
0.0
0.0
0.0
0.0
0.0
0.0
0.0
0.0
0.0
0.0
0.0
0.0
0.0
0.0
0.0
0.0
-0.279837
0.0
0.0
0.0
0.0
0.0
0.0
0.0
0.0
0.0
0.0
0.0
0.0
0.0
0.0
0.0
0.0
0.0
0.0
0.0
0.0
0.0
0.0
0.0
0.0
0.0
0.0
0.734114
0.0
0.0
0.0
0.0
0.0
0.0
0.0
0.0
0.0
0.0
0.0
0.0288202
0.996796
0.00885996
0.0447946
0.333204
0.223395
-0.093985
-0.327336
-0.0784102
0.0
0.0
0.0
0.0
0.0
0.0
0.0
0.0
0.0
0.0
0.0
0.0
-1.45259
0.0
0.0
0.0
0.0
0.0
0.0
0.0
0.0
0.0
0.0
1.10239
0.0
0.0
0.0
0.0
0.0
0.0
0.0
0.0
0.0
0.0
0.0
0.0
0.0
0.0
0.0
0.0
0.0
0.0
0.0
0.0
0.0
0.0
0.0
0.0
0.0
0.0
0.0
0.0
0.0
0.0
0.0
0.0
0.0
0.0
0.0
0.0
0.0
0.0
0.0
0.0
0.0
0.0
0.0
0.0
0.0
0.0
0.0
0.0
0.0
0.427315
0.0
0.0
0.0
0.0
-0.0587565
0.0
0.0
0.0
0.0
-1.54733
0.0
0.0
0.0
0.0
0.0
0.0
0.0
0.0
0.0
0.0
0.0
0.0
0.0
0.0
0.0
0.0
0.0
0.0
-0.565254
0.0
0.0
0.0
0.0
0.0
0.0
0.0
0.0
0.0
0.0
0.0
0.0
0.0
0.0
0.0
0.0
1.44567
0.0
0.0
0.0
0.0
0.0
0.0
0.0
0.0
0.0
0.0
0.0
0.0
0.0
0.0
0.0
0.0426477
0.623774
0.0770185
0.00784663
0.269812
0.198228
-0.0703164
-0.305855
0.00706958
0.0
0.0
0.0
0.0
0.0
0.0
0.0
0.0
0.0
0.0
-0.952576
0.0
0.0
0.0
0.0
0.0
0.0
0.0
0.0
0.0
0.0
0.0
0.0
0.0
0.0
0.0
0.0
0.0
0.0
0.0
0.0
0.0
0.0
0.0
0.0
0.0
0.0
0.0
0.0
0.0
0.0
0.0
0.0
0.0
0.0
0.0
0.0
0.0
0.0
0.0
0.0
0.0
0.0
0.0
0.0
0.0
0.0
0.0
0.0
0.0
0.0
0.0
0.0
0.0
1.55912
0.0
0.0
0.0
0.0
0.0
0.0
0.0
1.15207
0.0
0.0
0.0
0.0
0.0
0.0
0.0
0.0
0.0
0.0
2.02355
0.0
0.0
-0.741506
0.0
0.0
0.0
0.0
0.0
0.0
0.0
0.0
0.0
0.0
0.0
0.0
0.0
0.0
0.0
0.0
0.0
0.0
0.0
0.0
0.0
0.0
0.0
0.0
0.0
0.0
0.0
0.0
0.0
0.0
0.352025
0.695487
-0.0416373
-0.471708
0.0907715
0.250774
-0.11136
-0.321045
-0.0207016
-1.2883
0.0
0.0
0.0
0.0
0.0
0.0
0.186866
0.0
0.0
0.0
0.0
0.0
0.0
0.0
0.0
0.0
0.0
0.0
0.0
0.0
0.0
-0.825755
0.0
0.0
0.0
0.0
0.0
0.0
0.0
0.0
0.0
0.0
0.0
0.0
0.0
0.0
0.0
0.0
0.0
0.0
0.0
-0.0236883
0.0
0.0
0.0
0.0
0.0
0.0
0.0
-1.18921
0.0
0.0
0.0738968
0.0
0.0
0.0
0.0
0.0
0.0
-0.663394
0.0
0.0
0.0
0.0
0.0
1.19475
0.0
-0.793415
0.0
0.0
0.0
1.95995
0.0
0.0
0.0
0.0
0.0
0.0
0.0
0.0
0.0
0.0
0.0
0.0
0.0
0.0
0.0
0.0
0.0
0.0
0.0
0.0
0.0
0.0
0.0
0.0
0.0
0.0
0.0
-0.866256
0.0
0.0
0.0
0.0
0.0
0.0
0.0
0.0
0.0
0.0
0.0
0.0
0.0
0.0
0.0
0.0
1.15768
0.0
0.0
0.0
0.0
0.0
0.0
0.0
0.0
0.0
0.0
0.0
0.0
-0.270726
0.0
0.0
0.0
0.0
0.11588
0.52986
0.23909
0.0330455
0.33056
0.18943
-0.0636622
-0.294629
0.0364417
0.0
0.0
0.0
0.896661
0.0
0.0
0.0
0.0
0.0
0.0
0.0
0.0
0.0
0.0
0.0
0.0
0.0
0.0
0.0
0.0
0.0
-0.265798
0.0
1.52898
0.0
0.0
0.0
0.0
0.0
0.0
0.0
0.0
0.0
0.0
0.0
0.0
0.0
0.0
1.01326
0.0
0.0
0.0
0.0
0.0
0.0
0.0
0.0
0.0
0.0
0.0
0.0
-0.382894
0.0
0.0113921
0.0
0.0
0.0
0.834794
0.672055
0.0
0.0
0.0
0.0
0.0
0.0
0.0
0.0
0.0
0.0
0.0
0.0
0.0
0.0
0.0
0.0
0.0
0.0
1.08369
0.0
0.0
0.0
0.0
0.0
0.0
0.0
0.0
0.249644
0.0
0.0
0.0
0.0
0.0
0.0
0.0
0.0
0.0
0.0
0.0
0.0
0.0
0.0
0.0
0.0
0.0
0.0
0.0
0.732558
0.0
0.38733
0.0
0.0
0.0
0.0
0.0
0.0
0.0
0.0
-0.234358
0.736378
0.271662
0.00758924
0.891751
0.234639
-0.10537
-0.316165
-0.0307132
0.0
0.0
0.0
0.0
0.0
0.0
0.771654
0.0
0.0
0.0
0.0
0.0
0.0
0.0
0.0
0.0
0.0
0.0
0.0
0.363397
0.0
0.0
0.0
0.0
0.0
1.48696
0.0
0.0
0.0
0.0
0.0
0.0
1.16078
0.0
0.0
0.0
0.0
0.0
0.0
0.0
0.0
0.0
0.0
0.0
0.0
-0.0957856
0.0
0.0
0.0
0.0
0.0
0.0
0.0
0.0
0.0
0.0
0.0
0.0
0.0
0.0
-0.369395
0.0
0.0
0.0
0.0
0.0
0.0
0.0
0.0
0.0
0.0
0.0
0.0
0.0
0.0
0.0
0.0
0.0
0.0
0.0
0.0
0.0
0.0
0.0
0.0
0.0
0.0
0.0
0.0
0.0
0.0
0.0
0.0
0.0
0.0
0.0
0.0
0.0
0.0
-0.199123
0.0
0.0
0.0
0.0
0.0
0.0
0.0
0.0
0.0
0.0
0.0
0.0
0.0
0.0
0.0
0.0
0.394398
0.0
0.0
0.0
0.0
0.0
0.0
0.0
0.0
0.0
0.0
0.0
0.924597
0.0
0.0
0.0
0.0
0.0
-0.433702
0.0
1.2026
0.0
0.0
0.0
0.0
0.0
0.0
0.0
0.155811
0.414028
0.306988
-0.0864208
0.416091
0.198154
-0.0650942
-0.283443
0.0785866
0.0
0.0
0.0
0.0
0.0
0.0
0.0
0.0
0.0
0.0
0.0
0.0
0.0
0.0
0.0
0.0
0.0
0.0
0.0
0.0
0.0
0.0
0.0
0.0
0.0
0.0
0.0
0.0
0.0
0.0
0.553648
0.0
0.0
0.0
0.0
0.0
0.0
0.0
0.0
0.0
0.0
0.0
0.0
0.0
0.0
0.0
0.0
0.0
-0.139322
0.0
0.0
0.0
0.0
0.0
-1.19117
0.0
0.0
0.0
0.0
0.0
0.0
-2.14337
0.0
0.0
0.0
0.0
0.0
0.0
0.0
0.0
0.0
0.0
0.0
0.0
-0.96264
0.0
0.0
0.0
0.0
0.0
0.0
0.0
0.0
0.0
0.0
0.0
0.0
0.0
0.0
-1.57352
0.0
0.0
0.0
0.0
0.0
0.0
0.0
-0.0175317
0.0
0.559931
0.990557
-0.0632071
-0.435379
0.873784
0.310502
-0.109244
-0.281285
0.0374699
0.0
0.0
0.0
0.0
0.0
0.0
0.0
0.0
0.0
0.0
0.0
0.0
0.0
0.0
0.0
0.0
0.0
0.0
0.0
0.0
0.0
0.0
0.0
0.0
0.0
0.0
0.0
0.0
0.0
0.0
0.0
0.0
0.0
0.0
0.0
0.0
0.0
-0.212354
0.0
-0.44893
0.0
0.0
0.0
0.0
0.0
0.0
0.0
0.0
0.0
0.0
0.0
0.0
0.0
0.0
0.0
0.0
0.0
0.0
0.0
0.0
0.0
0.0
0.0
0.0
0.0
0.0
0.0
0.0
0.0
0.0
0.0
0.0
0.0
0.0
0.0
0.0
0.0
0.0
0.0
0.0
0.0
0.0
0.0
0.0
0.0
-0.188591
0.0
0.0
0.0
0.0
0.0
0.0
0.0
0.0
0.0
0.0
0.0
0.0
0.0
0.0
0.0
1.95819
0.0
0.0
0.0
0.0
0.0
0.0
0.0
0.0
0.0
0.0
0.0
0.0
0.0
0.0
0.0
0.0
0.0
0.0
0.0
0.0
0.0
-1.03706
0.0
0.0
0.0
0.0
0.0
0.0
0.0
0.0
-0.754066
0.0
0.0
0.0
0.0
0.0
0.0
0.0
0.0
0.0
0.0
-0.182522
0.0
0.0
0.0
0.0
0.0
0.0
0.0
0.0
0.0
0.0
0.0
0.0
0.0
0.0495718
0.0
0.0
0.0
0.0
0.0
0.0
0.0
0.0
-1.86815
0.0
0.0
0.0
0.0
0.147941
0.342871
0.646977
0.0371099
0.620679
0.207228
-0.0724202
-0.269466
0.110334
0.0
0.0
0.406629
0.0
0.0
0.0
0.0
0.0
0.0
0.0
0.0
0.0
0.0
0.0
0.0
0.0
0.0
0.0
0.0
0.0
0.0
0.0
0.0
0.0
0.0
-0.133521
0.0
0.0
0.0
0.0
1.01649
0.0
0.0
0.0
0.0
0.0
0.0
0.0
0.0
0.0
0.0
0.0
0.0
0.0
0.0
0.0
0.0
0.0
0.0
0.0
0.0
0.0
0.0
0.0
0.0
0.0
0.0
0.0
0.0
0.0
0.0
0.0
0.0
0.224633
0.342185
0.0502377
-0.230697
0.238493
0.216543
-0.0518306
-0.255004
0.155744
0.0
0.0
0.0
0.0
0.0
0.0
0.0
0.0
0.0
0.0
0.0
0.0
0.0
0.0
0.0
0.0
0.0
0.0
0.0
0.0
0.0
-1.10449
0.0
0.0
0.0
0.0
0.0
0.0
0.0
0.0
0.0
0.0
0.0
0.0
0.0
0.0
0.0
0.0
0.0
0.0
0.0
0.0
0.0
0.0
0.0
0.0
0.0
0.0
0.0
0.0
0.0
0.0
-0.443719
0.0
0.0
0.0
0.0
0.0
0.0
0.0
0.0
0.0
0.0
0.0
0.0
0.0
0.0
0.0
0.0
0.0
0.0
0.0
0.305551
0.322301
0.445149
-0.173407
0.353189
0.205086
-0.0660115
-0.269022
0.119855
0.0
0.0
0.0
0.0
-0.154826
0.0
0.0
0.0
0.0
0.122169
0.333072
0.167225
-0.0554495
0.441128
0.204007
-0.0392832
-0.241696
0.175361
-0.336226
0.0
0.0
0.0
0.0
0.0
0.0
0.0
0.0
0.0573944
0.37964
0.0384734
-0.0577924
0.433676
0.193464
-0.0322763
-0.247942
0.156846
0.0
0.0
0.0
0.0
0.0
0.0
0.0
0.0
0.0
0.0
0.0
0.0
0.0
0.0
0.0
0.0
0.0
0.0
0.0
0.0
-1.41583
0.0
0.0
0.0
0.0
0.0
0.0
0.0
0.0
0.0
0.0
0.0
0.0
0.0
0.0
0.0
0.0
0.0
0.0
0.0
0.0
0.0
0.0
0.0
0.0
-0.979995
5.42708
3.3068
0.0134813
0.689251
2.08978
-2.03854
2.86152
1.98933
1.08774
-4.96604
-4.07496
-2.16661
0.558189
-0.681819
1.58058
-4.12738
-2.01389
0.92318
-1.56724
0.236981
-0.391203
1.00605
1.9861
-3.69348
2.92563
-4.20802
-0.44466
-0.469116
-0.667257
0.256602
0.283387
6.3196
-1.60074
-1.4395
-0.8226
0.107719
0.461402
-0.768024
-2.15297
1.24753
1.40684
-0.457029
-0.59688
-0.0246123
1.1264
0.506553
-1.0288
-3.28425
0.636806
-3.40007
-1.26162
2.04823
1.57286
1.8942
3.41911
-2.83399
-3.48539
0.394412
-2.15134
-3.39473
0.899106
1.031
2.12163
1.89504
2.34958
0.500717
-1.53125
0.826762
1.6826
-0.374744
3.07489
2.56647
-4.75961
-1.83663
6.44711
2.64927
-0.82313
0.66571
-1.25487
-0.283223
1.30613
1.85388
0.910051
-1.35533
3.30323
-3.22109
-0.0819847
-0.638546
0.237724
0.832211
-2.26427
5.22678
7.8417
1.25883
3.73594
6.54043
1.10766
-3.14639
0.747764
-5.2355
1.53961
7.25496
-0.628313
4.84841
0.696798
-2.86018
-1.92728
0.125958
-1.46078
-0.257057
0.679985
0.303953
0.682024
2.13612
2.7802
-2.28196
0.545126
2.13217
-0.687518
-2.19449
0.458447
-0.296883
-3.89682
-4.13947
-1.92288
-1.24284
-0.165008
0.311631
1.69093
0.547109
2.33965
-0.297919
2.10083
1.05056
-3.08244
0.539318
-2.79661
-1.85116
-4.11776
-9.42553
-7.05533
2.56222
-5.11865
0.26242
-6.56143
-7.14101
10.1109
-12.1551
2.23296
-8.81537
-3.70917
2.12782
-3.71251
1.28368
-11.4162
10.4719
5.68719
-7.18546
4.42245
0.528476
7.67455
-7.30502
-2.45748
-3.12955
-4.85103
-5.53224
-2.31399
-1.72414
-2.30314
1.54237
-2.49575
1.09562
-3.62431
1.2396
