[12, 25, 25, 4]
-0.255707
-0.467128
-0.0380401
0.172796
-0.0391851
-0.185657
0.106275
0.28499
0.259467
-0.298557
-0.238379
-0.0234864
8.25214e-06
0.605749
-0.00705956
-0.517211
-0.121517
0.0344852
0.0207198
-0.0997532
0.85904
-0.444875
-0.237716
0.0107714
0.284339
-0.108703
-0.905219
0.129651
0.641543
-1.3117
-0.783517
-0.46731
1.27182
2.09463
-1.54641
0.430612
-0.948817
-1.38141
0.464499
-1.58383
-0.360216
0.711097
-0.190795
0.419072
0.0979622
1.57807
0.232583
-0.235633
-0.358957
2.5973
-0.119536
-0.374891
-0.23552
-0.945988
0.276089
-0.0605307
0.457372
0.15792
1.62081
-0.760886
-0.723165
0.191365
-0.974625
1.30419
1.39889
0.00694698
-0.63002
-0.229847
1.05499
0.0483197
0.794608
1.00551
0.762948
0.353415
-0.0688556
-0.037521
0.39964
-0.142623
-0.0363386
-0.6437
0.248894
-0.566878
-0.12272
0.854567
0.830345
0.902039
0.105689
0.739919
0.914595
0.370963
-0.151665
0.10854
0.0341061
-0.263629
0.132224
-0.655329
0.126997
0.730704
0.151579
-1.2369
0.0491096
-0.909998
2.38068
1.35522
0.431101
-0.334598
0.168047
-1.44017
-2.03449
-0.248929
1.29787
-0.369863
-0.217044
0.037999
0.133122
-0.254508
-0.769688
0.238313
1.04555
2.32708
-1.50901
1.07296
-0.754371
0.372953
0.282814
-0.565032
0.349271
-0.491077
0.73695
2.10567
0.855207
-0.157302
-0.681444
-0.985273
-0.117647
-0.114775
1.91462
-0.978846
0.15223
0.151442
-0.152902
-0.348914
-0.578807
-2.36804
-0.354973
0.916915
0.565095
0.315854
0.699882
0.540432
0.808024
0.467097
1.30598
0.844945
0.724542
0.0464064
-0.574253
0.623372
-1.77463
-0.415723
1.70386
0.131229
-0.313475
-0.347292
0.0675419
-1.46047
-1.84484
0.142342
-1.02167
0.211333
-1.70913
0.0733673
-1.51124
0.654208
-0.373769
-1.11449
-0.925398
-0.0977366
-1.90068
-0.0688812
-1.68245
-0.13751
-0.18393
1.37603
-0.997869
-0.722045
-0.185088
0.129094
2.0162
0.000698737
-2.84514
-1.29077
-0.681822
0.0526414
1.71713
-1.06192
-1.11468
-0.373922
0.440417
-0.83901
-1.77558
0.852918
0.645752
0.699471
-0.0154662
-2.21413
0.76576
-2.3873
1.05051
2.1632
-1.34639
-1.39371
-0.655263
2.05533
3.19762
-0.161944
0.915048
-0.717593
0.0966242
0.0481758
-1.6002
-1.69517
-2.61907
2.96362
-0.0560379
-0.462483
-1.19583
-1.12331
0.322082
1.23978
2.04429
-1.27057
0.538068
0.754468
-0.965295
1.14704
0.694583
0.46948
-0.990345
-0.576718
1.29744
-0.310335
1.27292
0.998785
0.68348
0.215337
0.437126
2.06201
0.374846
1.77297
0.86103
0.0908297
-0.125866
0.345964
-1.2534
0.0896565
-2.20638
0.420733
-0.5014
-0.105129
-1.22343
-0.250147
-1.15892
1.0379
0.29343
2.03982
-0.627044
0.00396458
0.0508848
0.787164
-1.20223
0.775946
-0.172575
-0.03108
-0.175724
0.826571
1.51445
0.524083
-0.0495841
1.14675
-0.73754
-2.71394
0.241036
-0.18439
-0.725131
0.746076
-0.48684
-0.703295
1.71633
0.980176
-0.849229
-1.37022
-0.0847842
-0.058283
-1.80766
2.97654
-2.68605
0.110225
0.576928
1.24474
1.38715
0.102815
-0.892556
-0.831307
0.0609054
0.138993
-1.3008
1.75392
0.824371
-0.48969
-1.18181
0.423711
-1.59317
-0.372326
-0.254957
-0.41675
-0.182812
-0.965584
0.379244
-0.768636
0.439794
-0.299022
0.278681
-1.17996
-0.0882532
-0.683763
-0.353654
-0.211467
0.00692632
0.111219
-0.5698
-0.518434
0.224859
0.637488
0.260343
-0.172113
0.103528
0.273243
0.403584
-0.618367
0.271116
0.0669237
0.00637393
0.392008
0.17829
-2.31183
0.113703
-0.175368
-1.14541
0.153243
1.49399
0.0168875
1.16341
0.167121
0.0858153
0.159251
-0.109149
0.165208
0.276373
-0.169308
-0.162512
-0.391244
1.80448
1.09567
0.060567
-0.0638565
0.676914
-0.0171658
-0.119119
-0.342462
-0.705546
-0.700305
0.0285979
0.47473
-0.467325
1.68195
1.26497
0.0476553
0.0919413
-1.53335
-0.563592
0.302816
0.0719183
-0.0903801
0.196016
0.0900152
-0.280449
2.11363
0.472509
-0.690518
0.170396
0.292861
0.313893
-0.155577
0.262265
-0.545997
-0.113125
-0.109686
0.458337
0.164598
1.78187
-1.48502
-2.19348
0.175662
2.71605
-0.0530398
-0.248435
-0.0477693
0.112322
0.195007
0.188996
-0.0878853
-1.13294
2.32409
-3.00467
1.71285
1.6013
-0.00876898
0.293709
-0.163004
0.0895583
0.0264648
0.0105082
-0.525919
1.0364
0.126517
0.766083
1.63278
2.64316
2.70987
-2.5304
-0.301675
-0.98834
-0.527767
0.110103
0.0537841
0.636518
-0.263068
-0.107131
2.50154
2.45316
0.130564
-1.93724
0.321349
-0.202827
0.366509
-0.0764828
0.0547301
-0.670253
1.56971
0.219713
0.582933
3.00951
2.13798
1.69425
2.40581
1.47572
2.15913
0.606528
0.00199792
0.334472
-0.535298
-0.219173
-2.50006
1.8909
2.44191
-2.56368
0.385716
0.0474007
-0.437386
-0.692074
-0.255872
-0.144779
1.4619
0.519772
0.145676
0.307934
0.903451
2.33623
-0.533609
3.11646
3.22691
-1.70395
-1.25004
-0.680877
0.278971
-0.452123
-0.639924
0.130747
1.46158
0.137215
-1.3682
3.18152
-2.90142
2.1786
0.249024
0.25602
-0.372301
1.15532
0.136229
-0.0301221
-0.259853
0.22766
0.128726
0.419526
-1.24028
2.19942
2.55008
0.270301
-0.226995
0.230899
-0.10424
-0.00138172
-0.0620234
-0.03941
0.00292129
-0.000309998
-1.90275
0.0368491
1.10261
-1.16702
-1.05718
0.451295
0.580886
-0.123246
-0.657519
0.308479
0.422882
0.214809
0.0807356
0.0471895
-2.98562
-1.89538
-4.99674
-1.17812
0.174122
-0.609013
-0.808514
-0.105115
0.447009
0.673299
1.44482
0.749365
-2.47559
2.72947
-4.36704
-0.104455
0.0382751
-0.396334
-0.530764
-0.111476
-0.373264
0.139344
0.0935067
0.254219
-0.132408
-0.24764
2.87866
-0.00293857
2.07157
0.616823
-1.42921
0.235852
-0.262759
-0.0120122
0.109214
0.449915
0.00607011
0.488051
-1.20603
4.34351
-0.873958
0.397728
2.92309
-0.0310777
0.39708
-0.29712
-0.469571
0.145794
0.0575313
-0.0294645
1.12317
0.636614
2.71655
-2.28471
2.21933
0.325724
-0.213465
-0.0163488
-0.0754804
0.155979
-0.11813
-0.0218528
0.489479
-0.458328
-2.09285
-2.02324
-1.52252
2.18174
0.0413047
-0.00698015
-0.0966764
-0.131882
0.196856
0.162665
-0.834738
-1.00921
0.488177
-0.397505
2.14606
-3.31407
0.800316
-0.694938
0.504073
-0.527486
-0.000103434
0.946502
-0.148298
0.489101
0.333185
-1.04487
1.34533
1.82028
-3.2556
0.0129107
0.392875
-0.0717048
-0.408218
0.0856225
-0.0306719
-0.584596
-0.606734
-0.185246
-0.306276
-2.18735
3.05295
-0.557574
0.0746126
0.0811381
-0.28788
0.184404
0.832639
-0.0623371
-0.0557574
-0.286934
1.1087
0.497378
-2.84414
1.80319
-0.279486
-2.46444
1.03723
0.0298392
0.19294
0.168818
-0.392114
-0.380435
0.264432
-0.212295
0.559478
-0.171513
-0.221139
2.41056
-1.35312
2.03233
-0.238422
-0.141931
-0.262616
0.290905
0.0830979
-0.240326
-0.163441
-0.234504
-1.15902
3.09987
-2.37933
0.786283
0.624775
0.168329
0.160313
0.852853
0.924243
-0.0775819
-0.697269
0.511601
-0.178848
-0.555344
-2.34426
-2.83074
-0.137175
0.0315884
-0.541959
0.208382
-0.160088
0.151801
1.49474
0.0684307
-0.39473
0.615772
-2.76878
0.201259
-2.23947
-0.682216
2.19909
0.23766
-0.141839
-0.804685
-0.233384
0.591249
0.131764
-0.0819183
0.609385
-0.175204
0.130132
0.405202
-2.51044
1.01718
-0.13938
0.336631
-0.132608
1.26853
0.236285
0.376907
-0.715626
-0.271849
0.599456
0.219371
-0.963229
0.360302
-1.08279
-2.13703
-1.62366
0.539647
0.267169
0.00714056
0.167404
1.45099
1.35264
1.80725
-3.47995
1.92656
2.87842
-0.45066
0.139263
0.4104
-0.0435691
-0.223811
0.115287
-1.64299
-0.248207
0.0446775
-0.450346
1.2984
0.127732
-1.35823
2.2229
1.99678
0.0608127
0.0777732
0.0303161
0.0113143
0.082317
0.0165478
-0.00240725
-0.326199
1.51552
-1.93794
-1.69356
-2.33356
-0.905675
-0.136601
-0.070249
-0.104672
0.157083
0.0262223
0.147147
-0.0190871
0.215556
0.100478
-2.43156
-0.943699
2.33781
0.575141
-0.279384
0.299368
-0.307777
-0.0924484
-0.625424
-0.212076
0.285198
-0.35356
1.86947
0.936462
-0.273919
-0.228611
-0.485003
-0.681585
0.524092
0.119294
-0.0461589
-0.0283179
-0.0211762
-0.489579
0.19675
0.172486
-2.15455
-2.14947
-2.80335
0.551509
0.595701
0.152443
-0.132811
0.585709
0.219922
-0.516178
-0.0570936
-0.387789
-1.12716
-2.64699
0.350216
2.42623
0.820675
0.0192893
-0.37748
0.0027577
-0.911159
-0.363626
-0.0167378
-0.291372
-0.0852013
1.67869
3.40934
-1.11917
0.280538
0.00562372
0.304575
-2.04769
1.49777
-0.577034
-0.64706
-0.232845
-5.91532
-0.481249
-3.59486
2.49569
6.02264
2.25878
-0.177919
0.250876
0.449406
-0.106827
0.57521
-0.141218
0.0269173
0.137478
0.0488816
0.17541
-1.68264
2.06056
1.40147
0.149425
-0.307027
0.012108
0.24478
-0.390918
-0.156314
-0.584599
0.038151
1.88553
0.987053
2.7432
-0.348885
-1.39054
-0.23466
0.200022
0.0339351
0.0531884
-0.254357
0.162584
0.137514
-0.203203
-0.540986
0.626193
0.123467
3.04474
2.59107
0.801611
0.191982
-0.858211
0.325074
0.161391
0.910813
-0.0148995
1.68179
-1.26757
-0.413093
0.380529
-0.194105
-1.84682
0.0241701
-0.144659
-0.327814
0.0572844
0.225274
0.0635719
0.787975
1.20785
1.32957
-0.467363
-1.08576
3.15558
0.104962
0.015607
-0.345466
1.09713
0.0611614
-0.63235
0.13994
0.0798736
-0.296456
-2.0129
2.83666
1.79179
0.218631
-0.140692
0.361297
0.314619
-0.026814
0.228281
0.12489
-0.00842741
-0.394436
-0.0490264
0.574204
-2.08797
0.409178
-0.700334
-0.118881
-0.295823
-0.141075
-0.0435082
0.247415
-0.0153948
0.341637
-0.312366
-0.517701
-0.48777
0.900683
1.78792
-0.0448547
0.101153
1.39611
-0.106439
-0.0440718
-0.13825
0.211809
0.0200051
0.0429192
0.222708
0.0553691
-0.0216071
0.283305
-0.108832
-1.96944
0.00928957
-1.92214
0.0495297
0.0285238
0.105197
-0.155659
-0.638247
-0.353778
0.0109537
0.0824004
-1.07156
0.56482
-0.666766
-0.361212
1.36691
-0.304334
-2.23332
-1.53887
-1.51356
-1.84482
-0.262386
-2.52925
-0.673016
-1.55615
-2.01881
-0.895167
-1.91585
-1.46898
-0.195126
-0.53489
0.79044
-3.45849
4.8152
-1.15509
0.482629
-2.74061
0.363543
-3.99298
-1.10223
-0.945891
0.55203
-1.04303
1.5694
-0.0721479
-1.46657
1.52338
-0.595823
-0.91771
-0.406803
-2.71723
-0.0187041
-1.39794
-0.695432
-0.698538
0.321325
0.399478
-1.49335
-1.08929
2.33636
3.17788
-0.905567
0.294689
-0.291722
-0.285707
-3.92415
-3.87211
-1.8874
-4.36423
-0.336315
-2.58535
-2.19358
-0.862103
-0.42655
0.643768
-0.229643
5.79624
-4.96536
-6.39119
1.64029
-0.0756615
-0.115825
-3.59877
-1.83505
-1.58775
0.128273
-1.36967
1.76579
-1.29722
-0.913648
-0.535261
-1.21911
4.62718
2.36671
4.73442
-6.06028
3.36466
1.6377
1.76476
0.0098547
0.434342
1.99707
0.665867
3.5924
-4.24823
0.757676
-1.50943
-2.49375
-1.23408
-0.585153
-0.350057
0.511758
-1.95972
-1.69537
1.27546
-1.63278
