[229, 36, 36, 4]
0.0
0.0
0.0
0.0
0.0
0.0
0.0
0.0
0.0
0.0
0.0
0.0
0.0
0.0
0.0
0.0
0.0
0.0
0.0
0.0
0.0
0.0
0.0
0.0
0.0
0.0
0.0
0.0
0.0
0.0
0.0
0.0
0.0
0.0
0.0
0.0
0.0
0.0
0.0
0.0
0.0
0.0
0.0
0.0
0.0
0.0
0.0
0.0
0.0
0.0
0.0
0.0
0.0
1.04605
0.0
0.0
0.0
0.0
0.0
0.0
0.447987
0.0
0.0
0.0
0.548741
0.0
0.0
0.0
0.0
0.0
0.0
0.0
0.0
0.0
0.0
0.0
0.0
0.0
0.0
0.0
0.0
0.0
0.0
0.0
0.0
0.0
0.0
0.0
0.0
0.0
0.0
0.0
0.0
0.0
0.0
0.0
0.0
0.0
0.0
0.0
0.0
0.0
0.0
0.0
0.0
0.0
0.0
0.0
0.0
0.0
0.0
0.0
0.0
0.0
0.0
0.0
0.0
0.0
0.0
0.0
0.0
0.0
-0.274179
0.0
0.0
0.0
0.0
0.0
0.0
0.0
-0.611233
0.0
0.0
0.0
-1.2097
0.0
0.0
0.0
0.0
0.0
0.0
0.0
0.0
0.0
0.0
0.951717
0.0
0.0
0.0
0.0
0.0
0.0
0.0
0.0
0.0
0.0
0.0
0.0
0.726115
-0.544311
0.0
0.0
0.0
0.0
0.0
0.0
0.0
0.0
0.0
0.0
0.0
0.0
0.0
0.0
0.0
0.0
0.0
0.0
0.0
0.0
0.0392022
0.596407
0.280244
0.242316
0.178589
-2.47219
-0.708115
0.548915
-0.579431
1.48269
0.577642
0.203056
-1.22749
0.803526
1.14198
0.02602
-0.256566
-3.52994
0.290437
-0.98758
1.15421
0.840607
1.21927
-0.854539
-0.625743
0.731091
0.104046
0.260368
-0.747544
-0.673078
0.258667
0.188925
-0.387704
0.120523
-2.83247
-0.572066
0.0
0.0
0.0
0.0
0.0
0.0
0.0
0.0
0.0
0.0
0.0
0.0
0.0
0.0
0.0
0.0
-0.529466
0.0
0.0
0.0
0.0
0.0
0.0
0.0
0.0
0.0
0.0
0.0
0.272756
0.0
0.0
0.0
0.0
0.0
0.0
0.0
-0.260733
0.300955
1.45075
0.0117066
-1.45386
-2.16602
-0.0902222
-0.279792
0.292767
0.51295
0.0403757
0.572475
-1.62437
0.060719
0.105462
-0.43571
0.105763
-1.37224
0.529823
-1.05284
-0.692328
0.354598
0.816151
-0.393648
-0.424963
0.449152
0.189707
-0.543524
-0.858278
-0.721979
-0.624578
0.0503097
0.229872
0.757228
-2.79282
-0.633261
-2.05703
0.0
0.0
0.0
0.0
0.0
0.0
0.0
0.0
0.0
0.0
0.0
0.0
0.0
0.0
0.0
0.0
0.0
0.0
0.0
0.0
0.0
0.0
0.0
0.0
0.0
0.0
0.0
0.0
0.0
0.525096
0.0
0.0
0.0
0.0
0.0
-0.189167
-0.0584841
1.07005
-0.118398
-1.77518
0.731104
-0.184072
-0.785549
0.687699
0.810092
-0.423136
0.809509
-0.911192
-0.398267
0.55583
0.167261
0.0252517
-1.44408
0.204932
-0.0708697
-0.157988
-0.825883
1.27233
0.564226
-0.614138
0.379524
0.309012
0.177333
0.333207
-0.269392
-2.26354
-0.720127
0.330326
0.404589
-1.32575
-0.336738
0.0
0.0
-0.637053
0.0
0.0
0.582717
0.0
0.0
0.0
0.0
0.0
0.0
0.0
0.0
0.0
0.0
0.0
0.0
0.0
0.271332
0.0
0.0
0.0
0.0
0.0
0.0
0.0
0.0
0.0
0.0
0.0
0.0
0.0
0.0
0.0
0.0
0.0
0.0
0.0
0.0
0.0
0.0
0.0
0.0
0.0
0.0
-0.346003
-0.102514
0.0
0.0
0.290137
0.0
0.0
0.0
0.0
0.0
0.0
0.363613
0.0
0.0
0.426996
0.0
0.0
0.0
0.0
0.0
0.0
0.928835
0.0
0.0
0.0
0.0
0.0
0.0
0.0
0.0
0.0
0.0
0.0
0.0
0.0
0.0
0.0
0.0
0.0
0.0
0.0
0.0
0.0
0.0
0.0
0.0
0.0
0.0
0.0
0.0
0.0
0.0
0.0
0.0
0.0
0.0
0.0
0.0
0.0
0.0
0.0
0.0
0.0
0.0
0.0
0.0
0.0
0.0
0.0
0.0
0.0
0.0
0.0
0.0
0.0
0.0
0.0
0.0
0.0
0.0
0.0
0.0
0.0
0.0
0.0
0.0
-0.016886
0.0
0.0
0.0
0.0
0.241277
0.0
0.0
0.0
-0.0392193
0.0
0.0
0.0
0.0
0.0
0.0
0.0
0.0
0.0
-1.13702
0.0
0.0
0.0
0.0
0.200833
0.0
0.0
0.0
0.0
0.0
0.0
0.0
0.0
0.0
0.0
0.0
0.0
0.0
0.0
0.0
0.0
0.0
0.0
0.0
0.0
0.0
0.0
0.0
0.0
0.0
0.0
0.0
0.0
0.0
0.0
0.0
0.0
0.0
0.0
-1.19692
0.0
0.0
0.0
0.0
0.0
0.0
0.0
0.0
0.0
0.0
0.0
0.0
0.0
0.0
0.0
0.0
0.0
0.0
-0.180178
0.0
0.0
0.0
0.0
0.0
0.316402
0.0
0.0
0.0
0.0
0.0
0.0
0.0
0.0
-0.814932
0.0
0.0
0.0
0.0
0.0
0.0
0.0
0.0
0.0
0.0
0.0
0.0
0.0
0.0
0.0
0.0
0.0
0.0
0.0
0.0
0.0
0.0
0.0
0.0
0.0
0.0
0.0
0.0
0.0
0.0
0.0
0.0
0.0
-0.766494
0.0
0.0
0.0
0.0840526
-1.20201
0.0
0.0
0.0
0.0
0.0
0.0
0.0
0.0
0.0
0.0
0.0
0.0
-0.698045
0.0
0.0
0.0
0.0
0.0
0.0
0.0
1.61702
0.0
0.0
0.0631235
-0.502493
0.393322
0.821499
0.425464
-2.33883
-1.2382
-0.504499
0.197633
-1.36997
0.45767
-6.11026
0.393784
-1.36221
-2.02714
0.196671
0.396058
5.29985
1.1839
0.188615
2.72129
0.742217
-2.13125
-0.751869
2.75979
5.28897
2.25503
-0.416016
-0.121747
-1.47985
0.893008
1.05118
0.207111
0.868017
3.64705
8.12842
0.0
0.0
0.0
0.0
0.0
0.0
0.0
0.0
0.0
0.0
0.0
0.0
0.0
0.0
0.0
0.0
0.0
0.0
0.0
0.0
-0.685165
0.0
0.0
0.0
0.0
1.68729
0.0
0.0
0.0
0.0
0.0
0.0
0.0
0.0
1.43279
0.0
0.0
0.0
0.0
0.0
0.0
0.0
0.0
0.647825
0.0
0.0
0.0
0.0
0.0
0.0
0.0
0.0
0.0
0.0
0.0
0.0
0.0
0.0
-1.10252
0.0
0.0
0.0
0.0
0.0
0.0
0.0
0.0
0.0
0.0
0.0
0.0
0.0
0.0
0.0
0.0
0.0
0.0
0.0
0.0
0.0
0.0
0.0
0.0
0.0
0.0
0.0
0.0
0.0
0.0
0.0
1.07616
0.0
0.0
0.0
0.0
0.0
0.0
0.0
-0.126292
0.0
0.0
0.0
0.0
0.0
-1.63077
0.0
0.0
0.0
0.0
0.0
0.0
0.0
0.0
0.73559
0.0
0.0
0.0
0.0
0.0
0.0
0.0
-0.752659
2.7713
0.0
0.0
0.0
0.0
0.0
0.0
0.0
0.0
0.0
0.0
0.0
0.0
0.0
-0.138661
0.0
0.0
0.0
0.0
0.0
0.0
0.0
0.0
-0.556089
0.0
0.0
0.0
0.0
0.0
0.0
0.0
0.0
0.0
0.0
0.0
0.0
0.0
0.0
0.0
0.0
0.0
0.0
0.0
0.0
-1.66646
0.0
0.0
0.0
0.0
0.0
0.0
0.0
0.0
0.0
0.0
0.0
0.0
0.0
0.0
0.0
0.0
0.0
0.0
0.0
0.0
0.0
0.0
0.0
0.0
0.0
0.0
0.0
0.0
0.0
0.0
-0.617173
0.0
3.76022
0.0
0.0
0.0
0.864112
1.03467
0.0
0.0
0.0
0.0
0.0
0.0
0.0
0.0
0.0
0.0
0.0
0.0
0.0
0.0
0.0
0.0
0.0
0.0
0.0
-1.00295
0.0
0.0
0.0
0.0
0.0
0.0
0.0
0.0
0.0
0.0
0.0
0.0
0.0
0.0
0.0
0.0
0.0
0.0
0.0
0.0
0.0
0.0
0.0
0.0
0.0
0.0
-0.371432
0.0470707
-0.656926
0.519906
-0.20984
-0.272249
0.501987
-0.190666
-0.209446
-0.391668
0.618416
0.0268042
0.759415
-2.32752
0.0405581
0.0295576
-0.103746
0.145368
-1.13623
-0.0576443
0.416107
-0.485198
-0.558056
2.75696
0.34038
-0.51422
0.699959
0.373481
1.10461
0.118798
-0.17809
-0.151335
-0.221216
-0.486863
0.217756
-1.58212
-0.242183
0.0
0.0
0.0
0.0
0.0
0.0
0.0
0.0
0.0
0.0
0.0
0.0
0.0
0.0
0.0
0.0
0.0
0.0
0.0
-1.60511
0.0
0.0
0.0
0.0
0.0
0.0
0.0
0.0
0.0
0.0
0.0
0.0
0.0
0.0
0.0
0.0
0.0
0.0
0.55875
0.0
0.0
0.0
0.0
0.0
0.0
0.0
0.979109
0.0
0.0
0.0
0.0
0.0
0.0
0.0
0.0
0.0
0.0
0.0
0.0
0.0
0.0
0.0
0.0
0.0
0.0
0.0
0.0
0.0
0.0
0.0
0.0
0.0
0.0
-0.348957
0.0
0.0
0.0
0.0
0.0
0.0
0.0
0.0
0.0
0.0
0.0
0.0
0.0
0.0
0.0
0.0
0.0
0.0
0.0
0.0
0.0
0.0
0.0
0.0
0.0
0.0
0.0
0.0
0.0
0.0
0.0
0.0
0.0
0.0
0.0
0.0
0.0
0.0
0.0
0.0
-0.803596
0.0
0.0
-1.46382
0.0
0.0
0.0
0.0
0.0
0.0
0.0
0.0
0.0
0.0
0.0
0.0
0.0
0.0
0.0
0.0
0.0
0.0
0.0
0.0
0.0
0.0
0.0
0.0
0.0
-1.41417
0.0
0.0
0.0
0.0
0.0
0.0
0.0
0.0
0.0
0.0
0.0
-1.12681
0.0
0.0
0.0
0.0
0.0
0.0
0.0
0.0
0.0
0.0
0.0
0.0
0.0
0.0
0.0
0.0
0.0
0.0
0.0
0.0
0.0
0.0
0.0
0.0
0.0
0.0
0.0
0.0
0.0
0.0
0.0
0.0
0.0
0.0
0.0
0.0
0.0
0.0
0.0
0.0
0.0
0.0
0.0
0.0
0.0
0.965146
0.0
0.0
0.0
0.0
1.07368
0.0
0.0
0.0
0.0
0.0
0.0
0.0
0.0
0.0
0.0
0.0
0.0
0.947831
0.0
0.0
0.0
0.0
0.0
0.0
0.0
0.0
0.0
0.0
0.0
0.0
0.0
0.0
0.746726
0.0
0.0
0.0
0.0
0.0
0.0
0.0
0.0
0.0
0.0
0.0
0.0
0.0
0.0
-0.114397
0.0
0.0
0.0
0.0
0.0
0.0
0.0
0.0
0.0
0.0
0.0
0.0
0.0
0.0
0.0
0.0
0.0
0.434273
0.0
0.0
0.0
0.0
0.0
0.0
0.0
0.0
0.0
0.0
0.0
0.0
0.0
0.0
0.0
0.0
0.0
0.0
0.0
0.0
0.0
0.0
0.0
0.0
0.0
0.0
0.0
0.0
0.0
-1.12245
0.0
0.0
0.0
0.0
0.0
0.0
0.0
0.0
0.0
0.0
0.0
0.0
0.0
0.0
0.0
0.0
0.0
0.0
0.0
0.0
0.0
-0.310703
0.0
0.0
0.0
0.0
0.0
0.0
0.0
0.0
0.0
0.0
0.0
0.0
0.978061
0.0
0.0
0.0
0.0
0.0
0.0
0.0
0.0
0.0
0.0
0.0
0.0
0.0
0.0
0.0
0.0
0.0
0.0
0.0
0.0
0.0
0.0
0.0
0.0
0.0
0.0
0.0
0.0
0.0
0.407331
0.0
0.0
0.0
-0.0406096
0.0
0.0
0.0
0.0
0.0
0.0
0.0
0.0
0.0
0.0
0.0
0.0
0.0
0.0
2.17848
0.0
0.0
0.0
0.0
0.0
0.0
0.0
0.0
0.0
0.0
0.0
0.0
0.0
0.0
0.0
0.0
0.0
0.0
0.0
0.0
0.0
0.0
0.0
0.0
0.0
0.262157
0.0
0.0140682
0.0
0.0
0.0
0.0
0.0
0.0
0.0
0.0
0.0
0.0
0.0
0.0
0.0
0.0
0.0
0.0
0.0
0.0
0.0
0.0
0.0
0.0
0.0
0.0
0.0
0.0
0.0
0.0
0.0
0.0
0.0
0.0
0.0
0.0
0.0
0.0
0.0
0.0
0.0
0.0
0.0
0.0
0.0
0.0
0.0
0.0
0.0
0.0
0.0
0.0
0.0
0.0
0.0
0.0
0.789645
0.0
0.0
0.0
0.0
0.0
0.0
0.0
0.0
0.0
0.0
0.0
0.0
0.0
0.0
0.0
0.0
0.154727
0.0
0.0
0.0
0.0
0.0
0.252911
0.0
0.0
0.0
0.735055
0.0
0.0
0.0
-0.792074
0.0
0.0
0.0
0.0
0.0
0.0
0.0
0.0
0.0
0.0
0.0
0.0
0.0
0.0
0.0
0.0
0.0
0.0
0.0
0.0
0.0
0.0
0.0
0.0
0.0
0.0
0.0
0.0
0.0
0.0
0.0
0.0
0.0
0.0
0.0
0.0
0.0
0.0
0.0
0.0
0.0
0.0
0.0
0.0
0.0
0.0
0.0
0.0
0.0
0.0
0.0
0.0
0.0
-0.665743
0.0
-2.8472
0.0
0.0
0.0
0.0
0.0
0.0
0.0
0.0
0.0
0.0
0.0
0.0
0.0
0.0
0.0
1.19138
-0.583283
0.0
0.0
0.0
0.0
0.0
-0.556941
0.0
0.0
0.0
0.0
0.0
0.0
0.0
0.0
0.0
0.0
0.0
0.0
0.0
0.0
0.0
0.0
0.0
0.0
0.0
0.0
0.0
0.0
0.0
0.0
0.0
0.0
0.0
0.0
0.0
0.0
0.0
0.0
0.0
0.0
0.0
0.0
0.0
0.0
0.0
0.0
0.0
0.0
0.0
0.0
0.0
0.0
0.0
0.0
0.0
0.0
0.0
-0.812931
0.0
0.0
0.0
0.0
0.0
0.0
0.0
-1.11294
0.0
0.0
0.0
0.0
2.85747
0.0
0.0
-0.446725
0.392703
0.0
0.0
0.0
0.0
0.0
0.0
0.0
0.0
0.0
0.0
0.0
0.0
0.0
0.0
0.0
0.0
0.0
0.0
0.0
0.0
0.0
0.0
0.0
0.0
0.0
0.0
0.0
0.0
0.0
0.0
0.0
0.0
0.0
0.0
0.0
0.0
0.0
0.0
0.0
0.0
0.240285
-1.32496
0.543313
-1.05174
0.903418
0.92157
0.0311431
-0.886489
0.303925
-0.252055
0.752937
0.115278
0.899331
-0.770918
-1.86353
-0.479492
-1.39884
1.8876
0.853447
0.076685
-1.71074
1.07833
-3.93412
-1.03977
1.58999
2.28807
0.404817
-0.900321
-0.751611
-0.261376
-0.439164
0.822712
0.66358
0.760539
1.19771
1.50991
0.0
0.0
0.0
0.0
0.0
0.0
0.0
0.0
-0.814112
0.0
-0.156834
0.0
0.0
0.0
0.0
0.0
0.0
0.0
0.0
0.0
0.0
0.0
0.0
0.0
0.0
0.0
0.0
0.0
0.0
0.0
0.0
0.0
0.0
0.0
0.0
0.0
0.0
0.0
0.0
0.0
0.0
0.0
0.0
0.0
0.0
0.0
0.0
0.0
0.0
0.0
0.0
0.0
0.0
0.0
0.0
0.0
0.0
0.0
0.0
0.0
2.15808
0.0
0.0
0.0
0.0
0.0
0.0
0.0
0.0
0.0
0.0
0.0
0.0
0.0
0.0
0.0
0.0
0.0
0.0
0.0
0.0
0.0
0.0
0.0
0.0
0.0
0.0
0.0
0.0
0.0
0.0
0.0
0.0
0.0
0.0
0.0
0.0
0.0
0.0
0.0
0.0
0.0
0.0
0.0
-1.02566
0.0
0.0
0.0
0.0480407
0.0
0.0
0.0
0.0
0.0
0.0
0.0
0.0
0.0
0.0
0.0
0.0
0.0
0.0
0.0
0.0
0.0
0.0
0.0
0.0
0.0
0.0
0.0
0.0
0.0
1.24226
0.0
0.0
-0.100983
0.0
0.0
0.0
0.0
0.0
0.0
0.0
0.0
0.0
0.0
0.0
0.0
0.0
0.0
0.0
0.0
0.0
0.0
0.0
0.0
0.0
0.0
0.0
0.0
0.0
0.0
0.0
0.0
0.0
0.0
0.0
0.0
-0.520878
0.0
0.0
0.0
0.0
0.62323
0.0
0.0
0.0
0.0
0.0
0.0
0.0
0.0
0.0
0.0
0.0
0.0
0.0
0.0
-0.304008
0.0
0.0
0.0
0.0
0.0
0.0
0.0
0.0
0.0
0.0
0.0
0.0
0.0
0.0
0.0
0.0
0.0
0.0
0.0
0.363027
0.0
0.0
0.0
0.0
0.0
0.0
0.0
0.0
1.41207
0.0
0.0
0.0
0.0
0.0
0.0
0.0
0.0
-0.234279
0.781821
0.0
0.0
0.0
0.0
0.0
0.0
0.0
0.0
0.0
0.0
0.0
0.0
0.0
0.0
0.0
0.0
0.0
0.0
0.0
0.0
0.0
0.0
0.0
0.0
0.0
0.0
0.0
1.82053
0.0
0.0
0.0
0.0
0.0
0.0
0.0
0.0
0.0
0.0
0.0
0.0
0.0
0.0
0.37505
0.0
0.0
0.0
-0.52826
0.0
0.0
0.0
0.0
-1.23517
0.0
0.0
0.0
0.0
0.0
0.0
0.0
0.0
0.0
0.0
1.53174
0.0
0.0
0.0
0.0
0.0
0.0
0.0
0.0
0.0
0.0
1.07541
0.0
0.0
0.0
0.0
0.0
0.0
0.0
0.0
0.0
0.0
0.0
0.0
0.0
0.0
0.0
0.0
0.0
0.0
0.0
0.0
0.0
0.0
0.0
0.0
0.0
0.0
0.0
0.0
0.0
0.0
0.0
0.0
0.0
0.0
0.0
0.0
0.0
0.0
1.09949
0.0
0.0
0.0
0.0
0.0
0.0
0.0
0.0
0.0
0.0
0.0
0.0
0.0
0.0
0.0
0.0
0.0
0.0
0.0
0.0
0.0
0.0
0.0
0.0
0.0
0.0
0.0
0.0
0.0
0.0
0.0
0.0
0.731259
0.0
0.0
0.0
0.0
0.0
0.0
0.0
0.0
0.0
0.0
0.0
0.0
0.0
0.0
0.0
0.0
0.0
0.0
0.0
0.0
0.314916
-0.603986
-1.07416
-0.294725
0.962936
5.0836
-0.198987
-0.217521
-0.20689
0.198137
0.0788524
0.731284
-1.62352
0.528858
-0.354055
0.0539839
-0.210052
-0.965734
-0.296021
0.445757
-0.580806
-1.58872
2.17025
0.259106
-0.477608
0.826704
0.371597
-0.119878
0.579971
-0.179637
-0.651136
-0.039826
-0.410662
0.318111
-1.71456
-0.0763013
0.0
0.0
0.0
0.0
0.0
0.0
0.0
0.0
0.0
0.0
0.0
0.0
0.0
0.0
0.0
1.38938
0.0
0.0
0.0
0.488341
0.0
0.0
0.0
0.0
0.0
0.0
0.0
0.0
0.0
0.0
0.0
0.0
0.0
0.0
0.0
0.0
0.0
0.0
0.0
2.67934
0.0
0.0
0.0
0.0
0.0
0.0
0.0
-0.362917
0.0
-1.51805
-0.500689
0.0
0.0
0.619871
0.0
0.0
0.0
0.0
0.0
0.0534728
0.0
0.0
0.0
0.0
0.0
0.0
0.0
0.0
0.0
0.0
0.0
0.0
-0.711461
0.0
0.0
0.0
0.0
0.0
0.0
0.0
0.0
0.0
0.0
0.0
0.0
0.0
0.0
0.0
0.0
0.0
0.0
0.0
0.0
0.0
0.0
0.0
0.0
0.0
0.0
-3.03511
0.0
0.0
0.0
0.654905
0.0
0.0
0.0
0.0
0.0
0.0
0.0
0.0
0.0
0.0
0.0
0.0
0.0717413
0.0
0.858645
0.0
0.0
0.0
0.0
0.0
0.0
0.0
0.0
0.0
0.0
0.0
0.0
0.0
0.0
0.0
0.0
0.0
0.0
0.368487
0.0
0.0
0.0
0.0
0.0
0.0
0.0
0.0
0.572394
0.0
0.0
0.0
0.0
0.0
0.0
0.0
0.0
0.0
0.0
0.0
0.0
0.0
0.0
0.0
0.0
0.0
0.0
0.0
0.0
0.0
0.0
0.0
0.0
0.0
0.0
0.0
-1.43933
0.0
1.10533
0.0
0.0
0.0
0.0
0.0
0.0
0.0
0.0
0.0
0.712512
0.0
0.0
0.0
0.0
0.0
0.0
0.0
0.0
0.0
0.0
0.0
0.0
0.0
0.0
0.0
0.0
0.0
0.0
0.0
0.0
0.0
0.0
-1.27644
0.0
0.0
0.0
1.72557
0.0
0.0
0.0
0.0
0.0
0.0
0.0
0.0
0.0
0.0
0.0
0.0
0.0
0.0
0.0
0.0
0.0
0.0
1.19846
0.0
0.0
0.0
0.0
0.0
2.10709
0.0
0.0
0.0
0.0
0.0
0.0
0.0
0.0
0.0
0.0
0.0
0.0
0.0
0.0
0.0
0.0
-1.19977
0.0
0.0
0.0
0.0
0.0
0.0
0.0
0.0
0.0
0.0
0.0
0.0
0.0
0.0
0.0
0.0
0.0
0.0
0.0
0.0
0.0
0.0
0.0
0.0
0.0
0.0
0.0
0.0
0.0
0.0
0.0
0.0
0.0
0.0
0.0
0.0
0.0
-0.440225
0.0
0.0
0.0
0.0
0.0
0.0
0.0
0.0
0.0
0.0
0.0
0.0
0.0
0.0
0.0
0.0
0.0
0.0
0.0
0.0
0.0
0.0
0.0
0.0
0.0
0.0
0.0
0.0
0.0
0.0
0.0
0.0
0.0
0.0
0.0
0.0
0.0
0.0
0.0
0.0
0.0
0.0
0.0
0.0
0.0
0.0
0.669383
0.0
0.0
0.531712
0.0
0.0
0.0
0.0
0.0
0.0
0.0
0.0
0.0
0.0
0.0
0.0
0.0
0.0
0.0
0.0
0.0
0.0
0.0
-1.15004
0.0
0.0
0.29118
0.0
0.0
0.0
0.0
0.0
0.0
0.0
0.0
0.0
0.0
0.0
0.0
0.0
0.0
0.0
0.0
-2.12116
0.0
0.0
0.0
0.0
0.0
0.0
0.0
0.0
0.0
0.0
0.0
-1.4183
0.0
0.0
0.0
0.0
0.0
0.0
0.0
0.0
0.0
0.0
0.0
0.0
0.0
0.0
0.0
0.0
0.0
0.0
0.0
0.0
0.0
0.0
0.0
0.0
0.0
0.0
0.326929
0.0
0.0
0.0
0.0
0.0
0.0
-0.402475
0.0
0.0
0.0
0.0
0.0
0.0
0.0
0.0
0.0
0.0
0.0
0.0
0.0
0.0
0.0
0.0
0.883732
0.0
0.0
-0.131935
0.0
0.0
0.0
0.0
0.0
0.0
0.0
0.0
0.0
0.0
0.0
0.0
0.0
0.0
0.0
1.31476
0.0
0.0
0.0
0.0
0.0
0.0
0.0
0.0
0.0
0.0
0.0
0.0
0.0
0.0
0.0
0.0
0.0
0.0
0.0
0.0
0.0
0.0
0.0
0.0
0.0
0.0
0.0
1.49877
0.0
0.0
0.0
-0.552074
0.0
0.0
0.0
0.0
-2.09179
1.34124
0.0
0.0
0.0
0.0
0.0
0.0
0.0
0.0
0.0
0.0
0.0
0.0
-0.254781
1.05433
0.0
0.0
0.0
0.0
0.0
0.0
0.0
0.0
0.0
0.0
0.0
0.0
0.0
0.0
0.0
0.0
0.0
0.0
0.0
0.0
0.0
0.0
0.0
0.0
0.4732
0.0
0.0
-1.1453
0.483734
0.0
1.81896
0.0
0.0
0.0
0.0
0.0
0.0
0.0
0.0
0.0
0.0
0.0
0.0
0.0
0.0
-0.707036
0.0
0.0
0.870603
0.0
0.0
0.0
0.0
0.0
0.106159
0.0
0.0
0.0
-0.081529
-1.40505
0.0533012
0.386449
0.597977
0.565743
0.0753487
-0.749957
0.18884
-0.794602
0.00319641
0.154669
0.0308204
-0.316934
-0.808241
-0.165589
-0.473797
1.53933
0.325696
0.252625
-1.35318
-0.0628216
-3.53747
-1.6066
1.17665
0.720453
0.365034
-0.282975
-0.0786969
-0.0980911
-0.425079
0.0413277
0.0665977
0.688148
1.28636
2.65993
0.0
0.0
0.257661
0.0
0.0
0.0
0.0
0.0
0.0
0.0
0.0
0.0
0.0
0.0
-1.09981
1.19274
0.0
0.0
0.0
-1.11678
0.0
0.0
0.0
0.0
0.0
0.0
0.0
0.0
0.0
0.0
0.0
0.0
0.0
0.0
0.0
0.0
0.0
0.0
0.0
0.0
-0.727332
-2.18572
0.0
0.0
0.0
0.0
0.0
0.0
0.0
0.0
0.0
0.0
0.0
0.0
0.0
0.0
0.0
1.4122
0.0
0.0
0.0
-0.616697
0.0
0.0
0.0
0.0
0.0
0.0
0.0
0.0
0.0
1.66736
0.0
0.0
0.0
0.0
0.0
0.0
0.0
0.0
0.0
0.0
0.0
0.0
0.0
0.0
0.0
0.0
0.0
0.0
0.0
0.0
0.0
0.0
1.52445
0.0
0.0
0.236887
0.0
0.0
0.480824
0.0
0.0
0.0
0.0
0.0
0.0
0.0
0.0
0.0
0.0
0.0
0.0
0.0
0.0
0.0
0.0
0.0
0.0
0.0
0.0
0.0
0.0
0.0
0.898307
0.0
0.0
0.0
0.0
0.0
0.0
0.0
0.0
0.0
0.0
0.0
0.0
0.0
0.0
0.0
-0.0386363
0.0
0.0
0.0
0.0
0.0
0.0
0.231866
0.0
0.0
0.0
0.0
0.446911
0.0
0.0
0.0
0.0
0.0
0.0
0.0
0.0
0.0
0.0
0.0
0.0
0.0
0.0
0.0
0.0
0.28514
0.0
0.0
0.0
0.0
0.0
0.0
0.0
0.0
0.0
0.0
0.0
0.0
0.0
0.0
0.0
0.0
0.0
0.0
0.0
0.0
0.0
0.0
0.0
0.0
0.0
0.0
0.0
0.0
0.0
0.0
0.0
0.0
0.0
0.0
0.0
-0.042736
0.0
0.0
0.0
0.0
0.973973
0.0
0.0
0.0
0.0
0.0
0.0
0.0
0.0
0.0
0.0
0.0
0.0
0.0
0.0
0.0
0.0
0.0
0.0
0.0
0.0
0.0
0.0
0.0
0.0
0.0
0.0
0.0
0.0
0.0
-1.75651
0.0
-0.243797
0.0
-0.832951
0.0
0.0
0.0
0.0
0.0
0.0
0.0
0.0
0.0
0.0
0.0
0.0
0.0
0.0
0.0
0.0
0.0
0.0
0.0
0.593368
0.0
0.0
0.0
0.0
0.0
0.0
-0.808411
0.0
0.0
0.0
0.0
0.0
-1.29535
0.0
0.0
0.0
0.0
0.0
0.0
0.0
0.0
0.0
1.1842
1.09883
0.0
0.0
0.0
0.0
0.0
2.53977
0.0
0.0
0.0
0.0
0.0
0.0
0.0
0.0
0.0
0.0
0.0
0.0
0.0
0.0
0.0
0.0
0.0
0.0
0.0
0.0
0.0
0.0
0.0
0.0
0.0
0.0
0.0
0.0
0.0
0.0
0.0
0.0
0.0
0.0
0.0
0.0
0.0
0.0
0.0
0.0
0.0
0.0
0.0
0.0
0.0
0.0
0.0
0.0
0.0
0.0
0.0
0.0
0.0
0.0
0.0
0.0
0.0
0.0
0.0
0.0
0.0
0.0
0.0
0.0
0.0
0.0
-0.121858
0.0
0.0
0.0
0.0
0.0
0.0
0.0
0.0
0.0
0.0
0.0
0.0
0.0
0.0
0.0
0.0
0.0
-0.402254
0.0
0.0
0.0
0.0
0.0
0.0
0.0
0.0
0.0
0.0
0.0
0.0
0.0
0.0
0.0
0.0
0.0
0.0
0.0
0.0
0.0
0.0
0.0585098
-0.641667
0.0
0.0
0.0
0.0
0.0
0.0
0.0
0.0
0.0
0.0
0.0
0.0
0.0
0.0
0.0
0.0
0.0
0.0
0.0
0.0
0.0
0.0
0.0
0.0
0.0
0.0
0.0
0.0
0.0
0.0
0.0
0.0
0.0
0.0
0.0
0.0
0.0
0.0
0.0
0.0
0.0
0.0
0.0
0.0
0.0
0.0
0.0
0.0
0.0
0.0
0.0
0.0
0.0
0.0
0.0
0.0
0.0
0.0
0.0
0.0
0.0
0.0
0.0
0.0
0.161749
-0.821106
-0.863579
-0.0465723
0.324072
3.81054
-0.187117
-0.0296221
-0.328763
0.311279
0.158929
0.877657
-2.09353
-0.105812
-0.468695
0.147436
-0.147997
-0.627862
-0.472364
-1.02395
-0.585966
-0.858246
1.71923
0.766912
-0.582993
0.965341
0.462336
0.038956
0.341201
-0.147284
-0.0929172
-0.135862
-0.426139
0.248337
-0.999528
0.0528
0.0
0.0
0.0
0.0
0.0
0.0
0.0
0.0
0.0
0.0
0.0
0.0
0.0
0.0
0.0
0.0
0.0
0.0
0.0
0.0
0.0
0.0
0.0
0.0
0.0
0.0
0.0
0.0
0.0
0.0
0.509996
0.0
0.0
0.0
0.0
0.0
0.0
0.0
0.0
0.0
0.0
0.0
0.0
0.0
0.0
0.0
0.0
0.0
0.0
0.0
0.0
0.0
0.0
0.0
0.0
0.0
0.0
0.0
0.0
0.0
0.0
0.0
0.0
0.0
0.0
0.0
0.0
0.0
0.0
0.0
0.0
0.0
0.0
0.0
0.0
0.0
0.0
0.0
0.0
0.0
0.0
-0.27716
0.0
0.0
0.0
0.0
0.0
0.0
0.0
0.0
0.0
0.0
0.0
0.0
0.0
0.0
0.0
0.0
0.0
0.0
0.0
0.0
0.0
0.0
0.0
0.0
0.0
0.0
0.0
0.0
0.0
0.0
0.0
0.0
0.0
-2.30126
0.0
0.0
0.0
0.0
0.0
0.3846
1.77152
0.0
0.0
0.0
0.0
0.0
0.0
0.0
0.0
0.0
0.0
-0.539773
0.0
0.0
0.0
0.0
0.0
0.0
0.0
0.0
0.0
0.0
0.0
0.0
-0.602771
0.0
0.0
0.0
0.226212
0.0
0.0
0.0
0.0
0.0
0.0
0.0
0.0
0.0
0.0
0.0
-1.03631
0.0
0.0
0.0
0.0
0.0
1.44601
0.0
0.0
0.0
0.0
0.0
1.74792
0.0
0.0
0.0
0.0
0.0
-1.48246
0.0
0.0
0.0
0.0
0.0
0.0
0.0
0.0
0.0
-1.44169
0.0
0.0
0.0
0.0
0.0
0.0
0.0
0.0
0.0
0.0
0.0
0.0
0.0
0.0
0.634395
0.0
0.0
0.0
0.0
0.0
0.0
0.0
0.0
0.0
0.0
0.0
0.0
0.0
0.0
0.0
0.0
0.0
0.0
0.0
0.0
0.0
0.0
0.0
0.0
0.0
0.0
0.0
0.0
0.0
0.0
0.0
0.0
0.0
0.0
0.0
0.0
0.0
0.0
0.0
0.0
0.0
0.0
0.0
0.0
0.0
0.0
0.0
0.0
0.0
0.0
-1.23296
0.0
0.0
1.92679
0.0
-1.00685
-0.490775
0.0
0.0
0.0
0.0
0.0
0.0
0.0
0.0
0.0
0.0
0.0
0.0
0.0
0.0
0.0
0.0
0.0
0.0
0.0
0.0
0.0
0.0
0.0
0.0
0.0
0.0
0.0
0.0
0.0
0.0
1.67757
0.0
0.0
0.0
0.0
0.0
0.0
0.0
0.0
0.0
0.0
0.0
0.0
0.0
0.0
0.0
0.0
0.0
0.0
0.0
0.0
0.0
0.0
0.0
0.0
0.0
0.0
0.0
0.0
0.0
0.0
0.0
0.0
0.0
0.0
0.0
0.0
0.0
0.0
0.0
0.284305
0.0
0.0
0.0
0.0
0.0
0.0
0.0
0.0
0.0
0.0
0.0
0.0
0.0
0.0
0.0
0.0
0.0
0.0
0.0
0.0
0.0
0.0
0.0
0.0
0.0
0.0
2.24164
0.0
0.0
0.0
0.0
0.0
0.0
0.0
0.0
0.0
0.0
0.0
-0.224124
0.0
0.0
0.0
0.0
0.0
0.0
0.0
0.0
0.0
0.0
0.0
0.0
0.0
0.0
0.0
0.0
0.0
0.0
0.0
0.0
0.0
0.0
0.0
0.0
0.0
0.0
0.0
0.0
0.0
0.0
-1.57977
0.0
0.0
0.0
0.0
0.0
0.0
0.0
0.0
0.0
0.0
0.0
0.0
0.0
0.0
0.0
0.0
0.0
0.0
0.0
0.0
0.0
0.0
0.0
0.0
0.0
0.0
0.0
0.0
0.0
0.0
0.0
0.0
0.0
0.0
0.0
0.0
-0.164383
0.0
0.0
0.0
0.0
0.0
0.0
0.0
0.0
0.0
0.0
0.0
0.0
0.0
0.0
0.0
0.0
0.0
0.0
0.0
0.0
0.0
0.0
0.0
0.0
0.0
0.0
0.0
0.0
0.0
0.0
0.0
0.0
0.0
0.0
0.0
0.0
0.0
0.0
0.0
0.0
0.0
0.0
0.0
0.0
0.0
0.0
0.0
0.0
0.0
0.0
0.0
0.0
0.0
0.0
0.0
1.90149
-0.0393146
0.0
0.0
0.0
0.0
0.0
0.0
0.0
0.0
0.0
0.0
0.0
0.0
0.0
0.0
0.0
0.0
0.0
0.0
0.0
0.0
0.0
0.0
0.694109
0.0
0.0
0.0
0.0
0.0
0.0
0.0890286
0.0
0.0
0.0
0.0
0.0
0.0
0.0
0.0
1.05605
0.0
0.0
0.0
0.0410065
-1.24821
-0.117447
0.0767352
0.658882
1.30456
-0.0013815
-0.754369
0.381451
0.0988542
-0.685559
0.561141
0.153776
-0.659778
0.179115
-0.384489
-0.710636
1.02061
0.0620827
1.60455
-0.714134
-0.52433
-1.38608
-1.02135
0.112579
0.125939
0.396356
-0.376652
0.215251
-0.0323822
-1.47091
-0.488797
0.371407
0.563368
0.490778
2.57832
0.0
0.0
0.0
-1.22816
0.0
0.0
0.0
0.0
0.0
0.0
0.0
0.0
0.0
0.0
0.0
0.0
0.362322
0.0
0.0
0.0
0.0
0.0
0.0
0.0
0.0
0.0
0.0
0.0
0.0
0.0
0.0
0.0
0.0
-1.949
0.0
0.148364
0.745111
0.0
0.0
0.0
0.0
0.0
0.0
0.0
0.0
0.0
0.0
0.0
-0.785277
0.0
0.0
0.0
0.0
0.0
0.0
0.0
0.0
0.0
0.0
0.0
-0.584438
0.0
0.0
0.0
0.0
0.355427
0.0
0.0
0.0
0.0
0.485014
-0.433349
0.0
0.0
0.0
0.0
0.0
0.0
2.08372
0.0
0.0
-1.74145
0.0
0.0
0.0
0.0
0.0
0.0
0.0
0.0
0.0
0.0
0.0
0.0
0.0
0.0
0.0
0.0
0.0
0.0
0.0
0.0
0.0
0.0
0.0
0.0
0.0
0.0
0.0
0.0
0.0
0.0
0.0
0.0
0.0
0.0
0.0
0.0
0.0143403
0.0
0.0
0.0
0.0
0.0
0.0
0.0
0.0
0.0
0.0
0.0
0.0
0.0
0.0
0.0
0.0
0.0
0.0
0.0
0.0
0.0
0.0
0.0
0.0
0.0
0.0
0.0
0.0
0.0
0.0
0.0
0.0
0.0
0.0
0.0
0.0
0.0
0.0
0.0
0.0
0.0
0.0
0.0
0.0
0.0
0.0
0.0
0.0
0.0
0.0
0.0
0.0
0.0
0.0
0.0
0.0
0.0
0.0
0.0
0.0
0.0
0.0
-0.692694
0.0
0.0
0.0
0.0
0.0
0.0
0.0
1.71514
0.0
0.0
0.0
0.0
0.0
0.0
0.0
0.0
0.54305
0.0
0.856087
0.0
0.0
0.0
0.0
0.0
0.0
0.0
0.0
0.0
0.0
-0.437314
0.0
0.0
0.0
0.0
0.0
0.0
0.0
0.0
0.0
0.0
0.0
0.0
0.0
0.0
0.0
0.0
0.0
0.0
0.0
0.0
0.0
1.8824
0.0
0.0
1.01021
0.0
0.0
0.0
0.0
0.0
0.0
0.0
0.0
0.0
0.0
0.0
0.0
0.0
0.0
0.0
0.0
0.0
0.0
0.0
0.0
0.0
0.0
0.0
0.0
0.0
-1.14451
0.0
0.0
0.0
0.0
0.0
0.0
0.0
0.0
0.0
0.207718
0.0
0.0
0.0
0.0
0.0
0.0
0.0
0.0
0.0
0.0
-0.212244
0.0
0.0
0.0
0.0
0.0
0.0
0.0
0.0
0.0
0.0
0.0
0.0
0.0
0.0
0.0
0.0
0.0
0.0
0.0
0.0
0.0
0.0
0.0
0.0
0.0
0.0
0.0
0.0
0.0
0.0
0.0
0.0
0.0
0.0
0.0
0.0
0.0
0.0
0.0
1.11111
0.0
0.0
0.0
0.0
0.0
0.0
0.0
0.0
-1.19619
0.0
1.71783
0.0
0.0
0.0
0.0
0.0
0.0
0.0
0.0
0.694092
0.0
0.0
-0.889774
0.0
0.0
0.0
0.0
0.0
0.0
0.0
0.0
0.0
0.0
0.0
0.0
0.0
0.0
0.0
0.0
0.0
0.0
0.0
0.0
0.0
0.0
0.0
0.0
0.0
0.0
0.0
0.0
0.0
0.0
0.0
0.0
0.0
0.0
0.0
0.0
0.0
0.0
0.0
0.0
0.0
0.0
0.0
0.0
0.0
0.0
0.0
0.0
0.0
0.0
0.0
0.0
0.0
0.0
0.0
0.0
0.0
0.0
0.0
0.0
0.0
0.0
0.0
0.0
0.100373
0.0
0.0
0.0
0.0
-0.430575
0.0
0.0
0.0
0.0
0.0
0.0
0.0
0.0
0.0
0.0
0.0
0.0
0.0
0.0
0.0
0.0
0.0
0.0
0.0
0.0
0.0
0.0
0.0
0.0
0.0
0.0
1.36366
0.0
0.0
0.0
0.0
0.0
0.0
0.0
0.0
0.0
0.0
0.0
-1.29988
0.0
0.0
0.0
0.0
0.0
0.0
0.0
0.0
0.0
0.0
-1.56588
0.0
0.34248
-1.04137
-1.81513
0.314726
0.506756
1.41934
-0.221155
0.0540885
0.281969
0.00272602
-0.204419
0.90169
-1.26934
-0.540236
0.197795
0.0765094
0.12121
0.00963398
-0.391632
-1.15514
-0.313904
-0.818649
1.60837
1.27637
-0.610681
0.834474
0.482783
-0.796048
0.50888
-0.269299
0.554614
-0.410432
-0.12749
0.353435
-0.316105
0.0703448
0.0
0.0
0.0
0.0
0.0
0.0
0.0
0.0
0.0
0.0
0.0
0.0
0.0
0.0
0.0
0.0
0.0
0.0
0.0
0.0
0.0
0.0
0.0
0.0
0.0
0.0
0.0
0.0
0.0
0.0
0.0
0.0
0.0
0.0
0.0
0.0
0.0
0.0
0.0
0.0
0.0
0.0
0.0
0.0
0.0
0.0
0.0
0.0
0.0
0.0
0.0
0.0
0.0
0.0
0.0
-2.28474
0.0
0.0
0.0
0.0
0.0
0.0
0.0
0.0
0.0
-0.761165
0.0
0.0
0.0
-0.167447
0.0
0.0
0.0
0.0
0.0
0.0
0.403283
0.0
0.0
0.0
0.0
0.0
0.0
0.0
0.0
0.0
0.0
0.0
0.0
0.0
0.0
0.0
0.0
0.0
0.0
0.0
0.0
0.0
0.0
0.0
0.0
0.0
0.0
0.0
0.0
0.0
0.0
0.0
0.0
0.0
0.0
1.23248
0.0
0.0
0.0
0.0
0.0
0.0
0.0
0.0
0.0
0.0
0.0
0.0
0.0
0.0
0.0
0.0
0.0
0.0
0.0
0.0
0.0
0.0
0.0
-0.253389
0.0
0.0
0.0
0.0
0.0
0.0
0.0
0.0
0.0
0.876263
0.0
0.0
0.0
0.0
0.0
0.0
0.0
-1.0253
0.0
0.0
0.0
0.0
0.0
-1.09204
0.0
0.0
0.0
0.0
0.0
0.0
0.0
0.0
0.0
0.0
0.0
0.0
0.0
0.0
0.0
1.05761
0.0
0.0
0.0
0.0
0.0
0.0
0.0
0.0
0.0
0.0
0.0
0.0
0.0
0.0
0.0
0.0
-0.776505
0.0
0.0
0.0
0.0
0.0
0.0
0.0
0.0
0.0
0.0
0.0
0.0
0.0
0.0
0.0
1.54144
0.0
0.0
0.0
0.0
0.0
0.0
0.0
0.0
0.0
0.0
0.0
0.0
0.0
0.0
0.0
0.0
0.0
0.0
0.0
0.0
0.0
0.0
0.0
0.0
0.0
0.0
-0.32246
0.0
0.0
0.0
0.0
0.0
0.0
0.0
0.0
0.0
0.0
0.0
0.0
0.0
0.0
0.0
0.0
0.0
0.0
0.0
0.0
0.0
0.0
0.0
0.0
0.0
0.0
0.0
0.0
0.0
0.0
0.0
0.0
0.0
0.0
0.0
0.0
-0.613461
-1.20629
-0.100712
0.0
0.0
0.0
0.0
0.0
-0.872454
0.0
0.0
0.0
0.0
0.0
0.0
0.0
0.0
1.84211
0.0
0.0
0.0
0.0
-0.469116
0.0
0.0
0.0
0.0
0.0
0.0
0.0
0.0
0.0
0.0
0.0
0.0
0.0
0.0
0.0
0.0
0.0
0.0
0.0
0.0
0.0
0.0
0.0
0.0
0.0
0.0
-1.44824
0.550766
0.0
-1.24589
-0.448889
0.0
0.0
0.0
0.0
0.0
0.0
0.0
0.0
0.0
0.0
-0.240046
0.0
0.0
0.0
0.0
0.0
0.0
0.0
0.0
0.0
0.0
0.0
0.0
0.0
0.0
0.0
0.0
0.0
0.0
0.0
0.0
0.0
0.0
0.0
0.0
0.0
0.0
0.0
0.0
0.0
0.0
0.0
0.0
0.0
0.0
0.0
0.0
0.0
0.0
0.0
0.0
0.0
0.0
0.0
0.0
0.0
0.0
0.0
0.0
0.0
0.0
0.0
0.0
0.0
-0.113009
0.0
0.0
0.0
0.0
0.0
0.0
0.666962
0.0
0.0
0.0
0.0
0.0
0.0
0.0
0.0
0.0
0.0
0.0
0.0
0.0
0.0
0.0
0.0
0.0
0.0
0.0
0.0
0.0
0.0
0.0
0.0
0.0
0.0
0.0
0.0
0.0
0.0
0.0
0.0
0.0
0.0
0.0
1.09825
1.1084
0.0
0.0
0.0
0.0
0.0
0.0
0.0
0.0
0.0
0.0
0.0
0.0
0.0
0.0
0.0
0.0
0.0
0.0
0.0
0.0
0.0
0.0
-0.534392
0.0
0.0
0.0
0.0
0.0
0.0
0.0
0.0
0.0
0.0
0.0
0.0
0.0
0.0
-0.655153
0.0
0.0
0.0
0.0
0.0
0.0
0.0
0.0
0.0
0.0
0.0
0.0
0.0
0.0
0.0
0.0
0.0
0.0
0.0
0.0
0.0
0.0
0.0
0.0588853
0.0
0.0
0.0
0.0
0.0
0.0
0.0
0.0
0.0
0.0
0.0
0.0
0.0
0.0
0.0
0.0
0.0
0.0
0.0
0.0
0.0
0.0
0.0
0.0
0.0
0.0
0.0
0.0
0.0
0.0
0.0
0.0
0.0
0.0
0.0
0.0
0.0
0.0
0.0
0.0
0.0
0.0
0.0
-0.0422195
-1.23328
0.602133
0.209473
0.213292
0.360564
-0.121047
-0.621444
-0.177035
-0.0750824
-0.38865
0.730289
-0.457167
0.0235517
0.479006
-0.0560827
0.206488
0.53909
-0.0241509
1.13091
0.310749
-0.209094
-0.377223
-0.484357
-0.186672
0.117851
0.405744
-0.0403687
0.289585
-0.0215284
-0.826171
-0.291625
0.224588
0.45112
0.269506
1.5693
0.0
0.0
0.0
0.0
0.0
0.0
0.0
0.872457
0.0
0.0
0.289088
0.0
0.0
0.0
0.0
0.0
0.0
0.0
0.0
0.0
0.0
0.0
0.0
0.0
0.0
0.0
0.0
0.0
0.0
0.0
0.0
0.0
0.0
0.0
0.0
1.42653
0.0
0.0
0.0
0.0
0.0
0.0
0.0
0.0
0.0
0.0
0.0
0.0
0.0
0.0
0.0
0.0
0.0
0.0
0.0
0.0
0.0
0.0
0.0
0.0
0.0
0.0
0.0
0.0
0.0
0.0
0.0
0.0
0.0
0.0
0.0
0.0
0.0
0.0
0.0
0.0
0.0
0.0
0.0
0.0
0.0
0.0
0.0
0.0
0.0
0.0
0.655704
0.0
0.0
0.0
0.0
0.0
0.0
0.0
0.0
0.0
0.0
0.0
0.0
0.0
0.0
0.0
0.0
0.0
0.0
0.0
0.0
0.0
0.0
0.0
0.0
0.0
0.279327
0.0
0.0
0.0
0.0
0.0
0.0
0.0
0.0
0.0
0.0
0.0
0.0
0.0
0.0
0.0
0.0
0.0
0.0
0.0
0.0
0.0
0.0
0.0
0.0
0.0
0.0
0.0
0.0
0.0
0.0
0.0
0.0
0.0
0.738579
0.0
0.0
0.0
0.0
0.0
0.0
0.0
0.0
0.0
0.0
0.0
0.0
0.0
0.0
0.0
0.0
0.0
0.0
0.0
0.0
0.0
0.0
0.0
0.0
0.0
0.0
0.0
0.0
0.0
0.0
0.0
0.0
0.0
0.0
0.0
0.0
0.0
0.0
0.0
0.0
0.0
0.0
0.0
0.0
0.0
0.0
0.0
0.0
0.0
0.0
0.0
0.393195
0.0
0.0
0.0
0.0
0.0
0.0
0.0
0.0
0.0
0.0
0.0
0.0
0.0
0.0
0.0
0.0
0.0
0.0
0.0
1.33216
0.0
0.0
-1.11186
0.0
0.0
0.0
0.0
0.0
0.0
0.0
-1.02114
0.0
-0.176275
0.0
0.0
-1.59459
0.0
0.0
0.0
0.0
0.0
0.0
0.0
0.0
0.0
0.0
0.0
0.0
0.0
0.0
0.0
0.0
0.0
0.0
0.0
0.0
0.0
-1.24147
0.0
0.0
0.0
0.0
0.0
0.0
0.0
0.0
0.0
0.0
0.0
0.0
0.0
0.0
0.0
0.0
0.0
0.0
0.0
0.0
0.0
0.0
0.0
0.0
0.0
0.0
0.0
0.0
0.0
0.0
0.0
0.0
0.0
0.0
0.0
0.0
0.0
0.0
0.0
0.0
0.0
0.0
0.0
-2.82224
0.0
0.0
0.0
0.0
0.0
0.0
0.0
0.0
0.0
0.0
0.303947
0.0
0.0
0.0
-1.36082
0.0
0.0
0.0
-0.0326385
0.0
0.0
0.0
0.0
0.0
0.0
0.0
0.0
0.0
0.0
0.0
0.0
0.0
0.0
0.0
0.0
0.0
0.0
0.0
0.0
0.0
0.0
0.0
0.0
0.0
0.0
0.0
0.0
0.0
0.0
0.0
0.0
0.0
0.0
0.0
0.0
0.0
0.0
0.0
0.0
0.0
0.0
0.0
0.0
0.0
0.0
0.0
0.0
0.0
0.0
0.0
0.0
0.0
0.0
0.0
0.0
0.0794762
0.0
0.0
0.0
0.0
0.0
0.0
0.0
0.0
0.0
0.0
0.0
0.0
0.0
0.0
0.0
0.0
0.0
0.0
0.0
0.0
-1.37161
0.0
0.0
0.0
0.0
0.0
0.0
0.0
0.0
0.0
0.0
0.0
0.0
0.0
0.0
0.0
0.0
0.0
0.0
0.0
0.0
0.0
0.0
0.0
0.0
0.0
0.0
0.0
0.0
-0.0987815
0.0
0.0
0.0
0.0
0.0
-0.716561
0.0
0.0
0.0
-1.08651
0.295444
0.0
0.406841
0.0
0.0
0.0
0.0
0.0
0.0
-0.383387
0.0
0.0
0.95462
0.0
0.0
0.0
0.0
0.0
0.0
0.0
0.0
0.0
0.0
0.0
-1.06544
0.0
0.0
0.0
0.0
0.0
0.0
0.020703
-1.1975
-0.620728
1.09273
-0.360966
0.958981
-0.0651885
0.0801025
-0.0978404
0.0938117
-0.445734
0.911536
-0.16451
0.374156
0.2721
0.00985747
-0.597965
-0.375256
-0.461667
0.0264415
0.394111
0.503144
1.15896
0.367092
-0.507982
0.789465
0.518304
-0.0669248
-0.142185
-0.191634
-0.988494
-0.34783
-0.109223
0.37153
0.00797729
0.354481
0.0
0.0
0.0
0.0
0.0
0.0
-0.223628
0.0
0.0
0.0
0.0
0.0
0.0
-1.49614
0.0
0.0
0.0
0.0
-0.117043
0.0
0.0
1.06851
0.0
0.0
0.0
0.0
0.0
0.0
0.0
0.0
0.0
0.0
0.0
0.0
0.0
0.0
0.0
1.48313
0.0
0.0
0.0
0.0
0.0
0.0
0.0
0.0
0.0
0.0
0.0
0.0
0.0
0.0
0.0
0.0
0.0
0.0
0.0
0.0
0.0
0.0
0.0
0.0
0.0
0.0
-0.508268
0.0
0.0
0.0
0.0
0.0
0.0
0.0
0.0
0.0
0.0
0.0
0.0
0.0
0.0
0.0
0.0
0.0
0.0
0.0
0.0
0.0
0.0
0.0
0.0
0.0
0.0
0.0
0.0
0.0
0.0
0.0
0.0
0.0
0.0
0.0
0.0
0.0
0.0
0.0
0.0
0.0
0.0
0.0
0.0
0.0
0.0
0.0
0.0
0.0
0.0
0.0
0.0
0.0
0.0
0.0
0.0
-1.26943
0.0
0.0
0.0
0.0
0.0
0.0
0.0
1.36816
0.0
0.0
0.0
0.0
0.0
0.0
0.0
1.3041
0.0
0.0
0.0
0.0
0.0
0.0
0.0
0.0
0.0
0.0
0.0
0.0
0.0
0.0
0.0
0.0
0.0
0.0
0.0
0.0
0.0
0.0
0.0
0.0
0.0
0.0
1.42168
0.0
0.0
0.0
0.0
0.0
0.0
0.1231
0.0
-2.25528
1.09608
0.0
0.0
0.0
0.0
0.0
0.0
0.0
0.0
0.0
0.0
0.0
0.0
0.0
0.0
0.0
0.0
-0.219755
0.0
0.0
0.0
0.0
0.657974
0.0
0.0
0.0
0.0
0.0
0.0
-1.20365
-0.269735
0.0
0.0
0.0
0.0
0.0
0.0
0.0
0.0
0.0
0.0
0.0
0.0
0.0
0.0
0.0
0.0
0.0
-0.624982
0.0
0.0
0.0
0.0
0.0
0.0
0.0
0.0
0.0
0.0
0.0
0.0
0.0
0.0
0.0
0.0
0.0
0.0
0.0
0.0
0.0
0.0
0.0
0.0
0.0
0.0
0.0
0.0
0.0
0.0
0.0
0.0
0.438005
0.0
-1.14968
0.0
0.0
0.0
0.0
0.0
0.0
0.0
0.0
0.0
0.0
0.0
0.0
0.0
0.0
0.0
0.0
0.0
0.0
0.0
0.0
0.0
0.0
0.0
0.0
0.0
0.0
0.0
0.0
0.0
0.0
0.0
0.0
0.0
0.0
1.1832
0.0
0.0
0.0
0.0
0.0
0.0
1.3049
0.0
0.0
0.0
0.0
0.0
0.0
0.0
0.0
0.0
1.40406
0.0
0.0
0.0
0.0
0.0
0.0
0.0
0.0
0.0
-2.11657
0.0
0.0
0.702411
-0.0558235
0.0
0.0
0.0
0.0
0.0
0.0
0.0
-0.731507
0.0
0.0
0.0
0.0
-0.0841915
0.0
0.0
0.0
0.0
0.0
0.0
0.0
0.0
0.0
0.0
0.0
0.0
0.0
0.0
0.0
0.0
0.0
0.0
0.0
0.0
0.0
0.0
0.0
0.0
0.0
0.0
0.0
0.0
0.0
0.0
0.0
0.0
0.0
0.0
0.0
0.0
0.0
0.0
0.0
0.0
0.0
-2.06451
0.0
0.0
0.0
0.0
0.0
-0.565595
0.0
0.0
0.267373
0.0
0.0
0.0
0.0
0.0
0.0
0.0
0.0
0.0
0.0
0.0
0.0
0.0
0.0
0.0
0.0
0.0
0.0
0.621548
0.0
0.0
0.0
0.0
0.0
0.0
0.0
0.0
0.0
0.0
0.0
0.0
0.0
0.0
0.0
0.0
0.0
0.0
0.0
0.0
0.0
0.0
0.0
0.0
0.0
0.0
0.0
0.0
0.0
0.0
0.0
0.0
0.852559
0.0
0.0
0.0
0.0
0.0
0.0
0.0
0.0
0.0
0.0
0.0
0.0
0.0
0.0
0.0
0.0
0.0
0.0
-0.135645
0.0
0.0
0.0
0.0
0.0
0.0
0.0
0.0
0.0
0.0
0.0
0.0
0.0
0.0
0.0
0.0
0.0
0.0
0.0
0.0
0.0
0.0
0.0
0.0
0.0
0.0
0.0
0.0
0.0
0.0
0.0
0.0
0.303002
0.0
0.0
0.0
0.0
0.0
0.0
0.0
0.0
0.0
0.0
0.0
0.0
0.0
0.0
0.0
0.0
0.0
0.0
0.0
0.0
0.0
0.0
0.0
0.0
0.0
0.0
0.0
0.0
0.0
0.0
0.0
0.0
0.0
0.0
0.0
0.0
0.0
0.0
0.0
0.0
0.0
0.0
0.0
0.0
0.0
0.0
0.311171
0.0
0.0
0.0
0.0
0.0
0.0
0.0
0.0
0.0
0.0
0.0
0.0
0.0
0.0
0.0
0.0
0.0
0.0
0.0
-0.0183489
0.0
0.0
0.0
0.0
0.0
0.835937
0.0
0.0
0.0
0.0
0.0
0.0
0.0
0.0
0.0
0.0
0.0
-0.119137
-1.18394
1.27572
-0.0997021
-0.0728534
0.425476
-0.102098
-0.414628
0.153544
-0.261858
-0.4446
0.838266
0.423149
0.579722
0.600822
0.172825
0.345976
0.216478
-0.598633
0.570569
1.10795
0.0346592
0.863659
-0.244106
-0.303635
0.371517
0.453748
1.14664
0.553295
-0.0387317
-0.266218
-0.101104
0.0923156
0.413571
0.198855
1.24145
0.0
0.0
0.0
0.0
0.0
0.0
0.0
0.0
0.0
0.0
0.0
0.0
0.0
0.0
0.0
0.0
0.0
0.0
0.0
0.0
0.0
0.0
0.0
0.0
0.0
0.0
0.0
0.0
0.0
0.0
0.0
0.0
0.0
0.0
0.0
0.0
1.4151
0.0
0.0
0.0
0.0
0.0
0.0
0.0
0.0
0.0
0.0
0.0
0.0
0.0
0.0
0.0
0.0
0.0
0.0
0.0
0.0
0.0
0.0
0.0
0.0
0.0
0.0
0.0
0.0
0.0
0.0
0.0
0.0
0.0
0.0
0.0
0.0
0.0
0.0
0.0
0.0
0.0
0.0
0.0
0.0
0.0
0.0
0.0
0.0
0.0
0.0
0.0
0.0
0.0
0.0
0.0
-0.16018
1.00291
0.0
1.64667
0.0
0.0
0.0
0.0
0.0
0.0
0.0
0.0
0.0
0.0
0.0
0.0
0.0
0.0
0.0
0.0
0.0
0.0
0.0
0.0
0.0
0.0
0.0
0.0
1.14881
0.0
0.0
0.0
0.0
0.0
0.0
0.0
0.0
0.0
0.0
0.0
0.0
0.0
0.0
0.0
0.0
0.0
0.0
0.00949211
0.0
0.0
0.0
0.0
0.0
0.0
0.0
0.0
0.0
0.0
0.0
0.0
0.0
0.0
0.0
0.0
0.0667127
0.0
0.0
0.0
0.0
0.0
0.0
0.0
0.0
0.0
0.0
-0.171781
-0.0555654
0.0
0.823596
0.0
0.0
0.0
0.0
0.0
0.0
0.0
0.0
0.0
0.0
0.0
0.0
0.0
0.0
0.0
0.0
0.0
0.0
0.0
0.0
0.0
0.0
0.0
0.0
0.0
0.0
0.0
0.0
0.0
0.0
0.0
0.0
0.0
0.0
0.0
0.0
0.0
0.0
-0.261322
0.0
0.0
0.0
0.0
0.0
0.0
0.0
0.0
0.0
0.0
0.0
0.0
0.0
0.0
0.0
0.0
0.0
0.0
0.0
0.0
-0.503142
0.0
0.0
0.0
0.0
0.0
0.0
0.0
0.0
0.0
0.0
0.0
0.0
-0.517322
0.0
0.0
0.0
0.0
0.0
0.0
0.0
0.437807
0.0
0.0
0.0
1.36358
0.0
0.0
0.0
0.0
0.0
0.0
0.0
0.0
0.0
0.0
0.0
0.0
0.0
0.0
0.0
0.0
0.0
0.0
0.0
0.0
0.0
0.0
0.0
0.0
0.0
0.0
0.0
0.0
0.0
0.0
0.0
0.0
0.0
0.0
0.0
0.0
0.0
0.0
-0.87391
0.0
0.0
0.0
0.0
0.0
0.0
0.0
0.0
0.0
0.0
0.0
0.0
0.0
0.0
0.0
0.0
0.0
0.0
0.374143
0.0
0.0
0.0
0.0
0.0
0.0
0.0
0.0
0.0
0.0
0.0
0.0
0.0
0.0
0.0
0.0
0.0
0.0
0.0
0.0
0.0
0.0
0.0
0.0
0.0
0.0
0.0
0.0
0.0
0.0
0.0
0.0
0.0
0.0
0.0
0.0
0.0
0.0
0.0
0.0
0.0
0.0
0.0
0.0
0.0
-0.0528312
0.0
0.0
0.498676
0.0
0.0
0.0
0.0
0.0
0.0
0.0
0.0
0.0
0.509288
0.0
0.0
0.0
0.0
0.0
0.0
0.0
0.0
0.0
0.0
0.0
0.0
0.0
0.0
-0.040042
0.0
-0.471748
0.0
0.0
0.0
0.0
2.46269
0.0
0.0428906
-1.14846
0.235848
0.301273
-0.01216
0.781632
-0.0928964
0.0287184
-0.0771697
0.0535254
0.326951
0.907877
-0.280569
-0.00444805
0.485072
0.0788139
0.517728
-0.345775
0.181383
-0.572229
-0.0376811
-0.123095
2.05539
0.3719
-0.526009
0.91914
0.504536
-0.290408
-0.21749
-0.186049
0.440423
0.128753
0.0326579
0.365799
0.0779887
0.338469
0.0
0.0
0.0
0.0
0.0
0.0
0.0
0.0
0.0
0.0
0.0
0.0
0.0
-2.07666
0.0
0.0
0.0
0.0
0.0
0.0
0.0
0.0
0.0
0.0
0.0
0.0
-0.0254218
0.0
0.206715
0.0
0.0
0.0
0.0
0.0
0.0
0.0
0.0
0.0
0.0
0.0
0.12639
0.0
0.0
0.0
0.0
-0.264489
0.0
0.0
0.0
0.0
0.0
0.0
0.0
0.0
0.0
0.0
0.0
-0.78736
0.0
0.0
0.0
0.0
0.0
0.0
0.0
0.0
0.0
0.0
0.0
0.0
0.0
0.0
0.0
0.0
0.0
0.0
0.0
0.0
0.0
0.0
0.0
0.0
0.0
0.0
0.0
0.0
0.0
0.0
0.0
0.0
0.0
0.0
0.0
0.0
0.0
0.0
0.0
0.0
0.0
0.0
0.0
0.0
0.0
0.0
0.0
0.0
0.0
0.0
0.0
0.0
0.0
0.0
0.0
0.0
0.0
0.0
0.0
0.0
0.0
0.0
0.0
0.0
0.0
0.0
0.0
0.0
0.0
0.0
0.0
0.0
0.0
0.0
0.0
0.0
0.0
0.0
0.0
0.0
0.0
1.17598
0.0
0.0
0.0
0.0
0.0
0.0
0.0
0.0
0.0
0.0
0.0
0.0
0.0
0.0
0.0
-1.9384
0.0
0.0
0.0
0.0
0.0
0.0
0.0
0.0
0.0
0.0
0.0
0.0
0.0
0.0
0.0
0.0
0.0
0.0
0.0
0.0
0.0
0.0
0.0
0.0
0.0
0.0
0.0
0.0
0.0
0.0
0.0
0.0
0.0
0.0
0.0
0.0
0.0
0.0
0.0
0.0
0.0
0.0
0.0
0.0
0.0
0.0
0.0
0.0
0.0
0.0
0.0
0.0
0.0
0.0
0.0
0.0
0.0
0.0
0.0
0.0
0.0
0.0
0.0
0.0
0.0
0.0
0.0
0.0
-0.87847
0.0
0.0
0.0
0.0
0.0
0.0
0.0
0.0
0.0
0.0
0.0
0.0
0.0
0.0
0.0
0.0
0.0
0.0
0.0
0.0
0.0
0.0
0.0
-0.668215
0.0
0.0
0.0
0.0
0.0
0.0
0.0
0.0
0.0
0.0
0.0
0.0
0.0
0.0
0.377945
0.0
0.0
0.0
0.0
0.0
0.0
0.0
0.0
0.0
0.0
0.0
0.0
0.0
1.24008
-0.191278
0.0
0.0
0.0
1.40115
0.0
0.0
0.0
0.0
0.0
0.0
0.0
0.0
0.0
0.0
0.0
0.0
0.0
0.0
0.0
0.0
0.0
0.0
0.0
0.0
0.0
0.0
0.0
0.0
0.0
0.0
0.0
0.0
0.0
0.0
0.0
0.0
0.0
0.0
0.0
0.0
0.0
0.0
0.0
0.0
0.0
0.0
0.0
0.0
0.0
0.0
0.0
0.0
0.0
0.0
0.0
0.0
0.0
0.0
0.0
0.0
0.0
0.0
0.0
0.0
0.0
0.0
0.0
0.0
0.0
0.0
0.0
0.0
0.0
0.0
0.0
0.0
0.0
0.0
0.0
0.0
0.0
0.0
0.0
-1.61413
0.0
0.0
0.0
0.0
0.0
0.0
0.0
0.0
0.0
0.0
0.0
0.0
0.0
0.0
-1.99124
0.0
0.0
0.0
-0.260875
0.0
0.0
0.0
0.0
0.0
0.0
-2.27936
0.0
0.0
0.0
0.0
0.0
0.0
0.0
0.0
0.0
0.0
0.0
0.0
0.0
0.0
-0.0910275
0.0
0.0
0.0
0.0
0.0
0.0
0.0
0.0
0.0
0.0
0.0
0.0
-2.39565
0.0
-0.41635
0.0
0.0
0.0
0.0
0.0
0.0
0.0
0.0
0.0
0.0
0.0
0.0
0.0
0.0
0.0
0.0
0.0
0.0
0.0
0.0
0.0
0.0
0.0
0.0
0.0
0.0
0.0
0.0
0.0
0.0
0.0
0.0
0.0
0.0
0.0
0.0
0.0
0.997546
0.0
0.0
0.0
0.0
0.0
0.0
0.0
0.0
0.0
1.18844
0.0
0.0
0.0
0.0
0.0
-0.940904
0.0
0.888766
0.0
0.0
0.0
0.0
0.0
0.0
0.0
0.0
0.0
0.0
-0.257951
0.0
0.0
0.0
0.0
0.0
0.0
0.0
0.0
0.0
-0.0692552
0.0
0.0
0.0
0.0
0.0
0.0
0.0
0.0
0.0
0.0
0.0
0.0
0.0
0.0
0.0
0.0
0.0
0.0
0.0
0.0
0.0
0.0
0.0
0.0
0.0
0.0
0.0
0.0
0.0
0.0
0.0
0.0
0.0
0.0
0.0
0.0
0.0
0.0
0.0
0.0
0.0
0.0
0.0
0.0
0.0
0.0
0.0
0.0
0.0
0.0
0.0
0.0
0.0
0.0
0.0
0.0
0.0
0.0
0.0
0.0
0.0
1.10134
0.0
0.0
0.0
0.0
0.0
0.0
0.0
0.0
0.0
0.0
0.0
0.0
0.0
0.0
0.0
0.0
0.0
0.0
0.0
0.0
0.0
0.0
0.0
0.0
0.0
0.488214
0.0
0.0
0.0
0.0
0.0
0.0
0.0
0.0
0.0
0.0
0.0
0.916762
0.0
0.0
0.0
0.0
0.0
0.0
0.0
0.0
0.0
0.0
0.0
0.0
-1.21469
0.0
0.0
0.0
0.0
0.0
0.0584502
0.0
0.0
0.0
0.0
0.0
-1.32753
0.0
1.66643
0.0
0.0
0.0
0.0
0.0
0.0
-1.13694
0.0
0.0
0.0
0.0
-1.35009
0.0
0.0
-0.582501
0.0
0.0
0.0
0.0
0.0
0.0
0.0
0.0
0.0
0.0
0.0
0.0
0.0
0.0
0.0
0.0
0.0
0.0
-0.601823
0.0
0.0
0.0
0.0
0.365197
0.0
0.0
0.0
0.0
1.37506
0.0
0.0
0.0
0.0
0.0
0.0
0.0
0.0
0.0
0.0
0.0
0.0
0.0
0.0
0.0
0.0
0.0
-0.0470853
-1.26298
0.744314
-0.0419331
-0.592223
0.395555
-0.127894
-0.320159
0.0347165
-0.201593
-0.0322446
0.874356
0.0701811
0.679931
0.628088
0.453629
0.439113
0.00756716
-0.434184
0.109827
-0.689311
0.272215
0.896366
-0.0249562
-0.392951
0.244086
0.464001
0.812984
0.484554
-0.136262
0.288322
0.230911
0.014518
0.442911
0.443652
0.822035
0.0
0.0
0.0
0.0
0.0
0.0
0.0
0.0
0.0
0.0
0.0
0.0
0.0
0.0
0.0
0.0
0.12196
0.0
0.0
0.0
0.0
0.0
0.0
0.0
0.0
0.0
0.0
0.0
0.0
0.0
0.0
0.0
0.0
0.0
0.0
0.0
0.0
0.0
0.0
0.0
0.0
0.0
0.0
0.0
0.0
0.0
0.0
0.0
0.0
0.0
0.0
0.0
0.46311
0.0
0.0
0.0
0.0
0.0560359
0.0
0.0
0.0
0.0
0.0
0.0
0.0
0.0
0.0
0.0
0.0
0.0
0.0
0.0
0.0
0.0
0.0
0.0
0.0
0.12226
0.0
0.0
0.0
0.0
0.0
0.0
0.0
0.0
0.0
0.0
0.0
0.0
0.0
0.0
0.0
0.0
0.0
0.0
0.0
0.0
0.0
0.0
0.0
0.0
0.0
0.0
0.0
-0.62529
0.0
0.0
0.0
-0.584534
0.0
0.0
0.0
0.0
0.0
0.0
0.0
0.0
0.0
0.0
0.0
0.0
0.0
0.0
0.0
0.0
0.0
0.0
0.0
0.0
0.0
0.0
0.0
0.0
0.0
0.0
0.0
0.0
0.0
0.0
0.0
0.0
0.0
0.0
0.0
0.0
0.0
0.0
0.0
-0.827368
0.0
0.0
0.0
0.0
0.0
0.0
0.0
0.0
0.0
-0.378078
0.0
0.0
0.0
0.0
0.0
0.0
-3.17628
0.0
0.0
0.0
0.0
0.0
0.0
0.0
0.0
-0.484873
0.0
0.0
0.0
0.0
0.0
0.0
0.0
0.0
0.296504
0.0
0.0
0.0
0.0
0.0
0.0
-0.0846457
0.0
0.0
0.0
-1.3551
0.0
0.0
0.0
0.0
0.0
0.0
0.0
0.0
0.0
0.0
0.0
0.0
0.0
-0.491193
0.0
0.0
0.0
0.150209
0.0
0.5325
0.0
0.0
0.0
0.0
0.0
0.0
0.0
-0.109868
0.0
1.0692
0.0
0.0
0.0
0.0
0.0
0.0
0.0
0.0
-1.18375
-0.364107
0.0
0.0
1.04602
0.0
0.0
0.0
0.0
0.0
0.0
0.0
0.0
0.0
0.0
0.0
0.0
0.0
-0.109979
-1.20072
0.531308
-0.119436
0.0594783
0.763175
-0.0804469
0.0391119
0.071737
0.0905079
-0.0634744
0.911308
0.294509
-0.119717
0.401754
-0.808888
0.144635
-0.65368
0.058311
-0.329724
0.186009
0.320881
1.61223
0.088242
-0.497383
0.759477
0.510731
0.536296
-0.359692
-0.176744
-0.780072
0.0102867
0.34953
0.388485
0.221687
0.551397
0.0
0.0
0.0
0.0
0.0
0.0
0.0
0.0
0.0
0.0
0.0
0.0
0.0
0.0
0.0
0.0
0.0
0.0
0.0
0.0
0.0
0.0
-1.58533
0.0
0.0
0.0
0.0
0.0
0.0
0.0
0.0
0.0
-0.463112
0.0
0.0
0.0
0.0
-0.306929
0.0
0.0
0.0
0.0
0.0
0.0
-1.97576
0.0
0.0
0.0
0.0
0.0
0.0
0.0
0.0
0.0
-0.147004
0.0
0.0
0.0
0.0
0.0
0.0
0.0
0.0
0.0
0.0
0.0
0.0
0.0
0.0
0.0
0.0
0.0
0.0
0.0
-1.02505
0.0
0.0
-0.224474
0.0
0.0
0.0
0.433356
0.0
0.0
0.0
0.0
0.0
0.0
0.0
0.0
0.0
0.0
0.0
0.0
0.0
0.0
0.0
0.0
0.0
0.147082
0.0
0.0
0.631672
0.0
0.0
0.0
0.0
0.0
0.0
0.0
0.0
0.0
0.0
0.0
0.0
0.0
0.0
0.0
0.0
0.0
0.0
0.0
0.0
0.0
0.0
0.0
0.0
0.0
0.0
0.0
0.0
0.0
0.0
0.0
0.0
0.0
0.0
0.0
0.0
0.0829951
0.0
0.0
0.0
1.31763
0.0
0.0
0.0
0.0
0.0
0.0
0.0
0.0
0.0
0.0
0.0
0.0
0.0
0.0
0.0
0.0
0.0
0.0
0.0
0.0
0.0
0.0
0.0
1.32901
0.0
0.0
0.0
0.0
0.0
0.0
0.0
0.0
0.0
0.0
0.0
0.0
0.0
0.0
0.0
0.0
0.0
0.0
0.0
0.0
0.0
0.0
0.0
0.0
0.0
0.0
0.0
0.0
0.0
0.782883
0.0
0.0
0.0
0.0
0.0
0.0
0.0
0.0
0.0
0.0
1.44488
0.0
0.0
0.0
0.0
0.0
0.0
0.0
-0.36384
0.0
0.0
0.0
0.0
0.0
0.0
0.0
0.0
0.0
0.0
0.0
0.0
0.0
0.0
0.0
0.0
0.0
0.0
0.0
0.0
0.0
0.0
0.0
0.0
0.0
0.0
0.0
0.0
0.0
0.0
0.0
0.0
0.0
0.0
0.0
0.0
0.0
0.0
0.0
0.0
0.0
0.0
0.0
0.0
0.0
0.0
0.0
0.0
0.0
0.0
0.0
0.0
1.60212
0.0
0.0
0.0
0.0
0.0
0.0
0.0
0.0
0.0
0.0
0.0
0.0
0.0
0.0
0.0
0.0
0.0
0.0
-0.2416
-1.28977
0.546826
-0.256255
-1.24436
0.902113
-0.0153956
-0.230666
0.0217279
-0.355033
0.0262368
0.908508
0.524587
0.924009
0.487184
0.439506
0.0778869
-0.220318
-0.414953
0.52718
-0.645743
-0.0625239
1.25388
-0.135779
-0.32298
0.24993
0.509249
0.705912
-0.0169305
-0.132172
-0.397272
0.0931134
-0.304473
0.457306
-0.000232919
0.952931
0.0
0.0
0.0
0.0
0.0
0.0
0.0
0.0
0.0
0.0
0.0
0.0
0.0
0.0
0.0
0.0
0.0
0.0
0.0
0.0
0.0
0.0
0.0
0.0
0.0
0.0
0.0
0.0
0.0
0.0
0.0
0.0
0.0
0.0
0.0
0.0
0.0125984
-0.898547
-0.847841
-0.910331
-0.532887
0.679556
-0.228687
-0.365323
0.510729
-0.22513
0.209706
0.888696
-0.156139
0.885421
0.147041
0.151641
-0.818671
-0.233499
-0.638805
-0.130509
-0.0374897
-0.042222
1.33387
0.166504
-0.456834
0.70696
0.431214
0.70333
0.104773
-0.136041
0.204065
-0.226631
-0.225294
0.382745
-0.323347
0.505065
0.0
0.0
0.0
0.0
0.0
0.0
0.0
0.0
0.0
0.0
0.0
0.0
0.0
0.0
0.0
0.0
0.0
0.0
0.0
0.0
0.0
0.0
0.0
0.0
0.0
0.0
0.0
0.0
0.0
0.0
0.0
0.0
0.0
0.0
0.0
0.0
-0.154302
-1.18915
0.346249
-0.155449
-0.508047
1.05393
-0.089719
-0.0168283
-0.114147
0.0476704
-0.075151
0.902119
-0.614273
0.946687
0.568579
0.248092
-0.225642
-0.245802
-0.438751
0.372194
-0.0660433
0.165185
2.13228
0.327578
-0.523865
0.813673
0.500975
0.586992
0.12965
-0.157632
0.467096
-0.0431331
-0.0869534
0.364071
0.296353
0.351652
0.0
0.0
0.0
0.0
0.0
0.0
0.0
0.0
0.0
0.0
0.0
0.0
0.0
0.0
0.0
2.29959
0.0
0.0
0.0
0.0
0.0
0.0
0.0
0.0
0.0
0.0
0.0
0.0
0.0
0.0
0.595436
0.0
0.0
-2.8976
-0.898003
0.0
0.0
0.0
0.0
0.0
0.0
0.0
0.0
0.566437
0.0
0.0
-0.331259
0.0
0.0
0.0
0.0
0.0
0.0
0.0
0.0
0.0
1.21899
0.0
0.0
0.0
0.0
0.0
0.527318
0.0466185
0.0
0.0
0.0
0.0
0.0
0.0
0.0
0.0
-0.454642
0.0
0.0
0.0
0.0
0.0
0.0
0.0
0.0
0.0
0.0
0.0
0.0
0.0
0.0
0.0
0.0223056
0.0
0.0
0.0
0.0
0.0
0.811688
0.0
0.0
0.0
0.0
0.0
0.0
0.0
0.0
0.0
0.0
0.0
0.0
0.0
0.0
0.0
0.0
0.0
0.0
0.0
0.0
0.0
0.0
0.0
0.0
0.0
0.0
0.0
0.0
-0.985207
0.0
0.0
0.0
0.0
0.0
0.0
0.0
0.0
0.0
0.0
0.0
0.0
0.0
0.0
0.0
0.0
0.0
0.0
0.0
0.0
0.0
0.0
0.0
0.0
0.0
0.0
0.0
0.0
0.0
-1.5684
0.0
0.0
0.0
0.0
0.0629254
0.0
0.0
0.0
0.0
0.0
0.0
0.0
0.0
0.0
0.0
0.0
0.0
0.0
0.0
0.0
0.0
0.0
0.0
0.0
0.0
0.0
0.228944
-0.966929
-0.306115
-0.41239
-0.171468
1.49994
5.39387
0.0519353
-1.86129
-1.22584
-0.0823932
-2.10819
0.0823112
0.0737868
-1.22285
0.678805
-0.0331459
2.02811
0.459135
-0.420656
5.68691
0.0317437
0.415286
6.30303
-0.521959
-0.165562
-0.322198
0.327576
0.815809
-0.00493707
-1.39961
0.149385
1.30202
0.554206
-1.41254
0.798016
0.00630349
1.96705
0.430541
-0.0107253
-0.120309
-0.265027
-5.13807
-0.779668
1.94177
0.907357
0.127825
3.05774
-1.49099
-0.254725
1.09962
-0.00570582
-0.0561523
-2.91726
-0.18578
0.459619
-7.99322
0.0574186
0.173356
-6.20633
0.295821
-0.795413
0.102392
-0.506333
-0.0464574
-0.21115
0.88295
0.34993
0.0718168
-0.952701
1.84787
1.98213
0.177406
1.87018
1.28568
-0.320856
0.478643
3.6739
0.396175
3.1515
-1.32974
-0.221413
0.622033
0.0500691
3.79479
0.0741797
-1.92371
0.0161498
-0.424909
-5.21075
0.620322
-1.7225
0.778272
0.217992
-2.91213
-0.955887
-0.907376
2.96217
-2.41699
-0.333793
-0.939783
-1.13279
2.74717
0.979542
-0.736572
-5.1021
0.867238
-4.347
0.142742
2.14462
-1.6062
1.63012
1.21946
-4.43859
-0.140914
-2.25071
1.37954
1.27136
-0.931887
-2.49341
-1.80307
-0.925545
-0.649005
-0.13116
0.611438
3.64755
-0.327265
1.12821
0.515979
1.11028
-0.107082
-1.08806
-0.26625
0.772987
0.753721
-0.201126
0.451104
-0.72316
-0.416519
-0.293274
1.4121
4.09045
1.18565
5.69432
0.235243
1.00001
0.124392
-0.423166
-0.172026
1.64409
0.255852
-0.727164
0.080043
-0.318338
0.0454281
0.949354
-1.40906
0.749021
-0.123343
0.67311
-0.0892457
0.860671
-0.125861
0.0395903
-1.0002
0.0891665
0.588748
0.0964925
-0.226598
-0.263948
-0.219719
-0.178889
0.769319
-0.215907
-0.516967
0.499318
0.724885
-0.398825
0.435404
2.77757
0.102347
0.0483323
0.226824
-0.0184123
0.161261
-0.464077
0.463357
-0.184945
0.230913
0.147946
0.0966138
0.373689
-0.125142
-0.195076
-0.175037
0.189735
0.277254
-0.09765
0.00379254
0.659866
0.362665
0.306775
-0.144836
0.063458
-1.17356
0.348165
0.727349
-0.0297328
-0.0395425
-0.00561258
-0.248699
0.40178
-0.00369091
-0.427984
0.245823
0.0361621
1.3396
1.26917
0.709657
-0.0253707
0.140281
-1.00174
1.4697
1.54569
-1.64639
-1.12641
0.733092
1.81052
1.96642
0.850733
-0.297349
0.255435
0.136923
1.13563
0.0389692
-0.374665
-1.83986
0.584474
-1.74976
0.590358
0.319302
-3.10178
0.538678
-2.16686
-0.0398529
-0.674771
-0.763889
0.0430268
0.301998
-1.42948
-0.278307
-0.246502
1.87746
0.167429
-0.284563
-0.0184794
-1.68833
1.21118
1.55645
-0.085068
0.344595
-0.37176
0.157082
0.455906
0.789241
-0.198841
-0.819795
0.159867
0.387638
-0.23353
-0.0113104
0.253886
-0.0132477
0.11853
0.245227
-0.0591198
-0.831201
1.92469
-1.60767
0.0995227
-0.0225904
-0.315418
-0.0296622
0.353926
-0.209992
-1.14493
-0.112172
0.038729
1.83691
-1.5441
-1.72882
-0.0183817
2.65506
-0.0704821
0.461767
-0.596975
0.326539
0.551423
0.083267
0.0944197
-1.66965
2.00389
-2.83616
1.83532
1.89719
-0.500519
0.00332163
0.708056
0.317771
0.143333
-0.0306551
0.178315
-0.240531
0.431232
0.133001
1.005
0.542156
-0.120955
-0.407178
0.395466
0.224254
-0.508783
0.179636
0.296249
0.0801885
1.27939
2.30329
2.4293
2.71078
-2.63409
0.82735
-0.93195
0.334021
0.155681
0.0967257
0.0636389
-0.363678
-0.184127
2.61827
2.44224
0.0964857
-1.68046
0.00277066
0.521732
0.326724
0.367669
-0.231786
0.164111
0.505789
0.469171
1.98067
-0.117836
-0.338207
-0.0640756
-0.0807444
0.382399
-0.142422
-0.911948
0.142024
0.264066
0.14226
-2.13039
2.04707
2.13262
1.67448
3.19284
0.0944623
3.58248
-1.31601
-0.24014
-0.164406
1.70903
-0.543372
-2.80068
-0.478333
3.04617
-1.50994
-1.74919
-0.0180041
-1.12836
0.359592
0.42581
2.75654
-2.58309
3.67733
-0.125847
-0.658893
2.62364
0.0300109
-2.8903
0.33131
0.131251
-2.71122
0.414323
-0.372001
-0.561047
0.0718802
0.237166
0.143082
2.47581
-0.29985
0.621663
-0.356694
-1.30655
0.497286
1.02564
0.00801369
-0.157701
-1.1428
-0.147741
1.57935
0.405671
0.367338
2.48301
-2.77916
1.33692
-0.536648
-0.101862
-0.212692
-0.103125
-1.37269
-0.64069
-1.19454
-0.31963
0.0448851
-1.08256
0.36181
0.328493
-0.0130952
-2.10347
-0.421027
-1.73059
0.13606
1.90999
0.739754
-0.00598848
0.594383
-0.52392
1.82106
1.1158
1.66156
-1.12099
0.279495
-0.325547
-1.29807
-0.243625
3.02147
0.249319
-0.832191
-2.50082
-0.393462
2.26192
-0.369314
0.219942
0.430264
1.75059
0.904424
-2.59838
-0.146283
0.621561
-1.02133
-1.06923
2.1971
-0.548743
-0.038895
2.07911
-0.0131254
2.83973
0.129552
-0.929026
-0.2669
-0.0160774
0.0990038
0.118375
-2.82637
-3.07654
-2.01549
-0.967272
0.207173
-1.21121
-0.604311
-0.121912
-0.242416
0.0767359
0.397203
0.970617
-2.61768
3.51805
-1.74385
0.223219
0.247596
1.79444
-0.049765
1.49068
-0.31635
0.939115
-0.0496356
0.763636
-0.888567
0.311822
0.130847
-0.230982
-0.283494
0.0361351
0.0265696
-1.6141
-1.17358
-0.00181153
0.11459
-0.282808
-0.677631
0.615899
0.00558213
0.729354
-1.19202
0.717945
-1.84885
-0.408785
0.823869
0.361772
1.40454
-0.739726
0.479361
-0.279421
2.27829
-0.598865
1.15583
2.2534
0.724802
-0.155325
0.886037
0.39738
-0.0360926
-1.09667
-0.808804
-1.49561
1.7082
2.41419
-1.45025
-0.306902
0.132204
0.533718
0.5165
-0.0259504
0.184938
-0.704122
1.93238
0.93731
1.82469
-1.97712
2.32769
-1.61092
0.752234
-0.0427184
0.369754
0.140153
0.361
-0.128006
0.0170444
0.474657
-0.0355173
-1.15345
-2.56022
3.09246
-0.406944
-0.780142
0.0930939
-0.524108
-0.0423275
0.165846
-0.314981
0.359686
0.0310394
-0.566413
0.0865811
-0.100415
0.187095
0.0443371
-0.767878
-0.00155749
0.119415
-0.595511
-0.183305
0.125375
0.10329
2.72656
-2.74737
-0.0117707
-3.74399
-0.795166
1.27868
0.135239
0.681195
-1.33807
-0.0783143
2.10175
0.48254
2.5942
2.68342
-2.67334
0.560292
-0.407277
-1.57389
0.780607
-0.111381
-1.04223
-1.3763
0.0767659
2.47108
1.43523
-2.34568
2.74354
0.036893
-0.145592
0.203506
-0.0341369
0.18671
-0.302782
1.89657
-0.921266
0.254135
-3.12803
3.40247
-4.78482
-0.646283
0.521022
1.15682
0.210677
-0.325794
-0.720669
0.0261955
0.465074
1.20485
-0.200575
-4.5126
3.69565
-2.24749
-0.809225
0.869205
-0.794075
0.00730786
-0.0315883
-0.536694
0.0881344
-0.024122
0.783965
-1.88008
-0.276776
-2.50866
1.42815
-0.453314
-0.00368497
0.225077
0.222069
-0.0940534
0.0137499
-0.170689
-0.13672
0.0598337
0.245256
3.01788
-1.56064
2.63253
0.143406
-0.143968
-0.0921355
0.0176912
0.117252
-0.175704
-0.138858
0.188808
0.242183
2.79385
-1.92401
-0.804707
-0.121934
0.00940257
0.0263265
-0.287049
0.0493089
0.0561925
0.461318
0.0896399
-0.0680747
-1.98837
1.2827
0.272228
-0.015186
0.0447744
0.528615
0.990025
0.666122
0.163802
0.886393
0.2327
1.37591
-2.17908
-2.65823
-0.171552
0.203481
0.332427
-0.964084
0.0313954
0.623029
-0.259616
-0.0332037
0.0814427
2.68722
-3.22477
-1.45944
-1.82143
1.4203
-0.0294743
-0.0130542
0.231844
-0.0375647
0.093271
-0.170366
-0.411496
-0.386939
0.172773
-1.82427
0.330754
2.12333
0.24008
-0.260515
0.37313
-0.258996
0.404766
-0.0231904
0.13703
-0.162901
-0.0246556
-0.257869
0.205244
-2.5682
1.35539
-0.137607
0.00840176
0.657502
0.290261
0.256898
-0.0860147
0.162891
-1.14918
-1.64495
0.459868
0.291254
-0.043956
-0.0813498
-0.140618
2.42038
-0.0465226
-0.561016
0.420329
0.403661
0.0961269
0.117489
-0.722406
-0.0175622
-1.22102
-0.464848
-0.062692
-0.801674
0.634843
-0.472804
0.0615661
-0.302512
0.217541
-0.230096
-3.09022
2.11822
-0.109591
0.157611
-0.724337
0.71529
0.471709
0.185356
-0.469276
0.253824
-0.188273
2.66189
-0.717648
1.1777
2.10195
-0.0615229
-0.184484
0.40918
0.0108158
0.0876274
-0.0622328
0.371072
0.0405902
1.01753
0.659852
0.109337
-1.19568
1.49545
3.04291
-0.275911
-1.60748
-0.361477
0.127348
1.15734
-0.694358
-0.0283873
0.212834
1.79243
-2.37891
-1.28824
-2.33079
-1.29933
-0.432918
0.0605113
0.638522
0.187978
1.07105
-3.99055
-3.02826
-1.60663
-1.46978
-0.659383
-0.168058
0.306667
0.165693
-1.48844
1.02511
2.24216
0.0620911
0.119036
-0.147837
-0.00412891
-2.32477
-0.496358
2.03509
0.170573
-0.227715
0.0383071
-0.0295236
0.769343
0.622741
-0.0467744
0.286404
0.0367752
1.45325
1.23532
-0.599436
-0.212994
-0.232255
-0.210146
0.0969717
-0.104952
-0.143997
-0.570222
1.75485
-1.7705
0.0142328
0.00768684
2.5181
0.931871
1.60346
2.69562
0.322522
0.847636
0.084015
-0.132907
0.413194
-0.0198886
0.0630355
-1.9379
-1.63382
-2.37447
0.330606
1.05043
0.3868
-0.69345
-0.395365
-0.119847
0.182469
0.257746
0.0449259
-0.864584
-2.82675
-0.14696
1.33282
0.230973
-0.0923055
2.21699
-0.802886
-0.740636
-0.193613
-1.06213
0.973473
0.820364
-1.74341
-2.13227
-2.8282
-0.78692
0.199391
-0.427017
0.0264997
-0.479039
0.106775
-0.0068253
0.164127
0.911297
2.94103
-0.361372
-1.18991
0.413432
-0.165182
-1.12998
0.957165
-0.0176542
0.228398
0.417167
-1.06838
-0.10804
-2.41157
0.667058
0.581176
0.709839
-0.0910492
0.505803
1.00082
-0.732074
1.15515
0.213153
0.0242515
-2.20332
0.479457
-0.736295
0.387631
-0.233877
-3.29486
-3.64957
0.135624
0.972643
-0.105118
-0.0190281
0.187285
-0.912013
1.34879
-1.34498
1.32232
1.76215
0.285256
0.138539
0.387451
0.110685
0.501586
0.118293
-0.0325959
-0.196269
1.79055
1.20841
2.19835
-0.66301
-2.05674
0.392973
-0.958189
0.667767
0.471529
-0.104128
-0.0387964
-0.92664
-0.0595223
0.379726
-0.0320638
-1.25011
1.60893
0.7357
0.107941
-1.92487
0.367423
0.00103619
-0.0264003
1.60508
-2.61358
2.74924
-0.667844
2.89571
1.63144
0.798735
-1.48
-0.900006
-1.91774
0.174758
1.36504
-2.18462
1.10402
-1.18867
0.676826
1.02212
-0.869632
-4.76454
3.22856
-0.240791
0.00997873
1.02727
-0.0260867
-0.331499
0.0686433
-0.996898
-0.43112
1.36332
-0.405677
1.61902
0.188494
1.50369
1.14329
-0.0312398
0.323302
-2.01987
0.805694
2.59781
-0.407748
-0.632514
3.31853
1.12186
1.69526
0.390776
-0.504701
0.37017
1.66779e-05
-2.22587
0.150064
0.490346
-2.09664
3.06275
1.78239
2.55511
0.51368
-0.21375
-0.933926
-0.111015
-0.0144206
1.65299
-2.0389
2.71694
0.109016
1.3814
0.833823
-2.70592
0.163185
3.34439
0.908871
-0.00607428
0.252793
1.66886
-3.01025
1.82013
2.86635
-4.25289
0.0276708
-1.14104
-1.95228
0.192489
-0.402544
0.145625
-0.530986
-1.56947
-0.0564739
-0.0529521
0.310337
0.463595
3.34066
4.98912
0.710444
-0.500172
-0.426401
-0.115437
0.026675
-1.03149
-1.93244
-0.0827063
0.0481371
-1.26423
1.76937
2.21139
-0.0136563
2.02425
-0.159584
-0.0179242
0.0755081
0.698201
-2.41412
-2.88391
0.215991
-1.72068
-0.558919
2.8818
2.13385
-1.9516
-1.21612
-1.5704
-0.0345035
-0.986704
-0.0657426
-2.04435
-1.92334
-0.316352
-0.160148
-7.85461
-2.87368
1.20503
5.40804
0.153457
-0.02016
-0.0704082
-0.190332
0.754032
-0.0323564
1.00621
2.24908
1.22283
1.09172
-4.46078
0.369392
-0.013209
0.227752
-1.79376
-1.01902
-0.870977
0.877589
-1.80255
0.324535
-2.82615
6.20638
0.865596
-2.26217
1.28609
1.137
1.10667
0.0706614
0.658374
1.24153
0.136799
-2.30811
-0.394152
-4.0079
2.18392
2.13716
0.259156
-0.0154544
4.32691
0.289949
0.58475
0.245656
0.0306497
2.28414
-2.06085
0.837376
-1.22182
0.0845598
0.00435606
1.34199
0.680061
-0.649054
-0.435892
1.63215
0.652109
-0.345862
1.16442
-2.1171
-2.6675
0.23822
0.210951
0.0711518
-0.874521
-0.0136499
0.757197
0.0854535
0.197414
0.772539
-1.03512
-0.388143
3.50865
-0.9348
-2.12677
-0.139047
0.710473
-0.239514
0.352858
0.0796704
-0.380383
0.284546
-0.585457
0.161579
-0.167257
1.89466
1.51768
-0.118969
2.19027
0.347416
-0.27885
0.347956
0.0694879
0.132729
-0.363353
-1.47433
-0.30837
1.39692
2.97466
1.59392
-0.251863
0.0106713
0.656632
0.260799
0.358744
-0.309314
0.203831
-1.28336
0.481228
1.34913
1.14793
2.13328
-0.0550449
-2.91539
0.414576
-0.0266886
-0.348487
0.337487
0.321389
0.063061
0.519288
2.38107
-0.727309
1.85965
-0.517381
-1.30317
-0.0130609
1.56713
-2.05253
0.0207719
-0.132398
1.91114
-0.0627418
1.55279
0.202423
0.796599
-0.0800012
0.0331222
0.938931
0.344262
-0.728003
0.177376
1.36887
-2.68968
-0.870151
2.50166
-2.34706
2.84631
0.584072
-0.708232
1.16577
-0.0323062
0.212648
0.229306
-1.63423
0.088545
-0.156852
-0.431129
-0.0043483
-0.538715
1.16428
-0.562831
0.074702
0.122565
0.434806
0.191768
1.16884
-0.772432
-0.139373
1.30045
-0.800613
-2.32882
2.14426
-1.17445
0.441903
-1.40253
-0.0271584
-0.0757821
0.0233127
0.461654
-0.256105
-0.213723
1.49395
1.87417
0.645091
-0.63433
1.35057
0.219405
-1.36916
0.257096
1.47629
0.142103
0.0407124
0.503867
-0.0195089
2.68934
-0.219439
0.45253
-0.170271
0.147611
0.335836
0.207644
-0.285297
-0.142688
-0.265178
-0.0952466
0.180943
3.02659
0.610765
-0.733128
-0.556281
0.307791
3.05502
-0.290278
0.178543
-1.54858
0.724575
0.668046
0.0550466
0.420247
-0.990184
1.0689
2.10071
-0.962999
0.0397221
0.248464
0.194662
0.0843388
-0.314638
-0.161183
-0.00530763
0.133035
1.28641
-2.76968
0.452737
-0.605454
-0.367008
0.0392571
-0.0655918
0.876803
-0.246543
1.15933
-2.05433
-0.800629
0.292612
1.85323
-1.10321
1.04449
0.041601
-1.17455
0.136904
-0.196434
-1.25007
-0.539985
-0.0539336
2.91602
0.0177287
-2.55406
1.19073
1.84861
0.45444
0.59837
1.384
0.0996788
-5.84793
-1.24392
-0.0017354
0.206384
-0.327436
-1.62687
-4.89548
4.98428
-1.01722
-0.172517
-0.77119
-1.51464
-0.573276
-2.58091
-1.6352
0.632353
-5.29828
1.66651
1.60487
-1.31812
-2.4411
0.573081
1.32832
3.05175
1.82528
-0.335839
0.316774
-0.0318866
1.82698
-2.21777
0.302949
-1.98812
5.14289
2.10971
-0.513124
0.0962043
0.0546243
1.01016
-0.0153121
0.0591795
0.293357
-1.25662
1.16084
0.356198
-1.57243
-1.22987
-0.855253
-1.79049
-0.17343
-0.205975
0.00497749
0.102483
1.86685
-0.0526115
-0.865564
1.2567
2.397
0.428918
-0.153914
0.463168
-0.76907
-0.154959
0.033791
-0.0451181
0.0685827
-2.40279
3.66219
-2.59192
-1.07146
-0.641225
0.274566
0.0529403
0.483284
0.834907
0.00948866
0.0341192
0.464403
-2.2689
2.77757
-0.571521
-0.98867
0.355668
-0.450355
-2.85818
-1.1074
0.146125
0.0919569
0.746132
1.56886
-0.027763
-0.4322
-0.857735
-2.40459
3.65133
0.205042
5.19626
-1.46503
-6.46546
0.862146
-0.0115627
1.1408
0.975872
0.275772
-1.418
0.742662
1.48265
2.16286
0.0451234
1.0865
-0.0992519
-0.401154
-0.450727
0.903932
-0.0650893
-0.503744
0.43058
1.53072
-0.0824058
0.72036
-1.60907
1.09668
-0.394018
0.291944
-0.415842
0.891303
-0.143344
-0.565557
-1.08087
-0.100785
0.0188947
2.58781
1.01874
-0.2664
-0.973497
-0.226105
0.797498
-0.19581
-0.156157
0.0465938
0.63232
-0.240683
-2.15242
0.852608
-0.361175
-0.62723
0.00208286
-1.96183
-5.63164
1.45576
2.92722
-7.5754
1.17702
-0.0214002
1.41908
-1.59342
-0.493297
-0.715807
-0.268117
-2.00028
-0.43157
-0.584896
0.286257
-2.58436
-3.39553
3.6268
-5.17268
3.29744
-2.63034
-5.14876
-8.35635
-2.85161
-2.47255
1.79133
0.719406
0.189076
-0.506472
2.07296
2.19223
-0.390039
-7.66534
-1.17251
-1.38949
2.64883
-1.4479
0.343726
1.2871
-1.59457
5.41113
2.43118
-3.07918
5.67485
-5.26076
0.226125
5.81756
-6.47615
-1.21216
0.95092
0.573637
-0.515604
-1.5585
0.181236
1.93769
-1.96422
-0.44561
-0.674576
-0.0998019
-2.00294
-0.771885
-0.736778
-0.701035
-1.95376
-1.78478
-1.39895
-2.78961
-1.22853
-0.364095
-0.263429
-0.741154
-0.251924
2.05473
-2.3147
2.30248
-2.84462
-3.13163
-6.62256
-9.84759
-4.36104
-2.16051
-0.260443
0.966461
-1.99835
0.204801
-1.03653
-7.25745
7.79401
-10.3727
-8.81247
5.62587
-8.83477
-9.52773
5.20088
2.66432
0.845523
2.53085
-1.46215
-7.17949
11.5162
8.04633
-6.7472
-2.39298
-2.58631
1.20519
-0.671006
-2.75288
-0.582188
-0.463931
-0.9724
-0.177061
-1.58851
2.11944
-1.2475
2.11448
-5.78057
-0.768775
1.98705
-0.319895
0.487821
0.245597
-0.469505
0.001276
-2.25462
-0.430857
-0.401885
-1.38796
-1.33265
-1.72649
-0.562244
-1.30827
0.0296982
-1.17897
0.953753
3.71902
0.721383
-4.83364
-0.0238109
-1.39575
3.45995
-0.517982
-0.93574
-0.214955
-1.91808
