[125, 9, 9, 4]
0.0
0.0
0.0
0.0
0.0
0.0
0.0
0.0
0.0
0.0
0.0
0.0
0.0
0.0
0.0
0.0
0.230798
-0.825876
0.0
0.0
0.0
-1.09463
0.0
0.0
0.0
-0.154463
0.0
-1.22023
-3.02508
0.257339
-0.870475
0.770877
-2.55284
0.6707
-0.883818
2.03745
0.0
0.0
-0.619994
0.0
0.0
0.0
0.0
1.62231
0.0
1.28994
0.503784
-1.44285
0.74158
1.16232
1.00716
-2.46206
4.99758
2.62374
0.0
0.92074
0.0
0.0
0.0
0.0
0.0
0.0
0.0
3.78692
1.10714
2.00635
-3.84202
-0.261084
6.35851
3.47896
4.93511
1.02711
0.0
0.0
0.0
0.0
0.0
0.0
0.0
0.0
0.0
0.0
0.0
0.0
-1.6468
0.0
0.0
-2.06954
0.0
-1.00714
0.0
0.0
0.0
0.0
0.0
0.0
0.0
0.0
0.0
0.0
0.0
0.0
0.39922
0.776137
0.0
0.0
0.0
0.0
0.0
0.0
0.0
0.0
0.0
0.0
0.0
0.0
-0.460968
-1.08351
-3.74359
-0.330074
-0.779963
2.42662
-2.862
0.11502
0.657338
2.05267
0.0
0.0
0.0
0.0
0.0
0.0
0.0
0.0
0.0
0.0
0.0
0.0
0.0
0.0
0.0
-1.81274
0.0
0.0
0.0
0.0
0.0
0.0
0.0
0.0
0.0
0.0
0.0
0.0
0.0
0.0
0.0
0.0
0.843461
0.0
0.0
0.0
0.0
0.0
0.0
0.0
0.0
0.0
0.0
0.0
0.0
1.41089
0.0
0.0
0.0
0.0
0.0
0.0
0.0
0.0
0.0
1.03594
0.0
0.0
-0.82948
0.0
0.0
0.0
0.0
0.0409015
0.0
0.0
0.61755
1.53546
0.0
0.0
0.0
0.0
0.0
0.0
0.0
0.0
0.0
0.0
0.0
0.0
0.0
0.0
0.0
0.0
0.13627
0.0
0.0
0.0
0.0
-0.223425
0.0
0.0
0.0
0.842254
-1.29891
0.0
0.0
0.0
0.0
0.0
0.0
-0.675003
0.0
0.0
0.0
0.0
-0.0537393
0.0
0.0
0.0
0.0
0.0
0.0
0.0
0.0
0.0
0.0
0.0
0.0
0.0
0.0
0.0
0.0
0.0
0.0
0.0
-1.26159
-1.03
0.0
0.0
0.0
0.0
0.0
0.809816
0.0
0.0
0.0
0.0
0.0
1.99277
1.09133
0.0
0.0
0.0
0.0
0.0
0.0
0.0
0.0
0.0
0.0
0.0
0.0
-0.675901
-0.38747
-1.36983
0.119465
0.321763
1.91069
2.40241
0.516645
-0.626503
0.0
0.0
0.320727
0.0
0.0
0.0
0.0
0.0
0.0
0.0
0.0
0.0
0.0
0.0
0.0
0.0
0.0
0.0
-1.38282
-9.94813
-0.383196
-1.25063
-0.405559
0.120574
-1.53918
1.36831
2.00513
0.0
0.0
0.0
0.0
0.0
0.0
0.0
0.0
0.608962
1.53369
0.0
0.0
0.230513
0.0
0.0
1.27826
0.0
0.0
0.0
0.0
0.0
0.0
-0.754106
0.0
0.0
0.0
0.0
0.0
0.456772
0.0
0.0
0.0
0.0
0.0
0.0
0.266429
0.736802
0.0
0.0
0.0
0.0
0.0
0.393946
0.0
0.0
0.0
0.0
0.0
0.0
0.0
0.0
0.0
0.0
-0.405986
0.0
0.0
-0.712291
0.0
0.0
0.0
0.0
0.0
0.0
0.0
0.0
0.0
0.0
0.0
0.0
0.0
0.0
0.0
-0.664614
-0.378105
-1.39304
-0.147685
-1.50155
1.90895
2.41024
0.539865
-0.632336
0.0
0.0
0.0
0.0
0.0
0.0
0.0
0.0
0.0
0.0
0.0
0.0
0.0
0.0
0.0
0.0
0.0
0.0
0.0
0.0
0.0
0.0
0.0
0.0
0.0
0.0
0.0
0.0
0.0
0.0
0.0
0.0
0.0
0.0
0.0
0.0
0.0
0.340128
0.0
0.0
0.0
0.0
0.0
0.0
0.0
0.0
0.0
0.0
0.0
0.0
0.0
0.0
0.0
0.0
0.0
0.0
0.0
0.0
0.0
0.0
0.0
0.0
0.0
0.0
0.0
0.0
0.648083
0.0
0.0
0.0870552
0.0
0.0
0.0
0.0
0.0
0.0
0.0
0.0
0.0
0.0
0.0
0.0
0.0
0.0
0.0
0.0
0.0
0.0
0.0
0.0
0.0
0.0
0.0
0.0
0.0
0.0
0.0
0.0
0.0
-0.0352474
0.212657
0.211499
-3.37385
-0.0698495
3.17277
3.71434
2.44042
-0.575113
0.0
0.0
0.0
0.0
0.0
0.0
0.0
0.0
0.0
0.734158
0.0
-1.98554
0.0
0.0
0.0
0.0
0.0
0.0
0.0
-0.27268
0.0
0.0
0.0
0.0
0.0
0.0
0.0
0.0
0.0
0.0
0.0
0.0
0.0
0.0
0.0
-0.521178
0.0
0.0
0.0
0.377337
0.0
0.0
0.0
0.0
0.0
0.0
0.0
0.0
0.0
-1.83046
0.876309
0.0
0.0
0.0
0.0
0.0
0.0
0.0
0.0
0.0
0.0
-1.88374
0.0
0.0
0.0
0.0
0.0
0.0
0.0
0.316017
0.568353
0.0
0.0
0.0
-1.3562
0.0
0.485729
0.0
0.0
0.0
0.0
-0.464861
0.0810044
2.71511
-3.61226
3.26117
3.37082
3.71412
3.63244
-0.478062
0.0
0.0
0.0
0.0
0.0
0.0
0.0
0.0
0.0
0.0
0.0
0.0
0.0
0.0
0.0
-0.959803
-2.30832
0.0
0.0
0.0
0.0
0.0
0.0
0.0
0.0
0.0
0.0
0.0
0.0
0.0
0.0
0.0
0.0
0.0
0.0
0.0
0.0
0.0
0.0
0.0
0.0
0.0
0.0
0.0
0.0
0.0
0.0
0.0
0.0
0.0
-0.192598
0.0
-0.755227
0.0
0.0
0.0
0.0
-0.346221
0.0
0.0
0.0
0.0
0.0
-0.371593
0.0
0.0
0.0
0.0
0.0
0.0
0.0
0.0
0.0
0.0
0.0
0.0
0.0
0.0
0.0
0.0
0.0
0.0
0.0
0.0
0.0
0.0
0.0
0.0
0.0
-0.208053
0.0
0.0
0.0
0.0
0.0
0.0
0.0
0.0
0.0
-0.739531
-0.0141499
0.0325118
5.65642
-0.706064
1.91375
3.13842
2.96761
-0.71318
0.0
-2.09605
0.0
0.0
0.0
0.0
-2.53045
0.0
0.0
0.0
0.0
0.0
0.0
0.0
0.0
0.0
0.0
0.0
0.933368
0.0
0.0
0.0
0.0
-1.85
0.0
0.0
0.0
0.0
-0.837448
0.0
0.0
0.0
0.0
0.0
0.0
0.0
0.0
0.0
0.0
0.0
2.06332
0.0
0.0
0.0
0.0
0.0
0.0
0.0
0.0
0.0
0.0
-1.83543
0.0
0.0
0.0
0.0
0.0
0.0
0.0
0.0
0.0
0.0
0.0
0.154873
0.0
0.0
0.0
0.0
0.0
0.0
0.0
0.0
0.535933
0.0
0.0
0.0
0.0
0.0
0.0
-0.307527
0.0
0.0
0.0
0.0
0.0
-1.44815
0.0
0.0
0.0
0.0
0.0
0.0
0.0
0.0
0.0
0.0
0.0
0.0
0.0
0.0736822
0.37761
0.691057
-2.47203
1.31366
2.82152
3.844
3.67717
-0.663009
0.0
0.0
-0.584598
0.0
0.0
0.0
0.0
0.0
0.0
0.0
0.0
0.0
0.0
0.0
0.0
0.0
0.0
0.0
0.668074
0.0
0.0
0.0
0.0
0.0
-0.378886
0.0
0.0
0.0
0.0
0.0
0.0
0.0
0.0
0.0
0.0
1.27895
0.0
0.0
0.0
0.0
0.0
0.0
0.0
0.0
0.0
0.0
0.0
0.0
0.0
0.0
0.0
0.0
0.0
0.0
0.0
0.439791
-2.0415
0.0
0.0
0.0
0.0
0.0
0.0
1.51145
1.14669
0.697027
5.08218
1.42444
1.66476
2.3234
0.286644
-0.844669
0.0
0.0
0.0
0.0
0.0
-0.340551
-0.182009
0.0
0.0
0.0
0.0
-0.127174
-1.10195
0.0
0.0
0.0
0.0
0.0
0.0
0.175829
0.0
0.0
0.0
0.0
0.245147
0.0
0.0
0.0
0.0
0.0718933
0.0
0.0
0.0
0.0
0.0
0.0
0.21564
0.44879
-0.751242
-1.34633
0.420887
2.73303
3.90187
6.00119
-0.686851
0.0
0.0
0.0
0.0
0.0
0.0
0.0
0.0
0.0432263
0.0
0.0
0.0
0.0
0.0
0.0
0.0
0.0
0.0
0.0
0.0
1.88542
0.658686
-1.21433
0.236615
0.0
0.0
0.0
0.0
0.0
0.0
0.0
0.0
0.419179
0.0
-0.592825
0.0
0.580824
0.529553
-0.272935
3.57326
-4.38819
1.45435
2.71001
0.928685
-0.854745
0.0
0.0
0.0
0.0
0.0
0.0
0.0
0.0
0.0
0.0
-0.725249
0.0
0.0
-0.167473
0.0
0.0
0.0
0.0
-0.442758
0.0
0.0
0.0
0.0
0.0
0.0
0.0
0.0
0.0
0.0
-0.907683
0.0
0.0
0.143968
0.0
0.0
0.0
0.0
0.0
0.0
0.0
0.0
0.0
0.0
0.0
0.0
0.0
0.0
0.0
0.0
0.0
-1.90033
0.0
0.0
0.0
0.312096
0.491659
-0.271921
1.21935
2.81203
2.68259
3.91063
7.54392
-0.699876
0.0
0.0
0.229692
0.0
0.0
0.0
0.0
0.0
0.0
-0.583018
0.441639
1.01059
2.0584
-5.46127
1.73309
3.09734
3.04602
-0.745133
0.0
0.0
0.0
0.0
0.0
0.0
0.0
0.0
0.0
0.0
-0.686509
0.0
0.0
0.0
-0.636673
0.0
1.01294
0.0
0.0
0.0
0.0
0.0
0.0
0.0
0.0
0.0
0.0
0.0
0.658936
0.0
0.0
0.0
0.0
0.0
0.0
0.0
3.33039
-2.68107
6.93198
0.136015
1.65009
-8.07223
11.0809
1.33317
5.24767
-4.14183
4.26399
-7.46981
3.95501
-0.0878576
3.40358
-10.2147
-2.82103
-9.02495
-0.781181
-1.67305
1.38862
4.96332
-0.0302921
5.12442
-2.64351
2.63105
-1.38991
12.6581
-0.771601
9.48657
1.91275
0.184242
2.50657
1.27185
-1.26334
-0.109111
-0.109777
1.5824
-0.5371
4.09076
1.56216
-4.67364
0.867656
-1.48806
-3.77587
4.64522
-0.225806
-4.46602
2.2377
0.578633
-0.249693
-2.09338
-2.05913
6.72375
-2.03457
-0.571486
9.46452
-0.816038
-0.456339
5.45784
-1.92853
-2.78815
0.663776
7.85949
2.33567
0.261346
-4.43612
-0.584165
2.12689
-2.00571
13.4389
0.246577
5.61925
1.55358
-6.87539
0.951198
3.09794
-3.83149
-1.7454
-3.36988
-8.29764
0.952382
0.917671
-1.57891
4.01787
2.69793
-1.51888
-3.28219
-6.68184
1.09912
-6.99531
-0.106242
13.5282
7.37024
1.34302
2.2304
8.59129
4.60319
-0.496666
-4.28047
-1.16386
24.3728
-3.77721
0.481818
7.39398
-0.337908
-2.27029
0.135189
-4.9862
0.421335
6.35211
4.50921
1.2324
0.497707
2.1755
2.81481
0.128092
-8.91419
-7.59745
6.06554
2.85772
0.850381
1.28349
-9.04173
2.66895
-5.87372
-1.9557
0.816638
3.10479
2.26794
0.730599
0.156068
-0.865779
4.40707
-0.44921
24.9912
-20.5873
10.8356
1.94119
22.8414
15.3797
12.5856
4.14717
13.3056
-40.9997
33.4408
-12.1731
-8.20475
-9.49929
-15.6717
-1.04955
-14.671
-4.72605
-18.9112
0.815864
-14.3312
48.0456
6.99886
-11.7315
-6.71313
-9.37872
-11.3857
-6.97461
-21.5206
25.339
-11.558
-0.727956
-9.77654
1.61797
-0.615671
-2.03167
-16.5287
-5.72211
-18.2165
0.725796
