[229, 16, 16, 4]
0.0
0.0
0.0
0.0
0.0
0.0
0.0
0.0
0.0
0.0
0.0
0.0
0.0
0.0
0.0
0.0
0.0
0.0
0.0
0.0
0.0
0.0
0.0
0.0
0.0
0.0
0.0
0.0
0.0
0.0
0.0
0.0
0.0
0.0
0.0
0.0
0.0
0.0
0.0
0.0
0.0
0.0
0.0
0.0
0.0
0.0
0.0
0.0
0.0
0.0
0.0
0.0
0.0
0.0
0.0
0.0
0.0
0.0
0.0
0.0
0.0
0.0
0.0
0.0
0.0
0.0
0.0
0.0
0.0
0.0
0.0
0.0
0.0
0.0
0.0
0.0
0.0
0.0
0.0
0.0
0.126388
0.209155
0.0512015
0.401251
-0.0965917
-0.2305
0.434905
-0.328018
0.162176
0.586986
-0.207652
0.251272
0.282088
0.283204
-0.0806358
0.102926
0.19182
0.292148
0.253652
0.0350082
-0.302411
-0.278937
0.167906
-0.351743
0.144873
0.592225
-0.21519
0.240773
0.302185
0.23439
0.170862
0.0385836
0.965762
0.523829
0.252357
-0.358041
-0.466781
-0.501183
0.0821897
-0.377717
0.239115
0.578678
-0.400144
0.208072
0.520107
0.0237734
0.161738
0.0522481
0.0
0.0
0.0
0.0
0.0
0.0
0.0
0.0
0.0
0.0
1.40816
0.0
0.0
0.0
0.0
0.0
0.809859
0.507148
0.488634
-0.279882
-0.0658755
-0.460725
0.244591
-0.409166
0.140076
0.646419
-0.254308
0.20355
0.298347
0.0896709
0.0372475
-0.280231
0.0
0.0
0.0
0.0
-2.18712
0.0
0.0
0.0
0.0
0.0
0.0
0.0
0.0
0.0
0.0
0.0
0.0
1.81666
0.0
0.0
0.0
0.0
0.0
0.0
0.0
0.0
0.0
0.0
0.0
0.0
0.0
0.0
0.0
0.0
0.0
0.0
0.0
0.0
0.0
0.0
0.0
0.0
0.0
0.0
0.0
0.0
0.0
0.0
0.0
0.0
0.0
0.0
0.0
0.0
0.0
0.0
0.0
0.0
0.0
0.0
0.0
0.0
0.0
0.0
0.0
0.0
0.0
0.0
0.0
0.0
0.0
0.0
0.0
0.0
0.0
0.0
0.0
0.0
0.0
0.0
0.0
0.0
0.0
0.0
0.0
0.0
0.0
0.0
0.0
0.0
0.0
-1.69332
0.0
0.0
0.0
0.0
0.0
1.23415
0.0
0.0
0.0
0.0
0.0
0.0
0.0
0.0
0.0
0.0
0.0
0.0
0.0
0.0
0.0
0.0
0.995379
0.0
0.0
0.0132176
0.0
0.0
0.0
0.0
0.0
0.0
0.0
0.0
0.0
0.0
0.156343
0.151039
-0.0494808
0.553988
-0.0130132
-0.162574
0.455413
-0.30999
0.160087
0.57779
-0.183175
0.266348
0.261633
0.345757
-0.320812
0.00170949
0.0
0.998256
0.0
0.0
0.0
0.0
0.0
0.0
-0.190907
0.0
0.0
0.0
0.0
0.0
0.0
0.0
0.0
0.0
0.0
0.0
0.0
0.0
0.0
0.0
0.0
0.0
0.0
0.0
0.0
0.0
0.0
0.0
0.0
0.0
0.0
0.0
0.0
0.0
0.0
0.0
0.0
0.0
0.0
0.0
0.0
0.0
0.0
0.0
0.0
0.0
0.0
-1.18836
0.0
0.0
0.0
0.0
0.0
0.0
0.0
-1.32547
0.0
0.0
0.0
0.0
0.0
0.0
0.0
0.0
0.0
0.0
-0.377634
0.0
0.0
0.0
0.0
2.18241
-0.510262
0.0
0.0
0.0
0.0
0.0
0.0
0.0
0.0
0.0
0.0
0.0
0.0
0.0
0.0
0.0
0.0
0.0
0.0
0.0
0.367331
0.471104
0.324201
0.0133872
0.37925
-0.407856
0.703539
-0.395633
0.102047
0.65184
-0.167055
0.214821
0.183022
0.224736
-0.224629
-0.241407
0.540837
0.503112
0.441954
-0.267182
0.349844
-0.430307
0.646971
-0.402268
0.0994597
0.673422
-0.161717
0.232383
0.210633
0.123565
-0.46618
-0.370598
0.0
0.0
0.0
0.0
0.0
0.0
-0.744451
0.0
0.0
0.0
0.0
0.0
0.221414
0.0
0.0
0.0
0.0
0.0
0.0
0.0
0.0
-1.01454
0.0
0.587431
0.0
0.076984
0.0
0.0
0.0
0.0
0.0
0.0
0.0
0.0
0.0
0.0
0.0
0.0
0.0
0.0
0.0
0.0
0.0
0.0
0.0
0.0
0.0
0.0
0.0
0.0
0.0
0.0
0.0
0.0
0.0
0.0
0.0
0.0
0.0
0.0
0.0
-0.188257
0.0
0.0
0.0
0.0
0.0
0.0
0.0
0.0
0.0
0.0
-0.340731
0.0
0.0
0.0
0.0
0.0
0.0
0.0
-0.0160516
0.089862
-0.145033
0.106268
0.188615
-0.0988747
0.599045
-0.289216
0.176229
0.57915
-0.160844
0.291346
0.252971
0.353524
-0.860956
0.132479
0.0
0.0
0.0
1.80607
0.0
0.0
0.0
0.0
0.0
0.0
0.0
0.0
0.0
0.0
0.0
0.0
0.0
0.0
0.0
0.0
0.0
0.0
0.0
0.0
0.0
0.0
0.0
-0.477301
0.0
0.0
0.0
0.0
0.0
0.0
0.0
0.0
0.0
-0.307285
0.0
0.0
0.0
0.0
0.157528
0.0
0.0
0.0
0.0
0.0
0.19068
0.0
0.0
0.0
0.0
0.0
0.0
0.0
0.0
0.0
0.0
0.0
0.0
-0.398718
0.0
0.0
0.0
0.0
-2.30697
0.0
0.0
0.0
-0.650738
0.0
0.0
0.0
0.0
0.0
0.0
0.0
0.0
0.0
0.0
0.0
0.0
0.723265
0.0
0.0
0.0
0.0
0.0
0.0
0.0
0.0
0.0
0.0
0.0
0.0
0.0
0.0
0.0
0.0
0.0
0.0
0.0
0.0
0.0
0.0
0.0
0.0
0.0
0.0
0.0
0.0
0.0
0.0
0.0
0.0
0.0
0.0
0.0
1.27285
0.0
0.0
0.0
0.0
0.0
0.0
0.0
0.0
0.0
0.0
0.0
0.0
0.0
0.0
0.913658
0.0
0.0
0.0
0.0
0.0
0.0
0.0
0.0
0.0
0.646174
0.569275
0.601981
-0.500424
0.352182
-0.540783
0.716872
-0.440548
0.257348
0.699258
-0.267415
0.180373
0.19752
0.00918039
-0.458783
-0.25909
0.0
0.0
0.0
0.0
0.0
0.0
0.0
0.0
0.0
0.0
0.0
0.0
0.0
0.0
0.0
0.0
0.0
0.0
0.0
0.0
2.30893
0.0
0.0
0.0
0.0
0.0
0.0
0.0
0.0
0.0
0.0
1.14922
0.0
1.66312
0.0
0.0
0.0
0.0
0.0
0.0
0.0
0.0
0.0
0.0
0.0
0.0
0.0
0.0
0.0159233
0.0536853
-0.137421
0.392075
0.276453
-0.0271883
0.479249
-0.289841
0.15441
0.571317
-0.125091
0.285157
0.195854
0.443255
-0.471047
-0.0214915
0.0
0.0
0.0
0.0
1.1081
0.0
0.0
0.0
-0.60591
0.0
0.0
0.0
0.413726
0.0
0.0
0.0
0.0
0.0
0.0
0.0
0.0
0.0
0.0
0.0
0.0
0.0
0.0
0.0
0.0
0.0
0.0
0.0
0.0
0.0
0.0
0.0
0.0
0.0
-0.400215
0.0
0.0
0.0
0.0
0.0
0.0
0.0
-0.0419505
0.0
0.0
0.0
-0.633216
0.0
0.0
0.0
0.0
0.0
0.0
-0.231585
0.0
0.0
0.0
0.0
0.0
0.0
0.0
0.0982099
0.0
0.0
0.0
0.0
0.0
0.0
0.0
0.0
0.0
0.0
0.0
0.0
0.0
-1.07369
0.0
0.0
0.0
0.0
0.0
0.0
0.0
0.0
0.0
0.0
0.0
0.0
0.0
0.0
0.0
0.0
0.0
0.0
0.0
0.0
0.0
0.0
0.0
0.0
0.0
0.0
0.0
0.0
0.0
0.0
0.0
-0.398014
0.0
0.0
0.0
0.0
0.0
0.0
0.0
0.0
0.0
0.0
0.0
0.0
0.0
0.0
0.0
0.0
0.0
0.0
0.0
0.0780482
0.0
0.0
0.0
0.0
0.0
0.0
0.0
0.0
0.0
0.0
0.0
-0.450061
0.0
0.0
0.0
0.0
0.0
0.0
0.0
0.0
0.0
0.0
0.0
0.0
0.0
0.0
0.0
0.0
0.0
0.0
1.73308
0.0
0.0
0.0
0.0
0.0
0.0
0.0
0.0
-0.964467
0.0
0.0
0.0
0.0
0.901037
0.714467
0.956882
-0.444642
0.284726
-0.572383
0.874323
-0.487073
0.472063
0.837844
-0.120574
0.150139
-0.122859
-0.112896
-0.412819
-0.172101
0.848526
0.0
0.0
0.0
0.0
0.0
0.0
0.0
1.48851
0.0
0.0
0.0
0.0
0.0
0.0
0.0
0.0804439
0.0
0.0
0.0
0.0
0.0
0.0
0.0
0.0
0.0
0.0
0.0
0.0
0.0
0.0
0.0
-0.0109385
0.0718518
-0.160647
0.280518
0.424709
-0.00867733
0.441784
-0.291808
0.147826
0.569422
-0.120168
0.285157
0.199195
0.453059
-0.441076
0.0467903
-0.106867
0.0
0.0
0.0
0.0
-0.42181
0.0
0.0
0.82538
0.0
0.0
0.0
0.0
0.0
0.0
0.0
0.0
0.0
0.0
0.0
0.0
0.0
0.0
0.0
1.93387
0.0
0.0
0.0
0.0
0.0
0.0
0.0
0.0
0.0
0.0
0.0
0.0
-0.454195
0.0
0.0
0.0
0.0
0.0
-0.512355
0.0
0.0
0.0
0.0
-0.482491
0.0
0.0
0.0
0.0
0.0
0.0
0.785708
0.0
0.0
0.0
0.0
0.0
0.0
0.0
0.0
0.0
0.0
0.0
0.0
0.0
0.0
0.0
0.0
0.0
0.0
-0.325411
0.0
0.0
0.0
0.0
0.0
0.0
0.0
0.0
0.0
0.0
0.0
0.0
0.0
0.0
0.0
0.0
0.0
0.0
0.0
0.0
0.0
0.0
0.0
0.0
0.0
0.0
0.0
0.0
0.0
0.0
0.0
0.0
0.0
0.0
0.0
0.0
0.0
0.0
0.0
0.0
0.0
0.0
0.0
0.0
0.0
0.0
0.0
0.0
0.0
0.0
0.0
0.0
0.0
0.0
0.0
0.0
0.0
0.0
0.0
0.0
2.74643
0.0
0.0
0.0
0.0
0.0
0.0
0.71418
0.0
0.0
0.0
-0.330751
0.0
0.0
0.0
0.0
0.0
0.0
0.0
0.0
0.0
0.0
0.0
0.0
0.0
0.0
0.0
0.0
0.0
0.0
0.0
0.0
0.0
0.374698
0.0
0.0
0.0
0.0
0.0
0.0
0.0
1.22273
0.77482
1.06216
0.421933
-0.149022
-0.639287
0.75283
-0.439638
0.538301
0.841967
-0.0709878
0.13252
-0.202651
-0.00083046
-0.490031
0.172007
0.293661
0.0
0.0
0.0
0.0
0.0
0.0
0.0
0.0
0.0
0.0
0.0
0.0
0.0
0.0
0.0
0.34096
0.108542
0.0740791
0.443074
0.0192898
-0.0387954
-0.0987356
-0.315505
0.131325
0.565596
-0.151222
0.275027
0.262309
0.362299
0.11254
-0.0520588
0.0
0.0
0.0
0.0
0.0
0.0
0.0
0.0
0.0
0.0
0.0
0.0
0.0
0.0
0.0
0.0
-1.32085
0.0
0.0
0.0
0.0
0.0
0.0
0.0
0.0
0.0
0.0
0.0
0.0
0.0
0.0
0.0
0.0
0.0
0.0
0.0
0.0
0.0
0.0
0.0
0.0
0.0
0.0
0.0
0.0
0.0
0.0
0.0
0.0
0.0
0.0
0.0
0.0
0.0
0.0
0.0
0.0
0.0
0.0
0.0
0.0
0.0
0.0
0.0
0.0
0.0
0.0
0.0
0.0
-0.479017
0.0
0.0
0.0
0.0
0.0
0.0
0.0
0.0
1.63422
-0.585185
0.0
0.0
0.0
0.0
0.0
0.0
0.0
0.0
0.0
0.0
0.0
0.0
0.0
0.0
0.0635803
0.0
0.0
0.0
0.0
0.0
0.0
0.0
0.0
0.0
0.0
0.0
0.0
0.0
0.90338
0.0
0.0
0.0
0.0
0.0111455
0.0
0.0
0.0
0.0
0.0
0.0
0.0
0.0
0.0
0.0
0.0
0.0
0.0
0.0
0.0
-1.12747
0.0
0.0
0.0
0.0
0.0
0.0
0.0
-0.0788525
0.0
0.0
0.0
0.0
1.25811
0.0
0.0
0.0
0.0
0.0
0.0
0.0
0.0
0.0
0.0
0.0
0.0
0.0
0.0
0.0
0.0
0.0
0.0
0.0
0.0
0.0
0.0
0.0
0.0
0.0
0.0
0.0
0.0
0.0
0.0
0.0
0.0
0.0
0.0
0.0
0.0
0.0
0.0443661
0.0
0.0
0.0
0.0
0.0
0.0
0.0
0.0
0.0
0.0
0.0
0.0
0.0
0.0
0.0
0.0
0.0
0.0
0.0
0.0
0.0
0.0
0.0
0.0
0.0
0.0
0.0
0.0
0.0
0.0
0.0
0.0
0.0
-0.38994
0.0
0.0
0.0
0.0
0.0
0.0
0.0
0.0
0.0
0.0
0.0
0.0
0.0
0.690941
0.0
0.0
0.0
0.0
0.0
0.0
0.0
0.0
0.0
0.0
0.0
0.0
0.0
0.0
0.0
0.0
0.0
0.0
0.0
0.0
0.0
0.0
0.0
0.0
0.0
-1.3436
0.0
1.78094
0.0
0.0
0.0
0.0
0.0
0.0
0.0
0.0
0.0
0.0
0.0
0.0
0.0
1.41546
0.0
0.0
0.0
0.0
0.0
0.0
0.0
0.0
0.0
0.0
0.0
0.0
0.0
0.0
0.0
0.950747
0.0
0.0
0.0
0.0
0.0
0.0
0.0
0.0
0.0
0.0
0.0
0.0
0.0
0.0
0.0
0.0
0.0
0.0
0.0
0.0
0.0
0.0
0.0
0.0
0.0
0.0
0.0
0.0
0.0
-0.493429
0.0
0.0
0.0
0.0
0.0
0.0
0.0
0.0
0.0
0.0
0.0
0.0
0.0
0.0
0.0
0.0
0.0
0.0
0.0
0.0
0.0
0.0
0.0
0.0
0.0
0.0
0.0
0.0
0.0
0.0
0.0
0.0
0.0
0.0
0.0
0.0
0.0
0.0
0.0
0.0
0.0
0.0
0.0
0.0
0.0
0.0
0.0
0.0
0.0
0.0
0.0
0.0
0.0
0.0
0.0
0.0
-0.408892
0.0
0.0
0.0
0.0
0.0
0.0
0.0
0.0
0.0
0.0
0.0
0.0
0.0
0.0
-0.455765
0.0
0.0
0.0
0.0
0.0
0.0
0.0
0.0
0.0
0.0
0.858562
0.0
0.0
-1.15794
0.0
0.0
0.0
0.0
0.0
0.0
0.0
0.0
0.0
0.0
0.0
0.0
0.0
0.0
0.0
-0.265343
-1.00456
0.0
0.0
0.0
0.0
0.0
0.0
0.0
0.0
0.0
0.0
0.0
0.0
0.0
0.0
0.0
0.0
0.0
0.0
0.0
0.0
0.0
0.0
0.0
0.0
0.0
0.0
0.0
0.0
-0.480201
-0.005855
-0.21445
-0.210426
0.221059
0.395128
0.263801
-0.320264
0.137582
0.596561
0.0657245
0.265619
-0.0901061
0.683769
0.274385
0.474476
0.313368
0.0906566
0.0403875
0.471776
0.27709
0.0160167
-0.133587
-0.312643
0.126082
0.55835
-0.137485
0.276135
0.248833
0.402193
0.166798
-0.0310743
0.0
0.0
0.0
0.0
0.0
0.0
0.0
0.0
0.0
0.0
0.0
0.0
0.0
0.0
0.0
0.0
0.0
0.0
0.0
0.0
0.0
0.0
0.0
0.0
0.0
0.0
0.0
0.0
0.0
0.0
0.0
0.0
0.0
0.0
0.0
0.0
0.0
0.0
0.0
0.0
0.0
0.0
0.0
0.0
-1.3712
0.0
0.0
0.0
0.0
0.0
0.0
0.0
0.0
0.0
0.0
0.0
0.0
0.0
0.0
0.0
0.0
0.0
0.0
0.0
0.0
0.0
0.0
0.0
0.0
0.0
0.0
0.0
0.0
0.0
0.0
0.0
0.0
0.0
0.0
0.0
0.0
0.0
0.0
0.0
0.0
0.0
0.0
0.0
0.0
0.0
0.0
0.0
0.0
0.0
0.0
0.0
0.284397
0.0
0.0
0.0
1.47749
0.0
0.0
0.0
0.0
0.0
0.0
0.0
0.0
2.39905
-0.596994
0.0
0.0
0.0
0.0
0.0
0.368155
0.0
0.0
0.0
-0.94807
0.0
0.0
1.55079
0.0
0.0
0.0
0.0
0.0
0.0
0.0
0.0
0.0
0.0
0.0
0.0
0.0
0.0
-1.16793
0.0
0.633885
0.0
0.0
0.0
0.0
0.0
-0.334685
0.0
-0.717616
0.0
0.0
0.0
0.0
0.0
-0.215361
-0.458978
0.0
0.0
0.0
0.0
0.0
0.0
0.0
0.0
0.0
0.0
0.0
0.0
0.0
0.0
0.0
0.0
0.0
0.0
0.0
0.0
0.0
0.0
0.0
0.0
0.0
0.0
-2.54697
0.364046
0.0
0.0
0.0
0.0
0.0
-0.98228
0.0
0.0
0.0
0.0
0.0
0.0
0.0
0.0
0.0
-0.127584
0.0
0.0
0.33879
0.0
0.0
0.0
0.0
0.0
-0.205902
-0.0163105
-0.13476
0.0590457
0.0466726
0.380835
-0.0310685
-0.305889
0.121644
0.592911
0.0553196
0.31219
0.00897151
0.577747
-0.129686
-0.0691702
0.0239139
0.0466179
-0.0990591
0.138827
0.306862
0.0857168
0.173199
-0.291998
0.117035
0.569236
-0.0701715
0.302106
0.171615
0.482421
-0.35653
-0.0876478
0.0
0.0
0.0
0.0
0.0
0.0
0.0
0.0
0.0
0.0
0.0
-1.01726
0.0
0.0
0.0
1.20614
0.0
0.0
0.0
0.0
0.0
0.0
0.0
0.0
0.0
0.0
-2.66038
0.0
0.0
0.0
0.0
0.0
0.0
0.0
0.0
0.0
0.0
0.0
0.0
0.0
0.0
0.817238
-0.620502
0.0
0.0
0.0
0.0
0.0
0.0
0.0
0.0
0.0
0.0
0.0
0.0
0.0
0.0
0.0
0.0
0.0
0.0
0.0
0.0
0.0
0.0
0.0
0.0
0.0
0.0
0.0
0.0
0.0
-0.785286
0.0
0.0
0.0
0.0
0.0
0.0
0.0
0.0
0.0
0.0
0.0
0.0
0.0
0.0
0.0
0.0
0.0
0.0
0.0
0.0
0.0
0.0
0.0
0.0
0.0
0.0
0.0
0.0
0.0
0.0
0.0
0.0
-0.673466
0.0
0.0
0.0
0.0
0.0
-0.839932
0.0
0.0
0.0
0.0
0.0
0.0
0.0
0.0
0.0
0.0
0.0
0.0
0.0
0.0
0.0
0.0
0.0
0.0
0.0
-0.946815
1.41118
0.0
0.0
0.0
0.0
0.0
1.21179
0.0
0.0
0.0
0.0
0.0
0.0
0.0
0.0
0.0
0.0
0.0
0.0
0.0
0.0
0.0
-0.379372
0.0
0.0
0.0
0.0
0.0
0.0
0.0
0.0
0.0
0.0
0.0
0.0
-0.897344
0.0
0.0
0.0
0.0
0.0
0.0
0.0
0.0
0.0
0.0
0.0
0.0
0.0
0.0
0.0
0.0
0.0
0.0
0.0
0.0
0.0
0.0
0.0
0.0
0.0
0.0
0.0
0.0
0.0
0.0
0.0
0.0
0.0
0.0
0.0
0.0
0.0
0.0
0.0
0.0
0.0
0.0
0.59711
0.0
0.0
1.15767
0.0
0.0
0.0
0.0
0.0
0.0
0.0
1.33398
0.0
0.0
-0.016605
0.0506151
-0.115257
0.0620569
0.322109
0.077971
0.219311
-0.291136
0.124805
0.567145
-0.0797477
0.299686
0.180872
0.475167
-0.305735
-0.0431318
0.0
0.0
0.0
0.0
0.0
0.0
0.0
0.0
0.0
0.0
0.0
0.0
0.0
0.0
0.0
0.0
-0.799127
0.0
0.0
0.0
0.0
0.0
0.0
0.0
0.0
0.0
0.0
0.0
0.0
0.0
0.0
0.0
0.0
0.0
0.0
0.0
0.0
0.0
-1.12192
0.0
0.0
0.0
0.0
0.0
0.0
0.0
0.0
0.0
0.0
0.0
0.0
0.0
0.0
0.0
0.0
0.0
0.0
0.0
0.0
0.0
0.0
0.661277
0.0
0.0
0.0
0.0
0.0
0.0
0.0
0.0
0.0
0.0
0.0
0.0
0.0
0.0
0.0
0.0
0.0
0.0
-0.939174
0.0
0.0
0.537572
0.0
0.0
0.0
0.0
0.0
0.0
0.0
-1.76913
0.0
0.0
0.0
1.39294
0.0
0.0
0.0
0.0
0.0
0.0
0.0
0.0457232
0.0
0.0
0.0
0.0
-2.5329
0.0
0.0
0.0
0.0
0.0
0.0
0.0
0.0
0.0
-1.77274
0.0
0.0
0.0
0.0
0.0
0.0
0.0
0.0
0.0
1.17159
0.0
0.0
0.0
0.0
0.0
0.0
0.0
0.0
0.0
0.0
0.0
0.0
0.0
0.0
0.0
0.0
0.0
0.0
0.0
0.0
0.0
0.0
0.0
0.0
0.0
0.0
0.0
0.0
0.0
0.0
0.0
0.0
0.0
-0.119818
0.0
0.0
0.0
0.0
0.0
0.0
0.0
0.0
0.0
0.0
0.0
0.0
0.0
0.0
0.0
0.0
0.0
0.0
0.0
0.0
0.0
0.0
0.0
0.0
0.0
0.0
0.0
0.0
0.0
0.0
0.0
0.0
0.770111
0.0
0.0
0.0
0.0
0.0
0.0
1.68945
0.0
0.0
0.0
0.0
0.0
-0.393136
-0.0871481
-0.216886
-0.11352
-0.0259775
0.735275
-0.0968713
-0.317392
0.123956
0.639257
0.211448
0.34068
-0.181441
0.635624
-0.262845
0.0251947
0.0
0.0
0.0
0.0
0.0
0.0
0.0
0.0
1.02896
0.0
0.0
0.0
0.0
0.0
0.0
0.0
0.0967201
0.0509811
-0.136227
-0.13256
0.178016
0.0381983
0.145235
-0.283167
0.179276
0.560325
-0.133623
0.308293
0.258638
0.378353
-0.368114
-0.0143477
0.0
0.0
0.0
0.0
0.0
0.0
0.0
0.0
0.0
0.0
0.0
0.0
0.0
0.0
0.0
0.0
0.0
0.0
0.0
0.0
0.0
0.0
0.0
0.0
0.0
0.0
0.0
0.0
0.0
0.0
0.0
0.0
0.0
0.0
0.0
0.0
0.0
0.0
0.0
0.0
0.0
0.0
0.0
0.0
0.0
0.0
0.0
0.0
0.0
0.0
-0.454655
0.0
0.0
-0.427018
0.0
0.0
0.0
0.0
0.0
-0.242518
0.0
0.0
0.0
0.0
0.0
0.0
0.0
0.0
0.0
0.0
0.0
0.0
0.0
0.0
0.0
0.0
0.0
0.0
0.0
0.0
0.0
0.0
0.0
0.0
0.0
0.0
0.0
0.0
0.0
0.0
-2.02454
0.0
1.01611
0.0
0.0
0.0
0.0
0.0
0.0
0.0
-0.124922
0.0
0.0
0.0
0.192027
0.0
0.0
0.0
0.0
0.0
0.0
0.0
0.0
0.0
-1.56253
0.0
0.0
0.0
0.0
0.0
0.0
0.0
0.0
0.0
0.0
0.0
0.0
0.0
0.0
0.0
0.0
0.0
0.0
0.0
0.0
0.0
0.0
0.0
0.0
0.0
0.0
0.0
0.0
0.0
0.0
0.0
0.0
0.0
0.0
0.0
0.0
0.0
0.0
0.0
0.0
0.0
0.0
0.0
0.0
0.0
0.0
0.0
0.0
0.0
0.0
0.0
0.0
0.0
0.0
0.0
0.0
0.0
0.0
0.0
0.0
0.0
0.0
0.0
0.0
0.0
0.0
0.0
0.0
0.0
0.0
0.0
0.0
0.0
0.0
0.0
-1.48911
0.0
0.0
0.0
0.0
0.0
0.0
0.0
0.0
0.0
0.0
0.0
0.0
0.0
0.0
0.0
0.0
0.0
0.0
0.0
0.0
0.0
0.0
0.0
0.0
0.0
0.0
0.0
0.0
0.0
0.0
0.0
0.0
0.0
0.0
0.0
0.0
1.77948
-0.326707
0.0
0.0
0.0
0.0
0.0
0.0
0.0
0.0
0.0
0.0
0.0
0.310848
0.0655036
-1.26878
-0.201682
0.296063
2.46081
-1.61584
-1.28065
0.875073
0.789416
-0.791347
-0.103724
-0.995794
-0.331202
-0.764306
0.21295
0.0
0.0
0.0
0.0
0.0
0.0
0.0
0.0
0.0
0.0
0.0
0.0
1.87068
0.0
0.0
-0.470237
0.0
0.0
0.0
1.16537
0.0
0.0
0.0
1.08276
0.0
0.0
0.0
0.0
0.0
0.0
0.0
0.0
0.0
0.0
0.0
0.0
0.0
0.0
0.0
0.0
0.0
0.0
0.0
0.0
0.0
0.0
0.0
0.0
0.0
0.0
0.0
0.0
0.0
0.0
0.0
0.0
0.0
0.0
0.0
-0.940342
0.0
0.0
0.0
0.0
0.0
0.305861
-0.118538
0.0
0.0
0.0
0.0
0.0
0.0
0.0
0.0
1.3063
0.0
0.0
0.0
0.0
0.0
0.0
0.0
0.0
0.0
-0.262248
0.0
0.0
0.0
0.0
0.0
0.0
0.0
0.863127
0.0
0.0
0.0
0.0
0.0
0.0
0.0
0.0
0.0
0.0
0.0
0.0
0.0
0.451198
0.0
0.0
0.0
0.0
0.0
0.0
0.0
0.0
0.0
0.0
0.0
0.0
0.0
0.0
0.0
0.0
0.0
0.0
0.0
0.0
0.0
-0.35773
1.06162
0.0
0.0
0.0
0.0
0.0
0.0
0.0
0.0
0.0
0.0
0.0
0.0
0.0
0.0
-0.895515
0.0
0.0
0.0
0.0
0.0
0.0
0.0
2.07003
0.0
0.0
0.206658
0.0
0.0
0.0
0.00318921
-0.13524
-0.137802
0.250316
0.150452
0.845352
-0.534307
-0.316273
0.127809
0.60473
0.15159
0.355336
-0.0815803
0.623834
-0.650739
-0.317251
0.0
0.0
0.0
0.0
0.0
0.0
0.0
0.0
0.0
0.0
0.0
0.0
0.0
0.0
0.0
0.0
0.0
0.0
0.0
0.0
0.0
0.0
0.0
0.0
0.0
0.0
0.0
0.0
0.0
0.0
0.0
0.0
0.0
0.0
0.0
-0.38182
0.0
0.0
0.0
0.0
0.0
0.0
0.0
0.0
0.0
0.0
0.0
0.0
0.0
0.0
0.0
0.0
0.0
0.0
0.0
0.0
0.0
0.0
0.0
0.0
0.0
0.0
0.0
0.0
0.235951
-0.757476
-1.26581
-0.0988171
-0.00563174
2.0433
-1.33694
-0.815432
0.69876
0.872814
0.0177459
0.216495
-0.958839
-0.478829
-0.122181
-0.156982
0.0
0.739219
0.0
0.0
0.0
0.0
0.0
1.85607
0.0
0.0
0.0
0.0
0.0
0.0
0.0
0.0
0.0
0.0
0.0
0.0
0.0
0.0
0.0
0.0
0.0
0.0
0.0
0.0
0.0
-0.349615
-0.250283
0.0
0.0
0.0
0.0
0.0
0.0
0.0
0.0
0.0
0.0
0.0
0.0
0.0
0.0
0.0
0.0
0.0
0.0
0.0
0.0
0.0
0.0
0.0
0.0
0.0
0.0
0.0
0.0
0.0
0.0
0.0
0.0
0.0
0.0
0.0
0.0
0.0
0.0
0.0
0.0
0.823465
0.0
0.0
0.0
0.0
-0.71775
0.0
0.0
0.425566
0.0
0.0
0.0
0.0
0.0
0.0
0.0
0.0
0.0
0.0
0.0
0.0
0.0
0.0
0.0
0.0
0.0
-0.740777
0.0
0.0
0.0
0.0
0.0
0.0
0.0
0.0
0.0
0.0
0.0
0.0
0.0
0.0
0.0
0.0
0.0
0.0
0.0
0.0
0.0
0.0
0.0
0.0
0.0
0.0
0.0
0.0
0.0
0.0
0.00967291
-0.154729
-0.0858903
0.0645582
0.0597689
0.953887
-0.66944
-0.328348
0.11767
0.614953
0.180795
0.356279
-0.122592
0.624506
-0.493414
-0.271968
0.0
0.0
0.0
0.0
0.0
0.0
0.0
0.0
1.08409
0.0
0.0
0.0
0.0
0.0
0.0
-0.80372
0.0
0.0
0.0
0.0
0.0
0.0
0.0
0.0
1.15783
0.0
0.0
0.0
0.0
0.0
0.0
0.0
0.0
0.0
0.0
0.0
0.0
0.0
0.0
0.0
0.0
0.0
0.0
0.0
0.0
-0.258161
0.0
0.0
0.0
0.0
0.0
0.0
0.0
0.0
0.0
0.0
0.0
0.0
0.0
0.0
0.0
0.0
0.0
0.0
0.0
0.0
0.0
0.541791
0.0
0.0
0.0
0.0
0.0
0.0
0.0
0.0
0.0
0.0
0.0
0.0
0.0
0.0
0.0
0.0
0.0
0.0
0.0
1.76726
0.0
0.0
0.0
0.0
0.0
0.0
0.0
0.0
-0.204112
-0.565198
-0.715144
-0.351126
-0.134893
1.9278
-1.17498
-0.533114
0.474215
0.848932
0.3393
0.440506
-0.50381
-0.362036
-0.0977031
0.117564
0.0
0.0
0.0
0.0
-0.758669
0.0
0.0
-0.881449
0.0
0.0
0.0
0.0
0.0
0.0
0.0
0.0
0.0
0.0
0.0
0.0
0.0
0.0
0.0
0.0
0.0
0.0
0.0
0.0
0.0
0.0
0.0
0.0
0.281803
0.0
0.0
0.0
0.0
0.0
0.0
0.0
0.0
0.0
0.0
0.0
0.0
0.0
0.0
0.0
0.0
0.0
0.0
0.0
0.0
0.0
0.0
0.0
0.0
0.0
0.0
0.0
0.0
0.0
0.0
0.0
0.0
0.0
0.0
0.0
0.0
0.0
0.0
0.0
0.0
2.40123
0.0
0.0
0.0
0.0
0.0
0.0
-0.262756
-0.118539
-0.112385
-0.497683
-0.259072
1.17584
-0.771263
-0.349526
0.0712179
0.638943
0.18656
0.377155
-0.0257543
0.370339
0.4058
0.132525
-0.242219
-0.15181
-0.075071
0.318426
0.226918
1.12312
-0.608816
-0.355233
0.0998896
0.658344
0.282399
0.353544
-0.2653
0.625314
-0.0664923
-0.12678
0.0
0.0
0.0
0.0
0.0
0.0
0.0
0.0
0.0
0.0
0.0
0.0
0.0
0.0
0.0
-0.723399
0.0
0.0
0.0
0.0
0.0
0.0
0.0
0.0
0.0
0.0
0.0
0.0
0.0
0.0
0.0
0.0
0.0
0.0
0.0
0.0
0.0
0.0
1.59174
0.0
0.0
0.0
0.0
0.0
0.0
0.0
0.0
0.0
0.0
0.0
0.0
0.0
0.0
0.0
0.0
0.0
0.0
0.0
0.35826
0.0
0.0
0.0
-0.380896
0.0
0.0
0.0
0.0
0.0
0.0
0.0
0.0
0.0
0.0
0.0
0.0
0.0
0.0
0.0
0.0
0.0
0.0
0.0
0.0
0.0
0.0
0.0
0.0
0.0
0.0
0.0
0.0
0.0
0.0
0.0
0.0
0.0
0.0
0.0
0.0
0.0
0.0
0.613038
0.0
0.0
0.0
0.0
0.0
0.0
0.0
0.0
0.0
0.0
0.0
0.0
0.0
0.0
0.0
0.339722
0.0
0.0
0.0
0.0
0.0
0.0
0.0
0.0
0.0
0.0
0.510107
-0.301797
-0.119313
-0.945511
-0.433365
1.3373
-1.34087
-0.497389
0.303836
0.804276
0.323625
0.349606
-0.546653
0.105392
0.541604
0.25059
0.786384
-0.256777
-0.142752
-0.62595
-0.398024
1.4373
-1.45328
-0.417343
0.229188
0.6577
0.00891471
0.404209
0.138773
-0.11695
0.496546
0.262339
0.0
0.0
0.0
0.0
1.62757
0.0
0.0
0.0
0.0
0.0
0.0
0.0
0.0
0.0
0.0
0.0
0.447235
-0.120804
-0.0101317
-0.707652
-0.324024
1.29323
-1.2629
-0.376867
0.0649667
0.623823
0.0611552
0.422851
0.251544
0.00452719
0.697081
0.167673
-0.0644828
-0.173227
0.0627272
-0.188026
-0.137263
1.32862
-1.06048
-0.386146
0.0402755
0.676636
0.209809
0.375333
-0.0500667
0.227581
0.69344
0.207857
0.0
0.0
0.0
-1.58057
0.0
0.0
0.79438
-1.55915
0.0
2.42584
0.0
0.0
0.0
0.0
0.0
0.0
0.0
0.0
0.0
0.0
0.0
0.0
0.0
0.0
0.0
0.0
0.0
0.0
0.0
0.0
1.27434
-0.32448
0.0
0.0
0.0
0.0
0.0
0.0
-1.25581
0.0
0.0
0.0
0.0
0.0
0.0
0.0
0.0
0.0
0.0
0.0
0.0
0.0
0.0
0.0
0.0
-0.344186
0.0
0.0
0.0
0.0
0.0
0.0
0.0
0.0
0.0
0.0
0.0
-0.459557
0.0
0.0
0.0
0.0
0.0
0.0
0.0
0.0
0.0
0.0
0.0
0.0
2.20041
0.301816
-1.15819
-1.15473
-0.510046
0.160137
-1.48414
1.909
1.27685
0.521392
2.36919
2.41966
1.99335
3.6667
-3.82987
0.283329
-1.91447
-1.04845
0.990446
0.526172
-0.071655
0.799275
2.17522
-1.32872
-0.368254
-1.5146
-1.95146
-0.535887
-0.694026
-4.14864
4.06727
0.235917
-0.928508
0.255869
1.1319
0.313466
-0.197914
-0.457351
1.64839
3.37761
-0.958887
0.983985
0.951994
1.33058
-0.356406
-0.433948
-0.839301
0.373374
3.09402
0.421209
0.372867
0.582995
-0.337531
-0.0426119
-0.901446
-0.54801
1.50458
-3.03462
-0.576215
-0.236756
0.192811
0.0911005
-1.23447
-0.141323
0.285687
-0.746216
-0.169136
-0.492665
-0.581789
0.889331
0.693428
0.579175
0.907656
-0.993499
0.418103
1.17328
1.29973
-0.483114
0.237071
0.519564
2.9126
4.63541
2.86467
0.0527292
0.511372
3.27437
3.86411
0.0405355
-3.05236
-0.68721
-1.17296
-1.83402
-1.20429
-0.271682
0.273588
0.832562
2.74951
1.20189
0.812067
0.0937105
0.503918
0.38816
0.126528
0.935625
-1.43404
-0.366888
0.322262
0.620165
0.56523
-0.271165
-0.368299
0.274516
3.99188
4.12351
0.765932
-0.00212087
-1.49009
0.133061
3.97446
-0.975714
-1.59228
-0.826832
-1.46361
-1.00776
1.36333
1.15674
-0.718145
0.350097
0.358252
-2.64222
-3.21728
0.511283
2.67432
-0.311775
-1.706
0.351231
1.7761
-0.25736
0.643818
0.442287
-0.653601
3.3662
-2.80321
1.81596
-1.90997
-0.238658
0.149363
2.96544
2.65673
-2.85357
-1.98902
-0.0323166
1.79177
-0.148824
0.711902
0.40334
0.637002
1.27379
2.62812
2.31983
1.50923
-1.3247
6.31964
2.13051
2.0433
1.76405
3.65702
2.10222
-0.705192
-0.420744
-1.94281
0.236211
-1.49289
-6.14154
0.0195108
6.89772
0.888731
1.11744
1.52299
2.48469
-0.0091289
0.83467
2.75689
-2.74787
-1.15264
0.112211
-1.81463
-2.24419
-1.28719
0.221746
0.477388
1.17264
1.45807
0.894567
2.17682
0.0660262
0.809179
1.69616
2.45235
2.68778
-1.41276
0.367022
-0.482681
-1.59789
-0.877553
-2.49274
0.0835009
-0.107451
-1.06732
-1.06035
-2.2529
0.479104
0.545785
-0.409748
-4.81845
-2.8255
0.491518
-0.520317
0.890951
0.130454
0.921564
0.142237
-0.612229
-0.573714
-1.611
-0.382248
-1.31195
0.0211138
0.323189
-3.55537
-2.11892
2.89944
1.05149
3.3854
1.08055
-0.441467
1.94509
2.18306
0.862179
-0.139934
-2.55559
-2.59081
-1.6488
0.551437
0.486647
-2.32684
-1.15096
-0.923271
5.02925
-2.0517
1.21266
0.290694
0.344851
-0.2248
0.252124
-0.173913
-1.00371
-0.888422
-1.68367
0.349423
0.507389
0.133694
-1.95942
-0.225487
0.273238
2.85475
-2.24819
1.71893
-0.98981
0.563718
-0.853589
-1.40135
0.436025
-0.846571
-1.16417
0.580784
0.58643
-1.03012
-0.683498
-0.671655
1.56599
0.410821
2.30213
-0.247096
-0.488208
2.09905
-0.0798652
-1.57521
-3.58955
0.64412
-2.19303
0.46711
0.567335
-1.22144
-1.29843
0.10021
0.118949
0.755461
0.582808
0.403183
1.44401
0.554584
1.08039
-1.97022
-2.95112
-1.08846
0.430823
0.326084
-0.0204481
0.244823
-0.462344
0.405802
1.58985
0.696428
0.139574
0.602964
-0.034525
-0.558698
0.771155
0.136243
-0.71985
-3.18248
0.589986
2.38686
0.559514
1.35794
0.61652
0.135158
0.402301
-1.5431
0.0634003
0.338796
-1.29005
-2.99399
0.762138
-0.125778
1.39105
0.607348
-0.468258
-1.02927
-2.58452
1.05312
2.00006
1.10573
-1.07668
-1.26783
-0.550768
-0.513531
0.32554
-1.95281
-2.01669
2.29799
-7.06727
0.682584
-4.95052
3.78683
-5.87663
0.360473
0.0415416
-1.11126
6.04128
-9.39364
-5.03809
5.77589
2.13032
0.798098
-0.378505
-2.00212
-1.34764
0.212883
-0.00804986
-3.07995
-5.28938
5.01597
-10.6339
1.72291
10.2204
-7.46163
-6.14072
2.11471
-4.29899
1.82922
-3.09608
-4.73249
-1.66075
-6.33979
0.415291
-2.62442
-1.2778
-1.54481
-1.49567
-0.660112
-0.372886
-0.757379
0.119956
-5.08694
-2.66854
-2.26458
-1.07583
-2.84474
3.32764
-2.87806
-0.777282
-2.34609
5.02285
-10.9069
-3.07166
-5.95542
3.90389
3.43317
7.49928
2.79227
-7.57615
5.89617
-2.0171
-1.20528
-0.206766
0.515267
-0.49954
-4.56656
