[-15.189314364448421,
 45.003902653942475,
 0.17044051104460323,
 -135.00857924991442,
 -22.6224948434905,
 -0.0007866105657399203,
 0.004437434322881018,
 45.09306132531678,
 8.525619959280505,
 18.523217658372367,
 39.536586936036855,
 44.97389872028549,
 0.005190728644038245,
 0.85591260177506,
 1.8533626961644813,
 89.99857171476164,
 -43.90518137254054,
 -0.014408803847601348,
 0.013095648533180793,
 165.1391981789002,
 -0.19937565508996613,
 0.5066710845796933,
 0.00018684040787775302,
 -44.993537659733136,
 0.0059532358868921165,
 -134.0878182278792,
 0.00114529649187034,
 2.189772082462582,
 2.204163030992902,
 -61.49786697057624,
 0.3289309448075528,
 0.026509839912137068,
 -0.0017855315677479666,
 49.19092350111487,
 -44.21838347590199,
 15.872751637502589,
 54.99838917055297,
 44.99814870500269,
 0.046235728250650254,
 -0.0011542006770071112,
 10.653299890465519,
 32.56957630969734,
 0.01529420023707928,
 -21.063553518009428,
 0.0025812047332465227,
 35.643367713467555,
 29.707976695083175,
 -9.493196293545338]
