[36, 49, 49, 4]
0.0225523
0.792086
0.0005758
0.0857977
-0.0214632
0.0940339
0.646538
0.0555837
0.155643
-0.209224
-0.0559473
-0.173402
0.0891417
0.0383353
1.53454
-0.000422662
0.036135
-0.301751
0.0492271
1.01385
-0.265166
-0.064791
0.498077
0.0324788
0.871083
-0.0320033
0.0923844
-0.0798795
-0.0420158
-0.03155
-0.204259
-0.621926
-0.322133
0.282012
-0.519596
-0.322453
0.111378
-1.13938
0.197922
0.127928
0.112638
-0.445904
-0.344346
0.0899022
-1.20811
0.656489
-0.913598
-0.12297
0.0883374
1.42112
0.509394
-0.169098
1.34879
-0.105487
-0.657239
0.279565
-0.0880632
0.0495215
0.0772888
-0.328155
0.284122
-0.196145
-0.0683745
1.50785
-0.121591
0.49943
-0.339782
-0.108893
1.08638
0.900573
0.0284282
0.231843
1.15362
0.213082
0.633155
-0.0591802
-0.0301415
-0.200225
-0.95047
-0.169112
-0.562156
0.000864474
0.682921
-0.69724
-0.276452
0.319411
-1.64311
0.260736
-0.589613
1.95106
-0.0559176
-0.488456
0.0252957
-2.08982
0.755849
0.135494
-0.176395
-1.56213
0.0519293
-0.619398
-0.0980006
-0.180777
0.325088
-0.507703
-0.94752
0.34554
0.676566
-0.495623
0.299955
0.0280514
0.183669
-0.0676354
0.247067
0.140039
0.00856934
-0.25187
0.188077
0.267698
-1.43474
0.928109
0.205044
-0.0169089
0.453089
0.225227
-0.128356
0.423945
0.0611247
0.165829
0.291452
-2.01042
0.587534
6.48774e-05
-2.3758
0.0743731
-0.0438084
0.431374
-0.0814562
-0.185075
-0.138444
0.884366
-0.212796
-0.259907
-0.0509466
0.0213942
-0.388317
-0.00177918
-0.531411
0.0137718
-0.143019
0.244291
0.106356
1.35467
0.19962
0.0116453
0.904517
0.207304
-0.640685
-0.663033
-0.149382
0.0847368
-0.178386
0.744043
-2.1625
-0.166586
0.0310864
-0.185927
0.735404
-0.533476
0.401596
-0.190303
-1.05684
0.347174
0.0121362
-0.180905
-0.124595
-0.19393
0.0474374
0.874085
-0.872658
0.221716
0.234556
-1.314
0.149997
0.569877
-1.00336
0.458925
0.893242
-0.327351
0.188474
0.384364
-0.552165
-0.840518
-0.276742
0.204093
0.243906
0.39806
-0.138295
0.559853
0.66316
0.134538
-0.431704
-0.265643
-0.637729
0.775078
-0.27793
0.421382
-1.22196
0.617939
-0.394765
-0.0114786
0.182096
-0.2877
0.151519
-0.00296473
0.0547533
-0.648315
-1.33334
-0.0821049
1.27496
0.259046
-0.352659
-0.116495
-0.144937
0.218751
0.0234043
-0.328152
-0.729837
-0.834669
0.391428
-0.296391
-0.608308
-0.817362
0.277808
-1.43062
0.14723
-0.500728
0.196322
0.50483
0.471958
0.249091
-0.164465
-0.0208914
0.305557
-0.00641213
-0.0275447
0.183285
0.272748
-0.486906
0.468919
-0.0969683
0.684058
-0.437437
0.0662226
1.6644
1.23934
-1.0058
1.11312
-0.313621
-0.262829
-0.44962
-0.0145512
-1.11393
0.137319
-0.71775
0.60159
-0.578774
-0.0791196
0.922917
-0.00338545
-0.281939
-0.915202
-0.00562422
-0.0649571
-0.0142239
0.486497
-0.346982
-1.05161
-1.57262
0.240406
-0.0845245
-0.538787
0.212623
-1.2764
0.622915
0.596232
-0.321451
0.856596
-0.130353
-0.40523
0.210726
0.150718
0.0210659
0.566034
-2.17443
1.54462
0.871779
0.208907
-0.126656
-0.271219
-0.347773
-0.509697
0.425513
2.81421
-0.0897563
-1.68243
1.96599
-0.457822
-1.85721
-0.817302
-0.101011
-1.26685
-0.75795
0.768194
1.40788
-2.27525
-1.3128
0.617173
0.223614
-0.0458033
-0.70072
-0.167959
0.118741
0.0393753
2.13127
0.0837247
-0.515421
-0.253995
-0.01634
-0.807506
-0.771868
1.56305
-0.927669
0.153795
0.441587
0.174227
-0.437459
0.459024
-0.407735
1.08268
0.35573
0.30073
0.471096
-1.5255
0.2782
-1.17041
-0.288888
-0.0293297
0.656601
0.943318
2.78115
0.65084
-1.24715
-1.18944
-2.07396
0.668015
-1.74759
-0.314855
1.7263
0.0705269
-0.995127
0.267912
-0.388765
1.11356
3.6275
0.304759
0.68728
-1.13533
-1.52091
0.208304
-0.526999
0.210832
0.229902
1.06629
0.103313
-0.981929
-0.0916286
-0.369332
-1.39728
-0.183329
-0.364515
-1.75534
-0.243563
-0.359939
-0.0638374
0.0189024
0.622705
-0.546358
-1.35982
0.191658
0.666839
-0.948449
1.02466
0.774503
-0.674646
-0.210486
0.142038
0.0590133
0.231764
0.155665
-0.313602
-0.0364793
-2.6935
-0.479886
3.05753
0.193231
-0.337315
1.2259
-0.0449198
0.569766
0.403846
0.0349856
-0.0569416
0.287536
-0.955883
0.773361
-0.0128832
-0.0185309
-0.164654
0.20017
0.183835
-0.00936943
1.42888
0.659458
-1.35237
0.711322
-0.845556
-1.70198
0.111047
-0.346692
-0.762142
0.00946719
-0.310991
0.362188
0.123629
0.0353094
0.297405
1.8559
0.616884
0.748492
-0.944774
0.873189
0.0971695
-1.60812
0.104691
-0.0400797
-0.252694
0.274538
0.246947
0.243839
-0.415572
-1.35652
-0.120814
2.20104
0.335268
-2.1166
1.16664
-0.133921
-0.2323
0.108957
0.262915
0.543766
1.54678
0.350139
0.523202
0.214308
-0.0392445
0.778138
-0.707272
-0.00339223
0.89512
0.0343517
0.0361955
-1.54031
0.470783
-0.639816
-1.00777
0.376066
-0.214119
-1.40603
-0.0849674
-0.334773
0.163419
0.455955
0.340291
1.14608
0.135157
0.672681
0.119661
-0.335844
0.595174
0.0223245
-0.813481
-0.0520403
0.0157382
0.0402614
-0.127661
0.579692
0.348791
-0.390753
-0.591318
0.130361
1.85148
0.357128
-0.211077
1.08449
0.0188666
-0.483552
0.39399
-0.079878
-0.435661
-0.696855
-0.239857
0.996088
-0.683733
0.755679
-1.9202
-0.092583
0.0450155
0.0340106
-0.0437682
0.124909
-0.854895
-0.180443
-0.326925
-0.989214
0.49808
0.0113968
-0.774325
0.138963
-0.589321
-1.00725
0.191915
0.0322978
0.365351
0.930479
-0.426661
-0.149307
-0.0619821
0.657196
-0.0794341
-0.364029
-0.245091
-0.781321
1.56955
-0.292904
0.551109
0.880875
-0.633626
-0.270206
0.724782
1.53957
-0.903663
0.153106
1.30869
0.474255
-0.347658
-0.0904004
-0.261177
-0.117126
-1.30996
-0.438648
0.827065
-0.327286
0.324541
0.176107
0.282344
0.0225199
-0.0998331
-0.451035
0.868075
-0.465597
-0.303215
-0.281697
-0.624381
0.511188
0.0825027
-0.833788
0.919391
-0.953363
0.0257737
0.016067
0.135669
-0.444896
0.751337
-0.725678
0.508974
-0.0476392
0.992853
-0.00453841
-0.725129
1.96953
-0.282062
-0.426914
-0.557862
1.03738
0.475709
-0.619064
-0.0882257
0.431194
1.10382
0.684544
0.51157
1.09246
-0.193426
-0.0129989
0.14929
0.0359087
0.75743
0.957684
-0.753748
0.630822
-0.126383
1.32774
0.725083
0.494598
0.119355
-0.0224233
-0.166891
0.299201
-0.674247
0.229615
-0.187871
-0.841861
0.815496
0.0326329
-0.992054
-0.312534
-0.883016
-0.443328
-0.354886
-2.14424
-0.394136
0.230585
0.0971457
-0.149207
0.692982
0.669543
0.235582
-0.985086
0.00125107
0.0733398
0.799535
0.101982
0.931759
-0.180045
-2.20973
0.636077
-0.498178
1.0155
-0.259531
-0.308402
1.40875
-0.0205543
0.39619
0.382915
0.901102
1.13341
0.475448
-0.336881
0.69167
-0.0242372
1.83434
1.93001
-0.739133
1.89522
0.503858
0.315049
-0.758456
-0.384334
0.398872
-0.393615
0.471127
1.06953
-0.221865
-0.883666
-0.707601
-0.240815
-0.136394
-0.430501
-0.395048
-0.986715
0.499057
0.534544
-0.040184
0.0561915
1.10455
0.0190175
-0.767189
-0.033418
-2.27286
-0.850128
0.74757
1.6476
-0.0529544
-0.581823
-0.455878
0.162743
-0.0639841
-0.00485347
0.629897
1.41855
-0.997466
1.24832
1.75921
0.0130037
0.186111
1.19163
-0.762753
-2.22033
-0.102358
1.40471
-1.04362
0.181668
-1.30345
1.8123
-0.393119
0.323709
-0.244301
-0.470497
1.1296
2.37864
0.152558
-2.37562
1.06285
-0.606122
-0.829099
-0.0628623
0.849967
-0.659335
1.2991
1.60299
-0.804387
2.69349
0.20206
0.965172
0.0142292
-0.242881
0.160119
0.61111
0.0731539
-0.0883542
0.179716
0.042048
0.372613
0.383196
0.0223382
-0.249091
-0.232463
0.00480658
-0.0413773
-0.239196
0.761915
-0.0836749
-0.180246
-0.668425
-0.926254
-0.43229
0.893606
0.0232666
-0.525063
0.439407
-0.0726146
-0.0649867
2.10549
0.0442526
-0.271528
-0.467665
0.518178
-0.18934
-0.696756
-0.936739
0.645403
-0.188838
-0.0430316
-1.12648
-0.800268
0.481396
0.363471
1.40877
-0.213396
0.351193
0.442928
-0.425262
0.982346
0.0249953
-0.409399
1.11577
-0.127085
-0.267107
-0.586151
-0.0453026
0.209057
0.511134
-0.301728
-0.694928
-0.299848
0.442511
-0.565019
-0.651531
-0.0226045
0.291961
-0.00177387
0.0586908
-0.0532364
-0.774438
0.438593
0.778352
0.459945
-0.565756
0.096815
0.0920058
-0.0856954
0.0607529
-0.0970547
-0.107517
-0.337112
0.126902
-0.00397225
-2.00171
-0.993754
-0.02352
-0.41281
-0.0854498
0.500032
0.0891707
1.43222
0.0603671
1.10805
-0.37434
0.0824091
0.685564
0.70176
-0.221717
-0.0412565
0.289879
1.62715
0.0416291
0.141151
-1.46469
-0.868612
0.535894
0.567823
0.28758
-0.335626
-0.178618
-0.577675
0.291182
0.0161064
0.159776
0.487878
0.198277
-0.913391
-1.94318
-0.644661
0.241157
-0.0877163
-0.258625
0.520885
-0.0781051
-0.12732
1.63394
-0.061281
-0.0108683
-0.532646
-0.735852
0.3373
0.165757
-0.876006
-0.482744
0.146029
1.21512
0.130232
-0.330011
-0.140822
-0.389474
0.94357
-0.0470752
-0.279167
-0.415517
0.16109
0.512046
-0.19609
0.0181797
-0.193264
-0.327746
-0.201759
-0.0489776
0.483938
0.41104
0.988614
0.0663957
-0.0524682
-2.13953
0.0988137
-0.161644
-1.76335
-0.227962
0.00370238
0.484709
0.143972
0.0431698
-0.617186
-1.22553
0.436958
0.209
-0.633251
-0.0175589
-0.0233846
-0.159982
-0.281715
-0.0478722
0.0492254
-0.173471
-0.913339
1.31922
0.141357
-0.5091
0.24823
-0.249966
2.25444
0.151445
-0.226818
-0.0437514
-0.130774
-0.0439228
0.214331
-0.0148828
0.333817
-0.117234
0.358107
-0.206282
-0.290647
-0.3253
-0.0671289
0.249155
0.167222
0.380044
-0.434311
0.0328036
0.0718112
0.120196
-0.0969494
-0.0345815
-1.02757
0.273688
-0.330709
0.0896761
0.24436
-0.123234
-0.404733
0.408186
-0.0487627
0.2886
0.54698
0.049945
0.99572
0.108996
-0.126336
-0.588577
-0.584279
0.125536
-0.0281151
0.319719
-0.238513
-0.155651
-0.722564
-0.305077
1.27139
0.815025
-0.18412
-1.31833
-0.761319
0.652649
0.890097
0.249086
-0.641146
0.26209
0.587329
0.616851
0.0288839
-0.178511
0.595406
0.237463
0.0691419
1.36491
0.82947
-0.0238099
0.380383
0.890206
-0.162853
0.0527472
-0.00252796
0.341063
0.436345
0.533074
-0.713297
0.0354772
0.121981
-1.31592
0.70947
-0.412552
0.308866
0.311502
1.07603
0.308676
-0.308106
0.114217
0.212277
-0.177068
-0.120092
0.423033
-0.338428
0.290377
-0.691841
-0.429744
-0.84922
0.426518
1.06518
0.312628
0.468326
0.09981
-0.0583497
0.396637
0.181494
0.187559
0.029828
-0.410399
0.137936
-0.206202
0.0802023
0.311191
-0.672069
-0.196742
-0.237718
-0.108971
0.064657
0.631523
1.04898
1.60446
-0.44064
0.448088
-0.813966
0.268711
-0.555186
-2.04221
1.18276
0.308542
0.390516
-0.606521
0.325435
-0.446911
0.301318
-0.326727
-0.626113
0.199388
1.18313
0.0733063
0.66441
-0.989945
0.113504
0.627673
0.0772755
-0.0835182
-0.566471
-0.29214
-0.372493
0.904473
0.318587
-0.342685
0.0648857
-0.15452
0.84237
0.361001
0.30275
0.137001
-0.318125
0.495226
0.0511673
0.161273
-0.00308315
0.167078
1.24052
-0.924177
-0.226957
0.1525
0.794083
0.0692103
0.681857
0.259677
0.292812
-0.314671
-0.0962294
-0.512711
-0.554534
0.749058
-0.463052
-0.176579
0.109607
-0.56351
-0.192408
0.29169
-0.213647
0.535017
0.300522
-0.0343915
-0.107167
-0.0258541
0.283061
-0.130504
0.274428
-0.102727
0.733305
-0.483022
0.44721
1.04287
1.78639
0.0538803
-0.585797
-1.68356
0.108447
-0.069023
-0.243676
-0.35605
0.801007
-0.184537
0.356755
-0.126544
-1.50087
1.59098
0.562816
-2.00077
0.15393
-1.39091
-0.88445
0.111806
0.489855
0.700798
0.102959
-1.1072
1.22569
0.159881
-1.80811
-0.0658529
0.267705
-0.325847
-0.04131
-0.0404042
-0.424844
-0.569976
-0.646586
0.262058
1.91659
-0.0436052
0.0188482
-0.316761
-0.103837
0.137447
-0.251455
0.762273
0.471217
0.217332
1.12504
-0.907531
0.92698
2.17137
0.144778
0.418088
0.0223449
-0.263622
0.0957499
-0.992897
0.572956
0.294456
-1.17703
-0.678179
-1.17714
-0.180666
1.09209
0.380666
-0.825309
-1.84092
-0.503398
-0.395606
-0.141223
-0.240678
0.0893643
0.138347
-1.22626
0.939597
-0.0387956
-2.00618
-0.735283
-0.146021
0.177019
-0.0509891
0.13896
-0.373385
0.508102
-1.11613
0.521964
0.367827
-0.0367942
-0.0308179
-0.454289
-0.235069
-0.961174
0.0236314
0.199305
0.0943103
-0.361953
0.727559
-0.440271
0.636641
1.84607
0.095954
0.206823
0.213034
-0.110291
-0.7726
-0.450644
-1.0065
0.777002
-1.00235
-0.313755
-1.83745
-0.175278
1.57723
0.692966
0.969447
-0.275013
-0.369832
-0.654804
-0.633286
-0.0202864
-0.0980584
0.325928
-0.930397
1.21261
0.107589
-1.24533
-0.0452403
0.0970339
0.300047
-0.0733253
-0.524683
0.295297
0.131159
-0.968744
-0.086049
0.935835
-0.374228
-0.15361
-0.639724
-0.322792
1.17935
0.182454
0.368331
-0.36948
0.151181
1.02678
0.227766
2.18674
1.5494
2.43724
0.196584
0.0982009
-0.52123
0.303727
-0.157508
-0.800309
1.0682
-0.975692
0.144809
-0.353092
-0.0429223
1.30932
0.136862
-0.277582
-0.0915927
0.136786
-1.33931
-0.270693
0.603177
0.167908
-0.578618
-1.18919
1.27652
1.19804
-0.693247
-0.0627328
-0.208399
0.0591587
0.142856
-0.483056
-0.17913
0.20438
-0.98231
0.467868
-0.0147744
-0.305681
0.525127
-1.39615
0.127461
-0.0787903
0.181489
1.17174
1.29944
-0.741556
0.24954
-0.859614
1.05651
1.76868
-0.000303945
0.810042
-0.104071
-0.604489
0.0922396
0.214989
-0.629633
0.365182
-0.389524
0.749565
-0.517045
-0.374067
0.654608
-0.15011
-0.560759
0.318572
-0.08766
-0.429769
-0.167451
2.31566
0.316435
0.872026
-0.835297
1.53281
-0.335953
-1.53479
0.205966
-1.34929
0.263821
-0.00662381
-0.0485005
-0.941005
0.156903
-1.31821
-0.02561
0.508612
0.638782
-0.828804
-1.152
0.869296
-0.704472
-0.278988
0.783725
-0.0612452
1.36866
0.658157
-0.405608
0.0249847
0.450738
0.877238
0.395833
0.041218
-0.466424
0.827283
-0.286353
-0.521183
0.103233
-2.29178
0.0122411
-0.758214
-0.0447152
1.3032
0.236512
-0.114644
-0.0397529
0.135891
0.116476
-0.102209
0.0402799
-0.00603037
0.230469
-2.05861
1.72382
-0.121105
-1.2816
1.12402
-0.0502275
0.373663
-0.0140725
-0.258448
0.942483
0.709984
-1.23002
-1.10539
0.863766
-0.55963
-0.408069
0.0236775
0.231166
-0.0955072
-0.532072
-0.525626
-0.267607
1.02268
-0.0821055
-0.899398
0.837771
1.83869
-1.27392
-1.56788
-0.163009
-0.799451
0.574868
-0.14174
0.546781
0.564963
-0.461013
-2.07891
-0.661293
-0.0275173
1.90346
0.0138864
-1.3863
-0.54507
0.203974
2.36052
0.0284839
-1.10072
-0.487289
0.279917
-2.21373
4.09509
0.974927
-0.624062
0.306712
-0.819519
0.152147
-0.0853679
0.105749
-2.29703
0.245404
-2.32775
-0.426838
0.219604
-0.517345
0.067477
0.0713945
0.438408
-0.111961
-0.756341
-0.444553
-0.252223
-0.217919
0.219303
-1.55999
0.262327
1.25229
-0.170332
0.0925934
0.516273
-0.283832
-1.32621
-1.73005
0.177597
-0.109963
-1.19501
0.686654
0.510298
-0.0708134
0.243706
0.0771785
-0.190922
-0.363939
-0.994625
0.766161
0.68668
-0.57673
-0.158314
0.619989
0.630581
0.868976
0.00344984
2.39164
0.00539631
0.35093
-0.121496
0.417716
0.524208
-0.295395
-0.0690449
0.505092
-0.384466
1.75321
1.25538
0.335751
-0.0514756
-0.786206
-0.139719
0.006361
-0.042825
0.484318
1.8847
-0.838838
-0.925542
0.118548
-0.48837
0.0154762
0.479419
0.145812
0.147201
0.0493735
-0.609339
-0.770652
0.130346
0.88827
-0.395023
-0.444747
0.034485
1.11903
-0.0617565
0.269681
-0.605419
-0.532952
-0.377297
-0.439962
1.66464
-0.368256
-0.241698
-0.286012
0.136877
-0.184451
-0.1514
-0.374631
0.0966598
-0.255379
-0.207782
-1.06923
-0.344027
0.277867
-0.433845
-0.0886101
-1.85411
0.747235
0.771701
-0.634705
-0.0737059
0.0147252
-0.36556
-0.255159
0.546401
1.43949
-1.21385
-0.462535
0.908462
-0.717767
-1.21052
-1.47838
0.00018892
0.0583681
0.577779
0.80673
-0.346037
0.246346
0.842765
0.429855
0.683387
0.106817
3.07674
0.669842
0.245915
-0.195901
0.00274043
2.02445
1.77905
1.19021
-0.102257
-0.117419
0.436242
0.716685
-0.616527
0.982698
0.440833
-0.859452
0.773906
0.149269
1.8006
0.843956
0.460522
-0.0502819
-1.03193
1.33049
-2.91536
-0.41832
0.924825
1.92049
-0.0504299
-1.74944
-0.914979
1.01357
-5.64814
0.699319
0.122796
0.464297
0.460928
-0.212895
-0.792031
-0.0422456
0.862363
0.275305
-0.200426
2.58117
-0.854359
-2.75383
-0.594381
-0.274796
0.572756
-2.71653
-0.894597
-0.000927525
-0.842495
0.00864213
-1.00818
-1.22682
-0.926437
0.116937
-0.0174839
-0.807842
0.203116
0.0249018
-0.369916
-0.00827082
0.108366
0.142593
-0.0958214
-2.21179
-2.2154
-1.38275
-0.910074
0.569752
-0.919556
5.6378
-0.273822
-0.989185
-0.00381263
-0.210401
2.1134
-1.25454
-0.558032
4.03527
-0.810558
-0.0721689
0.689991
-0.383621
-0.22945
0.126312
-0.174889
-1.09219
0.0579475
1.224
-2.77672
-1.16135
3.44223
1.18378
0.756333
-0.241731
-2.47672
-0.350772
-0.0977022
0.0351139
-2.17492
-0.301261
3.74751
-2.40682
3.32535
1.02552
0.879424
2.8347
1.56456
0.360554
0.0722524
-0.532598
0.110319
-0.129769
-4.1972
0.104909
3.47702
1.16054
0.177646
0.423621
-1.64705
0.234333
-2.61175
0.753099
0.0316493
-0.330472
0.2436
-1.09044
-0.684953
0.00601728
1.15714
1.81731
0.684119
0.00604003
-2.56407
-0.617585
-1.56265
-0.486626
-0.560339
1.00484
-1.14837
-0.441737
0.321875
-2.17123
0.0255671
0.19957
-0.358738
-0.00260128
-0.0602554
2.73555
0.442276
0.352196
1.36051
-0.382866
0.197494
-0.97927
-0.37278
-1.15177
0.209446
0.118112
-0.406654
0.116128
-0.00701559
1.01876
2.10678
-3.39465
-3.81097
-0.681893
-0.800992
0.400899
-1.94722
1.07609
-2.703
0.601557
2.61028
0.298923
-0.538421
-1.33056
1.68293
3.0766
-0.396817
-0.879586
0.183748
0.613745
0.472291
2.3334
-1.10153
2.2263
0.682409
0.750312
-2.21728
0.885966
3.5808
-0.0163257
0.00176593
-0.224722
0.197847
-1.25383
0.132295
0.656651
1.13245
0.774696
-1.05663
-0.134974
0.354917
0.864936
-0.283668
0.733034
0.432581
-1.16855
-2.6099
-0.674414
0.382837
-2.46096
-1.39986
-0.960207
0.385775
0.411439
0.595396
-2.17162
0.446181
0.566026
0.19976
0.36375
0.231536
0.455541
-0.677065
-0.111365
0.0506943
1.31973
0.174553
0.773535
-0.665586
-1.52791
0.395912
0.333126
0.29257
-0.194842
0.292501
-0.00401641
0.790673
0.480446
-0.0839216
0.0834779
-0.242647
0.0337586
0.201109
-0.212991
-0.176184
0.185932
-0.747798
0.0207057
0.449317
-0.397713
-0.25984
0.0712555
0.124364
-0.188195
0.0850314
-0.0193735
-0.194967
0.571256
0.165262
-0.307681
-0.249647
0.110212
0.812588
-0.0608656
-0.223352
-0.107606
0.090702
-0.279129
0.324384
-0.0353308
-0.217136
0.615461
-0.445241
0.0713911
-0.299251
-0.488941
-0.100729
-0.190464
-0.176163
-0.491104
0.289901
0.258053
-0.212472
-0.129187
-0.492694
-0.301915
-0.0329468
1.35419
-0.743546
1.17588
0.106162
0.32907
0.25528
-1.07437
-0.806194
1.01906
-0.290684
-0.229137
-0.982028
0.903391
0.437047
-1.1022
-0.0877063
-0.430786
-1.1815
-0.104538
1.12194
-0.607652
-0.997103
-0.0440984
0.649927
0.893976
-1.25183
0.167231
-1.20784
0.0625052
-0.136298
-1.43349
-0.85865
0.468077
0.190178
-0.304602
0.550321
0.153935
0.345277
-0.171997
0.224346
-0.150978
-0.677695
0.507987
1.29643
-1.14053
-0.310934
1.68111
-1.01453
1.57402
1.77241
0.843268
-0.366721
0.109574
-1.42569
0.187317
0.539026
0.874846
-0.205384
0.459182
0.609969
-0.0710993
1.93213
-0.0687731
-1.30184
0.131858
0.00024218
-0.254516
-0.175051
0.332335
-0.424972
-0.222049
0.404519
0.0756527
0.727874
1.63457
-1.73692
0.280096
0.0898296
-0.203955
-0.121812
-0.383584
0.0623059
0.21423
-0.910823
0.0568896
2.38456
-0.219023
-0.138297
-0.30631
-0.289772
-0.0173069
-0.313039
0.277828
-0.294935
0.411306
0.403003
-0.582205
-0.861896
1.84276
-1.47283
-2.00643
0.11867
3.19198
0.235883
0.251413
0.939372
-0.333429
0.358736
0.289829
0.0892582
-1.19487
2.19005
-3.10046
1.5437
1.46378
-0.00995755
-0.188489
0.0179062
0.472022
-0.0425069
0.430416
-0.0961588
1.25649
-0.206785
-0.847428
1.14959
0.676747
-0.210672
0.02312
-0.19346
-0.102707
0.192946
-0.803223
0.0528854
0.224797
1.8542
-0.193612
-0.360821
-0.319906
0.135626
-0.30048
0.426784
-0.60391
0.686824
0.560769
0.179023
0.195728
-0.0536401
0.220198
1.57665
2.49626
2.56665
-2.27735
0.546167
-0.372319
-0.411502
-0.0153049
0.401573
0.6015
0.18229
-0.153813
2.53199
2.27867
-0.304896
-1.75606
-0.191266
0.152295
1.00056
0.176496
0.474213
-0.0699111
1.62179
-0.283659
1.74149
0.162015
-0.200679
-0.268607
0.367172
-0.539098
-0.258752
0.378051
-0.853378
-0.405738
-0.137085
-0.612737
-0.174872
-0.218417
-0.326086
0.0812992
-0.0442706
0.229645
0.467967
0.189161
0.782932
-0.820523
0.315497
0.0517097
0.20521
2.53801
2.25705
1.92779
1.05307
1.548
2.76473
0.593733
1.19002
0.219086
0.70934
-0.4101
-2.51551
0.903749
2.9959
-0.857177
-0.000363943
-0.11297
-0.697503
-2.00999
-0.234598
-0.0665021
-0.0705501
-0.9898
-0.787003
-0.00679801
1.78299
0.0859692
-2.81334
1.9789
-0.0791736
-2.82439
1.00303
0.377772
0.265309
-0.0129527
0.151741
-0.097226
-0.254334
-2.02718
-1.54299
-0.251806
-1.29746
-0.298795
-0.255256
-0.707355
0.934364
-1.4563
0.117393
0.754559
0.162844
2.49667
-0.555924
1.10674
-0.0733422
-0.808771
-0.370355
0.223973
-0.875339
0.331031
-1.25131
-0.289469
0.597821
0.25796
0.526523
2.26121
-2.87556
1.80542
1.55343
0.0198589
-0.718114
-0.0105019
0.172473
0.699188
-0.120073
-0.913471
0.0315429
0.0753796
1.9089
0.421444
-0.437375
1.39318
0.238573
-0.2203
0.693219
-0.83937
0.0706153
0.715867
-0.0421166
0.285536
-0.357202
-1.17711
1.12679
-0.296707
0.489177
-0.830102
-0.896255
0.0503134
1.00119
-0.245885
0.0157744
0.389345
-0.486331
1.26843
1.06613
-1.58308
1.02923
0.796422
1.06577
-0.998982
-0.0412131
0.6073
0.151846
0.333467
-1.45625
-0.591682
0.133075
-0.954205
-0.35363
0.729174
0.922755
-2.52272
-0.096091
-0.363213
-0.254587
-0.943696
-0.157467
2.48419
0.585943
-0.616124
0.0665272
-0.887383
-0.0544508
0.379266
-0.825888
-2.38122
-0.229562
-0.242548
0.772879
-0.321684
-1.06598
0.373845
0.848189
-1.98713
0.27506
-1.41772
-0.101576
0.825177
0.160607
0.0575076
0.0706375
0.240038
-2.54741
-0.888291
-1.60262
-1.52702
0.307738
-0.608225
0.689413
-0.144162
0.0407624
-0.631602
0.98891
-1.03619
-2.76745
2.17207
-2.69477
-0.471286
-0.408408
0.310997
1.35831
-0.158869
-0.0945127
0.612028
0.070712
-0.24411
-0.83606
0.21536
0.190737
-1.8945
0.291626
0.391957
0.148089
0.573925
0.0957107
0.342721
0.0406519
-0.633173
0.790543
-0.679408
-1.38823
-0.980707
0.848945
0.0016813
0.968444
0.00212192
1.61676
-0.342795
-0.000639677
0.382506
0.5699
-1.22459
3.56389
0.915785
1.56823
-0.260517
-0.367371
-1.00135
0.271646
-0.49376
0.450496
0.44394
0.801465
0.27718
-0.0238309
1.99773
-0.207133
-0.815172
2.70881
1.11152
-2.02845
-0.0981734
0.0221823
0.0045943
-0.0583544
1.18557
-0.463826
1.61004
0.673327
0.45508
0.246624
0.266951
0.260135
-0.132039
-0.518226
-0.0645669
-0.696693
0.418172
0.0606234
0.408713
0.0617361
0.504488
-1.48004
1.46874
0.0251289
0.605263
0.00421085
0.109874
0.442217
0.19253
0.593464
0.869098
1.38628
-2.79295
1.48027
0.244346
0.502806
-0.186765
-0.561483
0.0541946
-0.0921163
-0.220239
-0.188811
0.388312
-0.129102
-1.74826
-0.474656
1.42301
-0.882672
-0.338032
-0.173224
-0.162684
0.089973
-0.185115
-0.145531
-0.257787
-0.218346
0.181831
-1.58773
1.42688
0.0134013
0.849279
-0.114981
-0.158492
-0.250463
-0.245214
-0.246001
0.635847
1.3973
-0.186131
0.435303
-0.475479
0.217054
0.0979664
1.2328
-0.367334
0.0214474
0.188588
-0.520142
-1.19052
-0.162374
-0.134871
2.16808
-2.57072
-1.68018
0.200182
0.0332162
0.293869
-0.296177
-0.506661
-0.211886
-0.142185
2.60375
-0.862587
1.17174
1.19977
-2.92955
1.17553
0.129686
-0.00405014
-0.162116
0.0542599
-0.266028
0.282843
-0.964673
2.12987
0.369922
-2.12054
2.10354
0.424539
0.815062
-0.0588742
0.778175
0.00347768
-1.36338
-0.263371
0.51623
-1.34486
0.567936
-0.278332
0.953603
-1.11557
-0.0760058
0.8678
0.164276
-0.00903316
-0.236009
-0.946766
0.432162
0.26756
0.767091
-1.06207
2.8109
-0.408719
-0.502078
0.450875
-0.572488
-0.222543
0.271696
0.057424
-0.0948667
0.903722
1.36748
-0.324078
-3.17702
2.25045
0.860028
-0.272492
-0.0043821
-0.587743
0.00247608
0.000331774
-0.837425
0.269161
0.16129
-0.589976
-0.955975
-0.0554617
0.231711
0.833801
0.435864
0.544288
-0.0702268
-1.22879
0.123637
0.55705
-0.801389
-1.26496
0.107222
-1.28146
1.5478
-2.51679
1.50228
-0.278061
-0.0144466
-0.188052
-0.097075
-0.233331
-0.247955
-0.12912
0.126232
0.293676
-0.400768
2.10435
-1.54705
1.99251
0.106184
0.0301074
-0.00314829
-0.0300526
0.803037
1.16877
0.178005
0.801087
0.267563
2.44859
-1.71452
-1.01685
-0.390933
0.00177186
0.00177501
-0.418953
-0.011535
0.0681676
-0.260365
-0.710348
0.329375
0.132227
1.83898
-2.09703
0.2724
-0.00285868
-0.64542
-0.105426
0.10102
-1.01211
-0.612348
0.0191063
0.169991
1.5435
-1.72317
-0.554956
0.01738
0.0462149
-0.255915
0.818877
1.12453
0.69366
-0.941228
-0.167312
-0.0189843
-0.0445894
-1.48924
-3.27547
-0.270962
0.494
-0.535997
0.767998
0.0237787
-0.26765
1.71365
0.600616
-0.627734
-0.793446
-5.29294
-0.735886
-0.498463
2.06522
0.0678635
-0.0296853
0.0906817
0.471636
-0.589277
-0.321813
-1.57326
0.510821
-0.723688
-0.870816
-0.782971
-0.237757
-0.0988354
1.82641
-0.443483
-0.288614
-0.699431
-0.016164
-0.417105
0.804686
-1.45624
0.0264308
-1.28299
-0.134404
2.16495
0.310013
0.0924943
-0.207176
0.645311
-1.05411
-0.0682339
0.600332
0.673967
-0.0607028
0.182455
0.497825
-2.5366
0.758933
-0.127029
-0.186189
0.450224
-0.00950099
-0.456762
0.340381
0.0375824
0.221847
-2.39702
-0.555796
0.199766
0.0948208
-0.215287
0.443666
1.82845
0.0866273
1.3217
-1.53336
0.673173
-0.216923
-0.677465
0.367928
-0.204105
1.05183
-0.427855
0.00313446
0.0248183
0.175063
-1.12434
0.240286
-0.429317
0.371843
-0.0134948
0.670197
-0.783357
0.0795838
-0.756864
0.740661
0.00298052
1.2464
1.26491
-0.965694
0.526109
-0.938383
-0.54181
-0.00904777
-1.29369
0.901116
-0.0571038
0.566139
-0.887064
-0.696886
-0.420711
-0.393101
-1.41764
0.86568
2.30083
1.43896
-1.07132
1.77698
2.19503
-0.146851
-0.027709
-1.00863
0.295364
0.355008
1.98106
0.486382
-0.747557
0.805277
-2.45225
-0.200751
-0.469464
-0.0644679
0.871503
0.463142
-0.495281
-0.0495685
-1.21758
-0.628653
3.13683
0.102883
-0.631015
1.2569
0.171724
-1.23838
2.55369
1.43813
0.581963
0.157586
0.516578
-0.0376773
-1.72805
-0.335608
-0.0325387
0.710615
1.59998
-1.66646
-1.74119
-2.36295
-2.01737
-0.924422
0.181809
-1.27361
-0.451006
-1.17019
-2.14373
-1.76032
-1.20272
-1.50079
0.0435225
-0.396617
0.0306483
-0.141682
-0.144985
0.124863
-1.40021
0.306989
-1.90294
-0.194138
-1.08418
-0.369325
1.56027
0.0533877
-0.823717
-0.461808
1.34072
0.0814653
-0.551734
-0.616111
0.0705196
0.19804
0.0554226
-0.00616885
-2.43862
-0.960578
2.31618
0.121302
-0.361147
-0.0932551
0.0419889
0.121512
-0.174163
0.0117608
0.260907
-0.201062
1.62418
1.32074
-0.606566
-0.0281945
-0.182067
-0.0677417
-0.134422
0.0468152
-0.114158
0.116544
2.02385
-1.93223
7.93335e-05
-0.0042821
2.42315
0.948952
1.42505
2.40276
-0.0719036
0.28176
0.00294354
-0.0439572
0.0222295
0.902654
0.0488257
0.0290548
0.0331134
-1.34179
-0.225101
-0.077727
-0.0357561
0.325207
0.249577
0.217142
-0.912547
0.399787
0.0741241
0.418073
-2.93896
-2.47866
-4.25143
1.52297
1.02894
0.453997
0.0339251
0.250757
-0.100845
-1.93397
0.494602
0.0755138
-1.50003
-2.87386
0.993164
3.67318
0.967258
0.159323
-0.241797
2.54752
0.424905
-0.0172069
-1.04554
1.08106
0.321639
-3.9767
-3.65531
-2.13006
0.294261
0.825087
1.88493
0.683602
0.5932
-0.248136
1.7739
1.92901
-1.22842
0.104647
2.52878
-0.660747
0.969397
-1.21375
0.1537
3.15929
0.222229
-0.872607
0.206584
0.00979409
0.263744
0.39869
1.88569
0.593845
0.0587408
-0.0916651
0.117834
0.380748
-0.206766
0.497799
0.10089
0.537405
-3.00476
-0.612655
-2.55479
2.6299
4.39919
1.06702
0.248324
-0.894749
0.286879
-0.223786
0.049118
-0.574913
0.0133977
-1.95764
1.41133
-0.207213
0.408005
-1.2619
-4.13202
-3.54217
0.764921
0.0698679
-0.287725
1.43076
0.140631
0.459114
-0.389344
1.88151
-0.68207
-1.28707
3.57356
0.718953
-1.1612
0.0908096
1.00052
0.467166
0.11486
0.239137
0.764681
1.0225
-0.341922
3.34773
0.106021
0.528621
-0.602652
1.14716
0.64543
-0.12185
-0.172226
0.471563
-0.202159
1.6091
0.60306
2.14602
1.5654
-2.1647
0.161151
0.7441
-0.551412
-0.354066
0.167501
0.0584315
-0.186437
-2.40512
-0.550009
0.27632
-0.30786
3.58176
-1.41236
0.189665
-0.763019
0.0703689
0.173736
-0.350306
0.313326
-0.660213
-0.534731
-4.0273
-2.14933
1.32957
-0.474409
0.843651
0.0541828
0.512341
0.196255
0.0275111
0.637471
-0.992635
-0.392244
0.507525
0.0754548
2.41688
0.773777
2.04137
-0.438731
0.553992
0.227648
-0.786866
0.9494
0.567583
0.925735
-1.03261
-1.27655
1.06166
0.387846
-1.91778
-1.64944
1.21335
-0.0434768
0.777523
0.044866
-0.254895
0.440245
-1.55537
-0.415171
2.32581
-0.0465098
-0.424172
0.605571
0.985104
0.109054
0.642348
-0.0649318
-1.41579
-2.57721
0.255375
0.489344
-1.73924
-0.232918
-0.993719
-3.41428
0.0660989
-0.081064
0.0320132
0.112264
0.511296
0.406331
-0.190728
1.99604
-0.499556
-0.9488
3.08373
0.500079
0.13975
0.000105249
-0.761279
0.0922942
-0.000168264
-0.279013
-0.172157
0.0266542
-1.83384
3.22587
2.22439
-0.88617
0.333062
-0.291781
-0.219995
-0.108829
0.0933808
-0.188972
0.0316741
2.74201
-0.246902
-0.0567538
1.93348
-2.27654
0.149551
-0.067152
-0.184693
-0.187717
-0.317771
0.163729
-0.307839
0.118415
-0.672199
3.01683
0.52703
-2.07747
0.669513
0.0976192
-0.0874572
0.0749211
0.0592048
-0.305194
-1.25949
-0.161962
-4.11649
1.68405
-2.72844
-0.168739
-0.537493
0.681213
-0.08869
-0.155912
0.478025
-0.502989
-0.188302
-0.169498
1.05665
1.56737
0.552673
-0.380336
1.71508
-0.692506
-0.205174
0.0544215
-0.0586677
0.0771508
-0.202224
-0.485808
1.27472
0.132771
-0.115324
1.4494
1.79989
-0.786042
1.54969
0.166868
0.458375
-0.122725
0.754436
-1.00546
1.12759
0.765442
-0.118557
-3.96405
2.93141
1.77413
0.0118565
0.684782
-0.105187
-0.00338417
0.153753
-0.322306
-1.12578
-0.866687
0.459545
-0.294148
-0.202259
0.0800943
-0.999873
-0.99069
0.376726
-1.81074
0.395165
1.48109
-0.0707053
0.437989
0.111101
2.00322
1.44257
0.0831156
-2.49902
1.43211
0.658285
-0.045688
0.00659182
-0.0401404
0.614384
0.98835
-0.132699
-1.33589
-0.362494
0.726869
1.12212
0.727697
0.356038
0.736832
0.520885
0.148739
-0.316783
0.154647
-0.561821
-0.367271
0.293802
2.05472
2.30864
0.99591
-2.81904
0.0424854
0.00936996
0.00826553
-0.106494
0.238787
-0.0406033
-0.0187683
0.11735
-0.0959193
-0.120829
2.59145
1.25054
-1.36404
1.11476
0.35776
0.129598
-0.00290491
-0.0155164
0.0899414
0.365882
0.11675
0.0179564
-2.72963
0.236654
2.14598
-0.00720817
0.000320248
2.08333
-0.135418
-0.180674
0.0178968
-0.104376
0.130145
0.0153154
2.38048
-1.30749
0.62889
0.102467
-0.0585647
-0.0839698
0.029798
-0.12263
-0.0624589
0.0564991
-0.0501443
0.0149353
-0.347403
0.797688
-0.197027
-0.159166
0.0335998
1.51062
0.442776
-0.585078
0.588375
-2.17728
-0.476737
0.643175
0.287312
-2.1455
-2.31895
0.80081
-0.369997
-0.603125
0.255839
-0.128354
0.667174
-0.463926
-0.951425
0.0838561
0.0241293
-0.451708
1.66834
-0.844001
-1.91943
0.000218158
-0.271752
0.671057
1.04125
-0.025102
0.868008
-0.92041
-0.453963
-0.0718715
-0.521212
0.584048
-1.42853
-1.38481
1.2501
0.657982
-0.39747
1.37533
0.576063
-0.821994
1.23087
-0.594904
0.103637
0.054982
1.59254
1.6397
0.00597904
2.77131
0.0546002
0.894974
-0.481388
0.202167
0.34563
-0.161844
-1.7072
-0.137498
1.39404
2.65934
1.36305
0.120498
-0.188506
0.0535191
-0.106308
0.0423927
0.386441
0.0626524
0.378117
-0.179398
0.45755
1.21204
2.27251
-0.225211
-2.9286
-0.0127329
-0.0954168
0.15474
-0.701423
0.017552
-0.15753
-2.61441
1.10664
-2.96578
-0.199211
0.113922
-0.255537
0.0982971
-0.675968
0.570874
0.186139
0.270834
0.481437
0.105252
-0.368198
2.04664
-0.708521
1.8204
0.408125
-0.125017
0.156635
-0.474336
-0.0960111
-0.199504
-0.243275
-0.361088
-0.179247
1.25449
-0.252145
0.71301
0.50728
-0.00806049
-0.491199
-0.324948
-0.0410311
-0.130667
-0.209247
-0.128099
-0.290627
0.24518
-1.93443
2.84712
-0.490637
-1.47676
0.482928
-0.268319
-0.10666
0.0669917
0.601315
0.259608
-0.236914
-0.0711518
0.493371
-1.61468
-0.286653
-0.052007
-0.535326
-0.169167
0.531473
0.185014
0.223975
0.386959
0.0892785
-0.589351
0.131324
0.000801829
-0.725374
0.0731054
-0.0766376
-0.746882
-0.172538
0.212623
0.000186113
-0.082335
-1.27717
-0.108435
-0.229964
-0.878016
-3.05056
2.54635
-1.19285
-0.71449
-3.14379
-1.46143
-1.11571
0.373158
-1.68364
0.24915
0.0864044
0.649328
1.86023
0.747608
1.7563
1.42987
-0.491071
-2.25336
-1.14034
0.545592
0.518438
-0.204314
0.00102203
0.172486
0.0410665
1.58452
2.69976
-1.07954
0.703439
0.134633
0.102146
0.149001
-1.19819
-0.124414
0.468947
-0.0374333
0.116285
2.43364
-0.389634
-0.692617
-1.73398
0.453146
-0.796683
-0.447603
-0.656605
-1.10972
0.861268
0.578757
-0.154849
2.27121
1.96609
-0.774926
-2.96282
-0.0168427
4.43288
-0.715664
1.31451
-0.231641
0.018339
-0.145001
0.309787
0.50193
-0.901933
-0.190197
1.47426
-1.45194
-0.30584
2.48669
0.802862
-0.874425
0.494311
0.283366
0.972686
-1.35804
2.78914
-2.41481
1.90648
0.231238
-0.194314
0.43161
-0.104375
-0.704312
0.0621685
0.29937
0.279195
-0.000603932
-0.0773955
0.460541
-2.78965
0.611452
-0.667055
-0.0939871
0.129964
0.049579
-0.388315
0.147285
-0.452852
-2.42208
-0.521348
0.496641
1.82616
-0.515877
0.668492
0.915012
1.08067
-0.224587
-1.02115
0.333562
0.107562
-0.085476
2.8924
-0.0991642
-2.06
0.640247
1.58853
-0.358484
0.00210435
1.3987
-0.0602363
0.0586647
-0.0444239
0.172869
1.53435
2.09882
-2.07872
-0.00415387
-0.610823
1.0279
0.0389681
0.222462
-1.03009
-0.093076
0.387857
-0.0592951
-0.00605326
0.195006
0.436425
-1.6821
-0.60512
2.28293
0.925146
-0.0513115
-0.418395
-0.473873
0.78743
-0.833797
-1.66008
0.216834
-2.40037
1.45725
-0.561812
0.268829
-3.11662
0.495726
0.263626
-0.319466
-0.188485
-0.298126
-0.0719488
0.00165315
-0.0865402
1.20267
0.973834
-2.08298
0.665847
2.02443
0.693381
0.0971389
0.347173
0.198061
0.3676
-0.511753
0.102055
-0.92735
0.470054
-2.07193
0.519557
-0.692737
1.79398
0.00785214
-0.0667545
0.193206
0.142638
0.00208611
-0.337063
-0.321069
1.07073
-2.70579
0.204685
-1.49565
-1.42934
0.297906
-0.106262
0.795087
0.784834
-0.439528
0.761104
-0.37994
-0.0638763
-0.575601
0.657174
3.04737
0.814544
0.0979143
-0.866689
0.40878
0.364963
0.185424
0.0641696
-0.0378212
-3.5234
1.10913
-2.81812
-0.867338
1.42887
0.396229
-1.03042
-0.532374
0.442356
1.8557
0.0965059
2.02782
-1.12826
-0.268135
1.58265
0.25816
-0.73079
-0.728898
0.842289
0.095525
0.724504
0.972671
0.117144
0.678783
-0.628493
0.253801
0.800984
-1.65333
1.83319
-0.743263
1.48637
-0.454845
-0.137399
0.236244
-0.530066
1.44593
-0.231628
-0.219786
-1.57673
0.667215
-0.386818
3.25323
0.772959
-2.71679
0.891902
0.0994989
0.0315335
0.0741266
-0.0348239
-1.72628
0.151205
-1.43931
-0.507697
-0.164934
0.988237
-0.642724
0.392134
-0.0279558
1.40588
-0.60308
0.162752
-0.810159
-0.492374
1.50133
-1.22285
0.470634
-2.03292
-3.77776
0.00415688
0.799712
-0.0223917
0.0744176
0.362517
0.190074
-1.42387
0.518395
-0.0365558
1.64031
0.459889
-0.23929
-0.517235
-0.0284846
0.56413
-0.119298
0.197168
-0.104063
-0.167555
-0.475536
-1.35576
-0.0832962
-0.990743
2.85267
-0.386827
-0.263524
-0.0198522
0.102789
0.0877304
-0.19968
-0.330337
1.10694
-0.0759194
0.448093
-2.18596
-1.54486
-0.220405
0.620566
-0.15217
-0.0667916
-0.226165
0.0638207
-0.0136148
-1.15854
0.712573
-0.325593
0.133855
0.369288
-0.746183
-0.0625069
-0.483204
0.215068
0.087611
0.176861
-0.418944
1.07741
0.0935624
0.788916
0.0203317
-0.264937
-1.06873
0.921699
0.692945
-2.18344
0.0793231
0.34142
0.60265
-0.156491
-0.116439
0.432771
0.050126
-0.477991
0.410235
3.08621
-2.16522
-0.269736
-0.527277
2.85225
-0.162492
1.02036
-0.18436
0.197686
-1.82686
0.0220023
-0.345547
-0.243225
0.0466394
0.172536
-0.447721
-0.242342
-1.27397
-0.393697
0.667134
-0.640449
-0.518048
0.466163
0.933702
4.11558
0.0410189
2.08938
0.0836702
-0.0135968
-0.66926
0.310622
0.0527315
-0.164294
-0.501981
-0.137431
-0.067594
-0.632087
-2.68596
0.135432
0.5537
-0.0152056
0.128511
0.543308
-0.00208805
-0.00274286
0.183241
0.0928885
-0.469629
0.230044
-2.18207
-0.0754484
0.861551
-0.245796
0.00336828
-0.0824707
-0.168084
0.248879
-0.0881057
-0.327673
-0.155374
0.274552
-2.65176
3.80941
-1.25462
-2.59153
0.0982271
0.0764761
0.164058
-0.341904
-0.430262
0.0863192
0.0358309
0.782401
1.1734
-0.0670752
2.58094
0.438159
0.000598896
2.025
-0.0335244
-1.45574
-2.11179
0.686501
0.543985
-0.0526462
-0.512552
0.106931
0.270193
-0.612379
-0.315754
0.212547
-0.0496236
-0.0425226
1.81548
-1.14974
0.10188
0.350746
-0.397173
0.669075
0.475556
-0.687195
-2.74113
0.652917
2.17768
-0.0319847
-0.0271063
0.00375382
-0.151921
1.15965
1.55868
-0.104646
2.18079
2.19655
-0.529374
0.0287473
-1.10836
-0.140722
0.1878
-0.181067
-0.933151
0.365138
-0.333186
1.56742
0.0401565
0.0754466
0.0826302
-0.00890058
-0.342189
2.6543
-0.386385
-0.0499355
-0.124038
-0.356569
-0.0634982
-0.0498216
-0.361619
-1.77201
0.401688
0.146677
3.13432
0.47838
-0.00146045
0.0168875
-0.40066
-0.140878
-0.0990634
0.0804516
-0.724988
1.40417
1.45493
0.570591
0.00235636
0.523227
-0.220121
0.463587
-0.163624
-0.15551
-0.050492
0.2119
0.209705
-0.772646
-0.00130369
-0.46201
-2.7703
2.07583
0.879643
-0.0606814
-0.187508
0.28535
0.0303689
0.466774
-0.578418
0.110988
-0.748278
0.155167
0.107993
0.232361
0.351065
-0.97932
-0.875503
0.380731
-0.556693
0.690554
-1.51594
-0.466972
-0.94812
0.925324
-0.179998
0.0982123
-0.00574548
-1.10181
-1.86285
-2.51546
0.206417
0.597971
-0.277658
-0.050621
0.479629
-0.114948
0.46991
2.17629
-2.06944
0.692891
-0.954019
-0.240337
-0.442416
0.684578
-0.155069
0.147039
-0.784325
-3.21191
0.303339
-1.33846
0.374766
-0.224864
-0.916015
1.05417
0.734571
-0.385046
0.221303
-2.31475
0.206464
-0.833401
0.226624
0.0460516
0.490711
0.310991
0.436585
1.40306
-0.397163
0.623276
-0.133707
0.391909
0.547694
-0.0682069
-1.06818
0.0994922
-0.0869916
1.44385
0.00842969
-2.85868
-1.53115
-0.285469
1.55139
0.445248
-0.185063
-0.117445
-0.0998537
-2.51229
-2.50698
0.18
-0.135088
-0.174196
-0.198496
-0.0603862
-0.846416
0.292201
0.834975
0.625691
-0.213485
-2.91223
0.106805
-0.816667
1.09793
-0.174355
-0.493704
0.912203
-0.564952
-0.44525
-1.27923
0.0505084
-0.755829
-0.0437404
0.0461974
0.176058
2.86847
0.00210586
-2.19628
0.152058
0.962425
0.2299
0.387459
-1.20739
0.52271
0.393605
-2.94312
1.10546
-0.256368
-0.15855
-1.23955
-0.638059
-0.521188
1.35897
0.0408094
0.385997
0.157784
-0.149803
-0.00147492
0.0531136
-0.617364
-0.63951
-0.41982
0.126031
1.15834
0.796432
0.881279
-0.168702
0.805227
0.0666406
1.19567
-2.40423
1.63302
1.07644
-0.555095
0.781753
-0.533697
1.29769
-0.386407
-1.0241
0.244207
-0.815724
-0.133224
0.0893302
0.0698351
-0.449742
-0.500364
0.623651
-1.25266
-0.700602
0.0111521
0.320998
0.118598
0.191991
0.624379
-0.219442
-1.59853
2.05135
-1.64472
-3.29915
-2.81216
1.29638
-0.830681
0.0691013
-2.56164
-0.713042
0.368625
0.578975
0.0576392
0.634032
0.479557
2.12262
-1.58577
-3.14621
-1.34031
-0.0854821
-0.25133
-2.11265
-0.711671
-0.553438
-0.323315
2.53135
-0.265398
-0.739314
-1.26976
0.50652
-0.131795
1.48242
0.304124
0.229617
-1.30486
-0.132183
0.0615279
-0.044087
0.964052
-0.179831
-0.281288
-0.568298
0.208326
0.127633
-0.806711
-0.218998
-0.496215
0.0229908
0.50882
-0.752906
-0.86203
0.0112948
-2.62987
-1.26237
-0.452539
-1.87873
-0.0686765
0.298837
0.154568
0.0829858
0.585596
0.0617224
-0.151339
0.0117806
-2.06966
1.14983
-0.986441
0.483507
-4.41733
0.987373
-0.916793
-0.923766
-1.85304
0.065292
1.08287
1.51069
-1.20061
1.95399
-0.472491
-0.23485
-1.50122
0.76142
-0.0176277
-0.745937
-0.22633
-0.0110414
-0.0399649
-0.472045
0.438657
1.07953
-1.38237
-0.386762
-0.598141
-0.761591
-0.775649
0.0243238
-0.942019
0.426835
-0.0607817
0.472726
-0.0752509
-0.644201
1.80503
1.27887
-0.753104
0.804592
2.32842
-1.23455
-0.309477
0.15543
0.00857432
-0.0959729
0.0234638
-2.31078
0.15927
-0.898273
-2.80565
-1.61698
0.260971
-0.808951
-0.00753621
-0.844757
0.0199239
-0.192998
-2.38514
0.726123
-0.132645
-2.11377
-2.61409
-2.01049
-0.540832
0.0876359
-1.04445
-0.0569249
0.0706059
-0.0161255
1.10568
-0.430063
-0.675887
-0.831759
0.280539
-0.030322
-0.759906
-0.238936
-0.497558
0.150998
0.033056
-1.24572
0.296534
-2.73774
1.08109
-0.0765278
1.06105
1.14542
0.0807552
1.2753
-0.237812
0.0842175
-0.195911
0.0426513
-0.0381233
-0.278437
-0.389111
-0.277201
-1.12044
1.19425
0.405251
0.00543088
-1.21483
-0.302921
-0.272165
-0.166521
1.45293
-0.186421
-0.0814947
0.0855976
2.78956
2.12909
-0.410274
1.41471
0.0941268
-1.186
0.242276
0.0915643
0.387369
0.302888
-0.29467
-0.926048
0.722971
-1.0818
-0.0921645
-0.832037
0.667978
-0.362412
-0.57091
0.495326
-0.291129
-1.71546
-0.11876
1.89503
1.69393
0.837913
-0.231197
-0.0893393
2.61036
-0.0545678
-0.241627
-0.372727
0.0730014
-0.109179
-0.575032
-0.431258
0.233427
-0.781937
-0.449563
0.485482
-0.353799
-0.740585
-0.213398
0.103546
-0.267287
-0.517119
-1.25666
1.06132
-1.34792
-0.343127
3.61587
1.14974
1.09562
0.0760184
-0.0357991
-0.276852
0.138732
-0.341802
-0.36995
0.675865
-0.32563
0.710041
-0.105631
-0.475209
-0.033643
1.20199
-0.589534
0.0541107
0.471311
-0.189857
-0.361666
0.241861
-0.384087
-1.71121
-0.362621
-1.19996
0.288509
0.273141
3.5343
-0.196223
0.492514
0.471255
0.433124
0.575687
0.174056
0.578067
-0.801818
0.625863
-0.0402072
0.480542
0.0121765
1.6412
-0.30441
1.91387
-0.364482
0.497214
0.189374
0.398213
-0.395836
-0.251523
0.41596
-0.604173
0.315822
-1.34339
-0.494263
0.18384
-2.06401
-4.6543
-3.74202
-2.11343
-0.352185
-1.75094
-0.910441
-0.197071
-0.0277851
-1.46466
-0.68621
-0.0567879
0.313523
-1.91503
-0.9025
-0.181664
-1.19015
-0.947032
0.370412
-1.10811
-0.718863
-4.59723
0.0539033
-2.04233
3.82837
-7.5406
2.86644
-4.09262
-2.60286
0.335122
-2.52176
-0.189487
0.273868
-4.25408
-3.08843
-0.98953
0.329636
-1.57505
-0.773855
0.00263497
2.25199
-3.2319
-2.0415
-1.41162
-0.24788
-2.24228
0.584698
0.738891
0.0198773
-0.182486
-0.528468
0.974297
-0.97869
-1.4194
1.49896
-1.557
-0.297608
-1.78372
0.320937
-1.719
-0.720832
1.3782
-0.955206
-2.33986
-0.246556
-0.804717
-0.00244356
-0.382951
-0.169243
-0.285714
0.0395136
-0.0266317
0.760858
-3.33834
-2.21267
2.98435
-0.815843
-3.0913
-1.86293
4.37759
-6.5783
2.08477
-0.566766
-0.193746
6.21743
-5.22535
-3.56568
-0.33455
-0.309271
-2.13679
-0.872519
-0.286837
-6.48203
4.65161
-4.95167
-0.311903
2.86603
7.13426
3.34681
3.37384
-0.23105
0.0603201
-0.0869793
0.306933
-0.337734
-0.69292
-0.177655
-1.84147
0.240628
-1.59998
-0.793413
-0.0941351
-0.000576262
-0.240348
0.365811
-0.909196
-0.320716
-3.93762
4.51056
-0.350504
-3.3301
3.97361
0.953015
-3.98941
1.16539
-0.438363
-2.34606
-0.0634094
5.98664
6.12238
1.75629
2.6527
-6.68256
3.74024
-1.95652
-3.06354
5.00377
-5.82492
-2.47479
-2.1764
0.960543
-2.17047
0.165854
-0.446206
-2.81396
-0.0744191
-3.11423
1.51164
-0.0992292
-0.191831
-0.173363
0.463759
-1.08256
-1.10961
-1.06107
0.758279
-0.168953
-0.370209
-0.214808
-0.0365446
-3.02624
1.08362
-0.728711
-1.77752
0.691299
-0.764098
-0.466881
0.237643
-1.52578
1.04009
-2.21241
-0.170093
-1.92183
-2.88037
0.3171
-1.82517
-0.540471
-1.75093
0.209233
-0.281775
2.1381
2.30215
3.38657
1.83933
-1.20125
3.76036
0.18165
0.287701
-4.00526
5.96835
-3.59788
2.23651
-0.218011
-1.68809
-0.841613
-0.11174
