[-0.002575231652798493,
 -0.35863112826297083,
 -0.6320291382501466,
 -3.155504351813647,
 7.158436348799491,
 0.6353870202612484,
 76.7491760443674,
 -0.7822514745603826,
 -0.6950051893324343,
 -14.41863492230084,
 -0.3420408244441546,
 -1.666655354468807,
 -0.6883224957785501,
 0.3626081495425524,
 -0.631024225078221,
 -1.4997213021004256,
 5.625271614803594,
 -1.033149354466616,
 -0.17266023021645083,
 0.0819634257473183,
 -0.573654492592496,
 -0.3048904167474973,
 -0.19881879220952214,
 -1.7908404124528943,
 -0.21653535261270918,
 -0.9724280110073664,
 -0.5356460380025396,
 4.861816292851019,
 -0.13647683167010882,
 0.6331936233204942,
 0.906059910201618,
 0.47730045474634153,
 -5.227540027930672,
 -0.10027476905614208,
 0.018627215826782617,
 0.8218635739156923,
 1.0584971123886078,
 -7.573199648224211,
 2.4247517033802524,
 0.09982350726334488,
 -0.41048689226574114,
 0.6626813943166212,
 -1.8173163515652178,
 -8.912593274031394,
 0.7325100857549955,
 -1.5752156839562872,
 -0.3995997257944168,
 -0.6759284515286197,
 -14.155719318617983,
 -0.5035662053462602,
 -0.168520912406791,
 -0.9300915255395239,
 0.17058499560823748,
 -0.15972661991403925,
 -3.4936302415037233,
 1.2127009304697651,
 -0.6571207518310302,
 -1.2505791304603235,
 -0.39781317310406294,
 0.3325534391875351,
 0.29115216757205076,
 0.1724825678735442,
 -1.1725887324161874,
 0.8441225116465887,
 1.1405901820994302,
 -2.407890992269813,
 0.4024622234135222,
 2.151581213074678,
 0.13749356534884782,
 -0.8665029561926758,
 -2.234687821870864,
 -0.8286190908384583,
 1.2615143476895696,
 0.3656574304222886,
 1.3812051153481377,
 -0.12829378419479553,
 -0.40409058173884205,
 -0.5622096173529401,
 1.121169176674245,
 -1.0856108798300852,
 0.3018051900365606,
 1.357217695833711,
 7.924446709755895,
 4.20501784182855,
 -2.8049816854421294,
 -0.5632233702539224,
 0.5084352732638422,
 -14.090266180783118,
 -1.145229219598093,
 -0.35890408447271227,
 -0.38323359340009233,
 -0.8551055411352024,
 -0.9620166503704013,
 -0.008458927783166814,
 -0.08951382511227735,
 1.699444477104123,
 -0.9904934901354636,
 -3.791905880715234,
 -0.2282851717004064,
 -1.1892394571468117,
 -0.3869930376465618,
 -0.6041281199410262,
 -0.6025196008053513,
 -0.015257571189223995,
 -0.8880862717159204,
 1.5555267256580123,
 0.4815496257459486,
 -0.6290070782727923,
 -0.6609708215357841,
 0.004954218962666346,
 -1.837013295682226,
 2.746303218130322,
 0.19915687764458312,
 1.7396771863469382,
 2.9100115733228478,
 6.037748626351348,
 0.09332311329893628,
 -0.350303683430468,
 -1.8174824808264987,
 -2.0010290549587353,
 1.813698475254423,
 0.06957363130986494,
 -0.38372039342964825,
 -1.6777083353961757,
 3.2826216968482242,
 -1.1363034117205757,
 1.4316619443800107,
 -1.9458843725225847,
 4.150275095970434,
 -14.313443892246994,
 0.02026018453207712,
 4.064943645539643,
 1.316858814683087,
 0.5524801231728986,
 1.0027974030636813,
 0.8107826277610855,
 0.9536540408601581,
 -0.7571971636994065,
 0.9205919295095164,
 -0.37580594222251307,
 1.5963548922892983,
 2.87938533077687,
 2.5237414515888617,
 2.6825328970490716,
 -1.0647516109074104,
 -14.368573027153104,
 -1.5376113983811308,
 -1.8941922807777587,
 0.07279587021002953,
 1.4800737763374059,
 0.39074831898030027,
 -0.12498827993312034,
 0.002019445645629503,
 -2.6397930917736474,
 0.35956859853769174,
 -0.3094462236954314,
 0.5641308340252138,
 -14.608248484454691,
 -0.7487483884822268,
 -0.07685915215336081]
