[12, 25, 25, 4]
1.16423
0.597796
0.851714
-0.619251
0.394175
-0.0212365
-0.366482
0.0075478
-0.111203
-0.00551659
-0.00419054
0.362912
0.32108
0.497931
1.22511
-0.773956
-0.108798
0.336131
0.0332608
-0.0064704
-0.365248
-0.170898
-0.401917
-0.0089662
-0.106606
1.59297
0.149304
-1.08028
-0.429221
-0.465587
-0.23565
0.470119
0.0544333
-0.946169
0.00938832
-1.69144
-1.32042
-1.87301
-1.23361
-2.79659
-0.334769
0.601619
-0.391147
-1.13909
0.00130185
0.630092
-1.37367
-3.01246
-0.0544901
-0.010691
1.03675
-0.434673
-0.475475
-0.00865928
-0.0516242
-2.18414
1.35768
0.329615
-1.48276
-1.81501
-0.00501255
-0.760861
-0.875673
-1.63499
-3.19004
-1.9761
0.107802
1.77944
-0.00199345
0.00128615
1.09142
0.429207
-0.748554
0.457032
0.17169
-0.191677
-0.72671
0.441207
-0.221156
-0.526964
1.39322
-1.63286
-0.0951235
-1.81895
0.343969
-0.219177
-0.577849
-0.955643
-0.452632
-3.76584
2.33551
0.074203
0.371474
-0.604857
0.0818088
0.74942
1.52451
-0.484572
-0.0551731
0.00425447
0.739519
1.14652
0.0500301
-1.30142
-1.22099
0.788073
-1.47412
0.0617224
-1.85223
0.795918
-0.26454
0.464186
-1.44527
-0.79598
-2.73297
-1.39413
-0.0774306
-0.488648
-0.181825
0.00265735
1.543
1.76564
0.00803788
0.0208428
2.21677
0.975046
-0.525927
-0.256451
1.36582
0.33991
0.804995
-0.150575
1.33891
-0.0177185
0.0311909
0.00435807
-1.08337
-1.00035
2.39105
1.123
1.31435
-1.28472
-0.249759
0.0474678
-0.0436981
0.702639
0.334074
-0.528843
-0.0321634
-1.05641
0.657609
-0.506855
-0.116423
0.187525
-0.581946
-0.316991
-1.6665
-0.152975
-0.27971
-0.862738
0.457465
-0.0320393
0.459856
3.37747
1.02491
0.0188509
1.81553
-1.57779
-1.01424
0.105954
0.129871
-0.321853
-1.24859
0.977202
0.0722355
-0.409935
1.16818
1.14555
0.474065
-0.172245
2.97204
-0.201049
-0.0558095
-0.14914
-0.0256833
-0.0112895
0.257399
-0.915299
0.958838
-0.711583
0.420335
0.829229
-0.333276
1.67667
-1.92005
0.815734
0.832708
-0.708461
0.183488
1.48589
4.85979
-0.331659
1.77264
1.08702
0.260838
-0.546159
4.19188
0.050136
0.936494
0.599267
0.216062
0.210453
2.57181
-0.84282
1.50299
1.02999
0.0679844
-2.69407
-0.224462
2.15743
-6.11302
2.16163
-1.37676
0.950958
0.841711
-4.29975
0.36777
-1.50333
-0.293329
0.0681337
0.732595
-2.19514
-1.53282
-0.340445
-0.944456
-0.0482107
-0.0647977
-2.99985
0.904376
-3.11456
-0.5139
0.785214
3.21527
0.482387
-0.648676
3.96523
-1.42709
3.65875
0.367669
0.0272229
-0.795623
0.551448
0.979299
-1.51145
0.779646
1.12296
-1.02371
-0.713104
0.666107
0.494337
0.0727441
0.807463
0.896658
-0.446167
0.401846
-0.078942
0.400186
0.0331829
1.66531
0.00257002
0.0744966
0.293281
-0.767644
-0.466893
-0.120969
-0.314414
-0.01833
-0.262413
-0.479826
0.0164377
0.448589
0.843628
0.20218
-0.0270324
0.0148562
-1.53065
-0.382114
-1.31534
0.139589
-0.0561805
0.0262334
-0.0113902
0.201404
0.115871
0.8091
-1.79321
-0.627137
-0.778878
2.15369
0.0758005
-0.535577
-1.16383
-1.41631
-0.408461
-0.703698
0.0269793
-0.899429
-0.481183
0.425193
-1.01559
0.0156568
-0.881854
0.153692
-1.3487
-0.871003
-0.933908
0.706074
0.443646
-0.30553
1.89298
-0.819329
-0.0844989
0.27558
-0.91757
0.638877
-1.29573
-0.287859
-1.34777
-0.0726561
-0.36091
0.708645
-0.148515
-0.0730494
1.48822
0.088099
-0.0746071
-0.467652
0.755803
2.68265
2.61179
0.226575
-0.140851
1.56424
-0.0420225
-0.21485
5.53951
0.219015
0.799376
-0.800937
-0.144971
1.41052
0.16713
0.920611
0.0359509
0.126983
0.561402
0.538516
0.0146941
-0.378185
0.0732105
-0.00193045
-0.0888807
1.28839
0.0701916
-0.879179
-0.522813
-0.554089
-0.956553
-0.085107
0.0407973
0.550739
0.0448439
-0.831815
-0.0478524
-0.00531419
0.731328
0.45675
-0.212809
0.0992713
-2.55431
-0.258172
0.53806
-0.0137969
-0.510557
0.106186
-0.0120672
-1.08627
4.05608
1.1886
-1.10464
-0.884242
0.196967
0.0978805
0.0247716
0.0183033
0.633766
0.521732
-0.886869
-0.111397
-0.308518
1.46007
-1.53171
-2.16308
0.14084
2.57681
-0.0791962
0.307171
-0.198787
-0.318565
0.0403158
-0.0280383
0.180311
-1.46733
2.20695
-3.36605
1.35404
1.92798
-0.567888
0.076912
0.380115
-0.416469
-0.325232
0.19602
0.41354
1.08603
-0.337404
1.17821
2.15107
2.5967
2.3753
-2.7806
0.91378
-1.07681
-0.745151
0.0885506
-0.0290822
0.157646
-0.42434
-0.186395
2.42086
1.81807
0.330917
-2.2444
0.11256
0.35701
-0.797652
-0.255005
0.24813
0.415071
1.76985
1.08103
-0.322331
2.69103
2.26677
1.61558
1.16665
0.733315
2.65755
0.938016
0.103508
-0.00666854
-0.259643
0.100507
-2.40172
-1.34381
2.63424
-2.37081
-0.253584
0.010094
-0.484251
0.511881
-0.021975
-0.933612
0.00447938
-0.0221548
0.298191
-0.611461
0.192638
2.36675
0.54885
1.81383
0.187885
-1.46687
1.0144
0.0688059
0.00976013
0.846127
-2.47407
1.39731
1.00631
0.880128
-2.22184
5.09438
-2.65915
2.03118
-1.49554
-1.77173
-0.17729
-0.517399
0.124025
-0.00536487
0.00325606
-0.0719144
-0.0026727
0.330774
-0.858363
1.59941
2.06381
0.296187
0.0389619
0.00202917
0.0656376
-0.0676551
0.176674
0.20943
0.0382217
-0.326506
-2.02504
-0.4474
1.17483
-0.0814033
-0.00228789
0.136096
-0.0123592
-0.00123701
1.56495
-0.0883749
1.05999
-0.153407
0.48848
-0.980048
-4.3245
-2.40317
-6.58111
-1.34091
0.0477071
-1.83753
-0.502523
0.343779
0.517311
0.0978829
0.603022
1.85406
-2.51712
3.01782
-1.89905
0.314175
0.716047
-0.00578413
0.229582
0.016458
0.0201163
-0.0441598
-0.00966922
-0.192608
0.180184
-1.03849
2.51589
0.869174
2.4413
-0.00204024
0.0214376
0.00898892
-0.0664833
0.089753
-0.0363963
1.05405
-0.223381
0.475435
-1.57304
2.26488
-0.722757
0.00937829
2.74922
-0.013994
-0.277907
-0.0657864
-0.185931
0.0997627
0.0573724
-0.00187098
1.53218
0.495843
1.86665
-2.38708
1.66252
0.164212
-0.234337
-0.0331706
-0.447094
-0.306048
0.260376
-0.601521
0.0713662
0.370641
-1.12962
-1.81316
-1.5692
2.77504
0.106536
0.113603
0.208971
0.691745
-0.034099
-0.0714225
-0.467091
0.0769831
0.00879533
-1.18122
2.15636
-2.61048
0.821696
-0.323464
-0.564928
-0.493216
0.0527968
0.119337
0.727063
0.0806168
-0.0395116
-1.09496
1.9872
1.66359
-1.9989
0.0566817
0.175584
0.416795
0.458542
-0.108009
0.370741
0.106036
-0.276552
-0.0764468
0.0462251
-1.89815
2.9394
-1.76478
4.49234
-2.77668
0.995923
-0.136689
-1.26502
-0.525768
0.140765
-0.0827617
0.963216
0.280458
-3.25668
1.30477
0.0403142
-3.5568
2.54648
-1.64966
-0.229493
-0.466807
0.296086
0.396395
-0.00385545
1.77226
-0.0603468
-0.0990989
-0.386856
4.42515
-2.61249
4.96442
0.525386
-3.34076
1.08499
0.368465
0.146174
1.58396
1.0835
2.0872
-0.340116
3.29219
-0.985604
1.18064
1.02572
0.189487
-0.199192
0.147049
-0.838799
0.0389088
1.54798
0.0529412
0.00203441
-0.17685
-1.69131
-4.72755
-1.39625
0.972353
1.72838
-3.0793
0.198813
-0.0430925
-4.23905
-0.735717
-2.11559
-0.274882
-2.23628
-0.490985
-1.6546
0.0226469
2.07311
0.281803
0.284135
0.19527
-0.209389
-0.317611
0.0175263
-0.0280548
0.192708
1.26801
1.26574
0.463161
-2.8058
0.604657
-0.0182413
0.192127
0.287922
0.545775
-0.19553
1.02375
0.427373
0.101928
-0.846813
0.308415
-0.339925
0.0524499
-1.47004
1.2896
-1.40207
-0.236115
-1.41052
0.0462203
-0.0353181
0.695351
-2.8844
-0.648791
-2.82218
1.67198
2.07704
-1.6461
-0.662523
0.459118
-1.39515
-0.281055
0.39307
0.428448
0.08388
-0.68521
-0.373279
0.986623
0.0958432
-1.70235
3.09434
6.14923
0.0669924
-0.491968
0.0447485
0.000766045
2.0786
-2.33968
-0.0714502
0.441972
2.10749
-5.2396
-2.8636
-2.36037
-0.317244
-1.18656
-1.36935
0.000463778
-0.826825
0.263584
0.291719
-0.00374839
0.133665
-0.0256474
-2.73484
-1.15595
2.38629
0.0119623
0.517177
0.0937025
-0.00984257
0.0256734
-0.229695
-0.207326
-0.378465
-0.132373
1.31808
0.700641
-0.608193
-0.0808713
0.000120998
0.0586672
0.253059
0.00801687
-0.00939244
-0.226489
-0.072102
-0.287865
0.107549
-0.154589
-1.98473
-2.08037
-2.67448
0.00501291
0.128427
-0.0332551
0.116233
-0.4909
-0.0916244
-0.304298
-0.226512
0.192336
-2.00032
-2.78799
0.576271
0.654108
-0.0388108
0.225258
0.342299
0.0933954
0.639684
-0.370973
-0.464834
-0.0834345
-0.564228
0.363253
2.57784
-0.0437806
-1.52305
0.0142776
0.000358767
-2.43313
5.0271
-1.63854
-0.285362
-1.31354
-4.53169
-2.60388
-2.54708
2.49238
6.21658
2.0778
0.360355
-0.256696
-0.0489354
-0.349813
0.0560997
0.0583353
-0.0103597
0.0196568
-0.147455
-1.46304
-1.57305
1.50266
0.663053
-0.037735
-0.288833
-0.472438
1.40143
-0.895317
0.621162
0.328611
1.45881
1.73631
0.761891
2.02548
-0.549618
-2.06033
0.00152338
0.0845159
-0.460106
0.164727
0.312042
0.174091
-0.164663
0.413681
-0.149937
0.472446
-2.15719
2.95456
2.52795
1.12384
-0.0944428
-5.06507
1.71066
-0.402842
0.00953447
-0.129059
1.40429
-0.47959
-1.73538
2.83494
1.1473
-0.363126
0.347486
-0.299015
-0.0644011
-0.207327
0.12256
0.0571086
-0.113772
0.138708
1.40892
-1.06857
-1.22645
2.70482
0.460794
-0.0544491
-0.228024
-0.576862
-0.25108
0.366978
-0.638185
0.0670621
0.419292
-2.22563
2.75094
2.3041
-0.452895
0.10798
-0.208597
0.0286972
-0.203318
0.0804575
0.0162088
-0.0156987
0.300359
-0.203456
0.0107263
-2.08953
0.426599
-0.613757
-0.283323
-0.0987485
-0.494648
-0.160997
-0.124305
-0.636518
0.0744596
0.375082
0.0159122
-0.135303
0.980011
2.48427
0.113634
-0.0373807
1.40102
0.0469672
-0.338857
-0.00954724
-0.0560199
-0.0292537
0.164528
-0.24932
-0.0102397
0.0479211
-0.015097
-0.190436
-1.74636
-0.159179
-1.92585
0.0385836
0.961234
0.119072
-0.00904744
0.0456925
-0.0164932
0.0181537
0.0691151
-1.20378
-1.78099
-3.95212
-4.33294
-3.97365
-0.706438
-0.0675859
-0.0564307
0.186567
-1.10152
-0.506078
-0.21333
-2.53602
-1.38903
-0.578934
0.384692
-0.69125
-0.281782
-1.67343
0.157496
-1.65425
-0.993612
2.45315
1.01682
-1.77945
-7.4946
5.12321
0.50959
-1.89549
-0.184399
0.0401436
-0.0884234
-0.252521
1.49492
-3.58155
-1.74941
1.22432
-0.196054
-0.346176
0.100704
-0.305214
-1.08626
-0.619898
0.325899
-1.59191
-1.86878
0.395472
3.23091
-2.41659
-5.47861
-4.76265
-6.77378
7.64622
-7.37739
2.42708
-3.12004
6.58619
-0.676251
0.946925
-1.56529
-1.57665
-0.540585
1.03815
1.10335
-2.83182
5.80949
-5.98831
1.73759
-3.70906
-8.8608
9.13887
2.41019
-4.71931
0.200652
-1.12134
0.0378182
0.31978
-1.91896
-0.0558644
-0.580155
-0.649409
5.30391
6.02514
-10.0397
8.03999
1.27967
-3.35431
-3.86235
-0.645504
3.23122
1.61705
1.28242
3.26101
-0.727611
-2.52542
0.0533246
-1.0831
-1.1599
-0.241653
-0.123228
-2.54918
-1.40843
-1.85619
0.127234
-1.71639
