[125, 36, 36, 4]
0.0
0.0
0.0
0.0
0.0
0.0
0.0
0.0
0.0
0.0
0.0
0.0
0.0
0.0
0.0
0.0
0.0
0.0
0.0
0.0
0.0
0.0
0.0
0.0
0.0
0.0
0.0
0.0
0.0
0.0
0.0
0.0
0.0
0.0
0.0
0.0
0.0
0.0
0.0
0.0
0.0
0.0
0.0
0.0
0.0
0.0
0.0
0.0
0.0
0.0
0.0
0.0
0.0
0.0
0.0
0.0
0.0
0.0
0.0
0.0
0.0
0.0
0.0
0.0
0.0
0.0
0.0
0.0
0.0
0.0
0.0
0.0
0.0
0.0
0.0
0.0
0.0
0.0
0.0
0.0
0.0
0.0
-0.674446
0.0
-1.71652
0.0
0.0
0.0
0.0
0.0
0.0
0.0
0.0
-0.533954
0.0
0.0
0.0
0.0
0.0
0.0
0.0
0.0
0.0
0.0
0.0
0.0
1.12877
0.0
0.0
0.0
0.0
0.0
0.0
0.0
0.0
0.0
0.0
0.0
0.0
0.0
0.0
0.0
0.0
0.0
-1.02669
0.0
0.0
0.0
0.0
0.0
0.0
0.0
0.0
0.0
0.0
0.0
0.0
-0.307692
0.0
0.0
-0.788892
0.0
0.0
0.0
0.0
0.426565
0.0
0.927509
0.0
0.0
0.0
-0.316541
0.0
0.0
0.0
0.0
0.0
0.0
0.0
0.0
0.0
0.0
0.0
0.0
0.0
0.0
0.0
0.0
0.0
0.0
0.0
0.0
-0.641401
0.0
0.0
0.0
0.0
0.0
0.0
0.0
-0.00792483
1.07388
-0.053234
0.0607671
-0.0597042
-0.627175
0.779171
-0.29326
0.273064
-0.609778
0.193647
-0.393131
0.832216
1.13366
-1.45616
0.0499734
0.0791705
0.285594
0.0238591
-0.163639
-2.46976
-0.0356645
-0.409297
-0.249622
0.62119
-0.307987
0.172328
-0.172289
-0.0308693
0.0462374
0.103435
0.0879149
-0.113993
-0.531047
-0.0102558
0.0169043
0.0
0.0
0.0
0.0
0.0
0.0
0.0
-1.14945
0.0
0.0
0.0
0.0
1.0377
2.14085
0.0
0.0
0.0
0.0
0.0
0.0
0.0
0.0
0.0
-0.816774
0.0
0.0
0.0
0.0
0.0
0.431209
0.0
0.0
0.0
0.0
0.0
0.0
0.0
0.0
0.0
0.0
0.0
0.0
0.0
0.0
0.0
0.0
0.0
0.0
0.0
0.0
0.0
0.0
0.0
0.0
0.0
0.0
0.0
0.399105
0.0
0.0
1.22519
0.0
0.0
0.0
0.0
0.0
-1.61879
1.02199
0.0
0.0
0.0
0.0
0.0
0.0
0.0
0.0
0.0
0.0
0.0
0.0
0.0
0.0
0.0
0.0
0.0
-1.70103
0.0
0.0
0.0
-0.25662
0.0
0.0
0.0
0.0
0.0
0.0
0.0
0.0
0.0
0.0
0.52836
0.0
0.0
0.0
0.0
0.0
0.0
0.0
0.0
0.0
0.0
0.0
0.0
0.0
0.0
0.0
-0.324748
0.0
0.0
0.0
0.0
-1.44185
0.0
0.0
0.0
0.0
0.0
0.0
0.0
0.0
0.0
0.0
0.0
-1.25635
0.0
0.0
1.58856
0.0
0.0
0.0
0.0
0.0
0.0
-0.962004
-3.04464
0.0
0.0
0.0
0.0
0.0
0.0
0.0
0.0
0.615181
0.0
0.0
0.0
0.0
-2.03054
0.0
0.0
2.46941
0.0
0.0
0.0
0.0
2.00905
0.0
0.0
0.0
0.0
0.0
0.0
0.0
0.0
0.0
0.0
0.0
0.0
0.0
0.0
0.0
0.0
0.0
0.0
0.0
0.0
0.0
0.0
0.0
0.350607
0.0
0.0
0.0
0.0
0.0
0.0
0.0
0.0
0.0
0.0
0.0
0.0
0.376553
-1.53425
0.0
0.0
0.0
0.0
0.0
0.0
0.0
0.0
0.0
0.0
0.0
0.0
0.0
0.0
0.0
0.0
0.0
0.472194
0.0
0.0
0.198862
0.0
0.0
0.0
0.0
2.37122
0.0
0.0
0.0
0.0
0.0
0.0
0.0
0.0
0.0
0.0
0.0
0.0
0.0
0.0
0.0
-0.511022
0.0
1.0489
0.0
0.0
0.0
0.0
0.0
0.0
0.0
0.0
0.0
0.0
0.0
0.0
0.0
0.0
0.0
0.0
0.0
0.0
-0.371147
0.0
0.0
0.0
0.0
0.0
0.0
0.0
0.0
0.0
0.0
0.0
0.0
0.0
0.0
0.0
0.0
0.0
0.0
0.0
0.0
0.236734
0.0
0.0
0.0
0.0
0.0
-0.0425971
0.0
0.0
-1.44347
0.0
0.0
0.0
0.0
0.0
0.0
0.0
0.0
-3.11126
0.0
0.478736
0.0
0.0
0.0
0.0
0.0
0.0
0.0
0.0
0.0
0.0
0.0
0.0
0.0
0.0
0.0
0.0
0.0
0.0
0.0
0.0
-0.285974
0.0
0.0
-0.978754
0.0
0.0
0.0
0.0
0.0
0.0
0.0
0.0
0.0
0.0
0.0
0.0
0.0
0.0
0.0
0.0
0.0
0.0
0.0
0.0
0.0
0.0
0.0
0.0
0.321806
0.0
0.0
0.0
-1.35455
0.0
0.813118
1.49038
0.0
0.0
0.0
0.0
0.0
0.0
0.0
0.0
0.0
0.0
0.0
0.0
0.0
0.0
0.0
0.0
0.0
0.0
-0.410866
0.0
-0.785955
0.0
0.0
0.0
0.0
0.0
0.0
0.0
0.0
0.0
0.0
0.0
0.0
0.0
0.0
0.0
0.0
0.0
0.0
0.0
0.0
0.0
0.0
0.0
0.0
0.0
0.0
0.0
0.0
0.0
0.0
-0.559941
0.0
0.0
0.0
0.0
0.0
0.0
0.0
0.0
0.0
0.0
0.0
0.0
0.0
0.0
0.0
0.0
0.0
0.0
0.0
-0.3358
0.0
0.0
0.0
0.0
0.0
1.22583
-1.35364
0.0
0.0
0.0
0.0
0.0
0.0
0.0
0.0
0.159435
-2.18689
0.0
0.0
0.0
0.0
0.0
0.0
0.0
0.0
0.0
0.0
0.0
0.0
0.0
0.0
0.0
0.0
-0.674605
0.0
0.0
0.0
0.0
0.0
-0.128579
0.0
0.0
0.0
0.0
0.0
0.0
0.0
0.0
0.860384
0.0
0.0
0.0
0.0
0.0
0.0
0.0
0.0
0.0
0.0
0.0
0.0
0.0
0.0
0.0
0.0
1.38589
0.0
0.0
0.0
0.0
0.0
0.0
0.0
0.0
0.0
0.0
0.405693
0.0
0.0
0.0
0.0
0.0
0.0
0.0
0.0
0.0
0.0
0.138207
0.0
0.0
0.0
0.0
-0.027686
0.0
0.0
0.0
0.0
0.0
2.10322
0.0
0.0
0.0
0.0
1.35904
0.0
0.0
0.0
0.0
0.0
0.0455793
-0.236342
0.0
1.05751
0.0
0.0
0.0
0.0
0.0
0.0
0.0
0.0
0.0
0.0
0.0
0.0
0.0
0.0
-1.13423
0.0
0.0
0.0
0.0
0.0
0.0
0.0
0.0
0.0
0.0
0.0
0.0
0.0
0.0
0.0
0.0
0.0
0.0
0.0
0.0
0.0
0.0
0.0
0.0
0.0
0.0
0.0
0.0
-2.50608
0.0
0.0
0.0
0.784503
0.0
0.0
0.0
0.0
0.0
0.0
0.0
0.0
0.0
0.0
0.0
0.0
0.0
0.0
0.0
0.0
0.0
0.0
0.0
0.0
0.0
0.0
0.0
0.0
0.0
0.0908167
0.0
0.0
0.0
0.0
-1.47211
0.0
0.0
0.997353
0.0
0.0
0.0
0.0
0.0
0.0
0.0
0.0
0.0
0.792049
0.0
0.0
0.264566
0.0
0.0
0.0
0.0
0.0
-0.110406
-1.46352
0.0
-0.845155
0.0
0.360646
0.0
0.0258975
0.0
0.0
0.0
0.0
-0.958555
0.0
0.0
0.0
0.0
0.0
0.0
0.0
0.0
0.0
0.0
0.0
0.0
0.0
0.0
-0.22413
0.0
0.0
0.0
0.0
0.0
0.0
0.0
-0.249095
0.0
0.0
0.0
0.0
-1.38769
0.0
0.0
0.0
0.0
0.0
0.0
0.0
-0.687873
0.0
0.0
0.0
0.0
0.0
0.0
0.0
0.0
0.0
0.0
0.0
0.0
0.0
0.186919
0.0
0.0
0.0
0.0
-0.0715326
0.0
0.0
0.307676
0.0
0.0
0.0
0.0
-1.05784
0.0
0.0
0.0
0.0
0.0
0.0
0.0
0.0
0.193837
0.0
0.0
0.0
0.0
-0.437849
0.0
0.0
0.0
0.0
0.0
0.0
0.0
1.74792
0.0
0.0
-0.348492
0.593016
0.0
0.0
0.0
0.0
0.0
0.0
0.0
0.0
0.0
0.0
0.0
0.0
0.0
1.68328
0.0
0.0
0.290578
0.0
0.0
0.0
0.0
0.0
0.0
0.0
0.0
0.0
0.0
0.0
-0.0628932
0.0
0.0
-1.62757
-0.506606
0.0
0.0
0.0
0.0
0.708737
0.0
0.0
0.0
-0.358724
-2.0136
0.0
0.0
0.0
0.0
0.0
0.0
0.0
-0.137552
0.0
0.0
0.0
0.0
0.0
-0.483082
0.0
0.0
0.0
0.0
0.0
0.0
0.0
0.0
0.0
0.0
-1.86848
0.0
-0.919826
0.0
0.0
0.0
0.35585
0.0
0.0
0.0
0.0
0.158326
0.0
-0.356722
0.0
0.0
0.0
0.0
0.0
0.0
0.0
0.0
0.0
0.0
0.0
0.0
0.0
0.571428
0.0
0.0
0.0
0.0
0.0
0.0
0.0
0.0
0.0
0.0
0.413926
0.0
0.575464
0.0
0.536125
0.0
0.138611
0.0
0.0
0.0
0.0
0.0
0.0
0.0
0.0
0.0
0.0
0.0
0.0
0.0
-0.431531
0.0
0.0
0.0
0.0
0.970492
0.0
0.0
0.0
0.0
0.0
0.0
0.0
0.0
0.0
0.0
0.0
0.0
0.0
0.0
0.0
0.0
0.0
0.0
0.0
0.0
0.0
0.0
0.0
0.0
0.0
0.0
0.0
0.0
0.0
0.0
0.0
0.0
0.0
0.0
0.0
0.0
0.0
-0.646098
0.0
0.0
0.0
0.0
0.0
0.0
-1.20195
0.0
0.0
0.0
0.0
0.0
0.0
1.02919
0.0
0.0
0.0
0.0
0.0
0.0
-0.78031
0.0
0.0
0.0
0.0
0.0
0.0
0.0
-0.49843
0.0
0.0
-0.347704
0.0
0.0
0.0
0.0
0.0
0.0
-1.8175
0.0
0.0
0.0
0.0
0.0
0.0
0.0
0.0
0.0
0.0
0.0
0.0
0.0
0.0
0.0
0.0
0.0
0.0
0.0
0.0
0.0
0.0
1.40091
0.0
0.0
0.0
-0.69759
0.0
0.0
0.0
0.0
0.676347
0.0
0.556071
0.0
-1.71484
0.0
0.0
0.0
0.0
0.0
0.0
-0.116856
0.0
0.0
0.0
0.0
0.0
0.0
0.0
0.0
0.0
0.0
0.0
0.0
0.0
0.0
0.0
0.0
0.0
0.0
0.0
0.0
0.0
0.0
0.0
0.0
0.0
0.0
0.0
1.69599
0.0
0.0
0.0
0.0
0.0
0.0
0.0
0.0
0.0
0.0
0.0
0.0
0.0
0.0
0.0
0.0
0.0
0.0
0.0
0.0
0.0
0.0
0.0
0.0
0.201016
0.0
0.0
0.0
0.0
0.0
0.0
0.0
0.0
0.0
0.0
0.0
0.0
0.0
0.0
0.0
0.0
0.0
0.0
0.0
1.97024
0.0
0.0
0.0
0.0
0.0
0.0
0.0
0.0
1.02748
0.0
0.0
0.0
0.0
0.0
0.0
0.0
0.0
0.0
-0.726516
0.0
0.0
-0.867622
0.0
0.0
0.0
0.810412
0.0
-0.405257
0.0
0.0
0.0
0.0
0.0
0.0
0.0
0.0
0.0
0.526483
0.0
0.0
2.71515
0.0
0.0
0.0
0.0
0.0
0.0
0.0
0.0
0.0
0.0
0.0
0.0
0.0
0.0
0.0
-0.0768576
0.0
0.446904
-0.762336
0.0
0.0
0.0
0.0
0.0
0.0
0.0
0.0
0.0
0.0
0.0
0.0
0.0
0.0
0.0
0.0
0.0
0.0
0.0
0.0
0.0
0.0
0.0
0.0
0.0
0.0
0.0
-0.196679
0.0
0.0
0.0
0.0
0.0
0.0
0.0
0.0
0.0
0.0
0.0
0.0
0.0
0.0
0.0
0.0
0.0
0.0
1.09439
0.0
0.0
0.0
0.0
0.0
0.0
0.0
0.0
0.0
0.0
0.0
0.185204
0.0
0.0
0.0
0.0
0.0
0.0
0.0
0.0
0.0
0.0
0.0
0.0
0.0
0.0
0.0
0.0
0.0
0.0
0.0
0.0
0.0
0.0
0.0
0.0
0.0
0.0
0.0
-0.418986
0.0
0.0
0.0
0.0
0.351837
0.0
0.0
0.0
0.0
0.0
0.0
0.0
0.0
0.0
0.0
0.0
-0.757722
1.44195
0.0
0.0
0.0
0.0
0.0
0.0
0.0
0.0
0.0
0.0
0.0
0.0
0.0
0.0
0.0
0.0
0.0
0.0
0.0
0.0
0.0
0.0
0.0
0.0
0.0
0.0
0.0
0.0
0.0
0.0
0.0
0.0
0.0
0.0
0.825218
0.0
0.0
0.0
0.0
0.0
0.0
0.0
0.0
0.0
0.0
0.0
0.0
0.0
0.0
0.0
0.0
0.0
0.0
0.0
0.0
0.0
0.0
0.490085
0.0
0.0684286
0.0
0.0
0.0
0.0
0.0
0.0
0.0
0.0
-0.795131
0.0
0.0
0.0
0.0
-0.649586
0.0
0.0
0.0
0.0
0.0
0.0
0.0
0.22855
0.0
0.0
0.0
0.0
0.0
0.0
0.0
0.0
0.0
0.0
0.0
0.0
0.0
0.0
0.0
0.0
0.0
0.0
0.0
0.0
0.0
0.0
0.0
0.0
0.0
0.0
0.0
0.0
0.0
0.0
0.0
0.0
0.0
0.0
0.0
0.0
0.0
0.0
0.0
0.210847
0.0
0.0
0.0
0.0
0.0
0.0
0.0
0.0
0.0
0.0
0.0
0.208103
0.0
0.0
0.0
0.162851
0.0
0.0
0.0
0.0
0.0
0.0
0.0
0.0
0.0
0.708324
0.0
0.0
0.0
0.0
0.0
0.0
0.0
0.0
0.0
0.0
0.0
-0.494257
0.0
0.0
0.0
0.0
0.0
0.0
0.0
0.0
-0.197243
0.0
0.0
0.0
0.0
0.0
0.0
0.0
0.0
0.0
0.0
0.0
0.0
0.0
0.0
0.0
-1.74709
0.0
0.0
0.0
-1.11058
0.0
-1.79795
0.0
0.0
0.0
0.0
-0.200635
0.0
-1.24732
0.779992
0.0
0.0
0.0
0.0
0.0
0.0
0.0
0.0
0.0
0.0
0.0
0.644675
0.0
0.0
0.0
0.0
0.0
0.0
0.0
0.0
0.0
0.0
0.0
0.0
0.0
0.0
0.0
0.0
1.22676
0.0
0.0
0.0
0.0
0.0
0.0
0.0
0.0
0.0
0.0
0.0
0.0
0.0
0.0
0.0
0.0
0.0
0.0
0.0
0.0
-1.29379
0.0
0.0
0.0
0.0
0.0
0.0
0.0
-0.241358
0.0
0.0
0.0
0.0
0.0
0.0
0.0
0.0
0.0
0.0
0.0
0.0
0.0
0.0
0.0
0.0
0.711261
0.0
0.0
0.0
0.0
0.0
0.0
0.0
0.0
0.0
0.512886
0.0
0.0
0.0
0.0
0.0
0.0
0.0
0.0
0.0
0.0
0.0
0.0
-0.114169
0.0
0.0
-0.13796
0.0
0.0
0.0
0.0
0.0
0.0
0.0
-0.343436
0.0
0.15637
0.0
0.0
0.0
0.0
0.0
0.0
0.0
0.0
0.0
0.0
0.795661
0.0
0.0689963
0.0
0.0
0.0
0.0
0.0
0.0
0.0
0.0
0.0
0.0
0.210107
0.0
0.0
0.0
0.0
0.0
0.0
0.0
0.0
-0.989931
1.57143
0.0
0.0
0.0
0.0
0.110279
0.0
0.0
0.0
0.0
0.0
0.0
0.0
0.0
0.0
0.0
0.0
0.0
0.0
0.0
0.0
0.0
0.0
0.0
0.0
0.0
0.0
0.0
0.0
0.0
0.0
0.0
0.0
0.0
0.0
0.0
0.0
0.0
-0.73648
-0.521719
0.0
0.0
0.0
0.0
0.0
0.0
0.0
0.0
0.0
0.0
0.0
0.0
0.0
0.0
0.0
0.0
0.0
0.0
0.694064
0.0
0.0
0.0
0.0
0.632593
0.0
0.0
0.0
0.0
0.0
0.0
0.0
0.0
-0.271107
0.0
0.0
0.0
0.0
0.0
0.0
0.0
-1.78609
0.0
0.0
0.0
1.22185
0.0
0.0
0.0
0.0
0.0
0.0
0.0
0.0
0.0
0.0
0.0
0.0
0.0
0.0
0.0
0.0
0.0
0.0
0.0
0.0
0.0
0.578604
1.08838
0.0
0.0
0.0
0.0163839
0.0
0.0
0.0
0.0
-0.318004
0.258292
0.0
0.0
0.825078
0.0
0.0
0.0
-0.793223
0.0
0.0
0.0
0.0
0.0
0.0
0.0
0.0
0.0
0.0
0.0
0.0
0.0
0.0
0.0
0.0
0.0
0.0
0.0
0.0
0.0
0.0
0.0
0.0
0.0
0.0
0.0
0.0
0.0
0.0
0.0
0.0
0.0
0.0
0.0
0.0
0.0
0.0
0.0
0.0
0.0
0.0
0.0
0.0
0.0
0.0
0.0
0.0
0.0
0.0
0.215366
0.0
0.0
0.0
0.0
-0.0145447
-0.231334
-0.828767
-0.459028
-0.121144
-0.12296
-0.249188
0.234381
0.222736
-0.984064
-0.0686209
-0.00337273
-0.140568
0.111402
0.037278
-0.00234126
0.0872351
0.178823
-0.0729469
-1.81215
0.431795
0.0815956
-0.440644
0.217528
0.170776
0.0069487
0.12967
0.0403765
0.000564372
0.127015
0.466114
-0.0127399
-0.00180911
-0.671776
0.0880078
-0.0105634
0.0
0.0
0.0
0.0
-0.395953
0.0
0.0
0.0
0.0
0.0
0.0
0.0
0.0
0.0
0.0
0.0
1.43684
0.139356
0.0
0.0
0.0
0.0
0.0
0.0
0.0
0.0
-0.583608
0.0
0.6487
0.0
0.0
0.0
0.0
0.0
0.0
0.0
0.0
0.0
0.0
-0.358461
0.0
0.0
1.73368
0.0
0.0
0.0
0.0
0.0
0.0
0.0
0.0
0.0
0.0
0.0
0.0
0.0
0.0
0.763871
0.0
-1.0417
0.0
0.0
0.480574
0.0
0.0
0.0
0.0
0.0
0.0
0.0
0.0
0.0
-0.616341
0.0
0.0
0.0
0.0
0.0
0.0
0.0
0.0
0.0
0.0
0.0
0.0
1.91044
0.0
0.0
0.0
0.0
0.0
0.0
0.941119
0.0
-0.100588
0.0
0.0
0.0
0.0
0.0
0.0
0.0
0.0
0.0
0.0
0.0
0.0
0.0
0.0
0.0
0.0
0.0
0.0
0.174028
0.0
0.0
0.0
0.0
0.0
0.0
0.0
0.0
0.0
0.0
0.0
0.0
-0.466434
0.0
0.0
0.0
0.0
0.0
0.0
0.0
0.0
0.0
0.0
-1.31081
0.0
0.0
0.0
0.0
0.0
0.0
0.0
0.0
0.0
0.0
0.0
0.0
0.0
0.0
0.354621
0.0
0.0
0.0
0.0
0.0
0.0
1.04353
0.0
0.0
0.0
0.0
0.0
0.0
0.0
0.0
0.0
0.0
0.0
0.790897
0.0
0.0
0.0
0.0
0.0
-0.742866
0.0
0.0
0.0
0.0
0.0
0.132036
0.0
0.0
0.0
0.0
0.0
0.0
0.0
0.0
0.0
0.0
0.0
0.0
0.0
0.0
0.0
0.0224811
0.0
0.0
0.0
2.19375
0.0
0.0
0.0
0.0
0.0
0.0
0.0
0.0
0.0
0.0
0.0
0.0
0.0
-1.7641
0.0
0.0
0.0
0.0
0.0
0.0
0.0
0.0
0.0
0.0
0.0
0.0
0.0
0.0
-1.68792
0.0
0.0
0.0
0.0
0.0
0.0
0.0
0.0
0.0
-0.550133
-0.196164
0.0
0.0
0.0
0.0
0.0
0.0
0.0
1.30899
-0.207065
0.0
0.0
0.0
0.0
0.0
0.0
0.0
0.0
0.0
0.0
0.0
0.0
0.0
0.0
0.0
0.0
0.0
0.0
0.0
0.0
0.0
0.0
0.0
-0.982765
0.0
0.0
0.0
0.0
-0.625814
-0.476673
0.0
0.0
0.0
0.0
0.0
0.0
0.0
0.0
0.0670244
0.0
0.0
0.0
0.0
0.0
0.0
0.0
0.0
0.0
0.0
0.0
0.0
0.0
0.0
0.0
0.0
0.0
0.0
0.0
0.0
0.0
1.17539
0.0
0.0
0.0
0.0
0.0
-0.174331
0.0
0.0
0.0
0.0
-0.000683721
0.0397584
0.0602903
-0.942322
0.113968
0.129633
1.57467
0.0298514
2.18264
-0.238143
0.330017
-0.327834
0.341897
-0.0249033
-0.546471
0.0455627
-0.0206232
-0.538902
0.172862
-0.152626
-0.32647
0.0549771
0.0429163
0.321157
0.79054
0.025376
1.0271
0.0176209
0.0320006
-0.871832
1.09204
0.137431
-0.155389
0.519385
0.333874
-0.0877593
0.0
0.0
0.0
0.0
0.0
0.0
0.0
0.0
0.0
0.0
0.0
0.0
0.0
0.128278
0.0
0.0
0.0
0.0
0.0
0.0
0.0
0.0
0.0
0.0
0.0
0.0
0.0
0.0
0.0
0.0
0.0
0.0
0.0
0.0
0.0
0.0
0.0
0.0
0.0
0.0
0.0
0.0
-0.584943
0.0
0.0
0.0
0.0
0.0
0.0
0.0
0.0
0.0
0.0
0.0
0.0
0.0
0.0
0.0
0.0
0.0
0.0
0.0
0.0
0.0
0.0
0.0
0.267686
0.0
0.0
0.0
0.798962
0.0
0.0
0.0
0.0
0.0
0.0
0.0
0.0
0.0
0.0
0.0
0.0
0.0
0.0
0.0
0.0
0.0
0.0
0.0
0.0
0.0
0.0
0.0
0.0
0.0
0.0
0.0
0.0
0.0
0.0
0.0
0.0
0.0
0.0
0.0
0.0
0.0
-1.47842
-1.21684
0.0
0.0
0.0
0.0
0.262588
0.0
0.0
0.0
0.0
0.0
0.0
0.0
0.0
0.0
0.0
-1.78846
0.0
0.0
0.0
0.0
0.0
-1.29845
0.0
0.0
-1.35625
0.138169
0.0
0.0
0.0
0.0
0.0
1.09281
0.0
0.0
0.0
0.0
0.0
0.0
0.0
0.0
0.0
0.0
0.0
0.0
-1.00119
0.0
1.22601
0.0
0.170161
0.0
0.0
-1.40653
0.0
0.0
0.643205
0.0
0.0
0.0
0.0
0.0
-1.67034
0.0
0.0
0.0
0.0
0.0
0.0
0.0
0.0
0.0
1.7772
0.11382
0.0
0.0
0.0
0.0
0.0
0.0
0.0
0.0
0.0
0.0
0.0
0.0
0.0
0.0
0.0
0.0
-0.373343
0.0287644
0.0
0.0
0.0
-0.331341
0.0
0.0
0.0
0.0
0.0
0.0
0.0
-1.62656
0.0
0.0
0.0
0.0
0.0
0.0
0.0
0.0
0.0
0.0
0.0
0.0
0.0
0.0
0.0
0.0
0.0
0.0
0.0
0.0
0.0
0.0
0.611622
0.0
0.0
0.0
0.0
0.0
1.77868
0.0
0.910713
0.0
0.0
0.0
0.0
0.940725
0.0
-0.0497851
0.0
0.0
0.0
-1.84151
0.783266
0.0
0.0
0.0
0.0
0.0
0.0
0.0
-1.53949
0.142853
0.0
0.0
0.0
0.0
0.0
0.0
0.0
0.0
0.0
0.0
0.0
0.0
0.0
0.0
0.0
0.0
0.0
0.0
0.0
0.0
0.0
0.0
0.586738
-1.89779
0.0
1.29598
0.0
0.0
0.0
0.0
0.0
0.0
0.0
0.0
0.0
0.0
-0.799745
0.0
0.0
0.0
0.822746
0.0
0.0
0.0
0.0
0.0
0.0
0.0
0.219073
-0.360666
0.0
0.0
0.0
0.0
0.0
0.0
0.0
0.0
0.0
0.0
0.0
-1.02144
0.0
0.0
0.0
0.0
0.0
-0.516579
0.0
0.0
0.0
0.0
-1.44
0.0
1.79312
-0.251857
0.0
0.0
2.5689
0.0
0.0
1.44437
0.0
0.0
0.0
0.0
0.0
0.0
0.0
0.0
0.0
0.0
0.0
0.0
0.0
0.0
-0.107548
0.0
0.0
0.0
0.0
0.0
0.0
-0.0647637
0.0
0.0
0.0
0.670666
0.0
0.0
0.0
0.0
0.0
0.0
0.0
0.0
0.0
0.0
0.0
0.0
0.0
0.0
0.0
0.0
0.0
0.0
0.0
0.0
0.0
0.0
0.0
0.0
0.0
0.0
0.0
0.0
0.0
0.0
0.0
0.0
0.0
-0.173048
0.103782
0.0
0.0
0.0
0.0
0.0
0.0
-0.339407
0.229189
0.0
0.0
0.0
0.0
0.0
0.0
0.0
0.0
0.0
0.0
0.0
0.0
0.0
0.0
0.0
0.0
0.607185
0.0
0.0
0.0
0.0
0.0
0.0
0.0
0.0
0.0
0.0
0.0
0.0
0.0
0.0
0.0
0.0
0.0
0.0
0.0
0.0
0.0
-0.610178
-0.239148
0.0
0.0
0.0
0.0
0.0
0.0
0.0
0.0
0.0
0.328834
0.0
-1.63896
0.0
0.0
0.0
0.0
0.0
0.0
0.0
1.66239
-2.30253
0.0
0.0
0.0
0.0
0.0
0.0
0.0
0.0
0.0
0.0
0.0
-0.0351788
0.415515
0.0
0.0
0.324258
0.0
0.0
0.0
0.0
0.0
0.0
0.0
0.0
0.0
0.185537
0.0
0.0
0.0
0.0
0.0
0.0
0.0
0.0
0.0
0.0
0.0
0.0
-0.274237
0.387287
0.0
0.0
0.0
0.0
0.0
0.0
0.0
-0.992827
0.0867309
0.0
0.0
0.0
-0.0892881
0.0
0.0
0.0
0.0
0.0
0.0
0.0
0.0
0.740863
0.0
0.0
0.0
0.0
0.0
0.0
0.761213
0.0
0.0
0.0
0.0
-0.339865
0.0
0.0
0.0
0.0
0.0
0.0
0.0
0.0
0.0
-1.27208
0.0
0.0
0.0
0.0
0.0
0.0
0.0
0.0
0.0
0.0
0.0
0.0
0.0
0.0
0.0
0.0
0.0
0.0
0.0
0.0
0.0
0.0
0.0
-0.619481
0.0
0.0
0.0
0.0
0.778544
0.0608694
0.0
0.0
-0.282789
0.0
0.0
0.0
-0.62596
0.0
0.0
0.0
0.0
0.0
0.0
-0.0995851
0.0
0.0
0.0
0.0
-0.038094
0.0
0.0
0.0
0.0
0.0
0.0
0.0
0.0
0.0
0.0
0.0
0.0
0.0
0.0
0.234433
0.0
0.0
0.0
0.0
0.0
0.825731
0.0
0.0
0.0
0.0
0.0
0.0
0.0
0.0
0.0
0.0
0.0
0.0
-0.76399
0.0
0.0
0.0
0.0
0.0
0.0
0.0
1.12926
0.0
0.0
0.0
0.0
0.0
0.0
1.0143
0.0
0.0
0.0
0.0
0.0
0.0
-0.485715
0.0
0.0
0.0
0.0
0.0
0.0
0.0
0.0
0.0
0.0
0.0
0.0
0.0
0.0
-0.0511634
0.0
0.0
0.0
0.0
0.0
0.0
0.0
0.0
0.0
0.829424
0.0
0.0
0.0
0.0
-0.496238
0.0
0.0
0.0
0.0
0.0
0.0
0.0
0.0
0.0
0.0
0.0
0.0
0.0
0.0
0.0
0.0
0.0
0.0
0.0
0.0
0.0
0.0
0.0
0.0
0.0
0.0
0.0
0.0
0.0
-0.118911
0.0
0.0
0.0
0.0
0.0
-1.52545
-1.49947
0.0
0.0
0.0
0.0
0.0
0.0
-1.23339
0.0
0.0
0.0
0.0
0.0
0.0
0.0
0.0
0.0
0.0315963
-0.532734
0.0
0.0
0.0
0.0
0.0
0.0
0.0
-0.828217
0.0
0.0
0.0
0.0
0.0
-0.207078
0.412473
0.0
0.0
0.0
0.0
0.0
0.0
1.58054
0.0
0.0
0.0
0.0
0.0
0.0
-0.204518
0.0
-0.850951
0.0
0.0
0.0
0.0
0.0
0.0
0.0
2.11296
0.0
0.0
0.0
0.0
0.0
0.0
0.0
0.0
1.35818
0.0
0.0
0.0
0.0
0.0
0.0
-0.650404
0.0
0.0
0.746973
0.0
0.0
0.0
0.0
0.0
0.0
2.41129
0.0
0.0
0.683457
0.0
0.0
0.0
0.0
0.0
0.0
0.0
0.0
0.0
0.0
0.0
1.43884
-0.014174
0.0
0.0
0.0
0.0
0.0
0.0
0.0
0.0
0.263908
-0.571413
0.0
0.0
0.0
0.0
0.0
0.0
0.0
0.0
0.0
0.0
0.0
0.0
0.0
0.0
0.0
1.80763
0.0
0.0
0.0
0.0
0.0
0.0
0.0
0.0
0.0
0.0
0.0
-1.02077
0.0
0.0
0.0
0.0
0.0
0.0
0.0
0.0
0.0
0.0
0.0
0.0
0.0
0.0
1.0245
0.0
-1.57723
0.0
0.0
0.0
0.0
0.0
0.0
0.0
0.395154
0.0
0.0
0.0
-0.944721
-1.19238
-1.40395
0.0
0.0
0.0
0.0
0.0
0.0
0.0
0.0
0.0
0.0
0.0
1.19741
0.0
0.0
0.0
0.0
1.6645
0.0
0.0
0.0
0.0
0.0
0.0
0.0
0.0
0.0
1.56397
0.0
0.0
0.0
0.0
-0.477602
1.78419
0.0
0.0
0.0
0.0
0.0
-1.3735
0.0
0.0
0.0
0.0
0.0
0.0
0.0
0.0
0.0
0.0
0.0
0.0
0.0
0.0
0.0
0.0
0.0
0.0
0.0
0.932423
0.0
0.0
0.0
0.0
0.0
0.0
0.0
0.0
0.0
0.0
0.0
0.0
0.0
0.0
0.0
0.0
0.0
0.0
0.0
0.0
0.0
0.0
0.0
0.0
0.0
0.0
-1.21868
0.0
0.0
0.0
0.0
0.0
0.0
0.0
0.0
0.0
0.0
-0.124958
-0.615787
0.0
-0.0958356
-0.733099
0.0
0.0
0.0
0.0
0.0
0.0
0.0
0.0
0.0
0.0
0.0
0.0
0.0
0.0
0.0
0.0
0.356678
0.0
0.0
0.0
0.0
0.0
0.0
0.0
0.0
0.0
0.0
1.3643
0.0
0.959595
0.0
-0.25129
0.0
0.0
0.0
0.0
0.0
0.0
0.0
0.0
0.0
0.0
0.0
0.930321
0.0
0.0
0.0
0.0
0.0
0.0
0.0
0.0
0.0
0.0
0.0
0.0
0.0
0.0
0.0
0.0
0.0
0.306834
0.0
0.0
0.0
0.0
0.0
0.731368
0.0
0.335271
0.0
0.0
0.0
0.0
0.0
0.0
0.0
0.0
0.0
0.0
0.0
0.0
0.0
0.0
0.0
-1.21602
0.0
0.0
0.0
0.0
0.0
0.0
0.0
0.0
0.0
0.0
0.0
0.0
0.0
0.0
0.0
0.0
0.0
0.0
0.0
0.0
0.0
0.0
0.0
0.0
0.0
0.0
0.0
0.0
0.0
0.0
0.0
0.0
0.562914
0.0
0.0
0.0
0.0
-0.816263
0.0
0.0
0.0
0.0
0.0
0.0
0.0
0.0
0.0
0.0
0.0
0.0
0.0
0.0
0.0
0.0
0.0
0.0
0.0
0.0
0.0
0.0
0.0
-0.349843
0.0
0.36488
-2.00322
0.0
0.0
0.0
0.0
0.0
0.0
0.0
0.430278
0.0
0.0
0.0
0.0
0.0
0.0
0.0
0.0
0.0
0.0
0.0
0.0
0.0
0.0
0.0
-1.34238
0.0
0.0
0.0
0.0
0.0
0.0
0.0
0.0
0.0
0.173937
0.0
0.0
0.0
0.0
0.0
0.0
0.0
0.0
0.0
0.0
0.0
0.0
0.0
0.0
0.0
0.0
0.0
0.0
0.0
0.0
0.0
0.0
0.0
0.908595
0.0
0.0
0.0
0.0
0.0
0.0
0.0
0.0
0.0
0.55228
0.0
0.0
0.0
0.0
0.0
0.0
0.0
0.0
0.0
0.0
0.0
0.0
-0.314106
0.0
0.0
0.0
0.0
0.0
0.0
0.0
0.0
0.0
0.0
0.0
0.0
0.0
0.0
0.0
0.0
0.0
0.955725
1.23312
0.0
0.0
0.0
0.0
0.0
0.0
0.0
0.0
0.0
0.0
0.0
0.0
-0.204699
0.0
0.0
0.0
0.0
0.0
0.0
0.0
0.0
0.0
0.0
0.0
0.0
0.0
0.0
0.0
0.0
0.0
0.0
0.0
0.0
0.0
-0.155417
0.0
0.0
0.0
0.0
0.0
0.0
0.0
0.0
0.0
0.0
0.0
0.0
0.0
0.0
0.0
0.0
0.0
0.0
0.0
0.0
0.0
0.0
0.0
0.0
0.0
0.0
0.0
0.552787
0.0
0.0
0.0
0.0
0.0
0.0
0.577864
0.0
0.0
0.0
0.0
-0.606775
0.0
0.0
0.0
1.92417
0.0
0.0
0.0
0.0
0.0
0.604986
0.0
0.0
0.0
0.0
0.0
0.0
0.0
0.0
0.0
0.0
0.0
0.0
0.0
0.0
0.0
0.0
0.0
0.0
0.0
0.0
0.0
0.0
0.0
0.0
0.0
0.0
0.0
0.0
0.0
0.0
0.0
0.0
0.0
-0.212599
0.0
0.0
0.0
0.0
0.0
0.0
0.0
0.0
0.0
0.0
0.0
0.0
0.0
0.0
0.0
0.0
0.0
0.0
0.0
-0.81405
0.0
0.0
0.0
0.0
0.0
0.0
0.0
0.0
0.0
0.0
0.0
0.0
0.0
0.0
0.0
0.0
-0.711667
0.0
0.0
-0.0455772
0.0
0.0
0.0
0.0
0.0
0.0
0.0
0.0
0.0
0.0
0.0
0.0
1.80055
0.0
0.0
0.0
0.0
0.0
0.0
0.0
0.0
0.0
0.0
0.0
0.0
0.0
0.0
0.0
-1.07179
0.0
0.0
0.0
0.0
0.0
0.817151
0.0
0.0
-0.195072
0.0
0.0
0.0
0.0
0.0
0.0
-0.689982
0.232111
0.0
0.0
0.0
0.0
0.0
0.0
0.0
0.0
0.0
0.0
0.0
0.0
0.0
0.0
0.0
0.0
0.0
0.0
0.0
0.0
0.0
0.0
-1.148
-0.0486
0.0
0.0
0.0
0.0
0.0
-0.86268
0.0
0.0
0.0
0.710703
0.0
0.0
0.0
0.0
0.0
0.0
0.0
0.0
0.0
0.0
-0.518917
0.0
0.0
0.0
0.0
0.0
0.0
0.0
0.0
0.0
0.56368
0.0
-0.64726
0.0
0.0
0.0
0.0
0.0
-0.101657
0.0
0.0
1.01262
0.0
0.0
0.0
-1.20959
0.0
0.0
0.0
0.0
0.0
0.0
0.0
0.0
0.0
0.0
0.0
0.0
0.0
0.0
0.0
0.0
0.0
1.29499
0.0
0.0
0.0
0.0
0.0
0.0
0.0
0.0
0.914455
0.0
0.0
0.0
0.0
0.0
0.0
0.0
0.0
0.0
0.0
0.0
0.0
0.0
0.0
0.0
0.0
0.0
0.0
0.0
0.0
0.0
-1.45318
0.0
0.0
0.0
0.0
0.0
0.0
0.0
0.376648
0.0
0.0
0.0
0.0
0.0
1.20791
0.0
0.0
0.0
0.0
0.0
0.0
0.0
0.0
0.0
0.0
0.0
0.0
0.0
0.0
0.0
0.0
-0.952005
0.0
0.0
0.0
0.0
0.0
0.0
0.0
0.0
0.0
0.0
0.0
0.0
0.0
0.0
0.0
0.0
0.0
0.0
0.0
0.0
0.0
0.0
0.0
0.0
0.0
0.229189
0.0
0.0
1.17453
0.0
0.0
0.0
0.0
0.0
0.0
0.0
0.0
0.0
0.0
0.0
0.0
0.139852
0.0
0.0
0.0
0.0
0.0
0.0
0.0
0.0
0.0
0.0
0.0
0.0
0.0
0.0
0.0
0.0
0.0
0.0
0.0
0.0
0.0
-0.232891
0.0
0.0
0.0
0.0
0.0
0.0
0.0
0.0
0.0
0.0
0.0
0.0
0.0
0.757106
0.0
0.0
0.0
0.0
0.0
0.0
0.0
0.0
0.0
0.0
0.0
0.0
0.0
0.0
0.0
0.0
0.0
-0.480091
0.0
0.0
0.0
0.0
0.593507
0.0
0.0
0.0
0.208248
0.0
0.0
0.0
0.0
0.0
0.0
0.0
0.0
-0.538542
0.0
0.0
0.0
0.958393
0.0
0.0
0.0
0.0
0.0
0.0
0.0
0.0
-0.350988
0.0
0.0
0.0
0.0
0.0
0.0
0.0
0.0
0.0
0.0
0.0
0.834167
-0.303829
0.0
0.0
0.0
0.0
0.0
0.0
0.0
0.0
0.0
0.0
0.0
0.0
0.0
0.0
0.0
-0.325663
0.0
0.011413
0.227212
0.582728
-0.112554
0.0810759
0.340781
0.232264
-0.387508
1.27121
-0.917214
0.253288
-0.498617
0.666638
0.218934
0.0352639
0.119026
-0.0973116
-0.336728
-0.0613141
0.24692
0.478231
-0.0536691
-0.559144
-0.0701137
0.397543
-0.0381833
0.493084
0.0268324
0.0287184
0.0835405
-0.0642328
-0.0692471
-0.19526
0.378373
0.34253
0.0223971
0.0
0.0
0.0
0.0
0.0
0.0
0.0
0.0
0.0
0.0
0.0
0.0
0.0
0.0
1.23048
0.0
0.0
0.0
0.0
0.0
0.0
0.0
0.0
0.0
0.0
0.989883
0.0
0.0
0.0
-0.568487
0.0
0.0
0.0
0.0
0.445311
0.0
0.0
0.0
0.0
0.194171
0.0
0.0
0.215387
0.0
0.0
0.0
0.0
0.0
0.0
0.0
0.0
0.0
0.0
0.0
-2.11325
0.0
0.0
0.0
0.0
0.0
0.0
1.5569
0.0
0.0
0.0
0.0
0.0
0.0
0.0
0.0
0.0
0.0
0.0
0.0
0.0
0.0
0.0
0.0
0.0
0.0
0.0
0.0
0.0
0.0
-0.821742
1.12087
0.0
0.0
0.0
0.0
0.0
0.0
0.0
0.0
0.0
0.0
0.0
0.0
0.0
0.0
0.0
0.0
0.0
0.0
0.0
0.0
0.0
0.0
0.0
0.0
0.0
0.0
1.24578
0.0
0.0
-0.0844804
0.0
0.0
0.0
0.0
0.0
0.0
0.0
0.0
0.0
0.871306
0.0
-1.9276
0.0
0.0
0.0
0.0
0.0
0.0988943
0.0
0.0
0.0
0.0
0.0
0.0
0.0
0.0
0.0
0.0
0.0
-1.24772
0.0
0.0
0.0
0.0
0.0
0.0
0.0
0.0
0.0
-0.695517
0.0
0.0
0.0
0.0
0.0
0.0
0.0
0.0
0.0
0.0
0.0
0.0
0.0
0.0
0.0
0.0
0.0
0.0
1.08783
0.216308
0.0
0.0
0.0
0.0
0.686404
0.0113752
0.431859
0.10112
0.12762
2.63152
1.39666
0.899573
1.29125
1.91863
1.96127
0.531702
-0.319014
0.0142503
-0.00516017
0.737052
0.569664
0.387102
-0.0321137
0.326766
-0.496148
-0.369475
-1.99831
1.25742
-2.20892
-0.353999
1.19417
0.463382
0.186505
-0.633376
0.0396544
0.0932092
0.438306
-1.46651
2.38969
0.054835
0.0325123
-0.296163
-0.640396
0.00598105
-0.0024804
-1.51316
-1.59381
-0.650031
-1.34295
-1.80447
-1.99823
-0.338041
0.167216
-0.0645754
0.26364
-0.62991
-0.519661
-0.14965
0.0469772
-0.179481
0.576278
-0.187413
2.18902
-1.50371
2.15815
0.378846
-1.77906
-0.351429
0.0346994
0.320196
-0.0771083
-0.175738
0.742246
1.21126
-2.60909
-0.0107996
0.000916604
-0.223867
-0.233375
0.0659743
0.0453617
-0.93455
1.18755
-0.639127
1.01285
0.0411817
0.618695
-0.294128
-0.213822
0.0424132
-0.52161
0.0547494
0.328022
0.491896
-0.0477372
-0.0733306
0.938302
-0.289961
0.259901
-2.37895
1.39467
-0.0314957
2.54466
0.0936787
0.0213051
-0.0968278
-0.261493
-0.218833
0.0372127
-0.325414
-0.603422
0.0819107
-0.0160919
0.156973
0.289128
0.109518
0.0689087
0.561544
0.0597682
-0.271928
0.182189
-0.972546
-0.203694
-0.888611
0.800644
-0.1575
-0.405719
-0.926255
0.183357
0.410187
-0.0665698
0.342952
-0.284347
0.103318
-0.856693
0.195151
0.644538
0.274942
-0.0319002
-0.0526267
0.109639
0.227941
0.88013
0.00839539
0.350113
-0.20014
0.33867
0.0697428
0.0318838
-0.284757
-0.208469
0.107081
0.763585
0.0895747
-0.197054
-0.356174
-0.0513318
-0.316781
-0.0369819
2.44004
-0.151825
-0.0504484
0.258458
0.107181
0.0499594
0.23678
0.0148874
0.147448
0.0794898
0.0416241
0.112677
-0.24646
-0.0506441
0.024716
-0.586227
0.111951
0.221192
-0.00970018
-0.0376396
-0.082491
-0.136132
-0.769147
-0.219551
0.0440361
0.0268669
-0.141043
-0.158766
0.00410886
0.0223424
0.0560999
0.0481206
0.0572861
0.104243
0.0387559
0.0502451
0.0759288
0.00610102
-0.101088
0.0581617
-0.129349
-0.0384356
0.251089
0.115306
0.00124257
-0.0024382
0.0122651
0.00829121
-0.104419
-0.0650675
-0.00498563
-0.0308751
-0.00256729
0.0255311
-0.0154711
0.100413
-0.0961484
-0.0363879
-0.295143
-0.0496484
0.0679932
1.28784
1.41176
1.47774
-0.00630709
0.0156851
-0.337636
0.460275
-0.686278
-0.196397
-0.0089296
-0.624162
-0.375188
1.29421
0.789921
0.381164
-0.948092
-0.0535175
0.546876
0.0547562
-0.175985
-0.198067
0.256181
-0.769146
-0.207631
-0.274646
-2.46541
-0.179899
-1.26617
0.0269573
-0.318342
-0.134393
0.255432
-0.398963
1.57874
0.989441
-0.083725
1.8063
1.823
0.579113
-0.00119508
-1.65724
0.0564533
-0.0898555
0.0516252
-0.540181
0.401847
-0.100967
-0.477832
1.65286
0.115884
-0.753495
-0.502742
-0.0761784
-0.0102737
0.0592003
-0.133825
0.0576202
-0.0339638
0.237565
0.0331506
1.18204
1.75312
-2.83576
0.253757
0.0165781
-0.851325
-0.132958
-0.0549887
-1.05747
1.03639
0.0151863
0.10666
1.75939
-1.65452
-2.18316
0.00474138
2.50786
0.0774743
0.0134626
0.0479664
0.0869486
0.113374
0.0404401
0.11685
-1.19985
2.21661
-2.88397
1.50772
1.59596
0.183667
0.116013
0.0241486
0.00728464
0.00782944
0.0478163
-0.0990345
0.891791
0.034189
-0.517484
0.999194
0.607845
-0.0078501
0.100168
-0.0958956
-0.0225999
-0.401862
-0.0457281
0.0622606
0.028446
0.961553
1.84165
2.45252
2.67601
-2.46585
0.0697969
-0.812081
0.0943446
0.0518802
0.0422467
0.11635
-0.0396481
-0.100624
2.64665
2.11202
-0.0336216
-1.66446
0.116491
0.0365295
0.0517403
0.00946187
0.0382815
-0.108695
1.62001
0.000262373
1.96493
0.00659355
-0.26796
-0.0191491
0.0966829
-0.0990136
-0.0505531
-0.327487
-0.0718884
0.0674262
-0.0350219
1.22838
3.3506
2.14011
1.64029
2.35637
0.831052
2.07293
-0.986626
0.600485
-0.71929
-0.257405
-0.618546
-2.02189
0.828248
2.36324
-1.97591
0.421532
0.0444749
-0.633052
0.0240978
-0.0184724
0.61245
-0.595495
0.84699
-1.83698
-0.483352
2.12829
0.0225989
-2.94753
1.28196
0.158489
-2.77266
2.71947
0.375446
0.0832139
-0.0203536
1.19686
0.688347
2.48326
-0.480735
1.67391
1.33033
-2.69011
-0.240644
-0.6875
-0.610696
-0.212285
-0.0311614
0.230937
0.672936
-0.281597
-0.149151
3.4616
-2.79779
1.72593
0.213383
0.0845369
-0.407153
-0.683739
0.664976
-0.775587
-0.607397
-0.732026
0.0290913
-0.291851
-0.00729972
0.0435522
-0.233164
1.1066
0.372449
0.0523478
-0.0178035
-0.703947
-0.355011
-0.00229317
0.426729
-1.61032
1.13007
2.56927
0.180406
0.468765
0.704315
-0.134068
1.35943
-0.111587
-0.315841
0.0171425
-0.133619
-2.48962
-0.383258
1.26188
0.745789
0.00822805
-0.674313
-0.115602
-0.437318
0.6088
0.124514
-0.260476
-0.998347
0.175563
2.30528
-1.10669
0.656284
-1.3867
-0.00108403
-0.00774721
-0.00774792
-0.363611
-0.397491
0.00181374
0.0376092
-0.231291
-2.8485
-2.38267
-2.5669
-1.69898
0.38466
-0.0732423
0.330904
-0.234043
-0.395106
-0.210927
0.035179
-0.0279295
-2.50577
2.48095
-2.12789
0.0108573
-0.069778
0.103276
-0.157128
0.268327
0.631415
0.987825
0.00299768
0.296375
-0.223705
-0.0942402
0.509262
-2.2538
0.0361485
0.0619548
-0.0349127
-0.0614656
-0.243696
-0.00475358
0.0393757
-0.745742
-1.90185
2.7399
0.140839
3.22376
0.408171
-0.218058
0.488507
-0.197688
-0.394194
-0.304167
1.32672
-0.502721
0.54105
-1.93608
2.39491
-0.716871
-0.340696
2.68223
0.0121453
0.716236
-0.708308
-0.0384829
-0.0087513
0.213583
0.123806
-1.5757
2.45131
2.79393
0.289808
0.0395666
0.0139421
-0.583358
-0.30923
0.00597891
0.0227525
-0.376935
0.594869
0.736797
2.26988
-2.63581
2.30376
-0.181364
0.0469901
-0.133365
-0.348641
-0.159976
-0.107195
-0.608645
0.0964774
-0.0525569
-0.615974
-1.76779
-1.64462
2.22277
0.0727827
0.238268
-0.0614568
-0.07819
-0.00110676
0.00831748
-0.0966853
-0.129879
0.00526867
-0.376379
-0.603739
0.0600193
0.00621631
-0.279895
-0.37036
0.00470645
0.034459
-0.0320668
-0.0683496
0.257944
-1.25443
2.30889
-2.56093
0.181132
0.0700458
-0.0915105
0.101352
0.0275003
-0.0691532
-0.0839949
0.103685
0.121168
-0.498355
1.93945
1.9119
-2.65868
-0.162867
0.121358
-0.139592
-0.030846
0.0133982
0.15717
-0.0488159
-0.14823
2.58807
-0.210449
-2.92774
3.00414
-0.0138885
-0.474096
-0.359828
-5.27796e-05
0.0188425
-0.0910866
-0.420005
-0.0432994
0.421493
-2.18762
3.26197
-1.12148
-0.223042
-0.172334
-0.0743911
0.0508409
0.0816689
-0.346458
0.067133
-0.0815684
0.869522
-0.0751983
-2.89294
2.26881
-0.544344
0.154308
0.304801
-0.170037
0.00457671
0.560343
0.154119
-0.0188899
0.658355
-0.616217
-1.34398
0.0626102
-2.63814
1.06535
-0.530065
-0.000128079
0.0208844
-0.055012
-0.147402
-0.110324
0.190515
-0.0311809
0.0320713
0.0271261
2.50062
-1.64626
2.65907
0.0113582
-0.141189
-0.0886533
0.00998308
0.0365224
-0.027663
0.026867
0.067783
-0.00724522
2.91102
-1.70307
-0.934826
0.0570747
0.000928877
0.0239368
-0.00464592
0.00517042
0.0218959
-0.114118
-0.164199
0.0239781
-2.08027
1.20695
0.185059
-0.00105972
0.0206365
0.17752
0.255137
-0.109998
-0.0376328
0.232783
-0.470316
0.213557
-2.56854
-2.73281
-0.490309
-0.146658
-0.0520917
0.268714
0.016811
0.256626
0.0410686
0.092159
-0.104446
-0.137986
-2.73527
-1.1895
-0.905678
1.78159
0.0249841
-0.190204
0.00620787
0.0403586
-0.247177
0.25082
0.271906
0.00385997
0.0314196
-2.10231
-0.25954
2.14976
0.0188647
0.167964
0.207
-0.0108878
0.142974
-0.00925539
0.0766515
0.201977
-0.0210638
-0.10104
0.678668
-2.57617
0.85121
0.353163
0.100537
0.05091
-0.0803395
-0.0402364
0.0303928
-0.237425
-0.0213484
-2.20516
-0.500327
0.366737
0.0261517
0.0243728
0.133537
1.75707
-0.0347778
-0.527557
-0.19268
0.0799493
0.0226217
-0.204099
-1.14639
0.00417897
-1.33856
0.266378
-0.121254
0.0798001
0.173779
0.0479119
0.15967
0.0737576
-0.00191051
-0.0936253
-2.11761
1.66238
-0.0149776
-0.00425034
-0.613449
0.012941
-0.0592307
0.020282
0.0155805
-0.0231807
-0.130431
2.76845
-0.826707
1.43456
2.17183
0.0261706
0.094276
-0.0828085
0.0139628
-0.18531
-0.179185
0.0602268
-0.0165095
-0.287047
1.38772
0.113904
-1.35144
2.58729
2.19798
-0.387779
-0.145987
-0.454008
-0.21672
-0.274761
-0.434523
0.112027
-0.0303299
1.72151
-2.06827
-1.01794
-2.34667
-0.989272
-0.00564217
-0.0613743
-0.501776
-0.428549
0.723795
-3.02516
-1.76823
-1.18536
-1.48585
-0.027407
0.2772
0.127598
-0.0880332
-0.0351435
0.0692422
0.0677224
-0.0136627
-0.0442588
0.00682815
-0.00106908
-2.49508
-1.0918
2.29609
-0.0201722
0.0528437
0.070652
0.00358714
-0.0191014
-0.0637088
-0.0112178
0.0885818
-0.191091
1.57845
0.896447
-0.598512
-0.0374236
-0.0173699
0.0160206
0.00958173
0.0227579
-0.00163285
0.00183902
1.82687
-1.71343
0.00209532
-0.00774897
2.55991
0.900573
1.59352
2.64563
-0.0286144
0.00817686
0.0313857
-0.292614
-0.241823
0.00545225
0.0210125
-1.96285
-2.28916
-2.40142
0.0350933
-0.236416
0.0634694
0.054675
0.145039
-0.151367
-0.00952302
-0.0989241
-0.075108
-0.936389
-2.75089
0.234184
0.984219
-0.0112634
-0.0657533
0.0161967
-0.0611218
0.0805834
0.282781
-0.6146
1.04014
0.432685
-1.66913
-2.68409
-2.65618
-0.245965
0.041376
0.0532388
0.0406089
0.133804
0.163026
0.00513306
0.0127758
0.228059
2.61429
-0.12192
0.13929
-0.606936
0.0854746
0.0350444
0.619436
-0.187172
-0.412844
-0.189596
-1.34405
-0.446244
-2.49927
2.71515
2.74903
0.981694
-0.49878
0.139327
-0.0256662
0.376318
-0.84068
-0.0242767
0.0329956
-2.06198
0.5323
-0.979031
0.53157
-0.256564
-1.73084
-1.94511
0.0138134
0.0227158
-0.17788
0.0029609
0.0131916
-0.132574
0.0990978
-1.38404
1.25391
0.483772
-0.0677283
-0.0431588
0.097459
-0.0825131
0.0229377
-0.183284
-0.0570967
0.128101
1.90062
1.01745
1.95316
-0.962325
-1.72244
-0.152751
-0.0438008
-0.00968655
0.353383
-0.0967404
0.018901
-0.170956
0.0647344
-0.012936
0.0218702
-0.269481
1.50926
0.0382532
0.0621325
-0.177024
0.207511
0.00572876
0.0031616
0.535344
0.109882
0.742915
-0.562358
3.42287
2.38724
0.564629
0.683331
-0.0440873
0.0919225
0.112727
0.00725574
0.363936
1.24137
-0.900154
0.266568
0.498635
0.0151263
-1.33333
0.155737
0.169624
-0.199877
0.0501617
0.0307128
-0.245622
0.0418079
-1.2717
-0.884245
1.80231
-1.13797
-0.049605
-0.00800984
-0.180284
-0.127577
0.00150934
0.0397019
-0.0890827
-0.88639
1.62527
-0.114269
-1.47813
2.75603
0.655504
-0.15302
-0.0745042
-0.260027
-0.190209
-0.133266
-0.814449
0.0965452
-0.0685306
-2.12367
2.86487
1.9366
-0.665442
-0.0439898
0.323139
0.318441
-0.120906
0.00178514
0.113
0.0486001
2.81319
0.175325
-0.180427
2.56275
-2.49647
0.0622378
0.274217
0.998393
0.00564111
0.00407774
0.637819
0.699365
-0.66171
-0.148616
-2.44379
0.512088
-1.78886
0.457949
0.0630182
0.104013
-0.0946677
0.0194118
0.967622
0.0232689
-0.301702
0.440817
-0.166218
-0.201904
2.13569
0.560897
-0.298888
-0.846834
0.290255
0.0393813
-0.85502
0.0812058
-0.117891
-1.49242
-0.331483
1.57241
2.88545
0.0251886
1.03381
-0.316372
0.00502538
0.0164261
-0.842797
-1.32988
0.306556
0.234829
0.650764
1.07615
-0.352101
0.235339
-1.85837
-0.737156
-2.21108
0.058346
-1.18962
0.104194
0.0702025
-0.433365
-0.0184057
0.765308
0.59436
-1.18366
2.22356
0.256749
-0.0708846
-0.00831561
-0.0199309
-0.114289
-0.14234
-0.0448504
0.935319
-0.701656
0.028555
0.973297
-3.79161
-1.54849
0.000310698
0.0217489
-0.49409
0.205238
0.398895
0.434044
-0.121753
0.681688
0.66662
3.10704
0.726654
-1.7165
1.2969
0.486731
-0.211491
0.124556
0.230099
-0.267908
0.191008
0.475114
0.296156
-3.64701
0.591153
3.44702
-0.334951
-0.00768329
3.52789
0.00230954
0.112926
2.0131
-1.39664
-0.37486
0.101319
0.787539
-0.146129
-0.110296
0.00436039
1.3101
0.0406126
-0.0224968
0.12808
0.070512
0.163739
0.106985
0.0160885
-2.3214
-2.48626
0.0712331
-0.0898787
-0.0594669
0.111244
0.102942
0.0224596
-0.0129226
-0.0237468
-0.0131276
-0.142084
0.0200385
1.76024
-0.857878
-1.92729
-0.0686178
-0.0756058
0.0819968
-0.174262
-0.0799033
-0.258506
-0.051796
0.0700047
0.0322632
-0.173218
1.37993
1.54069
-0.333758
2.5066
0.0166774
0.0362506
0.0998926
0.0489964
0.0382664
0.121871
-1.53943
-0.100197
1.54096
2.67752
1.213
0.209166
0.115998
0.0355269
0.00708919
0.00865273
0.042638
-0.0946447
-0.0846425
0.0220075
0.619619
1.21445
2.20372
-0.0110681
-2.66471
-0.0942718
-0.037371
-0.348287
-0.0561778
0.0647261
-0.00822544
-0.398032
1.20405
-0.718796
1.74599
-0.048222
-0.324199
-0.0883589
0.518732
-0.0534142
-0.0165767
0.304823
0.317915
-0.164631
1.0131
0.0227657
0.802158
-0.169546
0.0676551
0.0432988
-0.391367
0.229386
0.0993881
0.311108
-1.30675
-0.105439
1.59091
-2.07155
2.8468
0.522703
-1.26457
1.15928
0.881767
-0.591576
0.0288453
-0.0344866
-0.0129315
-0.0589059
0.17555
-0.00050254
-0.783939
0.143453
0.115281
-0.261748
-0.0135504
-0.133321
0.167485
-0.120748
-0.0715561
-0.0341763
0.0417313
-0.840446
-2.04004
2.87743
-1.1733
-0.0330718
-0.999514
-0.0474797
-0.199726
0.0328336
0.452499
0.109198
-0.607828
1.18941
1.85692
0.736841
0.0393812
1.22165
-0.00300179
-2.39207
0.0617635
0.0205017
-0.0102864
0.318707
0.110734
-0.000612154
2.51977
-0.132504
0.170513
-0.0177838
-0.319355
-0.0800264
-0.101728
-0.222029
-0.0286213
-0.0466941
0.0238496
-0.46562
2.6567
1.16792
-0.618091
-1.08821
0.0499222
2.99522
0.0197121
-0.0534924
0.124548
-0.0160849
0.103466
-0.0623018
0.476695
-0.913304
1.36458
1.74749
-1.04561
0.259631
0.271225
0.0277796
-0.0199026
-0.226814
-0.651771
0.000389129
0.0198815
-0.200335
-2.7919
-0.143043
0.346796
-0.332934
-0.0270158
0.249806
0.83967
-0.00518114
-0.495881
-2.44946
-0.433087
-0.189852
1.93159
-0.539482
1.30504
0.372367
-0.0147625
0.403166
-1.50273
0.0924012
1.69123
-0.417051
2.89395
1.13142
-2.64439
1.36331
2.98998
-0.454857
0.102731
-0.0694434
-0.00216846
1.52932
1.48896
-0.00701627
-2.61921e-05
0.0629985
0.161795
-1.93234
1.07338
0.779036
-0.998625
-0.0422838
-0.409522
0.115122
0.541304
-2.78837
-0.00858752
-1.99767
1.60693
-0.174868
0.115781
-2.27331
-0.582509
0.379383
-0.340749
-0.0151395
-1.44563
0.0998689
0.0296796
-0.282597
-0.0906676
0.9205
-2.63694
4.26987
4.36001
-0.203317
-0.0282973
0.936086
0.407346
-0.0077231
0.00240181
-0.372054
0.109445
0.102682
-0.524333
-1.36087
-1.55334
-0.399175
-0.25855
0.17273
0.356061
-0.822725
-0.0130523
-0.116192
0.0906953
-0.273364
0.601176
2.35991
-0.140628
-0.341911
0.388072
-0.109752
0.631904
0.0465299
0.0163321
-0.433776
-2.42536
3.09866
-2.92993
0.627918
0.674475
1.00522
0.0423559
-0.180686
-0.179252
0.00502745
0.00653068
0.136618
0.00659528
0.0325819
0.16447
0.483242
0.00785971
-0.522488
-0.0741693
-0.0888243
0.103761
-0.124526
-0.0625262
0.212496
0.112773
-0.0213874
-0.162344
-2.79046
2.51375
1.12254
-0.122025
0.0331331
0.0808231
-0.0196616
0.0272023
-0.0413735
0.123296
-0.0968036
-1.60503
-2.34507
1.48854
2.654
0.0117535
-0.0701807
-0.0412158
0.103022
0.0884473
0.0321095
-0.218737
-0.0774309
0.429888
1.89287
-0.0826847
0.0664936
-0.0471067
0.0613478
0.107375
0.204669
0.0630063
0.0596812
-0.101957
0.0672211
0.0609876
0.03814
-0.57259
2.53977
-0.00204583
0.00877442
-0.450325
0.0609562
0.193294
0.0199425
-0.107187
0.0239511
-0.0893214
0.00794574
-2.23324
-1.17537
-0.910828
-0.507298
-0.625443
-0.0900273
2.03437
0.126581
-1.38733
-4.30218
2.1364
-0.131475
-2.94757
-1.23045
-1.5252
-0.458875
-0.550128
0.0422348
-1.05514
-0.476314
-0.551347
0.313261
-4.78541
1.90859
-3.77396
-2.35311
-3.79641
1.45977
-1.79478
-2.46554
-1.45334
-0.777548
-0.509816
0.763924
-0.920947
-2.58638
-0.630795
-0.984003
-1.88009
-0.538771
-3.72303
-1.31862
0.350235
-6.23011
-0.3134
2.21361
-0.889058
-0.913592
0.292499
0.59008
-0.515527
-0.751573
1.80017
-1.01225
0.226694
-0.115092
0.347022
-0.37925
-0.997645
2.37953
-2.19579
-0.74468
-3.77434
-0.0570797
-0.922315
0.919497
-0.0511844
-1.45162
-0.263821
-1.39331
-2.67948
0.728738
-0.767761
-1.31154
-0.20587
-0.141142
0.0454552
-0.345292
-0.969561
-0.261742
-0.303104
0.293749
0.0316646
-0.139283
0.319999
0.386523
-0.162316
-0.523425
1.14526
-0.664377
1.06918
4.43893
1.53049
1.419
0.0667292
-3.44719
-0.64113
-0.0697871
1.08327
0.787458
-1.16252
5.50143
3.19213
-2.9559
-0.191754
1.69317
-2.11394
-1.03535
4.06601
-4.0073
-0.850084
-0.113086
-1.45126
0.56958
-0.968619
-0.536285
-1.75798
0.022805
-1.65458
-0.0622965
3.73739
-2.50136
-0.773993
-0.385178
-0.768855
0.246042
1.00277
-0.452668
-0.0521398
-1.75438
-1.61234
-0.592525
4.57079
-4.47561
7.60073
4.17372
-1.68891
-2.80221
2.25909
-0.300718
-5.79555
-6.86817
-1.38821
-0.41415
-0.725763
0.193791
-1.81994
-0.541769
-0.596028
-0.782912
