[20, 16, 16, 4]
0.58059
-0.22596
-0.487011
-0.130884
-1.02023
-0.0875684
0.668876
-0.319957
-0.557888
-0.447973
-1.31993
0.61816
0.0559504
-0.760774
0.641944
-1.57148
0.422183
0.78746
-1.24161
0.0755968
-1.27205
0.0506488
1.27485
0.235375
0.308994
-0.403144
-0.961075
0.951139
-0.0194161
-0.801951
1.59402
-0.547999
-0.11528
0.70787
-0.859866
-0.650731
-1.17772
0.00359819
-0.74628
0.206139
0.312864
-0.391498
-0.805665
1.03708
-0.435488
-0.628111
1.02015
-0.916626
-0.101644
0.743405
-1.01572
-0.928324
-0.950113
0.0222085
-0.568604
0.152715
0.303933
-0.3576
-0.766307
1.06073
-0.366897
-0.748015
1.04107
-0.319955
0.184656
0.673473
-1.09673
-0.254847
-0.384653
0.0149489
0.441055
0.00554697
0.20717
-0.292078
-0.56052
1.2107
-0.400948
-0.877764
0.888705
0.521365
-0.239485
0.769811
-1.25604
-0.639391
-0.150319
0.0692686
0.180093
0.0952439
0.173355
-0.1974
-0.613147
1.03055
-0.115052
-1.03689
0.95446
0.506168
-0.287843
0.751678
-1.22145
-0.849657
-0.0514365
0.0648198
0.191745
0.11338
0.139876
-0.183123
-0.592888
1.02439
-0.12576
-1.0329
0.897834
0.363303
-0.225185
0.772375
-1.20783
-0.598297
-0.00757786
0.0699589
0.0138792
0.0920908
0.084497
-0.166488
-0.597278
1.01086
-0.167281
-0.913058
0.834198
0.558575
-0.413636
0.685729
-1.0625
0.659961
-0.0318135
0.062166
0.776675
0.0628017
-0.0827498
-0.129655
-0.553431
0.929385
-0.15038
-0.811003
0.564696
-0.96349
-0.465682
0.494153
0.0310565
-0.628339
0.951435
-0.0345895
-0.544064
0.998251
0.59137
0.315436
-0.0384872
0.855004
-0.343839
-0.103678
0.802091
-1.31119
-0.130888
1.54591
-1.31161
-1.22616
0.674541
0.277698
2.68588
0.513455
0.360978
-0.169138
-1.10702
0.0559252
-1.58756
0.220217
-3.86003
0.330977
-0.0568527
0.729692
-0.203637
-0.202056
-0.27583
0.0257114
0.474338
0.339315
0.620026
-0.126618
-1.21494
0.0111655
-0.927342
-0.190779
-2.02056
-1.31333
0.841397
0.44177
-0.164912
-0.585024
0.0622868
-0.0083689
-0.651696
1.79452
0.479256
-0.0740349
-1.59619
-0.405289
-0.4398
-1.7506
-3.18328
0.656691
0.426879
-0.316348
1.30391
-0.0328483
0.124455
-0.0929621
-1.28687
2.70754
0.17248
-0.117776
-1.7237
-0.72135
-1.55129
-2.97928
-1.79995
-0.799755
0.223905
-1.07235
0.284725
2.00207
-1.71296
-0.144455
-0.724474
-3.01561
1.45789
-0.697385
-1.78415
-0.131433
-1.59486
-1.54967
1.73765
1.22201
1.52719
-0.56592
1.21735
0.494928
0.292038
-0.161308
-2.14993
0.659986
-0.110442
-0.262585
-1.70144
-0.394457
-1.4769
-0.623375
1.25634
0.510381
2.10773
-2.62973
-0.905879
-0.563706
-0.0677254
0.753555
-0.510843
-1.47639
-0.907496
4.10996
0.358025
2.14842
-3.37233
1.19129
-0.131126
3.2881
-1.55038
2.00678
0.59621
1.74493
0.546994
-1.7462
1.02924
2.26026
2.33202
-4.14061
-1.11716
-4.54072
1.35277
-1.09497
0.627843
-5.83975
0.074073
2.09369
-0.286747
3.92687
4.71845
1.22863
-0.171519
-0.902104
0.306915
-0.0339709
-0.778656
1.81389
1.78644
2.93216
-0.329336
0.809115
0.686932
-0.677181
-2.61873
-0.14637
-4.62464
-0.764453
2.09069
2.62826
0.0299169
-0.773419
1.24536
0.487704
-1.8826
-1.20329
1.65836
-0.0898592
0.557648
-1.10402
-0.207343
-1.47786
-0.286533
-1.14297
-0.317961
-0.207374
1.39766
-1.57264
-0.758897
-2.58408
-0.189593
-0.579054
0.133772
-1.33885
1.52112
1.13859
1.10673
0.557794
1.11901
1.22925
1.84016
-1.05839
0.213606
1.1999
0.515188
-4.4326
0.836156
0.854344
-0.7916
0.717505
1.50811
-0.187002
0.269303
0.189513
2.38844
-0.330276
-0.764127
-0.412689
-0.55843
0.298219
-2.05139
-1.48698
2.73494
0.256777
-1.42573
0.444807
3.60541
3.56294
0.730121
0.315069
-1.06846
1.38978
1.69855
0.275557
-0.282766
0.660937
-1.10476
-2.36673
3.27483
0.260794
-1.99772
-0.01714
0.706127
-1.29892
-4.50951
0.312728
3.19767
-0.768688
-0.940236
-1.15607
-1.74543
-2.04157
-1.1831
0.0986217
-3.79514
3.27067
-3.28902
1.07129
-1.84323
1.38915
1.00316
2.73018
4.38511
-4.16473
-1.27899
0.511324
-0.0733085
-0.120098
-1.34855
-0.0243921
-1.97749
1.70113
2.50079
1.28351
-0.73236
1.8775
3.06121
2.47536
0.297082
4.65087
3.82783
2.92114
1.4519
-0.501007
-0.890906
1.65443
0.181963
-5.78798
-2.30807
3.47515
1.72212
-3.80807
2.07473
2.90221
1.18571
2.31963
3.6928
-1.22834
-0.29006
-0.43984
1.45251
0.130093
0.386388
-2.24563
-0.305421
-0.750393
-1.46402
0.0565541
0.945981
0.482193
0.614185
-0.305433
2.71839
2.17098
-3.00666
-1.05674
1.17333
2.53929
0.496351
0.565947
0.163021
0.577226
0.581519
-0.646981
0.0656862
0.526642
0.801139
-0.320423
-1.55544
-4.50746
-3.8532
-1.22329
1.15564
3.2431
0.351904
-0.0486427
-1.6859
-0.0385969
-1.55448
1.06065
-1.5309
0.619463
-1.11308
-2.93948
-1.69196
-0.0576257
-1.54832
3.38997
1.35145
3.894
-1.97575
0.309819
3.41077
-0.621588
-0.347773
-3.74155
0.0553674
0.468221
-1.09122
-0.261274
1.56291
1.85406
2.10533
-2.29772
4.57734
0.275184
-0.020209
0.808369
-0.82673
-0.430396
-2.32537
2.82196
-0.0076288
0.361789
-2.08152
0.601117
-1.23603
-0.0497104
0.121327
2.02827
-5.69167
0.782009
1.7911
-0.335914
1.46895
-0.300374
1.1755
1.80337
1.62628
0.109487
-0.394443
1.17008
0.432165
-1.3628
-4.81563
-4.59594
1.25793
-2.47598
1.71843
1.44046
-1.7055
-0.186989
-1.26853
-1.30905
-2.53254
0.21583
-1.08139
0.131653
-1.43645
0.289761
1.26686
0.266838
0.500632
-0.520174
3.05122
-1.03991
4.16548
1.26283
-1.33171
2.57933
-0.807175
0.356941
-0.737499
0.540311
-2.37187
0.0758327
4.5947
0.852193
-0.92821
-1.77397
-2.72864
-2.53604
-0.557663
-0.787476
0.514905
-0.670153
2.2481
2.64801
-0.308326
0.890978
1.10763
3.0291
3.502
-0.458677
1.21284
-1.5079
0.691447
-1.00916
-0.660879
-1.7003
1.56098
2.61899
0.0425125
-1.15768
-2.00279
0.955136
0.156753
0.400548
1.73784
-0.476315
1.23383
-0.87278
0.850305
-2.01827
-1.98292
1.54011
0.632011
-3.28648
-3.24705
0.335353
-2.47041
5.14145
-5.03648
4.00719
1.31582
0.530056
-3.41374
-0.263787
-3.52618
0.337596
-1.82595
-0.77776
-2.03467
2.71333
0.894769
-0.452497
-5.89995
-2.60501
-7.90937
7.68892
0.573409
-5.08684
6.07133
-3.42848
6.79878
-3.61327
-3.68902
-3.25998
-4.35551
3.08791
1.51211
0.796617
-4.70822
-9.11817
-5.6226
-6.97145
6.86531
-5.44837
4.15852
-4.10142
-0.477345
-1.80866
-2.986
-2.01833
4.87882
0.834787
-0.524858
5.15359
-2.82299
1.3231
-0.142396
-2.89271
-4.96247
2.49993
-0.110165
-0.0539919
-4.34009
-6.86728
-4.98324
-5.50692
-2.3768
0.357363
-1.32597
-1.13112
