[125, 9, 9, 4]
0.0
0.0
0.0
0.0
0.0
0.0
0.0
0.0
0.0
0.0
0.0
0.0
0.0
0.0
0.0
0.0
-0.256188
0.0
0.0
0.971623
0.0
0.0
0.0
0.0
0.0
0.0
0.0
-0.110613
0.601756
0.576688
0.018521
0.440701
0.647021
-1.07719
-0.990342
0.528368
0.0
0.0
1.11203
0.0
0.0
0.0
-0.0340086
0.0
0.0
-2.73117
0.516692
0.530987
0.65335
0.0480988
0.573983
-1.11981
-1.1102
0.357873
0.0
0.0
0.0
0.0
0.0
0.0
0.0
0.0
0.0
-0.339567
0.640212
0.54741
0.0850932
0.121894
0.594441
-0.45941
-0.644754
0.658449
0.0
1.28463
0.0
0.0
0.0
0.0
0.0
0.0
0.0
0.0
0.0
0.0
0.0
0.0
-0.0736743
0.0
-0.590743
1.55296
0.0
0.0
0.0
0.0
0.0
0.0
0.0
0.0
0.410736
0.0
0.0
0.0
0.0
0.0
0.0
-0.225164
0.0
0.0
0.0
0.0
0.0
0.0
0.0
0.0
-1.07394
0.0
0.0
-0.104525
-0.0157073
0.56988
-0.07319
0.0705662
0.633258
-0.912321
-0.965711
0.55713
0.0
0.157003
0.0
0.0
0.0
0.0
0.0
0.0
0.0
0.0
0.0
0.0
0.768193
0.0
0.0
0.0
0.0
0.0
0.287193
0.0
0.0
0.0
0.0
0.0
1.06377
0.0
0.0
0.0
0.0
0.0
0.0
-0.272964
0.0
0.0
0.0
0.0
0.0
0.0
0.465977
0.0
0.0
0.0
0.0
0.0
0.0
0.0
0.0
-2.21479
0.0
0.0
0.0
0.0
0.0
0.0
0.0
0.0
0.0
0.0
-1.53424
0.0
0.0
0.0
0.0
0.0
0.0
0.0
-1.2491
0.0
0.0
0.0
0.0
0.0
0.0
0.0
0.503779
0.0
0.0
-1.63715
0.0
0.0
0.0
0.0
0.0
0.0
-0.0815878
0.0
0.0
0.0
0.0
0.0
0.0
0.0
0.0
0.0
0.0
0.0
0.0
0.0
0.0
0.0
0.0
0.0
0.0
0.0
-0.826303
0.0
0.0
0.0
0.0
0.0
1.20539
0.0
0.220094
1.36838
0.0
-0.0440783
0.0
1.42047
0.0
0.0
0.0
0.0
0.0
0.0
0.0
0.0
0.0
0.0
0.0
0.0
0.0
0.0
0.0
0.0
0.0
0.0
0.0
-0.759255
0.0
0.0
0.0
0.0
0.0
0.0
0.0
0.0
0.0
0.0
0.0
0.0
-0.745071
0.523434
0.64465
0.212687
0.265363
0.571617
1.75973
0.0774166
0.601412
-0.375362
-0.489025
0.648932
0.0
0.0
0.0
0.0
0.0
0.242117
0.0
0.0
0.0
0.0
0.0
0.0
0.0
0.826821
0.0
0.0
0.0
0.276678
-0.10355
0.322818
0.563856
-0.0984354
0.00102129
0.574248
-0.179623
-0.243113
0.642295
0.0
-1.14571
-0.969052
0.0
0.0
0.0
0.0
0.0
-0.70076
0.0
0.0
-0.171204
0.989299
0.0
0.0
0.0
0.181242
0.987714
0.0
0.0
0.0
0.0
0.0
0.0
0.0
0.0
0.0
-0.69413
0.0
0.0
0.0
-0.0842976
0.12699
0.0
0.0
0.0
0.0
0.0
0.0
0.0
0.0
0.0
0.0
0.0
0.0
0.0
0.0
0.0
0.0
0.0
0.0
0.0
0.0
0.0
0.0
0.0
0.0
0.0
0.0
0.0
0.0
0.0
0.0
0.0
0.0
0.0
0.0
0.0
0.0
0.305651
0.0
0.0
0.123258
0.271457
0.562843
0.136897
-0.0691489
0.600601
-0.347889
-0.460616
0.654088
0.0
0.0
0.0
0.0
-1.94088
0.0
0.0
0.0
0.0
0.0
0.0
0.0
0.0
0.0
0.0
0.456914
0.0
0.0
0.0
-0.450093
0.0
0.0
0.0
0.0
-0.689648
0.0
0.0
0.0
0.0
0.0
0.0
-1.99855
0.0
0.0
0.0
0.0
-0.650847
0.0
0.0
0.0
0.0
0.0
0.0
0.0
0.0
0.0
0.0
0.0
0.0
0.0
0.0
0.0
0.0
0.0
0.0
0.0
0.0
0.0
0.0
0.0
0.0
0.0
0.0
0.0
0.0
0.0
-0.415972
0.0
-0.0348815
0.0
0.0
2.22215
0.0
0.0
0.0
0.0
0.0
0.0
0.0
1.11224
1.27653
0.0
0.0
0.0372197
0.0
0.0
0.0
0.0
0.0
0.0
0.0
0.0
0.0
0.0
0.0
0.0
0.0
0.0
0.0
-0.24954
0.577875
0.562305
0.120577
-0.0781791
0.56418
-0.176559
-0.262805
0.639284
0.0
0.0
0.0
0.0
0.0
0.0
0.0
0.0
1.46387
0.0
0.0
0.0
0.0
0.0
0.0
0.0
0.932297
0.0
0.0
0.0
0.0
0.0
0.0
0.0
0.0
0.0
0.0
0.0
0.0
0.0
0.0
0.0
0.0
-0.846176
0.0
0.0
-0.47071
0.0
0.0
1.24664
0.0
0.0
0.0
0.0
0.0
-0.676734
0.0
0.0
0.0
0.0
0.0
0.0
0.0
0.0
0.0
0.0
0.0
0.0
0.0
0.0
0.0
0.0
0.0
0.0
0.0
-1.11989
0.0
0.0
0.0
0.0
0.0
0.0
-1.30317
0.0
0.0
0.0
0.0
0.0
0.0
0.0
0.0
0.0200612
0.355759
0.563475
0.185049
-0.116233
0.587199
-0.283608
-0.395327
0.648951
0.0
0.0
0.0
0.0
0.0
0.0
0.0
0.0
0.0
0.0
0.0
-1.11341
0.0
0.0
0.0
0.0
0.0
0.0
0.0
0.0
0.0
0.0
0.0
0.0
0.0
0.0
0.0
0.0
0.0
0.0
0.0
0.0
0.0
0.0
0.0
0.0
0.0
0.0
0.0
0.0
0.0
0.0
0.0
0.0
0.0
0.0
0.0
0.0
0.0
0.17358
0.0
0.0
0.0
0.0
0.0
0.0
0.0
0.0
0.0
0.0
0.0
-0.413062
0.0
0.0
0.0
0.0
0.0
0.0
0.0
-1.49328
0.0
0.0
0.0
0.0
0.0
0.0
0.0
0.0
0.0
-0.845641
0.0
0.0
0.0
0.0
0.0
0.0
0.0
0.0
0.0
0.0
0.0
0.0
0.0
0.0
0.0
0.0
0.0
0.0
0.0
-0.304362
0.521311
0.565204
0.0869098
-0.0417928
0.550708
-0.0804249
-0.0872105
0.632807
0.0
0.0
0.0
0.0
0.0
0.0
0.0
0.0
0.0
0.0
0.0
0.0
0.0
0.0
0.0
0.0
0.0
0.0
0.0
-0.338486
0.0
0.0
0.0
-1.45851
0.0
0.0
0.0
0.0
0.0
0.0
0.0
0.0
0.0
0.0
0.0
0.0
0.0
0.0
0.0
0.0
1.63034
0.0
0.0
0.0
0.0
0.0
0.0
0.0
0.0
0.0
0.0
0.0
0.0
0.0
0.0
0.0
0.0
0.0
0.0
0.0
1.23685
0.0
0.0
0.0
0.0
0.0
0.0
0.0
0.0
0.0
0.0
0.0
0.0
0.0
0.0
0.0
0.0
0.0
0.0
0.0
-0.439302
0.0
0.0
-0.226814
0.0
0.0
0.0
0.0
0.0
0.0
0.0
-0.743199
0.0
0.0
-0.412814
0.0
0.0
0.0
0.0
-0.253674
0.560252
0.563152
-0.149211
0.00613274
0.539012
0.0400349
0.248402
0.64333
0.0
0.0
-0.788281
0.0
0.0
0.0
0.0
0.0
0.0
0.0
0.0
0.0
0.0
0.0
0.0
0.0
1.36848
0.0
0.0
0.0
0.0
-0.320847
0.0
0.0
0.0
0.0
0.0
0.0
0.0
0.0
0.0
0.0
0.0
0.0
0.0
0.0
0.0
-0.496048
0.0
0.0
0.0
0.0
0.0
0.0
0.0
0.0
0.0
0.0
0.0
-0.328118
0.0878218
0.0
0.0
0.0
0.0
0.0
0.0
0.0
-0.75956
0.0
0.0
0.057102
0.0
0.0333602
0.288371
0.201788
0.00762488
-0.0747241
-0.0857727
1.06789
0.321204
1.28165
0.0
-1.2292
0.444061
0.0
0.0
0.0
0.0
0.0
0.0
0.0
1.66422
0.0
0.2287
0.0
-0.70553
0.0
0.0
-0.771462
0.0
0.0
0.0
0.0
0.0
0.0
0.0
0.0
0.0
0.0
0.0
0.0
0.0
0.0
0.0
0.0
0.0
0.0
0.0782452
-0.175914
0.576779
0.0322978
-0.0406428
0.552954
0.173188
1.13158
0.661945
0.0
0.0
0.0
1.78794
0.0
0.0
0.0
0.0
0.0
0.0
-0.295386
0.0
0.0
0.0
0.0
0.0
0.0
0.0
0.0
0.0
0.0
0.0
0.0
0.0
0.0
0.0
0.0
-0.469788
0.0
0.0
0.0
0.0
0.0
0.0
0.0
0.0
0.0472063
-0.160627
0.268623
-0.0680165
-0.0244035
0.338082
0.727936
1.38215
1.4918
0.0
0.0
0.0
0.0
0.0
0.0
0.0
0.0
0.0
0.0
0.0
0.0
-0.697608
-0.978224
0.0
0.0
0.0
1.6613
0.0
0.573301
0.0
0.0
0.0
0.0
0.0
0.0
0.0
0.0
0.0
0.0
0.0
0.0
0.0
-0.993752
0.0
0.0
0.0
0.266017
0.0
0.0
0.0
0.0
0.0
0.0
0.0
0.0
0.0
0.0
0.0
0.0
0.0
-3.7529
-1.01026
0.0
0.135644
-0.32134
-0.493454
0.0259643
0.24695
-2.85272
0.371719
-3.65823
-1.83764
0.0
0.0
0.0
0.784556
0.0
0.0
0.0
0.0
0.0
-0.160205
-0.24741
-0.2609
-0.17438
0.14319
-0.90149
1.91622
1.09787
1.68806
0.0
0.0
0.0
0.0
0.0
0.0267345
0.0
0.0
0.0
0.213951
0.0
0.0
0.0
0.0
0.0
0.0
0.0
0.0
-0.92126
0.0
0.507747
0.0
0.0
0.0
0.0
0.0
1.36271
0.0
0.0
0.0
0.0
0.0
0.0
0.0
0.0
0.0
0.585122
3.37465
3.22204
0.264544
0.748442
0.364646
-1.65987
1.3317
0.23865
0.589947
-3.55061
-4.79369
0.301681
-0.141861
-1.52994
1.04424
-0.421204
-0.449441
0.244885
-0.0569975
-0.586798
-0.0554774
0.230753
-0.864454
-0.501719
-0.204569
1.7108
0.116099
-0.208345
0.049878
-0.118965
0.412528
-1.73381
-0.213746
-0.244291
-4.73219
0.575793
-0.176067
-1.57056
0.566107
0.606509
-1.18986
-0.61739
0.911641
-0.210758
0.077661
-0.0538937
-0.417873
0.509833
0.0837847
-1.10956
-0.635837
0.601421
-1.15612
0.978795
0.655466
0.404849
0.234211
0.313009
0.724833
0.590451
0.233961
-0.479877
1.51621
-0.1301
3.12369
0.382536
-1.4904
3.27041
1.8778
-3.10605
-0.59461
1.95165
-1.42462
-3.33481
0.503744
2.52907
0.334791
-0.3013
0.462314
0.0891546
0.232211
1.09694
0.55879
2.9615
2.70859
-2.87568
-0.538042
-0.0594787
-0.236544
-0.188638
-1.01506
5.78061
2.2617
1.40206
7.64482
5.8082
2.25282
1.37429
-0.203084
2.11694
2.66217
2.60117
-0.752839
4.41223
3.54779
-3.62354
-1.62194
-0.115439
-0.0980663
-1.63788
0.233773
0.521599
-2.79135
-0.586598
1.86043
1.77604
-0.727413
0.117207
1.55667
0.283037
0.0351005
0.872033
-3.7171
0.334721
-5.62759
0.342625
-0.113175
-0.121346
0.0444085
0.527148
-0.500096
-1.08007
2.51095
0.713647
-1.41052
-0.495979
-1.50506
0.197573
-3.66402
-2.58749
-6.65548
-5.42318
-5.15786
-4.99781
5.06773
-5.9512
-0.866415
0.0691106
-3.13106
1.11703
-2.03003
-0.828041
-3.41217
-0.235656
8.69655
-6.02375
9.27542
-9.43688
-3.44453
6.06414
2.90223
-2.26382
4.77548
-3.45467
-3.81947
0.174102
0.50331
-2.10997
-3.03453
0.280442
0.103927
0.858728
-3.11824
1.22214
