[0.39178905899908223,
 -0.9300363491670964,
 -0.35302966818387915,
 0.8330478030581219,
 -0.026050085246097865,
 0.14643638897786104,
 0.3427264831748289,
 -1.049555592960246,
 0.44002846379365224,
 -0.04865606899863906,
 0.1451744020195065,
 0.02461080027035223,
 0.14194971182723748,
 -0.12631822098501289,
 0.17108611594224854,
 0.8914416355800086,
 0.06419662875484278,
 0.44870175120320255,
 -0.04891133895398525,
 -0.07867799408535348,
 0.38323338838031873,
 -0.6187315110562963,
 -0.13976624394097997,
 0.1165746322635357,
 -0.5142405935184797,
 -0.23496221435783582,
 0.09221092599145209,
 -0.5516114878074259,
 -0.059436036228859734,
 -0.39216549370001985,
 0.6725036599993359,
 -0.18513940035420973,
 0.5078414345751838,
 -0.681291346305855,
 -0.18322673590382976,
 0.23043624289840636,
 0.2104138658820034,
 -0.5641913014309807,
 -0.014326487753351103,
 1.2067942350191743,
 0.9044302235997748,
 0.838497093528737,
 -0.7065097441357651,
 -0.2614714292645317,
 1.4400155969761812,
 -1.5331334481159047,
 -0.18512687336057354,
 0.14132722611066129,
 -0.1288226914055599,
 0.14814873628859004,
 -0.16822951510067696,
 -0.506928125976458,
 -0.5120999589319126,
 -0.02175030053152227,
 -0.43796868741083017,
 0.004502310729691317,
 0.1469475424486859,
 -0.08510053211062996,
 -0.35447018138290787,
 0.042689640654998584,
 0.28982739070448815,
 0.6930348621922349,
 -1.2382867895503313,
 0.6986164294422963,
 0.6480246823841753,
 -0.04551725764207504,
 0.36409168797098346,
 0.19163333671454552,
 0.08842372147142896,
 -0.0993797017790996,
 0.04293357184653246,
 1.4654713773367405,
 0.027669390996493348,
 -0.3322982015281468,
 0.5583735715637204,
 0.1215264654241821,
 -0.3463744127597863,
 -0.22498543826111472,
 -0.3914781996349177,
 0.3290718355881026,
 -0.18979300238720498,
 -0.04131136927139778,
 1.9954736224690066,
 0.3424440750274016,
 0.05993138617787963,
 0.36519508261733336,
 0.023292407874976107,
 -0.3328513397995039,
 -0.01981855710677749,
 0.04282388975064322,
 0.044448837508014094,
 0.050745767628995964,
 0.1677945374473211,
 -0.05601991695414199,
 1.0261573843192728,
 -0.04737566573922436,
 0.20058980365763546,
 -0.1713591484086976,
 -0.26037699665414493,
 -0.6395885398316921,
 -0.5723033732900902,
 -0.07417475163776999,
 1.0460452247706655,
 0.08739813958686682,
 0.017715861248888132,
 0.3265136561568056,
 0.30311971378228364,
 -0.8710214524090532,
 0.18421918271835125,
 -0.1787767055061522,
 -0.49200274515726505,
 0.43069840018654304,
 0.1417402741828937,
 0.009855252848083751,
 -0.12716144195465517,
 -0.010343004039583548,
 0.0690414260678267,
 -0.3030607997440029,
 -0.009435179811475791,
 0.10477841678680022,
 -0.0392759488877914,
 -0.030336483723999663,
 0.7031354450873835,
 -0.017049114144896294,
 0.1375084193003211,
 -0.22845131943630292,
 0.0925323047837594,
 0.05416385089091591]
