[125, 25, 25, 4]
0.0
0.0
0.0
0.0
0.0
0.0
0.0
0.0
0.0
0.0
0.0
0.0
0.0
0.0
0.0
0.0
0.0
0.0
0.0
0.0
0.0
0.0
0.0
0.0
0.0
0.0
0.0
0.0
0.632693
0.0
0.0
0.0
0.0
0.0
0.0
0.0
0.0
0.0
0.0
0.0
0.0
0.0
0.0
0.0
0.0
0.0
-1.33744
0.0
0.0
0.0
0.0
0.0
0.0
0.0
0.0
0.0
0.0
0.0
0.0
0.0
0.0
0.0
0.0
0.646774
0.0
0.0
0.0
0.94282
0.0
0.0
0.0
0.0
0.0
0.0
0.0
0.0
0.0
0.0688868
0.0
0.0
0.0
0.0
0.0
0.0
0.0
0.0
0.0
0.0518832
0.0
0.0
0.0
0.0
0.0
1.20047
0.235944
-1.05117
0.0
0.0
0.0
0.0
0.0
0.0
0.0
0.0
0.0
0.0
0.772217
0.0
0.0
0.0
0.0
-1.02108
0.0
0.0
0.211291
0.0
0.424455
0.0
0.0
0.0
0.0
0.0
0.0
0.0
0.0
-0.250836
0.435072
1.52008
0.0563536
0.889243
-2.42193
-1.19124
-0.144486
0.05674
0.135305
0.0407462
0.201467
0.527404
-0.283038
-0.0173444
-0.152196
-0.205146
-0.941149
-0.297527
0.657341
1.55182
0.286127
0.316271
0.0231429
-0.0765369
0.0
0.0
2.13586
0.0
0.152719
0.0
0.0
0.0
0.0
0.0
0.0
0.0
0.0
0.0
0.0
0.0
0.6337
0.0
0.0
0.0
0.0
-0.913387
0.0
0.0
0.0
0.0
0.0
0.0
0.0
-0.351457
0.0
0.0
0.0
0.0
0.0
0.0
0.0
0.0
-0.0846265
0.0
0.0
0.0
0.0
-0.818241
-1.17861
0.0
0.0
-0.147099
-0.730217
0.0
0.0
0.0
0.0
0.0
0.0
0.0
0.0
0.0
1.18591
0.256308
0.0
0.0
0.0
0.0
0.0
0.0
0.0
0.0
0.0
0.0
0.0
0.0
0.0
0.0
-0.400169
1.14243
0.0
0.0
0.0
0.0
0.0
0.0
0.0
0.0
0.0
0.0
0.0
-0.713669
0.0
0.0
0.0
0.0
0.0
0.0
0.0
0.0
0.0
0.0
0.0
0.0
0.0
0.0
0.0
0.0
0.0
0.0
0.0
0.0
0.0
1.0814
0.0
0.0
0.0
0.0
0.0
1.18555
0.0
0.0
0.0
0.0
0.0
0.0
0.0
0.0
-0.609612
0.0
0.0
0.0
0.0
0.0
0.0
-0.652419
0.0
0.0
0.0
0.0
0.0
0.0
-0.270695
0.0
0.0
0.0
0.0
0.0
0.487509
0.0
0.0
0.0
0.0
0.0
0.0
0.0
0.0
-0.0517296
0.0
0.0
-1.32894
0.0
0.0
0.0
0.0
0.842697
0.0
0.0
0.0
0.0
0.0
0.0
0.0
0.0
0.0
0.0
0.0
0.0
0.0
0.0
0.0
0.0
0.0
0.0
0.0
0.0
0.0
0.0
0.0
0.0
0.0
0.0
0.0
0.0
0.0
0.0
-0.50258
0.0
0.0
0.0
0.0
0.0
0.0
0.709651
1.51632
0.0
0.0
-1.15262
0.0
0.0
0.0
0.0
0.0
0.0
0.0
0.0
0.0
0.0
-0.591952
0.0
0.0
0.0
0.0
0.0
0.0
0.0
0.0
0.0
0.0
0.0
0.0
0.0
0.0
0.0
0.0
0.0
0.0
0.0
0.0
0.0
0.798492
0.0
0.0
0.0
0.0
0.0
0.0
0.0
0.0
0.0
0.0
0.0
0.0
0.0
0.0
-0.382362
0.0
0.0
0.0
0.0
0.0
0.0681793
0.0
0.0
0.0
-0.604951
0.0
-0.0867067
0.0
0.0
0.0
0.0
0.0
0.0
-0.503041
0.0
-0.0922032
0.0
0.0
0.0
0.0
0.0
0.0
0.0
0.0
0.0
0.0
1.72599
0.0
0.0
0.0
0.0
0.0
0.0
0.0
0.0
0.0
0.0
0.0
0.0
0.0
0.232553
0.0
0.0
0.0
0.0
0.0
0.0
0.0
0.0
0.0
0.0
0.0
0.0
0.0
0.0
0.0
0.0
0.0
0.0
-0.467987
0.0
0.0
-0.31201
0.967871
0.0
0.0
0.0
0.0
0.0
0.0
0.0
0.0
0.0
0.0
0.0
0.0
-0.444959
0.0
0.0
0.0
0.0
0.0
0.0
0.0
0.0
0.0
0.0
0.0
0.0
0.0
0.715029
0.0
0.0
0.0
0.0
0.0
0.0
0.0
0.0
0.0
0.0
0.0
0.0
0.0
0.0
-0.258472
0.0
0.0
0.0
0.0
0.0
0.0
-0.868097
0.0
0.0
0.0
0.0
0.408604
0.0
0.0
0.0
0.0
0.0
0.0
0.0
0.0
0.0
0.0
0.0
0.0
0.0
0.0
0.0
0.617742
0.0
0.0
0.0
0.0
0.0
0.0
0.0
0.0
0.0
0.0
0.0
1.33306
0.0
0.0
0.0
0.0
0.0
0.0
0.519559
0.0
0.0
0.0
0.0
0.0
0.0
0.0
0.0
0.0
0.0
0.0
0.0
0.0
0.0
0.0
0.0
0.0
0.0
0.0
0.0
0.0
0.0
0.0
0.0
0.0
0.0
0.0
0.0
0.0
0.0
0.0
0.0
0.0
0.0
0.0
0.0
-0.443501
0.0
0.0
0.0
0.0
0.0
-0.338992
0.0
0.0
0.0
0.0
0.0
0.0
0.0
0.0
0.0
0.0
0.0
0.0
0.0
0.0
0.0
0.0
0.0
0.997034
0.0
0.0
0.0
-1.23824
0.0
0.0
0.0
-0.45974
0.0
-0.325428
0.0
0.0
0.0
1.16878
0.0
0.0
-0.382237
0.0
0.0
0.0
0.0
-0.353803
0.0
0.0
0.0
0.0
0.0
0.0
0.0
0.0
0.0
0.0
0.0
0.0
0.0
0.0
0.0
0.0
0.0
0.0
0.0
-0.420808
0.0
1.89051
0.0
0.1222
0.0
0.0
0.330597
0.0
0.0
0.0
0.0
0.0
0.0
0.0
0.0
0.0
0.0
0.0
0.0
0.0
0.0
0.0
0.0
0.0
0.0
0.0
0.0
0.0
0.0
0.0
0.30443
0.0
0.0
0.0
0.0
-0.0908584
0.0
0.0
0.0
0.0
0.0
0.0
0.0
0.0
-0.571602
0.0
0.0
0.185185
0.0
0.0
0.0
0.0
0.0
0.0
0.383366
0.0
0.0
0.0
0.0
0.0
0.0
0.0
0.0
-1.00936
0.0
0.0
-0.654537
0.0
0.0
0.0
0.0
0.0
0.0
0.0
-0.776027
0.0
0.0
0.0722045
0.0
0.0
-0.391583
0.0
0.0
-0.613364
-1.07765
0.0
0.0
0.0
0.0
0.0
-0.126772
0.0
0.0
0.0
0.0
0.0
0.718658
0.0
0.0
0.0
0.0
0.0
0.0
0.0
0.0
0.0
0.0
0.0
0.0
0.0
0.0
-0.370422
0.0
1.14685
0.0
0.0
0.0
0.0
0.533087
0.0
0.0
0.0
0.169967
0.0
0.0
0.0
0.0
0.0
0.0
0.0
0.0
0.0
0.0
0.0
0.0
0.0
0.0
0.0
0.0
0.0
0.0
0.0
0.0
0.0
0.0
0.0
0.0
0.0
1.10625
0.0
0.0
0.0
0.0
0.0
0.0
0.0
0.0
0.0
0.0
0.0
0.0
0.0
0.0
0.711574
0.0
0.0
0.0
0.0
0.0
0.0
0.0
0.0
0.0
0.0
0.0
0.0
0.0
2.14304
0.0
0.0
0.0
0.0
0.0
0.0
0.0
0.0
0.0
0.0
0.0
0.0
0.0
0.0
0.0
0.0
0.0
0.0
0.0
0.0
0.0
0.0
0.0
0.693367
0.0
0.0
0.0
0.0
0.0
0.0
0.0
-0.45803
0.0
0.0
0.0
0.0
0.0
0.0
0.0
0.0
0.0
0.0
0.0
0.0
0.0
0.0
0.0
0.0
0.0
0.0
-0.542593
0.0
0.0
0.0
0.0
0.0
0.0
0.0
0.0
0.0
0.0
-0.675092
-0.690146
0.0
0.0
0.0
0.0
0.0
0.0
0.0
0.0
0.0
0.0
0.0
0.0
0.0
0.0
0.0
0.0
0.0
0.0
0.0
0.0
0.0
0.0
0.0
0.573353
0.0
0.0
0.0
0.0
0.0
0.0
0.0
0.0
0.0
0.0
0.0
0.0
0.0
0.0
-0.441271
0.0
0.0
0.0
0.0
0.0
0.0
0.0
0.0
0.0
0.0
0.0
0.0
0.0
0.0
0.0
0.0
0.0
0.0
0.0
0.0
0.0
0.0
0.0
0.421821
0.0
0.0
0.0
0.0
0.0
0.0
0.0
0.0
-0.0335092
0.0
0.0
0.0
0.0
0.0
0.0
0.0
-0.544386
0.0
0.0
0.0
0.0
0.0
0.0
0.0
-0.45434
0.0
0.0
0.0
0.0
0.0
0.678911
-1.22378
0.0
0.0
0.0
0.0
0.0
0.0
0.0
0.0
0.0
0.0
0.0
0.0
0.0
0.0
0.0
0.0
0.0
0.0
0.0
0.0
0.0
0.0
0.0
0.0
-1.11464
0.0
0.0
0.0
0.0
0.0
-0.578306
0.0
0.0
0.0
0.0
0.0
0.0
0.0
0.0
0.0
0.220674
0.0
0.0
0.0
0.0
0.0
0.0
0.0
0.0
0.0
0.0
0.0
0.0
0.0
0.0
-0.113478
-0.997409
0.0
0.785313
0.0
0.0
2.02237
0.0
0.0
0.0
0.0
-1.5848
0.0
0.0
0.0
0.0
0.0
0.0
0.0
0.0
0.0
0.0
0.0
0.0
0.0
0.0
0.198214
0.0
0.0
0.0
0.0
0.0
0.0
0.0
0.0
0.0
0.0
0.0
0.220062
0.0
0.0
0.0
0.0
0.0
0.0
0.0
0.0
0.825661
0.0
0.576169
0.0
0.0
0.0
0.0
0.0
0.0
0.0
0.0
0.0
0.0
0.0
0.0
0.0
0.0
0.0
0.0
-2.25422
0.0
0.0
0.277441
0.0
0.190732
0.0
0.0
0.0
0.0
0.0
0.0
0.0
0.0
0.0
0.0
0.0
0.0
0.0
0.0
0.0
0.0
0.0
0.0
0.0
0.0
0.0
0.0
0.0
0.0
0.0
0.0
0.0
0.0994043
0.0
0.0
0.0
0.0
0.0
0.0
0.0
0.0
0.0
0.171959
0.0
0.0
0.0
0.0
0.0
0.0
0.0
0.0
0.0
0.0
0.0
0.0
0.0
0.0
1.07641
0.0
0.0
0.0
0.0
0.0
0.0
0.0
0.0
0.0
0.0
0.0
0.0
0.0
0.0
0.0
0.0
0.0
0.0
0.0
0.0
0.0
0.0
0.0
0.0
0.0
0.0
0.0
-0.0926664
0.0
0.0
0.0
0.0
0.0
-0.987841
0.0
0.0
0.11505
0.684009
-1.01007
1.74835
0.0
0.0
0.0
0.0
0.0
0.0
0.0
0.0
0.0
0.0
0.0
0.0
0.0
0.0
0.0
0.0
0.0
0.0
0.0
0.0
0.0
0.0
0.0
0.0
0.0
0.0
0.0
0.0
0.0
0.0
0.0
0.0
0.0
0.0
0.0
0.0
0.0
0.0
0.0
0.0
1.92308
0.0
-0.779976
0.0
0.0
0.0
0.0
0.0
0.0
0.0
0.0
-0.683517
0.0
0.0
0.0
0.0
0.0
0.0
0.0
0.0
0.952916
0.0
0.0
1.06468
0.0
0.0
0.0
0.579139
0.0
0.0
0.0
0.0
0.0
0.0
0.0
0.0
-1.17992
-0.102877
0.0
0.0
0.0
1.15045
0.0
0.0
0.0
0.0
0.0
0.0
0.0
-0.563931
0.0
0.0
0.0
0.0
0.0
0.0
0.0
0.0
0.0
0.0
0.0
1.06337
0.0
-0.885598
0.0
0.0
0.0
0.0
-1.25003
0.0
0.0
0.0
0.0
0.0
0.0
0.0
0.0
0.0
0.0
0.0
0.0
0.0
0.0
0.0
0.174874
0.124054
0.0
0.0
0.0
0.0
0.0
0.0
0.0
0.0
0.0
0.0
0.0
0.0
0.0
0.0
0.0
0.0
0.0
0.0
0.0
0.0
0.0
0.622276
0.0
0.0
-0.550589
0.0
0.0
0.0
0.0
0.0
-0.469145
0.304173
0.91356
-0.00190172
0.247143
0.539654
-0.734559
0.085368
0.438272
1.5472
0.130487
0.128647
0.358864
0.973893
-0.519054
-0.0965296
-0.0814983
-0.184315
-0.124027
-0.0203377
0.345629
1.00749
-0.135678
0.01529
0.0976727
0.0
0.0
0.0
0.0
0.0
0.0
0.0
0.0
0.0
0.0
0.0
0.0
0.0
0.0
0.0
0.0
0.0
0.0
-0.332343
0.0
0.0
0.0
-1.71939
0.0
0.0
0.0
0.0
0.0
0.0
-0.317293
0.0
0.0
0.0
0.0
0.0
0.0
0.0
0.0
0.0
0.0
0.0
0.0
0.0
0.0
0.0
0.0
0.0970127
0.0
0.0
0.0
0.0
0.0
0.0
0.0
0.0
0.0
0.0
0.0
-1.02299
0.0
0.0
0.0
0.0
0.0
0.0
0.0
0.0
1.34069
0.0
0.0
0.0
0.0
0.849067
0.0
0.0
0.0
0.0
0.0
0.0
0.139911
0.0
0.0
0.0
0.0
0.0
0.0
0.0
0.0
0.0
0.0
0.0
0.0
0.425678
0.0
0.0
0.0
0.0
0.0
-0.261188
0.0
0.0
0.0
0.0
0.0
0.0
0.850796
0.0
0.0
0.0
0.0
0.0
0.0
0.0
0.0
0.0
0.0
0.0
0.0
0.586
0.0
0.0
0.0
0.0
-2.3095
0.0
-0.253149
0.0
0.0
0.0
0.0
0.0
0.0
0.0
0.0
0.0
0.0
0.0
0.0
0.0
0.0
0.0
0.0
0.0
0.0
0.0
-1.90624
0.0
-1.12261
0.0
0.0
0.0
0.0
0.0
0.0
0.0
0.0
0.0
0.0
0.0
0.0
0.656208
0.0
0.0
0.0
0.0
0.0
0.0
0.964388
-0.951606
0.0
0.0
-0.945255
0.0
0.0
1.23276
0.0
1.26222
0.0
0.0
2.33043
0.0
0.0
0.0
0.0
0.0
0.0
0.0
0.0
0.0
0.0
-0.304125
0.0
0.0
-0.839034
0.0
0.0
0.0
0.0
0.0
0.0
0.0
0.0
0.0
0.0
0.0
0.0
0.0
0.0
0.0
0.0
0.0
0.0
0.0
0.0
0.0
0.0
0.0
0.0
0.0
0.0
0.0
0.0
0.0
0.0
-1.08992
-1.24694
-0.0751702
-0.0343111
0.0712545
0.373035
0.481002
-0.557823
-1.16981
0.88669
0.253956
-0.218981
-0.0648434
-0.375877
0.555635
0.539106
-0.100368
-1.03368
0.39078
0.0139801
-0.309155
-0.892802
0.0161263
0.101283
-0.145696
-0.0799195
0.0
0.0
0.0
0.0
0.0
0.0
0.0
-0.365364
0.0
0.0
0.0
0.0
0.0
0.0
0.0
0.0
0.0
0.0
0.0
0.0
0.0
0.0
0.0
0.0
-0.115497
0.0
0.0
-0.241716
0.0
0.0
0.0
-0.0593362
0.0
0.0
0.0
0.0
0.0
0.0
0.0
1.529
0.0
0.0
0.0
0.0
0.0
0.0
0.0
0.0
0.0
0.0
0.0
0.0
0.0
0.0
-0.440077
0.0
0.0
0.0
0.0
0.0
0.346603
0.0
0.0
0.0
0.0
0.0
0.0
0.0
-0.0227649
0.0
0.0
0.0158153
0.0
0.0
0.0
0.0
0.0
0.0
0.0
0.0
0.0
0.0
0.0
0.0
0.0
0.0
0.0
0.0
0.0
0.0
0.0
0.0
0.0
0.773113
0.0
0.0
0.0
0.0
0.0
0.0
-0.680522
0.0
0.0
0.0
0.0
0.0
0.0
0.0
0.0
0.0
0.0
0.0
0.0
0.0
0.0
0.0
0.0
0.0
0.0
0.0
0.0
0.0
0.0
0.0
0.0
0.0
0.638304
0.0
0.0
0.0
0.0
0.0
0.0
-1.39087
0.0
0.0
0.0
0.0
0.0
0.0
0.0
0.0
0.0
0.0
0.0
0.0
0.0
0.0
0.0
0.0
0.0
0.0
0.0
0.0
0.0
0.0
0.0
0.0
0.0
-1.13097
0.0
0.0
0.0
0.0
0.0
0.0
0.0
0.0
0.0
0.0
0.0
0.0
0.0
0.0
0.0
0.0
0.0
0.0
1.50944
0.0
0.0
0.0
0.0
0.0
0.0
-0.334203
0.0
0.0
0.0
0.0
0.0
0.0
0.0
0.0
0.0
0.0
-0.352746
0.0
0.0
0.0
0.0
0.329301
0.533624
0.0
0.0
0.0
0.0
-2.29324
0.0
0.0
0.0
0.0
0.0
0.0
0.0884811
0.147453
0.0
0.0
0.0
1.42301
0.0
0.0
0.0
0.0
0.0
0.0
0.0
0.0
0.0
0.0
0.0
0.0
0.0
0.0
0.0
0.0
0.0
0.0
0.0
0.0
0.0
0.0
0.0
0.0
0.0
0.0
0.0
0.0
0.0
0.0
-2.56648
0.0
0.0
0.0
0.0
0.0
0.0
0.0
0.0
-0.876384
0.0
0.0
0.0
2.84506
0.0
0.0
0.0
0.0
0.0
0.0
0.0
0.0
0.0
0.0
0.0
0.0
0.0
0.0
0.0
0.0
1.0262
-0.902833
0.0
0.0
0.0
0.0
-0.64709
0.0
0.0
0.0
1.28724
0.0
0.0
0.0
0.0
0.0
0.0
0.0
0.0
0.0
0.0
0.0
0.0
0.0
0.030411
0.0
0.0
0.0
0.0
0.23457
0.0
0.0
0.0
0.0
0.0
0.0
0.0
0.0
0.0
-0.292457
0.0
0.84043
-0.397603
0.0
0.0
0.0
0.0
0.0
0.0
0.0
0.537061
0.0
0.0
0.0
0.0
0.0
0.0
0.0
0.0
0.0
0.0
0.0
0.0
0.0
0.0
0.0
0.0
0.0
0.0
0.0
0.0
0.0
-1.27799
0.0
0.0
0.0
0.0757386
0.0
0.0
0.0
0.0
0.0
0.0
1.65844
0.0
0.0
0.0
0.0
0.0
0.0
0.0
0.0
0.0
0.0
0.0
0.0
0.0
0.0
0.0
0.0
0.0
0.0
0.0
0.0
0.0
0.0
0.0953331
0.0
0.0
0.0
0.0
0.0
0.0
0.0
0.0
0.0
0.0
0.0
0.0
0.0
0.0
0.517061
-0.407952
0.0
0.0
0.0
1.58727
0.0
0.0
0.0
0.0
-0.375382
1.34601
0.0
0.756719
0.0
0.0
0.0
0.0
0.0
0.0
0.0
0.0
0.0
0.0
0.0
0.0
0.0
0.0
0.0
0.0
0.0
0.0
0.0
0.0
0.0
1.39511
0.0
-0.950225
0.0
0.0
0.0
0.0
0.0
0.0
0.0
0.0
0.0
0.0
0.0
0.0
0.0
0.0
0.0
0.0
0.0
0.0
-0.281741
0.0
0.0
0.0
0.0
0.0
0.0
0.0
0.0
0.0
0.262767
0.0
0.0
0.0
0.0
0.0
0.0
0.0
0.0
0.0
0.0
0.0
0.0
0.0
1.30411
0.0
0.0
0.0
0.0
0.0
0.0
0.0
-1.81052
-0.299408
0.0
0.0
-2.05017
0.0
0.0
0.413414
0.0
0.0
0.0
0.0
-1.73953
0.0
0.0
0.0
-1.33426
0.0
0.0
0.0
0.0
-0.150175
0.0
-1.7213
0.0
0.0
0.0
0.0
0.0
0.0
0.0
0.0
-0.370817
0.0
0.0
0.0
0.0
0.0
0.0
0.0
0.0
0.0
0.0
-1.51875
0.0
0.0
0.0
0.0
0.0
0.0
0.0
0.0
0.0
0.0
0.0
-0.803894
1.69713
0.0
0.0
0.255249
0.0
0.0
-1.05863
0.0
1.17761
-0.0392761
0.0
0.0
0.0
0.0
0.0
0.0
0.0
0.0
0.0
0.0
0.0
0.0
0.0
0.0
0.0
0.0
0.0
0.0
0.0
0.0
0.0
0.0
0.0
0.0
0.0
0.55354
0.0
0.0
0.0
0.0
0.0
0.0
0.0
0.0
0.0
0.0
0.0
-1.40199
0.0
0.0
0.0
0.0
0.0
0.0
0.0
0.0
0.0
0.0
0.0
0.0
0.0
0.0
0.0
0.0
0.0
0.0
0.0
0.0
0.0
0.0
0.0
0.0
0.0
0.0
0.0
1.72817
0.897714
0.0
0.0
0.0
0.0
0.0
0.0
0.0
0.0
0.0
0.0
-0.980265
0.0
1.30823
0.0
0.0
0.0
1.22511
0.0
0.0
0.0
0.0
0.0
0.0
0.0
0.0
0.0
0.0
0.0
0.0
0.0
0.0
0.0
0.0
0.0
0.517611
0.0
0.0
0.0
-0.184577
0.0
0.0
0.0
0.0
0.0
0.0
0.0
0.0
0.0
-0.11359
0.0
0.0
0.0
0.0
0.0
0.0
0.0
0.0
0.0
0.0
0.0
0.0
0.0
0.0
0.0
0.0
0.0
0.0
0.0
0.0
0.0
0.0
0.0
0.0
0.0
0.0
0.0
-0.482577
0.0
0.0
0.0
0.0
0.0
0.0
0.0
0.0
0.0
0.0
0.0
0.0
0.0
0.0
0.0
0.0
0.0
0.0
0.0
0.0
0.0
0.691899
0.0
0.0
0.0
0.0
0.0
0.0
0.0
0.0
0.0
0.0
0.0
0.0
-2.36541
0.978476
0.423295
0.0
-0.305633
0.0
0.0
0.0
0.0
0.0
0.0
0.0
0.0
-1.20945
0.0
0.0
0.0
0.0
0.0
0.0
0.0
0.0
0.0
0.0
0.0
0.0
0.0
0.0
0.0
0.0
0.0
0.0
0.0
-1.15278
0.0
0.0
0.0
0.0
0.0
0.0
0.0
-0.159402
0.0
0.0
0.16811
0.0
0.0
0.0
0.0
0.0
0.0
0.0
0.0
0.0
-0.423834
0.601738
0.0
0.0
0.0
0.0
0.0
0.0
0.0
0.0
0.0
0.0
0.0
0.0
0.0
0.0
0.0
0.0
0.0
0.0
-0.671818
0.0
0.0
0.0
0.0
0.0
0.0
0.0
0.0
0.0
0.0
0.0
0.0
0.0
0.0
0.0
0.0
0.0
0.0
0.0
0.0
0.0
0.0
-1.00134
0.0
0.0
0.0
0.0
0.0
0.0
-1.0558
0.0
0.0
0.0
0.0
0.0
0.0
0.0
0.0
0.0
0.0
0.0
0.0
0.0
0.0
0.0
0.0
0.0
-1.08021
-1.04738
0.0
0.0
0.0
0.0
0.0
0.0
0.0
0.0
0.0
0.0
0.0
0.0
0.0
0.0
0.0
0.0
0.0
0.0
0.0
0.0
0.0
0.0
0.0
0.0
0.0
0.0
0.0
0.0
-0.89498
0.0
0.0
0.0
0.0
0.0
0.0
0.0
0.0
0.0
0.0
0.0
0.0
0.0
-1.39195
0.0
0.0
0.0
0.0
0.0
0.0
0.0
0.2292
0.0
0.0
0.0
0.0
0.0
0.0
0.0
0.535177
0.0
0.0
0.0
0.0
0.0
0.0
0.0
0.0
0.0
0.0
0.0
0.0
0.0
0.0
0.0
0.0
-1.26804
-1.49264
0.0
-0.271635
0.0
0.0
0.0
0.274846
0.0
0.0
0.0
0.0
-1.05149
0.0
0.0
0.0
0.0
0.0
1.31256
0.0
0.0
-0.291928
0.0
0.0
0.0
0.0
0.0
0.0
0.0
0.0
0.0
0.0
0.0
0.429298
0.0
0.0
0.0
0.0
0.0
0.0
0.710892
0.0
0.0
-0.249614
0.0
0.0
-0.914497
0.0
0.0
0.0
0.0
0.0
0.0
-0.46465
0.0
0.0
0.0
0.0
0.0
0.0
0.0
0.0
0.0
0.0
-2.32665
0.0
0.0
0.0
0.0
0.833376
0.0
0.0
0.0
0.0
0.0
0.0
-0.866565
0.0
0.0
0.0
0.0
0.0714983
0.0
0.0
0.0
0.0
0.0
0.0
0.0
0.0
0.0
0.0
0.0
-0.0159423
0.0
0.0
0.0
-2.04378
0.464761
0.0
0.0
0.0
0.0
0.0
0.0
0.0
0.0
0.348294
0.0
0.721752
0.0
0.0
-0.141406
0.0
0.0
0.0
-1.53647
0.0
0.0
-0.820128
-0.903518
0.0
-2.30755
0.0
0.0
0.0
0.0
0.0
0.0
0.0
0.0
0.0
0.0
0.0
0.0
0.0
0.0
0.0
0.0
0.0
0.0
0.0
0.0
0.0
0.0
0.0
-0.369151
0.0
0.0
0.0
0.0
0.0
-1.06472
0.0
0.0
0.0
0.0
0.0
-0.756609
0.0
-0.268222
0.0
0.0
0.0
0.0
0.0
-0.186895
0.0
0.0
0.0
0.0
0.0
0.0
0.0
0.0
0.0
0.0
0.0
0.0
0.0
0.0
0.0
0.0
0.0
-0.551132
0.0
0.0
0.0
0.0
0.0
0.0
0.0
0.0
0.0
-0.089727
0.0
0.0
0.0
0.0
0.0
0.0
-1.68006
0.0
0.0
0.0
0.0
-0.0874227
-1.36038
0.0
0.0
0.0
0.0
0.0
0.0
0.0
0.519019
0.0
0.0
0.0
0.0
0.0
0.0
0.0
0.0
-0.0371025
1.33713
0.0
0.0
0.0
0.572226
0.0
0.0
0.0
0.0
0.0
0.0
0.0
0.0
0.0
0.0
0.0
-0.0537605
0.0
0.0
0.0
0.0
0.0
0.0
0.0
0.0
0.0
0.0
0.0
-0.78381
0.0
0.0
-1.00808
0.605933
0.0
0.0
0.0
0.0
0.0
0.0
0.0
0.0
0.0
0.0
-1.00448
0.0
0.14933
0.0
0.0
0.0
0.0
0.0
0.0
-1.1298
0.0
0.0
0.0
0.0
0.0
0.0
0.0
0.0
-0.771097
0.0
0.0
0.0
0.0
0.0
0.0
-0.555315
-0.0244425
0.208416
-0.388752
0.232702
0.961528
-0.211123
-1.04172
0.959638
0.133634
-0.149193
0.0148998
0.0550979
0.879068
0.119071
0.0210419
-0.0455072
-0.203713
0.0495175
0.0126306
-1.48592
0.0975935
-0.225158
-0.285953
-0.236208
0.0
0.0
0.0
0.0
0.0
0.0
0.0
0.0
0.0
0.0
0.0
0.0
0.0
0.0
0.0
0.0
0.0
0.0
0.950968
0.0
0.0
0.0
0.0
0.0
0.0
0.0
0.0
0.0
0.0
2.02428
0.0
0.0
0.0
0.0
0.0
0.0
1.49208
0.0
0.0
0.0
0.0
-1.46826
0.0
0.0
0.0
0.0
0.0
0.0
0.0
0.0
0.713862
0.0
0.0
0.0
0.0
-1.10544
0.0
0.0
0.0
0.0
0.0
0.0
0.0
0.0
0.0
0.0
0.0
0.0
0.0
0.0
0.0
0.0
0.0
0.956337
0.0
0.0
0.0
0.0
0.0
0.0
0.0
0.0
0.0
-1.50789
0.0
0.0
0.301971
0.0
0.0
0.0
0.042484
0.0
0.0
0.0
0.0
0.0
0.0
0.0
0.0
-1.68925
0.0
0.0
0.0
0.0
0.0
0.0
0.0
0.0
0.0
0.0
0.0
0.0
-1.58476
-0.621989
0.0
0.0
0.0
0.0
0.0
0.0
0.0
0.0
0.0
0.0
0.0
0.105505
1.21951
1.11851
0.353331
0.0629635
-0.0382392
0.359066
2.26727
2.64147
0.403269
-0.548296
0.435973
1.27409
1.26847
0.566781
0.260812
0.18039
-0.234342
-0.125331
0.35659
-0.359983
1.16636
0.923056
-0.0629591
0.39137
0.0809025
-1.46721
-1.87565
-0.00710504
-0.148168
-0.680776
-0.911026
-1.21957
-2.92894
0.0388214
0.0342396
-0.59179
-1.37857
-0.561002
-0.861103
-0.257945
1.18437
0.0495954
-0.296885
-0.126846
0.923322
-1.22848
-1.17889
0.367484
-2.19227
-1.9585
1.00007
1.01033
0.231816
-0.0821809
-0.458797
-1.35724
-0.486299
0.256558
0.243017
-0.0477444
0.127294
-0.444265
0.322902
0.709751
0.104121
-1.23514
0.0101956
0.421486
-0.0664167
0.865519
-0.343337
0.172498
0.0972646
0.0983868
0.0214649
0.223237
0.412655
0.292714
0.916681
0.27261
0.90255
0.53681
-0.134241
-0.0516263
0.0951532
-0.2889
0.818712
0.341576
-0.337586
-0.084942
-0.422088
0.356885
-0.468428
0.410768
-2.3618
-0.402132
-0.333897
0.0885873
0.0643246
0.186183
-0.248006
-0.755336
0.346417
-0.0883946
-0.721386
-1.07237
-0.166392
-0.287235
0.442725
-0.0858408
-0.153617
-0.103912
0.128948
-0.295691
0.00288243
-0.199229
-0.18489
-0.421113
0.229823
0.561763
-0.0620263
-0.255227
-0.161116
0.931143
2.09363
-0.195415
-0.574808
0.0609343
0.0910168
1.08542
1.14851
0.810163
-0.711028
-0.0725901
0.0281369
-0.233566
0.221979
-3.31904
-0.446522
0.456552
1.78274
0.380189
-0.178272
-0.0701443
0.872986
-0.683555
0.553748
0.0425848
-0.040689
1.6291
0.0202385
1.84907
0.0685281
-0.515255
0.234719
1.03018
0.913051
-0.33135
0.0915828
0.030777
0.098916
1.48015
0.769085
0.495071
0.300134
-0.536602
0.195835
0.697347
-0.098016
0.381168
0.0689746
0.235824
0.0475529
-0.261412
2.67317
1.79372
2.61312
0.0296322
-2.1587
1.27447
1.32803
-1.71708
0.0299534
-0.0450439
0.0049012
-0.109709
4.28344
-0.71656
-0.82683
0.275785
-0.719624
1.1483
-0.0481835
-0.00364269
0.625024
1.79048
-0.707119
0.0411737
-1.72609
1.84418
-1.49569
-2.34644
0.0622748
2.31984
-0.163471
-0.414646
-0.180111
-0.229005
-0.15587
0.0860639
-0.0764435
-1.45205
2.32922
-3.05538
1.6109
1.34943
0.0860196
-0.0341969
-0.0953402
-0.445593
-0.281639
-0.248499
0.1332
1.24748
-0.2161
1.9089
2.4267
2.4723
2.28756
-2.51134
-0.259633
-0.832781
-0.642534
-0.109451
0.0763721
0.100797
0.391059
0.573221
2.58708
1.97308
-1.30755
-1.38696
0.326609
-0.110058
-0.162302
-0.225912
-0.071877
0.173089
1.97232
1.28693
1.31037
3.3373
2.179
2.13577
3.69605
1.34302
2.31775
0.0775832
0.0128372
0.0254765
-0.0553808
0.273826
-3.72065
0.22619
2.76763
-2.90807
1.27991
-0.0441635
-0.568058
-0.58574
-1.33346
1.00443
-0.0800032
-0.517699
2.22197
-0.0407341
-0.0225014
2.51053
-0.509259
3.96169
2.36978
-1.52543
0.0567431
-0.164653
-0.00156923
0.280982
-0.462495
-3.00982
0.420654
0.562202
1.0951
3.49248
-2.85899
1.9747
-0.766917
-1.14583
0.896272
0.0792455
-0.710101
-0.664764
-0.0135185
-0.653575
0.0804134
1.34962
-1.37069
1.04909
3.05532
1.10769
-0.14754
0.049568
0.777323
-0.562561
0.472197
0.170712
0.106203
-0.897038
-2.14277
0.929736
0.953559
-1.30544
-0.620499
1.85341
0.011481
0.136912
-0.014346
0.187383
-0.337972
0.100191
0.0411214
0.0187939
-2.55377
-1.47259
-1.54751
-1.45307
0.0578543
-0.632319
-0.869732
0.745512
0.111808
0.33148
-0.223384
0.0276575
-2.80428
2.60324
-2.45203
-0.651141
0.789529
0.16492
0.027164
-0.443395
-0.451848
-0.520362
0.0725168
0.577415
-0.554113
-1.20305
2.38838
0.811143
2.31221
0.0223152
-0.614306
-0.0655293
0.150238
-0.399236
0.09375
1.30203
-0.164118
0.215704
-1.51939
2.81952
-0.52563
-0.468279
2.67504
0.00348974
0.113926
0.032871
-0.223977
0.0476002
-0.287966
-0.0911073
0.969092
0.562669
1.86822
-2.69975
1.7833
0.0666144
-0.309002
0.0451675
-0.112451
-0.00590641
-0.260599
0.0981515
0.0100189
-0.106898
-1.265
-1.99335
-1.90965
2.49564
0.279183
-0.198582
-0.427665
-0.360148
0.0703338
-0.197616
-0.24041
-0.114792
0.707158
-0.867896
2.00471
-2.57874
0.276368
-0.442439
0.181664
-0.479981
0.132804
0.653934
-0.149509
1.11241
-0.111462
-1.13721
2.01017
2.54514
-2.52687
0.0550807
0.610596
0.245683
1.24687
0.0584364
0.308056
0.451101
0.677972
-0.872257
0.513071
-1.9587
2.96636
-1.63379
1.44676
-0.0536072
0.17936
0.239034
0.233427
-0.0405722
-0.470561
0.0261287
2.40753
1.32046
-3.38779
1.98273
-0.928353
-4.46103
0.395782
-1.38994
0.039147
-0.0175834
-0.979875
-1.8413
-0.385603
0.559276
-0.105908
0.0477358
0.149769
1.89862
0.971383
2.41468
-0.211642
-0.248066
-1.2267
-0.0408107
-0.111601
-0.530588
0.584829
-0.979283
0.180504
3.37763
-1.83761
1.03021
0.748771
0.0449679
-0.618833
0.103095
0.847155
1.32227
-0.601149
0.108775
0.0301098
0.537342
-2.51126
-2.25845
-0.461118
0.0769034
-0.686412
0.219694
1.54461
-0.217172
-0.650979
-0.675501
0.96695
0.0629095
-2.57989
0.170114
-1.58419
-0.103152
2.16096
-0.174569
0.0784565
-0.283655
-0.215558
0.0067208
-0.320633
0.0776308
-0.107254
-0.211613
-0.0831758
0.254761
-2.7314
0.652338
0.181344
-0.149227
-0.0583896
-0.503059
-0.416788
-0.107448
0.17115
0.249415
-0.748592
-0.957643
-2.86774
0.079195
-0.872204
-0.884578
-1.70012
-0.366165
-0.183279
-0.170408
0.0897957
-1.39526
-0.700987
0.243075
-3.16652
1.68303
1.04216
-0.716621
-1.92249
0.186994
-0.0456889
-0.37345
-1.01287
0.0111866
1.12292
0.728303
-0.344578
1.55335
0.173845
-1.51473
2.84021
2.18061
-0.265577
0.0329139
0.0986612
0.0141543
-0.0662453
0.516894
-0.836908
-0.602458
1.73153
-2.0937
-1.1712
-2.43474
-0.954747
-0.160647
0.0818375
0.313846
-0.0270302
-0.629876
-0.0571626
-0.569213
-0.264275
0.0549835
-2.54993
-1.20622
2.26143
0.0762402
0.0796666
0.0343993
0.0132351
0.892411
0.0340834
-0.045289
-0.735495
-0.141462
2.86609
0.937218
0.982637
-0.333854
-0.000790135
0.371203
0.947545
-0.234972
0.00564249
-0.0492403
-0.00728355
-0.284331
0.0516493
-0.163754
-2.28884
-2.56095
-2.54082
-0.227634
-0.182076
0.0838157
-0.393695
-0.168019
0.0864183
-0.141648
-0.010297
-0.360618
-1.06971
-3.02122
0.302157
0.84578
-0.196095
-0.504397
0.164251
0.254854
-0.358734
0.104804
-0.0801624
-0.00608041
-1.01045
-0.0861726
4.10691
-0.338452
-0.92288
0.0501561
0.0149653
0.730674
1.13035
-0.707401
0.0519519
-0.553463
-1.50174
-0.390694
-3.11522
2.36443
6.24338
3.48193
-1.44524
0.0553149
0.0235863
-0.401359
-0.0994444
0.112901
0.0436211
-0.414265
0.038956
0.630282
-1.4219
1.68093
0.509003
0.0338575
-0.155304
0.145681
0.205372
-0.0362529
-0.0170397
0.163023
-0.100928
1.29765
0.917316
2.75967
-0.272444
-2.16775
0.14404
-0.18456
-0.315251
-0.253934
-0.461046
0.0711883
-0.0959816
-0.236111
-0.352006
1.93086
0.362272
2.91234
2.55185
2.18877
-1.06749
0.0772437
0.253653
0.137286
-0.268133
-0.0481355
3.17559
-0.962577
-1.21887
-0.26539
2.19765
-1.46526
0.143757
0.165532
0.0696315
-0.241932
0.0532259
-0.248703
-0.0903003
-0.384428
1.37563
-0.942577
-1.4344
2.80717
0.388377
-0.267171
-0.0141503
0.00923804
-0.0239391
-0.44184
0.109806
-0.0590227
-0.136561
-2.41526
2.56717
1.76243
-0.459141
0.267365
-0.200741
-0.252459
-1.37322
0.0457255
-0.0195891
-0.383396
-0.553737
0.159594
0.171625
-2.3254
0.544108
-0.891813
-1.09953
0.808827
-0.0842673
-0.030426
0.425688
-0.524161
-0.0383395
-0.0852912
-0.68008
-0.708945
0.372169
2.23643
1.09443
0.111297
1.23019
-0.228969
0.241662
0.0627858
-0.39851
-0.0688538
-0.0725561
0.0550845
0.495896
-0.18183
0.0573516
0.180815
-1.6978
-0.155524
-1.90558
0.0740313
-0.235575
-0.370882
0.330398
0.803224
0.199022
0.0704438
-0.267009
-1.40477
4.23159
-4.64319
1.43912
1.39891
-1.63561
-2.33331
-1.23914
-1.2861
-3.76451
-2.99174
2.50623
-1.7752
0.696056
-1.02213
-1.21699
-0.0566787
0.345379
-0.694621
-2.02563
1.18428
-4.12105
-3.80308
1.84004
5.23434
-1.71836
-4.97485
2.93486
2.13093
-1.59585
-2.01376
-2.20969
1.78551
-4.13563
-4.55181
-4.18853
-3.50849
-0.300752
-0.158645
-0.543031
-0.138326
0.735513
-0.24024
-3.49763
0.0681169
-2.32138
-0.394713
-0.753083
0.491439
-3.04766
-2.53466
1.79402
-3.51124
-3.26981
2.00977
-5.28723
-3.88939
-1.6562
-1.24484
-1.27991
-0.416283
1.15211
-1.24787
-0.254268
0.41325
4.50243
0.0355049
-0.128663
0.738083
-1.26833
-1.72179
1.07813
0.940202
-2.10306
-0.40246
1.23778
3.70138
-1.74258
-0.370624
-1.00359
-0.712755
-5.20755
8.43106
1.9761
-3.92959
-3.77484
0.156644
0.115666
-4.58999
-2.23585
-1.9862
-1.62145
2.97767
0.937609
-0.952451
0.120372
-1.90215
1.43155
-0.101771
-4.76298
0.117485
0.657712
-1.01403
-1.49148
-0.17849
