[125, 25, 25, 4]
0.0
0.0
0.0
0.0
0.0
0.0
0.0
0.0
0.0
0.0
0.0
0.0
0.0
0.0
0.0
0.0
0.0
0.0
0.0
0.0
0.0
0.0
0.0
0.0
0.0
0.0
0.0
0.25144
0.0
0.0
0.0
0.0
-1.13627
0.0
0.0
0.0
0.0
0.0
-1.44647
0.0
0.0
0.0
0.0
0.0
0.0
0.0
-0.340716
0.0
0.0
0.882043
0.0
0.0
0.0
0.0
0.0
0.0
0.0
0.0
0.0
0.0
0.0
0.0
0.0
0.0
0.0
0.0
0.0
0.0
0.0
0.0
0.0
0.0
0.0
0.0
0.0
0.0
0.0
0.0
0.0
0.0
0.0
0.0
0.0
0.0
0.0
0.0
0.0
0.0
0.0
0.0
0.0
0.0
0.0
0.0
0.0
0.0
0.0
0.0
-1.83894
0.0
0.0
0.0
0.0
0.0
0.0
0.0
0.0
0.0
0.0
-0.0962293
0.0
0.32178
0.0
0.0
0.0
0.0
0.0
-1.46432
0.0
-0.229229
0.0339067
0.0
0.0
0.0
0.0
0.992277
-1.13801
0.281393
-0.065701
-0.299539
0.60355
0.271621
-0.113087
0.281512
-0.00360737
-0.00248562
-0.149282
0.0714068
-0.869978
-0.838284
0.23615
-0.0190161
0.542208
0.158594
-0.311784
1.33467
0.418676
-0.476887
-0.00481582
0.0496578
0.0
0.0
0.0
0.388967
0.0
0.0
1.29537
0.0
0.0
0.0
0.0
0.0
0.0
0.0
0.0
0.0
0.0
0.0
0.0
0.0
1.83179
0.0
0.0
0.0
0.0
0.0
0.0
0.0
0.0
0.0
0.0
0.0
0.0
-0.542378
0.0
0.142225
0.0
0.0
0.0
1.39824
0.0
0.0
0.0
-1.41149
0.0
0.0
-1.08658
0.0
0.0
0.0
0.0
-1.73517
0.0
0.0
0.0
0.0
0.0
0.0
0.0
0.0
0.0
0.0
0.0
0.0
0.0
0.0
0.0
0.0
0.0
-0.127315
0.0
0.0
0.0
0.0
0.0
0.0
0.0
0.0
0.105355
0.0
0.0
0.0
0.0
0.0
0.0
0.0
0.0
0.0921999
0.0
0.0
0.0
0.0
0.0
0.0
0.0
0.0
1.62981
0.0
0.0
0.0
0.0
0.0
0.0
0.0
0.0
0.0
0.0
0.0
0.302419
-0.729865
0.0
0.0
0.0
0.0
0.0
0.0
0.0
0.0
0.0
0.0
0.0
0.0
0.0
0.0
-0.0130342
0.0
0.0
0.0
0.0
0.0
0.557218
0.0
0.0
0.0
0.0
0.0
0.0
0.0
0.0
0.491839
0.0
0.0
0.0
0.0
0.0
0.0
0.0
0.0
0.0
0.0
1.08123
-0.829743
0.447553
0.0509242
0.0189537
0.835818
0.561648
-0.299046
-0.114379
-0.00897645
0.00187622
-0.233271
-0.177845
-0.708569
-1.17136
0.147672
0.230186
-0.0151693
0.100877
-0.179037
1.32778
0.354587
-0.305609
-0.0113825
0.00317458
0.0
0.0
0.0
-1.04646
1.07096
0.0
0.804079
0.0
-0.841454
0.0
0.0
0.0
0.0
0.0
0.0
0.0
0.0
0.0
0.0
0.0
0.0
0.0
0.0
-0.452319
0.0
0.0
0.0
0.0
0.0
0.0
-1.4123
0.0
0.0
0.0
-1.11437
0.0
0.0
0.0
0.0
0.0
0.0
0.0
0.0
0.0
0.0
0.0
0.0
0.0
0.0
0.0
0.0
0.0
0.0
0.0
0.0
0.0
0.0
0.0
0.0
0.0
0.0
1.50779
0.0
0.0
0.94272
0.0
0.0
0.0
0.0
0.0
0.0
0.0
0.0
0.0
0.0
0.0
0.0
-1.18325
0.0
0.0
0.0
0.0
0.0
-0.780335
-0.425766
0.0
0.0
0.0
0.0
-0.169424
0.0
0.0
0.0
0.0
0.0
-0.404608
0.0
0.0
0.0
0.0
0.0
0.52117
0.0
0.0
0.0950573
0.0
0.0
0.0
0.0
0.0
0.0
0.0
0.0
0.0
0.0
0.0
0.0
0.0
0.0
0.0
0.0
2.3134
-0.144345
0.0
0.0
0.0
0.0
0.0
0.0
0.0
-0.312704
0.0
0.0
0.0
0.0
0.0
0.0
0.0686832
0.0
0.0
0.0
0.0
0.0
0.0
1.10051
0.0
0.0
0.0
0.0
0.0
0.0
0.0
0.0
0.0
0.0
0.0
0.0
0.0
0.0
0.0
0.0
0.0
0.0
0.0
0.0
0.0
0.0
0.0
0.0
0.0
0.0
0.0
0.0
0.0
0.886648
-0.611945
-0.431625
0.410956
0.0025151
-1.20164
1.38849
-0.765338
-0.448496
1.35685
-0.00277431
-0.00038416
-0.487615
0.208027
0.077807
-0.809317
0.254138
0.890515
0.783741
-0.048192
0.00452372
1.34304
0.550009
-0.267792
-0.00329088
-1.80971
0.0
0.0
0.0
0.0
0.0
0.0
-0.149061
0.0
0.0
0.0
0.0
0.0
0.0
0.0
0.0
0.0
0.0
0.0
0.0
0.0
0.0
0.0
0.0
0.0
0.0
0.0
0.0
0.0
-0.0963866
0.0
1.75177
0.0
0.0
0.0
0.0
0.0
0.0
0.0
0.0
0.0
0.0
0.0
0.0
1.1342
0.0
0.0
0.0
0.0
-0.785206
0.0
-0.0062835
0.0
0.0
0.0
0.0
0.0
0.0
0.0
0.0
0.0
0.0
0.0
0.0
0.0
0.0
0.0
0.0
0.0
0.0
0.0
0.0
0.0
0.0
0.0
0.0
0.0
0.0
0.0
0.0
0.0
0.766202
0.0
0.0
0.0
0.0
0.424914
0.0
0.0
0.0
0.0
0.0
0.0
0.0
0.0
0.326227
0.0
0.0
-0.0932053
0.0
0.0
0.0
0.0
-1.54693
0.0
0.237126
0.0
-0.141231
0.0
0.0
0.0
0.0
0.0
0.0
0.0
0.0
0.0
0.0
0.0
0.0
0.0
0.0
0.0
0.0
0.0
0.0
0.0
0.0
0.0
0.0
0.0
0.0
0.0
-0.973093
0.0
0.0
0.0
0.0
0.0
0.0
0.0
0.0
0.0
0.0
0.0
0.0
0.0
0.0
0.0
0.0
0.0
0.0
-0.317559
0.0
0.0
0.0
0.0
0.0
0.0
0.0
0.0
0.0
0.0
1.7619
0.0
0.0
0.0
0.0
-2.59366
0.0
0.0
0.0
0.0
0.0
0.0
0.0
0.0
0.0
0.0
0.0
0.0
0.0
0.0
0.0
0.0
0.0
0.0
0.0
0.0
0.0
0.0
0.0
0.806715
0.0
0.0
0.0
1.43841
0.0
0.0
0.0
0.0
0.0
0.0
0.0
1.62673
0.0
0.0
0.0
0.0
-0.191838
0.0
0.0
0.0
0.0
0.0
0.0
0.0
0.0
0.0
0.0
0.0285481
0.0
-1.9494
0.0
0.0
0.0
0.0
0.0
0.0
0.0
0.0
0.0
0.0
0.0
0.0
1.27208
0.0
0.0
0.0
0.8875
0.0
0.0
0.0
0.0
-0.329824
0.320935
0.0
0.0
0.0
0.0
0.0
0.0
0.0
0.0
0.0
0.0
0.0
0.0
0.0
1.88937
0.0
0.0
0.0
0.0
0.0
0.0
0.89524
0.0
0.0
0.0
0.0
0.0
0.0
0.0
0.0
0.0
0.0
0.0
0.0
0.0
0.0
0.0
-0.49512
0.0
0.0
0.0
0.0
0.682496
0.222818
0.0
0.0
0.0
0.0
0.0
0.0
0.0
0.0
0.0
0.0
0.0
0.0
-0.0931032
0.0
-0.988224
0.0
0.0
0.0
0.0
0.0
0.0
0.0
1.56901
0.0
0.0
-1.32891
0.0
0.0
0.0
0.0
0.0
0.0
0.0
0.0
0.0335266
0.0
-0.344893
0.0
0.0
0.0
0.0
0.0
0.0
0.0
0.0
0.0
0.0
0.0
0.0
0.0
0.0
0.0
0.0
0.0
0.0
0.0
1.10479
0.0
0.0
-0.00948005
0.0
0.0
0.0
0.0
0.0
0.0
0.0
0.0
0.0
0.0
0.0
0.0
0.0
0.0
0.504347
0.0
0.0
0.0
0.0
0.0
0.0
0.0
0.0
0.0
0.0
0.0
-0.180835
0.0
0.0
0.0
0.0
0.0
0.0
-0.189268
0.0
0.200012
0.0
0.0
1.06898
0.0
0.0
-0.777676
0.0
0.0
0.0
0.0
0.0
-0.914358
0.0
0.595163
-1.73882
0.0
0.0
0.0
0.0
0.0
0.0
0.0
0.0
0.0
-0.882059
0.0
0.0
0.0
0.0
0.0
0.0
0.0
0.0
0.0
0.0
0.0
0.0
0.0
0.0
1.10577
0.0
0.0
0.0
0.0
0.0
0.0
0.0
0.0
0.0
0.0
0.0
0.0
0.0
0.0
0.0593697
0.0
0.0
0.0
0.0
0.0
0.0
0.0
0.0
0.0
0.0
0.0
0.0
0.0
0.0
0.0
0.0
-0.73587
0.0
0.0
0.0
0.0
0.0
0.0
0.0
0.0
0.0
0.0
0.0
-0.473707
-0.156972
0.993392
0.0
-0.848247
0.0
0.0
0.0
0.0
0.0
0.0
0.172304
0.0
0.0
0.0
0.0
0.0
0.0
1.98565
0.0
0.16413
0.0
0.0
0.0
0.0
0.0
0.0
0.0
0.0
0.0
0.0
0.0
0.0
0.589179
0.0959481
0.0
0.0
0.0
0.0
0.0
0.0
0.0
0.0
0.0
0.0
0.0
0.0
0.0
0.0
0.0
-0.731397
0.0
0.0
0.0
0.0
0.0
0.0
0.0
0.0
0.0
0.0
0.0
0.0
0.233829
0.0
0.0
0.0
0.0
0.0
0.0
0.0
0.0
0.0
0.0
-0.788606
0.0
0.0
0.0
0.0
0.0
0.0
0.0
-1.35686
0.0
0.0
-1.64763
0.0
0.0
0.0
0.0
0.0
0.0
0.0
0.0
0.0
0.0
0.0
0.0
-0.818612
0.35656
0.0
0.0
0.0
0.0
-1.67816
0.0
0.0
0.0
0.0
0.0
0.0
0.0
0.0
0.0
0.0
0.0
0.0
0.0
-1.76543
0.0
0.562575
0.0
0.0
0.0
0.0
0.266412
0.0
0.0
0.0
0.0145839
0.0
0.0
0.0
0.0
0.0
0.0
0.0
0.0
0.0
0.0
0.0
0.0
0.0
0.0
0.0
0.0
0.0
0.0
0.0
0.0
0.0
-0.568468
0.0
0.0
0.0
0.711928
0.0
0.0
0.0
0.0
0.0
0.0
0.0
0.0
0.0
-0.130417
0.0
0.0
0.0
0.0
0.0
0.0
1.17451
0.0
0.0
0.0
0.0
-1.48058
0.0
-0.358951
0.0
0.0
0.0
0.0
0.219095
0.605356
0.0
0.0
0.0
0.0
0.0
0.0
0.0
0.0
0.0
0.0
0.0
0.0
0.0
0.0
0.0
0.0
0.0
0.0
0.0
0.0
0.0
0.0
-0.0703684
0.0
0.0
0.0
0.26202
-1.43857
0.0
0.0
0.0
0.0
0.0
0.0
0.0
-0.857176
0.889964
0.0
0.0
0.0
0.0
1.07903
0.0
0.0
0.0
0.0
0.0
0.0
0.0
0.0
-1.26935
0.0
0.0
0.0
0.0
0.0
0.0
0.0
0.0
0.0
0.0
0.64023
0.0
0.0
0.0
0.0
1.07542
0.0
0.0
0.0
0.0
0.0
0.0
0.0
0.0
0.354689
0.0
0.0
0.295353
0.0
0.0
0.0
0.0
0.0
0.0
0.0
0.0
0.925996
0.0
0.0
0.586631
0.0
0.85541
-1.43249
0.0
0.0
0.0
0.0
0.0
0.0
0.0
0.0
0.0
0.0
0.0
0.0
0.0
0.0
0.0
0.0
0.0
0.0
0.0
0.0
0.0
0.0
0.0
-1.14151
0.0
0.0
0.0
0.0
0.0
0.400855
0.0
0.0
0.0
0.0
0.0
0.0
0.0
0.0
0.0
0.0
0.0
0.0
0.0
0.0
0.0
0.0
0.0
0.0
0.0
0.0
0.0
0.0
0.0
0.0
0.0
0.0
1.73516
0.0
0.0
0.0
0.0
0.0
0.247768
0.0
1.89284
0.0
0.0
0.0
0.0
0.586321
0.0
0.0
0.0
0.0
0.0
0.0
0.0
0.0
-1.19604
0.0
0.0
0.0
0.0
0.0
0.0
0.0
0.0
1.26338
0.0
0.0
0.0
0.0
0.0
0.0
0.0
0.0
0.0
0.0
0.0
1.66974
0.0
0.0
0.0
0.763039
-0.655048
0.445472
-0.000456384
0.212093
0.688068
1.07295
-0.150485
-0.445171
-0.0040844
-0.00073843
-0.123852
0.0965856
-0.292777
-0.802359
0.100891
0.210841
-0.380075
0.0463089
0.0530633
0.540256
0.0812321
0.0144064
-0.00383351
-0.0107872
0.0
0.0
0.0
0.0
0.0
0.0
0.0
0.0
0.0
0.0
0.0
0.0
0.0
0.0
0.0
0.0
0.910609
0.0
0.0
0.0
-0.29329
0.0
0.0
0.0
0.0
0.0
0.0
0.0
0.0
0.0
0.712875
0.0
0.0
0.0
0.0
0.0
0.0
0.0
0.0
0.0
0.0
0.0
0.0
0.0
0.0
0.300549
0.0
0.0
0.0
0.0
0.0
0.0
0.794486
0.0
0.0
-1.06247
0.0
0.0
0.0
0.349968
0.0
0.0
0.0
-1.18963
0.0
-0.290093
0.0
0.0
0.0
0.0
0.0
0.0
0.0
0.0
0.0
0.0
0.0
0.0
0.0
0.0
0.0
0.0
0.0
0.0
0.0
0.0
0.0
0.0
0.0
0.0
0.0
0.0
0.0
0.0
0.0
3.49101
0.0
0.0
0.0
0.0
1.18889
0.0
0.0
0.0
0.0
0.0
0.0
0.0
0.0
0.800335
0.0
0.0
0.0
0.0657124
0.0
0.0
0.0
0.0
0.0
0.0
0.0
0.0
0.0
0.0
0.0
0.0
0.339282
0.0
0.0
0.0
0.0
-0.696137
0.0
0.0
0.0
0.0
0.0
0.0
0.0
0.0
0.0
1.93438
0.0
0.0
0.0
0.0
0.0
-0.720918
0.653021
0.0
0.0
0.0
0.0
0.0
0.0
0.0
0.0
0.0
0.0945774
0.0
0.0
0.0
0.0
-1.49059
0.0
0.0
0.0
0.0
0.0
0.0
0.0
0.0
0.0
0.0
0.0
0.0
0.0
0.0
0.0
0.0
0.561152
0.234675
0.147386
0.0
0.148539
0.0
0.0
0.0
0.0
0.0
0.0
0.0
0.0
0.0
0.0
0.0
0.0
0.0
0.0
-1.84719
0.0
-0.164931
0.0
0.0
0.0
0.0
0.0
0.0
-1.44129
0.0
0.0
0.0
1.68342
0.0
0.0
0.0
0.0
0.0
-0.644337
0.0
0.0
0.0
-1.13256
0.0
0.0
0.196313
0.135439
-0.674186
-0.00409749
0.742347
0.119971
0.468036
0.513891
-0.144118
0.00639983
-0.931893
-0.507058
-0.260499
-0.741335
-0.295371
-0.800325
-1.31315
-0.104575
-0.0383119
-1.0546
-0.428269
-0.38651
0.382666
-0.00892825
-0.0528851
0.0
0.0
0.0
0.0
-0.510681
0.0
0.0
0.0
0.0
0.0
0.0
-1.09441
0.0
0.0
0.0
0.0
0.0
0.0
0.0
0.0
0.0
0.0
0.0
0.0
0.0
0.0
0.0
0.0
0.0
0.0
0.0
0.0
0.0
0.0
0.0
0.0
0.0
0.0
0.0
0.0
0.0694512
0.0
0.0
0.0
0.0
0.0
0.0
0.0
0.0
0.0
0.0
0.0
0.0
0.0
0.0
0.0
0.0
-1.30472
0.0
0.0
0.0
0.717842
0.0
0.282368
0.0
0.0
0.0
0.0
0.0
0.0
0.0
0.0
0.0
-0.132353
0.0
0.0
0.0
0.0
0.0
1.7767
0.449497
0.0
0.0
0.0
0.0
0.0
0.0
0.540163
0.0
0.0
0.0
0.0
0.0
0.0
0.0
0.0
0.0
0.0
0.0
0.0
0.0
0.0
0.0
0.0
0.0
0.0
0.0
0.0
0.0
0.0
0.0
-0.438488
0.0
0.0
0.0
0.0
0.0
0.0
0.0
0.0
0.0
0.0
0.0
0.0
0.0
0.0
0.0
0.0
0.0
0.0
0.0
0.0
0.0
0.0
0.0
0.0
0.0
0.0
0.0
0.333894
0.0
0.0
0.0
0.0
0.0
-1.33053
0.0
0.0
0.0
0.0
0.0
0.0
0.0
0.0
0.0
0.0
0.0
0.0
0.0
0.0
0.0
0.0
0.0
0.0
0.0
0.157049
0.0
0.0
0.0
0.0
-1.41492
0.0
0.0
0.0
0.0
0.0
0.0
0.0
0.0
1.96749
0.0
0.0
-1.41486
0.0
0.0
0.0
0.0
0.0
0.0
0.0
0.0
0.0
-0.647501
-0.749243
0.0
0.0
0.0
-0.493158
0.0
0.0
0.0
0.0
0.0
0.0
0.0
0.0
0.0
0.0
0.0
0.0
0.0
0.206799
0.0
0.0
0.0
0.0
0.0
0.0
0.0
0.0
0.0
0.474266
0.0
0.0
0.0
0.0
0.0
0.0
0.0
-1.37348
0.0
-0.645434
0.0
0.0
0.0
0.0
0.0
0.0
0.0
0.0
0.0
0.0
0.0
0.0
0.0
0.0
0.0
0.0
0.0
0.0
0.0
0.0
0.0
0.0
0.0
-1.28254
0.0
0.0
0.0
-1.69949
0.0
0.0
0.0
0.0
0.0
0.0
0.0
0.0
0.0
0.0
0.0
0.0
-0.278696
0.0
0.0
0.0
0.0
0.0
0.0
0.0
0.0
0.0
0.0
0.0
0.0
0.0
0.0
0.0
0.0
0.0
1.93326
0.0
-1.77026
0.0
0.0
0.0
0.0
0.0
0.0
0.0
0.0
0.0
0.0
0.0
-0.723741
0.0
0.0
0.0
0.0
0.0
0.0
0.0
0.0
0.0
0.0
0.0
0.0
0.0
0.0
0.0
0.0
0.0
0.0
0.0
0.0
0.0
0.0
0.0
0.0
0.0
0.0
0.0
0.0
0.0
0.0
0.0
0.168837
0.0
0.0
0.0
0.0
0.0
0.0
0.916314
0.0
1.06966
0.0
0.0
0.0
0.0
0.24549
0.0
0.0
0.0
0.0
0.0
0.0
0.0
0.0
0.0
0.0
0.0
0.0
0.0
0.0
0.0
0.0
-1.77758
0.0
0.0
0.0
0.0
0.155109
-1.48971
0.0
0.0
0.0
0.0
-0.0827793
0.0
0.0
0.0
0.0
0.0
1.50623
0.0
0.0
0.0
0.0
0.0
0.0
0.606212
0.293712
-0.0863255
0.0
0.0
0.0
0.0
0.0
0.0
0.0
0.0
-1.1087
0.0
0.0
0.0
-1.19208
0.0
0.0
0.0
0.0
0.0
0.0
0.0
0.0
-1.50778
-1.04681
0.0
0.19013
0.0
0.0
0.0
0.0
0.0
0.0
0.0
0.0
0.0
0.0
0.0
0.0
0.0
0.0
0.0
0.0
0.0
0.0
0.0
-0.17867
0.0
0.0
0.0
0.0
0.0
0.0
0.0
0.0
0.969422
0.777343
0.0
0.0
0.0
0.0
0.0
0.0
0.0
0.0
0.0
0.0
0.0
0.0
0.0
0.0
0.0
0.0
-1.19218
0.0
0.0
0.0
0.0
0.0
0.0
0.0
0.0
0.0
0.487077
0.0
0.0
0.0
0.0
0.0
0.0
0.0
0.0
0.0
0.0
0.204488
0.0
0.0
0.0
0.0
0.0
0.0
0.0
-0.744851
0.0
0.0
0.0
0.0
0.0
0.0
0.0
0.0
0.0
0.0
0.0
0.0
1.95184
0.0
0.0
0.0
0.0
0.0
0.0
-0.274234
0.0
0.0
-0.686115
0.0
0.0
0.0
0.0
0.0
0.0
0.0
0.857375
0.0
0.0
0.0
0.0
0.0
0.42533
0.0
0.0
0.0
0.0
0.0
0.0
0.0
0.0
0.0
0.0
0.0
0.0
0.0
0.0
0.0
0.0
0.0
0.0
0.0
0.0
0.0
0.0
0.0
0.0
0.0
0.0
0.0
0.0
-2.62682
0.0
0.0
0.0
0.0
1.00439
0.0
0.0
0.0
0.0
0.0
0.0
0.0
-0.84908
0.0
0.0
2.15007
0.0
0.0
0.0
0.0
0.0
0.0
0.0
0.0
0.0
0.0
0.0
0.0
0.0
0.0
0.0
0.0
0.0
0.0
0.0
0.0
0.0
0.0
0.0
0.0
0.0
0.0
0.0
0.0
0.0
0.0
0.0
0.0
0.0
0.0
0.0
-0.00398588
0.0
0.0
0.0
0.0
0.0
0.0
0.0
0.0
0.0
0.0
0.784131
0.0
1.55811
0.0
-1.04799
0.0
0.0
0.0
0.0
0.0
0.0
0.0
0.0
0.0
0.0
0.0
0.0
0.893141
0.0
0.0
0.0
0.0
0.0
0.0
0.0
-0.688638
0.0
0.0
0.0
0.0
0.0
0.0299267
0.0
-1.38651
0.0
0.0
0.0
0.0
0.0
0.0
0.0
0.0
0.0
0.0
0.0
0.0
0.0
0.0
0.0
0.0
0.0
0.0
0.0
-0.0784315
0.0
-0.776388
0.0
0.0
0.0
0.0
0.0
0.0
0.0
0.0
0.0
0.0
0.0
0.0
0.0
0.0
0.0
0.0
0.0
0.0
0.0
0.0
0.0
0.0
0.0
0.0
0.0
0.0
0.0
0.0
0.0
0.0
0.0
0.0
0.0
0.0
0.0
0.0
0.0
0.0
0.0
0.0
0.0
0.0
0.0
-1.09557
0.0
0.0
0.0
0.0
0.0
0.0
0.0
0.0
0.0
0.0
0.0
0.0
0.0
0.0
0.0
0.0
0.0
-0.685917
0.0
0.0
0.0
0.0
0.0
1.27645
0.0
-0.9112
0.0
0.0
0.0
0.0
0.0
0.0
0.0
0.0
2.03295
0.0
0.0
0.0
-1.04099
0.0
0.0
-1.46728
-0.520183
-0.566828
0.0
-2.14487
0.0
0.0
0.0
0.0
0.0
0.0
0.0
0.0218642
0.0
0.0
0.0
0.0
0.0
0.0
0.0
0.0
0.0
0.0
0.0
0.0
0.0
0.0
0.0
0.0
0.0
0.0
0.0
0.0
0.0
0.0
0.0
0.0
0.0
0.0
0.0
0.0
0.0
0.0
0.0
0.0
0.0
0.0
0.0
0.0
0.0
0.0
0.0
0.0
-2.34208
0.0
0.0
0.0
0.0
0.0
0.0
0.0
0.0
0.0
0.0
0.0
0.0
0.0
0.0
1.723
0.0
0.0
0.0
0.0
0.0
0.0
0.0
0.0
0.0
0.0
0.0
0.0
0.0
0.0
0.0
0.0
-0.115826
0.809784
-0.367489
0.641149
0.006089
0.452336
0.796182
0.893284
-0.0822407
-1.15971
-0.00482582
0.0783437
-0.0049398
0.403684
0.0391391
-0.372374
-0.0106582
-0.136807
-0.0311829
-0.203634
0.737746
0.0106432
0.237481
-0.0526124
0.00408905
-0.0129558
-0.55648
0.0
0.0
-0.257477
-0.124561
0.0
0.0
0.0
0.0
0.0
0.0
0.0
0.0
0.0
0.285306
0.0
0.0
0.0
0.0
0.0
0.0
0.0
0.0
3.34984
0.0
0.0
0.0
0.0
0.0
0.0
0.0
0.0
0.0
0.0
0.0
0.0
0.0
0.0
0.0
0.0
0.0
0.0
0.0
2.52157
0.0
0.0
0.0
0.0
0.0
0.0
0.0
0.0
0.0
0.0
0.0
0.0
0.0
0.0
0.0
0.0
0.0
0.0
0.0
0.0
0.0
0.0
0.0
0.0
0.0
0.0
0.0
0.0
-2.54839
0.0
0.0
0.0
0.0
0.0
0.0
-0.653584
0.0
0.0
0.0
0.0
0.0
0.0
0.0
-1.1823
0.0
0.0
0.0
0.0
0.0
0.0
0.0
0.0
0.0
0.0
0.0
0.0
0.0
0.0
0.0
0.0
0.0
0.0
0.0
0.231431
0.0
0.00930713
0.0
0.0
0.0
0.0
0.0
0.0
0.0
0.0
0.0
0.0
0.0
0.0
0.0
0.0
0.0
-0.946721
0.0
0.0
0.0
0.0
0.0
0.0
0.0
0.0
0.171125
0.0
0.0
0.0
0.0
0.0
0.0
0.0
0.0
0.0
0.0
0.742841
0.0
0.0
0.0
0.0
0.0
0.0
0.0
0.0
1.7959
0.0
0.0
0.0
0.0
0.0
0.0
0.0
0.0
0.0
0.0
0.0
0.0
-0.081272
0.0
0.0
0.0
0.0
-0.628322
0.0
0.0
0.587752
-0.248674
0.400537
-0.00566185
-1.08533
0.334173
0.688656
0.0167746
-0.0657234
-0.000405696
0.13449
-0.233001
0.162166
-0.427705
-0.711249
0.00386117
0.433541
0.193928
-0.0896123
-0.0369637
0.668584
0.0769745
0.46325
-0.017675
-0.0410704
0.0
0.0
0.0
0.0
0.0
0.0
0.0
0.0
0.0
0.0
0.0
0.0
-0.240845
-0.413334
0.0
0.0
1.17678
0.0
0.0
0.0
0.0
-1.11888
0.0
0.0
1.0398
0.0
0.0
0.143091
-2.83987
0.0
0.0
0.0
0.0
0.0
0.0
0.0
1.24262
0.0
0.0
0.0
0.0
0.0
0.0
0.0
0.0
0.0
0.0
0.0
0.0
1.91349
0.0
0.0
-0.152046
0.0
0.0
1.63764
0.0
0.0
0.0
0.0
0.0
0.0
0.0
1.71624
0.0
0.0
0.0
0.102119
0.0
0.0
0.0
0.0
0.0
0.0
-0.663115
0.0
0.0
0.0
0.0
0.0
0.0
0.0
0.0
0.0
0.0
0.735372
0.0
0.23883
0.0
0.0
0.0
0.0
0.0
0.0
0.0
0.0
0.0
0.0
0.0
0.0
0.0
0.0
0.0
0.0
0.0
0.0
0.0
0.0
0.0
0.0
0.0
0.0
-1.35725
0.0
0.0
0.0
0.0
0.0
0.759287
-0.190961
0.0
0.0
0.0
0.0
0.0
0.0
0.20666
0.0
0.0
0.0
0.0
-1.16265
0.0
0.0
0.0
0.0
1.73291
0.0
0.0
0.0
0.0
0.0
0.0
-0.3493
-0.660135
0.0
0.0
0.0
-0.298042
0.0
0.707622
0.337032
0.592244
-0.470674
-0.699081
0.221443
0.575558
-0.119359
-0.473316
0.00321088
0.00022259
0.0808406
0.462908
0.274368
-0.551836
0.0520167
0.359939
1.17725
-0.261723
0.539866
0.18598
0.115871
0.0840357
-0.0171421
-0.412508
0.0
0.0
0.0
0.0
0.0
0.0
-0.901306
0.0
0.0
0.0
0.0
0.0
0.0
0.0
0.0
0.0
0.0
0.0
0.0
0.0
0.0
0.0
0.0
0.0
0.0
0.0
1.27428
0.0
0.0
0.0
0.0
0.0
0.0
0.0
0.0
0.0
0.0
0.0
-0.123343
-0.873678
0.0
0.0
0.0
0.0
0.0
0.0
0.0
0.0
0.0
-0.360297
0.0
0.0
0.0
0.0
0.0
-0.261648
0.0
0.0
0.0
0.0
0.0
0.0
0.0
-0.507832
0.0
0.0
0.0
0.0
0.0
0.0
-0.27677
0.0
0.0
0.0
0.0
0.0
0.0
2.03802
0.0
0.0
0.0
0.0
0.0
0.0
0.0
-0.532599
0.0
0.0
0.0
0.0
0.0
0.0
0.0
0.0
0.0
0.0
0.0
0.0
0.0
0.0
0.0
0.0
0.0
0.0
0.0
0.0
0.0
-0.629796
0.0
-0.0702696
-0.501031
0.0
0.0
0.0
0.0
0.0
-0.491261
0.0
0.0
0.0
0.0
-1.81918
0.0
0.0
0.0
-0.208642
1.14176
1.73384
0.136082
0.516226
-1.03119
-0.532811
0.398523
0.697949
0.190151
-0.21963
-2.30116
2.15841
1.49849
-0.934738
1.16012
-0.389513
0.243623
-0.713989
0.0193041
-0.625322
-0.274747
0.354536
0.178154
-0.299678
0.356871
-1.1728
-2.61541
-0.0924291
-0.317194
1.12287
0.274748
-0.612614
-0.614186
-0.134135
0.0907488
2.30672
-2.91079
-1.66246
1.01971
-0.187524
0.317033
-0.221327
0.768703
0.0587051
0.603624
0.135582
-0.133774
0.0843586
0.223278
0.0483913
-0.0480744
-0.403133
-0.32933
-0.0909211
-0.0823225
-0.0139289
0.127892
-1.16368
0.0540994
-0.274837
0.38457
0.0508514
-0.257705
-0.0147812
0.00632762
-0.0304939
0.140197
0.042918
0.109755
0.318758
-0.243632
0.115481
-0.00815411
-0.12795
-0.094197
0.293251
-0.158948
0.0639073
0.651708
-0.571667
-0.302145
0.442694
0.228738
0.0858037
0.0807364
-0.127712
-0.0210174
0.11555
0.103096
-0.0707548
-0.191887
-0.70932
-0.175322
0.248561
-0.248369
0.273807
-0.207492
0.123427
-0.0938981
0.149196
-0.0313522
-0.160216
0.0439744
0.200013
0.0917074
-0.260161
-0.0332346
0.086064
0.0558711
-0.12891
0.833023
-0.107903
-0.16334
0.0836589
-0.0643715
0.0475841
-0.0924042
0.0549753
0.0774908
-0.0225721
-0.140208
0.220971
0.262464
-0.0763258
0.666497
-0.11271
-1.18569
0.0197599
0.521134
0.610417
-0.9663
-0.192442
-0.789749
0.0779517
-0.014676
0.0237804
-1.1473
-0.208467
-0.529305
0.0548971
0.0510026
-0.29777
1.10124
-1.50814
-2.50093
-0.339921
0.528789
-0.261687
0.126992
0.25934
0.332917
0.608566
0.0177836
-0.452063
-0.178162
0.76759
0.286241
-0.727922
0.135908
-0.0134891
0.466331
1.84215
1.3501
0.243217
-0.140825
0.225197
-0.32884
-0.220196
0.571503
1.50612
0.56913
-0.325563
-0.144903
-0.159104
2.34765
0.780865
-0.600461
-0.000398318
-2.27973
0.188306
-0.116665
0.770458
-0.0396322
0.354276
-0.0276921
0.250589
1.69031
-0.674004
-1.93961
0.112139
0.328009
0.478406
-0.342451
-0.909765
-1.5805
-0.809467
0.55835
-0.178686
-0.0587994
1.8805
-1.52234
-2.04879
-0.0359036
2.47384
0.068107
-0.176884
-0.621869
0.136086
-0.0864929
0.0505505
0.0352575
-1.27429
2.14458
-3.00557
1.5622
1.65069
0.256348
0.1976
-0.0957617
-0.0361167
-0.223462
0.0414339
0.0665056
1.02466
-0.521029
1.31313
2.30474
2.42194
2.07925
-2.40157
-0.0188287
-1.40987
-0.449775
0.0333037
0.0734967
-0.0791742
0.348597
0.182013
2.58119
2.18192
0.427859
-1.29794
0.127613
0.032501
0.611549
0.242237
0.0438819
0.0932027
1.63591
1.5608
-0.391245
2.67184
2.19417
1.3838
2.48421
-0.0337907
2.66455
-1.11676
0.0351207
-0.0675724
-0.1977
-0.933156
-3.36267
-0.185297
2.72448
-1.98317
1.35233
1.06738
-2.40632
-1.01591
-0.827908
-0.482442
-0.502907
0.0266058
0.990432
0.342758
0.289833
2.45351
-1.36365
2.45862
1.83483
-0.722972
-2.28413
0.157498
-0.149247
-0.745973
-1.0401
-0.0611537
-0.168421
-0.365259
-0.627909
2.56185
-2.7138
1.61955
1.76622
-1.21597
-0.841856
-0.677864
-0.16776
0.0019866
0.354577
0.482862
0.0014694
0.815845
-1.08902
-0.121538
4.99767
0.280573
0.799198
-0.0156913
-0.859056
0.00293629
0.476767
-0.708558
-0.0626597
-0.197788
-2.48319
-0.863597
0.892563
-0.557724
-1.66294
1.08359
-0.251263
-0.142424
-0.545214
0.026696
-0.0539598
-0.0401457
0.0506871
-0.358022
-3.48974
-2.89325
-2.50168
-1.46424
0.0687571
-0.172076
-0.0723021
0.0522254
-1.0552
0.207894
0.124851
0.591179
-2.53219
2.41711
-2.64465
-0.159082
0.702053
0.241912
-0.0799136
0.0816024
0.137477
-0.295432
0.0176923
0.177936
-0.359124
-1.04099
2.80944
0.775256
2.28092
-0.0087463
0.0477542
0.065575
-0.0316079
-0.263626
-0.028973
0.970599
-0.012756
0.758109
-1.43328
2.11449
-0.922889
-0.125027
2.65431
-0.103839
0.156851
-0.0558174
-0.0704915
-0.0411132
-0.0217459
0.0790134
1.10938
0.0885738
2.203
-2.55023
1.75186
0.0875055
-0.0782177
-0.190885
-0.0421211
-0.0561577
-0.00414606
0.201907
0.186543
-0.120316
-0.824458
-1.93235
-1.6939
2.42348
0.0597238
-0.0931347
0.043406
-0.592942
0.0148867
0.346306
-0.466068
-1.1781
-0.741562
-0.378332
1.94711
-2.56471
-0.300153
0.329604
0.52093
0.485888
-0.0855013
0.300458
0.439187
0.536922
0.63136
-1.10428
2.11982
1.17883
-2.35608
-0.0175732
-0.132554
-0.532172
0.258511
-0.0676901
-0.288569
1.28547
1.4092
-0.187897
-0.890336
-1.821
2.95363
-1.21291
-0.682247
-0.0943386
0.0269578
0.0978733
-0.584107
-0.0446394
-0.171604
0.156172
1.86897
0.969885
-2.70771
1.79053
-0.0917008
-3.17796
0.931132
-0.267285
-0.0724406
-0.0687058
0.11164
-0.0118724
-0.170605
0.639302
-0.0325767
0.022906
0.443955
2.31348
-1.10429
2.6748
-0.0397231
-0.49811
-1.3899
-0.178207
0.38949
-0.0803566
0.443652
0.227445
0.0747681
2.93074
-3.20643
1.33694
0.427336
-0.0543021
-0.449761
-0.690262
0.582234
-0.43866
-0.467632
-0.0655604
0.0306355
-0.143064
-1.52146
-1.48148
0.17179
-0.146316
0.232021
0.464409
-0.372842
0.929591
1.45347
0.605321
-0.878515
-0.0388874
-2.74082
0.281964
-1.93578
-0.071498
2.10974
-0.193602
0.372037
-0.196286
-0.678662
0.198056
-0.136665
0.0615493
0.109492
-0.065226
-0.330654
0.178136
-2.75412
1.03829
0.490633
0.284749
-0.254341
-0.216309
-0.439759
0.195985
0.113004
0.0913595
-0.30677
-0.0167941
-1.68673
-0.00777153
-0.650613
0.286586
-0.734396
-1.47403
0.740368
-0.176354
0.117792
0.215167
0.717362
0.487131
-1.88123
1.95739
0.0173271
-0.387342
-0.0856477
0.789064
0.26418
1.49258
-0.00169383
0.394958
0.0189517
0.854878
-0.981518
1.60505
0.158646
-1.81553
2.40581
2.15203
0.233589
-0.643027
0.00158407
-0.0186202
-0.651754
-0.535352
-0.198287
-0.592072
1.59382
-1.97437
-0.98831
-2.14046
-1.39759
-0.817519
-0.00485666
0.0276372
-0.212118
-0.0220523
0.868358
-0.132037
0.0194234
0.0642728
-2.39831
-0.934015
2.50833
-0.619941
-0.088984
-0.174607
-0.00707363
0.0357319
0.0322846
-0.304998
-0.816032
-0.114168
1.5181
0.908098
0.137197
-0.333666
-0.511509
0.417855
-0.0882895
-0.0415997
-0.0462401
-0.609682
0.0623376
-0.368111
-0.0734712
0.144978
-2.67891
-2.87709
-2.98336
0.820137
-0.0178577
0.0705032
-0.201417
-0.770844
0.358611
0.662818
-0.118269
0.0185085
-2.02736
-3.50716
1.38355
1.31953
0.377389
0.186375
0.181201
0.0415737
-0.233164
0.0754088
0.413797
-0.193405
-0.623861
0.0221656
5.02496
0.388095
-0.918233
-0.212288
-0.00733543
-0.0358869
-0.453487
1.77219
0.640743
-0.237101
-2.57164
-1.04892
-3.28129
3.24064
3.59819
1.23555
-1.68278
-0.29169
-0.518506
-0.113936
-0.241796
-0.159897
-0.0434048
0.190977
-0.31542
0.0950753
-2.74112
2.94748
0.286174
0.0655132
0.25061
-0.0429854
-0.280361
0.237652
-0.0622697
-0.0151386
-0.388756
1.61473
2.01054
2.08257
-0.861029
-1.7472
0.271495
0.0182278
0.600122
0.263246
0.042484
0.101743
0.270297
0.174692
-1.07298
1.19064
0.446433
3.03246
2.52002
0.369917
0.487292
-0.208894
-1.20666
0.0289487
0.314956
0.770826
1.44103
-1.3874
-0.894873
0.150769
0.83659
-1.36221
-0.0699456
0.0241006
-0.214506
-0.0346494
-0.0576055
0.0215038
0.0495157
-0.0712436
0.88482
-0.450272
-1.25285
2.77613
0.575053
-0.15924
-0.251947
0.385598
-0.0450977
-0.158032
0.0731321
-0.0456981
-0.098337
-2.01442
2.77533
2.08644
-0.523916
0.0615463
0.312955
0.0642496
-0.0905701
-0.0515145
0.200412
-0.132246
-0.423016
-0.679143
-0.181409
-2.24143
0.518502
-0.937794
-0.100285
-0.0133687
-0.0566088
-0.0624963
-0.138352
-0.235544
0.264298
-0.105692
-0.285506
-0.0879959
0.843916
2.23604
0.0700864
0.0482137
1.3559
-0.0840699
0.072168
0.156268
0.122502
-0.0611168
0.334333
-0.138277
0.0309502
-0.173881
0.0562301
-0.0132168
-1.77251
0.101771
-1.91871
-0.0523197
-0.086556
-0.12966
0.0778301
0.0786436
-0.0612748
0.179389
0.251923
-1.24355
-0.0463579
-0.403891
-4.67424
2.12375
-0.817116
-1.04052
-1.22234
-1.41664
-2.05308
-2.96772
-2.50539
-3.1657
-0.620716
0.0291086
-1.87584
-0.574448
-1.80743
0.129903
0.315214
0.225103
3.07303
-2.53501
-3.14736
2.13884
3.84865
-5.331
-2.74328
-2.32568
-3.35744
-2.66538
-0.74773
1.57567
-2.53742
-0.633703
0.249484
-1.894
-0.726688
0.166148
-0.738485
0.429123
-0.729248
0.098586
-0.574998
-0.60137
3.10524
2.43631
3.25239
2.03335
-3.00572
-2.94856
-2.56287
-3.00402
-2.65032
-4.28136
-0.287669
-2.63134
1.84002
-0.0970482
3.49207
-1.05244
-0.904654
-0.0565031
-0.847873
-0.268711
-1.34189
2.90354
1.55533
1.62617
1.56496
-1.8568
-0.886228
-1.52603
1.04938
-0.658179
-1.44137
2.48466
-2.1955
1.49655
0.148985
-2.81019
3.78091
-6.42204
3.37477
-5.75162
0.836563
-0.0464371
0.652881
-1.97024
-2.81016
0.734624
-1.85376
0.744299
-0.494316
0.0599483
-0.531007
-1.55292
-0.619611
0.896035
-0.625462
0.0206851
-1.78199
-0.989273
-1.07443
-0.77111
