[6.331972160874329,
 -42.74812930662375,
 0.17139390791908227,
 -1.4946802926885425,
 137.7506669146681,
 0.17983400809617933,
 -7.595987567969871,
 -134.1271252858779,
 83.40703936718683,
 0.16548816653130416,
 0.176246886079241,
 0.97680656808393,
 -0.32835632370168355,
 -169.15737595520469,
 1.537597920869075,
 135.339849228415,
 -43.14033628418446,
 2.09485281509626,
 -179.19607263516036,
 55.242104051023716,
 -88.86011192969255,
 -140.0366568949993,
 -5.794486560219866,
 0.17262311744764247,
 56.4881678500235,
 33.21443816177944,
 -39.20942229592714,
 0.4170458529886787,
 0.3101647317661502,
 -26.98662240634735,
 -6.382872105235094,
 45.20193469131419,
 2.1700578476232124,
 -179.0665039518749,
 -7.0425174125309695,
 -42.00030798343482,
 -12.262940020103827,
 -44.81336547422751,
 -44.769126608268266,
 -135.24163175282433,
 -141.4130680066384,
 74.55609356565998,
 -179.84186285440745,
 -56.931093200386954,
 -3.1184650132007903,
 0.04731360629000392,
 35.580755461658214,
 79.92639279151462,
 135.34458881401116,
 -44.987568052916316,
 -179.59405857099085,
 24.249537227032533,
 0.17902086337369383,
 81.50420858104627,
 58.847640934826586,
 81.5461896045696,
 -42.8272876996632,
 -0.13477525885173236,
 -37.71107510244525,
 -56.35755369501368,
 -62.923885990454124,
 11.071443310587256,
 0.23943384612732643,
 -15.965861048418276,
 0.5725550163391517,
 2.4069503102632552,
 2.487842065771474,
 0.2221542006159325,
 -5.480695741516058,
 2.511414758224177,
 -131.98707965976723,
 0.2327647095203247,
 8.993643935186839,
 79.1207674656321,
 -134.99870813289817,
 -13.917690350188366,
 1.3091377547994796,
 17.90886347312096,
 -4.692585190638653,
 -88.81123351271123,
 0.17663484248112127,
 45.39164932667143,
 0.0269407572285445,
 0.33260900060383847,
 34.81380525544674,
 -42.481257697846274,
 -89.69687057478717,
 -6.4563843032216255,
 -10.158159276293105,
 -6.876823723985638,
 105.10075987158638,
 0.23714193339515077,
 45.23303081569679,
 23.944377786460564,
 0.28637094071774527,
 -13.57972761734436]
