[125, 25, 25, 4]
0.0
0.0
0.0
0.0
0.0
0.0
0.0
0.0
0.0
0.0
0.0
0.0
0.0
0.0
0.0
0.0
0.0
0.0
0.0
0.0
0.0
0.0
0.0
0.0
0.0
0.0
0.0
0.0
0.0
0.0
0.0
0.0
-0.750503
0.0
-0.309225
0.0
0.0
-2.68797
0.0
0.0
0.0
0.0
0.0
0.0
0.0
0.0
0.0
0.0
0.0
0.0
0.0
0.0
0.0
0.0
0.0
0.0
0.0
0.0
0.0
0.0
0.0
0.242413
0.0
0.0
0.0
0.0
0.0
0.0
0.0
0.0
0.0
0.0
0.0
0.0
0.0
0.230563
0.556894
0.0619461
-0.421116
0.449414
0.34129
0.412486
0.084646
0.0789203
0.272135
-0.165469
0.0190412
0.349158
0.035463
-0.581509
0.171752
0.186727
-0.514046
-0.0039463
-0.26123
-0.374204
0.152272
-0.314861
-0.639894
-0.299077
0.0
0.0
0.0
0.0
0.0
0.0
0.0
0.0
0.0
0.0
0.302011
0.0
0.0
0.0
-0.472694
0.0
0.0
0.0
0.0
1.53558
0.0
0.0
0.0
0.0
0.0
0.337705
0.30074
0.0422786
-0.103665
0.325754
0.218674
0.292816
0.29928
-0.207442
-0.020157
0.499471
-0.299038
0.238292
0.0968438
-0.552793
-0.0278031
0.0239322
-0.0449683
-0.198146
-0.170449
-0.416697
0.132178
-0.427256
-0.0212463
0.0335709
0.0
0.0
0.0
0.0
0.0
0.0
0.0
0.0
0.0
0.0
0.235392
0.0
0.0
0.0
0.0
0.0
0.0
-0.656185
0.0
1.77821
0.0
0.0
0.0
0.0
0.0
0.286871
0.430701
-0.0249632
-0.020517
0.39681
0.229037
0.373918
0.0844658
-0.0863549
0.14344
0.297971
-0.240008
0.209701
0.0840816
-0.481598
-0.106223
0.0267863
0.169045
-0.00494819
0.0818757
-0.395728
0.0942707
-0.357808
0.157621
0.0579206
0.0
0.0
0.0
0.883038
0.0
0.0
0.0
0.0
0.145123
1.52955
0.0
0.0
0.0
0.0
0.0
0.0
0.0
0.0
0.0
0.0
0.0
0.0
0.0
0.0
0.0
0.0
0.0
0.330939
0.0
0.0
0.0
0.0
0.0
0.0
0.0
0.0
0.0
0.0
0.0
0.0
0.0
0.0
0.0
0.0
0.0
0.0
0.0
0.0
-0.662879
0.0
0.0
0.0
0.0
-0.113544
0.342846
0.0
0.0
0.0
0.0
0.0
0.0
0.818213
0.0
-0.119962
0.0
0.0
0.0
0.0
-0.0897106
0.0
0.0
0.0
0.0
1.81915
0.0
0.0
0.0
0.0
0.0
0.0
-0.565946
0.0
0.0
0.0
0.0
0.0
-0.674572
0.0
2.96855
0.581258
0.0
0.0
0.0
0.0
0.0
0.0
0.0
0.0
0.0545971
0.0
0.0
0.0
-1.71183
0.0
0.0
0.0
0.0
0.0
0.0
0.0
0.0
0.0
0.0
0.0
0.0
0.0
0.0
0.0
2.09349
0.0
0.0
0.0
0.0
1.22492
0.0
0.176572
0.661396
0.00184318
-0.0706669
0.409846
0.366357
0.335203
-0.137487
0.062936
-0.0156178
0.0717724
-0.0648408
0.361163
-0.0125668
-0.632075
0.172686
0.207998
-0.452154
-0.0350634
0.153141
-0.379364
0.183406
-0.130115
-0.0829883
0.0598916
0.0
0.0
0.0
0.0
0.0
0.0
0.0
0.66847
0.0
0.0
-0.450337
0.0
0.0
0.0
0.0
0.0
0.0
0.0
0.0
0.0
0.0
0.0
0.0
-0.226865
0.0
0.0
0.0
0.0
0.0
0.753534
0.0
-1.31119
0.0
0.0
0.0
0.0
0.0
0.0
0.0
0.0
0.0
0.9527
0.0
0.0
0.0
0.0
0.0
0.0
-1.39996
0.0
0.0
0.0
0.0
0.0
0.0
0.0
0.0
0.0
0.0
-1.10496
0.55101
0.0
0.0
0.0
0.0
0.0
0.0
1.32772
-0.577985
0.0
0.0
0.0
0.0
0.0
0.0
0.0
0.0
0.0
0.0
0.0
0.0
0.0
0.0
0.0
0.0
0.0
0.0
0.0
0.0
0.0
0.0
0.0
0.0
0.0
0.0
0.0
0.0
0.0
0.0
-1.45813
0.0
0.0
0.0
0.0
0.0
0.0
0.0
0.0
0.0
0.0
0.0
0.0
0.0
0.0
0.0
0.0
0.0
0.0
0.0
0.0
0.0
0.0
0.0
0.0
0.0
0.0
-0.115647
0.0
0.0
-0.408953
0.0
0.0
0.0
0.0
0.0
0.0
0.0
0.0
0.0
0.0
0.0
0.0
-0.370762
0.0
0.0
0.0
0.0
-1.19189
0.0
0.0
0.0
0.0
0.0
0.0
0.0
0.0
0.0
0.0
0.0
0.0
0.374471
0.0
0.0
0.0
0.0
0.0
0.0
0.0
0.0777503
0.437285
0.0
1.11277
0.0
0.0
-2.42891
-0.387021
0.0
0.0
0.0
-0.198691
0.0
0.0
0.0
-0.452877
-0.592635
0.0
0.0
0.38593
-1.42824
0.0
-0.43719
0.0
0.0
0.0
0.0
0.0
0.0
0.0
0.0
0.0
0.0
0.0
0.0
0.0
-0.646636
0.0
0.0
0.0
0.0
0.0
0.0
0.0
0.0
0.0990242
0.0
0.0
0.0
0.0
0.0
0.0
0.0
0.0
0.0996167
0.0
0.0
0.0
0.0
0.0
0.0
0.0
0.0
0.0
0.0
0.0
0.0
0.0
0.0
0.615803
0.0
0.0
0.0
0.0
0.0
-0.0745421
0.0
0.0
0.0
0.0
0.0
0.0
0.0
0.0
0.0
0.0
0.0
0.0
0.0
0.0
0.0
0.0
0.0
0.0
0.0
0.0
0.0
0.0
0.0
0.0
0.0
0.0
0.0
0.0
0.0
0.0
0.0
0.0
0.0
0.0
0.0
0.0
0.0
0.0
0.0
0.0
-0.672596
0.0
0.0
0.0
0.0
0.0
0.0
0.0
0.0
0.0
0.0
0.0
-0.0776867
0.0
0.0
0.286705
0.0
0.0
0.0
0.0
0.0
0.0
0.0
0.0
0.0
0.0
0.0
0.0
0.0
0.0
0.0
0.0
0.0
0.0
0.0
-2.47849
0.0
0.0
0.0
0.0
0.0
0.0
1.70562
0.0
0.0
0.0
0.296607
0.0
0.0
0.0
0.0
0.0
0.0
0.0
0.0
0.0
0.0
0.0
0.0
0.0
0.0
0.0
0.0
0.0
0.0
0.0
0.0
0.246077
-0.660252
0.0
0.0
0.0
0.0
0.0
0.0
0.0
0.0
0.0
0.0
-0.323837
0.0
1.0434
0.0
0.0
0.0
0.0
-0.486728
0.0
0.0
0.0
0.0
0.0
0.0
0.0
0.0
0.0
0.0
0.0
0.0
0.821577
0.0
0.0
0.0
0.0
0.0
0.0
0.0
0.0
0.0
0.0
0.0
0.0
0.0
0.0
0.0
0.0
0.0
0.0
0.0
0.775143
0.0
0.0
0.0
0.0
0.0
0.29712
0.0
0.0
-0.428576
0.0
0.0
-0.276573
0.0
-1.3322
0.0
0.0
0.0
0.0
0.0
0.0
1.65503
0.1031
-0.240352
1.04315
0.0436521
0.443333
0.526409
0.820227
0.134083
-0.984467
0.12827
-0.27326
-1.90784
-1.36337
0.0190432
-0.281673
-1.20908
-1.283
-2.11581
0.0611761
-0.0821806
-0.148113
-1.24733
-1.61497
0.171504
-0.346527
0.0
0.0
0.0
0.0
0.0
0.341022
0.0
0.0
0.0
0.0
0.0
0.0
0.0
0.0
0.0
0.0
0.0
0.0
-0.120781
0.0926072
0.74562
0.0
0.0
0.0
0.0
0.0
0.0
0.0
0.0
0.0
0.0
0.0
0.102944
0.0
0.0
0.0
0.0
0.0
0.0
0.0
0.0
0.0
0.0
0.0
0.0
0.0
0.698223
0.54702
0.0
0.0
0.131318
0.608384
0.0701522
-0.0559785
0.415462
0.343107
0.346566
0.0279249
0.187954
0.127477
-0.350085
0.0330504
0.418961
0.100892
-0.561359
0.179667
0.288983
-0.313436
-0.065089
-0.142983
-0.367083
0.2065
-0.197531
-0.13256
0.0217651
0.0
0.0
-1.11774
0.0
0.0
0.0
0.0
0.0
0.0
0.0
0.0
0.53465
0.0
0.0
0.0
0.643914
0.57166
0.0
0.0
0.0
0.0
0.0
0.0
0.0
0.0
0.0
0.0
0.201479
0.0
0.0
0.0
0.0
0.0
0.0
0.0
0.0
0.0
0.00968686
0.689565
0.0
0.0
0.0
0.0
0.0
0.0
0.0
0.0
0.0
0.0
-0.82175
0.0
0.0
0.0
0.0
0.0
0.0
0.0
0.0
0.0
0.0
0.0
0.0
0.0
0.0
0.0
0.0
0.0
0.0
0.0
-1.4503
0.0
0.00394471
0.0
0.0
0.0
0.0
-0.339305
0.854571
0.0
0.0
0.0
0.0
0.0
0.0
0.0
0.0
0.0
0.0835156
0.0
0.747595
0.0
0.0
0.0
0.0
0.0
0.0
0.0
0.0
0.0
0.0
0.0
0.0
0.0
0.0
0.0
0.0
0.0
0.0
0.0
0.0
0.0
0.0
0.0
0.0
0.0
0.0
0.0
1.15185
0.0
0.0
0.0
0.0
0.0
1.92383
0.0
-0.172062
0.0
1.93997
0.0
0.0
0.0
0.0
0.0
0.0
0.0
0.0
0.0
0.0
0.0
0.0
0.0
0.0
0.261585
0.0
0.0
0.0
0.0
0.0
-2.04408
0.705067
0.0
0.0
0.0
0.0
0.0
0.0
1.48151
0.0
0.0
0.0
0.0
0.0
0.0
0.0
0.0
0.0
0.0
0.0
0.0
0.0
0.0
0.0
0.0
0.0
0.0
0.0
0.0
0.0
0.0
0.0
0.0
0.0
-0.257559
0.0
0.0
0.0
0.0
0.0
0.0
0.0
0.0
-1.47933
0.0
0.0
0.0
0.0
0.0
0.0
0.580091
0.0
0.492299
-0.380726
0.45759
-0.0468315
0.251899
-0.157113
1.1763
-0.214014
-0.573268
0.361007
-0.0940781
-1.40411
-0.721448
-0.771284
0.562896
-1.73873
-0.952264
0.254751
0.385257
0.541885
-0.177698
-1.23503
-1.66037
2.0239
0.0519852
0.0
0.0
-0.61618
0.0
0.0
-0.559158
0.0
0.0
0.252592
0.0
0.0
0.0
0.0
0.0
0.0
0.0
0.0
0.0
0.0
0.0
0.0
0.0
0.0
0.0
0.0
-0.491344
0.0
0.0
0.0
0.399981
0.0
0.0
0.0
1.2457
0.0
0.0
0.0
0.0
0.0
0.0
0.0
0.0
0.0
0.0
0.0
0.0
0.0
-0.685756
0.0
0.996908
0.0
0.0
0.0
0.0
0.0
0.0
0.0
0.0
0.0
0.0
0.0
2.74876
0.0
0.0
0.0
0.0
1.11079
0.0
0.0
-0.244362
0.0
0.0
0.0
0.0
0.0
0.0
0.0
0.0
0.0
0.0
0.0
0.0
0.0
0.0
0.0
0.0
0.0
0.0
0.0
0.879614
0.0
0.0
0.0
0.450412
0.0
-0.226303
0.0
0.0
0.0
0.0
0.0
0.0
0.0
-1.42482
0.0
0.0
0.0
0.0
0.0
0.0
0.0
0.0
0.0
0.0
0.0
0.0
0.0
0.0
0.0
0.0
0.0
0.0
0.0
0.0
0.0
0.0
0.0
0.0
0.0
0.0
0.0
-0.384264
0.0
0.0
0.0
0.0
0.0
0.0
0.0
0.0
0.0
0.0
0.892852
0.0
0.0
-1.91937
0.0
0.0
0.0
0.0
0.0
0.0
0.0
1.32088
0.0
0.0
0.0
0.0
0.0
0.0
0.0
-0.0421895
0.0
0.0
0.0
0.0
0.0
0.0
0.0
0.0
0.0
0.0
0.0
0.0
0.0
-0.688971
0.0
0.0
0.0
0.0
0.0
0.0
0.0
0.0
0.0
0.0
-0.131555
0.0
0.0
0.0
0.0
0.0
0.0
-0.526879
0.0
0.116855
0.0
0.0
0.0
0.0
0.0
0.0
0.0
0.0
0.0
0.717098
0.0
0.0
0.0
0.0
0.0
0.0
0.0
-0.401615
0.0
0.0
0.0
-0.883051
0.0
0.0
-0.552988
0.0
0.0
0.0
0.0
0.909044
0.0
0.0
-1.30214
0.0
0.0
0.0
0.0
0.0
0.0
0.0
0.0
0.0
0.0
0.0
0.0
0.0
0.0
-1.06055
0.0
0.0
0.0
0.0
0.0
0.0
0.0
0.558603
0.0
0.0
0.0
0.0
1.91693
0.0
0.0
-0.563531
0.0
0.0
0.0
0.0
0.0
0.0
-1.07348
0.0
0.0
0.0
0.0
0.0
-0.759474
0.0
0.0
-0.142749
1.06709
0.140059
0.0835961
0.48504
1.2448
-0.310119
0.828884
0.227353
-1.20272
-0.242084
0.947622
1.33966
0.943751
-2.02776
0.452971
1.33307
-0.44958
-0.603225
-0.672395
-0.226269
0.887179
1.40893
-0.430753
-0.227244
0.0
0.0
0.0
0.0
0.0
0.0
0.0
0.0
0.0
0.0
1.09944
0.0
0.0
1.11058
0.0
0.0
0.0
0.0
0.0
0.0
0.0
1.64002
0.0
0.0
0.0
-0.368633
0.0
0.0
0.0
0.0
0.0
0.0
0.0
0.0
0.0
0.0
0.0
0.0
0.0
0.0
0.0
0.0
0.534686
0.0
0.0
0.0
0.0
0.0
-0.390131
0.0
0.0
0.0
0.0
0.0
0.0
0.0
0.0
0.598081
0.0
1.55368
0.0
0.0
0.0
0.0
0.0
0.0
0.0
0.0
0.0
0.0
0.0
0.0
0.0
0.0
0.0
-1.09216
0.0
0.0
0.0
0.0
0.412502
0.0
-0.7649
0.0
0.0
0.0
0.0
0.0
0.0
0.0
0.0
0.0
0.0
0.0
0.0
0.0
0.0
0.776068
0.0
-1.2099
0.0
0.0
0.0
0.0
0.663196
0.0
0.0
0.0
0.0
0.0
0.0
0.0
0.0
0.619677
-1.82179
0.0
0.0
0.0
0.0
0.0
-1.87096
0.0
0.0
0.0
0.0
0.0
0.0
0.0
0.0
0.0
0.0
0.0
0.0
0.0
0.0
-0.866093
0.0
0.0
0.0
0.0
0.0
0.0
0.0
0.0
0.0
0.0
-0.470372
0.0
0.0
0.0
0.0
0.0
0.0
0.0
0.0
0.0
0.0
0.0
0.0
0.0
0.0
0.0
0.0
0.0
0.0
0.0
-0.242839
0.0
0.0
0.0
0.0
0.0
0.0
0.0
0.0
0.0
0.841861
0.0
0.0
0.0
0.0
0.0
0.0
0.0
0.0
0.0
0.0
0.0
0.0
0.0
0.0
0.0724338
0.0634041
0.0
0.0
0.0
-1.07262
0.0
0.0
0.0
-0.451822
0.0
0.0
0.0
0.0
0.0
0.0
0.0
0.0
0.0
0.0
0.0
0.0
0.727018
0.0
0.0
0.0
0.0
0.0
0.0
0.0
0.0
0.0
0.0
0.0
0.253144
-0.174166
0.255247
0.142701
0.372342
-0.547968
1.23649
0.590524
-0.561183
-1.76304
0.54399
-0.900698
0.11327
-0.105221
-0.0384606
-0.238837
-0.630469
-0.0820168
0.137681
0.00348262
-0.411953
-0.460633
-0.883068
0.680185
0.291955
0.0
0.0
0.0
0.0
0.0
0.879198
0.0
0.0
0.0
0.0
-0.464277
0.0
-0.522406
0.0
0.0
0.0
0.0
0.0
0.200817
0.0
0.0
0.0
0.0
0.0
-0.544271
0.0
0.0
-0.456271
0.0
0.0
0.0
0.0
0.0
0.0
-0.0746279
0.0
0.0
0.0
0.0
0.0
0.0
0.0
0.0
0.0
0.0
0.0
0.0
0.0
0.0
0.0
0.0
0.0
0.0
0.0
-1.3566
0.0
0.0
0.0
0.0
0.0
0.0
0.0
0.0
0.0
0.0
0.0
0.0
0.0
-1.52031
0.0
0.0
0.0
0.0
0.0
0.0
0.747522
0.0
0.0
0.0
0.0
-1.74562
0.0
0.0
0.0
0.0
0.0
0.0
0.0
0.0
0.0
0.0
0.0
0.0
0.0
0.0
0.0
0.0
0.0
0.0
0.0
0.0
-0.672595
0.0
0.0
0.0
0.0
0.0
-0.994306
0.0
0.0
0.0
0.0
0.0
-1.04983
0.0
-0.251289
0.0
0.0
0.0
0.000719918
0.0
0.0
0.0
0.0
0.0
0.0
0.0
0.0
0.0
0.0
0.0
-0.946855
0.0
0.0
0.0
0.0
0.0
0.0
0.0
0.0
-1.04915
-0.443612
0.0
0.0
0.0
-0.341675
0.0
0.0
0.0
0.0
0.0
0.0
0.0
0.0
0.0
-0.241239
0.0
0.0
0.0
0.0
-0.551094
0.0
0.0
0.0
0.0
0.0
0.0
1.08494
0.0
0.0
0.0
0.562555
0.0
0.0
-1.01935
0.0
0.0
0.0
0.0
0.0
0.0
0.0
0.095548
0.0
0.0
0.0
0.0
0.0
0.0
0.0
0.0
0.0
0.859014
0.0
0.0
-0.780034
0.0
-0.709856
0.0
0.0
0.0
0.0
0.0
0.0
0.0
0.0
0.0
0.0
0.0
0.0
0.227702
0.0
0.0
0.0
0.2822
0.0
0.0
0.0
0.0
0.0
0.0
0.0
0.0
0.0
0.0
0.0
0.0
0.0
0.0
0.0
0.0
0.0
1.25411
0.0
0.0
0.0
0.0
0.0
0.0
0.0
0.0
0.0
0.0
0.0
0.0
0.0
0.0
0.0
0.0
0.0
0.0
0.0
0.0
0.0
0.0
0.0
0.0
0.0
0.0
0.0
0.0538803
0.0
-1.12926
0.0
0.0
0.0
0.0
0.0
0.0
0.0
0.0
0.0
0.0
0.0
0.0
-0.247336
0.944826
0.000374287
-0.0674734
0.624278
0.356562
-0.00154757
0.290476
0.663369
-0.0743579
-0.155728
0.505295
0.710197
0.634119
-1.2779
0.213646
0.873236
-0.415541
-0.221605
-0.142396
-0.222933
0.515776
0.483654
-0.215077
-0.114304
0.755068
0.0
0.0
0.0
0.0
0.0
0.0
-0.409552
0.0
0.0
0.0
0.0
0.0
0.0
0.0
0.0
0.0
0.0
0.0
0.0
0.0
0.0
0.0
0.0
0.0
0.0
0.0
0.0
0.0
0.0
0.0
0.0
0.0
0.0
-1.03582
-0.0817426
0.0
0.0
0.0
0.0
0.0
0.0
0.0
0.0
0.0
0.0
0.0
0.0
0.0
0.0
0.0
0.0
0.0
0.0
0.0
0.0
0.0
0.0
0.0
0.0
0.0
0.0
0.0
0.0
-2.84249
0.0
0.0
0.0
0.0
0.0
0.0
0.0
0.0
0.805573
0.0
0.0
0.0
0.0
0.0
0.0
0.0
0.0
0.0
0.0
0.0
0.0
0.0
0.0
0.0
0.0
0.0
0.0
0.0
0.0
0.0
0.0
0.0
-0.291103
0.0
0.0
0.0
0.0
-0.328357
2.18151
0.0
0.153443
0.0
0.0
0.0
0.0
0.0
0.0
0.0
0.0
0.0
0.0
0.0
0.0
0.0
-0.741084
-0.39245
0.0
0.0
0.0
0.0
0.0
-0.933468
0.0
0.0
0.0
0.0
0.0
0.0
0.495251
0.0
0.0
0.0
0.0
0.0
0.0
0.0
0.0
0.0
-2.00846
0.0
-0.392499
0.0
0.0
0.0
0.0
0.0
0.174327
0.0
0.0
0.0
0.0
0.0
0.0
0.0
0.0
0.0
0.0
0.0
0.0
0.0
0.0
-1.13757
0.0
0.0
-0.463471
0.0
0.291592
0.0
0.0
0.0
0.533238
0.0
0.0
0.0
0.0
0.0
0.0
0.0
0.0
0.0
0.0
0.0
0.0
0.0
0.936503
-0.857713
0.0
0.0
0.0
0.0
0.0
0.0
0.0
0.326772
0.0
0.0
0.0
0.0
0.0
0.0
0.0
0.0
0.0
0.0
0.0
0.0
0.0
0.0
0.0
0.0
0.0
0.0
0.0
0.0
0.0
0.0
0.0
0.0
0.0
0.0
0.0
0.0
0.0
0.0
0.0
-0.116864
0.0
0.0
0.0
0.0
0.0
0.0
0.0
0.0
-0.602999
0.0
0.0
0.0
0.0
0.100584
0.0
0.0
0.0
0.0
-0.166209
0.0
0.0
0.0
0.0
1.14791
0.0
0.0
0.0
0.0
0.0
0.0
0.0
0.0
0.0
0.0
0.0
0.0
0.0
0.0
0.0
0.0
0.0
0.0
0.0
0.0
0.811902
0.816286
-0.0346057
-0.129479
0.509345
1.0249
-0.0935097
-0.346011
-0.208173
0.106241
-0.00348504
0.553114
1.02192
0.0115274
-0.683738
0.216396
0.83134
-0.398267
-0.0751199
0.15463
-0.386257
0.556515
0.444573
-0.015864
-0.0624735
0.0
0.0
0.0
0.435934
0.0
0.0
0.0
0.0
0.0
0.0
-2.06558
0.0
0.0
0.0
0.0
0.0
0.0
1.65844
0.0
0.22286
0.0
-1.24942
0.0
0.0
0.0
0.0
0.0
0.0
0.0
0.0664958
0.0
0.0
0.0
0.0
0.0
0.0
0.0
0.0
-1.67556
0.0
0.0
0.0
0.0
0.0
0.0
0.0
0.0
0.0
0.0
0.16884
0.0
0.0
0.0
0.0
0.0
0.0
0.0
0.0
-0.872141
0.0
0.0
0.0
0.0
0.0
0.0
0.0
0.618766
0.700615
0.0
0.0
0.0
0.0
0.0
0.0
0.0
0.0
0.0
-1.58933
0.0
0.0
0.0
0.0
0.0
0.0
0.0
0.0
0.0
0.0
0.0
0.0
0.0
0.0
0.0
0.0
0.0
0.0
0.0
0.0
0.0
0.0
0.0
0.0
0.7252
0.0
0.0
0.0
0.0
0.0
0.0
0.0
0.0
0.0
0.0
0.0
-0.2725
0.0
0.0
0.0
0.0
0.0
0.0
0.0
0.0
0.0
0.0
0.0
0.0
0.40085
0.0
0.0
0.0
0.0
0.0
-1.12005
0.0
0.0
2.07008
0.0
0.0
0.0
0.0
0.0
0.0
0.0
0.0
0.0
0.0
0.0
0.0
0.0
0.0
0.0
0.0
0.0
0.0
0.0
0.0
-0.241316
0.0
0.0
0.0
0.0
0.0
0.0
0.0
0.0
-0.541078
0.0
0.0
0.0
0.0
0.0
0.553494
0.0
1.06913
0.195703
-0.0253116
0.0934107
0.295031
0.486885
0.0520789
0.963257
0.48173
-0.490057
0.163721
0.15704
-0.523441
0.107832
-0.111327
-0.406169
-0.264074
-0.427742
-0.14382
-0.230648
0.410421
-0.438946
-0.228357
-0.991508
0.101341
0.141154
0.0
0.0
0.0
0.0
0.321696
1.12265
0.0
0.226739
0.0
0.0
0.0
0.0141475
0.0
0.0
0.0
0.0
0.0
0.0
0.0
0.0
0.0
0.0
0.0
0.0
0.0
0.0
0.0
0.0
0.0
0.0
0.0
0.0
0.0
0.0
0.0
0.0
0.0
0.0
0.0
0.0
-0.423261
0.0
0.0
0.0
0.0
0.0
0.0
0.0
0.0
0.0
0.0
0.0
0.0
0.0
0.0
0.0
0.101319
0.0
-0.0461228
0.0
0.161779
0.0
-0.845684
0.0
0.0
0.0
0.0
0.0
0.0
0.0
-1.04794
0.0
0.0
0.0
0.0
0.0
0.0
0.0
0.0
0.0
0.0
0.0
-1.62501
0.0
0.0
0.0
0.434889
0.0
0.0
0.0
0.0
-0.637606
0.0
0.0
0.0
0.0
0.0
0.0
0.0
0.0
1.96024
0.456693
-0.069734
1.42004
0.54952
-0.168775
0.532078
0.370377
0.0403427
0.112265
0.0487773
0.0854131
0.565169
-0.486964
-0.336814
-0.455078
0.161214
-0.020701
0.020166
-0.212845
-0.504683
0.0896456
-0.494884
0.488297
0.136091
0.0
0.0
0.0
0.0
0.0
0.0
0.0
0.0
0.0
0.0
0.0
0.0
0.0
0.0
0.0
0.0
0.0
0.0
0.0
0.0
0.0
0.0
0.0
0.0
0.0
0.0
0.0
0.0
0.0
0.0
0.0
0.0
0.0
0.0
0.0
0.0
0.0
0.0
0.11959
0.0
0.0
0.0
0.0
0.0
0.0
0.0
0.0
0.0
0.0
0.0
0.0
0.0
0.0
0.0
0.0
0.0
0.0
0.0
0.0
0.0
0.0
0.0
1.12841
-0.465747
-0.533556
0.981039
0.0
0.0
0.0
0.0
0.0
0.0
0.291401
0.0
0.0
0.0
0.0
0.0
0.221151
0.0
0.0
0.0
0.0
0.0
0.0
0.0
0.395725
0.0
0.0
0.0
0.0
0.0
0.0
0.0
0.0
0.0
0.0
0.0
0.0
0.0
0.31161
0.135745
0.13769
0.0160205
0.624873
0.0600534
0.906277
0.307737
-0.374528
0.628587
0.090385
-0.401916
0.264319
-0.424714
-0.457225
0.248943
-0.319746
0.717577
0.204448
0.255433
-0.456195
-0.190136
-0.7984
0.216394
0.0224145
0.0
2.39138
0.0
0.0
0.0
0.0
0.0
0.0
0.0
0.0
0.0
0.0
0.64969
0.0
0.0
0.0
0.0
0.0
0.0
0.0
0.0
0.0
0.0650317
0.0
0.0
0.0
0.0
0.0
0.0
0.0
0.0
0.0
0.0
0.0
0.0
0.0
0.0
0.0
0.0
0.0
0.0
0.0
0.0
0.0
0.62413
0.0
0.0
0.0
0.0
0.0
-0.8093
0.0
0.0
0.0
0.201642
0.0
0.0
0.0
0.0
0.0
0.0
0.0
0.0
0.0
0.0
0.0
0.0
0.0
0.0
0.0
0.0
-0.255525
0.0
0.0
0.0
0.0
0.566727
0.0
0.0
0.0
0.0
-1.49391
0.0
0.0
0.0
0.0
0.0
0.0
0.0
0.0
0.0
0.0
0.0
0.0
0.0
0.886123
0.0
0.0
0.0
0.0
0.0
0.0
0.0
0.0
0.0
0.0
0.0
0.0
-0.312854
0.0
0.0
0.0
0.0
0.0
0.0
0.285832
0.0
0.0
0.0
0.0
1.39576
0.0
0.0
0.0
0.0
0.0
0.0
1.11434
0.0
0.0
0.0
0.220079
-1.81955
0.0
0.0
0.0
0.0
0.0
0.0
0.0
0.0
0.0
0.0
0.654919
-1.35769
0.0
-0.69217
0.0
0.0
0.0
-0.0730425
0.944116
0.0478048
0.096837
0.909264
-0.393078
0.522117
0.19152
-0.57724
0.343005
0.0358778
-0.441225
0.333229
-0.50403
-0.227643
-0.0529967
-0.105438
-0.0057672
0.34216
-0.0667861
-0.51741
0.0792804
0.0376438
0.365986
0.0154472
0.0
0.0
0.0
0.0
0.0
0.0
0.0
0.0
0.0
0.0
0.0
0.0
0.0
0.0
0.0
0.0
0.0
0.0
0.0
0.0
0.0
0.0
0.0
0.0
0.0
0.28316
0.352302
0.0740024
0.210506
0.698317
-0.218637
0.730879
-0.0708013
-0.299264
0.00402394
0.055204
-0.358675
0.30455
-0.328977
-0.227924
0.0202156
-0.206786
0.127625
0.149797
-0.134548
-0.493799
-0.016575
-0.541182
0.401538
0.063728
0.0
0.0
-0.238463
0.0
0.0
0.0
-0.423901
0.0
0.0
0.0
0.0
0.0
0.0
0.0
0.0
0.0
0.0
0.0
0.0
0.0
0.0
0.0
-1.66752
0.839496
0.0
0.0
0.0
0.0
0.0
0.0
0.0
0.0
0.0
0.0
0.0
0.0
0.0
0.0
0.0
0.0
0.0
0.94455
0.0
0.0
0.0
0.0
0.0
0.0
0.0
0.0
0.0
0.0
0.0
0.0
0.0
0.0
0.0
0.0
0.0
0.0
0.0
0.0
0.0
0.0
0.0
0.0
0.0
0.0
0.0
0.0
0.0
0.0
0.0
0.0
0.0
0.0
0.0
0.0
0.0
0.0
0.0
0.0
0.0
0.0
0.0
0.0
0.0
0.0
0.0
0.0
0.0
-1.31814
0.0
0.0
0.0
0.0
0.0
0.0
0.0
0.0
2.89923
0.890182
-1.71497
0.956371
-0.519732
1.18766
4.27461
-0.0174074
2.0679
-0.483557
-0.0848979
1.4432
0.437009
0.309881
-1.51362
0.584108
0.617796
0.0548512
-0.260425
-0.0533131
-1.27967
0.556367
0.619202
0.529577
-0.351811
-2.88456
-2.08959
0.656838
-0.200048
0.195531
-0.960886
-4.83652
0.263136
-2.31721
0.077482
-0.0920577
-1.52402
-0.0458607
-1.02032
2.05014
-0.81818
-0.282396
0.0480129
-0.11681
-0.104598
2.3579
-0.307077
-0.322639
-0.00929535
0.451434
-1.47686
-0.239087
-2.35325
0.113763
-2.09762
-1.70991
0.179364
-0.0446708
0.714742
0.724851
0.811816
-1.35007
-0.39158
1.58669
0.530287
0.676477
0.0802226
0.191571
0.150526
0.266598
-4.35074
1.59214
-0.223271
-0.0178807
0.615823
0.0167319
2.20831
1.73753
1.86013
3.33365
3.62887
0.733674
-1.5502
-0.0998429
-0.55651
-1.482
-0.670847
2.48244
0.896013
0.497325
1.61009
2.68083
-0.929303
-0.249932
0.150367
-0.334595
-0.734447
-0.222375
-1.41554
-0.682132
0.0144746
-1.19897
-1.05723
2.03954
-0.324122
0.227177
0.484388
0.245348
-0.24756
-0.404839
-1.03516
-0.0809587
0.244717
-0.709995
0.288545
-0.234239
0.33529
0.103406
-0.377328
-0.157634
1.31576
-0.37652
0.295979
0.520498
0.099162
0.837305
1.75553
2.27951
-0.332713
-3.04916
-0.273946
0.606332
-0.326268
0.337586
-0.152905
0.210276
0.607729
-0.483448
-0.419603
-0.992394
0.0285371
-0.789775
0.0447635
-0.0326516
0.101985
0.0293016
-0.0533695
-0.293177
-0.0655592
0.152712
2.60376
1.11292
2.67784
-0.300721
-0.841594
0.734239
-0.445018
0.0605846
-0.190188
-0.153749
0.206203
-0.890755
1.83455
0.520314
0.104764
-0.663532
-0.0820043
-0.358211
-0.052351
0.0261099
0.182319
-0.515793
-1.90668
-0.594605
0.0854717
3.00944
0.35814
0.672195
-0.196102
-4.5262
0.146034
-1.58559
-0.725194
-0.305452
-0.0367963
0.0800289
-0.125114
3.81025
-0.721152
-0.769965
-0.955362
-0.604167
1.15949
-0.0506549
-0.099
-0.987982
-0.0939557
-0.582661
-0.109191
0.365562
1.4139
-1.98631
-2.3907
-0.26599
2.39837
-0.395242
-0.259193
0.160737
-0.576324
-0.233721
0.146235
-0.671654
-0.719119
1.99057
-2.65608
1.72853
1.47579
0.326398
-0.128642
-0.111845
0.0335048
-0.188051
-0.197171
-0.107611
1.12699
-1.54449
0.256334
1.90108
2.56515
4.62509
-2.2545
-2.39681
-0.114517
0.445419
0.00369166
0.0760856
-0.482448
-2.05821
-0.525819
3.38654
2.81089
0.670496
-3.81782
-0.135617
-0.0877041
-1.62229
-3.72459
0.00665731
0.10542
1.90579
0.285672
-0.764846
1.70769
2.17761
2.38698
3.11225
-0.573953
2.31622
0.950217
-0.0390726
0.0951689
0.116493
-0.0229873
-1.96197
-0.184991
3.42698
-2.23158
-0.272361
0.0040496
-0.511138
-1.36458
-1.71656
0.114214
-0.461417
-0.00474784
-0.320042
0.767885
0.712766
2.59518
-1.79002
1.77131
3.64808
-1.16658
0.860999
-0.247425
0.183166
0.649978
0.103783
0.131274
-0.228889
1.12952
-0.974271
1.87452
-2.82878
1.97022
2.53788
1.34607
-0.0563752
-0.233701
-0.0231438
0.329247
-0.841475
-1.00149
0.0115252
0.922796
-1.76848
1.45558
2.23279
-0.349263
-0.3112
0.131234
-0.10266
1.09688
-0.29765
-0.0414115
0.478991
-0.131724
-1.74617
-0.469411
0.900677
-0.493293
-1.2522
0.533464
-0.254289
0.159582
-0.211345
-0.0414331
-1.46594
0.114795
0.363593
-0.606821
-1.67374
-2.21147
-2.73664
-1.51789
0.0932685
0.119306
0.53323
-0.0634545
-0.546619
-0.151322
-1.36751
-0.477758
-2.63777
2.59437
-1.13388
0.958975
0.587317
-0.305086
-0.125236
-0.00692215
-0.550472
-0.640376
0.0123929
0.608114
0.145993
-1.06719
2.66268
0.75679
2.05804
0.101443
0.147786
-0.624988
0.0714863
0.124505
0.163876
0.976043
-0.303085
0.469391
-1.56635
1.58091
-1.45311
0.361807
2.48774
0.0207322
0.24314
-0.0742732
-0.386168
-0.0963044
0.193249
-0.918243
0.886158
0.765703
2.01531
-2.63475
1.74303
-0.0359349
0.287735
-0.547683
-0.197554
-0.0678083
0.258226
-0.112658
-0.13085
-0.0197274
-1.22868
-1.71387
-1.86612
2.7355
0.165388
-0.39627
-0.990748
-0.653044
0.0211241
1.18229
0.246758
-1.02603
1.13931
-0.768088
1.96434
-2.45741
0.402973
-0.085505
-0.280139
-1.0717
0.725142
0.962467
-0.816302
-0.0260723
-0.0130033
-1.29734
1.33245
2.46793
-2.69963
-0.0456003
1.01263
1.50099
1.12928
-0.215736
0.110157
-0.624841
-0.683109
-0.996421
-0.804037
-2.00974
3.05504
-3.12114
0.53393
-0.335868
0.471945
-1.28635
-1.6115
0.752942
-0.0967414
0.0204811
0.552131
-0.215939
-4.5187
1.24153
0.381126
-1.91186
1.7482
-1.33807
-0.161197
0.181249
-0.732074
0.234273
0.351553
0.32532
-0.162894
0.0299808
-0.0563564
2.11564
-1.91549
2.28965
-0.0529628
0.0585056
-0.0631579
-0.0942175
-0.0266022
-0.0303973
-1.01746
0.136992
0.207007
3.01962
-2.91289
-0.362967
-0.776464
-0.138238
1.07909
-0.598034
-1.25601
0.170186
0.0924768
-0.0618693
0.0320134
-0.599092
-2.44058
-2.66843
-0.0129491
-0.495341
0.133229
-0.163109
-0.0753218
0.0161133
-0.0134864
0.329526
-0.0626952
0.185573
-2.47222
-1.54969
-2.36094
-2.12813
2.0271
1.46917
-0.596385
-0.78922
0.175945
0.559377
-0.171662
-0.0210153
0.247443
-1.19184
1.14094
1.02201
-1.92954
1.65416
-1.22698
-0.104226
-0.00242396
0.380382
-0.621573
0.657243
0.461841
-0.0799983
-1.27024
-0.760203
-4.62978
0.0822989
0.124273
-0.106535
0.13323
1.17395
-0.617277
-0.19788
0.0642147
0.427729
-1.7043
0.597402
-0.822696
2.91395
1.74343
-1.0164
-0.839235
0.0394214
0.433368
-0.67312
1.13402
-0.1705
-0.212215
0.51734
0.137672
1.35422
-0.0376927
-1.80804
1.91535
3.0562
0.0702495
-0.689551
-0.142742
0.0900808
-0.0243428
0.909361
0.286102
-1.02432
1.24244
-1.62541
-1.09722
-2.35319
-0.969729
-0.183258
0.765195
-0.081014
-0.105667
0.0960184
-0.0523445
-0.329711
-0.244898
0.0123262
-2.18672
-0.925587
2.3177
0.191903
-0.122037
-0.094214
0.0992181
-0.302709
-0.185886
-0.187153
0.0264562
-0.119881
1.54523
0.924996
-0.608029
-0.0811425
0.041293
-0.0184181
0.268238
-0.30733
-0.0163299
0.141742
-0.348208
-0.386126
-0.138869
0.232158
-2.79485
-2.48449
-2.52541
0.0410125
-0.230581
0.0861809
-0.0291769
0.127383
-0.373956
-0.269649
-0.0476585
0.0276633
-1.1734
-2.97724
0.260247
0.76553
0.375857
-0.067936
0.325851
0.130748
-1.11439
1.96198
3.29423
-0.0564615
1.59804
0.679733
3.64501
-2.28978
-0.481195
0.0882454
-0.038056
-0.65287
-0.863199
-0.0910517
-1.05532
-1.56776
-4.13704
0.0300512
-2.59771
2.53419
1.43905
4.90497
-1.43931
-0.196199
-0.211936
-0.752193
1.03179
1.04629
0.12967
0.85614
-0.713116
1.51741
-1.42239
1.71618
0.370995
0.0596648
0.2566
0.23542
-0.29829
-0.861536
-0.427512
-1.39608
-0.0133781
1.72402
1.04487
2.94322
0.52404
-2.07859
-0.0665387
-0.0844566
0.176576
-1.8955
-2.48516
0.0514906
-1.03944
0.24189
-0.945719
2.10408
-0.0872452
2.73971
2.60082
1.9218
-0.761216
0.198409
0.0650647
0.995185
2.30816
-0.194422
1.10182
-0.800736
-0.235864
0.649018
1.0548
-1.95838
-0.0297257
0.105411
0.145844
-0.20843
-0.0958003
0.153299
-1.2457
-0.269784
1.45593
-1.27014
-1.38374
2.78202
-0.536497
0.397058
-0.117627
-0.0265127
-0.182963
0.496018
0.113701
-0.12863
-0.0472388
-1.73368
3.60473
1.68077
-0.466145
0.117114
0.204395
0.319206
-0.0879088
-0.208953
0.0954957
-0.772215
-0.571799
-0.0372138
0.0513447
-2.32243
0.4742
-1.05279
0.327413
-0.210027
0.0731482
-0.221615
0.0644554
0.16144
-0.127782
-0.0175459
-1.08719
-0.275378
0.596725
2.60511
0.170257
-0.201243
0.60673
-0.434495
0.840428
-0.627189
0.702176
-0.120682
0.0475386
0.0892521
-0.157137
-0.351401
0.553896
-0.0137389
-1.88058
0.455753
-2.16098
0.395366
0.0474824
-0.245239
-0.133741
1.17607
0.0059814
0.328849
0.617477
-1.19818
-4.20874
1.10396
-7.55952
0.11628
-2.46098
1.71553
-0.333318
-2.83077
-2.99617
3.7762
10.3736
-5.61104
-1.50027
-1.56398
-0.0981633
-2.78293
0.375703
-4.17178
7.03051
-6.81316
-0.70322
-0.229526
-1.2983
-0.533495
-4.43994
-5.69374
-4.29312
-7.35277
1.78351
0.22058
2.94906
-3.01957
-4.02855
-2.7209
-1.45717
-2.13648
1.16036
-0.976034
0.437328
-0.627544
-0.951033
-0.77101
-0.424333
-0.996315
-1.36099
-1.47395
-0.114544
-2.10186
-0.707757
3.79583
5.83772
-3.43347
-0.339874
-1.71128
-1.20754
-0.69247
2.82396
-1.01004
4.63921
-1.39936
1.20382
-4.04618
-1.57022
-0.306103
3.24597
-3.90221
-5.97443
3.00684
-0.754277
0.499895
-1.23166
0.248847
-0.904238
-0.649188
-0.11979
0.623018
-0.73887
-0.972558
-1.42071
1.01836
0.495874
1.92236
-6.33182
10.9088
-4.23072
-1.68566
-5.58357
4.05706
1.14503
-0.169118
1.98438
-2.04188
-1.41762
-0.163641
-1.66971
1.26596
-0.30173
0.123289
-0.123123
-0.471953
-0.348919
-0.905437
-2.05032
-0.0849025
