[125, 16, 16, 4]
0.0
0.0
0.0
0.0
0.0
0.0
0.0
0.0
0.0
0.0
0.0
0.0
0.0
0.0
0.0
0.0
0.0
0.0
0.0
0.0
0.0
0.0
0.0
0.0
0.0
0.0
0.0
-0.225691
0.0
0.0
0.0
0.0
0.0
0.0
0.0
0.0
0.0
0.0
0.0
0.0
0.0
0.0
0.0
0.0
0.0
0.0
0.0
0.0
0.0
0.0
0.0
0.0
0.0
0.0
0.0
0.0
0.0
0.0
0.0
0.0
0.481328
0.0
-0.462028
0.0
0.0
0.0
-1.40553
0.0
0.0
0.0
-0.938757
0.0
0.0
0.0
0.0
0.0
0.0
0.0
0.0
0.0
0.985379
0.309414
0.899329
-0.11308
-0.632957
1.30239
0.288263
0.427976
0.0676498
-0.247924
0.559867
-0.0242825
1.41343
0.127804
1.11132
0.387279
-0.827213
0.0
0.0
0.0
0.0
0.0
0.0
0.0
-0.064841
0.0
0.0
0.0
0.0
0.0
0.0
0.0
0.0
0.0
0.0
0.0
0.0
0.0
0.0
0.0
0.0
0.0
0.0
0.0
0.0
0.0
0.0
0.0
0.0
0.0
0.0
0.0
0.0
0.0
0.0
1.1951
0.0
0.0
0.0
0.0
0.0
0.0
0.674894
0.0
0.0
0.0
0.0
0.0
0.0
0.0
0.0
0.0896352
0.0
0.0
-0.410453
0.0
0.0
0.0
0.0
0.0
0.0
0.0
0.0
0.0
0.0197228
-0.00279042
0.0
0.0924884
0.0
0.0
0.0
-0.78293
0.0
0.0
0.0
0.0644253
0.0
0.0
0.0
0.0
0.0
0.0
0.0
1.17518
0.318426
0.0
0.0
0.0
0.911489
0.0
0.0
0.0
0.0
0.0
0.0
0.0
0.0
0.0
0.0
0.0
-0.245665
0.0
0.0
0.0
0.0
0.0
0.0
0.0
0.0
0.0
0.0
0.0
0.0
0.0
0.0
0.0
0.0
0.111328
0.0
0.0
0.0
0.0
0.0
0.0
0.0
0.0
0.0
-0.432027
0.0
0.0
0.0
0.0
0.0
0.0
0.0
0.0
0.0
0.0
0.0
0.0
0.0
0.0
0.0
0.0
0.0
0.0
1.38079
0.0
0.0
0.0
0.0
0.0
0.0
0.0
0.0
0.0
0.0
0.0
0.0
0.0
0.0
0.0
0.0
0.0
0.0
0.0
0.0
0.0
0.0
0.0
0.0
0.0
0.0
0.0138501
0.0
0.0
0.0
0.0
0.0
0.0
0.0
0.0
0.0
0.0
0.0
0.0
0.0
0.0
0.0
0.0
0.0
-0.675276
0.0
0.0
-0.213877
0.0
0.0
0.0
0.0
0.0
0.0
0.0
0.0
0.0
0.0
0.0
1.39161
0.0
0.0
0.0
0.0
0.0
0.0
0.0
0.0
0.0
-0.0398354
0.0
0.0
0.0
0.0
0.0
0.0
0.0
1.40379
0.0
0.0
0.0
-1.79261
0.0
-0.594942
0.0981811
0.0
0.0
0.0
0.0
0.0
0.0
0.0
-0.00620015
0.0
0.0
0.0
0.0
0.0
0.0
0.0
0.0
0.0
-0.974679
0.0
0.0
0.0
0.0
0.0
0.0
0.0
0.0
0.0
-0.644938
0.0
0.0
0.0
0.0
0.0
0.0
0.0
0.376771
0.0
0.0
0.0
0.0
0.0
0.0
0.0
0.0
0.0
0.0
0.0
0.0
0.0
0.0
0.0
0.0
0.0
0.0
0.0
0.0
0.0
0.0
0.0
0.0
0.0
0.0
0.0
0.0
0.0
0.0
0.0
0.0
0.560861
0.0
0.0
0.0
0.0
0.0
0.0
0.0
0.0
0.0
0.0
0.0
-0.105419
0.0
0.0
0.0
0.0
0.0
0.0
0.0
0.0
0.0
0.0
0.0
1.09724
0.0
0.0
0.0
0.0
0.0
0.0
0.0
0.0
-0.233573
0.0
-0.648431
0.0
0.0
0.0
0.0
0.0
0.157591
0.0
0.0
0.0
0.0
0.0
0.0
0.0
0.0
0.0
0.0
0.0
0.0
-0.155324
0.0
0.497393
0.0
0.0
0.0
0.0
0.0
0.0
0.0
0.0
0.0
0.186153
0.0
0.0
0.0
0.0
0.0
0.0
0.0
0.0
0.0
0.0
0.0
0.0
0.623959
0.0
0.0
0.0
-0.650321
0.0
1.59182
0.0
0.0
0.0
0.0
0.0
0.0
0.0
0.0
-1.66212
0.0
0.0
0.0
0.0
0.0
0.0
0.0
0.0
0.0
0.0
0.0
0.0
0.0
0.0
0.0
0.0
0.0
0.0
0.0
0.0
0.0
0.0
0.0
0.0
0.0
0.0
0.0
0.0
0.0
0.0
0.0
0.0
0.0
0.0
0.0646795
0.0
0.0
0.0
0.0
0.0
0.0
0.0
0.0
0.0
1.17236
0.0
0.0
0.442477
0.0
0.0
2.30684
0.0
0.440716
0.0
0.0
0.0
0.0
0.0
0.0
0.0
0.0
0.0
0.0
0.0
0.0
0.0
0.0
0.0
-0.745556
0.0
0.0
0.0
0.0
0.0
0.0
0.0
0.0
0.0
0.0
-0.992812
0.0
0.0
0.0
0.0
0.0
0.0
0.0
0.0
0.0
0.0
0.0
0.0
0.0
0.0
0.0
0.0
0.0
-1.09378
0.0
0.0
0.0
0.0
0.0
0.0
0.0
0.0
0.0
0.0
0.824477
0.0
0.0
0.0
0.0
0.0
0.0
0.0
0.0
0.0
0.0
0.0
0.0
0.0
0.0
0.0
-0.711005
0.0
0.0
0.0
0.0
0.0
0.0
0.0
0.0
0.0
0.0
0.0
0.0
0.0
1.50161
0.0
0.0
0.0
0.0
0.0
0.0
0.0
0.0
0.0
0.0
0.0
0.0
0.0
0.0
0.609892
0.0
0.0
0.0
0.0
0.135296
0.0
0.0
0.0
0.0
0.0
0.0
0.0
0.0
0.0
0.0
0.0
0.0
0.0
0.0
0.0
0.0
0.0
0.0
0.0
0.0
0.0
0.0
0.0
0.963352
0.0
0.0
0.0
0.0
0.0
0.0
0.0
0.0
0.0
0.0
0.0
0.0
0.0
0.0
0.0
0.0
0.0
0.0
0.0
0.0
0.0
0.0
0.0
0.0
0.0
0.0
0.0
0.0
0.0
0.0
0.0
0.0
0.0
0.786543
0.0
0.0
0.0
0.0
0.0
0.0
0.0
-0.13347
0.0
0.0
0.0
0.0
0.0
0.0
0.0
0.0
0.0
0.0
0.0
0.0
0.0
0.0
0.0
0.0
0.0
0.0
0.0
0.0
0.0
0.0
0.0
0.0
0.0
0.0
0.0
0.0
0.0
0.0
0.0
0.0
0.0
0.0
0.0
0.0
0.0
0.0
0.0
0.0
0.0
0.0
0.0
0.0
0.0
0.496177
0.0
0.0
0.0
0.0
0.0
0.0
0.0
0.0
0.0
0.0
0.0
0.77043
0.0
0.0
0.0
0.0
0.0
1.5186
0.0
0.0
0.0
0.0
0.0
0.0
0.0
0.0
0.0
1.53442
0.0
0.0
0.0
-1.16017
0.0
0.0
0.0
0.0
0.0
0.0
0.0
0.0
0.0
0.0
0.0
0.0
0.194867
0.0
0.0
-1.44055
-0.301404
0.0
0.0
0.0
0.127552
0.0
0.0
0.602304
0.0
0.0
0.0
0.0
0.0
0.0
0.0
-0.520028
0.0
0.0
0.0
0.0
0.0
0.0
0.0
0.0
0.0
0.0
0.0
0.0
0.0
0.0
0.0
0.0
0.0
0.0
-0.210355
0.0
0.0
0.0
-0.517529
0.0
-1.02877
0.0
0.0
0.185715
0.0
0.0
0.0
0.0
0.212562
0.0
0.0
0.0
0.797932
0.0
0.0
0.0
0.0
0.0
0.0
0.0
0.0
0.0
0.0
0.0
0.0
0.0
0.33308
-0.0904993
-0.642536
0.432865
-0.668573
-0.502072
-1.16375
0.0360954
-0.399785
0.0859174
0.119338
-0.437298
-0.603625
-0.978936
0.104575
0.980203
0.0
0.0
-1.27948
0.0
-0.305495
0.0
0.0
0.0
0.0
0.0
0.0
0.0
0.0
0.0
0.0
1.54609
0.0
0.0
0.0
0.0
0.0
0.0
0.0
0.0
0.0
0.0
0.0
-0.24562
0.0
0.0
0.0
0.0
0.0
0.0318763
0.0
0.0
0.0
0.0
-0.323611
0.0
0.0
2.14771
0.0
0.0
0.0
0.0
0.0
0.0
0.0
0.0
0.0
0.0
0.0
0.0
0.0
0.0
-0.89843
0.0
0.0
1.63438
0.31423
0.0
0.0
-0.839689
0.0
0.0
0.0
-1.34403
0.0
0.0
0.0
0.0
1.50252
0.0
-2.99136
-1.43432
0.0
0.0
0.81261
0.0
0.0
0.0
0.0
0.0
0.0
0.0
0.0
0.0
0.0
-0.890624
0.0
0.0
0.0
0.0
0.0
0.0
-0.170702
0.0
-1.23577
0.0
0.0
0.0
0.0
0.0
0.0
0.0
0.0
0.0
0.0
0.0
0.0
0.0
0.0
0.0
0.0
0.172832
0.0
0.0
0.0
0.0
0.0
0.0
0.0
0.0
0.0
0.763609
0.0
0.0
0.0
0.0
0.0
0.0
0.0
0.0
0.0
0.0
-0.173354
0.0
0.0
0.0
0.0
0.0
0.0
0.0
1.32806
-0.502248
-0.458201
0.174653
0.201437
0.599636
0.782925
-0.553408
0.0466092
0.0621158
-0.0328499
-0.39027
-0.584856
-2.14511
0.382805
-0.490436
1.52874
0.0
0.0
0.0
0.0
0.0
0.0
0.0
0.0
0.0
0.877888
0.0
0.0
0.0
0.0
0.0
0.0
0.0
0.0
0.50481
0.322324
0.0
0.0
0.0
-0.923737
0.0
0.0
0.0
0.0
0.0
0.0
0.0
0.0
0.0
0.0
0.0
0.137085
0.0
0.0
0.0
0.0
0.0
0.0
0.0
0.0
0.0
0.241537
0.0
0.0
0.0
0.0
0.0
0.0
0.0
-0.810332
0.0
0.0
0.0
0.0
0.0
0.0
-0.0334912
0.0
0.0
0.0
0.0
0.0
0.0
0.0
0.0
0.0
0.0
0.0
0.0
-1.15916
-1.10052
0.0
0.0
0.0
0.0
0.0
0.0
0.0
0.0
0.0
0.0
0.0
0.0
0.0
0.0
0.0
0.0
0.0
0.0
0.0
0.0
0.0
0.0
0.0
0.0
0.0
0.0
0.0
-0.163618
0.0
0.0
0.0
0.0
-1.40873
0.0
0.0
0.0
0.0
0.0
0.0
0.0
-1.70739
0.0
0.0
0.0
0.0
0.0
0.0
0.0
0.0
0.0
0.0
0.0
0.0
0.0
0.0
0.0
0.0
0.0
0.0
0.334057
0.0
0.0
0.0
0.0
0.0
0.0
0.0
0.0
-1.66901
-0.682447
0.0
0.0
0.0
0.0
0.0
0.0
0.0
0.0
0.0
0.0
0.247878
0.0
-0.831929
-1.7301
0.0
0.0
0.0
0.0
0.0
1.95958
0.0210602
0.0
0.0
0.0
0.0
0.0
0.0
0.0
0.0
0.0
0.0
-1.74985
0.0
0.0
-0.136242
0.0
1.42856
0.0
0.0
0.0
0.0
0.0
0.865316
-0.160471
0.0
0.0
0.0
0.0
0.0
0.0
0.568972
0.0
0.0
0.0
0.0
0.0
0.0
0.0
0.0
0.0
0.0
0.0
0.0
0.0
0.0
0.0
0.0
0.0
0.0
0.0
0.0
0.0
0.0
0.0740206
0.0
0.0
-0.304226
0.0
0.0
0.0
0.0
0.0
0.0
0.0
0.0
0.0
0.0
0.0
0.0
0.0
0.0
0.0
0.0
-0.612327
0.0
0.0
0.0
0.0
0.0
0.0
0.0
0.0
0.0
0.0
0.0
0.0
-0.463351
0.0
0.0
0.0
0.0
0.0
0.695562
0.0
0.0
0.0
0.0
-0.0881845
0.0
0.0
0.0
0.0
0.375294
0.827956
0.0
0.0
0.0
0.0
0.0
0.0
0.0
0.0
0.0
0.0
0.0
-0.715152
0.0
0.0
2.03447
0.0
0.0
0.0
0.0
1.20309
0.446966
0.0
0.0696672
0.0
0.0
0.0
0.0
0.0
0.0
0.0
0.0
0.0
0.0
0.0
-1.10608
0.0808701
0.0
0.0
0.0
0.0
0.0
0.0
0.0
0.0
-0.558524
0.0
0.0
0.315168
0.0
0.0
0.0
0.0
0.0
0.0
0.0
0.0
0.0
0.0
0.0
0.0
0.582597
0.0
0.0
0.0
0.0
0.0
0.0
0.0
0.0
0.0
0.0
0.0
0.0
-2.08304
0.0
0.0
0.0
-0.776802
0.0
0.0
0.0
0.0
0.0
0.706896
0.0
-0.158806
0.0
0.0
0.0
0.622675
0.0
0.0
0.0
0.0
0.0
0.0
0.0
1.24008
0.0
0.0
0.0
0.0
0.0
0.0
0.0
0.0
0.0
0.0
0.0
0.0
0.0
-0.590415
0.468305
0.0
0.0
0.0
0.0
0.0
0.0
0.0
1.55251
0.494839
1.57182
0.0
-1.24399
0.0
0.0
0.0
0.0
0.0
0.0
0.0
0.0
0.0
0.0
0.0
0.0
0.0
0.0
0.0
0.0
0.0
0.0
0.0
0.0
-0.539
0.465361
0.0
0.0
0.0
0.0
0.0
0.0
0.0
0.0
0.0
0.0
0.0
0.0
0.0
0.0
0.0
0.0
0.0
0.0
0.0
0.0
0.0
0.0
0.0
0.0
0.0
0.0
0.0
0.0
0.0
0.0
0.0
0.0
0.0
0.597928
0.0
0.0
0.0
0.0
0.0
0.0
0.0
0.0
0.0
0.0
0.0
0.0
0.0
-1.36073
0.0
0.0
0.0
0.0
0.0
0.0
0.0
0.0
0.0
0.0
0.0
0.0
0.0
-1.62415
0.0
0.0
0.0
0.0
0.0
0.0
0.0
0.0
0.0
0.0
0.0
0.0
2.68375
0.0
0.0
0.0
0.0
0.493239
0.0
0.0
0.0
0.0
0.0
0.0
0.0
0.0
-2.25988
0.0
0.0
0.0
0.0
0.0
0.0
0.0
0.0
0.0
0.0
0.0
0.0
0.0
0.0
0.0
0.0
0.0
0.0
0.0
0.0
0.0
0.0
0.0
1.53604
0.0
0.0
0.0
0.0
0.0
0.0
0.0
0.0
1.42992
0.0
0.0
0.0
0.0
0.0
0.0
0.0
0.433029
0.0
0.0
0.0
0.0
0.0
0.0
0.0
-0.106198
0.0
1.63047
-0.276181
0.0
0.0
0.0
0.0
0.0
0.0
0.0
0.0
0.0
0.0
0.0
0.0
0.0
0.373703
0.0
0.0
0.0
0.0
0.0
0.0
0.0
0.0
0.0
1.93204
0.0
0.0
0.0
0.0
0.0
0.0
0.0
0.0
0.0
0.0
0.0
0.0
0.0
0.0
0.0
0.0
0.0
0.633739
0.0
0.0
0.0
0.0
0.0
0.0
0.0
0.0
0.0
0.0
0.0
2.36913
0.0
0.0
0.0
0.0
0.0
0.0
-1.52337
0.0
0.0
0.0
0.0
0.0
0.0
-0.607581
0.0
0.0
-0.0397468
0.0
0.0
-0.816548
0.0
1.98608
0.0
0.0
0.0
0.0
0.0
0.0
0.0
-0.211775
0.0
0.0
0.0
-0.304741
0.0
0.0
0.0
0.0
0.0
0.0
0.0
0.0
0.0
0.0
-0.505709
0.0
0.0
0.0
0.0
0.0
0.0
0.0
0.0
0.0
0.0
0.0
0.0
0.0
0.0
0.0
0.0
0.0
0.0
0.0
0.0
-0.106226
0.0
0.0
0.0
0.0
0.0
0.0
0.0
0.0
0.0
0.0
0.0
0.0
0.0
0.0
0.0
0.0
0.623102
0.0
0.884081
0.0
0.0
0.0
0.0
0.0
0.0
0.130925
0.0
0.0
0.0
0.608608
0.0
0.0
0.0
0.0
0.0
0.0
0.0
0.0
0.0
0.0
0.0
0.0
0.0
0.0
0.0
0.0
0.0
-0.881457
0.0
0.0
0.0
0.0
0.0
0.0
0.0
0.0
0.0
0.0
0.0
0.0
0.0
0.0
0.0
-0.470599
0.0
0.0
0.0
0.130226
0.0
0.0
0.0
0.0
0.0
0.0
0.0
0.0
0.0
0.0
0.0
0.0
0.0
0.0
0.0
0.0
-0.936634
0.0
1.50147
0.0
0.0
0.0
0.0
0.0
0.0
0.0
0.0
0.0
0.0
0.0
0.0
0.0
0.0
0.0
0.0
0.0
0.0
-1.20134
1.73211
1.87074
-2.407
0.15374
0.082459
-1.02996
0.0137262
-0.362522
0.13601
-0.321987
0.0858916
-0.218096
-1.06055
-2.22581
-0.819926
0.209771
-0.565494
0.0
0.0
1.09134
0.0
0.0
0.0
0.0
0.0
0.0
0.0
0.0
0.0
0.0
0.0
0.0
0.0
0.0
0.0
0.0
0.0
0.0
0.0
0.0
0.0
0.0
0.0
0.0
0.0
0.0
0.0
0.0
0.0
-1.34994
0.0
0.0
0.164741
0.0
0.0
0.0
0.0
0.0
0.0
0.0
0.0
0.0
0.0
0.0
0.0
0.0
0.0
0.0
0.0
0.0
0.138161
0.0
0.0
0.0
0.0
0.0
0.0
0.0
0.0
0.0
0.0
0.0
0.0
0.0
0.0
0.0
0.0
0.0
-1.39847
0.0941176
0.0
0.0
0.0
0.0
0.0
0.862437
2.54262
1.80515
-1.76232
0.633752
1.38671
1.97397
1.00361
-2.19265
0.640887
0.079028
0.238716
-0.820277
1.11193
1.88416
1.96481
2.02144
-2.29247
-0.770979
1.90191
-0.350012
-1.10236
-2.45725
-0.520137
2.94497
-1.48244
-0.540352
-1.636
1.23402
-0.814439
-2.57345
-2.43404
-1.89543
0.772976
-0.448524
-0.10071
-0.00378822
1.17054
2.19347
1.83334
-0.268923
-0.82416
-0.884744
-0.724194
-0.436029
-1.62389
-2.57892
0.128334
-0.788134
-0.777786
1.34269
-0.425402
0.0101787
-0.156545
0.505933
-0.0914002
-0.319036
0.200041
0.345031
-0.333159
0.595578
-0.886325
2.24996
0.890006
0.819729
0.250463
1.03511
0.0107863
0.283742
0.284591
-0.483014
0.483634
0.191183
-0.841568
-0.461248
-1.39749
0.415177
0.302448
-0.689221
-0.588159
0.125977
0.366554
0.835208
-0.0402708
-0.196706
-0.736765
1.36806
0.307757
0.302439
2.81199
-1.30416
0.015314
-2.89737
0.716946
2.16248
-0.77097
-1.48895
0.966671
-0.25219
3.18207
0.378616
0.550067
-1.06337
-0.328382
-0.752479
-0.691031
1.50848
0.113131
0.136702
-0.108391
3.3889
-0.0737125
0.0193417
0.81318
0.886026
0.119388
-0.140081
-2.60105
-0.170851
2.13088
-0.30265
-0.689305
-1.24344
-2.86305
-3.31118
3.54502
-2.2237
0.147622
-1.27774
1.60941
-0.40301
-1.994
-0.278716
2.81927
-0.341072
0.140043
0.0524945
-0.50196
-0.11343
-1.80985
0.41657
-1.04114
1.45166
-3.6451
1.69025
-1.29527
1.25528
2.57042
2.83663
3.79992
-2.56205
-0.442167
-0.87715
-0.597263
0.362093
-2.30761
1.57453
-0.0493347
-0.669823
1.65219
2.83872
-0.402943
0.35722
2.09202
2.16916
2.56566
2.54107
-1.08909
2.86459
-0.910228
0.618587
1.48314
0.905523
-0.854804
-2.54423
-0.669861
3.54368
0.337138
-3.72904
-0.628853
1.53899
-1.71582
1.94424
-0.29255
-0.760065
2.40843
-1.57708
2.67383
0.182773
1.17837
0.785894
0.716195
-0.802723
1.4746
-0.921006
-1.75684
-0.380622
1.90019
-0.766463
3.29544
2.5593
-1.22846
-1.52205
-3.2018
1.97248
0.453911
-0.937699
1.41978
0.453331
-0.340005
-1.53044
-0.450281
-0.700192
1.0096
-0.0703924
-5.44547
-2.2614
-4.75126
-1.0922
1.93238
1.107
0.978504
1.56038
1.28712
-1.52177
3.30568
0.231609
-1.45144
0.0392468
-0.04166
0.658799
-0.292799
2.70801
0.329289
3.88305
0.124652
0.144136
-0.706562
-0.310509
0.330144
1.2303
-1.06374
-2.61042
-1.46629
-0.431711
-2.52473
-0.830848
3.06669
0.0491124
4.08043
-1.77624
4.99717
-0.238646
-0.747524
1.019
-1.23865
-1.65121
-1.98391
-1.44337
-1.34746
0.20196
2.26194
1.10006
0.120042
-0.8676
-2.46991
2.87963
-6.58789
4.77596
-1.66253
-1.24311
0.149142
2.17644
-0.375872
3.68416
1.10716
-0.491235
-0.941113
-0.471957
0.198516
0.160171
-1.75127
-4.54185
5.35154
-6.20411
6.3535
-1.12899
-1.48121
-3.97869
-5.00744
2.98865
-0.277063
-0.0329453
-1.13964
1.59701
-0.91661
0.546681
0.865783
0.803392
1.03205
-3.86173
4.64227
-3.63779
4.53153
-1.17403
-1.5568
3.51844
0.306768
0.0225323
1.21788
-0.456618
-2.68638
1.04366
-0.242865
1.67864
1.3973
3.44178
-3.65392
-3.75027
-3.01608
1.91934
0.166908
-3.34101
-2.18397
2.23376
-1.23415
-0.0163389
1.25166
-0.75724
-0.534272
2.779
-1.45019
2.57329
-3.11568
-0.973591
1.23991
0.166583
0.0184178
-0.134334
-0.899816
0.635004
-1.46995
0.296151
0.0109518
0.1806
-0.348593
-0.290411
0.569804
0.0851023
0.120469
-0.135907
-1.64244
1.95337
-6.14484
-0.660468
-1.86636
-0.83207
-6.996
4.19456
-5.28375
-1.10015
1.41385
6.46221
0.228606
-0.0555109
-0.909611
-0.780001
-3.96975
-0.507482
2.56228
1.82736
-6.46026
-0.568171
-2.18147
-2.79524
-2.98859
-1.20908
-4.0331
-5.97355
3.62469
-3.28285
0.0602527
2.11031
1.31252
1.69497
-3.10613
-5.56649
1.89989
-1.69431
-8.63265
-3.7096
-2.1453
5.57887
-5.54088
-8.67556
7.07739
-5.01882
10.4087
-7.48435
-3.75257
3.60082
3.0252
4.17014
2.06196
-10.0541
-1.43174
-1.75379
-0.0012571
-1.00429
-2.38103
-0.487561
-0.175753
-1.58047
-0.729168
-6.20448
-6.14084
4.96529
-1.37856
-0.661496
-1.83543
-1.99308
