[125, 9, 9, 4]
0.0
0.0
0.0
0.0
0.0
0.0
0.0
0.0
0.0
0.0
0.0
0.0
0.0
0.0
-2.07304
0.0
0.0
0.443861
0.0
0.0
0.0
2.00465
0.0
0.0
0.0
0.0
0.0
0.0
0.0
0.0
0.0
0.0
0.0
2.0453
0.0
0.0
0.0
0.0
0.0
0.0
-1.62219
0.0
0.0
0.0
0.0
-0.0116544
-0.0962845
0.206007
-1.5798
-0.735812
-1.10878
1.58754
-0.188227
-0.883285
0.0
0.0
0.0
0.0
0.0
0.0
0.0
0.0
0.0
0.0
0.0
0.0
0.0
0.0
0.0
0.0
0.0
0.0
0.0
0.0
-0.411832
0.0
0.0
-0.246386
0.0
0.0
0.0
0.0
0.0
0.0
0.0
0.0
0.0
0.0
0.0
0.0
0.0
0.0
0.0
0.0
0.0
0.0
0.0
0.0
0.0
0.0
0.0
0.0
0.0
-1.00723
0.0
0.0
0.0
0.0
0.676145
0.0
0.0
0.0
0.0
0.0
0.0
0.0
-0.510338
0.0
0.0
0.0
0.0
0.0
0.0
0.0
0.0
-0.230105
0.0
0.0
0.0
0.0
-0.174183
0.0
0.0
0.0
-0.308545
0.0
0.0
0.0
0.0
0.0
-0.392791
0.0
0.0
0.0
0.0
0.0
0.0
0.0
0.0
0.0
0.0
0.0
0.0
0.0
-0.175835
-1.00284
0.0
0.0
0.0
0.0
0.0
0.0
2.21314
0.0
0.0
0.0
0.0
-1.14997
0.0
0.0
0.0
0.0
0.0
0.0
0.0
0.0
0.0
0.0
0.0
0.0
0.0
0.0
0.0
0.0
0.0
0.0
-0.559631
0.0
0.0
0.0
0.0
0.0
0.0
0.0
0.0
1.68902
0.0
0.0
0.0
0.0
0.0
0.0
0.0
0.0
0.0
-0.48696
0.0
-0.476722
0.0
0.0
0.0
0.0
0.339992
0.0
-0.743969
0.0
0.0
0.0
0.0
0.0
0.0
0.0
0.0
0.0
0.0
0.0
0.0
0.0
0.0
0.0
0.0
0.0
0.0
0.0
0.0
0.0
0.0
0.0
0.0
0.0
0.0
0.0
0.262157
0.0
-1.75946
0.0
0.0
0.0
0.0
0.0
0.0
0.0
0.0
-0.457131
0.0
0.0
0.0
0.0
0.0
0.0
0.0
0.0
0.0
0.0
0.0
0.0
0.0
0.0
0.0
0.0
0.0
0.0
0.0
0.0
-0.652469
0.0
0.0
0.0
0.0
0.0
0.0
0.0
0.0
0.0
0.0
0.0
0.0
0.0
0.0
0.0
0.0
0.0
0.0
0.0
0.0
0.0
0.0
0.0
0.0
0.0
0.0
0.0
0.0
0.0
0.0
1.33443
0.0
0.0
0.0
0.0
0.0
0.0
0.0
0.0
0.0
0.0
0.0
0.0
0.0
0.0
0.0
0.0
-0.559312
0.0
0.0
0.0
0.0
0.0
0.0
0.0
0.0
0.0
0.0
0.0
0.0
0.0
0.0
0.0
-0.55188
0.0
0.0
0.285725
0.0
-0.592978
0.0
0.0
0.0
-0.266053
0.0
0.0
0.0
0.0
0.0
0.0
0.0
0.0
0.0
0.0
1.02105
0.0
0.0
0.0
0.0
-0.331869
0.0
0.0
0.0
0.0
0.0
0.0
0.0
0.0
1.67109
0.0
0.0
0.0
0.0
0.0
0.0
0.0
0.0
0.0
0.0
0.0
0.0
0.0
0.0
-0.252154
0.0
0.0
0.0
0.0
0.0
0.0
0.0
0.0
0.0
0.0
0.0
0.0
0.0
0.0
0.0
1.15988
0.0
0.0
0.0
0.0
0.0
0.0
-0.312489
0.0
0.991874
0.0
0.0
0.0
-1.33167
0.0
0.0
0.0
0.0
0.0
0.0
0.0
0.0
0.0
0.0
0.0
0.0
0.0
0.0
0.0
0.0
0.0
0.0
0.0
0.0
0.0
0.0
-0.326108
0.0
0.0
0.0
0.0
0.0
0.0
0.0
0.0
0.944744
0.0
0.0
0.0
0.0
0.0
0.0
0.0
0.0
0.0
0.0
-1.22666
0.0
0.0
0.0
0.0
0.0
0.0
0.0
0.0
0.0
0.0
0.0
0.0
0.165396
2.79853
0.0
0.137057
0.0
1.42184
0.0
0.0
0.0
0.0
0.0
0.277113
0.0
0.0
0.0
0.0
0.0
0.858695
0.0
0.0
1.09579
0.0
1.86034
0.894915
-0.170977
0.034107
-0.552324
0.0378894
2.25877
1.01956
-0.668455
-0.198223
0.0
0.0
0.0
0.0
0.0
0.0
0.0
0.0
0.0
0.0
0.497291
0.0
0.0
0.0
0.0
0.0
0.0
0.0
0.0
0.0
0.0
0.0
0.0
0.0
0.0
0.0
0.0
0.0
0.0
0.0
-1.13647
0.0
0.0
0.0
0.0
0.0
0.0
0.0
0.0
0.887337
0.0915841
0.0
0.0
0.0
0.0
-0.024038
0.0
0.0
0.0
0.0
0.0
0.0
0.0
0.0
0.0
0.0
0.0
0.0
0.0
0.0
0.0
0.0
0.0
0.0
0.0
0.0
0.0
0.0
0.0
0.0
0.0
0.0
0.0
0.0
0.0
0.0
0.0
0.0
0.0
0.0
0.0
0.0364204
-0.0627443
-0.0635637
0.256931
1.04129
-1.10091
-0.434023
0.590449
0.554202
0.0
0.0
-1.15434
0.0
0.0
0.0
0.0
0.0
0.0
0.0
0.0
0.0
0.0
0.0
0.0
0.0
0.0
0.0
0.0
0.0
0.0
0.0
0.0
0.0
0.0
0.0
0.0
0.0
0.0
0.0
0.0
0.0
0.0
0.0
0.0
0.0
0.0
0.0
0.0
1.34292
0.0
0.0
0.0
0.0
0.0
0.0
0.0
-0.0149311
0.0
0.0
0.0
1.13553
0.0
0.0
0.0
0.0
0.0
0.0
0.0
0.0
0.0
0.0
0.0
0.0
0.0
0.0
-0.10971
0.0
0.0
0.0
0.0
0.0
0.0
0.00861102
0.195458
0.0
0.0
0.0
0.0
0.0
0.0
0.0
0.0
0.0
0.0
-0.0434637
0.0
0.0
0.0
0.0
0.0
0.0
0.0
0.0
0.0
0.0
-0.837042
0.0
0.0
0.0
0.0
0.0
0.0
0.0
0.0
0.0
0.0
0.0
0.0
0.0
0.0
0.0
0.0
0.0
0.0
0.0
0.0
0.0
0.0
1.63632
0.0
0.0
0.0
0.0
0.0
0.0
0.0
0.0
0.0
0.0
0.0
0.0
0.0
0.0
0.0
0.0
0.0
0.0
-0.832118
0.0
0.0
0.0
0.311079
0.0
0.0
0.0
0.0
0.0
0.0
0.0
0.0
0.0
-2.07235
0.0
0.0
0.0
0.0
0.0
0.0
0.0
0.0
0.712308
0.0
0.0
-1.83533
0.667731
0.0
0.0
0.0
0.0
0.0
0.846244
0.759473
0.0
0.0
0.0
0.0
0.0
0.0
0.0
0.0
0.0
0.0
0.0
0.0
0.0
0.0
0.0
0.0
0.0
0.0
1.06785
0.0
0.0
0.0
0.0
0.0
-0.15562
0.0
0.0
0.0
0.847147
0.0
0.0
0.0
-0.169131
0.0
0.0
0.0
0.0
0.0
0.0
0.0
0.0
0.0
0.0
0.0
0.0
0.0
0.0
0.0
0.0
0.0
0.0
0.0
0.0
0.0
0.0
0.0
0.0
0.33135
0.0
-0.491559
-0.138876
0.0
0.0
0.0
0.0
0.0
-0.834639
0.0
0.965106
0.0
0.0
0.0
0.0
0.0
0.0
0.0
0.629465
0.0
0.0
0.0
0.0
0.0
0.0
0.0
-0.219739
0.0
0.0
0.0
0.0
0.0
0.0
0.0
0.0
0.0
0.0
0.0
0.0
0.0
0.0
0.0
0.0
0.0
0.0
0.0
0.0
0.0
-1.62785
0.0
0.0
0.0
0.946957
0.0
0.0
0.0
0.0
0.0
1.6018
0.0
0.0
0.0
0.0
0.0
0.0
0.0
0.0
0.0
0.0
0.093924
0.0
0.0
0.176741
0.0
-0.481013
0.0
0.0
-1.78669
0.0
0.0
0.0
1.83626
0.0
0.0
0.0
0.0
0.0
0.0
0.751562
-0.037065
0.0
0.0
0.0
0.560596
0.0
0.0
0.0
0.0
0.0
0.0
0.0
0.0
0.0
0.0
-0.77026
0.0
0.0
0.0
0.0
0.0
0.0
0.0
0.855789
0.0
0.0
0.0
0.0
0.0
0.0
0.0
0.0
-0.688671
0.0
0.0
0.0
0.0
0.0
0.0
0.0
0.0
0.0
0.0
0.0
0.0
0.0
0.0
0.0
0.0
0.0
0.0
0.0
0.0
0.0
0.0
0.0
0.0
0.0
0.0
0.0
0.0
0.0
0.0
0.0
0.0
0.0
0.0
0.0
0.0
0.0
0.0
0.0518131
0.0
0.0
-0.0184852
0.0
0.0
0.0
0.0
0.0
0.334879
0.0
0.0
0.0
0.0
0.0
0.0
0.0
0.0
0.0
0.0
0.0
0.0
0.0
0.0
-0.373808
0.0
0.0
0.0
0.0
0.0
0.0
0.0
-1.05
0.0
0.0
0.0
0.0
0.0
0.0
0.0
0.0
0.0
0.0
0.0
0.0
0.0
0.0
0.0
0.0
0.0
-0.0451768
-0.768292
0.231258
-0.235077
-2.30811
0.782912
0.593477
0.215097
-1.2168
0.0
0.0
-2.0932
-0.307342
0.0
0.0
0.0
0.0
0.0
0.0
0.0
-0.0228419
0.0
0.0
0.0
0.927558
0.0
0.0
0.0
0.0
0.0
0.0
0.0
0.0
0.0
0.0
0.0
-0.643211
0.0540486
0.0
0.0
0.0
0.0
0.0
0.0
0.0
0.0
0.0
0.0
0.0
-0.423421
-0.277199
0.0
0.0
0.0
0.2794
-3.16527
0.731872
0.290575
0.633344
-0.066221
2.70027
-0.166233
0.211974
-0.0824107
2.69468
0.108188
-0.493109
-1.58507
-0.104537
-2.63882
-0.105763
0.320212
0.05455
-0.22863
0.029374
0.140258
0.289605
0.0161542
0.123601
-0.000170311
-0.0714788
0.0068235
-0.0768422
0.00385607
0.0739942
1.47535
0.00670976
0.134478
0.22192
-0.125778
0.196651
-0.470554
2.38116
-0.202589
-0.659928
-0.931856
1.25176
-0.271869
0.534948
0.13961
-0.250467
0.774618
-0.381962
-0.821475
-1.08145
-0.117394
-0.363542
0.744965
1.35377
0.317122
1.21963
0.62279
1.79539
1.31793
0.373881
-0.554909
-0.767403
1.9445
0.820364
0.328379
-0.330598
-2.08766
-0.534813
-0.0550028
-0.39976
0.710078
1.79114
-1.32782
-1.40901
0.0817992
2.34474
-0.485136
-0.33406
-0.404233
0.385494
-0.0204016
1.64777
2.27332
3.54232
5.62169
-2.4927
-0.537165
-1.92626
0.313287
-0.104862
0.65964
1.76229
2.29517
4.16514
8.71729
-0.303179
2.55036
-2.01931
0.0464605
-0.300168
0.15737
1.66911
-1.9815
1.0752
0.641546
-0.194512
-0.430925
-0.0445371
-0.337447
-0.361193
0.0653255
1.01739
1.89907
2.0346
5.30779
-3.23208
0.134776
-0.211287
0.671195
-0.243534
-1.17285
-2.36987
-2.66342
-3.4221
-1.32411
0.0519743
-0.172492
0.0460647
0.215673
0.26576
0.267663
-0.895489
2.54176
0.375941
-0.514369
-1.46091
-1.78458
-1.9066
4.19388
2.82263
2.88652
4.43921
-1.0996
-1.68718
-2.37428
-1.94724
-2.51145
-1.02122
0.891893
-1.46369
-6.82665
0.603359
5.54259
-1.04146
-2.05609
8.15106
-6.06697
1.86352
-3.43597
-6.20991
-5.24596
-3.12793
-3.19326
-3.22426
-2.5154
5.60894
1.56264
-0.753264
1.03202
-3.86841
1.63634
-2.79396
-2.38217
-2.35998
