[293, 25, 25, 4]
0.0
0.0
0.0
0.0
0.0
0.0
0.0
0.0
0.0
0.0
0.0
0.0
0.0
0.0
0.0
0.0
0.0
0.0
0.0
0.0
0.0
0.0
0.0
0.0
0.0
-0.607538
0.0
0.0
0.0
0.0
0.0
0.0
0.0
0.0
0.0
0.0
0.0
0.0
0.0
0.0
0.0
0.0
0.0
0.0
0.0
0.0
0.0
0.0
0.0
0.0
0.0
0.0
0.0
0.0
0.0
0.0
0.0
0.0
0.0
0.0
0.0
0.0
0.0
0.0
0.0
0.0
0.0
0.0
0.0
0.0
0.0
0.0
0.0
0.0
0.0
0.0
0.0
0.0
0.0
0.0
0.0
0.0
0.0
0.0
1.82705
0.0
0.0
0.0
-1.03545
0.0
0.0
0.0
0.0
0.0
0.0
0.0
0.0
0.0
0.0
0.0
0.0
0.0
0.0
0.0
0.0
0.0
0.0
0.0
0.0
0.0
0.0
0.0
0.0
0.0
0.0
0.0
0.0
0.0
0.0
0.0
0.0
0.0
0.0
0.0
0.0
0.0
0.0
0.0
0.0
0.0
0.0
0.0
-3.09183
0.0
0.0
0.0
0.0
0.0
0.0
0.0
0.0
0.0
0.0
0.0
0.0
0.0
0.0
0.0
0.0
0.0
0.467068
1.33335
-0.20779
0.437707
0.209392
-0.476098
0.215137
0.0861454
0.453972
-0.0802653
0.748471
0.052913
-0.05053
-0.528107
-0.394432
-0.29203
0.340894
-0.501953
-0.146948
-0.155124
-0.227677
-0.370167
0.316332
-0.365358
0.0357654
0.0
0.0
0.0
0.0
0.0
0.0
0.0
0.0
0.0
0.0
0.0
0.0
0.0
0.0
0.0
0.0
0.0
0.0
0.0
0.0
0.0
0.0
0.0
0.0
0.0
0.576324
1.09467
-0.23528
-0.101231
0.389481
-0.388414
0.293687
0.456083
0.166088
0.36449
0.565366
0.0170902
-1.11402
-0.64199
-0.411756
0.43691
0.284204
-0.256182
-0.0616947
0.205251
-0.0317769
-0.701003
0.433648
0.163907
-0.545095
0.0
0.0
0.0
0.0
0.0
0.0
0.0
0.0
-0.213043
0.0
0.322384
0.0
0.0
0.0
0.0
0.0
0.0
0.0
0.0
0.0
0.0
0.0
0.0
0.0
0.0
0.0410169
1.26445
-0.562541
0.356218
0.0460354
-0.420571
0.448031
0.0909614
-0.28133
0.237406
0.39684
0.35031
-1.18663
-0.943525
-0.262452
0.493778
-0.0347425
0.295149
0.0139857
0.236857
-0.240999
-0.453647
0.659531
0.0524898
-0.0232204
0.0
0.0
0.0
0.0
0.0
-1.3759
0.0
0.0
0.0
0.0
0.0
0.0
0.0
0.0
0.0
0.0
0.0
0.0
0.0
0.0
0.0
0.0
0.0
0.0
0.0
0.0
0.0
0.0
0.0
0.0
0.0
0.0
0.0
0.0
0.0
0.0
0.0
0.0
0.0
0.0
0.0
0.0
0.0
0.0
0.0
0.0
0.0
0.0
0.0
0.0
0.0
0.0
0.0
0.0
0.0
0.0
0.0
0.0
0.0
0.0
0.0
0.0
0.0
0.0
0.0
0.0
0.0
0.0
0.0
0.0
0.0
0.0
0.0
0.0
0.0
0.0
0.0
0.0
0.0
0.0
0.0
0.0
0.0
0.0
0.0
0.0
0.0
0.0
0.0
0.0
0.0
0.0
0.0
0.0
0.0
0.0
0.0
0.0
0.0
0.0
0.0
0.0
0.0
0.0
0.0
0.0
0.0
0.0
0.0
0.0
0.0
0.0
0.0
0.0
0.0
0.0
0.0
0.0
0.0
-2.20514
0.0
0.0
0.0
0.0
0.0
0.0
0.0
0.0
0.0
3.00054
0.0
0.0
0.0
0.0
0.0
0.0
0.0
0.0
0.0
0.0
0.0
0.0
0.0
0.0
0.0
0.0
0.0
0.0
0.0
0.0
0.0
0.0
0.0
0.0
0.0
0.0
0.0
0.0
0.0
0.0
0.0
0.0
0.0
0.0
0.0
0.0
0.0
0.0
0.0
0.0208861
0.488712
0.0
0.0
0.0
0.0
0.0
0.0
0.0
0.0
0.0
0.0
0.0
0.0
0.0
0.0
0.0
0.0
0.919286
0.0
0.0
0.0
0.0
0.0
0.0
0.0
0.0
0.0
0.0
0.0
0.0
0.0
0.0
0.0
0.0
0.0
0.0
0.0
0.0
0.0
0.0
0.0
0.0
-0.326232
0.0
0.0
0.0
0.0
0.0
0.0
0.0
-0.250779
0.0
0.0
0.0
0.0
0.0
0.0
0.0
0.0
0.0
0.0
0.0
0.0
0.0
0.0
0.0
0.0
0.0
0.0
0.0
0.0
-0.205267
0.0
0.0
0.0
0.0
0.0
0.0
0.0
0.0
0.447664
0.84933
-0.133653
0.481598
-0.04247
-0.614559
0.0196535
0.0222435
0.384369
-0.224039
0.0293926
-0.262561
0.510966
-0.492571
-0.274239
-0.235222
0.883803
-0.198745
-0.00312633
0.136461
-0.349804
-0.287772
-0.0478516
-0.115538
0.266646
0.0
0.0
0.0
0.0
0.0
0.0
-0.286989
0.0
0.0
0.0
0.0
0.0
0.0
0.0
0.0
0.0
0.0
0.0
0.0
0.0
0.0
0.0
0.0
0.0
0.0
0.0
0.0
0.0
0.0
0.0
0.0
0.0
0.0
0.0
0.0
0.0
0.0
0.0
0.0
0.0
0.0
0.287795
0.0
0.0
0.0
0.0
0.0
0.0
-1.84217
0.0
0.0
0.0
0.0
0.0
0.0
0.0
0.0
0.0
0.0
0.0
0.0
0.0
0.0
0.0
0.0
0.0
0.0
0.0
0.0
-0.248348
0.0
0.0
0.0
0.0
0.0
0.0
0.0
0.0
0.0
-0.0720841
0.0
0.0
0.0
0.0
0.0
0.0
0.0
0.0
0.0
0.0
0.0
0.0
0.0
0.0
0.0
0.0
0.0
0.0
0.0
0.0
0.0
0.0
0.0
0.0
0.0
0.0
0.0
0.0
0.0
0.0
0.0
0.0
0.0
0.0
-1.0162
0.0
0.0
0.0
0.0
0.0
0.0
0.0
2.5176
0.0
0.706004
0.0
0.0
0.0
0.0
0.0
0.0
0.0
0.0
0.0
0.0
0.0
0.0
0.0
0.0
0.0
0.0
0.0
0.0
0.0
0.0
0.0
0.0
0.0
0.0
0.0
-0.596706
0.0
0.0
0.0
0.0
0.0
0.0
0.0
0.0
0.0
0.0
0.0
-2.07265
0.0
0.0
0.0
0.0
0.0
0.0
0.0
0.758999
0.0
0.0
0.0
0.0
0.191897
1.24278
-0.681297
0.418445
0.441774
-0.476081
-0.143384
0.359936
-0.139645
0.260208
-0.732442
0.618821
-0.66163
-0.719293
-0.0350167
0.345541
0.198799
-0.0163186
-0.218654
0.0965871
-0.249514
-0.247968
0.234959
0.198925
0.636694
0.0
0.0
0.0
0.0
0.0
-0.780141
0.0
0.0
0.0
0.0
0.0
0.0
0.0
0.0
0.0
0.0
0.0
0.0
0.0
0.0
0.0
-0.78141
0.0
0.0
0.0
0.950361
0.0
0.0
0.0
0.0
0.0
0.0
0.0
0.0
0.0
0.0
0.0
0.0
0.0
0.0
0.0
0.0
0.0
0.0
0.0
0.555902
0.0
0.0
0.0
0.0
0.0
0.0
0.0
0.0
0.0
0.0
0.0
0.0
0.0
1.19991
0.0
0.0
0.0
0.0
0.0
0.0
0.0
0.0
0.0
0.0
0.0
0.0
0.0
0.0
0.0
0.0
0.0
0.0
0.0
1.6545
0.0
0.0
-0.0879914
0.0
0.0
0.0
0.13125
0.0
0.0
0.0
0.0
0.0
0.0
0.0
0.0
0.0
0.0
0.0
0.899714
0.0
0.0
0.0
0.0
0.0
0.0
-0.913197
0.0
0.0
0.0
0.0
0.0
0.0
0.0
0.0
0.0
0.0
0.0
0.0
0.0
0.0
0.0
0.0
0.0
0.0
0.0
0.0
0.0
0.0
0.0
0.0
0.0
0.0
0.0
0.0
0.0
0.0
0.0
0.0
0.0
0.0
0.0
0.0
0.0
0.135403
0.0
0.0
0.0
0.0
0.0
0.0
0.516935
0.630811
0.0485106
0.0110688
0.128836
-0.63632
-0.0488106
-0.144256
0.417848
-0.277441
-0.288586
-0.132161
0.415338
-0.466924
-0.320804
-0.0491636
1.32329
-0.515705
0.309586
0.0550085
-0.369891
-0.414045
-0.233379
-0.0856484
-0.043399
0.0
0.0
0.0
0.0
0.0
0.0
0.0
0.0
-1.71359
0.0
0.0
0.0
1.01954
0.0
0.0
0.0
0.0
0.0
0.0
0.0
0.0
0.0
0.0
0.0
0.0
0.0
0.0
0.0
0.0
0.0
0.0
0.0
0.0
0.0
0.0
0.0
0.0
0.0
0.0
0.0
0.0
0.0
-0.602161
0.0
0.0
0.0
0.0
0.0
0.0
0.0
0.0
0.0
0.0
0.0
0.0
0.0
0.0
0.0
0.0
0.0
0.0
0.0
0.0
0.0
0.0
0.0
0.0
0.0
0.0
0.0
0.0
0.0
-0.554216
0.0
0.0
0.0
0.0
0.0
0.0
0.0
0.0
0.0
0.0
0.0
0.0
0.0
0.0
0.0
0.0
0.0
-0.152947
0.0
0.0
0.0
0.0
0.0
0.0
0.0
0.0
0.0
0.0
0.0
0.0
0.0
0.0
0.0
0.0
0.0
0.0
0.0
0.0
0.0
0.0
0.0
0.0
0.0
0.0
0.0
0.0
0.0
0.0
0.0
0.0
0.0
0.0
0.0
0.0
0.0
0.0
0.0
0.833235
0.0
0.0
0.0
0.0
0.0
0.0
0.0
0.0
0.0
0.0
0.0
0.0
0.0
0.0
0.0
0.0
0.0
0.0
0.0
0.0
0.0
0.0
0.0
0.0
0.0
0.0
0.0
0.0
0.0
0.0
0.0
0.0
0.0
0.0
0.0
0.0
0.0
0.0
0.0
0.0
0.0
0.0
0.0
0.0
0.0
0.260737
0.0
0.0
0.0
0.0
0.0
0.0
0.0
0.0
0.0
0.0
0.0
0.0
0.0
0.0
0.0
0.0
0.0
0.0
0.0
0.0
0.0
0.0
0.0
0.0
0.0
0.0
0.0
0.0
0.0
0.0
0.0
0.0
0.0
0.0
0.0
0.0
0.0
0.0
0.0
0.0
-0.635817
0.0
0.0
0.0
0.0
0.0
0.453998
0.0
0.0
1.97396
0.0
0.0
0.0
0.0
0.0
0.0
0.0
0.0
0.0
0.0
0.0
0.0
0.0
0.0
0.0
0.0
0.0
0.0
0.0
0.0
0.0
0.0
0.0
0.0
0.0
0.0
0.0
0.0
0.0
0.0
0.0
0.0
0.0
0.0
0.0
0.0
1.29787
0.0
0.0
0.0
0.0
0.0
0.0
0.0
0.0
0.0
0.0
0.0
0.291166
0.298715
-0.636214
0.591236
0.0730092
-0.556625
-0.277204
0.079752
-0.221028
0.135049
-0.619518
0.547793
-0.881108
-0.794283
-0.0203891
0.340429
-0.13073
0.271788
-0.612552
0.756339
-0.24839
-0.270828
0.33114
-0.0720107
0.659863
0.0
0.0
0.0
0.0
0.0
0.0
0.0
0.0
0.0
0.0
0.0
0.0
0.0
0.0
0.0
0.0
0.0
0.0
0.0
0.0
0.0
-0.309104
0.0
0.0
0.0
0.0
0.0
0.0
0.0
0.0
0.0
0.0
0.0
0.0
0.0
0.0
0.0
0.0
0.0
0.0
0.0
0.0
0.0
0.0
0.0
0.0
0.0
0.0
0.0
0.0
0.0
0.0
0.0
0.0
0.0
0.0
0.0
0.0
0.0
0.0
0.0
0.0
0.0
0.0
0.0
0.0
0.0
0.0
0.0
0.0
0.0
0.0
0.0
0.0
0.0
0.0
0.0
0.0
0.0
0.0
0.0
0.0
0.0
0.0
0.0
0.0
0.0
0.0
0.0
0.0
0.0
0.0
0.0
0.0
0.0
0.0
0.0
0.0
0.0
0.0
0.0
0.0
0.0
0.0
0.0
0.0
0.0
0.0
0.0
0.0695962
0.0
0.0
0.0
0.0
0.0
0.0
0.0
0.0
0.0
0.0
0.0
0.0
0.0
0.0
0.0
0.0
0.0
0.0
0.0
0.0
0.0
0.0
0.0
0.0
0.0
0.0
0.0
0.0
0.0
0.0
0.0
0.0
0.0
0.0
0.0
0.0
-0.0108836
0.0
0.0
0.0
0.0
0.0
0.0
0.0
0.0
0.0
0.0
0.0
0.0
0.0
0.0
0.0
0.0
0.0
0.0
0.0
0.0
0.0
0.0
0.0
0.0
0.0
0.0
0.0
0.0
0.0
0.0
0.0
0.0
0.0
0.0
0.0
0.0
0.0
0.0
0.0
-0.0967194
0.0
0.0
0.0
0.0
0.0
0.0
-1.8208
0.0
0.0
0.0
0.0
0.0
0.0
0.0
0.0
0.0
0.0
0.0
0.0
0.0
0.0
0.132501
0.0
0.0
0.0
0.0
0.0
0.0
0.0
0.0
-0.373456
0.0
1.41125
0.0
0.0
0.0
0.0
0.0
0.0
0.0
0.0
0.869648
0.0
0.0
0.0
0.0
0.0
0.0
-1.03979
0.0
0.0
0.0
0.0
0.0
0.60161
0.0
0.0
0.0
0.0
0.0
0.0
0.0
0.0
0.0
0.0
0.0
0.0
0.0
0.0
-0.0631526
0.0
0.0
0.0
0.0
0.0
0.0
0.0
0.0
0.0
0.0
0.0
1.58405
0.0
0.0
0.0
0.0
0.0
0.0
0.673419
0.0
0.0
0.0
0.0
0.0
0.0
0.0
0.0
0.0
0.0
0.0
0.886721
0.0
0.0
0.0
0.0
0.0
0.0
0.0
0.0
0.0
0.0
0.0
0.0
0.0
0.0
1.06394
0.0
0.151372
0.0
0.0
0.0
0.0
0.0
0.0
0.0
0.0
0.0
0.0
0.0
0.0
0.0
0.0
0.0
0.0
0.0
0.0
0.0
0.0
0.0
0.0
0.0
0.0
0.0
1.08854
0.0
0.0
0.0
-0.360058
0.0
0.561062
0.0
0.0
0.0
0.0
0.0
0.0
0.0
0.0
0.0
0.0
0.0
0.0
0.0
0.0
0.0
0.0
0.0
0.0
0.0
0.0
0.0
0.0
0.0
0.0
0.0
0.0
0.0
0.0
-0.918463
-0.814529
0.0
0.0
0.0
0.0
0.0
0.0
0.0
0.0
0.0
0.0
-1.11241
0.660345
0.0
0.0
0.0
0.0
0.0
0.0
0.0
0.0
0.0
0.0
0.0
0.0
0.0
0.0
0.0
0.0
0.0
0.0
0.0
0.0
1.54251
0.0
0.0
0.0
0.0
0.0
0.0
0.0
0.0
0.0
-1.68727
0.0
0.0
0.0
0.0
0.0
0.0
0.0
0.0
0.0
0.0
0.0
0.0
0.0
0.0
0.82173
0.0
0.0
0.0
0.0
0.0
0.0
0.0
-0.483251
0.0
0.0
0.0
0.0
0.0
0.0
0.0
0.0
0.0
0.0
0.0
0.0
0.0
0.0
0.0
0.0
0.0
0.0
0.0
0.0
0.0
0.0
0.0
0.0
0.0
0.0
0.0
0.0
0.0
0.0
0.0
0.0
0.0
0.0
0.0
0.0
0.0
0.0
0.0
0.0
0.0
0.0
0.0
0.0
0.0
0.0
0.0
0.0
0.0
0.0
0.0
0.0
0.0
0.0
0.0
0.0
0.0
0.0
0.0
0.0
0.0
0.0
0.0
0.0
0.0
0.0
0.0
0.507767
0.737321
0.0698128
0.372094
-0.120698
-0.64591
0.0221194
0.00308316
0.411852
0.0887232
0.377407
-0.181508
0.640207
-0.438452
-0.279865
0.119771
1.49208
0.262765
0.168404
-0.379679
-0.360386
-0.520575
-0.251904
0.0365143
0.0173213
0.0
0.0
0.0
0.0
0.0
0.0
0.0
0.0
0.0
0.0
0.0
0.0
0.0
0.0
0.0
0.0
0.0
0.0
0.0
0.0
0.0
0.0
0.0
0.0
0.0
0.0
0.0
0.0
0.0
0.0
0.0
0.0
0.0
0.0
0.0
0.0
0.0
0.0
0.0
0.0
0.0
0.0
0.25652
0.0
0.831622
0.0
0.0
0.0
0.0
0.0
0.0
0.0
0.0
0.0
0.0
0.0
0.0
0.0
0.0
0.0
0.0
0.0
0.0
1.75638
0.0
0.0
0.0
0.0
0.0
0.0
0.0
0.0
0.0
0.0
0.0
0.0
0.0
0.0
0.0
0.0
0.0
0.0
0.0
0.0
0.0
0.0
0.0
0.0
0.0
0.0
0.0
0.0
0.0
0.0
0.0
0.0
0.0
0.0
0.0
0.0
0.0
0.0
0.0
0.0
0.0
0.0
0.0
0.0
0.0
0.0
0.0
0.0
0.0
0.0
0.0
0.0
0.0
0.0
2.21258
0.0
0.0
0.0
0.0
0.0
0.0
0.0
0.0
0.0
0.0
0.0
0.0
0.0
0.0
0.0
0.0
0.0
0.0
0.0
0.0
0.0
0.0
0.0
0.0
0.0
0.0
0.0
0.0
0.0
0.0
0.0
0.0
0.0
0.0
0.0
0.0
0.0
0.0
0.0
0.0
0.0
0.0
0.0
0.0
0.0
0.0
0.0
0.0
0.0
0.0
0.0
0.0
0.0
0.0
0.0
0.0
0.0
0.0
0.0
0.0
0.0
0.0
1.57477
0.0
0.0
0.0
0.0
0.0
0.0
0.0
0.0
0.0
0.0
0.0
0.0
0.0
-0.212715
0.0
0.641608
0.0
-0.903327
0.0
0.0
0.0
0.0
0.0
0.0
0.0
0.0
0.0
-0.390767
0.0
0.0
0.0
0.0
-0.787905
0.0
0.0
0.0
0.0
0.0
0.0
0.0
0.0
0.0
0.0
0.0
0.0
0.0
0.0
0.0
0.0
0.0
0.0
0.0
0.0
0.0
0.0
0.0
0.0
0.0
0.0
0.0
0.0
0.0
0.0
0.0
0.35046
0.0
0.0
0.0
0.196748
0.0
0.0
0.0
0.0
0.0
0.0
0.0
0.0
0.0
0.0
0.0
0.0
-1.71918
0.0
0.0
0.0
0.0
0.0
0.0
0.0
0.0
0.0
0.0
0.0
0.0
0.0
0.0
0.0
0.0
0.0318032
0.0
0.0
0.0
0.0
0.0
0.0
0.0
0.0
0.0
0.0
0.0
0.0
0.0
0.0
0.0
0.0
0.0
0.0
0.0
0.0
0.0
0.0
0.0
0.0
0.0
0.0
0.0
0.0
0.0
0.0
0.0
0.0
0.0
0.0
0.0
0.0
0.0
0.0
0.0
0.0
0.0
0.0
0.0
0.0
0.273759
0.250235
-0.692715
0.385379
0.369431
-0.579482
-0.297328
-0.157957
-0.217855
0.277255
-0.231234
0.515581
-1.04181
-0.738141
0.0123417
0.0688249
-0.156151
-0.143822
-0.451975
-0.172715
-0.12383
-0.355188
0.412883
-0.115592
0.686134
0.0
0.0
0.0
0.0
0.0
-0.231132
0.0
0.0
0.0
0.0
0.0
0.0
0.0
0.0
0.0
0.0
0.0
0.836774
0.0
0.0
0.0
0.0
0.0
0.0
0.0
0.0
0.0
-0.651097
0.0
0.0
0.0
0.0
0.0
0.0
0.0
0.0
0.0
0.0
0.0
0.0
0.0
0.0
0.0
0.0
0.0
0.0
0.0
0.0
0.0
0.0
0.0
0.0
0.0
0.0
0.0
0.0
0.0
0.0
0.0
0.0
0.0
0.0
0.0
-0.800323
0.0
0.0
0.0
0.0
0.0
0.0
0.0
0.0
0.0
0.0
0.0
0.0
0.0
0.0
0.0
0.0
0.0
0.0
0.0
0.0
0.0
0.0
0.0
0.0
0.0
0.0
0.0
0.0
0.0
0.0
0.0
0.0
0.0
0.0
0.0
0.0
0.867188
0.0
0.0
0.0
0.0
0.0
0.0
0.0
0.0
0.0
0.0
0.0
0.0
0.0
0.0
0.0
0.0
0.0
0.0
0.0
0.0
0.0
0.0
0.0
0.526423
0.0
0.0
0.0
0.0
0.0
0.0
0.0
0.0
0.0
0.0
0.0
0.0
0.0
1.70169
0.0
0.0
0.0
0.0
0.0
0.0
0.0
0.0
0.0
-0.397552
0.0
0.0
0.0
0.0
0.0
0.0
0.0
0.0
0.0
0.222604
0.0
0.0
0.0
0.0
0.0
0.0
0.0
0.0
0.0
0.0
0.0
0.0
0.0
0.0
0.0
-0.359021
0.0
0.0
0.0
0.0
0.0
0.0
0.0
0.0
0.0
0.0
0.0
0.0
0.0
0.0
0.0
0.0
0.0
0.0
0.0
-0.560501
0.0
0.0
0.0
0.0
0.0
0.0
0.0
0.0
0.0
0.0
0.0
0.0
0.0
0.0
0.0
0.0
0.0
0.0
0.0
0.0
0.0
0.0
0.0
0.0
0.0
0.0
0.0
0.0
0.0
0.0
0.0
0.0
0.0
0.0
0.0
0.0
0.0
0.0
0.0
0.0
0.0
0.0
0.0
0.0
-0.216763
0.0
0.0
0.0
0.0
0.0
0.0
0.0
0.0
0.0
0.0
0.0
0.0
0.0
0.132423
0.0
0.0
0.0
0.0
0.0
0.0
0.0
0.0
0.557676
0.0
0.0
0.0
0.0
0.0
0.0
0.0
0.0
0.0
0.0
0.0
0.0
0.0
0.0
0.0
0.0
0.0
0.0
0.0
1.20955
0.0
0.0
0.0
0.0
0.0
0.0
0.0
0.0
0.0
0.0
0.0
0.0
0.0
0.0
0.0
0.0
0.0
0.0
0.0
0.0
0.0
0.0
0.0
0.0
0.0
0.0
0.0
0.0
0.0
0.0
0.0
0.0
0.0
0.0
0.0
0.0
0.0
0.0
0.0
0.0
0.0
0.0
0.0
0.0
0.0
0.0
0.0
0.0
0.0
-0.134414
0.0
0.0
0.0
0.0
0.0
0.0
0.0
0.0
0.0
0.0
0.0
0.0
-0.305233
0.0
0.0
0.0
0.0
0.0
0.0
0.0
0.0
0.0
0.0
0.0
0.0
0.0
0.0
0.0
0.0
0.0
0.0
0.0
0.0
0.0
0.0
0.0
0.0
0.0
0.0
-0.613679
0.0
0.0
0.0
0.0
0.0
0.0
0.0
0.0
0.0
0.0
0.0
0.0
0.0
0.0
0.0
0.0
0.0
0.0
0.0
0.0
0.0
0.0
0.0
0.0
0.0
0.0
0.0
0.0
0.0
0.0
0.0
0.0
0.0
0.0
0.0
0.516466
0.0
0.0
0.0
1.54839
0.0
0.0
0.0
0.0
0.0
0.0
0.0
0.0
0.0
0.0
0.0
0.0
0.0
0.0
0.0
0.0
0.0
0.0
0.0
0.0
0.0
0.0
0.0
0.0
0.0
0.0
0.0
0.0
0.0
0.0
0.0
0.0
0.0
0.0
0.0
0.0
0.0
0.281728
0.649317
0.70518
0.256791
-0.204129
-0.750733
-0.0708603
0.205949
0.0362319
-0.211975
0.277237
0.408368
-0.069939
-0.753503
-0.411701
-0.0899662
1.2326
-0.514671
-0.219101
0.307568
-0.66543
-1.29638
-0.691794
-0.397839
-0.112755
0.0
0.0
0.0
0.0
0.0
0.0
0.0
0.0
0.0
0.0
0.0
0.0
0.0
0.0
0.0
0.0
0.0
0.0
0.0
0.0
0.0
0.0
0.0
0.0
1.47746
0.0
0.0
0.0
0.0
0.0
0.0
0.0
0.0
0.0
0.0
0.0
0.0
0.0
0.0
0.0
0.0
0.0
0.0
0.499356
0.0
0.0
0.0
0.0
0.0
0.0
0.0
0.0
0.0
0.0
0.0
0.0
0.0
0.0
0.0
0.0
0.0
0.0
0.0
0.0
0.0
1.45167
0.0
0.0
0.0
0.0
0.0
0.0
0.0
0.0
0.0
0.0
0.0
0.0
0.0
0.0
0.0
0.0
0.0
0.0
0.0
0.0
0.0
0.0
0.0
0.0
0.0
0.0
0.0
0.0
0.0
0.0
0.0
0.0
0.0
0.0
0.0
0.0
0.0
0.0
0.0
0.0
0.0
0.0
0.0
0.0
0.0
0.0
0.0
0.0
0.0
0.0
0.0
0.0
0.0
0.0
0.0
0.0
0.0
0.0
0.0
0.0
0.0
0.0
0.0
0.0
0.0
-0.713561
0.0
0.0
0.0
-1.1153
0.0
0.0
0.0
0.0
0.0
0.0
0.0
0.0
0.0
0.0
0.96336
0.0
0.0
0.0
0.0
0.625078
0.0
0.0
1.03319
0.0
0.0
0.0
0.0
0.0
0.0
0.0
0.0
0.0
0.684929
0.0
0.401768
0.0
0.0
0.0
0.0
0.0
0.0
0.0
0.0
0.0
0.0
0.0
1.74408
0.0
0.0
0.0
0.0
0.0
0.0
0.0
0.0
0.0
0.0
0.0
0.0
0.0
0.0
0.0
0.0
0.0
0.0
0.0
0.0
0.0
0.0
0.0
0.0
0.0
0.0
0.0
0.0
0.0
0.0
0.0
0.0
0.0
0.0
0.0
0.0
0.0
0.0
0.0
0.0
0.0
0.0
0.0
0.0
0.0
0.0
0.0
0.0
0.0
0.0
0.0
0.0
0.0
0.0
0.0
0.0
0.0
0.0
0.0
0.0
0.0
0.0
0.0
0.0
0.0
0.0
0.0
0.0
0.0
0.0
0.0
0.0
0.0
0.0
0.0
0.547717
0.0
0.839381
0.0
0.0
0.0
0.0
0.0
0.0
0.0
0.0
0.0
0.0
0.0
0.0
0.0
0.0
0.0
0.0
0.0
0.0
0.0
-0.139849
0.0
0.0
0.0
0.0
0.0
0.0
0.0
0.0
0.0
0.0
0.0
0.0
0.0
0.0
0.0
0.0
0.0
0.0
0.0
0.0
0.0
0.0
0.0
0.0
0.0
0.0
0.0
0.0
0.0
0.0
0.258478
0.0
0.0
0.0
0.0
0.0
0.0
0.0
0.0
0.0
0.0
1.23061
0.0
0.0
0.0
0.0
0.0
0.0
0.0
0.0
0.0
0.0
0.0
0.0
0.0
0.0
0.0
0.0
0.0
0.0
0.0
0.0
0.0
1.09683
0.0
0.0
0.0
0.0
0.0
0.0
0.0
0.0
0.0
0.0
0.0
0.0
0.0
0.0
0.0
0.0
0.0
0.0
0.0
0.0
0.0
0.0
-1.34484
0.0
0.0
0.0
0.0
0.0
0.0
0.0
0.0
0.0
0.0
0.0
-0.0195599
-0.154739
-0.784653
0.0372781
0.224805
-0.325782
0.0270034
0.545595
-0.971923
-0.26514
-0.818639
0.770459
-1.45868
-1.17538
0.287335
0.0761656
-0.118183
0.378603
-0.631401
-0.764708
-0.513147
-0.229596
0.640562
-0.237744
-0.147405
0.0
0.0
0.0
0.0
0.0
0.0
0.0
0.0
0.0
0.0
0.0
0.0
0.0
0.0
0.0
0.0
1.20914
0.0
0.0
0.0
0.0
0.0
0.0
1.33673
0.0
0.0
0.0
0.0
0.0
0.0
0.0
0.0
0.0
0.0
0.0
0.0
0.0
0.0
0.0
0.0
0.0
0.0
0.0
0.0
0.0
0.0
0.0
0.0
0.0
0.0
0.0
0.0
0.0
0.0
0.0
0.0
0.0
0.0
0.0
0.0
0.0
0.0
0.0
0.0
0.0
0.0
0.0
0.0
0.0
0.0
0.0
0.0
0.0
0.0
0.0
0.0
0.0
0.0
0.0
0.0
0.0
0.0
-1.09861
0.0
0.0
0.0
0.0
0.0
0.0
0.0
0.0
0.0
0.0
0.0
0.0
0.0
0.0
0.0
0.0
0.0
0.0
0.0
0.0
0.0
0.0
0.0
0.0
0.0
0.0
0.0
0.0
0.0
0.0
0.0
0.0
0.0
0.0
0.866512
0.0
0.0
0.0
0.0
0.0
0.0
0.0
0.0
0.0
0.0
0.0
0.0
0.0
0.0
0.0
0.0
-0.0991609
0.150057
0.0
1.008
0.0
0.0
0.0
0.0
0.0
0.0
-0.940938
0.0
0.0
0.0
0.0
0.0
0.0
0.0
0.0
0.0
0.0
-1.6526
0.0
0.0
0.0
0.0
0.0
0.0
0.0
0.0
0.0
0.0
0.0
0.0
0.0
0.0
0.0
0.0
0.0
0.0
0.0
0.0
0.0
0.0
0.0
0.0
0.0
0.0
0.0
0.0
0.0
0.0
0.0
0.0
0.0
0.0
0.0
0.0
0.0
0.0
0.0
0.0
0.0
0.0
0.0
-1.09229
-1.71076
0.0
0.0
0.0
0.0
0.0
0.0
0.0
0.0
0.0
-1.1502
0.0
0.0
0.0
0.0
0.0
0.0
0.0
0.0
0.0
0.0
0.0
0.0
0.0
0.0
0.0
0.0
-0.406838
0.0
0.0
0.0
0.0
0.0
0.0
0.0
0.0
0.0
0.0
0.0
0.0
0.0
0.0
0.0
0.0
0.0
0.0
0.0
-0.346511
0.0
0.0
0.0
0.0
0.0
0.0
0.0
0.0
0.0
0.0
0.0
0.0
0.0
0.0
0.0
0.0
0.0
0.0
0.0
0.0
0.0
0.0
0.0
0.0
0.0
0.0
0.0
0.0
0.0
-0.957713
0.0
0.0
0.0
0.0
0.0
0.0
0.0
0.0
0.0
0.0
0.0
0.0
0.0
0.0
0.0
0.0
0.0
0.0
0.0
0.0
-0.65523
0.0
0.0
0.0
0.0
0.0
0.0
0.0
0.0
0.0
0.0
0.0
0.0
0.0
0.0
0.0
0.0
0.0
0.0
0.0
0.0
0.0
0.0
0.0
0.0
0.0
1.93842
0.0
0.0
0.0
0.0
0.0
0.0
0.0
0.0
0.0
0.0
0.0
0.0
0.0
0.0
0.0
0.0
0.0
0.0
0.0
0.0
0.0
0.0
0.0
0.0
0.0
0.0
0.0
0.0
0.0
0.0
0.0
0.0
0.0
1.39518
0.0
0.0
0.0
0.0
0.0
0.0
0.0
0.0
0.0
0.0
0.0
0.0
0.0
0.0
0.0
0.0
0.0
0.0
0.0
0.0
0.0
0.0
0.0
0.0
0.0
0.0
0.0
0.0
0.0
0.0
0.0
0.0
0.0
0.0
0.0
0.0
0.0
0.0
0.0
0.0
0.0
0.0
0.0
0.0
0.0
0.0
0.0
0.0
0.0
-0.678168
0.0
0.0
0.0
0.0
0.0
0.0
0.0
0.0
0.0
0.0
0.0
0.0
0.0
0.0
0.0
0.0
0.568893
0.118581
0.446675
-0.0137589
-0.260568
-0.591327
0.107059
0.140304
0.336311
-0.0775492
0.720978
-1.46711
1.48825
-0.695169
-0.523886
0.191536
1.16781
-0.587383
0.176203
-0.322767
-0.402279
-0.713097
-0.484174
0.0417326
-0.287399
0.0
0.0
0.0
0.0
0.0
0.0
0.0
0.0
0.0
0.0
0.0
0.0
0.0
0.0
0.0
0.0
0.0
0.0
0.0
0.0
0.0
0.0
0.0
0.0
0.0
0.0
0.0
0.0
0.0
0.0
0.0
0.860388
0.0
0.0
0.0
0.0
0.0
0.0
0.0
0.0
0.0
0.0
0.0
0.0
0.0
0.0
0.0
0.0
0.0
0.0
0.0
0.0
0.0
0.0
0.0
0.0
0.0
0.0
0.0
0.0
0.0
0.0
0.0
0.0
0.0
0.0
0.0
0.0
0.0
0.0
0.0
0.0
0.0
0.0
0.0
0.0
0.0
0.0
-0.456689
0.0
0.0
0.0
-0.955028
0.0
0.0
0.0
0.0
0.0
0.0
0.0
0.0
0.0
0.0
0.0
0.0
0.0
0.0
-0.39628
0.0
0.0
0.0
0.0
0.0
0.0
0.0
0.0
0.0
0.0
0.0
0.0
0.0
0.0
0.0
0.0
0.0
0.0
0.0
0.0
0.0
0.0
0.0
0.0
0.0
0.0
0.0
0.0
0.0
0.292282
0.0
0.0
0.0
0.0
0.0
0.0
0.0
0.0
0.0
0.0
0.0871385
0.0
0.0
0.0
0.0
0.0
0.0
0.0
0.0
0.0
0.0
0.0
0.0
0.0
0.0
0.0
0.0
0.0
0.0
0.0
-1.8455
0.0
0.0
0.0
0.0
0.0
0.0
0.0
0.0
0.0
0.0
0.0
0.0
0.0
0.0
0.816662
0.0
0.0
0.0
0.0
0.0
0.0
0.0
0.0
0.0
0.0
0.0
0.0
0.0
0.0
0.0
0.0
-0.14096
0.0
0.0
0.0
0.0
0.0
0.0
0.0
0.0
0.0
0.0
0.0
0.0
0.0
0.0
0.0
0.0
0.0
0.0
0.0
0.0
0.0
0.0
0.0
0.0
0.0
0.0
0.0
0.0
0.0
0.0
0.0
0.0
0.0
0.0
0.0
0.0
0.0
0.0
0.0
0.0
0.0
0.0
0.0
0.0
0.0
0.0
0.0
0.0
0.0
0.0
0.0
0.0
-0.256922
0.0
0.0
0.0
0.0
0.0
0.0
0.0
0.0
0.0
0.0
0.0
0.0
0.0
0.0
0.0
0.0
0.0
0.0
0.0
0.0
0.0
0.0
0.0
0.0
0.0
0.0
0.238346
0.0
0.0
0.0
0.0
0.0
0.0
0.0
0.0
0.0
0.0
0.0
0.0
0.0
0.0
0.0
0.0
0.0
0.0
0.0
-0.948058
0.0
0.0
0.0
0.0
0.0
0.0
0.0
0.0
0.0
0.0
0.0
0.0
1.3842
0.0
0.0
0.0
0.0
0.0
0.0
0.0
0.0
0.0
0.0
0.0
0.0
0.0
0.0
0.0
0.0
0.0
0.0
0.0
0.0
0.0
0.0
0.0
0.0
0.0
0.0
0.0
0.0
0.0
0.0
0.0
0.0
0.0
0.0
0.0
0.0
0.0
0.0
0.0
0.0
0.0
0.0
0.0
0.0
0.0
0.0
0.0
0.0
0.0
0.0
0.0
0.0
0.0
0.0
0.0
0.0
0.0
0.943987
0.0
0.0
0.0
0.0
1.82089
0.0
0.0
0.0
0.0
0.0
0.0
0.0
0.0
-0.194634
0.528474
-1.44433
-1.08659
-0.0198505
-0.193854
-0.30788
-0.279583
-0.769943
0.234538
-0.597016
0.817293
-1.28196
-0.766879
0.536791
0.24495
0.575041
-0.0532456
0.237552
-0.156594
-0.229826
-0.0727337
-0.103818
-0.0396221
-0.686019
0.0
0.0
0.0
0.0
0.0
0.0
0.0
0.0
0.0
0.0
0.0
0.0
0.0
-1.20109
0.0
0.0
0.0
0.0
0.0
0.0
0.0
0.228925
0.0
-0.520955
0.0
0.0
0.0
0.0
0.0
0.0
0.0
0.0
0.0
0.196068
0.0
0.0
0.0
0.0
0.0
0.0
0.0
0.0
0.0
0.0
0.0
0.0
0.0
-0.796572
0.0
0.0
0.0
0.0
0.0
0.0
0.0
0.0
0.0
0.0
0.0
0.0
-0.00364446
0.993101
0.0
0.0
0.0
0.0
0.0
0.0
0.0
-0.457667
0.0
0.0
0.0
0.0
0.0
0.0
0.0
0.0
0.0
0.0
0.0
0.0
0.0
0.0
0.0
0.0
0.0
0.0
0.0
0.0
0.0
0.0
0.0
0.0
0.0
0.0
0.0
0.0
0.0
0.0
0.0
-0.111177
0.0
-0.267915
0.0
0.0
0.0
0.0
0.0
0.0
0.0
0.0
0.0
0.0
0.0
0.0
0.0
0.0
0.0
0.0
0.0
0.0
0.0
0.0
0.0
0.0
0.0
0.0
0.0
0.0
0.0
0.426401
0.0
0.0
0.0
0.0
0.0
0.0
0.0
0.0
0.0
0.0
0.0
0.0
0.0
0.0
0.0
0.0
0.0
0.0
0.0
0.0
0.0
0.0
0.0
0.0
0.0
0.0
0.0
0.0
0.0
0.0
0.0
0.0
0.0
0.0
0.0
0.0
0.0
0.0
0.0
0.0
0.0
0.0
0.0
0.0
0.0
0.0
0.0
0.0
0.0
0.0
0.0
0.0
-0.235679
-0.591395
0.0
0.0
0.0
0.0
-1.05035
0.0
1.42575
0.380333
0.0
0.0
-0.963855
0.0
0.0
0.0
0.0
0.0
0.0
0.0
0.0
0.576757
0.0
0.0
0.0
0.0
0.0
0.0
0.162328
0.0
0.0
0.0
0.0
0.0
0.0
0.0
0.0
0.0
0.0
0.0
0.0
0.0
0.0
0.0
0.0
0.0
0.0
0.0
-0.33384
0.0
0.0
0.0
0.0
0.0
0.0
0.0
0.0
-0.157187
0.0
0.0
0.0
0.0
0.0
0.0
0.0
0.0
0.0
0.0
0.0
0.0
0.0
0.0
0.0
0.0
0.0
0.0
0.0
0.0
0.0
0.0
0.0
0.0
0.0
-0.282629
0.0
0.0
0.0
0.0
0.0
0.0
0.0
0.0
0.0
0.0
0.0
0.0
0.0
0.0
0.0
0.0
0.0
0.0
0.0
0.0
0.0
0.0
0.0
0.0
0.0
0.0
0.0
0.0
0.0
0.0
0.0
0.0
1.30027
0.0
0.0
0.0
0.0
0.0
0.0
0.0
0.0
0.0
0.0
0.0
0.0
0.0
0.0
0.0
0.0
0.0
0.0
0.0
0.0
0.0
0.0
0.0
0.0
0.0
0.0
0.0
0.0
0.0
0.0
1.1382
0.0
0.0
0.0
0.0
0.0
0.0
0.0
0.0
0.0
0.0
0.0
0.0
0.0
0.0
0.0
0.0
0.0
0.0
0.0
0.0
0.0
0.0
0.0
0.0
0.0
0.0
0.0
0.0
0.0
0.0
0.0
0.0
0.0
0.0
0.0
0.0
0.0
0.0
0.0
0.0
0.0
0.0
0.0
0.0
0.0
0.0
0.0
0.0
0.0
0.0
0.0
0.0583216
0.0
0.0
0.0
0.0
0.0
0.0
0.0
0.0
0.0
0.0
0.0
0.0
0.0
0.0
0.0
0.0
0.221231
0.0
0.0
0.0
0.0
0.0
0.0
0.0
0.0
0.0
0.0
0.0
0.0
0.0
0.0
0.0
0.0
0.0
0.0
0.0
0.0
0.0
0.0
0.0
0.0
0.291155
0.145295
0.983862
0.413481
-0.344941
-0.607142
-1.12485
0.173627
0.529489
0.262195
-0.206246
-1.27411
1.86421
-0.381806
-0.570286
-0.464631
0.954452
-0.737664
-0.15888
0.224295
-0.31947
-0.770666
-0.741121
-0.594266
0.10048
0.0
0.0
0.0
-0.928159
0.0
0.0
0.0
0.0
0.0
0.0
0.0
0.0
0.0
0.0
0.0
0.0
0.0
0.0
0.0
0.0
0.0
0.0
0.0
0.0
0.0
0.0
0.0
0.0
0.0
0.0
0.0
0.0
0.0
0.0
0.0
0.0
0.0
0.0
0.0
0.0
0.0
0.0
0.0
0.0
0.0
0.0
0.0
0.0
0.0
0.0
0.0
0.0
0.0
0.0
0.0
0.0
0.0
0.0
0.0
0.0
0.0
0.0
0.0
0.0
0.0
0.0
0.0
0.0
0.0
0.0
0.0
0.0
0.0
0.0
0.0
0.0
0.0
0.0
0.0
0.0
0.0
0.0
0.0
0.0
0.0
0.0
0.0
0.0
0.0
0.0
0.0
0.0
0.0
0.0
0.0
0.0
0.0
0.0
0.0
0.0
-1.0333
0.0
0.0
0.0
0.0
0.0
0.311543
-0.853353
0.0
0.0
0.0
0.0
0.0
0.0
0.0
0.0
0.0
-0.246537
0.0
0.0
0.0
0.0
0.0
0.0
0.0
0.0
0.0
0.0
0.0
0.0
0.0
0.0
0.0
0.0
1.18651
0.127237
0.0
0.0
0.0
-0.210795
0.0
0.0
0.0
0.0
0.0
0.0
0.0
0.0
0.0
0.0
0.0
0.0
0.0
-1.10574
0.0
0.0
0.0
0.0
0.0
0.0
0.0
0.0
0.0
0.0
0.0
0.0
0.0
0.0
0.0
0.0
0.0
0.0
0.0
0.0
0.0
-0.772619
0.0
0.0
0.0
0.0
0.0
0.0
0.0
0.0
0.0
0.0
0.0
0.0
0.0
0.0
0.0
0.0
0.0
0.0
0.0
0.0
0.0
0.0
0.0
0.0
0.0
0.0
0.0
0.0
-0.627275
0.0
0.0
0.0
0.0
0.0
0.0
0.0
0.0
0.0
-1.36369
0.0
0.0
0.0
0.0
0.0
0.0
0.0
0.0
0.0
0.0
0.0
0.0
0.0
0.0
0.0
0.0
0.0
0.0
0.0
0.0
0.0
0.0
0.0
0.0
0.0
0.0
0.0
0.0
0.0
0.0
0.0
0.0
0.0
0.0
0.0
0.0
0.0
0.0
0.0
0.0
0.0
0.0
0.0
0.0
0.0
0.0
0.0
0.0
0.0
0.0
0.0
0.0
0.0
0.0
0.0
0.0
0.0
0.0
0.0
0.0
0.0
0.0
0.0
0.0
0.0
0.0
0.0
0.0
0.0
0.0
0.0
0.0
0.0
0.0
0.0
0.0
0.0
0.0
0.0
0.0
0.0
0.0
0.0
0.0
0.0
0.0
0.0
0.0
0.0
-0.23999
0.0
0.0
0.0
0.0
0.0
0.0
0.0
0.0
0.0
0.0
0.0
0.0
0.0
0.0
0.0
0.0
0.0
0.0
0.0
0.0
0.0
0.0
0.0
0.0
0.0
0.0
0.0
0.0
-0.488637
0.0
0.0
0.0
0.0
0.0
0.0
0.0
0.0
0.0
0.0
0.0
0.0
0.0
0.0
0.0
0.0
0.0
0.0
0.0
0.0
0.0
0.0
0.0
0.0
0.0
0.0
0.0
0.0
0.0
0.0
0.0
0.0
0.0
0.0
0.0
0.0
0.0
0.0
-1.29472
0.0
0.0
-0.103218
0.550539
-0.948168
-1.21969
0.573995
-0.270317
-0.827084
-0.480981
-0.0809147
0.747003
-0.143131
0.545802
-0.782098
-0.44629
0.250666
-0.17651
-0.105541
-0.322624
-0.0751743
0.0201593
0.0291702
0.419712
0.284072
-0.252608
-0.315417
0.0
0.0
0.0
0.954395
0.0
0.0
0.0
0.0
0.0
0.0
0.0
0.0
0.0
0.0
0.0
-0.914766
0.0
0.0
0.0
0.0
0.0
0.0
0.0
0.0
0.0
0.0
0.0
0.0
0.0
0.0
0.0
0.0
0.0
0.0
0.0
0.0
0.0
0.0
0.0
-0.355985
0.0
0.0
0.0
0.0
0.0
0.0
0.0
0.0
0.701021
0.0
0.0
0.0
0.0
0.0
0.0
0.0
0.0
0.0
0.0
0.0
0.0
0.0
0.0
0.0
0.0
0.0
0.0
0.0
0.0
0.0
0.0
0.0
0.0
0.0
0.0
0.0
-0.0780141
0.17002
0.0
0.0
0.0
0.0
0.0
0.0
0.0
0.0
0.0
0.0
0.0
-0.179226
-0.428647
0.0
0.0
0.0
0.0
0.0
0.0
0.0
0.0
0.0
0.0
0.0
0.0
0.0
0.0
0.0
0.0
0.0
0.0
0.0
0.0
0.0
0.956226
0.0
0.0
0.0
0.0
0.0
0.0
0.0
0.77284
0.0
0.0
0.0
0.0
0.0
0.0
0.0
0.0
0.0
0.0
0.0
0.0
0.0
0.0
0.0
0.0
0.0
0.0
0.0
0.0
0.0
0.294239
0.0
0.0
0.0
0.0
0.0
0.0
0.0
0.0
0.0
0.0
0.0
0.0
0.0
0.0
0.0
0.0
0.0
0.0
0.0
0.0
0.0
0.0
0.0
0.0
0.0
0.0
0.0
0.0
0.0
0.0
0.0
0.0
0.0
0.0
0.0
0.0
0.0
0.0
0.0
0.0
0.0
0.0
0.0
0.0
0.0
0.0
0.0
0.0
0.0
0.0
0.0
0.0
0.0
0.0
0.0
0.0
0.0
0.0
0.0
0.0
0.0
0.0
0.0
0.0
0.0
0.0
0.0
0.0
0.0
0.0
0.0
0.0
0.0
0.0
-0.782306
0.0
0.0
0.0
0.0
0.0
0.0
0.0
0.0
0.0
0.0
0.0
0.0
0.0
0.0
0.0
0.0
0.0
0.0
0.0
0.0
-0.863396
0.0
0.0
0.0
0.0
0.0
0.0
0.0
0.0
0.590914
0.0
0.0
0.0
0.0
0.0
0.0
0.0
0.0
0.0
0.0
0.0
0.0
0.0
0.0
0.0
0.0
0.0
0.0
0.0
0.0
0.0
0.0
0.0
0.0
0.0
0.0
0.0
0.0
0.0
0.0
0.0
0.0
0.0
0.0
0.0
0.0
0.0
0.0
0.0
0.0
0.0
0.0
0.0
0.0
0.241975
0.0
0.0
0.0
0.0
0.0
0.0
0.0
0.0
0.0
0.0
0.0
0.0
0.0
0.0
-0.360803
0.0
0.0
0.0
0.0
0.0
0.0
0.0
0.0
0.0
0.0
0.0
-1.05457
0.0
0.0
0.0
0.0
0.0
0.0
0.0
0.0
0.0
0.0
0.0
0.0
0.0
0.0
0.0
0.0
0.0
0.0
0.0
0.0
0.0
0.0
0.0
0.0
0.0
0.0
0.0
0.0
0.0
0.0
0.0
0.0
0.0
0.0
0.0
0.918579
0.0
0.0
0.0
0.0
0.0
0.0
0.0
0.0
0.0
1.84226
0.0
0.0
0.0
0.0
0.0
0.0
0.0
0.0
0.0
0.0
0.0
2.58657
0.0
0.0
0.0
0.0
0.0
0.0
0.0
0.0
0.0
0.0
0.0
0.0
-0.132879
0.0
0.0
0.0
0.0
0.0
0.0
0.0
0.0
0.0
0.0
0.0
0.0
0.0
0.0
0.0
0.0
0.0
0.0
0.0
0.0
0.0
0.0
0.0
0.0
0.0
0.0
0.0
0.0
0.0
0.0
0.0
0.0
0.0
0.0
0.0
0.0
0.0
0.0
0.0
0.0
0.0
0.0
0.0
0.0
0.0
0.0
0.0
0.0
0.0
0.0
0.0
0.0
0.0
0.0
0.0
0.0
0.0
0.0
0.0
0.534887
0.589736
0.101431
0.561043
-0.0418474
-0.634073
-0.312128
0.305447
0.455428
0.00807729
0.121387
-0.819264
1.29673
-0.383816
-0.263093
-0.275589
1.46229
-0.567505
-0.324281
0.150075
-0.290577
-0.411761
-0.300298
0.0254179
0.23981
0.0
0.0
0.0
0.0
1.108
0.0
0.0
0.0
0.0
0.0
0.0
0.0
0.0
0.0
0.0
0.0
0.0
0.0
0.0
0.0
0.0
0.0
0.0
0.0
0.0
0.0
0.0
0.366001
0.0
0.0
0.0
0.0
0.0
0.0
0.0
0.0
0.0
0.0
0.0
0.526511
0.0
0.0
0.0
0.0
0.0
-2.17914
0.21489
0.0
0.0
0.0
0.0
0.0
0.0
0.0
0.0
0.0
0.0
0.0
0.0
0.0
0.0
0.0
0.0
0.0
0.0
0.0
0.0
0.0
0.0
0.0
0.0
0.0
0.0
0.0
0.0
0.0
-1.22624
0.0
0.0
0.0
0.0
0.0
0.0
0.0
0.0
0.0
0.0
0.0
-2.08716
0.0
0.0443856
0.0
0.0
0.0
0.0
0.0
0.0
0.0
0.0
0.904798
0.0
0.0
0.0
0.0
0.331528
0.0
0.0
0.0
0.0
0.0
0.0
0.0
0.0
0.0
0.0
0.0
0.0
0.0
0.0
0.0
0.0
0.0
0.0
0.0
0.0
0.0
0.0
0.0
0.0
0.0
0.0
0.0
0.0
0.0
0.0
0.0
0.0
0.0
0.0
-1.82526
0.0
0.0
0.0
0.0
0.0
0.0
0.0
0.0
0.0
0.0
0.0
0.0
0.0
0.0
0.0
0.0
0.0
0.0
0.0
0.0
0.0
0.0
0.0
-0.863664
0.0
0.0
0.0
0.0
0.0
0.0
0.0
0.0
0.0
0.0
-0.193323
0.0
0.0
0.0
0.0
0.0
0.0
0.0
0.0
0.0
0.0
0.0
0.0
0.0
0.0
0.0619508
0.0
0.0
0.0
0.0
0.0
0.0
0.0
0.0
0.0
0.0
0.0
0.0
0.0
0.0
0.0
0.0
0.0
0.0
0.0
0.0
0.0
0.0
0.0
0.0
0.0
0.0
0.0
0.0
0.0
0.0
0.0
0.0
0.0
0.0
0.0
0.0
0.0
0.0
0.0
0.455398
0.0
0.0
0.0
0.0
0.0
-0.290272
0.0
0.0
0.0
0.0
0.0
0.0
0.0
0.0
0.0
0.0
0.0
0.0
0.0
0.0
0.0
-0.540732
0.0
0.0
0.0
0.0
0.0
0.0
0.0
0.0
0.0
0.0
0.0
0.0
0.0
0.0
0.0
0.0
0.0
0.0
0.0
0.712127
0.0
0.0
0.0
0.0
0.0
0.0
0.0
1.49441
0.0
0.0
0.0
0.0
0.0
0.0
0.0
0.0
0.0
0.0
0.0
0.0
0.0
0.0
0.0
0.0
0.0
0.0
0.0
0.0
0.0
0.0
0.0
0.0
0.0
0.0
0.0
0.0
0.0
0.0
0.0
0.0
0.0
0.0
0.0
0.0
0.0
0.0
0.0
0.0
0.0
0.0
0.0
0.0
0.0
0.257854
-0.102433
-0.645799
-0.406738
0.188443
-0.435465
-0.770249
-1.03935
0.158683
-0.0402691
0.622168
0.158571
-0.541621
-0.460897
0.00093498
-0.223333
-0.211402
0.040676
-1.14659
0.310866
-0.00776945
0.145013
0.432664
-0.312235
0.32603
0.0
0.0
0.0
0.0
0.0
0.0
0.0
0.0
0.0
0.0
0.0
0.0
0.468248
0.0
0.0
0.0
0.0
0.0
0.0
0.0
0.0
0.0
0.0
0.0
0.0
0.0
0.0
0.0
0.0
0.0
0.0
-0.791306
0.0
0.0
0.0
0.0
0.0
0.0
0.0
0.0
0.0
0.0
0.0
0.0
0.0
0.0
0.0
0.0
0.0
0.0
0.0
0.0
-0.2692
0.0
0.0
-1.46947
0.0
0.0
0.0
0.0
0.0
0.0
0.0
0.0
0.0
0.0
0.0
0.0
0.0
0.0
0.0
0.0
0.0
0.0
0.0
0.0
0.0
0.0
0.0
0.0
0.0
0.0
0.0
0.0
0.0
1.04569
0.0
0.0
0.0
0.0
0.0
0.0
0.0
0.0
0.0
0.0
0.0
0.0808967
0.0
0.0
-0.369993
0.0
0.0
0.0
0.0
0.0
0.0
0.0
0.0
0.0
0.0
0.0
0.0
0.0
0.0
0.0
-1.71084
0.0
0.0
0.0
0.0
0.0
0.0
0.0
0.0
0.0
0.0
0.0
0.0
0.0
0.0
1.13412
0.0
0.0
0.0
0.0
0.0
0.0
0.0
0.0
0.0
0.0
0.0
0.0
0.0
0.0
0.0
-1.26792
0.0
0.0
0.0
0.0
0.0
0.0
0.0
0.0
0.0
0.0
0.0
0.0
0.0
0.0
0.0
0.0
0.0
0.0
0.161985
0.0
0.735389
0.0
0.0
0.0
0.0
0.0
0.0
0.0
0.0
0.0
0.0
0.0
0.0
0.0
0.0
0.0
0.0
0.0
0.0
0.0
0.0
0.0
0.0
0.0
0.0
0.0
0.0
1.29503
0.0
0.0
0.0
0.0
0.0
0.0
0.0
0.0
0.0
0.0
0.0
0.0
0.0
0.0
0.0
0.0
0.0
0.0
0.0
0.0
0.476248
0.0
0.0
0.0
0.0
0.0
0.0
0.0
0.848784
0.0
0.0
0.0
0.0
0.0
0.0
0.0
0.0
0.0
0.0
0.0
0.0
0.0
0.0
0.0
0.0
0.0
0.0
0.0
0.0
0.0
0.0
0.0
0.0
0.0
0.0
0.0
0.0
0.0
0.0
0.0
0.0
0.0
0.0
0.0
0.623036
1.45344
0.0
0.0
0.0
0.0
0.650568
0.0
0.0
0.0
0.0
0.0
0.0
-0.486997
0.0
0.0
0.0
0.0
0.0
0.0
0.0
0.0
0.0
0.0
0.0
0.0
0.0
0.0
0.0
0.0
0.0
0.0
0.0
0.0
0.0
0.0
0.0
0.0
0.0
0.0
0.0
0.0
0.0
0.0
0.0
0.0
0.0
0.0
0.0
0.0
0.0
0.0
0.0
0.0
0.0
0.0
0.0
0.0
0.0
1.25616
0.0
0.0
0.0
0.0
0.0
0.0
0.0
0.0
0.0
0.0
0.0
0.0
0.0
0.0
0.0
0.0
0.0
0.0
0.0
0.0
0.0
0.0
0.0
0.0
0.0
0.0
0.0
0.0
0.0
0.0
0.0
0.0
0.0
0.0
0.0
0.0
0.0
0.0
0.0
0.0
0.0
-0.176396
0.0
0.0
0.0
0.0
0.0
0.0
0.0
0.0
0.0
-0.682854
0.0
0.0
0.0
0.0
0.0
0.0
0.0
0.0
0.0
0.0
0.0
0.0
0.0
0.0
0.0
0.0
0.0
0.0
0.0
0.0
0.0
0.0
0.740349
0.0
0.0
0.0
0.0
0.0
0.0
0.0
0.0
0.0
0.0
0.0
0.0
0.0
0.0
0.0
0.0
0.0
0.0
0.0
0.0
0.0
0.0
-0.163328
0.0
0.0
-1.32181
0.0
0.0
0.0
0.0
0.0
0.0
0.0
0.0
0.0
0.0
0.0
0.0
0.0
0.0
0.0
0.0
0.0
-0.365755
0.0
0.0
0.0
0.0
0.0
0.0
0.0
0.0
0.0
0.0
0.0
0.0
0.0
0.0
-1.57982
0.0
0.0
0.0
0.0
0.0
0.0
0.0
0.0
0.0
0.0
0.0
0.0
0.0
0.0
0.0
0.0
0.0
0.0
-0.24742
0.0
0.0
0.0
0.0
0.0
0.0
0.0
0.0
0.0
0.0
0.0
0.0
0.0
0.0
0.0
0.0
0.0
-0.585533
0.0
0.0
0.0
0.0
0.0
0.0
0.0
0.0
0.0
0.484423
0.841256
0.0147576
0.594221
0.0919127
-0.653577
-0.31305
0.125913
0.487786
0.0413139
0.0937745
-0.875837
1.36503
-0.347309
-0.24039
-0.200384
1.46819
-0.657509
-0.00830634
-0.306921
-0.264385
-0.275637
-0.217629
-0.188891
0.317678
0.0
0.0
0.0
0.0
0.0
0.0
0.0
0.0
0.0
0.0
0.0
0.238867
0.0
0.0
0.0
0.0
0.0
0.0
0.0
0.0
0.0
0.190844
0.0
0.0
0.0
0.0
0.0
0.0
0.0
0.0
0.0
0.0
0.0
0.0
0.0
0.0
0.0
0.0
0.0
0.0
0.0
0.0
0.0
0.0
0.0
0.0
0.0
1.39764
0.0
0.0
0.0
0.0
0.0
0.0
0.0
0.0
0.0
0.0
0.0
0.0
0.0
0.0
0.0
0.0
0.0
0.0
-0.215914
0.0
0.0
0.0
0.0
0.0
0.0
-1.00373
0.0
0.0
0.0
0.0
0.0
0.0
0.0
0.0
0.0
0.0
0.0
0.0
0.0
0.0
0.0
0.0
0.0
0.0
0.0
0.0
0.462546
0.0
0.0
0.0
0.0
0.0
0.0
0.0
0.0
0.0
0.0
0.0
0.0
0.0
0.0
0.0
0.0
0.0
0.0
0.0
0.0
0.0
0.0
0.0
0.0
0.0
0.0
0.0
0.0
0.0
0.0
0.0
-0.495563
0.0
-1.17504
0.0
-0.46174
0.0
0.0
0.0
0.0
0.0
0.0
-2.05893
0.0
0.0
0.0
0.0
0.0
0.0
0.0
0.0
0.0
0.0
0.0
0.0
0.0
0.0
0.0
0.0
0.0
0.0
0.0
0.0
0.0
0.0
0.0
1.42797
0.0
0.0
0.0
0.0
0.0
0.0
0.0
0.0
0.0
0.0
0.0
0.0
0.0
0.0
0.0
0.0
0.0
0.0
0.0
0.0
0.0
0.0
0.0
0.0
0.0
0.0
0.0
0.0
0.0
0.0
0.0
-0.323268
0.0
0.0
0.0
0.0
0.0
-1.41804
0.0
-0.153938
0.0
0.0
0.0
0.0
0.0
0.0
0.0
0.0
0.0
0.0
0.0
0.0
0.0
0.0
0.0
1.23126
0.0
0.0
0.0
-1.17512
0.0
0.0
0.0
0.0
0.0
0.0
0.0
0.0
0.0
0.0
0.0
0.0
0.0
0.0
0.0
0.0
0.0
0.0
0.0
0.0
0.0
0.0
0.0
0.0
0.0
0.0
0.0
0.0
0.0
0.0
0.0
0.0
1.35944
0.0
0.0
0.0
0.0
0.0
0.0
0.0
0.0
0.0
0.0
0.0
0.0
0.0
0.0
0.0
0.0
0.0
0.49856
0.0
0.0
0.452506
-0.00435287
-0.525589
-0.652897
0.236358
-0.356595
-0.776241
-0.331846
0.202815
0.421206
-0.211297
0.196618
-0.526878
-0.401731
-0.024246
0.257488
0.000389047
-0.160461
-0.0608707
0.254738
-0.0280103
-0.0246007
0.266932
-0.213781
4.11831e-06
0.0
0.0
0.0
0.0
0.0
0.0
0.0
0.0
0.0
-1.46871
0.0
0.0
0.0
0.0
0.769612
0.0
0.0
0.0
0.0
0.0
0.0
0.0
0.0
0.0
0.0
0.0
0.0
0.0
0.0
0.0
0.0
0.0
0.0
0.0
0.0544537
0.0
0.0
0.0
0.0
0.0
0.0
0.0
0.0
0.0
0.0
0.0
0.0
0.0
0.0
0.0
0.0
0.0
0.0
0.0
0.0
0.0
0.0
0.0
0.0
0.0
-1.77521
0.0
0.0
0.0
0.0
0.0
0.0
0.0
0.0
0.0
0.0
0.0
0.0
0.0
0.0
0.0
0.0
0.0
0.0
0.0
0.0
0.0
0.0
0.0
0.0
0.0
0.0
0.0
0.0
0.0
0.0
0.0
0.0
0.0
0.0
0.0
0.0
0.0
0.0
0.0
0.0
0.0
0.0
0.0
0.0
0.0
0.0
0.0
0.0
0.0
0.0
0.0
0.0
0.0
0.0
0.0
0.0
0.0
0.0
0.0
0.0
0.0
0.0
0.0
0.0
0.0
0.0
0.0
0.0
0.0
0.0
0.0
0.0
0.0
0.0
0.0
0.0
0.0
0.0
0.0
0.0
0.0
0.0
0.0
0.0
0.0
0.0
0.0
0.0
0.0
0.509424
0.718111
-0.0189891
0.382976
0.0890669
-0.573983
-0.377566
0.14081
0.453047
0.0561469
-0.107247
-0.763698
1.03513
-0.355497
-0.221766
0.114765
1.32927
-0.708702
-0.0506543
0.0999432
-0.276043
-0.282017
-0.272527
-0.0571367
0.221561
0.0
0.0
0.0
0.0
0.0
0.0
0.0
0.0
0.0
0.0
0.0
0.0
0.0
0.0
0.0
0.0
0.0
0.0
0.0
0.0
0.0
0.0
0.0
0.0
0.0
0.0
0.0
0.0
0.0
-0.989396
0.0
0.0
0.0
0.0
0.0
0.0
0.0
0.0
0.0
0.0
0.0
0.0
0.0
0.0
0.0
0.0
0.0
1.32834
0.0
0.0
0.0
0.0
0.0
0.0
0.0
0.0
0.0
0.0
0.0
0.0
0.0
0.0
0.0
0.0
0.0
0.0
0.0
0.0
0.0
0.0
0.0
0.0
0.0
0.0
0.0
0.0
0.0
0.0
-0.930163
0.0
0.0
0.0
0.0
0.0
0.0
0.0
0.0
0.0
0.0
0.0
0.0
0.0
0.0
0.0
0.0
0.0
0.0
0.0
0.0
0.0
0.0
0.0
0.0
0.0
0.0
0.0
0.0
0.0
0.0
0.0
0.0
0.0
0.0
0.0
0.0
0.0
0.0
0.0
0.0
0.0
0.0
0.0
0.0
0.0
0.0
0.0
0.0
0.0
0.0
0.0
0.0
0.0
0.0
0.0
0.0
0.0
0.0
0.0
0.0
0.0
0.0
0.0
0.0
0.0
0.0
0.0
0.0
0.0
0.0
-1.02456
0.0
0.0
0.0
0.0
0.0
0.0
0.0
0.0
0.0
0.0
0.0
0.0
0.0
0.0
0.0
0.0
0.0
0.0
0.0
0.0
0.0
0.0
0.0
0.0
0.0
0.480537
-0.000625416
-0.533029
-0.694138
0.18601
-0.319922
-0.738093
0.146951
0.272455
0.425296
-0.628009
0.0492793
-0.273588
-0.369125
-0.0481206
0.252178
0.154959
-0.95669
-0.00830779
0.361146
-0.0545155
0.0079658
0.172181
-0.0360295
0.0475559
0.0
-0.128797
0.0
0.0
0.0
0.0
0.0
0.0
0.0
0.0
0.0
0.0
0.0
0.0
0.0
0.0
0.0
0.0
0.131384
0.0
0.0
0.0
0.0
0.0
0.0
0.0
0.0
0.0
0.0
0.0
0.0
0.0
0.0
0.0
0.0
0.0
0.0
0.0
0.0
0.0
0.0
0.0
0.0
0.0
0.0
0.0
0.0
0.0
0.0
0.0
0.0
0.0
0.0
0.0
0.0
0.0
0.0
0.0
0.417165
0.0
0.0
0.0
0.0
0.0
0.0
0.0
-0.866043
0.0
0.0
0.0
0.0
0.0
0.0
0.0
0.0
-0.85052
0.0
0.0
0.0
0.0
0.0
0.0
0.0
0.0
0.0
0.0
0.0
0.0
0.0
0.0
0.0
0.0
0.0
0.0
1.07098
0.0
1.10982
0.0
0.0
0.0
0.0
0.0
0.0902042
0.0
0.0
0.0
0.0
0.0
0.0
0.0
0.0
0.0
0.0
0.0
0.0
0.0
0.0
0.0
0.0
0.0
-0.0193752
-0.855185
0.0
0.0
0.0
0.0
0.0
0.0
0.0
0.0
0.0
0.0
0.0
0.0
0.0
0.0
0.0
0.0
0.0
0.0
0.0
0.0
0.0
0.0
0.0
0.0
0.0
0.0
0.0
0.0
0.0
0.0
0.0
0.0
0.0
0.0
0.0
0.0
0.0
0.0
0.0
0.0
0.0
0.0
0.0
0.0
0.0
0.0
0.0
0.0
0.0
0.0
0.0
0.0
0.0
0.0
0.0
0.0
0.0
0.0
0.0
0.0
0.0
0.0
0.0
0.0
0.0
0.0
0.0
0.0
0.0
0.0
0.0
0.0
0.0
-0.0168202
0.0
0.0
0.0
0.0
0.0
0.0
0.0
0.0
0.0
0.0
1.29442
0.0
0.0
0.0
0.0
0.0
0.0
0.0
0.0
0.0
0.0
0.0
0.0
0.0
0.0
0.0
0.0
0.0
0.0
0.0
0.0
0.0
0.0
0.0
0.0
0.0
0.0
0.0
0.0
0.0
0.0
0.0
0.0
0.0
0.0
0.0
0.0
0.0
0.0
0.0
0.0
0.0
0.0
0.0
0.339657
0.338661
0.0745573
0.0222404
-0.372052
-0.384819
-0.80885
1.61047
0.676241
-0.291535
0.525798
-1.17704
1.90249
-0.0521267
-0.156052
0.193353
1.65993
-0.217655
-0.0469757
0.167104
-0.158761
-0.0540236
-0.415593
-0.534341
-0.281782
0.0
0.0
0.0
0.0
0.0
0.0
0.0
0.0
0.0
0.0
0.0
0.0
0.0
0.0
0.0
0.0
0.0
0.0
0.0
0.0
0.0
0.0
0.0
0.0
0.0
0.312068
0.166605
-0.214736
0.101667
-0.381464
-0.237428
-1.06358
-0.00409306
0.62926
-0.330507
-0.17338
-0.643826
0.688564
-0.145556
-0.200649
0.25071
0.408191
-0.335943
0.0921662
0.275414
-0.0538771
0.171112
-0.0399016
-0.233503
0.53707
0.0
0.0
0.0
0.0
0.0
0.0
0.0
0.0
0.0
0.0
0.0
0.0
0.0
0.0
0.967949
0.0
0.0
0.0
0.0
0.0
0.0
0.0
0.0
0.0
0.0
0.50223
-0.00248162
-0.403279
-1.13033
-0.349998
-0.0259212
-1.22277
-0.680858
0.671973
-0.0128743
0.258155
-0.637241
-0.0973021
-0.00321412
-0.0856067
0.595888
0.255436
0.238244
-0.120471
0.443393
0.117403
0.213311
-0.197436
-0.325639
0.30466
0.0
0.0
0.0
0.0
0.0
0.0
0.0
0.0
0.0
0.0
0.0
0.161125
0.0
0.0
0.0
0.0
0.0
-1.80918
0.0
0.0
0.0
0.0
0.0
0.0
0.0
0.0
0.0
0.0
0.0
0.0
0.0
0.0
0.0
0.0
0.0
0.0
0.0
0.0
0.0
0.0
0.0
0.0
0.0
0.0
0.0
0.0
0.0
0.0
0.0
0.0
0.0
0.0
0.0
0.0
0.0
-0.960454
0.0
0.0
0.0
0.0
0.0
0.0
0.0
0.0
0.0
0.0
0.0
0.0
0.0
0.0
0.0
0.0
0.0
0.0
0.0
0.0
1.26333
0.0
0.0
0.0
0.0
0.0
0.0
0.0
0.0
0.0
0.0
0.0
0.0
0.0
0.0
0.0
0.0
0.0
0.0
-0.132566
0.0
0.0
0.0
0.0
0.0
0.0
0.0
0.919338
0.0
0.0
0.0
0.0
0.0
0.858597
0.0
0.0
0.0
0.0
0.0175148
0.0
0.0
0.0
0.0
0.0
0.0
0.0
0.0
-0.731671
0.0
0.0
0.0
0.0
0.0
0.0
0.0
0.0
0.0
0.0
1.13238
0.0
0.0
0.0
0.0
0.0
0.0
0.0
0.0
0.0
0.0
0.0
0.0
0.0
0.0
0.0
1.59254
2.99941
-0.53693
0.00952113
0.304616
1.18012
-0.988795
0.296193
-0.884657
0.882971
-0.91138
3.40982
0.860671
-2.88188
2.64543
0.394898
3.19286
-2.28598
-0.0104282
-0.499219
-0.931147
0.424096
1.61983
2.52293
2.24317
-2.73249
-4.82423
0.504971
0.200896
0.769655
-1.94906
-0.122434
-1.09674
1.17071
0.0544892
0.811274
-4.00746
-0.496366
4.60368
-2.64898
0.198931
-2.85807
2.4344
0.280311
1.00954
1.52298
0.440256
-1.75731
-1.84257
-2.72134
-1.13743
-1.37806
4.25126
-0.140505
-1.68834
-0.568734
-0.647875
0.296122
-0.675484
-1.11174
1.15582
2.20724
-1.28263
-0.648249
2.82277
-0.211283
0.0997107
0.791278
0.0151423
0.165668
0.930344
3.03079
-0.673589
2.2505
-0.016715
3.30002
3.28512
-2.79072
0.0279947
1.30017
2.33981
-0.732774
-0.749748
1.32073
1.38063
-1.84366
-0.501716
-0.220677
2.29811
1.24143
0.435766
0.247501
-0.0427073
-0.484658
0.00288502
-0.42948
-1.06936
1.78898
-3.7103
-0.103058
-1.14147
-0.967144
-0.0311648
0.0834694
1.07382
-0.768839
-0.335255
0.0110451
0.284121
0.937241
-0.100073
1.38253
0.364806
1.72161
-0.0043394
1.51935
0.335346
0.148689
0.269942
0.510416
0.595834
0.862865
-0.13761
0.679482
-0.478227
2.25505
0.556677
1.97867
0.0309812
-0.0463858
1.576
0.728553
0.136662
1.13061
-0.0725484
0.358772
-1.35113
0.252773
0.925265
-0.478481
-0.309736
-2.39881
1.14842
-0.1018
0.669682
0.216389
0.960315
-0.867054
-4.72239
1.64892
2.48198
0.984067
0.967218
-0.130584
-0.887773
-0.119503
1.61229
0.140751
-1.62525
-0.104541
-0.405279
0.903247
0.909532
3.54751
0.387576
-0.197018
-0.676666
0.0753646
-0.0988777
0.63903
1.04634
-1.35565
1.33456
-3.71837
-1.80689
3.09961
0.116648
2.03978
-0.111545
-3.47537
-2.00491
-0.558739
0.239279
-0.851086
0.0834151
0.759657
-0.250955
0.970144
-1.06682
-1.11939
-0.0457335
-1.1269
2.06113
-0.600102
1.0478
-0.50143
1.39347
-1.44851
-0.299781
0.887526
0.83
-2.46621
-2.22872
0.118826
2.57546
-0.6221
-0.113722
-0.239949
0.196349
-0.412317
0.277886
0.204769
-1.47874
2.56391
-1.98768
2.10668
2.2467
-0.293444
0.229829
-0.253057
0.286699
0.177729
-0.387213
1.50838
1.36418
-0.628216
0.726721
1.14947
2.59293
2.79055
-2.94567
0.078032
-1.22654
0.567428
-0.032397
-0.272823
-0.476568
-1.27372
-0.38495
2.68011
2.5741
0.394617
-2.07809
-0.00260895
-0.315846
-0.874498
-0.33482
-0.84857
0.194628
2.3449
-0.567262
-0.783244
2.12475
2.04685
1.82556
1.5795
0.413583
2.37281
-0.490174
-0.152152
-0.705145
1.37974
-1.08863
-2.72546
-0.081484
2.72224
-1.85026
0.167512
-0.113583
-0.686043
1.28387
0.706348
-1.05202
-0.342809
0.253154
1.3525
2.92851
0.917931
2.38956
-0.662898
-0.12739
-0.0568083
-1.48232
-1.44758
-0.539277
-0.281227
-0.323341
1.51245
0.488432
0.0700821
-0.209742
-0.851079
0.95054
-3.18704
1.85711
-0.152349
-0.865944
-0.233767
2.36091
1.82979
0.096226
-0.0276768
-0.951362
-0.0804426
0.216029
-0.392557
0.391059
1.88013
0.488887
-0.0332859
0.570119
0.739232
-0.0421907
-0.44805
0.129394
-0.017625
-0.299775
-2.72784
-0.690589
1.73688
0.813987
0.69027
0.377096
1.15804
0.360769
-1.05446
-0.863397
0.186833
0.0133436
2.15422
-1.9306
-2.01136
-2.38411
-1.8115
-1.33074
0.451772
0.317615
-0.950067
-2.16085
-0.887304
0.542795
1.16142
0.585636
-1.82581
2.66938
-2.26161
0.113732
0.300364
1.35299
-0.901139
0.454155
0.306791
0.863646
-0.151277
-0.254115
1.00445
-2.19345
2.63409
0.901177
1.66801
-0.0231152
0.671285
0.547766
-0.68343
0.0877533
-0.0664416
1.58064
-1.09036
0.206037
-1.17694
1.98096
-0.828971
1.24736
2.38924
1.04307
-0.681212
-0.673702
-0.120374
0.0929944
0.343905
-0.933157
0.990966
0.493468
1.87229
-2.88861
1.9445
0.498126
-0.25175
-0.139789
-0.230889
0.449252
0.144958
-0.094223
0.437363
-0.145992
-0.884784
-1.52291
-1.72293
3.57069
0.699629
0.331554
0.263909
0.132333
-0.00467743
-0.853302
2.31719
0.651425
-0.248704
-0.35871
2.112
-2.26741
0.0134423
0.239297
0.504144
-0.0491982
-0.0441164
-0.733923
-0.836912
0.202
-0.0322501
0.30498
1.0235
1.21556
-5.41568
0.900538
-0.16238
2.1199
0.614092
-0.0485418
0.363269
-0.00716906
1.15027
-0.174044
-0.422757
-2.42624
2.76315
-1.08128
0.661223
0.251493
-0.274199
-1.62885
-0.282544
-1.04566
0.0675201
1.13916
1.10983
-1.7956
-0.358465
2.78144
0.257087
-1.73917
1.80874
-2.6025
0.322363
-1.44661
1.50543
-0.232644
-0.308296
0.554765
-0.176977
-0.314588
-1.80391
2.83244
-2.4739
2.99754
0.355932
-1.78647
-0.95392
0.601452
0.472218
0.257713
-0.840237
0.264696
-0.510956
4.39738
-1.0572
1.01926
1.88838
-0.0357053
0.930564
-1.09866
-0.109577
-0.293841
-0.531912
0.170919
-0.486786
0.553883
-3.07019
-5.01677
-2.39123
0.458935
-0.784699
-0.292419
-0.0453692
-0.112333
-0.938573
2.76849
0.175028
-0.890063
-4.59675
-0.648086
-1.55707
-1.07168
2.27977
0.555896
-0.375405
0.0599163
-0.364554
0.290223
-0.748502
0.127185
0.123126
-0.83492
0.2925
0.407155
-1.95413
1.49384
-0.66367
0.209008
-0.508793
-0.35198
0.406248
-0.0847787
1.46257
0.0725208
-1.51201
-2.02445
-2.91885
0.0418793
-0.958454
1.37594
-1.79816
-0.119282
1.17993
0.242489
0.356166
-1.21101
0.717491
0.392604
-1.11651
2.22958
2.17736
-0.785912
-0.582093
0.0846871
-0.460938
-0.296834
-0.190691
0.0132205
-1.45906
1.77911
-0.547705
1.83588
0.0492096
-2.29667
1.06347
1.35851
-0.0322537
0.709387
0.389938
0.0940549
0.287068
-1.73353
0.139245
0.872133
0.937577
-1.86332
-0.793946
-2.4037
-0.689174
-0.0980111
0.675768
-0.549498
0.573204
-0.736208
-1.01596
-1.05229
-0.605088
-0.0658254
-2.26044
-0.559183
1.53994
-0.0249603
0.219436
0.644565
0.228869
0.303375
0.618379
0.105276
-0.248002
-0.0749796
2.35364
0.984854
-0.598884
0.314656
-1.40894
-0.183133
-0.117779
0.805324
0.467558
-0.381941
-0.401531
0.861613
0.0138727
0.492294
-2.81345
-1.71286
-2.64041
0.111647
-0.485654
0.363714
-0.625396
0.468428
1.29877
0.683831
0.381464
-0.325131
-1.38992
-2.77826
-0.0208251
1.45061
-0.28109
-0.557137
1.23886
0.00451226
0.821627
1.39889
1.76917
-0.0455154
0.628779
0.0962889
3.46542
-0.494553
-0.497662
-0.267477
-0.118027
0.587146
0.411951
0.435237
-1.64715
0.0557538
-2.96402
-0.468108
-3.29229
2.15147
1.88306
1.18105
-1.35874
1.49285
-1.26372
2.284
-0.0901025
0.902047
-0.031059
-2.00649
0.416251
0.372608
-1.40719
-0.0851833
0.381276
0.346192
1.57033
-1.28198
0.900998
-0.159101
1.4135
-0.524718
1.78989
2.01658
0.559547
0.200844
1.28657
-1.77215
0.675217
-1.22155
0.16595
0.652576
-0.712171
0.0824759
-0.140841
1.40361
-0.887466
0.169621
1.06769
2.46108
2.45779
0.033726
0.0603264
0.212891
-0.108779
0.202877
0.364425
-1.15061
1.40247
-1.10828
-0.691934
0.812494
0.500757
-1.53976
1.18315
0.825966
-0.710615
0.750065
-0.0363269
0.723839
0.0800154
-0.091515
1.72296
1.08252
-0.697921
2.42665
0.239125
-1.69615
0.632159
-0.17456
0.176903
-1.11412
3.43658
-0.303924
-0.060597
-1.52299
2.11039
1.98558
-1.2942
-0.405995
-2.2977
3.02218
-2.39458
0.00896139
0.069067
-0.21061
-0.759066
-0.327356
-1.48978
-2.46638
0.929902
-0.642533
3.24946
-3.06257
-0.719807
-1.62597
2.53312
-2.57957
0.237313
-0.0270417
1.27734
-2.38813
0.619556
1.99977
0.636039
-0.0722882
1.71395
0.251678
0.0676686
0.779417
-0.329084
-0.163715
0.299626
0.112923
0.965984
-0.527982
-0.0115536
0.32243
-1.14146
-1.01781
-1.82663
-0.116729
0.512481
0.186745
0.467912
0.694614
0.656268
0.264093
-1.18674
-2.0361
4.62323
-6.12804
-3.30769
-8.11127
5.90376
-6.98856
-8.48006
-3.4602
7.49181
-5.0816
7.30249
-11.3981
-4.09377
-0.0704434
-0.739191
-0.241344
-1.87747
-0.154034
-0.452354
1.10552
-1.18075
-0.893688
-1.61148
0.162927
5.82346
-5.25605
2.68773
5.00472
-0.771664
-0.346199
-0.354617
-0.771215
-1.63483
2.36341
1.40101
-3.53959
-0.224182
-0.418252
-1.16394
-0.271686
-2.3403
-0.226563
-0.530833
0.68158
-6.37542
-3.71912
-2.06652
-5.62815
7.26355
-5.88568
-10.8843
8.83534
1.62549
2.19577
0.346283
2.83625
-3.96212
-2.15964
-0.30107
-3.94163
-3.23049
1.54893
0.117081
-1.69697
-8.03426
5.44511
-8.22277
-4.52952
2.26051
-0.772457
3.38349
-3.84086
-0.211924
-0.292936
-1.68011
-0.191716
-2.25574
-0.122174
-0.668678
-0.0925455
1.76957
-2.59657
-0.129703
4.69018
-2.05657
0.00563718
5.08642
-5.76826
-2.63286
0.161052
-2.67052
-0.464554
-1.67565
1.6366
7.4403
-8.78641
-0.576923
0.840146
-9.47707
6.34116
-2.62331
0.550672
-0.674237
-0.469771
