[229, 49, 49, 4]
0.0
0.0
0.0
0.0
0.0
0.0
0.0
0.0
0.0
0.0
0.0
0.0
0.0
0.0
0.0
0.0
0.0
0.0
0.0
0.0
0.0
0.0
0.0
0.0
0.0
0.0
0.0
0.0
0.0
0.0
0.0
0.0
0.0
0.0
0.0
0.0
0.0
0.0
0.0
0.0
0.0
0.0
0.0
0.0
0.0
0.0
0.0
0.0
0.0
0.0
0.0
0.0
0.0
0.0
0.0
-1.32878
0.0
0.0
0.0
0.0
0.0
0.0
0.0
0.0
-0.465611
0.0
0.0
0.0
0.0
0.0
0.0
0.0
0.0
0.0
0.0
0.0
0.0
0.0
0.0
0.0
0.0
0.0
0.0
0.0
0.0
0.0
0.0
0.0
0.0
0.0
-0.0501951
0.0
0.0
0.0
0.0
0.0
0.0
0.0
0.0
0.0
0.0
-0.389289
0.0
0.0
0.0
-2.39587
0.0
0.0
0.0
0.0
0.0
0.0
0.0
0.0
0.0
0.0
0.0
0.0
0.0
0.0
0.0
0.0
0.0
0.0
0.0
0.0
0.0
0.0
0.0
0.0
0.0
0.0
0.0
0.0
0.0
0.0
0.0
0.0
0.0
0.0
0.0
0.0
0.0
0.0
0.0
0.439644
0.0
0.0
0.0
0.704106
0.0
0.0
0.0
0.0
0.0
0.0
0.0
0.0
0.0
0.0
0.0
0.0
0.0
0.0
0.0
0.0
0.0
0.0
0.0
0.0
0.0
0.0
-0.578969
0.0
0.0
0.0
0.0
0.0
0.0
0.0
0.0
0.0
0.0
0.0
0.0
0.0
0.0
-0.00529067
0.0
0.0
0.0
0.0
0.0
0.0
0.0
0.0
0.0
0.0
0.0
0.0
0.0
0.0
0.0
0.0
0.0
0.0
0.0
0.0
0.0
0.0
0.0
0.0126272
0.0
0.0
0.0
0.0
0.0
-0.614562
0.0
0.0
0.0
0.0
0.0
0.0
-1.15421
-0.849192
0.0
0.0
0.0
0.0
0.0
0.0
0.0
0.0
0.0
0.0
0.0
0.0
0.0
-0.617012
0.0
0.0
0.0
0.0
0.0
-0.017812
0.20736
0.630561
-0.720971
0.818119
-0.00880994
0.0409189
0.173269
0.0541556
-0.0437243
-0.336615
-0.414352
0.591599
-0.176734
-0.197406
-0.244868
0.703773
1.01732
-0.00722111
-0.202153
0.06159
0.0557882
-0.118225
-0.398375
-0.299356
0.3081
-0.78869
0.333398
0.691149
-0.0512698
-0.231042
-0.125477
-0.148864
-0.561995
0.552933
0.585578
-0.088942
-0.221661
-0.0652925
-0.160839
0.174696
0.00700441
-0.119614
0.323759
0.241026
0.585901
0.0398162
-0.0655448
-0.375283
0.0
0.0
0.0
0.0
0.0
0.0
0.0
-1.0041
0.0
0.0
0.0
0.0
0.0
0.0
0.0
0.0
0.0
0.0
0.0
0.0
0.0
0.0
0.0
0.0
0.0
0.0
0.0
0.0
0.0
0.0
0.0
0.0
0.0
0.0
0.0
0.0
0.0
0.0
0.730986
0.0
0.0
0.0
0.93234
0.0
0.0
0.0
0.0
0.058258
0.0
0.0500185
-0.0298208
0.573534
0.0088627
-1.0332
0.0878838
-0.0783009
-0.11758
-0.140497
0.0331273
0.190496
-0.941169
0.602248
0.0871351
-0.103103
0.00699239
-0.181465
0.726497
-0.202245
-0.338021
0.130909
-0.336434
0.790814
0.0551277
-0.1949
0.66117
-0.691764
0.872474
0.144355
0.0136124
-0.033858
0.404176
0.319701
-0.474149
0.474297
-0.668323
-0.135336
-0.429634
-0.580021
0.255666
0.0216509
-0.134575
-0.328394
0.11512
0.461986
0.464073
-0.170424
0.247888
-0.308
0.0
0.0
0.0
0.0
0.0
0.0
0.0
0.0
0.0
0.0
0.0
0.0
0.0
0.0
0.0
0.0
0.0
0.0
0.0
0.0
0.0
0.0
0.0
0.0
0.0
0.0
0.0
-1.15681
0.0
0.0
0.0
0.0
0.0
0.0
0.0
-0.540097
0.0
0.0
0.0
2.28439
0.0
0.0
0.0
0.0
0.0
0.0
0.248996
0.0
0.0
0.0
-0.961186
0.0
0.0
0.0
0.0
0.0
1.68424
0.0
0.0
0.0
0.0
0.0
0.0
0.0
0.0
0.0
0.0
0.0
0.0
0.0
0.0
0.0
0.0
-1.56351
0.0
-0.759883
0.0
-0.122695
0.0
0.0
0.0
0.0
0.0
0.0
0.0
0.0
0.0
0.0
2.42421
0.0
0.0
0.0
0.0
0.0
0.0
0.0
0.689492
0.0
0.0
0.0
0.0
0.0
0.0
0.0
0.0
0.0
0.0
1.45805
0.0
0.0
0.0
0.0
0.0
0.0
0.0
0.0
0.0
0.0
0.0
0.0
0.0
0.0
0.0
0.0
0.0
0.0
0.0
0.0
0.0
0.0
0.0
0.0
0.0
-0.289774
0.0
0.0
0.0
0.0
0.0
0.0
0.0
-0.639562
0.0
0.0
0.0
0.0
0.000720343
0.0
0.0
0.0
0.0
0.0
0.0
0.0
0.0
1.17407
0.0
0.0
-1.45021
0.0
0.0
0.0
0.0
0.0
0.0
0.0
0.0
0.0
0.0
0.0
0.0
0.0
0.0
0.0
0.0
0.0
0.0
0.68268
0.0
0.0
0.0
0.0
-1.11809
0.0
0.100511
0.0
0.0
0.0
0.0
0.0
0.0
-0.0310863
0.0
0.0
0.0
0.0
0.0
0.0
0.0
0.0
0.0
0.0
0.0
0.0
0.0
0.0
0.0
0.0
0.0
-0.177223
0.0
0.0
0.0
0.0
0.0
-0.341334
0.0
0.0
0.0
0.0
0.0
0.0
0.0
0.0
0.0
0.0
0.0
0.0
-0.951033
0.0
0.0
0.0
0.0
0.352527
0.0
0.0
0.0
0.0
0.0
0.0
0.0
0.0
0.0
0.0
0.0
0.0
0.0
0.0
0.0
0.0
0.0
0.0
0.0
0.0
0.0
0.0
0.0
0.0
0.0
0.0
-1.00947
0.0
0.0
-0.600519
0.0
0.0
0.0
0.0
0.0
0.0
0.0
0.0
0.0
0.0
0.0
0.0
0.0
0.0
0.0
-0.735075
0.0
0.0
0.0
0.0
0.0
0.0
0.0
0.0
0.0
0.0
0.0
0.0
0.0
0.0
0.0
0.0
0.0
0.0
0.0
-1.94409
0.0
0.0
0.0
0.0
0.0
0.0
0.0
0.0
0.0
0.0
0.0
0.0
0.0
0.0
0.0
0.0
0.0
0.0
0.0
0.0
0.0
0.0
0.0
0.0
0.0
0.0
0.0
0.0
0.0
0.0
0.0
0.0
0.0
0.0
0.0
0.0
0.0
0.395901
0.0
0.0
0.0
0.0
0.0
0.0
0.0
0.0
0.0
0.0
0.0
0.0
0.0
0.0
0.0
0.0
0.0
0.0
0.0
0.0
0.0
0.0
0.0
0.0
0.0
0.0
0.0
0.0
0.0
0.0
0.0
0.0
0.0
0.0
-0.329962
0.0
0.0
0.0
0.0
0.0
0.0
0.0
0.0
0.0
0.0
0.0
0.0
0.0
0.0
0.0
0.0
0.0
0.0
-0.13678
0.0
0.0
0.0
0.0
0.0
0.0
0.0
0.0
0.0
0.0
0.0
0.0
0.0
0.0
0.0
0.0
1.26483
0.0
0.0
0.0
-1.0863
0.0
0.0
0.0
0.0
0.0
0.0
0.0
0.0
0.0
0.0
0.0
0.0
0.0
0.0
0.0
0.0
0.0
0.0
0.0
0.0
0.0
0.0
0.0
0.0
0.0
0.168055
0.0
0.0
0.0
0.0
0.0
0.0
0.0
0.0
0.0
0.0
0.0
0.0
0.0
-0.100427
0.0
0.0
0.0
0.0
0.0
0.0
0.0183196
0.0
0.0
0.0
0.0
0.0
0.0
0.0
0.0
0.0
-0.698973
-1.11721
-1.31709
0.0
0.0
-0.681395
0.0
0.0
0.0
0.0
0.0
0.0
0.0
0.0
0.0
0.0
0.0
0.0
0.0
0.0
0.0
0.0
0.0
0.0
-1.57129
0.0
0.0
0.0
0.0
0.0
0.0
0.0
0.0
0.0
0.0
0.0
0.0
-0.833702
0.0
0.0
0.0
0.0
0.0
0.0
0.0
0.0
0.0
0.0
0.0
0.0
0.0
0.0
0.0
0.0
0.0
0.0
0.0
0.0
0.0
0.0
0.0
0.0
0.0
-0.207963
0.0
0.0
0.0
0.0
0.0
0.0
0.0
0.0
0.0
0.0
0.0
0.0
0.0
0.0
0.0
0.0
0.0
0.0
0.0
0.0
-0.268537
0.0
0.0
0.0
0.0
0.0
0.0
0.0
-1.00492
0.0
0.0
0.0
0.0
0.0
0.0
0.0
0.0
0.0
0.0
0.603744
0.0
0.0
0.0
0.0
0.0
0.0
0.0
0.0
0.0
0.0
0.0
0.0
0.0
0.0
0.0
0.0
0.0
0.0
0.0
0.0
0.0
0.0
0.0
0.0
0.0
0.0
0.0
0.0
0.0
0.0
0.0
0.0
0.0
0.0
0.0
0.0
0.0
0.0
0.0
0.0
0.0
0.0
0.0
0.0
0.0
0.0
0.0
0.0
0.0
0.0
0.0
0.0
0.0
0.0
0.226024
0.0
0.0
0.0
0.0
0.357375
0.0
0.0
0.0
0.0
0.0
0.0
0.0
0.0
0.0
0.0
0.0
0.0
0.0
0.0
0.0
0.0
-0.0687428
0.0
0.0
0.0
0.0
0.0
0.0
0.0
0.0
0.0
0.0
0.0
0.0
0.0
0.0
0.0
0.0
0.0
0.0
0.0
0.0
0.0
0.0
0.0
0.0
0.0
0.0
0.0492548
0.0
0.0
0.0
0.0
0.0
0.0
0.0
0.0
0.0
0.689505
0.0
0.0
0.0
0.0
0.0
0.0
0.0
0.0
0.0
0.0
0.0
0.0
0.0
0.0
0.0
0.0
0.0
0.0
0.0
0.0
0.0
0.0
0.0
0.0
0.0
0.0
0.0
0.0
0.0
0.0
0.0
0.0
0.0
0.0
0.0
0.0
0.0
0.0
0.0
0.0
0.0
0.0
0.0
0.0
0.0
0.0
0.0
0.0
0.0
0.0
0.0
0.0
0.0
0.0
0.0
0.0
0.0
0.0
0.0
0.0
0.0
0.0
0.0
0.0
0.0
0.0
0.0
0.0
0.0
-0.378799
0.0
0.0
0.0
-1.76708
0.0
0.0
0.0
0.0
0.0
0.0
0.0
0.0
0.0
0.0
-1.70001
0.0
0.0
0.0
0.0
0.0
0.0
0.0
0.0
0.0
0.0
0.0
0.0
0.0
0.0
0.0
0.0
0.0
0.0
0.0
0.0
-0.507287
0.0
0.0
0.0
0.0
0.0
-0.381398
0.0
0.0
0.0
0.0
0.0
0.0
0.880036
0.0
0.0
0.0
0.0
0.0
0.0
0.0
0.0
0.0
0.0
0.0
0.0
0.0
0.0
0.0
0.0
0.0
0.0
0.0
0.0
0.0
0.0
0.0
0.0
0.0
0.0
0.0
-0.0463656
0.133698
0.250432
-0.0467519
0.0302166
0.211987
-0.106736
-0.0395831
-0.145881
-0.032951
0.786277
-0.430502
0.548754
-0.0116219
0.258121
0.141639
-0.778743
0.724289
0.0546748
-0.323942
0.12158
0.0852503
0.0165158
-0.00977969
0.0870437
0.325096
-0.612566
0.16947
0.156165
0.0571026
0.00263061
0.674936
0.488314
-0.392076
0.603737
-0.364172
0.250181
-0.112912
0.0470341
0.139259
0.0381563
0.350119
-0.0481235
-0.133274
0.500764
0.235804
0.0225082
-0.0608338
-0.155156
-1.69881
0.0
-1.90742
0.0
0.0
0.0
0.0
0.0
0.0
0.0
0.0
0.0
0.0
0.0
0.0
0.0
0.0
0.0
0.0
0.0
0.0
0.0
0.0
0.0
0.0
0.0
0.0
0.0
0.0
0.0
0.0
0.0
0.0
0.0
0.0
-0.844451
0.0
0.0
0.288599
0.0
0.0
0.0
0.0
0.0
0.0
0.0
0.0
0.0
0.0
0.0
0.0
0.0
0.0
0.0
0.0
0.0
0.0
1.5983
0.0
0.0
0.0
0.0
0.0
0.0
0.0
0.0
0.0
0.0
0.0
0.0
0.0
0.0
0.0
0.0
0.0
0.0
0.0
0.0
0.0
0.583462
0.0
0.0
0.0
0.0
-0.9073
0.0
0.0
0.0
0.0
0.0
0.0
0.0
0.0
0.0
0.0
0.0
0.0
0.0
-0.958895
-0.521769
0.0
0.0
0.0
0.0
0.0
0.0
0.0
0.0
0.0
0.0
0.0
0.0
0.0
0.0
0.0
0.0
0.0
0.0
0.0
0.0
0.0
0.0
0.0
0.0
0.0
0.0
0.0
0.0
0.0
0.0
0.0
0.0
0.0
0.0
-1.00747
0.0
0.0
0.0
0.0
0.0
0.0
0.0
0.0
0.0
0.0
0.0
0.0
0.0
-0.327316
0.0
0.0
0.0
0.0
0.0
0.0
0.0
0.0
0.0
0.0
0.0
0.0
0.0
0.0
0.0
0.0
0.0
0.0
0.0
0.0
0.0
0.603081
0.0
0.0
0.0
0.0
0.0
0.0
0.0
0.0
0.0
0.0
0.0
0.0
0.0
0.935243
0.0
0.0
0.0
-0.445988
0.0
0.0
0.0
0.0
0.0
0.0
-0.545682
0.0
0.0
0.0
0.0
0.0
0.0
0.0
0.0
0.0
0.0
0.0
0.0
0.0
0.0
0.0
0.0
0.0
0.0
0.0
0.0
0.0
0.0
0.0
0.0
0.0
0.0
0.0
0.0
0.0
0.0
0.0
0.0
0.0
0.0
0.0
0.0
0.0
0.0
0.0
0.0
0.0
0.0
0.0
0.0
1.02947
0.0
0.0
-2.29351
0.0
-0.674564
0.0
0.0
0.0
0.0
0.0
0.0
0.0
0.0
0.0
0.0
0.0
0.0
0.0
0.0
0.0
0.0
0.0
0.0
0.0
0.165424
0.0
0.0
0.0
0.0
0.0
0.0
0.0
0.0
0.0
-0.169316
0.0
0.0
0.0
0.0
0.0
0.0
0.0
0.0
0.0
0.0
0.0
0.0
0.0
0.0
0.0
0.0
0.0
0.0
0.0325882
0.0744381
0.172881
0.230193
-0.455761
0.211856
0.0493997
0.13172
-0.0757428
-0.0310591
-0.367838
-0.404304
0.507139
0.0831978
0.391654
0.208883
-0.0543438
1.02088
-0.254888
-0.160797
-0.0777499
0.133845
-0.0963172
-0.116135
-0.293821
0.217011
-0.794399
0.127735
-0.101383
-0.194517
-0.119872
0.203791
0.417546
-0.61336
0.614909
-0.497957
0.093612
0.0298304
-0.925673
-0.0548317
-0.0520779
-0.1957
0.039178
0.344638
0.253215
0.137364
0.150215
-0.0466187
-0.1705
0.0
0.0
0.0
0.0
0.0
0.0
0.0
0.0
0.0
0.0
0.0
0.0
0.0
0.0
0.0
1.2658
0.0
0.0
0.0
0.0
0.0
0.0
0.0
0.0
0.0
0.0
0.0
0.0
0.0
0.0
0.0
0.0
0.0
0.0
0.0
0.0
0.0
0.0
0.0
0.0
0.0
0.0
0.0
0.0
0.0
0.0
0.0
0.0
0.0
0.0
0.0
0.0
0.0
0.0
0.0
0.0
0.0
0.0
0.0
0.0
0.0
0.0
0.0
0.0
0.0
0.0
0.0
0.0
0.0
0.0
0.0
0.0
0.0
0.0
0.0
0.0
0.0
0.0
0.0
0.0
0.0
0.0
0.0
0.0
0.0
0.0
0.0
0.0
0.0
0.0
0.0
0.0
0.0
0.0
0.0
0.0
0.0
0.0
0.0
0.0
0.0
0.0
0.0
0.719599
0.0
0.0
0.0
0.0
0.0
0.0
0.0
0.0
0.0
0.0
0.0
0.0
0.0
0.0
0.0
0.0
0.0
0.0
0.0
0.0
-0.772748
0.0
0.0
0.0
0.0
0.0
0.0
0.0
0.0
0.0
0.0
0.0
0.0
0.0
0.0
0.0
0.0
0.0
0.0
0.0
0.0
0.0
0.0
0.0
0.0
0.0
0.0
0.0
0.0
0.0
0.0
0.0
0.0
0.0
0.0
0.0
0.0
0.0
0.0
0.0
0.0
0.0
0.0
0.0
0.0
0.0
0.0
0.0
0.0
0.0
0.0
0.0
0.0
0.0
0.0
0.0
0.0
0.0
0.0
0.0
0.0
0.0
0.0
0.0
0.0
0.0
0.0
0.0
0.0
0.0
0.0
0.0
0.0
0.0
0.142664
0.0
0.0
0.0
0.0
0.0
0.0
0.0
0.0
-0.00627164
0.0
0.0
0.0
0.0
0.0
0.0
0.0
0.0
0.0
0.0
0.0
0.0
0.0
0.0
0.0
0.0
0.0
0.0
0.0
0.0
0.280808
0.0
0.0
0.0
0.0
0.0
0.0
0.0
0.0
0.0
-1.66389
0.0
0.0
0.0
0.0
0.0
0.0
0.0
0.0
0.0
0.0
0.0
0.0
0.0
0.0
0.0
0.0
0.0
0.0
0.0
0.0
0.0
0.0
0.0
0.0
0.0
0.0
0.0
1.09296
0.0
0.224274
0.0
0.0
0.0
0.0
0.0
0.0
0.0
0.0
0.0
0.0
0.0
0.0
0.0
0.0
0.0
0.0
0.0
0.0
0.0
0.0
0.0
0.0
0.0
0.0
0.0
0.0
0.0
1.06571
0.0
0.0
0.0
0.0
0.0
0.0
0.0
0.0
0.0
0.0
0.0
0.0
0.0
0.0
-0.0785164
0.0
0.0
0.0
0.0
0.0
0.0
0.0
0.0
0.0
0.0
0.0
-1.07398
0.0
0.0
-0.00458944
0.0
0.0
0.0
0.0
0.0
0.0
0.0
0.0
-0.0154157
0.0
0.0
0.0
0.0
0.0
0.0
0.0
0.0
0.0
0.0
0.0
0.0
0.0
0.0
0.0
0.0
0.0
0.0
0.0
0.0
0.0
0.0
0.0
0.0
0.0
0.0
0.53992
0.0
0.0
0.0
0.0
0.0
0.0
0.0
0.0
0.0
0.0
0.0
0.0
0.0
0.0
0.0
0.0
0.0
0.0
-0.217473
0.0
0.0
0.0
0.0
0.0
0.0
0.0
0.0
0.0
0.0
0.0
0.0
0.0
0.0
0.0
0.0
0.0
0.0
0.0
0.0
0.0
0.0
0.0
0.0
0.0
0.0
0.0
0.0
0.0
0.0
0.0
0.0
0.0
0.0
0.0
0.0
0.0
-0.710413
1.27342
0.037234
0.0
0.0
0.0
0.0
0.0
0.0
-0.55443
0.0
0.0
0.0
0.0
0.0
0.0
-0.44774
0.0
0.0
0.0
0.0
0.0
-0.0464302
0.129014
0.160242
0.243638
-0.234768
0.0865637
-0.0368659
-0.0660513
-0.151737
-0.0442634
0.832744
-0.528797
0.534106
0.222406
0.0350096
0.189534
-0.226233
0.691006
-0.182132
-0.344964
0.128998
-0.808058
0.179607
0.528366
0.104357
-0.00352702
-0.580631
-0.165909
-0.0136454
0.216261
-0.0094864
0.346876
-0.0936258
-0.385856
0.559185
-0.925679
0.198426
-0.00967274
-0.0678874
0.1336
-0.0660162
0.268829
0.0770181
-0.150408
0.556497
0.181046
0.0221329
-0.0435606
-0.144026
0.0
0.0
0.0
0.516736
0.0
0.0
0.0
0.0
0.0
0.0
-1.18481
0.0
0.0
-0.00872832
0.0
0.0
0.0
0.0
-0.731949
0.0
0.0
0.0
0.0
0.0
0.0
0.0
0.0
0.0
0.0
0.0
0.0
0.0
0.0
0.0
0.0
0.0
0.0
0.0
0.0
-0.828653
0.0
0.0
0.0
0.0
0.0
0.0
0.0
0.0
0.0
0.0
0.0
0.0
0.0
0.0
0.0
0.0
0.0
0.0
0.0
0.0
0.0
0.0
0.0
0.0
0.0
0.0
2.50052
0.0
0.0
-0.516904
0.0
0.0
0.0
0.0
0.0
0.0
0.0
0.0
0.0
0.0
0.0
0.0
0.0
0.0
0.0
0.0
0.0
0.0
0.0
0.0
0.0
0.0
0.0
0.0
0.0
0.0
0.0
0.0841706
0.0
0.0
0.0
0.0
0.0
0.0
0.0
0.0
0.0
0.0
0.0
0.0
0.0
0.0
0.0
0.0
0.0
0.0
0.0
0.0
0.0
0.0
0.0
0.0
0.0
0.0
0.0
0.0
-0.272214
0.0
0.0
0.0
0.0
0.0
-0.540137
0.0
0.0
0.0
0.0
0.0
0.0
0.0
0.0
0.0
0.0
0.0
0.0
0.0
0.0
0.0
0.0
0.0
0.0
0.0
0.0
0.0
0.0
0.0
0.0
0.0
0.0
0.0
0.0
0.0
0.0
0.0
0.0
-0.268571
0.0
0.0
0.0
0.0
0.0
0.0
0.0
0.0
0.0
0.0
0.0
0.0
0.0
0.0
1.12839
0.0
0.37861
0.0
0.0
0.0
0.0
0.0
0.0
0.0
0.0
0.0
0.0
0.0
0.0
0.0
0.0
0.0
0.0
0.0
0.0
0.0
0.0
0.0
0.0
0.0
0.0
0.0
0.0
0.0
0.0
0.0
0.0
0.0
0.0
0.0
0.0
0.0
0.0
0.0
0.0
0.0
0.0
0.0
0.0
0.0
0.0
0.0
0.0
0.0
0.0
-0.0771739
0.0
-0.39987
0.0
0.0
0.0
0.0
0.0
0.0
0.0
0.0
1.1399
0.0
0.0
0.0
0.0
0.0
0.0
0.0
0.0
0.465177
0.0
0.0
0.0
0.0
0.0
0.0
0.0
0.0
0.0
0.0
0.0
0.0
0.0
0.355031
0.0
0.0
0.0
0.0
1.34777
0.0
0.0
-0.870348
0.0
0.0
0.0
0.0
0.0
0.0
0.0
0.0
0.0
0.0
0.0
0.0
0.0
0.0
0.0
0.0
0.0
0.0
0.12638
0.0
0.0
0.0
0.0
0.0
0.0
0.0
0.0
0.0
0.0
0.49557
0.0
0.0
0.0
0.0
0.0
0.156327
0.0
0.0
0.0
0.0
0.0
0.0
0.0
0.0
0.0
0.0
0.0
0.0
0.0
0.0
0.0
0.0
0.0
0.0
0.0
0.0
0.0
0.0
0.0
0.0
0.0
0.0
0.0
0.0
0.0
0.0
0.0
0.0
0.0
0.0
0.0
0.0
0.0
0.0
0.0
0.0
0.0
0.0
0.0
0.0
0.0
0.0
0.0
0.0
0.0
0.0
0.0
0.0
0.0
0.0
0.0
0.0
0.0
0.912824
0.0
0.0
0.0
0.0
0.0
0.0
0.0
0.0
0.0
0.0
0.0
0.0
0.299532
-1.20112
0.0
0.0
0.0
0.0
0.0
0.0
1.37648
0.0
0.0
0.0
0.0
0.0
0.0
0.0
0.0
0.0
0.0
0.0
0.0
0.0
0.0
-0.981529
0.0
0.0
0.0
0.0
0.0
0.0
0.0
0.0
0.0
0.0
0.0
0.0
0.0
0.0
0.0
0.0
0.0
0.0
0.0
0.0
0.0
0.0
0.0
0.0
0.0
0.0
0.0
0.0
0.0
0.0
0.0
0.0
0.0
0.0
0.0
0.0
0.0
0.0
0.0
0.0
0.0
0.0
0.0
0.0
0.0
0.0
0.0
0.0
0.0
0.0
0.0
0.0
0.0
0.0
0.0
0.0
0.0
0.0
0.0
0.0
0.0
0.0
0.0
0.0
0.0
0.0
0.0
0.0
0.0
0.0
0.0
0.0
0.0
0.0
-0.790816
-0.0923029
0.0
0.0
0.0
0.0
0.0
0.0
0.0
0.0
0.0
0.0
0.0
0.0
0.0
0.0
0.0578478
0.0
0.0934167
0.0
0.0
0.0
0.0
0.0
0.0
0.0
0.0
0.0
0.0
0.0
0.0
0.0
0.0
0.0
0.0
0.0
0.0
0.0
0.0
0.0
0.0
0.0
0.0
0.0
0.0
0.0
0.0
0.0
0.0
0.0
0.0
0.0
0.0
0.0
0.0
0.0
0.0
0.0
0.0
0.0
0.0
0.0
0.0
0.0
0.0
0.0
0.0
0.0
0.0
0.0
0.0
0.0
0.0
0.0
0.0
0.0
0.0
0.0
0.0
0.0
0.0
0.0
0.0
0.0
0.0
0.0
0.0
0.0
0.0
0.0
0.0
0.0
0.0
0.0
1.71053
0.0
0.0
0.0
0.0
0.0
0.0
0.0
0.0
0.0
1.62279
0.0
0.0
0.0
0.0
0.0
0.0
0.0
0.0
0.0
0.0
0.0
0.0
0.0
0.0
0.0
0.0
0.0
0.0
0.0
0.0
0.0
0.0
0.0
0.0
0.0
0.0
0.0
0.0
0.0
0.0
-0.472235
0.0
0.0
0.0
0.0
0.0
0.0
0.0
0.0
0.0
0.0
0.0
0.0
0.0
0.0
0.0
0.0
0.0
0.0
0.0
1.96564
0.0
0.0
0.0
0.0
0.0
0.0
0.0
0.433675
0.0
0.0
0.0
0.0
0.0
0.0
0.0
0.0
0.0
0.0
0.0
0.0
0.0
0.0
0.0
0.0
0.0
0.0
1.60315
0.0
0.0
0.0
0.0
0.0
0.0
0.0
0.0
0.0
0.0
0.0
0.0
0.0
0.0
-0.308259
0.0
0.0
0.0
0.0
0.0
0.0
0.0
0.0
0.0
0.0
0.0
0.0
0.431276
0.0
0.0
0.0
0.0
0.0
0.0
0.0
0.0
0.0
0.0
0.0
0.295647
0.0
0.0
0.0
0.0
0.0
0.0
0.0
0.0
-0.575357
0.0
0.0
0.0
0.0
0.0
0.0
0.0
0.0
0.0
0.0
0.0
0.0
0.0
0.0
-0.422506
0.0
0.0
0.0
0.0
0.0
0.0
0.0
0.0
0.0
0.0
0.0
0.0
0.0
0.0
0.0
0.0
0.0
0.0
0.0
0.0
0.0
0.0
0.0
0.0
0.0
0.0
0.0
0.0
0.0
0.0
0.0
0.0
0.0
0.0
0.0
0.0
0.0
0.0
0.0
0.0
0.0
0.0
0.0
0.0
0.0
0.0
0.0
0.0
0.0
0.0
0.0
0.0
0.0
0.0
0.0
0.0
0.0
0.0
0.0
0.0
0.0
0.0
0.214199
0.0
0.0
0.0
0.0
0.0
0.0
0.0
0.0
0.0
0.0
0.0
0.0
0.0
0.0
1.1978
0.0
0.0
0.0
0.0
0.0
0.0
0.0
0.0
0.0
0.0
0.0
-0.399787
0.0
0.0
0.0
0.0
0.0
0.0
0.0
0.0
0.0
0.0
0.0
0.0
0.0
0.0
0.0
0.0
0.0
0.0
0.0
0.0
0.0
0.0
0.0
-0.480862
0.0
0.0
0.0
0.0
0.0
0.0
0.0
0.0
0.0
0.0
-1.73541
0.0
0.0
0.0
0.0
0.0
-0.20753
0.0
0.0
0.0
-0.0287878
0.0
0.0
0.0
0.0
0.0
0.0
0.0
0.0
0.0
0.0
0.0
0.0
0.744509
0.0
0.0
0.0
0.0
0.0
0.0
0.0
0.0
0.0
-0.00893849
-0.00958231
0.225164
-0.122177
0.231271
0.11634
0.0341949
0.364978
0.0551705
-0.0253234
-0.133382
-0.229212
0.303355
-0.355921
0.393118
0.0466584
-0.263913
0.730258
-0.219643
-0.165169
-0.0445431
0.525629
-0.163975
0.0889104
-0.277387
0.0856423
-0.843402
-0.0477474
0.405992
-0.0788632
0.0620097
0.125367
0.101213
-0.59509
0.694503
-0.397817
0.0451584
-0.805835
-0.564878
-0.0959009
0.0361921
0.137714
-0.226767
0.432422
0.116232
0.225513
0.171111
-0.132991
-0.304951
0.0
0.0
0.0
0.0
0.0
0.0
0.0
0.0
0.0
0.0
0.0
0.0
0.0
0.0
0.0
0.0
0.0
0.0
0.0
0.0
0.0
0.0
0.0
0.0
0.0
0.0
0.0
0.0
0.0
0.0
0.0
0.0
0.0
0.0
0.0
0.0
0.0
1.3134
0.0
0.0
0.0
0.0
0.0
0.0
0.0
0.0
0.0
-1.36951
0.731898
0.0
0.0
0.0
0.0
0.0
0.0
0.0
0.0
0.0
0.0
0.0
0.0
0.0
0.0
0.0
0.0
0.0
0.0
0.0
0.0
0.0
0.0
0.0
0.0
0.0
0.0
0.0
0.0
0.0
0.0
0.0
0.0
0.0
0.0
0.0
0.0
0.0
0.0
0.0
0.0
0.0
0.0
0.0
0.0
0.0
0.0
0.0
0.0
0.0
0.0
0.0
0.0
0.0
0.0
0.0
0.0
0.0
0.0
-0.0782909
0.0
0.0
0.0
0.0
0.0
0.0
0.0
0.0
0.0
0.0
0.0
0.0
0.0
0.0
0.0
0.0
0.0
0.0
0.0
0.0
1.01261
0.0
0.0
0.0
0.0
0.0
0.0
0.0
0.0
0.0
0.0
0.0
0.0
0.0
0.0
0.0
0.0
0.0
0.0
0.0
0.0
0.0
0.0
0.0
0.0
0.0
0.0
0.0
0.0
0.0
-0.138018
0.0
0.0
0.0
0.0
0.0
0.0
0.0
0.0
0.0
0.0
0.0
0.0
0.0
0.0
0.180119
0.0
0.0
0.0
0.0
0.0
0.0
-0.500958
0.0
0.0
0.0
1.30365
-0.526271
0.0
0.0
0.0
0.0
0.0
0.0
0.0
0.0
0.0
0.0
0.0
1.022
0.0
0.0
0.0
0.0
0.0
0.0
0.0
0.0
0.0
0.0
0.0
0.0
0.0
0.0
0.0
0.0
0.0
0.0
-2.09429
0.0
0.0
0.0
0.0
0.0
0.0
0.0
0.0
0.0
0.0
0.0
0.0
0.0
0.0
0.0
0.0
0.0
0.0
0.0
0.0
0.0
0.0
0.0
0.0
0.0
0.0
0.0
0.0
0.0
0.0
0.0
0.0
0.0
0.0
0.0
0.0
0.0
0.0
0.0
0.0
0.0
0.0
0.0
0.0
0.0
0.0
0.0
0.0
0.0
0.0
0.0
0.0
0.0
0.0
0.0
0.0
0.0
0.0
0.0
0.0
0.0
0.0
0.0
0.0
0.0
0.0
0.0
0.0
0.0
0.0
0.0
0.0
0.0
0.0
0.0
0.0
0.0
0.0
0.0
0.0
0.0
0.0
0.0
0.0
0.0
0.0
0.0
0.0
0.0
0.0
0.0
0.0
0.0
0.0674502
0.0
0.0
0.0
0.0
0.0
0.0
0.0
0.0
0.0
0.0
0.0
0.0
0.0
0.0
0.0
0.0
0.0
-0.738572
0.0
0.0
0.0
0.0
0.0
0.0
0.0
0.0
0.0
0.0
0.0
0.0
0.0
0.0
0.0
0.0
0.0
0.0
0.0
0.0
0.0
0.0
0.0
0.0
0.0
0.0
0.0
0.0
0.0
-0.762195
0.0
0.0
0.0
0.623183
0.0
0.0
0.0
0.0
0.0
0.0
0.0
-0.256734
0.0
0.0
0.0
-1.79498
0.0
0.0
0.0
0.0
0.0
0.0
0.0
0.0
0.0
0.0
0.0
0.0
0.0
0.0
0.0
0.0
0.0
0.597858
0.0
0.0
0.0
0.0
0.0
0.0
0.0
0.0
0.0
0.790656
0.0
0.0
0.0
0.0
0.0
0.0
0.277344
-0.94384
0.0
-0.843502
0.0
0.0
0.0
0.0
0.0
0.0
0.0
0.0
0.0
0.0
0.0
0.0
0.662741
0.0
0.0
0.0
0.0
0.0
0.0
0.0
0.0
0.0
0.0
0.0
0.0
0.0
0.0
0.0
0.0
0.0
0.0
0.0
0.240385
0.0
0.0
0.0
0.0
0.0
0.0
0.0
0.0
0.0
0.0
0.0
0.0
0.0
0.0
0.0
0.0
0.0
-1.34691
0.0
0.0
-0.728161
0.0
0.0
0.0
0.0
0.0
0.0
0.0
0.0
0.0
0.0
0.0
0.0
0.0
0.0
0.0
0.0
0.0
0.0
0.0
0.0
0.0
0.0
0.0
0.0
0.0
0.0
0.0
0.0
0.0
0.0
0.0
0.0
0.0
0.0
0.0
0.0
0.0
0.0
0.0
0.0
0.0
0.0
0.0
0.0
0.0
0.0
0.0
0.0
0.0
0.0
-0.328672
0.0
0.0
0.0
0.0
0.0
0.0
0.0
0.0
0.0
0.0
0.0
0.0
0.0
-0.417312
0.0
0.0
0.0
-0.765823
0.708099
0.0
0.0
0.0499493
0.0919648
0.219861
-0.11181
0.0465439
0.0534165
-0.00450516
-0.12968
-0.221354
-0.0675722
0.874744
-0.471899
0.619336
0.258617
0.0873433
-0.0808208
-0.461887
0.638222
0.0560711
-0.289441
0.102021
-0.71531
0.354466
0.130153
0.0899251
0.435064
-0.57392
-0.0372711
0.018227
0.032658
0.0280871
0.0116658
0.150653
-0.404952
0.558757
-0.369345
0.105452
0.0153329
-0.0275106
0.19932
0.00891348
0.257942
0.0724058
-0.141245
0.546567
0.226453
-0.0086264
-0.00281367
-0.162741
-2.09198
0.700796
0.0
0.0
0.0
0.0
0.0
0.0
0.0
0.0
0.0
0.0
0.0
0.0
0.0
0.0
0.0
0.0
0.0
0.0
0.0
0.0
0.0
0.0
0.0
0.0
0.0
0.0
-0.577737
0.0
0.0
0.0
0.0
0.0
0.0
2.32821
0.0
0.0
0.0
0.0
0.0
0.0
0.0
0.0
0.0
0.0
0.0
0.0
0.0
0.0
0.0
0.0
0.0
0.0
0.0
0.0
0.0
0.0
0.0
0.0
0.0
0.0
0.0
0.0
0.0
0.0
0.0
0.0
0.0
0.0
0.0
0.0
0.0
0.0
0.144224
0.0
0.0
0.0
0.0
0.0
0.0
0.0
0.0
0.0
0.0
0.0
0.0
0.0
0.0
0.0
0.0
0.0
0.0
0.0
0.0
0.0
0.0862158
0.0
0.631466
0.0
0.0
0.0
0.0
0.0
0.0
0.0
0.0
0.0
0.0
0.0
0.0
0.0
0.0
0.0
0.0
0.0
0.0
0.0
0.0
0.0
0.0
0.0
0.0
0.0
0.0
0.0
0.0
0.0
0.0
0.0
0.0
0.0
0.0
0.0
0.376997
0.0
0.0
0.0
0.0
0.0
0.0
0.0
0.0
-0.728414
0.0285882
0.0
0.0
0.0
0.0
0.0
0.0
0.0
0.0
0.0
0.0
0.0
0.0
0.0
0.0
0.0
0.0
0.0
0.0
0.0
0.0
0.0
0.0
0.0
0.0
0.0
0.0
0.0
0.0
0.0
-0.322754
0.0
0.0
0.0
0.0
0.0
0.0
0.0
0.0
0.0
0.0
0.0
0.0
0.0
0.0
0.0
0.0
0.0
0.0
0.0
0.0
0.0
0.462557
0.0
0.34418
0.0
0.0
0.0
0.0
0.0
0.0
0.0
0.0
0.0
0.0
0.0
0.0
0.0
0.0
0.0
0.0
0.0
0.0
1.51597
0.0
-0.444182
0.0
0.0
0.0
0.0
0.0
0.0
0.0
0.0
0.0
0.0
0.0
0.0
0.0
0.0
0.0
0.0
0.0
0.0
0.0
0.0
0.0
0.0
0.0
0.0
0.0
0.0
0.0
0.0
0.0
0.0
0.0
0.0
0.0
0.0
0.0
0.0
0.0
0.0
0.0
0.0
0.0
0.333433
0.0
0.0
0.0
0.0
0.0
0.0
0.0
0.0
0.0
0.0
0.0
0.0
0.0
0.0
0.0
0.0
0.0
0.0
0.0
0.0
0.0
0.0
0.0
0.0
0.0
0.0
0.0
-0.893611
0.0
0.0
0.0
0.0
-0.669816
0.0
0.0
0.0
0.0
0.0
0.0
0.0
0.0
0.0
0.0
0.0
-0.18041
0.0
0.0
0.0
0.0
0.0
0.0
0.0
0.0
0.0
0.0
0.0
0.0
0.0
0.0
0.0
0.0
0.0
0.0
0.0
0.0
0.0
0.0
0.0
0.0
1.1325
1.3149
0.0
0.0
0.0
0.0
0.0
0.0
0.0
0.0
0.0
0.0
0.0
0.0
0.0
0.0
0.0
0.0
3.72671
0.0
0.0
0.0
0.0
0.0
0.0
0.0
0.0
0.0
0.0
-0.253425
0.0
0.0
0.0
0.0
0.0
0.0
0.0
0.0
0.0
0.0
0.0
0.0
0.0
0.0
0.0
0.0
0.0
0.0
0.0
0.0
0.0
0.0
1.7159
0.0
0.0
0.0
0.0
-1.71021
0.0
0.0
0.0
0.0
0.0
0.0
0.894566
0.0
0.0
0.0
0.0
0.0
0.0
0.0
0.0
0.0
0.0
0.0
0.0
0.0
0.0
0.0
0.0
0.0
0.0
-0.538168
0.0
0.0
0.0
0.0
0.0
0.0
0.0
0.0
0.0
0.0
0.0
0.0
0.0
0.0
0.0
-2.23825
0.0
0.0
0.0
0.0
0.0
0.0
0.0
0.0
0.0
0.0
0.0
0.0
0.0
0.0
0.0
0.0
0.0
0.0
0.0
0.0
0.0
0.0
0.0
0.0
0.0
0.0
0.0
0.0
0.0
0.0
0.0
0.0
0.0
0.633816
0.0
0.0
0.0
0.0
0.0
0.0
0.0
0.0
-1.36421
0.0
0.0
0.0
-0.207375
0.0
0.0
0.0
0.0
0.0
0.0
0.0
0.0
0.0
0.0
0.0
0.0
0.0
0.0
0.0
0.0
0.0
0.0
0.0
0.0
0.0
0.0
0.0
0.0
0.0
-1.07238
0.0
0.0
0.0
0.0
0.0
0.0
0.0
0.0
0.0
0.0
0.0
0.0
0.0
0.0
0.0
0.0
0.0
0.0
0.0
0.0
0.526399
0.0
0.0
0.0
0.0
0.0
0.0
0.0
0.0
0.0
0.0
0.0
0.0
-0.0635425
0.0
0.0
0.0
0.0
0.0
0.0
0.0
0.0
-2.121
0.0
0.0
0.0
0.0
0.0
0.0
0.0
0.0
0.0
0.742337
0.0
0.0
0.0
0.0
0.0
0.0
0.0
0.0
0.0
0.0
0.0
0.0
0.0
0.0
0.0
0.0
0.0
0.0
0.0
0.0
0.0
0.0
0.0760599
0.0
0.0
0.0
0.0
0.0
0.0
0.0
0.0
0.0
0.0
0.0
0.0
0.0
0.0
0.0
0.0
0.0
0.0
0.0
0.0
0.0
0.0
0.0
0.0
0.0
0.0
0.0
0.0
0.0
0.0
0.0
0.0
0.0
0.0
0.0
0.0
0.0
0.0
0.0
0.0
0.0
0.0
0.0
0.0
0.0
0.0
0.0
0.0
0.0
0.0
0.0
0.0
0.0
0.0
0.0
0.0
0.0
0.0
0.0
0.0
0.0
0.0
0.0
0.0
0.0
0.0
0.0
0.0
0.0
0.0
0.0
0.0
0.0
0.0
0.0
0.0
0.0
0.0
0.0
0.0
0.0
0.0
0.0
0.0
0.0
0.0
0.0
0.91716
0.0
0.0
0.0
0.705646
0.0
0.0
0.0
0.0
0.0
0.0
0.0
0.0
0.0
-0.78585
0.0
0.0
0.0
0.0
0.0
0.0
0.0
0.0
0.0
0.0
0.0
0.0
0.0
0.0
0.0
0.0
0.0
0.0
0.0
0.0
0.0
0.0
0.0
0.287961
0.0
0.0
0.0
0.0
0.0
0.0
0.0
0.0
0.0
0.0
0.0
0.0
0.0
-0.79318
0.0
0.0
0.0
0.0
0.0
0.0
0.0
0.0
0.0
0.0
0.0
0.0
0.0
0.0
0.0
0.0
0.0
0.0178754
0.0
0.0
1.34092
0.0
0.0
0.0
0.0
0.0
0.0
0.0
0.0
0.0
0.0
0.0
0.0
0.0
0.49089
0.0
0.340317
0.0
0.0
0.0
0.0
0.0
0.0
0.0
0.0
0.0
0.0
0.0
0.0
-1.86094
-0.346734
0.0
0.0
0.0
0.0
0.0
0.0
0.0
0.0
0.0
0.0
0.0
0.0
0.0
0.0
0.0
0.0
0.0
0.0
0.0
0.0
0.0
0.0
0.0
0.0
0.0
0.0
0.0
-0.70583
0.0
0.0
0.0
0.0
0.0
0.0
0.0
0.0
0.0
0.0
0.0
0.0
0.0
0.0
0.0
0.0
0.0
1.35125
0.0
0.0
0.0
0.0
0.0
0.0
0.0
0.0
0.0
0.0
0.0
0.0
0.0
0.0
0.0
0.0
0.0
0.0
0.0
0.0
0.0
0.0
0.0
0.0
0.0
0.0
0.0
0.0
0.0
0.0
0.0
0.0
0.518382
0.0
0.0
0.0
0.0
0.0
0.0
0.0892591
0.0
-0.197172
0.0
0.841152
0.0
0.0
0.0
0.0
0.0
0.0
0.0
0.0
0.0
0.0
0.0
0.0
0.0
-1.13755
0.0
0.0
0.0
0.0
0.0
0.0
0.0
0.0
0.0
0.0
0.0
0.0
0.0
0.0
0.0
0.0
0.0
0.0
0.0
0.0
0.0
0.0
0.0
0.0
0.0
0.0
0.0
0.0
0.0
0.0
0.0
0.0
0.0
0.0
0.0
0.0
0.0
0.0
0.0
0.0
0.0
0.0
0.0
0.0
0.0
0.0
0.0
0.0
0.0
0.0
0.0
0.0
0.0
0.0
0.0
0.0
0.0
0.0
0.0
-1.62123
0.0
0.0
0.0
0.0
0.0
0.0
1.65615
0.0
0.0
0.0
-0.900806
0.0
0.0
0.0
0.801817
0.0
0.0
0.0
0.0
0.0
0.0
0.0
0.0
0.0
0.0
-1.27311
0.0
0.0
0.0
0.0
0.0
0.0
0.0
0.0
0.0
0.0
0.0
0.0
0.0
0.0
0.0
0.0
0.441872
0.0
0.0
0.0
0.0
0.0
0.0
0.0
0.0
0.0
0.0
0.0
0.0
0.0
0.0
0.0
0.0
0.0
0.0
-0.566967
0.0
0.0
0.0
-1.32245
0.0
0.0
0.0
0.0
0.0
0.0
0.0
0.0
0.0
1.57195
0.0
0.0
0.0
0.0
0.0
0.0
0.0
0.0
0.0
0.0
0.0
0.0
0.0
0.0
-0.514567
0.0
0.0
0.0
0.0
0.0
0.0
0.0
0.0
0.0
0.0
0.0
0.165999
0.0
0.0
0.0
0.0
0.0
0.0
0.0
0.0
0.0
0.0
0.0
0.0
0.0
0.166458
0.0
0.0
0.0
0.0
0.0
0.0
0.0
0.0
0.0
0.0
0.0
0.0
0.0
0.0
0.0
0.0
0.0
0.0
0.0
0.0
0.0
0.0
0.0
0.0
0.0
0.0
0.0
0.0
0.0
0.0
0.0
0.0
0.0
0.0
0.0
0.0
0.0
1.75698
0.0
0.0
0.0
0.0
0.554404
0.0
1.06797
0.0
0.0
0.0
0.0
0.0
-0.698772
0.0
0.0
0.0
0.0
0.0
0.0
0.0
0.0
0.0
0.0
0.0
0.0
0.0
0.0
0.0
0.0
0.0
0.0
0.0
0.0
0.0
0.0
0.0
0.0
0.0
0.0
0.0
0.0
0.0
0.0
0.0
0.0
0.0
0.0
0.0
0.0
0.0
0.0
0.0
0.0
0.0
0.0
0.0
0.0
0.0
0.0
0.0
0.0
0.0
0.0
0.0
0.0
0.0
0.0
0.0
0.0
0.0
0.0
0.0
0.0
0.0
0.0
0.0
0.0
0.0
0.0
0.0
0.0
0.0
0.0
0.0
0.0
0.0
0.0
0.0
0.0
0.0
0.0
0.0
0.0
0.0
0.0
0.0
0.0
0.0
0.0
0.0
0.0
0.0
0.0
0.0
0.0
1.5748
0.0
0.0
0.0
0.0
0.0
0.0
-0.950853
0.0
0.0
0.0
0.0
0.0
0.0
0.0
0.0
0.0
0.0
0.0
0.0
0.0
0.0
0.0
1.49997
0.0
0.0
0.0
0.0
0.0
0.0
0.0
0.0
0.0
0.0
0.0
0.0
0.0
0.0
0.0
0.0
0.0
0.0
1.70301
0.0
0.0
0.0
0.0
0.0
0.0
0.0
0.0
0.0
0.0
0.0
0.0
0.0
0.0
0.0
0.0
0.0
0.0
0.0
0.0
0.0
0.0
0.0
0.0
0.0
0.0
0.483856
0.0
0.0
0.0
0.0
-1.11661
0.0
0.0
0.0
0.0
0.0
0.0
0.0
0.0
0.0
0.0
0.0
0.0
0.0
0.0
0.0
0.0
0.0
0.0
0.0
1.20637
0.0
0.0
0.0
0.0
0.0
0.0
0.0
0.487881
0.0
0.0
0.0
0.0
0.0
0.0
0.0
0.0
0.0
0.0
0.0
0.0
0.0
0.0
0.0
0.0
1.62247
-0.6082
0.0
0.0
0.0
0.0
0.0
0.0
0.0
0.0
0.0
0.48977
0.0
0.0
0.0
0.0
0.0
0.0
0.0
0.0
0.0
0.0
0.0
0.0
0.0
0.0
0.0
0.0
0.0
0.0
0.0
0.0
0.0
0.0
0.0
0.0
0.0
0.0
0.0
0.0
0.0
0.0
0.0
0.0
0.0
0.0
0.0
0.0
0.0
0.0
0.0
-1.15253
0.0
0.0
0.0
0.0
0.0
0.0
0.0
0.0
0.0
0.0
0.0
0.0
0.0
0.0
0.0
0.0
0.0
0.0
0.0
0.0
0.0
0.0
0.0
0.0
0.0
0.0
0.0
0.0
0.0
0.0
1.1758
0.0
0.0
0.0
0.0
0.0
0.0
0.0
0.0
0.0
0.0
0.0
0.0
0.0
0.0
0.0
0.0
0.0
0.0
0.0
0.0
0.0
0.0
0.0
0.0
0.0
0.0
0.0
0.0
0.0
0.0
0.0
0.0
0.0
0.0
0.0
0.0
0.0
0.219355
-0.56796
0.0
0.0
0.0
0.0
0.0
0.0
0.0
0.0
0.0
0.0
0.0
0.0
0.0
0.0
0.0
0.0
0.0
0.0
0.0
0.0
0.0
0.0
0.0
0.0
0.0
0.0
-0.752738
0.0
0.0
0.0
0.0
0.0
0.0
0.0
0.0
0.0
0.0
0.0
0.0
0.0
0.0
0.0
0.0
0.0
0.0
0.0
0.0
0.0
0.0
0.0
0.0
0.0
0.0
0.0
0.0
0.0
0.0
0.0
0.0
0.0
0.0
0.0
0.0
0.0
0.0
0.0
-2.23805
0.0
0.0
0.0
0.0
0.0
0.0
0.0
0.0
0.0
0.0
0.0
0.0
0.0
0.0
0.0
0.0
-0.0458781
0.00891336
-0.0395265
-0.0168706
-0.125847
-0.172489
0.318943
0.426618
-0.180562
-0.404712
0.22606
0.701997
0.0148843
0.0669981
-0.0624119
-0.157251
0.315019
-0.229914
0.356903
-0.210094
0.0815983
0.090252
-1.37289
-0.170255
-0.149906
-0.490248
-0.71461
-0.225017
-0.296988
0.0285279
-1.42661
0.0809872
0.213726
-0.805699
0.689838
0.398985
-0.164936
0.321326
0.00162775
-0.0325026
0.00530712
0.491434
0.2554
1.27843
-0.00219386
0.4333
0.286414
0.120686
-0.367826
0.0
0.0
0.0
0.0
0.0
0.0
0.0
0.0
-0.698259
0.0
0.0
0.0
0.0
0.0
0.0
0.0
0.0
0.0
0.0
0.0
0.0
0.0
0.0
0.0
0.0
0.0
-1.35787
0.0
0.0
0.0
0.0
0.0
0.0
0.0
0.0
0.0
0.0
0.0
0.0
1.636
0.0
0.0
0.0
0.0
0.0
0.0
0.0
0.0
0.0
0.0
0.0
0.0
0.0
0.0
0.0
0.0
0.0
0.0
0.0
0.0
0.0
0.0
0.0
0.0
-0.550986
0.0
0.0
0.0
0.0
0.0
0.0
0.0
-0.188128
0.0
0.0
0.0
0.0
0.0
0.0
0.0
0.0
0.0
0.0
0.0
0.0
0.0
0.0
0.0
0.0
0.0
0.0
0.0
0.0
0.0
0.0
0.0
0.0
0.0
0.0
0.0
0.0
0.0
0.0
0.0
0.0
0.0
-0.753298
0.0
0.0
0.0
0.0
1.31379
0.1326
0.0
0.0
0.0
0.0
0.0
0.0
0.0
0.0
0.0
0.0
0.0
0.0
0.0
0.0
0.0
0.0
0.0
0.0
0.0
0.0
0.0
0.0
0.0
0.0
0.0
0.0
0.0
0.0
0.0
0.0
0.0
0.617689
0.0
0.0
0.0
0.0
0.0
0.0
0.0
0.0
0.0
-0.68964
2.65031
0.127674
0.0
0.0
0.0
0.0
0.0
0.0
0.0
0.0
0.0
0.0
0.0
0.0
0.0
0.0
0.0
0.0
0.0
0.0
0.0
0.0
0.0
0.0
0.0
0.0
0.0
0.0
0.0
0.0
0.0
0.0
0.0
0.0
0.0
0.0
0.0
0.0
0.0
0.0
0.0
0.0
0.0
0.0
0.0
0.0
0.0
0.0
0.0
0.0
0.0
0.0
0.0
0.0
0.0
0.0
0.0
0.0
0.0
0.195197
0.0
0.0
0.0
0.0
0.0
0.0
0.0
0.0
-0.960657
0.0
0.0
-0.0345537
0.0
0.0
0.0
0.0
0.0
0.0
0.0
0.0
0.0
0.0
0.0
0.0
0.0
0.0
0.0
0.0
0.0
0.0
0.0
0.0
0.0
0.0
0.0
0.0
0.0
0.0
0.0
0.0
0.0
0.0
0.0
0.0
0.0
0.0
0.0
0.0
0.0
0.0
0.0
0.0
0.0
0.0
0.0
0.0
-0.116091
0.0
1.33724
0.0
0.0
0.0
0.0
0.0
0.0
0.0
0.0
0.0
0.0
0.0
0.0
0.0
0.0
0.0
0.0
0.0
0.0
0.0
0.0
0.0
0.0
0.0
0.0
0.0
0.0
0.0
0.0
0.0
0.0
0.0
0.0
1.30672
0.0
1.2555
0.0
0.0
0.0
0.0
0.0
0.0
0.0
0.0
0.0
0.0
0.0
0.0
0.0
0.0
0.0
0.0
0.0
0.0
0.0
0.0
0.0
0.0
0.0
0.0
0.0
0.0
0.0
-0.287071
-0.425199
0.0
0.0
0.0
0.0
0.0
0.0
0.0
-0.45563
0.0
0.0
0.950886
0.0
0.0
0.0
0.9895
0.0
0.0
0.0
0.0
0.0
0.0
0.603004
0.0
0.0
0.321488
0.0
0.0
0.0
0.0
0.0
0.0
0.0
0.0
0.0
0.0
0.0
0.0
0.0
0.0
0.0
0.295473
0.0
0.0
0.0
0.0
0.0
0.0
0.0
0.0
0.0
0.0
0.0
0.0
0.0
0.0
0.0
0.0
0.0
0.0
0.0
0.0
0.0
0.0
0.0
-0.294454
0.0
0.0
0.0
1.61839
0.0
0.0
0.0
0.0
0.0
0.0
0.0
0.0
0.101283
0.0
0.0
0.0
0.0
0.0
0.0
0.0
0.0
0.0
0.0
-0.141661
0.0
0.0
0.0
0.0
0.0
0.0
0.0
0.0
0.0
0.0
-0.218794
0.0
0.0
0.0
0.126805
0.0
0.0
0.0
0.0
0.0
0.0
0.0
0.0
0.0
0.0
0.0
0.0
0.0
0.0
0.0
0.0
0.0
0.0
0.0
1.56029
0.0
0.189174
0.0
0.0
0.0
0.0
0.0
0.0
0.0
0.0
0.0
0.0
0.0
0.0
0.0
0.0
0.0
0.0
0.0
0.0
0.0
0.0
0.0
0.0
0.0
0.0
0.0
0.0
0.0
0.0
0.0
0.0
0.0
0.0
0.0
1.33201
0.0
0.0
0.0
0.0
0.0
0.430795
0.0
0.0
0.0
0.0
0.0
-0.701038
0.0
0.0
0.0
0.0
0.0
0.0
0.0
0.0
0.649706
0.0
0.0
-0.371812
0.0
0.0
0.0
0.0
0.773594
0.0
0.0
0.0
0.0
0.0
0.0
0.0
0.0
0.0
0.0
0.0
0.0
0.0
0.0
0.0
0.0
0.0
0.0
0.0
0.0
0.0
0.0
0.0
0.0
0.0
0.0
-1.05979
0.0
0.0
0.0
0.0
0.0
0.0
0.0
0.0
0.0
0.0
0.0
0.0
0.0
0.0
0.0
0.0
0.0
0.0
0.0
0.0
0.0
0.0
0.0
0.0
0.0
0.0
0.0
-0.194789
0.0150349
0.0
0.0
0.0
0.0
0.0
0.0
0.0
0.0
0.0
0.0
0.0
0.0
0.0
0.0
0.0
0.0
0.0
0.0
0.0
0.0
0.0
0.0
0.0
0.0
0.0
0.0
0.0
0.0
0.0
0.0
0.0
0.0
0.0
0.0
0.0
0.0
0.0
0.0
-1.77846
0.0
0.0
0.0
0.0
0.0
0.0
0.939955
0.0
0.0
0.0
0.0
0.0
0.0
0.0452171
0.0
-0.0160083
0.371691
-0.0261529
0.306054
-0.366741
0.11579
-0.0258532
0.281682
-0.197871
-0.0598347
0.596005
-0.653262
0.226652
0.17934
0.185849
0.300632
-0.470962
0.583584
-0.133313
-0.275878
0.00155266
-0.354272
0.0613814
0.200166
0.112852
-0.327091
-0.545532
-0.0105408
0.0706885
0.150351
-0.261673
-0.167052
-0.21543
-0.245579
0.453002
0.267429
0.00821527
0.138106
-0.0634239
0.22281
-0.489593
-0.319817
0.0763875
0.190072
0.686192
0.0171914
-0.192411
0.179681
-0.260906
0.0
0.0
0.0
0.0
0.0
0.0
0.0
0.0
0.0
0.0
0.0
0.0
0.0
0.0
0.0
0.0
0.0
0.0
-1.73785
0.0
0.0
0.0
0.0
0.0
0.0
-0.407459
0.0
0.0
0.0
-0.321608
0.0
0.0
0.0
0.0
0.0
0.0
0.0
0.0
0.0
0.0
0.0
0.0
0.0
0.0
0.0
0.0
0.0
0.0
0.0
0.0
0.0
0.0
0.0
0.0
0.0
0.0
0.0
0.0
0.0
-0.498301
0.0
0.0
-1.90212
0.0
0.0
0.0
0.0
0.0
0.0
0.0
0.0
0.0
0.0
0.0
0.353017
0.0
0.0
0.0
0.0
0.0
0.0
0.0
0.0
0.0
0.0
0.0
0.0
0.0
0.0
0.0
0.0
0.0
0.0
0.0
0.0
0.0
0.0
0.0
0.0
-1.42617
0.0
0.0
0.0
0.0
0.0
0.0
0.0
0.0
0.0
0.0
0.0
0.0
0.0
0.0
0.0
0.0
0.0
0.0
-1.23887
0.0
0.0
0.0
0.0
0.0
0.0
0.0
0.0
0.0
0.0
0.0
0.0
0.0
0.0
0.0
0.0
0.0
0.0
0.0
0.0
0.0
0.0
0.0
0.0
0.0
0.0
0.0
0.0
0.0
0.0
0.0
0.0
0.0
0.0
0.0
0.0
0.0883588
0.0
0.0
0.0
0.0
0.0
0.0
0.0
0.0
0.0
0.0
0.0
0.0
0.0
0.0
0.0
0.0
0.0
0.0
0.0
0.0
0.0
0.0
0.0
0.0
0.0
0.0
0.0
0.0
0.0
0.0
0.0
0.0
0.0
0.0
0.0
0.0
0.0
1.89453
0.0
0.0
0.0
0.0
0.0
0.0
0.0
0.0
0.0
0.0
0.0
0.0
0.0
0.0
0.0
0.0
0.0
0.0
-0.0682905
0.0
0.0
0.0
0.0
0.0
0.0
0.0
0.0
0.0
0.0
-0.93713
-0.989853
0.0
0.0
0.0
0.0
0.0
0.0
0.0
0.0
0.0
0.0
0.0
0.0
0.0
0.0
0.0
0.0
0.0
0.0
0.0
0.0
0.0
0.0
0.0
0.0
0.0
0.0
0.0
0.0
0.0
0.0
0.0
0.0
0.0
0.0
0.0
-0.137939
0.0
0.0
0.0
0.0
0.0
0.0
0.0
0.0
0.0
0.0
0.0
0.0
0.0
0.471664
0.0
-0.483797
0.0
0.0
0.0
0.0
0.0
0.0
0.0
0.0
0.0
0.0
0.0
0.0
0.0
0.0
0.0
0.0
0.0
0.0
0.0
0.0
0.0
0.0
-0.494312
0.0
0.0
0.0
0.0
0.0
0.0
0.0
0.0
0.0
0.0
0.0
0.0
0.0
0.0
0.0
0.0
0.0
0.0
0.0
0.0
0.0
0.0
0.0
0.0
0.0
0.0
0.0
0.0
0.0
0.0
0.0
0.0
0.0
0.0
0.0
0.0
0.0
0.0
0.0
0.0
0.0
0.0
0.0
0.0
0.0
0.0
0.0
0.0
0.0
0.0
0.0
0.0
0.0
0.0
0.0
0.0
0.0
0.0
0.0
0.0
-0.093198
0.0
0.64166
0.0
0.0
0.0
0.0
0.0
0.0
0.0
0.0
0.0
0.0
0.0
0.0
-0.988697
0.0
0.0
0.0
0.0
0.0
0.0
0.506162
0.0
0.0
0.0
0.0
0.0
0.0
0.0
0.0
0.0
0.0
0.0
0.0
0.0
0.0
0.0
0.0
-1.57192
0.0
0.0
0.0
0.0
-0.385802
0.0
0.0
0.0
-1.1539
0.0
0.0
0.0
0.0
0.0
0.0
0.0
0.0
0.0
0.0
0.0
0.0
0.0
0.0
0.0
0.0
0.0
0.0
0.0
0.0
1.16533
-2.21372
0.0
0.0
0.0
0.0
0.0
0.0
0.0
0.0
0.0
0.747416
0.0
0.0
0.0
0.0
0.0
0.0
0.0
-0.468438
0.0
0.0
0.940523
0.0
0.0
0.16787
-0.776668
0.0
0.0
0.0
0.0
-0.342509
0.0
0.0
0.0
0.0
0.0
0.0
0.0
0.0
0.0
0.0
0.0
0.0
0.0
0.0
0.0
0.0
0.0
0.0
0.0
0.0
0.0
0.0
0.0
0.0
0.0
0.0
0.0
0.0
0.0
0.0
0.0
0.0
0.0
0.0
0.0
0.0
0.0
0.0
-0.0119228
0.0
0.0
0.0
0.0
0.0
0.0
0.0
0.0
0.0
0.0
0.0
0.0
0.0
0.0
0.0
0.0
0.814139
0.0
0.0
0.0
0.0
0.0
0.0
0.0
0.0
0.0
0.0
0.0
0.0
0.0
-0.858458
0.0
0.0
1.20716
0.0
0.0
0.697408
0.0
2.02459
0.0
0.0
0.0
0.0
-0.0234984
0.0
0.0
0.0
0.0
0.0
0.0
-1.2843
0.0
0.0
0.0
0.0
0.0
0.0
0.0
0.0
0.854938
0.0
0.0
0.0
0.0
0.0
0.0
0.0
0.0
0.0
0.0
0.0
0.0
0.0
0.0
0.0
0.0
0.0
0.0
0.0
0.0
0.0
0.710967
0.0
0.0
0.0
0.0
0.0
0.0
0.0
0.0
0.0
0.0
0.0
0.0
0.0
0.0
0.0
0.0
0.0
0.0
0.0
0.0
0.0
0.0
0.0
0.0
0.0
0.0
0.0
0.0
0.0
-1.46853
0.0
0.0
0.0
0.0
0.0
0.0
0.0
1.1765
0.0
0.0
0.0
0.0
0.0
0.0
0.0
0.0
0.0
0.0
0.0
0.0
0.0
0.0
0.0
0.0
0.38134
0.0
0.0
-0.652292
0.0
0.609057
0.0
0.0
0.0
0.0
0.0
0.0
0.0
0.0
0.0
0.0
0.0
0.0
0.0
0.0
0.0
0.0
0.0
0.746553
0.0
0.276824
0.0
0.0
0.0
0.0
0.0
0.0
0.0
0.0
0.0
0.0
0.0
0.0
0.0
0.0
0.0
0.0
0.0
0.0
0.0
0.0
0.0
0.0
0.0
0.0
0.0
0.0
0.0
0.0
0.0
0.0
0.0
0.0
0.0
0.0
0.0
0.0
0.0
0.0
0.0
0.0
1.109
0.0
0.0
0.0
0.0
0.0
0.0
0.0
0.0
0.0
0.0
0.0
0.0
0.0
0.0
0.0
0.0
0.0
0.0
1.68176
0.0
0.0
0.0
0.0
0.0
0.0
0.0
-1.00873
0.0
0.0
0.0
0.0
0.0
-0.0736471
-0.70385
0.0977759
-0.0087269
-0.0355919
-0.0819651
-0.0922007
0.693228
-0.200347
-0.00859547
0.126127
0.972035
-0.447841
0.332649
-0.0924251
-0.0597391
-0.109171
-0.223919
0.395816
-0.620254
0.216996
0.0957295
-1.06131
-1.12069
0.0296872
-0.467419
-0.704347
-0.254736
-0.295666
0.20029
-2.11655
-0.0753525
0.271578
-0.559321
1.03048
0.310585
-0.0217474
-0.196225
-0.529689
0.0486016
-0.0018505
0.744891
0.141576
1.28916
0.0606696
-0.052729
0.0960657
0.325429
-0.349906
0.0
0.0
0.0
0.0
0.0
0.0
0.518654
0.0
0.0
0.0
0.0
0.0
0.0
0.17597
0.0
0.0
0.0
0.0
0.0
0.0
0.0
0.0
0.0
0.0
0.0
0.0
0.0
0.0
0.0
0.0
0.0
0.0
0.0
0.0
1.06381
0.0
-0.826805
0.0
0.0
0.0
0.0
0.0
0.0
0.0
0.0
0.0
0.0
0.0
0.0
0.0
0.0
0.0
0.0
0.0
0.0
0.0
0.428322
0.0
0.0
0.0
0.0
0.0
0.0
0.0
0.0
0.0
0.0
0.0
0.0
0.0
0.0
0.0
0.0
0.0
0.0
0.0
0.0
0.0
0.0
0.0
0.0
0.0
0.0
0.0
0.0
0.0
0.0
0.0
0.0
0.0
0.0
0.0
0.0
0.0
0.0
0.0
0.0
0.0
0.0
0.0
0.0
0.0
0.0
0.0
0.0
0.0
0.0
0.0
0.0
0.0
0.0
0.0
0.0
0.0
0.0
0.0
0.0
0.0
0.0
0.0
0.0
0.0
0.0
0.0
0.0
0.0
0.0
0.0
-0.363761
0.0
0.0
0.0
0.0
0.0
0.0
0.0
0.0
0.0
0.0
0.0
0.0
0.0
0.0
1.03365
0.0
0.0
0.0
0.0
-0.842787
0.0
0.0
0.0
0.0
0.0
0.0
0.0
0.0
0.0
0.0
0.0
0.0
0.836786
0.0
0.0
0.0
0.0
0.0
0.0
0.0
0.0
0.0
0.0
0.0
0.0
-1.38665
0.0
0.0
0.0
0.0
0.0
0.0
0.0
0.0
0.0
0.0
0.0
0.0
0.0
0.0
0.0
0.0
0.0
0.0
0.0
0.0
0.0
0.0
0.0
0.0
0.0
-0.300153
0.0
0.0
0.0
0.0
0.0
0.0
0.0
0.0
0.0
0.0
0.0
0.0
0.0
0.0
0.0
0.138367
0.0
0.0
0.0
0.0
0.0
0.0
0.0
0.0
0.0
0.0
0.0
0.0
0.0
-1.2832
0.0
0.0
0.0
0.0
0.0
0.0
0.0
0.0
0.0
0.0
0.0
0.0
0.0
0.0
0.0
0.0
0.0
0.0
0.0
0.0
0.0
0.0
0.0
0.0
0.0
0.0
0.0
0.0
0.0
0.0
0.0
0.0
0.0
0.0
0.0
1.94671
0.0
0.0
0.0
0.0
0.0
0.0
0.0
0.0
0.0
0.0
0.0
0.0
0.0
0.0
0.0
0.0
0.0
0.0
0.0
0.0
-1.71423
0.0
0.0
0.0
0.0
1.85481
0.0
0.0
0.0
0.0
0.0
0.0
0.0
-1.04084
0.0
0.0
0.0
0.0
0.0
0.0
0.0
0.0
0.0
0.0
0.0
0.0
0.0
0.0
0.0
0.0
0.0
0.0
0.0
0.0
0.0
0.0
0.0
0.0
0.0
-0.317758
0.0
0.0
0.0
0.0
0.0
0.0
0.0
0.0
-0.478848
1.49987
0.0
0.0
0.0
0.0
0.0
0.0
0.0
0.0
0.0
0.0
0.0
1.06857
0.0
0.0
0.0
0.0
0.0
0.0
0.0
0.0
0.0
-1.01915
0.0
0.0
0.0
0.0
0.0
0.0
0.0
0.0
0.0
0.0
0.0
0.0
0.728625
0.0
0.0
0.0
0.0
0.0
0.0
0.0
0.0
0.0
0.0
0.0
0.0
0.0
0.0
0.0
-0.421878
0.0
0.0
0.0
0.0
0.0
0.0
0.0
0.0
0.0
0.0
0.0
0.0
0.0
0.0
0.0
0.0
0.0
0.0
0.0
0.0
0.0
0.0
0.0
0.0
0.0
0.0
0.0
0.0
0.154891
-1.66707
0.0
0.0
0.0
0.0
0.0
0.0
0.0
0.0
0.0
0.0
0.0
0.0
0.0
0.0
0.0
0.0
0.0
0.0
0.0
0.0
0.0
0.0
0.0
0.0
0.0
0.0
0.0
0.0
0.0
0.0
0.0
0.0
0.0
0.0
-1.07814
-0.806551
0.0
0.0
0.0
0.0
0.0
0.0
0.0
0.0
0.0
0.0
0.0
0.0
0.45759
-0.746444
0.0
0.0
0.0
0.0
0.0
0.0
0.0
0.0
0.0
0.0148061
0.861862
0.0
0.0
0.0
0.0
0.0
0.0
0.0
0.0
0.0
0.0
0.0
0.0
0.0
0.0
0.0
0.0
0.0
0.0
0.0
0.0
0.0
0.0
0.0
0.0
0.0
0.0
0.0
0.0
0.0
0.0
0.0
0.0
0.0
0.0
0.0
0.0
0.0
0.0
0.0
0.0
0.0
0.0
0.0
0.0
0.0
0.0
0.0
0.0
0.0
0.0
0.0
0.0
0.0
0.0
0.0
0.0
0.0
0.0
0.0
0.0
0.0
0.0
0.0
0.0
0.0
0.0
0.0
0.0
0.0
0.0
-0.942191
0.0
0.0
0.0
0.0
0.0
0.0
0.0
0.0
0.0
0.0
0.0
0.0
0.0
0.0
0.0
0.0
0.0
0.0
0.0
0.0
0.0
0.0
0.0
0.0
0.0
0.0
0.0
0.0
0.0
0.0
0.0
0.0
0.0
0.0
0.0
0.0
0.0
0.0
0.0
0.0
0.0
0.0
0.0
0.0
0.0
0.0
0.0
0.0
0.0
0.0
0.0
0.0
0.0
0.0
0.0
0.0
0.0
0.0
0.0
0.0
0.0
0.0
0.0
0.0
0.0
0.0
0.0
0.0
0.0
0.0
0.0
0.0
0.0
0.0
0.0
0.0
0.0
0.0
0.0
0.0
0.0
0.0
0.0
0.0
0.41014
0.0
0.0
0.0
0.0
0.0
0.0
0.0
0.0
0.0
0.0
0.0
0.0
0.0
0.0
0.0
0.0
0.0
0.0
0.0
0.0
0.0
0.0
0.0
0.0
0.0
0.0
0.0
0.0
0.0
0.0
0.0
0.0
0.0
0.0
0.0
0.0
0.0
0.0
0.0
0.14807
0.0
0.0
1.2487
0.0
0.0
0.0
0.0
0.0
0.0
0.0
0.0
0.0
0.0
0.0
0.0
0.0
0.0
0.0
0.0
0.0
0.0
0.0
0.0
0.0
0.0
0.0
0.0
0.0
0.0
0.0
0.0
0.0
0.0
0.0
0.0
0.0
0.0
0.0
0.0
0.0
0.7787
0.0
-0.0591883
0.0
0.0
0.0
0.0
0.0
0.0
0.0
-0.116437
0.0
0.0
-0.180301
0.0
0.0
0.0
-1.31371
0.0
0.0
0.0
0.0
0.0
-0.0913001
0.0
0.0
0.0
0.0
0.0
0.0
0.0
0.0
0.0
0.0
0.0
0.0
0.0
0.0
0.0
0.0
0.0
0.0
0.0
-0.394538
0.0
0.0
0.0
0.0
0.0
0.0
0.0
0.0
0.0
0.0
0.0
0.0
0.0
0.0
0.0
0.0
0.0
0.0
0.0
0.0
0.0
0.454459
0.0
0.0
0.0
0.0
0.0
0.0
0.0
0.0
0.0
0.0
0.0
0.0
0.0
0.0
-1.04828
0.0
0.0
0.0
0.0
0.0
0.0
0.0
0.0
0.0
0.0
0.0
0.0
0.0
0.0
0.0
0.0
0.0
0.0
0.0
-0.702642
0.0
0.0
0.0
0.0
0.0
0.0
0.0
0.0
0.0
0.0
0.0
0.0
0.0
0.0
0.0
0.0
0.0
0.0
0.0
0.0
0.0
0.0
0.0
0.0
0.0
0.0
0.0
0.0
0.0
0.0
0.0
0.0
0.0
0.0
0.0
0.0
0.0
0.0
0.0
0.0
0.1483
0.0
0.0
0.0
0.0
0.0
0.0
0.0
0.0
0.0
0.0
0.0
0.0
-2.14175
0.0
0.0
0.0
0.0
0.0
0.0
0.0
0.0
0.0463961
0.0
0.0
0.0
0.0
0.0
0.0
0.0
0.0
0.0
0.0
0.0
0.0
0.0
0.0
0.0
0.0
0.0
0.0
0.0
0.0
0.0
0.0
0.0
0.0
0.0
0.0
0.0
0.0
0.0
0.0
0.0
0.0
0.0
0.0
0.0
0.0
0.0
0.0
0.0
0.0
0.0
0.0
0.0
0.0
0.0
0.0
0.0
0.0
0.0
0.0
0.0
0.0
0.0
-0.011477
0.0
0.0
0.0
1.08248
0.0
0.0
0.0
0.0
0.0
0.0
-0.868854
0.0
0.0
0.0
0.0
0.0
1.19332
0.0
0.0
0.0
0.0
0.0
0.0
0.0
0.0
0.0
0.0
-0.303777
0.0
0.0
0.0
0.0
0.0
0.0
0.0
0.0
0.0
0.0
0.0
0.0
0.0
0.0
0.0
0.0
0.0
-0.511207
0.0
0.0
0.0
0.0
0.0
0.0
0.0
0.355293
0.0
0.0
0.0
0.0
0.0
0.0
0.0
0.0
0.0
0.0
0.0
0.0
0.0
0.0
0.0
0.0
0.0
0.0
0.0
0.0
0.0
0.0
0.0
0.0
0.0
0.0
0.0
0.0
0.0
0.0
0.0
0.0
0.0
0.0
0.0
0.0
1.22377
0.0
0.0
0.0
0.0
0.0
0.0
0.0
0.355669
0.0
0.0
0.0
0.0
0.0
0.0
0.0
0.0
0.0
0.0
0.0
0.0
0.0
0.0
0.0
0.0
0.0
0.0
0.0
0.0
0.0
0.0
0.0
0.0
0.0
0.0
0.0
0.0
0.0
0.0
0.0
0.0
0.0
0.0
0.0
0.0
0.0
0.0
0.0
0.0
0.0
0.0
0.0
0.0
0.0
0.0
0.0
0.0
0.0
0.0
0.0
0.0
0.0
-1.69594
0.0
0.0
0.0
0.0
0.0
0.0
0.0
0.0
0.0
0.0
0.0
0.0
0.0
0.0
0.0
0.0
0.0
0.0
0.0
0.0
0.0
-0.803918
0.0
0.0
0.0
0.0
0.0
0.0
0.0
0.0
0.0
0.0
0.0
0.0
0.0
0.0
0.0
0.0
0.0
0.0
0.0
-0.517859
1.84274
0.0
0.0
0.0
0.0
0.0
0.0
0.0
0.0
0.0
0.0
0.0
0.0
0.0
0.0
0.0
0.0
0.0
0.0
0.0
0.0
0.0
0.0
0.0
0.0
0.0
0.0
0.0
-0.856654
0.0
-1.03311
0.0
0.0
0.0
0.0
0.0
0.0
0.0
0.0
0.0
0.0
0.0
0.0
0.0
0.0
0.0
0.0
0.0
0.0
0.0
0.0
0.0
0.0
0.270143
0.0
0.0
0.0
0.0
0.0
0.0
0.0
-1.31481
0.0
0.0
0.0
0.0
0.0
0.0
-1.33277
0.0
0.0
0.0
0.0
0.0
0.0
0.0
0.0
0.0
0.0
0.0
0.0
0.0
0.0
0.0
0.0
0.0
0.0
0.0
0.0
0.0
0.0
0.0
0.0
0.0
0.0
0.0
0.406544
0.0
0.0
0.0
0.0
0.0
0.0
0.0
0.0
-0.326466
0.0
0.0
0.0
-0.310577
0.0
-0.105591
0.0
0.0
0.0
0.0
0.0
0.0
0.0
0.0
0.0
0.0
0.0
0.0
0.0
0.0
0.0
0.0
0.0
0.0
0.0
0.0
0.0
0.0
0.0
0.0
0.0
0.0
0.0
0.0
0.0
0.0
0.0
0.0
0.0
0.0
0.0
0.0
0.0
0.0
-0.510534
0.0
0.0
-1.96956
0.0
0.0
0.0
0.0
0.0
0.0
0.0
0.0
0.0
0.0
0.0
0.260447
0.0
0.0
0.0
0.0
0.0
0.0
-1.40852
0.0
0.0
0.0
0.0
0.0
0.0
0.0
0.0
0.0
0.0
0.0
0.0
0.0
0.0
0.0
0.0
0.0
0.0
0.0
0.0
0.0
0.0
0.0
0.0
0.0
0.0
0.0
0.0
0.0
0.0
0.0
0.0
0.0
0.0
0.0
0.0
0.0
0.0
0.0
0.0
0.0
0.0
0.0
0.0
0.0
0.0
0.0
0.0
0.0
0.0
0.0
0.0
0.0
0.0
0.0
0.0
0.0
0.0
0.0
0.0
0.0
0.0
0.0
0.0
0.0
0.0
0.0
0.0
0.0
0.0
0.0
0.0
-0.602545
0.0
0.0
0.0
0.0
0.816138
0.0
0.0
0.0
0.0
1.83058
0.0
0.0
-1.24481
0.0
0.0
0.0
0.0
0.0
0.0
0.0
0.0
0.0
0.0
0.0
0.0
0.0
0.0
0.0
0.0
0.0
0.0
0.0
0.0
0.0
0.0
0.0
0.0
0.0
0.0
-1.61493
1.22082
0.0
0.0
0.0
0.0
0.0
0.0
0.0
0.0
-1.72992
0.0
0.0
0.537287
0.0
0.0
0.0
0.0
0.0
0.0
0.0
0.0
0.0
0.0
0.0
0.0
0.0
0.0
0.0
0.0
0.0
0.0
0.0
0.0
0.0
0.0
0.0
0.0
0.0
0.0
0.0
0.0
0.0
0.0
0.0
0.0
1.89123
0.0
0.0
0.0
0.0
0.0
0.0
0.0
0.0
0.0
0.0
0.0
0.0
0.0
0.0
0.0
0.0
0.0
0.0
0.0
0.0
0.0
0.0
0.0
0.0
0.0
0.0
0.0
0.0
0.0
0.0
0.0
0.0
0.0
0.0
0.0
0.0
0.0
0.0
0.0
0.0
0.0
0.0
0.0
0.0
0.0
0.0
0.0
0.0
0.0
0.0
0.0
0.0
0.0
0.0
0.0
0.0
0.0
0.0
0.0
-0.0273644
-0.090645
-1.47728
-0.601238
0.547222
2.60742
0.138363
0.777813
0.311041
0.662653
-2.67761
0.0379597
-1.98731
0.28477
-0.0707003
0.0507719
0.887447
-3.09302
0.251097
-0.526868
-2.25865
0.533891
-1.56028
-0.457011
0.694859
-0.823545
-0.401398
0.14852
1.41661
0.183577
0.264598
-0.519047
-0.176229
0.508166
0.955817
0.617274
-0.92487
-0.0832533
-1.22944
-0.806608
0.0441575
2.19089
-0.47216
-0.928505
0.438168
0.252438
-0.0361671
-0.374173
-0.611803
0.0
0.0
0.0
0.0
2.40411
0.0
0.0
0.0
0.0
0.0
0.0
0.0
0.0
0.0
0.0
0.0
0.0
0.0
0.0
0.0
0.0
0.0
0.0
0.0
0.0
0.0
0.0
0.0
0.0
0.0
0.0
0.0
0.0
0.0
0.0
0.0
0.0
0.0
0.0
0.0
0.0
0.0
0.0
0.0
0.0
0.0
0.0
0.0
0.0
0.0
0.0
0.0
0.0
0.0
0.0
0.296757
-0.922811
0.0
0.0
0.0
0.0
0.0
0.0
0.0
0.0
0.0
0.0
0.0
0.0
0.0
0.0
0.0
0.0
0.0
0.0
0.0
0.0
0.0
0.0
0.0
0.0
0.0
0.0
0.0
0.0
0.0
0.0
0.1257
0.0
0.0
0.0
0.0
0.0
0.0
0.0
0.0
0.0
0.0
0.0
0.0
0.0
0.0
0.0
0.0
0.0
0.0
0.0
0.0
0.0
0.0
0.0
0.0
0.0
0.0
0.0
0.0
0.0
0.0
0.0
0.0
0.0
0.0
0.0
0.0
0.0
0.0
0.0
0.0
0.0
0.0
0.0
0.0
0.0
0.0
0.0
0.0
0.0
0.0
0.0
0.0
0.0
0.0
-0.824787
0.243491
0.0
0.0
0.0
0.0
0.0
0.0
1.14681
0.0
0.0
0.0
0.0
0.0
0.0
0.0
0.0
0.0
0.0
0.0
0.0
0.0
0.0
0.0
0.0
0.0
0.0
0.0
0.0
0.0
0.0
0.0
0.0
0.0
2.17832
0.0
0.0
0.0
0.0
0.0
0.0
0.0
0.0
0.0
0.568834
0.0
0.0
0.0
0.0
0.0
0.0
0.0
1.27864
0.0
0.0
0.0
0.0
0.0
0.0
0.0
0.0
0.0
0.0
1.03498
0.0
0.0
0.0
0.0
0.0
0.0
0.0
0.0
0.0
0.0
0.0
0.0
1.83594
0.0
0.0
0.0
0.0
0.0
0.0
0.0
0.0
0.0
0.0
0.0
0.0
0.0
0.0
0.0
0.0
0.0
-0.0393871
0.0
0.0
0.0
0.0
0.0
0.0
0.0
0.0
0.0
0.0
0.0
0.0
0.0
0.0
0.0
0.0
0.0
0.0
0.0
0.0
0.0
0.0
0.0
0.0
0.0
0.0
0.0
0.0
0.0
0.0
-0.0403017
0.0
0.0
0.0
0.0
0.0
0.0
0.0
0.0
0.0
0.0
0.0
0.0
0.0
0.0
0.0
0.0
0.0
0.0
0.0
0.0
0.0
0.0
0.0
0.0
0.0
0.0
0.0
0.0
0.0
0.0
0.0
0.0
-0.804089
0.0
0.0
0.0
-0.0966927
0.0
0.0
0.0
0.0
0.0
0.504313
0.0
0.0
0.0
0.0
0.0
0.0
0.0
0.0
0.0
0.0
0.0
0.0
0.0
0.0
0.0
-0.70408
0.524842
0.0
0.0
0.0
0.0
0.0
0.0
0.0
0.0
0.0
0.0
0.0
0.0
0.0
0.0
0.0
0.0
0.0
0.0
0.0
0.0
0.0
0.0
0.0
-1.77053
0.0
0.0
0.0
0.0
0.572006
0.0
0.0
0.0
0.0
0.0
0.0
0.0
0.0
0.0
0.0
0.0
0.0
0.0
0.0
0.0
0.0
0.0
0.0
0.0
0.0
0.0
0.0
0.38374
0.0
0.0
-1.14724
0.0
0.0
0.0
0.0
0.0
0.0
0.0
0.0
0.0
0.0
0.0
0.0
-0.863868
0.0
0.0
0.0
0.0
0.0
0.0
0.0
0.0
-0.899925
0.0
0.0
0.0
0.0
0.0
0.0
0.0
0.0
0.0
0.0
0.0
-0.362091
0.0
-0.328723
0.0
0.0
0.0
0.0
0.0
0.0
0.0
0.0
0.0
0.0
0.0
0.0
0.0
0.0
0.0
1.467
0.0
0.0
0.0
0.0
0.0
0.0
0.0
0.0
0.0
0.0
0.0
0.0
0.0
0.0
0.0
0.0
0.0
0.0
-1.69065
0.0
2.20355
0.0
0.0
0.0
0.0
0.0
0.0
0.0
0.0
0.0
0.0
0.0
0.0
0.0
0.0
0.0
0.0
0.0
0.0
0.0
0.0
0.0
0.0
0.0
0.0
0.0
0.0
0.34561
0.594998
0.0
0.0
0.0
0.0
0.0
0.0
-0.0186274
-0.340788
-0.226554
0.45064
0.650819
-0.124562
-0.0939088
-0.00605537
-0.0620291
-0.136446
0.346486
-0.687562
0.242821
0.0901624
-0.176102
0.0878495
-0.761419
0.403718
-0.285074
-0.0855667
0.0795424
-0.61614
0.566016
0.414448
0.349223
-0.391498
-0.440892
-0.397489
-0.51021
0.0109005
0.0925713
-0.20971
0.174493
-0.203233
0.391823
0.387261
0.30461
0.099178
0.137755
0.172578
-0.118014
-0.334205
0.243877
0.103447
0.754261
-0.122321
-0.24618
-0.0326268
-0.339393
0.0
0.0
0.0
0.0
0.0
0.0
0.0
0.0
0.0
0.0
0.0
0.0
0.0
0.0
0.0
0.0
0.0
0.0
0.0
0.0
0.0
0.0
0.0
0.0
0.0
0.0
0.0
0.0
0.0
0.0
0.0
0.0
0.0
0.0
0.0
0.0
0.0
0.0
0.0
0.0
0.0
0.0
0.0
0.0
0.0
-0.314426
0.0
0.0
0.685357
0.0
0.0
0.0
0.0
0.0
0.0
0.0
0.170206
0.0
0.0
0.0
0.0
0.0
0.0
0.0
0.0
0.0
0.0
0.0
0.0
0.0
0.0
0.987063
0.0
0.0
0.0
0.0
0.0
0.0
0.0
0.0
0.0
0.0
0.0
0.0
0.0
0.0
0.0
0.0
0.0
0.0
0.487062
0.0
0.0
0.0
0.0
0.0
0.0
1.64237
0.0
0.0
0.0
0.0
0.0
0.0
0.0
0.0
0.0
-0.268301
0.0
0.0
0.0
0.0
0.0
0.0
0.0
0.0
0.0
0.0
0.0
0.0
0.0
0.0
0.0
0.0
0.0
0.0
0.0
0.0
0.0
0.0
0.0
0.0
0.0
0.0
0.0
0.0
0.0
0.0
0.0
0.0
0.0
0.0
0.0
0.0
0.0
0.0
0.0
0.0
0.0
0.0
0.0
0.0
0.0
0.0
0.0
0.0
0.0
-0.693169
0.0
0.0
0.0
0.0
0.0
0.0
0.0
0.0
0.0
0.0
-0.614537
0.0
-0.44977
0.0
-1.61136
0.0
0.0
0.0
0.0
0.0
1.88345
0.0
0.0
0.0
0.0
-0.561253
0.0
0.0
0.0
0.0
0.0
0.0
0.0
0.0
0.0
0.0
0.0
0.0
0.0
0.0
1.72379
-0.000599907
0.0
0.0
0.0
0.0
0.0
0.0
0.0
0.0
0.0
0.0
0.0
0.0
0.0
0.0
0.0
0.0
0.0
0.0
0.0
0.0
0.0
0.0
0.0
0.0
0.0
0.0
0.0
0.0
0.0
0.0
0.0
0.0
0.0
0.0
0.0
0.0
0.0
0.0
0.0
0.0
0.0
0.0
0.0
0.0
0.0
0.0
0.0
0.0
0.0
0.0
0.0
0.0
0.0
0.0
-0.0782314
0.0
0.0
0.746694
0.0
0.0
0.0
0.0
1.06508
0.0
0.0
0.0
0.0
0.0
0.0
0.0
0.0
-1.25537
0.0
0.0
0.0
0.0
1.83445
0.0
0.0
0.0
0.0
0.0
0.0
0.0
0.0
0.0
0.0
0.0
0.0
0.0
0.0
0.0
0.0
0.0
0.0
0.0
0.0
0.0
0.0
0.0
0.0
0.0
0.0
0.0
0.120892
0.0
0.0
0.0
0.0
0.0
0.0
0.0
0.0
0.0
0.0
0.0
0.0
0.0
0.366792
0.0
0.0
0.0
0.0
0.0
-0.902093
0.0
0.0
0.0
0.0
0.0
0.0
0.0
0.0
0.0
0.0
0.0
0.0
0.0
0.0
0.0
0.0
0.0
0.0
0.0
-0.150221
0.0
0.0
0.0
0.0
0.0
0.0
0.0
0.0
0.0
-0.518788
0.0
0.0
0.0
0.0
0.0
0.0
0.0
0.0
0.0
0.0
0.0
0.0
0.0
0.0
0.0
0.0
0.0
0.0
0.0
0.0
0.0
0.0
-1.96463
0.0
0.0
0.0
0.0
0.0
0.0
0.0
0.0
0.0
0.0
-0.0444307
0.0
0.0
0.0
0.0
0.0
0.0
0.0
0.0
0.0
0.0
0.0
0.0
0.0
0.0
0.0
0.0
0.0
0.0
0.0
0.0
0.0
0.0
0.0
0.0
0.0
0.0
0.0
0.0
0.0
0.0
0.0
0.0
0.0
0.0
0.0
0.0
0.0
0.0
0.0
0.0
0.0
0.0
0.0
0.0
0.0
0.0
0.0
0.963928
0.0
0.0
0.0
0.0
-1.37666
0.0
0.0
0.0
0.0
0.0
0.0
0.0
0.0
0.0
0.0
-0.535157
-0.346279
0.0
0.0
0.0
0.0
0.0
0.0
0.0
0.0
0.0
0.0
0.0
0.0
0.0
0.0
0.754437
1.24403
0.0
0.0
0.0
0.0
0.0
0.0
0.0
0.0
0.0
0.0
0.0
0.0
0.0
0.0
0.0
0.0
0.0
0.0
0.0
0.0
0.0
0.0
0.0
-0.0397715
0.0
0.0
0.0
0.0
0.0
0.0
0.0
0.0
0.0
0.0
0.0
0.0776046
0.0
0.0
0.0
0.0
0.0
0.0
0.0
0.0
0.0
0.0
0.0
0.0
0.0
0.0
0.0
0.0
-1.92522
-1.91659
0.0
0.0
0.0
0.0
0.0
0.0
0.0
0.0
0.0
0.0
0.0
0.0
0.0
0.0
0.0
0.0
0.0
0.0
0.0
0.0
0.0
0.0
0.0
0.0
0.0
0.0
0.0
0.0
0.0
0.0
0.210498
0.0
0.0
0.0
0.0
0.0
0.0
0.0
0.0
0.0
0.0
0.0
1.89409
0.0
0.0
0.0
0.0
0.0
0.0
0.0
0.0
0.0
0.0
0.0
0.0
0.0
0.0
0.0
0.0
0.0
0.0
-1.78979
0.0
0.0
0.0
0.0
0.0
0.0
0.0
0.0
0.0
0.0
0.0
0.0
0.0
-0.828759
0.0
0.0
0.0
0.0
0.0
0.0
0.0
-0.184686
0.0
-0.578925
0.0
0.0
0.0
0.0
0.0
0.0
0.0
0.0
0.0
0.0
0.0
0.0
0.0
0.0
0.0
0.0
0.0
0.0
0.0
0.0
0.0
0.0
0.0
0.0
0.0
0.0
0.0
0.0
0.0
0.0
0.0
1.26463
0.0
0.0
0.0
0.0
0.0
0.0
0.0
0.0
0.0
0.0
0.0
0.0
0.0
0.0
0.0
0.0
0.0
0.0
0.0
0.0
0.0
0.0
0.5977
0.0
0.0
-1.53978
0.0
0.0
0.0
0.0
0.0
0.0
0.0
0.0
0.0
0.0
0.0
0.0
0.0
0.0
0.0
0.0
0.0
0.0
0.0
0.0
0.0
0.0
0.938103
0.0
0.0
0.0
0.0
0.0
0.0
0.0
0.0
0.0
0.0
0.0
0.0
0.0
0.0
0.0
0.0
0.0
0.0
0.0
0.0
0.0
0.0
0.0
0.0
0.0
0.0
0.0
0.0
0.0
0.0
0.0
0.0
0.0
0.0
0.0
0.0
0.0
0.0
0.0
0.0
0.0
0.0
0.0
0.0
0.0
0.0
0.0
0.0
0.0
0.0
0.0
0.0
0.0
-0.376387
0.0
0.0
0.0
0.0
0.0
0.0
0.0
0.0
0.0
0.0
0.0
0.0
0.0
0.0
0.619106
0.0
0.0
0.0
0.0
0.0
0.0
0.0
0.0
0.0
0.0
0.0
0.0
0.0
0.0
0.0
0.0
0.0
0.0
0.0
0.0
0.0
0.0
0.0
0.509716
0.0
0.0
0.0
0.0
0.0
0.0
0.0
0.0
0.0
0.0
0.134282
0.0
0.0
0.0
0.0
0.0
0.0
0.0
0.0
0.0
0.0
0.0
0.0
0.0
0.0
0.0
0.0
0.0
0.0
0.0
0.0
0.0
0.0
0.0
0.0
0.0
0.0
0.0
0.0
0.0
0.0
0.0
0.0
0.0
0.0
0.0
0.0
0.0
0.0
0.0
0.0
-0.826633
0.0
0.0
0.0
0.0
0.0
0.0
0.0
0.0
0.0
0.0
0.0
0.0
0.0
0.0
0.0
0.0
0.0
0.0
-0.384257
0.0
0.0
0.0
0.0
0.0
0.0
0.0
0.843207
0.0
0.0
0.0
0.0
0.0
0.624064
0.0
0.0
0.0
0.0
0.0
0.0
0.0
0.0
0.0
0.0
0.0
0.0
0.0
0.0
0.0
0.0
0.0
0.0
0.0
0.0
0.0
0.0
0.0
0.0
0.0
0.0
0.0
0.0
0.0
0.0
0.0
0.0
0.0
0.0
0.0
0.0
0.0
0.0
0.0
0.0
0.0
0.0
0.0
0.0
0.0
0.0
0.0
0.0
0.0
0.0
0.0
0.0
0.0
0.0
0.0
0.0
0.0
0.0
0.0
0.0
0.0
0.0
0.0
0.0
0.0
0.0
0.0
0.0
0.532073
0.0
0.0
0.0
0.0
0.0
0.0
0.0
0.0
0.0
0.0
0.0
0.0
0.0
0.0
0.0
0.0
0.0
0.0
0.0
0.0
0.0
0.0
0.0
0.0
0.0
0.123296
0.0
0.0
0.0
0.0
0.0
0.0
0.0
0.0
0.0
0.0
0.0
0.0
0.0
0.0
0.0
0.0
-0.0794788
-0.273679
-0.538445
-0.315024
0.314186
-0.180503
0.173572
0.374145
0.172236
-0.725
-0.00832586
-0.933907
-0.633632
-0.555658
0.60714
-0.144161
-0.261923
-0.918273
0.0656393
0.522602
-0.158828
0.702601
1.24846
-0.264552
0.716601
0.361336
-0.153984
0.237017
0.262149
-0.25397
1.50074
0.092393
0.227857
0.164431
-0.407079
-1.15331
-0.0847915
-0.275691
1.08784
0.194933
-0.0422551
-1.20147
-0.345463
-1.03774
1.29613
0.715185
0.355821
0.342102
-0.66104
0.0
0.0
0.0
0.0
0.0
0.0
0.0
0.0
0.0
0.0
0.0
0.0
0.0
0.0
0.0
0.0
0.0
0.0
0.0
0.0
0.0
0.0
0.0
0.0
0.0
0.0
0.0
0.0
0.0
0.0
0.0
0.0
0.0
0.0
0.0
0.0
0.0
0.0
0.0
0.0
0.0
0.0
0.0
0.0
0.0
0.0
0.0
0.0
0.0
0.0
0.0
0.0
0.0
0.0
0.0
0.0
0.0
0.0
0.0
0.0
0.0
0.0
0.0
0.0
-0.37619
0.0
0.0
0.0
0.0
0.0
0.0
0.0
0.0
0.0
1.07676
0.0
0.0
0.0
0.0
0.0
0.0
0.0
0.0
-0.208563
0.0
0.0
0.0
-1.42914
1.2397
0.0
0.0
0.0
0.0
0.0
0.0
0.0
0.0
0.0
0.0
0.0
0.0
0.0
0.0
0.0
0.70568
0.0
0.0
0.0
0.0
0.0
0.0
0.0
0.0
0.0
0.0
0.0
0.0
0.0
0.0
0.0
0.0
0.0
0.0
0.0
0.0
0.0
0.0
0.0
0.0
0.0
0.0
-0.25471
0.0
0.0
0.0
0.0
0.0
0.0
0.0
0.0
0.0
0.0
0.0
0.0
0.0
0.0
0.0
0.0
0.0
0.0
0.0
0.0
0.0
0.0
0.0
0.0
0.0
0.0
0.0
0.0
0.0
0.0
0.0
0.0
0.0
0.0
0.0
0.0
0.0
0.0
0.0
0.0
0.0
0.0
0.693054
0.0
0.0
0.0
0.0594645
0.0
0.0
0.0
0.0
0.0
0.0
0.0
0.0
-0.373441
0.0
0.0
0.0
0.282866
0.0
0.0
0.0
0.0
0.0
0.0
0.0
0.0
0.0
0.0
0.0
0.0
0.0
0.0
0.0
0.0
0.0
0.0
0.0
0.0
0.0
0.0
0.0
0.0
0.0
0.0
0.0
0.0
0.0
0.0
0.0
0.0
0.0
0.0
0.0
0.0
0.0
0.0
0.0
0.0
0.0
0.0
0.0
0.0
0.0
0.0
0.0
0.0
0.0
0.0
0.0
0.0
0.0
0.0
0.0
0.0
0.0
0.0
0.0
0.0
0.0
0.0
0.0
0.0
0.0
0.0
1.23388
0.0
0.0
0.0
0.0
0.0
0.0
0.0
0.0
0.0
0.0
0.0
0.0
0.0
0.0
0.0
0.0
0.0
0.0
0.0
0.0
0.0
0.0
0.0
0.0
0.0
0.0
0.0
0.0
0.0
0.042435
0.0
0.0
0.0
0.0
0.0
0.100655
0.210277
0.412935
0.597281
-0.18772
-0.16433
-0.399667
0.960021
0.327913
-0.718577
0.354684
-0.130489
-0.0829786
0.631286
-0.437261
0.144493
0.218876
1.22715
0.0755046
0.0819412
0.186392
-0.97734
1.29806
0.790343
0.000805516
-1.22889
-0.573729
-0.401516
-0.617962
0.263128
-0.356066
-0.206136
-0.0545397
-0.254954
0.456894
-0.269463
-0.0917643
0.205383
0.82676
-0.526582
-0.112095
-0.332658
-0.111
1.35648
0.357531
0.733227
-0.478554
0.0288874
-0.686049
0.0
0.0
0.0
0.0
0.0
0.0
0.0575543
0.0
0.0
1.59003
0.0
0.0
0.0
0.0
0.0
0.0
0.0
0.0
0.0
0.0
0.0
0.0
0.0
0.0
0.0
0.0
0.0
0.0
-0.831024
0.0
0.0
0.0
0.0
0.0
0.0
0.0
0.0
0.0
0.0
0.0
-1.12811
0.0
0.0
0.0
0.0
0.0
0.0
0.0
0.0
0.0
0.0
0.0
0.0
-0.522308
0.0
0.0
0.0
0.0
0.0
0.0
0.0
0.0
0.0
0.0
0.0
0.0
0.494865
0.0
0.0
0.0
0.0
0.0
0.0
0.0
0.0
0.0
0.0
0.0
0.0
0.0
0.0
0.0
1.97053
0.0
0.0
0.710448
0.0
0.0
0.0
0.0
0.0
0.0
0.0
0.0
0.0
-1.1018
0.0
0.0
0.0
0.0
0.0
0.0
0.0
0.0
0.0
0.0
0.0
0.0
0.0
0.0
0.427152
0.0
0.0
0.0
0.0
0.0
0.0
0.0
0.0
0.0
0.0
0.0
0.0
0.0
0.0
0.0
0.0
0.0
0.0
0.0
0.0
0.0
0.0
0.0
-0.872219
0.0
0.0
0.0
0.0
0.0
0.0
0.0
0.0
0.0
0.0
0.0
0.0
0.0
0.0
0.0
0.0
0.0
0.0
0.0
0.0
0.0
0.0
0.0
0.0
0.0
0.0
0.0
0.0
0.0
0.0
1.46979
0.0
0.0
0.0
0.0
0.0
1.16504
0.0
0.0
0.0
0.0
0.0
0.0
0.0
-0.0278486
0.0
0.0
0.0
0.0
0.0
0.0
0.0
0.0
0.0
0.0
0.0
0.0
0.0
0.0
0.0
0.0
0.0
0.0
0.0
0.0
0.0
-0.330205
1.92094
0.0
0.0
0.0
0.0
-1.80111
0.0
0.0
0.0
0.0
0.0
0.0
0.0
0.0
0.0
-0.54901
0.0
0.0
0.0
0.0
2.98807
0.0
0.0
0.0
0.0
0.0
0.0
0.0
-0.555518
0.0
-0.232251
0.0
0.0
0.0
0.0
0.0
0.0
0.0
0.0
0.0
0.0
0.0
0.0
0.0
0.0
0.0
-0.965699
0.0
0.0
0.0
0.0
0.0
0.0
0.0
0.0
0.0
0.0
0.0
0.0
0.0
0.213882
0.0
0.0
0.0
0.0
0.964204
0.0
0.0
0.0
0.0
0.0
0.0
0.0
0.0
0.0
0.0
0.0
0.0
0.0
0.0
0.0
0.0
-0.0665288
-0.395704
0.0
0.0
0.0
0.0
0.0
0.0
0.0
0.0
0.0
0.0
0.0
0.741334
0.379752
0.0
0.0
0.0
0.0
0.0
0.0
0.0
0.0
0.0
0.0
0.0
0.0
0.666633
0.0
0.0
0.0
0.0
0.0
0.0
0.0
0.0
0.0
0.0
0.0
0.0
0.0
0.0
0.0
0.0
0.0
0.0
0.0
0.0
0.0
0.0
0.0
0.0
0.0
0.0
0.0
0.0
0.0
0.0
0.0
0.0
0.0
0.0
0.0
0.0
0.0
0.0
0.0
0.0
-0.171061
0.0
0.0
0.0
0.0
0.0
0.0
0.0
0.0
0.0
0.0
-0.43746
0.791351
0.0
0.0
0.0
0.0
0.0
0.0
0.0
0.0
-0.567395
0.0
0.0
0.0
0.0
0.0
0.561387
0.0
0.0
0.0
0.0
0.0
0.0
0.0
2.69063
0.0
-0.0908831
0.0
0.0
0.0
0.0
0.0
0.0
0.0
0.0
0.0
0.0
0.0
0.0
0.0
0.0
0.0
0.0
0.0
0.0
0.0
0.0
0.0
0.0
0.0
0.0
0.0
0.0
0.0
0.0
0.0
0.0
0.0
0.0
0.0
0.0
0.0
0.0
0.0
0.0
0.0
0.0
0.0
0.0
0.852751
1.22765
0.0
2.65894
0.0
0.0
0.0
0.0
0.0
0.00732757
-0.444714
-0.642645
-0.184544
-0.0334192
-0.304884
-0.228739
0.072226
0.111953
-0.573583
-1.12273
-0.733514
-0.632338
-0.113911
0.224109
0.0592776
0.183029
-0.0602133
0.181939
0.500558
0.055668
-0.0124051
1.12063
0.0152996
0.530704
-0.178722
-0.221178
0.0885554
0.19151
0.160137
0.855515
0.0691961
1.08618
0.101753
-0.0436799
-1.27231
0.275231
-0.188566
0.868486
-0.263287
0.0305219
-0.704525
0.0670194
-0.354829
1.033
0.202917
-0.716912
0.0155414
-0.677701
0.0
0.0
0.0
0.0
0.0
0.0
0.0
0.0
0.0
0.0
0.481322
0.0
0.0
0.0
0.0
0.0
0.0
0.00819983
-0.3435
0.0
0.0
0.0619558
0.0
0.0
0.0
0.0
0.0
0.0
0.0
0.0
0.0
0.0
0.0
0.0
0.0
0.0
0.0
0.0
0.0
0.0
0.0
0.0
0.0
0.0
0.0
0.0
1.65363
0.0
0.0
0.0
0.0
0.0
0.0
0.0
0.691111
0.0
0.0
0.0
0.0
-0.397394
0.0
0.0
0.0
0.0
0.0
0.0
0.0
0.0
0.196863
0.0
0.0
-1.2488
0.0
0.0
0.0
0.0
0.0
0.0
0.0
0.0
0.0
0.0
0.875078
0.0
0.0
0.0
0.0
0.0
0.0
0.0
0.0
0.0
0.0
0.0
0.0
0.0
0.0
0.0
0.00955788
-0.457961
-0.0610585
0.0134579
0.169427
-0.151049
-0.218257
-0.0476616
-0.135864
-0.471257
-0.646531
-0.309012
-0.510401
0.107275
0.438594
0.686955
-0.041198
0.430201
0.0443582
0.117743
0.190082
-0.12209
0.893553
0.124947
0.303287
-0.318691
-0.365285
-0.013751
0.178531
0.340736
0.421185
-0.0477478
-0.44343
-0.182445
0.355388
-0.344912
-0.269531
-0.247962
0.199354
-0.072295
-0.01892
0.183052
-0.133644
0.604111
0.697984
0.228369
-0.849311
-0.0258775
-0.355684
0.0
0.0
0.0
0.0
0.0
0.0
0.0
0.271353
0.0
-1.34757
0.0
0.0
0.0
0.0
0.0
0.0
0.0
0.0
0.0
0.0
0.0
0.0
0.0
0.0
0.0
0.0
0.0
0.0
0.0
0.0
0.0
0.0
0.0
0.0
0.0
0.0
0.0
0.0
0.0
0.0
0.0
0.0
0.0
0.0
0.0
-0.32957
0.0
0.0
-1.19796
0.0
0.0
0.0
0.0
0.358178
0.0
0.0
0.0
0.634077
0.0
0.0
0.0
0.0
0.0
0.0
0.0
0.0
0.132906
0.0
0.0
0.0
0.62949
0.0
0.0
0.0
0.0
0.0
0.0
0.0
0.0
0.0
0.0
0.0
0.0
0.0
0.0
0.0
0.0
0.0
0.0
0.0
0.0
0.0
0.0
0.0
0.0
0.0
0.0
0.0
0.0
0.0
0.0
0.0
0.0
0.0
0.0
0.0
0.0
0.0
0.0
0.0
0.0
0.0
0.0
0.0
0.0
0.0
0.0297817
0.0
-1.58489
0.0
0.0
0.0
0.0
0.0
0.0
-0.057051
0.0
0.0
0.0
0.0
0.0
0.0
0.0
0.0
0.0
0.0
0.0
0.0
0.0
0.0
0.0
0.0
0.415533
0.0
0.0
0.0
-0.337804
0.0
0.443744
0.0
0.895785
0.0
0.0
0.0
0.0
0.0
0.0
0.0
-0.406638
0.0
0.0
0.0
0.0
0.0
0.0
0.0
0.0
0.0
0.0
0.0
0.0
0.0
-0.692276
0.0
0.0
0.0
0.0
-1.37169
0.0
0.0
0.0
0.0
0.0
0.0
0.0
0.0
0.0
0.0
-0.22056
0.0
0.0
0.0
0.0
0.0
-1.25986
0.0
0.197728
0.0
0.0
0.0
0.0
-0.710761
0.0
0.0
0.0
0.0
0.0
0.0
0.0
0.0
0.0
0.0
0.863586
0.0
0.0
0.0
0.0
0.0
0.0
0.0
-0.394256
0.0
0.0
0.0
0.0
0.0
0.0
0.0
0.0
0.0
0.0
0.0
0.0
0.874893
0.0
0.0
1.06057
0.0
0.0
0.0
0.0
0.0
0.0
0.0
0.0
-0.546749
1.48178
0.0523524
0.0157621
0.439562
0.0859115
-0.0199227
2.34348
2.10221
4.11806
-0.231651
-1.39156
0.64548
-0.171413
-0.120002
0.123651
-0.312346
0.241712
0.354074
-0.257108
0.681211
0.0199809
0.0542519
0.362508
1.97698
0.460109
0.158694
0.212032
-0.0687018
0.327911
-0.152103
1.99029
0.129945
0.983338
1.2385
-0.180612
-0.103018
-2.5241
0.754532
-1.19179
-0.166151
2.32831
-0.255805
0.955526
0.47611
2.03115
-1.29862
-0.686193
-3.05364
-0.0185967
-1.73472
-0.330781
-0.0023535
-0.0102755
-0.279747
-0.439639
-2.92036
-2.41224
-2.92734
0.412938
1.11505
-0.670147
0.102759
0.187622
-0.0338267
0.160148
-0.14591
-0.101002
0.121685
-1.17251
0.484566
-0.102441
0.169361
-1.83735
-0.554463
0.267347
-0.139865
0.0169298
0.00424047
-0.0282589
-1.96757
0.109907
-0.771434
-1.6385
-0.395555
0.269665
1.78314
-0.783068
1.62854
0.10991
-2.39047
0.298203
-1.11888
-0.688964
-2.13744
1.45416
0.540038
2.47446
0.0314813
-1.19472
0.336233
0.129233
-0.371522
0.958074
-0.733952
0.0686722
-1.06771
2.97163
1.35078
1.0203
0.227575
-1.1794
0.43391
-0.26065
0.544943
-1.66092
-0.502142
-1.21765
-1.18635
-0.746388
-1.09708
-0.87622
-1.86907
0.792063
0.342902
0.68528
-0.376172
-1.77424
-1.49176
-0.215336
-0.0110663
-0.432284
1.12676
3.20513
0.0719259
-0.493833
2.15925
-0.422354
0.116675
-0.590837
0.477915
0.695896
-0.232587
-0.189611
-0.885308
-0.585176
-1.17002
0.0304694
0.0295672
-0.350527
0.165582
0.199869
-0.865763
-0.992484
0.145473
1.8129
-1.36238
-2.9149
1.28308
-0.993234
0.221494
-0.45806
-0.099843
0.180736
0.0402803
0.338673
1.41128
2.3041
0.407113
1.10215
0.316973
1.36535
-0.116742
-0.891447
-0.194051
-0.315042
0.0363167
-1.33509
0.294644
0.769693
-2.14996
1.74908
-1.92958
-0.204045
1.02462
-1.90303
-0.643198
0.0114996
1.00991
-0.225044
-1.46908
0.947172
0.678381
0.516488
0.770837
-0.236003
0.389165
0.201772
-0.2784
0.0133808
0.429253
-0.193721
-0.459751
-0.576839
-0.309939
-0.0825822
0.181238
-0.27643
-0.0249157
-0.0687735
0.0676187
1.14924
-0.152141
0.0954125
0.253058
-0.01472
-0.491852
0.504457
-0.0482562
0.5319
0.139685
-0.0942413
0.425536
0.0721643
-0.051757
0.332129
-0.179629
0.0226917
0.239896
0.212383
-0.400727
-0.576298
0.166674
0.0358161
-0.0288965
0.436991
-0.0562673
-0.0621696
0.0425077
-0.163299
-0.211674
-0.106267
0.155646
-0.145901
0.147056
-0.0579506
-0.155478
-0.00927336
0.00203892
0.0721932
-0.0472308
-0.216016
-0.0566351
-0.394687
-0.0478737
0.18454
0.225294
-0.0245291
-0.18789
-0.16464
0.0324784
0.178051
-0.00653592
-0.201108
-0.131966
-0.0516425
0.25399
-0.270566
0.263383
0.0827952
0.284121
-0.355275
0.211241
-0.00688515
-0.0460351
0.084158
0.019311
-0.271811
-0.179777
-0.360273
-0.180293
0.14473
-0.150334
-0.253498
0.184154
0.0260446
0.144663
0.0495544
0.0926054
0.0971515
0.0580608
0.0507078
-0.0851537
0.0835685
1.28211
0.105473
0.91378
0.00254824
0.0945674
-0.323991
-0.454561
-0.377941
0.899831
-0.413705
0.384209
0.0130961
0.966148
0.82239
-0.220454
0.135428
0.137114
-0.70833
0.0125561
-0.0539228
-0.491445
0.0135887
0.127611
0.0285122
0.467719
-2.4358
0.635008
-1.17109
-0.00757049
0.187786
0.0905301
0.24262
0.180583
0.0952606
-0.120555
0.129168
0.0566953
0.463199
-0.0875477
-0.356419
-0.107825
-0.452531
0.0379063
0.565167
0.338874
0.217289
0.29747
-0.0876908
0.333308
1.74957
0.937114
-0.284999
0.00194145
-1.5823
-0.0836975
-0.352818
-0.457372
-0.0892763
-0.181834
0.675627
-0.145943
2.25088
0.130932
-1.15636
0.0205608
0.0554342
-0.251316
-0.177608
-0.00971564
-0.333738
0.302767
0.0575109
0.239317
0.549699
1.833
-2.03568
0.193106
-0.00651724
-0.0636598
-0.172453
0.191432
-0.19476
0.508361
-0.250982
-0.0192892
2.19969
-0.284836
0.0428417
0.124248
0.0184398
-0.170462
0.0646234
0.416066
-0.110849
0.0883037
-0.0561838
-0.0672789
0.160467
1.6558
-1.69531
-1.99905
0.00140199
2.5807
-0.041864
-0.275774
-0.162769
-0.251996
0.0716877
0.186716
-0.140088
-1.22392
2.34349
-3.1097
1.64002
1.7984
-0.226139
-0.203114
-0.0362655
-0.0871197
0.317921
-0.35746
0.267529
1.25474
0.174678
-0.614424
1.24553
0.576677
-0.0415237
-0.0207126
0.119149
-0.199102
-0.157913
-0.0453671
-0.17505
0.101968
1.92081
-0.274149
-0.0307843
0.0342843
0.0434344
0.0373364
0.0794066
0.0580021
0.0160537
0.000189434
-0.07966
0.0286588
-0.0522177
1.00038
2.03465
2.45374
2.67387
-2.58107
-0.300879
-1.03032
-0.271925
0.00184825
0.218112
-0.0467262
0.0374017
0.101134
2.1077
2.28573
0.144959
-1.81038
-0.203143
-0.162918
-0.233386
0.227068
-0.301672
0.26751
1.92677
-0.0659073
1.64873
0.0415761
-0.301083
-0.0657702
0.113225
0.131409
-0.21981
-0.28313
-0.21598
-0.0594666
0.18053
-0.172863
-0.284196
0.0124879
0.0169633
0.0454596
0.0692414
-0.0258089
0.303777
0.140925
-0.0967833
-0.191712
-0.00445448
-0.0640954
-0.0318313
2.50085
2.14256
1.6716
2.3174
0.546663
2.67944
-0.698763
0.0927124
0.0646863
-0.0273071
0.0655935
-2.17729
0.279452
2.7074
-1.64494
0.197772
-0.189052
-0.477489
0.494133
0.314302
-0.402811
0.266428
0.513139
-1.22606
-0.71183
2.33745
-0.00648111
-2.65444
1.61992
0.110408
-2.79987
0.800488
0.0980849
-0.0293273
-0.078325
-0.180362
-0.367371
-0.0354594
-1.70881
-2.09128
-0.020437
0.0796141
-0.384202
0.294187
-0.269011
0.129783
-0.35537
-0.0381325
0.00388548
0.469916
2.48523
-0.422699
1.82138
2.32802
-0.34403
-0.774694
0.683024
0.0544394
0.404161
0.576045
0.537485
-0.0188035
0.0247796
0.447501
3.9598
-2.85157
1.65935
1.67978
-0.00183107
1.29272
-0.00844856
0.468337
0.129381
-1.63873
-0.821823
-0.0125001
0.0135007
0.64189
0.636783
-0.00265612
0.197913
-0.240126
1.17327
-0.28574
0.165098
-0.331599
0.990063
0.250936
0.746517
-1.02553
0.24875
-0.0160302
1.14609
-0.870202
0.10663
0.285845
-0.0343286
0.505149
-0.508461
0.00395872
0.501297
-1.17322
2.66757
1.23838
0.235992
0.407977
-1.22381
0.450731
0.470386
0.14899
-1.11135
0.0828069
-0.0255195
-0.399277
-0.507265
1.00285
0.638897
-0.356154
0.921771
-0.00405771
-0.467062
0.0294227
0.48082
-0.18185
-1.00497
-0.0578884
2.0155
0.0667766
0.284212
-1.99231
0.544186
0.617981
-0.246022
0.658703
-3.26445
0.221629
0.122806
-0.838731
-0.0551012
-1.1598
1.35551
-0.467118
-0.0268865
-0.316902
1.1958
-0.0509666
0.244765
-0.0248118
0.00479396
0.135148
-0.00126949
-2.34684
-1.99081
-2.55558
-0.984687
-0.0931629
-0.477832
0.078664
-0.0688581
-0.342031
0.063893
-0.160567
0.973595
-2.7044
2.80945
-1.07617
0.232872
-0.329603
0.113102
0.516459
0.0519694
-0.251252
1.10246
-0.00747579
0.033439
0.0305002
-0.127755
-0.0538183
-0.946166
-0.166898
0.397216
-0.306325
0.204985
0.116046
-0.618341
0.0946175
0.203826
-0.246649
0.0658587
-1.94343
0.318776
0.597494
-0.424411
0.0865086
-0.0517139
0.841107
-1.48021
0.00543124
0.131272
0.329327
0.656425
3.47251
0.19106
2.23161
-2.50298
1.17435
1.32244
0.0855014
-1.06019
0.0522618
1.46392
0.726737
0.420569
-0.894583
1.9796
-1.29782
0.204107
2.78117
-0.255514
-0.25854
-0.13908
-0.0507564
-0.00748022
-0.0399251
-0.0884945
-1.83914
1.66979
2.7184
-1.2731
0.04382
-0.48456
1.16395
-0.752198
0.470126
-0.0026702
-0.873841
-0.150585
-0.644973
-1.22559
0.206996
0.705131
0.152213
1.3661
-0.0663884
-0.213978
0.339973
0.00147735
0.0790158
0.141424
1.59322
0.651773
1.30771
-2.52802
2.08539
-0.224393
0.117368
0.110091
-0.252906
-0.0565136
0.13249
0.0219755
-0.204316
-0.256898
-0.606993
-1.27643
-2.25653
2.58079
0.499332
0.167175
-1.25602
0.211543
-0.00616775
-0.098689
-0.0988411
0.0854307
-0.378777
0.366554
-0.138939
0.0938665
0.0540506
-0.333556
-0.193255
0.230521
0.0311853
-0.148818
0.106034
0.223027
2.49634
0.0183719
-0.243631
-0.185081
-0.127356
-0.0271863
-0.0995502
-0.154827
0.00316513
0.0656764
-0.271752
-0.602469
-0.0967286
-0.842467
1.12864
-2.75026
-0.597508
0.648513
0.0109604
-0.391589
0.0174153
0.404045
-0.058252
-0.094786
-0.00408952
-0.402203
1.78103
1.62622
-2.31248
0.113718
-0.404311
-0.38881
-0.0134969
0.00345043
0.0133624
-0.974417
0.022198
2.3934
0.261155
-3.06865
2.46831
0.116244
-0.118466
-0.635764
0.143758
-0.0830402
0.0584053
0.104853
0.26786
0.402482
0.66498
-0.231992
0.603958
-0.165513
-0.0277276
-0.363794
-0.0926656
0.0045877
0.0795935
0.310861
-0.0140013
-0.258093
0.387178
-2.18822
2.90591
-2.62716
-0.395014
0.0585488
-0.0137048
0.147028
-0.0908647
-0.0348828
-0.0272223
0.144957
1.95141
0.756421
-2.98284
1.94865
-0.305428
0.103767
-0.946033
0.0156466
-0.00412442
0.106283
0.376211
0.296141
0.0463206
1.29931
-0.582397
-0.610747
-0.383291
-0.585348
0.436977
-0.424558
0.0884721
-0.249479
0.0419899
0.0123562
-1.5153
-1.14307
-0.356041
-0.44245
0.685241
-2.66425
1.08169
-0.343222
0.00158526
0.0644148
0.0520092
-0.354927
-0.32415
0.543284
-0.450774
0.0255956
-0.453485
2.92703
-1.5721
2.68423
0.0439946
-0.1635
-0.430544
-0.00519468
-0.216088
-0.381472
0.266728
-0.0315084
0.00305507
2.99614
-1.85558
-1.14193
-0.0600303
0.00293349
0.188013
-0.168047
0.320697
0.112403
0.809951
0.15013
-0.246582
-0.0740074
0.535212
-2.28227
-0.172945
-0.0156861
-0.0713303
-0.0540689
-0.25399
-0.557758
-0.528539
-0.115066
-0.138421
0.00879947
-2.10918
0.863412
0.0553116
0.0044008
0.0888529
0.0444565
-0.463064
-0.19819
0.283145
-0.294391
0.13309
-0.684189
-2.28246
-2.57241
-1.29601
0.117664
-0.0198893
-0.25718
-0.0172667
-0.303789
-0.322735
0.276656
-0.190521
0.0266023
-2.07375
-1.478
-0.261451
1.41018
0.00254354
0.168558
0.0161481
0.140443
0.0986643
-0.0127919
0.943166
0.00129172
-0.108963
-2.91969
-0.217033
-0.751079
0.0188335
-0.0484674
-0.0221721
-0.213875
0.511237
-0.0707775
-0.257211
-0.0416302
-0.242821
-0.07458
-1.8189
0.0297886
2.1462
0.104159
-0.0355651
-0.370638
-0.180529
-0.262191
-0.125824
0.189485
-0.0834362
-0.209271
-0.0993433
0.263143
-2.67879
1.11373
0.0154051
-0.203644
0.208445
0.0673334
0.274033
0.0652412
0.262183
-0.243248
-2.12313
-0.726267
0.398157
-0.00706214
0.0502913
-0.232033
2.13785
-0.295091
0.70386
-0.259466
-0.314837
0.0734172
-0.153062
-0.128619
0.204299
1.32473
0.112355
-0.0113478
0.0424525
-0.0610098
0.0392683
-0.0306914
-0.0187188
0.250163
-0.0654206
-0.184783
-0.953427
0.00122529
-1.27485
0.389102
-0.40814
-0.269118
-0.267332
-0.032349
0.0380091
0.137529
-0.0100019
0.0443135
-2.16004
1.87578
0.144311
-0.184858
-0.92973
-0.110798
-0.758551
0.290663
-0.406849
0.274127
0.0808704
2.77135
-1.02726
1.72655
2.15137
-0.0405252
0.0409879
0.138257
-0.210973
-0.0649799
-0.494588
-0.131114
0.13768
-0.193302
-2.97757
-0.0898274
-0.0723521
-0.308932
0.0441958
-0.222941
-0.059772
-0.188135
0.0780665
-0.203955
0.251016
-0.0304298
-0.299048
1.07366
0.117086
-1.27628
2.39748
3.41895
0.648928
-0.883994
1.24132
0.159212
0.822358
0.341493
0.160802
-0.819346
1.78136
-1.82713
-1.43919
-2.39256
-0.8179
1.42491
-0.137264
1.26139
0.0224773
-0.536631
-2.83918
-2.58834
-1.73392
-1.51226
0.279937
1.08075
0.235446
0.14865
-0.633443
0.283262
0.0598856
-0.216652
-0.177646
-0.218509
1.00374
-0.0507633
1.50694
0.234123
0.639622
-0.927141
0.046674
-0.65474
0.0286022
-0.566949
-0.0236915
0.189599
-0.0153139
0.00356099
-2.43944
-1.06449
2.16082
-0.0848379
0.0560098
0.0744276
0.0779021
-0.14542
-0.0294435
-0.00272217
-0.170416
-0.11153
1.52379
0.910208
-0.607799
-0.230988
-0.0463855
0.128994
0.0344173
0.000698707
-0.13025
-0.288805
2.07945
-1.97015
0.00221575
0.155292
2.5443
0.882374
1.7162
2.73939
0.138681
-0.037147
-0.0474321
-0.0836579
-0.0454975
0.859087
-0.024086
-0.0219092
-0.0471248
-1.30887
0.0200794
-0.100986
0.0507344
-0.0577627
0.0613048
-0.0491158
-0.445348
0.916075
0.000786177
0.0645612
-2.55243
-0.870148
-3.00751
-0.12475
-1.02941
0.731795
-0.0540289
-0.43331
-0.153549
0.291333
-0.0155759
0.0684011
-1.9249
-2.92494
0.19811
1.4482
0.739958
0.567972
0.13109
-0.083612
0.468201
0.319477
-0.478631
1.00499
0.394227
-2.09512
-3.18279
-2.65457
-0.799334
0.228567
-0.175797
-0.0685074
0.770643
-0.599817
2.72922
2.16673
2.56683
-0.128707
1.11184
-2.06176
-0.201596
0.2175
1.09109
1.1823
-0.0591381
-0.577152
0.28322
0.00499267
0.111774
-0.205815
5.2805
0.299712
-0.050161
-0.507033
-0.119367
0.58665
-1.20844
0.324416
-0.679724
0.0777621
-1.30118
-1.25502
-2.56579
2.16682
3.34154
1.50342
1.13373
-0.0372435
0.796674
0.0612551
0.335917
-0.0162184
-0.00306511
-1.85657
-0.227108
-2.31433
0.748256
0.849757
-1.63134
-2.12769
-0.122311
1.2178
-0.455992
0.777407
0.612293
1.95299
0.0984271
3.61509
1.26339
1.57862
2.63553
1.44322
0.235149
-0.0557367
0.0267059
0.0144663
0.00188123
0.073587
0.0118309
-0.39577
-1.63815
1.19795
0.785327
0.0550851
0.476902
0.145801
0.170499
-0.253163
0.0262766
0.302101
-0.136172
1.59009
0.88285
1.32463
-1.01776
-1.87883
0.269569
-0.0428945
0.0451787
-0.727983
0.189987
-0.00575129
-0.263005
-0.0485162
0.108897
-0.188991
0.161405
0.685829
-0.00616945
0.181642
-0.0273978
-0.42495
0.0853009
-0.0373795
-0.0189135
0.0723471
-0.253267
-1.52157
-2.36545
0.0638763
-1.04105
0.237819
-0.0236851
-0.065887
-0.0857227
0.00409939
0.072946
-0.16709
0.431339
0.417408
0.675995
1.90534
2.4261
-0.199534
-0.223436
0.200027
-0.271699
0.149051
0.00901759
0.277922
1.13773
-0.0143698
-1.07472
0.262871
0.121479
-1.4839
0.863163
-0.391044
1.05549
-0.334526
-0.00489327
0.183998
0.386349
-1.16527
-0.248201
3.34118
-1.22711
-0.490807
-0.272445
0.21899
-0.252275
0.0719441
0.374812
0.39951
-2.38718
1.24284
0.700432
0.53984
-0.848647
0.218945
-0.18892
-0.0657879
-0.240976
0.00487249
0.00159466
0.0713656
-0.0451044
-0.1831
1.40651
-0.872322
-1.15582
2.84572
0.433573
-0.0486735
0.0262743
-0.121262
0.0659698
0.15487
-0.154962
-0.202461
0.0280385
-2.00417
3.21712
1.76917
-0.343889
0.238442
0.187413
-0.140427
0.265341
-0.005102
-0.00365768
-0.0893178
2.99302
-0.175867
-0.17404
2.54296
-2.82674
0.137215
-0.20374
-0.257611
-0.0121862
0.0270855
0.0382627
0.0233221
0.166819
-0.0840748
2.99417
0.0135399
-1.81397
-0.0147577
-0.0817497
-0.306083
0.465051
0.00618739
0.088785
-0.245324
-0.0700001
1.08617
0.906235
-2.60035
0.459473
-1.37455
-0.833801
-0.142701
-0.0656885
0.122421
-0.0832702
-0.0340726
-0.0802949
0.234092
-1.08308
-0.181023
1.20384
2.16833
0.0189644
0.161061
-0.866602
-0.113432
-0.024311
0.103791
1.80063
0.444334
-0.0752056
-0.0280496
2.10081
3.71203
-0.180848
0.620038
-0.519683
-0.297831
0.0666637
-0.138709
0.105251
-0.922548
0.90683
0.205223
-3.62498
2.96979
0.671352
-0.0613727
1.65927
-0.411619
0.00569488
0.122096
-0.107055
-0.92396
-0.339921
-0.793919
0.426676
0.212581
0.454451
-0.436607
-2.45923
-0.571547
-1.80265
0.0863088
0.220464
-0.195891
-0.528865
0.06863
-0.197895
-0.529108
0.269915
-1.44836
1.65654
1.27831
-0.0978048
-0.00619626
0.11047
0.0544902
-0.349944
-0.297999
-1.62293
0.240893
-0.472724
2.1606
0.194594
-0.133272
0.116952
0.353704
-0.57918
-0.0775641
-0.622761
0.74244
0.209488
0.74231
0.163724
0.258046
0.968095
-3.12627
-0.305114
0.00226339
0.067507
0.179021
0.617937
-1.26574
-0.438164
0.852245
0.154582
0.0312907
2.74965
1.23352
-1.04674
1.24297
0.354126
-0.288578
-0.14506
0.205631
-0.426284
0.603897
-0.851599
0.14857
-3.33479
-0.425207
2.63836
-0.260556
0.0148859
2.29528
-0.659738
-0.869019
-0.0228436
0.236952
-0.83816
-1.1603
2.48514
-2.08596
1.15488
0.356846
0.194114
0.7388
-0.142199
0.490316
0.180838
-1.05603
0.64607
-1.24492
-0.469112
0.699368
-0.339523
-0.0710332
0.0019296
1.38885
-0.00204017
-0.435416
-0.23096
-0.432138
-0.109267
0.168394
0.441538
-2.61748
-3.02817
-0.127162
0.0347527
0.0385599
-0.00845549
-0.196809
-0.0733118
0.338693
0.112439
0.072943
0.264162
-0.502068
2.3018
-0.671586
-1.8635
-0.0985614
-0.0532263
0.19795
0.0945491
-0.400207
-0.402456
0.136175
-0.241448
0.0260132
-0.0996582
0.5144
-0.493122
-1.32285
-0.133624
-0.0411318
-0.0165346
0.0105062
-0.0150968
-0.0215846
-0.0556819
-0.0575255
-0.0616513
-0.231567
1.56479
1.53777
-0.274651
2.40632
-0.114447
-0.146071
-0.312867
0.054033
0.166962
-0.145047
-1.52352
0.0311408
1.50864
2.8411
1.41059
-0.0382266
-0.203036
0.0213519
0.0748972
0.330321
-0.358117
0.267805
0.32847
0.160819
0.388148
1.53053
2.1727
-0.00837401
-2.77114
0.107904
-0.208095
-0.123732
-0.00014176
-0.126137
-0.533099
-2.9818
1.00727
-2.64881
0.103046
0.0541647
-0.00808316
0.189124
-0.0521425
0.00364711
-0.10524
-0.00164657
-0.0122832
-0.0321674
0.193962
2.00371
-0.716133
1.79787
-0.0144285
-0.271594
-0.403238
0.0312022
0.37293
-0.0516377
-0.195146
0.0728757
0.469217
1.02762
0.16298
0.722953
-0.086564
-0.0187278
-0.00272266
-0.310223
0.202645
0.0332809
0.0122937
-0.0904149
-0.860435
0.0907392
-2.10004
2.84879
-0.0373923
-1.75272
1.01511
0.298123
0.274164
0.107226
-0.516541
0.170729
-0.0371216
0.0228358
0.78786
-1.68924
-0.535489
-0.0228834
-0.12233
-0.160484
-0.414449
0.101263
0.0453867
0.119735
-0.0300989
0.0598779
0.0109545
0.00146739
-0.756395
0.0920437
0.729875
0.577314
-0.776353
-0.19032
0.391188
-0.108379
0.534204
0.153879
-0.47999
-0.849029
-1.87177
3.59354
-1.21016
-0.872212
-1.8295
-0.010071
0.756741
-0.00215602
0.190485
0.112935
-0.75584
1.02853
1.84538
0.915552
-0.333093
1.26866
-0.0414599
-2.02563
0.179842
0.152812
-0.325946
0.224843
-0.27397
1.34497
0.0503271
1.25883
2.83978
0.290855
0.502327
-0.145005
-0.271028
-0.168721
-0.021746
-0.0591864
0.111062
-0.303801
0.00395773
2.5947
0.492038
-1.81416
-0.463266
-0.109607
-0.0539766
0.188715
0.394756
-0.232544
-0.136978
0.316056
0.0936195
2.75877
0.41933
-0.890371
-1.94711
-1.95829
2.59386
-0.391874
0.328909
-2.45781
-0.0740237
1.20697
0.00984755
0.455669
-0.887691
1.18269
1.39216
-1.09084
-0.798888
-0.181094
-0.151774
0.241818
-0.279161
0.577245
0.0297338
-1.43681
-0.579067
-2.29843
1.55174
0.898383
0.198634
2.1278
-1.12691
-0.348956
-0.0250392
0.143837
-0.00703044
0.00368523
0.0599272
-0.0403904
-2.72074
0.147571
0.00916347
0.18053
0.144346
-0.0696592
-0.0117684
0.271186
-0.122217
-2.23013
-0.499013
0.35305
1.82976
-1.14255
1.08722
0.225411
0.0497469
0.00294395
0.102776
-0.479046
-0.367916
-0.190199
2.89365
0.149659
-2.27272
1.15777
2.04345
-0.146822
0.229251
-0.19721
-0.00249419
-0.0995514
-0.129377
-0.114172
1.70464
1.96243
-1.80915
-0.378561
0.358227
0.0176749
-0.0291664
0.210308
-0.22461
-0.063279
-0.375156
-0.0613558
0.00228956
0.115526
-0.196202
-0.51369
-1.86611
2.16051
0.0102042
-0.292074
-0.684508
-0.347622
-0.00487965
-0.133154
-1.72724
-0.325165
-3.3446
1.41053
0.718417
-0.0499441
-1.99939
-0.609269
0.0849451
-0.436464
0.0935322
0.11739
0.168185
0.00676968
0.0230639
-0.45474
0.567157
-2.24508
2.96628
3.11422
-0.95313
-0.197392
-0.399881
0.759556
-0.899229
-0.332903
-0.315943
-1.62573
1.45585
-2.20589
0.0476427
0.848473
-0.406286
-0.179435
-0.0323597
0.088439
0.772869
0.00196298
0.0783443
-0.064759
-0.877488
-0.971021
0.304153
-2.22639
-0.32244
-0.766032
-0.00436949
-0.589888
0.512127
0.0159016
-0.179713
0.745368
-0.0305948
-0.198851
-0.278567
2.34391
0.639232
-0.167643
-0.295338
0.211651
1.56722
-0.0637255
-0.000465404
0.109681
-2.18551
2.85829
-2.44281
-1.09815
-0.815094
0.806363
-0.0440006
-0.155131
0.418559
-0.444181
0.314199
-0.170409
-0.496074
0.287945
3.05948
-0.198706
0.201971
-0.735328
-0.372507
-0.0283475
-0.50242
0.0649248
0.00140397
0.0946511
0.142085
1.25673
1.23468
0.275712
-0.320337
0.50261
-1.42091
0.269633
0.184039
-0.318423
0.00307424
-0.00892199
0.529503
-0.00121573
-0.286424
-0.886999
-2.75318
2.38231
1.19055
2.15405
0.0334288
-0.793796
-0.0873236
-0.00611586
-0.0628202
1.33951
0.00685452
-1.4564
-2.30617
1.34092
1.63055
-0.602073
-0.0560628
-0.363967
0.125974
0.531803
0.660919
0.0899901
0.572338
0.32075
0.536917
-1.53672
-2.27618
-0.607992
-0.0658894
-0.0979935
-0.0586527
0.00320736
0.0821072
-0.0514472
-0.373121
-0.416872
0.19909
1.59911
0.143303
-0.0313951
0.152878
-0.062323
-0.284303
0.0706361
0.154959
0.000667074
-0.200299
-0.241759
-0.373702
0.259414
-1.02268
2.94101
0.119829
-0.0290641
-0.175479
0.140607
-0.00522077
0.0110938
-0.376934
-0.013739
-0.202417
0.359555
-2.45571
-1.35347
0.176188
-0.247836
-0.238308
0.0408521
-0.0200921
-0.079387
0.0376077
-1.86567
1.22498
0.210085
0.553574
0.773966
0.0299177
-0.0231228
0.00774571
0.100414
0.000577331
0.033057
-0.258676
0.051873
-0.219433
0.0802567
0.521961
0.195348
0.375841
-0.486957
0.0178417
-2.24125
0.0102459
0.0483595
0.0747704
-0.0517472
-0.142527
0.310553
0.295311
0.539761
0.0654038
0.0280383
-2.20729
-1.43551
0.0744706
2.8421
-0.0104654
0.545898
-0.177842
0.200279
-0.282792
-0.913054
-0.346129
-1.22643
0.864983
-0.257881
0.0726353
-0.0407779
0.477842
0.111371
0.16638
0.354488
0.602768
-0.145023
0.653548
1.48738
-0.0404991
2.0299
0.0388553
0.00418973
-0.384009
0.0221696
-0.416151
-0.625041
0.0994781
1.02137
0.213569
0.616079
-3.54799
-0.120484
0.169726
0.0524537
-0.00183272
-0.148519
-0.0291378
-0.175386
0.753224
0.268743
0.239294
0.0289284
-2.67383
-0.293198
0.594675
-0.0421205
0.00866453
0.200267
-0.573043
0.0257004
0.042626
0.166718
-0.150572
-0.171062
-2.71584
2.30712
-1.11399
-2.62356
0.00290924
0.362193
-0.0110261
0.91932
0.481274
0.470287
0.138464
-0.0402378
0.137353
-0.0343532
1.95483
0.484059
0.00254724
2.4599
-0.20339
0.226583
0.351156
-0.391641
-0.575795
0.377096
-0.358033
0.118779
0.0101373
-0.173411
0.0544692
0.110916
0.436313
-0.0612956
-0.0711297
0.476626
0.302593
0.0364356
0.00789907
-0.456977
0.101897
-0.897043
-2.43093
0.637508
2.3392
0.108676
-0.0342468
0.0150939
0.539054
0.0648039
0.446936
-0.296842
0.574939
1.61545
-1.32031
0.162466
0.896356
-0.136593
0.157715
-0.43668
-0.214568
-0.0598506
0.194149
1.24351
-0.0392513
0.168986
-0.0304608
0.00525972
0.133457
2.42034
-0.150185
-0.119573
0.155191
0.144452
0.121524
-0.403423
-0.0982902
-1.75841
-0.278782
0.412386
2.94263
0.00816802
-0.0108903
-0.0210408
0.196709
0.24134
0.0255273
-0.00391193
-0.0925826
0.846598
1.31368
0.490327
0.00269306
0.849144
-0.0110608
-0.0595912
0.189585
0.320908
0.131779
-0.213931
-0.0408772
-1.11858
-0.157209
-0.224405
-2.8626
2.00125
0.753107
-0.31198
0.186037
0.0663753
-0.140914
0.16778
-1.07955
-0.0637918
-0.514688
-0.220453
0.00317455
0.11959
-0.284479
0.902852
1.36679
0.565826
0.0649747
-0.112314
0.506338
-0.125101
-0.032438
0.0543677
0.0258963
-0.38742
0.327861
-1.07876
0.45739
1.93833
0.437239
-0.224279
0.119818
-0.379214
0.194607
0.454703
0.37292
2.07888
-1.79631
0.4106
0.0403917
-0.206192
0.197149
0.2294
1.15109
-0.706757
-0.107244
-2.70814
0.694582
-0.943907
1.98969
-0.504134
0.892429
-1.9234
-0.254807
0.986004
-0.1717
0.652431
-0.029553
0.00711836
-0.0282007
0.00245075
0.0699695
-0.0477049
0.29094
2.5449
-0.147551
0.310589
0.0515291
-0.184704
-0.0064476
-0.0503471
-0.196363
0.042147
0.655432
1.4736
-0.00665408
-1.3544
0.416212
0.125681
0.064841
-0.00482771
-0.155357
-0.201113
0.18599
-2.27196
-2.51969
0.355225
-0.255747
-0.0563237
0.0822443
-0.0230873
0.0037599
-0.119641
0.189481
-0.0890031
-0.0857398
-2.06959
0.0824014
-0.756741
1.65357
-0.116413
-0.225279
-0.141388
0.123961
0.151784
0.031663
-0.0580601
0.217177
0.328954
0.00314292
0.100033
2.69811
-0.205237
-1.14638
0.389543
-0.684267
0.924026
-0.225596
0.414772
-0.0176558
-0.0563176
-2.85576
0.0554847
-0.613004
-0.14697
0.408619
-0.635804
0.466691
-0.648052
0.159591
-0.263835
0.531262
0.733994
0.344884
-0.00154632
-0.446989
-1.82398
-0.19575
-0.370883
1.66178
-0.259188
0.43345
-0.190748
-0.154972
0.315304
-0.125968
-2.44926
3.00201
0.950125
0.671033
-1.24591
-0.720748
1.36038
-0.314373
1.17465
-0.0244319
-0.0641054
0.504702
0.00622152
0.0813106
0.13717
0.646135
-0.431102
0.00376162
-0.0417233
-0.00636636
-0.247356
0.122703
0.440582
-0.464855
0.114986
0.211846
0.715012
-1.63233
-3.38931
-2.16742
-0.441349
0.370506
0.0840661
0.363754
-0.871432
-0.43811
-0.225177
-0.0068282
0.874801
-1.3722
2.90761
-0.620233
-2.22595
-1.53006
0.680122
0.0756862
-0.0936971
-0.533729
-0.23238
0.237055
-0.229148
0.417119
-1.9039
0.715304
0.532565
-1.56805
0.658089
-0.720745
-0.0657878
-0.343946
0.255006
0.00438004
0.10159
-0.020544
0.759754
0.151099
0.15459
0.116448
-0.139539
-0.196146
-0.349591
0.0114612
0.239628
0.0866024
0.111258
0.457393
-0.104763
-0.603703
1.10381
0.217962
-0.238223
0.0947143
0.856685
-0.458619
-0.557416
0.1312
-0.00861351
0.0997338
0.598832
-1.54121
1.44351
-0.913678
0.000856601
-1.76387
-0.0303548
0.194796
0.0868874
0.212618
0.158011
0.0912273
0.306261
-0.194718
1.30775
0.770298
-0.782636
0.557462
-0.564944
-0.0359654
0.402304
-0.0276791
0.00262276
0.0712998
-0.149459
-1.27878
-0.87862
-1.0385
0.422637
-0.455101
0.62052
-0.137887
-0.427057
0.44752
0.0413122
0.232844
-0.836662
-0.142628
-0.0362033
0.620267
0.941762
-0.562
0.214856
-0.759692
0.332941
1.90079
0.375128
0.0104381
-0.0919301
-1.31622
-2.21827
-0.147
-0.392883
-1.60795
-2.32348
0.317643
-0.636633
0.68296
-0.165576
-0.153571
0.328471
-2.83751
0.477615
-0.15544
-1.46255
-0.651543
-1.15222
0.113281
-0.0504968
-0.136033
0.131195
0.00109312
0.0732005
-0.383254
-0.350765
-0.0215282
-0.110874
-0.15007
0.143058
0.242688
-0.923881
0.0965172
-0.160618
0.0408562
0.0510588
-0.605243
-2.77956
2.04622
-0.0382148
0.992622
-0.318704
0.0993764
0.774917
-0.329067
0.507994
0.0264168
-0.000191007
0.114638
0.282345
0.311444
0.136236
-0.18482
0.109996
0.0641463
0.381989
0.353869
-0.379343
0.0607671
-0.121759
-0.554445
0.176281
-0.966418
-0.108455
3.08146
1.38463
0.0844876
-0.093969
-0.0418279
0.111891
2.53196e-05
-0.00104935
0.015731
-0.234362
-0.649648
-0.639028
-0.309774
-0.329509
0.531606
-0.320652
-0.155092
0.0317672
-0.229232
-0.00667632
0.19046
-0.847425
-0.104537
0.281851
-0.748335
0.304066
-0.511744
0.171533
0.250912
0.35
0.49191
0.185827
0.00718391
-0.0642692
0.0806106
-0.18448
-0.00434681
-0.159473
-0.397735
0.547086
0.328938
-0.700612
-0.323352
0.179282
-0.0414707
-0.00771156
0.079696
0.957799
-1.95075
-0.393662
1.86857
2.0128
0.0181724
-0.00349502
0.28629
-0.270877
0.00831965
0.276088
-0.1491
-0.0677013
-0.338921
-0.124905
-0.167757
-0.0662802
0.0308436
0.0326425
-0.0986632
0.387716
-0.00877318
-0.298036
0.241362
0.456873
0.0929564
-0.335245
0.0708889
0.292652
0.265805
-0.0453679
2.79853
0.451981
-9.75571e-05
-0.0480028
0.232587
-0.203423
-0.0740342
0.342491
0.214373
-0.468374
-0.401853
0.363314
0.394124
0.884927
0.495904
1.8032
-0.100423
0.0464529
-0.0607545
-0.32367
-0.0533755
0.178739
-0.0433177
-0.520877
-0.486893
-0.345229
-0.415548
-0.273797
-0.399868
-1.17182
-0.977441
-3.54784
-0.29362
-0.742299
-0.674706
-0.308162
-0.696874
-0.42863
-0.506919
-0.304993
-0.509625
-0.424661
-0.4885
-0.315364
-0.523662
-0.927499
-0.361282
0.207257
-2.07894
-0.53638
-4.3315
3.15533
-2.04866
-2.23568
-2.28425
0.752554
-3.51699
-2.38463
-3.28658
-2.18733
-2.305
-3.84291
-0.489444
-3.39554
-0.0403078
-0.177297
-0.750495
0.113051
1.54769
-0.0606015
1.15801
0.2759
-2.20352
0.620543
-0.271087
-0.0258321
-0.494338
0.0292561
-0.00178954
0.781007
0.347146
-0.381032
-0.201289
-0.431717
-0.527493
-0.475378
-0.553441
-0.357387
-0.0587475
-1.07856
0.0888448
-0.773529
0.184705
-0.821686
-1.72128
1.91168
-0.245809
-0.08467
0.193156
-0.169766
-1.30939
5.04189
-2.00139
2.94516
-5.18528
2.72523
-9.89747
4.40105
-0.230319
-0.518512
-0.188333
-0.321287
-3.01354
0.175913
-1.7344
2.50747
-0.520205
-0.437831
0.193388
-0.295709
2.51161
-1.97693
-7.01861
0.183666
1.64896
-0.450087
0.894123
-2.11428
-7.32128
2.09423
3.51276
2.02469
0.116216
-0.493381
-0.058768
-0.765986
-0.521778
-0.42536
-0.50386
-0.312508
-0.19177
0.0737082
0.622475
0.0245009
0.024621
-0.257765
-1.52791
0.424919
2.90263
-3.37515
5.0418
-4.77587
-0.0991503
-0.221188
-0.0753087
-0.736292
-5.59817
-0.535729
-1.68629
0.150198
-1.61856
-2.30955
-0.681565
-0.758028
-5.95785
0.833264
-1.86347
4.40219
-0.173148
-0.44034
0.166047
-0.711668
2.85131
0.146042
-0.167515
1.44309
-1.13648
-0.214864
0.679701
-1.1616
-0.406184
1.22716
-1.24557
1.91813
0.0910889
-0.046787
-0.916914
1.88832
-5.26356
-0.370198
-3.33201
-1.92145
0.527847
0.173049
-1.85355
0.925959
-4.75868
1.52235
-0.440147
-1.23113
-1.25906
-2.77315
-4.26141
0.881204
0.708655
-3.2067
-3.71016
-0.84264
-0.942011
0.576664
3.41592
-3.28732
4.22923
-0.227352
-1.2789
-0.740804
1.74073
3.0978
1.90348
2.15955
0.482059
0.400257
-0.533399
-0.416433
