[28, 25, 25, 4]
-0.712893
0.0994678
0.0634188
-0.0772416
-1.41151
0.411489
0.338742
0.499522
-1.29834
0.0229441
0.543229
-1.21912
-0.363081
0.470166
0.0678032
0.581006
1.53721
-0.303555
-0.218244
0.267127
0.0657259
0.866718
-0.0480704
-0.470369
0.200134
-0.217713
0.564032
-1.06232
-0.0928243
-1.54435
0.817753
0.153402
-0.0610235
-0.775421
0.844677
0.838488
-0.353311
0.704511
-0.0517923
-0.193241
1.56128
0.213251
0.272352
-0.169753
-0.19192
-0.304622
1.08887
-0.223565
-1.66081
0.512273
-0.550484
0.37303
0.356419
-0.163184
-0.879667
0.0178353
-0.183227
-0.323285
-0.515055
-0.606845
1.32982
-0.27577
-0.0265578
0.947473
-0.910694
-0.26231
2.24803
0.419348
0.463808
-0.629419
-0.070601
-1.2816
-0.0889311
-0.133089
-0.625066
-0.459701
0.482324
1.58629
-0.278863
-1.60129
0.58007
-0.120607
1.66459
-0.581206
0.220892
0.740827
-0.445713
-3.00523
0.964312
0.605826
-0.844408
0.826697
0.304936
-0.0935318
1.33579
-0.231344
-0.163891
0.233279
0.927419
0.833643
-0.220423
0.335997
0.170149
0.363035
-1.45452
0.701717
0.0487556
-0.533014
-0.709191
-0.138188
0.398007
0.589732
-0.125734
0.583731
0.0389642
-0.228628
0.929576
0.306893
0.0360302
-1.18181
0.0783591
0.61034
-0.169599
-0.885412
-0.261825
-0.316461
0.372104
0.128132
-0.909923
-1.27881
0.0506025
0.154224
0.204689
-0.441122
-0.796331
-0.470978
0.227574
-0.708863
0.546228
-1.06851
0.439155
1.15129
0.558127
0.0818607
-0.409278
-0.270995
0.225202
0.371161
0.138038
-0.375883
-0.652615
1.07414
0.694609
-0.784776
-1.25456
0.548334
-0.607291
0.172756
0.202086
-0.0511179
0.0857657
0.107588
-0.894801
0.132891
0.0719345
-0.633863
0.677871
0.389786
2.11748
-0.460675
0.884223
0.236879
0.603762
1.51606
-0.670787
1.0237
1.13134
-1.18857
-0.0240556
-0.491706
0.933914
-0.86795
-0.933441
-0.204506
1.3162
-1.6006
0.877706
-1.69881
-0.611066
0.0731338
-1.67746
-0.110306
0.234809
-0.61557
-0.922889
-0.0343715
0.480443
1.01595
0.569906
0.142605
0.577728
0.619687
-0.522999
-0.00247102
-0.329978
0.0907303
0.443008
-0.46064
0.689442
0.307348
-0.597648
1.45068
0.731109
-0.123505
0.504039
0.012624
-0.129151
0.814236
0.0550985
0.058524
0.307337
-0.0865094
0.313913
0.240731
0.602452
0.269834
0.385212
-0.705903
0.462077
-0.25119
-0.257016
0.134864
-0.208867
0.722229
0.134386
-0.406334
1.28785
0.569381
-0.51166
0.391202
-1.26538
-0.531487
0.948143
0.121591
0.154192
0.269337
-1.75017
-0.87249
-0.117724
-0.323852
0.0517034
1.41104
-0.14551
0.285868
-1.49504
1.08835
-0.79607
0.428986
1.66357
-0.679816
0.0155354
1.23792
-0.918569
-0.859391
1.12911
1.53189
0.296248
0.0963858
-0.0212104
0.452709
0.581754
-0.295898
0.476598
-0.347694
0.135688
0.403656
2.41302
-0.599994
-0.427312
-0.57714
-0.0237091
-0.392107
-0.0328408
1.56722
0.480444
0.107101
2.17003
-0.81869
-0.610995
1.12398
0.271291
0.0866642
-0.0151374
0.224657
-0.398256
0.641007
-0.20769
0.532473
0.0302967
0.168619
-0.318706
-1.18249
1.7371
0.769435
-0.15348
-0.232114
-0.476849
-0.0253019
1.70631
-1.11163
-0.396984
1.85359
0.429758
-0.949549
2.27598
-0.684269
0.464243
0.46131
0.0492802
-0.17925
-1.32664
-2.0484
1.19558
0.308282
-0.19377
0.223166
-0.228621
-0.0114665
-0.324408
0.810223
-0.217957
-0.619348
0.349548
1.21938
-0.076796
-0.0153742
2.87047
0.0749654
-0.553747
-0.332273
-0.406882
-0.487977
0.512547
0.131869
0.0123478
-0.907361
-1.1681
-0.487001
1.79567
-0.0437263
0.0828967
-0.253287
0.303556
-0.345472
2.12478
0.284294
-0.389311
-0.530063
0.869151
0.0978319
-0.705953
1.61085
-0.0299938
0.172635
0.21601
0.757558
0.235065
0.455618
-1.47729
-0.216175
-1.49729
0.113065
1.00273
-1.03166
-0.284717
-0.264145
0.174798
-0.398968
0.873909
1.37815
-0.483535
0.231787
0.431347
1.21282
-0.265169
-0.342526
0.823203
0.732681
-0.539562
-0.0723195
0.24881
0.553472
0.797947
1.35077
0.774851
0.322649
-0.970873
0.121515
0.133591
-0.185273
-0.290172
-0.183419
-0.242414
0.350744
1.374
-0.917834
0.0553996
0.402142
1.29832
-0.32564
0.49154
0.751277
-0.00130482
-0.51485
-0.317422
-0.0852798
-0.159904
0.879843
-0.189215
0.108715
0.133168
-1.01928
-0.321698
0.57984
-0.1719
-0.198758
0.110522
-0.204957
0.205086
0.923827
-0.383728
-0.112692
0.168537
0.872628
-0.15979
0.0727827
1.52182
0.660991
-0.692754
-0.696191
-0.695105
0.0322631
0.674369
-0.166091
0.140713
-0.244879
-0.140368
-0.146667
0.106705
-0.691802
-0.1143
0.140927
-0.733298
-0.0246771
0.74286
0.299372
-0.33006
0.202147
0.354688
0.0424501
0.598969
0.323601
0.603433
-0.425117
-0.68342
-0.139512
-0.0143974
0.424181
0.133837
0.0606206
0.0625688
0.717638
0.32401
-0.366723
-0.4897
-0.479745
-0.148529
-0.250711
0.274171
0.555043
0.0363747
-0.541228
-0.0890616
-0.373161
0.34485
-0.250414
-0.791048
-0.452875
0.200917
-0.418068
1.59666
-0.0328619
0.305788
0.117434
0.130912
0.765052
0.321875
0.694464
0.0394049
-0.479886
-0.0281881
-0.386553
-0.750195
0.0858109
1.26625
0.286137
-0.888384
0.638962
-0.517874
1.14412
4.42769e-05
-0.940546
-1.0967
0.662381
-0.20866
-0.127117
-1.01612
0.136451
-0.740962
0.205374
0.73007
0.300713
1.59966
-0.192176
-0.0232739
-0.175006
0.0265065
-0.178746
0.499415
-0.000961211
0.667522
-0.568134
0.897936
-0.389823
1.14096
-0.252244
-0.932751
-1.29568
-0.118875
-0.191136
0.0836063
0.372323
0.145542
-0.0801406
0.17728
-0.224836
0.363332
-0.980184
-0.20134
0.515896
-0.194982
-0.46739
-0.0297379
-0.0413921
-0.0886784
0.294174
-0.658848
0.0595394
-0.823392
-0.776746
-0.99199
-0.711083
-0.996098
0.120267
0.216022
0.943626
-0.150819
-0.180495
0.0684651
-0.244307
0.279377
0.00729665
-0.496969
0.374726
0.328975
-0.561458
-0.399986
0.324522
-0.0373486
0.494166
0.326094
-0.575069
-0.0843581
-0.898988
0.174032
0.492396
-0.881848
-1.71893
0.622152
-0.276024
0.714692
0.411688
-0.142095
0.130424
0.141692
-0.131204
0.578631
-0.137794
-0.155441
-0.103132
-0.109402
2.47434
0.624173
0.541357
-1.54569
-1.47418
-1.40329
1.50474
1.86968
1.18558
-0.288983
1.24179
-0.00857017
0.12501
-2.08775
3.8403
-1.8033
4.05824
-0.0996088
-1.68307
2.41826
0.462688
3.11777
0.637997
2.79494
0.11327
1.59349
-2.74643
-0.356663
-1.21902
0.881169
2.37157
-0.139678
-4.0471
-1.22015
0.0104093
-1.05387
2.10525
-0.675313
4.87006
-1.4504
4.02913
-2.60505
0.606818
-0.282085
-1.42959
0.128397
-0.948584
0.229993
-3.03807
-1.31181
2.10908
2.25934
-0.706614
0.901109
1.40459
-0.557905
-0.794608
2.38742
-1.25125
-1.20758
-1.80762
0.730072
0.720821
-1.04011
-2.92881
0.878925
0.116942
-1.45896
-0.393207
-0.153037
-1.10573
-0.0931048
0.0282789
0.0204317
3.51022
-1.06403
-0.610711
0.390118
-3.48708
-0.749347
1.14017
-2.12657
-1.02747
0.66272
0.0120087
2.02504
1.89767
-2.80564
0.279757
0.867543
0.167931
0.344227
-0.235616
0.279775
1.85649
-2.72548
-1.74599
0.0213665
0.935921
-0.304689
0.607298
-1.25622
0.184636
-0.66638
-0.050888
-0.728782
0.683495
0.275505
2.55338
0.0745898
0.836909
0.944825
-1.2813
1.10639
0.553805
0.610857
-0.162841
1.46364
-0.779285
0.771986
-0.26195
0.0130555
0.861775
-1.47265
1.91655
0.177209
1.73226
-0.501819
2.28807
0.33929
1.89922
-1.40901
-0.128077
-1.08619
-0.0040096
-0.632649
1.79549
-2.64844
0.0338643
2.22616
0.644674
-0.389749
0.539194
-0.724473
0.126959
-0.300531
-0.565539
-0.438326
-0.481749
0.00222431
2.53494
1.91618
0.213506
-0.391701
3.04241
0.281569
-1.58592
-0.0727404
-0.160697
-0.0408361
-0.199384
0.989812
0.0943569
-0.0484391
-1.8832
-0.293961
-0.983698
-0.149226
-0.953777
-0.575442
-0.528552
0.400777
0.144433
-0.348974
3.11196
2.16305
0.584592
-0.149673
-0.0686159
0.344833
-0.272552
-0.380605
0.466619
-1.50732
-0.0452883
-0.0871681
2.23361
-0.0395031
-1.38868
-1.83128
1.60832
-0.0431775
0.0573062
-0.382758
1.10465
1.3841
-0.590114
-0.170983
0.401019
1.573
-0.575315
-1.46129
0.225331
1.69147
-0.559239
-0.284416
-0.525264
1.03981
-0.134305
-0.0201013
0.0549365
-1.07205
2.80734
-2.27113
1.36186
1.28869
-0.0608061
-0.269681
0.427641
0.0249079
0.252022
-0.563422
0.224812
0.989195
0.545448
0.176172
2.48127
2.04501
1.90028
-1.25702
0.598131
-1.17251
0.141989
0.0446625
0.0506983
-0.0548537
0.227532
-0.0537094
2.57596
3.39883
0.821145
-0.676784
0.490017
0.270516
-0.305201
-0.667211
0.173623
-0.336908
0.367508
1.08328
0.36997
2.68927
2.06108
1.88438
4.11859
-1.24101
0.873889
-0.390915
-0.449452
-0.146532
0.67978
1.56933
-3.80659
-0.740177
1.72404
-2.0614
-0.34026
0.117723
-0.253918
-2.06727
-0.402539
-0.0518974
0.605323
-0.150768
2.07039
1.39665
1.50089
2.20711
0.430688
1.73395
-0.419219
-1.28796
0.0456448
-0.471121
-0.0779885
0.586134
0.966015
0.0965998
-0.965734
-1.90828
1.13635
2.97408
-2.6492
2.79027
1.01179
-0.661442
-1.39593
0.210173
0.898723
0.425393
0.0342403
0.560726
0.0290972
-0.940727
-0.0948888
0.920171
2.85058
0.110525
0.391979
-0.0257641
-0.127134
-0.0492127
-0.529109
0.102756
0.362108
1.30852
-2.24533
-0.512995
1.70238
0.658414
1.10698
0.542013
0.0177755
-0.033665
-0.0329726
-0.038747
-1.69831
0.630799
1.57368
-1.15547
-4.35518
-1.01463
-4.499
-2.32145
-0.00782969
-0.179926
1.23244
0.913163
-2.15445
-1.79319
1.26299
1.56186
-3.08395
2.66568
-2.21549
1.15139
1.06935
-0.167214
0.443647
-0.148666
-1.28041
0.23829
0.225462
1.02406
-0.0565622
-1.18444
2.21525
-0.159994
2.19809
0.00322799
0.115873
-0.602768
-0.53157
-0.660207
0.744222
1.36344
0.509537
0.340713
-1.6856
2.0965
0.845626
-0.121226
2.85035
0.793916
-0.213832
0.403557
0.25833
0.266274
-0.552356
-0.881421
0.173923
0.283011
0.671524
-2.61887
1.62659
-0.771861
0.127635
0.492012
0.60818
-0.168893
-0.0788383
0.957257
-0.221671
0.51102
-0.696855
-1.02267
-2.36569
2.50559
0.00495909
-1.29292
-0.677022
-0.932208
0.336207
-0.875108
0.894311
-0.0131439
0.969609
-1.06568
3.03251
-2.58145
-0.508563
0.642927
0.0132059
-0.841499
0.727742
0.0109617
-1.11275
-0.347809
0.18949
-0.0504073
1.75898
0.990819
-2.40134
0.0107685
0.045322
-1.81327
0.211052
0.29783
0.300169
-0.182049
0.214904
-1.3491
0.348099
-1.83899
2.88065
-0.738081
-0.307807
-0.995722
1.0339
1.10909
-1.13489
-0.03162
-0.0550537
0.467411
1.35384
-0.578269
-2.30102
2.33913
-0.451911
-3.50735
0.584244
0.0923268
0.67561
-0.475396
0.492604
0.238208
0.85016
0.198016
-0.37823
-0.00394354
-0.0236102
1.44418
-1.36911
2.52795
1.35165
-0.00294236
-0.0508901
-0.406093
0.26819
-0.0473474
-0.208664
0.353903
0.172007
2.00177
-3.04876
0.854949
0.275537
-0.177387
-1.01719
-2.36077
-0.210473
-0.739371
-0.480021
0.79285
0.0128458
0.0465538
-2.27523
-2.06785
-0.546099
0.364884
-1.8927
0.557691
0.51956
0.778436
-1.3775
0.911319
0.143662
0.371466
-2.56486
2.55984
-2.78309
-0.860849
2.81859
0.824497
2.0415
2.56622
-0.0604062
-0.464162
0.534787
-0.0833926
1.59498
0.468201
0.814092
0.053978
-3.54981
2.72313
1.88268
-0.719454
-0.304549
1.62733
-2.87255
0.24246
0.437369
-0.306125
-0.468475
-3.79132
-0.684066
0.304525
-0.460509
0.240114
0.287318
-0.471579
-0.278026
-0.0313666
-0.0832811
0.543986
0.247708
-0.139315
-1.56195
4.2629
-1.52441
-0.207951
-0.469402
0.198227
-2.44728
-0.604758
0.517186
-0.101007
-0.469379
-3.19873
-2.17085
1.54083
0.444395
-3.53208
4.55047
1.40096
-0.426295
-0.457557
0.460819
0.0912794
-0.151035
0.304237
1.90325
0.0912721
2.84574
-2.90457
-2.52858
-2.54657
-1.1523
-3.14515
-0.633947
0.867056
0.369077
-1.34672
0.577613
-0.0353829
-0.779715
0.0188213
-2.90538
-0.826521
2.52216
0.370616
-0.828366
0.476244
-0.0678778
0.601206
-0.83868
-0.156719
-0.0638807
0.201844
1.50447
0.38233
-0.540592
-0.0733634
0.349177
0.181545
0.359333
0.372302
-0.469846
-0.85936
0.340194
0.631732
0.233393
-1.08594
-2.95406
-2.73382
-3.28405
1.0571
-0.0186911
-0.0347136
-0.476442
0.339652
0.627705
0.737763
-0.288322
-0.20584
-1.47107
-3.05041
0.375488
0.941118
-0.360018
-0.473644
0.198458
0.190497
1.31162
1.1596
-1.15291
0.0857412
0.188983
0.28994
1.92357
-0.204492
1.48082
0.0260803
0.0415825
-1.23801
-0.921912
-0.371327
-0.418376
-1.05924
-2.09903
-2.56627
-3.13348
2.70631
3.83121
2.37086
-0.459021
-0.0915571
-0.274096
-1.51534
0.487999
-0.0794576
0.398565
0.608466
-0.786976
-0.49893
-1.14683
1.03045
0.291545
0.0589627
-0.306046
-0.463821
0.628776
0.697229
-0.183962
0.144456
-0.538253
1.41614
1.16132
1.28453
-0.137497
-2.07011
0.34117
-0.0229745
0.00889143
1.20754
1.01668
0.395124
0.985497
0.647464
0.196325
1.72
-0.39128
2.30976
2.45351
0.770306
-0.133162
-0.046206
-0.279571
-2.69387
1.05497
-0.483116
0.640167
-0.764562
0.220175
0.860593
-1.29216
-1.04709
-0.565735
-0.466465
-0.070274
0.244152
0.275832
-0.554835
-0.855426
-0.0846703
1.04865
-0.630604
-1.25861
2.75768
0.6068
-0.346687
0.223727
0.668602
-0.136684
0.0017339
-0.503185
-0.183325
0.54452
-1.99991
3.17615
1.57623
-0.459852
-0.078794
-0.367608
-2.27496
-0.275641
0.69312
-1.38813
-0.0802266
0.832864
0.0643398
-0.0698695
-1.69624
0.450931
-0.563755
-0.365441
0.176917
-0.275817
0.948824
0.727443
-0.675635
-0.537128
-0.0478904
-0.868737
0.063261
2.18946
2.31341
-0.271235
0.50763
1.25816
-0.466478
-0.0871883
0.345159
0.61329
0.050535
0.951665
0.25398
0.731674
0.0992167
0.530845
0.16365
-2.61234
0.47542
-1.24452
0.557894
0.111825
0.605299
-0.557556
0.388504
-0.68103
0.325121
0.385968
-0.970223
1.72272
-2.98284
5.75911
-7.7902
8.31286
-7.33978
-4.36395
1.13354
3.57915
-0.357995
-2.9157
-3.28716
-1.02702
0.134979
-1.903
1.04123
2.06142
-1.42445
6.59802
-3.88132
0.418712
7.49439
-5.97904
-8.55372
1.41611
0.456967
4.82041
-2.32528
-0.310575
-1.74543
-0.609349
0.206241
-2.43746
-1.77238
-4.89609
-1.27393
-0.665788
-1.03779
-0.716977
-0.747175
-0.143651
-1.66097
-2.24316
1.98804
-2.70854
-0.758449
-2.33716
-1.26955
0.695114
0.635965
-2.34359
-0.810248
-3.99352
-1.23151
-1.76418
-1.4212
2.54362
2.29077
1.18883
5.2282
-7.1449
3.61306
5.67007
-7.0681
-5.63963
0.624795
2.86948
0.830904
-2.51019
0.492869
-3.79517
-0.488825
-0.348769
0.733798
-0.818349
0.321492
0.577989
-0.367812
-2.25454
1.16434
0.0169055
-5.99247
2.93437
-0.422794
1.28015
-3.32506
-1.86323
3.60708
-2.19803
-1.92469
-1.84265
-2.76384
-0.776856
0.451289
-3.23561
1.18005
-1.8156
-3.1134
-3.7682
-4.5451
-0.956991
-0.903524
-3.80123
0.887983
