[28, 36, 36, 4]
-0.0687971
-0.421218
-0.258285
0.0240046
0.0149406
0.0489849
-0.278293
-0.374412
-0.674078
0.383952
-0.237384
0.268749
0.204367
-0.00976942
0.536297
0.00579263
-0.525936
-0.0835401
-0.0161212
0.732923
0.546252
0.432964
-0.551164
0.272989
-0.0967365
0.952626
-0.585306
-0.844622
0.966224
0.514651
0.345978
0.975965
0.424406
-0.131807
-0.391579
-0.0545656
-0.0824919
-0.401495
-1.05881
0.370333
-0.575366
0.00731414
0.512394
-0.465889
-0.592512
0.326295
0.402484
-0.0204431
-0.579091
0.0245865
-1.15383
0.953502
-0.821911
-0.105875
-0.878965
-0.46587
-1.03096
0.197933
0.323226
0.0410283
-0.581945
0.288879
0.0681572
-0.528145
0.410705
0.405329
-0.447052
1.15514
-0.575266
0.0283186
0.031137
0.128022
-0.131245
-0.799076
-0.975065
-0.315701
-2.47253
0.225234
-0.208558
-0.255965
-0.602442
0.150477
-0.0238092
0.354321
0.159353
0.324865
-0.0154468
-0.00523829
-1.51183
-0.105038
-0.283645
0.178798
0.456765
0.231261
0.0153245
0.573901
-0.304778
0.542526
-0.43339
-0.629831
-0.170312
0.449327
-0.350531
0.50116
-0.534297
0.0492248
-0.0611215
-0.181618
0.148225
0.493538
-0.433922
0.221293
-0.282599
0.0952604
0.286896
-0.531317
-0.344904
0.20202
0.00249985
-0.186774
-0.44184
0.171461
0.245622
-0.156231
0.0696911
-0.823835
-0.468556
0.0410252
0.0690562
0.203253
0.230498
-0.00721035
-0.358659
0.445818
-0.217638
-0.562994
-0.182377
0.51213
0.212984
1.18094
-0.0836581
-0.226182
-0.00457061
-0.0149442
-0.0618252
0.0560595
-0.58192
-0.912365
-0.189496
0.0920607
0.0223163
-0.483158
-0.831827
0.286952
0.339396
0.192501
-0.479651
0.534081
0.0494437
-0.0445876
-2.06435
0.436222
-0.614062
0.0380354
2.54652
0.287571
-0.032822
0.635208
-0.952968
-0.264294
-0.231407
-0.76653
0.42312
0.196487
-0.482202
0.457555
-0.37124
-0.0254132
-0.432972
0.283971
-0.0898823
0.0546309
-0.267651
-0.207717
0.144965
0.0179249
9.75581e-05
-0.392303
-0.770171
-0.366757
0.128636
-0.250099
0.0305102
0.18189
-0.0564001
-1.86392
1.29184
-0.258391
-0.185002
0.205486
-1.1489
0.389829
0.731192
0.265749
-0.622135
-0.443092
-0.612697
-0.393828
-0.697288
0.561012
-0.143566
0.491347
-0.930434
-0.473035
-0.48729
0.130818
0.287619
1.0752
-1.58975
-0.362951
1.8157
0.115361
-0.193478
-0.383196
-0.794814
0.399647
0.238147
0.342291
-0.367758
0.77512
0.347951
0.0914438
-1.00663
0.19142
0.194328
-0.218621
0.443661
0.719032
-0.335562
0.982971
-0.819907
0.105956
0.149877
0.0911029
-0.822238
0.34484
-0.260327
0.77109
-0.983158
0.0886938
-0.0869003
0.175543
0.645362
0.703581
-0.726957
0.0388542
0.291166
0.266849
0.256453
-0.0552841
-0.589818
-0.251992
-0.00228061
-0.158746
-0.259912
0.746853
0.260158
0.0758482
-1.54208
0.249338
0.199557
0.137722
-0.338998
1.1393
0.447706
-0.123911
-1.05554
0.0801755
0.951227
-0.892175
-0.42532
0.79707
-0.755471
0.997133
-0.763796
-0.500746
-0.106758
-0.0271698
0.0560826
1.46688
-0.744551
-0.522439
0.130101
0.342859
-0.349066
-0.516343
-0.495406
0.180586
-0.00259093
0.125824
-0.524454
1.10448
0.280936
0.877946
-0.616933
-0.0446713
0.105933
-0.466622
-0.773909
-0.151075
0.0646578
0.603474
-1.61956
-0.198871
0.298104
0.610765
-0.88203
0.392202
0.315799
0.508289
-1.073
-0.338086
0.570802
-0.188299
0.366821
0.633313
-1.44143
-0.225052
1.25862
-0.0211953
0.16155
-0.00249486
-1.07045
0.0369663
0.432213
0.110762
0.108563
0.737635
-0.683315
0.619704
-1.0772
-0.243901
-0.633636
0.355801
-0.412732
1.51556
-0.0191005
0.0668136
-0.621948
0.321866
1.74569
0.0445053
-1.10358
0.627808
-0.430674
0.748051
-0.335378
-0.103547
-0.756647
0.202763
-0.198703
0.983311
-0.168718
0.398882
-0.26187
0.294316
0.0668521
-0.554292
-0.0949035
-0.0908417
-0.393764
-0.200889
-0.758936
0.594585
0.435575
-0.365918
-1.01207
-0.403979
0.431456
0.0279688
1.12667
0.049085
-0.165452
0.210757
-1.25492
-0.0644025
1.15437
0.372889
-0.876144
0.116672
0.0233271
1.63134
0.44735
-0.581625
-0.595607
0.34221
-0.424253
0.375405
-0.867052
-0.14817
0.0932104
0.31745
0.60257
0.0949688
-0.830229
0.719667
0.670873
0.247456
-0.279371
1.27889
0.276113
-0.463571
-0.528248
-0.264383
-0.0901222
-0.0701192
0.557618
0.688
-0.276414
-0.388246
-1.2681
0.0797767
2.56957
0.438485
0.675236
0.501649
-0.0481482
1.14492
0.612898
-0.202229
0.980447
-0.236863
0.802203
-0.25754
-0.327454
-0.194378
-0.556799
-0.0201539
-0.318399
-0.334218
-0.608608
-0.312382
-0.326571
-0.0325359
0.360572
-0.179382
0.105332
-0.778557
-0.247358
-0.311013
0.466845
0.232746
-0.838945
0.371899
-0.144141
0.144642
-0.179959
-0.284109
-0.0512122
-0.377155
-0.501805
0.167771
-0.0141262
1.4763
0.176053
-0.40288
-0.631283
0.286432
0.278165
-0.288768
-0.628466
-0.162815
-0.0045069
0.236432
0.179016
-0.523079
0.0523619
0.455257
-0.269088
-0.174408
-0.383467
1.29167
0.213805
0.341699
0.217584
-0.0823275
-1.05564
0.099417
-0.563745
0.00459611
-0.30041
-0.0938146
-0.610474
-0.4363
2.76399
0.566164
0.431885
-0.0981813
0.624143
0.707855
-0.00703029
-0.237137
-0.52375
-0.296072
-0.654305
0.760884
-0.295789
0.584019
-0.279223
0.660156
-0.310183
0.0316353
-0.624034
-0.0673641
-0.162719
-0.0899234
0.252117
0.135975
0.582823
0.430184
2.14391
-0.380912
0.334095
0.460499
0.630468
0.314727
0.368894
-0.202726
-0.429
-0.26849
0.767415
0.267282
0.815478
0.165655
0.966396
1.53283
0.546494
-0.412891
0.341231
0.0215021
0.66887
-1.3817
-0.889659
0.0636007
0.263991
-0.0927969
0.0663023
-0.493891
-0.165898
0.287383
-0.301309
0.0311547
0.120066
0.377305
-0.928759
-1.76651
-0.150169
-0.35165
-0.153336
0.185366
1.08529
0.243372
-0.60297
0.034915
-0.155237
0.0855188
0.381225
0.104319
0.36168
-0.238969
-0.101842
0.784814
0.143669
-0.417234
-0.420045
-0.0617602
-0.544919
0.128918
-0.478946
0.287742
0.28912
0.526035
-0.252195
-0.0374087
-0.263513
0.2902
-0.331661
-0.15902
-0.0797507
0.603193
-0.28085
0.231434
0.770106
-0.278775
0.409667
0.14451
0.321078
0.398119
0.243765
0.0712137
-0.13959
0.194188
0.821403
0.742935
0.482751
-0.124054
1.47403
1.18122
0.486157
-0.240897
-0.564621
-0.138507
-0.674733
-0.407263
-0.157365
0.0151893
0.719104
0.30487
0.0874372
-0.545207
-0.290174
-0.356739
-0.448683
-0.208319
0.107694
0.465399
-0.127604
0.0637419
0.832268
-0.161402
0.391622
0.363912
-0.238089
0.0309881
-0.124762
-0.229215
-0.724834
-0.386682
0.275324
1.05262
0.416527
-0.26664
-0.406295
1.33746
0.0251281
-0.406041
0.237642
0.00539033
-0.379162
-0.0272439
0.373128
0.443246
0.0257399
0.723111
-0.53422
0.13514
-0.529993
0.186668
-0.59001
-0.169943
0.027342
0.623479
0.0576171
-1.49899
1.2125
0.246979
0.118052
0.0750344
-0.877548
0.216268
-0.031578
0.392601
-0.36056
0.357775
1.18642
-1.44047
0.219391
-0.137261
2.22056
0.883303
0.399284
-0.305582
-0.994422
0.431414
-0.270855
0.514973
-0.99641
0.326586
1.311
-0.176462
0.0130195
-0.678684
-0.326345
-0.520376
-0.14239
-0.298225
-0.32672
0.594705
0.219447
-0.0674326
0.437288
-0.654476
1.61493
0.623251
0.829616
0.611287
-0.022114
0.198868
0.104
-0.252503
-0.690395
0.380695
1.27813
-0.0564135
0.327495
0.977937
-0.230244
-0.0694326
-0.721333
-0.665564
0.418305
0.235077
-0.803099
0.0676095
0.190883
0.418449
-0.297615
-0.32786
-0.019861
0.462298
-0.979395
-0.191503
0.148122
0.192629
-0.0636701
-0.0549319
0.220859
0.880873
-0.114505
-0.0893143
0.768277
-0.124689
0.0950603
0.315353
0.265626
0.224384
0.349642
-0.472396
-0.380114
-0.628783
1.7044
0.936809
0.583544
0.268709
-0.156261
0.0730897
-0.754387
0.248019
-0.29792
-0.458541
0.156845
0.400603
-0.168169
-0.509317
-0.0244726
-0.129676
-0.292675
0.160816
0.275676
-0.17649
0.275161
-0.0877459
-0.696782
-0.0757209
0.318684
0.573292
1.4708
0.352705
0.0436512
0.202166
0.403118
-0.0436797
-0.0779182
-0.103966
0.578896
0.0993995
0.426589
-0.434771
-0.381831
-0.0326992
-0.765231
-0.418774
-0.372768
-0.406253
-0.380014
0.415427
-0.214375
0.0335057
0.0162807
-0.714207
-0.248828
-0.0611262
-0.48512
-0.254145
-0.387691
0.172491
0.513697
0.216722
0.415381
0.144367
0.967567
-0.154297
-0.270353
-0.118305
-0.468071
0.236429
-0.00168862
-0.110518
-0.262191
-0.125002
0.379493
0.224177
1.32161
1.82972
0.85196
0.588176
-0.126898
-0.0241819
1.50686
-1.23693
-0.174208
0.0135488
0.423923
0.413202
-0.0987113
-0.870169
0.407902
-0.330437
-0.712622
-0.341582
-0.150964
0.781701
1.29346
0.0186905
-0.84052
0.570689
0.4909
0.345786
0.456901
-0.397761
0.337916
0.221999
0.544499
-0.0168525
0.386447
-0.753841
0.173813
-0.71532
1.22751
1.33007
-0.306551
0.192167
-0.567845
-0.762561
0.555545
1.39937
3.23973
0.13209
-0.256479
2.60521
-1.83696
0.50597
-0.93534
-0.0722668
-0.223269
1.17283
2.00325
0.214511
-0.701017
-0.900538
0.759009
0.719101
1.18559
-1.19875
1.91513
-1.36619
-3.46051
3.48513
2.36285
-0.494693
2.18159
3.28063
0.696256
1.95587
-0.237942
0.299605
-0.952329
-0.474551
-3.48285
1.14317
-2.49967
-0.636613
-3.62487
0.00597191
2.37667
-0.576259
0.748436
-1.491
2.83012
1.1735
1.13008
-1.37651
-3.90146
-2.54497
0.122933
0.444691
-1.2728
-0.864614
-0.499922
1.59246
-1.02798
0.146313
4.82868
-4.3101
-4.00853
-0.209397
-1.76428
-1.15752
0.0729042
-1.40922
1.04381
-1.22548
1.69916
-0.0598341
5.01225
-1.68502
0.111231
-0.0482426
0.521503
-0.417432
0.867931
-2.43747
0.889415
-2.17832
-1.45214
-2.96639
4.60517
-1.25267
0.0768894
-2.01907
0.031709
-0.291566
-0.223533
-0.735851
0.0128237
3.68424
1.35462
-3.28559
0.863617
1.86483
-2.09788
2.36436
-3.52574
0.40757
1.40357
1.59475
-0.850699
2.38213
1.72948
0.358995
-3.55842
-2.19554
0.14793
-0.931971
1.89677
1.82139
-0.371593
3.87196
0.764014
0.496828
-1.12089
0.863304
-1.72951
3.76722
-0.490702
2.61048
-0.313099
-0.197016
1.73168
-0.982178
1.76122
0.959001
-0.988309
-2.1503
-2.96219
1.4153
-2.41481
-1.5926
0.513964
-0.546966
-1.2454
-1.92666
-0.697087
-0.173032
0.0980785
-0.554555
-0.176356
0.979827
0.286987
0.661397
-0.136291
0.138055
-0.660455
1.24359
0.409425
-0.985061
2.05641
0.636221
-0.713523
-0.343154
-2.99153
-0.399297
-1.41628
-0.769609
-0.513749
-1.48619
-0.356317
-1.06162
2.36461
0.282625
0.335141
-0.273081
-1.27671
0.296871
2.88583
-0.0815063
0.76916
-0.505264
-0.00783291
0.0830906
0.44449
-0.055398
-0.585365
-0.386723
0.769216
0.35482
1.5282
0.0146082
0.136835
0.412733
-0.334528
-1.14193
0.98669
-1.22228
0.718791
-0.0799039
-0.453194
-0.610626
0.857244
0.171417
0.311577
-1.36226
0.466508
0.48827
0.0541397
-0.908248
-0.710869
-1.09902
-0.240885
0.92249
-0.655407
0.501928
0.127874
-0.203207
-0.29762
-0.622264
0.0255873
1.27591
0.555968
-0.591242
1.67812
-0.168609
0.663344
0.0304969
0.103053
-0.569975
0.860814
1.28346
0.145028
-0.977839
-0.261409
0.490903
1.41991
0.207584
-0.361252
-0.00182782
-1.30792
0.589931
-0.36462
1.07281
-0.125348
0.0570058
-0.751874
-0.988666
0.33514
-1.99723
1.21818
-1.15687
0.0167638
-0.870032
0.444917
0.301196
0.716482
0.541661
0.31827
0.657415
2.34952
0.592205
-0.137367
0.0307673
-1.50492
-1.02757
-1.58482
3.03354
-0.195623
-0.852784
0.458711
-0.197019
0.943494
0.432312
-1.83231
0.0633358
0.882433
-1.72213
0.114148
-1.28992
0.296819
-1.34558
0.370972
1.26197
-0.362664
1.84877
-0.0781761
0.549466
0.122691
-0.700575
-0.651112
0.618265
0.436933
0.805029
1.96764
-1.64431
1.71893
-1.34167
-1.50151
0.0248967
2.62795
-0.0609199
0.554328
-0.725873
0.635954
-0.458855
0.343338
-0.394384
-0.957779
2.32494
-2.84834
1.78379
1.71582
0.107431
0.00784273
0.896355
0.0253951
-0.144017
0.20371
0.437868
0.169781
0.155979
-0.677694
0.518037
0.630522
-0.0854129
-0.760295
0.156441
-0.0117098
0.0824934
0.169988
-0.440484
0.0783494
1.00845
2.36518
2.50333
2.72455
-2.63522
0.896552
-1.49461
-0.0868257
0.244658
0.462579
-0.729827
-0.237587
0.0103916
2.63929
2.38772
0.123328
-1.61312
-0.00622105
1.18146
0.430969
-0.193228
0.102004
0.316414
0.951606
0.168133
1.66013
-0.0147365
-0.221842
-0.152402
-0.659488
0.0502678
-0.341927
-0.0786981
0.082591
-1.60691
0.369803
-0.576547
2.9469
2.19809
1.77896
2.94699
-0.441232
3.82876
-1.8592
-1.27628
-1.32569
-1.41543
0.153529
-3.39009
-1.40723
2.76043
-2.58556
0.0686294
0.186676
-2.05324
-0.241504
-0.452961
-2.26429
0.249124
0.785644
-1.42898
-2.69262
1.48976
0.11903
-4.28383
1.47921
-0.497701
-2.56148
0.292608
0.447037
1.29546
-1.68065
0.515378
0.112668
2.48557
-0.414061
1.52664
3.05985
-2.44928
0.562447
-1.11505
0.197905
0.968304
0.565244
0.229696
-0.620296
0.188772
-2.23311
2.93119
-2.55778
2.76584
1.24523
0.322158
0.226786
-0.613593
0.691983
0.969319
1.99848
-4.7631
-0.138045
1.43132
1.62631
-0.64429
-1.5673
0.578926
1.39859
-1.12232
-0.267167
0.174562
-1.42543
0.0147314
0.461898
-2.83704
1.70378
-0.0912047
0.919937
-0.263211
-0.938549
0.666512
-2.27403
-0.00922693
0.0177791
0.1321
-1.27565
-1.89954
-1.07514
1.51108
-0.540615
-0.828775
-1.46895
0.435926
0.198385
-1.71445
1.05188
1.25572
-0.936968
1.16306
2.4681
0.39436
-0.316515
0.627186
1.47197
-0.48046
-0.296541
0.0277889
-0.670423
0.0445839
0.168316
0.0394786
-1.92457
0.112903
-1.93113
-2.77059
0.687264
-0.237108
2.36111
-0.639141
0.497801
0.215712
-0.634047
0.492647
-2.51239
2.5492
-1.26968
-0.309028
3.0375
0.150336
-0.391107
-0.37591
1.16383
0.292485
0.0310278
1.03749
1.12402
-1.65656
-0.690737
-3.02051
1.2401
-0.50649
0.303086
0.29453
-0.854009
0.0425121
0.196893
-1.1126
-2.1325
1.67742
0.804058
2.13909
-0.0878081
-0.649993
-0.96333
0.242535
1.03837
0.0317175
1.70053
0.210647
0.211225
-1.18823
3.03368
-0.751082
0.0849301
3.96986
0.154105
-1.21266
1.34761
1.64569
0.166692
-1.438
-0.825356
-0.55849
0.274165
-0.0946494
-0.619697
-1.89328
0.0990452
1.48773
0.288336
0.0129542
0.0949624
1.18543
1.8799
-0.0477488
1.68016
-2.94642
1.88419
1.46912
-0.00634626
-0.356315
-0.717907
0.199804
0.616214
0.158265
-0.437482
-0.229143
-0.901574
0.0238925
-1.06111
2.51344
0.357234
0.667172
0.350433
-0.712074
-0.0647793
-0.700569
1.47982
0.142241
-1.31551
-0.875718
1.49152
0.275984
-1.04455
-1.7211
0.0766992
0.0399577
0.175394
-1.47584
-0.509419
0.0380942
-2.12638
-0.0496433
-2.92355
0.94775
0.0422504
1.15021
0.319188
0.0917134
-1.51528
0.126155
-0.249912
-1.90532
-0.894071
1.27306
2.80808
-3.80952
0.875632
-1.12885
-1.25389
1.5661
0.0813028
1.15118
-1.01181
-0.693747
2.62309
0.289336
-2.44626
2.59043
0.764823
-0.879927
1.27186
0.0214778
0.112941
0.357147
1.82305
-1.15867
0.549747
-1.85877
2.37574
-2.03044
0.668783
-2.03103
-0.214992
0.0139185
0.0441122
-0.289389
-0.630677
1.66849
1.24118
1.10719
-3.67565
0.037218
-0.906428
-0.508151
0.243071
1.93789
-0.0637932
-1.19997
1.09819
0.56939
0.515955
0.0915975
-1.60044
0.410426
-2.88056
0.655116
0.175596
0.0265278
0.114373
1.30256
0.417538
0.209239
-0.522608
-0.321694
0.015933
-0.63365
2.05211
-1.26791
2.71241
0.0217935
-0.377225
0.817808
-0.158717
-0.0503915
0.653108
-0.316293
0.188067
0.541112
3.02753
-1.44408
0.359478
-1.03872
0.097481
-0.525731
0.263341
-0.166921
0.803639
-0.0980554
0.372431
0.402533
-2.0664
1.19139
0.706165
0.035142
0.0625764
-0.494091
0.566897
-0.804326
0.462916
1.32497
0.493969
0.0591764
-1.31094
-2.19183
-1.82647
-0.0267476
0.152097
-0.144957
-0.82105
0.326779
0.298205
0.4218
0.532669
0.732693
-1.95051
-1.39494
0.167981
1.14312
-0.00817481
0.00896576
-0.767163
0.214441
0.15801
0.526154
0.163406
0.966449
-0.0426154
-2.05003
0.29332
2.14167
0.0801063
0.310048
0.668023
-0.624338
0.11549
-0.532291
1.05193
-0.273886
-0.598485
-0.0973889
1.11744
-2.62587
1.11219
-0.282974
0.0347463
0.814991
0.347197
0.0106315
0.040996
0.962896
-0.426822
-1.75145
-0.830157
0.329331
-0.00663746
-0.381007
-0.949513
1.79531
-0.863027
0.0426111
0.244725
-0.438001
0.427409
-0.291544
-1.79034
0.0487703
-1.22742
-0.396442
-1.37194
0.671736
0.431728
1.04931
-0.648326
-0.56442
1.18321
0.228203
-1.94077
2.00251
1.16822
-0.23342
-0.601948
0.304363
-0.458024
0.711559
0.100583
-1.83291
0.484657
3.23053
-0.846332
1.9514
2.19202
0.909772
0.0592065
0.772162
0.000663696
-0.109417
-1.80982
1.24175
-0.860916
-1.18738
-0.394273
0.111679
-1.31807
1.10052
1.00126
-2.12749
-0.334777
0.123646
-0.756236
-0.360362
-1.0301
-0.351137
-1.03288
1.59212
-2.22967
-0.986175
-2.45765
-1.37773
0.209025
1.14345
-0.503657
1.4472
0.40277
-2.77424
-1.24101
-2.17454
-1.55881
0.150541
-0.11431
1.54838
0.106283
-1.77772
-1.00125
0.0366331
0.0699014
0.485206
0.194065
0.0298238
-2.4001
-1.06873
1.40481
0.0478096
0.550105
0.848988
-0.145089
0.507566
-0.45296
0.48613
-0.741801
-0.167434
1.51037
1.05617
-0.730004
0.290836
-0.57964
-0.625915
0.063845
-0.138761
-1.35023
-0.547711
2.34668
-1.86042
0.0809678
-0.0369035
2.66343
1.46061
2.33792
1.95885
-0.259163
0.521667
0.140203
-0.990072
-0.0608147
0.00828138
0.0600935
-3.56438
-2.52317
-0.420331
-0.579623
1.8588
-2.63527
0.828699
-0.757475
-1.43536
0.129115
0.113184
0.32307
-1.91061
-2.98591
-0.176984
0.593314
0.509875
0.0427749
0.785038
-0.944168
0.0993715
0.899181
-0.811439
0.909367
1.55856
-1.4686
-2.66996
-2.64687
-0.909596
-0.837032
1.48106
0.516574
0.814601
0.483592
0.0411362
0.19892
0.402825
3.87492
0.702156
0.250484
0.0758849
0.144219
-2.12975
-0.18449
-0.333077
-0.404004
0.135605
-1.92483
-0.918091
-2.66752
2.2632
2.17251
0.138738
0.617216
-0.261728
-1.17441
-0.0403648
0.61572
-0.305637
0.0617683
-2.55402
0.501867
-0.667236
0.83722
0.223778
-2.19237
-0.786906
-0.612477
0.813859
-0.729722
0.0506142
0.0656195
-0.0135937
-0.559095
-2.17925
0.749102
1.21596
0.256159
-0.50451
-1.30103
1.49303
-0.535886
0.128949
0.170041
0.337839
1.37335
0.509711
2.02417
-0.418666
-1.09141
-0.520488
-0.159333
0.63908
-0.361281
-0.96008
-0.176316
0.107092
-0.495698
1.82035
0.950235
-0.797883
1.32403
-1.57007
-0.555426
-0.720548
0.524458
0.00655025
0.0380144
-0.00244094
0.829022
-0.375718
-0.912575
2.18492
2.18936
1.00881
0.228784
0.589778
-0.173326
0.0756484
-0.126844
0.884486
1.13414
-1.87834
0.10912
1.34104
0.708365
-2.07188
0.678883
-0.570862
1.88103
-1.49158
-0.0697838
1.89148
-0.800534
-1.60643
-0.750345
1.08905
-1.05109
-0.235517
0.612806
-1.72317
-1.80747
0.0480069
0.218133
-2.08233
-0.573244
3.00401
1.89378
0.26967
3.36209
1.03059
-0.158735
-2.13659
0.145711
0.115884
2.48466
-1.14
0.410273
-0.244433
-2.93218
2.96299
1.66962
0.224634
-0.170064
-0.652524
-0.401803
0.638235
0.16573
-0.086209
0.821282
3.87765
2.64015
-0.260785
3.71042
-4.03492
-0.277234
-0.655528
-0.568375
0.025949
0.145633
0.550042
0.771677
0.21052
0.265583
-1.8518
0.0390029
0.280816
-0.731425
2.37953
-0.673474
0.0487498
0.530441
0.835693
0.0638281
-1.72527
-0.0965216
-1.42956
-0.234743
2.32185
-0.267608
-0.13377
-0.95872
-0.619251
0.00232449
-0.740954
1.41053
0.789566
0.453182
-0.896257
1.80177
3.52494
-0.133395
1.01658
0.00606041
0.0245749
0.032768
0.233434
-1.40733
0.0915283
-1.56624
1.164
-1.10237
-0.190804
1.62357
-1.74175
0.960508
-1.79898
0.220003
0.353859
0.514467
-0.178698
-0.488287
-1.31602
0.308466
-2.32581
-0.654429
2.48133
-1.64625
-0.0445449
0.0852679
-0.139166
-0.120352
-1.46894
-0.26305
0.644797
-0.914995
0.183224
0.258285
-3.23894
-0.746376
0.0535937
0.197128
-0.0322248
-1.68556
0.751331
-0.160618
2.05334
0.350653
0.529488
3.30822
2.06713
-1.4956
1.26022
0.45835
0.475267
-0.31437
0.704976
-0.0615886
-0.309972
-0.245729
-0.655024
-2.09242
-0.287317
1.94249
0.453264
0.0536324
1.41004
-0.591596
-0.886614
0.168829
0.0505644
-1.14193
-0.301275
1.35453
0.267613
1.97893
0.0449272
1.44021
2.44946
-0.822957
-0.959146
0.114768
-0.358122
0.282874
0.639362
-3.10321
-1.78181
-0.319917
0.164724
0.374325
-0.648984
0.00153199
0.18905
-0.506515
-0.0621852
-0.0512146
-0.577617
0.519683
1.87436
-1.55856
-0.25364
0.0283878
-2.02593
-0.35588
-0.49738
0.625947
1.51816
1.72147
-0.0765756
0.0593675
0.325137
2.038
1.57277
-0.188918
2.52313
0.376889
-0.70225
0.133726
-0.247136
0.254383
-0.415484
-1.83712
-0.195537
1.27307
2.94265
1.21369
-0.136105
0.0675808
0.97089
0.274488
-0.152624
0.0449806
0.312563
-0.903484
0.0743374
0.613223
0.742343
2.19798
-0.0898434
-3.4438
0.0588816
-0.0131548
0.0182135
0.338767
-1.11333
-0.678183
-0.349488
2.28139
-0.686545
1.87616
0.593344
-1.50006
-1.18647
0.427463
1.35008
-0.189294
-0.773751
0.356122
-0.344919
1.36872
0.00689316
0.853811
-0.00705423
-0.0518861
0.162104
0.602072
0.66665
0.835362
-0.536092
0.765047
0.0741566
0.489798
-1.30836
2.90626
2.28537
-1.71466
-1.29534
-0.238378
0.329927
-2.02975
-0.580783
0.355793
-1.13344
-1.40184
0.0543479
-0.656819
-0.521669
0.951265
-1.33964
-0.344458
-0.0619104
-0.129153
-0.0957991
-0.649699
0.344271
0.582434
-0.770697
-2.24923
3.15746
-0.961521
0.708007
-0.742701
0.0372251
1.01352
0.867604
-0.143914
-1.20474
0.0945369
1.34532
1.84457
1.74972
0.0022822
0.817145
-0.0499708
-1.87198
-0.617277
-0.573724
-0.964094
-0.134695
-2.61123
0.0305769
2.64436
-0.323573
1.75721
-0.633644
0.0717749
-1.19598
0.18001
2.56864
1.85791
0.694078
0.0415997
0.00889702
3.50719
1.22092
-0.494519
-0.931865
0.418821
2.87047
0.709529
-0.96426
1.78199
-0.275648
-1.18778
-1.52822
0.312885
0.0153493
3.18621
2.56613
-0.49475
-1.98121
-0.608234
1.49493
0.649277
0.114998
1.48954
0.0282773
0.0863428
-0.184966
-3.64348
0.0565423
-0.452423
-0.616297
1.09066
-0.688013
1.54524
-0.247189
-1.06397
-2.46949
-0.466762
-0.0450461
2.00472
-0.379286
0.503659
-0.39039
-0.387311
-0.731192
0.354949
-1.32989
0.636749
-0.993738
2.90815
-1.33541
-2.75658
-0.174209
1.56181
1.07603
2.25008
0.919868
0.776954
0.0340397
2.49875
-0.00348852
0.0971037
0.846034
-1.66112
0.104806
4.01094
-0.812627
-0.0550623
-0.970067
-1.32587
-0.469145
0.342306
-1.66381
-0.982132
-2.52557
1.49796
1.39339
0.790808
-1.76611
-0.748663
-0.262385
-1.00023
1.73399
0.861709
0.0456363
0.104515
1.74563
-1.05832
0.61646
-2.85215
1.96566
2.6151
-1.01281
0.120923
-1.13565
-1.53481
0.0181915
0.0313843
-0.983373
0.322386
0.0990692
0.571854
0.924093
-0.449275
0.860927
1.14022
-0.487498
0.81673
0.218775
-1.38464
1.00157
0.0404632
-0.371924
-1.02333
2.45727
-1.41466
1.40645
0.908991
-1.14318
2.14427
2.18509
-0.0643167
0.168389
-1.02393
4.56189
-1.22833
-0.861039
-0.238968
1.1111
0.74116
-0.137706
0.0301177
0.0230952
-0.00931582
-0.543954
0.972366
-0.964234
-0.287791
1.02708
1.29469
-1.20826
-0.200435
3.33113
-1.13913
0.0284477
0.579171
-1.3356
0.210411
-1.23293
-0.52277
-1.43765
3.57928
1.25111
1.14599
-1.06467
1.36198
-0.888944
0.13543
-1.7731
0.748189
-0.028583
-2.29559
-1.29383
1.23073
2.09123
0.146728
0.262633
-0.6681
0.0854403
-0.85527
0.672895
-0.0920293
-0.352542
2.20923
2.44042
0.382954
0.25762
-0.760672
-0.561719
-0.328074
-0.922392
-0.304976
-0.124014
-0.313416
-0.726574
0.660327
0.844067
-0.658671
2.30928
-0.155758
0.320264
0.204874
0.183177
0.696534
0.0110743
0.730033
-0.2037
0.647899
0.0913102
-2.05139
-0.598366
-1.54706
0.285721
-2.13205
-0.248657
-1.79179
-0.918689
-1.67649
-0.448255
-4.45053
-3.00866
-6.14896
0.122543
-1.96269
-0.683931
-0.561112
-0.689686
-0.24593
0.074654
-0.551016
-0.644016
4.98409
-3.50367
-7.75668
2.15284
9.85286
-5.93287
3.69813
-0.156632
-1.91688
-1.14753
6.51717
-0.509858
-0.952855
0.00935971
3.00123
0.397121
-1.27028
4.33785
-0.395555
-3.75664
-0.0568031
0.235101
-4.39323
2.24997
-3.05463
-4.33081
2.28792
-0.826637
-2.90355
-1.90302
-2.97321
-1.7449
-0.0344431
-1.18895
0.124344
-1.07956
-0.908764
-0.442893
-0.0372142
0.603785
-1.91599
-0.53324
0.507329
1.4248
-1.39014
0.692029
3.02239
-2.50088
4.77618
-3.1983
-2.27183
-1.13529
0.426431
-0.296254
-0.177923
0.694676
-0.741236
0.774741
0.679919
-3.75464
2.38909
-1.65759
-3.27372
0.13005
0.428261
1.8454
3.90232
-3.16707
4.05245
0.178313
3.65789
3.98573
-2.64012
-2.52073
-4.7959
-3.61806
-2.07459
-0.490666
-4.89816
-1.61924
-3.01506
0.61467
1.0528
0.358539
-2.70137
-0.0456966
0.13366
-2.46207
-4.00763
0.135457
-4.31057
0.473596
-2.05532
-0.458028
-0.486708
-0.616787
-5.20095
-1.81226
1.21735
-0.839931
4.55113
-3.9859
-0.457801
-2.16958
1.45529
-2.00791
1.02985
-7.90301
-0.0950093
2.52305
-1.30514
-1.34589
-2.62089
-2.28611
-3.46247
5.939
2.08198
5.16427
-1.24213
4.71034
-0.948698
-1.74421
-1.53099
0.312727
-2.53451
-0.814807
-3.20932
-0.860077
