[229, 16, 16, 4]
0.0
0.0
0.0
0.0
0.0
0.0
0.0
0.0
0.0
0.0
0.0
0.0
0.0
0.0
0.0
0.0
0.0
0.0
0.0
0.0
0.0
0.0
0.0
0.0
0.0
0.0
-1.10358
0.0
0.0
0.0
0.592205
0.0
0.0
0.0
0.0
0.0
0.0
0.0
0.0
0.0
0.0
0.0
0.0
0.0
0.0
0.0
0.0
0.0
0.0
0.0
0.0
0.0
0.0
0.0
0.0
0.0
0.0
0.0
0.0
0.0
0.0
0.0
0.0
0.0
0.0
0.0
0.0
-0.0220199
0.0
0.0
0.0
0.0
0.0
0.0
0.0
0.0529177
-0.250367
0.0
0.0
0.0
0.0
0.0
0.0
0.0
0.0
0.0
0.0
0.424615
0.0
0.0
0.0
0.0
0.0
0.0
0.0
0.0
0.0
0.0
-0.012904
0.0
0.0
0.0
0.258683
0.0
0.0
0.0
0.0
0.0
0.0
0.0
0.0
0.0
0.329294
2.89371
0.836676
-0.934388
-0.679301
-0.230713
-1.42593
1.99235
-3.16722
-0.361868
-0.32993
-0.654653
0.317173
1.20614
0.430857
0.381928
0.0
0.0
0.0
0.0
0.0
0.0
0.0
-1.27671
0.0
0.0
0.0
0.0
0.0
0.0
0.0
-0.216583
0.0
0.0
0.0
0.0
0.0
0.0
0.0
0.0
0.0
0.0
0.0
0.0
0.0
0.0
0.0
0.0
-1.61615
-0.265194
0.0
0.518318
0.0
0.0
0.0
0.0
0.0
0.0
0.0
0.0
0.0
0.0
0.0
0.0
0.0
0.0
0.0
0.0
0.0
0.0
0.320235
0.0
0.0
0.0
-0.982366
0.0
0.0
0.0
0.0
0.0
0.0
0.0
0.0
0.0
0.0
0.0
0.0
0.0
0.0
0.0
0.0
0.0
0.0
0.0
0.0
0.0
0.0
0.0
0.0
0.0
0.0
0.0
0.0
0.0
0.0
0.0
0.0
0.0
0.0
0.0
0.0
0.0
0.0
0.0
2.44236
-1.51915
0.0
0.0
0.0
0.0
-2.00394
0.0
0.0
0.0
0.0
0.0
0.0
0.0
0.0
0.0
0.0
0.0
0.0
0.0
0.0
0.0
0.0
0.37939
0.0
0.0
0.0
0.0
0.0
0.0
0.0
0.0
0.0
0.0
0.0
0.0
0.0
0.0
0.0
0.0
0.0
0.0
0.0
0.0
0.0
0.0
0.0
0.0
0.0
0.0
-0.864126
0.0
0.0
0.0
0.0
0.0
0.0
0.0
0.0
0.0
0.0
0.0
0.0
0.0
0.0
0.0
0.0
0.0
0.276552
0.0
-1.76466
0.0
0.0
0.6273
0.0
0.0
0.0
0.0
0.0
0.0
0.0
0.0
0.0
0.0
0.0
0.0
0.0
0.0
0.0
0.0
0.0
0.0
0.0
-0.467526
0.0
0.0
0.0
0.0
0.0
0.0
0.0
0.0
0.0
0.0
0.0
-1.47584
0.0
0.0
0.0
0.0
0.0
0.0
0.0
0.0
1.10764
0.0
0.0
0.0
0.0
0.0
0.0
0.0
0.0
0.0
0.0
0.0
0.0
0.0
0.0
0.0
0.0
0.0
0.0
0.0
0.0
0.0
0.0
0.0
-0.580503
0.0
0.0
0.0
0.0
0.0
0.0
0.0
0.0
0.0
0.0
0.0
0.0
0.0
0.0
0.0
0.0
0.0
0.0
0.0
0.0
0.0
0.0
0.0
0.0
0.0
0.0
0.0
0.0
0.0
0.0
0.0
0.0
0.0
0.0
0.0
0.0
0.0
0.0
0.112516
0.0
0.0
0.0
0.0
0.0
0.0
0.0
0.0
0.0
0.0
0.0
0.0
0.0
0.0
0.0
0.0
-0.118548
0.0
0.0
1.12989
0.0
0.0
0.0
0.0
0.0
0.0
0.0
-0.856351
0.0
0.528599
0.0
0.0
0.0
0.0
-0.33317
0.0
0.0
0.0
0.0
0.0
0.0
0.0
0.0
0.0
0.0
0.0
0.0
0.0
0.0
0.0
0.0
0.0
0.0
0.0
0.0
0.0
0.0
0.0
0.0
0.0
0.0
0.0
0.0
0.0
0.0
0.0
0.0
0.300695
0.0
0.0
0.0
0.0
0.0
0.0
0.0
0.0
0.0
0.0
0.0
0.0
0.0
0.0
0.0
0.0
-1.95874
0.0
0.0
0.0
0.0
0.0
0.0
0.0
0.0
0.0
-0.98193
0.0
0.0
0.0
0.0
0.0
0.0
0.0
0.0
0.0
0.0
0.0
0.0
0.0
0.352642
1.45913
0.331835
-0.947609
-0.433123
-0.595854
-0.557411
1.23143
-0.814181
0.0088409
0.331731
1.25987
0.2335
-0.257068
0.0707899
-0.299084
0.0
0.0
0.0
0.0
0.0
0.0
0.0
0.0
0.0
0.0
0.0
0.0
0.0
0.0
0.0
0.0
0.0
0.0
1.05186
0.0
0.0
0.0
0.0
1.52228
0.0
0.0
0.0
1.30264
0.0
0.0
0.0
0.0
0.0
0.0
0.0
0.0
0.0
0.0
0.0
0.0
1.17561
0.0
0.0
0.0
0.0
0.0
0.0
0.0
0.0
0.0
0.0
0.0
0.0
0.0
0.0
0.0
0.0
0.0
0.0
0.0
0.0
0.0
0.0
0.0
0.0
0.0
0.0
0.0
0.0
0.0
0.0
0.0
0.0
0.0
0.0
0.0
0.0
0.0
0.0
0.0
0.0
0.0
0.0
0.0
0.0
0.0
0.0
0.0
0.0
0.0
0.0
0.0
0.0
0.0
0.0
0.0
0.0
0.0
-0.768727
0.0
0.0
0.0
0.0
0.0
0.0
0.0
0.0
0.0
0.0
-1.1287
0.0
0.0
0.0
0.0
0.0
0.0
0.0
0.0
0.0
0.0
0.0
0.0
0.0
0.0
0.0
0.0
0.0
0.0
0.0
0.0
0.0
0.0
0.0
0.0
0.0
0.0
0.0
0.0
0.0
0.0
0.0
0.0
0.0
0.0
1.31661
2.4883
0.520226
-1.12483
0.746762
0.773304
-1.73048
-2.33803
-1.20478
-0.444001
-0.0842373
0.155449
-1.19058
0.856924
-1.87039
0.243547
0.0
0.0
0.0
0.0
0.0
0.0
0.0
0.0
0.0
0.0
0.0
0.0
0.0
0.0
0.0
0.0
0.0
0.0
0.0
0.0
0.0
0.0
0.0
0.0
0.0
0.0
0.0
0.0
0.0
0.0
0.0
0.0
0.0
0.0
0.0
0.0
0.0
0.0
0.0
0.0
0.0
0.0
0.0
0.0
1.04502
0.0
0.0
0.0
0.0
0.0
0.0
0.0
0.0
0.0
0.0
0.0
0.0
0.0
0.722341
-1.76208
0.0
0.0
0.0
0.0
0.0
0.0
0.0
0.0
0.0
0.0
0.0
-1.44891
0.0
0.0
0.0
0.0
0.0
0.0
0.0
0.0
0.0
0.0
0.0
0.0
0.0
0.0
0.0
2.29724
0.0
0.0
0.0
0.0
0.0
0.0
0.0
0.0
0.0
0.0
0.0
0.0
0.0
0.0
0.0
0.0
0.0
0.0
0.0
0.0
0.0
0.0
0.0
0.0
0.0
0.0
0.0
0.0
0.0
0.0
0.0
0.0
0.0
-0.488624
0.0
0.0
0.0
-0.837429
0.0
0.0
0.0
0.0
0.0
0.0
0.0
0.267604
0.0
0.0
0.0
0.0
0.0
0.0
0.0
0.0
-0.0521153
0.0
0.0
0.0
0.0
0.0
0.0
0.0
0.0
0.0
0.0
0.0
0.0
0.0
0.0
0.0
0.0
-1.25153
0.0
0.0
0.0
0.0
0.0
0.0
0.0
0.0
0.0
0.0
0.0
0.0
0.0
0.0
0.0
0.0
0.0
0.0
0.0
0.0
0.0
0.0
0.0
0.0
0.0
0.0
0.0
0.0
0.0
0.0
0.0
0.0
0.0
0.0
-0.393805
0.0
0.0
0.0
0.0
0.0
0.0
0.0
0.0
0.0
0.0
0.0
0.0
0.0
0.0
0.0
0.0
0.0
0.0
0.0
0.0
0.0
0.0
0.0
0.0
0.0
0.0
0.0
0.0
0.0
0.0
0.0
0.0
0.0
0.0
0.0
0.0
0.0
0.0
0.0
0.0
0.0
0.0
0.0
0.0
0.0
0.0
0.570684
0.0
0.0
-0.997551
0.0
0.0
0.0
0.0
0.0
0.0
0.110777
0.0
0.0
-0.363206
0.0
0.0
0.0
0.0
0.0
0.0
0.0
0.0
0.0
0.0
0.0
0.0
0.0
0.0
0.0
0.0
0.0
0.0
0.0
0.0
0.0
0.0
0.0
-1.65814
0.0
0.0
0.0
0.0
0.0
0.0
0.0
0.0
0.0
0.0
0.0
0.0
1.20982
-0.0652042
0.0
0.0
0.0
0.0
0.0
0.0
0.0
0.0
0.0
0.0
0.0
0.0
0.0
0.0
0.0
0.0
0.0
0.0
0.0
0.0
0.0
0.0
0.0
0.0
0.0
0.0
0.0
0.0
0.0
0.0
0.0
0.0
0.0
1.14141
0.0
0.0
0.0
0.0
0.0
0.0
0.0
0.0
0.0
0.0
0.0
0.0
0.0
0.0
0.0
0.0
0.0
0.0
0.0
0.0
0.0
0.0
0.0
0.0
0.0
0.0
0.591695
0.0
0.0
0.0
0.0
0.0
0.0
0.0
0.0
0.0
0.0
0.0
0.0
0.0
-0.440193
-0.403347
0.0
0.0
0.0
0.0
0.0
0.0
0.0
0.0
0.0
0.0
0.0
0.0
0.0
0.0
0.0
0.0
0.0
0.0
0.0
-0.00613686
0.0
0.0
0.0
0.0
0.0
0.0
0.0
0.0
0.0
0.0
0.0
0.0
0.0
0.0
0.0
0.0
0.0
0.0
0.0
0.0
0.0
0.0
0.0
0.0
0.0
0.0
0.0
0.0
0.0
0.0
0.0
0.0
0.0
0.0
0.0
0.0
0.0
0.0
0.0
0.0
0.0
0.0
0.0
0.0
0.0
0.0
0.0
0.0
0.0
0.0
0.0
0.607479
0.0
0.0
0.0
0.0
0.0
0.0
0.0
0.0
-0.249625
0.0
0.0
0.0
0.0
0.0
0.0
0.0
0.0
0.0
0.0
0.0
0.0
0.0
0.0
-0.110715
0.0
0.0
0.0
0.0
0.0
0.0
0.0
0.0
0.0
0.0
0.0
0.0
0.0
0.0
0.0
-1.25043
0.0
0.0
0.0
0.0
0.0
0.0
0.86326
0.0
0.0
0.0
0.0
0.0
0.0
0.0
0.0
0.0
0.0
0.0
-0.225975
0.0
0.0
0.0
0.0
0.0
-0.197908
0.0
0.0
0.0
0.0
0.0
-0.431723
0.0
0.0
0.0
0.0
0.0
0.0
0.0
0.0
0.0
0.0
0.0
0.0
0.0
0.0
0.0
0.0
0.0
0.0
0.0
0.0
0.0
0.0
0.0
0.0
0.0
0.529027
0.0
0.0
1.80867
0.0
0.0
0.0
0.0
0.0
0.0
0.0
0.0
0.0
0.0
0.0
0.0
0.0
0.0
0.0
0.0
0.0
0.0
0.0
0.0
0.0
0.0
0.0
0.215447
0.0
-0.747223
0.0
1.515
0.0
0.0
0.0
0.0
0.0
0.0
0.0
0.0
0.0
0.0
-0.616576
0.0
0.0
0.0
0.0
0.0
0.0
0.0
0.0
0.0
-0.757886
-0.639294
0.0
0.0
0.0
0.0
0.0
0.0
0.0
0.0
0.0
0.0
0.0
0.510314
0.0
0.0
0.0
0.0
0.0
0.0
0.0
0.0
0.642541
0.0
0.0
0.0
0.0
0.0
0.0
0.0
0.0
0.0
0.0
0.0
0.0
0.0
0.0
0.0
0.0
-0.75814
0.0
0.0
0.0
0.0
0.0
0.0
0.0
0.0
0.0
-1.09414
0.0
0.0
0.985107
0.0
0.0
0.0
0.0
0.0
0.0
0.0
0.0
0.0
0.0
0.0
0.0
0.0
0.0
0.0
0.0
0.0
0.0
0.0
0.0
0.0
0.0
0.0
0.0
0.0
0.0
0.0
0.0
0.0
0.0
0.0
0.0
0.0
0.0
0.0
0.0
0.0
0.0
0.0
0.0
0.0
0.0
0.0
0.0
0.0
0.0
0.0
0.0
0.0
0.0
0.0
0.0
0.0
0.0
0.0
1.13899
0.0
0.0
0.0
0.0
0.0
0.0
0.0
-0.329281
0.0
0.0
0.0
0.0
0.0
0.0
0.0
0.0
-0.762134
0.0
0.0
0.0
0.0
0.0
0.0
0.0
0.0
0.0
0.0
0.0
0.0
0.0
0.0
0.0
0.0
0.0
0.0
0.0
0.0
0.0
0.0
0.0
0.0
0.0
0.0
0.0
0.0
0.0
0.0
0.0
0.0
0.0
0.0
0.0
0.0
0.0
0.0
0.0
0.0
0.0
0.0
0.0
-0.58329
0.0
0.0
0.0
0.0
-0.855927
0.0
0.0
0.0
0.0
0.0
0.0
0.0
0.0
0.0
0.0
0.0
0.0
0.0
0.0
0.0
0.0
0.0
0.0
-0.562024
0.0
0.0
0.0
0.0
0.0
0.0
0.0
0.0
0.0
0.0
0.0
0.624153
0.0
0.0
0.0
0.189562
0.0
0.0
0.0
0.0
0.0
0.0
0.0
0.0
0.0
0.0
0.0
0.0
0.0
0.0
0.0
0.0
0.0
0.0
0.0
0.0
0.0
0.0
0.0
0.0
0.0
0.0
0.0
0.0
0.0
0.0
0.0
0.929261
0.0
0.0
0.0
0.0
0.0
0.0
0.0
0.0
0.120224
0.0
-0.854276
0.0
0.0
0.0
0.0
0.0
0.0
0.0
0.0
0.0
0.0
0.0
0.0
0.0
0.0
0.0
0.0
0.0
0.0
0.0
0.0
0.0
0.0
0.0
0.0
1.13307
0.0
0.0
0.0
0.0
0.0
0.0
0.0
0.0
0.0
0.0
0.0
0.0
0.0
0.0
0.0
0.0
0.0
0.0
0.0
0.0
0.0
0.0
0.0
0.0
0.0
0.0
0.0
-0.563398
0.0
0.0
0.0
0.0
0.0
0.0
0.0
0.0
0.0
0.0
0.0
0.0
0.0
0.0
0.0
0.0
0.0
0.0
0.0
0.0
-1.52926
0.0
0.0
0.0
0.0
0.0
0.0
0.0
0.0
0.0
0.0
0.0
0.0
0.0
0.0
0.0
0.0
0.0
0.0
0.0
0.0
0.0
0.0
0.0
0.0
0.0
0.0
0.0
0.0
0.0
0.0
0.0
0.0
0.0
0.0
0.0
0.0
0.0
0.0
0.0
0.0
0.0
0.0
0.0
0.0
0.0
0.0
0.0
0.0
0.0
1.4854
0.0
0.0
0.0
0.0
0.0
0.0
0.0
0.0
0.0
-0.681793
0.0
0.0
0.0
0.0
0.0
0.0
0.0
0.0
0.0
0.0
0.0
0.0
-0.312276
-0.0315444
0.0
0.0
0.681511
-0.00506077
0.358102
0.0164702
1.41332
-0.915251
-0.556637
1.91296
-0.621633
0.28776
-0.292054
0.324893
0.23734
-0.351032
0.398674
-0.362259
0.0
0.0
1.44192
0.0
0.0
0.0
0.0
0.0
0.0
0.0
0.0
0.0
0.0
0.0
0.0
0.0
0.0
0.0
0.0
0.0
0.0
0.0
0.0
0.0
0.0
0.0
0.0
0.0
0.0
0.760496
0.0
0.0
0.0
0.0
0.0
0.0
0.0
0.0
0.0
0.0
0.0
0.0
0.0
0.0
0.0
0.0
0.0
0.0
0.0
0.0
0.0
0.0
0.0
0.0
0.0
0.0
0.0
0.0
0.0
0.0
0.0
0.0
0.0
0.494591
0.0
0.0
0.0
0.721787
0.0
0.0
0.0
0.0
0.0
0.0
0.0
0.0
0.0
0.0
0.0
0.0
0.0
0.0
0.0
0.0
0.0
0.0
0.0
0.0
0.0
-0.24532
0.0
0.0
0.0
0.0
0.0
0.0
0.0
0.0
0.0
0.0
0.0
0.0
0.0
0.0
0.0
0.0
0.0
0.0
0.0
0.0
0.0
0.0
0.0
0.0
0.0
0.751893
0.0
0.0
0.0
0.0
0.0
0.0
0.0
0.0
0.0
0.0
0.0
0.0
0.0
0.0
-0.812583
0.0
0.0
1.60632
0.0
0.0
0.0
0.0
0.0
-0.780073
0.0
0.0
0.0
1.86542
0.0
0.0
0.0
0.0
0.0
0.0
0.0
0.0
0.0
0.0
0.0
0.0
0.0
0.0
0.0
0.0
0.0
0.0
0.0
0.0
0.0
0.0
0.0
0.0
0.0
0.0
0.0
0.0
0.0
0.0
0.0
0.0
0.0
0.0
0.0
0.0
0.0
0.0
0.0
0.0
0.0
0.0
0.0
0.0744441
0.0
0.0
0.0
0.0
0.366482
0.0
0.0
0.0
0.0
0.0
0.0
0.0
0.0
-1.75789
0.0
0.0
0.0
0.0
0.0
0.0
0.527171
-1.221
1.30671
0.667193
-1.31611
-1.34112
1.37851
-3.17499
-0.975345
-0.311721
-0.445702
0.886008
0.588564
-1.08245
-0.199137
-0.606772
0.0
-0.752687
0.0
0.0
0.0
0.0
0.0
0.0
0.0
0.0
0.0
0.0
0.0
0.331305
0.0
0.0
-1.56558
0.0
0.0
0.0
0.0
0.0
0.0
0.0
0.0
0.0
0.0
0.0
0.0
0.0
0.0
0.0
0.0
0.0
0.0
0.0
0.0
0.0
0.0
0.0
0.0
0.0
0.0
0.0
0.0
0.0
0.0
0.0
0.0
0.0
0.0
0.0
0.0
0.0
0.0
0.0
0.0
0.0
0.0
0.0
0.0
0.0
0.0
0.0
0.0
0.0
0.0
0.0
0.0
0.0
0.0
0.0
0.0117866
0.0
0.0
0.0
0.0
0.0
0.0
0.0
0.0
0.0
-2.13851
0.0
0.0
0.0
0.0
0.0
0.0
0.0
0.0
0.0
0.0
0.0
0.0
0.0
0.0
0.0
0.0
0.0
0.0
0.0
0.0
0.0
0.0
0.0
-0.956631
0.0
0.486047
0.0
0.0
0.0
0.0
0.0
0.0
0.0
0.0
0.0
1.83673
0.0
0.0
0.0
0.0
0.0
0.0
0.0
0.0
0.0
0.0
0.0
0.0
0.0
0.0
0.690969
0.0
0.79477
0.0
0.0
0.0
0.0
-0.0241961
0.0
0.0
0.0
0.0
0.0
0.0
0.0
0.0
0.0
0.0
0.0
0.0
0.0
0.0
0.0
0.0
0.0
0.0
0.0
0.0
0.0
0.0
0.0
0.0
2.51955
0.0
0.0
0.0
0.0
0.0
0.0
0.0
0.0
0.0
0.0
0.0
0.0
0.0
0.0
0.0
0.0
0.0
0.0
0.0
0.0
0.0
0.0
0.0
0.0
-0.798767
0.0
0.0
0.0
0.0
0.0
-0.150563
0.0
0.0
0.0
0.0
0.0
0.0
0.0
0.0
0.0
0.0
1.87046
0.0
0.0
0.0
0.0
0.0
0.0
0.0
0.0
0.0
0.0
0.0
0.0
0.0
0.0
0.0
0.0
0.0
0.0
0.0
0.0
0.0
0.0
0.0
0.0
0.0
0.0
0.0
0.0
0.0
0.0
0.0
0.0
0.0
0.0
-1.91191
0.0
-0.337283
0.0
0.0
0.0
0.789138
0.0
0.0
0.0
0.0
-0.790358
0.0
0.0
0.0
0.0
0.0
0.0
0.0
0.0
0.0
0.0
0.0
-0.31763
0.0
0.0
0.0
0.0
0.0
0.0
0.0
0.0
0.0
0.0
0.0
0.0
1.33301
0.0
0.0
0.0
0.0
0.0
0.0
0.0
0.0
0.0
0.0
0.0
0.0
0.0
0.0
0.0
0.0
0.0
0.0
0.0
0.0
0.0
0.0
0.0
0.0
0.0
0.0
0.0
0.0
0.0
0.0
0.0
0.0
1.28892
0.0
0.0
0.0
0.0
0.0
0.0
0.0
0.0
0.0
0.0
0.0
0.0
0.0
0.0
0.0
0.0
0.0
0.0
0.0
-0.0951755
0.0
0.0
0.0
0.0
0.0
0.0
0.0
0.0
0.0
0.0
0.0
0.0
0.0
0.0
0.0
0.0
0.0
0.0
0.0
0.0
0.0
0.0
0.0
0.0
0.316053
0.0
0.0
0.0
0.0
0.0
0.0
0.0
0.0
0.0
0.0
0.0
0.0
0.0
0.0
0.0
0.0
0.0
0.0
0.0
0.0
0.0
0.0
0.0
0.0
0.0
0.0
-1.24502
0.0
0.0
0.0
0.0
0.0
0.0
0.0
0.0
0.0
0.0
0.0
0.0
0.0
0.0
0.0
0.0
0.0
0.0
0.0
0.0
0.0
0.0
0.0
0.0
0.0
0.0
0.0
0.0
0.0
0.0
0.565226
0.0
0.0
0.0
0.0
0.0
0.0
0.0
0.0
-1.16253
0.0
0.0
-0.215837
0.0
0.0
0.0
0.0
0.0
0.0
-0.457988
0.0
0.0
2.1039
0.0
0.0
0.0
0.0
0.0
0.0
0.0
0.0
0.0
0.0
0.0
0.0
0.00112894
0.0
0.0
0.0
0.0
0.0
0.0
0.0
0.0
0.0
0.0
0.0
0.0
0.0
0.0
0.0
0.0
0.0
0.0
0.0
0.0
0.0
0.0
0.0
0.0
1.37203
0.0
0.0
0.0
0.0
0.0
-2.31521
0.0
0.0
0.0
-1.21782
0.359785
0.0
0.0
0.0
0.0
-1.39819
0.0
0.0
0.0
0.0
0.0
0.0
0.0
0.0
0.0
0.0
0.0
0.0
0.0
0.0
0.0
0.0
0.0
0.0
0.0
-1.56925
0.0
0.0
0.0
0.0
0.0
0.0
0.0
0.0
0.0
0.0
0.0
0.0
0.0
0.0
0.0
0.0
0.0
0.0
0.0
0.0
0.0
0.0
0.0
0.0
0.0
0.0
0.0
0.0
0.0
0.0
0.0
0.0
0.0
0.0
0.0
0.0
0.0
0.0
0.0
0.0
0.0
0.0
0.0
0.0
-0.561507
0.0
0.0
0.0
0.0
0.0
0.0
0.0
0.0
0.0
0.0
0.0
0.0
0.0
0.0
0.0
0.0
0.0
0.0
0.0
0.0
0.0
0.0
0.0
0.0
0.0
0.0
0.0
0.0
0.0
0.0
0.0
0.0
0.0
0.0
0.0
-1.15383
0.0
0.0
0.0
0.0
0.0
0.0
0.0
0.0
0.0
0.0
0.0
0.0
0.0
0.0
0.0
0.0
0.0
0.0
0.0
0.0
0.0
-1.72877
0.0
0.0
0.0
0.0
0.0
0.0
0.0
1.28129
0.0
0.0
0.0
0.0
-0.27393
0.0
0.0
0.0
0.0
0.0
0.0
0.0
0.0
0.0
0.0
0.0
0.0
0.0
-1.63751
-1.27394
0.0
0.0
0.0
0.0
0.0
0.0
0.0
0.0
0.0
0.0
0.0
0.0
-0.265714
0.0
0.884073
0.0
0.0
0.0
0.0
0.0
0.0
0.0
0.245193
0.0
0.0
0.0
0.0
0.0
0.0
0.0
0.0
0.0
0.0
0.0
0.0
0.0
0.718157
0.0
0.0
0.0
0.0
0.0
0.0
0.0
0.0
1.89292
0.0
0.0
0.0
0.0
0.0
0.0
0.0
0.0
0.0
0.0
0.0
0.0
0.0
0.0
0.0
0.0
0.0
0.0
0.0
0.0
0.0
0.0
0.0
0.0
0.0
0.0
0.0
0.0
0.0
0.0
0.0
0.0
0.0
0.0
0.0
0.0
0.0
-0.123471
0.0
0.0
0.0
0.0
0.0
0.0
0.0
0.0
0.0
0.0
0.0
0.0
0.0
0.0
0.0
0.0
0.0
0.0
0.0
0.0
0.0
0.0
0.0
-0.10245
0.0
0.0
0.0
0.0
0.0
0.0
0.0
0.0
0.0
0.0
0.0
0.0
0.0
0.0
1.058
0.0
0.0
0.0
0.0
0.0
0.0
0.0
0.0
0.0
0.0
0.0
0.0
0.0
0.0
0.0
0.0
0.0
0.0
0.0
0.0
0.0
0.0
0.0
0.0
0.0
0.0
0.0
0.0
0.0
-1.04292
0.0
1.24692
0.0
0.0
0.0
0.0
0.0
0.0
0.0
0.0
0.0
0.0
-1.62231
0.0
0.0
0.0
0.0
0.0
0.0
0.0
0.0
0.0
0.0
0.0
0.0
0.0
0.0
0.0
0.0
0.0
1.08239
0.0
0.0
0.0
0.0
0.0
0.0
0.0
0.0
0.0
0.0
0.0
0.0
0.0
0.0
0.0
-0.909837
0.0
0.0
0.0
0.0
0.0
0.0
0.0
0.0
0.0
0.0
0.0
0.0
0.0
0.0
0.0
0.0
0.0
0.0
0.0
0.0
0.0
0.0
0.0
0.0
0.0
0.0
0.0
0.0
0.0
0.0
0.0
0.0
0.0
0.0
0.0
0.0
0.0
0.0
-1.61367
0.0
0.0
0.0
0.0
0.0
0.0
0.0
0.0
0.0
0.0
0.0
0.0
0.0
0.0
0.0
0.0
0.0
0.0
0.0
0.0
0.0
0.548775
0.0
0.0
0.0
0.0
0.0
0.0
0.0
0.0
0.0
0.0
0.0
0.0
0.0
0.0
0.0
0.0
0.0
0.0
0.0610913
0.0
0.0
0.0
0.0
0.0
0.0
0.0
0.0
0.0
0.0
0.0
0.0
0.0
0.0
0.0
0.0
0.0
0.0
0.0
0.0
0.0
0.0
0.0
-1.19017
0.0
0.0
0.0
0.0
0.0
0.0
0.0
0.0
0.0
-0.128496
0.0
0.0
0.0
0.0
0.0
0.0
0.0
0.0
0.0
0.0
0.0
0.0
0.0
0.0
0.0
0.0
0.0
0.0
0.0
0.0
0.0
0.0
0.0
0.0
0.0
0.0
0.0
0.0
0.0
0.0
0.512062
0.0
0.0
0.0
0.0
0.0
0.847076
0.011967
0.384421
0.123011
-0.0370031
-0.861413
-0.434533
1.45311
-0.615588
-0.41019
-0.139297
-0.0645899
0.383091
-0.444074
0.442421
-0.514067
0.0
0.0
0.0
0.0
0.0
0.0
0.0
0.0
1.31191
0.0
0.0
0.0
0.0
0.0
0.0
0.0
0.0
0.0
0.0
0.0
0.0
0.0
0.0
0.0
0.0
0.0
0.0
0.0
-0.812572
0.0
0.0
0.0
0.0
0.0
0.0
0.0
0.0
0.0
0.0
0.0
0.0
0.0
0.0
0.0
0.0
0.0
0.0
-0.248733
0.0
0.0
0.0
0.0
0.0
0.0
0.0
0.0
0.0
0.0
0.0
0.0
-0.199677
0.0
0.0
0.0
0.0
0.0
0.0
0.0
0.0
0.120181
0.0
0.0
0.0
0.0
0.0
0.0
0.0
0.0
0.0
0.0
0.0
0.0
0.0
0.0
0.0
0.0
0.0
0.0
0.0
0.0
0.0
0.0
0.0
0.0
0.0
0.0
0.0
0.0
0.0
0.488519
0.0
0.0
0.0
0.0
0.0
0.0
0.0
0.0
0.0
0.0
-0.315737
0.0
1.90306
0.0
0.0
0.0
0.0
0.0
0.0
0.0
0.0
0.0
0.0
0.0
0.0
0.0
0.0
0.0
0.0
0.0
0.0
0.0
0.0
0.0
0.0
0.0
0.0
0.0
0.0
0.0
0.0
0.0
0.0
0.0
1.2097
-0.706394
0.423866
0.325681
1.66397
-1.2334
-0.122726
1.10905
-0.611822
0.239691
0.395419
-0.355873
0.498709
-0.490619
0.700714
-0.788872
0.0
0.0
0.0
0.0
0.0
0.0
0.0
-0.666322
0.0
0.0
-1.10172
0.0
0.0
0.0
0.0
0.0
0.0
0.0
0.0
0.0
0.0
-0.82282
0.0
0.0
0.0
0.0
0.0
0.0
0.0
0.0
0.0
0.0
0.0
0.0
0.0
0.0
0.0
0.0
0.0
0.0
0.0
0.0
0.0
0.0
0.0
0.0
0.0
0.0
0.0
0.0
0.0
0.0
0.0
0.0
0.0
0.0
2.52633
1.97337
0.0
0.0
0.0
0.0
0.0
0.0
0.0
0.0
0.0
0.0
0.0
0.0
0.0
0.0
0.0
0.0
0.0
0.0
0.0
0.0
0.0
0.0
0.0
1.4395
0.0
0.0
0.0
0.0
0.0
0.0
0.0
0.0
0.0
0.0
0.0
0.0
0.0
0.0
0.0
0.0
0.0
0.0
0.0
0.0
0.0
0.0
0.416721
0.0
0.0
0.0
-0.876091
0.0
0.0
0.0
0.0
0.0
0.0
0.0
0.0
0.0
0.0
0.0
0.0
0.0
0.0
0.0
0.0
0.0
0.0
0.0
0.0
0.0
0.0
0.590035
0.0
0.0
0.0
0.0
0.0
0.0
0.796848
0.0
0.0
0.0
0.0
0.0
0.0
0.0
0.0
0.0
0.0
0.185115
0.0
0.0
2.07157
-0.0589366
0.0
0.0
0.0
0.0
0.0
0.0
0.0
0.0
0.0
0.0
0.0
0.0
0.0
0.0
0.0
0.0
0.0
0.0
0.0
0.0
0.0
0.0
0.0
0.0
-0.758536
0.0
0.0
0.0
0.0
0.0
0.0
0.0
0.0
0.0
0.0
0.0
0.0
0.0
0.0
0.0
0.0
0.0
0.0
0.0
0.0
0.0
0.0
0.0
0.0
0.0
0.0
0.0
0.0
0.0
0.0
0.0
0.0
0.0
0.0
0.0
0.0
0.0
0.0
0.0
0.0
0.0
0.0
0.0
0.0
0.0
0.0
0.0
0.0
0.0
0.0
0.0
0.0
0.0
0.0
0.0
0.0
0.0
0.0
0.0
0.0
0.0
0.0
0.0
0.0
0.0
0.482629
0.669128
0.0
0.0
0.0
0.0
0.0
0.0
0.0
0.0
0.0
0.0
0.0
0.0
0.0
0.0
0.0
0.0
0.0
0.0
0.0
0.0
0.0
0.0
0.0
1.4977
0.0
0.0
0.0
0.0
0.0
0.0
0.0
0.0
-1.78914
0.0
0.0
0.0
0.0
0.0
0.0
1.29711
0.0
0.0
0.0
0.0
0.0
0.0
0.0
-0.178963
0.0
0.0
0.0
0.0
0.0
1.07219
0.0
0.0
0.0
0.0
0.0
0.0
0.0
0.0
0.0
0.0
0.0
0.0
0.0
0.0
0.0
0.0
0.0
0.0
0.0
0.0
0.0
0.0
0.0
0.0
0.0
0.0
0.0
0.0
0.0
0.0
0.0
-0.323694
0.0
-0.908203
0.0
0.0
0.0
0.0
0.0
0.0
0.0
0.0
0.0
0.0
0.0
-1.42042
0.0
0.0
0.0
0.0
0.0
0.0
0.0
0.0
0.0
0.0
0.0
0.0
0.0
0.0
0.0
0.0
0.0
0.0
0.0
0.0
0.0
0.0
0.97325
0.0
0.0
0.0
0.0
0.0
0.0
0.0
0.0
0.0
0.0
0.0
0.0
0.0
0.0
0.0
0.929316
-0.261305
0.40264
0.154498
0.447198
-0.972356
-0.319886
1.36573
-0.600846
0.035907
0.0837802
-0.160308
0.392824
-0.44669
0.547789
-0.619037
0.0
0.0
0.0
0.0
0.0
0.0
0.0
0.0
0.0
0.0
0.0
0.0
0.0
-1.6673
0.0
0.0
0.0
0.0
0.0
0.0
0.0
0.0
0.0
0.0
0.0
0.0
0.0
0.0
0.0
0.0
0.0
0.0
0.0
0.0
0.0
0.0
0.0
0.0
0.0
0.0
0.0
0.0
0.0
0.0
0.0
0.0
0.0
0.0
-0.217734
0.0
0.0
0.0
0.0
0.0
0.0
0.0
0.0
0.0
0.0
0.0
0.0
0.0
0.0
0.0
0.0
0.0
0.0
0.0
0.0
0.0
0.811797
0.0
0.0
0.0
0.0
0.0
1.07206
0.0
0.0
0.0
0.0
0.0
0.0
0.0
0.0
0.0
0.0
0.0
0.0
0.0
0.0
0.0
0.0
0.0
0.0
0.0
0.0
0.0
0.0
0.0
0.0
0.0
0.0
0.0
0.0
0.0
0.0
0.0
0.0
0.0
0.0
0.0
1.96301
4.56799
2.88717
0.790501
-0.399859
-1.16942
3.37123
2.16256
0.318986
-0.25181
0.317613
-3.33874
2.76717
-1.17133
-0.773877
-0.567735
-2.29013
-4.43136
-3.48275
-1.30611
0.210493
1.06613
-4.30008
-2.47711
0.484789
-0.0425212
0.315964
3.45576
-3.95557
1.62252
0.88778
0.232999
-2.64276
-0.431566
-0.0695778
1.19485
-0.675443
-0.427994
2.86291
0.140854
-0.443583
0.957283
0.979167
-0.218807
0.325134
-0.525372
0.36686
-1.03097
2.3836
1.4081
0.473743
1.28197
-1.05823
2.64788
-2.56961
-1.1423
1.79834
-0.225946
-0.407989
-0.6416
2.16963
-0.608789
0.429134
2.01728
-0.327209
0.137862
-0.595424
-1.32274
-0.189312
-0.102353
-0.924643
-0.313293
0.802776
-0.294175
1.93257
-0.688106
-0.292723
0.454156
0.114302
-0.333953
1.73434
-0.088739
1.27838
-0.0135631
0.11757
0.426597
1.44428
-1.08196
-3.53494
-0.106321
0.422373
3.08668
-0.250566
-1.65635
-0.357865
-0.0841549
0.971586
1.9732
0.201853
-2.83427
0.785085
-2.32912
-1.90066
-0.039387
3.68435
0.413523
-0.116852
0.256931
0.630692
3.21112
1.29468
-0.87822
2.21941
1.66444
-0.660622
-0.567316
-1.19765
0.261843
1.79605
-0.0687891
-2.24561
-0.7018
0.33856
1.91454
1.79956
-0.961062
-1.50597
-0.597387
1.58668
-2.95182
-3.43706
1.69544
2.67809
0.979655
-0.665221
0.159655
0.712706
-0.690109
0.39595
-1.54877
-1.37861
2.00376
-3.0052
2.12168
0.609372
1.48777
1.98699
1.93416
2.5639
-1.27617
0.96402
-1.04546
0.189213
-0.118713
0.365525
0.499433
0.0549969
0.719541
1.28216
1.6371
0.158155
-2.11567
3.16021
3.73936
1.71775
2.01264
1.22749
3.23739
-0.59278
-1.70422
0.302924
0.958178
-1.31085
-2.77033
-2.12825
3.30678
-1.58646
-3.04909
1.21099
5.53922
0.0101953
4.50864
1.29657
0.0037395
-1.39542
-0.129466
0.526365
-0.419302
0.423196
-1.83834
1.85625
1.40941
0.705357
-0.560797
0.348441
-0.695284
0.702009
-0.0807585
2.9817
2.0155
0.00166289
-0.246463
0.0558481
1.2106
1.46822
-0.816213
-2.03403
1.10798
0.314964
0.590738
-0.0205438
0.0723107
0.738233
-1.54958
-6.08791
-2.42011
-3.27425
-1.28681
0.127058
-1.94302
-1.36015
1.40388
2.69726
0.871308
0.0848837
-0.478745
1.23666
-1.21312
0.23635
1.04901
-0.599596
2.54125
-0.156941
2.2829
0.0727266
1.24059
-0.352995
-1.20047
-0.2676
0.104435
0.252671
0.311904
-0.456127
-0.368824
0.679728
-0.697066
0.468128
0.37752
2.46762
-2.50943
1.96701
0.0585182
-0.35947
0.473639
-0.565675
-0.50384
0.59238
-0.349685
1.78253
-2.19105
0.199849
0.938348
-0.252606
-0.447662
-1.13754
2.07558
-2.33643
4.03078
0.0948605
0.275038
-1.6235
-0.194276
-2.54473
0.268883
-0.266958
0.218249
0.442282
-1.04064
-3.75052
-0.252751
1.52054
-1.695
2.80508
-4.43864
-2.12098
0.433321
0.354768
-0.485859
-4.09497
2.0312
-0.874143
-0.668329
-0.0604505
0.274331
-0.332946
-0.916986
1.40122
0.119927
-0.163901
-1.22481
3.19678
-2.14879
5.23472
-2.05556
-4.17276
0.0217775
-0.055877
-0.20582
0.158214
-1.12848
-2.34109
0.944567
0.425265
0.582503
0.110793
-3.05224
-3.38716
-1.43826
-2.44419
-0.405166
-0.102022
-2.14792
-0.677157
2.32048
0.266675
1.04378
3.06869
0.328517
-0.0702979
-0.560279
0.333678
0.391816
-0.153074
-0.824796
-0.523148
-1.89558
-0.630674
-0.168576
-1.4435
0.318032
-2.42947
0.685028
0.0306516
0.0214875
0.251419
-0.234751
0.266858
0.123228
0.0633016
0.11813
-1.58901
2.21208
-2.43488
-4.57935
3.59625
-5.86241
2.02191
-6.88569
-3.00993
-6.77305
-5.28101
-2.83469
-0.143362
-7.59752
-3.7141
1.7392
-4.48067
2.87222
0.677329
-2.49323
0.459948
-1.76539
-7.40148
10.9068
-3.03225
-0.904967
-3.15634
-5.63566
3.30589
-6.91736
-2.23004
-0.597242
-3.0528
-3.4357
1.06224
0.998384
-2.32816
2.37981
1.83536
-1.0665
2.6169
-0.460091
-1.00166
-3.39094
-0.514474
-1.06542
1.43671
2.14292
6.79253
-5.81214
-2.91909
-2.35819
-5.61972
-2.38078
2.14675
0.17936
-0.711153
1.80281
1.83866
-3.13056
-1.23177
2.3871
-1.66133
1.69761
-0.0258221
0.496054
-1.83277
-3.007
-0.598642
-1.71487
