[12, 49, 49, 4]
0.16052
0.414857
0.100923
-0.56891
-0.0362763
-0.205479
-0.0469654
0.218975
1.05311
0.115141
-0.165305
0.338912
-0.575178
0.318026
-1.0875
-0.401794
-0.183456
-0.315895
-0.126394
0.370679
0.818801
-0.0332185
-0.390869
-0.206111
-0.808739
-0.169692
0.994778
-1.45407
0.331435
0.239964
0.322421
1.3655
0.0174932
-1.91349
-1.50899
-0.32522
-1.2384
0.992929
-0.129571
0.82639
0.284264
-0.0289527
-0.383314
0.593998
0.0161627
0.026801
-0.197588
0.43888
0.124125
-0.453869
0.137418
-0.534455
-1.72052
-0.168411
0.0148308
-2.07724
1.45126
1.13123
-0.658122
-0.0524459
0.971131
-1.97085
-0.0507592
-0.770865
-1.42751
0.0448182
0.0209993
-0.606119
-0.084076
-0.287477
0.670965
-2.19638
-0.182975
-0.663722
-1.34212
-0.307483
-2.75974
-0.13804
0.393013
0.230595
-0.0208868
-0.44292
0.341941
-1.24969
1.41533
1.26596
1.31501
-0.380264
1.22263
0.981568
0.217114
0.448886
-0.00499026
-0.782278
0.746437
0.564633
-0.0835523
0.741004
-0.0561817
0.48871
-1.04912
1.0828
0.217353
0.280214
-0.696798
0.361356
0.787687
0.500544
-0.033974
2.33323
0.931823
-1.6583
0.778172
0.104628
-0.781052
-0.670642
-0.277301
0.780491
-0.401583
0.334354
0.207926
-1.18163
-0.723893
-0.479632
-1.40316
1.95261
1.06435
0.456316
0.940776
0.377763
0.509257
-0.050074
-0.252805
0.070093
0.225658
1.46187
-0.110739
0.576905
1.19039
1.2566
2.4835
-0.573263
0.0912992
-0.227509
-0.364074
0.0398017
-0.677659
-2.09747
0.685854
0.461428
0.678333
-1.19592
-1.25249
-2.19137
-0.0146206
-0.204443
-0.73919
0.371527
1.30447
-0.00102545
-0.27665
0.70702
0.340361
0.20735
0.930116
-1.74596
0.0235228
0.158969
0.397701
-0.400996
1.4043
-1.26383
-0.621636
0.0912134
-1.09354
0.829388
1.74946
-0.425812
-0.402986
-1.52576
0.440823
1.48079
-1.68207
0.149952
2.10435
0.256251
-1.1087
0.487267
-1.14191
0.0927951
2.3093
-0.844822
0.612455
-0.2481
0.324297
0.0307354
-0.0684518
0.37135
1.59565
-1.23795
0.127884
-0.0641745
-1.4518
2.12099
0.236856
-1.276
0.529904
0.809931
0.489102
0.18812
-1.09066
0.721975
0.371479
-0.701692
-0.552209
-1.11208
-0.672584
0.101886
-0.02815
0.0198439
1.48449
-0.973657
-1.5404
0.0502843
-0.316282
1.30968
-0.196707
-1.02078
0.786636
-0.0788451
0.583036
-2.09032
-0.276834
1.1903
0.707893
0.219017
-1.97206
-0.88271
0.519809
0.0925188
0.116995
-0.393426
-0.386138
0.521984
-0.549902
-0.108958
1.18119
0.202275
0.348509
0.385598
0.744053
-0.078591
-0.0935888
0.461792
-0.305298
0.838885
-0.155832
0.490111
0.505467
-0.359017
-0.0448925
-1.05203
0.688959
0.277582
0.125466
0.386819
-0.0877927
-0.462585
-2.45936
0.116275
0.561575
0.518847
-0.90903
-0.506734
-0.280003
-1.42742
-0.42243
0.912978
0.237167
1.71435
-1.64182
-0.249152
0.558982
0.581488
-0.647141
-1.3236
0.106016
-1.562
-1.82696
-0.518887
-1.18763
0.401257
0.218993
-0.00890936
0.0326727
-1.45249
-1.55568
-0.147738
0.0602601
0.118971
0.881397
-0.681163
0.0919583
0.743337
0.767653
-0.798872
1.53328
0.52115
0.593985
1.62939
-0.186921
-0.365176
-0.128325
2.04267
-0.841328
0.336626
0.342268
-0.0444307
-1.90457
0.132666
1.34223
-0.103887
-0.0621495
1.38804
-1.87327
1.07822
-0.0703095
-1.05893
1.06472
-0.233256
-1.1139
-0.0737787
-0.0141298
-0.156515
-0.0859237
-0.3846
0.678205
0.210449
-1.08977
-1.28137
0.110902
0.174877
0.0572763
0.716462
0.480154
0.8018
1.2121
0.53826
0.102367
-0.127561
-1.99182
-0.0566137
0.384314
-0.558627
0.23075
1.48462
-0.96447
-0.309794
0.398872
-0.477426
-0.371063
-0.278411
0.643964
-0.70001
-1.05718
-0.218223
1.92941
0.284429
0.0450772
-0.147502
0.952077
0.0186596
-0.663599
-1.73004
-0.086548
0.220432
-1.61429
-1.34631
-1.16824
-1.78971
0.54971
-0.493069
1.32626
0.437116
-0.0404079
0.203453
2.8345
1.15552
-0.666353
0.364491
-0.223947
-0.778434
-2.45187
1.12317
1.4832
1.57387
0.0539631
0.165936
-0.158816
0.239529
2.82446
0.270581
0.0718045
-0.374255
1.61843
1.11611
0.238633
-0.906456
1.52247
2.13503
0.0944485
0.537503
2.44029
-0.499342
0.593362
-0.194382
0.69412
-1.26262
-1.72054
-1.46258
1.15061
-0.545572
-0.0588841
-0.0836252
0.22912
-2.69459
-0.965089
-0.249978
2.50205
-1.9221
-0.563126
3.66648
-0.822418
-0.0250601
1.52361
-0.628723
0.210074
0.845486
0.0831975
-0.311408
3.35675
0.70995
-3.03462
-0.00733153
-0.152129
1.74015
1.15648
-1.89207
-0.65872
-3.55223
-0.339252
-0.905584
-0.436555
-2.82327
-1.08456
-0.292965
0.999499
-2.55904
-2.88341
-0.000641177
0.214505
-4.06346
-0.0675608
-1.69294
0.095357
0.36537
2.30221
0.671009
0.0830605
-0.00712921
-0.153184
0.886991
-0.932103
1.54427
0.732463
2.10519
0.736655
-1.02834
1.48899
0.0870097
-1.87344
0.162551
-1.15093
0.993034
-0.367905
1.16732
-0.0785067
0.572659
0.399564
-1.34492
0.395179
-0.56077
-0.118986
0.313649
-1.52699
0.898487
2.48342
-1.39046
-0.0120737
0.653032
-0.0196509
1.16227
-0.594569
-0.356763
1.81968
2.02262
-0.94137
-5.09156
-0.848682
-0.185467
-0.277964
0.845327
0.747241
0.911011
0.374775
-2.26539
-0.626488
1.60935
1.41678
-0.0188944
-1.23366
0.694252
-0.612318
2.23614
-1.12785
0.342119
1.52823
-1.43657
-1.55653
1.35742
1.14094
0.22359
-1.82802
-0.674137
1.0387
0.38959
-0.0404935
-0.544218
-0.233353
0.0177246
-0.0978386
-2.34732
0.259548
0.537484
-1.33424
-0.603184
1.40067
0.524308
-0.146951
0.725127
-0.406082
1.03021
1.41096
0.302116
-0.324175
-0.0311129
-0.215526
-0.564426
-0.638328
-0.76314
-0.0404282
1.57153
0.190507
1.78071
2.91991
-0.184891
-2.26706
-2.41446
-0.205463
2.17529
0.608787
-1.0172
1.93136
0.584227
-2.67062
-0.740724
0.557109
1.74064
-0.389209
-0.430538
0.0409707
0.169491
-0.885913
-1.38351
-2.61347
0.232739
-0.421414
0.27829
-2.04153
0.673139
-0.161327
-1.06133
1.79569
0.0261504
0.411914
2.26
-1.29197
0.0857707
-0.566246
1.55053
2.31804
0.0734674
-0.0543051
-0.0468073
0.379719
0.669679
-0.316293
1.30973
2.09265
1.6162
-1.07842
0.0396025
0.318214
0.0971201
-0.818755
-0.37212
0.241609
0.0998101
0.185498
1.19594
-0.0673216
0.458804
1.29633
1.11813
0.809224
-0.116701
-0.166202
-0.0391601
-1.18992
0.799255
0.0836695
-0.19235
-0.781666
-1.46955
0.691515
-0.96095
-0.156222
0.555116
0.20317
0.131702
0.00119958
0.00394608
0.379772
-0.0677063
-0.96977
0.767331
0.170692
0.192507
0.345139
0.403082
-0.170555
-0.150523
-0.356543
-0.302569
0.363378
0.00375043
0.380365
0.840941
-0.00628825
-0.141118
0.0801989
0.0768256
0.507216
0.07402
-0.771741
0.000796568
-0.138107
0.897082
-0.0287799
-0.115046
-1.16616
-0.260991
-0.968752
1.33253
-0.343544
-0.268939
0.0252305
-0.127012
0.119261
0.0281173
-0.379939
-0.169674
-0.0697192
0.128496
0.624595
0.158405
0.821348
0.366124
1.01632
-0.0313108
0.0105681
-0.0865939
-0.672038
0.249019
-1.14485
0.326185
0.0154867
1.05799
0.787995
0.566802
-0.0546911
-0.0929416
0.459436
-0.400718
0.0116634
-0.157193
-0.609317
0.0779923
-0.0427246
0.045795
-0.640425
-1.63385
0.390716
-0.963056
-0.00136868
0.175798
0.048061
-0.440231
0.114574
0.0973401
-0.310724
0.597205
0.232162
-0.236701
0.0432685
0.283069
0.18069
-0.042424
0.29183
0.14837
0.414476
0.644368
-0.0424881
0.517789
0.0895174
1.79242
1.08138
-0.313143
-0.0342133
-1.65946
0.0207195
0.12744
0.133342
-0.336511
-0.0576339
0.0339429
-0.380822
2.13884
-0.0928714
-1.09038
-0.127776
0.0556699
0.43258
0.013094
0.256607
0.188552
0.0702157
-0.0898286
0.128668
-0.050373
1.84126
-1.33954
-0.0788533
0.00296664
0.0712689
-0.564905
0.0834788
0.0192764
0.130147
0.0488742
-0.256656
1.87863
0.011184
-0.102798
0.280189
-0.0338667
0.0109395
-0.0310351
0.255765
-0.331913
0.00715217
0.0157287
0.119737
-0.0227743
1.72124
-1.50021
-1.96631
0.000143821
2.50775
0.0748698
-0.0283095
-0.0231023
0.0143097
0.0941074
0.0229856
0.4915
-1.16074
2.18885
-2.74286
1.50223
1.58478
-0.133378
0.0133294
0.195766
0.171034
0.0466174
0.0812903
0.131425
0.932928
0.0329374
-0.434088
0.892619
0.582201
-0.0159452
0.0572528
0.130913
-0.0230507
-0.0379063
0.0829604
-0.231514
-0.00873995
2.23547
-0.105652
0.0512638
-0.0482062
0.00671752
0.168357
-0.22063
-0.119219
0.0530763
0.190381
0.203877
0.00691653
-0.003151
1.105
2.03834
2.42026
2.66595
-2.57953
0.152214
-0.80443
-0.00656092
0.0479625
0.0245889
0.143797
-0.0133617
-0.150403
2.70051
2.1595
0.0394173
-1.89345
0.0133435
0.190919
0.145808
0.0627564
0.0952999
0.132898
1.6737
-0.133771
2.02563
-0.110399
-0.296374
-0.0254525
-0.142475
0.1753
0.0245601
0.0852521
0.155509
-0.226384
-0.19657
0.123845
-0.103861
-0.0814698
-0.0673321
0.00260026
0.032235
0.0625708
-0.161499
0.00790515
0.0287055
0.20742
-0.00664506
0.145933
-0.255853
2.40941
2.12017
1.62049
2.61984
-0.0377708
2.25944
0.322733
0.136619
0.0256961
-0.79873
-0.0046008
-2.86246
0.174344
2.54328
-1.77452
-0.122083
0.0110391
-0.231067
0.085501
0.051353
-0.087686
0.127885
0.409513
-0.961005
0.241391
2.13934
0.00310949
-2.80313
1.26867
-0.0827937
-2.3577
0.751193
0.391846
-0.749556
-0.188369
-0.511742
-0.12842
-0.382569
-1.60906
-2.15073
-0.256535
0.000363602
-0.38239
-0.0264422
-0.0336474
0.196181
-0.069619
-0.953881
0.0862605
-0.319313
2.49007
-0.499585
1.39675
0.848433
-1.00241
-0.895152
0.187169
-0.971817
-1.65637
0.312078
0.80673
-0.0867564
0.332722
-0.432853
3.42294
-2.82397
2.19014
-0.255381
-0.00880243
0.511654
0.105316
0.540511
-0.426697
-0.468031
-0.63012
0.000324389
-0.234467
0.0750951
0.393057
0.198902
0.372464
1.37995
-0.45921
0.131238
0.83681
0.212949
1.03489
0.0527351
-0.0122718
-1.82895
-0.463001
0.143086
0.0506915
-0.694124
-0.604983
0.464398
0.123063
0.561571
-0.163098
-0.0250854
0.411761
-1.31029
2.11488
0.915353
-0.150915
-0.136986
0.407004
0.0335166
-0.129535
0.900019
-0.963439
0.045055
-0.551825
-3.74439
-0.435681
1.07564
0.0125427
0.0413144
0.0544533
0.0709161
-0.702818
-0.53544
0.0606244
0.0447014
-0.991525
0.057302
0.767494
-0.293171
0.170581
0.0877963
0.667652
0.230764
0.189376
0.526724
-2.12593
0.545841
-0.0906769
0.0432637
0.139334
-0.313692
0.293442
0.190427
0.155515
-0.173371
0.31804
-0.602823
0.995726
0.138961
-0.0226621
0.00990003
0.452484
-3.34263
-2.55003
-2.18729
-1.83265
0.132091
-1.42986
-0.0562043
0.184154
-1.34631
0.0987319
1.77383
-1.94006
-2.59536
2.63539
-3.27357
0.0283421
0.221029
0.0559178
-0.488108
0.227291
-0.136827
0.277024
0.00175083
-0.0626727
1.3136
-0.200906
0.19658
-2.20437
0.81526
1.19851
2.51169
-0.19232
-0.0584223
-0.812051
0.220644
0.188539
-0.556824
-0.689529
-1.33545
-0.0404
-0.00809164
-0.0994786
1.03048
0.0237657
-0.23793
-0.0785702
-0.0161515
0.00287517
-0.225079
-1.0986
2.71452
0.928392
1.91037
0.0901333
-0.181301
0.127541
0.154993
-0.241889
0.0814643
1.34253
-0.168044
0.475171
-1.62456
2.28798
-0.777055
0.152306
2.76173
0.111382
-0.253766
0.0478663
0.0684388
-0.00355552
-0.0367724
-0.569329
-1.13017
1.37946
1.61476
-0.185848
0.524862
0.32819
-0.457595
0.0285022
0.195756
0.0508648
-0.0173582
-0.00771203
0.245963
0.137502
0.30782
0.105051
-0.340434
0.262934
0.0554866
-0.0785587
0.0642294
-0.00537117
0.00842109
0.00791357
1.51829
0.550056
1.4106
-2.37528
1.73301
0.477538
-0.224251
-0.0768165
-0.227162
-0.0984486
-0.166583
0.178884
0.0123721
0.196274
-0.381501
-1.6052
-1.69731
2.45507
-0.0457113
-0.277081
0.223857
0.982256
0.000670698
-0.0502468
-0.0931405
0.0158811
0.0544763
0.294707
-0.0658604
0.279276
-0.272423
0.133696
-0.00090238
-0.0498989
-0.0829786
-0.0208284
0.0186125
0.0115398
2.55393
-0.294824
-0.062305
0.285817
-0.403651
-0.274707
0.0943529
-0.0482079
-0.0277972
0.00802873
-0.378429
0.197167
1.15902
-1.13057
1.60081
-2.67597
0.109891
0.73235
-0.139964
-1.06308
-0.112838
0.244067
-0.0079773
0.0122934
-0.0207996
-0.634142
1.9085
1.64286
-2.4228
-0.0259887
-0.0645882
-0.31993
0.851102
-0.00143857
0.130078
-1.00729
-0.168579
2.6788
0.49971
-2.78346
1.59432
0.367815
0.940627
-0.07876
0.718579
-0.10069
-0.070382
0.639666
0.262188
-0.0139205
0.188284
-0.151724
0.315353
0.431506
0.190487
0.325674
0.0304857
-0.0285671
0.0106371
-0.0412234
0.315544
0.702631
-0.7604
-1.55286
2.91833
-2.99214
0.341624
-0.109037
-0.524931
0.172467
0.176087
-0.669864
0.0130646
-0.0294506
0.372283
0.0559978
-2.75671
2.01243
-0.559912
0.088629
0.19456
0.426896
-0.00190263
0.0398481
0.0248229
-0.546188
0.203985
0.142046
-1.89625
0.0141574
-0.517495
-0.0312223
0.0568235
0.106037
0.220627
-0.204766
-0.387235
-0.0536691
-0.366167
0.315178
-0.440805
0.699222
0.0747661
-2.32944
0.726805
-0.481404
-0.031879
0.00440914
-0.203014
1.19571
0.604002
0.34062
-0.199439
-0.0266176
0.22473
2.31821
-1.07901
2.71485
0.304481
-0.230305
0.272761
0.00124702
0.0133092
0.724195
0.0197593
0.0532715
0.0222758
3.1653
-1.32188
-1.92773
-0.454578
-0.00488115
-0.0152424
1.50929
0.305752
0.0108739
0.0458994
-0.915568
0.951184
-0.232499
1.45293
-2.26706
-0.777624
-0.0581121
0.00687195
-0.483611
-0.183946
-0.259349
-0.271912
-0.120326
-0.287677
-0.239541
-2.13509
0.48856
-0.0331366
-0.0109168
0.00498062
0.101473
0.0439132
0.0189021
-0.584899
0.0268788
-0.0297201
-0.682439
-2.74553
-3.03002
-1.32027
-0.208858
0.166498
0.388336
0.00320624
-0.065982
-0.11611
0.0394741
0.309075
0.0251794
-1.89749
-1.39491
-0.832655
1.60305
-0.0018398
0.0118164
0.360634
-0.173235
-0.00392216
0.597098
-0.905712
-0.0288391
-0.11583
-1.91567
0.0305173
0.299999
0.0267867
0.125835
0.37562
0.411161
0.215629
0.60402
-0.0815343
0.361258
0.142538
0.326594
-2.01962
0.118721
2.14929
0.00691821
0.280333
-0.457143
-0.287865
0.617236
-0.0673687
0.0675191
-0.397408
-0.306555
-0.0567119
0.567071
-2.73163
1.16686
0.0861939
0.0118543
0.257586
0.19815
0.0319628
-0.06204
0.126851
0.107751
-1.834
-0.563683
1.06702
0.00357041
-0.103815
-0.0600124
1.97941
0.0377337
0.0911458
-0.110229
-0.587543
-0.0974749
-0.0400241
0.126084
-0.636452
1.27268
0.0177767
-0.34694
0.00182628
-0.113585
-0.242615
0.108534
-0.0076157
-0.210356
-0.0801687
0.0956207
-0.748913
-0.028537
-1.34921
0.350421
-1.58516
-0.0502758
0.398689
0.0576042
0.647438
-0.227783
-0.197897
-0.617734
-2.01737
1.83993
1.26585
-0.800984
-0.714718
0.0293125
-0.493828
0.033599
0.0419209
0.0822238
0.227103
2.63175
-0.919854
1.05417
2.15766
0.00689917
0.241602
-0.327974
0.0676828
-0.563844
-0.411345
0.881107
0.124072
-0.879817
-2.73484
-0.692622
0.147411
-0.0780877
0.0701742
-0.188483
0.158272
-0.175173
0.300544
-0.0112565
-0.295935
-0.219522
0.0320116
1.02304
0.0762807
-1.36529
2.03074
3.47957
0.0986675
1.35003
-0.0991154
-0.0603273
-0.0550635
0.653265
0.47443
-1.53804
1.74349
-2.50604
-3.71404
-2.35793
-0.915115
0.777785
0.013129
0.29112
0.0251825
0.947577
-2.55294
-2.30241
-2.903
-1.50915
0.0304592
0.312042
0.151735
-0.158262
-0.130709
0.956507
1.07522
-1.17886
0.420286
-0.166053
-1.72946
-0.206451
1.20226
-0.247708
-0.380238
0.0022957
1.12856
-0.420938
-0.642848
0.0336755
0.0518514
-0.0172947
-0.0300868
-0.0194054
-2.51493
-1.1006
2.16398
0.201204
0.411068
0.0640517
-0.0179088
-0.327459
0.017369
0.024532
0.400295
-0.116743
1.59206
1.00895
-0.605975
-0.0616678
-0.0115909
0.0222048
0.0357363
0.00898543
-0.134968
0.0538073
1.82394
-1.68114
-0.00216746
-0.0904762
2.37969
0.879895
1.65192
2.54058
-0.0453167
0.0754887
-0.0507637
-0.0503899
0.00271401
0.848325
0.010011
-0.00549959
-0.0562773
-1.05853
-0.149372
0.0419787
-0.0970858
0.172784
0.0204166
0.113309
-0.0912331
0.0360325
-0.0302561
0.0109834
-2.07283
-2.20008
-2.55291
0.13128
-0.0495164
-0.0139743
0.0338693
-0.0573264
0.131514
0.236889
-0.0430309
-0.0881801
-0.842822
-2.83847
0.378158
1.2585
0.0661994
0.0250725
0.132561
-0.0443394
0.0478397
0.005151
-0.411003
1.0071
0.405701
-1.66018
-2.39162
-2.64199
0.0675322
-0.0391336
-0.272451
-0.174273
-0.00855772
-0.0978289
1.73575
1.91488
1.05849
0.0823903
-0.0747061
-2.04989
0.0123596
0.076313
0.202288
-0.097942
0.350138
0.101588
-0.036335
-0.0318276
0.0118991
0.0427812
3.80037
-0.21801
-1.1694
-0.0315935
-0.414584
0.0923468
-0.434301
-0.158055
-0.340951
-0.216765
-2.62126
-0.489768
-2.55346
2.18596
2.59044
0.953493
0.0644774
0.114612
0.277719
-0.240981
0.408232
0.0968154
-0.00168399
-1.87592
0.239499
-0.634221
0.510633
0.0725862
-2.15625
-2.0958
-0.560461
0.452927
-0.0226715
-0.229497
-0.020284
0.223713
-0.265504
2.46877
1.61452
0.307541
1.77009
0.29404
-0.782601
-0.0283155
-0.0253649
0.0399374
-0.0331994
0.0103778
0.0204368
0.314546
-1.49008
1.14105
0.52431
0.0377063
0.151334
-0.173188
-0.145471
0.125092
-0.0994821
0.0218878
0.0948787
1.80136
1.17508
2.03791
-1.00162
-1.66575
0.131988
0.0175091
-0.0682873
0.0547298
-0.0754424
-0.000451895
-0.214955
-0.0908823
0.203225
-0.00703267
0.059597
1.46387
-0.308214
-0.168048
0.0928957
-0.106959
-0.0216664
-0.0788724
0.00695837
0.077824
-0.0637903
-1.76589
-2.45617
0.0690859
-0.733121
-0.0342116
-0.503978
-0.0314988
-0.0553003
0.014023
0.00149985
-0.263876
0.360815
0.508943
-0.397146
2.92122
2.52655
1.30551
-0.242555
-0.206412
0.000117935
0.0784901
0.179477
-0.0308305
1.14769
-0.884936
0.0809343
0.398579
0.131698
-1.52401
0.414865
-0.724324
-0.0631173
-0.544503
-0.00403734
0.118399
0.450087
-1.22918
-0.372468
1.63687
-0.94517
0.564448
-0.17905
0.523881
0.0413726
-0.148794
-0.0846221
0.0364469
-2.19959
0.21053
1.02008
-0.182708
-0.25824
-0.441216
0.0273891
-0.0467617
-0.0243894
0.0495652
-0.0108765
0.00915352
0.018755
0.152342
1.60007
-0.882299
-1.26185
2.73626
1.00598
-0.236575
-0.137471
-0.0197977
-0.113891
-0.0122759
0.221465
0.0133551
0.134238
-1.86757
2.9755
2.11206
-0.483262
-0.0657686
-0.140828
0.0104209
-0.0969984
-0.000181402
0.0175984
-0.0241392
3.05268
-0.242317
-0.103967
2.60325
-2.68414
-0.0683652
0.254289
-0.101704
0.266855
-0.0866346
0.0113461
0.138721
-0.0239059
0.0885222
2.86982
0.206069
-1.93744
-0.0106444
0.279894
-0.212766
0.0183075
0.000687762
0.00802906
0.055914
0.332868
-0.212844
0.211232
-2.14856
-0.0728057
-1.47367
-0.846761
-0.659638
0.639297
-0.0535035
-0.169445
1.46377
0.00627015
0.211775
-0.346399
0.0276879
0.735404
2.21207
0.0193592
0.116292
-0.369437
1.85227
0.000389313
0.161242
0.196001
0.0540996
0.133422
-0.188782
0.660701
2.68545
-0.345701
0.707084
-0.0654353
0.203743
-0.152692
0.0760817
-0.626421
0.677791
-0.159903
-0.54499
-3.01611
1.84445
-0.257203
0.413174
1.55883
0.119406
-0.0264529
0.00568308
-0.125994
-0.554639
-0.0550295
0.781773
0.122087
0.53448
0.0899103
0.0352006
-2.36233
0.544553
-2.42514
-0.0782234
-1.25199
0.00336749
0.213644
0.376138
0.0201689
0.0960461
0.0655452
-1.00037
2.24584
1.04441
-0.048503
-0.00145994
-0.081991
-0.838314
-0.767741
-0.0156268
0.0572778
-0.678332
-0.826943
1.63461
-0.865009
-0.2942
-0.195403
0.469968
0.0598279
1.12761
-0.299001
0.121746
0.778623
-0.0404382
1.7555
-0.113184
0.84793
-2.78372
-0.0122611
-0.00451679
0.000835978
-0.0501459
0.295302
-0.000151222
0.737892
0.0791454
0.165956
0.200561
2.99977
1.5661
-1.15699
1.22409
0.747086
-0.173602
0.00465731
0.0284138
-0.0557314
0.00674322
0.0505769
0.00893353
-2.71244
0.523263
1.90798
-1.49288
-0.00138792
1.99188
0.113066
0.261764
-0.0827221
-0.00367747
0.0308422
-0.284264
2.39984
-1.88889
0.60139
-0.21703
0.0368479
-0.00533238
0.143566
-0.246303
-0.156563
0.0277599
0.272254
-0.0314855
-0.169023
-0.309445
0.35389
0.0240148
-0.00555651
1.29512
-0.313096
-0.839481
-1.80048
1.84808
0.550198
0.886784
1.36053
-2.09065
-2.07748
0.237036
0.48203
-0.46125
-0.353308
0.00190028
0.29199
0.659205
0.00530833
0.156948
0.0499104
0.197229
1.0656
-2.39442
-2.64143
-0.0917169
-0.0581254
1.87251
-0.610388
0.0804828
-0.703987
0.67681
0.140475
-1.10959
-0.581848
0.279837
-0.727402
-1.3571
-0.245162
-0.0141158
-0.259145
-0.442785
-0.928793
0.566731
-0.35059
0.232283
-0.00316623
-0.0291928
1.62909
1.50227
-0.340053
2.51164
0.0880052
0.053095
-0.229851
-0.0873768
0.0446976
-0.327499
-1.4682
-0.165427
1.39769
2.60646
1.30508
0.265143
0.0133753
0.218642
0.155064
0.0583526
-0.0593585
0.132768
-0.109534
0.182925
0.772838
1.15987
2.17969
-0.0258721
-3.34306
0.148463
-0.0660565
0.144673
-0.0184474
-0.297025
-0.717
-2.81155
1.15892
-2.29908
0.0275307
0.00476806
0.078394
0.0300895
-0.339756
-0.050623
0.101177
0.203568
0.00614448
-0.121299
0.230034
1.946
-0.734014
1.73699
-0.249499
0.181246
0.200021
-0.237071
-0.0984154
-0.00456682
-0.411135
0.201202
0.189901
1.08079
0.0624039
0.846965
0.00447823
0.000655951
0.00512472
-0.0472887
-0.0119866
-0.0992794
0.00796082
0.185715
-0.455203
-0.0447883
-1.52343
2.84303
-0.324015
-1.74779
1.04843
0.101857
0.0350873
-0.282772
-0.17169
-0.104586
-0.0151914
0.00965393
0.70696
-1.70399
-0.265319
0.00545637
0.163052
0.14272
0.144782
-0.166666
0.0979097
0.0783847
0.257046
0.253473
-0.116716
-0.0215968
-0.8143
-0.593117
-0.0936421
-0.284397
-1.15144
0.16458
-0.0890981
0.490931
0.340711
0.11436
-0.35435
-0.703187
-1.96425
3.85009
-1.17633
-0.0637114
-1.31398
-0.0119103
0.0845163
0.023188
-0.0337225
0.0406964
-0.113225
1.83198
1.8511
0.933123
-0.525554
0.847484
0.487335
-1.5087
-0.215231
0.112437
0.350446
1.07173
0.153018
1.26602
-0.234787
1.57783
3.18591
0.425183
0.177552
0.504149
-0.667355
0.684247
0.274046
0.0067564
-0.368002
0.0978832
-0.0372322
2.51796
0.054048
-0.500078
-0.165414
0.0381041
-0.285201
0.0705036
-0.627337
-0.468033
0.145194
-0.0468097
-0.214171
2.94737
-0.0753481
-0.721751
-0.918144
-0.935171
2.9004
0.0120772
0.107801
0.565394
-0.1756
-0.501825
-0.184307
0.459789
-0.912034
1.29449
1.54107
-0.958643
0.158112
0.820531
0.321259
-0.401405
0.530538
-0.0874256
-0.907247
-1.2067
0.932534
-2.15983
2.93468
0.029368
-0.434987
1.50444
-0.51984
-0.732644
-0.00821806
0.207558
-0.0397737
-0.00706278
0.00157222
0.0265645
-2.65545
0.406153
0.0692153
0.362917
0.0653591
-0.109934
-0.0149933
-0.292916
0.264046
-2.30298
-0.452011
-0.0392075
1.84285
-0.645414
1.31552
0.0171657
0.0705014
0.0139737
-0.275229
0.0828572
0.0566645
-0.109822
2.88927
-0.0327847
-2.81883
1.1766
1.8182
0.259795
-0.0629703
0.0801903
0.0478286
-0.304513
0.00685864
0.190962
1.74817
1.96937
-1.70377
-0.126515
0.0185149
0.167202
-0.0776533
0.373975
0.158458
0.297086
0.410985
-0.139874
-0.0153484
0.00317886
-0.160826
0.413883
-1.47465
1.16364
-0.0634717
-0.20258
0.660319
-0.241665
-0.793124
-0.677271
-1.68431
-0.595921
-1.88549
1.55564
-0.0270702
-0.0335904
-2.48195
-0.338404
0.0293358
-0.00632921
-0.153614
0.111984
0.83125
-0.00144327
0.0693516
-0.626908
0.931555
-2.11074
2.41617
1.64924
-0.876055
0.69893
-0.853935
-0.0953053
1.58372
-0.392119
0.018604
-1.38559
0.0763035
-2.65157
1.52772
-0.299888
1.05853
1.05217
-0.303133
-0.587819
0.0261247
-0.0221085
0.00585112
0.0641409
-1.28975
1.5302
0.893772
-2.04699
-1.63353
0.110455
0.466402
-1.35995
0.0302819
-0.177498
0.503824
1.18985
-0.000660054
0.183421
0.625153
2.16965
0.140132
-0.29343
0.213443
-0.2405
-0.0963216
1.00165
0.000850556
0.157301
-3.57489
2.94826
-2.44399
-1.14897
0.601716
1.72972
-0.186009
-1.10897
0.0476636
2.0267
-0.258471
0.147584
-0.913453
-0.283979
2.44313
-1.97215
-0.521104
-0.177544
0.166432
-0.640739
-0.0491066
0.0262627
-0.0499289
0.00523541
0.664913
-0.360277
-1.86703
0.909587
0.839683
-0.00856675
-2.0638
0.272441
-1.04395
0.838728
0.0341561
0.0481667
-0.412756
0.00175777
0.117036
2.80572
-2.69275
2.71881
1.22158
0.0239076
-0.753131
0.524461
-1.43443
-0.00355577
-0.158931
1.55977
0.320597
-1.85143
-3.08464
3.40385
3.26002
0.157987
-0.279233
-0.0136702
1.66105
-0.309889
0.502014
-0.0618428
-0.839491
0.742489
-1.02632
-0.438845
-3.46148
-0.146967
0.390189
-0.167565
0.140009
-0.0336256
0.0102501
0.0743895
-1.40224
-0.210819
0.325254
1.99294
0.707465
0.305695
1.08545
-0.148502
0.272121
0.0175001
0.807614
-0.4353
0.0156493
-0.115252
-0.00279616
0.0582213
-0.564754
2.77223
0.108365
0.173255
-0.0240769
-0.492968
-0.00228367
0.0258148
0.677911
0.180709
0.179917
-0.00373329
-2.96747
-1.14718
0.689424
0.354769
0.0329721
-0.0475821
0.282677
-0.074517
0.573647
-1.31861
1.33246
0.428228
0.923845
0.90998
0.0499854
-0.374619
0.634373
-0.205216
-0.0218111
0.00531224
-0.281879
1.14266
1.08435
1.41059
-0.811582
-0.479432
-0.710985
-1.34615
0.275421
-2.56408
0.188066
-0.0127863
0.726969
0.00237172
0.326419
-0.434238
0.0689661
-0.522643
0.0834509
-0.724164
-3.50747
-0.165512
0.75328
2.83774
0.114373
-0.62477
0.952827
-0.0813671
0.00717949
0.702709
0.657842
-2.16145
1.4812
-0.0617731
0.695406
-0.386667
-0.215561
-0.19972
-0.736296
-0.805304
-0.697588
-0.122719
-1.09096
1.46353
0.0699194
1.89549
-0.0521059
-0.0108374
-0.494361
-0.180384
0.131318
0.109902
0.156331
-0.07428
0.0147103
-0.347408
-2.39495
-0.0327285
0.0161956
0.104443
0.0286299
-0.297539
0.00012252
-0.0333082
-0.0174728
0.0282141
-0.0400092
0.00875941
-1.52944
-0.096523
0.389983
0.260466
-0.00484576
0.16316
0.133496
0.0362805
0.166822
0.0544724
0.100854
-0.276576
-2.69135
2.95919
-1.30606
-2.63787
-0.0146792
-0.00512774
0.247846
0.105284
0.00890825
0.208068
-0.207873
0.12269
0.647697
0.147112
1.5053
0.306067
-0.0349967
2.41017
-0.113194
0.301188
-0.095825
-0.852094
0.446975
-0.112437
0.840914
0.27657
0.462198
0.503555
0.108771
-0.565039
-1.62968
0.00759766
-0.199574
-0.134917
0.0390522
0.249768
0.044732
-0.907061
0.291225
-0.910785
-3.45972
0.632101
2.33874
0.345165
0.269296
-0.0666417
-0.19406
0.165019
0.587648
-0.524561
0.245879
1.91005
-2.42753
0.22727
0.072791
-0.496132
0.723318
0.0404529
-0.396126
-0.145097
-0.463184
0.929794
-0.000988213
0.0175838
-0.0521981
-0.051272
0.00413413
2.46345
-0.205355
0.34891
0.279115
-0.0222591
0.0247395
-0.0184451
-0.107807
-1.55087
0.432165
0.300233
2.84525
0.050145
0.000621535
-0.130813
0.0968936
0.00120454
0.0295456
0.0147076
-0.308385
1.3907
0.995756
1.06025
-0.00619843
0.568921
-0.0704126
0.0568834
-0.2541
-0.120574
-0.213716
0.286005
0.208106
-1.12296
0.00939353
0.426425
-2.89754
2.04907
1.11898
-0.329981
0.228701
0.0854233
-0.0229266
-0.0234916
-1.13946
0.0451323
-0.995423
0.0348432
-0.0222329
0.00891523
0.0150446
0.146624
-0.134439
-0.258826
0.0766799
-0.0399393
0.362948
-7.85341e-05
0.061471
0.05796
-0.0982098
-0.53251
-0.136143
-0.924289
-0.327566
-0.0369188
0.0530061
0.0509109
0.121111
0.27307
0.10573
0.0236091
-0.550199
2.09303
-1.84568
0.474288
0.29838
-0.0408651
-0.0879873
0.281834
-0.0117056
-0.0624929
0.259771
-3.08052
0.723492
-1.2658
0.00113515
-0.0254314
-0.0421996
-0.0828879
-0.199959
-0.0100124
0.137794
-0.0865273
0.0322304
0.39822
-0.0907986
-0.0319526
0.00411541
-0.202069
0.0755821
3.39039
0.109864
0.134258
0.0630995
0.670932
-0.283343
0.0205185
0.296187
0.0501305
0.704948
1.34217
0.00306808
-1.45348
0.0996407
-0.0312571
0.16555
0.0209218
-0.49349
-0.331959
-0.199346
-2.25372
-2.52629
0.145366
0.272473
0.21496
0.097077
-0.282271
-0.383905
0.0865202
-0.153184
0.186485
0.0615314
-1.70193
-0.156951
-0.859087
1.66773
-0.359585
0.398175
0.696571
-0.159706
0.25492
0.0645503
-0.14222
0.487879
0.0467476
-0.0109823
0.00766738
2.66001
0.333979
-2.35979
1.02968
-0.166383
-0.0955884
0.180579
-0.327446
0.497762
-0.693299
-2.98398
-0.138666
0.315002
0.00720137
0.324401
-0.312673
-0.020658
-0.199358
0.116604
-0.127113
0.0128049
-0.0775615
0.318198
0.000225511
-0.331804
-0.748937
0.409464
-0.239141
1.14468
0.18416
-0.483971
-0.503143
0.45933
-0.141428
0.116071
-2.68168
2.15119
1.18585
0.00605438
0.299659
0.204774
-0.00792333
-0.201809
-0.104369
-0.401069
0.37601
-0.0165213
-0.0145246
0.00365502
0.474092
-0.48741
0.808817
-0.251998
-0.00196965
0.337467
-0.811663
-1.38012
0.555477
-0.0795985
0.00587422
-0.24604
0.133306
-1.5921
-2.71858
-1.45411
0.0618014
0.278917
0.0315215
0.903553
-1.19416
-0.245526
-0.78519
-0.000374004
0.762839
-1.07368
2.41971
-0.70239
-2.82637
-1.22202
1.57969
0.229902
0.0655637
-0.0669465
0.226603
-0.0192253
0.330675
-0.296332
-1.42897
0.983666
-0.380536
-1.37854
0.0126269
0.124899
0.558094
-0.0143048
-0.109743
-0.0360663
0.00514942
0.137104
0.731489
0.037939
-0.11862
0.0695238
-0.0596122
1.62593
-0.0281011
-0.817337
0.664838
-0.126616
-0.303043
-0.254126
0.00377214
-1.12196
1.25575
-0.02586
0.0717847
0.0322581
-1.15604
1.48132
0.69393
0.199127
-0.00518621
-0.112943
-0.944997
-1.92202
1.45992
0.443365
-2.11963
-3.61123
1.05801
-1.10926
0.0175312
0.144135
0.150293
-0.163518
0.305893
-1.04934
0.898325
0.647046
0.472475
0.299764
0.8049
0.411319
-0.160645
0.0308463
-0.0317884
0.00975753
-0.0409399
-0.164279
-0.0301367
-2.0884
-0.138613
-0.426754
0.352632
-0.0344048
0.096781
-0.39495
-0.117894
-0.22806
0.456247
0.0115588
0.101991
0.138436
0.396506
-0.456299
0.124002
-0.298503
0.285277
0.0356394
0.500261
-0.00165232
-0.0746072
0.144717
-1.74515
-0.059803
-0.14984
-1.67087
-1.41264
0.376465
0.270642
-0.037723
-0.333602
-0.0848297
0.00873951
-2.70251
-0.0174062
-0.417957
-1.40163
-1.67354
-1.08201
-0.366586
0.399419
-0.136948
-0.0989226
-0.0112166
0.00458972
0.119963
1.02528
0.0192549
-0.0561164
0.349242
0.0541
0.557411
0.420081
-0.87486
1.0619
0.0282557
-0.548351
-0.19475
-2.71513
2.00128
0.431876
1.02861
-0.145408
0.0342284
-1.05476
-0.514063
0.481209
-0.623031
-0.0021459
-0.0348936
-0.844814
-0.935218
0.376974
-0.422167
-0.050491
-0.686039
0.0536224
-1.4663
-0.0217766
-0.909695
0.305683
-0.292809
0.228844
0.0282418
-0.748106
3.29186
2.20132
-0.0484568
0.233912
-0.15602
-0.096511
0.0412121
-0.0358807
0.0111272
-0.0082882
-0.198776
0.534145
-1.04197
0.156652
-0.117188
0.00266196
0.44974
0.100478
0.170015
-0.0115931
0.253202
-0.809956
0.0133939
-0.233457
-0.478971
0.0516729
-0.90542
0.0751464
-0.52009
0.044058
0.493769
-1.23991
-0.00236792
0.00203482
0.0186233
0.0114773
0.111338
-0.387898
-0.317721
1.36128
-0.0811069
-0.475655
0.110972
-0.00618622
0.242692
-0.0361415
-0.0877459
0.0558193
-2.38246
-0.0654609
2.36007
1.46138
-0.0920165
0.00546486
-0.114998
-0.176075
0.185756
0.0417187
0.0867577
-0.445219
-0.197262
-0.594867
0.217737
0.237091
0.0479257
0.200029
0.211043
-0.221239
-0.00341719
-0.0963979
-0.236449
-0.276416
-0.0406636
-0.189177
0.115723
-0.0918394
-0.0847489
0.360902
2.86572
-0.0311149
0.281795
0.243768
0.0938759
0.370673
0.016046
0.00115645
-0.231526
0.431011
0.296961
0.226612
0.0329465
0.530019
-0.0687494
1.67387
0.0110188
-0.0129641
-0.140983
0.0142405
0.0469383
-0.0337797
-0.015562
-0.65881
1.35643
0.0654815
1.14769
1.0716
-2.34743
-1.6634
-2.83312
-2.4541
-0.197066
-0.891677
-0.539957
-0.378096
-0.386107
1.28049
-0.384696
-0.307325
-0.395648
-0.848769
-1.8319
-0.308568
-1.23586
-0.729456
0.372893
-0.216741
-3.84978
4.78449
0.91384
-0.281459
-1.42385
-2.23158
0.528187
1.02208
0.956076
-2.60813
-2.02346
-1.83154
-1.44412
-1.15449
0.0659003
-0.161711
-0.229504
-3.02136
-0.469109
0.121725
1.21288
2.75188
-0.74407
1.62387
-2.05869
-2.77224
-3.07732
-1.68099
0.457764
-0.451724
-0.695091
-0.371999
-0.17992
-0.242399
-0.294809
0.295131
1.06314
-1.43087
0.0163755
-0.317524
0.89874
-4.24921
-2.18908
-2.13964
-1.09812
0.849397
0.284453
-0.666608
0.165606
0.0603204
-0.0984038
-2.4606
-0.24483
-0.54254
-0.423185
-0.517314
-3.15849
0.855658
1.34977
-0.696406
-0.349367
-0.798293
-1.76863
-1.40166
-0.692832
-0.205691
0.086023
-0.400656
-0.324343
-0.967578
-0.30288
-0.291997
1.60455
0.0922424
0.804689
-2.83779
3.29297
1.29505
-0.0679686
3.15523
-1.93281
0.618287
1.33184
1.45202
5.86769
-3.56827
-2.25172
0.730451
-0.387112
-0.859869
-0.404134
-1.9876
-0.144783
1.57045
-0.0850021
-1.61428
-1.20031
1.08882
-0.10442
-0.729431
0.994408
0.753454
1.18018
-2.52702
-1.23957
-0.686756
-0.219001
0.793787
-1.11722
2.673
-4.15529
2.99394
0.053349
1.79604
2.07037
-2.54037
-4.53451
-5.16453
3.87975
-3.51253
-0.50538
-2.34163
-1.77161
1.87713
0.300927
3.00091
2.02498
-1.75738
-0.521511
0.41756
0.428456
-0.0577002
-4.22648
0.0356602
-0.960925
-2.06573
-0.394409
-2.33809
-0.858642
0.153615
-0.52583
-0.165551
0.345869
-0.931253
-0.429913
-1.90473
-0.321981
0.0478031
-0.25021
2.67681
0.228059
-0.250633
-0.826849
-0.711296
4.42428
-0.846826
-2.14073
-0.512965
-1.93142
2.52976
0.489671
-0.863225
-1.31107
0.119807
0.342375
0.499119
-2.5675
1.59685
-1.60112
-1.04941
-2.9714
-1.58113
-0.404502
-0.813607
-0.475243
-0.311074
