[293, 25, 25, 4]
0.0
0.0
0.0
0.0
0.0
0.0
0.0
0.0
0.0
0.0
0.0
0.0
0.0
0.0
0.0
0.0
0.0
0.0
0.0
0.0
0.0
0.0
0.0
0.0
0.0
0.0
0.0
0.0
0.0
0.0
0.0
0.0
-1.28102
0.0
0.0
0.0
0.0
0.0
0.0
0.0
0.0
0.0
0.0
0.0
0.0
0.0
0.0
0.0
0.0
0.0
0.0
0.0
0.0
0.0
0.0
0.0
0.0
0.0
0.0
0.0
0.0
0.0
0.0
0.0
0.0
0.0
0.0
0.0
0.0
0.0
0.0
0.0
0.0
0.0
0.0
0.0
0.0
0.0
0.0
0.0
0.0
0.0
0.0
0.0
0.0
0.0
0.0
0.0
0.0
0.0
0.0670146
0.0
0.0
0.0
0.0
0.62981
0.0
0.0
0.0
0.0
0.0
0.0
0.0
0.0
0.0
0.0
0.0
0.0
0.0
0.0
0.0
0.0
0.0
0.0
0.0
0.0
0.0
0.0
0.0
0.0
0.0
-0.267234
0.0
0.0
0.0
0.0
0.0
0.0
0.0
0.0
0.0
0.0
0.0
0.0
0.0
0.0
0.0
0.0
0.0
0.0
0.0
0.0
0.0
0.0
0.0
0.0
0.0
0.0
0.0
0.0
0.013518
0.434681
0.993446
-0.0175636
-0.199366
0.512815
0.425001
-0.0474895
-0.0562904
0.145241
0.0371029
0.0436995
0.527906
-0.0268386
-0.695388
-0.0726738
0.625456
-0.293629
0.0039287
-0.120976
-0.0651049
0.354255
0.352692
-0.0536648
-0.193395
0.0
0.0
0.0
0.0
0.0
0.0
0.0
0.0
0.0
0.0
0.0
0.0
0.0
-0.0508299
0.0
0.954038
0.0
0.0
0.0
-0.506488
0.0
0.0
0.0
0.0
0.0
-0.279715
0.855836
0.375285
-0.00834577
0.854237
0.452591
0.403114
-0.037739
0.252747
0.229121
0.0663674
1.29725e-05
-0.00580684
0.363939
-0.850228
-0.21486
0.641642
0.112209
-0.00481802
-0.0731457
0.0475204
0.404503
-0.0533706
0.184726
-0.335038
0.0
0.0
0.0
0.0
0.0
-0.344906
0.177996
0.0
1.45273
0.0
1.46801
0.0
0.0
0.0
0.0
0.0
0.0
0.0
0.0
0.0
0.0
0.0
0.0
0.0
0.0
-0.270352
0.655523
0.684778
-0.00429067
0.244365
0.427078
0.401212
0.021222
0.00985977
0.546283
0.0198203
-0.282865
0.434148
0.32433
-0.843977
-0.0810903
0.68559
0.0271821
-0.00552191
0.0681398
-0.0194999
0.419906
0.560451
0.0725703
-0.569404
0.0
0.0
0.0
0.0
0.0
0.0
0.0
0.0
0.0
0.0
0.0
0.0
0.0
0.0
0.0
0.011931
0.0
0.0
0.0
0.0
0.0
0.0
0.0
0.0
0.0
0.0
0.0
0.0
0.0
0.0
0.0
0.0
0.0
1.85374
0.0
0.0
0.0
0.0
0.0
0.0
0.0
0.0
0.0
0.0
0.0
0.0
0.0
0.0
0.0
0.0
0.0
0.0
0.0
0.0
0.0
0.0
0.0
0.0
0.0
0.0
0.0
0.0
0.0
0.0
0.0
0.0
0.0
0.0
0.0
0.0
1.28964
0.0
0.332996
0.0
0.0
0.0
0.0
0.0
0.0
0.0
0.0
0.0
0.0
0.0
0.0
0.0
0.0
0.0
0.0
0.0
0.0
0.0
0.0
0.0
0.0
0.0
0.0
0.0
0.0
0.0
0.0
0.0
0.0
0.0
0.0
0.0
0.0
0.0
0.0
0.0
0.0
0.0
0.0
0.0
0.0
0.0
0.0
0.0
0.0
0.0
0.0
0.0
0.0
0.0
0.0
0.0
0.0
0.0
0.0
0.0
0.0
0.0
0.0
0.0
2.44103
0.0
0.0
0.0
0.0
0.0
0.0
0.0
0.0
0.0
0.0
0.0
0.0
0.0
0.0
0.0
0.0
0.0
0.0
0.0
0.0
0.0
0.0
0.0
0.0
0.0
0.0
0.0
0.0
0.0
0.0
0.0
0.0
0.0
0.0
0.0
0.0
0.0
0.0
0.0
0.0
0.0
0.0
0.0
0.0
0.112576
0.0
0.0
0.0
0.0
0.0
0.0
0.0
0.0
0.0
0.0
0.0
0.0
0.0
0.0
0.0
0.0
0.0
0.0
0.0
0.0
0.0
0.0
0.0
0.0
0.0
-0.535135
0.0
0.0
0.0
0.0
0.0
0.0
0.0
-0.953247
0.0
0.0
0.0
0.0
0.0
0.0
0.0
0.0
0.0
0.0
0.0
0.0
0.0
-0.0713546
0.0
0.0
0.0
0.0
0.0
0.0
0.0
0.0
0.0
0.0
0.0
0.0
0.0
0.0
0.0
0.0
0.0
0.0
0.0
0.0
0.0
0.0
0.0151135
0.422031
0.992232
0.00522821
-0.1503
0.388035
0.303199
-0.0341696
-0.0475601
0.0253339
-0.0521176
0.145532
1.10245
-0.121234
-0.631426
-0.0705959
0.669294
0.0266408
-0.0004027
-0.000274033
-0.0457173
0.389012
0.948063
-0.0154714
-1.20314
0.0
0.0
0.0
0.0
0.0
0.0
0.0
0.0
0.0
0.0
0.0
0.0
0.0
0.0
0.0
0.0
2.24732
0.0
0.0
0.0
0.0
0.0
0.0
0.0
-0.605542
0.0
0.0
0.0
0.0
0.0
0.0
0.0
0.0
0.0
0.0
0.0
0.0
0.0
0.0
0.0
0.0
0.0
0.0
0.0
0.0
0.0
0.0
0.0
0.0
0.0
0.0
0.0
0.0
0.0
0.0
0.0
0.0
0.0
0.0
0.0
0.0
0.0
0.0
0.0
0.0
0.0
0.0
0.0
0.0
0.0
0.0
0.0
0.0
0.0
0.0
0.0
0.0
0.0
0.0
0.0
0.0
0.0
0.0
0.0
0.0
0.0
0.0
0.0
0.0
0.0
0.0
0.0
0.0
0.0
0.0
0.0
0.0
0.0
0.0
0.0
0.0
0.0
0.0
0.0
0.0
0.0
0.0
0.0
0.0
0.0
0.0
0.0
0.0
0.0
0.0
0.0
0.0
0.0
0.0
0.0
0.0
0.0
0.0
0.0
0.0
0.0
0.0
0.0
0.0
0.0
0.0
0.0
0.0
-0.716512
0.0
0.000826561
0.0
0.0
0.0
0.0
0.0
0.0
0.0
0.0
0.0
0.0
0.0
0.0
0.0
0.0
0.0
0.0
0.0
0.0
0.0
0.0
0.0
0.0
0.0
0.0
0.0
0.0
0.0
0.0
0.0
0.0
0.0
0.0
-1.33056
0.0
0.0
0.0
0.0
0.0
0.0
-0.121331
0.445533
0.467813
-0.0129278
-0.0427531
0.385231
0.217177
-0.0522258
0.0660776
0.685103
0.0296213
-0.633277
0.494452
0.411253
-0.703815
0.0392502
0.663478
-0.0905587
0.000106822
0.0933772
-0.005249
0.280956
0.751638
0.37745
-0.176638
0.0
0.0
0.894857
0.0
0.0
0.0
0.0
0.0
0.0
0.0
0.0
0.0
0.0
0.0
0.0
0.0
0.0
0.0
0.0
0.0
0.0
0.0
0.0
-1.08408
0.0
0.0
0.0
0.0
0.0
0.0
0.0
0.0
0.0
0.0
0.0
0.0
0.0
0.0
0.0
0.0
0.0
0.0
0.0
0.0
0.0
0.0
0.0
0.0
0.0
0.0
0.0
0.0
0.0
0.0
0.0
0.0
0.0
0.0
0.0
0.0
1.17793
0.0
0.0
0.0
0.0
0.0
0.0
0.0
0.0
0.0
0.0
0.0
0.0
0.0
0.0
0.0
0.0
0.0
0.0
0.0
0.0
0.0
0.809303
0.0
0.0
0.0
0.0
0.0
0.0
0.0
0.0
0.0
0.0
0.675197
0.0
0.0
0.0
0.0
0.0
0.0
0.0
0.0
0.0
0.0
0.0
0.0
0.0
0.0
0.0
0.0
0.0
0.0
0.0
0.0
0.0
-0.974438
0.0
0.0
0.0
0.0
0.0
0.0
0.0
0.0
0.0
0.0
0.0
0.0
0.0
0.0
0.0
0.0
0.0
0.0473487
0.0
0.0
0.0
0.0
0.0
0.0
0.0
0.0
0.0
0.0
0.0
0.0
0.0
0.0
0.0
0.0
0.291762
-0.067871
0.845127
0.0198859
0.376765
0.351381
0.366204
-0.00877723
0.0637506
-0.0146134
-0.0369018
-0.310937
0.826519
-0.118848
-0.519891
-0.0655444
0.833371
-0.00977892
-0.010485
0.0767452
0.0174967
0.294264
0.803101
-0.0798011
-0.930174
0.0
0.0
0.0
0.0
0.0
0.0
0.0
0.0
0.0
0.0
0.0
0.0
0.0
0.0
0.0
0.0
0.0
0.0
0.0
0.0
0.0
0.0
0.0
0.0
0.0
0.0
0.0
0.0
0.0
0.0
0.0
0.0
0.0
0.0
0.0
0.0
0.0
0.0
0.0
0.0
0.0
0.0
0.0
0.0
0.0
0.119032
0.0
0.0
0.0
0.0
0.0
0.0
0.0
0.0
0.0
0.0
0.0
0.0
0.0
0.0
0.0
0.0
0.0
-1.14064
0.0
0.0
0.0
0.0
0.0
0.0
0.0
0.0
0.0
0.0
0.0
0.0
0.0
0.0
0.0
0.0
0.0
0.0
0.630928
0.0
0.0
0.0
0.0
0.0
0.0
0.0
0.0
0.0
0.0
0.0
0.0
0.0
0.0
0.0
0.0
0.0
0.0
0.0
0.0
0.0
0.0
0.0
0.363562
0.0
0.0
0.0
0.0
0.0
0.0
0.0
0.0
0.0
0.0
0.0
0.0
0.0
0.0
0.0
0.0
0.0
0.0
0.0
0.0
2.17799
0.0
0.0
0.0
0.0
0.0
0.206578
-0.51336
0.0
-2.84919
0.0
0.0
0.0
0.0
0.0
0.0
0.0
0.0
0.0
0.0
0.0
0.0
0.0
0.0
-0.0556905
0.0
0.0
0.0
0.0
0.0
0.0
0.0
0.0
0.0
0.0
0.0
0.0
0.0
0.0
0.0
-0.506001
0.0
0.0
0.0
0.0
0.0
0.0
0.0
0.0
0.0
0.0
1.40996
0.0
0.0
0.0
0.0
0.0
0.0
0.0
0.0
0.0
0.0
0.0
0.0
0.0
0.0
0.0
0.0
0.0
0.0
0.253846
0.0
0.0
0.0
0.0
0.208734
0.0
0.0
0.0
0.0
0.0
0.0
0.0
0.0
0.0
0.0
0.0
0.0
0.0
0.0
0.0
0.0
0.0
0.0
0.0
0.0
0.0
0.0
0.0
0.0
0.0
0.0
0.0
0.0
0.907046
0.0
0.0
0.0
0.0
0.0
0.0
-1.54202
0.0
0.0
-0.301992
0.0
0.0
0.0
0.0
0.0
0.0
0.0
0.0
0.417721
0.0
0.0
0.0
0.0
0.0
0.0
0.0
0.0
0.0
0.0
0.0
0.0
0.0
0.0
0.0
0.0
0.0
0.0
0.0
0.0
0.0
0.0
0.0
0.0
-0.184604
0.571491
0.256086
-0.0113251
0.0773028
0.425534
0.0560493
0.212036
-0.0928273
0.588305
0.0274602
-0.223261
0.283056
0.460471
-1.01093
-0.0569504
0.793706
-0.121985
0.00427515
0.000237994
0.0153674
0.366857
0.69277
0.482079
0.102271
0.0
0.0
0.0
0.0
0.0
0.0
0.0
0.0
0.0
0.0
0.0
0.0
0.0
0.0
0.0
0.0
0.0
0.0
0.0
0.0
0.0
0.0
0.0
0.0
0.0
0.0
0.0
0.0
0.0
0.0
0.0
0.0
0.0
0.0
0.0
0.0
0.0
0.0
0.0
0.0
0.0
0.0
0.0
0.0
0.0
0.0
0.0
0.0
0.0
0.0
0.0
0.0
0.0
0.0
0.0
0.0
0.0
1.88568
0.0
0.0
0.0
0.0
0.0
0.0
0.0
0.0
0.0
0.0
0.0
0.0
0.0
0.0
0.0
0.0
0.0
0.0
0.0
0.0
0.0
0.0
0.0
0.0
0.0
0.0
0.0
0.0
0.0
0.0
0.0
0.0
0.0
0.0
0.0
0.0
0.0
0.0
0.0
0.0
0.0
0.0
0.0
0.0
0.0
1.30617
0.0
0.0
0.0
0.0
0.0
0.0
0.0
0.0
0.0
0.0
0.0
0.0
0.0
0.0
0.0
0.0
0.0
0.0
0.0
0.0
0.0
0.0
-0.435696
0.0
1.88429
0.0
0.0
0.0
0.0
0.0
0.0
0.0
-1.92158
0.0
0.0
0.0
0.0
0.0
0.0
0.0
0.0
0.0
0.0
0.0
0.0
0.0
0.0
0.0
0.129842
0.0
0.0
0.0
0.0
0.0
0.0
0.0
0.0
0.0
0.0
0.0
0.0
0.0
0.0
0.0
0.0
0.0
0.0
0.0
0.0
0.0
0.0
0.0
0.0
0.0
0.0
0.0
0.0
0.0
0.0
0.0
0.0
0.0
0.0
0.0
0.0
0.0
0.0
0.0
0.0
0.0
0.0
0.0
0.0
0.0
0.291805
0.0
0.0
0.0
0.0
0.0
0.0
0.0
0.0
0.0
0.0
0.0
0.0
0.0
0.0
0.0
0.0
0.0
0.0
0.0
0.0
0.0
0.0
0.0
0.0
0.0
0.0
0.0
0.0
0.0
0.0440759
-0.0746671
0.0
0.0
0.0
0.0
0.0
0.0
0.0
0.0
0.0
0.0
0.0
0.0
0.0
0.0
0.0
0.0
0.0
0.0
0.0
0.0
0.0
0.0
0.0
0.0
0.0
0.0
0.0
0.0
0.0
0.0
0.0
0.0
0.0
0.0
0.0
0.0
0.0
0.0
0.0
0.0309607
0.0
0.0
0.0
0.0
0.0
0.0
0.0
0.0
0.0
0.0
0.0
0.0
0.0
0.0
0.0
0.0
0.0
0.0
0.0
0.0
0.0
0.0
0.0
0.0
0.0
0.0
0.0
0.0
0.0
0.0
0.0
0.0
0.0
0.0
0.0
0.0
0.0
0.0
0.0
0.0
0.0
0.0
0.0
0.0
0.0
0.0
0.0
0.0
0.0
0.0
0.0
0.0
0.0
0.0
0.0
0.0
0.0
0.0
0.0
0.055175
0.0
0.0
0.0
0.0
0.0
0.0
0.0
0.0
0.0
0.0
0.0
0.0
0.0
0.0
0.0
0.0
0.0
0.0
0.0
0.0
0.0
0.0
0.0
0.0
0.0
0.0
0.0
0.0
0.0
1.81837
0.0
0.0
0.0
0.0
0.0
0.0
1.54824
0.0
0.0
0.0
0.0
0.0
0.0
0.0
0.0
0.0
0.0
0.0
-0.00487015
0.0
0.0
0.0
0.0
0.0
0.0
0.0
0.0
0.0
0.0
0.0
0.0
0.0
0.0
0.0
0.0
0.0
0.0
0.0
0.0
0.0
0.0
0.0
0.0
0.0
0.0
0.0
0.0
0.0
0.0
-0.79559
0.0
0.0
0.0
0.0
0.0
0.0
0.0
0.0
0.0
0.0
0.0
0.377574
0.0
0.0
0.0
0.0
0.0
0.0
0.0
0.0
0.0
0.0
0.0
0.0
0.0
0.0
0.0
0.0
0.0
0.0
0.0
0.0
0.0
0.0
0.0
0.0
0.0
0.0
0.0
0.0
0.0
0.0
0.0
0.0
0.0
0.0
0.0
0.0
0.122471
0.0
0.0
0.0
0.0
0.0
0.0
0.0
0.0
0.0
0.0
0.0
0.0
0.0
0.0
0.0
0.0
0.0
0.0
0.0
0.0
0.0
0.0
0.0
0.0
0.0
0.0
0.0
0.0
0.0
0.0
0.0
0.0
0.0
0.0
0.0
0.0
0.0
0.677428
0.0
0.0
0.0
0.80292
-0.424588
0.488251
0.0192743
0.454031
0.187283
0.145991
0.103197
0.140759
0.0420701
-0.0148365
-0.382685
0.665289
0.0581811
-0.526787
0.000465095
0.939821
0.177127
1.90512
-0.0982616
0.0841743
0.291934
0.990979
0.102166
-0.643459
0.0
0.0
0.0
0.0
0.0
0.0
0.0
0.0
0.0
0.0
0.0
0.676829
0.0
0.0
0.0
0.0
0.0
0.0
0.0
0.0
0.0
0.0
0.0
0.0
0.0
0.0
0.0
0.0
0.0
0.0
0.0
0.0
0.0
0.0
0.0
0.0
0.0
0.0
0.0
0.0
0.0
0.0
0.0
0.0
0.0
0.0
0.0
0.0
0.0
0.0
0.0
0.0
0.0
0.0
0.0
0.0
0.0
0.0
0.0
0.0
0.0
0.0
0.0
0.0
0.0
0.0
0.335192
0.0
0.0
0.0
0.0
0.0
0.0
0.0
0.0
0.0
-0.553054
0.0
0.0
0.0
0.0
0.0
0.0
0.0
0.0
0.0
0.0
0.0
0.0
0.0
0.0
0.0
0.0
0.0
0.0
0.0
0.0
0.0
0.0
-1.41093
0.0
0.0
0.0
0.0
0.0
0.0
0.0
0.0
0.0
0.0
0.0
0.0
0.0
0.0
0.0
0.0
0.0
0.619363
0.733169
0.0
0.0
0.0
0.0
0.0
0.0
0.0
0.0
0.0
0.0
0.0
0.0
0.0
0.0
0.0
0.0
0.0
0.0
0.0
-0.608436
0.0
0.0
0.0
0.0
0.0
0.0
0.0
0.0
0.0
0.0
0.0
0.0
0.0
0.0
-1.04567
0.0
0.0
0.0
0.0
0.0
0.0
0.0
0.0
1.18223
0.0
0.0
0.0
0.0
0.0
0.0
0.0
0.0
0.0
0.0
0.0
0.0
0.0
0.0
0.0
0.0
0.791493
-0.156621
0.0
0.0
0.0
0.0
0.0
0.0
0.0
0.0
0.0
0.0
0.0
0.0
0.0
0.0
0.0
0.0
1.09167
0.0
0.0
0.0
0.0
0.0
0.0
0.0
0.0
0.0
0.0
0.0
0.0
0.0
0.0
0.0
0.0
1.61511
0.0
0.0
0.0
0.0
0.0
0.0
0.0
0.0
0.0
0.0
0.0
0.0598731
0.0
0.517092
0.0
0.0
0.0
0.0
0.0
0.0
0.0
0.0
0.0
0.0
0.0
0.0
0.0
0.0
0.0
0.0
0.0
0.0
0.0
0.0
0.1685
0.0
0.0
0.00242438
0.0
0.0
0.0
0.0
0.0
0.0
0.0
0.0
0.0
0.0
0.0
0.0
0.0
0.0
0.0
0.0
0.0
0.0
0.0
0.0
0.0
0.0
-0.432828
0.0
0.0
0.0
0.0
0.0
0.0
0.0
0.0
0.0
0.0
0.0
0.0
0.0
0.0
0.0
0.0
0.0
0.0
0.0
0.0
0.0
0.0
0.0
0.0
0.0
0.0
0.0
0.0
0.0
0.0
0.0
0.0
0.0
0.0
0.0
0.0
0.0
0.0
0.0
0.0
0.0
0.0
0.0
0.0
0.0
0.0
0.0
0.0
0.0
-0.243521
0.631158
0.502854
-0.0353238
-0.174855
0.321829
0.0714857
0.258609
-0.0505494
0.601411
0.0269356
0.0292306
-0.0813072
0.519266
-0.98085
0.322425
0.678129
0.0235613
0.0148966
0.0237495
-0.0406152
0.503302
0.133189
0.0671799
0.118006
0.0
0.0
0.0
0.0
0.0
0.0
0.0
0.0
0.0
0.0
0.0
0.0
0.0
0.0
0.0
0.0
0.0
0.0
0.0
0.0
0.0
0.0
0.0
0.0
0.0
0.0
0.0
0.0
0.0
0.0
0.0
0.0
-1.11933
0.0
0.0
0.0
-1.55003
0.0
0.0
0.0
0.0
0.0
0.0
-0.494627
-1.24978
0.0
0.0
0.0
0.0
0.0
0.0
0.0
0.0
0.0
0.0
0.0
0.0
0.0
0.0
0.0
0.0
0.0
0.0
0.0
-1.828
-0.973928
0.0
0.0
0.0
0.0
0.0
0.0
0.0
0.0
0.0
0.0
0.0
0.0
0.0
0.0
0.0
0.0
0.0
0.0
0.0
0.0
0.0
0.0
0.0
0.0
0.0
0.0
0.0
0.0
0.0
0.0
0.0
0.0
0.0
0.0
0.0
0.0
0.0
0.0
0.0
0.0
0.0
0.0
0.0
0.0
0.0
0.0
0.0
0.0
0.0
0.0
0.0
0.0
0.0
0.0
0.0
0.0
0.0
0.0
0.0
0.0
0.507903
0.0
0.0
0.0
0.0
0.0
0.0
0.0
0.0
0.0
0.0
0.0
0.0
0.0
0.0
0.0
0.0
0.0
0.0
0.0
0.0
0.0
0.00478872
0.0
0.0
0.0
0.0
0.0
0.0
0.0
0.0
0.0
0.0
0.0
0.0
0.0
0.0
0.0
0.0
0.0
0.0
0.0
0.0
0.0
0.0
0.0
0.0
0.0
0.0
0.0
0.0
0.0
0.0
0.0
0.0
0.0
0.0
0.0
0.0
0.0
0.0
0.0
0.0
0.0
0.0
0.0
0.0
0.0
0.0
0.0
0.0
0.0
0.0
0.0
0.0
0.0
0.0
0.0
0.0
0.0
0.0
0.0
0.0
0.0
0.0
0.0
0.0
0.0
0.0
0.0
0.0
0.0
0.0
0.0
0.0
0.0
0.0
0.0
0.0
0.0
0.0
0.0
0.0
0.0
0.0
0.0
0.0
0.0
0.0
0.0
0.0
0.0
0.0
0.0
0.0
0.0
0.0
0.0
0.0
0.0
0.0
-0.794686
0.0
0.0
0.0
0.0
0.0
0.0
0.0
0.0
0.0
0.0
0.0
0.0
0.0
0.0
0.0
0.0
0.0
0.0
0.0
0.0
0.0
0.0
0.0
0.0
0.0
0.0
0.0
0.0
0.0
0.0
0.0
0.0
0.0
0.0
0.0
0.0
0.0
0.0
0.0
0.0
0.0
0.0
0.0
0.0
0.0
-0.304933
0.0
0.0
0.0
0.0
0.0
0.0
0.0
0.0
0.0
0.0
0.0
0.0
0.0
0.0
0.0
1.70294
0.0
0.864788
0.0
0.0
0.0
0.0
0.0
0.0
0.0
0.0
0.0
0.0
0.0
0.0
0.0
0.0
0.0
0.0
0.0
0.0
0.0
0.0
0.0
0.0
0.0
0.0
0.121846
0.0
0.0
0.0
0.0
0.0
0.0
0.0
0.0
0.0
0.0
0.0
0.0
0.0
0.0
0.0
0.0
-1.12149
0.0
0.0
0.0
0.0
0.0
0.0
0.0
0.0
0.0
0.0
0.0
0.0
0.0
0.0
0.0
0.0
0.0
0.0
0.0
0.0
0.0
0.0
0.0
0.0
0.0
0.0
0.0
0.0
0.0
0.0
0.0
0.0
0.0
0.0
0.0
0.0
0.0
0.0
0.0
0.0
0.0
0.0
0.0
0.0
0.323658
0.0
0.438933
0.0
0.0
0.0
0.0
0.0
0.0
0.0
0.0
0.0
0.0
-1.12058
0.0
0.0
0.0
0.0
0.0
0.0
0.0
0.0
0.0
0.0
0.0
0.0
0.0
0.77623
0.0
0.0
0.0
0.0
0.0
0.0
0.0
0.0
0.0
0.0
0.0
0.0
0.0
0.0
0.0
0.0
0.0
0.0
0.0
0.0
0.0
0.0
0.0
0.0
-0.00841936
-0.941051
0.266663
0.0724825
-1.43783
-1.19203
1.08602
0.419612
-1.00362
-0.0168694
0.0203186
-1.20943
0.580256
1.08258
-1.70411
0.136422
3.078
0.0739121
-0.0169797
-0.505624
-4.42281
-0.325933
-0.0382889
-0.00597778
0.0959174
0.0
0.0
0.0
0.0
0.0
0.0
0.0
0.0
0.0
0.0
0.0
0.0
0.155986
0.0
0.0
0.0
0.0
0.0
0.0
0.0
0.0
0.0
0.0
0.0
0.0
0.0
0.0
0.0
0.0
0.0
0.0
0.0
0.0
0.0
0.0
0.0
0.0
0.0
0.190616
0.0
0.0
0.0
0.0
0.0
0.0
0.0
0.0
0.0
0.0
0.0
0.0
0.0
0.0
0.0
0.0
0.0
0.0
-0.882776
0.0
0.0
0.0
0.0
0.0
0.0
0.0
0.0
0.0
0.0
0.0
0.0
0.0
0.0
0.0
0.0
0.0
0.0
0.0
0.0
0.0
0.0
0.0
0.0
0.0
0.0
1.48377
0.0
0.0
0.0
0.0
0.0
0.0
0.0
0.0
0.0
0.0
0.0
0.0
0.0
0.0
0.0
0.0
0.0
0.0
0.0
0.0
0.0
0.0
0.0
0.0
0.0
0.0
0.0
-0.274965
0.0
0.0
0.0
0.0
-0.573606
0.0
0.0
0.0
0.0
0.0
0.0
0.0
0.0
0.0
0.0
0.0
0.0
-0.885316
0.0
0.0
0.0
0.0
0.0
0.0
0.0
0.0
0.0
0.0
0.0
0.0
0.0
0.0
0.0
0.0
0.0
0.0
0.0
0.0
0.0
0.0
0.0
0.0
0.0
0.0
0.0
0.0
0.0
0.0
0.0
0.0
0.0
0.0
0.0
0.0
0.0
0.0
0.0
0.0
0.0
0.0
0.0
0.0
0.0
0.0
0.0
0.0
0.0
0.0
0.0
0.0
0.0
0.0
0.0
0.0
0.0
0.0
0.0
0.0
0.0
0.0
0.0
0.0
0.0
0.0
0.0
0.0
0.0
0.0
0.0
0.0
0.0
0.0
0.0
0.0
1.82182
0.0
0.0
0.0
0.0
0.0
0.0
0.0
0.0
0.0
0.0
0.0
0.0
0.0
0.0
0.0
0.0
0.0
0.0
0.0
0.0
0.0
0.0
0.0
0.0
0.0
0.0
0.0
0.0
0.0
0.0
0.0
0.0
0.0
0.0
0.0
0.0
0.0
0.0
0.0
0.0
0.170702
-0.0655206
0.0
0.0
0.0
0.0
0.0
0.0
0.0
0.0
0.0
0.0
0.0
0.0
0.0
0.0
0.0
0.0
0.0
0.0
0.0
0.0
0.0
0.0
-1.68577
0.0
0.149713
0.0
0.0
0.0
0.0
0.0
0.0
0.0
0.0
0.0
0.0
0.0
0.0
0.0
0.0
0.0
0.0
0.0
0.0
0.0
0.0
0.0
0.0
0.0
0.0
0.0
0.0
0.0
0.0
0.0
0.0
0.0
0.0
0.0
0.0
0.0
0.0
0.0
0.0
0.0
0.0
0.0
0.0
0.0
0.0
0.0
0.0
0.0
0.0
0.0
2.16985
0.0
0.0
0.0
1.71702
0.0
0.0
0.0
0.0
0.0
0.0
0.0
0.0
0.0
0.0
0.0
0.0
0.0
0.0
0.0
0.0
0.0
0.0
0.0
0.0
0.0
0.0
0.0
0.0
0.0
0.0
-0.745651
0.0
0.0
0.0
0.0
0.0
0.0
0.0
0.0
0.0
0.0
0.0
0.0
0.0
-1.0532
0.0
0.0
0.0
0.0
0.0
-0.1067
0.394512
-0.18821
0.00228854
-0.13344
0.229722
0.0537907
-0.102147
-0.390664
0.147691
-0.0344997
0.0241762
0.214441
0.412456
-0.295
0.116607
0.359469
-0.280756
0.0018431
-0.149177
0.160169
-1.13484
-0.678836
-0.268209
0.352087
0.0
0.0
0.0
0.0
0.0
0.0
-2.45902
0.0
0.0
0.0
0.0
0.0
0.0
0.0
0.0
0.0
0.0
0.0
0.0
0.0
0.0
0.0
0.0
-1.05052
0.0
0.0
0.0
0.715734
0.0
0.0
0.0
0.0
0.0
0.0
0.0
0.0
0.0
0.0
0.0
0.0
0.0
0.0
0.0
-0.581015
0.0
0.0
0.0
0.0
0.0
0.0
0.0
0.0
0.0
0.0
0.0
0.0
0.0
0.0
0.0
0.0
0.0
0.0
0.0
0.0
0.0
0.0
0.0
0.0
0.0
0.0
0.0
0.0
0.0
0.0
0.0
0.0
0.0
0.0
0.0
0.0
0.0
0.0
0.0
0.0
0.0
0.0
0.0
0.360231
0.0
0.0
0.0
0.0
0.0
0.0
0.0
0.0
0.0
0.0
0.0
0.0
0.0
0.0
0.0
0.0
0.0
0.293539
0.0
1.20964
0.0
0.381457
0.0
0.0
0.0
0.0
1.07463
0.0
0.0
0.0
2.85302
0.0
0.0
0.0
0.0
0.0
0.0
0.0
0.0
0.0
0.0
0.0
0.0
0.0
0.0
0.0
0.0
0.0
0.0
0.0
0.0
0.0
0.0
0.0
0.0
0.0
-0.576815
0.0
0.0
0.0
0.0
0.0
0.0
0.0
0.0
0.0
-0.0760526
0.0
0.0
0.0
0.0
0.0
0.0
0.0
0.0
0.0
0.0
0.0
0.0
0.0
0.0
0.0
0.0
0.0
0.0
0.0
0.0
0.0
0.0
0.0
0.0
-0.177807
0.0
0.0
0.0
0.0
0.0
0.0
0.0
0.434311
0.0
0.0
0.0
0.0
0.0
0.0
0.0
0.0
0.0
0.0
0.0
0.0
0.0
0.0
0.0
0.0
0.0
0.0
0.0
0.0
0.0
0.0
0.0
0.0
0.0
0.0
0.0
0.0
0.0
0.0
0.0
0.0
0.0
0.0
0.0
0.0
-1.01712
0.0
0.886945
0.0
0.0
0.0
0.0
0.0
0.0
0.0
0.0
0.0
0.0
0.0
0.0
0.0
0.0
0.0
0.0
0.0
0.0
0.0
0.0
0.0
0.0
0.0
0.0
0.0
0.0
0.0
0.0
0.0
0.0
0.0
0.0
0.0
0.0
0.0
0.0
0.0
0.0
0.0
0.0
0.0
0.0
2.08523
0.0
0.0
0.0
0.0
0.0
0.0
0.0
0.0
0.0
0.0
0.721582
0.0
0.0
0.0
0.0
0.0
0.0
0.0
0.0
0.0
0.0
0.0
0.0
0.0
0.0
0.0
0.0
0.0
0.0
0.0
0.0
0.0
0.0
0.0
0.0
0.0
0.0
0.0
0.0
0.0
0.0
0.889142
0.0
0.0
0.0
0.0
0.0
0.0
0.0
-1.06377
0.0
0.0
0.0
0.0
0.0
0.0
0.0
0.0
0.0
0.0
0.0
0.0
0.0
0.0
-0.112321
0.0
0.569722
0.0
0.0
0.0
0.0
0.0
0.0
0.0
0.0
0.0
0.0
0.0
0.0
0.0
0.0
0.0
0.0
0.0
0.0
0.0
0.0
0.0
0.0
0.0
-1.85035
0.0
0.0
0.0
0.0
0.0
0.0
0.0
0.0
0.0
0.0
0.0
0.0
-0.328217
0.0
0.0
0.0
-1.4415
0.0
0.0
0.0
0.0
0.0
0.494279
0.0
0.0
0.0
0.0
0.0
0.0
0.0
0.0
0.0
0.0
0.0
0.0
0.0
0.0
0.0
0.0
0.0
0.0
-0.422984
0.0
0.0
0.0
0.0
0.0
0.0
0.0
0.0
0.0
0.0
0.0
0.481451
0.0
0.0
0.0
0.0
0.0
0.0
-1.00991
0.0
0.0
0.0
0.455992
-0.808062
-0.417746
0.0164051
-0.0343547
-0.409658
0.643665
0.054974
-0.516805
-1.3667
0.148432
-1.29088
0.185765
-0.502954
0.550278
0.0660286
-0.838911
-0.0818067
-0.00910264
0.148896
-0.875739
0.269289
1.49362
2.12258
0.194172
0.0
0.0
0.0
0.0
0.0
0.0
0.0
0.0
0.0
0.0
0.0
0.0
0.0
1.25255
-1.08933
0.0
0.0
0.0
0.0
0.0
0.0
0.0
0.0
0.0
0.0
0.0
0.0
0.0
0.0
0.0
0.0
0.0
0.0
0.0
0.0
0.0
0.0
0.0
0.0
0.0
0.0
0.0
0.0
0.0
0.0
0.0
0.0
0.0
0.0
0.0
0.0
0.0
0.0
0.0
0.0
0.0
0.0
0.0
0.0
0.0
0.069873
-1.51374
0.0
0.0
0.0
0.0
0.0
-0.174011
0.0
0.0
0.0
0.0
0.0
0.0
0.0
0.0
0.0
0.0
0.0
0.0
0.0
0.0
0.0
0.0
0.0
0.0
0.0
0.0
0.0
0.0
0.0
0.0
0.0
0.0
0.0
-0.984339
0.0
0.0
0.0
0.0
0.0
0.0
0.0
0.0
-1.48754
0.0
0.0
0.0
0.0
0.0
0.0
0.0
0.0
0.0
0.0
0.0
0.0
0.0
0.0
0.0
0.0
0.0
0.0
0.0
0.0
0.0
0.0
0.0
0.0
0.0
0.0
0.0
0.0
0.0
0.0
0.0
0.0
0.0
0.0
0.0
0.0
0.0
0.0
0.0
0.0
0.0
0.0
0.0
-0.0305068
0.0
0.0
0.0
0.0
0.0
0.0
0.0
0.0
0.0
0.373466
0.0
0.0
0.0
0.0
0.0
-0.46555
0.0
0.0
1.49235
0.0
0.0
0.0
0.0
0.0
0.0
0.0
0.0
0.0
0.0
0.0
0.0
0.0
0.0
0.0
0.0
0.0
0.216317
0.0
0.0
0.0
0.0
0.0
0.0
0.0
0.0
0.0
0.0
0.0
0.0
0.0
0.0
0.0
0.0
0.231612
0.0
0.0
0.0
0.0
0.0
0.0
0.0
0.0
0.1645
0.0
0.0
0.0
0.0
0.0
0.0
0.0
0.0
0.0
0.0
0.0
0.0
0.0
0.0
0.0
0.0
0.0
0.0
0.0
0.0
0.0
0.0
0.0
0.0
0.0
0.30038
0.0
0.0
0.0
0.0
0.0
0.0
0.0
0.0
0.0
0.0
0.0
0.0
0.0
0.0
0.0
0.0
0.0
0.0
0.0
0.0
0.0
0.0
0.0
0.0
0.0
0.0
0.0
0.0
0.0
0.0
0.0
0.0
0.0
0.0
0.0
0.0
0.0
0.0
-0.00895335
0.0
0.0
0.0
0.0
0.0
0.0
0.0
0.0
0.0
0.0
0.0
-1.60638
0.0
0.0
0.0
0.0
0.0
0.0
0.0
0.0
1.00242
0.0
0.0
0.0
0.0
0.0
0.0
0.0
0.0
0.0
0.0
0.0
0.0
0.0
0.0
0.0
0.0
0.0
0.0
0.0
0.0
0.0
0.0
0.0
1.39338
0.0
0.0
0.836143
0.0
0.0
0.0
0.0
0.0
0.0
0.0
0.0
0.0
0.0
0.0
0.0
0.0
0.0
0.0
0.0
0.0
0.0
0.0
0.0
0.0
0.0
0.0
0.0
0.0
0.0
-0.493043
0.0
0.0
0.0
0.0
0.0
0.0
-1.23112
0.0
0.0
0.0
0.0
0.0
0.0
0.0
0.0
0.0
0.0
0.0
0.0
0.0
0.0
0.0
0.0
-0.125036
0.386911
0.116872
0.00425677
0.0592479
0.330236
-0.224189
-0.104632
-0.159654
0.214853
-0.0306587
-0.0625032
0.172892
0.318198
-0.159475
0.766562
0.514181
-0.152672
0.00858132
-0.184179
0.278655
-1.29971
-0.55236
-0.168753
0.495015
0.0
0.0
0.0
-0.819603
0.0
0.0
1.22693
0.0
0.0
0.0
0.0
0.0
0.0
0.0
0.0
0.0
0.0
0.0
0.0
0.0
0.0
0.0
0.0
0.0
0.0
0.0
0.0
0.0
0.0
0.0
0.0
0.0
0.0
0.0
0.0
-0.093505
0.0
0.0
0.0
0.0
0.0
0.0
0.0
0.0
0.0
0.0
0.0
0.0
0.0
0.0
0.0
0.0
0.0
0.0
0.0
0.0
-1.33324
0.0
0.0
0.0
0.0
0.0
0.0
0.0
0.0
0.0
0.0
0.0
0.0
0.0
0.0
0.0
0.0
0.0
0.0
0.0
0.0
0.0
0.0
0.0
0.0
0.0
0.0
0.0
0.0
0.0
0.0
-0.398756
0.0
0.0
0.0
0.0
0.0
0.0
0.0
-0.764306
0.0
0.0
0.0
0.0
0.0
0.0
0.0
1.138
0.0
0.0
0.0
0.0
0.0
0.0
0.0
0.0
0.0
0.0
0.0
-0.065116
0.290614
0.0
0.345535
0.0
0.0
0.0
0.0
0.0
0.0
0.0
0.0
-1.3217
0.0
0.0
0.0
0.0
0.0
0.0
0.0
0.0
0.0
0.0
-0.617336
0.0
0.0
0.0
0.0
0.0
0.0
0.0
0.0
0.0
0.0
0.0
0.0
0.0
0.0
0.0
0.0
0.0
1.33602
0.0
0.0
0.0
0.0
0.0
0.0
0.0
0.0
0.0
0.0
0.0
0.0
0.0
0.0
0.0
0.0
0.0
0.0
1.41704
0.0
0.0
0.0
0.0
0.0
0.0
0.0
0.0
0.0
0.0
0.0
0.0
0.0
0.0
0.0
0.0
-1.56691
0.0
0.0
0.0
0.0
0.0
0.0
0.0
0.0
0.0
0.0
0.0
0.0
0.0
0.0
0.0
0.0
0.0
1.87359
0.0
0.0
0.0
0.0
0.0
0.0
-0.0380677
0.0
0.0
0.0
0.0
0.0
0.0
0.0
0.0
0.0
0.0
0.0
0.0
0.0
0.0
0.0
0.0
0.0
0.0
0.0
0.0
0.0
0.0
0.0
0.0
1.52166
0.0
0.0
0.0
0.0
0.0
0.0
0.826982
0.0
0.0
0.0
0.0
0.0
0.0
0.0
0.0
0.0
1.06401
0.0
0.0
-0.0869672
0.0
0.0
0.0
0.0
0.0
0.0
0.0
0.0
0.0
0.507935
0.0
0.0
0.0
0.0
0.0
0.0
0.0
0.0
0.0
0.0
0.0
0.0
0.0
0.0
0.0
0.0
0.0
0.0
0.0
0.0
0.0
0.0
0.0
0.0
0.0
0.0
0.0
0.0
0.0
0.0
0.0
0.0
0.0
0.0
0.0
0.0
0.0
0.0
0.0
0.0
0.0
0.0
0.0
0.0
0.0
0.0
0.0
0.0
0.0
0.0
0.0
0.0
0.0
0.0
1.62033
0.0
0.0
0.0
1.3318
0.0
0.0
0.0
0.0
0.0
0.0
0.0
0.0
0.0
0.0
0.0
0.0
0.0
0.0
0.0
0.0
0.671505
0.0
0.0
0.0
0.0
0.0
0.0
0.0
0.0
0.0
0.0
0.0
0.0
0.0
0.0
0.0
0.0
-1.19918
0.0
0.0
0.0
0.0
0.0
0.0
0.0
-0.302557
0.0
0.0
0.0
0.0
0.0
0.0
0.0
0.0
0.0
0.0
0.0
0.0
0.0
0.0
0.0
0.0
-1.02244
0.0
0.0
0.0
0.0
0.0
0.0
0.0
0.0
0.0
0.0
0.0
0.0
0.0
0.0
0.0
0.0
0.0
0.0
0.0
0.0
0.0
2.35086
0.0
0.0
0.0
0.0
0.0
0.0
0.0
0.0
0.0
0.0
0.0
0.0
0.531158
-1.15911
-0.186887
0.00137853
-0.189872
-1.01436
0.863647
0.0229927
-0.335656
-0.963163
0.154391
-0.840864
-0.204742
-0.727965
0.392927
0.00674019
-0.74016
-0.0764774
-0.00113317
0.0915994
-0.731889
0.183971
-0.310716
1.3897
0.268416
0.0
0.0
0.0
0.0
0.0
0.0
0.0
0.203585
0.0
-1.88167
0.0
0.0
0.0
0.0
0.0
0.0
0.0
0.0
0.0
0.0
0.0
0.0
0.0
0.395548
0.0
1.74014
0.0
0.0
0.0
0.0
0.0
0.0
-0.470193
0.0
0.0
0.0
0.0
0.0
0.0
0.0
0.0
0.777477
0.0
0.0
0.0
0.0
0.99273
0.0
0.0
0.0
0.0
0.0
0.0
0.0
0.0
0.0
0.0
0.0
0.0
0.0
0.0
0.0
0.0
0.0
0.0
0.0
0.0
0.0
0.0
0.0
0.0
0.0
0.0
0.0
0.0
0.0
0.0
0.0
0.0
0.0
0.0
0.0
0.0
0.0
0.0
0.0
0.0
0.0
0.0
0.0
0.0
0.0
0.0
0.0
0.0
0.0
0.0
0.0
0.0
0.0
0.0
0.0
0.0
0.0
0.0
0.0
0.0
0.0
0.0
0.0
0.0
0.0
0.0
0.0
0.0
0.0
0.0
0.0
0.0
0.0
0.0
0.0
0.0
0.0
0.0
0.0
0.0
0.0
0.0
0.0
0.0
0.572217
0.0
0.0
0.0
0.0
0.0
0.0
0.0
0.0
0.0
0.0
0.0
0.0
0.0
0.0
-1.73404
0.0
0.0
0.0
0.0
0.0
0.0
0.0
0.0
0.0
0.0
0.0
0.0
0.0
0.0
0.0
0.0
0.0
0.0
0.0
0.0
0.0
0.0
-0.0337152
0.0
0.0
0.0
0.0
0.0
0.0
0.0
0.0
0.0
0.0
0.0
0.0
0.0
0.0
0.0
0.0
0.0
0.0
0.0
0.0
0.0
0.0
0.0
0.0
-0.0473634
0.0
0.0
0.0
-0.216229
0.0
0.0
0.0
0.0
0.0
0.0
0.0
0.0
0.0
0.0
0.0
0.0
0.0
0.0
0.0
0.0
0.0
0.0
0.0
0.0
0.0
0.0
0.0
0.0
0.0
0.0
0.0
0.0
0.0
0.0
0.0
0.0
0.0
0.0
0.0
0.0
0.0
0.0
0.0
0.0
0.0
0.0
0.0
0.0
0.0
0.0
0.0
0.0
0.0
0.0
0.0
0.0
0.0
0.0
0.0
0.0
0.0
0.0
0.0
0.0
0.0
0.0
0.0
0.0
0.0
0.0
0.0
0.0
0.0
0.0
0.0
0.0
0.0
0.0
0.0
0.0
0.0
0.0
0.0
0.0
0.0
0.0
0.403191
0.0
0.0
0.0
0.0
0.0
0.0
0.0
0.0
0.0
0.0
0.0
0.0
0.0
0.0
0.0
0.0
0.0
0.0
0.0
0.0
0.0
0.0
0.0
0.0
0.0
0.0
0.0
0.0
1.78976
0.0
0.0
0.0
0.0
0.0
-1.09264
0.596407
0.631387
0.0
0.0
0.0
0.0
0.0
0.0
0.0
0.0
0.0
0.0
0.0
0.0
0.0
0.0
0.0
0.0
0.0
0.288172
0.0
0.0
0.0
0.0
0.0
0.0
0.0
0.0
0.877376
0.0
0.0
0.0
0.0
0.0
0.0
0.0
-0.721741
0.0
0.0
0.0
0.0
0.0
0.0
0.0
0.0
0.0
0.0
0.0
0.518223
0.0
0.0
0.0
0.0
0.0
0.0
0.0
0.0
0.0
-0.091283
0.351669
-0.172545
0.00625323
-0.31922
0.243735
-0.0144957
0.128319
-0.306624
0.00393264
-0.0178851
0.266932
-0.0348145
0.259023
-0.392969
0.133246
0.701113
-0.329822
0.0103872
0.00999012
0.296053
-1.27258
-0.355303
-0.182855
0.448091
0.0
0.0
0.0
0.0
0.0
0.0
0.0
0.0
0.0
0.0
0.0
0.0
0.0
0.0
0.0
0.0
0.0
0.0
0.0
0.0
0.0
0.0
0.0
0.0
0.0
0.0
0.0
0.0
0.0
0.0
0.0
0.0
0.0
0.0
0.0
0.0
0.0
0.0
0.0
0.162959
0.0
0.0
0.0
0.0
0.0
0.0
0.0
0.0
0.0
0.0
0.0
0.0
0.0
0.0
0.0
0.0
0.0
0.0
0.0
0.075246
0.0
0.0
0.0
0.0
0.0
0.496778
0.0
0.0
0.0
0.0
0.0
0.0
0.0
0.0
0.0
0.0
0.0
0.0
0.0
0.0
0.0
0.0
0.0
0.968696
0.0
0.0
0.0
0.0
0.0
0.0
0.0
0.0
0.0
0.0
0.0
0.0
0.0
0.0
0.0
0.0
0.0
0.0
0.0
0.0
0.0
0.0
0.0
0.0
0.0
0.0
0.0
0.0
0.0
0.0
0.0
0.0
0.0
0.0
0.0
0.0
0.0
0.0
0.0
0.0
0.0
0.0
0.0
0.0
0.0
0.0
0.0
0.0
0.0
0.0
0.0
0.0
0.0
0.0
0.0
0.0
0.0
0.0
0.0
0.0
0.0
1.25962
0.0
0.0
0.0
0.0
0.420265
0.0
0.0
0.0
0.0
0.0
0.0
0.0
0.0
0.0
0.0
0.0
0.0
0.0
0.0
0.0
0.0
0.0
0.0
0.0
0.0
0.0
0.0
0.0
0.0
-0.50183
0.0
0.0
0.0
0.0
-0.0342421
0.0
0.0
0.0
0.0
0.0
0.0
0.0
0.0
0.0
0.0
0.0
0.0
0.0
0.0
0.0
0.0
0.0
0.0
0.0
0.0
0.0
0.0
-0.659478
0.0
0.0
0.0
0.0
0.0
0.0
0.0
0.0
0.0
0.0
0.0
0.0
-0.628422
0.0
0.0
0.0
0.0
0.0
0.0
0.0
-0.0498689
0.0
0.0
0.0
0.0
0.0
0.0
0.0
0.0
0.0
0.0
0.0
0.0
0.0
0.0
0.0
0.0
0.0
2.13829
0.0
0.0
0.0
0.0
0.0
0.0
0.0
0.0
0.0
0.0
1.29684
0.0
0.0
0.0
0.0
0.0
0.0
0.0
0.0
0.0
0.0
-1.24953
0.0
0.0
0.0
0.0
0.0
0.0
0.0
0.0
0.0
0.0
0.0
0.0
0.0
0.0
0.0
0.0
0.0
0.0
0.0
0.0
0.0
0.0
0.0
0.0
0.0
0.0
0.0
0.0
0.0
0.0
0.0
0.0
0.0
0.0
0.0
0.0
1.67498
0.0
0.0
0.0
0.0
0.0
0.0
0.0
0.0
0.0
0.0
0.0
0.0
0.0
0.0
0.0
0.0
0.0
0.0
0.0
0.0
-0.0575289
0.0
0.0
0.0
0.0
0.0
0.0
0.0
0.0
0.0
0.0
0.0
-0.673448
0.0
0.0
-2.25065
0.0
0.0
0.0
0.0
0.0
0.0
0.0
0.0
0.0
0.0
0.0
0.0
0.0
0.0
0.0
0.0
0.0
0.0
0.0
0.0
0.0
0.0
0.0
0.0
0.0
0.0
0.0
0.0
0.0
0.0
0.0
0.0
0.0
0.0
0.0
0.0
0.0
0.344155
0.0
0.0
0.0
1.68818
0.0
0.0
0.0
0.0
0.0
0.0
0.0
0.0
0.0
0.0
0.0
0.0
0.0
0.0
0.0
0.0
0.0
0.0
0.0
0.0
0.0
0.0
1.16978
0.0
0.0
0.0
0.0
0.0
0.0
0.0
0.353946
0.0
0.0
0.0
0.0
0.0
0.0
0.0
0.0
0.0
0.0
0.0
0.0
0.0
0.0
0.0
0.0
0.0
0.0
0.0
0.0
0.0
0.0
0.0
0.0
0.0
0.0
0.0
0.0
0.0
0.0
0.0
0.0
0.0
0.0
0.0
-0.00297871
0.0
0.0
0.0
0.0349727
-1.32983
-0.331687
0.0108232
-0.0249258
-1.00985
0.767846
0.0279082
-0.325342
-0.217223
0.0691639
0.0158197
0.159732
-0.320172
0.33866
0.280641
-0.374949
0.195516
0.000937391
-0.138675
-0.496894
-0.00214683
-0.645567
0.729337
0.25208
0.0
0.0
0.0
0.0
0.0
0.0
0.0
0.0
0.0
0.0
0.0
0.0
0.0
-0.862777
0.0
0.0
0.0
0.0
0.0
0.0
0.0
0.93783
0.0
0.0
0.0
0.0
0.0
0.0
0.0
0.0
0.0
0.0
0.0
0.0
0.0
0.0
0.0
0.0
0.0
0.0
0.0
0.0
0.0
0.0
0.0
0.0
0.0
0.65754
0.0
0.0
0.0
1.29392
0.0
0.0
0.0
0.0
0.0
0.0
0.0
0.0
0.0
0.0
0.646519
0.0
0.0
0.0
0.0
0.0
0.0
0.0
0.0
0.0
0.0
0.0
0.0
0.0
0.0
0.0
0.0
0.0
0.0
0.0
0.0
0.0
0.0
0.0
0.0
0.0
0.0
0.0
0.0
0.0
0.0
0.0
0.384316
0.0
0.0
0.0
0.0
0.0
0.0
0.0
0.0
0.0
0.0
0.0
0.0
0.0
0.0
0.0
0.0
0.0
0.0
0.0
0.0
0.0
0.0
0.0
0.0
0.0
0.0
0.0
0.0
0.0
0.0
0.0
0.0
0.0
0.0
0.0
0.0
0.0
0.0
1.67639
0.0
0.0
0.0
0.0
0.0
0.0
0.0
0.0
0.0
0.0
0.0
0.0
0.0
0.0
0.0
0.0
0.0
0.0
0.0
0.0
0.0
0.0
0.0
0.0
0.0
0.0
0.0
0.0
0.0
0.0
0.0
0.0
0.0
0.0
0.0
0.0
0.00408526
0.0
0.0
0.0
0.455655
0.0
0.0
0.0
0.0
0.0
0.0
0.0
0.0
0.0
0.0
0.0
0.0
0.0
0.0
0.0
0.0
0.0
-0.832067
0.73013
0.0
0.0
1.39601
0.0
0.0
0.0
0.0
0.0
0.0
0.0
0.0
0.0
0.0
0.0
0.0
0.0
0.0
0.0
0.0
0.0
0.0
0.0
0.0
0.0
0.0
0.0
0.0
0.0
0.0
-0.480944
0.0
0.0
0.0
0.0
0.0
0.0
0.0
0.0
0.0
0.00118852
0.0
0.0
0.0
0.0
0.0
0.0
0.0
0.0
0.0
0.0
0.0
0.0
0.0
0.0
0.0
0.0
0.0
0.0
0.0
0.0
1.48409
0.394489
0.0
0.0
0.0
0.0
0.0
0.0
0.0
0.0
0.0
0.0
0.0
0.0
0.0
0.0
0.0
0.0
0.0
0.963761
0.0
0.0
0.0
0.0
0.0
0.0
0.0
0.0
0.0
0.0
0.0
0.0
0.0
0.0
0.0
0.0
0.0
0.0
0.0
0.0
0.0
0.0
0.0
0.0
0.0
0.362458
0.0
0.0
0.0
0.0
0.0
0.470888
0.0
0.0
0.0
0.0
0.0
0.0
0.0
0.0
0.0
0.0
0.0
0.0
-0.545635
0.0
0.0
0.0
0.0
0.0
0.0
-0.0334277
0.50252
0.0429108
-0.00811101
-0.328732
-0.0352617
0.00612524
-0.0688784
-0.312318
-0.193552
-0.0366706
0.670155
-0.296978
0.151356
-0.423459
0.0366434
0.288637
-0.11685
0.00623764
-0.19028
0.168843
-1.01194
-0.741842
-0.410417
0.257889
0.0
0.0
0.0
0.0
0.0
0.0
0.0
0.0
0.0
0.0
0.0
0.0
0.0
0.0
0.0
0.0
0.0
0.0
0.0
0.0
0.0
0.0
0.0
0.0
0.0
0.0
0.0
0.0
0.0
0.0
0.0
0.0
0.0
0.0
0.0
0.0
0.0
0.0
0.0
0.0
0.0
0.0
0.0
0.0
0.0
-0.125872
0.0
0.0
0.0
0.0
0.0
0.0
0.0
0.0
0.0
0.0
0.0
0.0
0.0
0.0
0.0
0.0284525
0.0
0.0
0.0
0.0
0.0
0.0
0.0
0.0
0.0
0.0
0.0
0.0
0.0
0.0
0.0
0.0
0.0
0.0
0.0
0.0
0.0
0.0
0.0
0.0
0.0
0.0
0.0
0.0
0.0
0.0
0.0
0.0
0.8329
0.0
0.0
0.0
0.0
-0.324511
0.0
0.0
0.0
0.0
0.0
0.0
0.0
0.0
0.0
0.0
0.0
0.0
0.0
0.0
0.0
0.0
-0.389788
0.0
0.0
0.0
0.0
0.0
0.0
0.0
0.0
0.0
0.0
0.0
0.0
0.0
0.0
0.0
0.0
0.0
0.0
0.0
0.0
0.0
0.0
0.0
0.0
0.0
0.0
0.0
0.0
0.0
0.0
0.0
0.0
0.0
0.0
0.0
0.0
0.0
0.0
0.0
0.0
0.547239
0.0
0.0
0.0
0.0
0.0
0.0
0.0
0.0
0.0
0.0
0.0
0.0
0.0
0.0
0.0
0.0
0.0
-0.0234117
0.0874844
0.0
0.0
0.0
0.0
0.0
0.0
0.0
0.0
0.0
0.0
0.0
0.0
0.0
0.0
0.0
0.0
0.0
0.0
0.0
0.0
0.0986339
0.0
0.0
0.0
0.0
0.0
0.0
0.0
0.0
0.0
0.0
0.0
0.0
0.0
0.0
0.0
0.0
0.0
0.0
0.0
0.0
0.0
0.0
0.0
0.0
0.0
0.0
0.0
0.0
0.0
0.0
0.0
0.0
0.0
0.0
0.0
0.0
0.0
0.0
0.0
0.0
0.0
0.0
0.0
-1.7714
0.0
0.0
0.0
0.0
0.0
0.0
0.0
0.0
0.0
0.0
0.0
0.0
0.0
0.0
0.782118
0.0
0.0
0.0
0.0
0.0
0.0
0.0
0.0
0.0
0.0
0.111158
0.0
0.0
0.0
0.0
0.0
0.0
0.0
0.0
0.0
0.0
0.0
0.0
0.0
0.0
0.0
0.0
0.0
0.0
0.0
0.0
0.0
0.0
-0.950878
0.0
0.0
0.0
0.0
0.0
0.0
0.0
0.0
0.0
0.0
0.0
0.0
0.0
0.0
0.0
0.0
0.0
0.0
0.0
0.0
0.0
0.0
0.0
0.0
0.0
0.0
0.0
0.0
0.0
0.0
0.0
0.0
0.0
0.0
0.0
0.0
0.0
0.0
0.0
0.0
0.0
0.0
0.0
0.0
0.0
0.0
0.0
0.0
-0.67081
0.0
0.0
-1.04931
0.0
0.0
0.339595
0.0
0.0
0.0
0.0
0.0
0.0
0.0
0.0
0.0
0.0
0.0
0.0
0.0
0.0
0.0
0.0
0.0
0.0
-0.581514
0.0
0.0
0.0
0.0
0.0
0.0
0.0
0.0
0.0
0.0
0.0
0.0
0.0
0.0
0.0
0.0
0.0
0.121639
1.17482
0.0
-1.574
0.0
0.0
0.0
-0.22165
0.0
0.0
0.0
0.0
0.0
0.0
0.0
0.0
0.0
0.0
0.0
-0.268959
0.0
0.0
0.0
0.520153
0.0
0.0
0.0
0.0
0.0
0.0
1.35048
0.0
0.0
0.0
0.0
0.0
0.0
0.0
0.0
-1.70909
0.0
0.0
0.0
0.0
0.0
0.0
0.0
0.0
0.0
0.0
0.0
0.0
0.0
0.0
0.0
-0.936259
0.0
0.0
0.0
0.0
0.0
-0.72347
0.0
0.0
0.0
0.0
0.0
0.0
0.0
0.0
0.0
0.0
0.0
0.0
0.0
0.0
0.0
0.0
0.0
0.0
0.0
0.0
0.0
0.0
0.0
0.0
0.0
0.0
0.0
0.0
0.0
0.0
0.0
0.0
0.0
0.0
0.0
0.0
0.0
0.0
0.0
0.0
0.0
0.0
0.0
0.0
0.0
0.0
0.0
0.0
0.0
0.0
0.0
0.0
0.0
0.0
0.0
0.0
0.292811
-0.498914
-0.0466213
-0.0059183
-0.538949
-0.345267
0.673028
-0.0481609
0.113421
-0.163718
0.0705379
0.0842812
0.0559453
-0.266272
-0.045905
0.0103138
0.288926
0.388693
0.0137571
0.239261
-0.0605689
-0.090412
-0.19753
0.0328746
0.533513
0.0
0.0
0.0
0.0
-1.0078
0.0
0.0
0.0
0.0
0.0
0.0
0.0
0.0
0.0
0.0
0.0
0.0
0.0
0.0
0.0
0.0
0.0
0.0
0.0
0.0
0.0
0.0
0.0
0.0
0.0
0.0
0.0
0.0
0.0
0.0
0.0
0.0
0.0
0.0
0.0
0.0
0.0
0.0
0.0
0.0
0.0
0.0
0.0
0.0
-0.404975
0.0
0.0
0.0
0.0
0.0
0.0
0.0
0.0
0.0
0.0
0.0
0.0
0.0
0.0
0.0
0.0
0.0
0.0
0.0
0.0
0.0
0.0
0.0
0.0
0.0
0.0
0.0
0.0
0.0
0.0
0.0
0.0111196
0.0
0.0
0.0
0.0
0.0
0.0
0.0
0.0
0.0
0.166517
0.0
0.0
0.0
0.0
0.0
0.0
0.0
0.0
0.0
0.0
0.0
0.0
0.0
-2.12025
0.0
0.0
0.0
0.0
0.0
0.0
0.0
0.0
0.0
0.0
-0.69102
0.0
0.0
0.0
-0.811157
0.0
0.0
0.0
0.0
0.0
0.0
0.0
0.0
0.0
0.0
0.0
0.0
0.0
0.0
0.986165
0.0
0.0
0.0
0.0
0.0
0.0
0.0
0.0
0.0
0.0
-0.461186
0.0
0.0
0.0
0.0
-1.881
0.0
0.0
0.0
0.0
0.0
0.0
0.0
0.0
0.0
0.0
0.0
0.0
0.0
0.0
0.0
0.0
0.0
0.0
0.0
0.0
0.0
0.0
0.0
0.0
-0.975099
0.0
0.0
0.0
0.0
0.0
0.0
0.0
0.0
0.0
0.0
0.0
0.0
0.0
0.0
0.0
1.42854
0.0
-0.31992
0.0
0.0
0.0
0.0
0.0
0.0
0.0
0.0
0.0
0.0
0.0
1.76055
0.0
-0.603803
0.0
0.0
0.0
0.0
0.0
0.0
0.0
0.0
0.0
0.0
0.0
0.0
0.0
0.0
0.0
0.0
0.0
0.0
0.0
0.0
0.0
0.0
0.0
0.0
0.0
-0.904208
0.0
0.0
0.0
0.0
0.0
0.0
0.0
0.0
0.0
0.0
0.0
0.0
0.0
0.0
0.0
0.838388
0.0
0.0
0.0
0.0
0.0
0.0
0.0
0.0
0.0
0.0
0.0
0.0
0.0
0.0
0.0
0.0
0.0
0.0
0.0
-0.416216
0.0
0.0
0.0
0.0
0.242316
0.187963
0.126105
-0.015001
-0.575363
-0.215329
0.0934452
-0.115382
-0.200344
-0.107007
-0.00455143
0.557406
-0.216186
-0.110772
-0.217193
0.216102
0.36645
0.0567845
0.0154966
-0.24433
0.235483
-1.13386
-1.22872
-0.642171
0.481429
0.0
0.0
0.0
0.0
0.0
0.0
0.0
0.0
0.0
0.0
0.0
0.0
0.0
0.0
0.0
0.0
0.0
0.0
0.0
0.0
0.0
0.0
0.0
0.0
0.0
0.0
0.0
0.0
0.0
0.0
0.0
0.0
0.0
0.0
0.0
0.0
0.0
0.0
0.151654
0.0
0.0
0.0
0.0
0.0
0.0
0.0
0.0
0.0
0.0
0.0
0.0
0.0
0.0
0.0
0.0
0.0
0.0
0.0
0.0
0.0
0.0
0.0
0.0
0.0
0.0
0.0
0.0
0.0
0.0
0.0
0.0
0.0
0.0
0.0
0.0
0.0
0.0
0.0
0.0
0.0
0.0
0.0
0.0
0.0
0.0
0.0
0.0
0.0
0.0
0.0
0.0
0.0
0.0
0.0
0.0
0.970964
0.0
0.0
0.0
0.0
0.0
0.0
0.0
0.0
0.0
-1.67303
0.0
0.0
0.0
0.0
0.0
0.0
0.0
0.0
0.0
0.0
0.0
0.0
0.0
0.0
0.0
0.0
0.0
0.0
0.0
0.0
0.0
0.0
0.0
0.0
0.0
0.0
0.0
0.0
0.0
0.0
0.0
0.0
0.0
0.0
0.0
0.0
0.0
0.0
0.0
0.0
0.0
0.0
0.0
0.0
0.12794
-0.0779693
-0.201814
-0.00846478
-0.206575
-0.0563462
0.158066
0.0269833
0.519381
0.124992
0.0343954
-0.120414
-0.0473853
-0.0931843
0.229539
-0.0208812
0.499906
0.163158
0.00480997
-0.016813
-0.0249027
0.0337189
-0.330773
-0.322906
0.447606
0.0
0.0
0.0
0.0
0.0
0.0
0.0
0.0
0.0
0.0
0.0
0.0
0.0
0.0
0.0
0.0
0.0
0.0
0.0
0.0
0.0
0.0
0.0
0.0
0.0
0.0
0.0
0.0
0.0
0.0
0.0
0.0
0.0
2.15846
0.0
0.0
0.0
0.0
0.0
0.0
0.0
0.0
0.0
0.0
0.0
0.0
0.0
0.0
0.0
0.0
0.36141
0.0
0.0
0.0
0.0
0.0
0.0
-1.70627
0.0
0.0
0.3407
0.0
0.0
0.0
0.0
0.0
0.0
0.0
0.0
0.0
0.0
0.0
-0.665974
0.0
0.478791
0.0
0.0
0.0
0.0
0.0
0.0
0.0
0.0
0.0
-2.07733
0.0
0.0
0.0
0.0
0.0
0.0
0.0
0.0
0.0
0.0
0.0
0.0
0.0
0.0
0.0
0.0
0.0
-1.25975
0.0
0.0
0.0
0.0
0.0
0.0
0.0
0.0
0.0
0.0
0.0
-0.377959
0.0
0.0
0.0
0.0
0.0
0.0
0.0
0.0
0.0
0.0
0.0
0.0
0.0
0.0
0.0
0.0
0.0
-0.0643322
0.0
0.0
0.701022
0.0
0.0
0.0
0.0
0.0
0.0
0.0
0.133732
0.0
0.0
0.0
0.0
0.0
0.0
0.0
0.0
0.0
0.0
0.0
0.0
0.0
0.0
0.0
0.0
0.0
0.0
0.0
0.0
0.0
0.0
0.0
0.0
0.0
0.0
0.0
0.0
0.0
0.0
0.0
0.120216
0.268043
0.344953
-0.0403753
-0.831663
-0.193584
-0.140187
-0.343636
-0.0178118
0.0275342
-0.0294669
-0.307405
-0.487406
0.133705
0.328966
-0.0296247
0.102383
0.310418
0.0251653
-0.0322925
-0.14356
-0.344453
-1.56913
-0.856435
0.420123
0.0
0.0
0.0
0.0
0.0
0.0
0.0
0.0
0.0
0.0
0.0
0.0
0.0
1.6348
0.0
0.0
0.0
0.0
0.0
0.0
0.0
0.0
0.0
0.0
0.0
0.0
0.0
0.0
0.0
0.0
0.0
0.0
0.0
0.0
0.0
0.0
0.084598
0.0
0.0
0.0
0.0
0.0
0.0
0.0
0.0
0.0
1.5518
0.0
0.0
0.0
0.0
0.0
0.0
0.0
0.0
0.0
0.0
0.0
0.0
0.0
0.0
0.0
0.0
0.0
0.0
0.0
0.0
0.0
0.0
0.0
0.0
0.0
0.0
0.0
0.0
0.0
0.0471641
0.0
0.0
0.0
0.0
0.0
0.0
0.0
0.0
0.0
0.0
0.0
-1.0105
0.0
0.0
0.0
0.0
0.0
0.0
0.0
0.0
0.0
0.0
0.0
0.0
0.0
0.0
0.0
0.0
0.0
0.210113
0.0
0.0
0.0
0.0
0.0
0.0
0.0
0.0
0.0
0.0
0.0
0.0
0.0
0.0
0.0
0.0
0.0
0.0
0.0
0.0
0.0
0.0
0.0
0.0
0.0
0.0
0.0
0.0
0.0
0.0
0.0
0.0
0.0
0.0
0.0
0.0
0.0
0.0
0.0
0.0
0.0
0.0
0.0
0.0
0.0
0.0
0.0
0.0
0.0
0.0
0.0
0.0
0.0
0.0
0.0
0.0
0.0
0.0
0.0
0.0
0.0
0.0
0.0
0.0
0.0
0.0
0.0
0.0
0.0
0.0
0.0
0.0
0.0
0.0
0.0
0.0
0.0
0.0
0.0
0.0
0.0
0.0
0.0
0.0
0.0
0.0
0.0
0.0
0.0
0.0
0.0
0.0
0.0
0.0
0.0
0.0
0.0
0.0
0.0
0.0
0.0
0.0
0.0
0.0
0.0
0.0
0.0
0.0
0.0
0.0
0.0
0.0
0.0
0.0
0.0
0.137647
0.0
0.0
0.0
0.0
0.0
0.0
0.0
0.0
0.0
0.0
0.0
0.0
0.0
0.0
0.0
0.0
0.0
0.0
0.0
0.0
0.0
-0.909014
0.0
0.0
0.0
0.0
0.0
0.238725
0.210133
0.364113
-0.0403489
-0.3366
0.265559
-0.00875773
-0.0361657
0.686569
-0.0064718
-0.000525884
0.0466337
-0.163184
-0.00796211
0.428631
-0.159842
0.6617
0.362255
0.0147752
0.675446
-0.0510936
0.265054
-0.687905
-0.568789
0.503045
0.0
0.0
0.0
0.0
0.0
0.0
0.0
0.0
0.0
0.0
0.0
0.0
0.0
0.0
0.0
0.0
-0.628205
0.0
0.0
0.0
0.0
0.387133
0.0
0.0
0.0
0.038088
0.0393448
0.409251
-0.0474434
-0.456002
-0.00337248
-0.0639651
0.0464277
0.646277
0.106274
-0.0223944
0.300683
-0.418701
-0.418817
0.357288
-0.112749
0.654308
0.0229544
0.0239185
-0.0644942
-0.0280952
0.18668
-0.947736
-0.459587
0.274187
0.0
0.0
0.0
0.0
0.0
0.0
0.0
0.0
0.0
0.0
0.0
-0.219168
0.0
0.0
0.0
0.0
0.0
0.0
0.0
0.0
0.0
0.0
0.0
0.0
0.0
0.109656
-0.00221577
0.392494
-0.0338596
-0.352131
-0.13887
0.0895048
-0.114522
0.170763
0.180426
0.00529885
-0.349354
-0.671346
0.060488
0.141389
-0.0799182
0.46591
0.34934
0.0172064
0.0680244
0.00849413
-0.28055
-1.06794
-0.5769
0.573943
-0.27847
0.0
0.0
0.0
0.0
0.0
0.0
0.0
0.0
-1.9665
0.0
0.0
0.0
0.0
0.0
0.0
0.0
0.0
0.0
0.0
0.0
0.0
0.0
0.0
0.0
0.0
0.0
0.0
0.0
0.0
0.0
0.0
0.0
0.0
0.0
0.0
0.0
0.0
0.0
0.0
0.0
0.0
0.0
0.0
0.0
0.0
0.0
0.0
0.0
0.0
0.0
0.0
0.0
0.0
0.0
0.0
0.0
0.0
0.0
0.0
0.0
0.0
0.0
0.0
0.0
0.0
0.0
0.0
2.52741
0.0
0.0
0.0
0.0
0.0
0.0
0.0
0.0
0.0
0.0
0.0
0.0
0.0
0.0
0.0
0.0
-0.911771
0.0
0.0
0.0
0.0
1.28867
0.0
0.0
0.0
0.0
0.0
0.0
0.0
0.0
0.0
0.0
0.0
0.0
0.0
0.0
0.0
0.0
0.0
0.0
0.0
0.0
0.0
0.0
0.0
0.0
0.0
0.0
0.0
0.0
0.0
0.0
0.0
0.0
0.0
0.0
0.0
0.0
0.0
0.0
0.0
0.0
0.0
0.0
0.0
0.0
0.0
0.0
0.0
0.0
0.0
0.0
0.0
0.0
0.0
0.0
0.0
0.0
0.0
0.0
0.0
1.22434
0.609762
-0.476402
-0.345449
0.972062
0.710094
4.5914
-0.366718
-2.00242
-0.694908
0.386361
1.45142
0.650071
0.493357
-1.08569
0.361022
-0.0984405
0.380188
0.250079
-0.431755
-0.298759
0.595058
-1.2351
1.54425
0.551497
-1.15638
-1.01757
0.38726
0.464665
-1.24465
-1.05471
-3.47613
0.333192
2.1157
0.596728
-0.373593
-1.66353
-0.963687
-0.771551
2.90215
-0.393067
0.401728
-0.668359
-0.00354724
0.572681
-0.00974832
-0.590025
1.15347
-1.40697
-0.454346
-0.100799
-0.0541852
-0.351629
0.157044
0.411474
-0.401196
0.026517
0.16636
0.106188
-0.0127327
0.320624
-0.561885
-0.0398981
0.827463
0.0309815
0.116971
0.0309627
-0.540903
-0.0910665
0.0484266
-0.75062
-0.125773
-0.0366273
0.103979
0.071307
-0.0858154
0.229393
0.64932
-0.309737
-0.692891
0.194126
0.0463176
-0.875562
0.154263
0.139768
-0.374966
0.000716221
0.309843
0.751844
-0.0828508
-0.342357
-0.0238057
0.51366
0.3737
0.182206
0.498678
0.34375
-0.0295489
-0.23552
-0.189683
0.0680258
-0.408156
-0.0885511
0.118457
-0.272397
-0.343753
0.0327123
-0.0351789
0.112378
-0.0976786
0.0131938
-0.212157
-0.316006
-0.278217
0.806191
-0.0318571
0.303021
-0.287885
0.24647
0.140388
-0.301583
0.00486794
-0.0817236
0.137278
0.0972166
0.420918
-0.297573
0.624788
-0.0716596
-1.32301
-0.262327
0.00430944
0.144627
-0.492899
0.599428
0.105869
0.536453
0.892897
-0.509715
-0.687593
-0.0901167
0.474733
0.33236
-0.0496033
-0.199887
0.10969
-0.0283428
-0.215673
-0.380179
-0.328596
1.3662
1.81435
2.85105
0.0919637
-1.44362
-0.549453
-0.148251
-0.560397
0.177632
-0.205295
0.0146729
-0.49124
1.96868
1.48867
-1.1173
-0.116831
0.397316
0.708916
0.025508
-0.48852
0.422246
-0.385949
-0.0361086
0.244438
0.298645
2.3684
0.189241
0.0569609
0.153739
-2.47129
-0.290683
0.0282131
0.0984244
-1.13057
0.100973
-0.00752421
1.10706
2.60809
0.5915
-0.357489
-0.34795
-0.894711
0.1588
0.00360558
-0.134292
-0.29926
0.0878526
-0.624086
-0.0561795
-0.170414
1.92416
-2.07872
-2.31069
0.2332
2.51524
-0.108913
0.0310077
0.222744
-0.101914
-0.11726
0.0288415
0.201164
-1.55701
2.1357
-2.31477
1.61362
1.49675
-0.136295
-0.0317852
-0.0962859
-0.138976
-0.0355468
0.0884411
0.212895
1.02341
-0.542128
0.964441
0.742304
2.45244
3.41311
-3.632
-0.754379
-0.893332
0.888002
-0.108942
0.0194891
-0.402634
-0.935036
-0.723113
3.57077
2.08537
0.345166
-2.74084
-0.0478266
0.382171
-0.422569
0.196362
0.241609
0.224398
1.71986
0.217303
-2.29207
0.965065
2.12074
2.06402
3.34328
0.427007
3.40364
-0.145777
0.0823654
-0.0428187
0.711787
0.0504749
-2.85668
1.01024
2.77626
-2.37373
0.0112412
-0.0135387
-0.375658
-1.19678
0.393028
-0.477028
-0.298173
-0.440019
-0.0839877
-1.32773
-2.02119
2.3762
-0.0627964
1.76916
0.732498
-1.75639
-0.507032
-0.117022
0.292604
2.2381
-2.06078
-1.4719
-0.899178
0.675912
0.299404
2.59764
-2.85755
1.83226
0.559103
-0.359046
1.36688
-0.57316
0.145255
0.00385362
-0.189529
0.290264
0.0146453
0.292688
-0.695198
1.65937
2.41426
-0.383723
-0.0467282
-0.0560918
-0.436046
0.917387
0.17796
0.26941
-0.0512447
-1.03596
-1.96161
-0.459066
1.52148
1.85509
0.809988
-0.468956
-0.154621
-0.26767
-0.255788
0.0117031
0.292513
0.374625
0.526134
-0.473963
-3.07443
-2.10802
-2.40333
-1.66937
-0.165673
-0.896392
0.507311
-0.126451
-0.0569636
-0.183664
-0.707713
0.846876
-2.60304
2.69905
-2.10078
0.253736
-0.896563
-0.0835409
-0.339698
0.396725
0.632907
0.469217
0.0052562
-0.352666
0.101967
-0.802638
2.24089
0.807813
1.18271
-0.0744449
1.34884
-0.332819
0.339023
-0.758055
0.104771
1.1992
0.257475
0.485784
-1.54167
1.69184
-0.521437
1.0943
1.82812
-0.219635
0.180136
-0.594515
-0.229819
0.269123
0.0573888
-0.108078
1.37776
0.960493
1.88036
-2.57653
1.72713
0.0104374
-0.201808
-0.127427
0.622903
0.0088323
-0.1079
-0.111207
-0.0317738
-0.0890591
-0.725929
-1.63172
-1.88129
2.54995
0.060199
0.201234
0.160822
-2.76085
-0.0359794
0.234087
-0.139775
-0.223714
-0.493279
-0.0645546
2.47514
-2.56255
1.69136
-1.73901
-0.468969
-0.773419
0.853855
1.94382
-1.24844
-0.0273413
0.413051
-0.24575
2.72925
3.67352
-3.19056
-0.318907
-0.426034
0.949607
1.94584
0.380906
-0.211421
0.277415
-0.691486
0.0158992
0.129174
-2.10433
2.94951
-2.78168
2.48384
1.9164
-0.319643
-0.643103
0.47156
0.21471
-0.0255912
0.0122924
0.248282
-0.769584
-4.4212
2.26704
0.42222
-2.34818
2.40973
1.04956
0.185145
-0.595296
0.404411
-0.0955226
-0.18339
-0.0346141
-0.00843146
0.099446
-0.637129
3.61367
-1.78697
2.00585
-0.133479
0.097075
0.427014
-0.0124453
-0.404493
-0.188021
0.452871
-0.929475
0.215026
3.35797
-2.2068
0.112851
-0.878638
0.227914
0.487155
-0.851181
-0.14703
-0.0410637
-0.450778
-0.331026
-0.065046
0.121291
-4.36865
-3.02641
-0.0980904
-0.0357866
-0.136119
-0.734782
-0.0105708
0.321861
1.34639
-0.442395
0.993962
1.02459
-2.19342
0.109469
-2.59029
-0.900271
2.30057
0.332242
-0.0324554
-0.127565
0.331934
0.234951
-0.113009
0.0475453
0.409916
-0.804617
-0.28872
1.28028
-2.72149
0.542875
-0.345877
-0.0288494
-0.0693056
-0.521446
0.21064
0.290067
0.0122387
-0.0877434
-0.783033
1.52487
-0.906711
0.355925
-1.34887
0.391965
-0.685066
-0.234196
2.62079
-0.39566
-0.0342619
-1.37076
0.383051
-0.210727
-3.68575
2.01298
0.133294
0.288546
-0.724232
-0.370724
-1.08091
0.455083
-1.1563
-1.06543
-0.333647
0.197356
-1.16219
0.940511
0.15158
-1.53981
2.46698
1.91173
0.182852
0.463309
0.0467893
0.00549579
0.633722
-0.121541
-0.0269893
-0.865409
1.56463
-1.68589
-1.96309
-2.36144
-1.04967
-0.883318
-0.57795
0.294145
0.0187916
-0.0208371
-0.0305636
0.104782
0.152524
0.0028567
-2.6135
-1.19846
2.34671
-0.120459
0.184287
-0.0275256
-0.0329207
-0.0189591
-0.087707
-0.136124
-0.115886
-0.167155
1.63323
1.1042
-0.609256
-0.0225645
0.0230404
-0.0221431
0.0511298
-0.0382466
-0.0539216
-0.0332454
-0.993349
-0.542458
0.227154
0.249526
-2.01226
-2.21295
-2.50268
-0.0770041
-0.0870055
0.0235325
0.162153
-0.221609
-0.162135
0.883142
0.0372226
-0.394155
-1.28613
-2.88232
0.0645505
1.46802
0.0995233
0.0593302
0.224829
0.06209
-0.297098
-0.258995
2.25999
-0.248958
-0.323527
1.47219
1.73443
-0.452015
-3.24828
0.256337
-0.0426596
1.92758
1.24705
1.65556
1.83729
-0.490163
-3.57383
0.593989
-2.62517
2.51857
4.49717
0.309264
2.54314
0.515484
0.261705
0.35842
-0.935048
-1.25197
0.0120235
0.663434
0.0089822
-0.198895
-1.39163
1.20034
0.902859
0.0292536
0.00377197
0.388803
-0.121244
0.306245
0.424024
-1.14599
-0.161726
1.72574
1.10641
2.06543
-0.706384
-2.02292
0.0968133
-0.184808
0.144599
-0.896807
-1.67107
-0.0382409
0.360503
-0.564073
0.0303547
0.378448
0.858879
3.43337
2.41274
2.93149
-1.2467
-0.697024
-0.670264
0.572988
1.70589
-0.697254
1.1567
-0.73367
-1.34885
2.26353
0.124382
-1.84271
-0.297933
-0.0784145
1.09732
1.86863
0.272216
-0.28641
0.0281123
0.00219952
1.78408
-0.612766
-1.39243
2.83153
-2.72766
3.17706
1.51152
-1.02867
-0.40792
0.728596
0.188011
-0.0372965
-0.0781513
-2.10944
2.27547
-0.21797
-0.0188639
0.592615
0.187142
0.489237
0.357613
0.249845
-0.00230406
0.0181251
-0.0372242
0.317157
0.326744
-2.11568
0.566886
-0.730804
-0.0840578
0.0402144
-0.25705
-0.223195
-0.198494
0.00867039
-0.0299863
-0.127474
0.445307
-0.699811
0.383267
2.6087
0.193151
-0.10812
1.41585
0.0511308
-0.1499
-0.184458
-0.136282
-0.00475661
-0.132873
0.0929393
0.0614117
0.0157781
-0.307445
0.0326651
-1.84549
0.307588
-1.96462
0.24461
-0.271538
0.278133
0.194126
-0.120405
0.0409734
-0.145041
-0.053021
-1.11662
-0.529971
-0.941139
-1.07527
-3.57417
-1.68002
0.0697008
-0.642176
-1.66333
-0.11084
0.682383
2.05081
-3.01186
-0.502867
-0.409255
-0.889653
-0.709784
1.13704
-3.06793
-0.972548
2.45837
-0.998216
-0.350218
-2.78382
0.341988
-5.21114
-6.94205
-6.15575
-4.92306
-0.331509
0.0784834
0.915485
-0.713988
0.168807
2.5734
-2.06397
4.57744
1.27257
-0.118584
-0.381772
-4.98757
-0.27634
-0.925357
-0.954425
0.194386
0.43513
-4.41352
-3.61448
-3.92324
-2.00088
3.87796
3.09247
-3.73383
-1.65133
0.371711
-0.659581
-2.22405
1.16235
0.312535
1.91402
1.19669
-0.288563
-1.62701
-1.62727
0.372167
-3.92362
-0.273749
-3.28608
4.82881
0.958322
-1.11794
0.719979
-1.05611
-0.310282
-0.0466426
-1.57321
-0.137039
-0.186037
-0.468446
-0.401035
-0.586069
5.21253
-2.82083
8.62666
-6.18673
-0.853194
-2.67416
-2.4034
-0.504895
2.06523
-1.86128
-4.85666
1.7519
-1.93875
0.642961
1.79968
0.0997658
-1.0905
1.13399
-1.01185
-0.0983903
-0.421873
-0.388479
-0.768868
-1.66279
