[20, 16, 16, 4]
0.251935
-2.67165
1.15465
0.909253
1.09367
0.0203558
-1.55051
-1.02018
-0.754267
-1.13262
0.129805
-0.702447
0.76527
-1.84109
-0.346637
0.114618
0.393539
-1.39971
0.640567
-1.47601
0.664936
-2.52242
-1.58814
-0.931542
-1.05633
-1.46543
1.05662
-1.205
0.442213
-1.98258
-0.092725
1.47058
0.812666
-0.951226
-0.302419
0.176095
0.206247
0.593474
1.63564
-0.343167
0.60343
-2.06973
1.45579
-1.74371
-0.575315
1.28457
-0.203751
-0.817982
1.26216
-0.324293
0.234128
-2.19768
-0.806846
-2.60478
1.39597
-0.189249
-1.18208
-0.496528
0.251359
-0.619319
1.9693
-0.663918
-0.938478
-0.672907
0.394709
0.829009
-0.0806787
-0.406158
-0.151572
-3.03292
0.686576
0.915052
0.233203
-0.314652
0.548116
0.396553
-0.626449
0.0147705
-1.2196
0.871582
0.117587
1.60654
-0.307744
-1.24418
1.80619
-1.67646
0.601377
1.2235
0.864073
0.602599
0.541359
1.05997
-0.599884
0.711379
-1.17786
1.95033
0.73218
2.55137
-0.322037
1.47782
0.275125
-1.88354
0.630873
1.69467
1.22047
0.497175
1.73074
0.961324
-1.08903
1.22199
-0.793022
1.66695
1.6146
0.239461
-1.78326
-0.480806
-1.19965
-1.3308
-1.26903
0.389937
0.132973
0.0194662
0.347788
-1.29534
-1.646
-1.66064
0.969981
0.887511
2.2344
0.311954
-0.771388
-0.356605
-1.34255
0.587356
-2.69517
-0.4082
0.104852
-0.635264
-0.724284
0.365419
-1.48201
-2.86495
0.924734
-1.13226
0.631407
2.09147
-0.407743
-0.781596
-1.73081
0.673424
-0.878496
0.303456
0.635065
0.217743
0.738782
2.07933
-0.711355
-0.334016
2.19818
-1.29691
0.495391
2.10303
-0.386167
0.730897
0.114123
1.39427
-1.47402
-0.160028
1.01921
-0.19206
1.88453
2.91709
-0.826889
-0.515996
1.71473
-0.231225
0.381489
0.858476
-0.556844
-0.365595
-0.880428
1.43507
-1.17243
-0.258989
0.755512
0.126404
-0.438484
2.1516
-0.64172
-0.189345
1.94847
-1.06288
0.0410904
0.538869
-0.477245
-1.43083
0.0644259
1.64831
-1.26692
-0.387562
0.906202
0.228519
-0.859759
2.33014
-0.401328
0.382661
2.32193
-1.27253
-0.308614
-1.44676
-0.807909
0.689111
-1.61142
2.04689
-0.492392
-0.778962
0.393786
0.490811
-1.03059
-0.270411
0.436673
1.64964
1.85891
-2.83362
2.10323
-1.1
0.846199
-0.547556
0.790996
0.669667
-1.39409
-0.641815
0.0398931
-0.768975
-0.00593087
-1.01906
0.340021
0.807429
2.32355
-1.89009
0.942079
-0.767092
2.36503
-1.27596
0.597158
-0.53049
-1.07189
-0.72507
0.0106757
-1.32327
0.309255
-0.803004
0.721242
1.43158
1.9795
-1.11286
2.14773
0.469793
2.61813
-0.778605
0.605255
-0.050241
-0.230379
-0.59516
2.89625
5.91414
2.88735
-2.66658
2.68501
-1.35546
2.43307
-0.441054
-1.79709
-0.722008
-4.53585
-0.771704
1.33738
-2.26372
1.66935
-0.152471
-4.06219
-1.83073
-2.57614
1.77691
-5.35832
2.52229
-3.72043
0.12342
0.300629
-4.11096
2.88574
-0.941539
-0.0807991
0.0403412
-0.706541
-6.08077
0.0342184
1.0179
-1.86612
1.35146
-0.666865
1.90566
-0.397758
0.55641
-0.316745
-0.943362
-1.72238
-0.17413
0.0780222
0.0950477
-0.322974
-0.958947
-0.585923
-4.24021
1.36763
-1.41324
5.91427
-3.17138
0.980747
1.49323
0.123339
-1.13232
-0.188581
0.00454905
0.544979
-1.17579
0.269245
-1.5886
-1.16644
1.50233
0.119044
-0.598923
-1.16694
0.646641
0.785139
-1.2356
-0.919797
0.582159
-1.6094
0.302847
0.272749
-1.3242
-0.00985383
-0.529502
-0.128115
0.881074
0.570255
-0.255706
-0.607999
-0.147408
0.808117
-0.703844
2.63392
0.121391
0.707081
0.652244
0.10311
2.70895
0.707985
-1.19295
0.802997
1.78331
0.752574
0.507086
1.42368
0.239532
-0.384075
-0.127458
0.879074
2.00414
-1.23935
0.142827
-1.58181
-0.442192
3.45977
0.674889
-4.70813
-3.15034
2.01413
-1.1111
5.0665
-0.892447
-1.44299
1.88121
1.65479
-1.47384
-1.00503
0.571657
2.44278
0.0671596
-0.435052
0.0488824
1.79686
0.0820973
-1.60324
-3.09319
-1.3791
1.36658
-2.73345
0.924524
0.0524377
1.23088
2.36491
3.06275
2.71642
-2.94267
-0.0147571
-0.981971
0.344883
0.548671
-1.34046
-3.08837
-0.644192
-1.33004
2.74815
1.20623
3.07924
1.30377
1.58146
2.64796
1.61915
3.42452
-0.796988
3.01153
-0.46254
-0.335806
-1.51503
1.3918
2.18814
-3.30669
-1.4309
1.90064
-0.201636
0.555335
1.47162
2.91766
-0.319336
4.00202
1.13158
-1.18087
-0.266718
-2.70695
1.49937
-2.02833
0.206392
1.66
-0.409561
1.12969
-0.701068
-3.68262
-0.00108242
0.398216
0.542154
3.05014
-0.524147
5.35199
-1.47262
-1.67095
4.43193
5.39102
1.83168
2.75231
0.203481
1.29133
-1.84642
-0.837522
-0.789474
0.783801
0.12976
0.234718
-5.58366
-2.9117
-2.48137
-2.14487
3.49274
1.80938
-1.23166
3.14957
-0.414189
0.355579
-1.83874
0.0738683
1.21795
0.152982
0.321911
-0.914234
-4.46848
4.00798
-1.83289
2.66467
2.82725
1.81241
-0.623256
0.992155
1.47862
-0.397302
-2.4501
-0.278947
-2.79136
0.216703
0.306823
0.468162
-2.59109
1.57411
4.94731
-1.1503
0.77173
2.86139
-0.358761
0.167091
0.767947
1.74453
-0.755142
0.044132
1.27202
0.221749
0.198012
0.293711
-0.966979
-0.554634
-0.0766076
1.02668
-0.555588
0.574554
-0.704443
0.560847
-0.40426
-0.532695
-0.0833702
-0.478118
-0.511887
0.370481
0.195712
-2.21093
-3.17871
-1.22409
-1.45975
-4.0724
2.81841
1.6624
-1.86123
1.30048
-0.0648744
0.448048
-1.54725
1.45355
-1.08399
0.29994
0.390903
-1.26475
0.0132891
0.852332
0.208346
1.81857
1.11444
1.72458
3.16573
-3.33599
1.13225
-0.852724
-2.08165
4.30169
1.34422
0.359936
0.324933
-0.466024
2.49076
0.112423
-2.93637
-1.34273
-2.8278
-0.581288
-2.1057
-5.24815
-2.15274
0.035083
0.0500965
-3.6565
1.24102
2.73023
0.269861
0.911579
3.11132
-0.0758797
1.05858
-1.85407
-1.7285
0.0633021
-0.685166
2.22353
1.23671
-2.91914
-0.38365
0.49035
-2.15072
-0.707601
-1.12182
-1.18817
1.67395
-0.1809
-1.43029
0.371985
1.59238
1.77387
-1.85344
1.29798
-1.93822
3.25592
-3.91656
-1.4851
-5.77062
5.03711
-6.01867
-0.508959
-6.28889
2.78865
1.34549
-7.20056
-5.2218
1.80127
-2.89294
0.981191
-1.79098
-0.247912
-4.73234
1.18108
-1.45954
-0.0657589
5.76338
-11.0147
-4.87352
5.25763
8.99881
-1.20191
-8.57964
7.92487
8.25077
-13.3496
0.838449
-4.73616
-4.59148
0.802391
4.56
-7.09954
-3.86152
-0.364199
-1.06721
-3.89786
-1.49532
-4.71445
2.15557
-6.97608
3.21879
-5.09807
9.37438
-3.87797
-2.6485
-3.59161
-5.27716
-3.12534
-2.72231
8.69439
6.0336
-9.21999
-6.2556
-3.27999
-1.26566
-5.68538
-0.909934
-1.09312
-4.31568
-0.678284
-4.22184
0.70186
-1.89121
-0.468715
