[0.39462139314025535,
 -0.6385929006739275,
 -4.174866935281578,
 0.20460914653892814,
 -0.09319386454177447,
 0.9398708230946227,
 -0.3599713459080416,
 -0.15717999801131555,
 1.830819560237444,
 -0.8222296734681294,
 0.19412283461841184,
 -0.23725384907879743,
 -0.34181103115366795,
 2.982476757648115,
 1.4773995421629706,
 -3.5998130659720147,
 2.9456323263093083,
 -3.032274437562968,
 0.2359402096298595,
 -0.31599880312222695,
 -0.1234476081480409,
 -0.3678001323003173,
 0.4653348289012911,
 0.10405694104679242,
 -3.696217562112679,
 0.19379023465376122,
 0.2297190528080364,
 0.07106924087835864,
 -0.2545700335736427,
 -0.7677557955432803,
 -0.5098797448053198,
 0.462083908677144,
 0.24174031815341834,
 0.1699118280862706,
 0.23823130860489528,
 0.032462068272693045,
 0.29770639647772157,
 -0.2802573131895656,
 3.2930439186478466,
 -0.5343835287413867,
 8.535883036962595,
 -0.46619558586183923,
 -0.6862612312789906,
 -0.3000309511600676,
 -0.39630614922646146,
 0.028447792251370174,
 0.01967527823833848,
 7.615310120470902,
 0.03333450572097263,
 -0.336008785953652,
 8.54866764807965,
 3.2989420913169845,
 0.19851553253863585,
 -0.15725817711279433,
 -0.44385129110605703,
 2.2237665733406224,
 0.9064611870226855,
 0.006582558303648511,
 0.4937392187190426,
 -0.983051826446399,
 8.000124302541835,
 8.245048298690165,
 -0.5558241139319193,
 8.334833089959922,
 -0.29957292759559095,
 -0.355755329276151,
 -1.160937474827108,
 -0.34589728133644665,
 -0.7354512305967091,
 -0.559960818251767,
 0.07093023455428238,
 0.2072656958458765,
 -0.21244258052985288,
 1.2140549903565017,
 0.018525593653350825,
 0.2562084536072575,
 0.9527865144161609,
 -0.16246419432883386,
 -0.9382440951420108,
 0.016251483099949837,
 -0.09760283583159435,
 -0.08231479528330965,
 0.2245134121243666,
 -0.3292958485830013,
 -0.3322747541714932,
 2.711524046421083,
 0.4952774384483689,
 0.1436890541128264,
 0.2808336052991365,
 0.048956861786095374,
 -0.4656368397174333,
 7.6177509371347725,
 -1.017486180865717,
 -0.32739837290174023,
 0.5037980500492836,
 -3.4372732887089725,
 0.2609671814445349,
 0.26642321466306385,
 -0.24622955738448127,
 0.6737873515841528,
 0.357386205018301,
 -0.3625144101878419,
 0.13279686860622064,
 -0.283375274478793,
 0.10371380403129393,
 -0.42297497052373956,
 0.017063163160855765,
 -0.05913272179549267,
 0.597778676465083,
 -0.7724673806652333,
 -0.9003702427862379,
 -0.24880053493137666,
 -3.109845508487169,
 -0.6316155099097784,
 -0.33411323411871763,
 -0.5367336713491682,
 0.25584578853393225,
 0.019698320356411614,
 -0.7977247192639538,
 -0.27120705782101595,
 -0.20300994854024168,
 0.03735220981005227,
 0.15471500284097317,
 0.18592203513955496,
 -0.2172598390268945,
 -2.885911520754828,
 0.1956845708073729,
 1.2471431125106047,
 0.7777437999818488,
 0.5637246706482983,
 -0.2609763676333614,
 -1.8153025953197357,
 0.15843918591758666,
 0.33425609460113037,
 -0.23795616338109937,
 -0.7826222837430805,
 0.32827517628803093,
 0.052773139406525615,
 -0.24048900621434655,
 -1.9861617773630087,
 -0.2954676733594681,
 0.7419649830170414,
 -0.5289055146482156,
 0.30253782134087714,
 -1.4251723779704264,
 2.555390198641092,
 -0.4593505331831125,
 0.4397308396126789,
 0.8185131395417784,
 0.030135071983806938,
 -0.26156218518428886,
 8.284871152975867,
 -0.4125278828516912,
 0.1259007810551509,
 0.8506605220907772,
 0.3683772230223781,
 0.3896060745083787,
 -0.11481020146487708,
 0.0991951405227951,
 0.5319948271313137,
 -0.012575782434453231,
 2.945558862756638,
 -0.089763858138042,
 -0.2505438290836779,
 -0.10652049935226161,
 -0.1408604657963508,
 0.30227535480651113,
 -0.13727720301977797,
 -3.6864305250269425,
 -0.3064852774115252,
 0.15096104457438742,
 -0.04083482158927154,
 2.784364878149386,
 0.2910067891762651,
 -0.3611722012370251,
 -0.7023644091922847,
 -0.026494797324573938,
 0.20289989960815547,
 0.20071342479261034,
 -0.5441957597378462,
 0.35560530455527406,
 -0.037309656272270786,
 -0.2678816619407485,
 -4.170499367315351,
 -0.7872630365355491,
 0.8713491294630273,
 1.0607208099095118,
 0.01689190047500233,
 0.11145635087198968,
 -0.33581233036996755,
 0.8591588493473381,
 0.0439715431160721]
