[293, 9, 9, 4]
0.0
0.0
0.0
0.0
0.0
0.0
0.0
0.0
0.0
0.0
0.0
0.0
0.0
0.0
0.0
0.0
0.0
0.0
-1.31434
0.0
0.0
0.0
0.0
0.0
0.0
0.0
0.0
0.0
0.0
0.0
0.0
0.0
0.0
0.0
0.0
0.0
0.0
0.0
0.0
0.0
0.0
0.0
0.0
0.0
0.0
0.0
0.0
0.0
0.0
0.0
0.0
0.0
0.0
0.0
0.259925
-0.503472
-1.8479
0.623602
0.550005
-2.544
5.68482
-0.138946
19.776
0.0
0.0
0.0
0.0
-0.178626
0.0
0.0
0.0
0.0
0.231177
-0.620295
-1.5196
0.461478
0.00191442
-2.53985
5.24722
0.329762
18.7402
0.0
0.0
0.0
0.0
0.0
1.24101
0.0
0.0
0.0
0.548299
0.0260241
0.679644
0.298891
0.032622
-0.654507
-0.350139
0.752654
16.1767
0.0
0.0
0.0
0.0
0.0
0.0
0.0
0.0
0.0
0.0
0.0
0.0
0.0
0.0
0.0
0.0
0.0
0.0
0.0
0.202489
0.0
0.0
0.0
0.0
-0.358738
0.0
0.0
0.0
0.0
0.0
0.0
0.0
0.0
0.0
0.0
0.0
0.0
0.0
0.0
0.0
0.0
0.0
0.0
-0.709061
0.0
0.0
0.0
0.0
0.0
0.0
0.0
0.0
0.0
0.0
0.0
0.0
0.0
0.0
0.0
0.0
0.0
0.0
0.0
0.0
0.0
0.0
0.0
0.0
0.0
0.0
0.0
0.0
0.0
0.0
0.0
0.0
0.0
0.0
0.0
0.0
0.0
0.0
0.0
0.0
0.0
0.0
0.0
0.0
0.0
0.0
0.637019
-2.34024
-2.40244
0.348463
0.168793
-1.86752
0.576031
0.509757
18.2518
0.0
0.0
0.0
0.0
0.0
0.0
0.0
0.0
0.0
0.0
0.0
0.0
0.0
0.0
0.0
0.0
-0.633666
0.0
0.0
0.0
0.0
0.430487
0.0
0.0
0.0
0.0
0.0
0.0
0.0
0.0
0.0
0.0
-1.5595
0.0
0.0
0.0
0.0
0.0
-1.79265
0.0
0.0
0.0
0.0
0.0
0.0
0.0
0.0
0.0
0.0
0.0
0.0
0.0
0.0
0.0
0.0
0.0
0.0
0.0
0.0
0.0
0.0471993
-0.0595079
0.0
0.611016
0.162208
0.656661
-0.316808
-2.10954
-0.72895
-0.461589
2.06512
11.7661
0.0
0.0
0.0
-2.1437
0.0
0.0
0.0
0.0
0.0
0.0
0.0
0.0
0.0
0.0
0.0
0.0
0.0
0.0
0.0
0.0
0.0
0.0
0.0
0.0
0.0
0.0
0.0
0.0
0.0
0.0
0.0
0.0
0.0
0.0
0.0
0.0
0.0
0.0
0.0
0.0
0.0
0.0
0.0
0.0
0.0
0.84443
2.77065
0.0
0.0
0.0
0.0
0.0
0.0
0.0
0.237439
0.708555
-3.10966
0.342871
-0.348334
-2.28915
3.72551
0.346032
18.3987
0.0
0.0
0.0
0.0
0.0
0.0
0.0
0.0
0.0
0.0
0.0
0.0
0.0
0.0
0.0
0.0
0.0
0.0
0.0
0.0
0.0
0.0
0.0
0.0
0.0
0.0
0.0
0.0
0.0
0.0
0.0
0.0
0.0
0.0
0.0
-1.32356
-1.58907
0.0
0.0
0.0
0.0
0.0
0.0
0.0
0.0
0.0
0.0
0.0
0.0
0.0
0.0
0.0
0.0
0.0
0.0
0.0
0.0
0.0
0.0
0.0
0.0
0.0
0.0
0.0
0.0
0.0
0.0
0.0
0.0
0.0
0.0
0.817947
0.0
0.0
0.0
0.0
0.0
0.0
0.0
0.0
0.0
0.0
0.0
0.548418
0.0
0.0
0.0
0.0
0.0
0.0
0.0
0.0
0.0
0.0
0.0
0.0
0.0
0.0
0.0
1.05087
0.92971
0.76708
-0.710708
-1.78849
-0.50598
-1.07055
2.15237
6.10129
0.0
0.0
0.0
0.0
0.0
0.0
0.0
0.0
-0.051735
0.0
0.0
0.0
0.0
0.0
0.0
0.0
0.0
0.0
0.0
0.0
0.0
0.0
0.0
0.0
0.0
0.0
0.0
0.0
0.0
0.0
0.0
0.0
0.0
-1.91452
-0.914476
0.0
0.0
0.0
0.0
0.0
0.0
0.0
0.0
0.0
0.0
0.0
0.0
0.0
0.0
0.0
0.0
0.0
0.0
0.0
0.0
0.0
0.0
0.0
0.0
0.0
0.0
0.0
0.0
0.0
0.0
0.0
0.0
0.0
0.0
0.0
0.0
0.0
0.0
0.0
0.0
0.0
0.0
0.0
0.0
0.0
0.0
0.0
0.0
0.0
0.0
0.0
0.0
0.0
0.327515
0.0
0.0
0.0
0.0
0.0
0.0
0.0
0.0
0.0
0.0
0.0
0.0
0.0
0.0
0.245971
0.812527
0.0
0.0
0.0
0.0
0.0
0.0
0.0
0.0
0.0
0.0
0.0
0.0
0.0
0.0
0.0
0.0
0.0
0.0
0.0
-0.329062
0.0
0.0
0.0
0.0
0.0
0.0
0.0
0.0
0.0
0.0
0.0
0.0
0.0
0.0
0.0
0.0
0.0
0.0
0.538386
0.0
0.0
0.0
-1.13092
0.0
0.0
0.0
0.0
0.0
0.0
0.0
0.0
-0.875265
-0.302097
0.0
0.0
0.0
0.0
0.0
0.0
0.0
0.0
0.0
0.0
0.0
0.0
0.0
0.0
0.0
0.0
0.0
0.0
0.0
0.0
0.0
0.0
0.234346
2.20795
0.575355
0.0513263
-0.595924
-0.762474
-0.834473
0.634017
11.2015
0.0
0.0
0.0
0.0
0.0
0.0
0.0
0.0
0.0
0.0
0.0
0.0
0.0
-0.513742
0.0
0.0
0.0
0.0
0.0
0.0
0.0
0.0
0.0
0.0
0.0
-1.40215
0.0
0.0
-0.688084
0.0
0.0
0.0
0.0
0.0
0.0
0.0
0.0
0.0
0.0
0.0
0.0
0.0
0.0
0.0
0.0
0.0
0.0
0.0
0.0
0.0
0.0
0.0
0.0
0.0
0.0
-0.0179451
0.0
0.0
0.0
0.0
0.0
0.0
0.424003
0.0
1.25015
0.0
0.0
0.0
0.0
0.0
0.0
0.0
0.0
0.0
0.0
0.0
0.0
0.0
0.0
0.0
0.0
0.0
0.0
0.0
0.0
0.0
0.0
0.0
0.0
0.0
0.0
0.0
0.0
1.66855
0.0
0.0
0.0
0.0
0.0
0.0
0.0
0.0
0.0
0.0
0.0
0.0
0.0
0.0
0.0
0.0
0.0
0.0
0.0
0.0
0.0
0.0
0.0
0.582226
2.55596
0.612293
0.319339
0.859818
-0.52686
-1.08865
-0.410327
4.98673
0.0
0.0
0.0
0.0
0.0
0.0
0.0
0.0
0.0
0.0
0.0
0.0
0.0
0.0
0.0
0.0
0.0
0.0
0.0
0.0
0.0
0.0
0.0
0.0
0.0
0.0
0.0
0.0
0.0
0.0
0.0
0.0
0.442918
0.0
0.0
0.0
0.0
0.0
0.0
0.0
0.0
0.0
0.0
0.0
0.0
0.0
0.0
0.0
0.0
0.0
0.0
0.0
0.0
-0.974073
0.0
0.0
0.0
0.0
0.0480102
0.504121
0.0
0.0
0.0
0.0
0.0
0.0
0.0
0.0
0.0
0.0
0.0
0.0
0.0
0.0
0.0
0.0
0.0
0.0
0.0
0.0
1.28978
0.0
0.0
0.0
0.0
0.0
0.0
0.0
0.0
0.0
0.0
0.0
0.537617
0.0
0.0
0.0
0.0
0.0
0.0
0.0
0.0
0.0
0.0
0.0
0.0
0.0
0.0
0.0
0.0
0.0
0.0
0.0
0.0
0.0
0.0
-0.313337
0.0
0.0
0.0
0.0
0.0
0.0
0.0
0.0
0.0
0.0
0.0
0.0
0.0
0.0
0.0
0.0
0.0
0.0
0.0
0.0
0.0
0.0
0.0
0.0
0.0
0.0
0.0
0.0
0.0
0.0
0.0
0.0
0.0
0.0
-0.267328
0.0
0.0
0.0
0.0
0.0
-1.54882
0.0
0.0
0.0
0.0
0.0
0.479113
3.99834
0.565165
-0.768312
-1.56574
-0.536968
-1.11886
1.79418
2.58685
0.0
-1.45098
0.0
0.0
0.0
0.0
0.0
0.0
0.0
0.0
0.0
0.0
0.0
0.0
0.0
0.0
0.0
0.0
0.0
0.0
0.0
0.0
0.0
0.0
0.0
0.0
0.0
0.0
0.0
0.0
0.0
0.0
0.0
0.0
0.0
0.0
0.0
0.0
0.0
0.0
0.0
0.0
0.0
0.0
0.0
0.0
-0.138018
0.0
0.0
0.0
0.0
0.0
0.0
0.0
0.0
0.0
0.962077
0.0
0.0
0.0
0.0
0.0
0.0
0.0
0.0
0.0
0.0
0.0
0.0
0.0
0.0
0.0
0.0
0.0
0.0
0.0
0.0
0.0
0.0
0.0
0.0
0.0
0.0
0.0
0.0
0.0
0.0
0.0
0.0
0.0
0.0
0.0
0.0
0.0
0.0
0.0
0.0
0.0
0.0
0.0
0.0
-1.01232
0.0
0.0
0.0
0.0
0.0
0.0
0.0
0.0
0.0
-1.43122
0.0
0.0
0.0
0.0
0.0
0.0
0.0
1.4806
0.0
0.0
0.0
0.0
0.0
0.0
0.0
0.0
0.0
0.0
0.0
0.0
0.0
0.0
0.0
0.297323
2.78508
-1.47277
0.104701
0.122372
-1.0627
0.198517
0.326717
-1.04043
0.0
0.0
0.0
0.0
0.0
0.0
0.0
0.0
0.0
-0.236748
0.0
0.0
0.0
0.0
0.0
0.0
0.0
0.0
0.0
0.0
0.0
0.0
0.0
0.0
0.0
0.0
0.0
0.0
0.0
0.0
0.0
0.0
0.0
0.0
0.0
0.0
0.0
0.0
0.0
0.0
0.0
0.0
0.0
0.0
-0.498692
0.0
0.0
0.0
0.0
0.0
0.0
0.0
0.0
0.0
0.0
0.0
0.0
0.0
0.0
0.0
0.0
0.0
0.0
0.0
0.0
0.0
0.0
0.0
0.0
0.0
0.0
0.0
0.0
0.0
0.0
0.0
0.0
0.0
0.0
0.0
0.0
0.0
0.0
0.0
0.0
0.0
0.0
0.0
0.0
0.0
0.0
0.0
0.0
0.0
0.0
0.0
0.0
0.0
0.0
0.0
0.0
0.0
0.0
0.0
0.0
0.0
0.0
0.0
0.0
0.0
0.0
-0.683743
0.0
0.0
0.0
0.0
0.0
0.0
0.0
0.0
0.0
-0.471992
0.0
0.0
0.0
0.0
0.0
-0.558064
-0.400177
0.0
0.0
0.0
0.0
0.0
0.0
0.0
0.0
0.0
0.0
0.0
0.0
0.0
0.0
0.0
0.0
0.0
0.0
0.0
0.0
-1.75538
0.0
-0.65329
0.0
0.00925127
-3.43934
-1.84229
0.0154694
-2.5838
-1.30468
0.373947
1.67166
-1.61104
0.0
0.0
0.0
0.0
0.0
0.0
0.0
0.0
-0.616183
0.0
0.0
0.0
0.0
0.0
0.0
0.0
0.0
0.0
0.0
0.0
0.0
-1.33224
0.0
0.0
0.0
0.0
0.0
0.0
0.0
0.0
0.0
0.0
0.0
0.0
0.0
0.0
0.0
0.0
0.0
0.0
0.0
0.0
0.0
0.0
0.0
0.0
0.0
0.0
0.0
0.0
0.0
0.0
0.0
0.0
0.0
0.0
0.0
0.0
0.0
0.0
0.0
0.0
0.0
0.0
0.0
0.0
0.0
0.0
0.0
0.0
0.0
1.36931
0.0
0.0
0.0
0.0
0.0
0.0
0.0
0.0
0.0
0.0
0.612672
0.0
0.0
0.0
0.0
0.0
0.0
0.0
0.0
0.0
0.0
0.0
0.0
0.0
0.0
0.0
0.0
0.0
0.0
0.0
0.0
0.0
0.0
0.0
0.0
0.0
0.0
0.0
0.0
0.0
0.0
0.0
0.0
0.0
0.0
0.36041
0.0
0.0
0.0
0.0
0.0
0.0
0.0
0.0
0.0
0.0
0.0
0.0
0.0
0.0
0.815432
0.0
0.0
-0.214546
-0.404492
0.8517
0.0600189
0.556065
-0.0973299
1.2649
0.145716
0.0393965
0.0
-1.69303
0.0
0.0
0.0
0.0
0.0
0.0
0.0
0.0
0.0
0.0
0.0
0.0
0.0
0.0
0.0
0.0
0.0
0.0
0.0
0.0
0.0
0.0
0.0
1.47503
0.0
0.0
0.0
0.17776
0.0
0.0
0.0
0.0
0.0
0.0
0.0
0.0
0.0
0.0
0.0
0.0
0.0
0.0
0.0
0.0
0.0
0.0
0.0
0.0
0.0
-0.546963
0.0
0.0
0.0
0.0
0.0
0.0
0.0
0.0
0.0
0.0
0.0
0.0
0.0
0.0
0.0
0.0
0.00559465
0.0
0.0
0.0
0.0
0.0
0.0
0.0
0.0
0.0
0.0
0.0
0.0
0.0
0.0
0.0
0.0
-0.709935
0.0
0.0
0.0
0.0
0.0
0.0
0.0
0.0
0.0
0.0
0.0
0.0
0.0
0.0
0.0
0.0
0.0
0.0
0.0
0.0
0.0
0.0
0.0
0.0
0.0
0.0
0.0
0.0
0.0
0.0
0.0
0.0
0.0
0.0
0.0
0.0
0.0
0.0
0.0
0.0
0.0
0.0
0.0
0.0
0.0
0.0
0.0
0.0
0.0
0.0
0.0
0.0
0.0
0.0
0.0
0.0
0.0
0.0
0.0
0.0
0.0
0.0
0.0
0.0
-1.70823
0.0
0.0
0.546291
0.606877
0.311452
0.156256
0.620248
-0.524761
2.85105
-0.0985543
-0.186418
0.0
0.0
0.0
0.0
0.0
0.0
0.0
0.0
0.0
0.0
0.0
0.15813
0.0
0.0
0.0
0.0
0.0
0.0
0.0
0.0
0.0
0.0
0.0
0.0
0.0
0.0
0.0
0.0
0.0
0.0
0.0
0.0
0.0
0.0
0.0
0.0
0.0
1.77896
0.0
0.0
0.0
0.0
0.0
0.0
0.0
0.0
0.0
0.0
0.0
0.0
0.0
0.0
0.0
0.0
0.0
0.0
0.0
0.0
0.0
0.0
0.0
0.0
0.0
0.0
0.0
0.0
0.0
0.0
0.0
0.0
0.0
0.0
0.0
0.0
0.0
0.0
0.0
0.0
0.0
0.0
0.0
0.0
0.0
0.0
0.0
0.0
0.0
0.0
0.0
0.0
0.586781
0.0
0.0
0.0
0.0
0.0
0.0
0.0
0.0
0.0
0.0
0.0
-0.231709
0.0
0.0
0.0
0.0
0.0
0.0
0.0
0.0
0.0
0.0
0.0
0.0
0.0
0.0
-0.508623
0.0
0.0
0.0
0.0
0.0
0.0
0.0
0.0
0.131119
0.0
0.0
0.0
0.0
0.0
0.0
0.0
0.0
2.87722
-3.96559
-1.37081
0.793883
5.82439
-2.27062
3.92891
-3.20048
-10.9732
0.0
0.0
0.0
0.0
-0.313478
0.0
0.0
0.0
0.0
0.0
0.0
0.0
0.0
0.0
0.0
0.0
0.0
0.0
0.0
0.0
0.0
0.0
0.0
0.0
0.0
0.0
0.0
0.0
0.0
0.0
0.0
0.0
0.0
0.0
0.0
0.0
0.0
0.0
0.0
0.0
-0.770199
0.0
0.0
0.0
0.0
0.0
-0.500181
0.0
0.0
0.0
-0.688422
0.0
0.0
0.0
0.0
0.0
0.0
0.0
0.427239
0.0
0.0
0.0
0.0
0.0
0.0
0.0
0.0
0.0
0.0
0.0
0.0
0.0
0.0
0.0
0.0
0.0
0.0
0.0
0.0
0.0
0.0
0.0
0.0
-1.06197
0.0
0.0
0.766879
0.0
0.0
0.0
1.20751
0.0
0.0
0.0
0.0
0.0
0.0
0.0
0.0
0.0
0.0
0.0
-2.03083
0.0
0.0
0.0
0.0
0.0
0.0
0.0
0.0
0.0
0.0
-0.152307
0.0
0.0
0.0
0.0
0.0
0.0
0.0
0.0
0.0
0.0
0.0
0.0
0.0
0.0
0.0
0.0
0.0
0.0
0.0
0.0
0.0
0.0
0.0
0.0
0.0
0.0
0.0
0.0
0.0
0.0
0.0
0.0
0.0
0.0
0.0
0.0
0.0
0.0
0.0
0.0
0.0
0.0
0.0
0.0
0.0
0.0
0.0
0.0
-0.851705
-4.44311
0.0315829
0.3627
3.31668
-0.927905
-1.80086
-0.971545
-7.63296
0.0
0.0
0.0
0.0
0.0
0.0
0.0
0.0
0.0
0.0
0.0
0.0
0.0
-0.799729
0.0
0.0
0.0
0.0
0.0
0.0
0.0
1.40773
0.0
0.0
0.0
0.0
0.0
0.0
0.0
0.0
0.0
0.0
0.57865
0.748922
-0.801387
0.0
0.0
0.0
0.0
0.0
0.0
0.0
0.0
0.0
0.0
0.0
0.0
0.0
0.0
0.0
0.0
0.0
0.0
0.0
0.0
0.0
0.0
0.0
0.0
0.0
0.0
0.0
0.0
0.0
0.0
0.477557
0.0
0.0
0.0
0.0
0.0
0.0
0.0
0.0
0.0
0.0
0.0
0.0
0.0
0.0
0.0
0.0
0.0
0.247752
0.0
0.0
0.0
0.0
0.0
0.0
0.0
0.0
0.0
0.0
0.0
0.0
0.0
0.0
0.0
0.0
0.0
0.0
0.0
0.0
0.0
0.0
0.0
-0.76787
0.0
0.0
0.0
0.0
0.0
0.13794
0.0
0.0
0.0
-1.01844
-3.41382
4.71331
-0.22082
-4.74194
-0.355914
-3.34585
0.222081
-12.8511
0.0
0.0
0.0
0.0
0.0
0.0
0.0
0.0
0.0
3.21066
0.0
0.0
0.0
0.0
0.0
0.0
0.0
0.0
0.0
0.0
0.0
0.0
0.0
0.0
0.0
0.0
0.0
0.0
0.0
0.0
0.0
0.0
0.0
0.0
0.0
0.0
0.0
0.0
0.0
0.0
0.0
0.0
0.0
0.0
0.0
0.0
0.0
0.0
0.0
0.0
0.0
0.0
0.0
0.0
0.0
0.0
0.0
0.0
0.0
0.0
0.0
0.0
0.0
0.402008
0.0
0.0
0.520776
0.0
0.0
0.0
0.0
0.0
0.0
0.0
0.0
0.0
0.0
0.0
0.0
0.0
0.0
0.0
0.0
0.0
0.0
0.0
0.0
0.0
0.0
0.0
0.0
0.0
0.0
0.0
0.0
0.0
0.0
0.0
0.0
0.910664
0.0
0.0
0.0
0.0
0.0
0.0
0.0
0.0
0.0
0.0
0.0
0.0
0.0
0.0
0.0
0.0
0.0
0.0
0.0
0.0
0.0
0.0
0.0
0.0
0.0
0.0
0.0
0.0
0.0
0.0
0.0
0.0
0.0
0.0
0.0
0.0
0.0
0.0
0.0
0.0
0.0
0.0
0.0
0.0
0.0
0.0
0.163994
0.0
0.0
0.0
0.0
-1.10369
0.0
0.0
0.0
0.0
0.0
0.0
0.0
0.0
0.0
0.0
0.0
0.0
0.0
0.0
0.0
0.0
0.0
0.0
0.0
0.0
0.0
0.0
0.031105
0.0
0.0
0.0
0.0
0.0
0.973819
22.0336
-11.6906
0.209151
0.38666
0.0361479
-1.87019
1.57633
-34.0893
0.0
0.0
0.0
0.0
0.0
0.0
0.0
0.0
0.0
0.0
0.0
0.0
0.0
0.0
0.0
0.0
0.0
0.0
0.0
0.0
0.0
0.0
0.0
0.0
0.0
0.0
0.0
0.0
0.0
0.0
0.0
0.0
-0.630788
0.0
-0.773649
0.0
0.0
0.0
0.0
0.0
0.0
0.0
0.0
0.0
0.0
0.0
0.0
0.0
0.0
0.0
0.0
0.0
0.0
0.0
0.0
0.0
0.0
0.0
0.0
0.0
0.0
0.0
0.0
0.0
0.0
0.0
0.0
0.0
0.0
-0.292876
0.0
0.0
0.0
0.580627
0.0
0.0
0.0
0.0
0.0
0.573186
0.0
0.0
0.0
0.0
0.0
0.714408
0.0
0.0
0.0
0.0
0.0
0.0
0.0
0.0
0.0
0.0
0.0
0.0
0.0
-1.12394
-8.11288
3.68431
-0.305286
1.57362
-0.335031
-0.763378
1.79685
-14.9168
0.0
0.0
0.0
0.0
0.0
0.0
0.0
0.0
0.0
0.0
0.0
0.0
0.0
0.0
0.0
0.0
0.0
0.0
0.0
0.0
0.0
0.0
0.0
0.0
0.0
0.0
0.0
0.0
0.0
0.0
0.0
0.0
0.0
0.0
0.0
0.0
0.0
0.0
0.0
0.0
0.0
0.0
0.0
0.0
-0.896162
0.0
0.0
0.0
0.0
0.0
0.0
0.0
0.0
0.0
-0.711734
-3.64513
3.0203
-0.327992
2.2261
-0.263796
2.13984
-0.727294
-13.8443
0.0
0.0
0.0
0.0
0.0
0.0
0.0
0.0
0.0
0.0
0.0
0.0
0.0
0.0
0.0
0.0
0.0
0.0
0.0
0.0
0.0
0.0
0.0
0.0
0.0
0.0
0.0
0.0
0.0
0.0
0.0
0.0
0.0
0.0
0.0
0.0
0.0
-0.900085
0.0
0.0
0.0
0.0
0.0
0.0
0.0
0.0
0.0
0.0
0.0
-0.494703
0.0
0.0
0.0
0.0
0.0
0.0
0.0
0.0
0.0
0.0
0.0
0.0
0.0
-0.671495
-5.78883
0.853729
-0.110033
0.689469
-0.295678
0.981219
-1.14986
-15.2607
0.0
0.0
0.0
0.0
0.0
0.0
0.0
0.0
0.0
0.0
0.0
0.0
0.0
0.0
0.0
0.618962
0.0
0.0
0.0
0.0
0.0
0.0
0.0
-0.837526
-0.514828
0.0
0.0
0.0
0.0
0.0
0.0
0.0
0.0
0.0
0.0
0.0
0.0
0.0
0.0
0.0
0.0
0.0
0.0
0.0
0.0
0.0
0.0
0.0
0.0
0.0
0.0
0.0
0.0
0.0
0.0
0.0
0.0
0.0
0.0
0.0
0.0
0.0
0.0
0.0
0.0
0.0
0.0
0.0
0.0
0.0
0.0
0.0
0.0
0.0
0.0
-1.84918
0.0
0.0
0.0
0.0
0.0
0.0
0.0
0.0
0.0
0.0
0.0
0.0
0.0
0.0
-0.263227
-6.32397
1.97893
0.381799
3.48034
-0.108525
1.76486
-1.24452
-17.8599
0.0
0.0
0.0
0.0
0.0
0.0
0.0
0.0
0.0
-0.515137
-6.06396
2.45208
-0.00191564
-1.60597
-0.311016
-1.99711
-1.95405
-15.0018
0.0
0.0
0.0
0.0
0.0
0.0
0.0
0.0
0.0
-0.738849
-7.57181
0.126711
0.175844
2.62337
-0.678234
1.29905
0.44152
-14.8086
0.0
0.0
0.0
0.0
0.0
0.0
0.0
0.0
0.0
0.0
0.0
0.0
0.0
0.0
0.0
0.271563
0.0
-0.441146
0.0
0.0
-1.28647
0.0
0.0
0.0
0.0
0.0
0.0
0.0
0.0
0.0
0.0
-1.06104
0.0
0.0
0.0
0.0
0.0
-0.199959
0.0
0.0
0.0
0.0
0.0
0.0
0.0
0.0
0.0
0.0
0.0
0.0
0.0
0.0
1.17264
0.0
3.72447
6.62084
-5.44249
4.26621
1.38046
-0.42286
11.4013
2.95865
27.7362
-1.18262
-3.12577
6.53934
-1.50381
1.73874
3.17984
-14.4217
-5.12171
-21.2496
2.19473
32.7304
-15.1405
0.325615
-0.0295217
-0.0934012
2.76692
0.0834511
5.97132
-0.21521
-15.3408
1.83765
0.752804
1.65008
0.51012
2.34978
6.19016
-20.2903
2.49068
-1.88806
3.72082
2.75553
2.67339
2.91447
-2.97068
-2.16565
5.77786
-3.41296
-8.36457
4.34518
-1.05846
-2.07048
-5.58481
-0.825695
-2.25658
-2.23753
-0.300788
1.25888
-1.41582
1.06357
1.11302
-1.17464
-0.457736
1.45788
21.8401
-0.637049
-1.82423
7.75503
3.25954
-3.46614
-2.09767
4.07956
-5.16031
0.447851
0.726362
-3.22716
2.05227
-2.77029
3.21281
-4.41181
-2.30496
-5.12075
-0.268772
0.644228
3.36394
6.25982
3.77779
2.94922
1.28737
0.399561
-2.33419
-0.199999
5.54515
6.10344
11.2859
-1.95898
0.991085
7.14844
2.71287
-26.3081
-1.57859
2.90995
-8.82891
-11.5098
-0.0810909
-0.899185
2.88814
1.14856
2.04139
-0.744367
3.52548
8.86717
-4.21497
5.95094
-0.281999
18.2668
6.48172
-4.82759
-0.236749
0.854414
15.301
-12.2151
4.17823
2.82259
2.14525
-5.58325
-3.81311
-32.789
1.13011
-0.0349375
-0.432549
1.62729
4.15946
-1.96774
-3.18009
1.64472
5.71386
1.37297
-3.19397
-1.96788
0.533024
-0.725683
-0.282305
-5.63829
4.07409
2.71395
3.13663
-2.35208
10.2216
6.55198
0.431421
-7.94622
8.77044
-4.38029
-0.560885
-3.64756
1.05762
0.451818
3.34215
24.8665
-21.9505
-10.8019
-7.66204
-7.05368
-18.7336
-8.29031
-13.9478
11.9135
-46.7292
1.57906
1.94195
-3.77904
-9.64125
-6.97817
-3.28114
-5.70324
-3.87558
