[229, 36, 36, 4]
0.0
0.0
0.0
0.0
0.0
0.0
0.0
0.0
0.0
0.0
0.0
0.0
0.0
0.0
0.0
0.0
0.0
0.0
0.0
0.0
0.0
0.0
0.0
0.0
0.0
0.0
0.0
0.0
0.0
0.0
0.0
0.0
0.0
0.0
0.0
0.0
0.0
0.0
0.0
0.0
0.0
1.9711
0.0
0.0
0.0
0.0
0.0
0.0
0.0
0.0
0.0
0.0
0.0
0.0
0.0
0.0
0.0
0.0
0.0
0.0
0.0
0.0
-0.75101
0.0
0.0
0.0
0.0
0.0
0.0
0.0
0.0
0.0
0.0
0.0
0.0
0.0
0.0
0.0
0.0
0.0
0.0
0.0
0.0
0.0
0.0
0.0
0.0
0.0
0.0
0.0
0.0
0.0
0.0
-0.15329
0.0
0.0
0.0
0.0
0.0
0.0
0.0
0.0
-0.402273
0.0
0.0
0.0
0.0
0.916268
0.0
0.0
0.0
0.0
0.0
0.0
0.0
0.0
0.0
0.0
0.0
0.0
0.0
0.0
0.0
0.0
0.0
0.0
0.0
0.0
0.0
0.0
0.0
0.155421
0.0
0.0
0.0
0.0
1.09419
0.0
0.0
0.0
-0.125657
0.0
0.0
0.0
0.0
0.0
0.0
0.0
0.0
0.0
0.0
0.0
0.0
0.0
0.197837
0.0
0.0
0.0
0.0
0.0
-0.0283735
0.0
0.0
0.0
0.0
0.0
0.0
0.0
0.0
0.0
0.0
0.0
0.0
0.0
-1.18716
0.0
0.0
0.0
-0.373401
-0.0451075
0.140909
-0.019923
-0.149304
0.112208
0.187473
-0.297054
-0.465831
0.215639
0.266962
0.00258242
-0.0151535
-0.106908
0.123322
-0.141838
-0.184453
0.010007
-0.0580164
-0.460722
0.130363
-0.208745
-0.380347
0.116996
-0.0500449
0.0728876
0.0807798
-0.605794
0.147432
0.103322
0.338741
-0.174789
-0.154305
0.125581
0.0243201
-0.0178762
0.0426571
0.0963084
0.0
0.0
0.0
0.0
0.0
0.0
0.0
0.0
0.0
0.0
-0.0406825
0.0
0.0
0.0
0.0
0.0
0.0
0.0
0.0
0.0
0.0
0.0
0.0
0.0
0.0
0.0
0.0
0.0
0.0
0.0
0.0
0.0
0.0
0.0
0.0
0.0
0.00824025
-0.148845
0.0540767
0.131615
0.250528
-0.195245
-0.698797
0.176841
0.371725
0.126444
0.0918966
-0.206381
0.139972
-0.0950528
-0.234482
-0.0106252
-0.0248012
-0.551581
0.115842
0.135081
-0.180902
0.103266
-0.04986
-0.0121071
0.214582
-0.201934
0.137106
0.151296
-0.291238
-0.268924
0.0321073
0.0193549
-0.11897
-0.134186
0.0920672
0.14858
0.0
0.0
0.0
0.0
0.0
0.0
0.0
0.0
0.0
0.0
0.0
0.0
0.0
0.0
0.0
0.0
0.0
0.0
0.0
0.0
0.0
0.0
0.240151
0.0
0.0
0.0
0.0
0.0
0.0
0.0
0.0
0.0
0.0
0.0
0.0
0.0
0.0230505
-0.0586008
-0.126039
0.153366
0.0566524
0.973291
0.720703
0.0299384
-0.0900512
0.0301626
0.0564447
-0.221058
0.29198
-0.0217161
-0.298688
0.0231025
0.042849
0.466268
0.0400683
1.20836
0.258761
0.0535286
-0.163837
0.0496538
0.202559
0.0295724
0.187712
0.205004
0.185392
-0.0617596
-0.0634433
0.0355952
0.487969
-0.0793106
-0.0399913
-0.0935746
0.0
0.0
0.0
0.0
0.0
0.0
0.0
0.0
0.0
0.0
0.0
0.0
0.0
0.0
0.0
0.0
0.0
0.0
0.0
0.0
0.0
0.0
0.878288
0.0
0.0
0.0
0.0
-0.114824
0.0
0.0
0.0
0.0
0.0
0.0
0.410744
0.0
0.0
0.0
0.0
0.0
0.0
0.0
0.0
0.0
0.0
0.0
0.0
0.0
0.0
0.0
0.0
0.0
0.0
0.0
0.0
0.0
0.0
0.0
0.0
0.0
0.0
0.0
0.0
0.0
0.0
0.0
0.0
0.0
0.0
0.0
0.0
0.0
0.0
0.0
0.0
0.0
0.0
0.0
0.0
0.0
0.0
0.0
0.0
0.0
0.0
0.0
0.0
0.0
0.0
0.0
0.0
0.0
0.0
0.0
0.0
0.0
0.0
0.0
0.0
0.0
0.0
0.0
0.0
0.0
0.0
0.0
0.0
0.0
0.0
0.0
0.0
0.0
0.0
0.0
0.0
0.0
0.0
0.0
0.0
0.0
0.0
0.0
0.0
0.0
0.0
0.0
-0.604636
0.0
0.0
0.0
0.0
0.0
0.0
0.0
0.0
0.0
0.0
0.0
0.0
0.0
0.0
0.0
0.0
0.0
0.0
0.0
0.0
0.0
0.0647342
0.0
0.0
0.0
0.0
0.0
0.0
0.0
-1.05675
0.0
-0.434589
0.0
0.0
0.0
0.0
-0.630565
0.0
0.0
0.0
0.0
0.0
0.0
0.0
0.0
0.0
0.0
0.0
0.0
0.0
0.0
0.0
0.0
0.0
0.0
0.0
0.0
0.0
0.0
0.0
0.0
0.0
0.0
0.0
0.0
0.0
0.0
0.0
0.0
0.0
0.0
0.0
0.0
0.0
0.0
0.0
-1.11808
0.0
0.0
0.0
0.0
0.0
0.0
0.0
0.0
0.0
0.0
0.0
0.0
0.0
0.0
0.0
0.721409
0.0
0.0
0.0
0.0
0.0
0.0
0.0
0.0
0.0
0.0
0.0
0.0
0.0
0.0
0.0
0.0202434
0.0
0.0
0.0
0.0
0.0
0.0
0.0
0.0
0.0
0.0
0.0
0.0
0.0
0.0
0.0
0.0
0.0
0.0
0.0
0.0
0.0
0.0
0.0
0.0
0.0
0.0
0.0
0.0
0.0
0.0
0.402546
0.0
0.0
0.0
0.0
0.0
0.0
0.0
0.0
0.0
0.0
0.0
0.0
0.0
0.0
0.0
0.0
0.0
0.0
0.0
0.0
0.0
0.00194313
-0.0804697
0.107782
-0.118954
-0.353433
-0.352342
-0.915594
-0.0937468
0.404235
-0.0325757
0.0936073
-0.342911
-0.183505
-0.156188
-0.296506
0.0189108
0.0431481
-0.47588
0.0913723
0.0369352
-0.318864
0.0176409
0.0262503
0.0764516
0.0663126
-0.200757
0.152176
-0.0640429
0.105073
-0.207825
0.19136
0.0408495
-0.145472
0.0428165
0.42923
-0.0720295
0.0
0.0
0.0
0.0
0.0
0.0
0.0
0.0
0.0
0.0
0.0
0.0
0.0
0.0
0.0
0.0
0.0
0.0
0.0
0.0
-0.224257
0.0
0.0
0.0
0.0
0.0
0.0
0.0
0.0
0.0
0.0
0.0
0.433268
0.0
0.0
0.0
0.0
0.0
0.0
0.0
0.0
0.0
-0.31746
0.0
0.0
0.0
0.0
0.0
0.0
0.0
0.0
0.0
0.0
0.0
0.0
0.0
0.0
0.0
0.0
0.0
0.0
0.0
0.96019
0.0
0.0
0.0
0.0
0.0
0.0
0.0
0.0
0.0
0.0
0.0
0.0
0.0
0.0
0.0
0.0
0.0
0.0
0.0
0.0
0.0
0.0
0.0
0.0
0.414152
0.0
0.0
0.0
0.0
0.0
0.0
0.0
0.0
0.0
0.0
0.0
0.0
0.0
0.0
0.0
0.0
0.0
0.0
0.0
0.0
0.0
0.0
0.0
0.0
0.0
0.0
0.0
0.0
0.0
0.0
0.0
0.0
0.0
0.0
0.0
0.0
0.0
0.0
0.0
0.0
0.0
0.0
0.0
0.0
0.0
0.0
0.0
0.0
0.0
-0.426855
0.0
0.0
0.0
0.0
0.0
0.0
0.0
0.0
0.0
0.0
0.0
0.0
0.0
0.0
0.0
-0.863659
0.0
0.0
0.0
0.0
0.0
0.0
0.0
0.0
0.0
0.0
0.0
0.0
0.0
0.0
0.0
0.0
0.0
0.0
0.0
0.0
2.0626
0.0
0.0
0.0
0.0
0.0
0.0
0.0
0.0
0.0
0.0
0.0
0.0
0.0
0.0
0.0
0.0
0.0
0.0
0.0
0.0
0.0
0.0
0.0
0.0
0.0
0.0
0.0
0.0
1.56567
0.0
0.0
0.0
0.0
0.0
0.0
0.0
0.0
0.0
0.0
0.0
0.0
0.0
0.0
0.0
0.0
0.0
0.0
0.0
0.0
0.0
0.0
0.0
0.0
0.0
0.0
0.0
0.0
0.0
0.0
0.0
0.0
0.0
0.0
0.469519
0.0
0.0
0.0
0.0
0.0
0.0
0.0
0.0
0.0
0.0
0.0
0.0
0.0
0.0502122
-0.393977
-0.253111
0.110021
0.219434
0.525864
0.723245
0.191549
-0.0688626
0.152495
-0.0406947
-0.226532
2.21657
-0.231033
-0.332506
0.00573363
0.0264713
0.837993
-0.0525255
-0.354158
-0.506902
-0.0861727
-0.203141
0.119435
0.429832
0.288267
0.114903
0.00816366
0.197021
0.080929
-0.00636502
0.0178212
0.0317155
-0.0976364
0.0683285
1.05006
0.0
0.0
0.0
0.067618
0.0
0.0
0.0
0.0
0.0
0.0
0.0
0.0
0.658803
0.0
0.0
0.153324
0.0
0.0
0.0
0.0
0.0
0.0
0.0
0.0
0.0
0.0
0.0
0.0
0.0
0.0
0.0
0.0
0.0
0.0
0.0
-0.560062
0.0
1.03269
0.0
0.0
0.0
0.0
0.0
0.0
0.0
0.509492
0.0
0.0
-0.279536
0.0
0.0
0.0
0.0
0.0
0.0
0.0
0.0
0.0
0.0
0.0
0.0
0.0
0.0
0.0
0.0
0.0
0.0
0.0
0.0
0.0
0.0
0.0
0.0
0.0
0.0
0.0
0.0
0.0
0.0
0.0
0.0
0.0
0.0
0.0
0.0
0.0
0.0
-1.33902
0.0
0.0
0.0
0.290082
0.0
0.0
0.0
1.6815
0.0
0.0
0.0
0.0
0.0
0.0
0.0
0.0
0.0
0.0
-1.86356
0.0
0.0
0.0
0.0
0.0
0.0
0.0
0.0
0.0
0.0
0.0
0.0
0.0
0.0
0.0
0.0
0.0
0.0
-0.44285
0.0
0.559497
0.0
-0.321653
0.0
0.0
0.0
0.0
0.0
0.0
0.0
0.0
0.0
0.0
0.0
0.0
0.0
0.0
0.0
0.0
0.0
0.0
0.0
0.0
0.0
0.0
0.0
0.0
0.0
0.0
0.0
0.0
0.0
2.06177
0.0
0.0
0.0
0.0
0.0
0.0
0.0
0.87601
0.0
0.0
0.0
0.0
0.0
0.0
0.0
0.0
0.0
0.0
0.0
-0.119533
0.0
0.0
0.0
0.0
0.0
0.0
0.0
0.0
0.0
0.0
0.0
0.0
0.0
0.0
0.0
0.0
0.0
-1.20135
0.0
0.0
0.0
0.0
0.0
0.0
0.0
0.0
0.0
0.0
0.0
0.0
0.0
0.0
0.0
0.0
0.0
0.0
0.0
0.0
0.0
0.0
0.0
0.0
0.0
0.0
0.0
0.0
0.0
0.0
0.0
0.0
0.0
0.0
0.0
0.0
0.0
0.0
0.0
0.0
0.0
0.0
0.0
0.0
0.0
0.0
1.2454
0.0
0.0
0.0
0.298271
0.0
0.0
0.0
0.0
0.0
0.0
0.0
0.0
0.490177
0.0
0.0
0.0
0.0
0.0
0.0
0.0
0.0
0.0
0.0
0.0
0.0
0.0
0.0
0.0
0.0
0.0
0.0
0.0
0.0
0.0
0.0
0.0
0.0
0.0
0.0
0.0
0.0
0.0
0.0
0.0
0.0
0.863207
0.0
0.0
0.0
0.0
0.0
0.0
0.0
0.0
0.0
-1.01563
0.0
0.0
0.0
0.0
0.0
0.0
0.0
0.0
0.0
0.0
0.0
0.0
0.0
0.0
0.0
0.0
0.0
0.0
0.0
0.0613758
0.0
0.0
0.0
1.12978
0.0
2.02404
0.0
0.0
0.0
0.0
0.0
0.0
0.0
0.0
0.278353
0.0
0.0
0.0
0.0
0.0
0.0
0.0
0.0
0.0
-0.135891
0.0
0.0
0.0
0.0
0.0
0.0
0.0
0.0
0.0
0.0
0.0
0.0
0.0
0.0
0.0
0.0
0.0
0.0
0.0
0.0
0.0
0.0
0.0
0.0
0.0
0.0
0.0
0.0
0.0
0.0
0.0
0.0
0.0
0.0
0.0
0.0
0.0
0.0
0.0
0.0
0.0
0.0
0.0
0.0
0.0
0.0
0.0
0.0
0.0
0.0
0.560956
0.0
0.0
0.0
0.0
0.0
0.0
0.318467
0.0
0.0
0.0
0.0
0.0
-0.749033
0.0
0.0
0.0
0.0
0.0
0.0
0.0
0.0
0.0
0.0
0.0
0.0
0.0
0.0
0.0
0.0
0.0
0.649662
0.0
0.0
0.0
0.0
0.0
0.0
0.0
0.0
0.0
0.0
0.0
-1.07603
0.0
0.0
0.0
0.0
0.0
0.0
0.0
0.0
0.0
0.0
0.0
0.0
0.0
0.0
0.0
0.0
-2.11582
0.0
0.0
0.0
0.0
0.0
0.0
0.0
0.0
0.0
0.0
0.0
0.0
0.0
0.601341
0.0
0.0
0.0
0.0
0.188691
0.0
0.0
0.0
0.0
0.0
0.0
0.0
0.0
0.0
0.0
0.0
0.0
0.0
0.0
0.0
0.0
0.0
0.0
0.844796
0.0
0.0
0.0
0.0
0.0
0.0
0.0
0.0
0.0
0.0
0.0
0.0
0.0
0.0
0.441858
0.0
0.0
0.0
0.0
0.0
0.0
0.0
0.0
0.0
0.0
0.0
0.0
-0.739976
0.0
0.0
0.0
0.0
0.0
-0.274545
0.0
0.0
0.0
0.0
0.0
0.0
0.869191
0.0
0.0
0.0
0.0
0.0
0.0
0.0
-1.00077
0.0
0.0
0.0
0.0
0.0
0.0
0.0
0.0
0.0
0.0
0.0
0.0
0.0
0.0
0.0
0.0
0.0
0.0
0.0
0.0
0.0
0.0
0.0
0.0
0.0
0.0
0.0
0.0
0.0
0.0
0.0
0.0
0.0
0.0
0.0
0.0
0.0
-0.841087
0.0
0.0
0.0
0.0
0.0
0.0
0.0
0.0
0.0
0.0
0.56217
0.0
0.0
0.0
0.0
0.0
0.0
0.0
0.0
0.0
0.0
0.0
0.0
0.0
0.0
0.0
0.0
0.0
0.0
0.0
0.0
0.0
0.0
0.0
0.412167
0.0
0.0
0.0
0.0
0.0
0.0
0.0
0.0
0.0
0.0
0.0
0.0
0.0
0.653598
0.0
0.0
0.0
0.0
0.0
0.0
0.0
0.0
0.0
0.0
0.0
0.0
0.0
0.0
0.0
0.0
0.0
0.0
0.0
0.0
0.0
0.0
0.0
0.0
0.0
0.0
0.0
0.0
0.0
0.0
0.0
0.0
0.0
0.0
0.0
0.0
0.0
0.0
0.0
0.0
0.0
1.80377
0.0
0.0
0.0
0.0
0.0
0.0
0.0
0.0
0.0
0.0
0.0
0.0856114
-0.491736
-0.28694
-0.0351185
-1.12716
-0.632787
-0.358496
-0.0288135
-0.658032
0.144416
0.141994
-0.67529
-0.128427
-0.0458753
0.263583
0.097653
-0.0539022
-0.52925
0.276836
0.0876685
-0.350859
0.312166
-0.137333
0.664374
0.519717
-0.115235
0.344369
0.105016
0.0632264
-0.213853
-0.0486029
0.045131
-0.0207523
0.143778
0.128604
-0.208073
0.0
0.0
0.0
0.0
0.0
0.0
0.0
0.0
0.0
0.0
0.0
0.0
0.0
0.0
0.0
0.0
0.0
0.0
0.0
0.0
0.0
0.0
0.0
0.0
0.0
0.0
0.0
0.0
0.0
0.0
0.0
0.0
0.0
-0.787526
0.0
0.0
0.0
0.0
0.0
0.0
0.0
0.0
0.0
0.0
0.0
0.0
0.0
0.0
0.0
0.0
0.0
0.0
-0.128196
0.0
-0.895643
0.0
0.0
0.0
0.0
-0.433439
0.0
0.0
0.0
0.0
0.0
0.0
0.0
0.0
0.0
0.0
0.0
0.0
0.0
0.0
0.0
0.0
0.0
0.0
0.0
0.0
0.0
-0.774983
0.0
-0.828971
0.0
0.0
0.0
0.0
0.0
0.0
0.0
0.0
0.0
0.0
0.0
0.0
0.0
0.0
0.0
0.0
0.0
-0.23361
0.0
0.0
0.0
0.0
0.0
0.0
0.0
0.0
0.0
0.0
0.0
0.0
0.939721
0.0
0.0
0.0
0.0
0.0
0.0
0.0
0.0
0.0
2.15973
0.0
0.0
0.0
0.214114
0.0
0.0
0.0
0.0
0.0
0.0
0.0
0.0
0.0
-1.20025
0.0
0.0
0.0
0.0
0.0
0.0
0.0
0.0
0.0
0.0
1.36752
0.0
0.0
0.0
0.0
0.0
0.0
0.0
0.0
0.0
0.0
-0.364175
0.0
0.0
0.0
0.0
0.0
0.0
0.0
0.0
0.0
0.0
0.0
0.0
0.0
0.0
0.0
0.253554
0.0
0.0
0.0
0.0
0.0
0.0
0.0
0.0
0.0
0.0
-1.03172
0.0
0.0
0.0
0.0
0.0
0.0
0.0
0.0
0.0
0.659146
0.0
0.0
0.0
0.0
0.0
0.0
0.0
0.0
0.0
0.0
0.0
0.0
0.0
0.0
-0.154605
0.0
0.0
0.0
0.0
0.0
0.0
0.0
0.0
0.0
0.0
0.0
0.0
0.0
0.0
0.0
0.0
0.0
0.0
0.0
0.0
0.0
0.0
0.0
-0.346658
0.0
0.0
0.0
0.0
0.0
0.0
0.0
0.0
0.0
0.0
0.0
0.0
0.0
0.0
0.0
0.0
1.07307
0.0
0.0
0.0
0.0
0.0
0.0
0.0
0.0
0.0
0.0
0.0
0.0
2.03835
0.0
0.0
0.0
0.0
0.0
0.0
0.0
0.0
-0.359332
0.0
0.0
0.723025
0.0
0.0
0.0
0.0
0.0
0.0
0.0
0.0
0.0
0.0
0.0
0.0
0.0
0.0
0.0
0.0
0.0
0.0
0.0
-1.96829
0.0
0.0
0.0
0.0
0.0
0.0
-2.65597
0.0
0.0
0.0
0.0
0.0
0.0
0.0
0.0
0.0
0.0
0.0
0.0
0.0
0.0
0.0
0.0
0.0
0.0
0.0
0.0
0.0
0.0
0.0
0.0
0.0
0.0
0.0
0.0
0.0
0.0
0.0
0.0
0.0
0.0
0.0
0.0
0.0
0.0
0.0
0.0
0.0
0.0
0.0
0.0
0.0
0.0
0.0
0.0
0.0
0.0
0.0
0.0
0.0
0.0
0.0
0.0
0.0
0.0
0.0
0.0
0.0
0.0
0.0
2.54421
0.0
0.0
0.0
0.0
0.0
0.0
0.0
0.0
0.0
0.0
0.0
0.0
1.26985
0.0
0.451762
0.0
0.0
0.0
0.0
0.0
0.0
0.0
0.0
0.0
0.0
0.0
0.0191277
0.0630384
-0.0590319
-0.0770473
0.00732434
0.561483
1.15649
-0.236197
-1.729
0.0729508
-0.0281115
-0.0346426
0.0673418
-0.0759763
0.225249
0.0786653
-0.024772
-0.313554
-0.0433255
-0.0715658
-0.251089
-0.117363
-0.217754
0.0353202
-0.124199
-0.905687
0.208301
0.0775891
0.324181
0.0362126
-0.0406355
0.514219
-0.0611441
0.625927
-0.0961725
-0.127228
0.0
0.0
0.0
0.0
0.0
0.0
0.0
0.0
0.0
0.0
0.0
0.0
0.0
0.0
0.0
0.0
0.0
0.0
0.0
0.0
0.0
0.0
0.0
0.0
0.0
0.0
0.0
0.0
0.0
0.0
0.0
0.0
0.0
0.0
-1.35114
0.0
0.0
0.0
0.0
0.0
0.0
0.0
0.0
0.0
0.0
0.0
0.0
0.0
0.0
0.0
0.0
0.0
0.0
0.0
0.0
0.0
0.0
0.0
-1.13009
0.0
0.0
0.0
0.0
0.0
0.0
0.0
0.0
0.0
0.0
0.0
0.0
-1.05
0.0
0.0
0.0
-0.366623
0.0
0.0
0.0
0.0
0.0
0.0
0.0
0.0
-2.16673
0.0
0.0
0.0
0.0
0.0
0.0
0.0
0.0
0.0
0.0
0.0
0.0
0.0
0.0
0.0
0.0
0.0
0.0
0.0
0.0
0.0
0.0
0.0
1.87155
0.0
0.0
0.0
0.0
0.0
0.0
0.0
0.0
0.0
0.0
0.0
0.0
0.0
0.0
1.35497
0.0
0.0
0.0
0.0
0.0
0.0
0.0
0.0
0.0
0.0
0.0
0.0
0.0
0.0
0.0
0.0
0.0
0.0
0.0
0.0
0.0
0.0
0.0
0.0
0.0
0.0
0.0
0.0
0.0
0.0
-1.13414
0.0
0.0
0.0
0.0
0.0
0.0
0.0
0.0
0.0
0.0
0.0
0.0
0.0
0.614208
-0.968917
0.0
0.0
0.0
0.0
-1.01726
0.0
0.0
0.0
0.0
0.0
0.0
0.0
0.0
0.0
0.0
0.0
0.0
0.0
0.0
0.0
0.0
0.0
0.0
0.0
0.0
0.0
0.0
0.0
0.0
0.0
-0.495652
0.0
0.0
0.0
0.0
0.0
0.0
0.0
-1.4046
0.0
0.0
0.0
0.0
0.0
0.0
0.0
0.0
0.310799
0.0
0.0
0.0
0.0
0.0
0.0
0.0
0.0
0.0
0.0
0.0
0.0
0.0
0.0
1.07486
0.0
0.175473
0.0
0.0
0.0
2.23523
0.0
0.0
0.0
0.0
0.0
0.0
0.0
0.0
0.0
0.0
0.0
-1.12409
0.0
0.0
0.0
0.0
0.0
0.0
0.0
0.0
0.0
0.0
0.0
0.0
0.0
0.0
0.0
0.0
0.0
0.0
0.0
0.0
0.0
0.0
0.0
0.0
0.0
0.0
0.0
0.0
0.0
0.0
0.0
0.0
0.0
-0.900143
0.0
0.0
0.0
0.0
0.0
0.0
0.0
0.0
0.0
0.0
0.0
0.0
0.0
0.0
0.0
0.0
0.0
0.0
0.0
0.0
0.0
0.0
0.0
0.0
0.0
0.0
0.0
0.0
0.0
0.0
0.0
0.0
0.0
0.0
0.0
0.0
0.0
0.0
0.0
0.0
0.0
0.0
0.0
0.0
0.0
0.0
0.0
0.0
0.0
0.0
0.0
0.0
0.0
0.0
0.0
0.0
0.0
0.0
0.0
0.0
-1.01181
0.0
0.0
0.0
0.0
0.0
0.0
0.0
0.0
0.0
0.0
0.488808
0.0
0.0
0.0
0.0
0.0
0.0
0.0
0.0
0.0
0.0
0.0
0.0
0.0
0.0
0.0
0.0
0.0
0.0
0.0
0.0
0.0
0.0
0.0
0.0
-1.46285
0.0
0.0
0.0
-0.340086
0.0
0.0
-0.698124
0.0
0.0
0.0
0.0
0.0
0.0
0.0
-2.3587
0.0
0.0
0.0
0.0
0.0
0.0
-0.303858
0.0
0.0
0.0
0.0
2.03087
0.0
0.0
0.0
0.0
0.0
0.0
0.0
0.0
0.0
0.0
0.0
0.0
0.0
0.0
0.0
0.0
0.0
0.0
0.0
0.0
0.0
0.0
0.0
0.254552
-0.519644
0.0
0.501615
0.0
0.0
0.0
0.0
0.0
0.0
0.0
0.0
0.0
0.0
0.0
0.0
0.0
0.0
0.0
0.0
0.0
0.0
0.0
0.0
0.0
0.0
0.0
0.0
0.0
0.0
0.0
0.0
0.0
0.0
0.0
0.0
0.0
0.0
0.0
0.0
0.0
-0.0180337
0.0
0.0
0.0
0.0
0.0
0.0
0.0
0.0
0.0
0.0
0.0
0.0
0.0
0.0
0.0
0.0
1.48772
0.0
0.0
0.0
0.0
-0.593858
1.42353
0.0
0.501873
-1.66899
0.0
0.0
0.0
0.0
0.0
0.0
0.0
0.0
0.0
0.0
0.0
0.0
0.0
0.0
0.0
0.0
0.0
0.0
0.0
0.830625
0.0
0.0
0.0
-0.2901
0.0
0.0
0.0
0.0
0.0
0.0
0.0
0.0
0.0
0.0
0.0
0.0
0.0
0.0
0.0
0.0
0.0
0.0
0.0
0.0
0.0
0.0
0.0
0.0
0.0
0.0
0.0
0.0
0.0
0.0
0.0
0.0
0.0
0.0
0.0
0.0
0.0
0.0
0.0
0.0
0.0
0.0
0.0
-0.0685489
0.0
0.0
0.0
0.0
0.0
0.0
0.557421
0.0
-0.0328388
-0.0272013
0.234795
-0.096576
-0.634962
-0.758929
-0.435764
0.00644374
0.0228496
-0.0925326
0.0321326
-0.306531
0.0287246
-0.0237475
-0.355073
-0.0453641
-0.00238605
-0.632837
0.126152
0.249301
-0.222146
-0.0173567
0.0678701
0.47112
0.297228
-0.00758553
0.317952
0.0407326
-0.19332
-0.019128
0.079073
-0.0485897
-0.0615315
0.139976
0.17741
0.0238017
0.0
0.0
0.0
0.0
0.0
0.0
0.0
0.0
0.0
0.0
0.0
0.0
0.0
0.0
0.0
0.0
0.0
0.0
0.0
0.0
0.0
0.0
0.0
0.0
0.0
0.0
0.0
0.0
-0.59425
0.0
0.0
0.0
0.0
0.0
0.0
0.0
0.0281741
0.0
0.0
0.0
0.0
0.0
0.0
0.0
0.0
0.0
0.0
0.0
0.0
0.0
0.0
0.0
0.0
0.0
0.0
0.0
0.553023
0.0
0.0
0.0
0.0
0.0
0.0
0.0
0.569893
0.0
0.0
0.0
0.0
0.0
0.0
0.0
0.0
0.0
0.0
0.0
0.0
0.0
0.0
0.0
0.0
0.0
0.0
0.0
0.0
0.0
0.0
0.0
0.0
0.0
0.0
0.0
0.0
0.0
0.0
0.0
0.0
0.0
0.0
0.0
0.0
0.0
0.0
0.0
0.0
1.40821
0.0
0.0
0.0
0.0
0.0
0.0
0.0
0.0
0.0
0.0
0.0
0.0
0.0
0.0
0.0
0.0
0.0
0.0
0.0
0.0
0.0
0.0
0.0
0.0
0.0
0.0
0.0
0.0
0.0
0.0
0.0
0.0
0.0
0.0
0.0
0.0
0.0
0.0
0.0
0.0
0.0
0.0
0.0
0.0
0.0
0.0
0.0
0.0
0.0
0.0
0.0
0.0
0.0
0.0785793
0.0
0.0
0.0
0.0
0.0
0.0
0.0
0.0
0.0
0.0
0.0
0.0
0.0
0.0
0.0
0.0
0.0
0.0
0.0
0.0
0.0
0.0
0.0
0.0
0.0
0.0
0.0
0.0
0.0
0.0
0.0
0.0
0.0
0.0
0.0
0.0
0.0
0.0
0.0
0.0
0.0
0.0
0.0
0.0
0.0
0.0
0.0
0.0
0.0
0.0
-0.551426
0.0
0.0
0.0
0.0
0.0
0.0
0.0
0.0
0.0
0.0
0.0
-1.74125
0.0
0.0
0.386926
0.0
0.0
0.0
0.0
0.0
0.0
0.0
0.0
0.0
0.0
0.0
0.0
0.0
0.0
0.0
0.0
-0.122599
0.0
0.0
-0.757912
0.0
0.0
0.0
0.0
1.64599
0.0
0.0
0.0
0.0
0.0
0.0
1.34428
0.0
0.0
0.0
0.0
0.0
0.0
0.0
0.0
0.0
0.783385
0.0
0.0
0.0
0.0
0.0
0.0
0.0
0.0
0.0
0.0
0.0
0.0
0.0
0.0
0.0
0.0
0.0
0.0
0.0
0.0
0.0
0.0
0.0
0.0
0.0
0.0
0.0
0.0
0.0
0.0
0.0
0.0
0.0
0.0
0.0
0.0
0.0
0.0
0.0
0.0
0.0
0.0
0.0
0.0
0.0
0.0
0.0
0.0
-0.988775
0.0
0.0
0.0
0.0
0.0
0.0
0.0
0.0
0.0
0.0
0.0
0.0
0.0
0.0
0.0
0.0
0.0
0.0
0.0
0.0
0.0
0.0
0.0
0.0
0.0
0.0
0.0
0.0
0.0
0.0
1.39244
0.0
0.0
0.0
0.0
0.0
0.0
0.0
0.0
0.0
0.0
0.0
0.0
0.0
0.0
0.0
0.0
-0.944394
0.0
0.0
0.0
0.0
0.0
0.0
0.0
0.0
0.0
0.0
0.0
0.0
-0.914739
0.0
0.0
0.0
0.0
0.0
0.0
0.0
0.0
0.0
0.00952134
0.0
-0.961638
0.0
0.0
0.0
0.0
0.0
0.0
0.0
0.0
0.0
0.0
0.0
0.0
0.0
0.0
0.0
0.0
0.0
0.0
0.0
0.0
0.0
0.0
0.0
0.0
0.0
0.0
0.0
0.0
0.0
0.0
0.0
-0.283672
0.0
0.0
0.0
0.0
0.0
0.0
0.0
0.0
0.0
0.0
0.0
0.0
0.0
0.0
0.0
0.916491
0.0
0.0
0.0
0.0
0.0
1.82148
1.98418
0.0
0.0
0.0
0.0
0.0
0.0
0.698825
0.0
0.0
0.0
0.0
0.0
0.0
0.0
0.0
0.0
0.0
0.0
-1.49583
0.0
0.0
0.0
0.0
-0.0133367
0.137071
-0.18588
0.0231024
-0.0790056
0.752187
0.500037
-0.216749
-0.277392
-0.0118218
-0.0572505
-0.0487993
0.153657
0.00725025
-0.204936
0.0308674
-0.312921
0.270459
-0.0555856
-0.257583
0.0674729
-0.0491385
-0.09503
-0.157075
0.0344525
-0.0865656
0.202066
0.0710817
-0.991184
-0.0619511
0.0479292
-0.0086863
0.0451492
-0.0927323
-0.0279049
0.142665
0.0
0.0
0.0
0.0
0.0
0.0
0.0
0.0
0.0
0.0
0.0
0.0
0.0
0.0
0.0
0.0
0.0
0.0
0.0
0.0
0.0
0.0
0.0
0.0
0.0
0.0
0.0
0.0
0.0
0.0
0.0
0.0
0.0
0.0
0.617889
0.0
0.0
0.0
0.0
0.0
0.0
0.0
0.0
0.0
0.0
0.0
0.256852
0.0
0.0
0.0
0.0
0.0
0.0
0.0
0.0
0.0
0.0
0.0
0.0
-0.144663
0.0
0.0
0.0
0.405495
0.0
0.0
0.0
0.0
0.0
0.0
0.0
0.0
0.0
0.0
0.0
0.0
0.0
0.0
0.0
0.0
0.0
0.0
-0.0683593
0.0
0.472001
0.0
0.0
0.0
0.0
0.0
1.07158
0.0
0.0
0.0
0.0
0.0
0.0
0.0
0.0
0.0
0.0
0.0
0.0
0.0
0.0
0.0
0.0
0.0
0.0
0.0
0.0
0.0
0.0
0.0
0.0
0.0
0.0
0.0
0.0
0.0
0.0
0.0
0.0
0.0
0.0
0.0
0.0
0.0
0.0
0.0
0.0
0.0
0.0
0.0
0.0
0.0
-0.062252
0.0
0.0
0.327193
0.0
0.0
0.0
0.0
0.0
0.0
0.0
0.0
0.0
0.0
0.0
0.0
0.0
0.0
0.0
0.0
0.0
0.0
0.0
-1.97692
0.0
0.0
0.0
0.0
0.0
0.0
0.0
0.0
-0.23254
0.0
0.0
0.0
0.0
0.0
0.0
0.0
0.0
0.0
0.0
0.0
0.0
0.0
0.0
0.0
0.0
0.0
0.0
0.0
0.0
0.0
0.0
0.0
0.0
0.0
0.0
0.0
0.0
0.0
0.0
0.0
0.0
0.0
0.0
0.0
0.0
0.0
0.0
0.0
0.0
0.0
0.0
-1.11335
0.0
0.0
0.0
0.0
0.0
-2.33108
0.0
0.0
0.0
0.0
-1.70453
0.0
0.0
0.0
0.0
0.0
0.0
0.0
0.0
0.0
0.0
0.0
0.0
1.48368
0.0
0.0
0.0
0.0
0.0
0.0
0.0
0.0
0.0
-0.302197
0.0
0.0
0.0
0.0
0.0
0.0
0.0
0.0
0.0
0.0
0.0
0.0
0.0
-0.0122985
0.0
0.0
0.0
0.0
0.0
0.0
0.0
0.0
0.0
0.0
0.0
0.0
0.0
0.0
0.0
0.0
0.0
0.0
0.0
0.484077
0.0
0.0
0.0
0.0
0.0
0.0
0.0
0.0
0.0
0.0
0.0
0.0
0.0
0.0
0.0
0.0
0.0
1.98667
0.0
0.0
0.0
-0.377783
-0.771806
0.0
0.0
0.0
0.521447
0.0
0.0
0.0
0.0
0.0
0.0
0.0
0.0
0.0
0.0
0.0
1.43866
0.0
-0.214397
0.0
0.0
0.0
0.0
0.0
0.0
0.0
0.0
0.0
0.0
0.0
0.0
0.0
0.0
0.0
0.0
0.0
0.0
0.0
0.0
0.0
-0.235244
0.0
0.0
0.0
0.0
-1.16615
1.27292
0.0
0.0
0.0
0.0
0.0
0.0
0.0
0.0
0.0
0.0
0.0
0.0
0.0
0.0
0.0
0.0
0.0
0.0
0.0
0.0
0.0
0.0
0.0
0.0
0.0
0.0
0.0
0.0
1.43102
0.0
0.0
0.0
0.0
-0.800165
0.0
0.0
0.0
0.0
0.0
0.0
0.0
0.0
0.0
0.0
0.0
0.0
-1.36016
0.0
0.0
0.0
0.0
0.0
0.0
0.0
0.0
-0.621179
0.0
0.0
0.0
0.0
0.0
0.988967
0.0
0.0
0.0
0.0
0.0
0.0
0.0
0.0
0.0
0.0
0.0
0.0
0.0
0.0
0.0
0.0
0.0
0.0
0.0
0.0
0.0
-0.47923
0.0
0.0
0.0
0.0
0.0
0.0
0.0
0.0
0.0
0.0
0.0
0.0
0.0
0.0
0.0
0.306641
0.0
0.0
0.0
0.0
0.0
0.0
0.0
0.0
0.0
0.0
0.0
0.0
0.0
0.0
0.0
0.0
0.0
0.0
0.0
0.0
0.0
-0.631199
0.0
0.0
0.0
0.0
0.0
0.0
0.0
0.0
0.0
0.0
0.0
0.0
0.0
0.0
0.0
0.0
0.0
0.0
0.0
0.0
0.0
0.0
0.0
0.0
0.0
0.916566
0.0
0.0
0.0
0.0
0.0
0.0
0.0
0.0
0.0
0.0
0.0
-0.920308
0.0
0.0
0.0
0.0
0.0
0.0
0.0
0.0
0.0
0.0
0.0
0.0
0.0
0.0
0.0
0.0
0.0
0.0
0.0
0.0
0.0
0.0
-0.312676
0.0
0.0
0.0
0.0
0.0
0.0
0.0
1.36678
-0.0543456
0.790065
0.327681
0.00579247
0.116818
-1.02771
-0.563469
0.0943294
0.0116807
-0.137205
0.0229136
0.256223
0.0237514
0.537025
-0.650224
-0.115852
-0.0903778
-0.696369
0.0587336
0.513956
-0.218774
-0.0807484
-0.197162
-0.0450509
-0.453741
-0.122517
0.601196
-0.708096
-0.348785
0.258351
1.89055
0.00115285
0.00377687
0.33491
0.0139419
0.186544
0.0
0.0
0.0
0.0
0.0
0.0
0.0
0.0
0.0
-2.31349
0.0
0.0
0.0
0.0
0.0
0.0
0.961419
0.0
0.0
0.0
0.0
0.0
0.0
0.0
0.0
0.0
0.0
0.0
0.0
0.0
0.0
0.0
0.0
0.0
0.0
0.0
0.0
0.0
0.0
0.0
2.32989
0.0
0.384319
0.0
0.0
0.0
0.0
0.0
0.0
0.0
0.0
0.0
0.0
0.0
0.0
0.0
0.0
0.0
0.0
0.0
0.0
0.0
0.0
0.0
0.0
0.0
0.0
0.0
0.0
0.0
0.0
0.0
0.0
0.0
0.0
0.0
0.0
0.0
0.0
0.0
0.0
0.0
0.0
0.0
0.0
0.0
0.0
0.0
0.0
0.0
0.0
0.0
0.0
0.0
0.0
0.0
0.0
0.0
0.0
0.0
0.0
0.0
0.0
0.0
0.0
0.0
0.0
0.0
0.0
0.0
0.0
-1.42104
-1.27095
0.0
0.0
-1.03476
0.0
0.0
0.0
0.0
0.0
0.0
0.0
0.0
-0.673811
0.0
0.0
0.0
0.200907
0.0
0.0
0.0
0.0
0.0
0.0
0.0
0.0
0.0
-1.13778
0.0
0.0
0.0
0.0
0.0
0.0
0.0
0.0
0.0
0.0
0.0
0.0
0.0
0.0
0.0
0.0
0.0
0.0
0.0
0.0
0.0
0.0
0.0
0.0
0.0
0.0
0.0
0.0
0.932217
0.0
0.0
0.0
0.0
0.0
0.0
0.0
0.0
0.0
0.0
0.0
0.0
0.0
0.0
0.0
0.0
0.0
0.0
0.0
0.0
0.0
0.0
0.0
0.0
-0.566117
0.0
0.0
0.0
-1.89437
0.0
0.0
0.0
0.0941504
-0.175066
0.0
0.0
0.0
0.0
0.0
0.0
0.0
0.0
0.0
0.0
0.0
0.0
0.0
0.0
0.0
0.0
0.0
1.32254
0.0
0.0
0.0
0.0
0.0
0.0
0.0
0.0
0.0
0.0
-0.873347
0.0
0.0
0.0
0.0
0.0
0.0
0.0
0.0
0.0
0.0
0.0
-2.32647
0.0
0.0
0.0
0.0
0.0
0.0
-0.705088
0.0
0.0
0.0
0.0
0.0
0.0
0.0
0.0
0.0
0.0
0.0
0.0
0.0
0.0
0.0
0.0
0.0
0.0
0.0
0.0
0.0
0.0
0.0
0.0
0.0
0.0
0.0
0.0
0.0
0.0
0.0
0.0
0.0
0.0
0.0
0.0
1.22081
0.0
0.0
0.0
0.0
0.0
0.0
0.0
0.0
0.0
0.0
0.0
0.0
0.0
0.0
0.0
0.0
0.0
0.0
0.0
-0.193685
0.0
0.953143
0.0
0.0
0.0
0.0
0.0
0.0
0.0
0.0
0.0
0.0
0.0
0.0
0.0
0.0
-0.665101
0.0
0.0
0.0
0.0
0.0
0.0
0.0
0.0
0.0
-0.568856
0.0
0.0
0.0
-0.67112
0.0
0.0
0.0
0.0
0.0
0.0
0.0
0.0
0.0
0.0
0.0
0.0
0.0
0.0
0.0
0.0
0.0
0.0
0.0
0.0
0.0
0.0
0.0
0.0
0.0
0.0
0.0
0.0
0.0
0.0
0.0
0.0
0.0
0.0
0.0
0.0
0.0144276
0.0
0.0
0.0
0.0
0.0
0.0
0.0
0.0
0.0
0.0
0.0
0.0
0.0
0.0
0.0
0.0
0.0
-0.511171
1.19419
0.0
0.0
0.0
0.0
0.0
0.0
0.0
0.0
0.0
0.0
0.0
0.0
0.0
0.0
0.0
0.0
0.0
0.0
0.0
0.0
0.0
0.0
0.0
0.0
0.0
0.0
0.0
-1.98041
0.0
0.0
0.0
0.0
0.0
0.0
0.0
0.0
0.0
0.0
0.0
0.0
0.0
0.0
0.0
0.0
0.0
0.0
0.0
0.42777
0.0
0.0
0.0
0.397118
0.0
0.0
0.0
0.0
0.0
0.0
0.0
0.0
0.0
0.0
0.0
0.0
0.0
0.0
0.0
0.0
0.0
0.0
0.0
0.0
0.0
0.0
-0.0205106
0.0874134
0.092917
-0.171518
-0.121488
2.71373
1.17532
-0.0646161
-0.631424
-0.388068
0.0857419
-0.34375
0.37431
-0.0507645
-0.145352
-0.099706
0.101543
0.597688
-0.0245787
-0.357503
0.912188
-0.00537868
-0.346108
-0.116797
0.117122
0.432423
0.345557
1.63645
0.0425145
-0.0568402
0.067942
0.0101324
-0.0373948
-0.564762
0.11903
-0.283678
0.0
-0.637019
0.0
0.0
0.0
0.0
0.0
0.0
0.0
0.0
0.0
0.0
0.0
0.0
0.0
0.0
0.0
0.0
0.0
0.0
0.0
0.0
0.0
0.0
0.0
0.0
0.0
0.0
-0.202193
0.0
-0.839091
0.0
0.0
0.0
0.0
0.0
0.0
0.0
0.0
0.0
0.0
0.0
0.0
0.0
0.0
0.0
0.0
0.0
-1.68677
0.0
0.0
0.0
0.0
0.0
0.0
0.0
0.0
0.0
0.0
0.0
0.0
0.0
0.0
0.0
0.0
0.0
0.0
-0.893596
0.0
0.0
0.0
0.0
0.0
0.0
0.0
0.0
0.0
0.0
0.0
0.0
0.0
0.0
0.0
0.0
0.0
-1.17803
-0.125767
0.0
0.0
0.0
0.0
0.0
0.0
0.0
0.0
0.0
0.0
-1.01927
0.0
0.327495
0.0
0.0
0.0
0.0
0.0
0.0
0.402917
0.0
0.0
0.0
0.0
0.0
0.0
-0.34005
0.0
0.0
-1.4531
0.0
0.0
0.0
0.0
0.0
0.0
0.0
0.0
0.0
-0.413004
0.0
0.0
0.0
0.0
0.0
0.0
0.0
0.0
0.0
0.0
0.0
0.0
0.0
0.0
0.0
0.0
0.0
0.0
0.0
0.0
0.0
0.0
0.0
0.0
0.0
0.0
0.0
-0.988361
0.0
0.0
0.0
0.0
0.0
0.0
0.0
0.0
0.0
0.0
0.0
0.0
0.418598
0.0
0.0
0.0
0.0
0.0
0.921859
0.0
0.0
0.0
0.0
0.0
0.0
0.0
0.0
0.0
0.0
0.0
0.0
0.0
0.0
0.0
0.0
0.0
0.0
0.0
0.0
0.0
0.0
0.0
0.0
0.0
0.0
0.0
-0.432774
0.0
0.0
0.0
0.0
0.0
0.0
0.0
0.0
0.0
-0.296025
0.0
0.0
0.0
0.0
0.0
0.0
0.0
0.0
0.0
0.0
0.0
0.0
0.0
0.0
0.0
-0.743586
0.0
0.0
0.0
0.0
0.0
0.0
0.0
0.875073
0.0
1.19453
0.0
0.0
0.0
0.0
0.0
0.0
0.0
0.348704
0.0
0.0
0.0
0.0
0.0
0.0
0.0
0.0
-0.0366676
0.0
0.0
0.0
0.0
0.0
0.0
0.0
0.0
0.0
0.0
0.0
0.0
0.0
0.0
0.0
0.0
0.0
0.0
0.0
0.0
0.0
0.0
0.0
0.0
0.0
0.0
0.0
0.0
0.0
0.964452
1.50008
0.0
0.0
0.0
0.0
0.0
0.0
0.0
0.0
0.0
0.0
0.0
0.235641
0.0
0.0
0.0
0.0
0.0
0.0
0.0
0.0
0.0
0.0
0.0
0.0
0.0
0.0
0.0
0.0
0.0
0.0
0.0
0.0
0.0
0.0
0.0
0.0
0.0
0.0
0.0
0.0
0.0
0.0
0.0
0.0
-0.38788
0.0
-0.948733
0.0
1.22644
0.0
0.0
0.0
0.0
0.0
0.0
0.0
0.0
0.0
0.0
0.0
0.0
0.0
0.0
0.0
0.0
0.0
0.0
0.0
0.0
0.0
0.0
0.0
0.0
0.0
0.0
0.0
0.0
0.0
0.0
0.0
-0.865253
0.0
0.0
0.0
0.0
0.0
0.0
-0.235986
0.0
0.0
0.0
0.0
0.0
-0.0889073
0.0
-0.647533
0.0
0.0
0.0
0.0
0.0
0.0
0.0
0.0
0.0
0.0
0.0
0.0
0.0
0.0
0.34281
0.0
0.0
0.0
0.0
0.0
0.0
0.0
0.0
0.0
0.0
0.0
0.0
0.0
0.0
0.0
0.0
0.0
0.0
0.0
-1.06718
0.0
0.0
0.0
0.0
0.0
0.0
0.0
0.0
0.0
0.0
0.0
0.0
0.0
0.0
0.0
0.0
0.0
0.0
0.0
0.0
0.0
0.0
0.0
0.0
0.0
0.0
0.0
0.0
0.545248
0.0
0.0
0.0
0.0
0.0
0.0
0.0
0.0
-2.18664
0.0
0.0
0.0
0.0
0.0
0.0
0.0
0.0
0.0
0.0
0.0
0.0
0.0
0.0
0.0
0.0
0.0
0.0
0.0
0.0
0.0
0.0
0.0
0.0
0.292537
1.853
0.0
0.0
0.0
0.0
0.0
0.0
0.0
0.0
0.0
0.0
0.0
0.0
0.0
0.0
0.0
0.0
0.0
0.832993
0.0
0.0
0.0
0.0
0.0
0.0
0.0
0.0
0.0
0.0
0.0
0.0
0.0
0.0
0.0
0.0
0.0
0.0
0.0
0.0
0.0
0.0
0.0
0.0
0.0
0.0
0.0
0.0
0.0
0.0
0.0
0.0
0.0
0.0
0.0
0.0
0.0
0.0
0.0
0.0
0.0
-0.00310058
0.413261
0.142506
-0.0516572
0.0682561
-1.32965
-0.401796
0.181463
-0.030871
-0.0691169
0.100654
-0.110025
0.0854102
-0.0212945
-0.452947
-0.131762
-0.0398155
-0.605471
0.21842
0.309477
-0.179716
0.00997017
-0.191638
0.222221
-0.081858
0.180116
0.451215
-0.346833
-0.164273
0.221288
-0.0246364
0.00124372
-0.0342614
0.0941802
0.0673988
0.00606754
0.474735
0.982683
0.0
0.0
0.0
0.0
0.0
0.0
1.77803
-0.0322313
0.0
0.0
0.0
1.10214
0.0
0.0
0.0
0.0
0.0
0.0
0.0
0.0
0.0
0.0
0.0
0.0
0.0
0.0
0.0
0.0
0.0
0.0
0.0
0.0
0.0
0.0
-1.33422
-0.315499
0.0
0.0
0.0
0.0
0.0
0.0
0.0
0.0
0.0
0.0
0.0
0.0
0.0
0.0
0.0
0.0
0.0
0.0
0.0
0.0
0.0
0.0
0.0
0.0
0.0
0.0
0.0
-0.0498793
0.0
0.0
0.0
0.0
0.0
0.0
0.0
0.0
0.0
0.0
0.0
0.0
0.0
0.0
0.0
0.0
0.0
0.0
0.0
0.0
0.0
0.0
0.0
0.0
0.0
0.0
0.0
0.0
-0.138064
0.0
0.0
0.0
0.0
0.0
0.0
0.0
0.0
0.0
0.0
0.0
0.0
0.0
0.0
0.0
0.0
0.0
0.0
0.0
0.0
0.0
0.0
0.0
0.0
0.0
0.0
0.0
0.0
0.0
0.0
0.0
0.0
0.0
1.46498
0.0
0.0
0.0
0.0
0.0
0.0
0.0
0.0
0.0
0.0
0.0
0.0
0.0
0.0
0.0
0.0
0.0
0.0
0.0
0.0
0.0
0.0
0.0
0.0
0.0
0.0
0.0
0.0
0.0
0.0
0.0
0.0
-1.79985
0.0
0.0
0.0
0.0
0.0
0.0
-0.00047307
0.0
0.0
0.0
0.0
0.0
0.0
0.0
0.0
0.0
0.0
0.0
0.0
0.0
0.0
0.0
0.0
0.0
-0.01553
0.0
0.0
0.0
0.0
0.0
0.0
0.0
0.0
0.0
0.0
0.0
0.0
0.0
0.0
0.0
0.0
0.0
0.0
1.27648
0.0
0.0
0.0
0.0
0.0
0.0
0.0
-2.03483
0.0
0.0
0.0
0.0
0.0
0.0
0.0
0.0
0.0
0.0
-1.15159
0.0
0.0
0.0
0.0
0.0
0.0
0.0
0.0
0.0
0.0
0.0
0.0
0.0
0.0
0.0
0.0
0.0
0.0
0.0
0.0
0.0
0.0
0.0
0.0
0.0
0.0
0.0
0.0
0.0
0.0
0.0
0.0
0.0
0.0
0.170284
0.0
0.0
0.0
0.0
0.0
0.0
0.0
0.0
0.0
0.0
0.0
0.0
0.0
0.0
0.0
0.0
0.0
0.0
0.0
0.0
0.0
0.0
0.0
0.0
0.0
0.164335
0.0
0.0
0.0
0.0
0.0
0.0
-0.770927
0.0
0.0
0.0
0.0
0.0
0.0
0.0
-1.63487
0.0
0.0
0.0
0.0
0.0
0.0
0.0
0.0
0.0
0.0
-0.723903
0.0
0.0
0.0
0.0
0.0
0.0
0.0
0.0
0.0
0.0
0.0
0.0
0.0
0.0
0.0
0.0
0.0
0.0
0.0
0.0
0.0
0.0
-0.133411
0.0
0.0
0.0
0.0
0.0
0.0
0.0
0.0
0.0
0.0
0.0
0.0
0.0
1.62504
0.0
0.0
0.0
0.0
0.0
0.0
0.0
0.0
2.01689
0.0
0.0
0.0
0.0
0.0
0.0
1.06009
0.0
0.0
0.0
0.0
0.0
0.0
0.0
0.0
0.0
0.0
0.0
0.0
0.0
0.987098
0.0
0.0
0.0
0.0
0.0
0.0
0.0
0.0
0.0
0.0
0.0
0.0
0.0
1.47339
0.0
0.0
0.0
0.0
0.0
0.0
0.0
0.0
0.0
0.0
0.0
0.0
0.0
0.0
1.76054
0.0
-0.308474
0.0
0.0
0.0
0.0
0.0
0.0
0.0
0.0
0.0
0.0
0.0
0.0
0.0
0.0
0.0
0.0
0.0
0.0
0.0
0.0
0.0
0.0
0.0
0.0
0.0
0.0
0.0
0.0
-0.237019
0.0
0.0
0.0
0.0
0.0
0.0
0.0
0.0
0.0
0.0
0.0
0.0
0.0
0.0
0.0
0.0
0.0
0.0
0.0
0.0
0.0
0.0
0.0
0.0
0.0
0.0
0.0
0.0
0.0
-0.0326274
-0.112438
-0.00573056
-0.0851389
-0.201459
0.871442
0.308119
-0.197611
1.41836
-0.170191
-0.000203503
-0.213745
0.278774
-0.00518131
-0.377514
-0.0764015
0.093126
0.278527
0.0462254
-0.441721
-0.797257
-0.00550693
-0.266627
0.158491
0.21045
0.278321
0.110468
0.394406
0.129133
-0.140891
0.0846094
0.00634581
-0.00645124
-0.0838251
0.210026
-0.0072832
0.0
0.0
0.0
0.0
0.0
0.0
0.0
0.0
0.0
0.0
0.0
0.0
0.0
0.201098
0.0
1.12317
0.0
0.0
0.0
0.0
0.0
0.0
0.0
0.0
0.0
0.182785
0.0
0.0
0.0
0.0
0.0
0.0
0.0
0.202017
0.0
0.0
0.0
0.0
0.0
0.0
0.0
0.0
0.0
0.0
0.0
0.0
0.0
0.0
0.0
0.0
0.0
0.0
0.0
0.0
0.0
0.859708
0.0
0.0
0.71193
0.0
0.0
0.0
0.0
0.0
0.0
0.0
0.0
-1.50904
0.0
0.0
0.0
0.0
0.0
0.0
0.0
0.0
0.0
0.0
0.0
0.0
0.0
0.0
0.0
0.0
0.0
0.0
0.0
0.137819
0.0
0.0
0.0
0.0
0.0
0.0
0.0
0.0
0.0
0.0
0.0
0.0
0.0
0.0
0.0
0.0
0.0
0.0
0.0
0.0
0.0
0.0
0.0
0.0
0.0
0.0
0.0
0.0
0.0
0.0
0.0
-0.647513
0.0
0.0
0.0
0.0
0.0
0.0
0.0
0.0
0.0
0.0
0.0
0.0
0.0
0.0
0.0
0.0
0.0
0.0
0.0
0.0
0.0
0.0
1.6556
0.0
0.0
0.0
0.0
0.0
0.0
0.0
0.0
0.0
0.0
0.0
0.0
0.0
0.0
0.0
0.0
0.0
0.0
0.0
0.0
0.0
0.0
0.378745
0.0
0.0
0.0
0.0
0.0
0.0
0.0
0.0
0.0
0.784649
0.0
0.0
0.0
0.0
0.0
0.0
0.0
0.0
0.0
0.0
0.0
0.0
0.0
0.0
0.0
0.0
0.0
0.0
0.0
0.0
0.0
0.0
0.0
0.0
0.0
0.0
0.0
0.0
0.0
0.0
0.0
0.0
0.0
0.0
0.0
0.0
0.0
0.0
0.0
0.0
0.0
0.0
0.0
0.0
0.0
0.0
0.0
0.0
0.0
0.0
0.0
0.0
0.0
0.0
0.0
0.0
0.0
0.0
0.0
0.0
0.0
0.0
0.0
0.0
0.0
0.0
0.0
0.0
0.0
0.0
0.0
0.0
0.0
0.0
0.0
0.0
0.0
0.0
0.0
0.0
0.0
0.0
0.0
0.0
0.0
0.0
-1.34321
0.0
0.0
0.0
0.0
0.0
0.0
0.0
0.0
0.0
0.0
0.0
0.0
0.0
0.0
0.0
0.0
0.0
0.0
0.0
0.0
0.0
0.0
0.0
0.0
0.0
0.0
0.0
0.0
0.0
0.0
0.0
0.0
0.0
0.0
0.0
0.0
0.0
0.0
0.0
0.0
0.0
0.0
0.0
0.0
0.0
0.0
0.0
0.0
0.0
0.0
0.0
0.0
0.0
0.0
0.0
0.0
0.0
0.0
0.0
0.0
0.36898
0.0
0.0
0.0
0.0
0.0
0.0
0.0
0.0
0.0
0.0
0.0
0.0
0.0
0.0
0.0
0.0
0.0
0.0
0.0
0.0
0.0
0.0
0.0
0.0
0.0
0.0
0.0
0.0
0.0
0.0
0.0
0.0
0.0
0.0
0.0
0.0
0.0
0.0
0.0
0.0
0.0
0.0
0.0
0.0
0.0
0.0
0.0
0.0
0.0
0.0
0.0
0.0
-0.307758
0.0
0.0
0.0
0.0
-0.86942
0.0
0.0
0.0
0.0
0.0
0.0
0.0
-0.19138
0.0
-1.82953
0.0
0.0
0.0
0.0
0.0
0.0
0.0
0.0
0.0
0.0
0.0
0.0
0.0
0.0
0.0
0.0
0.0
0.0
0.0
0.0
0.0
0.0
0.0
0.0
0.0
-1.08018
0.0
0.0
0.0
0.0
0.0
-0.937345
0.0
0.0
0.0
0.0
0.0
0.0
0.0
0.0
0.0
0.0
-0.208932
0.0
0.0
0.0
0.0
0.0
0.0
0.0
0.0
0.0
0.0
0.0
0.0
0.0
0.0
0.0
0.0
0.0
0.0
0.0
0.0
0.0
0.0
-1.03419
0.0
0.0
0.0
0.0
0.0
0.0
0.0
0.0
0.0
0.0
0.0
0.0
0.0
0.0
0.0
0.0
0.0
1.10788
0.0
0.0
0.0
0.0
0.0
0.0
0.0
0.0
0.0
0.0
0.0
0.0
0.0
-0.675591
0.0
0.0
0.0
0.0
0.0949303
0.0
0.0
0.0
0.0
0.0
0.0
0.0
-0.567568
0.0
0.0
0.0
0.0
0.0
0.0
0.0
0.0
0.0
0.0
0.0
0.0
0.0
0.0
0.0
0.0
0.0
0.0
0.0
0.0
0.0
0.0
0.0
1.42791
0.0
0.0
0.0
0.0
0.0
0.0
0.0
0.0
0.0
0.0
0.0
0.0
0.0
0.0
0.0
0.0
0.0
-0.349367
0.0
0.0
0.0
0.0
0.0
0.0
0.0
0.0
0.0
0.0
0.0
0.0
-0.387715
0.0
0.0
0.0
0.0
1.02109
0.0
0.0
0.0
0.0
0.0
0.0
0.0
0.0
0.0
0.0
0.0
0.0
0.0
0.0163822
0.186222
0.0877972
-0.00143536
-0.305187
-1.4
-0.838646
0.123954
0.220543
-0.00574372
0.0841123
-0.0818256
-0.195686
-0.0364688
0.0710407
0.023356
0.152338
-0.74466
-0.0385632
0.348965
-0.243803
0.0169059
-0.0733762
0.235799
0.0243729
0.125243
0.406915
-0.16085
0.355579
-0.785743
0.0734518
0.0205873
-0.110605
0.167717
0.0403963
0.197482
0.0
0.0
0.0
0.0
0.0
0.0
0.0
0.0
0.0
0.0
0.0
-0.0233058
0.0
0.0
0.0
0.0
0.0
0.0
0.0
0.0
0.0
0.0
0.0
0.0
0.0
0.0
0.0
0.0
0.0
0.0
0.0
0.0
0.0
0.0
-0.100671
0.0
0.0
0.0
0.0
0.0
0.0
0.0
0.0
0.0
0.0
0.0
0.0
0.0
0.0
0.0
0.0
0.0
0.0
0.0
0.0
0.0
0.0
-0.189313
0.0
0.0
0.0
0.0
0.0
0.0
0.0
0.0
0.0
0.0
0.0
0.0
0.0
0.0
0.0
0.0
0.0
0.0
0.0
0.0
0.0
0.0
0.0
0.0
0.0
0.0
0.0
0.0
0.0
0.0
0.0
-0.602455
0.0
0.0
0.0
0.0
-0.396353
0.0
0.0
0.0
0.0
0.0
0.0
0.0
0.0
0.0
0.0
0.0
0.0
0.580963
0.0
0.0
0.0
0.0
0.0
0.0
0.0
0.0
0.0
0.0
0.0
0.0
0.0
0.0
0.203332
0.0
0.0
0.0
0.0
0.0
0.0
0.0
0.0
0.0
0.0
0.0
0.0
0.0
0.0
0.0
0.0
0.0
0.0
0.0
0.0
0.0
0.0
0.0266333
0.0
0.0
0.0
0.0
0.0
0.0
0.0
0.0
0.0
0.0
0.0
0.804138
0.0
0.0
0.0
0.0
0.0
0.0
0.0
0.0
0.0
0.0
0.0
-0.907025
0.0
0.0
0.0
0.0
0.0
0.0
0.0
0.0
0.0
0.0
0.0
0.0
0.0
0.0
0.0
0.0
0.0
0.0
0.0
0.0
0.0
0.0
0.0
0.0
0.0
0.0
0.0
0.0
0.0
0.0
0.0
0.0
0.0
0.0
0.0
0.0
0.0
0.0
0.0
0.0
0.0
0.0
0.0
0.0
0.0
0.0
0.678371
0.0
0.0
0.0
0.0
0.0
-0.496164
0.0
0.0
0.0
0.0
0.0
0.0
0.0
0.0
0.0
0.0
0.0
0.0
0.0
0.0
0.0
0.0
0.0
-0.977876
0.0
0.0
0.0
0.0
0.0
0.0
0.0
0.0
0.0
0.0
0.0
0.0
0.0
0.0
0.0
0.0
0.521061
0.0
0.0
0.0
0.0
0.0
0.0
0.0
0.0
0.0
0.0
0.1853
0.0
0.0
0.0
0.0
0.0
0.0
0.0
0.0
0.0
0.0
0.0
0.0
0.0
0.0
0.0
0.0
0.0
0.0
-0.994438
0.182518
0.0
0.0
0.769227
0.0
0.0
0.0
0.0
0.0
0.0
0.0
0.0
0.0
0.0
0.0
0.0
0.0
0.0
0.0
0.0
0.0
0.0
0.0
0.0
0.0
0.0
0.0
0.0
0.0
0.0
0.0
0.0
0.0
0.0
0.0
0.0
0.0
0.0
0.0
0.0
0.0
0.0
-1.58078
0.163831
0.0
0.0
-0.907371
-0.369027
0.0
0.0
0.0
0.0
0.0
-1.82813
0.0
0.0
0.0
0.0
0.0
0.0
0.0
0.0530927
-0.911715
0.0
0.0
0.0
0.0
0.0
0.0
0.0
0.0
0.0
0.0
0.0
0.0
0.0
0.0
0.0
0.0
0.0
0.0
0.0
0.0
0.0
0.0
0.0
0.0
0.0
0.0
0.0
0.0
0.0
0.0
0.0
0.0
0.0
0.0
0.0
0.0
0.0
0.0
-0.811485
0.0
0.0
0.0
0.0
0.0
0.0
0.045692
-0.113947
0.0024561
0.0715773
0.308476
0.541519
0.278974
0.0343801
-0.344889
0.109049
-0.0742087
-0.169856
0.257377
0.10149
-0.419468
0.0381855
-0.00473257
0.202852
-0.110571
-0.446271
0.0368303
-0.0185544
-0.330149
0.231623
0.144482
0.150124
0.0913416
0.209071
0.382397
-0.195811
-0.0392631
0.00766848
0.0763491
0.0826041
0.0170957
0.0712499
0.0
0.0
0.0
0.0
0.0
0.0
0.0
-0.267196
0.0
0.0
0.0
0.0
-0.513944
0.0
0.0
0.0
0.0
0.0
0.0
0.0
0.0
0.0
0.0
0.0
0.0
0.0
0.0
0.0
0.0
0.0
0.0
0.0
0.0
-0.0677763
0.0
0.0
0.0
0.0
0.0
0.0
0.0
0.0
0.0
0.0
0.0
0.0
0.0
0.0
0.0
0.0
0.0
0.0
0.0
0.0
0.0
0.0
0.0
0.0
0.0
0.0
0.928715
0.0
0.0
0.0
0.0
0.0
0.0
0.0
0.0
0.0
0.0
0.0
0.0
0.0
0.0
0.0
0.0
0.0
0.0
0.0
0.0
0.0
0.0
0.0
0.0
0.0
0.0
0.0
0.0
0.0
0.0
0.0
0.0
0.0
0.0
0.0
-1.58664
0.0
0.0
0.0
0.0
0.0
0.0
0.0
0.0
0.0
0.0
0.0
0.0
0.0
0.0
0.0
0.0
0.0
0.0
0.0
0.0
0.0
-1.58241
0.0
0.0
0.0
0.0
0.0
0.0
0.0
0.0
0.0
0.0
0.0
0.0
0.0
0.0
0.0
0.0
0.0
0.0
0.0
0.0
0.0
0.0
0.0
0.0
0.0
0.0
0.0
0.0
0.0
0.0
0.0
0.0
0.0
0.0
0.0
0.0
0.0
0.0
0.0
0.0
0.0
0.0
0.0
0.0
0.0
0.0
0.0
0.0
0.0
0.0
0.0
0.0
0.0
0.0
0.0
0.378363
0.0
0.915355
0.0
0.0
0.0
0.0
0.0
0.0
0.0
0.0
0.0
0.0
0.0
0.0
0.0
0.0
0.935549
0.0
0.0
0.0
0.0
0.0
0.0
0.0
0.0
0.0
0.0
0.0
0.0
0.0
0.0
0.0
0.0
0.0
0.804543
0.214853
0.0
0.0
0.0
0.0
0.0
0.0
0.0
0.0
0.0
0.0
0.0
0.0
0.0
0.0
0.0
0.0
0.0
0.0
0.0
0.0
0.0
0.0
0.0
0.0
0.0
0.0
0.0
0.0
0.0
0.0
0.0
0.0
0.0
0.0
-0.19944
1.03031
0.0
0.0
0.0
0.0
0.0
0.0
0.0
0.0
0.0
-0.220901
0.0
0.0
0.0
0.0
0.0
0.0
0.0
0.0
0.0
0.0
0.0
0.0
-0.877436
0.0
0.0
0.0
0.0
0.0
0.0
-0.41021
0.0
1.0676
0.0
0.0
0.0
0.0
0.0
0.0
0.0
0.0
0.0
0.0
0.0
0.0
0.0
0.0
0.0
0.0
0.0
0.0
0.0
0.0
0.0
0.0
0.0
0.0
0.0
0.0
0.0
0.0
0.0
0.0
0.0
0.0
0.0
0.0
0.0
0.0
0.0
0.0
0.0
0.0
0.0
0.0
0.0
0.0
0.0
0.0
0.0
0.0
0.0
0.0
0.0
0.0
0.997965
0.0
0.0
0.0
0.0
0.0
0.0
0.0
0.0
0.0
0.0
0.0
0.0
0.0
0.0
0.0
0.0
0.0
0.0
0.0
0.0
0.0
0.0
0.0
0.0
0.0
0.0
0.0
0.0
0.0
0.0
0.0
0.0
0.0
0.0
0.0
0.0
0.0
0.0
0.0
0.0
0.0
0.0
0.0
0.0
0.0
0.0
0.602944
0.0
0.0
0.0
0.0
0.0
0.0
0.0
0.0
0.0
0.0
-0.33195
0.0
0.0
0.0
0.0
0.0
0.0
0.0
0.0
0.0
0.0
0.0
0.0
0.0
0.0
-0.947826
0.0
0.0
0.0
0.0
0.0
1.32933
0.0
0.0
0.0
0.0
0.0
0.0
0.0
0.0
0.0
0.0
0.0
0.186582
0.0
0.0
0.0
0.0
0.0
-0.186547
-0.424148
0.0
0.0
0.0
0.0
0.0
-1.30376
0.0
0.0
0.0
0.0
0.0
0.0
0.0
0.0
0.0
0.0
1.58355
0.0
0.0
0.0
0.0
0.0
0.0
0.0
0.0
0.0
0.0
0.0
0.0
0.0
0.0
0.0
0.0
0.0
0.0
0.0
0.0
0.0
0.0
0.0
0.0
0.0
0.0
0.0
0.0
0.0
0.0
0.0
0.0
0.0
0.0
0.0
2.08816
0.0
0.0
0.0
-1.64983
0.0
1.41539
0.0
0.0
0.0
0.0407491
0.0
0.0
0.0
0.0
0.0
0.0
0.0
0.0
0.0
0.0
0.0
0.0
0.0
0.108477
0.0
0.0
0.0
0.0
0.0
0.0
0.0
0.0
0.0
0.0
0.0
0.0
0.112237
0.0
0.0
0.0
0.0
0.0
0.0
0.0
0.0
0.0
0.0
0.0
0.723501
0.0
0.0
0.0
0.0
0.0
0.0
0.0
0.0
0.0
0.0
-1.78266
0.0
1.25224
0.0
0.0
0.0
0.0
0.0
0.0
0.0
0.0
0.889085
0.0
0.0
0.0
0.0
0.0
0.0
0.0
0.0
0.0
0.0
0.0
0.0
0.0
0.0
0.0
0.0
0.0
0.0
0.0
-1.6294
0.0
0.0
0.0
0.0
0.0
0.0
0.0
0.0
0.0
0.0
0.0
0.0
0.0
0.0
0.0
0.0
0.0
0.0
0.0
0.0
0.0
0.0
0.0
0.0
0.0
0.0
0.0
0.0
0.0
0.0
0.0
0.0
0.0
0.0
0.0
0.0
0.0
0.0
0.0
0.0
0.0
-0.441141
0.0
0.0
0.0
0.0
0.0
0.0
0.0
0.0
0.0
0.0
-1.58272
0.0
0.0
0.0
0.0
0.0
0.0
0.0
0.0
0.0
0.0
0.0
0.408356
0.0
0.0
0.0
0.0
0.0
0.0
0.0
0.0
0.0
0.0
0.0
0.0
0.0
0.0
0.0
0.0
0.0
0.0
0.0
0.0
0.0
0.0
0.0
0.131937
0.0
0.0
0.0
-0.831182
0.0
0.0
0.0
0.0
0.0
0.0
0.0
0.0
0.0
0.0
0.0
0.0
0.0
0.0
0.0
0.0
0.0
0.000339322
0.0959558
0.070015
-0.114685
-0.157459
-0.97919
-0.863264
0.0202293
0.280093
0.326099
0.107202
-0.176633
0.200475
-0.255935
-0.219117
0.0183054
-0.0776276
-0.659235
0.172419
0.308863
-0.383784
0.0433868
0.104372
0.263399
-0.158261
0.102901
0.170885
-0.304887
-0.373039
0.117138
0.137474
0.0120989
-0.0761038
0.19471
0.0272815
-0.174279
0.0
0.0
0.0
-0.286474
-0.168072
0.0
0.0
0.0
0.0
0.0
0.0
0.775771
0.0
0.0
0.0
0.0
0.0
0.0
0.0
0.0
0.0
0.0
0.0
0.35007
-0.98508
0.0
-0.286249
0.0
0.0
0.0
0.0
0.0
0.0
0.0
0.0
0.0
0.0
0.0
0.0
0.0
0.0
0.0
0.0
0.0
0.0
0.0
0.0
0.0
0.0
0.0
0.0
-0.485013
0.0
0.0
0.0
0.0
0.0
0.0
1.62265
0.0
0.0
0.0
0.0
0.0
0.0
0.0
0.0
0.0
0.0
0.0
0.0
0.110714
0.0
0.0
0.0
-0.656667
0.0
0.0
0.0
0.0
0.0
0.0
0.0
0.0
0.0
0.0
0.0
0.0
0.0
0.0
0.0
0.0
0.0
0.0
0.0
0.0
0.0
0.0
0.0
0.0
0.0
0.407631
0.0
0.0
0.0
0.0
0.0
0.0
0.0
0.0
0.0
0.0
0.0
0.0
-1.00163
0.0
0.0
0.0
0.0
0.0
0.0
0.0
0.0
0.0
0.0
0.0
0.0
0.0
0.0
0.0
0.0
0.0
0.0
0.0
-0.348439
0.0
0.0
0.0
0.0
0.0
0.0
0.0
0.0
0.0
0.0
-1.63767
-0.187755
0.0
0.0
0.0
0.0
0.0
0.0
0.0
0.0
0.0
0.0
0.0
-1.30299
0.0
0.0
0.0
0.0
0.0
0.0
0.0
0.0
0.0
0.0
0.0
0.0
0.0
0.0
0.0
0.0
0.0
0.0
0.0
0.0
0.0
0.0
0.0
0.0
-0.424138
0.0
0.0
0.0
0.0
0.0
0.0
0.0
0.0
0.0
0.0
0.0
0.0
2.53348
0.0
0.0
0.0
0.0
0.0
0.0
0.0
0.0
0.0
0.0
0.0
0.0
0.0
0.0
0.0
0.0
0.0
0.0
0.33078
-1.13403
0.0
0.0
0.0
0.0
0.100866
0.0
0.0
0.0
0.0
0.0
0.0
0.0
0.0
0.0
0.0
0.0
0.0
0.0
0.0
0.0
0.0
0.0
0.0
0.0
0.0
0.0
0.0
0.894103
0.0
0.0
0.0
0.0
0.0
0.0
0.0
-0.027263
-0.239415
-0.0685926
0.00309265
0.0608869
0.494035
0.144903
-0.210904
-0.075639
0.305358
-0.142564
-0.19862
0.30323
-0.129997
-0.226235
0.0954148
-0.0533386
0.113905
-0.229906
0.0840911
0.162842
-0.0774049
-0.194749
0.0170269
0.21659
-0.228001
0.0890184
0.203927
-0.273446
-0.273557
-0.091462
-0.0989058
0.241939
0.25394
0.0972621
0.180625
0.0
-0.190289
0.0
0.0
0.0
0.0
0.0
0.0
0.0
0.0
0.0
0.0
0.0
0.0
0.0
0.0
0.0
0.0
0.0
0.0
0.0
0.0
0.0
0.0
0.0
0.0
0.0
0.0
0.0
0.0
0.0
0.0
0.0
0.0
0.0
0.0
0.0
0.0
0.0
0.0
0.0
0.0
0.0
0.0
0.0
0.0
0.359845
0.0
0.0
0.0
0.0
0.0
0.0
0.0
0.0
0.0
0.0
0.0
0.0
0.0
0.0
0.0
0.144901
0.0
0.0
0.0
0.0
0.0
0.0
0.0
0.0
0.0
0.0
0.0
0.0
0.0
0.0
0.0
0.0
0.0
0.80953
0.0
0.0
0.0
0.0
0.0
0.0
0.0
0.0
0.0
0.0
0.0
0.0
0.0
0.0
0.0
0.0
0.0
0.0
0.0
0.0
0.0
0.0
0.0
0.0
0.0
0.0
0.0
0.0
0.0
0.0
0.0
0.0
0.0
0.0
1.1888
0.0
0.00575826
0.0
0.0
0.0
0.0
0.0
0.0
0.0
0.0
0.0
0.0
0.0
0.0
0.0
0.0
0.0
0.0
0.0
0.0
0.0
0.0
0.0
0.0
0.0
0.0
0.0
0.0
0.0
0.0
0.0
0.0
0.0
0.0
0.0
0.0
0.0
0.0
0.0
-0.471015
0.0
0.0
0.0
0.0
0.0
0.0
0.0
0.0
0.0
0.0
0.0
0.0
0.0
0.0
0.0
0.0
0.0
0.0
0.0
0.0
0.0
-0.122698
0.0
1.53953
0.0
0.0
0.0
0.0
0.0
0.0
0.0
0.0
0.0
0.0
0.0
0.0
0.0
0.0
0.0
0.0
0.0
-0.742238
0.0
0.0
-0.336355
0.0
0.0
0.0
0.0
0.0
0.0
0.0
0.0
0.0
0.0
0.0
0.0
0.0
0.0
0.0
0.0
0.0
0.0
0.0
0.0
0.0
0.0
0.0
0.322982
0.0
0.0
0.0
0.0
0.0
0.0
0.0
0.0
0.0
0.0
0.0
0.0
0.0
0.0
0.0
0.0
0.0
0.0
0.0
0.0
0.0
0.0
0.0
0.0
0.0
0.0
0.0
0.0
1.7222
0.0
-0.480272
-1.05126
0.0
-0.68505
0.0
0.0
-0.489609
0.0
0.0
0.0
0.0
0.0
0.0
0.0
0.0
0.0
-0.638663
0.0
0.0
0.0
0.0
0.0
0.0
0.0
0.0
-0.514647
0.0
0.0
0.510509
0.0
0.0
0.0
0.0
-0.0162401
-0.161993
-0.0895949
-0.0644028
-0.368591
0.255524
-0.265578
-0.0706262
0.101863
0.185747
0.0127518
0.135835
0.0513008
-0.0268926
-0.224323
-0.98266
0.0679923
-0.207472
-0.147523
-0.0410802
-0.327131
-0.0142122
0.194758
0.166999
-0.0647255
-0.236987
-0.07013
0.101656
-0.0737509
0.05516
0.148463
0.0128128
-0.0502191
0.157034
0.0252623
0.136109
0.0
0.0
0.0
0.0
0.0
0.0
0.0
0.0
-1.14116
0.0
0.0
0.0
0.0
0.848346
0.0
0.0
0.0
0.0
0.0
0.0
0.0
0.0
0.0
0.0
0.0
0.0
0.0
0.0
0.0
0.0
0.0
0.0
0.0
0.0
0.0
0.0
-0.0618073
0.0838803
-0.0370637
0.0480888
0.496523
0.120526
-0.854484
0.162729
-0.101601
0.303722
-0.25359
-0.204653
-0.195509
0.0495305
-0.358388
0.0216689
-0.215531
-0.0604981
0.646566
0.17597
0.0827184
-0.241815
0.0298235
-0.00457884
0.192381
-0.244826
0.24573
0.269495
-0.304726
0.138536
-0.397726
-0.153124
0.229972
-0.139409
-0.0125299
0.591477
0.0
0.0
0.0
0.0
0.0
0.0
0.0
0.0
0.0
0.0
0.0
0.0
0.0
0.0
0.0
0.0
-0.39887
-2.34
0.0
0.0
0.0
0.0
0.0
-1.61645
0.0
0.0
0.0
0.0
0.0
0.0
0.0
0.0
0.0
0.264097
0.0
0.0
-0.0585023
-0.0303099
-0.0693612
0.0153426
0.11339
0.402782
0.115972
-0.0640986
-0.107213
0.186025
-0.143838
-0.247072
0.0693408
-0.00753559
-0.331407
0.0926488
-0.0737455
0.000218752
-0.147434
0.261282
0.196081
-0.266068
0.0847842
0.0237308
0.00767396
-0.299902
0.115211
0.239196
-0.257155
-0.0914142
-0.120487
-0.0926563
0.128637
0.300129
0.00989067
0.154929
0.0
0.0
0.0
0.0
0.0
0.0
0.0
0.0
0.0
0.0
0.0
0.0
0.0
0.0
0.0
0.0
0.0
0.0
0.0
0.0
0.0
0.0
0.0
0.0
0.0
0.0
0.0
0.0
0.0
0.0
0.0
0.0
0.0
0.0
0.0
0.0
0.0
0.0
0.920406
0.0
0.0
0.0
0.0
0.0
0.0
0.0
0.0
0.0
0.0
0.0
0.0
0.696248
0.0
0.0
0.0
0.0
0.0
0.0
0.0
0.0
0.0
0.0
0.0
0.250718
0.0
0.0
0.0
0.0
0.0
0.0
0.0
0.0
0.681831
0.0
0.0
0.0
0.0
0.0
0.0
0.0
0.0
0.0
0.0
-1.60495
0.0
0.0
0.0
0.0
0.0
0.0
0.0
0.0
0.0
0.0
0.0
0.0
0.0
0.0
0.0
0.0
0.0
0.0
0.0
0.0
0.0
0.0
0.0
0.0
0.0
2.16563
0.0
0.0
0.0
0.0
0.0
0.0
0.579197
0.0
0.0
0.0
0.0
0.0
0.0
0.0
0.0
0.0
0.0
0.0
0.0
0.0
0.0
0.0
0.0
0.0
0.0
-0.964923
0.0
0.0
0.0
0.0
0.0
-1.3806
0.0
0.0
0.0
0.0
0.0
0.0
0.0
0.0
0.0
0.0
0.0
0.0
0.0
0.0
0.0
0.0
0.0
0.0
0.0
0.0
0.0
0.0
-0.550271
0.0
0.0
0.0
0.0
0.0
0.0
0.0
0.0
0.0
0.0
0.0
0.0
0.0
0.0
0.0
-0.0215487
-0.402848
0.380221
-0.119585
0.108506
0.916987
0.436767
0.30132
1.26165
0.720404
-0.0231131
-0.173668
0.314659
-0.181925
-1.50692
0.13833
-0.14827
-0.0571387
0.123422
0.34106
-3.68993
-0.0859728
-0.989569
2.6991
0.341264
0.0838136
0.291134
-0.0238355
-0.0496729
1.19179
-0.188541
-0.046115
0.0222959
0.012714
0.557619
-0.183563
0.00258927
0.449498
-0.301973
0.00311211
-0.0156828
-0.508464
-0.380076
-0.244722
-1.34067
-0.656848
-0.0702558
0.232689
-0.247585
0.0492961
1.88913
0.0130424
0.00625522
0.100643
0.0646932
-0.117004
2.3287
0.229869
0.981871
-2.85118
-0.596923
-0.022703
-0.029558
0.0943584
-0.0387938
-1.26473
-0.0635085
0.0765197
-0.0149699
0.141623
-0.656927
0.229195
0.0194248
0.385391
-1.22125
-0.00441333
0.00570437
0.638073
-0.664246
0.0294694
0.400826
0.265908
-0.00536373
-0.583791
0.85279
-1.82457
-0.569062
0.0025335
0.00646567
-0.813701
0.00518852
0.499117
-0.250287
-0.00952098
-0.0669272
0.425809
-0.818327
0.113874
-2.00151
0.504022
0.823247
-0.0430719
0.00968078
-0.0071748
-0.00024409
0.648108
0.0644224
-0.294942
-0.10338
-0.942392
0.387068
0.014317
0.00332016
-0.608445
1.66708
0.0578053
-0.527489
0.129978
0.0813308
-0.256122
-0.813291
2.26816
-0.979578
-0.0180366
0.0353051
0.715416
-0.0100512
-0.363232
-0.0637491
-0.0678575
-0.150832
0.273069
0.611379
-0.239628
2.61643
-1.46973
0.0638563
0.193034
0.135593
0.003517
0.00314992
-0.0715596
1.67854
0.311215
-0.0189245
0.0461543
-0.139972
-0.116445
0.0928033
-0.0195001
0.0567355
0.0564197
-0.0791024
0.0635808
-0.0933674
0.0592478
0.0668943
-0.132877
0.382473
0.151375
-0.141997
0.0436485
0.188077
1.37759
0.133594
0.14387
-0.00793345
-0.152169
-0.256909
0.0610869
0.261386
0.0705177
-0.0885559
-0.0732056
-0.252043
0.0303916
0.00732087
0.154364
-0.0993292
0.045563
-0.022669
-0.0975365
-0.0391119
0.0327188
0.0215089
0.376442
-0.0990924
-0.0444088
0.120382
-0.0545995
-0.0107366
-0.100882
-0.00679298
-0.406864
-0.0197524
-0.00954366
0.0362839
-0.15159
-0.0164965
0.141824
0.0939285
0.0809403
-0.062658
-0.0318043
0.0113089
0.221998
0.204472
0.152003
-0.0057143
-0.0102645
-0.0970287
0.0593077
0.0115876
0.118406
-0.0662225
-0.0244957
1.2879
1.63112
1.24423
0.0114307
-0.0136408
-0.332258
0.548496
-0.189862
-0.639189
0.532024
-0.164783
-0.694799
-0.204038
-0.215113
0.387101
-0.0256298
0.0670891
1.4175
-0.052526
-0.153221
-0.219983
-0.100849
-0.209057
1.00756
1.19876
-2.14451
-2.43134
-0.851797
-0.00172683
-0.673285
0.0520085
0.0592415
0.0127857
-1.02043
0.839614
0.572772
1.78307
1.48587
-0.0622376
0.0307549
-1.63894
0.168128
0.274129
-0.043756
-0.031206
0.21818
-0.0112462
-0.354561
1.86088
-0.0544343
-1.26915
-0.0121824
0.0454884
0.0877215
-0.0204252
0.0846455
0.125803
-0.00143863
-0.115121
0.16183
0.396117
1.91679
-0.725723
0.0429969
-0.00221082
0.118899
-0.0793707
0.0405235
0.018546
0.156143
-0.0605515
-0.130625
1.67505
-1.43751
-2.04859
0.0338727
2.50616
0.0105717
-0.103213
-0.030477
0.125435
-0.123095
-0.0148103
-0.124488
-1.21379
2.26729
-2.77848
1.60561
1.67945
-0.118618
-0.0202166
0.163013
0.0416863
0.0733863
0.00350229
-0.0863833
1.02232
0.191978
-0.508859
0.976809
0.575341
0.0445029
-0.102909
0.0399855
0.0098485
0.0983958
-0.0321041
0.0223899
-0.0473856
1.13284
1.95884
2.47853
2.66572
-2.40928
-0.0404583
-0.835992
0.0356042
-0.123346
-0.013656
-0.0971315
-0.040228
-0.129582
2.7563
2.18056
0.040181
-2.03851
-0.00217248
0.118878
0.0301455
0.0722704
0.0438806
-0.0878145
1.66593
0.243588
2.11121
0.0554231
-0.300733
0.0522728
-0.0968128
0.0408337
-0.0144316
0.101087
-0.0277773
0.0285459
0.0318855
0.688124
2.64161
2.14452
1.66006
1.31322
0.799194
2.41277
-0.100619
-0.0322858
0.0058367
-0.412173
0.875463
-3.70972
-0.106362
2.64609
-1.79672
-0.328539
0.00346855
-0.433604
0.623224
-0.035217
-0.948409
-0.192604
-0.441737
-1.06104
0.522447
2.31942
0.0283314
-2.59959
1.58279
0.0465799
-2.49176
1.30153
-0.616791
-0.919041
0.0015255
0.152095
0.0691215
2.48815
-0.495091
1.39878
0.624987
-1.73063
0.0482207
0.0112402
-0.0889296
0.326189
0.0132108
-0.41992
0.0232952
0.00655972
0.0477847
2.1963
-2.84082
1.99109
-0.0948422
0.103638
-0.309858
-0.153347
-0.179033
-0.421947
0.154474
-0.943501
0.0156678
-0.214131
0.0601891
-0.024962
0.000750846
-0.269377
0.43922
0.190046
-0.00166306
0.154045
0.0742246
0.00749739
0.409359
-0.2479
1.87587
1.97418
-0.0496232
0.108131
0.00918213
-0.117739
0.215503
-0.00660584
-0.143539
0.0028585
-0.243838
-1.94298
-0.475776
1.15031
0.0606159
-0.0564234
-0.0838553
0.0236179
-0.060547
-0.0354318
-0.104598
-0.0632375
-0.971264
-0.295496
1.81401
-0.658554
0.025529
0.135588
-0.000113297
0.00454275
-0.0538704
-0.789753
-0.205743
0.0275638
0.0216486
0.488348
-2.37116
-2.45367
-2.52872
-1.6975
-0.00721212
0.230784
0.606966
-0.191137
0.0282375
-0.00899697
0.0313831
0.243676
-2.57578
2.63884
-1.95552
-0.0259893
-0.82396
-0.49877
-0.242772
0.351017
-0.330797
0.934937
0.0140947
-0.131054
-0.0928187
0.0516254
0.0191458
-2.63384
-0.680891
-0.187491
-0.0105023
0.183208
-0.0079216
0.0101582
0.0320613
-0.443575
-0.936319
2.45059
0.53296
2.49573
-0.00696182
-0.298829
0.46264
0.0662736
0.10737
0.013266
1.13157
-0.248146
0.445166
-1.50315
2.31373
-0.76967
-0.102724
2.8468
-0.387132
-0.11517
0.303317
-0.395607
0.0144634
0.410206
-0.0338617
-1.38696
1.65267
1.75126
0.138685
-0.0771846
-0.0423148
-0.0480665
-0.062818
0.0322893
0.0275045
0.20843
1.24809
0.688169
2.18633
-2.5702
1.68413
-0.0710989
-0.0998302
-0.106441
0.176802
-0.00353329
0.0327789
-0.0585879
-0.0219846
0.144738
-0.67821
-1.59523
-1.78888
2.246
0.0396224
0.161937
-0.0243757
0.0277204
-0.00515477
-0.038734
-0.103947
0.056289
0.0119554
0.0700849
-0.0538486
0.0469758
-0.00147551
-0.389056
-0.129051
0.016104
-0.00503171
0.182207
0.272822
-0.0253189
-1.08567
2.01092
-2.59326
-0.334716
0.620518
-0.062043
0.0978103
-0.00160551
0.0183455
-0.397001
0.0383373
0.11031
-0.279625
1.98069
1.52346
-2.62706
-0.448883
0.291094
1.52015
-0.0245042
0.00280108
0.298435
-0.0424412
-0.0544527
2.34469
0.254111
-2.84173
2.51071
-0.00809853
-1.25824
0.150806
0.0179935
0.0626402
1.21956
-0.40317
0.056052
0.648693
-2.46939
3.07661
-0.840216
1.44244
0.146916
-0.528367
0.0417852
-0.00258425
0.252895
-0.00772144
0.0155653
0.968113
-0.188549
-3.08807
0.787688
-0.254564
0.130272
-1.16975
-0.665126
0.0112904
-0.899116
-0.0722396
0.417607
0.0473387
-0.549803
-2.52343
-0.528571
-2.68989
0.863443
-0.429072
0.0144626
0.0360142
-1.07104
-0.223783
0.0747845
-0.186621
0.090509
0.0242756
0.0714092
2.32696
-0.282294
2.36719
0.0243754
-0.191925
0.0209718
-0.00623121
0.097995
-0.144549
-0.0522508
0.39845
-0.102841
3.42488
-2.16569
-1.89262
-0.905467
0.00946369
0.372568
-0.0682386
0.0327882
0.0312352
-0.0586195
-0.164532
0.25312
-2.14271
2.35605
0.157172
0.0119282
-0.00358202
-0.699836
0.381796
0.0250342
-0.53521
0.215495
-0.0404611
-0.736926
-2.42809
-1.77824
-0.973221
-0.0387543
0.0430787
0.845489
0.0300509
-0.0189422
-0.288746
0.129186
0.97679
0.304228
-1.77495
-1.2201
-1.29712
1.26334
-0.0154351
0.830435
0.00740442
-0.250356
-0.0014031
-0.0608366
0.90506
0.57596
-0.0443638
-1.79491
-0.0298859
2.17409
0.0540375
-0.266494
-0.12377
-0.00820247
0.108885
-0.0913321
-0.0139603
-0.0753869
-0.0864265
-0.145328
0.586645
-2.76413
0.972201
-0.193826
-0.00225807
0.179529
0.0253253
0.0658893
0.0346974
-0.0704574
0.0124914
-1.98122
-0.277248
0.266948
-0.00671113
0.115481
-0.117337
2.05121
0.019274
0.160044
-0.0356715
0.06177
-0.050175
0.0637063
-0.940788
0.0339228
-1.32679
0.214703
-0.110459
-0.0278426
0.126521
-0.132183
-0.0148213
-0.12134
-0.0321968
0.0548007
-1.85194
1.87112
0.0352187
-0.146809
-0.750722
0.172846
0.0435357
0.0746151
0.0282129
-0.0910149
0.0841691
2.83849
-0.946592
1.43411
2.14924
0.0962897
-0.0970616
0.0379186
0.0119092
0.0763164
-0.03641
0.0407173
-0.0139361
0.0815772
1.12945
0.120881
-1.32664
2.09888
2.03747
-0.0728165
-0.354142
0.293003
-0.0393502
-0.202871
-0.428717
-0.049642
-0.690805
1.58105
-1.953
-1.20171
-2.37054
-0.934448
-0.0453943
-0.0429241
0.0739168
0.484697
0.501561
-2.9562
-1.72908
-1.47695
-1.49339
0.0852904
0.16596
0.0169578
0.0338473
-0.027821
0.161045
0.136597
-0.00391879
-0.0623645
0.0043649
0.00643979
-2.4726
-1.00282
2.42684
-0.0113831
-0.02071
0.149605
0.0043306
-0.0225431
0.135446
-0.315214
-0.086892
-0.153099
1.55552
0.925551
-0.61598
-0.0767955
0.0297827
-0.0122349
-0.024266
-0.00358659
-0.0472949
-0.209264
1.97759
-1.86937
0.00891096
0.0153533
2.53469
0.874065
1.61648
2.53192
0.00692866
0.0317396
-0.0411338
-0.322241
-0.099436
0.0349599
0.0462658
-1.83077
-2.33127
-2.53189
0.202429
-0.0774939
-0.015727
0.0532065
0.0877831
-0.23576
0.0572624
0.00330007
0.035075
-1.34863
-2.8688
0.342226
1.2347
0.0790818
-0.0469086
-0.180996
-0.141391
0.134922
0.246141
-0.667639
1.00882
0.424434
-1.60132
-2.53606
-2.63992
0.0578142
-0.069322
0.0607726
0.027491
-0.0535742
0.253934
0.00639032
-0.00888767
0.252153
1.24482
0.0308247
0.18463
-0.369565
0.0658902
0.0571821
1.04756
-0.325706
0.0573777
0.0156476
-1.30051
-0.857692
-2.56
2.45903
2.85171
1.25695
1.26879
-0.365408
-0.179247
0.301596
-0.428273
0.0673532
-0.0216176
-1.92981
0.28759
-0.749105
0.510795
-0.0920229
-1.23051
-1.72906
-0.0420275
0.191228
0.0674468
0.0327623
0.0238302
-0.0117008
-0.146307
-1.5302
1.47977
0.528181
-0.0455655
0.127335
-0.302504
-0.0261567
-0.00745003
-0.0125906
0.0373238
-0.0491656
1.77137
1.15957
1.9462
-1.0278
-1.40711
-0.235658
0.0117227
0.0572632
-0.21176
-0.0926169
-0.0083647
-0.246566
-0.0705091
0.0811706
0.0122121
0.00796034
1.42809
0.0400866
-0.03907
0.862934
-0.0218946
0.0134013
0.00758487
-0.259649
0.827942
0.384669
-0.904894
2.97859
2.40442
0.297304
-1.37057
-0.0416272
1.71274
-0.0501731
0.020054
0.614812
1.13847
-0.855104
0.247695
0.566024
0.637028
-0.938866
-0.0321306
-0.0460935
0.535306
0.604805
-0.014042
1.06629
0.0137521
-1.72108
-0.480875
2.06809
-0.236788
0.281243
-0.0708108
0.184468
-0.185309
0.0345834
0.0457464
0.306613
0.127512
1.51969
-0.736129
-1.06982
2.6157
0.475102
-1.16451
-0.014341
-0.337175
0.0101728
0.0660365
0.48266
-0.0824257
0.0707889
-2.14498
2.70575
1.77833
-0.387301
0.904683
-1.02652
-0.572513
-0.300403
0.0136782
-0.417526
-0.0727854
2.94608
0.0393885
-0.0795143
2.32092
-2.1446
-0.0879194
1.18798
0.107543
0.0137868
0.0248322
0.385849
0.388106
-0.179042
-0.683966
-1.54217
0.354045
-1.66531
-2.36335
-0.51526
0.689529
-0.0280789
0.0688291
1.29073
-0.0865169
-0.112372
-0.530442
-0.206498
1.1693
3.63633
1.27644
-1.19189
-0.94683
-0.0739251
-0.00250367
-0.30005
-0.0276932
0.0403745
0.0243674
-0.0111396
1.7385
3.67034
-0.0512867
0.328046
-0.4887
0.0369122
-0.0113054
-0.740521
-0.592881
-0.220077
0.342273
-0.28791
-0.0117134
0.987491
0.146582
-1.67886
0.142125
-1.90458
0.0261281
-0.972245
0.0190554
0.203208
0.458402
0.128619
0.221129
-1.20844
-2.6238
2.13106
0.58894
-0.178291
-0.0111766
0.13241
-0.0513031
0.0246797
0.00926219
-0.26009
-0.365213
-0.19967
0.968285
-4.37313
-0.190898
0.0302765
0.0274377
0.019203
-0.524513
0.099862
1.10152
-0.708196
0.11081
0.545054
4.62851
2.04899
-1.98382
1.20375
0.37392
-1.58413
0.00287579
0.338173
0.352697
0.000715304
-0.326579
-0.987936
-3.64179
0.524516
2.70961
-0.746649
0.0236842
2.55694
-0.090042
-0.0451045
0.0152117
0.668036
-1.09309
-0.651194
0.753714
0.215722
0.0287795
0.024878
1.31603
0.00456121
-0.0657255
-0.0394389
0.238164
-0.146808
-0.00347934
-0.197545
-1.98511
-3.35375
-0.0420257
-0.0240685
0.0689544
-0.514097
0.0239725
0.152917
0.17932
0.151488
-0.33094
-0.114092
-0.333455
2.21225
-0.41631
-1.58507
-0.0946039
0.186798
-0.072754
0.0199212
-0.00259417
0.111217
-0.0115535
-0.257581
-0.0637675
0.21125
1.53864
1.57253
-0.324705
1.96471
-0.136854
-0.0284821
0.121943
-0.243335
-0.0141553
-0.135538
-1.53602
0.0891505
1.6998
2.73448
1.31169
-0.111468
-0.0229659
0.182268
0.0230569
0.0654943
0.0884046
-0.0844047
0.164756
0.146778
0.208026
1.01786
2.16912
0.144378
-2.84189
0.0365276
0.0090129
0.098901
-0.0245037
0.0891059
-0.0758356
-0.483178
1.55028
-0.685023
1.76236
0.458699
0.39358
0.123197
-0.12177
0.198051
-0.057422
0.354058
-0.446805
1.19814
0.580399
0.00405388
0.750857
0.149204
-0.0495947
0.052099
-0.155482
-0.193361
-0.286667
-0.0533778
0.418936
-0.703812
0.108599
-2.59546
2.84797
-0.0789225
-1.39832
0.853449
0.0373272
0.0220941
-0.46591
0.0561483
-0.0104656
-0.0431557
0.00378523
0.00619779
-0.776688
-0.0528315
-0.00343008
0.0185198
0.043116
0.0451177
0.00702893
0.0681167
0.132125
-0.164322
-0.084955
-0.906452
-2.07605
2.7351
-1.17593
0.0276264
-1.34365
-0.0318862
-0.0242608
0.00346426
-0.203359
-0.0542951
0.201361
0.974809
1.86288
0.774909
-0.0245354
1.31917
0.0186255
-2.28725
-0.0116654
0.0649253
-0.0408466
0.0111485
-0.0121963
0.0330711
2.53534
0.0948093
-0.131863
-0.0123709
0.102816
-0.0905967
-0.0214915
-0.0137239
-0.171589
-0.0853822
0.0915433
-0.0176148
2.77902
0.872399
-0.750867
-0.921021
0.0393
2.90745
0.0672384
-0.164181
-0.0588526
0.179981
0.104536
-0.00322867
0.452007
-0.936553
1.28161
1.73202
-0.978761
0.0881293
-0.0342094
0.0846718
-0.00141642
-0.10997
0.013327
0.00499619
0.0137388
0.205237
-2.62049
-0.0236134
0.0343022
0.100038
0.00468598
-0.00434272
0.14883
-0.106726
-0.0742826
-2.38296
-0.514601
0.00581334
1.81491
-0.732133
1.25725
-0.0124526
-0.0404865
-0.00315783
-0.0645182
-0.0982488
0.0160654
-0.0771086
2.9013
-0.0627894
-2.60656
1.09751
1.82893
0.175447
0.00425162
0.0167189
0.00108949
0.057811
0.13735
0.00613436
0.0130692
0.675486
0.286961
-1.43492
1.75859
0.00469196
-0.00726898
-0.400215
0.523386
0.0332737
-0.0155084
-1.79185
0.0372875
-2.59674
1.4928
0.0082933
-0.0837869
-2.52325
-0.599829
0.102948
0.162112
0.341611
0.329545
0.0487602
0.00919375
0.455415
-0.0342312
0.405427
-2.11718
2.94095
2.98402
-0.156704
-0.051786
0.737909
0.11746
0.0280883
0.0138218
0.269264
-0.252997
-0.0614712
-0.519027
-1.31667
-1.32131
0.537949
-1.84202
0.436761
0.36703
-0.0383569
0.0403095
0.487187
-0.0568959
0.125935
0.578795
1.86111
1.15314
-0.379494
0.168133
-0.0826155
-1.03362
0.302685
-0.0172187
0.0957238
-2.44475
2.94245
-2.62138
-1.44656
-0.0811884
1.43715
-0.0445457
0.221148
0.0933828
0.0255698
0.0359651
-0.646996
0.00163226
-0.0272101
0.015098
0.571897
-0.0673967
-0.570191
-0.54257
-0.0508875
0.346727
-0.0163267
-0.000852405
0.078677
-0.0025407
0.132529
0.102176
-2.74647
2.91243
1.06225
-0.0470359
0.0699409
0.546436
0.086031
-0.0149702
0.479577
-0.0328942
-0.127747
-1.51264
-2.51092
1.54668
2.63564
0.0276681
0.14103
-0.102328
-0.154798
0.047642
0.310795
0.089823
0.0991055
0.411612
1.92277
-0.0822038
0.156569
-0.0285953
0.177507
0.329212
0.150334
-0.194499
0.237845
0.212599
0.0654098
0.0573629
0.073652
-0.607096
2.62114
-0.204137
0.0275864
0.0867776
0.174216
-0.0909403
-0.0978142
-0.132783
-0.00474842
-0.0240509
0.0405541
-2.20006
-1.14383
-0.398181
-1.20348
0.193387
-0.754262
-2.86821
2.84354
3.10701
-5.46479
-0.898416
-0.754157
-0.659441
-1.25724
-0.524259
-1.24147
0.0466529
-0.542395
-0.51414
-1.21842
0.0679123
-1.15488
-1.5747
-1.92531
-1.9875
-1.58638
-2.12748
1.94904
-0.0237887
-1.48249
-0.485446
-0.39302
-0.354167
-0.304539
-1.34967
-3.99577
-0.655177
-0.742767
-1.2382
-0.313855
-0.510765
-2.64573
-0.490031
-0.853758
0.154797
-0.770149
0.0430731
-1.06822
-0.23663
1.25678
6.39901
-3.65068
1.69031
-3.05073
0.540526
-2.06916
-1.21033
-0.383847
-1.76446
3.28704
0.95363
3.93896
1.275
-1.23225
0.0455156
-0.535105
-0.532002
-1.24987
-1.10105
-0.47826
-1.39016
1.20966
-0.609185
0.320171
0.0406283
0.0536198
-0.0540146
0.0180429
-0.390534
-1.28905
-0.000790812
-0.670339
4.72963
5.35724
3.40903
2.26648
-0.557785
-0.63834
0.621601
-0.575439
-2.11854
1.92382
-1.97905
5.3434
-3.69285
0.111274
-2.87319
-4.58489
-2.92501
3.62895
-2.01316
-2.04944
-0.0312225
-1.86596
2.25547
0.518701
3.9628
-5.90723
-3.92547
1.72171
-0.363046
-1.069
-0.325751
-0.270118
-0.526903
-2.7193
-0.327081
-0.523919
-1.77577
-2.90794
-3.57109
-0.248958
0.0232183
-0.272769
-0.354266
-0.178955
-0.633186
-1.37319
1.03584
-0.750643
-0.0194172
-0.237047
-0.00630473
-0.0882336
-1.65916
0.292742
-2.99918
0.90472
-3.30395
2.48314
-0.0392925
-1.49459
-1.46066
-0.000721168
-0.867439
0.632756
-0.551103
-1.35925
0.00456925
-0.56276
