[-11.680967341495887,
 -0.55973290448037,
 -3.776400724112335,
 -0.8329184250390682,
 1.684772412875617,
 0.5058897920767151,
 9.139522256842753,
 -4.398558114378886,
 -2.8632626849832405,
 1.0455291383895258,
 0.5322320797443467,
 -1.7436535950242842,
 1.0190464787468727,
 8.63948265184706,
 0.5589645869958986,
 0.506212108458314,
 0.8509675761410094,
 -0.9665270758642439,
 -7.411365221322143,
 -0.39076289938435593,
 1.530982117436821,
 1.342109212262784,
 -3.456957005519712,
 -0.4139129741487011,
 0.47061427076388895,
 1.4318886116541538,
 0.5875465088190595,
 -0.5817337292891409,
 0.4017749048217354,
 2.922659703351883,
 -1.4023595742567352,
 0.08712215025934711,
 -1.373604672513153,
 -1.8379037421864837,
 -0.7459276382728888,
 0.029121993117257716,
 -0.5076708519789577,
 -1.0742911141504692,
 -0.908553302622181,
 -1.2038145085524548,
 2.0986389536075762,
 1.875182523864396,
 32.37738310432675,
 -0.7088912628658477,
 1.365606150691164,
 0.23164544172186652,
 -2.1458790225428857,
 2.3569242348533237,
 -0.00553804506898814,
 -0.5927062524582851,
 -1.0537467160106075,
 0.2658376856143718,
 -0.23223276701094875,
 -3.3097477129709034,
 -1.6679172355188712,
 3.794435075115814,
 -1.9925844926097618,
 0.3613699250811919,
 -0.33999832326335166,
 -1.6771308808072831,
 -0.4013914473477769,
 1.4076844539319495,
 -0.6906533159973094,
 0.5407103962526207,
 -0.007603095318927444,
 -16.780162404163775,
 6.8149574163520015,
 0.3428692501125852,
 -1.6335075447555596,
 -1.1097873319082936,
 -2.1120245613476243,
 0.8827018318528381,
 -0.8624241680128648,
 0.026933843858444106,
 1.1045035577522526,
 3.0282571171209156,
 6.805410594520424,
 -0.7857165542175721,
 2.3919104089576138,
 6.993103620755505,
 -1.0668622090677786,
 -0.37719326342434556,
 0.4257970700930116,
 2.396328622621297,
 -3.1416772671573767,
 2.214059211323633,
 -0.6027594347463037,
 -1.359596847342317,
 -0.4566000949601232,
 -0.21497568043848503,
 5.388136842101403,
 0.3945755068579615,
 1.7189446422023167,
 0.49399677037260403,
 -1.9862313264025602,
 -7.166295492552706,
 0.7190057622375718,
 0.9680665677695686,
 -0.13984597885328753,
 1.6197336782184948,
 1.5847808878922933,
 -12.745614646686363,
 0.6034901799994259,
 2.8535361520109745,
 1.253682249257281,
 -3.958393141429724,
 -3.4686347342251906,
 -0.6940962472030634,
 -1.3221395601221388,
 1.6966689491275417,
 1.2999185940413298,
 -1.7044624371656596,
 4.947846959233544,
 7.999523845595348,
 -3.1257860097007892,
 -2.330955971546473,
 4.7290717309072505,
 -3.613411141252474,
 -0.21620825249187448,
 -0.8759355955289294,
 -0.4564727819077916,
 -141.6934139680428,
 -0.6814285853664614,
 0.9758089084131427,
 -0.21666359055458884,
 10.111577346260276,
 0.8194045749643415,
 -2.4582818413778966,
 -0.4370383536352165,
 0.8597803461688613,
 1.190695665648434,
 -0.28509101256838676,
 -0.725522169001863,
 2.549590828956866,
 -4.790841073633906,
 -0.26556347203734276,
 3.29695409498035,
 -0.6587934478780255,
 0.5557697159084682,
 4.797905340532054,
 3.0501382027530894,
 0.026482559139338946,
 0.6587975890508915,
 6.861188036552903,
 0.14420697503112478,
 30.803167860909184,
 -2.6746776591920707,
 1.486032532907359,
 -0.9038826158343767,
 -1.2741677467527381,
 3.7681755829057835,
 -0.08403740649548297,
 3.7692229466135814,
 -0.05599063700705642,
 0.09430402988760989,
 0.793136220216347,
 1.176930444508713,
 -2.3999836040009654,
 -0.5053533831672326,
 1.0204239436714175,
 0.7238440764490406,
 0.3458988518343844,
 -0.2896905413949469,
 0.9406767878050886,
 -1.1303067057316412,
 0.7611165017004851,
 0.2684806823349106,
 -1.4210144762679988,
 0.23416189201718396,
 0.2977263962475618,
 -0.647190196846978,
 4.170199104316225,
 2.657586185013031,
 -1.2660827382981665,
 -0.7688684203695523,
 -12.827772967129818,
 -0.29046000830089724,
 -1.776161969742276,
 1.3462241530651795,
 0.5518972810993432,
 -0.3811422074103632,
 -2.9118344590442007,
 -0.26128450233274236,
 0.7037705336587052,
 0.34765497680302815,
 0.3688243005388969,
 -1.7474383057568161,
 1.8103382529799035,
 0.7008055309809151,
 -3.0862744647879197,
 0.5059972406385498,
 -1.2993842168687308,
 0.022430124452483824,
 2.3474823386622603,
 -0.8847172565412222,
 0.4441698531671818,
 -11.19495660922945,
 -1.2406885800085377,
 0.5245319647907536,
 2.4595540801460913,
 -0.29626064861770374,
 -0.39110680113637386,
 -2.296030698432503,
 0.42173643880509815,
 -2.2430530830193334,
 1.5326861384773451,
 0.5632970066279768,
 -0.3149306549608468,
 -3.1961421992623116,
 0.569082732229198,
 2.3077530028756996,
 -1.950608577305104,
 1.3959570550033504,
 6.9097923946590925,
 -0.2394814995293899,
 -1.2404532840391198,
 0.4888356162256713,
 -0.06719539811824404,
 -0.24167748546375378,
 0.37937122848921234,
 -0.06472232684143364,
 0.08821597223015942,
 -0.6433680390960035,
 -0.47696797577057737,
 0.33165342939300047,
 -9.663023841519333,
 -1.5401136977017131,
 -0.726151621240092,
 0.5055448269771254,
 -1.16259858188198,
 -1.2994383402315037,
 8.124314809169334,
 0.1446623838046719,
 -0.15593320131608834,
 0.0009176725071142755,
 2.2646288189366146,
 2.1330992612244017,
 -0.7829548366454446,
 3.1878325368174956,
 -1.0941880010686873,
 -0.34380335177264953,
 5.414313568951172,
 1.3195535832984433,
 0.6224276697100777,
 3.3281229491639976,
 0.49763704213722804,
 6.059692586333426,
 -0.35390049071568797,
 -0.753511891314588,
 1.5499188826863364,
 -4.261254860284794,
 0.9996022160995608,
 -0.020781699012161425,
 -0.8345054051026963,
 -0.6097834228863874,
 3.841007753493585,
 0.22230758357213176,
 -0.0950054268393501,
 0.5397441702678023,
 -0.7623290273537151,
 -0.15818618524727768,
 0.8666104537158077,
 -1.0188457917521418,
 -0.9591761581355911,
 -2.3628254816651975,
 -2.4735831328538325,
 3.7520302634776215,
 -2.241620459825185,
 10.198649324078133,
 0.1850924933924034,
 -0.16954919075607222,
 -2.406350995034984,
 -2.1090203216880354,
 0.8416306488799137,
 0.42687696610704506,
 -0.5338982744314649,
 -1.4497569282298315,
 0.7695120915158498,
 0.1768234927725416,
 0.1411967594303576,
 7.219522883488395,
 1.5482545903786047,
 2.6758510932181423,
 0.8628064540834544,
 1.749356781567002,
 1.9318153897671095,
 -1.38152907555218,
 0.7729881165717529,
 0.7647348575964372,
 2.2273840114689847,
 -3.2478071007185747,
 -0.726924703926386,
 0.23959572451900613,
 0.8184305900700402,
 0.08879883108897957,
 -0.10065393411042578,
 0.9592206082545829,
 5.650124058308762,
 9.496939588976744,
 0.43611040592099926,
 -0.5551652345187037,
 -0.0028622152896957687,
 1.9614596726600553,
 0.006974133728732568,
 -0.18558755461849685,
 -1.494769243263363,
 6.191105581512801,
 3.322404513029767,
 0.019891290655856153,
 3.687127104018458,
 -0.6537286070362001,
 -0.8962554830729061,
 -0.5701274041453246,
 0.08357014002694996,
 1.1524553931321293,
 -0.053510475626239895,
 -0.40721467917842347,
 1.7658288321651376,
 -2.5607426057588327,
 -7.361235858746255,
 -0.48008829854046553,
 0.33833686894307924,
 -1.5572100058261071,
 -1.2407411180074632,
 -1.4447311556490376,
 1.7709641705104673,
 0.3257065148739571,
 -0.21540551847337497,
 1.081309352973463,
 -0.49100978847456034,
 -0.8916931770152701,
 1.5467042358722836,
 -1.452200843762256,
 0.06183467913078289,
 -0.7080373191806189,
 -2.3221097138442097,
 -0.030675493341497884,
 3.4766296466037048,
 3.5782100186642083,
 3.747785400717717,
 -2.3329943041321144,
 -1.389102299298699,
 -0.6255814503626596,
 -0.3280981136771288,
 0.82272347022802,
 0.7374395567494503,
 -0.12091827662484889,
 0.13076705477720907,
 0.573047026314665,
 -0.7142959360797363,
 -0.3000903367300385,
 2.502949078361496,
 -0.6305117404738212,
 -0.15564278862723313,
 -0.9870814849304281,
 -2.0096647287633687,
 -2.3823517995783448,
 1.0308442983636041,
 3.2051677139897343,
 -1.4852713703044174,
 0.46611812959797305,
 -0.8020439403458113,
 1.8010243905848284,
 0.6930514864682209,
 1.1794931327855807,
 0.12047464222959547,
 0.7350424038492136,
 5.83011778808401,
 -1.3962570233895235,
 1.051237366636542,
 3.591876947844554,
 2.4617352819814187,
 -0.8914441375299162,
 -1.248074361857391,
 -0.30980907236562416,
 -3.354199116681116,
 2.200879611342714,
 -0.003791582796921489,
 -2.389088001397539,
 0.03670119475748379,
 0.9277008711989367,
 -0.5098294145926587,
 -0.4032445423421649,
 -0.9005254643934109]
