[125, 16, 16, 4]
0.0
0.0
0.0
0.0
0.0
0.0
0.0
0.0
0.0
0.0
0.0
0.0
0.0
0.0
0.0
0.0
0.0
0.0
0.469355
0.0
0.0
0.0
0.0
0.0
0.767334
0.0
0.0
0.0
0.0
0.0
0.0
0.0
0.0
0.851298
-1.68851
0.0
0.0
0.0
0.638102
0.0
-0.359574
0.0
0.0
0.0
-1.55232
0.0
0.0
0.0
0.0
0.0
0.0
0.0
0.0
0.0
-0.257046
0.0
0.0
0.0
0.0
-0.312355
0.241021
0.0
0.0
1.12205
0.0
0.0
0.0
0.0
0.0
0.0
0.0
0.0
0.0
0.0
0.0
0.0
0.0
0.0
-1.17995
0.485213
-0.275528
-0.0281133
-0.598617
0.870739
0.299245
-0.144031
0.457286
0.0429823
-0.285675
-0.490342
-2.35545
1.00075
0.126905
-0.852325
0.14872
-0.250091
0.0
0.0
0.0
0.0
0.0
0.0
0.0
0.0
0.0
0.0
0.0
0.0
0.0
0.0
0.0
1.58466
0.0
0.0
0.0
0.0
0.0
0.0
0.0
1.75466
0.0
0.0
0.0
-0.00640693
0.0
0.0
0.0
0.0
0.0
0.0
0.0
0.0
0.0
0.0
0.0
0.0
0.0
0.0
0.0
0.0
0.0
0.0
0.0
0.0
-0.0803895
0.0
0.0
0.0
0.0
0.0
0.0
0.0
0.0
0.806949
0.0
0.0
0.0
0.0
0.0
0.0
0.0
-0.412429
-1.11678
0.0
0.0
0.0
0.0802825
-0.731542
0.0
-0.270774
0.0
-0.217204
0.0
0.0
-0.507909
0.0
0.0
0.0
0.0
-1.06246
0.0
0.0
0.0
0.0
0.0
0.0
0.0
0.0
0.0
0.0
0.0
0.0
0.0
0.0
-0.565079
0.0
0.0
0.0
0.0
0.0
0.0
0.0
0.0
0.0
0.0
0.0
1.69155
0.834918
0.0
-1.72243
0.0
0.0
0.0
0.0
0.0
0.0
0.0
0.0
0.0
0.0
0.0
0.0
0.0
0.0
0.0
0.0
0.0
0.0
0.0
0.0
0.0
0.0
0.0
0.0
0.0
0.0
0.0
0.0
0.0
0.0
0.0
0.0
0.0
0.0
0.0
0.0
0.0
0.0
0.0
0.0
0.0
-1.23227
0.0
0.0
0.0
0.0
0.0
0.0
0.0
0.0
0.0
2.02345
0.0
0.0
0.0
0.0
0.0
0.0
0.0
0.0
0.0
0.0
-1.32422
0.0
0.0
0.0
0.0
1.35468
0.0
0.0
0.0
0.0
0.0
0.0
0.0
0.0
-0.462138
0.0
0.0
0.0
0.0
0.0
0.0
0.0
0.0
0.0
0.0
0.0
0.0
0.0
0.0
0.0
0.0
0.0
0.0
0.0
0.0
0.0
0.0
-1.78754
0.0
0.0
0.0
0.0
0.0
0.0
0.0
0.0
0.0
1.08974
0.0
0.0
0.0
-1.03379
0.0
-1.11038
0.0
0.0
0.0
0.0
0.0
1.51117
0.0
0.0
0.0
0.0
1.91947
0.0
0.0
0.0
-0.345119
0.0
-0.98951
0.0
0.0
0.0
0.0
0.0
0.0
0.0
0.0
0.0
0.0
0.0
0.0
0.0
0.0
0.0
0.0
0.0
0.617772
0.0
0.0
0.0
0.0
0.0
0.0
0.0
0.0
0.0
0.852214
0.0
0.0
0.0
0.0
0.0
-0.424374
0.0
0.0
0.0
0.0
0.0
0.0
0.0
0.0
0.0
0.0
0.0
0.0
0.0
0.0
-0.432259
0.0
0.0
0.0
0.0
0.0
0.0
0.0
0.0
0.0
0.0
0.0
-0.398863
-0.186457
-0.942213
0.0
-0.959459
0.0
-0.580392
0.0
0.0
1.2316
0.0
0.394409
0.0
0.0
0.0
0.0
0.0
0.0
0.0
0.0
0.0
0.0
0.0
0.0
0.0
0.0
0.0
-0.297734
0.0
0.0
0.0
0.0
0.0
0.798812
0.0
0.0
0.0
0.0
0.0
0.0
0.0
0.0
0.0
0.0
0.0
0.0
0.0
0.0
0.0
0.0
0.0
0.0
-0.47161
0.0
0.0
0.0
0.0
0.0
-0.849596
0.0
0.0
0.0
0.0
0.0
0.0
0.0
0.0
0.0
-0.76911
0.0
0.0
0.0
0.0
0.0
0.0
0.0
0.0
0.873426
0.950812
0.0
0.0
0.0
0.0
0.0
0.0
0.0
0.0
0.0
0.0
0.0
0.0
0.0
0.0
0.0
0.0
0.0
0.0
0.0
0.590405
0.0
0.0
0.0
0.0
0.0
0.0
0.0
0.0
0.0
0.0
0.0
0.0
0.0
-0.056841
0.0
0.0
0.0
0.0
0.950321
0.0
0.0
0.0
0.0
0.0
0.0
0.0
0.0
0.0
0.0
1.36182
0.0
0.0
0.0
0.0338998
0.0
0.0
0.0
0.0
1.20125
0.0
0.0
0.0
0.0
0.0
0.0
0.0
-0.0342133
0.0
0.0
0.0
0.0
-1.5582
0.0
0.0
-0.803708
0.0
0.0294207
0.0
0.0
0.0
0.0
0.0
0.0
0.0
0.0
0.227378
0.0
0.0
0.0
0.7135
0.392331
0.0
0.0
0.0
0.0
0.0
0.0
0.0
0.250521
0.0
-0.291301
0.0
-0.46315
0.0
-0.062388
0.0
0.0
0.0
0.0
0.0
0.0
0.0
0.0
0.0
0.0
0.0
0.0
0.0
0.0
0.0
0.0
0.0
-0.344749
0.0
-0.0930251
0.0
0.0
0.0
0.0
0.0
0.0136945
0.0
0.0
0.0
0.0
0.0
0.0
0.0
0.0
0.0
0.0
0.0
0.0
0.0
0.0
0.0
0.0
0.0
0.0
0.0
0.0
0.0
0.0
0.0
0.0
0.0
0.0
0.100624
0.0
-0.110248
0.0
0.0
0.0
0.0
0.0
0.0
0.0
0.0
0.0449476
0.0
0.0
0.0
0.0
0.0
0.0
0.0
0.0
0.0
0.282732
0.0
0.0
0.0
0.391631
0.0
0.0
0.0
0.0
0.115851
0.0
0.0
-0.935832
0.0
0.0
0.0
0.0
0.0
0.0
0.0
0.0
0.818582
-0.446466
0.0
0.0
-0.826756
0.0
0.0
0.0
0.0
0.0
0.0
0.0
0.0
0.0
0.0
0.0
0.0
0.0
0.0
0.0
-0.143481
0.0
0.0
0.0
0.0
0.0
0.0
0.0
0.0
0.0
0.0
0.0
0.0
0.0
0.0
0.0
0.0
0.0
0.0
0.0
0.0
0.0
0.0
0.0
-0.839867
0.0
0.0
0.0
0.0
0.0
0.0
0.0
0.0
0.0
0.0
0.0
0.0
0.0
0.0
0.0
0.0
0.0
0.0
0.0
0.0
0.0
0.0
0.0
0.0
0.0
0.0
0.0
0.0
0.0
0.0
0.0
0.0
0.0
0.0
0.0
0.0
0.0
0.208892
0.0
0.0
0.0
0.0
0.0
0.0
0.0476161
0.0
0.0
0.0
0.0
0.0
0.0
0.0
0.0
0.0
0.0
-0.17888
0.0
0.0
0.0
0.0
0.0
0.0
0.0
0.0
0.0
0.0
0.0
0.0
0.0
-0.0428515
0.0
0.0
0.0
-0.167287
0.0
0.0
0.0
0.0
0.0
0.0
0.0
0.958963
0.0
0.0
0.0
0.0
0.216082
0.0
-2.32502
0.0
0.0
0.0
0.0
0.0
0.0
0.0
0.0
-0.165885
0.0
0.0
0.0
0.0
0.0
0.0
0.0
0.0
0.692167
0.0
0.0
0.0
0.0
0.0
0.0
0.0
0.0
0.0
0.0
0.0
0.0
0.0
0.0
0.0
0.0
1.88859
0.0
0.0
0.0
0.0
0.0
0.0
0.0
0.0
0.0
0.0
0.0
0.0
-0.257727
0.661546
0.0
0.0
0.0
0.0
0.0
0.0
0.0
0.0
0.0
0.0
0.0
0.0
0.0
0.0
0.0
0.0
-0.636568
0.295817
-0.327
1.49941
-0.132592
-0.532119
0.406907
0.153632
-0.0448606
-0.409911
-0.705906
-0.147208
0.0209879
-2.72008
0.0977939
0.0297537
0.0
0.0
0.788237
0.0
0.0
0.570905
0.0
0.0
0.0
0.0
-0.417971
0.0
0.0
0.0
0.0
0.0
0.0
0.0
0.0
0.0
0.0
0.0
0.0
0.0
0.0
0.0
-0.723889
0.0
0.954533
0.0
0.0
0.0
0.0
0.0
0.0
0.0
0.0
0.0
0.0
0.0
0.0
0.0
0.0
0.0
0.0
0.0
0.0
0.0
1.5567
0.0
-1.23634
0.0
0.0
0.0
0.0
0.0
0.0
0.0
0.0
-2.7603
0.0
0.0
0.0
0.0
0.0
0.0
0.0
0.0
0.0
0.0
0.0
1.26262
0.0
0.0
0.0
0.0
0.0
0.0
0.0
0.0
-0.902173
0.0
0.0
0.0
0.0
0.0
0.0
0.0
0.0
0.0
0.0
0.0
-0.140797
0.0
0.0
-1.47429
0.0
0.0
0.0
0.0
0.0
0.0
0.0
0.0
0.0
0.0
0.0
0.0
0.0
0.0
0.0
0.0
0.0
0.0
0.0
0.322564
0.0
0.0
0.0
0.0
0.0
0.0
0.0
0.0
0.0
0.0
0.0
0.0
0.0
-0.134946
0.0
-0.526366
0.0
0.0
0.0
0.0
0.0
0.0
0.0
0.0
0.0
0.0
0.0
0.0
-0.0240708
0.0105362
0.189317
-0.642734
0.203025
0.299383
0.703168
0.607675
-0.321016
-0.51498
-0.0391811
-0.188201
-0.200762
0.495651
0.499222
0.0970563
0.0
0.0
0.0
0.0
0.0
0.0
0.0
0.0
0.0
0.0
0.0
0.0
0.0
0.0
0.0
0.0
0.0
0.0
0.0
0.0
0.0
0.0
0.0
0.0
0.411767
0.0
0.0
0.0
0.0
0.0
0.0
0.0
0.0
0.0
0.0
0.0
0.0
0.0
0.0
0.0
0.0
0.0
0.0
-0.242936
0.0
0.0
0.0
0.0
0.0
0.0
0.0
0.0
0.0
0.0
0.438136
0.0
0.0
0.0
0.0
0.0
0.0
0.0
0.0
0.377183
0.0
0.0
0.0
0.0
0.0
0.0
0.0
0.0
0.0
0.0
0.0
0.0
0.0
0.0
0.0
0.0
0.0
-0.150963
0.0
0.0
0.0
0.415449
-0.552577
0.0
0.0
0.0
0.0
0.0
0.0
0.0
0.0
0.445401
0.0
0.0
0.0
0.0
0.0
0.0
0.0
0.0
0.0
-0.828152
0.0
0.0
0.0
0.0
0.0
0.0
0.0
0.0
0.0
-1.82306
0.0
0.0
0.470827
0.0
0.0
0.0
0.0
1.51204
-0.000202702
0.0
0.0
0.0
0.0
0.0
0.0
0.0
0.0
0.0
0.0
0.0
0.0
-1.49054
0.0
0.0
0.0
0.0
-2.64193
-0.838563
-0.166422
0.0
0.0
0.0
0.0
0.0
0.0
0.0
0.0
-1.25815
0.0
0.0
0.0
0.0
0.0
0.0
0.0
0.728391
0.0
0.0
0.0
0.678382
0.0
-0.0651409
0.0
0.0
0.0
0.0
0.0
0.0
0.0
0.0
0.0
0.0
0.0
0.0
-0.44624
0.0
0.0
0.0
0.0
0.0
0.0
0.0
0.0
0.0
0.0
0.0
0.0
0.0
0.0
0.0
0.0
0.0
0.0
0.0
0.0
0.0
0.0
0.0
0.0
0.449762
0.0
0.0
0.0
0.0
0.0
0.0
0.0
0.0
0.0
0.0
0.0
0.0
0.0
0.0
0.0
0.0
0.0
0.0
0.0
0.0
0.0
0.0
0.0
0.0
0.0
0.0
0.0
0.0
0.0
0.0
0.0
0.0
0.0
0.0
0.0
0.0
0.0
0.0
0.0
0.0
0.0
0.0
0.0
0.0
0.0
0.0
0.0
0.0
0.0
0.0
0.0
0.0
0.0
0.0
0.0
0.0
0.0
0.0
0.550112
0.0
0.0
0.0
0.0
-2.5051
0.0
0.0
0.0
0.0
0.0
0.0
0.0
0.0
0.0
0.0
0.0
0.0
0.0
0.0
0.0
0.0
0.0
0.0
-0.308205
0.0
0.0
0.0
0.0
0.0
0.0
0.0
0.0
0.280523
0.0
0.0
0.0
0.0
0.0
0.0
1.77563
0.0
-0.0337513
0.0
0.0
0.0
0.0
0.0
0.0
0.0
0.0
0.0
0.0
0.0
0.0
0.0
0.0
0.0
0.0
0.0
0.0
0.0
0.151805
0.0
0.0
0.0
0.0
0.0
0.0
0.0
0.0
0.0
0.0
0.0
0.0
0.0
0.0
0.0
0.0
0.0
1.3242
0.0
0.0
0.0
0.0
0.0
0.0
0.0
0.0
0.0
0.0
0.0
0.0
0.0
0.0
0.0
0.0
0.0
0.0
0.0
0.0
0.0
0.0
0.0
0.0
0.0
0.0
0.0
0.988399
0.0
-0.648048
0.0
0.0
0.0
0.0
0.0
0.0
0.0
0.0
0.0
0.0
-1.60293
0.0
0.0
0.0
0.0
0.0
0.0
0.0
0.0
0.0
0.0
0.0
0.0
0.0
0.0
0.0
0.0
0.0
-0.457123
0.0
0.0
0.0
0.0
0.0
0.0
0.0
0.0
0.0
-2.7922
0.0
0.0
0.0
0.0
0.0
0.0
0.0378834
0.0
0.0
0.0
0.0
0.0
0.0
0.0
0.0
0.0
0.0
0.0
0.0
0.0
0.0
0.0
0.0
0.0
0.0
0.0
0.0
0.0
0.499545
0.0
0.746035
0.0
0.0
0.0
0.0
0.0
0.0
0.0
0.0
0.0
0.0
0.0
0.0
0.0
0.0
0.0
0.0
0.0
0.0
0.0
0.0
0.0
0.0
0.0
0.0
0.0
0.0
0.0
0.0
0.0
1.30267
0.0
0.0
0.0
0.0
0.0
0.0
0.0
0.0335339
0.0
0.0
0.0
0.0
0.0
0.0
0.0
-1.79753
0.0
0.0
0.358288
0.0
0.0
-0.914035
0.0
0.0
0.0
0.0
0.0
0.0
0.0
0.0
0.0
0.0
0.0
0.0
-1.18417
0.0
0.0
0.0
0.0
0.0
0.0
0.0
0.0
0.848082
0.0
0.0
0.0
0.0
0.0
0.0
0.0
0.0
0.0
0.0
0.0
0.0
0.61218
0.0
0.0
0.0
0.0
0.399232
0.0
0.0
0.0
0.0
0.0
0.0
0.0
0.0
0.0
0.0
0.0
0.0
0.0
0.0
0.0
0.0
0.0
0.0
0.0
0.0
0.0
0.0
0.0
0.0
0.0
0.0
-0.436406
0.0
0.0
0.0
0.0
0.0
0.0
0.0
0.0
0.0
0.0
0.0
0.0
0.0
0.0
0.311099
0.0
1.09922
0.0
0.0
0.0
0.0
0.0
0.0
0.0
0.0
0.0
0.0
0.0
0.0
0.0
0.0
0.0
0.0
-0.40252
0.0
0.0
0.0
0.0
0.0
0.0
0.0
0.0
0.0
0.0
0.0
0.0
0.0
0.0
0.0
0.0
0.445344
0.0
0.0
0.0
0.0
0.0
0.0
0.0
-0.737772
0.0
0.0
0.0
0.0
0.269599
-1.33156
0.0
0.0
0.0
0.0
0.0
0.0
0.0
0.0
-0.162036
0.0
0.0
0.0
0.868578
0.0
0.0
1.32715
0.0
0.0
0.0
0.0
0.0
0.0
0.0
0.0
0.0
0.0
0.0
0.0
0.0
0.0
0.0
-0.227919
0.419677
0.0
-0.17424
0.0
0.0
0.0
0.0
0.0
0.0
0.0
0.0
0.56394
0.0
0.0
0.0
0.0
0.0
0.0
0.0
0.0
0.0
0.0
0.0
0.0
0.0
0.0
0.0
0.0
0.0
0.0
0.0
0.0
0.0
0.0
1.75579
0.0
-0.960065
0.0
-0.958143
0.0
0.0
0.0
0.0
0.0
0.0
0.0
0.0
0.0
0.0
0.0
0.0
0.0
0.0
0.0
0.0
0.0
0.0
0.0
0.0
0.0
0.0
0.0
0.0
0.0
0.0
0.0
0.0
0.0
0.0
0.0
0.0
0.0
0.0
0.0
2.17168
0.0
0.0
0.0
0.0
0.0
0.0
0.0
0.0
0.0
0.0
0.0
0.0
0.0
0.0
0.0
0.0
0.0
0.0
0.0
0.515012
0.0
0.0
0.0
0.0
0.0
0.0
0.0
0.0
0.0
0.0
0.0
0.0
0.0
0.0
0.0
0.0
0.0
0.0
0.0
0.0
0.0
1.23761
0.0
0.0
0.0
0.0
0.0
0.0
0.746787
-0.680765
0.255114
-0.266603
0.03375
0.141835
-0.351498
1.04625
0.412285
-1.06691
0.892266
-0.246387
-0.132665
1.11738
0.220226
-0.0761112
0.0
0.0
0.0
0.0291674
0.0
0.0
0.0
0.0
0.0
-0.623642
0.0
0.0
0.0
0.0
0.0
0.0
0.489972
0.0
0.0
0.0
0.0
0.0
0.0
0.0
0.0
0.0
0.0
0.0
0.0
0.0
0.0
0.0
0.0
0.0
0.0
0.0
0.0
0.0
0.0
0.0
0.0
0.0
0.0
0.0
0.0
0.0
-0.60544
0.0
0.0
0.0
0.0
0.0
0.0
0.0
0.0
0.0
0.0
0.0
0.0
0.0
0.0
0.0
0.182401
0.0
0.0
0.0
0.0
0.0
0.0
0.0
0.0
0.0
0.0
0.0
0.156684
-0.821521
0.0
-0.377583
0.0
0.0
1.33001
-1.4464
-1.57221
0.0659052
0.480678
-0.157868
-0.358299
0.923465
-0.567764
-0.56851
2.09806
2.40902
-3.12103
0.339544
-0.5054
2.57988
-1.75697
1.6806
1.53761
0.319258
-0.0675628
-0.612718
-0.238972
-1.18628
0.794146
0.291757
-2.3408
-3.90456
3.77278
0.430904
-0.0381214
-3.40987
0.555717
-0.437704
-1.15913
-0.000579446
0.0100565
-0.73961
0.741952
1.88702
-0.321218
-1.26018
-0.936413
0.183378
0.751205
-0.833413
-0.977478
0.211979
-0.556959
0.458532
-1.32479
0.00517629
-0.0074683
2.10842
-1.14471
-0.472248
-0.566869
1.12998
-0.190023
0.408365
-1.41797
1.14178
-1.48326
0.0827624
-0.426829
0.246772
0.178737
0.385006
0.413423
-0.771363
-0.597887
-0.259896
0.226873
-0.275122
-0.243774
0.565026
0.810527
0.7704
-0.543519
-0.830004
0.907189
-0.157803
-0.689577
0.0247736
-0.0178771
2.11534
-1.42836
-0.278704
0.765721
-1.37358
0.12488
-0.00995832
1.45799
0.604474
1.83344
0.71448
2.76988
4.20883
1.13924
0.211357
0.136091
1.49187
0.185611
-1.59591
-0.171434
0.494747
-1.49099
1.89065
-1.29562
1.48486
3.14232
-2.80486
2.92903
2.08538
-1.67668
0.172745
-1.70556
1.47271
-0.6627
-0.915689
0.784815
0.252618
-1.57543
0.747366
1.77946
-0.462601
0.00245764
-1.22557
1.36484
-1.30994
-1.98383
0.326921
2.57583
-1.04933
-0.832393
-0.504067
0.173691
0.494248
-0.184492
0.53131
-0.618574
3.5787
-3.15272
0.670838
-0.465083
1.16525
1.85366
2.77426
2.71372
-3.55849
-0.738469
-1.28773
0.328087
0.716567
-0.366482
0.61317
0.375113
1.05202
2.47381
1.24444
0.698926
1.06648
4.12722
2.11082
1.43606
5.90536
-0.477176
2.49275
-0.6251
0.0376723
-0.936167
-0.366492
-0.170848
-4.57391
-0.84832
3.32166
-0.4322
0.331307
0.209043
2.4828
-0.580157
4.68871
5.41915
-1.39069
-1.64146
-0.49273
0.210877
0.612352
-0.433206
0.330421
0.790172
-1.98974
-1.89682
-1.15702
-0.247098
0.00551552
0.293455
-2.1083
5.22446
3.75574
-1.78726
0.210269
-0.864681
-0.830288
-0.909848
0.344815
-2.34306
-1.48123
-0.970423
-0.534382
0.749166
0.306465
0.0656841
-0.469303
-3.23926
-2.90634
-2.76151
-0.907252
0.281268
0.253324
-0.613942
1.72161
1.48279
0.715558
-1.35775
-1.73995
-1.58027
0.0191052
0.00140028
0.977444
0.0926635
4.25013
-1.75535
3.86381
-1.37315
0.420649
-0.586521
-1.08662
0.060972
-0.421785
-0.842819
-1.90769
-0.902989
0.235515
-0.0374253
1.06086
0.20485
0.53929
2.69576
-2.53353
2.64126
-0.203741
1.04886
0.669591
-0.0729246
1.05062
1.64591
2.28811
-0.0206875
0.15707
0.115748
-0.702573
-1.39759
-0.909968
-0.299161
1.65768
-1.77092
0.855058
0.673086
0.254212
0.119361
-0.494248
-1.02061
-5.15703
-0.879045
0.235441
-0.0874266
0.248372
1.62987
0.669389
0.183881
-2.19431
4.64489
-2.54614
-1.25334
-1.2704
-1.7934
1.89875
-2.09069
1.54847
-2.84829
0.174103
0.204554
-2.17924
0.240418
0.410731
0.64566
-1.3754
0.419257
0.864298
3.64851
-3.12592
3.94525
-1.26841
-1.40008
1.687
-0.747107
0.222166
0.146495
1.03196
-0.301327
-1.11147
1.17759
-0.105571
1.07757
0.400117
-4.94294
-3.97282
0.0253455
-0.432805
0.1221
-2.73418
0.729559
2.21608
-0.0874063
1.05133
-0.614351
-0.603649
0.0441007
0.256515
1.18584
-0.198314
0.787957
-1.3041
-0.0782179
-0.339479
-0.0120729
0.0253733
-0.866312
0.0457814
-1.02899
0.927431
0.0625924
0.201262
0.0962726
-0.683138
-0.0466795
0.0682959
0.162382
-0.188329
-2.08077
1.93031
2.07498
-2.59916
-2.87289
-4.12869
7.24236
-6.00382
-1.03411
3.6292
3.06989
2.94014
2.0874
0.113358
-5.56419
-0.159705
-1.50663
-0.130641
-3.33783
-2.76682
-1.53661
0.0756848
7.35093
2.00406
0.492019
-8.78448
-3.43093
-6.06404
5.77299
-2.4139
-5.01686
-3.56921
3.02141
-0.0312433
0.0362874
2.30146
-1.71803
1.51942
1.06383
-0.792796
0.892353
-0.916292
-5.39769
3.29342
-1.96654
-0.41872
-3.65087
-8.36767
-7.58662
-4.46841
0.585089
3.89679
2.49107
1.65034
-2.6384
-1.04394
0.136086
3.72697
2.11453
-2.10627
-1.80866
0.391614
-3.65918
2.20461
-4.42805
-7.14474
-2.05835
-3.04045
-1.84737
0.832141
