[293, 49, 49, 4]
0.0
0.0
0.0
0.0
0.0
0.0
0.0
0.0
0.0
0.0
0.0
0.0
0.0
0.0
0.0
0.0
0.0
0.0
0.0
0.0
0.0
0.0
0.0
0.0
0.0
0.0
0.0
0.0
0.0
0.0
0.0
0.0
0.0
0.0
0.0
0.0
0.0
0.0
0.0
0.0
0.0
0.0
0.0
0.0
0.0
0.0
0.0
0.0
0.0
1.18518
0.0
0.0
0.0
0.0
0.0
0.0
0.0
0.0
0.0
0.0
0.0
0.0
0.0
0.0
0.0
0.0
0.0
0.0
0.0
0.0
0.0
0.0
0.0
0.0
0.0
0.0
0.0
0.0
0.0
0.0
0.0
0.0
0.0
0.0
0.0
0.0
0.0
0.0
0.0
0.0
0.0
0.0
0.0
0.0
0.0
0.0
0.0
0.0
0.0
0.0
0.0
0.0
0.0
0.0
0.0
0.0
0.0
0.0
0.0
0.0
0.0
0.0
0.0
0.0
0.0
0.0
0.0
0.0
0.154571
0.0
0.0
0.0
0.0
0.0
0.0
0.0
0.0
0.0
0.0
0.0
0.0
0.0
0.0
0.0
0.0
0.0
0.0
0.0
-0.0168723
0.0
0.0
0.0
0.0
0.0
0.0
0.0
0.0
0.0
0.0
0.0
0.0
0.0
0.0
0.0
0.0
0.0
0.0
0.0
0.0
0.0
0.0
0.0
0.0
-1.05646
0.0
0.0
0.0
0.0
0.0
0.323866
0.0
0.306921
0.0
0.0
0.0
0.0
0.0
0.0
0.0
0.0
0.0
0.0
0.0
0.378086
0.0
0.0
0.0
0.0
0.0
0.0
0.0
0.0
0.0
0.0
0.0
0.0
0.0
0.0
0.0
0.0
0.0
0.0
0.0
0.0
0.0
0.0
0.0
0.0
0.0
0.0
0.0
0.0
0.0
0.0
0.0
0.0
0.0
1.94585
0.0
0.0
0.0
0.0
0.0
0.0
0.0
0.0
0.0
0.0
0.0
0.0
0.0
0.0
0.0
0.0
0.0
0.0
0.0
0.0
0.0
0.0
0.0
0.0
0.0
0.0
1.98449
0.0
0.0
0.0
0.0
0.0
0.0
0.0
0.0
0.0
0.0
0.0
0.0
0.0
0.0
0.0
0.0
0.0
0.0
0.0
0.0
0.0
0.0
0.0
0.0
0.0
0.0
0.0
0.0
0.0
0.0
0.0
0.0
0.0
0.0
0.0
0.0
0.0
0.0
0.0
0.0
0.0
0.0
0.0
0.0
0.0
0.0
0.0
0.0
0.0
-0.00511869
0.171531
0.214289
0.00037158
-0.00467457
0.418302
-0.323244
-0.40411
0.0489112
0.00680767
0.0757075
0.824921
0.162685
-0.696204
-0.571371
0.0111592
0.203462
-1.96142
-0.964069
-0.631983
-0.654529
-1.0435
0.185803
-0.0139709
0.0313021
0.0143191
0.333515
0.0176897
-0.0191633
0.744951
1.49049
-0.0876224
-0.0548975
0.16407
-0.126051
0.467396
0.122586
-0.0527284
0.0725098
1.36192
-0.339037
-0.0602356
0.0603835
-0.155864
0.00722963
0.316485
-0.114838
-0.0783586
0.686824
0.0
0.0
0.0
0.0
0.0
0.0
0.0
0.0
0.0
0.0
0.0
0.0
0.0
0.0
0.0
0.0
0.0
0.0
0.0
0.0
0.0
0.0
0.0
0.928124
0.0
2.12392
0.0
0.0
0.0
0.0
0.0
0.0
0.0
0.0
0.0
0.0
0.0
0.0
0.0
0.0
0.0
0.0
0.0
0.0
0.0
0.0
0.0
0.0
0.0
0.00182418
0.115662
-0.0337773
-0.00214678
-0.0100033
-0.255803
-0.155735
-0.190344
0.202446
0.0395654
0.0836378
-0.0994565
0.0214826
-0.214221
-0.254937
0.0172871
0.0832519
-1.3199
-0.000449623
-0.352016
0.0959275
-0.478211
-0.0602405
-0.011675
-0.0222181
0.586293
0.313756
-0.198752
-1.15136
0.0253008
1.58553
-0.701379
-0.0247713
0.125415
0.0677288
0.0445049
0.153877
0.164407
0.202473
0.564682
0.0807089
-0.116492
-0.16151
-0.553499
-0.232445
0.319408
-0.210636
0.156005
0.331689
0.0
0.0
-1.18621
0.0
0.0
0.0
0.0
0.0
0.0
0.0
0.0
0.0
0.0
0.0
0.0
0.0
0.0
0.0
0.0
0.0
0.0
0.0
0.0
0.0
0.0
0.0
0.0
0.0
0.0
-0.331946
-0.0395631
0.0
0.0
0.0
0.0
0.0
0.0
0.0
0.0
0.0
0.0
0.0
0.0
0.0
0.0
0.0
0.0
0.0
0.0
-0.00374802
-0.196387
0.0733954
-0.000713964
-0.000173197
0.508462
0.45221
0.249237
-0.0734393
0.00347751
0.0869087
0.523979
0.305014
-0.405384
0.0943947
-0.0281851
0.0988304
-0.0943173
0.000751549
0.408989
-0.730838
-0.70714
0.0672454
0.00163483
0.0923003
0.989815
-0.0538992
-1.44903
-0.00563613
-0.0723549
0.197021
-0.452851
-0.0223543
-0.343925
-0.159437
0.257261
0.0824852
0.290502
0.191669
-0.0179234
-0.0523582
-0.224088
0.00136264
-0.277397
-0.389086
0.272072
-0.182593
0.27971
-1.0075
0.0
0.0
0.0
0.0
0.0
0.0
0.0
0.0
0.0
0.0
0.0
0.0
0.0
0.0
0.0
0.0
0.0
0.0
0.0
0.0
0.0
0.0
0.0
0.0
0.0
0.0
0.0
0.0
0.0
0.0
0.0
0.0
0.0
0.0
0.0
0.0
0.0
0.0
0.0
0.0
0.0
0.0
0.0
0.0
0.0
0.0
0.480677
0.0
0.0
0.0
0.0
0.0
0.0
0.0
0.0
0.117123
0.0
0.0
0.0
0.0
0.0
0.0
0.0
0.0
0.0
0.0
0.0
0.0
0.0
0.0
0.0
0.0
0.0
0.0
0.0
0.0
0.0
0.0
0.0
0.0
0.0
1.88123
0.0
0.0
0.0
0.0
0.0
0.0
0.0
0.0
0.0
0.0
0.0
0.0
0.0
-1.20337
0.0
0.0
0.0
0.0
0.0
0.0
0.0
0.0
0.0
0.0
0.0
0.0
0.0
0.0
0.0
0.0
0.0
0.0
0.0
0.0
0.0
0.0
0.0
0.0
0.0
0.209941
0.0
0.0
0.0
0.0
0.0
0.0
0.0
0.0
0.0
0.0
0.0
0.0
0.0
0.0
0.0
0.0
-2.0829
0.0
0.0
0.0
0.0
0.0
0.0
0.0
0.0
0.0
-0.151003
0.0
0.0
0.0
0.0
0.0
0.0
0.295427
0.0
0.0
0.0
0.0
0.0
0.0
0.0
0.0
0.0
0.0
0.0
0.0
0.0
0.0
0.0
0.0
0.0
0.0
0.0
0.0
0.0
0.0
0.0
0.0
0.0
0.0
0.0
0.0
0.0
0.0
0.0
0.0
0.0
0.0
0.0
0.0
0.0
0.0
0.0
0.0
0.0
0.0
0.0
0.0
0.0
0.0
0.0
0.0
0.0
0.0
0.0
0.0
0.0
0.0
0.0
0.0
0.0
0.0
0.0
0.0
0.0
0.731766
0.0
0.0
0.0
0.0
0.0
0.0
0.0
0.0
0.0
0.0
0.0
0.0
0.0
0.0
0.0
0.0
0.0
0.0
0.0
0.0
0.0
0.0
0.0
0.0
0.0
0.0
0.0
0.0
0.0
0.0
0.0
0.0
0.0
0.0
0.0
0.0
0.0
0.0
0.0
0.179535
0.0
0.0
0.0
0.0
0.0
0.0
0.0
0.0
1.32219
0.0
0.0
0.0
0.0
0.0
0.0
0.0
0.0
0.0
0.0
1.84748
0.0
0.0
0.0
0.0
0.0
0.0
0.0
0.0
0.0
0.0
0.0
0.0
0.0
0.0
0.0
0.0737926
0.0
0.0
1.86563
0.0
0.0
0.0
0.0
0.0
0.0
0.0
0.0
0.507901
0.0
0.0
0.0
0.0
0.0
0.0
0.0
0.0
0.0
0.0
0.0
0.0
0.0
0.0
0.0
0.0
0.0
0.0
0.0
0.0
0.0
0.0
0.0
0.0
0.0
0.0
0.0
0.0
0.0
0.0
0.0
0.0
0.0
-0.648009
0.0
0.0
0.0
0.0
0.0
0.0
0.0
0.0
0.0
0.0
0.0
0.0
0.0
0.0
0.0
0.0
0.0
0.0
0.0
0.0
0.0
0.0
0.0
0.0
0.0
0.0
0.0
0.0
0.0
1.04253
0.206634
0.0
0.0
0.0
0.0
0.0
0.0
0.0
0.0
0.0
0.0
0.0
0.0
0.0
0.0
0.0
-0.582722
0.0
1.3043
0.0
0.0
0.0
0.0
0.0
0.0
0.0
0.0
0.0
0.0
0.0
0.0
0.0
0.0
0.0
0.0
0.0
0.0
0.0
0.0
0.0
0.0
0.0
0.0
0.0
0.400698
0.0
1.25125
0.0
0.0
0.0
0.0
0.0
0.0
0.0
0.0
0.0
0.0
0.0
0.0
0.0
0.0
0.0
0.0
0.0
0.0
0.0
0.0
0.0
0.0
0.0
0.0
0.0
0.0
0.0
0.0
0.0
0.0
0.0
0.0
0.0
0.0
0.0
0.0
0.0
0.360665
0.0
0.0
0.0
0.0
-1.64383
0.0
0.0
0.0
0.0
0.0
0.0
0.0
0.0
0.0
0.0
0.0
0.0
0.0
1.55371
0.0
0.0
0.0
0.0
0.0
0.0
0.0
0.0
0.0
0.0
0.0
0.0
0.0
0.0
0.0
0.0
0.00256738
0.390733
0.201692
0.000320649
-0.00257881
0.242866
-0.288564
0.35918
0.189805
-0.0626372
0.0854051
-0.0948054
-0.167558
-0.306066
-0.718986
-0.0154197
0.0360291
-1.18691
-0.000901331
-0.57591
0.0758912
-0.0348114
0.0689322
0.0153611
0.0862106
0.112163
0.320107
-0.0394128
-0.00745921
0.0737271
0.874266
0.111086
-0.0442333
0.266887
0.379339
-0.244926
0.0374274
-0.184424
-0.00391819
0.485143
-0.250341
-0.0517442
0.0720941
-0.0330861
0.117787
-0.158975
0.155739
-0.131566
0.809359
-1.61089
0.0
0.0
0.0
0.0
0.0
0.0
0.0
0.0
0.0
0.0
0.0
0.0
0.0
0.0
0.0
0.0
0.0
0.0
0.0
0.0
0.0
0.0
0.0
0.0
0.0
0.0
0.0
0.0
0.0
0.0
0.0
0.0
0.0
0.0
0.0
0.0
0.0
0.0
0.0
0.0
0.0
0.0
0.0
0.0
0.0
0.0
0.0
0.0
0.0
0.0
0.0
0.0
0.0
0.0
0.0
0.0
0.0
0.0
0.0
0.0
0.0
0.0
0.0
0.0
0.0
0.0
0.0
0.0
0.0
0.0
0.0
0.0
0.0
0.0
0.0
0.0
0.0
0.0
0.0
0.0
0.0
0.0
0.0
0.0
0.0
0.0
0.0
0.0
0.0
0.0
0.0
0.0
0.0
0.0
0.0
0.0
0.0
0.0
1.01835
0.0
0.0
0.699719
0.0
0.0
0.0
0.0
1.57971
0.0
0.0
0.0
0.0
0.0
0.0
0.0
0.0
0.0
0.0
0.0
0.0
0.0
0.0
0.0
0.0
0.0
0.0
0.0
0.0
0.0
0.0
0.0
0.0
0.0
0.0
0.0
0.0
0.0
0.0
0.0
0.0
0.0
0.0
0.0
0.0
0.0
0.0
0.0
0.0
0.0
0.0
0.0
0.0
0.0
0.0
0.0
0.0
0.0
0.0
0.0
0.0
0.0
0.0
0.0
0.0
0.0
0.0
0.0
0.0
0.0
0.0
0.0
0.0
0.0
0.0
0.0
0.0
0.0
0.0
0.0
0.0
0.0
0.0
0.0
0.0
0.0
0.0
0.0
0.0
0.0
0.0
0.0
0.0
0.0
0.0
0.0
0.0
0.0
0.0
0.0
0.0
0.0
0.0
0.0
0.0
0.0
-0.209086
0.0
0.0
1.26733
0.0
0.0
0.0
0.0
0.0
0.0
0.0
0.0
0.0
0.0
-0.148909
0.0
0.0
0.0
0.0
0.0
0.463506
0.0
0.0
0.0
0.0
0.0
0.0
0.0
0.0
0.0
0.0
0.0
0.0
0.0
0.0
0.0
0.0
0.0
0.0
0.0
0.0
0.0
0.0
0.0
0.0
0.0
0.0
0.0
0.0
0.0
0.0
0.0
0.0
0.0
0.0
0.0
0.0
0.0
0.0
0.0
0.0
0.0
0.0
0.0
0.0
0.0
0.0
0.0
0.0
0.0
0.0
0.444473
0.0
0.0
0.0
0.0
0.0
0.0
0.0
0.0
0.0
0.0
0.0
0.0
0.0
0.0
0.0
-0.292686
0.0
0.0
0.0
0.0
0.0
0.0
0.0
0.0
0.0
0.0
-0.483025
0.0
0.0
0.0
0.0
-0.498439
0.0
0.0
0.0
0.0
0.807067
0.0
0.0
0.0
0.0
0.0
0.0
1.59933
0.0
-0.716674
0.0
0.0
0.0
0.0
0.0
0.0
0.0
0.0
-0.433385
0.0
0.0
0.0
0.0
0.0
0.0
0.0
0.0
0.0
0.0
0.0
-0.00193234
-0.288792
-0.0685707
-0.00179292
-0.0184481
-0.182033
-0.00824983
0.565004
-0.00446751
-0.116047
0.0830826
0.658476
-0.0361086
0.443268
0.365867
0.0882755
0.0817515
-0.149346
0.00501455
0.493064
-0.0644697
0.0707604
0.116456
-0.00702269
0.012252
1.41501
-0.159653
0.0586537
-0.00201188
-0.0388026
-0.0878586
-0.019743
-0.0384881
-0.133564
-0.0130027
0.343498
0.0885467
0.0840048
-0.0341832
0.193703
0.0272415
-0.119091
0.0897165
0.0930064
0.209046
0.182807
-0.0771632
-0.00861228
-0.634545
0.0
0.0
0.0
0.0
0.0
0.0
0.0
0.0
0.0
0.0
0.0
0.0
0.0
0.0
0.0
0.0
0.0
0.0
0.0
0.0
0.0
0.0
0.0
0.0
0.0
0.0
0.0
0.0
0.0
0.0
0.0
0.0
0.0
0.0
0.0
0.0
0.974887
0.0
0.0
0.0
0.0
0.0
0.0
0.0
0.0
0.0
0.0
0.0
0.0
0.0
0.0
0.0
0.0
0.0
0.0
0.0
0.0
-1.26067
0.0
0.0
0.0
0.0
0.0
0.0
0.0
0.0
0.0
0.0
0.0
0.0
0.0
0.0
0.0
0.0
0.0
0.0
0.0
0.0
-1.42588
0.0
0.0
0.0
0.0
0.0
0.0
0.0
0.0
0.0
0.0
0.0
0.0
0.0
0.0
0.0
0.0
0.0
-0.293627
0.0
0.0
0.0
0.0
0.0
0.0
0.0
0.0
0.0
0.0
0.0
0.0
0.0
0.0
0.0
0.0
0.0
0.0
0.0
0.0
-3.44252
0.0
0.0
0.0
0.0
0.0
0.0
0.0
0.0
0.0
0.0
0.0
0.0
0.0
0.0
0.0
-0.0668745
0.0
0.0
0.0
-2.63355
0.0
0.0
0.0
0.0
0.697825
0.0
0.0
0.0
0.0
0.0
0.0
0.0
0.0
0.0
0.0
0.0
0.0
0.0
0.0
-0.80829
0.0
0.0
0.0
0.0
0.0
0.0
0.0
0.0
0.0
0.0
0.0
0.0
0.0
0.0
0.0
0.0
0.0
0.0
0.0
0.0
0.0
0.0
-0.420058
0.0
0.0
0.0
0.0
0.0
0.0
0.0
0.0
0.0
0.0
0.0
0.0
0.0
0.0
0.0
0.0
0.0
-0.680452
0.0
0.0
0.0
-0.282651
0.0
0.0
0.0
0.0
0.0
0.0
1.70013
0.0
0.0
0.0
0.0
0.0
0.0
0.0
0.0
0.0
0.0
0.0
0.0
0.0
0.0
0.0
0.0
0.0
0.0
0.0
-0.60002
0.0
0.0
0.0
0.0
0.0
0.0
0.0
0.0
0.0
0.0
0.0
0.0
0.0
0.0
0.0
0.0
0.0
0.0
0.0
0.0
0.0
0.0
0.0
0.0
0.0
0.0
0.0
0.0
0.0
0.0
0.0
0.484481
0.0
0.0
0.0
0.0
0.0
0.0
-0.193988
0.0
0.0
0.0
0.0
0.0
0.0
0.0
1.24921
0.0
0.0
0.0
0.0
0.0
1.08422
0.0
0.0
0.0
0.0
0.0
0.0
0.0
0.0
0.0
0.0
0.0
7.80311e-05
0.349715
-0.0811963
0.968598
-0.0189297
0.147748
-0.410929
-0.00883408
-0.0316464
-0.107386
0.0947529
-0.272682
-0.0791709
-0.33584
-0.811475
0.0361509
-0.00592523
-1.50417
-0.00633067
-0.733167
-0.28233
0.053191
0.0287564
0.0241358
0.0137489
0.0618881
0.333869
0.0361888
-0.00703697
0.0428453
0.994813
0.0720466
-0.0674582
0.195995
0.206013
-0.222329
0.120407
-0.219667
-0.113908
0.858199
-0.244956
0.0258102
0.0706761
-0.0346519
0.0451603
-0.140376
0.145434
0.0618465
0.799473
0.0
0.0
0.0
0.0
0.0
0.0
0.0
0.0
0.0
0.0
0.0
0.0
0.0
0.0
0.0
0.0
0.0
0.0
0.0
0.0
0.0
0.0
0.0685782
0.0
0.0
0.0
0.0
0.0
0.0
0.0
0.0
0.0
0.0
0.0
0.0
0.0
-0.488085
0.0
0.0
0.0
0.0
0.0
0.0
0.0
0.0
0.0
0.0
0.0
0.25126
0.0
0.0
0.0
0.0
0.0
0.0
0.0
0.0
0.0
0.0
0.0
0.0
0.0
0.0
0.0
0.0
0.0
0.0
0.0
0.0
0.0
0.0
0.0
0.0
0.0
0.0
0.0
0.0
0.0
0.0
0.0
0.0
1.96766
0.0
0.0
0.0
0.0
-0.769903
0.0
0.0
0.0
-1.46087
0.0
0.0
0.0
0.0
0.0
0.0
0.0
0.0
0.0
0.0
0.0
0.0
0.0
0.0
0.0
0.0
0.0
0.0
0.0
0.0
0.0
0.0
0.0
0.0
0.0
0.0
0.0
0.0
0.0
0.0
0.0
0.0
0.0
0.0
0.0
0.0
0.0
0.0
0.0
0.0
0.0
0.0
0.0
0.0
0.0
0.0
0.0
0.0
0.0
0.0
0.0
0.0
0.0
0.0
0.0
0.0
0.0
0.0
0.0
0.0
0.0
0.0
0.0
0.0
0.0
0.0
0.0
0.0
0.0
0.0
0.0
0.0
0.0
0.0
0.0
0.0
0.0
0.0
0.0
0.0
0.0
0.0
0.0
0.0
0.0
0.0
0.0
0.0
0.0
0.0
0.0
0.0
0.0
0.0
0.0
0.0
0.0
0.0
0.0
0.0
0.0
0.0
0.0
0.0
0.0
0.0
0.0
0.0
0.0
0.0
0.0
0.0
0.0
0.0
0.0
0.0
0.0
0.0
0.0
0.0
0.0
0.0
0.0
0.0
0.0
0.0
0.0
0.0
0.0
0.0
0.0
0.0
0.0
0.0
0.0
0.0
0.0
0.0
0.0
0.0
0.0
0.0
0.0
0.0
0.0
0.0
-0.375176
0.0
0.0
0.0
0.0
0.0
0.0
0.0
0.0
0.0
0.0
0.0
0.0
0.0
0.0
0.0
0.0
0.213138
0.0
0.0
0.0
0.0
0.0
0.0
0.0
0.0
0.0
0.0
0.0
0.0
0.0
0.0
0.0
0.0
0.0
0.0
0.0
0.0
0.0
0.0
0.0
0.0
0.526554
0.0
0.0
2.70776
0.0
0.0
0.0
0.0
0.0
0.0
0.0
0.0
0.0
0.0
-0.106024
0.0
0.0
0.0
0.0
0.0
0.0
0.0
0.0
-0.197639
0.0
0.0
0.0
0.0
0.0
0.0
0.300065
0.0
-0.338993
0.0
0.0
0.0
0.0
0.0
0.0
0.0
0.0
0.0
0.509865
0.0
0.243186
0.0
0.0
0.0
0.0
0.0
0.0
0.0
0.0
1.53221
0.0
0.0
0.0
0.0
0.0
0.0
0.0
0.0
0.0
0.0
0.0
0.0
0.0
0.0
0.0
0.0
0.0
0.0
0.0
0.0
0.0
0.0
0.0
0.0
0.0
0.0
0.0
0.0
0.0
0.0
0.0
0.975514
0.0
0.0
0.0
0.0
0.0
0.0
0.0
0.0
0.0
0.0
0.0
0.0
0.0
0.0
0.0
0.0
0.0
0.0
0.0
0.528249
0.0
0.0
0.0
0.0
0.0
0.0
0.0
0.0
0.0
0.0
0.0
0.0
0.0
0.0
0.0
0.0
0.370215
0.0
0.0
0.0
0.0
0.0
0.0
0.0
0.0
0.0
0.0
0.0
0.0
0.0
0.0
0.0
0.0
0.0
0.0
0.0
0.0
0.0
0.0
0.0
0.0
0.0
0.0
0.0
0.0
0.0
0.0
0.0
0.0
0.0
0.0
0.0
0.0
0.0
0.0
0.0
0.0
0.0
0.0
0.0
0.0
2.98456
0.0
0.0
0.0
0.0
0.0
0.0
1.16555
0.0
0.0
0.0
0.0
0.0
0.0
0.0
0.0
0.0
0.0
0.0
0.0
0.0
0.0
0.0
0.0
0.0
0.0
0.0
0.0
0.0
0.0
0.0
0.0
0.0
0.0
0.0
0.0
0.0
0.0
0.0
0.0
0.0
0.0
0.0
0.0
0.0
0.0
0.0
0.0
0.0
0.0
0.0
0.0
0.0
0.0
0.0
0.0
0.0
0.0
0.0
0.0
0.0
0.0
0.0
0.0
0.0
0.0
0.0
0.0
0.0
0.0
0.0
0.0
0.0
0.0
0.0
0.0
0.0
0.0
0.0
0.0
0.0
0.0
-0.100342
0.0
0.0
0.0
0.0
-0.391739
0.0
-2.61641
0.0
0.0
0.0
0.0116842
-0.368168
0.229844
-0.000827352
0.0247576
-0.0541178
-0.13989
0.470358
-0.016107
-0.0654573
-0.0808562
0.363869
0.165641
0.0817976
0.148851
-0.0250895
0.0114763
-0.0139585
0.00477088
0.395892
-0.184435
0.014546
0.0904809
-0.0235291
0.0495338
1.17307
-0.16055
-0.081282
-0.0110679
0.0971606
-0.0683936
-0.0362916
0.0617104
-0.115559
-0.169212
-0.0462749
0.139902
0.191275
0.0264343
0.0331845
0.0359704
-0.194833
-0.0232237
0.0650274
0.173561
0.232079
-0.190655
0.0680476
-0.680746
0.0
0.0
0.0
0.0
0.0
0.240128
0.0
0.0
0.0
0.0
0.0
0.0
0.0
0.0
0.0
-1.32315
0.0
-1.48548
0.0
0.0
0.0
0.0
0.0
1.81333
0.0
0.0
0.0
0.0
0.0
0.0
0.0
0.0
0.0
0.0
0.0
0.0
0.0
0.0
0.0
0.0
0.655601
0.0
0.465007
0.0
0.0
0.0
0.0
0.0
0.0
0.0
0.0
0.0
0.0
0.0
0.0
0.0
0.0
0.0
0.0
0.190854
0.0
0.0
0.0886749
0.0
0.0
0.669236
0.0
0.0
0.0
0.0
0.0
0.0
0.0
0.0
0.0
0.0
0.0
-0.814909
0.0
0.0
0.0
0.0995315
0.0
0.0
0.0
-0.990258
0.0
0.0
0.0
0.0
0.0
0.0
0.0
0.0
0.0
0.0
0.0
0.718672
0.0
0.0
0.0
0.0
0.0
0.0
0.0
0.0
0.0
0.0
0.0
0.0
0.0
0.0
0.0
0.0
0.0
0.0
0.0
0.0
0.0
0.0
0.0
0.0
0.0
0.0
0.0
0.0
0.0
0.0
0.0
0.0
-1.25649
0.0
0.0
0.0
0.0
0.0
0.0
0.0
0.0
0.0
0.0
0.0
0.0
0.0
0.0
0.0
0.0
0.0
0.0
0.0
0.0
0.0
0.0
0.0
0.0
0.0
0.0
0.0
-2.37706
0.0
0.0
0.0
0.0
0.0
0.0
0.0
0.0
0.0
0.299126
0.0
0.0
0.0
0.0
0.0
0.0
0.0
0.0
0.0
0.0
0.0
0.0
0.0
0.0
0.0
0.0
0.0
0.0
0.0
0.0
0.0
0.0
0.0
0.0
0.0
0.0
0.0
0.0
0.0
0.0
0.0
0.0
0.0
0.0
0.0
0.0
0.0
0.0
0.0
0.0
0.0
0.0
0.0
0.0
0.0
0.0
0.0
0.0
0.0
0.0
0.0
0.0
0.0
0.0
0.0
0.0
0.0
0.0
0.0
0.0
0.0
0.0
0.0
0.0
0.0
0.0
0.0
0.0
0.0
0.0
0.0
0.0
0.0
0.0
0.0
0.0
0.0
-0.944223
0.0
0.0
0.0
-0.939013
0.0
0.0
0.0
0.0
0.0
0.0
0.0
0.0
0.0
0.0
0.0
0.0
0.0
0.0
-0.456841
0.0
0.0
0.0
0.0
0.0
0.0
0.0
0.0
0.0
0.0
0.0
0.0
0.0
0.0
0.0
0.0
0.0
0.0
4.09885
0.0
0.0
-0.731747
0.0
0.0
0.0
0.0
0.0
0.0
0.0
0.0
0.0
0.281569
0.0
0.0
-0.139245
0.0
0.0
0.0206012
0.0
1.45905
0.0
0.0
0.0
0.0
0.0
0.0
0.0
0.0
0.0
0.0
0.0
0.0
0.0
0.0
0.0
0.0
0.0
0.0
0.0
0.0
0.0
0.0
0.0
0.0
0.0
0.0
0.0
0.0
0.0
0.0
0.0
0.0
0.0
0.0
0.0
0.0
0.0
0.0
0.0
0.0
0.0
0.0
0.0
0.0
1.88246
0.0
0.0
0.0
0.0
0.0
0.0
0.0
0.0
0.0
0.0
0.0
0.0
0.0
0.0
0.0
0.0
0.0
0.0
0.0
0.0
0.0
0.0
0.0
0.0
0.0
0.0
0.0
0.0
0.0
0.0
0.0
0.337588
0.0
0.0
0.0
0.0
0.0
0.0
0.0
0.0
0.0
0.0
0.0
0.0
0.0
0.0
0.0
0.0
0.0
0.0
0.0
0.0
0.0
0.0
0.0
0.0
0.0
0.0
0.0
0.0
0.0
0.0
-0.605503
0.0
0.0
0.0
0.0
0.0
0.0
0.0
0.0
0.0
0.0
0.0
0.0
0.0
0.0
0.0
0.0
0.0
0.0
0.0
0.0
0.0
-1.07726
0.0
0.0
0.0
0.0
0.0
0.0
0.0
-0.0838389
0.0
0.0
0.0
0.0
0.0
0.0
0.0
0.0
0.0
0.0
0.0
0.0
0.0
0.0
0.0
0.0
0.0
0.0
0.0
0.096293
0.0
0.0
0.0
-0.0737161
0.0
0.0
0.0
-0.600984
0.0
0.0
0.0
0.0
-1.03743
0.0
0.0
1.11941
0.0
0.0
0.0
0.0
0.0
0.0
0.0
0.0
0.0
0.0
0.0
0.0
0.0
0.0
0.0
0.0
0.0
0.0
0.0
0.0
0.0
0.0
0.0
0.0
0.0
0.0
0.0
-0.557839
0.0
0.0
0.0
0.0
0.0
0.0
0.0
0.0
0.0
0.0
0.0
0.0
0.0
0.0
0.0
0.0
0.0
0.0
0.0
0.0
0.0
0.0
0.0
0.0
0.0
0.222808
0.0
0.0
0.0
0.0
0.0
0.0
0.0
-0.302339
0.0
0.0
0.0
0.0
0.0
0.0
0.0
0.0
-0.794897
0.0
0.0
0.0
0.0
0.0
0.0
0.0
0.0
0.0
0.0
0.0
0.0
0.0
0.0
0.0
0.0
0.0
0.0
0.0
0.0
0.0
0.0
0.0
0.0
0.0
0.821149
-0.363878
0.0
0.0
0.0
0.0
0.0
0.0
0.0
0.0
0.0
0.0
0.0
0.0
0.0
0.0
0.0
0.0
0.0
0.0
0.0
0.0
0.0
0.0
0.0
0.0
0.0
0.0
0.0
0.0
0.0
0.0
0.0
0.0
-1.38481
0.0
0.0
-0.0453048
0.0
0.0
0.0
0.0
0.0
0.0
0.0
0.0
0.0
0.0
0.0
0.0
0.0
0.0
0.0
0.0
0.0
0.0
0.0
1.33463
0.0
0.0
0.0
0.0
0.0
0.0
0.0
0.0
0.0
0.0
0.0
0.0
0.0
0.0
0.0
0.0
0.0
0.0
-1.80286
0.0
0.0
0.0
0.0
0.0
0.0
0.0
0.0
0.0
0.0
0.0
0.0
0.0
0.0
0.0
-0.11388
0.0
0.0
0.0
0.0
0.0
0.0
0.0
0.0
0.0
0.0
0.0
0.0
0.0
0.0
0.0
0.0
0.0
0.0
0.0
0.0
0.0
0.0
0.0
0.0
0.0
0.0
-0.306403
0.0
0.49945
0.0
0.0
0.0
0.0
0.0
0.0
0.0
0.0
0.0
0.0
0.0
0.0
0.0
0.0
0.0
0.0
0.0
0.0
0.0
0.0
0.0
0.0
1.45058
0.0
0.0
0.0
0.0
0.0
0.0
0.0
0.0
0.0
0.0
0.0
0.0
0.0
0.0
0.0
0.0
0.0
0.0
0.0
0.0
0.0
0.876351
0.0
0.0
0.0
0.0
0.0
0.0
0.0
-1.09179
0.0
0.0
0.0
-1.40784
0.0
0.428974
0.0
0.0
0.0
0.0
0.0
0.0
0.0
0.453892
0.0
0.0
0.0
0.0
0.0
0.0
0.0
0.0
0.0
0.0
0.0
0.0
0.0
0.0
0.0
0.0
0.0
0.0
0.0
-0.417845
0.0
0.0
0.0
-0.484921
0.0
0.0
0.0
0.0
-1.44949
0.0
0.0
0.0
0.0
0.0
-0.329771
0.0
0.0
0.0
0.0
0.0
0.0
0.0
0.0
0.0
0.0
0.0
0.0
0.0
0.0
0.0
0.0
0.0
0.0
0.0
0.0
0.0
0.0
0.0
0.0
0.0
0.0
0.0
0.0
0.0
0.0
0.0
-0.374398
0.0
0.0
0.0
0.0
0.0
0.0
0.0
1.24244
0.0
0.0
0.0
0.0
0.0
0.0
0.0
0.0
0.0
0.0
0.0
0.0
0.0
0.0
0.0
0.0
0.0
0.0
0.0
0.0
0.798932
0.0
0.0
0.0
0.0
0.0
0.0
0.0
0.0
0.0
0.0
0.0
0.0
0.0
0.0
0.0
0.0
0.0
0.0
0.0
0.0
0.0
0.0
0.0
0.0
0.0
0.0
0.0
0.0
0.0
0.0
0.0
0.0
0.0
0.0
0.0
0.0
0.0
0.0
0.0
0.0
0.404834
0.0
0.0
0.0
0.0
0.0
0.0
0.0
0.0
0.73677
0.0
0.0
0.0
0.0
0.0
0.0
0.0
0.0
0.0
0.0
0.0
0.0
0.0
0.0
0.0
0.0
0.0
0.0
-0.855637
0.0
0.0
0.0
0.0
0.0
0.0
0.0
0.0
0.0
0.0
0.0
0.0
0.538169
0.0
0.0
0.0
0.0
0.0
0.0
0.0
0.0
0.601031
0.0
2.32442
0.0
0.0
0.0
0.0
0.0
0.0
0.0
0.0
0.0
0.0
0.0
0.0
0.0
0.0
0.0
0.0
0.0
0.0
0.0
0.0
0.0
0.0
0.0
0.538415
0.0
2.03944
-0.00748295
0.336158
0.0494647
0.00103959
-0.0148525
0.128447
-0.300538
0.344049
0.122625
0.0199784
-0.0183916
-0.944136
-0.503096
-0.487001
-0.94382
0.0428984
0.0329889
-1.29975
-0.00489438
-0.680207
0.279341
0.14938
-0.0767282
0.0385793
0.000722726
0.0472446
0.325499
-0.0957004
-0.0200194
-0.0514893
0.7271
0.107504
0.125795
0.264976
0.349585
-0.232383
-0.0750043
-0.267666
-0.381585
0.702406
-0.118768
-0.155562
0.0419232
-0.0609227
0.172561
-0.278142
0.121799
-0.0013698
0.793788
0.0
0.0
0.0
0.0
0.0
0.0
0.0
0.0
0.0
0.0
0.264321
0.0
0.0
0.0
0.0
0.0
0.0
0.0
0.0
0.0
0.0
0.0
0.0
0.0
0.0
0.0
0.0
0.0
-2.3984
0.0
0.0
0.0
0.0
0.0
0.0
0.0
0.0
0.0
0.0
0.0
0.0
0.0
0.0
0.0
0.0
-1.25215
0.0
0.148244
0.0
0.0
0.0
0.0
0.0
0.0
0.0
0.0
0.0
-0.411391
0.0
0.0
0.0
0.0
0.0
0.0
0.0
0.0
0.0
0.0
0.0
0.0
0.0
0.0
0.0
0.0
0.0
0.0
0.0
0.0
0.0
0.0
-1.52697
0.0
0.0
0.0
0.0
0.0
0.0
0.0
0.0
0.0
0.0
0.0
0.0
0.0
0.0
0.0
0.0
0.0
0.0
0.0
0.0
0.0
0.0
0.0
0.0
0.0
0.0
0.0
0.0
0.0
0.0
0.0
0.0
0.0
0.0
0.0
0.0
0.0
0.0
0.0
0.0
0.0
0.0
0.0
0.0
0.0
0.0
0.0
0.0
0.0
0.0
0.0
0.0
0.0
0.0
0.0
0.0
0.0
0.0
0.0
0.0
0.0
0.0
0.0
0.0
0.0
0.0
0.0
0.0
0.0
0.0
0.0
0.0
0.0
0.0
0.0
0.0
0.0
0.0
0.0
0.0
0.0
0.0
0.0
0.0
0.0
0.0
0.0
0.0
0.0
0.0
-0.533707
0.0
0.0
0.0
-0.0816025
0.0
0.0
0.0
0.0
0.0
0.0
0.0
0.0
0.0
0.0
0.0
0.0
0.0
0.0
0.0
0.0
0.0
0.0
0.0
0.0
0.0
0.0
0.0
0.583408
0.0
0.639099
0.0
0.0
0.0
0.0
0.0
0.0
0.0
0.0
0.0
0.0
0.0
0.0
0.0
0.0
0.0
0.0
0.0
0.0
0.0
0.0
0.0
0.0
0.0
0.0
0.0
0.0
0.0
1.29415
0.0
0.0
0.0
0.0
0.0
0.0
0.0
0.0
0.0
0.0
0.0
0.0
0.0
0.0
0.0
0.0
0.0
0.0
0.0
0.0
0.0
0.0
0.0
0.0
0.0
0.0
0.0
0.0
0.0
0.0
0.0
0.0
0.0
0.0
0.0
0.0
0.0
0.0
0.0661313
0.0
0.0
0.0
0.0
0.470379
0.0
0.0
0.0
0.0
0.0
0.0
0.0
0.0
0.0
0.0
0.0
0.0
0.0
0.0
0.0
0.0
0.0
0.0
0.0
0.0
0.0
0.0
0.0
0.0
0.0
0.0
0.0
0.0
0.0
0.0
0.0
0.0
0.0
0.0
0.0
0.0
0.0
0.0
0.0
0.0
0.0
0.0
0.0
0.0
0.0
0.0
0.0
0.0
0.0
0.0
0.0
0.0
0.0
0.0
0.0
0.0
0.0
0.0
-0.929164
0.0
0.0
0.0
0.0
0.0
0.0
0.0
0.0
0.0
0.0
0.0
0.0
0.0
0.0
0.0
0.0
0.0
0.0
0.0
0.0
0.0
0.0
0.0
0.0
0.0
-0.00536876
0.0
0.0
0.0
0.0
0.0
0.0
0.0
0.0
0.0
0.0
0.0
0.0
0.0
0.0
0.0
0.0
0.0
0.0
0.0
0.0
0.0
0.0
0.0
0.0
0.0
0.0
0.0
-1.00131
0.0
0.0
0.0
0.0
0.0
0.0
0.0
0.0
0.0
0.0
0.0
0.0
0.0
0.0
0.0
0.0
0.0
0.0
0.0
0.0
0.0
0.0
0.0
0.0
0.0
-2.10687
0.0
0.0
0.0
0.0
0.0
0.0
0.0
0.0
0.0
0.0
0.0
0.0
0.0
0.0
0.0
0.0
0.0
0.0
0.0
0.0
0.0
0.0
0.0
0.0
0.0
0.0
0.0
0.0
0.0
0.0
0.0
0.0
0.0
0.0
0.0
0.0
0.0
0.0
0.0
0.0
0.0
0.0
0.0
0.0
0.0
0.0
0.0
0.0
0.0
0.0
0.0
0.0
0.0
0.0
0.0
0.0
0.0
0.0
0.0
0.302899
0.0
0.0
0.0
0.0
0.0
0.0
0.0
0.0
0.0
0.0
0.0
0.0
0.0
0.0
0.0
0.0
0.0
0.0
0.0
0.0
0.0
0.0
0.0
0.0
0.0
0.0
0.0
0.0
0.0
0.0
0.0
0.0
0.0
0.0
0.0
0.0
0.0
0.0
0.0
0.0
0.0
0.0
0.0
0.0
0.0
0.0
0.0
0.0
0.0
0.0
0.0
0.0
0.0
0.0
0.0
0.0
0.0
0.0
0.0
1.49808
0.0
0.0
0.0
0.0
0.0
0.0
0.0
0.0
0.0
0.0
0.0
0.0
0.0
0.0
-0.36554
0.0
0.0
0.0
0.0
2.44525
0.0
0.0
0.0
0.0
-0.78694
0.0
0.0
0.0
0.0
0.0
0.0
0.0
0.0
0.0
0.0
0.0
0.0
0.0
0.0
0.0
0.0
0.0
0.0
0.0
0.0
0.0
0.0
0.0
0.0
0.0
-0.04976
0.290469
0.0
0.0
0.0
0.0
0.0
0.0
0.0
0.0
0.0
0.0
0.0
0.0
-0.881113
0.0
0.0
0.0
-1.33754
0.0
0.0
0.0
0.0
0.0
0.0
0.0
0.0
0.0
0.0
0.0
0.0
0.0
0.0
0.0
0.0
0.0
1.20457
0.0
0.0
0.0
0.0
0.0
0.0
0.0
0.0
0.0
0.0
0.0
0.0
0.0
0.0
0.0
0.0
0.0
0.00528971
-0.229395
0.566296
-0.000176881
0.0396698
0.031849
-0.235586
0.554271
0.0885905
-0.146534
-0.00728675
0.195747
0.364323
0.303081
0.331748
0.0436809
-0.0214945
-0.0646037
-0.00477014
0.336249
-0.083676
-0.229651
0.194026
-0.0210668
0.05255
0.915251
-0.150184
-0.158253
-0.0232795
0.0842957
-0.0953777
-0.0213406
-0.0605532
-0.0569157
-0.0713915
0.590884
-0.13902
0.0982362
0.189523
0.00582251
0.217346
-0.32639
-0.105457
0.233827
0.233867
0.0102236
-0.147661
0.0367082
-0.60028
0.0
0.0
0.0
0.0
0.0
0.0
0.0
0.0
0.0
0.0
0.0
0.0
0.0
0.0
0.0
0.0
0.0
0.0
0.0
-0.49293
0.0
0.0
0.0
0.0
0.0
0.0
0.0
0.0
0.0
0.0
0.0
0.0
0.0
0.0
0.0
0.0
0.0
0.0
0.0
0.0
0.0
0.0
0.0
0.0
0.0
0.0
0.0
0.0
0.0
0.0
0.0
0.0
0.0
0.0
0.0
0.0
0.0
0.0
0.0
0.0
0.0
0.124265
0.0
0.0
-0.106828
0.09892
0.0
0.0
0.0
0.0
0.0
0.347122
0.0
0.0
0.0
0.0
0.0
0.0
0.0
-1.3062
0.0
0.0
0.0
0.0
0.0
0.0
0.0
0.0
0.0
0.0
0.0
0.0
0.0
0.0
0.0
0.0
0.0
0.0
0.807221
0.0
0.0
0.0
0.0
0.0
0.0
0.0
0.0
0.0
0.0
0.0
0.0
0.0
0.0
0.0
0.0
0.0
0.0
0.0
0.0
0.0
0.0
0.0
-1.31436
0.0
0.0
0.0
0.0
0.0
0.0
-0.153592
0.0
0.0
0.0
0.0
0.0
0.0
0.0
0.0
0.0
0.0
0.866613
0.0
1.08905
0.0
0.0
0.0
0.0
0.0
0.0
0.0
0.0
0.0
0.0
0.0
0.0
0.0
0.0
0.0
0.0
0.0
0.0
0.0
0.0
0.0
0.0
0.0
0.0
0.0
0.0
0.0
0.0
0.0
0.0
0.0
0.0
0.0
0.0
0.0
0.0
0.0
0.0
0.0
0.0
0.0
0.0
0.0
0.0
0.0
0.0
0.0
0.0
0.0
0.0
0.0
0.0
0.0
0.0
0.0
0.0
0.0
0.0
0.0
0.0
0.0
0.608051
0.0
0.0
0.0
0.0
0.0
0.0
0.0
-0.820314
0.0391427
0.0
0.0
0.0
0.0
0.0
0.0
0.0
0.0
1.11687
0.0
0.0
0.0
0.0
0.0
0.0
0.0
0.0
0.0
0.0
0.0
0.0
0.0
0.0
0.0
0.0
0.0
0.0
0.0
0.0
0.0
0.0
0.0
0.0
0.0
0.0
0.0
0.0
0.0
0.0
0.0
0.0
0.0
0.0
0.0
0.0
0.0
0.0
0.0
0.0
0.0
0.0
0.0
0.0
0.891276
0.0
0.0
-0.939678
0.0
0.791534
0.0
0.0
0.0
0.0
0.0
-1.67089
0.0
0.0
0.0
0.0
0.0
0.0
0.0
0.0
0.0
0.0
0.0
0.0
0.0
0.0
0.0
0.0
0.0
0.0
0.0
0.0
0.0
0.0
0.0
0.0
0.0
0.0
0.0
0.0
0.0
0.0
0.0
0.481405
0.0
0.637258
0.0
0.0
0.0
0.0
0.0
0.0
0.0
0.0
0.0
0.0
0.0
2.0866
0.0
0.0
0.0
0.0
0.0
0.0
0.0
0.0
0.0
0.0
0.0
0.0
0.0
0.0
0.0
0.0
0.0
0.0
0.0
0.0
0.0
0.0
0.0
0.0
0.0
0.0
0.0
0.0
0.0
0.0
0.0
0.0
0.0
0.0
0.0
0.0
0.0
0.0
0.0
0.0
0.0
0.0
0.0
0.0
0.0
0.0
0.0
0.0
0.0
0.0
0.0
0.0
0.0
0.0
0.0
0.0
0.0
0.0
0.0
0.0
0.0
0.0
0.0
0.0
0.0
0.0
0.0
0.0
0.0
0.0
0.0
0.0
0.0
0.0
0.0
0.0
0.0
0.0
0.0
0.0
0.0
0.0
0.0
0.0
0.0
0.0
0.0
0.0
0.0
0.0
0.0
0.0
0.0
0.0
0.0
0.0
0.0
0.0
0.0
0.0831146
0.0
0.0
0.0
0.0
0.0
0.0
0.0
0.0
0.0
0.0
0.0
0.0
0.0
0.0
0.0
0.0
0.0
0.0
0.0
0.0
0.0
0.0
0.0
0.0
0.0
0.0
0.0
0.0
0.0
0.0
0.0
0.0
0.0
0.0
0.0
0.0
0.0
0.0
0.0
0.0
0.0
0.0
0.0
0.0
0.0
0.0
-0.664089
0.0
0.0
0.0
0.0
0.0
0.0
0.0
0.0
0.0
0.0
-1.4269
0.0
0.0
0.0
0.0
0.0
0.0
0.0
0.0
0.0
0.0
-0.637582
0.0
0.0
0.0
0.0
0.0
0.0
0.0
0.0
0.0
0.0
0.0
0.0
0.0
0.0
0.0
0.0
0.0
0.0
0.0
2.24812
0.0
0.0
0.0
0.0
0.0
0.0
0.0
0.0
0.0
0.0
0.0
0.0
0.0
0.0
0.0
0.0
0.0
0.0
0.0
0.0
0.0
0.0
0.568484
0.0
0.0
0.0
0.0
0.0
0.0
0.0
0.0
0.0
0.0
0.0
0.0
0.0
0.0
0.0
0.0
0.0
0.0
0.689103
0.0
0.0
0.0
0.0
0.0
0.0
0.0
0.0
0.0
0.0
0.0
0.0
0.0
0.0
0.0
0.0
0.0
0.0
0.0
0.0
0.0
0.0
0.0
0.0
0.0
0.0
0.0
0.0
0.0
0.0
0.0
0.0
0.0
0.0
0.0
0.0
0.0
0.0
0.0
0.0
0.0
0.0
0.0
0.0
0.0
0.0
0.0
0.0
0.0
0.0
0.0
0.0
0.0
0.0
0.0
0.0
0.0
0.0
0.0
0.0
0.0
0.0
0.0
0.0
0.0
0.0
0.0
0.0
0.0
0.0
0.0
0.0
0.0
0.0
0.0
0.0
0.0
0.0
0.0
0.0
0.0
0.0
0.0
0.0
0.0
0.0
0.0
0.0
0.0
0.0
0.0
0.0
0.0
0.0
0.0
0.0
0.0
0.0
0.0
0.0
0.0
0.0
0.0
0.0
0.0
0.0
0.0
0.0
0.0
0.0
0.0
0.0
0.0
0.0
0.0
0.0
0.0
0.0
0.0
0.0
0.0
0.0
0.0
0.0
0.0
0.0
0.0
0.0
0.0
0.0
0.0
0.0
0.0
0.0
0.0
-1.65027
0.0
0.0
0.0
0.0
0.0
0.0
0.0
0.0
0.0
0.0
0.0
0.0
0.0
0.0
0.0
0.0
0.0
0.0
0.0
0.0
-0.518834
0.0
0.0
0.0
0.0
0.0
0.0
0.0
0.0
0.0
0.0
0.0
0.0
0.0
0.0
0.0
0.0
0.0
0.0
0.0
0.0
0.0
0.0
0.0
0.0
0.0
0.0
0.0
0.0
0.0
0.0
-0.871212
0.0
0.0
0.0
0.0
0.0
0.0
0.0
0.0
0.0
0.0
0.0
0.0
0.0
0.0
0.0
0.375736
-0.988698
0.0
0.0
0.0
0.0
0.0
0.0
0.0
0.0
0.0
0.0
0.0
0.0
0.0
0.0
0.520764
0.0
0.0
-1.59263
0.0
0.0
0.0
0.0
0.0
0.0
0.0
0.0
0.0
0.0
0.0
0.0
0.0
0.0
0.0
0.0
0.0
0.0
0.0
0.0
0.0
0.0
0.0
0.0
0.0
0.0
0.0
0.0
0.0
0.0
0.0
0.0
0.0
0.0
0.0
0.0
0.0
0.0
-0.785929
0.0
0.0
0.0
0.0
0.0
0.0
0.0
0.0
0.0
0.0
0.0
0.0
-1.15193
0.0
0.0
0.0
0.0
0.0
0.0
0.0
0.0
0.0
0.0
0.0
0.0
0.0
0.0
0.0
0.386483
0.0
-0.385193
0.0
0.0
0.0
0.0
0.0
0.0
0.0
0.0
0.0
0.0
0.0
0.0
0.0
0.0
0.0
0.0
0.0
0.345492
-1.44148
0.0
0.0
0.0
0.0
0.0
0.0
0.0
0.0
0.0
0.0
0.0
0.0
0.0
0.0
0.000873826
0.150403
-0.0128411
-0.00111226
-0.0303612
0.158867
-0.596938
-0.45447
-0.176654
0.0278719
-0.0125089
-0.45068
-0.0754491
-0.42004
-0.654356
0.0198374
0.108687
-1.50313
-0.00129274
-0.624907
-0.577155
1.1261
-0.0034069
0.0150739
0.185002
0.0512122
0.291386
0.112333
-0.00651564
-0.120688
1.34779
-0.128309
-0.031365
0.367074
-0.23949
-0.269886
0.0666147
-0.184129
0.0310584
1.30819
-0.199218
0.0795714
0.0158339
0.0411091
0.169575
0.582191
0.081802
-0.336599
0.600231
0.0
0.0
0.0
0.0
0.0
0.0
0.0
0.0
0.0
0.0
1.75569
0.0
0.0
0.0
0.0
0.0
0.0
0.615063
0.0
0.0
0.0
0.0
0.0
0.0
0.0
0.351675
0.0
0.0
0.0
0.0
0.0
0.0
0.0
0.0
0.0
0.0
0.0
0.0
0.0
0.0
0.0
0.0
0.0
0.0
0.0
0.0
0.0
0.0
0.0
0.0
0.0
0.0
0.0
0.0
0.0
0.0
0.0
0.0
0.0
0.0
0.0
0.0
0.0
0.0
0.0
0.595283
0.0
0.0
0.0
0.0
0.0
0.0
0.0
0.0
0.0
0.0
0.0
0.0
0.0
0.0
0.0
0.0
0.0
0.0
0.0
0.0
0.0
0.0
-1.0781
0.0
0.0
0.0
0.0
0.0
0.0
0.0
0.0
0.0
0.0
0.0
0.0
0.0
0.0
0.0
0.0
0.0
0.0
0.0
0.0
0.0
0.0
0.0
0.0
0.0
0.0
0.0
0.0
0.0
0.0
0.0
0.0
0.0
0.0
0.0
0.0
0.0
0.0
0.0
0.0
0.0
0.0
0.0
0.0
0.0
0.0
0.0
0.0
0.0
0.0
0.0
0.0
0.0
0.0
0.0
0.0
0.0
0.0
0.0
0.0
0.0
0.0
0.0
-1.08848
0.0
0.0
0.0
0.0
0.0
0.0
0.0
0.444696
0.0
0.0
0.0
0.0
0.0
0.0
0.0
0.0
0.0
0.0
0.0
0.0
0.0
0.0
0.0
0.0
0.0
0.0
0.0
0.0
0.0
0.0
0.0
1.12038
0.0
-0.262704
0.0
0.0
0.0
0.0
0.0
0.0
0.0
0.0
0.0
0.0
0.0
0.0
0.0
0.0
0.0
0.0
0.0
0.0
0.0
0.0
0.0
0.0
0.0
0.0
0.0
0.0
0.0
0.0
0.0
0.0
0.0
0.0
0.0
0.0
0.0
0.0
0.0
0.0
0.0
0.0
0.0
0.0
0.0
0.0
0.0
0.0
0.0
0.05766
0.0
0.0
0.0
0.0
0.0
0.0
0.0
0.0
0.0
0.0
0.474111
0.0
0.0
0.0
0.0
0.0
0.131786
0.0
0.0
0.0
0.0
0.0
0.0
0.0
0.0
0.0
0.0
0.0
0.0
0.0
0.0
0.0
0.0
0.0
0.0
0.0
0.0
0.0
0.0
0.0
0.0
0.0
0.0
0.0
0.0
-0.145624
0.0
0.0
0.0
0.0
0.0
0.0
0.0
-0.4387
0.0
0.0
0.0
0.0
0.0
0.0
0.0
0.0
0.0
0.0
0.0
-0.553415
0.0
0.0
0.0
0.0
0.0
0.0
0.0
0.0
0.0
0.0
0.0
0.0
0.0
0.0
0.0
0.0
0.0
0.0
0.0
0.0
2.13955
0.0
0.0
0.0
0.0
0.0
0.0
0.0
0.0
0.0
0.0
0.0
0.0
-1.46464
0.0
0.0
0.0
0.0
0.0
0.0
0.0
0.0
0.0
0.0
0.0
0.0
0.0
0.0
0.0
0.0
0.0
0.0
0.0
0.0
0.0
0.0
-1.49892
0.0
0.0
0.0
0.0
0.0
0.0
0.0
0.0
0.0
0.0
0.0
0.0
0.0
0.0
0.0
0.0
0.0
0.0
0.0
0.0
0.0
0.0
0.0
0.0
0.0
0.0
0.0
0.0
0.0
0.0
0.0
0.0
0.0
0.0
0.0
0.0
0.0
0.0
0.0
0.0
0.0
0.0
0.0
0.0
0.0
0.0
0.0
0.0
0.0
0.0
0.0
0.0
0.0
0.0
0.0
0.0
0.0
0.0
0.0
0.0
0.0
0.0
0.0
0.0
0.0
0.0
0.0
0.0
0.0
0.0
0.0
0.0
0.0
0.0
0.0
0.0
0.0
0.0
0.0
0.0
0.0
0.0
0.0
0.0
0.0
0.0
0.0
0.0
0.0
0.0
0.0
0.0
0.0
0.0
0.0
0.0
0.0
0.0
0.0
0.0
0.0
0.0
0.0
0.0
-0.134608
0.0
0.0
0.0
0.0
-0.362853
0.0
0.0
0.0
0.0
0.0
0.0
0.0
0.0
0.0
0.0
0.0
0.0
0.0
0.0
0.0
0.0
0.0
0.0
0.0
0.0
0.0
0.0
0.0
0.0
0.0
0.0
0.0
0.0
0.0
0.0
0.0
0.0
0.0
0.0
0.0
0.0
0.0
0.0
0.0
0.0
-1.00789
0.0
0.0
-0.416508
0.933395
0.0
0.0
0.0
0.0
0.0
0.0
0.0
0.0
0.0
0.0
0.0
0.0
0.0
0.0
0.0
0.0
0.0
0.0
0.0
0.0
0.0
0.0
0.0
0.0
0.0
0.0
0.0
0.0
0.0
0.0
0.0
0.0
0.0
0.0
0.0
0.461203
0.0
0.0
0.0
0.0
0.0
0.0
0.0
0.0
1.27603
0.0
0.0
0.0
0.0
0.0
0.0
0.0
0.0
0.0
0.0
0.0
0.0
0.0
0.0
0.0
0.0
0.0
0.0
0.0
0.09981
0.965068
0.0
0.0
0.0
0.0
0.0
0.0
0.0
0.0
0.0
0.0
0.0
0.0
-1.5134
0.0
0.0
0.0
0.0
0.0
0.0
0.0
0.0
0.0
0.0
0.0
0.0
0.89257
-0.695449
0.0
0.0
0.0
0.0
0.0
0.0
0.0
0.0
0.0
0.0
0.0
0.0
0.0
0.0
0.0
0.0
0.0
0.0
0.0
0.0
0.0
0.0
0.0
0.0
0.0
0.0
0.0
0.0
0.0
0.0
0.0
0.0
0.0
0.0
0.0
0.0
0.0
0.0
0.0
0.0
0.0
0.0
0.0
0.0
0.0
0.0
0.0
0.0
0.0
0.0
0.0
0.0
0.0
0.0
0.0
0.0
0.0
0.0
0.0
0.0
0.0
0.0
0.0
0.0
0.0
0.0
1.30654
0.0
0.0
0.0
0.0
0.0
0.0
0.0
0.0
0.0
0.0
0.0
0.0
0.0
0.0
0.0
0.0
0.0
0.0
0.0
-1.54164
0.0
0.0
0.0
0.0
0.0
0.0
0.0
0.0
0.0
-0.0277618
0.0
0.0
0.0
0.0
-1.68771
0.0
0.0
-0.86208
0.0
0.0
0.0
0.0
0.0
0.0
0.0
0.0
0.0
0.0
0.0
-2.08974
0.0
0.0
0.0
0.0
0.0
0.0
0.0
0.0
0.0
0.0
0.0
0.0
0.0068404
-0.420388
0.0864735
-0.00106209
0.0139751
-0.171879
0.418034
0.440383
-0.0460384
0.0578454
-0.16075
0.213813
0.0382422
-0.198985
0.0800918
-0.0670607
-0.00937374
0.213157
-0.00101327
0.462935
-0.320141
0.0641505
-0.0617092
-0.0192902
0.117101
1.19423
-0.115427
0.145594
0.00681656
0.0495841
-0.371664
0.020808
-0.0558138
-0.162307
-0.583104
0.0142994
-0.268529
0.0694471
0.133767
-0.0890437
-0.0189616
0.0238882
-0.0284297
-0.131021
0.0416935
0.265776
-0.345614
0.271187
-0.948509
0.0
0.0
0.0
0.0
1.02368
0.0
0.0
0.0
0.0
0.0
0.0
0.0
0.0
0.0
0.0
0.0
0.0
0.0
0.979634
0.0
0.0
0.0
0.0
0.0
0.0
0.0
0.0
0.0
0.0
0.0
0.0
0.0
0.0
0.0
0.0
0.0
0.0
0.0
0.0
0.0
0.0
0.0
0.0
0.0
0.0
0.0
0.0
0.0
0.0
0.0
0.0
0.0
0.0
0.298182
0.0
0.0
0.0
0.0
0.0
0.0
0.0
0.0
0.0
0.0
0.0
0.0
0.0
0.0
0.0
0.0
0.0
0.0
0.0
0.0
0.0
0.0
0.0
0.0
0.0
0.0
0.0
0.0
0.0
0.0
0.0
0.0
0.0
0.0
0.0
0.0
0.0
0.0
0.0
0.0
0.0
0.0
0.0
0.0
0.0
0.0
0.0
0.0
0.0
0.0
0.0
0.0
0.0
0.0
0.0
0.0
0.0
0.0
0.0
0.0
0.0
0.0
0.0
0.0
0.0
0.0
0.0
0.0
0.0
0.0
0.0
0.0
0.0
0.0
0.0
0.0
0.0
0.0
0.489686
0.0
0.0
0.0
0.0
0.0
0.0
0.0
0.0
0.0
0.0
0.0
0.0
0.0
0.0
0.0
0.0
0.0
0.0
0.0
0.0
0.0
0.0
0.0
0.0
0.0
0.0
0.0
0.0
0.0
0.0
0.0
0.0
0.0
0.0
1.32929
0.0
0.0
0.0
0.0
0.0
0.0
0.0
0.0
0.0
0.0
0.0
0.0
0.0
0.0
0.0
0.0
0.0
0.0
0.0
0.0
0.0
0.0
0.0
0.0
0.0
0.0
0.0
0.0
0.0
0.0
0.0
0.0
0.0
0.0
0.0
0.0
0.0
0.0
0.0
0.0
0.0
0.0
0.0
0.0
0.0
0.0
0.0
0.0
0.0
0.0
0.0
0.0
0.0
0.0
0.0
0.0
0.0
0.0
0.0
0.0
0.0
0.0
0.0
0.0
0.0
0.0
0.0
0.0
0.0
0.0
0.0
0.0
0.0
0.391692
0.0
0.0
0.0
0.0
0.0
0.0
0.0
0.0
0.0
0.0
0.0
0.0
0.0
0.0
0.0
0.0
0.0
0.0
0.0
0.0
0.0
0.0
0.0
0.0
0.0
0.0
0.0
0.0
0.0
0.0
0.0
0.0
0.0
0.0
0.0
0.0
0.0
0.0
0.0
0.0
0.0
0.0
0.0
0.0
0.760843
0.0
0.0
0.0
0.0
0.0
0.0
0.0
0.0
0.0
0.0
-0.0637781
0.0
0.0
0.0
0.0
0.0
0.0
0.0
0.0
0.0
0.0
0.0
0.0
0.0
0.0
0.0
0.0
0.0
0.0
0.0
0.0
0.0
0.0
0.0
0.0
0.0
0.0
0.0
0.0
0.0
0.0
0.0
0.0
0.0
0.0
0.0
0.0
0.0
0.0
0.0
0.0
0.0
0.0
0.0
0.0
0.0
0.0
0.0
0.0
0.0
0.0
0.0
0.0
0.0
0.0
0.0
0.0
0.0
0.0
0.0
0.0
0.0
0.982239
0.0
0.0
0.0
0.0
0.0
0.0
0.0
0.0
0.0
0.0
0.0
0.0
0.0
0.0
0.0
0.0
0.0
0.0
0.0
0.0
0.0
0.0
0.0
0.0
0.0
0.0
0.0
0.0
0.0
0.0
0.0
0.0
0.0
0.0
0.0
0.0
0.0
0.0
0.0
0.0
0.0
0.0
0.0
0.0
0.0
0.0
0.0
0.0
0.0
0.0
0.0
0.0
0.0
0.0
0.0
0.0
0.0
0.0
0.0
0.0
0.0
0.0
0.0
0.0
0.0
0.0
0.0
0.0
0.0
0.0
0.0
0.0
0.0
0.0
0.0
0.0
0.0
0.0
0.0
0.0
0.0
0.0
0.0
0.0
0.0
0.0
0.0
0.0
0.0
2.32659
0.0
0.0
0.0
0.0
0.0
0.0
0.0
0.0
0.0
0.0
0.0
0.0
0.0
0.0
0.0
0.0
0.0
0.0
0.0
0.0
0.0
0.0
0.0
0.0
0.0
0.0
1.45085
0.0
0.0
0.0
0.0
0.0
0.0
0.0
0.0
0.0
0.0
1.97192
0.0
0.0
0.0
0.0
0.0
0.0
0.0
0.0
0.0
0.0
0.0
0.0
-0.788429
0.0
0.0
0.0
0.0
0.0
0.0
0.0
0.0
0.0
0.0
0.0
0.0
0.0
0.0
0.0
0.0
0.0
0.0
0.0
0.0
0.0
0.0
0.0
0.0
0.0
0.0
0.0
0.0
0.0
0.0
0.0
0.0
1.05845
0.0
0.0
-0.803652
0.0
0.0
0.0
0.0
0.0
0.0
0.0
0.0
0.0
0.0
0.0
0.0
0.0
0.0
0.0
0.0
0.0
0.0
0.0
0.0
0.0
0.0
0.0
0.0
0.0
0.0
0.0
0.0
0.0
0.0
0.0
0.0
0.0
0.0
0.0
0.0
0.0
0.0
0.0
0.0
0.0
0.0
0.0
0.0
0.0
0.0
0.0
0.0
0.0
0.0
0.0
0.0
0.0
0.0
0.0
0.0
0.0
0.0
0.0
0.0
0.0
0.0
0.0
0.0
0.0
0.0
0.0
0.0
0.0
0.0
0.0
0.0
0.0
0.0
0.0
0.0
0.0
0.0
0.0
0.0
0.0
0.0
0.0
0.0
0.0
0.0
0.293643
0.0
0.0
0.0
0.0
0.0
0.0
0.0
0.0
0.0
0.0
0.0
0.0
0.0
0.0
0.0
0.0
-1.41778
0.0
0.0
0.0
0.0
0.0
0.0
0.0
0.0
0.0
0.0
0.19837
0.0
0.0
0.0
0.0
0.0
0.0
0.0
0.0
0.0
0.0
0.0
0.0
0.0
0.0
0.0
0.0
0.0
0.0
0.0
0.0
0.0
0.0
0.0
0.0
0.0
0.0
0.0
0.0
0.0
0.0
0.0
0.0
0.0
0.0
0.0
0.0
0.0
0.0
0.0
0.0
0.0
0.0
0.0
-0.374075
0.0
0.0
0.0
0.0
0.0
0.0
0.0
0.0
0.0
0.0
0.0
0.0
0.0
0.0
0.0
0.0
0.0
0.0
-0.309178
0.0
0.0
0.0
0.0
0.0
0.0
0.0
0.0
0.0
0.0
0.0
0.0
0.0
0.0
0.0
0.0
0.0
0.0
0.0
0.0
0.0
0.0
0.0
0.0
0.0
0.0
0.0
0.0
0.0
0.0
-1.00308
0.0
0.0
0.0
0.0
0.0
0.0
0.0
0.0
0.0
0.0
0.0
0.0
0.0
0.0
0.0
0.0
0.0
0.0
0.0
0.0
0.0
0.0
0.0
0.0
0.0
0.0
0.0
0.0
0.0
0.0
0.0
0.0
0.0
0.0
0.0
0.0
0.0
0.0
0.0
0.0
0.0
0.0
-0.891453
0.0
0.0
0.0
0.0
0.0
0.0
0.0
0.0
0.0
0.0
0.0
0.0
0.0
0.0
0.0
0.0
0.0
0.0
0.0
0.0
0.0
0.0
0.0
0.0
-0.250616
0.0
0.0
-0.642415
0.0
0.0
0.0
0.0
0.470651
0.0
0.0
0.0
0.0
0.0
0.0
0.0
0.0
0.0
0.0
0.0
0.000480593
0.206142
0.0598279
0.000440431
-0.00815616
-0.123832
-0.918258
-0.0761057
-0.220698
0.0189457
-0.0723186
-0.145957
0.36761
-0.401692
-0.781154
0.0108916
0.133887
-0.771859
0.0125372
-0.739241
-0.144949
0.164562
0.0206932
-0.00296926
0.284421
-0.195944
0.273168
0.0496287
-0.0260263
-0.0562184
0.847048
-0.242526
-0.0467796
0.501903
0.379102
-0.584592
-0.104994
-0.315976
0.0367869
0.465939
-0.274226
-0.0181821
-0.0573958
0.180145
0.181926
0.209244
0.240815
-0.197607
0.815651
0.0
0.418761
0.0
0.0
0.0
0.0
0.0
0.0
0.0
0.0
0.0
0.358447
0.0
0.0
0.0
0.0
0.0
0.0
0.0
-1.43566
0.0
0.0
0.0
0.0
0.0
0.0
0.0
0.0
0.0
0.0
0.0
0.0
0.0
0.0
0.0
0.0
0.0
0.0
0.0
-0.0953791
-1.68833
0.0
0.0
0.0
-0.759379
0.0
0.0
0.0
0.0
0.0
0.0
0.0
0.0
0.0
0.0
0.0
0.0
0.0
0.0
0.0
0.0
0.0
0.0
0.0
0.0
0.0
0.0
0.0
0.0
0.0
0.0
0.0
0.0
0.0
0.0
0.0
0.0
0.0
0.0
0.0
0.0
0.0
0.0
0.0
0.0
0.0
0.0
0.0
0.0
0.0
0.0
0.0
0.0
0.0
0.0
0.0
0.0
0.0
0.0
0.0
-0.76545
0.0
0.0
0.0
0.0
0.0
0.0
0.0
0.0
0.0
0.0
0.0
0.0
0.0
0.0
0.0
0.0
0.0
0.0
0.0
0.0
0.0
0.0
0.0
0.0
0.0
-1.7443
0.0
0.0
0.0
0.0
0.0
0.0
0.0
0.0
0.0
0.0
0.0
0.0
-0.511259
0.0
0.0
0.0
0.0
0.0
0.0
0.0
0.0
0.0
0.0
0.0
0.0
0.0
0.0
0.0
0.0
0.0
0.0
0.0
0.0
0.0
0.977005
0.0
0.0
0.0
0.0
0.0
0.0
0.0
0.0
0.0
0.989178
0.150942
0.0
0.0
0.0
0.0
0.570728
0.0
0.0
0.0
0.0
0.0
-2.48073
0.0
0.0
0.0
0.0
0.0
0.0
0.0
0.0
0.0
0.0
0.0
0.0
0.0
0.0
0.0
0.0
0.0
0.0
0.0
0.0
0.0
0.0
0.0
0.0
0.0
0.0
0.0
0.0
0.0
0.0
0.0
0.0
0.0
0.0
0.0
0.0
0.0
0.0
0.0
0.0
0.0
0.0
0.0
0.0
0.0
0.0
0.0
0.0
0.0
0.0
0.0
0.0
0.0
0.0
0.0
0.0
0.0
0.0
0.0
0.0
0.0
0.0
0.0
0.0
0.481587
0.0
0.0
0.0
0.0
0.0
0.0
0.0
0.0
0.0
0.0
0.0
0.0
0.0
0.0
0.0
0.0
0.0
0.0
1.41463
0.0
0.0
0.0
0.0
0.0
0.0
0.320472
0.0
0.0
0.0
0.0
0.0
0.0
0.0
0.0
0.0
0.0
0.0
0.0
0.0
0.0
0.0
0.0
0.0
0.0
0.0204357
0.0
0.0
0.0
0.0
0.0
0.0
0.0
0.0
0.0
0.0
0.0
0.0
0.0
0.0
0.0
0.0
0.0
0.0
0.0
0.0
0.0
0.0
0.0
0.0
0.0
0.0
0.0
0.0
0.0
0.0
0.0
0.0
0.0
0.0
0.0
0.0
0.0
0.0
0.0
0.0
0.0
0.0
0.0
0.0
0.0
0.0
0.0
0.0
0.0
-1.33425
0.0
0.891633
0.0
0.0
0.0
0.0
0.0
0.0
0.0
0.0
0.0
0.0
0.0
0.0
0.0
0.0
0.0
0.0
0.0
0.0
0.0
0.0
0.0
0.0
0.0
0.0
0.0
0.0
0.0
0.0
0.0
0.0
0.0
0.0
0.0
0.0
0.0
0.0
0.0
0.0
0.0
0.0
0.0
0.0
0.0
0.0
0.0
0.0
0.0
0.0
0.0
0.0
0.0
0.0
0.0
0.0
0.0
0.0
0.0
0.0
0.0
0.0
0.0
0.0
0.0
0.0
0.0
0.0
0.0
0.0
0.0
0.0
0.0
0.0
0.0
0.0
0.0
0.0
0.0
0.0
0.0
0.0
0.0
0.0
0.0
0.0
0.0
0.0
-0.940334
0.0
0.0
0.0
0.0
0.0
0.0
0.0
0.0
0.0
0.0
0.0
0.0
0.0
0.0
0.0
0.0
0.0
0.0
0.0
0.0
0.0
0.0
0.0
0.0
0.0
0.0
0.0
0.0
0.0
0.0
0.0
0.0
0.0
0.0
0.0
0.0
0.0
0.0
0.0
0.0
0.0
0.0
0.0
0.0
0.0
0.0
0.0
0.0
0.0
0.0
0.0
0.0
0.0
0.0
0.0
0.0
0.0
0.0
0.0
0.0
0.0
0.0
0.0
0.0
0.0
0.0
0.0
-0.916367
0.0
0.0
0.0
0.0
0.0
0.0
0.0
0.0
0.0
0.0
0.0
0.0
0.0
-2.12376
0.0
0.0
0.0
0.0
0.0
0.0
-0.55913
0.0
0.0
0.0
0.0
0.0
0.0
0.0
0.0
0.0
0.0
0.0
0.0
0.0
0.0
0.0
0.0
0.523491
0.0
0.0
0.0
0.0
0.0
0.0
0.0
0.0
0.0
0.0
0.0
0.0
0.0
0.0
0.0
0.0
0.0
0.0
0.0
0.0
0.0
0.0
0.0
0.0
0.0
0.0
0.0
0.0
0.0
0.0
1.22503
0.0
0.0
0.0
0.0
0.0
0.0
0.0
0.0
0.0
0.0
0.0
0.0
0.0
0.0
0.0
-0.939622
0.0
0.0
0.0
0.0
0.0
0.0
0.0
0.0
0.0
0.0
0.0
0.0
0.0
0.0
0.0
0.0
0.0
0.0
0.0
0.0
0.0
0.0
0.0
0.0
0.0
0.0
0.0
0.0
0.0
0.0
0.0
0.0
0.0
0.0
0.0
0.0
0.0
0.0
0.0
0.0
-0.0373839
0.0
0.0
0.0
0.0
0.0
0.0
0.0
0.0
0.0
0.0
0.0
0.0
0.0
0.0
0.0
0.0
0.0
0.0
0.0
0.0
0.0
0.0
0.0
0.0
0.0
0.0
0.0
0.0
0.0
0.0
0.0
0.0
0.0
0.0
0.0
0.0
0.0
0.0
0.0
0.0
0.0
0.0
0.0
0.0
0.0
0.0
0.337852
0.0
0.0
0.0
0.0
0.0
0.0
0.0
0.0
0.0
0.0
0.0
0.0
0.0
0.0
0.0
0.0
0.0
0.0
0.0
0.0
0.0
0.0
0.0
0.0
0.0
0.0
0.0
0.0
0.0
0.0
0.0
0.0
0.0
0.0
0.0
0.0
0.0
0.0
0.0
0.0
0.0
0.0
0.0
0.0
0.0
0.0
1.50887
0.0
0.0
0.0
0.0
0.0
0.0
0.0
-0.0549943
0.0
0.0
0.0
0.0
0.0
0.0
0.00163796
0.00396644
-0.324736
-0.00079711
0.0101191
-0.130709
0.0582802
0.949566
0.180294
-0.0318482
0.13002
-0.0010564
1.68337
0.0240537
0.73835
-0.0616129
-0.170085
0.716133
-0.00877904
0.136937
0.052478
-0.015093
-0.0718813
0.0228067
-0.0364609
0.131089
0.100104
0.0217337
0.0193708
0.000318236
-0.242594
0.238435
0.0284251
0.174241
-0.426504
-0.0644168
0.155056
0.359809
0.566517
-1.01887
0.241316
-0.0653136
-0.136995
0.116064
-0.0642326
0.114089
-0.458878
1.08133
-1.06693
0.0
0.0
0.0
0.0
0.0
0.0
0.0
0.0
0.0
0.0
0.0
0.0
0.884604
0.0
0.0
0.0
0.0
0.0
0.0
0.0
0.0
0.0
0.0
0.0
0.0
0.0
0.0
0.0
0.0
0.0
0.0
0.0
0.0
0.0
0.0
0.0
-0.860439
0.0
0.0
0.0
0.0
0.0
0.0
0.0
0.0
0.0
0.0
0.0
0.0
0.0
0.0
0.0
0.0
0.0
0.0
0.0
0.0
0.0
0.0
0.0
0.0
0.0
0.0
0.0
0.0
0.0
0.0
0.0
0.0
0.0
0.0
0.0
0.0
0.0
0.0
0.0
0.0
0.0
0.0
0.0
0.0
0.0
0.0
0.0
0.0
0.0
0.0
0.0
0.0
0.0
0.0
0.0
0.0
0.0
0.0
0.0
0.0
0.0
0.0
0.0
0.0
0.0
0.0
0.0
0.0
0.0
0.0
0.0
0.359861
0.0
0.0
0.0
0.0
0.0
0.0
0.0
0.0
0.0
0.0
0.0
1.56052
0.0
0.0
0.0
0.0
0.0
0.0
0.0
0.0
0.0
0.0
0.0
0.0
0.0
0.0
0.0
0.0
0.0
0.0
0.0
0.0
0.0
0.524816
0.0
0.0
0.0870106
0.0
0.0
0.0
0.459812
0.0
0.0
0.0
0.0
0.0
0.0
-0.300571
0.0
0.0
0.0
0.0
0.0
0.0
0.0
0.0
0.0
0.0
0.0
0.0
0.0
0.0
0.0
0.0
0.0
0.0
0.0
0.0
0.0
0.0
0.0
0.0
0.0
0.0
0.0
0.0
0.0
0.0
0.0
0.0
0.0
0.0
0.0
0.0
0.0
0.0
0.0
0.0
0.0
0.0
0.0
0.0
0.0
0.0
0.0
0.0
-1.81929
1.38504
0.0
0.0
0.0
0.0
0.0
0.0
0.0
0.0
0.0
0.0
0.0
0.0
0.0
0.0
0.0
0.0
0.515677
0.0
0.0
0.0
0.0
1.23737
0.0
0.0
0.0
0.0
0.0
0.0
0.0
0.793478
0.0
-0.991504
0.0
0.0
0.0
0.0
0.0
0.0
0.0
0.0
0.0
0.0
0.0
0.0
0.0
0.0
0.0
0.0
0.0
0.0
0.0
0.0
0.0
0.0
0.0
0.0
0.0
0.0
0.0
0.0
0.0
0.0
0.0
0.0
0.0
0.0
0.0
0.0
0.0
0.0
0.0
0.0
0.0
0.0
0.0
0.0
0.0
0.0
0.0
0.0
0.0
0.0
0.0
0.0
-0.306816
0.0
0.0
0.0
0.0
0.0
0.0
0.0
0.0
0.0
-0.12252
0.0
0.0
0.0
0.0
0.0963725
0.0
0.0
0.0
0.0
0.0
0.0
0.0
0.0
0.0
0.0
0.0
0.0
0.0
0.0
0.0
0.0
0.0
0.0
0.0
0.0
0.0
0.0
0.0
0.0
0.0
0.0
0.0
0.0
0.0
0.0
0.0
0.0
0.0
0.0
0.0
0.0
0.0
0.0
0.0
0.0
0.0
0.0
0.0
0.0
0.0
0.0
0.0
0.0
0.0
0.0
0.0
0.0
0.0
0.0
0.0
0.0
0.0
0.0
0.0
0.0
0.0
0.0
0.0
0.0
-0.98088
0.0
0.0
0.0
0.0
0.0
0.0
0.0
0.0
0.0
0.0
0.0
0.0
0.0
0.0
0.0
0.0
0.0
0.0
0.0
0.0
0.0
0.0
0.0
0.0
0.0
0.0
0.0
-0.66159
0.0
0.0
0.0
0.0
0.0
0.0
0.0
0.0
0.0
0.0
0.0
0.0
0.0
0.0
0.0
0.0
0.0
0.0630194
0.0
0.0
0.0
0.0
0.0
0.0
0.0
0.0
0.0
-0.74232
0.0
0.0
0.0
0.0
0.0
0.0
0.0
0.0
0.0
0.0
0.0
0.0
0.0
0.0
0.0
0.0
0.0
-0.310687
0.0
0.0
0.0
0.0
0.0
0.0
0.0
0.0
0.0
0.0
0.0
0.0
0.0
0.0
0.0
0.0
0.0
0.0
0.0
0.0
0.0
0.0
0.0
0.0
0.0
0.0
0.0
0.0
0.0
0.0
0.0
0.0
-0.46013
0.0
0.0
0.0
0.0
0.0
0.0
0.0
0.0
0.0
-0.885681
0.0
0.0
0.0
0.0
0.0
0.0
0.0
0.0
0.0
0.0
0.0
0.0
0.0
0.0
0.0
0.0
0.0
0.0
0.0
0.0
0.0
0.0
0.0
0.0
0.0
0.0
0.0
0.0
0.0
0.0
0.0
0.0
0.0
0.0
0.0
0.0
-0.338837
0.0
0.233252
0.0
0.0
0.0
0.0
0.0
0.0
0.0
0.0
0.0
0.0
0.0
0.0
0.0
-1.10523
0.0
0.0
0.0
0.0
0.0
0.0
0.0
0.0
0.0
0.0
0.0
0.0
-0.127108
0.0
0.0
0.0
0.650962
0.0
0.0
0.0
0.0
0.0
0.0
0.0
0.0
0.0
0.0
0.0
0.0
0.0
0.0
0.0
0.0
0.0
0.0
0.0
0.0
0.0
0.0
0.0
0.0
0.0
0.0
0.0
0.0
0.0
0.0
0.0
0.0
0.0
0.0
0.0
0.0
0.109283
0.0
0.0
0.0
0.0
0.0
0.0
0.0
0.0
0.0
0.0
0.0
0.0
0.0
0.0
0.0
0.0
0.0
0.0
0.0
0.0
0.0
0.0
0.0
0.0
0.0
0.0
0.0
0.801987
0.0
0.0
0.0
0.0
0.0
0.0
0.0
0.0
0.0
0.0
0.0
0.0
0.0
0.0
0.0
0.0
0.0
0.0
0.0
0.0
0.0
0.0
0.0
0.0
0.0
0.0
0.0
0.0
0.0
0.0
0.0
0.0
0.0
0.0
0.0
0.0
-2.58372
0.0
0.0
0.0
0.0
0.0
0.0
0.0
0.0
0.0
0.0
0.0
0.0
0.0
0.0
0.0
0.0
0.0
0.0
0.0
0.0
0.0
0.0
0.0
0.0
0.0
0.0
0.0
0.0
-0.0720871
0.0
0.0
0.0
0.0
0.0
0.0
0.0
0.0
-0.045473
0.0
0.0
0.0
0.0
0.0
0.0
0.0
0.0
0.0
0.0
0.0
0.0
0.0
0.0
0.0
0.0
0.0
0.0
0.0
0.0
0.0
0.0
0.0
0.0
0.0
0.0
0.0
0.0
0.0
0.0
0.0
-0.664072
0.0
0.0
0.0
0.0
0.0
0.0
0.0
0.0
0.0
0.0
0.0
0.0
0.0
0.0
0.0
0.0
0.0
0.0
0.0
0.0
0.0
0.0
0.0
0.0
0.0
0.0
0.0
0.0
0.0
0.0
0.0
0.0
0.0
0.0
0.0
0.0
0.0
0.0
0.0
0.0
0.0
0.0
0.0
0.0
0.0
0.0
0.0
0.0
0.0
0.0
0.0
0.0
0.0
0.0
0.0
0.0
0.0
0.0
0.0
0.0
2.23134
0.0
0.0
0.0
0.0
0.0
0.0
0.0
0.0
0.0
0.0
0.0
0.0
0.0
0.0
0.0
0.0
0.0
0.0
0.0
0.0
0.0
0.0
0.0
0.0
0.0
0.0
0.0
0.0
0.0
0.0
0.0
0.0
0.0
0.0
0.0
0.0
0.0
0.0
0.0
0.0
0.0
-0.0102213
0.425481
-0.398843
-0.000572609
-0.017413
-0.142572
-0.865539
0.0198866
-0.0913066
0.0698231
0.0532151
-0.0818473
-0.288932
-0.184255
-0.420898
-0.0064683
-0.0574258
-0.832332
0.00186995
-0.599797
-0.394401
-0.404238
-0.0126126
0.0122616
0.096336
-0.711459
0.31842
-0.100091
-0.00709222
-0.0176642
0.31215
0.207208
0.111822
0.687764
0.388824
-0.0621983
0.126776
-0.899964
-0.39433
0.496154
-0.0526598
0.109923
-0.0864117
0.509302
0.705836
0.105973
0.193437
0.00165789
0.912306
0.0
0.0
0.0
0.0
0.0
0.0
2.40998
0.0
0.0
0.0
0.0
0.0
0.0
0.0
0.0
0.0
0.0
0.0
0.0
0.0
0.0
0.0
0.0
0.0
0.0
0.0
0.0
0.0
0.0
0.0
0.0
0.0
0.0
0.0
0.0
0.0
0.0
0.0
-0.0686158
0.0
0.0
0.0
0.0
0.0
0.0
0.0
0.0
0.0
0.0
0.0
0.0
0.0
0.0
0.0
0.0
0.0
0.0
0.0
0.0
0.0
0.0
0.0
0.0
0.0
0.0
0.0
0.0
0.0
0.0
0.0
0.0
0.0
0.0
0.0
0.0
0.0
0.0
0.0
0.0
0.0
0.0
0.0
0.0
0.0
0.0
0.0
0.0
0.0
0.0
0.0
0.0
0.0
0.0
0.0
0.0
0.0
0.0
0.0
0.0
0.0
0.0
0.0
0.0
0.0
0.0
0.0
0.0
0.0
0.0
0.0
0.0
0.0
0.0
0.0
0.0
0.0
0.0
0.0
0.0
0.0
0.0
0.0
0.0
0.0
0.0
0.0
0.0
0.0
0.0
0.0
0.0
0.0
0.0
0.0
0.0
0.0
0.0
0.0
0.0
0.0
0.0
0.0
0.0
0.0
-0.882684
0.0
1.43876
0.0
0.0
0.0
0.0
1.14814
0.0
0.0
0.0
0.0
0.0
0.0
0.0
-0.382756
0.0
0.0
0.0
0.0
0.0
0.0
0.0
0.0
0.0
0.0
0.0
0.0
0.0
-0.378847
0.0
0.0
0.0
0.0
0.0
0.0
0.0
0.0
0.0
0.0
0.0
0.0
0.0
0.0
0.0
-0.134662
0.0
0.0
0.0
0.0
0.0
0.0
0.0
0.0
0.0
0.0
0.0
0.0
-1.25002
0.0
0.0
0.0
0.0
0.0
0.0
0.0
0.0
0.0
0.0
0.00163029
0.0
0.0
0.0
0.0
0.0
0.0
0.0
0.0
0.0
0.0
0.0
0.0
0.0
0.0
0.0
0.0
0.0
0.0
0.0
0.0
0.0
0.0
0.0
0.0
0.0
0.0
0.0
0.0
0.0
0.0
0.0
0.0
0.0
0.0
0.0
0.0
0.0
0.0
0.0
0.0
0.0
0.0
0.0
0.0
-1.46767
0.0
0.0
0.603363
0.0
0.0
0.0
0.0
0.0
0.0
0.0
0.0
0.0
0.0
0.0
0.0
0.0
0.0
0.0
0.0
0.0
0.0
0.0
0.302272
0.0
0.0
0.0
0.0
0.950191
0.0
0.0
0.0
0.0
0.0
0.0
0.0
0.0
0.0
0.0
0.0
0.0
0.0
0.0
0.0
0.0
0.0
0.0
0.0
0.0
0.0
0.0
0.0
0.0
0.0
0.0
0.0
0.0
0.0
0.0
0.0
0.0
0.0
0.0
0.0
1.60888
0.0
0.0
0.0
0.0
0.0
0.0
0.0
0.0
0.0
0.0
2.09123
0.0
0.0
0.0
0.0
0.553616
0.0
0.0
0.0
0.0
0.0
0.0
0.0
0.0
0.0
0.0
0.0
0.0
0.210989
0.0
0.0
0.0
0.0
0.0
0.0
0.0
0.0
-0.933463
0.0
0.0
0.0
0.0
0.0
0.0
0.0
0.0
0.0
0.0
0.0
0.0
0.0
0.0
0.0
0.138286
0.0
0.0
0.0
0.0
0.0
0.0
0.0
0.0
0.0
0.0
0.0
0.370231
0.0
0.49202
0.0
0.0
0.0
0.0
0.0
0.0
0.0
0.0
0.0
0.0
0.0
0.0
0.0
0.0
0.0
-0.461808
0.0
0.0
0.0
0.0
0.0
0.0
0.0
0.0
0.0
0.0
0.0
0.0
0.0
0.0
0.0
0.0
0.0
0.0
0.0
0.0
0.0
0.0
0.0
0.0
0.0
0.0
0.0
0.0
0.0
0.0
0.0
0.0
0.0
0.0
0.0
0.0
0.0
0.0
0.0
0.0
0.0
0.0
0.0
0.0
0.0
0.0
0.0
0.0
0.0
0.0
0.0
0.0
0.0
0.0
0.0
0.0
0.0
0.0
0.090289
-1.48346
0.0
0.0
0.0
0.0
0.0
0.0
2.35003
0.0
0.0
0.0
0.0
0.0
0.0
0.0
0.0
0.0
-1.82807
0.0
0.0
0.0
0.0
0.0
0.0
0.0
0.0
0.0
0.0
0.0
0.0
0.0
0.638017
0.0
0.0
0.0
0.0
0.0
0.0
0.0
0.0
0.0
0.0
0.0
0.0
0.0
0.0
0.0
0.0
0.0
0.0
0.0
0.0
0.0
0.0
0.0
0.0
0.0
0.0
0.0
0.0
0.0
0.0
0.0
0.0
0.0
0.0
0.0
0.0
0.0
0.0
0.0
0.0
0.0
-0.0834085
0.0
0.0
0.0
0.0
0.0
0.0
0.0
0.0
0.0
0.0
0.0
0.0
0.0
0.0
0.0
0.0
0.0
0.0
0.0
0.0
0.0
0.0
0.0
0.0
0.124152
0.0
0.0
0.0
0.0
-0.597991
0.0
0.0
0.0
0.0
0.0
0.0
0.0
0.0
0.0
-0.402743
0.0
0.0
0.0
0.0
0.0
0.0
0.0
0.0
0.0
0.0
0.0
0.0
0.0
0.0
0.0
0.0
0.0
0.0
0.0
0.0
0.0
0.0
0.0
0.0
0.0
0.0
0.0
0.0
0.0
0.0
0.0
0.0
0.0
0.0
0.0
0.0
0.0
0.0
0.0
0.0
1.26481
0.0
0.0
0.0
0.0
-0.400873
0.0
0.0
-1.35371
0.0
0.0
0.0
0.0
0.0
0.0
0.0
0.0
-1.78828
0.0
0.0
0.0
0.0
0.0
0.0
0.0
0.0
0.0
0.0
0.0
0.0
0.0
0.0
0.0
0.0
0.0
0.0
0.0
1.14577
0.0
0.0
0.0
0.0
0.0
0.0
0.0
0.0
0.390673
0.0
0.0
0.0
0.0
0.0
0.0
0.0
0.0
0.0
0.0
0.389421
0.0
0.0
0.0
0.0
0.0
0.0
0.0
2.68196
0.0
0.0
0.0
0.0
0.0
0.0
0.0
0.0
0.0
0.0
0.0
0.0
0.288539
0.0
0.0391707
0.0
0.0
0.0
0.0
0.0
0.0
0.0
0.0
0.0
0.0
0.0
0.0
0.0
0.0
0.0
0.0
0.0
0.0
0.0
-0.0473801
0.0
0.0
0.0
0.0
0.0
0.0
0.0
0.0
0.0
0.0
0.0
0.0
0.0
0.0
0.00265357
-0.558571
0.179613
0.00325652
0.00744402
-0.105945
-0.468431
0.279751
0.116867
0.115946
-0.230379
-0.09776
0.139486
0.424381
0.548261
0.0799369
-0.12799
0.927215
-0.00380612
0.336502
-0.412777
-0.0329361
0.0596462
-0.0172446
0.158865
0.487967
-0.112737
0.0198545
0.0197581
0.0813176
-0.650164
-0.30884
0.0222138
0.0956805
-0.263672
-0.268262
-0.605378
0.235998
0.100034
-0.177831
0.189331
0.149868
-0.0375987
-0.19837
0.263529
0.102679
-0.288548
0.321469
-0.960665
0.0
0.0
0.133827
0.0
0.0
0.0
0.0
0.0
0.0
0.0
0.0
0.0
0.0
0.0
0.0
0.0
0.0
0.0
0.0
0.0
0.0
0.0
0.0
0.0
0.0
0.0
0.0
0.0
0.0
0.0
0.0
0.0
0.0
0.0
0.0
0.0
0.0
0.0
0.0
0.0
0.0
0.0
0.0
0.0
0.0
0.0
0.0
0.0
0.0
0.0
0.0
0.0
0.0
0.0
0.0
1.63992
0.0
0.0
0.0
0.0
0.0
0.0
0.0
0.0
0.0
0.0
0.0
0.0
0.0
0.0
0.0
0.0
0.0
0.0
0.0
0.0
0.0
0.0
0.0
0.0
0.0
0.0
-0.32178
0.0
0.0
0.0
0.0
0.0
0.0
0.0
0.0
0.0
0.0
0.0
0.0
-0.7772
0.0
0.0
0.0
0.0
0.0
0.0
0.0
0.0
0.0
0.0
0.0
0.0
0.0
0.0
0.0
0.0
0.0
0.0
0.0
0.0
0.0
0.0
0.0
0.0
0.0
0.0
0.0
0.0
0.0
0.0
0.0
0.0
0.0
0.0
0.0
0.0
0.0
0.0
0.0
0.0
0.0
0.0
0.0
0.0
0.0
-1.25374
0.0
0.0
0.0
0.0
0.0
0.0
0.0
0.0
0.0
0.0
0.0
0.0
0.303448
0.0
0.0
0.0
-0.554425
0.0
0.0
0.0
0.0
0.0
0.0
0.0
0.0
0.0
0.0
0.0
0.0
0.0
0.0
0.0
0.0
0.0
0.0
0.0
0.0
0.0
0.0
0.0
0.0
0.0
0.0
0.0
0.0
0.0
0.0
0.0
0.0
0.0
0.0
0.0
0.0
0.0
-1.11474
0.0
0.0
0.0
0.0
0.0
0.0
0.0
0.0
0.0
0.0
0.0
0.0
0.0
0.0
0.0
0.0
0.0
0.0
0.0
0.0
0.0
0.0
0.0
0.0
0.0
0.0
0.0
0.0
0.0
0.0
0.0
0.0
0.0
0.0
-2.27117
0.0
0.0
0.0
0.0
0.0
0.0
0.0
0.0
0.0
0.0
0.0
0.0
0.0
0.0
-0.74381
0.0
0.0
0.0
0.0
0.0
0.146057
0.0
0.0
0.0
0.0
0.0
0.0
0.0
0.0
0.0
0.0
0.0
0.0
0.0
0.0
0.0
0.0
0.0
0.0
0.0
0.0
0.0
0.0
0.0
0.0
0.0
0.084703
0.0
0.0
0.0
0.0
-1.46436
0.0
0.0
0.0
0.0
0.0
0.0
0.0
0.0
0.0
0.0
0.0
0.0
0.0
0.0124964
0.0
0.0
0.0
0.0
0.0
0.0
0.0
0.0
0.0
0.0
0.0
0.0
0.0
0.0
0.767927
0.0
0.0
0.0
0.0
0.0
0.0
0.0
0.0
0.0
0.0
0.884289
0.0
0.0
0.0
0.0
0.0
0.0
0.0
0.0
0.0
0.0
0.0
0.0
0.0
0.0
-1.5067
0.0
0.0
0.0
0.0
0.0
0.0
0.0
0.0
1.92843
0.0
0.0
0.0
0.0
0.0
0.0
0.0
0.0
0.0
0.0
0.0
0.0
0.0
0.0
0.0
0.0
0.0
0.0
0.0
0.0
0.0
0.0
0.0
0.0
0.0
0.0
0.0
0.0
0.0
0.0
0.0
0.0
0.254788
0.0
0.0
-0.546382
0.0
0.0
0.0
-0.389787
0.0
0.0
0.0
0.0
0.0
0.0
0.0
0.0
0.0
0.0
0.0
0.0
0.0
0.0
0.0
0.0
0.0
0.0
0.0
0.0
0.0
0.0
-1.19131
0.0
0.0
0.0
0.0
0.0
0.0
0.0
0.0
0.0
0.0
0.0
0.0
0.0
0.0
0.0
0.0
0.0
0.0
0.0
0.0
0.0
0.0
0.0
0.0
0.0
0.0
0.0
0.0
0.0
0.0
0.0
0.0
0.0
0.0
0.0
0.0
0.0
0.0
0.0
0.0
0.0
0.0
0.0
0.0
0.0
0.0
0.0
0.0
0.0
0.0
0.0
0.0
0.0
0.0
1.30378
0.0
0.0
0.0
0.0
0.0
0.0
0.0
0.0
0.0
0.0
0.0
0.0
0.0
0.0
0.0
0.0
0.0
0.0
0.0
0.0
0.0
0.0
0.0
0.0
0.0
0.0
0.0
0.0
0.0
0.0
0.0
0.0
0.0
0.0
0.0
0.0
0.0
0.0
0.0
0.0
0.0
0.0
0.0
0.0
0.0
0.0
0.0
0.0
0.0
0.0
-0.45954
0.0
0.0
0.0
0.0
0.0
0.0
0.0
0.0
0.0
0.0
0.0
0.0
0.0
0.0
0.0
0.0
0.0
0.0
0.0
0.0
0.0
0.0
0.0
0.0
0.0
0.0
0.0
0.0
0.0
0.0
0.0
0.0
0.0
0.0
0.0
0.0
0.0
0.0
0.0
0.0
0.0
0.0
0.0
0.0
0.0
0.0
0.0
0.0
0.0
0.0
0.0
-0.0672862
0.0
0.0
0.0
0.0
0.0
0.0
0.0
0.0
0.0
0.0
0.0
0.0
0.0
0.0
0.0
0.0
0.0
0.0
0.0
-0.28444
0.0
0.0
0.0
0.0
0.0
0.0
0.0
0.0
0.0
0.0
0.0
0.0
0.0
0.0
0.0
0.0
0.0
0.0
0.0
-0.573516
0.0
0.0
0.0
0.0
0.0
0.0
0.0
0.0
0.0
0.0
0.0
0.0
0.0
0.0
0.75621
0.0
0.0
0.529545
0.0
0.0
0.0
0.0
0.0
0.0
-0.483969
0.0
0.0
0.0
0.0
0.0
0.0
0.0
0.0
0.0
0.0
0.0
0.0
0.0
0.0
0.0
0.0
0.0
0.0
0.0
0.0
0.0
0.0
0.0
0.0
0.0
0.0
0.0
0.0
0.0
0.0
0.0
0.0
0.0
0.0
0.0
0.0
0.0
0.0
0.0
0.0
0.0
0.0
0.0
0.0
0.0
0.0
0.0
0.0
0.0
0.0
0.0
0.44117
-1.31976
0.0
0.0
0.0
0.0
0.0
0.0
0.0
0.0
0.0
0.0
0.0
0.0
0.0
0.0
0.0
0.0
0.0
0.0
0.0
0.0
0.0
0.0
0.0
0.0
0.0
0.0
0.0
0.0
0.0
0.0
0.0
0.0
0.0
0.0
0.0776607
0.0
0.0
0.0
0.0
0.0
0.0
0.0
0.0
0.0
0.0
0.0
0.0
0.0
0.0
0.0
0.0
0.0
0.0
0.0
0.855139
0.0
0.0
0.0
0.0
0.0
0.0
0.0
0.0
0.0
0.0
0.0
0.0
0.0
0.0
0.0
0.0
-0.00678393
0.0
0.0
0.0
0.0
0.0
0.0
0.0
0.0
0.0
0.0
0.0
0.0
-1.12876
0.0
0.0
0.0
0.0
0.610129
0.0
0.0
0.0
0.0
0.0
0.0
0.0
0.0
0.0
0.0
0.0
0.0
0.0
0.0
0.0
0.916759
0.0
0.0
0.0
0.0
0.0
0.0
0.0
0.0
0.0
0.0
-0.951895
0.0
0.0
0.0
0.0
0.0
0.0
0.0
0.0
0.0
0.0
0.200851
0.0
0.0
0.0
0.0
0.0
0.0
0.0
0.948237
0.0
0.0
0.0
0.0
0.0
0.0
0.0
0.0
0.0
0.0
0.0
0.0
0.0
0.452464
0.0
-0.588421
0.0
0.0
0.0
0.0
0.0
0.0
0.0
0.0
0.0
0.0
0.0
0.0
0.0
0.0
0.0
0.0
0.0
0.0
0.0
-0.0713564
0.0
0.0
0.0
0.0
0.0
0.0
0.0
0.0
0.0
0.0
0.0
-1.03182
0.0
0.0
0.0
0.0
0.0
0.0
0.0
0.0
0.0
0.0
0.0
-0.00722946
0.456317
-0.248672
0.000523983
0.010865
0.00328587
-0.741514
0.121648
0.230729
0.0618398
0.0375158
-0.288724
0.0387325
0.103623
-0.212676
-0.0518583
0.0431507
-0.418145
0.0020567
-0.63284
-0.39793
0.0826124
-0.1547
-2.08821
0.0226377
-0.536939
0.200059
-0.0696338
0.0249674
0.0498149
-0.17508
-0.0610135
0.105632
0.578619
0.472088
0.00765466
-0.263201
-0.180397
-0.45179
-0.414227
0.0824488
0.206233
-0.0686608
0.13451
0.599036
-0.23829
0.122691
-0.0406943
0.586633
0.0
0.0
0.0
0.0
0.0
0.0
0.0
0.0
0.0
0.0
0.0
0.0
0.0
0.0
0.0
0.0
0.0
0.0
0.0
0.0
0.0
0.0
0.0
0.0
0.0
0.0
0.0
0.0
0.0
0.0
0.0
0.0
0.0
0.0
0.0
0.0
0.0
0.0
0.0
0.0
0.0
0.0
0.0
0.0
0.0
0.0
-1.63466
0.0
0.0
0.0
0.0
0.0
0.0
0.0
0.0
0.0
0.0
0.0
0.0
0.0
0.0
0.0
0.0
0.0
0.0
0.0
0.0
0.0
0.0
0.0
0.0
0.0
0.0
0.0
0.0
0.0
0.0
0.0
0.0
0.0
0.244112
0.0
0.0
0.0
0.0
0.0
0.0
0.0
0.0
0.0
0.0
0.0
0.0
0.0
0.0
0.0
0.0
0.0
0.0
0.0
0.0
0.0
0.0
0.0
0.0
0.0
0.0
0.0
0.0
0.0
0.0
0.0
0.0
0.0
0.0
0.0
0.0
0.0
0.0
0.0
0.0
0.0
0.0
0.0
0.0
0.0
0.0
0.0
0.0
0.0
0.0
0.0
0.0
0.0
0.0
0.0
0.0
0.0
0.0
0.0
0.0
0.0
0.0
0.0
0.0
0.894325
0.0
0.0
0.0
0.0
0.0
0.0
0.0
-0.476246
0.0
0.0
0.0
0.0
0.0
0.0
0.0
0.0
0.0
0.0
0.0
0.0
0.0
0.0
0.0
0.0
0.0
1.16276
0.0
0.0
0.0
0.0
0.0
0.0
0.0
0.0
0.0
-0.524904
0.0
0.0
0.0
0.0
0.0
0.0
0.0
0.0
0.0
0.0
0.0
0.0
0.0
0.0
0.0
0.0
0.0
0.0
0.0
0.0
0.0
0.0
0.0
0.0
0.0
0.0
0.0
0.0
0.0
0.0
0.0
0.0
0.0
0.0
0.0
0.0
0.0
0.0
0.0
0.0
0.0
0.0
0.0
0.0
0.0
0.0
0.0
0.0
0.0
0.0
0.0
0.0
0.0
0.0
0.0
0.0
0.0
0.0
0.0
0.0
0.0
0.0
0.0
0.0
0.0
0.0
0.0
0.0483869
0.0
0.0
0.0
0.0
0.0
0.0
0.0
0.0
0.587629
0.0
0.0
0.0
0.0
0.0
0.0
0.0
0.0
-1.44822
0.0
0.0
0.0
0.0
0.0
0.0
0.0
0.0
0.0
0.0
0.0
0.0
0.0
0.0
0.0
0.0
0.0
0.0
0.0
0.0
0.0
0.0
0.0
0.0
0.0
0.0
0.0
-0.957119
0.0
0.0
0.0
0.0
0.0
0.0
0.0
0.0
0.0
0.0
0.0
0.0
0.0
0.0
0.0
0.0
0.0
0.0
0.0
0.0
0.0
0.0
0.0
0.0
0.0
0.0
0.0
0.0
0.0
0.0
0.0
0.0
0.0
0.0
0.0
0.0
0.0
-0.197729
0.0
0.0
0.0
0.0
-1.01952
0.0
0.0
0.0
0.0
0.0
0.0
0.0
0.0
0.0
0.0
0.0
0.0
0.0
0.0
0.0
0.0
0.0
0.0
0.0
0.0
0.0
0.0
0.0
0.0
0.0
0.0
0.0
0.0
0.0
0.0
0.0
0.0
0.0
0.0
0.0
0.0
1.13926
0.0
-0.137306
0.0
0.0
0.0
0.0
0.0
0.0
0.0
-0.815054
0.0
0.0
0.0
0.0
0.0
0.0
0.0
0.0
0.0
0.0
0.0
0.0
0.0
0.0
0.0
0.0
0.0
0.0
0.0
0.0
0.0
0.0
0.0
0.0
0.0
0.0
0.0
0.0
-1.39176
0.0
-2.63357
0.0
0.0
0.0
0.901107
0.333051
0.0
0.0
0.0
0.0
0.0
0.0
0.0
0.0
0.0
0.0
0.0
0.0
0.0
0.0
0.0
0.0
0.0
0.0
0.0
0.0
0.0
0.0
0.0
0.0
0.0
0.0
0.0
0.0
0.0
0.0
-0.0634047
0.0
0.0
0.0
0.0
0.60951
0.0
0.0
0.0
0.0
0.0
0.0
0.0
0.0
0.0
0.0
0.0
0.0
0.0
0.0
0.0
0.0
0.0
0.0
0.0
0.0
0.0
0.0
0.0
0.0
0.0
0.0
0.0
0.0
0.0
0.0
0.0
0.0
0.0
0.0
0.0
0.0
0.0
0.0
0.0
0.0
0.0
0.0
0.0
0.0
-0.0563136
0.0
0.0
0.0
0.0
0.0
0.0
0.0
0.0
0.0
0.0
0.0
0.0
0.0
0.626748
0.0
0.0
0.0
0.0
0.0
0.0
0.0
0.0
0.0
0.0
0.0
0.0
0.0
0.0
0.0
0.0
0.0
0.0
0.0
0.0
0.0
0.0
0.0
0.0
0.0
0.0
0.0
0.0
0.0
0.0
0.0
0.0
0.0
0.0
0.0
0.0
0.0
0.0
0.0
0.0
0.0
0.0
0.0
0.0
0.0
0.0
0.0
0.0
0.0
0.0
0.0
0.0
0.0
0.0
0.0
0.0
0.0
0.0
0.0
0.0
0.0
0.0
0.0
0.0
0.0
0.0
0.0
0.0
0.0
0.0
0.0
0.0
0.0
0.0
0.0
0.0
0.0
0.0
0.0
0.0
0.0
0.0
0.0
0.0
0.0
0.0
0.0
0.0
0.0
0.0
0.0
0.0
0.0
0.0
0.0
0.0
0.0
0.0
0.0
0.0
0.0
0.0
0.0
0.0
0.0
0.0
0.0
0.0
0.0
0.0
0.0
0.0
0.0
0.0
0.0
0.0
0.0
0.0
0.0
0.0
-0.00897878
-0.343864
0.0554089
-0.000303436
-0.00741707
-0.22378
-0.521584
0.277386
0.109259
0.199181
0.00340715
0.0326821
0.194862
0.245079
0.259615
-0.136979
0.10471
0.457855
-0.000616178
0.0626033
-0.780346
0.113367
-0.231055
0.00145298
0.109201
0.670816
-0.118734
0.00721321
-0.0188777
-0.0648171
-0.858764
-0.0178805
-0.0866917
0.056385
-0.609411
0.200571
0.187143
0.250853
-0.0982452
-0.516231
-0.0165499
-0.0920944
-0.038756
0.0574261
0.4503
0.187937
-0.259317
0.0471376
-0.401445
0.0
0.0
0.0
0.0
0.0
0.0
0.0
0.0
0.0
0.0
0.0
0.0
0.0
0.0
0.0
0.0
0.0
0.0
0.0
0.0
0.0
0.0
0.0
0.0
0.0
-0.667444
0.0
0.0
0.0
0.0
0.0
0.0
0.0
0.0
0.0
0.0
0.0
0.0
0.0
0.0
0.950938
0.0
0.0
0.0
0.0
0.0
0.0
0.0
0.0
0.0
1.69744
0.0
0.0
0.0
0.0
0.0
0.0
0.0
0.0
0.0
0.0
0.0
0.0
0.0
0.0
0.0
0.0
0.0
0.0
0.0
0.0
0.0
0.0
0.0
0.0
0.0
0.0
0.0
0.0
0.0
0.0
0.0
0.0
0.0
0.0
0.0
0.0
0.0
0.0
0.0
0.0
0.0
0.0
0.0
0.0
0.0
-1.29571
0.0
0.0
0.0
0.0
1.40256
0.0
0.0
0.0
0.0
0.0
0.0
0.0
0.0
0.0
0.0
0.0
0.0
0.0
0.0
0.0
-2.0235
0.0
0.0
0.0
-0.475178
0.0
-0.928016
0.0
0.0
0.0
0.0
0.0
0.0
0.0
0.0
0.0
0.0
0.0
1.67994
0.0
0.0
0.0
0.0
0.0
0.0
0.0
0.0
0.0
0.0
0.0
0.0
0.0
0.0
0.0
-0.613475
0.0
0.0
0.0
0.0
0.0
0.0
0.0
0.0
0.0
-0.98611
0.0
0.103583
0.0
0.0
0.0
0.0
0.0
0.0
0.0
0.0
0.0
0.0
0.0
0.0
0.0
0.0
0.0
0.0
0.0
0.0
0.0
0.0
0.0
0.0
0.0
0.0
0.0
0.0
0.0
0.0
0.0
0.0
0.0
0.0
0.0
0.0
0.0
0.0
0.0
0.0
0.0
0.0
0.0
0.0
-0.171358
0.0
0.0
0.0
0.0
0.0
0.0
0.0
0.0
0.0
0.0
-0.0749143
0.0
0.0
0.0
0.0
0.0
0.0
0.0
0.0
0.0
0.0
0.0
0.0
0.0
0.0
0.0
0.0
0.0
0.0
0.0
0.0
0.0
0.0
0.0
0.0
0.0
0.0
0.0
0.0
0.0
0.578296
0.0
0.0
0.0
0.0
0.0
0.0
0.0
0.0
0.0
0.0
0.0
0.0
0.0
0.0
0.0
0.0
0.0
0.0
0.0
0.0
0.0
0.0
0.0
0.0
0.0
0.0
0.0
0.0
0.0
0.0
0.0
0.0
0.0
0.0
0.0
0.0
0.0
0.0
0.0
0.0
0.0
0.0
0.0
0.0
0.0
-0.746772
0.0
0.0
0.0
0.0
0.0
0.0
0.0
0.0
0.0
0.0
0.0
0.0
0.0
0.0
0.0
0.0
0.0
0.0
0.0
0.0
0.0
0.0
0.0
0.0
0.0
0.0
0.0
0.0
0.0
0.0
0.0
0.0
0.0
0.0
0.0
0.0
0.0
0.0
0.0
0.0
0.0
0.0
0.0
0.0
0.0
0.0
0.0
0.0
0.0
0.0
0.0
0.0
0.0
0.0
0.0
0.0
0.0
0.0
0.0
0.0
0.0
0.0
0.0
0.0
0.0
0.0
0.0
0.0
0.0
0.0
0.0
0.0
0.0
-0.0263392
0.0
0.0
0.0
0.0
0.0
0.0
0.0
0.0
0.0
-1.12676
0.0
0.0
0.0
0.0
0.0
0.0
0.0
0.0
0.0
0.0
0.0
0.0
0.0
0.0
0.0
0.717767
0.0
0.0
0.0
0.0
0.0
0.0
0.0
0.0
0.0
0.0
0.0
0.0
0.0
0.0
0.0
0.0
0.0
0.0
0.0
0.0
0.0
0.0
0.0
0.0
0.0
0.0
0.0
0.0
0.0
0.0
0.0
0.0
0.0
0.0
0.0
0.0
0.0
0.0
0.0
0.0
0.0
0.0
0.0
0.0
0.0
0.0
0.0
0.0
0.0
0.0
0.0
0.0
0.0
0.0
0.0
0.0
0.0
0.0
0.0
0.0
0.0
0.0
0.0
0.0
0.0
-0.538955
0.0
0.0
0.0
0.0
0.0
0.0
0.0
0.0
0.0
0.0
0.0
0.0
0.0
0.0
0.0
-0.0701405
0.0
0.0
0.0
0.0
0.0
0.0
0.0
0.0
0.0
0.0
0.0
0.0
0.0
0.0
0.0
0.0
-0.863457
0.0
0.0
0.0
0.0
0.0
0.0
0.0
0.0
0.0
0.0
0.0
0.0
0.0
0.0
2.53831
0.0
0.0
0.0
0.0
0.0
0.0
0.0
0.0
0.0
0.0
0.0
0.0
0.0
0.0
0.0
0.0
0.0
0.0
0.0
0.0
0.0
0.0
0.0
0.0
0.0
0.0
-1.21509
-0.220743
0.0
0.0
0.0
0.0
0.0
0.0
0.0
0.0
0.0
0.0
0.0
0.0
0.0
0.0
-0.460638
0.0
0.0
0.431684
0.0
0.0
0.0
0.0
0.0
0.0
0.0
0.0
0.0
0.0
0.0
0.0
0.0
0.0
0.0
0.0
0.0
0.0
0.0
0.0
0.0
0.0
0.887611
0.0
0.0
0.0
0.0
0.0
0.0
0.0
0.0
0.0
0.0
0.141299
0.0
0.0
0.0
0.0
0.0
0.87546
0.0
0.0
0.0
0.0
0.0
0.0
0.0
0.0
0.0
0.0
0.0
0.0
0.0
0.0
0.0
0.0
0.0
0.0
0.0
0.0
0.0
-1.05406
0.0
0.0
0.0
0.0
0.0
0.0
0.0
0.0
0.0
0.0
0.0
0.0
0.0
0.0
0.0
0.0
0.0
0.0
0.0
0.0
0.0
0.0
0.0
0.0
0.0
0.0
0.0
0.0
0.0
0.0
0.0
0.0
0.0
0.0
0.0
0.0
1.43481
0.0
0.0
0.0
0.0
0.0
0.0
0.0
0.0
0.0
0.0
0.0
0.0
0.0
0.0
0.0
0.0
0.0
0.0
0.0
0.0
0.0
0.0
0.0
-0.41379
0.0
0.0
0.0
0.0
0.0
0.0
-1.14207
-0.598228
0.0
0.0
0.0
0.0
0.0
0.0
0.0
0.0
0.0
0.0
0.0
0.0
0.0
0.0
0.0
0.0
0.655144
0.0
0.0
0.0
0.0
0.0
0.0
0.0
0.0
0.0
0.0
0.0245404
-0.125055
0.0
0.0
0.0
0.0
0.0
0.0
0.0
0.0
0.0
0.0
0.0
0.0
0.0
0.0
0.0
0.0
0.0
0.0
0.0
0.0
0.0
0.0
0.0
0.0
0.0
1.63987
0.0
0.0
0.0
0.0
0.0
0.0
0.0
0.0
0.0
0.0
0.0
0.0
0.0
0.0
0.0
0.0
0.0
0.0
0.0
-0.918483
0.0
0.0
0.0
0.0
0.0
0.0
0.0
0.0
0.0
0.0
0.0
0.0
0.0
0.0
0.0
0.0
0.0
0.818824
0.0
0.0
0.0
0.0
0.0
0.0
0.0
0.0
0.0
0.0
0.0
0.0
0.0
-0.303991
0.0
0.0
0.0
0.0
0.0
0.0
0.0
0.0
0.0
0.0
0.0
0.0
0.0
0.0
0.0
0.0
0.0
0.0
0.0
0.0
0.0
0.0
0.0
-0.873223
0.0
0.0
0.0
0.0
-0.2271
0.0
0.0
0.0
0.0
0.0
0.0
0.0
0.0
0.0
0.0
0.0
0.0
0.0
0.0
0.0
0.0
0.0
0.0
0.0
0.0
0.0
-1.81687
0.0
0.0
0.0
0.0
0.0
0.0
0.878098
0.0
0.0
0.0
0.0
0.0
0.0
0.0
0.0
0.0
0.0
0.0
0.0
0.0
0.0
0.0
0.0
0.0
0.0
0.0
0.0
0.0
-0.85707
0.0
0.0
-0.190381
0.0
-2.01708
0.0
0.0
0.0
0.0
0.0
0.0
0.0
0.0
0.0
0.0
0.0
-0.0414045
0.0
0.0
0.0
0.0
0.0
0.0
-1.70159
0.0
2.09662
0.0
0.0
0.0
0.0
0.0
0.0
0.0
0.0
0.0
0.0
0.0
0.0
0.0
0.0
0.0
0.0
0.0
0.0
0.0
0.0
0.0
0.0
0.0
0.0
0.0
0.0
0.0
0.0
0.0
0.0
0.0
0.0
0.0
0.0
0.0
0.0
0.0
0.0
0.0
0.0
0.0
0.0
0.0
0.0
0.0
0.0
-0.527206
0.0
0.0
0.0
0.0
0.0
0.0
0.0
0.0
0.0
0.0
0.0
0.0
0.0
0.0
0.0
0.0
0.383604
0.0
0.0
-0.0529478
0.0
0.0
0.0
0.0
0.0
0.0
0.0
0.0
0.0
0.0
0.0
0.0
0.0
0.0
0.0
-0.00381489
0.552321
-0.650962
0.000259933
-0.0067179
-0.0556135
-1.0427
-0.285443
0.139868
0.0229093
0.0530773
-0.247976
-0.494079
-0.323118
0.0669847
-0.0490902
-0.0490119
-0.589349
0.0028485
-0.71127
-0.344501
0.321941
0.0415335
0.0125745
0.0940187
-0.993075
0.332605
-0.0193478
0.00271727
-0.0130133
-0.281836
-0.0224155
0.037133
0.83701
0.274506
0.594187
0.145056
-0.779362
-0.348556
-0.337343
0.017734
0.0102726
-0.000710906
0.100682
0.94695
0.135308
0.381779
-0.0168489
1.10207
0.0
0.0
0.0
0.0
0.0
0.0
0.0
0.0
0.165349
0.0
0.0
0.0
0.0
0.0
0.0
0.0
0.0
0.0
0.0
0.0
0.0
0.0
0.0
0.0
0.0
0.0
0.0
0.0
0.0
0.0
0.0
0.0
0.0
0.0
0.0
0.0
0.0
0.0
0.0
0.0
0.0
0.0
0.0
0.0
0.0
0.0
0.0
0.0
0.0
0.0
0.0
0.0
0.0
0.0
0.0
0.0
0.0
0.0
0.0
0.0
0.0
0.0
0.0
0.0
0.0
0.0
0.0
0.0
0.0
0.0
0.0
0.0
0.0
0.0
0.0
0.0
0.0
0.0
0.0
0.0
0.0
0.0
0.0
0.0
0.0
0.0
0.0
0.0
0.0
0.0
0.0
0.0
0.0
0.0
0.0
0.0
0.0
0.0
0.0
0.0
0.0
0.0
-1.9071
0.0
0.0
0.0
0.0
0.0
0.0
1.57993
0.0
0.0
0.0
0.0
0.0
2.54072
0.0
0.0
0.0
0.0
0.0
-0.489195
0.0
0.0
0.0
0.0
0.0
0.0
0.0
0.0
0.0
0.0
0.0
0.0
0.0
0.0
0.0
0.0
0.0
0.0
0.0
0.0
0.0
0.0
0.0
-1.03035
0.0
0.0
0.0
0.0
0.0
0.0
0.0
0.0
0.0
0.0
0.0
0.0
0.0
0.0
0.0
0.0
0.0
0.0
0.0
0.0
0.0
0.0
0.0
0.0
0.0
0.0
0.0
0.0
0.0
0.0
0.0
0.0
0.0
0.0
0.0
0.0
0.0
0.0
0.0
0.0
0.0
0.0
0.0
0.0
0.0
0.0
0.0
0.0
0.0
0.0
0.0
0.0
0.0
0.0
0.0
0.0
0.0
0.0
0.0
0.0
0.0
-1.60792
0.0
0.0
0.0
0.0
0.0
0.0
0.0
0.657233
0.0
0.0
0.0
0.0
0.0
0.360028
0.0
0.0
0.0
0.0
0.0
0.0
0.0
1.04946
0.0
0.0
0.0
0.0
0.0
0.0
0.0
0.0
0.0
0.0
0.0
0.0
0.0
0.0
0.0
0.0
0.0
0.0
0.0
0.0
0.0
0.0
0.0
0.0
0.0
0.0
0.0
-0.10459
0.0
0.0
0.0
0.0
0.0
0.0
-0.58054
0.0
0.0
0.0
0.0
0.0
0.0
0.0
0.0
0.0
0.0
0.0
0.0
0.0
0.0
0.0
0.0
0.0
0.0
0.0
0.0
0.0
0.0
0.0
0.0
0.0
0.0
0.0
0.0
0.0
0.0
0.0
0.0
0.0
0.0
0.0
0.0
0.0
0.0
0.0
0.0
0.0
0.0
0.0
0.0
0.0
0.0
0.0
0.0
0.0
0.0
0.0
0.0
0.0
0.0
0.0
0.0
-0.05973
0.0
0.0
0.730612
0.0
0.0421112
0.0
0.0
0.0
0.0
0.0
0.0
0.0
0.0
0.0
0.0
0.0
0.0
0.0
0.0
0.0
0.0
0.0
0.0
0.0
0.0
0.0
0.0
0.0
0.0
0.0
0.0
0.0
0.0
0.0
0.0
0.0
0.0
0.0
0.0
0.0
0.0
0.0
0.0
0.0
0.0
0.0
0.0
0.620005
0.0
0.0
0.0
0.0
0.0
0.0
0.0
0.0
0.0
0.0
0.0
0.0
0.0
0.0
0.0
0.0
0.0
0.0
0.0
0.0
0.0
0.0
0.0
0.0
0.0
0.0
0.0
0.0
0.0
0.0
0.0
0.0
0.0
0.0
0.0
0.0777026
-0.108989
0.0
0.0
0.0
1.21018
0.0
0.0
0.0
0.0
0.0
0.0
0.0
0.0
0.0
0.0
0.0
0.0
0.0
0.0
0.0
0.0
0.0
0.0
0.306689
0.0
0.0
0.0
0.0
0.0
0.0
0.0
0.0
0.0
0.0
0.0
0.0
0.0
0.0
0.0
0.150204
0.0
0.0
0.0
0.0
0.0
0.0
0.0
0.0
0.0
0.0
0.0
0.0
0.0
0.0
0.0
0.0
0.0
0.0
0.0
0.0
0.0
0.0
0.0
0.0
0.0
0.0
0.0
0.0
0.0
0.0
0.0
0.0
0.0
0.0
0.863258
0.0
0.0
0.0
0.0
0.0
0.0
0.0
0.0
0.0
0.0
0.0
0.0
0.0
0.0
0.644121
0.0
0.0
0.0
0.0
0.0
0.0
0.0
0.0
0.0
0.0
0.0
0.0
0.0
0.0
0.0
0.0
0.0
0.0
0.0
0.0
0.0
0.0
0.0
0.0
0.0
0.0
0.0
0.0
0.0
0.0
0.0
0.0
0.0
0.0
0.0
0.0
0.0
0.0
0.0
-0.619179
0.0
0.0
0.0
0.00184698
-0.292287
0.0911676
0.720394
-0.012452
-0.400606
-0.512802
0.299522
0.06039
-0.000694433
0.0134859
-0.302442
-0.0445218
0.281316
0.236231
-0.107933
0.0738673
0.443381
-0.00386986
0.0508382
-0.533377
0.228807
-0.0496941
-0.00774014
0.0544362
0.735794
-0.134684
0.0380985
0.00450771
-0.0260408
-1.03266
-0.0327398
-0.0558398
-0.0046696
-0.733828
-0.0014791
-0.258883
0.298844
-0.311248
-0.650289
0.0987905
0.107737
-0.0537154
0.0507021
0.480215
0.168176
-0.14444
-0.00217447
-0.397491
0.0
0.0
0.0
0.0
0.0
0.0
0.0
0.0
0.0
0.0
0.0
0.0
0.0
0.0
0.0
0.0
0.0
0.0
0.0
0.0
0.0
0.0
0.0
0.0
0.0
0.0
0.0
0.0
0.0
0.0
0.0
0.0
0.0
0.0
0.0
0.0
0.0
0.0
0.0
0.0
0.0
0.0
0.0
0.0
0.0
0.0
0.109107
0.0
0.0
0.0
0.0
0.0
0.0
0.0
0.0
0.0
0.0
0.151872
0.0
0.0
0.0
0.0
0.0
-0.240119
0.0
0.0
0.0
0.0
0.0
0.0
0.0
0.0
0.0
0.0
0.0
0.0
-0.422156
0.0
0.0
0.0
0.0
0.0
0.0
0.0
0.0
0.0
0.0
0.0
0.0
0.0
0.0
0.0
0.0
0.0
0.0
0.0
0.0
0.0
0.0
-0.806882
0.0
0.0
0.0
0.0
0.0
0.0
0.0
0.0
0.0
0.0
0.0
0.0
0.0
0.0
0.0
0.0
0.0
0.0
0.0
0.0
0.0
0.0
0.0
0.0
0.0
0.0
0.0
0.0
0.0
0.0
0.0
0.0
0.0
0.0
0.0
0.0
0.0
0.0
-0.650707
0.0
0.0
0.0
0.0
-1.7691
0.0
0.661814
0.0
0.0
0.0
0.0
0.0
-0.691811
0.0
0.0
0.0
0.0
0.0
0.0
0.0
0.0
0.0
0.0
0.0
0.0
0.0
0.0
0.0
0.0
0.0
0.0
0.0
0.0
0.0
0.0
0.344707
0.0
0.0
0.0
0.0
0.0
0.0
0.0
0.0
0.0
0.0
0.0
0.0
0.0
0.0
0.0
0.0
0.0
0.0
0.0
0.0
0.0
0.326333
0.0
0.0
0.0
0.0
0.0
0.0
0.0
0.0
0.0
0.0
0.0
0.0
0.0
0.0
0.0
0.0
0.237228
0.0
0.0
0.0
0.0
0.0
0.0
0.0
0.0
0.0
0.0
0.0
0.0
0.0
0.0
0.732281
0.0
0.0
0.0
0.0
0.0
0.0
0.0
0.0
0.0
0.0
0.0
0.0
0.0
0.0
0.0
0.0
0.0
0.977212
0.0
0.0
0.0
0.0
0.0
0.0
0.0
0.0
0.0
0.0
0.0
0.0
0.0
0.0
0.0
0.0
0.0
0.0
0.0
0.0
0.0
0.0
0.0
0.0
0.0
-0.373925
0.0
0.0
-0.612604
0.0
0.0
0.0
0.0
0.0477809
0.0
0.0
0.0
0.0
0.0
0.0
0.0
0.0
0.0
0.0
0.0
0.0
0.0
-0.00835234
0.598507
-0.48735
0.00142342
0.00601731
-0.193104
-1.09485
0.0943872
0.518346
0.0551773
-0.0109166
-0.337712
-0.231227
-0.415838
0.304798
-1.67582
-0.0553779
-0.20783
0.434892
-0.674328
-0.314516
0.240031
-0.0670119
7.48734e-05
0.08934
-1.43122
0.34221
-0.0472088
0.0178909
-0.00327853
-0.130386
0.184361
0.0238238
0.916921
0.479702
0.129405
0.295313
-0.445393
-0.453478
-0.689995
0.0780216
0.0396608
0.0124288
0.0771302
1.04241
-0.231029
0.451195
-0.0726842
0.791049
0.0
0.0
0.0
0.0
0.0
0.0
0.0
0.0
0.0
0.0
0.0
0.0
0.0
0.0
0.0
-1.03251
0.0
0.0
0.0
-0.160901
0.0
0.0
0.0
0.0
0.0
0.0
0.0
0.0
0.0
0.0
0.0
0.0
0.0
0.0
0.0
0.0
0.0
0.0
0.0
0.0
0.0
0.0
0.0
0.0
0.0
0.0
0.0
0.0
0.0
0.0
0.0
0.0
0.0
0.0
0.0
0.0
0.0
0.0
0.0
0.0
0.0
0.0
0.0
0.0
0.0
0.0
0.0
0.0
0.0
0.0
0.0
0.0
0.0
0.0
0.0
0.0
0.0
0.0
0.0
0.0
0.0
0.0
0.0
0.0
0.0
0.0
0.0
0.0
0.0
0.0
0.0
0.0
0.0
0.0
0.0
0.0
0.0
0.0
0.0
0.0
0.0
0.0
0.0
-1.20415
0.0
0.0
0.0
0.0
0.0
0.0
0.0
0.0
0.0
0.0
0.0
0.0
0.0
0.0
0.0
0.0
0.0
0.0
0.0
0.0
0.0
0.0
0.0
0.0
0.0
0.0
0.0
0.0
0.0
0.0
0.0
0.0
0.0
0.0
0.0
0.0
0.0
0.0
0.0
0.0
0.0
0.0
0.0
0.0
0.0
0.0
0.0
0.0
0.0
0.0
0.0
0.0
0.0
0.0
0.0
0.0
0.0
0.0
1.61671
0.0
-0.649119
0.0
0.0
0.0
0.0
0.0
0.0
0.0
0.0
0.0
0.0
0.0
0.0
0.0
0.0
0.0
0.0
0.0
0.0
0.0
0.0
0.0
0.0
0.0
0.0
0.0
0.0
0.0
0.0
0.0
0.0
0.0
0.0
0.0
0.0
0.0
0.0
0.927457
0.0
0.0
0.0
0.0
0.0
0.0
0.0
0.0
0.0
0.0
0.0
0.0
0.0
0.0
0.0
0.0
0.0
0.0
-0.366021
0.0
0.0
0.0
0.0
1.06852
0.0
-0.847473
0.0
0.0
0.0
0.0
0.0
0.0
0.0
0.0
0.0
0.0
0.0
0.0
0.0
0.0
0.0
0.0
0.0
0.0
0.0
0.0
0.0
0.0
0.0
0.0
0.0
0.0
0.0
0.0
-1.20364
-0.967229
0.0
0.0
0.0
0.0
0.0
0.0
0.0
-0.444496
0.0
0.0
0.0
0.0
0.0
0.0
0.0
0.0
0.0
0.0
0.0
0.0
0.0
0.0
0.0
0.0
0.0
0.0
0.0
0.0
0.0
2.07375
0.0
0.0
0.0
0.0
0.0
0.0
0.0
0.0
0.0
0.0
0.0
0.0
0.0
0.0
0.0
0.0
0.585905
0.0
0.0
0.0
0.0
0.0
0.0
0.0
0.0
0.535724
0.0
0.0
0.0
0.0
0.0
0.0
0.0
0.0
0.0
0.0
0.0
0.0
0.0
0.0
0.0
0.0
0.0
0.0
0.0
0.0
0.0
0.0
0.0
0.0
0.381183
0.0
0.0
0.0
0.0
-0.000500616
-0.351606
0.192467
0.000324348
0.00626271
-0.544489
-0.762362
0.348082
0.0720957
0.0520603
0.0264727
0.228071
0.141725
0.0314155
0.26805
-0.0426278
0.11493
0.596758
-0.00908048
0.00530476
-0.526761
-0.0296854
-0.0757065
0.00327421
0.104677
0.569754
-0.143114
0.079446
0.0164328
0.00447909
-0.805355
-0.0838627
-0.0300965
0.0249857
-0.660431
-0.0905835
-0.153281
0.39617
-0.1698
-0.682698
0.0705877
0.112901
-0.077501
0.0195688
0.486775
0.209965
-0.0762404
-0.125745
-0.273631
0.0
0.57083
0.0
0.0
0.0
0.0
0.0
0.361372
0.0
0.0
0.0
0.0
0.0
0.0
1.39874
0.0
0.0
0.0231279
0.0
0.0
0.0
0.0
0.0
0.0
0.0
0.0
0.0
0.0
0.0
0.0
0.0
-1.40573
0.0
0.0
0.0
0.0
0.0
0.0
0.0
-0.441073
0.0
0.0
0.0
0.0
0.0
0.0
0.0
0.0
0.0
0.0
0.0
0.0
0.0
0.0
0.0
0.0
0.0
0.0
0.0
0.0
0.0
0.0
0.0
0.0
0.0
0.0
0.0
0.0
0.0
0.0
0.0
0.0
0.0
0.0
0.0
0.0
0.0
0.0
0.0
0.0
0.0
0.0
0.0
0.0
0.0
0.0
0.0
0.0
0.0
0.0
0.0
0.0
0.0
0.0
0.0
0.0
0.0
0.0
-1.00854
0.0
0.0
0.0
0.0
0.0
0.0
0.0
-1.01466
0.0
0.839705
0.0
0.0
0.0
0.0
0.0
0.0
0.0
0.0
-0.358519
0.0
0.0
0.0
0.0
0.0
0.0
0.0
0.0
0.0
0.0
0.128687
0.0
0.0
0.0
0.0
0.0
0.0
0.0
0.0
0.0
0.0
0.0
0.0
0.0
0.446165
0.0
0.0
0.0
0.0
0.0
0.0
0.0
0.0
0.0
0.0
0.0
0.0
0.0
0.0
1.33989
0.0
0.0
0.0
0.0
0.0
0.0
0.0
0.0
0.0
0.0
0.0
0.0
0.0
0.0
0.0
0.0
0.0
0.0
0.0
0.0
0.0
0.0
0.0
0.0
0.0
0.0
0.0
0.0
0.0
0.0
0.047856
0.0
0.0
0.0
0.0
0.0
0.0
0.0
0.0
0.0
0.0
0.390413
0.0
0.0
0.0
0.0
0.0
0.0
0.0
0.0
0.0
0.0
0.0
0.0
0.0
0.997288
-1.85746
0.0
-1.75702
0.0
0.0
0.0
0.0
0.0
0.0
0.0
0.0
0.0
0.0
0.0
0.0
0.0
0.0
0.0
0.401365
0.0
0.0
0.0
0.0
0.0
0.0
0.0
0.0
0.0
0.0
0.0
0.0
0.0
0.0
0.0
0.0
0.0
0.0
0.0
0.0
0.0
0.0
0.0
0.0
0.0
0.0
0.0
0.0
0.0
0.0
0.0
0.0
0.0
0.0
0.0
0.0
0.0
0.0
0.0
-0.620158
0.0
0.0
0.0
0.0
0.0
0.0
0.0
0.453205
0.0
0.0
0.0
0.0
0.0
0.0
0.0
0.0
0.0
0.0
0.0
0.0
0.0
0.0
0.0
0.0
0.0
0.0
0.0
0.0
0.0
0.0
0.0
0.0
0.0
0.0
0.0
0.0
0.0
0.0
0.0
0.0
0.0
0.0
0.0
0.0
0.0
0.0
0.0
0.0
0.0
0.0
0.0
0.0
0.0
0.0
0.0
0.0
0.0
0.0
0.0
0.0
-0.0706015
0.0
0.0
0.0
0.0
0.0
-1.01162
0.0
0.0
0.0
0.0
0.0
0.0
0.0
0.0
0.0
0.0
0.0
0.0
0.0
0.0
0.0
0.0
0.0
0.0
0.0
0.0
0.0
0.0
0.0
-1.06613
0.0
0.0
-0.757818
0.0
0.0
0.0
0.0
0.0
0.0
0.0
0.0
0.0
0.0
0.0
0.0
0.0
0.0
0.0
0.0
0.0
0.0
0.0
0.0
2.47227
0.0
0.0
0.0
0.0
0.0
0.0
0.0
0.0
0.0
0.0
0.0
0.0
0.0
0.0
0.0
0.0
0.0
0.0
0.0
0.0
0.0
0.0
0.0
0.0
0.0
0.0
0.0
0.0
0.0
0.0
0.0
0.0
0.0
0.0
0.0
0.0
0.0
0.0
0.0
0.0
-0.554074
0.0
0.0
0.0
0.0
0.0
0.0
0.0
0.0
0.0
0.0
0.0448811
0.0
0.0
0.0
0.0
0.0
0.0
0.0
0.0
-0.289997
0.0
0.0
0.0
0.0
0.0
0.0
0.0
0.0
0.0
0.0
1.29297
0.0
0.0
0.0
0.0
0.0
0.0
0.0
0.0
0.0
0.0
0.0
0.0
0.0
0.0
0.0
0.0
0.0
0.0
0.0
0.0
0.0
0.0
-1.54613
0.0
0.0
0.0
0.0
0.0
0.0
0.0
0.00331641
0.112662
-0.245677
0.000471593
0.0109034
-0.730643
-1.342
0.125689
0.112777
0.0998801
-0.0488018
-0.495906
-0.278981
0.639323
-0.568669
0.0185507
-0.110527
1.0475
-0.0147079
-0.479057
-0.347833
0.321144
0.0722661
-0.00946241
0.649236
-1.08539
0.236627
0.0404276
-0.454357
0.0397094
-0.911573
-0.33029
-0.00249307
1.88077
1.81604
-0.11248
-0.533388
-1.13385
-0.22472
-0.499261
-0.00728141
-0.108173
0.0795986
0.512249
1.34553
0.154305
0.352946
-0.635562
0.778047
0.0
0.0
0.0
0.0
0.0
0.0
0.0
-0.501707
0.0
0.0
-0.279959
0.0
0.0
0.0
0.0
0.0
0.0
0.0
0.0
0.0
0.0
0.0
0.0
0.0
0.0
0.0
0.0
0.0
0.0
0.0
0.0
0.0
0.0
0.0
0.0
0.0
0.0
0.0
0.0
0.0
0.0
0.0
0.0
-0.723458
0.0
0.0
0.0
0.0
0.0
-0.00776051
-0.349552
0.0610031
-0.000473914
0.015394
-0.0701763
-0.636361
0.300629
-0.224334
0.104782
-0.0323984
-0.346249
-0.0878918
1.34243
0.459571
-0.0330374
-0.121643
1.03225
-0.00386908
0.606789
-0.122685
0.208941
-0.0835153
-0.133309
0.199907
-0.366855
-0.233872
0.0276449
0.0332047
0.0515574
-1.26624
-0.107524
-0.577083
0.843512
1.01794
-0.14518
-0.394814
-0.431987
0.0661981
-0.386583
0.182225
0.0750993
0.0176139
0.0618335
1.0178
-0.231163
0.037033
-0.481133
-0.350035
0.0
0.0
0.0
0.0
0.0
0.0
0.0
0.0
0.0
0.0
0.0
0.0
0.0
0.0
0.0
0.0
0.0
0.0
0.0
0.0
0.0
0.0
0.0
0.0
0.0
0.0
0.0
0.0
0.0
0.0
0.0
0.0
0.0
0.0
0.0
0.0
0.0
0.0
0.0
0.0
0.0
0.0
0.0
0.0
0.0
0.0
0.0
0.0
0.0
0.00976373
-0.354888
0.289253
0.00357537
0.0116818
0.14465
-0.822571
0.315476
-0.00647436
0.0636632
-0.0259551
-0.311099
-0.0199165
0.872593
0.976874
0.104301
-0.0441486
0.980419
-0.000157712
0.583021
0.289155
-0.0922042
0.038496
-0.00690775
-0.431231
-0.264671
-0.409606
0.0641143
0.0458815
0.0873068
-0.684962
-0.139402
-0.00274465
-0.00184551
-0.250905
-0.860661
-0.323725
0.30853
0.0237309
-0.313144
0.215798
1.03592
-0.063865
0.286732
0.771023
0.0815935
-0.448605
-0.341527
-0.856426
0.0
0.0
0.519751
0.0
-0.0567068
0.0
0.0
0.0
0.0
0.0
0.0
0.0
0.0
0.0
0.0
0.0
0.0
0.0
0.0
0.0
0.0
0.0
0.0
0.0
0.0
0.0
0.0
0.0
0.0
0.0
0.0
0.0
0.0
0.0
0.0
0.0
0.0
0.0
0.0
0.0
0.0
0.0
0.0
0.0
0.0
0.0
0.0
0.0
0.0
0.0
0.0
0.0
0.0
0.0
0.0
0.0
0.0
0.0
0.0
0.0
0.0
0.0
0.0
0.0
0.0
0.0
0.0
0.0
0.0
0.0
0.0
0.0
0.0
0.0
0.0
0.0
0.0
0.0
0.0
0.0
-0.697049
0.0
0.0
0.0
0.0
0.0
0.0
0.0
0.0
0.0
-1.49671
0.0
0.0
0.0
0.0
0.0
0.0
0.0
0.0
0.0
0.0
0.0
0.0
0.0
0.0
0.0
0.0
0.0
0.0
0.0
0.0
0.0
0.0
0.0
0.0
0.0
0.0
0.0
0.0
0.0
0.0
0.0
0.0
0.0
0.0
0.0
0.0
-0.188516
0.0
0.0
0.0
0.0
0.0
0.0
0.0
0.0
0.0
0.0
0.0
0.0
0.0
0.0
0.0
0.0
0.0
0.0
0.0
0.0
0.0
0.0
0.0
0.0
0.0
0.0
0.0
0.0
0.0
0.0
0.0
0.0
0.0
0.0
0.0
0.0
0.0
0.0
0.0
0.0
0.0
0.0
0.0
0.0
0.0
0.0
0.0
0.0
0.0
0.0
0.0
0.0
0.0
0.0
0.0
0.0
0.0
0.0
0.0
0.0
0.0
0.0
1.14721
0.0
0.0
0.0
0.0
0.0
0.0
-0.259329
0.0
0.0
0.0
0.0
0.0
0.0
0.0
0.0
0.0
0.0
0.0
0.0
0.0
0.0
0.0
0.0
0.0
0.0
0.0
0.0
0.0
0.0
0.0
0.0
0.0
0.0
0.0
0.0
0.0
0.757112
0.0
0.0
0.0
0.0
0.0
0.0
0.0
0.0
-0.130095
0.0
0.0
0.0
0.0
0.0
0.0
0.0
0.0
0.0
0.0
0.0
0.0
0.0
0.0
0.0
0.0
0.0
0.0
0.0
0.0
0.0
0.0
0.0
0.0
0.0
0.0
0.0
0.0
0.0
0.0
0.0
0.0
0.0
0.0
0.0
0.0
0.0
0.0
0.0
0.0
0.0
0.0
0.0
0.0
0.0
0.0
0.0
0.0
0.0
0.0
0.0
0.0
0.0
0.0
0.0
0.0
0.0
0.00874039
1.81648
-0.526769
0.0782816
-0.0490457
0.0655933
-0.183853
0.762886
-0.925951
0.159923
-0.521889
-3.34244
2.42899
-0.218859
0.452208
0.0525121
0.138083
-0.545416
-0.0608129
-0.0731511
-0.275682
0.162958
0.699641
-0.199501
-0.957265
1.66148
1.22757
0.138092
-0.0250206
0.13899
0.488052
-0.0850565
-0.139742
-0.00157904
2.53759
-0.864186
0.59668
-0.545127
0.508876
0.238418
0.00266282
2.04756
0.170161
-0.205285
0.573609
0.39202
0.791052
1.10613
1.39296
-0.0357691
-1.93119
0.258185
-0.000131467
0.00469832
-0.0374397
-0.00998358
-0.523409
0.932506
-0.174207
0.356577
3.69004
-2.46943
0.139164
-0.459966
-0.0180244
-0.274857
0.482376
-0.0364946
0.0643041
0.339075
0.123085
-0.813416
0.0411669
0.533828
-1.67053
-1.02431
-0.140962
0.011455
-0.164651
-0.742355
0.0909187
0.328817
-0.0634294
-2.09266
1.06274
-0.527979
0.673742
-0.475346
-0.314885
-0.0132015
-0.226695
-0.117039
0.0533725
-1.12307
-0.585997
-0.838416
-1.31368
-1.32736
0.000461085
-0.208411
-1.64451
0.224192
-0.172423
0.0662485
-0.324414
0.685181
-0.368483
0.293553
-0.0632347
-0.0782558
0.0319373
-1.18972
0.504843
0.188222
0.214272
-0.431771
-0.457302
-0.257109
-0.391515
0.35267
-0.00168352
0.0260135
1.04074
-1.17581
-0.271454
0.309293
0.17866
-0.0447597
-0.381533
0.120288
0.109112
0.2014
0.245561
0.485846
-1.15811
-0.141016
0.219624
-0.181301
-0.0306676
-0.272422
0.242147
1.44529
-1.33738
-0.549196
0.295486
-0.71456
-0.829147
0.0194702
0.0199453
0.227238
-0.148625
0.136278
-0.191112
-0.523634
-0.228814
0.0690675
-0.11318
0.18004
0.445281
-0.0994144
1.01452
-0.471495
-0.0883328
-0.224752
0.349865
0.395223
0.496465
1.00939
-0.176618
-0.0275287
-0.272862
-1.18375
0.217253
0.511752
-0.401637
-0.207254
-1.0412
0.135195
0.0132064
-0.0651015
-0.264397
-2.86958
0.0384771
0.496244
0.115616
-0.587674
-0.199117
-0.0285004
0.239875
-0.117922
0.0234134
0.455423
0.123142
-0.0975601
0.131006
0.59666
-0.0270164
-0.115032
-0.0726634
0.0781584
-0.0443338
0.0282156
-0.193915
0.23944
0.00661716
-0.0142147
-0.165115
0.347225
0.652274
-0.0795083
-0.00795034
0.0345026
-0.13677
-0.0637437
-0.0973004
-0.00893462
0.0634062
0.286516
-0.113752
-0.158371
-0.423739
-0.00841277
0.202817
-0.00282231
-0.944489
-0.0256243
-0.253713
0.00589446
0.189166
-0.0653733
-0.363128
0.198645
0.0686504
0.128628
0.0338039
-0.076684
-0.0105601
0.0807031
0.0530719
-0.151619
-0.548839
1.22689
-0.0477396
-0.207359
0.0656144
-0.0392287
-0.00986125
0.101205
0.00830351
-0.00250689
0.13478
-0.00786369
0.0836767
0.0430526
-0.167182
0.0228474
0.0163714
0.0470742
0.0177769
-0.0519043
-0.0552318
-0.0866081
-0.0298201
-0.034478
-0.0856259
-0.177932
0.117533
-0.0778884
0.0783684
-0.0399548
0.219355
0.0764404
0.0574138
0.0142035
-0.0126876
-0.0743973
-0.0112342
0.0844009
-0.0557572
0.0148972
-0.186081
0.293128
0.0212807
-0.0247508
-0.131636
0.0278276
0.109431
-0.0519188
-0.0575649
-0.177363
0.0139662
-0.0384241
0.0114144
0.0967397
1.30108
0.167
0.785817
0.0106571
-0.00225916
0.0412299
-0.00191286
0.0266312
0.137637
0.154998
0.0262591
-0.939787
1.07865
0.230437
-1.25073
-0.0295747
0.0321303
-0.131194
0.00249386
-0.266464
-1.45768
0.0325781
0.131204
0.0678366
1.30162
-2.00686
-1.32674
-1.30986
-0.046183
-0.0119861
0.613993
0.119441
-0.177854
-0.089427
1.00051
0.0552228
-0.648525
0.300895
0.202081
0.0126871
-0.11832
-0.0628198
0.0201287
-0.143
0.636035
0.158997
-0.471741
-0.0375265
0.30798
1.77098
1.08304
-0.135782
0.0106455
-1.71612
0.0924475
0.0352917
0.106011
-0.138275
-0.17931
0.0544344
-0.00743334
2.05954
0.127587
-0.97723
-0.0646666
-0.0914803
0.118405
-0.0334852
-0.182568
-0.193396
0.0123538
-0.0635817
0.0775587
0.0531044
2.04116
-1.49389
0.0286857
0.0119006
-0.0767597
0.0410176
-0.00156992
0.00100745
0.126153
0.0468725
-0.225549
2.39987
0.0279614
-0.029719
-0.0952092
0.0142583
0.141963
-0.0776356
-0.104129
-0.159147
0.0357795
-0.198115
0.141067
-0.00783861
1.68442
-1.45352
-1.88649
0.00835838
2.50082
0.141577
-0.0639045
0.225936
0.0263324
-0.160361
0.0179123
0.000429415
-1.12948
2.26673
-3.03186
1.56908
1.56866
-0.00315198
-0.0350515
-0.0419127
-0.0800486
0.128618
-0.0874287
0.076775
1.06393
0.153687
-0.458659
1.06366
0.596241
-0.0121766
-0.083691
0.0343767
0.0420471
-0.026451
-0.117725
-0.120983
0.0825463
2.17054
-0.0314927
-0.175877
0.0148681
0.0715037
-0.0600951
-0.0648739
-0.373216
-0.0209012
-0.0162841
-0.0244277
-0.0151341
-0.0403478
1.13849
2.15211
2.45706
2.65286
-2.40299
-0.0379695
-0.650023
-0.0189311
-0.151426
0.0188611
-0.00609777
0.0706231
-0.10161
2.45723
2.16372
-0.0694391
-1.90623
-0.0350791
-0.0783654
-0.0783179
0.135114
-0.086765
0.0766912
1.80399
0.144632
2.13781
0.068483
-0.280584
-0.0222545
-0.116806
0.0210772
0.0522913
-0.0356496
-0.0654289
-0.1349
0.102683
-0.0154319
-0.0303845
-0.162373
0.0161885
0.0712104
-0.0626495
-0.0743513
-0.366032
-0.0213907
-0.0388927
-0.0424998
-0.0292332
-0.0392207
0.0661752
2.41893
2.14958
1.61114
2.19059
0.11726
2.92601
-0.492035
-0.185639
0.032548
0.0580889
0.0966191
-2.35676
0.113088
2.61324
-1.93817
0.54562
-0.0328003
-0.817233
0.313303
0.140161
-0.0979845
0.0687922
0.354135
-1.35842
-0.151287
1.96075
0.019216
-2.747
1.5794
0.0237908
-2.47291
0.701346
-0.122047
-0.14621
0.0624816
-0.447635
-0.182626
-0.0319882
-1.65655
-2.05151
-0.0201922
-0.149535
0.0806366
0.0319007
-0.153348
0.0546875
-0.585164
-0.0241199
-0.395713
0.228583
2.48436
-0.476424
2.23465
0.755802
-0.607358
-1.3204
-0.221843
0.140058
0.728981
0.837648
-0.205838
0.387655
0.0188978
0.0356012
2.08213
-2.83486
1.44888
1.21289
-0.0248995
-0.451076
0.0566749
-0.0116606
-0.239067
0.131302
-1.00652
-0.000171253
0.0311853
0.0564169
-0.336724
-0.779643
0.645888
-1.38301
0.809023
-0.14271
0.832116
-0.187966
0.886855
-0.00851617
0.163653
-0.79973
-0.696125
0.721797
-0.18261
-0.18149
1.39792
0.344804
-0.0352149
0.730159
-0.3203
0.00754835
0.437298
-0.705639
1.32249
1.41412
-0.653608
0.274042
0.0460307
-0.838062
-0.334055
-0.146919
0.707483
0.0582185
-0.338296
-1.69212
-0.485658
1.16114
-1.73916
-0.197326
0.9824
-0.0787499
1.57157
-0.636817
-0.294797
0.151885
-0.983983
0.0181461
2.00856
-0.818829
-0.554893
0.676522
0.36175
0.126674
-0.900448
-2.21542
-2.59063
0.225706
0.145169
-0.268839
0.257535
0.167712
-0.190218
0.267276
-0.207135
-0.273186
-1.34417
-0.0169138
-0.501293
0.309992
0.00860552
0.00609117
0.00656161
-2.74308
-1.62459
-2.00334
-1.30412
-0.00915811
-0.015963
-0.224322
0.048881
-0.764661
-0.10907
-0.030145
0.848577
-2.62382
2.758
-2.1545
0.153687
-0.0543723
0.0125117
0.115971
0.930613
-0.365482
1.21637
0.0233274
0.0208935
-0.0388786
-0.0109978
0.252409
-1.06775
-0.21544
-0.197475
0.388379
0.447257
-0.0854326
-0.680258
-0.0295847
0.357115
-0.16583
-0.0607897
-0.519673
0.0439125
0.552064
-0.643016
0.123986
0.00608711
0.0347495
-0.161952
0.00440175
0.0135004
-0.0419829
-1.05194
2.60143
0.74907
2.18799
-0.0202578
-0.274591
0.0316508
0.265724
0.174648
0.00520555
1.09281
-0.0388775
0.465176
-1.15826
2.42887
-0.874724
0.0092863
2.75027
-0.727774
0.0890977
0.256828
-0.0487783
0.000830619
0.0348367
0.0126712
-1.23826
1.47717
1.55415
-0.352838
0.0809599
-0.107692
-0.187647
-0.0500461
-0.0390588
0.00695689
0.137476
-0.00285877
0.358814
0.106414
0.0822015
0.312036
0.140775
0.0670519
-0.0381221
0.0532406
0.182767
0.00954689
-0.0057296
0.175533
1.23882
0.990608
2.03212
-2.57675
1.7238
0.0563633
0.0546453
-0.0401182
-0.180383
-0.0487186
-0.0652352
0.0395828
-0.0338447
-0.203106
-0.825593
-1.54404
-1.85875
2.41385
0.0810628
0.223712
-0.0227945
0.0548863
0.0135963
-0.0201167
-0.0826536
0.0217513
0.00737811
-0.00805446
-0.139443
-0.0880757
0.102639
0.0171729
-0.0360303
-0.111266
-0.00521959
0.0890104
-0.065088
-0.151205
2.1905
-0.0216258
-0.041218
0.0433613
-0.0341383
-0.0278899
-0.195103
-0.433569
0.00275168
0.00442314
-0.0647228
0.465952
0.322621
-0.627313
1.71871
-2.42638
-0.356241
0.0123888
0.237266
0.11911
-0.0119566
-0.209254
-0.230286
-0.0245072
-0.220117
0.351984
1.89246
1.2567
-2.44996
0.0650576
0.138127
0.721431
-0.0830671
0.0224627
0.00268562
-0.577849
0.105142
2.47172
-0.0786055
-2.2525
2.46578
0.981897
-0.155657
-0.0875939
-0.193329
-0.0465027
0.370577
0.0377158
-0.236091
0.461093
-0.0259264
0.611371
-0.81517
-0.433396
0.0196029
-0.317844
0.0386117
0.0083429
-0.0139766
0.330683
0.00749565
0.265409
-0.183444
-1.81022
2.7919
-0.601947
-0.902409
0.246463
0.945307
0.00899852
0.116264
-0.108814
-0.0163561
-0.238785
0.658709
-0.0458307
-2.59363
1.94696
0.199419
0.308034
0.590221
0.175323
0.0130207
0.0528363
-0.208329
-0.133926
-0.0210026
0.45835
-1.91634
0.401996
-0.0770584
-0.349012
0.284433
-0.0717611
0.129686
-0.41049
-0.0315779
-0.199914
0.339178
0.0100124
-0.276263
-0.21969
0.193362
-2.60641
0.972319
-0.461507
0.00814979
-0.0444254
0.0203262
0.53024
-0.207781
-0.238955
0.0185902
-0.0284909
0.190577
2.66963
-1.59935
3.02901
0.00127386
-0.240111
-0.249601
-0.000595908
-0.258976
0.275139
-0.174304
0.0454766
-0.0122312
2.94607
-1.92424
-1.06539
0.0624464
0.00740345
0.00231867
0.108156
-0.196797
0.0651858
0.0897874
-0.133684
0.161827
0.0234833
1.27798
-2.21527
0.388644
-0.0206914
-0.0255403
0.0321088
-0.0172891
-0.548317
-0.197887
0.367831
-0.199625
0.136162
-2.07906
1.27365
0.0199938
0.00527055
0.0077574
0.0444966
-0.571016
0.712535
0.103554
0.205097
-0.0277584
-0.329236
-2.12017
-2.86743
-1.17602
0.0020684
0.101127
-0.117813
-0.00458068
0.235664
-0.188921
0.150906
0.158287
-0.0281062
-1.80416
-1.05624
-0.209288
1.63425
-0.00313984
0.0289292
-0.192341
0.170424
0.109671
0.519875
-0.617609
0.435172
-0.240744
-2.49476
0.0519914
0.268872
-0.0340477
-0.245705
0.0678479
-0.341206
-0.126125
-0.151268
-0.197024
-0.366212
0.359794
-0.0378504
-1.69673
0.109596
2.14922
-0.00507128
0.182013
-0.100124
0.111187
-0.00921345
-0.180696
0.0510483
0.123071
0.00605444
0.335844
0.52616
-2.80642
0.824183
0.0717989
-0.038445
-0.290707
-0.421078
0.060775
-0.020661
0.0822912
-0.426967
-1.87624
-0.510714
0.388509
0.0136464
0.00101959
-0.0194837
1.9827
0.117643
-0.14905
-0.0379748
-0.0978167
0.531892
-0.393519
0.0776592
-0.0476681
1.33216
0.105606
-0.0214966
-0.20319
0.490844
0.232556
-0.0998287
-0.0134767
0.182988
-0.0384913
0.0268935
-0.835549
0.00806733
-1.34808
0.50966
-0.0101811
0.15399
0.25052
-0.118141
-0.0083911
-0.0692217
-0.0169964
-0.0964931
-2.05518
1.83843
-0.0574833
-0.0713727
-0.763756
0.0741274
0.0869851
0.141353
-0.12604
0.0704874
0.0443611
2.89466
-0.554394
1.54213
2.16879
-0.00234685
-0.156947
0.0373007
0.0951226
-0.177069
-0.0577912
-0.219272
0.177508
0.0417771
-2.69426
-0.192092
0.0134696
0.134281
-0.0812415
0.140309
-0.428995
-0.0759327
0.0788149
-0.214183
-0.00850925
-0.015157
0.143826
0.944733
0.120586
-1.39035
2.16341
1.41942
0.760082
-0.322855
-0.268901
0.0271727
-0.775371
0.326535
-0.190254
0.344108
1.63511
-2.09164
-0.747513
-2.36081
-0.206176
0.584818
-0.12918
-0.371477
0.00313201
0.242122
-2.98726
-1.47831
-1.52398
-1.50233
0.0536626
0.838234
-0.239105
-0.407505
-1.1187
-0.578057
0.794186
-0.60769
-0.156942
0.0410886
1.39472
-0.225725
0.849388
0.315926
0.0233579
-0.0576986
0.33727
-0.171852
1.37559
-0.0375442
0.0101721
-0.00413086
-0.151843
0.00604778
-2.52538
-1.07516
2.33498
0.0767913
0.0325334
0.0507763
-0.0176793
0.0569221
0.0276266
-0.0159066
0.0119208
-0.158024
1.54291
0.874577
-0.606256
-0.0857108
0.135772
-0.00923427
0.0505702
-0.00534786
-0.108058
-0.0910458
1.98901
-1.78873
-0.000952267
0.0278404
2.54924
0.924665
1.64533
2.43161
-0.0941544
0.116916
-0.0363087
-0.0169725
-0.00197426
0.905513
-0.0185611
-0.00776594
0.0383813
-1.19922
-0.144612
-0.0740225
0.110124
-0.107065
0.0315124
0.0072477
-0.61742
0.177553
0.0101666
-0.0515826
-2.33012
-1.84307
-2.89909
-0.233125
-0.511879
0.031631
-0.762008
0.490929
-1.12743
-0.57618
-0.0915544
0.148223
-2.01301
-2.86432
-0.312712
1.32733
0.224217
0.0830321
-0.0781786
-0.428081
0.42467
0.346483
-0.329286
1.01114
0.48261
-0.767672
-2.66422
-2.2969
0.887654
0.719596
-0.360689
0.103202
1.79162
0.62229
2.4016
2.03987
1.14557
-0.0732218
1.06389
-1.69789
-0.814474
-0.333081
1.03355
0.809758
0.0050873
-0.566358
0.0472301
0.00768955
-0.0320348
0.11013
2.7735
-0.0984306
-0.194009
-0.0524345
0.0863758
0.123826
-0.13942
-0.110747
-0.227993
-0.0168407
-1.23779
-0.240781
-2.56535
1.56213
2.78319
0.887068
-0.00328193
0.022176
-0.445029
0.426651
0.0380047
-0.0219871
0.00145103
-1.88875
0.23935
-0.835111
0.554304
0.378582
-1.65079
-1.85276
-0.051254
0.936659
0.0762227
0.224673
-0.0956043
0.0996806
-0.0244741
1.81531
2.78959
-0.396187
2.40864
0.290499
-0.359061
-0.0435955
0.0783553
0.0712617
0.00738536
0.0125038
0.131899
-0.0283327
-1.28561
1.35078
0.464102
0.00748549
-0.0211376
-0.0743521
-0.220095
0.0291663
-0.054496
-0.0825319
-0.0309177
1.75274
0.813757
1.78075
-0.889248
-1.7486
0.0822115
0.0710652
0.149644
0.213129
0.030189
0.0138661
-0.182112
-0.1728
0.034056
0.058167
-0.115989
1.56787
-0.13078
0.102887
-0.170058
-0.0279403
-0.121937
0.022422
0.0662654
-0.0283709
-0.0882118
-1.86248
-2.35374
-0.0226923
-0.919512
-0.0229197
-0.0255795
-0.131278
-0.239883
0.00637349
0.0103523
-0.0498144
0.4688
0.449524
-0.589245
2.54385
2.50447
0.870333
0.0543399
0.00170866
-0.0882404
-0.000988808
-0.125792
0.593611
1.13793
-0.980306
0.0193284
0.36956
0.0391657
-1.51328
0.20261
-0.276343
-0.317264
-0.150295
-0.00977786
-0.00420254
0.00402027
-1.20426
-0.544524
1.40261
-0.870562
-0.100828
-1.14509
1.11484
0.00261972
-0.0915103
-0.049737
-0.397111
-2.31387
-0.378444
1.49601
0.0482186
-0.111921
-0.0140778
-0.0984437
-0.040889
0.0122389
0.178616
0.00827825
-0.00539349
0.146894
-0.0472711
1.78896
-0.519491
-1.41989
2.74476
0.411712
0.0629508
-0.0470989
-0.119895
-0.0534583
-0.0662681
0.00260849
-0.0349233
-0.0588845
-2.13911
3.071
1.95351
-0.534314
0.111424
0.21171
0.0115863
0.0568807
0.0133708
-0.0197496
-0.0724833
2.90634
0.0349176
-0.0366242
2.41313
-2.68589
0.111633
0.0243945
-0.0178866
-0.147275
0.00849773
0.0639182
-0.0716824
-0.0801494
-0.386577
2.97714
-0.037602
-1.74326
-0.00209558
-0.0453161
-0.488642
0.0830463
0.00333316
0.0325179
0.013989
0.258203
-0.0720316
0.423194
-1.97795
0.653348
-0.964954
0.134204
-0.162678
-1.053
-0.0327831
-0.17409
0.923198
-0.0266388
-0.423384
0.0640069
0.17926
0.521352
2.24712
0.513236
0.0649297
-0.757512
-0.117177
-0.041223
0.0305859
0.599974
0.150247
-0.282278
-0.186187
1.76179
2.90504
-0.114523
1.5426
0.694442
-0.162492
-0.282098
-0.462898
0.0381026
-0.744123
1.1308
0.326508
-3.18559
1.66161
0.0391409
-0.03069
1.44366
0.176787
0.0131628
-0.0209713
0.0629246
-0.744208
0.09045
0.921492
0.579978
-0.144971
-0.466095
-0.569539
-1.90122
0.331788
-1.96094
0.178352
-0.514524
-0.0488484
0.282742
-1.09613
0.132493
1.06494
-0.0356639
-0.440023
1.03991
0.883464
0.259693
0.00454455
-0.0287955
-0.565362
0.0922707
0.793074
-0.45057
0.109934
-0.0757409
2.13743
0.529483
0.15136
0.186745
0.574956
-0.737541
-0.0402185
-0.256004
0.998389
0.0930694
-0.364715
-0.480749
-0.647091
0.99839
-2.78857
-0.0699089
0.00809305
-0.00750966
0.28233
0.154068
-0.127612
-0.185349
-0.310126
-0.237767
0.248931
2.46509
1.04926
-0.199735
1.19189
0.478681
-0.576799
-0.0182619
0.0127414
1.73395
0.114657
-0.0364759
-0.0704369
-3.25351
0.671151
2.02738
0.149872
0.0537385
2.1468
-0.83212
-0.0273562
0.446993
-1.61456
-0.629537
-0.175816
2.40498
-2.28019
0.462071
0.169114
0.167575
-0.0559999
-0.0344841
0.607617
-0.577155
-0.471298
0.331046
-0.212457
-0.717099
0.722448
0.0805183
0.0948168
0.00695058
1.29626
0.00394373
0.0157676
-0.382951
0.368248
-0.116508
-0.00322025
-0.257917
-2.40025
-2.26619
-0.0797825
-0.0465993
-0.0951225
-0.0806026
-0.0359897
-0.107792
-0.128568
0.201703
-0.053424
0.05749
-0.343783
1.69202
-0.747354
-1.90284
-0.0742733
0.0112462
-0.0745919
-0.02373
0.232557
-0.237275
0.0793931
-0.384473
0.576522
-0.111916
0.659072
-0.829062
-1.34311
0.110877
-0.0499201
-0.0293014
-0.430902
0.0959912
-0.0540734
0.115498
0.0206994
-0.0451126
0.014465
1.74994
1.54205
-0.342795
2.58048
-0.0466058
0.189272
0.0184014
-0.187344
0.0251167
-0.0322007
-1.46349
-0.0407954
1.38635
2.7292
1.17946
0.044971
-0.0348674
-0.0278865
-0.116579
0.135111
-0.118197
0.0789959
0.132432
0.197744
0.63862
1.29368
2.19235
-0.0288852
-2.82724
0.0164084
0.00811393
-0.00742426
-0.0936583
-0.178448
-0.497117
-2.74924
1.23952
-2.80218
0.094556
0.084589
-0.0815884
-0.0274406
-0.343674
0.00764244
-0.0661187
0.0253557
-0.0260093
-0.000814819
0.0947123
1.82102
-0.720141
1.78235
0.0915138
-0.193786
0.434757
-0.164726
0.0367308
-0.033727
-0.051914
0.0690468
-0.216587
1.07587
0.0142969
0.775823
-0.191668
-0.00104401
0.0123523
0.0792699
0.0969154
-0.00526873
-0.005353
0.29928
-0.270485
0.0180326
-1.76815
2.84492
-0.262587
-1.36782
1.05712
-0.0312359
0.0550274
-0.251241
0.269179
-0.37433
-0.210983
-0.050821
0.705803
-1.65111
-0.218557
0.0549798
-0.0879253
-0.458656
-0.169775
0.215839
-0.465708
-0.117698
0.00442666
0.132922
0.0790948
0.00583054
-0.814528
0.0207295
-0.244089
0.457436
0.00873627
0.113138
0.0156012
-0.179092
-0.0517955
0.0422248
0.321917
-0.83079
-2.03827
2.84674
-1.18845
-0.165121
-1.98469
-0.00315116
-0.0350407
-0.0340647
0.606926
0.0794745
-0.462601
1.12837
1.85591
0.881828
-0.258689
1.36422
0.126273
-1.54173
-0.31463
-0.166656
-0.03127
-0.408273
-0.172195
0.9391
0.0163866
1.34304
2.89557
-0.320086
0.22018
0.225276
-0.348073
0.129796
-0.506398
-0.0500973
0.0308716
-0.0391223
0.00735321
2.51592
0.112964
-0.0620093
0.0786342
-0.268736
-0.00176165
0.0196813
0.0185084
-0.269835
-0.149869
0.191318
-0.0705987
2.62616
0.725902
-0.767219
-1.7095
0.139844
2.7897
-0.113851
0.0873009
0.324449
0.26048
0.567635
-0.0137097
0.474767
-0.908996
1.23126
1.52285
-0.936097
-1.76653
0.616212
-0.113753
0.0854577
-0.449208
-0.0441768
-0.259938
-1.04415
0.932384
-2.32562
2.45891
0.885314
0.225397
1.08218
-0.391914
-1.18669
-0.0013593
-0.178657
-0.0896026
0.00503695
-0.000835034
-0.0901176
-2.80158
0.394646
0.136026
0.331555
-0.057199
0.136188
0.0351299
0.0620263
0.418271
-2.39426
-0.556367
-0.351961
1.82707
-0.533452
1.40857
-0.0489991
0.34925
-0.0218021
-0.377593
0.524161
0.600277
-0.0145234
2.89213
0.0259903
-2.63159
1.15477
1.99958
0.0354347
-0.382639
-0.00131031
0.147067
-0.477671
0.00966261
-0.0294412
1.76102
1.3285
-1.76128
-0.0045399
0.24914
0.00871125
-0.0997874
0.169247
0.202589
0.0142763
-1.09665
-0.0435465
0.00791573
-0.00581614
-0.543732
-0.410396
-1.18553
2.87389
-0.355013
0.0367932
-0.250649
0.91814
-0.943431
-0.800346
-1.77655
0.112887
-2.47285
1.54382
0.679348
0.394245
-2.27572
-0.14306
-0.0595287
0.151834
0.418798
-0.753807
0.20567
0.0163564
-0.0227846
0.555834
0.6389
-1.69343
2.22906
2.52375
-0.332456
-0.599916
1.37622
0.643338
0.286685
-0.481733
0.487366
-1.63643
-0.0308622
-2.34479
-0.0288657
0.0680547
0.228983
-1.18107
-0.0581706
-0.601754
-0.166614
0.00242506
0.106761
0.192829
-0.220816
-1.20417
-0.639431
-1.43659
-1.32731
-0.363929
0.176283
-0.223497
-1.67571
-0.0299703
-0.198598
0.487126
-0.00377155
1.66182
1.57452
2.35965
0.219154
-0.278071
0.387962
0.0328508
0.208895
-0.157023
-0.0204708
0.0962251
-1.93928
3.11513
-2.63842
-1.25906
1.83043
1.33172
-1.72527
0.575797
0.268207
-1.48459
0.0474079
-0.229804
-0.683458
-0.177081
2.48327
-1.08213
-1.40342
1.0068
0.118022
-0.0380462
-0.230443
-0.16118
0.00596775
0.039387
-0.0993446
0.607161
-0.540007
-0.663647
-0.141343
0.0118883
-0.829869
0.441511
-0.20498
-0.281285
0.000194758
-0.0718634
0.739151
-0.001564
-0.924702
-0.0425147
-2.71482
2.19692
1.23857
0.570442
0.287241
-0.892381
-0.146233
-0.0132421
-0.0207816
-0.0617086
0.0741305
-1.77513
-2.96224
2.40537
1.91038
-1.10268
1.02032
0.048253
-0.0365981
-0.0691406
-0.216723
-0.0531749
-0.346512
0.015666
-0.246615
0.0857537
-0.970329
0.159895
0.00328526
-0.024303
0.306183
0.0111113
-0.0244785
0.136614
-0.361859
0.694091
1.39438
2.14961
-0.0782679
-0.240361
-0.201151
0.0693359
0.231564
-0.0612753
0.224436
-0.795489
-0.0342079
0.255161
-0.253006
0.0651023
-0.35597
2.67716
-0.617262
0.29715
-0.716767
0.407445
0.019171
0.0201172
-0.329214
0.0303996
0.345097
0.375507
-2.87594
-2.20901
1.44033
-0.524821
0.0718196
0.144467
0.00931642
0.396311
-0.0146667
-1.6319
0.271689
0.30437
0.984634
0.229679
-0.0200029
0.00135265
0.318109
-0.150521
0.00507047
0.000654994
-0.112099
0.762796
-1.53196
0.800538
-0.532772
0.104834
0.191646
-0.0865941
0.46408
-1.66717
0.00933984
-0.137161
-0.145806
-0.00411429
0.420619
0.28555
-0.112304
-0.82005
0.251428
0.513251
-2.51047
-0.064612
-0.231128
2.82863
-0.00804668
-0.542349
0.0655543
-0.630007
-0.186713
0.532617
-0.467742
-1.63036
-0.00125596
-0.294486
-0.72055
0.0489768
0.376494
-0.170967
1.54211
-0.349412
-0.399309
-0.114222
0.753195
2.53105
0.00776366
1.89811
-0.161734
0.00444045
-0.482742
0.0819059
0.281421
0.0503489
0.207196
0.000677114
-0.0496758
0.134903
-2.53369
0.0785918
0.00338247
0.0129765
0.00113973
-0.0210843
0.000162912
0.00289321
0.238394
0.0430436
0.0139043
0.00943155
-2.02564
-0.118766
0.212316
0.0822088
-0.000210717
0.0809886
-0.204426
0.061795
0.0602016
-0.0990919
-0.474753
0.10261
-2.65924
3.26006
-1.3485
-2.5373
-0.0668968
0.0262468
0.0481008
0.151736
-0.664084
-0.0907875
0.497512
-0.0430518
1.13954
0.0117386
1.66469
0.262183
0.00726601
2.37621
0.0711029
-0.578413
0.29729
-0.295663
-0.11809
0.00569556
0.0942988
-0.0358429
0.0498355
-0.446446
0.00129102
0.0102836
0.539981
-0.0050255
0.236771
0.123876
0.113026
-0.00887962
0.0316263
-1.00859
0.0638358
-0.526171
-2.54225
0.631214
2.29997
-0.0699695
0.133805
-0.0219621
0.884827
-0.566591
0.11835
-0.0315135
1.14625
1.84742
-2.28148
-0.00311133
0.128371
-0.0556078
-0.184769
-0.343403
-0.146028
0.134888
-0.0740138
1.39666
0.0138504
-0.0192074
-0.257073
0.00877087
-0.000957565
2.45312
-0.0907826
0.0812505
0.0809372
0.0643604
-0.0239971
0.0802213
0.0749206
-1.79973
-0.0656178
0.321531
2.96083
-0.238569
-0.000685034
0.0483746
0.0316546
0.00966312
0.133656
-0.00577275
-0.26936
1.20195
1.21061
0.74333
-0.00392897
0.674542
-0.111826
0.0643486
0.0165671
0.105136
-0.199445
0.226398
-0.0635294
-0.990298
0.00619354
-0.366784
-2.94688
2.10066
0.812826
-0.12133
-0.133927
-0.105951
0.313499
-0.180326
-1.01873
-0.0128934
-0.944486
0.0688879
0.0112422
0.000594573
0.00108165
-0.183137
-0.127676
0.432697
-0.375981
-0.0114495
-0.127811
0.185855
0.0340464
0.107226
-0.0380956
-0.505661
-0.161733
-0.963565
-0.168815
0.333729
0.166253
-0.449306
0.0944328
-0.872145
-0.332217
0.139694
0.0207291
2.12151
-1.78916
-0.141967
0.0540463
-0.335932
-0.213111
-0.312592
0.332599
-0.328618
-0.200097
-3.04872
0.812363
-1.03192
0.343081
-0.153229
0.103363
-1.40627
-0.270071
0.713982
0.249804
-0.209531
0.00576764
-0.00281774
-0.131385
0.00567726
-0.00565588
0.0040281
0.0253501
2.48275
0.254636
0.0275176
-0.0166412
0.0996855
0.0330473
0.0442273
-0.0673292
0.00330062
0.662837
1.25466
-0.00107247
-1.38546
0.0724447
-0.0152993
0.020736
-0.00245739
0.0533793
-0.0816959
-0.0926373
-2.19284
-2.52417
0.211299
-0.352382
0.0647954
0.0160447
0.0041699
-0.113574
0.180756
-0.145127
-0.039993
1.30332e-05
-2.38651
-0.0372172
-0.921087
1.64055
0.0483651
-0.281548
-0.0718431
0.165266
-0.0732445
0.0944523
-0.00539237
0.0727193
-0.193289
0.00261526
0.0415455
2.65911
0.518636
-2.1998
0.574573
-0.526233
-0.0819865
-0.405217
-0.255986
-0.0327398
0.136127
-2.93967
-0.0430966
0.561496
-0.0193116
0.15656
0.820633
0.329181
-0.69043
0.100341
-0.287736
-1.02084
0.107937
0.0210842
0.0289434
-0.365136
-0.873839
0.0120237
0.174503
0.891407
0.140078
0.340727
-0.705253
0.921402
0.185809
0.166405
-2.43105
2.37664
1.11681
0.661017
-0.331949
-0.462425
0.356596
-0.02399
0.52281
-0.0711994
-0.175951
0.0785126
0.00787358
-0.00878227
0.355824
0.153051
-0.1303
-0.274346
0.54892
-0.0666113
0.609369
0.305392
0.19846
-0.030506
0.0198085
-0.219489
-0.338844
-1.5982
-3.2718
-2.02876
-0.138927
0.55655
0.064595
-0.000650548
-0.0822826
-0.257045
-0.23779
-0.0153965
0.796461
-1.31649
2.36075
-0.863475
-4.24983
-1.02779
0.0620735
-0.207116
-0.442262
-0.135596
-0.000561382
-0.113414
-1.18503
0.571974
-2.46984
0.549287
0.700054
-1.13176
1.93752
0.181989
-0.0287292
0.575275
-0.0782766
0.0117794
0.00544812
0.105945
-0.430717
0.6353
-0.475045
0.0169253
0.0412614
0.349757
-0.2089
0.0348335
-0.351783
-0.0863532
-0.0991891
-0.271029
-0.0279008
-1.33297
-1.9811
0.00325941
0.0854165
0.0718641
-0.679247
-0.0635745
-0.430604
0.141055
-0.00845692
0.0334561
0.00654282
-1.8157
1.18637
0.489063
-1.30034
-2.02218
-0.0787431
0.329782
-0.0912797
0.0354331
-0.110254
-0.338912
0.301521
0.464821
1.17872
-0.446662
0.475254
-0.717634
0.448026
0.022954
0.566998
-0.0492362
0.00745764
-0.0327486
-0.258488
0.0914874
-0.0302572
-0.748446
-0.190717
-0.736065
-0.0374723
-0.387164
0.356465
0.702996
-0.0871837
0.102558
0.720511
-0.0113691
0.761961
-0.28525
0.378915
-0.724786
0.0456959
0.23865
-0.539054
0.282844
0.108426
0.032966
0.0274674
-0.148633
-1.91603
0.234361
1.14181
-2.3129
-1.48022
0.409458
0.009199
-0.240158
0.430749
0.173481
0.281732
-2.78582
0.503381
0.0420265
-2.08356
-0.963108
-1.48287
1.00181
-0.0170154
0.647316
0.0247398
0.0100848
-0.0159993
0.258361
0.838279
-0.84102
-0.327024
0.115018
0.138141
0.730322
-0.163851
-0.099911
-0.51238
-0.0658054
0.0175324
1.7477
-2.72154
1.69055
-1.31565
0.944584
-0.0335489
0.141688
0.187453
-0.723382
-0.958587
0.078298
-0.0556822
-0.0150846
0.359189
0.0985012
-0.79543
-0.300767
-0.156598
0.203447
-0.35557
1.64866
0.435443
0.15809
-0.33902
-0.406621
-0.0052299
0.433186
0.690388
2.88537
0.850822
-0.348877
0.464481
0.0108446
0.394631
-0.0313849
0.0102503
-0.0365132
0.0335949
0.450917
-0.247543
-1.06788
-0.194688
0.00165288
-0.0469026
-0.0552095
0.0521963
-0.0941294
0.0419688
0.0980369
0.0962586
0.00126773
-0.105287
0.161524
-0.0949419
-1.04764
0.196049
-0.0127455
-1.10856
-0.403958
0.00744372
0.00530938
-0.0644968
0.161146
-0.0403686
-0.468298
0.203488
0.602478
1.25392
-0.20398
0.0424959
-0.251909
-0.174278
0.0112704
-0.0512767
-0.0955783
0.627157
-2.12619
0.202576
1.63361
2.28844
-0.889807
0.00499794
-0.141781
-0.0534951
0.0645701
-0.0452062
-0.0997162
-0.110542
-0.0481702
-0.0467552
0.114145
-0.165679
0.300136
-0.115957
-0.022169
0.0829277
0.0771251
-0.0690437
0.0146566
-0.0622371
0.00805335
0.0265812
0.156641
-0.0652614
-0.230528
-0.4064
2.69649
0.118528
-0.0438614
-0.0268653
-0.0460419
-0.128624
-0.0678949
0.110717
-0.0202277
-0.13738
0.20158
0.270917
0.166566
0.660804
0.0998169
1.87371
0.00999281
0.0776082
-0.037027
-0.0439297
-0.0989913
-0.139436
-0.0863065
-0.566054
-0.140902
-0.248276
-0.236147
-0.827277
-0.840655
-1.36683
-2.11922
-0.80747
-0.109843
1.01609
-0.325531
-0.584794
-1.95154
-0.271677
-0.265928
-0.680104
-2.56646
-0.450445
-0.256532
-0.836052
0.127331
-0.486137
-0.401742
-0.716383
0.220256
-0.37384
-2.08129
2.6728
-6.82689
0.727949
-4.82314
2.33369
0.988899
0.965444
2.7362
-0.43292
-1.31395
1.55602
-0.479823
-0.585928
-0.367334
-0.170355
-0.288821
-0.688029
2.99266
3.7903
3.48356
4.91312
-1.93976
-2.13235
-3.68651
-1.9257
0.00707776
-0.433055
0.352142
-0.147193
-1.06155
0.0652749
-0.0443951
-0.464283
-0.096711
-0.184443
-0.293086
-0.729783
0.00777418
-0.379471
-0.21682
-1.11881
2.31301
-0.425889
-1.79648
1.25695
0.663848
-0.211154
-0.00382371
-0.12834
2.43687
-4.02595
1.38045
-1.95799
-0.840115
-1.46613
1.51283
-1.36945
-0.103879
-0.21416
-0.249439
-0.811745
-2.11237
0.810145
-0.370887
1.38833
-0.208273
-0.216664
-0.270404
-0.871545
2.584
1.61387
-3.12953
2.13982
-6.87556
3.68248
2.27259
-1.96494
-4.92589
-1.4741
2.72243
-3.21134
-0.122946
0.101305
-0.0122741
-0.955079
-0.175744
-0.216601
-0.254409
-0.628854
-0.382435
-0.043402
-0.092112
-1.07726
-0.827362
0.25811
-0.0910436
-0.468625
-0.958502
0.248708
-0.3874
-0.642814
-0.526779
1.13318
1.75419
-0.837263
0.64923
-3.77184
1.37753
-2.00939
-3.79749
-5.79476
-3.58155
0.23956
-3.84674
-0.0436699
-0.817964
5.21841
-2.01506
1.78634
0.907271
-5.06282
5.87612
-2.84593
-1.70256
2.57383
0.112758
-0.35942
0.0057836
-0.397933
-0.113415
-0.720788
-0.142792
-0.761509
-0.573381
0.0075896
-0.0572423
-0.222683
0.448622
-2.70341
0.372846
-1.30863
-0.233729
0.0254502
-0.678975
-0.15663
2.80215
-2.70795
1.23159
-1.03155
-4.57884
2.64668
-2.97692
3.88335
0.684997
0.456046
-1.81103
0.19771
1.34869
-2.13416
1.66735
-2.57685
-0.291836
-2.53531
-4.32493
0.221884
1.85598
-4.9261
-4.71789
-1.60889
-0.200042
-0.437632
0.344664
-1.73737
