[125, 25, 25, 4]
0.0
0.0
0.0
0.0
0.0
0.0
0.0
0.0
0.0
0.0
0.0
0.0
0.0
0.0
0.0
0.0
0.0
0.0
0.0
0.0
0.0
0.0
0.0
0.0
0.0
0.0
0.0
0.0
0.0
0.0
0.0
0.0
0.0
0.0
0.0
0.0
0.0
0.0
0.0
0.0
0.0
1.34801
0.318208
0.0
0.0
0.530398
-0.910041
0.0
0.0
-0.336329
0.0
0.0
0.0
0.0
0.0
0.361404
0.0
0.0
0.0
0.0
0.0
0.0
0.0
0.0
0.0
0.0
0.0
0.0
0.0
0.0
0.0
0.0
0.0
0.0
0.0
0.748405
-0.299727
-0.27267
-0.519714
0.589775
0.172216
0.480066
0.00679186
0.349551
0.0987811
-0.497393
0.549641
-1.31822
0.233485
0.396484
0.359809
-1.46721
0.4975
7.59269e-05
0.0513941
0.409596
0.795481
1.39295
0.648802
-0.0241621
0.0
0.0
0.0
0.0
0.0
0.0
0.0
0.0
0.0
0.0
0.0
0.0
0.0
0.0
0.0
0.0
0.0
0.0
0.0
0.0
0.0
0.0
0.0
0.0
0.0
0.80501
0.374449
-0.0501366
-2.17807
0.849878
0.449174
0.5657
-0.0665503
0.751554
0.461218
1.13759
1.00701
-1.41406
0.241641
0.658813
0.345192
-1.20966
0.419363
0.739483
-0.270931
0.748695
1.04299
1.02875
0.564634
0.468068
0.0
0.0
0.0
0.0
2.23775
0.0
0.0
0.0
0.0
0.0
0.0
0.0
0.0
0.0
0.0
0.0
0.0
0.0
0.0
0.0
0.0
0.0
0.0
0.0
0.0
0.241962
0.420989
1.38799
0.127327
0.635232
-0.469079
0.343353
-0.271723
1.06209
1.68957
-0.294931
1.14588
-0.837317
-0.123652
1.40391
0.0042269
0.0384331
0.663563
1.65605
-0.366129
0.228675
1.2635
0.791564
0.334987
2.37458
0.0
0.0
0.0
0.0
0.0
0.0
0.0
0.0
0.0
0.0
0.0
0.0
0.0
0.0
0.0
0.0
0.0
0.0
0.0
0.0
0.0
0.0
0.0
0.0
0.0
0.0
0.0
0.0
0.0
0.0
0.0
-0.37625
0.0
0.0
-0.321422
-0.657337
0.0
0.0
-0.984129
0.0
0.0
0.0
0.0
0.0
0.0
0.0
0.0
0.0
0.0
0.0
0.0
0.0
0.0
0.0
0.0
0.0
0.0
0.0
0.0
0.0
0.0
0.0222599
0.347411
0.0
0.0
0.0
0.0
0.0
0.0
0.0
0.0
0.0
0.0
0.0
0.0
0.0
0.0
0.0
-1.05906
0.0
1.35647
0.0
0.0
0.0
0.0
0.0
0.0
0.0
0.0
0.0
0.0
0.0
0.0
0.0
0.0
0.0
0.0
0.0
0.0
0.0
0.0
0.0
0.0
0.0
-0.987894
0.0
0.0
0.0
0.0
0.0
0.0
0.0
0.0
0.0
-0.375758
0.0
0.0
0.0
0.0
0.0
0.0
0.0
0.0
0.0
0.0
0.735515
-0.474385
-0.396458
0.797622
0.796595
0.202543
0.43177
0.0463845
0.204693
0.102683
1.1854
0.271745
-1.25927
0.0361704
0.393609
0.94225
-1.28547
0.455193
0.342621
0.0503253
0.316464
0.751684
1.16527
1.19247
-0.156138
0.0
0.0
0.0
0.0
0.0
0.0
0.0
0.0
0.0
0.0
0.0
-1.83644
0.594344
0.0
0.0
0.0
0.0
0.0
0.0
0.0
0.0
0.468054
0.0
0.0
0.0
0.0
0.0
0.0
0.0
1.03761
0.0
0.0
0.0
-0.0494703
0.0
0.0
0.0
0.0
0.0
0.0
0.0
0.0
0.0
0.0
0.0
0.0
0.0
0.0
-1.86189
0.0
0.0
0.0
0.0
0.0
0.0
-0.575545
0.0
0.0
0.0
0.0
0.0
0.0
0.0
1.45086
0.0
-0.320367
1.64665
0.0
-0.862511
0.0
-0.238949
0.0
0.0
0.0
0.845
0.0
0.0
0.0
0.0
0.0
0.0
0.0
0.153154
0.0
0.0
0.0
0.0
0.0
0.0
1.42801
0.0
0.0
0.0
0.0
0.0
0.0
0.0
0.0
0.0
0.0
0.0
0.0
0.0
0.0
-0.201021
0.0
0.0
0.0
0.0
0.0
0.0
-0.716406
0.0
0.0
0.0
0.0
0.0
0.0
0.0
0.0
0.0
0.0
0.0
0.0
0.0
0.0
0.0
0.0
0.0
0.0
0.0
0.0
0.0
0.0
0.0
0.0
0.0
0.0
0.0
0.0
0.0
0.0
0.0
0.0
0.0
0.0
-0.128574
1.65279
0.199422
0.0
0.0
0.0
0.0
0.0
0.0
0.0
0.0
0.0
0.0
0.0
0.0
0.0
0.0
0.0
0.0
0.0
0.0
0.0
0.0
0.0
0.0
0.0
0.0
0.0
0.38093
0.0
0.0
0.0
0.0
0.0
0.412275
0.0
0.0
0.0
0.0
0.0
0.0
0.0
0.0
0.0
0.0
0.0
0.0
0.0
0.0
0.0
0.0
0.0
0.0
0.388998
0.840227
0.0
0.0
0.0
0.0
0.0
0.0
0.0
0.0
0.0
0.0
0.166431
0.0
0.0
0.0
0.0
0.0
0.0
0.0
0.0
0.0
0.0
0.0
0.0
0.0
0.0
0.0
0.0
0.0
0.0
0.0
-0.4504
0.0
0.0
0.0
0.0
0.0
1.13726
0.0
0.0
0.0
0.0
0.0
0.0
0.0
0.0
0.0
0.0
0.0
0.0
-0.151698
0.0
1.39609
-0.783936
0.0
-0.859561
0.0
0.0
0.592908
0.0
0.0
0.0
-0.447475
0.0
0.0
2.26028
0.0
0.301847
0.0
0.0
0.0
0.0
0.0
0.0
0.0
0.0
0.0
0.0
0.0
0.0
0.0
0.0
0.0
0.0
0.0
0.0
0.0
0.0
0.0
0.0
0.0
0.0
0.0
0.0
0.682978
0.0
0.0
0.0
0.0
0.0
0.0779158
0.0
0.0
0.0
0.0
0.0
0.0
0.0
0.0
0.0
0.0
0.0
0.0
0.0
-1.56889
0.0
0.0
0.0
1.01332
0.207204
0.0
0.0
0.0
0.64088
0.0
0.488206
0.0
0.0
0.0
0.0
0.0
0.0
0.0
0.0
0.0
0.0
0.0
0.0
0.0
0.0
0.0
0.0
0.0
0.0
0.0
0.352174
0.0
0.0
0.0
0.0
0.0
0.0
0.0
0.0
0.0
0.0
0.0
0.0
0.0
0.0
0.0
0.0
0.0
0.0
0.0
0.0
0.0
0.0
0.0
0.0
0.0
0.0
0.0
0.0
0.0
0.0
0.0
0.0
0.0
0.0
0.0
0.0
0.0
0.0
0.0
0.0
0.0
0.0
-1.67371
0.0
0.0
0.0
0.0
0.0
0.0
0.0
0.0
0.0
0.0
0.0
0.0
0.0
0.0
0.0
0.0
0.0
0.0
-0.847354
0.0
-1.24057
0.0
-0.787471
0.0
0.0
0.0
0.0
0.0
0.0
0.0
0.0
0.0
0.0
0.0
0.0
0.0
0.27496
-0.0396203
1.19389
1.40653
2.85654
-1.1378
-0.00595395
-0.153693
-0.00993285
2.18045
-1.0422
0.446779
-0.341593
-0.669664
1.0358
0.260361
0.22124
0.765787
-0.770037
0.938965
0.36308
0.34419
-0.618447
0.437627
1.36216
0.0
0.0
-0.250818
0.0
0.0
0.0
0.0
0.0
0.0
-0.103424
0.0
0.0
0.0
0.0
0.877347
0.0
0.0
0.0
0.0
0.0
-0.190815
0.0
-0.713732
0.0
0.0
0.0
0.0
0.0
0.421234
0.0
0.0
0.0
0.0
0.0
0.0
0.0
-0.240293
0.0
0.0
0.0
0.0
0.0
0.501238
0.0
0.0
0.0
0.0
-1.06358
0.0
0.0
0.71165
-0.689046
-0.311037
0.786004
0.718194
0.133898
0.408152
0.012081
-0.0172474
0.235368
0.0817487
0.249304
-1.19648
0.0915546
0.415309
0.919016
-1.27904
0.455262
-0.614587
-0.00595766
0.0821071
0.688441
1.16241
0.247147
-0.17957
0.0
0.0
0.0
0.0
0.0
0.0
0.0
0.0
0.0
-0.145332
0.0
0.0
0.0
0.0
0.0
0.0
0.638924
0.0
0.0
0.0
0.0
0.0
0.0
0.0
0.0
0.0
0.0
0.0
0.0
0.0
0.0
0.0
0.612099
-1.12144
0.0
1.42362
0.0
0.0
-0.707652
0.0
0.0
0.0
0.0
0.0
0.0
0.0
0.0
-0.0425069
0.0
0.0
0.0
0.186948
0.0
0.0
0.0
0.0
0.0
0.0
0.0
0.0
0.0
0.0
0.0
0.0
0.0
0.0
0.0
0.0
0.0
0.0
0.0
0.0
0.0
0.0
0.0
0.0
0.0
-1.03601
0.0
0.0
0.0
0.0
0.0
-0.849611
0.0
0.0
0.0
0.0
0.0
0.0
0.0
0.0
-1.67573
0.278154
0.0
0.0
0.0
0.0
0.0
0.0
0.0
0.0
0.0
0.0
0.0
0.0
0.0
0.0
0.0
-0.174786
0.774696
0.0
0.0
0.0
0.0
0.0
0.0
0.0
0.0
0.0
-1.13231
0.0
0.0
0.0
0.0
0.0
0.0
0.0
0.0
-0.341896
0.0
-0.77263
0.0
0.0
0.0
-0.621119
0.0
0.0
0.0
0.0
0.0
0.0
0.0
0.204701
0.0
0.0
0.0
0.0
0.0
0.0
0.0
0.0
0.0
0.0
0.0
0.0
0.0
0.0
0.0
1.50257
-0.0147988
0.0
0.0
0.0
0.0
0.0
0.0
0.0
1.02377
0.0
0.0
0.0
-1.89241
0.0
0.0
0.0
0.0
0.696767
0.0
0.0
0.0
0.0
0.0
0.0
0.0
0.0
0.0
0.0
0.0
0.0
0.0
0.0
0.0
0.0
0.0
0.0
0.0
0.0
0.0
0.0
0.255705
0.310085
1.03941
-0.40414
1.59241
-0.874939
-0.0560944
0.124279
0.900086
1.71221
-1.22526
0.535784
-0.557469
-0.929731
1.31746
0.0676772
0.165289
0.764203
0.290719
0.499308
0.289722
0.802252
-0.0785529
-0.148375
1.4664
0.0
-0.209396
0.0
0.0
0.0
0.0
0.0
1.85276
0.0
0.0
0.0
0.0
0.0
0.0
0.0
0.0
0.253324
0.0
0.0
0.0
0.0
0.0
0.0
-1.0753
0.330408
0.0
0.0
0.0
0.0
0.0
0.982752
0.0
0.0
0.0
0.0
0.0
0.0
0.0
0.0
0.0
0.323491
0.0
0.0
0.0
0.0
0.0
0.0
0.0
0.0
0.0
0.0
0.0
0.0
0.0
0.0
0.0
0.0
0.0
0.0
0.0
0.0
0.0
0.0
0.0
0.0
0.0
0.0
0.0
0.0
0.0
0.0
0.0
0.0
0.729193
0.0
0.0
0.0
0.0
0.0
0.0
0.0
0.0
0.0
0.0
0.0
0.0
-1.69679
0.0
0.0
0.0
0.0
0.0
0.0
0.0
0.0
0.0
-0.138258
0.0
0.0
0.0
0.0
0.0
0.0
-0.395778
0.0
0.0
0.0
0.0
0.0
0.0
0.0
0.0
0.0
0.0
0.0
0.0
0.0
0.0
0.0
0.277312
0.0
0.0
0.0
1.53928
0.0
0.0
0.0
0.0
0.0
0.0
0.0
-0.302522
0.0
0.0
0.0
0.0
0.0
0.0
0.0
0.0
0.0
0.0
0.0
0.0
0.524912
0.0
2.13184
0.0
0.684639
0.0
0.0
0.0
0.0
0.0
0.0
0.0
0.0
0.0
0.0
0.0
0.0
0.0
-0.278315
0.0
-1.20141
0.0
0.0
0.552351
0.0
0.0
0.241578
0.0
0.0
0.0
-1.815
0.0
0.0
0.0
0.0
0.0
0.0
0.0
0.0
0.0
0.0
0.0
0.0
0.0
0.0
0.0
0.0
-0.641165
0.0
0.115519
0.0
0.0
0.0
0.0
0.0
0.0
0.0
0.0
0.0
0.0
0.0
0.0
0.0
0.0
0.0
0.0
0.0
0.0
-1.13748
0.0
0.0
0.0
0.0
0.0
0.0
0.0
0.0
0.0
0.0
0.0
0.0
0.0
0.0
0.0
0.0
0.0
0.0
-0.288551
0.0
0.0
0.0
0.0
0.0
0.0
0.0
0.0
0.0
0.0
-0.10507
-0.787707
0.698593
0.0
0.0
0.0
0.0
0.0
0.0
0.0
0.0
0.0
0.0
0.0
0.0
0.0
-0.825092
0.0
0.0
0.0
0.0
0.0
0.0
0.0
0.0
0.0
0.0
0.0
0.0
0.0
0.0
0.0
0.0
0.653476
-2.09862
-0.290894
1.06018
0.217659
0.0579818
0.15399
0.0780321
-0.310145
0.223279
-1.11528
0.0543156
-0.909443
-0.0487943
0.481877
0.275454
-1.02726
0.454686
-0.108608
0.471578
0.0626914
0.766736
1.04783
-0.24041
-0.231158
0.0
0.0
0.0
0.0
0.0
0.0
0.727588
0.0
0.0
0.0
0.0
0.0
0.0
0.0
-0.766746
0.0
0.0
0.0
0.0
0.0
0.0
0.0
0.0
0.0
0.0
0.0
0.0
0.0
0.0
0.0
0.402297
0.0
0.0
0.0
0.0
0.0
0.0
0.0
0.0
0.0
0.0
0.0
0.0
0.0
0.0
0.0
0.0
0.0
-0.556027
0.0
0.0
0.0
1.8014
-0.974567
0.0
-1.20356
0.0
-0.827201
0.0
0.0
0.0
0.0
0.0
0.0
0.0
0.0
1.43511
0.0
0.0
0.0
0.0
0.0
0.0
0.0
0.0
0.0
0.0
0.0
0.0
0.0
0.0
0.0
0.0
0.0
0.0
0.0
0.0
0.0
0.0
0.0
0.0
0.0
0.0
0.0
0.0
0.0
0.0
0.0
0.0
0.0
0.0
0.0
0.102639
1.44687
0.0
0.0
0.0
0.0
0.0
0.0
0.0
0.0
0.0
0.0
0.0
0.0
0.0
0.0
0.0
0.0
0.0
0.0
0.0
0.0
0.0
0.155462
0.0
0.0
0.0
0.0
0.0
0.0
0.0
0.0
0.0
0.0
-0.112877
0.0
0.0
0.0
0.0
0.0
0.0
0.0
0.0
0.0
0.0
0.0
0.0
0.0
0.0
-0.635283
-0.731132
-0.147551
0.209496
0.0
0.0
0.0
0.0
1.08687
0.0
0.0
0.0
0.0
0.0
0.0
0.0
0.0
0.0
0.0
0.0
0.0
0.0
0.0
0.0
0.0
0.0
0.0
0.663587
0.0
0.0
0.0
0.0
0.0
0.0
0.0
0.0
0.0
0.0
0.0
0.0
0.0
0.0
0.0
0.0
0.0
0.0
0.0
0.0
0.0
0.0
0.0
0.0
0.0
0.0
0.0
0.0
0.0
0.0
0.0
0.0
0.0
0.0
0.0
0.0
0.0
0.0
0.0
0.0
0.0
0.0
0.0
0.0
0.0
-0.974364
0.25914
1.55648
1.16116
1.27197
2.38539
-1.5662
-0.204862
0.209917
0.708788
1.77524
-0.668492
0.614201
-0.376619
-0.951718
0.532138
-0.523021
0.334545
1.13367
-0.822949
-0.551806
0.588419
1.24234
-0.843432
0.504701
2.74846
0.0
0.0
0.0
0.0
0.0
0.0
1.1951
0.0
0.0
0.0
0.0
0.0
0.0
0.0
-0.0254433
0.0
0.441984
0.0
0.0
0.0
0.0
0.0
0.0
0.0
0.0
-0.177063
0.0
0.0
0.0
0.0
0.0
0.0
0.0
0.97568
0.0
0.0
0.0
0.0
0.0
0.0
0.0
0.0
0.0
0.0
0.0
-0.480089
0.0
0.0
0.0
0.334458
0.0
0.0
0.0
0.0
0.0
0.0
0.0
0.0
0.0
0.0
0.0
0.0
0.0
0.0
0.0
0.0
0.0
0.266161
-1.33258
0.0
0.0
0.0
0.0
0.0
0.0
-0.642175
-0.0195425
0.0
-1.01703
0.0
0.0
0.0
0.0
0.0
0.0
-0.45578
0.0
0.0
0.0
0.0
0.0
0.0
0.0
0.0
0.0
0.0
0.0
0.0
0.0
0.0
-1.78135
0.0
0.0
0.0
0.0
0.0
-1.36522
1.03806
0.0
0.0
0.0
0.0
0.0
0.0
0.0
0.0
0.0
0.0
0.0
0.0
0.0
0.0
0.0
0.0417025
0.0
0.0
0.0
0.0
0.0
0.0
0.0
0.0
0.0
0.0
0.0
0.0
-0.23578
0.0
0.0
0.0
0.0
0.0
0.0
0.0
0.0
0.0
0.0
0.0
0.0
0.0
0.0
0.0
0.0
0.0
0.0
0.0
0.0
0.0
-0.402959
0.0
0.0
0.0
0.0
0.0
0.0
0.0
0.0
0.0
0.0
0.0
0.0
0.0
0.0
0.0
0.0
0.0
0.0
0.0
0.0
0.0
0.0
0.0
0.0
0.0
0.0
0.0
0.0773186
-3.03117
0.0
0.0
0.0
0.0
0.0
-1.70767
0.0
0.0
0.0
0.0
0.0
0.0
0.0
0.0
0.0
0.0
0.0
0.0
0.0
0.0
-0.443287
0.0
0.0
0.0
0.0
0.0
0.0
0.0
0.0
0.0
0.0
0.0
0.0
0.0
0.0
0.0
0.0
0.0
0.0
0.0
0.0
0.0
0.0
0.0
0.0
0.0
0.0
0.0
0.0
0.0
0.0
0.0
0.0
0.0
0.0
0.0
1.66374
0.0
0.0
-1.24835
0.0
0.0
0.294693
-0.0517269
0.0
0.0
0.0
0.0
0.0
0.0
0.0709314
0.0
0.0
0.0
0.0
0.0
0.397029
0.0
0.0
0.787922
0.0
0.0
0.0
0.0
0.0
0.0
0.0
0.653548
-2.24895
-0.815687
1.43911
-1.59983
-0.343256
-0.256891
0.160807
-0.79211
0.602294
1.44495
0.494807
0.0865973
-0.763396
0.0688138
0.17358
-0.370092
0.687212
0.300724
0.386536
-0.374535
0.297319
-0.0980362
-0.812789
0.0661961
1.55967
0.0
0.0
0.0
0.0
0.0
0.0
-0.620604
0.0
0.0
0.0
0.0
0.0
0.0
0.0
0.0
0.0
0.0
0.0
0.0
0.0
0.0
0.0
0.0
0.0
0.0
0.0
0.0
0.0
0.0
0.435602
0.0
0.0
0.0
0.0
0.0
0.0
0.0
0.0
0.0
0.0
2.20725
0.0
0.0
0.0
0.0
-0.103235
0.0
0.0
0.0
0.0
0.0
0.0
-0.202455
0.0
0.0
0.0
0.0
0.0
0.0
0.0
0.0
0.0
-0.319377
0.0
0.0
0.0
0.0
0.0
0.0
0.0
0.0
0.0
1.78898
0.0
0.0
0.0
0.0
0.0
0.0
0.0
1.24373
0.333237
-1.42246
0.0
-0.452725
1.23317
0.0
1.70845
0.0
0.0
-0.0732154
0.0
0.0
-1.29547
0.0
0.0
0.0
0.0
0.0
0.0
0.0
0.0
0.0
0.0
0.0
0.0
0.0
0.0
0.0
0.0
0.0
0.0
0.621595
0.0
0.0
-1.30457
0.0
0.0
0.0
0.0
0.0
0.0
0.0
0.0
0.0
0.0
0.600137
0.0
0.0
0.0
0.0
0.0
0.0
0.0
0.0
0.0
0.0
0.0
0.0
0.0
0.0
-0.0973148
-0.0721224
0.0
0.0
0.0
-0.0318318
0.0
0.417521
0.0
0.0
0.0
0.0
0.0
0.0
0.0
0.0
0.0
0.0
0.0
0.0
0.0
0.0
0.0
0.849021
0.0
0.0
1.08954
0.0
-1.65664
0.298906
0.0
0.0
0.0
0.0
-0.973945
0.0
0.0
-0.595241
0.0
0.0
0.0
0.0
0.0
0.0
0.0
0.0
0.0
0.0
0.0
0.0
0.0
0.0
0.0
0.0
0.0
0.0
0.0
0.0
0.0
0.0
0.0
0.0
0.0
0.0
0.0
0.0
0.22335
0.0
0.0
-0.15581
0.0
0.273708
0.0
0.0
0.0
0.0
0.0
0.0
0.0
-0.317551
0.0
0.0
0.0
0.0
0.0
0.0
0.0
0.599912
0.0
1.02627
0.0
0.0
0.0
-0.927324
0.0
0.0
0.0
0.0
-1.47923
-1.45335
-0.205633
0.0
-1.78434
0.0
-1.65864
0.0
0.0
0.0
0.0
0.0
0.0
0.0
0.0
0.0
0.562184
0.0
0.0
0.0345011
0.0
0.0
0.0
0.0
0.0
0.0
0.0
0.0
0.0
0.0
0.423988
0.0
0.0
0.0
0.0
0.712805
-0.0508953
-0.838664
1.15734
-1.64441
-0.610431
-0.219633
0.224458
-0.651593
0.837487
-0.0878264
0.272372
0.222906
-0.977919
0.108005
0.568844
-0.247928
0.719417
0.801898
0.191667
-0.246892
0.318682
-0.284054
-0.266943
0.22094
0.846437
0.157862
0.0
0.0
0.0
0.0389649
0.0
0.0
0.0
0.0
0.0
0.0
0.0
0.0
0.0
0.345098
0.0
0.0
0.0
0.0
0.0
0.711316
0.0
0.0
0.0
0.0
0.0
0.0
0.0
0.0
0.0
0.0
1.01364
0.0
0.0
0.0
0.0
0.0
0.0
0.0
0.0
0.0
0.0
0.0
0.0
0.656357
0.0
0.0
0.0
0.0
0.0
0.0
-1.08402
0.0
0.0
0.0
0.0
0.0
0.0
0.0
-0.559838
0.0
0.0
0.0
0.0
0.0
0.0
0.0
-1.45899
0.0
0.0
0.0
0.0
0.0
0.0
0.0
0.0
-3.29732
0.0
0.0
0.0
0.0
0.0
0.0
-0.551389
1.39559
0.0
1.038
0.0
0.0
0.0
0.0
0.0
0.0
0.0
0.0
0.0
0.0
0.0
0.0
0.211761
0.0
0.0
0.0
0.0
0.0
0.0
0.0
0.0
0.0
0.0
0.0
0.0
0.0
0.0
0.0944842
0.744674
0.0
0.0
0.0
0.0
0.0
0.0
0.0
0.0
0.0
0.0
-0.479958
0.0
-0.13252
0.0
0.0
0.0
0.0
0.0
0.0
0.0
-0.625527
0.0
0.0
0.0
0.0
0.0
0.0
0.0
0.0
0.0
0.0
0.0
0.0
0.0
-0.954724
0.0
0.0
-0.33993
0.0
0.0
0.0
0.0
0.0
0.0
0.0
0.0
0.0
0.0
0.0
0.0
0.0
0.0
0.0
0.0
0.0
0.0
0.0
0.0
0.702204
-0.40092
-1.34156
-0.831166
1.79498
-0.880028
-0.291219
0.694758
0.632047
0.643298
1.02242
-0.808734
0.562581
-1.87661
0.0338277
-0.360745
0.828467
0.68538
-1.27474
0.564257
0.448106
0.280636
-1.22511
-0.999919
1.07479
0.0
0.0
0.0
0.0
-1.01477
0.0
-0.0988657
0.0
0.0
-0.0802109
0.0
0.0
0.0
0.699397
0.0
-1.21391
0.0
0.0
0.0
0.0
0.0
0.0
0.0
0.0
0.0
0.0
0.419434
0.0
0.0
0.0
0.0
0.0
0.0
0.0
0.0
0.0
0.125688
0.0
0.0
0.466068
-0.0820866
0.0
0.0
0.0
0.0
0.0
0.0
0.0
0.0
0.0
0.0
0.0
0.0
0.0
0.0
0.0
0.0
0.0
0.0
0.0
0.999573
0.088383
0.0
0.0
0.0
0.0
0.0
0.0
0.0
0.0
0.0
0.0
0.0
0.0
0.0
0.0
0.0
0.0
0.0
0.0
0.0
0.0
0.0
0.0
0.0
0.0
0.0
0.0
0.0
0.0
0.0
0.0
0.0
0.0
0.0
0.0
0.0
1.22294
0.0
0.0
0.707593
0.309544
-0.819243
-1.36139
-1.76817
-0.916059
-0.47007
0.303253
-0.631353
0.983104
0.500904
0.0755201
0.32712
-1.17573
0.0265335
0.195252
-0.177177
0.815268
1.14276
-0.769587
-0.23472
0.322159
-0.805503
-0.175348
0.197078
0.0
0.0
0.0
0.0
0.0
0.0
0.0
0.0
0.0
0.0
0.0
0.0
0.0
0.0
0.0
0.222935
0.0
0.0
0.0
0.0
0.0
0.0
0.0
-0.0410312
0.0
0.0
0.0
1.53961
0.0
0.182231
0.0
0.0
0.0
0.0
0.0
0.0
0.0
0.0
0.0
0.0
0.0
0.0
0.0
-0.448749
0.0
0.0
0.0
0.0
0.0
0.0
0.0
0.0
0.0
0.0
0.0
0.0
0.0
0.0
0.0
0.0
0.0
0.0
0.0
0.0
0.0
0.0
0.0
0.0
0.0
0.0
0.0
0.0
0.0
0.0
0.0
0.0
0.0
0.0
0.0
0.0
0.0
0.0
0.0
0.0
0.0
0.0
0.0
0.0
0.0
0.0
0.0
0.0
0.0
0.0
-0.294826
0.0
0.0
0.0
0.0
0.0
0.627768
-1.8375
-1.34978
-1.09775
1.50517
-0.650563
-0.272195
0.664129
0.547952
0.0234259
0.843209
-0.930445
0.679768
-1.77183
0.0949239
-0.217159
1.09728
0.532088
-0.125181
-0.372523
0.522709
0.327301
-0.92436
-0.306562
0.790441
0.0
0.0
0.0
0.0
0.0
0.0
0.0
-0.257293
0.0
0.0
0.0
0.0
0.0
0.0
0.0
0.0
0.0
0.054202
0.0
0.0
0.0
0.0
-0.111585
0.0
0.0
1.97069
0.907717
0.0
0.0
0.0
-0.65122
0.0
0.0
0.0
0.0
0.0
0.0
0.0
0.0
0.0
0.0
-0.293843
0.0
0.0
0.0
0.0
0.0
0.0
0.0
0.0
0.0
0.0
0.0
0.0
0.0
0.0
0.0
0.0
0.0
0.0
0.0
0.0
0.0
0.0
0.0
0.0
0.0
0.0
0.0
0.0
0.0
0.0
0.0
0.0
0.0
0.0
0.0
0.0
0.0
0.0
0.0
-1.12373
-0.197371
0.0
0.0
0.0
0.0
0.0
0.0
0.0
0.0
0.0
0.0
0.0
0.0
0.0
0.0
0.0
0.0
0.0
0.0
0.0
0.0
0.0
0.0
0.0
0.0
0.0
0.0
0.0
-1.18835
0.0
0.0
0.0
0.0
0.0
0.0
0.0
0.0
0.0
0.0
0.0
0.0
0.0
0.0
0.0
0.0
0.0
0.0
0.0
0.0
0.0
0.0
0.0
0.0
0.0
0.0
0.0
0.0
1.4708
0.0
0.0
0.0
0.0
0.0
-1.47613
0.0
0.0
-1.15686
0.0
-0.318546
-0.402609
-0.468969
-0.675062
-2.4554
-1.69894
-1.32227
0.718077
-1.07087
-0.874464
0.292039
0.349674
1.47337
-1.21175
-0.543762
0.158712
-0.851257
1.33721
0.562763
-0.365695
-0.247099
0.881289
-0.274879
-0.578757
0.21638
0.0
0.0
0.0
0.0
0.0
0.0
0.0
0.0
0.0
0.0
0.0967975
0.0
0.0
0.0
0.0
0.0
0.0
0.0
0.0
0.0
0.0
0.0
0.228727
0.0
0.0
-0.289273
0.874612
-1.03072
1.67823
-0.241877
-1.78101
-0.192969
0.987077
0.488457
-0.101581
0.467725
-2.09243
1.18471
-2.38728
-0.32266
0.919621
0.0217314
0.512526
1.13983
-0.319938
0.646211
0.872444
-0.235228
-0.969595
0.745872
0.0
0.0
-0.770418
0.0
0.0
0.0
0.0
0.0
0.0
0.0
0.0
0.0
0.0
0.0
0.0
0.0
0.0
0.0
0.0
-0.816832
0.0
0.0
-1.29361
0.0
0.0
0.0
0.0
-0.496261
0.0
0.0
0.0
0.0
0.0
0.0
0.0
0.0
0.0
1.04861
0.0
0.0
0.0
-0.692401
0.0
0.0
0.974104
0.0
0.0
0.0
0.0
0.0
0.0
0.0
0.0
0.0
0.0
0.0
0.0
1.01116
0.0
0.0
0.0
0.0
0.0
0.0
0.0575518
0.0
0.0
0.439968
0.0
0.0
0.0
0.0
0.440196
0.0
0.0
0.0
0.0
0.0
0.0
0.0
-0.337578
0.0
0.0
0.0
0.0
0.0
0.0
-0.555604
0.0
0.0
0.0
0.0
0.0
0.0
0.0
0.0
0.0
0.0
0.0
0.0
3.09205
-3.38495
0.382638
1.71306
0.0315518
0.573725
0.646119
0.419926
-2.01442
2.56566
0.362476
0.483399
-0.552645
-3.78218
-2.22178
-1.62232
0.243539
3.03531
-0.172115
1.89583
0.852153
2.78415
1.3064
0.207082
3.36674
-2.24534
1.88736
-0.427013
0.0527268
1.00805
0.0140778
0.908945
-1.31679
2.32882
-2.802
0.0731862
-0.284502
1.95283
3.70625
2.7085
1.90978
0.429044
-4.34918
-0.082805
-1.21021
-1.25943
-1.65603
-2.14373
0.683886
-2.59133
-1.25582
4.58741
-1.21268
-0.544035
3.03213
2.24569
3.5267
-2.6759
-1.77311
-0.448879
1.51432
0.128904
-3.37652
-0.598984
0.228237
-0.542019
1.41811
1.83226
-1.31311
0.566695
-3.97231
-0.464749
-0.760594
0.619517
3.37284
3.20272
-0.967148
7.11169
-0.769668
-1.00313
1.42036
-1.48096
0.473649
0.583517
1.98058
-1.39444
-1.30449
2.58424
0.672545
-0.9768
-1.90231
-1.13584
-1.11775
0.679845
0.661291
2.49817
2.12894
1.45584
2.11363
0.0342176
0.847546
-1.49868
-0.0454678
1.76579
1.17151
-0.158159
1.55718
-0.89681
0.315375
-0.236206
0.435566
0.198953
0.641191
-0.0373297
0.486565
0.287579
0.672625
-0.211957
-0.254898
0.685629
-0.0216578
-0.0327072
-0.837651
0.890986
0.893176
1.6316
0.385759
0.287514
-0.0226834
0.26254
1.36571
-0.896008
-0.264082
-1.11793
-0.0187654
0.400271
-0.695039
0.948989
-0.56667
-0.53999
-0.980652
-0.137997
0.878952
-0.107046
-2.13308
-3.12443
-0.401344
-1.21265
-0.103217
-0.382296
2.79594
0.581958
1.90677
-0.00172069
-1.42212
1.24506
0.0122714
-1.77473
1.32844
-2.3752
0.132137
-0.0555599
0.782105
-2.01724
-0.304416
1.1973
1.68246
-0.144303
-0.0143126
-0.207226
4.1117
-0.969719
-0.106334
0.142079
-2.6731
2.53318
3.09965
0.122749
-0.0649966
-1.50895
1.15998
0.759942
-0.697266
-0.711706
1.58507
0.165906
-1.43399
0.117436
0.299116
-1.32688
0.10151
0.605035
-0.146902
-0.0816775
-0.63164
-2.42817
-1.68041
0.5179
0.0406539
0.345354
2.07857
-1.33091
-1.13933
0.0930508
3.37776
1.15451
0.115658
-1.28373
0.798772
-0.930823
0.457758
-0.788086
-0.984408
2.09777
-3.04779
1.65399
0.843168
-0.741639
-0.198398
0.169913
-0.0495659
-0.386967
-0.731732
0.400236
1.06029
-0.239919
1.12389
2.94058
2.54336
1.6728
-4.21298
-2.74995
-1.7695
0.461261
1.83144
0.190719
-0.291528
0.0899416
-1.66833
2.25309
2.51269
-1.13521
-1.51717
-0.180117
0.181687
-1.06526
0.0084604
0.352635
0.460987
0.0595765
2.3464
1.73946
1.28173
2.13554
-0.634055
0.43145
0.636307
2.03814
-1.06155
0.631347
0.160801
-1.13897
1.66794
-1.3583
-0.641935
3.70427
-1.89798
-0.732876
-0.0106317
-2.86358
-0.297578
-0.788404
-0.0953979
-0.0139616
-0.369911
0.675124
2.61789
0.395782
2.47077
-1.96233
2.47403
2.22015
0.148234
-1.8537
1.95973
0.247278
1.05986
2.39774
1.50688
1.22858
-0.960433
-0.0914472
1.53313
-2.84113
1.7215
2.32062
-0.924394
-0.563369
0.321192
-3.0635
1.44029
-2.055
-3.393
0.0673662
-0.176877
0.470946
2.39393
1.68331
-0.753676
1.61366
0.194399
0.87087
0.285714
3.06515
-1.8712
1.36808
0.409704
-0.877955
-0.466135
1.35236
3.08127
1.29715
1.77386
-0.408737
-1.02956
-0.0539234
-1.07033
0.257449
0.134422
0.52821
0.840404
-2.03352
-3.21789
-2.80279
-1.00476
0.272028
-0.807235
0.581373
2.55194
-0.735015
0.909077
1.92645
1.81228
-2.70866
0.227915
-3.30231
-0.880742
0.122655
-0.186409
0.747489
0.456161
0.474486
-1.60721
0.0245153
0.815962
0.165291
-1.37038
2.6837
-0.408577
0.363089
0.17261
-0.343116
1.35031
-1.08795
-0.366626
0.207112
-0.860481
0.0790454
0.448338
-1.15251
3.55546
1.20159
-0.10246
2.76293
-1.15064
0.0215953
-0.427957
-0.0757445
0.155116
1.9074
0.489277
0.836142
0.320254
3.18575
-2.94891
1.91287
0.930724
0.0764097
-0.358035
0.327324
-0.0508713
0.354029
-0.682336
-0.195682
0.181251
-0.809617
-1.95031
-2.00844
2.91376
0.663312
-1.20448
-0.988242
0.234671
0.0690461
-1.53143
-0.318995
-1.98785
0.100713
-0.432813
0.345334
-2.30864
-0.300905
-0.647449
-0.804627
-0.508299
0.827665
0.525241
-0.0399338
-0.089739
1.15582
0.0400333
3.4861
1.52248
-2.04594
-1.26976
1.6827
0.314436
0.604053
-0.005644
0.383436
1.11898
0.104248
-0.883231
1.14736
-1.97817
3.18359
-3.71572
-1.24581
-0.517693
-0.408765
-0.902212
0.473176
-0.097122
-0.0106177
-0.142016
1.47303
-0.933629
-3.04133
1.77942
0.851643
-3.07147
1.15052
-1.41285
0.0475701
1.448
-0.740709
1.64861
1.11589
0.686865
-2.03042
0.101994
-0.00718905
1.89881
0.122776
2.84748
1.35676
0.0558826
1.50704
-0.0901369
1.42091
2.65011
1.167
-0.41228
0.206814
1.54072
-2.38077
-1.1535
-2.3381
0.0961901
2.841
-0.260551
0.753656
-0.303111
-0.76971
-0.53711
0.262129
0.00360648
-0.0154135
-1.55269
-1.02336
-0.249369
-0.550677
1.64235
-0.0593739
1.97056
1.46957
1.60336
0.0069524
0.512434
-1.81459
-1.04697
-1.05624
0.332011
2.23116
-1.30079
-0.266685
-2.65788
-0.0785402
0.838128
0.106221
0.304796
-0.0687284
-0.230497
0.704154
-0.380805
-3.0319
0.0602849
0.129862
-0.194123
0.0400183
0.816142
0.118216
1.0111
0.0414821
0.180493
0.308468
-2.64694
-2.37682
0.101859
-2.13115
1.36803
-0.452221
0.505821
1.00606
-0.214335
0.192953
0.376642
-1.85348
1.45146
-0.865858
3.15025
-0.0658313
-0.929169
-0.894648
-1.19679
-1.31765
0.294349
-0.539851
-0.115148
-1.32552
1.65442
5.54699
-1.01623
0.0312609
-0.369139
2.03029
4.46051
-0.150814
-2.46497
-1.16993
0.396506
-0.249738
3.13594
-0.10924
2.6058
1.86664
-3.03214
-2.2208
-2.37327
-0.121301
1.48667
0.620631
-1.26037
0.253375
-3.39953
0.227289
-1.01024
-0.25216
0.0539514
-2.43466
-0.0335043
2.23647
-0.189901
-0.19178
0.401478
0.114499
0.00389207
-0.466831
0.574796
0.428176
-0.0995129
1.88798
-0.352032
-0.609212
-0.0691632
-0.138495
0.0121968
0.207083
-0.0336356
-0.366189
-2.49832
-0.429995
-0.234648
0.100315
1.03608
-1.39545
1.24336
-3.13756
-0.0930699
-0.443916
0.475492
0.280821
-0.775411
-0.404853
0.0860282
0.00414564
1.26843
-1.0309
-3.04371
2.46295
1.84796
-0.0543304
-0.261275
0.596116
1.15278
-2.45587
-0.64879
1.56893
0.0341606
-1.88743
-2.48842
0.819274
2.94675
-1.57386
-0.762895
0.363377
1.36901
0.664799
-0.409746
0.640023
1.07287
-0.139853
0.633854
-2.65234
4.58069
1.29322
0.228025
0.912218
0.718177
-1.42064
-3.26954
-1.08039
-1.7813
0.124993
-0.342252
0.021639
-0.254305
0.686357
0.221914
1.23261
0.545669
1.00658
-1.78164
2.67441
1.10238
-1.28554
1.09223
-1.04303
1.61495
1.69167
2.22139
0.670498
-0.731698
0.25823
0.282538
2.70786
-0.74563
-1.51373
-0.00278903
-1.30649
0.102661
-1.74184
1.33771
0.0163056
2.19691
2.67122
-1.31107
-0.966187
-1.12466
-1.38534
0.410725
0.47542
-0.902437
1.07869
0.171714
0.704619
1.8016
-0.417339
-1.25713
-0.300102
-0.0939326
1.04033
1.5539
0.0836935
0.863024
-0.402956
0.337694
1.13301
0.0508259
-1.65235
3.05838
0.922604
-0.0281148
-0.486366
-0.395773
-0.14361
-1.19409
0.630304
-0.192957
0.262123
-1.47143
2.4232
1.0685
-0.303867
-0.119981
0.337125
-3.53207
0.512143
0.0760577
0.501288
-0.143373
-2.00576
-0.887362
0.638266
-2.21148
0.672287
-1.68778
-1.32276
0.57463
0.274166
-0.6424
0.573104
-0.749319
-0.1458
-0.638402
-0.0959675
-1.2988
1.2224
2.05646
2.53383
0.495877
1.03845
-0.488979
1.63812
0.00836399
-1.76556
1.34659
0.234013
-0.440246
0.272398
-0.0940579
0.116004
1.26343
-1.72901
0.0939112
-1.68742
0.329111
-0.799206
-0.0563748
0.507311
-0.16122
0.144369
-0.518491
0.379421
-0.384453
-6.37255
-8.60918
-6.85416
-1.06885
-0.710661
5.4685
-6.23637
5.48254
-2.31271
-0.264126
-9.46031
3.58174
-0.0634674
-0.657358
-0.710337
-2.09122
0.582495
-0.674194
-0.661406
-1.50262
-2.84599
-1.34442
-6.27549
2.77742
-6.19848
0.376549
-8.27236
-1.5983
-0.360849
-0.790107
-1.07808
-2.04645
5.4497
0.119654
1.89074
1.4177
-0.280581
0.166319
0.831223
-0.618585
-0.0665304
-0.656106
-0.740859
-2.08023
-4.44599
-3.27585
5.64132
-3.09944
-0.91552
5.8037
-3.83006
3.64485
4.60642
2.36382
4.3808
0.459276
0.118216
4.07657
4.70636
-0.411607
-0.333137
-1.27779
-2.24957
-0.725666
1.01128
-1.87692
-0.210617
1.10198
-4.45134
-0.215368
-6.11732
-2.66648
-0.563596
0.799574
-0.315246
-0.150314
0.231365
-1.44552
-1.24165
-4.15524
-6.00415
2.71764
3.6418
-2.31069
-7.16183
-3.73414
6.13068
-7.10308
-3.37708
-0.854852
-2.73135
-1.53988
0.295889
-1.53783
-1.29258
-0.0704791
1.63465
-4.12782
-8.03779
-0.466409
-0.980482
-0.981353
-1.08479
-2.21884
