[229, 49, 49, 4]
0.0
0.0
0.0
0.0
0.0
0.0
0.0
0.0
0.0
0.0
0.0
0.0
0.0
0.0
0.0
0.0
0.0
0.0
0.0
0.0
0.0
0.0
0.0
0.0
0.0
0.0
0.0
0.0
0.0
0.0
0.0
0.0
0.0
0.0
0.0
0.0
0.0
0.0
0.0
0.0
0.0
0.0
0.0
0.0
0.0
0.0
0.0
0.0
0.0
0.0
0.0
0.0
0.0
0.0
0.0
-1.16202
0.0
0.0
0.0
0.0
0.0
0.0
0.0
0.0
0.0
0.0
0.0
0.0
0.0
0.0
0.0
0.0
0.0
0.0
0.0
0.0
0.0
-0.347752
0.0
0.0
0.0
0.739961
0.0
0.0
0.0
0.0
0.0
0.0
0.0
0.0
0.0
0.0
1.09138
0.0
0.0
0.0
0.0
0.0
0.0
0.0
0.0
0.0
0.0
0.0
0.0
0.0
0.0
0.0
0.0
0.0
0.0
0.0
0.0
0.0
0.0
0.0
0.0
0.0
0.0
0.0
0.0
2.07565
0.0
0.0
0.0
-1.47825
0.0
0.0
0.0
0.0
0.0
0.0
-1.0919
0.0
0.0
0.0
0.0
0.0
0.0
0.0
0.0
0.0
0.0
0.0
0.0
0.559469
0.0
0.0
0.0
0.0
0.0
0.0
0.0
0.0
0.0
0.0
0.0
0.0
0.0
0.0
0.0
0.0
0.0
0.0
0.0
0.0
-0.335942
0.0
0.0
0.0
0.0
0.0
0.0
0.0
0.0
0.0
0.0
0.0
0.0
0.0
0.0
0.0
0.0
0.0
0.0
0.0
0.0
0.0
0.0
0.0
0.0
0.0
0.0
0.0
0.0
0.0
0.0
0.0
0.0
0.0
0.0
0.0
0.0
0.0
0.0
0.0
0.0
0.0
0.0
0.0
0.0
0.0
0.0
0.0
0.0
0.0
0.0
0.0
0.0
0.0
0.0
0.0
0.0
0.0
0.0
0.0
0.0
0.0
0.0
0.0
0.0
0.0
0.0
0.0
0.0
0.0
0.0
0.0
0.0
0.0
0.0
0.0
0.0
0.0
0.0
0.0446772
0.609678
0.37015
0.517404
-0.314342
-0.527795
0.327891
-0.202138
-0.612271
-2.08409
-0.462899
0.42944
0.219392
-0.594799
0.411411
-0.250884
0.00953364
-0.725999
-0.785613
-0.406744
-0.316812
1.61359
0.267745
0.580505
0.935538
-0.746348
0.73804
-0.511676
-1.12713
-0.284853
-0.455519
-0.420631
0.34888
0.480658
0.624197
0.247224
-0.373857
-1.10917
-0.897454
-0.571708
0.00253369
-0.0554887
-0.335476
0.462493
-0.42178
-0.876127
-0.133432
0.414608
-1.3704
0.0
-1.74434
0.0
0.0
0.0
0.0
0.0
0.0
0.0
0.0
0.0
0.0
-1.95928
0.0
0.0
-0.90708
0.0
0.0
1.90729
0.0
0.0
0.0
0.0
0.0
0.0
0.0
0.0
0.0
0.0
0.0
0.0
0.0
0.0
-0.550602
0.0
0.0
0.0
0.0
0.0
0.0
0.0
0.0
0.0
0.0
0.0
0.0
0.0
0.0
0.0
-0.0344713
1.13011
-0.0865309
-0.0252431
-0.416882
-0.325025
-0.0733927
0.213077
0.186412
-1.49377
-0.379007
0.114635
0.472402
-0.0717866
-0.161995
-0.438977
-0.993688
0.449622
-0.491541
-0.126696
0.419444
-1.11896
0.32544
0.0319714
0.551496
-0.334975
0.543907
-0.286292
-0.585122
-0.243166
0.559182
-0.616159
0.0571142
0.873731
0.79316
0.465954
0.0144914
0.15575
-0.472693
-0.319868
-0.156027
0.160861
-0.213875
0.976217
-0.472452
0.121684
-0.403864
-0.0444543
-1.20915
0.0
0.0
0.0
0.0
0.0
-0.179848
0.0
0.0
0.0
0.0
0.0
0.0
0.0
0.0
0.0
0.0
0.0
0.0
0.0
0.0
0.0
0.0
0.0
0.0
0.0
0.0
0.0
0.0
0.0
0.0
0.0
0.0
0.0
0.0
0.0
0.0
0.0
0.0
0.0
0.0
0.0
0.0
0.0
0.0
0.0
0.0
0.0
0.0
0.0
0.0
0.0
-0.380865
0.0
-0.120771
0.0
0.0
0.0232704
0.0
0.0
0.0
0.605525
0.0
0.0
0.0
0.0
0.0
0.0
0.0
-0.141504
0.0
-0.879077
0.0
0.0
0.0
0.0
0.0
0.0
0.0
0.0
0.0
0.0
0.0
0.0
0.0
0.0
0.0
0.0
0.0
0.0
0.0
0.0
0.0
0.0
0.0
-0.319424
0.0
0.0
0.0
0.0
0.0
0.0
-1.83157
0.0
0.0
0.0
-0.247985
0.0
0.0229324
0.0
0.0
0.62312
0.0
1.09165
0.0
0.0
0.0
0.0
0.0
0.0
0.0
0.0
0.0
0.0
0.0
0.0
0.0
0.0
0.0
0.0
0.0
0.0
0.0
-2.90609
0.0
0.0
0.0
0.0
0.109208
0.0
0.0
0.0
0.0
0.0
0.0
0.0
0.0
0.0
0.0
0.0
0.0
-0.142844
0.0
0.0
0.0
0.0
0.0
0.0
0.0
0.0
0.0
0.0
0.0
0.0
0.0
0.0
0.0
0.0
0.0
0.0
0.0
0.0
0.0
0.0
0.0
0.0
0.0
0.0
0.0
0.0
0.0
0.0
0.0
0.0
0.0
0.0
0.0
0.0
0.0
0.0
0.0
0.0
0.0
0.0
0.0
0.0
0.0
0.0
0.0
0.0
0.0
0.0
0.0
0.0
0.0
0.0
0.0
0.0
0.0
0.0
0.0
0.0
0.0
0.0
0.0
0.0
0.0
0.0
0.0
0.0
0.0
-0.418112
0.0
0.0
0.0
0.0
0.0
0.0
0.62385
0.0
0.0
0.0
0.0
0.0
0.0
0.0
0.0
0.0
0.0
0.0
0.0
1.18891
0.0
0.0
0.0
0.0
0.0
0.0
0.723382
0.0
0.0
0.0
0.0
0.0
0.0
0.0
0.0
0.0
0.0
0.0
0.0820694
0.0
0.0
0.0
0.0
0.0
0.0
0.0
0.0
0.0
0.0
0.0
0.0
0.0
0.0
0.0
0.0
0.0
0.0
0.0
2.5402
0.0
0.0
0.0
0.0
0.0
0.0
0.0
0.0
0.0
0.0
-1.00898
0.0
0.0
0.0
0.0
0.0
0.0
0.0
0.0
0.0
0.0
0.0
0.0
0.0
0.0
0.0
0.0
0.0
0.0
0.0
0.0
0.0
0.0
0.0
0.0
0.0
0.0
0.0
0.0
0.0
0.0
0.0
0.0
0.0
0.0
0.0
0.0
0.0
0.0
0.0
0.0
0.0
0.0
0.0
0.0
0.0
0.0
0.0
0.0
0.0
0.0
0.0
0.0
0.0
0.0
0.0
0.0
0.0
0.0
0.0
0.0
0.0
0.0
0.0
0.0
0.0
0.0
0.0
0.0
0.0
0.0
0.0
0.0
0.0
0.0
-0.514076
0.0
0.0
-0.467385
0.0
0.0
0.0
0.0
0.0
0.0
0.0
0.0
0.0
0.0
0.0
0.0
0.0
0.0
0.0
0.0
0.0
0.0068327
0.0
0.0
0.0
0.0
0.0
0.0
0.0
0.0
0.0
0.0
0.0
0.0
0.0
0.0
0.0
0.0
0.0
-1.07977
0.0
0.0
0.0
0.0
0.0
0.0
0.0
0.0
0.0
0.0
0.0
0.0
0.0
0.0
0.0
0.0
0.0
0.0
0.0
0.0
0.0
0.0
0.0
0.0
0.0
0.0
0.0
0.0
0.0
0.0
0.0
0.0
0.0
0.0
0.0
0.0
0.0
0.0
0.0
0.0
0.0
0.0
0.0
0.0
0.0
0.0
0.0
0.0
0.0
0.0
0.0
0.0
0.0
0.0
0.0
0.0
0.0
0.0
0.0
0.0
0.0
0.0
0.0
0.0
0.0
0.0
0.0
0.0
2.05048
0.0
0.0
0.0
0.0
0.0
0.0
0.0
0.0
0.0
0.0
0.0
0.0
0.0
0.0
0.0
0.606651
0.0
0.0
0.0
0.0
0.0
0.0
0.0
0.0
0.226766
0.0
0.0
-1.43153
0.0
0.0
0.0
0.0
0.0
0.0
0.0
0.476225
0.0
0.0
0.0
0.0
0.0
0.0
0.0
0.0
0.0
0.0
0.0
0.0
0.0
0.0
0.0
0.0
0.0
0.0
0.0
0.0
0.0
0.0
0.0
0.0
0.0
0.0
0.0
0.0
1.186
0.0
0.0
0.0
0.0
0.0
0.0
0.0
0.0
0.0
0.0
-1.05877
0.0
0.0
0.0
0.0
0.0
0.0
0.0
0.0
0.0
0.0
0.0
0.0
0.0
0.0
0.0
-1.57967
0.0
0.0
0.0
0.0
0.0
0.0
0.0
0.0
0.0
0.0
1.24051
0.0
0.0
0.0
0.0
0.0
1.40265
0.0
0.0
0.0
-0.293627
0.0
0.0
0.0
0.0
0.0
0.0
0.0
0.0
0.228855
0.0
0.0
0.0
0.0
-0.159372
0.0
0.0
0.0
0.0
0.0
0.0
0.0
-2.72089
0.0
0.0
0.0
0.0
0.0
0.0
0.0
0.0
0.0
0.0
0.0
0.0
0.0
0.0
0.0
0.0
0.0
0.0
0.0
0.0
0.0
0.0
0.0
0.0
0.0
0.0
0.0
0.0
0.0
0.0
0.0
0.0
0.0
0.0
0.0
0.0
0.0
0.0
0.0
0.0
0.0
0.0
0.0
0.0
0.0
0.0
0.0
0.0
0.0
0.0
0.0
0.0
0.0
0.0
0.0
0.952612
0.0
1.06676
0.0
0.0
0.0
0.0
0.0
0.0
0.0
0.0
0.0
0.0
0.0
0.0
0.0
0.0
0.0
-0.265474
0.0
0.0
0.0
0.0
0.0
0.0
0.0
0.0
0.0
0.0
0.0
0.0
-0.157838
0.0
0.0
0.0
0.0
0.0
0.0
0.0
0.0
0.0
0.0
0.0
0.0
0.0
0.0
0.0
0.0
0.0
0.0
0.0
0.0
0.0
0.0
0.0
0.0
0.0
0.0
0.0
0.0
0.0
0.0
-0.457958
0.0
0.0
0.0
0.0
0.0
0.0
0.0
0.0
0.0823978
0.609653
0.0
0.0
0.0
0.0
0.0
0.0
0.0
0.0
0.0
0.0
0.0
0.0
-1.38913
0.0
0.0
0.0
0.0
0.0
0.0
0.0
0.0
0.0
0.0
0.0
0.0
0.0
0.0
0.0
0.0
0.0
0.0
0.0
0.0
0.0
0.0
0.0
0.0
0.0
0.0
0.0
0.0
0.0
0.0
0.0
0.0
0.0
0.0
0.0
0.0
0.0
0.0
0.0
0.0
0.0
-0.0880001
0.0
0.0
-0.663653
0.0
0.0
0.0
0.0
0.0
0.0
0.0
-0.719618
0.0
0.0
0.0
0.0
0.0
0.0
0.0
0.0
0.0
0.0
0.0
0.0
0.0
0.0
0.0
0.0
0.0
0.0
0.0
0.0
0.0
0.0
0.0
0.0
0.0
0.0
-0.623812
0.0
0.0
0.0
0.0114199
0.42176
-0.188444
-0.120739
0.0661155
-0.130684
-0.0949236
0.131573
0.195416
-1.38302
-0.314331
0.17092
0.832919
-0.137581
0.173281
0.0324562
-0.04166
0.329607
0.084925
-0.645753
0.311271
0.419396
0.255361
0.717318
0.698515
-0.43632
0.180602
-0.0196153
0.257509
0.070936
-0.122488
0.622844
0.0503419
0.512635
0.477905
0.624476
-0.308275
-0.00110959
0.314217
0.483218
0.0984019
-0.0504781
-0.311959
0.799035
-0.426706
-0.0294207
-0.0738223
0.118177
-2.1337
2.07616
0.0
0.0
0.0
0.0
0.0
0.0
0.0
0.0
0.0
0.0
0.0
0.0
0.0
0.453629
0.0
0.0
0.0
0.0
0.704395
0.0
0.0
0.0
0.0
0.0
0.0
0.0
0.0
0.0
0.0
0.0
0.0
0.0
0.0
0.0
0.0
0.0
0.0
0.0
0.0
0.0
0.0
0.0
0.0
0.0
0.0
0.0
0.0
0.0
0.0
0.0
0.0
0.0
0.0
0.0
0.0
0.0
0.0
0.0
0.0
0.0
0.0
0.0
0.0
0.0
0.0
0.0
0.0
0.0
0.0
0.0
0.0
0.0
0.0
0.0
0.0
-1.33036
0.0
0.0
0.0
0.0
0.0
0.0
0.0
0.0
0.0
0.0
0.0
0.0
0.0
0.0
0.0
0.0
0.0
0.0
0.0
0.0
0.0
0.0
0.0
0.0
0.0
0.0
0.0
0.0
0.0
0.0
0.0
0.0920179
0.0
0.0
0.0
0.0
0.0
0.0
0.0
0.0
0.0
0.0
0.0
0.0
0.0
0.0
0.0
0.0
0.0
0.0
0.0
0.0
0.0
0.0
0.0
0.0
0.0
0.0
0.0
-0.728277
0.0
0.0
1.24972
0.0
0.0
-0.597658
0.0
0.0
0.0
0.0
0.0
0.0
0.0
0.0
0.0
-0.238466
-0.966349
0.0
0.0
0.0
0.0
0.0
0.0
0.0
0.0
0.0
0.0
0.0
0.0
0.0
0.0
0.0
0.0
0.0
0.0
0.0
0.0
0.0
0.0
0.0
-0.12797
0.0
0.0
0.0
0.0
0.0
0.0
0.0
0.0
0.0
0.0
0.0
0.0
0.0
0.0
0.0
0.0
0.0
0.0
0.0
0.0
0.0
0.0
0.0
0.0
0.0
0.0
0.724594
0.0
0.0
0.0
0.0
0.0
0.0
0.0
0.0
0.0
0.0
0.0
0.0
1.93497
0.0
0.0
-0.612479
0.0
0.0
0.0
0.0
0.0
0.0
0.0
0.0
0.0
0.0
0.0
0.0
0.0
0.0
0.0
0.0
0.0
0.0
0.0
0.0
0.0
0.0
0.0
0.0
0.0
0.0
0.0
0.0
0.0
0.0
0.0
0.0
0.0
0.0
0.0
0.0
0.0
0.0
0.0
0.0
0.0
0.0
0.0
0.0
0.0
0.0
0.0
0.0
0.0
0.0
0.0
0.0
0.0
0.0
0.0
0.0
0.0
0.0
0.0
0.0
0.0
0.0
0.0
0.0
0.0
0.0
0.0
0.0
0.0
0.0
0.0
0.0
0.0
-0.0524255
0.417202
-0.0930175
0.142546
-0.0153127
0.0128864
0.244154
0.237663
0.204422
0.163838
0.63342
0.0912994
0.680902
-0.592507
0.419381
0.190076
0.972931
-0.248187
0.248128
0.181135
0.0186773
1.65452
0.260483
0.675724
0.533825
0.249285
0.322186
1.36509
0.358654
0.845199
-0.713246
0.287846
0.161195
-0.497333
0.304437
0.437142
0.21054
-1.95982
-0.565584
-1.60024
0.32615
-0.228392
-0.119685
-0.488474
0.057721
-0.88901
-0.816755
0.0468982
-0.76194
0.0
0.0
0.0
0.0
0.0
0.0
0.721015
0.0
0.0
0.0
0.0
0.0
0.0
0.0
0.0
0.0
0.0
0.0
0.297539
-0.783072
0.0
0.0
0.0
0.0
0.0
0.0
0.0
0.0
0.0
0.0
0.0
0.0
0.0
0.0
0.0
0.0
0.0
0.0
0.0
0.0
0.0
0.0
0.0
0.0
-0.863513
0.0
0.0
0.0
0.0
0.0
0.0
0.0
0.0
0.0
0.0
0.0
0.0
0.0
0.0
-1.67691
0.0
0.0
0.0
0.0
0.0
0.0
0.0
0.0
0.0
0.0
0.0
0.0
0.0
0.0
0.0
0.0
0.0
0.0
0.0
0.0
0.0
0.0
0.0
0.0
0.0
0.0
0.0
0.0
0.724461
0.0
0.0
0.0
0.0
0.0
0.0
0.0
0.0
0.0
0.0
0.0
0.0
0.0
0.626022
0.0
0.0
0.0
0.0
0.0
0.0
0.0
0.0
0.0
0.0
0.0
0.0
0.0
0.0820478
0.0
0.239081
0.0
0.0
0.0
0.0
0.0
0.0
0.0
0.0
0.0
0.0
0.0
0.0
0.0
0.0
0.197612
0.0
0.0
0.0
0.0
0.0
0.0
0.0
0.0
0.0
0.0
0.0
0.0
0.0
0.0
0.0
0.0
0.0
0.0
0.0
0.0
0.0
0.0
0.0
0.0
0.0
0.0
0.0
0.625061
0.0
0.0
0.0
0.0
0.0
0.0
1.18338
0.0
0.0
0.0
0.0
0.0
0.0
0.0
0.0
0.0
0.0
0.0
0.0
0.0
0.0
0.0
0.0
0.0
0.0
-0.20917
0.0
0.0
0.0
0.0
0.0
0.0
0.0
0.0
0.0
0.0
0.0
0.0
0.0
0.0
0.0
0.0
0.0
0.0
0.0
0.0
0.0
0.0
0.0
0.0
0.0
0.0
0.0
0.0
0.0
0.0
0.0
0.0
0.0
0.0
0.0
0.0
0.0
0.0
0.0
0.0
0.0
0.0
0.0
0.0
0.0
0.0
0.0
0.0
0.0
0.0
0.0
-1.6063
0.0
0.0
0.0
0.0
0.0
0.0
0.0
0.0
0.0
0.0
0.0
0.0
0.0
0.0
0.0
0.0
0.0
0.0
0.0
0.0
0.0
0.0
-1.65407
0.0
0.0
0.0
0.0
0.0
0.517061
0.0
0.0
0.0
0.0
2.50378
0.0
0.0
0.0
0.0
0.0
0.0
0.0
-0.449948
0.0
0.0
0.0
0.0
0.0
0.0
0.0
0.0
-1.24886
0.0
0.0
0.0
0.0
0.0
0.0
0.0
0.0
0.0
0.0
0.0
0.0
0.0
0.0
0.0
0.198302
0.0
0.0
0.0
0.0
0.0
0.0
0.0
0.432823
0.0
0.178414
0.0
0.0
0.0
0.0
0.0
0.0
0.0
0.0
0.0
0.0
0.0
0.0
0.0
0.0
0.0
0.0
0.0
0.0
0.0
0.0
0.0
0.0
0.0
0.0
0.0
0.0
0.0
0.0
0.0
-0.261604
0.0
0.0
0.0
0.0
0.0
0.0
0.0
0.0
0.0
0.0
0.0
0.0
0.0
0.0
0.514843
0.0
0.0
0.0
0.62598
0.0
-1.04609
0.0
0.0
0.0
0.0
0.0
0.0
0.0
0.0
0.0
0.0
0.0
0.0
0.0
0.0
0.0
0.0
0.0
0.0
0.0
0.0
0.0
0.0
0.0
0.0
0.0
0.0
0.0
0.0
0.0
0.0
0.0
0.0
0.0
0.0
0.0
0.0
0.0
0.0
0.0
0.0
0.0
0.0
0.0
0.0
0.0
1.76255
0.0
0.0
0.0
0.0
0.0
0.0
0.0
0.0
0.0
0.0
0.0
0.0
0.0
0.0
0.0
0.0
0.0
0.0
0.0
0.0
0.0
0.0
0.0
0.0
0.0
0.0
0.0
0.011388
0.32444
-0.433098
-0.298923
0.395297
0.0535915
-0.0124226
0.16177
0.0422662
-1.57735
-0.319232
0.14388
0.750916
0.565463
0.140484
0.146062
0.310392
0.185314
0.125678
-0.543457
0.247743
-0.313284
0.278603
0.487984
0.675882
-0.314011
0.212174
-0.161062
-0.0417903
0.0483392
0.0468289
0.529576
0.20502
0.498291
0.49399
0.622941
-0.398449
0.125854
0.707539
-0.137796
-0.139774
0.131231
-0.0578726
0.594024
-0.459887
0.0853593
-0.0182109
0.114178
-1.6716
0.0
0.0
0.394319
0.0
0.0
0.0
0.0
0.0
0.0
0.0
-1.72945
0.0
0.0
0.0
0.0
0.0
0.0
0.0
0.0
0.0
0.0
0.0
0.0
0.0
0.0
0.0
0.0
0.0
0.0
0.0
0.0
0.0
0.0
0.0
0.0
0.0
0.0
0.0
0.0
0.0
0.0
0.0
0.0
0.0
0.0
0.0
0.0
0.0
0.0
0.0
0.0
0.0
0.0
0.0458349
0.0162983
0.0
0.0
0.0
0.0
0.0
0.0
0.0
0.0
0.0
0.0
-0.806409
0.0
0.0
0.0
0.0
0.0
0.0
0.0
0.0
0.0
0.0
0.0
0.0
0.0
0.0
0.0
0.0
0.0
0.0
0.0
0.0
0.0
1.31515
0.0
0.0
0.0
0.0
0.0
0.0
0.0
0.0
0.0
0.0
0.0
0.0231743
0.0
0.0
0.0
0.0
-1.32564
0.0
0.0
0.0
0.0
0.0
0.0
0.0
0.23075
0.0
0.0
0.0
0.0
0.0
0.0
0.0
0.0
0.0
0.0
0.0
0.0
0.0
0.0
-0.307849
0.0
0.0
0.0
0.0
0.0
0.0
0.0
0.0
0.0
0.0
0.0
0.0
0.534813
0.0
0.0
0.0
0.0
0.0
0.0
0.0
0.0
0.0
0.0
0.0
0.0
0.0
0.0
0.0
0.0
0.0
0.0
0.0
0.0
0.0
0.0
0.0
0.0
0.0
0.0
0.0
1.20216
0.0
0.0
0.0
0.0
0.0
0.0
0.0
0.0
0.0
0.0
0.0
0.0
0.0
0.0
0.0
0.0
-1.61483
0.0
0.0
0.0
0.0
0.0
0.0
0.0
0.0
0.0
0.0
0.0
0.0
0.0
0.0
0.0
0.0
0.0
0.0
0.0
0.0
0.0
0.0
0.0
0.0
0.0
0.0
0.0
0.0
0.0
0.0
0.0
0.0
0.0
0.0
0.0
0.0
0.0
0.0
0.0
0.0
0.0
0.0
0.0
0.0
0.0
0.0
0.0
0.0
0.0
0.0
0.0
0.0
0.0
0.0
0.0
0.0
0.0
0.0
0.0
0.252307
0.0
0.0
0.0
0.0
0.0
0.0
0.0
0.0
0.0
0.0
0.0
0.0
0.0
0.0
0.0
0.0
0.0
0.0
0.0
0.0
0.0
0.0
0.0
0.0
0.0
0.0
0.0
0.0
0.0
0.0
0.0
0.0
0.0
0.0
0.0
0.0
0.0
0.0
0.0
0.0
0.0
0.0
0.0
0.0
0.0
0.0
0.0
0.0
0.0
0.0
0.0
0.0
0.0
0.0
0.0
0.0
0.0
0.0
0.0
0.0
0.0
0.0
0.0
0.0
-0.711062
0.0
0.0
0.0
0.0
0.0
0.0
0.0
0.0
0.0
0.0
-0.076789
0.0
0.0
0.0
0.0
0.0
0.0
0.0
0.0
0.0
0.0
0.0
0.0
0.0
0.0
0.0
0.0
0.0
0.0
0.0
0.0
0.0
0.0
0.0
0.0
0.0
0.0
0.0
0.0
0.0
0.0
0.0
0.0
0.0
-0.771077
0.0
0.0
0.0
-0.213971
0.0
-1.33818
0.0
0.0
0.0
0.0
0.726029
0.0
0.0
0.0
0.0
0.0
0.0
0.0
0.0
0.0
0.0
0.0
0.0
0.939933
0.0
0.0
0.0
0.0
0.0
0.0
0.0
0.0
0.0
0.0
0.282204
0.0
0.0
0.0
0.0
0.0
0.0
0.0
0.0
0.0
0.0
-1.91063
0.0
0.0
0.0
0.0
1.17759
0.0
0.0
0.0
0.0
0.0
0.0
0.0
-0.727976
0.0
0.0
0.0
0.0
0.0
0.0
0.0
0.0
0.0
0.0
0.0
0.195988
1.33971
0.0
-1.28562
0.0
0.0
0.0
0.0
0.0
0.0
0.0
0.0
0.0
0.0
0.0
0.0
0.0
0.0
0.0
0.0
0.441533
0.0
0.0
0.0
0.0
0.0
0.0
0.0
0.0
0.0
0.0
0.0
0.0
0.0
0.0
0.0
0.0
0.0
0.0
0.0
0.0
0.0
-1.39332
0.0
0.0
0.0
0.0
0.0
0.0
0.0
0.0
0.0
0.0
0.0
0.0
0.0
0.0
0.612744
0.0
0.0
0.0
0.0
0.0
0.0
0.965042
0.0
0.0
0.0
0.0
0.0
0.0
0.0
0.0
0.0
0.0
0.0
0.0
0.0
0.0
0.0
0.0
0.0
0.0
0.0
0.0
0.0
0.0
0.0
0.170956
0.0
0.0
0.0
0.0
0.0
0.0
-2.04814
0.0
0.0
0.0
0.0
0.0
0.0
0.0
0.0
0.0
0.0
0.0
0.0
0.0
0.0
0.0
0.0
0.0
0.0
0.0
0.0
0.0
0.0
0.0
0.0
0.0
0.0
0.0
0.0
0.0
0.0
0.0
0.0
0.0
-0.718908
0.0
0.0
0.0
0.0
0.0
0.0
0.0
0.0
0.0
0.0
0.0
0.0
0.0
0.0
0.0
0.0
0.0
0.0
0.0
0.0
0.0
0.0
0.0
0.0
0.0
0.0
0.0
0.0
-0.581996
0.0
0.0
0.0
0.0
0.0
0.0
2.11477
0.0
0.0
0.0
0.0
0.0
0.0
0.0
0.0
0.0
0.0
0.0
0.0
0.0
0.0
0.0
0.0
0.0
0.0
0.0
0.0
0.0
0.0
0.0
0.0
0.0
0.0
0.0
0.0
0.0
0.0
0.0
0.0
0.0
0.0
0.0
0.0
0.0
0.0
0.0
0.0
0.0
0.0
0.0
0.22402
0.0
0.0
0.0
0.0
0.0
0.0
0.0
0.0
0.0
0.0
0.0
0.0
0.0
0.0
0.0
0.0
0.0
0.0
0.0
0.0
0.0
0.0
0.0
0.0
0.0
0.0
0.0
0.0
0.0
0.0
0.0
0.0
0.0
0.0
0.0
0.0
0.0
0.0
0.0
0.0
0.0
0.0
0.0
0.0
0.0
1.21555
0.0
1.60362
0.0
0.0
0.0
0.0
0.0
0.0
0.0
0.0
0.0
0.0
0.0
0.0
0.0
0.0
0.0
0.0
0.0
0.0
0.0
0.0
0.0
0.0
0.661919
0.0
0.0
0.0
0.0
0.0
0.0
0.0
0.0
0.0
0.0
0.0
0.0
0.0
0.0
0.0
0.0
0.0
1.53876
0.0
0.0
0.0
1.08048
0.0
0.0
0.0
0.0
0.0
0.0
0.0
0.0
0.0
0.0
0.0
0.0
0.195002
2.2948
0.0
0.0
0.0
0.0
0.0
0.0
0.0
-0.78189
0.0
0.0
0.0
0.0
0.0
0.0
0.0
0.0
0.0
0.0
0.0
0.0
0.0
0.0
0.0
0.0
0.0
0.0
-2.38969
0.0
0.0
0.0
-0.0822084
0.0
0.0
0.0
0.0
0.0
0.0
0.0
0.0
-0.675392
0.0
0.0
0.0
0.0
0.0
0.0
0.0
0.0
0.503989
0.0
0.0
0.0
0.0
0.0
0.0
0.0
0.0
0.0
2.25242
0.0
0.0
0.0
1.57888
0.0
0.0
0.0
0.0
0.0
0.0
0.0
0.0
1.27355
0.0
0.0
0.0
0.0
0.0
0.0
0.0
0.0
0.0
1.45827
0.0
0.0
0.0
0.0
0.0
0.0
0.0
0.0
0.0
0.0
0.0
0.949599
0.0
0.0
0.0
0.0
0.0
-0.203409
0.0
0.0
0.0
0.0
0.0
0.0
0.0
0.0
0.0
0.0
0.0
0.0
1.54074
0.0
0.0
0.0
0.0600792
0.0
-1.89773
0.0
0.0
0.0
-0.695164
0.0
0.0
0.0
0.0
0.0
0.0
0.0
0.0
0.0
0.0
0.0
0.0
0.0
0.0
-0.469806
0.0
-0.112535
-0.13293
-0.268656
-0.00627616
0.691055
-0.622676
0.220017
-0.16279
0.0325419
-0.456441
-0.654673
-0.145353
0.56623
-0.134423
0.688764
-0.0817641
0.488375
-0.625601
-0.516949
0.294018
-0.134027
-0.239408
0.215924
0.558018
0.122322
-1.39095
0.404336
0.617869
0.289012
0.132906
-0.442967
0.478898
0.228731
-1.14608
0.423115
0.399351
0.140259
-1.43503
-0.00494347
-0.766973
0.152471
-1.07239
-0.588808
-0.964109
0.211953
-1.28711
-0.800754
0.0208234
-0.00527082
0.0
0.0
0.0
0.0
0.0
0.0
0.0
0.0
0.0
0.0
0.0
0.0
0.0
0.0
0.0
0.0
0.0
0.0
0.0
0.0
-0.426629
0.0
0.0
0.0
0.0
0.0
0.0
0.0
0.0
0.0
0.0
1.23661
0.0
0.0
0.0
0.0
0.0
0.0
0.0
0.0
0.0
0.0
0.0
0.0
0.0
0.0
0.0
-1.5867
0.0
-0.558667
0.0
0.0
0.0
0.0
0.0
0.0
0.0
0.0
0.0
0.0
0.0
0.0
0.0
0.0
0.0
0.0
0.0
0.0
0.0
0.0
0.0
0.0
0.0
0.0
0.0
0.0
0.0
0.0
0.0
0.0
0.0
0.0
1.14745
0.0
0.0
0.0
0.0
-1.21703
0.0
0.0
0.0
0.0
0.0
0.0
0.0
0.0
0.0
0.0
0.0
0.0
0.0
0.0
0.0
0.0
0.755681
0.0
0.0
0.0
0.0
-0.804761
0.0
0.0
0.0
0.0
0.0
0.0
0.0
0.0
0.0
0.0
0.0
0.0
0.0
0.0
0.0
0.0
0.0
0.0
0.0
0.0
0.0
0.0
-1.79086
0.0
0.0
0.0
0.0
0.0
0.0
0.0
0.0
-0.550489
0.0
0.0
0.0
0.0
0.0
0.0
0.742172
0.0
0.0
0.0
0.0
-0.873179
0.0
0.0
0.0
0.595018
0.0
0.0
0.0
0.0
0.0
0.0
0.0
0.0
0.0
0.0
0.0
0.0
0.0
0.355209
0.0
0.0
0.0
0.0
-1.83873
0.0
0.0
0.0
0.0
0.0
0.0
0.0
0.541951
0.52398
0.0
0.0
0.0
0.0
0.0
0.0
0.0
0.0
0.0
0.0
-0.503643
0.0
0.0
0.0
1.07073
0.0
0.0
0.0
0.0
0.0
0.0
0.0
0.0
0.0
0.0
0.0
0.0
0.0
0.0
0.0
0.0
0.0
0.0
0.390402
0.0
0.0
0.0
0.0
0.0
0.0
0.0
0.0
0.0
0.0
0.0
0.0
0.0
0.0
0.0
0.0
0.0
0.0
0.0
-0.28288
0.0
0.0
0.0
0.0
0.0
0.0
0.0
0.0
0.0
0.0
0.0
0.0
0.0
0.0
0.0
0.0
0.0
0.0
0.0
0.0
0.0
0.0
0.0
0.0
0.0
0.0
0.0
0.0
0.0
0.0
0.0
0.0
0.0
0.0
0.0
0.0
0.0
0.0
0.0
0.0
0.0
0.0
0.0
0.0
0.0
0.0
0.0
0.0
0.0
0.0
0.0
0.0
0.0
0.0
0.0
0.0
0.0
0.0
0.0
0.0
0.0
0.0
0.0
0.0
0.0
0.0
0.0
0.0
0.0
0.0
0.0
0.0
0.0
0.0
0.0
0.0
-0.228069
0.0
0.0
0.0
0.0
0.0
0.0
0.0
0.0
0.0
0.0
0.0
0.0
0.0
0.0
0.0
0.0
0.0
0.0
0.0
0.0
0.319552
0.0
0.0
0.0
0.0
0.0
0.0
0.0
0.0
0.0
0.0
-0.872653
0.0
0.0
0.0
0.0
0.0
0.0
0.0
0.0
0.0
0.0
0.0
0.0
0.0
0.0
0.0
0.0
0.0
0.0
0.0
0.0
0.0
0.0
0.0
0.0
0.0
0.0
0.0
1.65103
0.0
0.0
-0.413029
0.0
0.0
0.0
0.0
0.0
0.0
0.0
0.54376
0.0
0.0
0.0
0.0
0.0
0.0
0.0
0.0
-0.354319
0.0
0.0
0.0
0.0
0.0
0.0
0.0
0.0
0.0
0.0
0.0
0.0
0.0
0.0
0.0
0.0
0.0
0.0
0.0
0.0
0.0
0.0
0.0
0.0
0.0
0.0
0.0
0.0
-0.448287
0.0
0.0
0.0
0.0
0.0
0.0
0.0
0.0
0.0
0.0
0.0
0.0
0.0
0.0
0.0
0.0
0.0
-0.304048
0.0
0.0
0.0
0.0
0.787957
0.0
0.0
0.0
0.0
0.0
0.0
0.0
0.0
0.0
0.0
0.0
0.0
0.0
0.0
0.0
0.0
0.0
0.0
0.0
0.0
0.0
0.0
0.0
0.0
0.0
0.0
0.0
0.0
0.0
0.0
0.0
0.0
0.0
-0.46736
0.0
0.0
0.0
0.0
0.0
0.0
0.0
0.0
0.0
0.0
0.0
0.0
0.0
0.0
0.0
0.0
0.0
0.0
0.0
0.0
-0.152689
0.0
0.0
0.0
0.0
0.0
0.0
0.0
0.0
0.0
0.0
0.0
0.0
0.0
0.0
0.0
0.0
0.0
0.0
0.0
0.0
0.0
0.0
0.0
0.0
0.0
0.0
0.0
0.0
0.0
0.0
0.0
0.0
0.0
0.0
0.0
-0.0977077
0.123941
-0.451262
-0.0378432
-0.198228
0.249412
-0.107921
0.263957
-0.0264061
-1.50303
0.0601157
0.159075
0.746599
0.23687
0.0973659
0.264231
-0.0564933
0.0893994
-0.225903
-0.499936
0.261397
-0.208446
0.244212
0.152552
0.754246
-0.573176
0.252912
0.348915
0.542527
-0.148374
-0.0635204
0.63796
-0.146652
0.368852
0.481308
0.647524
-0.30253
0.0575654
0.481545
-0.0722794
-0.0865384
0.177
0.362341
0.335558
-0.461395
0.0748161
0.0654488
0.0243975
-1.37259
0.0
0.0
0.0
0.0
0.0
0.0
0.0
0.0
0.0
0.0
0.0
0.0
0.0
0.0
0.0
0.0
0.0
0.0
0.377319
0.0
0.0
0.0
0.0
0.0
0.0
0.0
0.0
0.0
-0.674233
0.0
0.0
0.0
0.0
-0.089786
0.0
0.0
0.0
0.0
0.0
0.0
0.0
0.0
0.0
0.0
0.0
0.0
0.0
0.0
0.0
0.0
0.0
0.0
0.0
0.0
0.0
0.0
0.0
0.0
0.0
0.0
2.13503
0.0
0.0
0.0
0.0
0.0
0.0
0.0
0.0
0.0
0.0
0.0
0.0
0.0
0.0
0.0
0.0
0.0
-1.2652
0.0
0.243752
0.0
0.0
0.0
0.0
0.0
0.0
0.0
0.0
0.0
-0.288338
0.0
0.224271
0.0
0.0
0.0
0.0
0.0
0.0
0.0
0.0
0.0
0.0
0.0
0.0
0.0
0.0
0.0
0.0
1.5494
0.0
0.0
0.0
0.0
0.0
0.0
0.0
0.0
0.0
0.0
0.0
0.0
0.0
0.0
0.0
0.590326
0.0
0.0
0.0
0.0
0.0
0.581295
0.0
0.0
0.0
0.0
0.0
0.0
0.0
0.0
0.0
-0.304387
0.0
0.0
-1.15908
0.0
0.0
0.0
0.0
0.0
0.0
0.0
0.0
0.0
0.0
0.0
0.0
0.0
0.0
0.0
0.0
0.0
0.0
0.0
0.0
0.0
0.0
0.0
0.0
0.0
0.0
0.0
0.0
0.0
1.58224
0.0
0.0
1.03737
0.0
0.0
0.0
0.0
0.0
0.0
0.585615
0.0
0.0
0.0
0.170362
0.0
0.0
0.0
0.0
0.0
0.0
0.0
0.0
0.0
0.0
0.0
0.0
0.0
0.0
0.0
0.0
0.0
0.0
0.0
0.0
0.0
0.0
0.0
0.0
0.0
0.0
0.0
0.0
0.0
0.0
0.0
0.0
0.0
0.0
0.0
0.0
0.0
0.0
0.0
0.0
0.0
0.0
0.0
0.954266
0.0
0.0
0.374243
0.0
0.0
0.0
0.0
0.0
0.0
0.0
0.0
0.0
0.0
1.63985
0.0
0.0
-1.6662
0.0
0.0
0.0
0.0
-1.58246
0.0
0.0
0.0180466
0.0
0.0
0.0
0.0078411
0.0
0.0
0.0
0.0
0.0
0.0
-0.300672
0.0
0.0
0.0
0.0
0.0
0.0
0.0
0.0
0.0
0.0
0.0
0.0
0.0
0.0
0.0
0.0
0.0
1.07024
0.0
0.0
0.0
0.0
0.0
0.0
0.0
0.0
0.0
0.0
0.0
0.0
0.0
0.0
0.0
0.0
0.0
0.0
0.0
0.0
0.0
0.0
0.0
0.0
0.0
0.0
0.0
0.0
0.0
0.0
-0.878094
0.0
0.0
0.0
0.0
0.0
0.0
0.0
0.0
0.0
0.0
0.0
-0.896603
0.0
2.41898
0.0
0.0
0.0
0.0
0.0
0.0
0.0
0.0
0.0
0.0
0.0
0.0
0.0
0.0
0.0
0.0
0.0
0.0
0.0
0.0
0.0
0.0
0.0
0.0
0.0
0.0
-1.95237
0.0
0.0
0.0
0.0
0.0
0.0
0.0
-0.443312
0.0
-1.64154
0.0
0.0
0.0
0.0
0.0
0.0
0.0
0.0
0.0
0.0
0.0
0.0
0.781864
0.0
0.0
0.0
0.0
0.0
0.0
0.0
0.0
0.0
0.0
0.0
0.0
0.0
0.0
0.0
0.0
0.0
0.0
0.0
0.0
0.0
0.0
0.0
0.0
0.0
0.0
0.0
0.0
0.0
0.0
-0.0934732
0.0
0.0
0.0
0.0
0.0
0.0
0.0
0.933597
0.0
0.0
0.0
0.0
0.0
0.0
0.0
0.0
0.0
0.0
-1.72167
0.0
0.0
0.0
0.0
0.0
0.0
0.0
0.0
0.0
-0.676238
0.0
0.0
0.0
0.0
0.0
0.0
0.0
0.0
0.0
0.0
0.0
0.0
0.0
0.0
0.0
-0.309983
0.0
0.0
0.0
0.0
0.0
0.0
0.0
0.0
0.0
0.0
0.0
0.0
0.0
0.0
0.0
0.0
0.0
2.00419
0.0
0.0
0.0
0.0
0.0
0.0
0.0
0.0
0.0
0.0
0.0
0.0
0.0
0.0
0.0
0.0
0.0
0.0
0.0
2.15183
0.0
0.0
0.0
0.0
0.0
0.0
0.0
0.0
0.0
0.0
0.0
0.0
0.0
0.0
0.0
0.0
0.0
0.0
0.0
0.0
0.0
0.0
0.0
0.0
0.0
0.0
0.0
0.0
0.0
0.0
0.0
0.0
0.0
0.0
0.0
0.0
0.0
0.0
0.0
0.0
0.0
0.0
0.0
0.0
0.0
0.0
0.0
0.0
0.0
0.0
0.0
0.0
0.0
0.0
0.0
0.0
0.0
0.0
0.0
0.0
0.0
0.0
0.0
0.0
0.0
0.0
0.0
0.0
0.0
0.0
0.0
0.0
0.0
0.0
0.0
0.0
0.0
0.0
0.0
0.0
0.0
0.0
0.0
0.0
0.0
0.0
0.0
0.0
0.0
0.0
0.0
-0.450698
0.0
0.0
0.0
0.0
0.0
0.0
0.0
-0.666478
0.0
0.0
0.0
0.0
0.0
0.0
0.0
0.0
0.0
0.0
0.0
0.0
0.0
0.0
0.0
0.0
0.0
0.0
0.0
0.0
0.0
0.0
0.0
0.0
0.0
0.0
0.0
0.0
0.0
0.0
0.0
0.0
0.0
0.0
0.0
0.0
0.0
0.0
0.0
0.0
0.0
0.0
1.02773
0.0
0.0
0.0
0.0
0.0
0.0
0.0
0.0
0.0
0.0
0.0
0.0
0.0
0.0
0.632023
0.0
0.0
0.0
0.0
0.0
0.0
0.0
0.0
0.0
0.0
0.0
0.0
0.0
0.0
0.0
0.0
0.0
0.0
0.0
0.0
0.0
0.0
0.0
0.0
0.0
0.0
0.0
0.0
0.0
-0.0282062
0.0
0.0
0.0
0.0
-0.415393
0.0
0.0
0.0
0.0
0.0
0.0
0.0
0.0
0.0
0.0
0.0
0.0
0.0
0.0
0.0
0.0
0.0
0.0
0.0
0.0
0.0
0.0
0.0
0.0
0.0
0.0
0.0
0.0
0.0
0.0
0.0
0.0
0.0
0.0
0.0
0.0
0.435676
0.0
0.0
0.0
0.0
0.0
0.0
0.0
0.0
1.27687
0.0
0.0
0.0
0.0
0.0
0.0
0.0
0.0
0.0
0.0
0.0
0.656914
0.0
0.0
0.0
0.0
0.0
0.0
0.0
0.0
0.0
0.0
0.0
0.0
0.0
0.0
-0.0727857
0.0
0.0
0.0
0.0
0.0
0.0
0.0
0.0
0.0
0.0
0.0
0.0
0.0
0.0
0.0
0.0
0.0
0.0
0.0
0.0
0.0
0.0
0.0
0.0
0.0
0.0
0.0
0.0
0.0
0.0
0.0
0.0
0.0
0.0
0.0
0.0
0.0
0.0
0.0
0.0
0.0
0.0
-0.945116
0.198142
0.0
0.0
0.0
-1.72201
0.0
0.0
0.0
0.0
0.0
0.0
0.0
0.0
0.0
0.0
0.0
0.0
0.0
0.0
0.0
0.0
0.0
0.0
0.0
0.0
0.0
0.0
0.0
0.0
0.0
0.0
0.0
0.0
0.0
0.0
0.0
0.0
0.0
0.0
0.0
0.0
0.0
0.0
0.0
0.0
0.0
0.0
0.0
0.0
0.0
0.0
0.0
0.0
0.0
0.0
0.0
0.0
0.0
0.0
0.0
0.0
0.0
0.0
0.0
0.0
0.0
0.0
0.0
0.0
0.0
0.0
-0.235797
0.0
0.0
0.0
0.0
0.0
0.0
0.0
0.0
0.0
0.0
0.0
0.994971
0.0
0.0
2.82408
0.0
0.0
0.0
0.0
0.0
0.0
0.0
0.0
0.0
0.0
0.0
0.116786
0.0
0.0
0.0
-0.202448
0.0
0.0
0.0
0.0
0.0
0.0
0.0
0.0
0.0
-0.253051
0.0
0.0
0.756605
0.0
0.0
0.0
0.0
0.0
0.0
0.0
-1.98713
0.0
0.0
0.0
0.0
0.0
0.0
0.0
0.0
0.0
0.0
0.0
0.0
0.0
0.0
0.0
0.0
0.0
-1.6244
0.0
0.0
0.0
-1.0871
0.0
0.0
0.0
0.0
0.0
0.0
0.340016
0.0
0.0
0.0
0.0
0.0
0.0
0.0
0.0
0.0
0.0
0.0
0.0
0.0
0.0
0.0
0.0
0.0
0.0
0.0
0.0
0.0
0.0
0.0
0.0
0.0
0.0
0.0
0.0
0.0
0.0
0.0
0.0
0.0
0.0
0.0
1.13348
0.0
0.0
0.0
0.0
0.0
0.0
0.0
0.971356
0.0
0.0
0.0
0.0
0.0
0.0
0.0
0.0
0.0
0.0
0.0
0.0178419
0.0
0.0
0.0
0.0
0.0
0.0
-0.0252418
0.0
0.0
0.0
0.0
0.0
0.0
0.0
0.0
0.0
0.0
0.0
0.0
0.0
0.0
0.0
0.0
0.0
0.0798787
0.0
0.0
0.0
0.0
0.0
0.0
0.0
0.0
0.0
0.0
1.39804
0.0
0.0
0.0
0.0287062
0.0
0.0
0.0
0.0
0.0
0.0
0.0
0.0
0.0
0.0
0.0
0.0
0.0
0.0
0.0
0.0
0.0
-1.06182
0.0
-1.65413
0.0
0.0
0.966109
0.0
0.0
0.0
0.0
0.0
0.0
0.0
0.61958
0.0
-0.43519
0.0
0.0
0.0
0.0
0.0
0.0
0.0
0.0
0.0
0.0
0.0
0.0
0.0
0.0
0.0
0.0
0.0
0.0
1.27617
0.0
0.0
0.0
0.0
0.52493
0.0
0.0
0.0
0.0
0.0
0.0
0.0
0.0
0.0
0.0
0.0
-0.549897
0.0
0.0
0.0
0.0
0.0
0.0
0.0
0.0
0.0
0.0
0.0
0.0
0.0
0.0
0.0
0.0
0.0
0.0
0.0
0.0
0.0
0.0
0.0
0.0
0.0
0.0
0.0
0.0
0.0
0.0
0.0
0.0
0.0
0.0
0.0
0.0
0.0
0.0
0.0
0.0
0.0
0.0
0.0
0.0
0.0
2.38619
0.0
0.0
0.0
0.0
0.0
0.0
0.0
0.0
0.0
0.0
0.0
0.0
0.0
0.0
0.0
0.0
0.0
0.0
0.0
0.0
0.0
0.0
0.0
0.0
0.0
0.0
0.0
0.0
0.0
0.0
0.0
-0.408866
0.0
-0.0243561
0.0
0.0
0.0
0.0
0.0
0.0
0.0
0.0
0.0
0.0
0.0
0.0
0.0
0.0
0.0
0.0
0.0
0.0
0.0
0.0
-0.0333412
0.0
0.0
0.0
0.0
0.0
0.0
0.0
0.38479
0.0
0.0
0.0
1.32462
-0.575452
0.0
0.0
0.0
-0.581489
0.0
0.0
0.0
0.0
0.0
0.0
0.0
0.0
0.0
0.0
0.0
0.0
0.0
0.0
0.0
0.0
0.0
0.0
1.2349
0.0
0.0
0.0
0.0
0.0
0.0
-0.154467
0.0
0.0
0.0
0.0
0.0
0.0
0.0
0.0
0.0
0.0
0.0
0.0
0.0
0.0
0.0
0.0
0.0
0.0
0.0
0.0
0.0
0.0
0.0
0.0
0.0
0.0
0.0
0.0
0.746647
0.0
0.0
0.0
0.0
0.0
0.0
0.0
0.0
0.0
0.0
0.0
0.0
0.0
0.0
0.0
0.0
0.0
0.0
0.0
0.0
0.0
0.0
0.0
0.0
0.0
0.0
0.0
0.0
0.0
0.0
-0.650352
0.0
0.0
0.0
0.0
0.0
0.0
0.0
0.0
0.0
0.0
0.0
0.0
0.0
0.0
0.0
0.466726
0.351942
0.0
0.0
0.0
0.0
0.0
0.0
0.0
0.0
0.0
0.0
0.0
0.0
0.0
0.0
0.0
0.0
0.0
0.0
0.0
0.0
0.0
0.0
0.0
0.0
0.852434
0.0
0.0
0.0
-0.353505
0.0
0.0
0.0
0.0
0.0
-0.0235567
0.0
0.0
0.0
0.0
0.0
0.0
0.0
0.0
0.0
0.0
0.0
0.0
0.0
0.0
0.0
0.0
0.0
0.0
0.0
0.0
0.0
0.0
0.0
0.0
0.0
0.0
0.0
0.0
0.0
0.0
0.0
0.0
0.0
0.0
0.0
0.0
0.0
0.0
0.0
0.0
0.0
0.0
0.0
0.0
0.0
0.0
-0.130474
0.0
0.0
0.0
0.0
0.41886
0.0
0.0
0.0
0.0
0.0
0.0
0.0
0.0
0.0
0.0
0.0
0.0
0.0
0.0
0.0
0.0
0.0
0.0
0.0
0.0
0.0
0.0
0.0
0.0
0.0
0.0
0.0
0.0
0.0
0.0
0.0
0.0
0.0
0.0
0.0
0.0
0.0
0.0
0.0
0.0
0.0
0.829471
0.070108
0.0
0.0
0.0
0.0
0.0
0.0
0.0
0.0
0.0
0.0
0.0
0.0
0.0
0.0
0.0
0.0
0.0
0.0
-0.974904
0.0
0.0
0.0
0.0
0.0
0.0
0.0
0.0
0.0
0.0
0.0
0.0
0.0
0.0
0.0
0.892497
0.0
0.0
0.0
0.0
0.0
0.0
0.0
0.0
0.0
0.0
-0.0266042
0.251648
0.0125505
-0.0678902
-0.150559
0.0613547
0.0220754
-0.206821
-0.301676
0.144357
-0.104477
0.597561
0.296868
0.164677
-0.230008
-0.102037
0.726786
-0.973189
-0.579256
-0.00911071
0.514927
-0.677996
0.1609
0.14106
-0.00801828
-0.465002
0.638775
0.575854
0.623336
-0.188948
-0.507264
-0.768301
0.280789
-1.12063
0.590143
0.391034
-0.218417
0.295784
-0.0817578
-0.667714
0.00804386
-0.0286482
-0.33752
0.0930187
0.429489
0.624304
-0.578176
-0.0737444
-0.0238135
0.0
0.0
0.0
0.0
0.0
0.0
0.0
0.0
0.0
0.0
1.00213
0.0
0.0
0.0
0.0
0.0
0.0
0.0
0.0
0.0
0.0
0.0
0.0
0.0
0.0
0.0
0.0
0.0
0.0
0.993162
0.0
0.0
0.0
0.0
0.0
0.0
0.0
0.0
0.0
0.0
0.0
0.0
0.0
0.0
0.0
0.0
0.0
0.0
0.0
0.0
0.0
0.0
0.0
0.0
0.0
0.0
1.18813
0.0
0.0
0.0
0.0
0.0
0.0
0.0
0.0
0.0
0.0
0.0
0.0
0.0
0.0
0.0
0.0
0.0
0.0
0.0
0.0
0.0
0.0
0.0
0.0
0.301628
0.0
0.0
0.0
0.0
0.0
0.0
0.0
0.0
0.0
-0.892818
0.0
0.0
0.0
0.0
0.0
0.0
0.0
0.0
0.0
0.0
0.0
0.0
0.0
0.0
0.0
0.0
0.0
0.0
0.0
0.0
0.0
0.0
0.0
0.0
0.0
0.0
0.0
0.0
0.0
0.0
0.0
-0.828239
0.0
0.0
0.0
0.0
0.0
0.0
0.0
0.0
0.0
0.0
2.49168
0.0
0.0
0.0
0.0
0.0
0.0
0.0
0.0
0.0
0.0
0.0
0.0
0.0
0.0
0.0
0.0
0.0
0.0
0.0
-0.956911
0.0
0.0
0.0
0.0
0.0
0.0
0.0
0.0
0.0
0.0
0.0
0.0
0.0
0.0
0.0
0.0
0.0
-0.362821
0.0
0.0
0.0
-0.820513
-0.265526
0.0
0.0
0.0
0.0
0.0
0.0
0.0
0.0
1.14364
0.0
0.0
0.0
0.0
0.0
0.0
1.31294
0.0
0.0
0.0
0.0
-0.930342
0.0
0.0
0.0
0.0
0.0
0.0
0.0
0.0
0.0
0.0
0.0
0.0
0.0
0.0
0.0
-0.201906
0.0
0.0
0.0
0.0
0.0
0.0
0.0
0.0
0.0
0.0
0.0
0.0
0.0
-1.24684
0.0
0.0
-2.39404
0.0
0.0
0.0
0.0
-0.501706
0.0
0.0
0.0
0.0
0.0
0.0
0.0
0.0
0.0
0.0
0.0
0.0
0.0
0.0
0.0
0.0
0.0
0.0
0.0
-0.522935
0.0
0.0
0.0
0.0
0.0
0.0
0.0
0.0
0.0
0.0
0.0
0.0
0.0
0.0
0.0
0.0
0.0
1.06723
1.60276
0.0
0.0
0.0
0.0
0.0
0.0
0.0
0.0
0.0
0.0
0.0
0.0
0.0
0.0
0.0
0.0
0.0
0.0
0.0
0.0
0.0
0.0
0.0
0.0
0.0
0.0
0.0
0.0
0.0
0.0
0.0
0.0
0.0
0.0
0.0
0.0
0.0
0.0
0.0
0.0
0.0
0.0
0.0
0.0
0.0
0.0
0.0
0.0
0.0
-1.08592
0.0
0.0
0.0
0.0
0.0
0.0
0.0
0.0
0.0
0.0
0.0
0.0
0.0
0.0
0.0
0.0
0.0
0.0
0.236625
0.0
0.0
0.0
0.0
0.0
0.0
0.0
0.0
0.0
0.918168
0.0
0.0
0.0
0.0
0.0
0.0
0.0
0.0
0.0
0.0
0.0
0.0
0.0
0.0
0.0
0.0
1.89867
0.0
0.0
0.0
0.0
0.0
0.0
0.0
0.0
0.0
0.0
0.0
0.0
0.0
0.0
0.0
0.0
0.0
0.0
0.0
0.0
0.0
0.0
0.0
0.0
0.0
0.0
0.0
0.0
0.0
0.0
0.0
0.0
0.0
0.621019
0.0
0.0
0.0
0.0
0.0
0.0
0.0
0.0
0.0
-0.754241
0.0
0.0
0.0
0.0
0.0
0.0
0.793507
0.0
0.0
0.0
0.0
0.0
0.0
0.0
0.0
0.0
0.0
0.0
0.0
0.0
0.0
0.0
0.0
0.0
0.0
0.0
0.0
0.0
0.0
0.0
0.0
0.0
0.0
0.0
0.0
0.0
0.0
0.0
0.0
0.0
0.0
0.0
0.0
0.0
0.0
0.0
0.0
0.0
0.0
0.0
0.0
0.0
0.0
0.0
0.0
0.0
0.0
0.512348
0.0
0.0
0.0
0.366314
0.0
0.0
0.0
0.0
0.0
0.0
0.0
0.0
0.0
0.0
0.0
0.0
0.0
0.0
0.0
0.0
0.0
0.0
0.0
0.0
-1.28593
0.0
0.0
0.0
0.0
0.0
0.0
0.0
0.0173444
0.0
0.0
0.0
0.0
0.0
0.0
0.0
0.0
0.0
0.0
0.0
0.0
0.0
0.0
0.0
0.0
0.0
0.910628
0.0
0.0
0.0
0.0
0.0
0.0
0.0
0.0
0.0
0.666626
0.0
0.0
0.0
0.0
0.0
0.0
0.0
0.0
0.0
0.0
0.0
0.0
0.0
0.0
0.0
0.0
0.0
0.0
0.0
0.0
0.0
0.0
0.0
0.0
0.0
0.0
0.0
0.0
0.0
0.0
0.0
0.0
0.0
0.0
2.25611
0.0
0.0
0.0
0.0
0.0
0.0
0.0
0.0
0.0
0.0
0.0
0.0
0.0
0.0
0.0
0.0
0.0
0.0
0.0
0.0
0.0
0.0
0.0
0.0
0.0
0.0
0.0
0.0
0.0
0.0
0.0
0.0
0.0
0.0
0.0
0.0
0.0
0.0
0.0
0.0
0.0
0.0
0.0
0.0
0.0
0.0
0.0
0.0
0.0
0.0
0.0
0.0
0.0
0.0
0.0
0.0
0.0
0.0
0.0
0.0
0.0
0.0
0.34144
0.0
0.0
0.0
0.0
-0.040834
-0.40271
-0.0808547
0.289219
-0.25072
0.807023
0.228493
-0.243436
0.555848
0.365243
0.899529
-0.130912
0.826418
0.297199
0.199916
0.113089
-0.12368
0.456888
0.405131
-0.521085
0.312308
-0.640688
0.438279
-0.0322594
0.839592
-0.630997
0.375029
0.254685
0.00114173
0.226008
0.320208
0.920919
-0.393511
0.730565
0.409223
0.641003
-0.0860599
0.351825
0.346748
0.130704
-0.19275
0.0334403
0.509514
-0.0803546
-0.0645518
-0.128661
0.194246
-0.136491
-0.82536
0.0
0.0
0.0
0.0
0.0
0.0
-0.0664589
0.0
0.0887105
0.0
0.0
0.0
-0.0471465
0.0
0.0
0.0
0.0
0.0
0.0
0.0
0.0
0.0
0.0
-0.394605
0.0
0.0
0.0
0.0
0.0
0.0
0.0
0.0
0.0
0.0
0.0
-0.380065
0.0
0.0
0.0
0.0
0.0
-0.309047
0.0
0.0
0.0
0.0
0.0
0.0
0.0
0.0
0.0
0.0
0.0
0.0
0.0
0.0
0.0
0.0
0.0
0.0
0.0
0.0
0.0
0.0
0.0
0.0
0.0
0.0
0.0
0.0
0.0
0.0
0.0
0.0
0.0
0.0
0.0
0.0
0.0
0.0
0.0
0.0
0.0
0.0
0.0
0.0
0.0
0.0
0.0
0.0
0.0
0.0
0.0
0.0
0.0
2.85571
0.0
0.0
0.0
0.0
0.0
0.0
0.0
0.0
0.0
0.0
0.0
0.0
-0.0143298
0.0
0.0
0.0
0.0
0.0
0.0
0.0
0.0
0.0
0.0
0.0
0.0
-0.47103
0.0
0.0
0.0
0.0
0.0
0.0
0.0
0.0
0.0
0.29919
0.0
0.0
0.0
0.0
0.0
0.0
0.0
0.0
0.0
0.0
0.0
0.0
0.0
0.0
0.0
0.0
-0.862625
0.0
0.0
0.0
0.0
0.0
0.0
0.0
0.0
0.0
0.0
0.0
0.0
0.0
0.0
0.0
0.0
0.0
0.0
0.0
0.0
0.0
0.0
0.0
-0.87638
0.0
0.0
0.0
0.0
0.0
0.0
0.0
0.0
0.0
0.0
0.0
0.0
0.0
0.0
0.0
0.0
0.0
0.0
0.0
0.0
0.0
0.0
-0.932429
0.0
0.0
0.0
0.0
0.0
0.0
0.0
0.0
0.0
-0.000486172
0.0
0.0
0.0
-0.952669
0.0
0.0
0.0
0.0
0.0
0.0
0.0
0.0
0.0
0.0
0.0
0.0
0.0
0.0
0.0
0.0
0.0
0.678333
0.0
0.0
0.0
0.0
0.0
0.0
0.0
0.0
0.0
0.0
0.0
0.0
0.0
0.0
0.0
0.0
0.0
0.0
0.0
0.0
-0.488466
0.0
0.0
0.0
0.0
0.0
0.0
0.0
0.0
0.0
0.0
0.0
0.0
0.0
0.0
0.0
0.0
0.0
0.0
0.0
0.0
0.0
0.0
0.0
0.0
0.0
0.0
0.0
0.0
-0.753887
0.0
0.0
0.0
0.0
0.0
0.0
0.0
2.30087
0.0
0.0
0.0
0.0
0.0
0.0
0.0
0.0
0.0
0.0
0.0
0.0
0.0
0.0
0.0
0.0
0.0
0.0
0.0
0.0
0.0
0.0
0.0
0.0
0.0
0.0
0.0
0.0
0.0
0.0
0.0
0.0
0.0
0.0
0.0
0.0
0.0
0.0
0.0
0.0
0.0
0.0
0.0
0.0
0.0
-0.512483
0.0
0.0
0.0
0.0
0.0
0.0
0.0
0.0
0.0
0.0
0.0
0.0
0.0
0.0
0.0
0.0
0.0
0.0
0.0
0.0
0.0
0.0
0.0
0.0
0.0
0.0
0.0
0.0
0.0
0.0
0.0
0.0
0.0
0.0
0.0
0.0
0.0
0.0
0.0
0.0
0.0
0.0
0.0
0.0
0.0
0.0
0.0
0.0
0.0
0.0
0.0
0.0
0.0
0.0
0.0
0.0
0.0
0.0
0.0
0.0
0.0
0.0
0.0
0.0
0.0
0.0
0.0
0.0
0.0
0.0
0.0
0.0
0.0
0.0
0.0
0.0
0.0
0.15384
0.0
0.0
0.0
0.0
1.05418
0.0
0.0
0.848276
-0.406084
0.0
0.0
0.0
0.0
0.0
0.435633
0.0
0.0
0.0
0.0
0.0
0.0
0.0
0.0
0.0
0.0
0.0
0.0
0.0
0.0
0.0
0.0
0.0
0.0
0.0
0.0
0.0
0.0
0.0
0.0
0.0
0.0
0.0
0.0
0.0
0.0
0.0
0.0
0.0
0.0
0.0
0.0
0.0
0.0
0.0
0.0
0.0
0.0
0.0
0.0
0.0
0.0
0.0
0.0
0.0
0.0
0.0
0.0
0.0
0.0
0.0
0.0
0.226264
0.0
0.0
0.0
0.0
0.0
0.0
0.0
0.0
0.0
0.0
0.0
0.0
0.0
0.0
0.0
0.0
0.0
0.0
0.0
0.0
0.0
-0.378366
0.0
0.0
0.0
-1.92874
0.0
0.0
0.0
0.0
0.0
0.0
0.0
0.0
0.0
0.0
0.0
0.0
0.0
0.0
0.0
0.0
0.0
0.0
0.0
0.0
0.0
0.0
0.0
0.0
0.0
0.0
0.0
0.0
-0.692817
0.0
0.0
0.0
-1.79617
0.0
0.0
0.0
0.0
0.0
0.0
0.0
0.0
0.0
0.0
0.0
0.0
0.0
0.0
0.0
0.0
0.0
0.0
0.0
0.0
0.0
0.0
0.0
-0.303219
0.0
0.0
0.0
0.0
0.0
0.0
0.0
0.0
0.0
0.0
0.0
0.0
0.0
0.0
0.0
0.0
0.0
0.0
0.0
0.0
0.0
0.0
0.0
0.0
0.0
0.0
0.0
0.0
0.0
0.0
0.0
0.0
0.0
0.0
0.0
0.0
0.0
0.0
0.0
0.0
0.0
0.0
0.0
0.0
0.0
0.0
0.0
0.0
0.0
0.0
0.0
1.18672
0.0
0.0
0.0
0.0
0.0
0.0
0.0
0.0
0.0
0.0
0.0
0.0
0.0
0.0
0.0
0.0
0.0
0.0
0.0
0.0
0.0
0.0
0.0
0.0
0.0
1.47474
0.0
0.0
0.0
0.0
0.0
0.0
-0.192684
-0.872916
0.0
0.0
0.0
0.0
0.0
0.0
0.0
0.0
0.0
0.0
0.0
0.0
0.0
0.0
0.0
0.0
0.0
0.0
0.0
0.0
0.0
-0.92795
0.0
0.0
0.0
1.4843
0.0
0.0
0.0
0.0
0.0
0.0
0.0
0.0
0.0
0.0
0.0
0.0
0.0
0.248956
0.0
0.0
0.0
-0.9477
0.0
0.0
0.0
0.0
0.0
0.0
0.379107
0.0
0.0
0.0
0.0
0.0
0.0
0.0
-0.754409
1.89237
0.0
-1.72548
0.0
0.0
0.0
0.0
0.0
-1.23998
0.0
0.0
0.0
0.0
0.0
0.0
0.0
0.0
0.0
0.0
0.0
0.0
0.0
-0.11558
0.0
-0.147955
0.0244323
-0.278204
-0.0165436
-0.14705
0.2071
0.00999417
0.169854
-0.127356
-0.394913
-0.150417
-0.465061
0.24479
0.461269
0.10152
-0.0418987
-0.0649735
1.1256
-0.174183
0.26596
0.414414
0.376759
-0.588574
0.3578
-0.28141
0.254145
-0.10477
0.500372
0.327423
0.396459
-0.0563882
-0.264079
-0.0721834
-0.507239
-0.978275
0.205827
0.423415
-0.296348
-0.0359689
0.224306
-0.279441
0.0716108
-0.196405
0.126033
-0.249027
0.731559
0.0910557
-0.497269
-0.215302
-0.192804
0.0
0.0
0.0
0.0
0.0
0.0
0.0
0.0
0.0
0.0
0.0
0.0
-0.229833
0.0
0.0
0.0
0.0
0.0
0.0
0.0
0.0
0.0
-1.362
0.0
0.0
0.356787
0.0
0.0
0.0
0.0
0.0
1.18658
0.0
0.0
0.0
0.0
0.0
0.0
0.0
0.0
0.0
0.0
0.0
0.0
0.0
0.0
0.0
0.0
0.0
0.0
0.0
0.0
0.0
0.0
0.0
0.0
0.0
0.0
0.0
0.0
0.0
0.0
0.0
0.0
0.0
0.0
0.0
0.0
0.0
0.0
0.0
0.0
0.0
0.0
0.0
0.0
0.0
0.0
0.0
0.0
0.0
0.0
0.0
0.0
0.0
0.0
0.0
0.0
0.0
0.0
0.0
0.0
0.0
0.0
0.0
0.0
0.0
0.0
0.076828
0.0
0.0
0.0
0.0
0.0
0.0
2.15687
0.0
0.0
0.0
0.0
0.0
0.0
0.0
0.27406
0.0
0.0
0.0
0.0
0.0
0.0
0.0
0.0
0.0
0.0
0.0
0.0
0.0
0.0
0.0
0.0
0.0
0.0
0.0
0.0
-0.212182
0.0
0.0
0.0
0.623789
0.0
0.0
0.0
0.0
0.0
0.0
0.0
0.0
0.0
0.0
0.0
0.0
0.0
0.0
0.0
0.0
0.0
0.0
0.0
0.0
0.0
0.0
0.0
0.0
0.0
-0.0274306
0.0
0.0
0.0
0.0
0.0
0.0
0.0
0.0
0.0
0.0
0.0
0.0
0.0
0.719947
0.0
0.0
0.0
0.0
0.0
-0.616536
-1.65637
0.0
0.0
-0.68493
0.0
0.0
0.0
0.0
0.0
0.0
0.0
-2.30549
0.0
0.0
0.0
0.0
0.0
0.0
0.0
0.0
0.0
0.0
0.0
0.0
-1.31021
0.0
0.0
0.0
0.0
-1.33074
0.0
0.0
0.0
0.0
0.0
0.0
0.0
2.20097
0.0
0.0
0.0
0.0
0.0
0.0
0.0
0.0
0.0
0.0
0.0
1.44483
0.0
0.0
0.0
0.0
0.0
0.0
0.0
0.0
0.0
0.0
0.0
0.0
0.0
0.0
0.0
0.0
0.0
0.0
0.0
0.0
0.0
0.0
0.0
0.0
0.0
0.0
0.0
0.0
0.0
0.0
0.0
0.0
0.0
0.0
1.39032
0.0
0.0
0.0
0.0
0.0
0.0
0.0
0.0
0.0
0.0
0.0
0.0
0.0
0.0
0.0
0.0
0.0
0.0
0.0
0.0
0.0
0.0
0.0
0.0
0.0
0.0
0.0
0.0
0.0
0.0
0.0
0.0
1.65921
0.0
0.0
0.0
0.0
0.0
0.0
0.0
0.0
0.0
0.0
0.0
0.0
0.0
0.0
0.0
0.0
0.0
0.0
0.0
0.0
0.0
0.0
0.0
0.0
0.0
0.0
0.0
0.0
0.0
0.0
0.0
0.0
0.0
0.149242
0.0
-1.9295
0.0
0.0
0.0
0.0
0.0
0.0
0.0
0.0
0.0
0.0
0.0
0.0
0.0
0.0
0.0
0.0
0.0
0.0
0.0
0.0
0.0
0.0
0.0
0.0
0.0
0.0
0.0
0.0
0.0
0.0
0.0
0.0
0.0
0.0
0.0
0.0
0.179537
0.0
0.0
0.0
0.0
0.0
0.0
0.0
0.0
0.0
0.0
0.0
0.0
0.0
0.0
0.0
0.0
0.0
-1.08996
0.0
0.0
0.560196
0.0
0.0
0.0
0.0
0.0
0.0
1.2216
0.0
0.0
0.0
0.0
0.0
0.0
0.0
0.0
0.0
0.0
0.0
0.0
0.0
0.0
0.0
0.0
0.0
0.0
0.0
0.0
0.0
0.0
0.0
0.0
0.0
0.0
0.0
0.0
0.0
0.0
0.0
0.0
0.0
0.0
0.0
0.0
0.0
0.0
0.0
0.0194551
0.0
0.0
0.0
0.0
0.0
0.0
0.0
0.0
0.0
0.0
0.0
0.0
0.0
0.0
0.0
0.0
0.0
0.0
0.0
0.0
0.0
0.0
0.0
0.0
0.0
0.0
0.0
0.0
0.0
0.0
0.0
0.0
0.0
0.0
0.0
0.0
0.0
0.0
0.0
0.0
1.58728
0.0
0.0
0.0
0.0
0.0
0.0
0.0
0.0
0.0
0.0
0.0
0.0
0.0
0.0
0.0
0.0
0.0
0.0
0.0
0.0
0.0
0.0
0.0
0.0
0.0
0.0
0.0
0.0
0.0
0.0
0.0
0.0
0.0
0.0
0.0
0.0
0.0
0.0
0.0
0.0
-0.132976
0.0
0.0
0.0
0.0
0.0
0.0
0.0
0.0
0.0
0.0
0.0
0.0
0.0
0.0
0.0
0.0
0.0
0.0
1.4058
0.0
0.0
0.0
0.0
0.0
0.0
0.0
0.0
0.0
0.0
0.0
0.0
0.0
0.0
0.0
0.0
0.0
0.0
0.0
0.0
0.0
0.0
0.0
0.0
0.0
0.0
0.0
0.0
0.0
0.0
0.0
0.0
0.0
0.0
0.0
0.0
1.2229
0.0
0.0
0.0
0.0
0.0
-1.22456
0.0
0.0
0.0
0.0
0.0
0.0
0.0
0.0
0.0
0.0
0.0
0.0
0.0
0.955028
0.0
0.0
0.0
0.0
0.0
0.0
0.0
0.0
0.0
0.0
0.0
0.0
0.0
0.0
0.0
0.0
0.0
0.0
0.0
0.0
0.0
0.106907
0.0
0.0
0.0
0.0
0.0
0.0
0.0
0.0
0.0
0.0
-1.33309
0.0
0.0
0.0
0.0
0.0
0.0
0.0
0.0
0.832975
0.0
0.0
0.0
0.0
0.0
0.0
0.0
0.0
0.0
0.0
0.566915
0.0
0.0
0.0
0.0
0.0
0.0
0.0
0.678011
0.0
0.0
0.0
0.0
0.0
0.0
0.0
0.0
0.0
0.0
0.208391
0.0
0.0
0.0
0.0
0.0
0.0
0.0
0.0
0.0
0.0
0.0
0.0
0.0
0.0
-0.651002
0.0
0.0
0.0
0.0
0.0
0.0
0.0
0.0
0.0
0.0
0.0
-0.452668
0.0
0.816206
0.0
0.0
0.0
0.0
0.0
0.0
0.0
0.0
0.0
0.0
0.0
0.0
0.0
0.0
0.0
0.0
0.0
0.0
0.0
0.0
0.0
0.0
0.0
0.0
0.0
0.0
0.0
0.0
0.985071
0.0
0.0
0.0
0.0
0.0
0.0
0.0
0.0
0.0
0.0
0.0
0.0
0.0
0.0
0.0
0.0
0.0
0.0
0.0
0.0
0.0
0.0
0.0
0.0
1.05885
0.0
0.0
0.0
0.0
0.0
0.0
0.0
0.0
0.0
0.0
0.0
0.0
0.0
0.0
0.0
0.0
1.08267
0.0
0.0
-1.9621
0.0
0.0
0.0
0.0
0.0
0.0
0.0
0.0
0.0
0.0
0.0
0.0
0.0
0.0
0.0
0.0
0.0
0.0
0.0
0.0
0.0
0.0
0.0
0.0
0.0
0.0
0.0
0.0
0.0
0.0
0.0
0.0
0.0
0.0
0.0
0.0
0.0
0.0
0.308939
0.0
0.0
0.0
0.0
0.0
-1.12438
0.0
0.0
0.0
0.0
0.0
0.0
0.0
0.0
0.0
0.0
0.0
0.0
0.0
0.0
0.0
0.0
-1.47602
0.0
0.0
0.0
0.0
-0.702076
0.0
0.0
0.0
0.0
0.0
0.0
0.0
0.0
0.0
0.0
0.0
0.0
0.0
0.0
0.0
0.0
0.0
0.0
0.0
0.0
0.0
0.0
-0.790067
0.0
0.0
0.0
0.0
0.0
0.0
0.0
0.0
0.0
0.0
0.0
0.0
0.0
0.0
0.0
0.0
0.0
0.0
0.0
0.0
0.0
0.0
0.0
0.0
-0.476312
0.0
0.0
0.0
0.0
0.0
0.0
0.0
0.0
0.0
-1.65864
0.0
0.0
0.0
0.0
0.0
0.0
0.0
0.0
0.0
0.0
0.0
0.0
-1.4832
0.0
0.0
0.0
0.0
0.0
0.0
0.0
0.0
0.0
0.0
0.0
0.0
0.0
0.0
0.0
0.0
0.0
0.0
0.0
0.0
0.0
0.0
0.0
0.0
0.0
0.0
0.0
0.0
0.0
0.0
0.0
0.0
0.0
0.0
0.0
0.0
0.0
-1.44944
0.0
0.0
0.0
0.0
0.0
0.0
0.0
0.0
0.0
0.0
0.0
0.0
0.0
0.0
0.0
0.0
0.0
-0.176338
0.0
0.0
0.0
0.0
0.0
0.0
0.0
0.0
0.0
0.0
0.0
0.0
0.0
0.0
0.0
0.0
0.0
0.0
0.0
0.0
0.0
0.0
0.0
-1.00563
0.0
0.0
0.0
0.0
0.0
0.0
0.0
0.0
0.0
0.0
0.0
0.0
0.0
0.0
0.0
0.0
0.0
0.0
0.0
0.0
0.0
0.0
0.0
0.0
0.0
0.0
0.0
0.0
0.0
0.0
0.0
0.0
0.0
0.0
1.22504
0.0
0.0
0.0
0.0
0.0
0.0
0.0
0.0
0.0
0.0
0.0
0.0
0.0
0.0
0.0
0.0
0.0
0.0
0.0
0.0
0.0
0.0
0.0
0.0
0.0
0.0
0.0
0.0
0.0
0.0
0.0
0.0
0.0
0.0
0.0
0.0
0.0
0.0
0.0
0.0
1.45413
0.0
0.0
0.0
0.0
0.0
0.0
0.0
0.0
0.0
0.0
0.0
0.0
0.0
0.0
0.0
0.439632
-0.293235
0.0
0.0
0.0
0.0
0.0
0.0
0.0
0.0
0.0243835
0.0
0.0
0.0
0.0
0.0
0.0
0.0
0.0
0.0
0.0
0.0
0.0
0.0
0.0
0.0
0.0
0.0
0.0
0.0
0.0
0.0
0.0
0.0
0.0
0.0
0.0
0.0
0.0
0.0
0.0
0.0
0.0
0.0
0.0
0.0
0.0
0.0
0.0
0.0
0.0
0.0
0.0
0.0
0.0
0.0
0.0
0.0
0.0
0.0
0.0
0.0
0.0
0.0
0.0
0.0
0.0
0.0
0.0
0.0
0.0
0.0
0.0
0.0
0.0
0.0
0.0
0.0
0.0
0.0
0.0
0.0
0.0
0.0
0.0
0.0
0.0
0.0
0.0
0.0
0.0
0.0
0.0
0.0
0.0
0.0
0.0
0.0
0.0
0.0
0.0
0.0
0.0
0.0
0.0
0.0
0.0
0.0
2.02448
0.0
0.0
0.0
0.0
0.0
0.0
0.0
0.0
0.0
0.0
0.0
-1.74212
0.0
0.0
0.0
0.0
0.0
0.0
0.0
0.0
0.0
0.0
0.0
0.0
0.0
0.0
-0.488914
0.0
0.0
0.0
0.0
0.101384
0.0
0.0
0.0
0.0
0.0
0.0
0.0
0.0
0.0
0.0
0.0
0.0
1.0475
1.21736
0.0
0.791044
0.0
0.0
0.0
0.0
0.0
0.0
0.0
0.0
0.0
0.0
0.0
0.0
0.0
0.0
0.0
0.0
0.0
0.0
0.0
0.0
0.0
0.0
0.0
-1.45637
0.0
0.0
0.0
0.0
0.0943419
0.0
0.0
0.0
0.0
0.0
0.0
0.0
0.0
0.0
0.0
0.0
0.0
0.0
0.0
0.0
0.0
0.0
0.0
0.0
0.0
0.0
0.0
0.0
0.0
0.0
0.0
0.0
0.0
0.0
0.0
0.0
0.0
0.0
0.0
-0.0597645
0.0
0.0
0.0
0.0
0.0
0.0
0.0
0.0
0.0
0.0
0.0
0.0
0.0
0.0
0.0
0.0
0.0
0.0
0.0
0.0
0.0
0.0
0.0
0.0
0.0
0.0
0.0
0.0
0.0
0.0
0.0
0.0
0.0
0.0
0.0
0.0
0.0
0.0
0.0
0.0
0.0
0.0
0.0
0.0
0.0
0.0
0.0
0.0
0.0
0.0
0.0
0.0
0.0
0.0
0.0
0.0
0.0
0.0
0.0
0.0
0.0
0.0
0.0
0.0
0.0
0.0
0.0
0.0
0.72538
0.0
0.0
0.0
0.0
0.0
0.0
0.0
0.0
0.0
0.0
0.0
0.0
0.0
0.0
0.0
0.0
0.0
0.0
0.0
0.0
0.0
0.0
0.0
-0.128038
-0.235429
0.0
0.0
0.0
0.0
0.0
0.0
0.0
0.0
0.0
0.0
0.0
0.0
0.0
-0.141874
0.0
0.0
0.0
-0.208161
0.0
0.0
0.0
0.0
0.0
0.0
0.0
0.0
0.0
0.0
0.0
0.0
0.0
0.0
-0.417807
0.0
0.0
0.0
0.0
0.0
0.0
0.0
0.0
0.0
0.0
0.0
0.0
0.0
0.0
0.0
0.0
0.0
0.0
0.0
0.0
0.0
0.0
0.0
0.0
0.0
0.0
0.679639
0.0
0.0
0.0
0.0
0.0
0.0
0.0
0.0
0.0
0.0
0.0
0.0
0.0
0.0
0.0
0.0
0.0
0.0
0.0
0.0
0.0
0.0
0.0
0.0
0.0
0.0
0.0
0.0
0.0
0.0
0.0
0.0
0.0
0.0
0.0
0.0
0.0
0.0
0.0
-1.41561
0.0
0.0
0.0
0.0
0.0
0.0
0.0
0.0
0.0
0.851425
0.0
0.0
0.0
0.0
0.0
0.0
-1.98353
0.0
0.116648
0.200025
-0.179803
-0.2524
1.04424
-0.0974748
0.130755
0.139951
-0.197447
-0.0625873
0.419699
0.0717567
0.518889
-0.0856403
-0.0469875
0.144018
1.12011
-0.463294
0.854294
0.566758
0.325123
-0.165504
0.436852
0.25286
0.568695
-0.411685
0.40959
-0.305679
-0.291234
0.435238
-0.090095
0.209449
-0.150348
-1.05212
0.0295651
0.486249
0.344691
0.0185571
0.273261
-0.306834
0.120756
0.107701
0.342727
0.324368
0.54138
-0.013398
-0.393031
-0.326855
-0.61792
0.135915
0.0
0.0
0.0
0.0
0.0
0.0
0.0
0.0
0.0
0.0
0.0
0.0
0.0
0.0
0.585218
0.0
0.0
1.13822
0.0
0.0
0.0
0.0
0.0
0.0
0.0
0.0
0.0
0.0
0.0
0.0
0.0
0.0
0.0
0.0
0.0
0.0
0.0
0.0
-0.329458
0.0
0.0
0.0
0.0
0.0
0.0
0.0
0.0
0.0
0.0
0.0
0.0
-0.775914
0.0
-1.07709
0.0
0.0
0.0
0.0
0.0
0.0
0.0
0.0
0.0
0.0
0.0
0.0
0.0
0.0
0.0
0.0
0.0
0.0
0.0
0.0
0.0
1.32034
0.0
0.0
0.0
0.0
0.0
0.0
0.0
0.467184
0.0
0.0
0.0
0.0
0.0
0.0
-1.34413
0.0
0.0
0.0
0.0
0.0
0.0
0.0
0.0
0.0
0.0
0.0
0.0
0.0
0.0
0.0
0.0
0.0
0.0
0.0
0.0
0.0
1.54597
0.0
0.0
-1.47234
0.0
0.0
0.0
0.0
0.0
0.0
0.0
0.0
0.0
0.0
0.0
0.0
0.0
0.0
0.0
0.0
0.0
0.0
0.0
0.0
0.0
0.0
0.0
0.0
0.0
0.0
0.0
0.0
0.0
0.0
0.0
0.0
0.0
0.0
0.0
0.0
0.0
0.0
0.230717
0.0
0.0
0.0
0.0
0.0
0.0
0.0
0.0
0.0
0.0
0.0
-0.0911372
0.0
0.0
0.0
0.0
0.0
0.0
0.0
0.0
0.0
0.0
0.0
0.0
0.0
0.0
0.0
0.0
0.0
0.0
0.0
0.0
0.0
0.0
0.0
0.0
0.0
0.0
0.0
0.0
0.0
0.0
0.0
0.0
0.0
0.0
0.0
0.0
0.0
0.0
0.0
0.0
0.0
0.0
0.0
0.0
0.0
0.0
0.0
0.0
0.0
0.0
0.0
0.0
0.0
0.0
0.0
-0.25677
0.0
0.0
0.0
0.0
0.0
0.347045
0.0
0.0
0.0
0.0
0.0
0.0
0.0
0.0
0.0
0.0
0.0
0.0
0.0
0.0
0.0
0.0
0.0
0.0
-0.903936
0.0
0.0
0.0
0.0
0.0
0.0
0.0
0.0
0.0
0.0
0.0
0.0
0.0
0.0
0.0
0.0
0.0
0.0942909
0.339733
0.0
0.0
0.0
0.0
0.0
0.0
0.0
0.0
0.0
0.0
0.0
0.0
0.0
0.0
0.0
0.0
0.0
0.0
0.0
-0.712605
0.0
0.0
0.0
0.0
0.0
0.0
0.0
0.0
0.0
0.0
0.0
0.0
0.0
-0.0334723
0.0
0.0
0.0
0.0
0.0
0.0
0.113295
0.0
0.0
0.0
0.0
0.0
0.0
0.0
0.0
0.517785
-1.05785
-0.41023
-0.25777
0.0
0.0
0.0
0.0
0.0
0.0
0.0
0.0
0.0
0.0
0.0
0.0
0.0
0.0
0.0
0.0
0.0
0.0
0.0
0.0
0.0
0.0
0.0
0.0
0.0
0.0
0.0
0.0
0.0
0.0
0.0
0.0
0.0
0.0
0.0
0.0
0.0
0.0
0.0
0.0
0.0
0.0
0.0
0.0
0.0
0.0
0.0
0.0
-1.88837
0.0
0.0
0.0
0.0
0.0
0.0
0.0
0.0
0.0
0.0
0.0
0.0
0.0
0.0
0.0
0.0
0.0
0.0
0.0
0.0
0.0
0.0
-1.41739
0.0
0.0
0.0
0.683164
0.0
0.0
0.0
0.0
0.0
0.0
0.0
0.0
0.0
0.0
0.0
0.283116
0.0
0.0
0.0
0.0
0.0
0.0
0.0
0.0
0.0
0.0
0.0
0.0
0.0
1.16898
0.0
0.0
0.0
0.0
0.0
0.0
0.0
0.0
0.0
0.0
0.0
0.0
1.4428
0.0
0.0
0.0
0.0
-0.479187
0.0
0.0
0.0
0.0
0.0
0.692654
0.0
0.0
-0.116142
1.29953
0.0
0.0
0.0
0.0
0.0
0.0
0.0
-1.50174
0.0
0.0
0.0
0.0
0.0
0.0
0.0
0.0
0.0
0.0
0.0
0.0
0.0
0.0
0.0
0.0
0.75027
0.0
0.0
0.0
0.0
0.0
0.0
0.0
0.0
0.0
0.0
0.0
0.788883
0.0
0.0
-0.0109138
-1.17491
0.109594
0.237918
-0.25436
0.434178
0.29725
0.680106
-0.179622
1.00714
0.00879505
0.118313
0.537716
0.994471
0.0879196
0.425275
-0.197501
0.355091
0.298703
0.404987
0.164622
-0.0950513
0.348666
0.810152
0.984594
0.250481
0.573142
-0.497965
-1.56268
-0.0520266
0.635069
0.66933
-0.253181
0.168068
0.307079
0.512814
-0.161916
0.655736
0.108397
0.474247
-0.0170322
0.322473
0.297123
-0.459745
0.209953
0.0704564
0.210379
-0.476338
-0.428083
0.0
0.0
0.0
0.0
0.0
0.0
0.0
0.0
1.6131
0.0
0.0
0.0
0.0
0.0
0.0
0.0
0.0
0.0
0.0
0.0
0.0
0.0
0.0
0.0
0.316724
0.0
0.0
0.0
0.0
0.924604
0.0
0.0
0.0
0.0
0.0
0.0
0.0
0.0
0.0
0.0
0.0
0.0
0.0
0.0
0.0
0.0
-1.92669
0.0
0.0
0.0
0.0
-0.467382
0.0
0.0
0.0
0.0
0.0
-1.30263
0.0
0.0
0.0
0.0
0.0
0.0
0.0
0.0
0.0
0.0
-0.408814
0.0
0.0
0.0
0.0
0.0
0.0
0.0
0.0
0.0
0.0
0.0
0.0
0.0
0.0
0.0
1.10607
0.0
0.0
0.0
0.0
0.0
0.0
0.0
0.0
-1.20417
0.0
0.0
0.0
0.0
0.0
0.0
0.0
0.0
0.0
0.0
0.0
0.0
0.0
0.0
0.0
0.212898
0.0
0.0
0.0
0.0
0.0
0.0
0.0
0.0
0.0
0.0
0.0
0.0
0.0
0.0
0.0
0.0
0.0
0.0
0.0
0.0
0.0
0.0
0.0
0.0
0.0
0.0
0.0
0.0
0.0
0.0
0.0
0.0
0.0
0.0
0.0
0.0
0.0
0.0
0.0
0.0
0.0
0.0
0.0
0.0
0.0
0.0
0.0
-0.609377
0.0
0.0
0.0
0.0
0.0
0.0
0.0
0.0
0.0
0.0
0.0
0.0
0.0
0.0
0.0
0.0
0.0
0.0
0.0
0.0
0.0
0.0
0.0
0.0
-0.537822
0.0
0.0
0.0
0.380432
0.0
0.0
0.0
0.0
0.0
0.0
0.0
0.0
0.0
0.0
0.0
0.0
0.0
0.0
0.0
0.0
0.0
0.0
0.0
0.0
0.0
0.0
0.0
0.0
0.0
0.0
0.0
0.0
0.0
0.0
0.0
0.0
0.0
0.0
0.0
0.0
0.0
0.0
0.0
0.0
0.0
0.0
0.0
0.0
0.0
0.0
0.0
0.0
0.0
0.0
0.0
0.0
0.0
0.0
0.0
0.0
0.0
0.0
0.0
0.0
0.0
0.0
0.0
0.0
0.0
0.0
0.0
0.0
0.0
0.0
0.0
0.0
0.0
0.0
0.0
0.0
0.0
0.0
0.0
0.0
0.0
0.0
0.0
0.0
0.0
0.0
0.0
0.0
0.0
0.0
0.0
-0.270872
0.0
0.0
0.0
0.0
0.0
0.0
0.0
0.0
0.0
0.0
0.0
0.0
0.0
0.0
0.0
0.0
0.0
0.0
0.0
0.0
0.0
0.0
0.0
0.0
0.0
0.0
0.0
0.0
0.0
0.0
0.0
0.0190961
0.0
0.0
0.0
0.0
0.0
0.0
0.0
0.0
0.0
0.0
0.0
0.0
1.63311
0.0
0.0
0.0
0.0
0.0
0.0
-3.14551
0.0
0.0
0.0
0.0
0.0
0.0
0.0
0.0
0.0
0.0
0.0
0.0
0.0
0.0
0.0
0.0
0.0
0.0
0.0
0.0
0.0
0.0
0.0
0.0
-0.0526705
0.0
0.0
0.0
0.0
0.0
0.0
0.0
0.0
0.0
0.0
0.0
0.0
0.0
0.0
0.0
0.0
0.0
-0.689415
0.0
0.0
0.0
0.0
0.0
0.0
0.0
0.908282
0.0
0.0
0.0
0.0
0.0
0.0
0.0
0.0
0.0
0.0
0.0
0.0
0.0
0.0
0.0
0.0
0.0
0.0
0.0
0.0
0.0
0.0
0.0
0.0
0.0
0.0
0.0
0.0
0.0
0.0
0.0
-0.609757
0.0
0.0
0.0
0.0
0.0
0.0
0.0
0.0
0.0
0.0
0.0
0.519867
0.0
0.0
0.0
0.0
0.0
0.0
0.0
0.0
0.0
0.0
0.0
0.0
0.0
0.0
0.0
0.0
0.0
0.0
0.0
0.0
0.0
0.0
0.0
0.0
0.0
0.0
0.0
0.0
0.0
0.0
0.0
0.0
0.0
0.0
0.0
0.0
0.0
0.0
0.0
0.0
0.0
0.0
-0.299686
0.0
0.0
0.0
0.0
0.0
0.0
0.0
0.0
0.0
0.0
0.0
0.0
0.0
0.0
0.0
0.0
0.0
0.0
0.0
0.0
-0.450467
0.0
0.0
0.0
0.0
0.0
0.0
0.0
0.0
0.0
0.0
0.0
0.0
0.0
0.0
0.0
0.0
0.0
0.0
0.0
0.0
0.0
0.0
0.0
0.0
0.0
0.0
0.0
0.0
0.0
0.0
0.0
-1.53023
0.0
0.0
0.0
0.0
0.0
0.0
0.0
0.0
0.121824
0.0
0.0
0.0
0.0
0.0
0.0
0.0
0.0
0.0
0.0
1.84716
0.0
0.0
0.0
0.0
0.0
0.0
0.0
0.0
0.0
0.0
0.0
0.0
0.0
0.0
0.0
0.0
0.0
0.0
0.0
0.0
0.0
0.0
0.0
0.0
0.0
0.0
0.0
0.0
-0.0857393
0.0
0.0
0.0
0.0
0.0
0.0
0.0
0.0
0.0
0.0
0.0
0.0
0.0
0.0
0.0
0.985397
0.887507
0.0
0.0
0.0
1.0395
0.0
0.0
0.0
0.0
0.0
0.0
0.0
0.0
0.0
0.0
0.0
0.0
0.415659
0.0
0.0
0.0
0.0
0.0
0.0
0.0
0.0
0.0
0.0
0.458752
0.0
0.0
0.0
0.0
0.0
0.0
0.0
0.0
0.0
0.0
0.0
0.0
0.0
0.0
0.0
0.0
0.0
0.0
0.0
0.0
0.0
0.0
0.0
0.0
0.0
0.0
0.0
0.0
0.0
0.0
0.0
0.0
0.0
0.0
-0.489152
0.0
0.0
0.0
0.0
0.0
0.0
0.0
0.0
0.0
0.0
0.0
0.0
-1.06633
0.0
0.0
0.0
0.0
0.0
0.0
0.0
0.0
0.0
-0.402942
0.0
0.0
0.0
0.0
0.0
0.0
0.0
0.0
0.0
0.0
0.0
0.0
0.0
0.0
0.0
0.0
0.0
0.0
0.0
0.0
-0.503799
0.0
0.0
0.0
0.0
0.0
0.0
0.0
0.0
0.0
0.0
0.0
0.0
0.0
0.0
0.0
0.0
0.0
0.0
0.0
0.0
0.0
-0.393401
0.0
0.0
0.0
0.0
0.0
1.34261
0.0
0.0
0.0
0.56331
0.0
0.0
0.0
0.0
0.0
0.0
0.0
0.0
0.0
0.0
0.0
0.0
0.0
0.0
0.0
0.0
0.0
0.0
0.0
0.0
0.0
0.0
0.0
0.0
0.0
0.0
0.0
0.0
0.0
0.0
0.0
0.0
0.0
0.0
0.0
0.0
-0.369606
0.0
0.0
0.0
0.0
0.0
0.0
0.0
0.0
0.0
0.0
0.0
0.0
0.0
0.0
0.0
0.0
0.0
0.959851
0.0
0.0
0.0
0.0
0.0
0.0
0.0
0.0
0.0
0.0
0.0
0.0
0.0
0.0
0.0
0.0
0.0
0.0
0.0
-0.966937
0.0
0.0
0.0
0.0
0.0
-0.5088
0.0
0.0
0.0
0.0
0.0
0.0
0.0
0.0
0.0
0.0
0.0
-2.03223
0.0
0.0
0.0
0.0
0.0
0.0
-0.960047
0.0
0.0
0.0
0.0
0.0
0.0
0.0
0.0
0.0
0.0
1.12224
0.0
0.0
0.0
-0.273393
0.0
0.0
0.00585504
0.0
0.0
0.0
0.0
0.0
0.0
0.0
0.0
0.0
0.0
0.0
0.0
0.0
0.0
0.0
0.0
0.0
0.0
0.0
0.0
0.0
0.0
0.0
0.0
0.0
0.0
0.0
0.0
0.0
0.0
0.0
0.0
0.0
0.0
0.0
0.0
0.0
0.0
0.0
0.0
0.0
0.0
0.0
0.0
0.0
0.0
0.0
0.0
0.0
0.0
0.0
0.0
-1.49279
0.0
0.0
0.0
0.0
-1.14105
0.0
0.0
0.0
0.0
0.0
0.0
0.0
0.0
0.0
0.0
0.0
0.0
0.0
0.0
0.0
0.0
0.0
0.0
0.0
0.0
0.0
0.0
0.0
0.0
0.0
0.0
0.0
0.0
0.0
0.0
0.0
0.0
0.0
0.0
0.0
0.0
0.0
0.0
0.0
0.0
0.0
0.0
0.0
0.0
0.0
0.0
0.0
0.0
0.0
0.0
0.0
0.0
0.0
0.0
0.0
0.0
0.0
0.0
0.0
0.0
0.0
0.0
0.0
0.0
0.0
0.0
0.0
0.0
0.0
0.0
0.0
0.0
0.0
0.0
0.0
0.0
0.0
0.0610034
-0.0615274
0.214787
-0.199865
0.3379
-0.00293856
0.173695
0.18783
-0.335434
0.0272868
0.0102206
0.0766162
0.54522
0.158749
0.0481194
-0.287581
0.630681
-0.448535
0.429419
0.685889
0.28822
-0.265808
0.439072
-0.900753
0.530143
0.356276
0.436753
-0.41627
-0.374251
0.379559
0.418918
0.338997
0.0694608
-0.826397
0.182516
0.444032
0.0442233
-0.0425414
0.263337
-0.503556
0.0479797
-0.0309065
0.290938
0.43931
0.566227
-0.165869
-0.337741
-0.317688
-0.522791
0.0
0.0
0.0
0.0
0.0
0.0
0.0
0.0
0.0
-0.461996
0.0
0.0
0.0
0.0
0.0
0.0
-0.656094
0.0
0.0
0.0
0.0
0.0
0.0
0.0
0.0
0.0
0.0
0.0
-0.248607
0.0
0.0
0.0
0.0
0.0
0.0
0.0
0.0
0.0
0.0
0.0
0.0
0.0
-0.55057
0.0
0.0
0.0
0.0
0.0
0.791959
0.0
0.0
0.0
-0.187924
0.0
2.0506
0.0
0.0
0.0
0.0
0.0
0.0
0.0
0.0
0.0
0.0
0.0
0.0
0.0
0.0
0.0
0.0
0.0
0.0
0.0
0.0
0.0
0.640481
0.0
0.0
0.0
-1.33662
0.0
0.0
0.0
0.0
0.0
0.0
0.0
0.0
0.0
0.0
0.0
0.0
0.0
0.0
0.0
0.0
0.0
1.2098
0.0
0.0
0.0
0.0
0.0
0.0
0.0
0.0
0.0
0.0
0.0
0.0
0.0
0.0
0.0
0.0
-0.242101
0.0
-0.147419
0.0
0.0
0.0
0.0
0.0
0.0
0.0
0.0
0.0
0.0
-1.21976
0.0
0.0
0.0
0.0
0.0
0.0
0.0
0.0
0.0
-0.91095
0.0
0.0
0.0
0.0
0.0
0.720326
0.0
0.0
0.0
0.0
0.0
0.0
0.0
0.649374
0.0
0.0
0.0
0.0
0.0
0.0
0.0
0.0
0.0
0.0
0.0
0.0
0.0
0.0
0.0
0.0
0.0
0.0
0.0902959
0.0
0.0
0.0
0.0
0.0
0.0
0.0
0.0
0.0
0.0
0.0
0.0
0.0
0.0
1.36289
0.0
0.0
0.0
0.0
0.0
0.0
0.0
0.0
0.0
0.0
0.0
0.0
0.0
0.0
0.0
0.0
0.0
0.0
0.0
0.0
0.0
0.0
0.0
0.0
1.9776
0.0
0.0
0.0
0.0
0.0
0.0
0.134338
0.0
0.0
0.0
0.0
0.0
0.0
0.0
0.0
0.0
0.0
0.0
0.0
0.0
0.0
0.0
0.0
-0.201161
0.0
0.0
0.0
0.0
0.0
-1.00688
0.0
0.0
0.0
0.0
0.0
0.0
0.0
0.0
0.0
0.0
0.0
0.0
0.0
0.0
0.0
0.0
0.0
-0.205327
0.0
0.0
0.0
0.0
0.0
0.0
0.0
0.0
0.0
0.0
0.0
0.0
0.0
-1.75683
0.0
0.0
2.18183
0.0
0.0
0.686113
0.0
0.0
0.0
0.0
0.0
0.0
0.0
0.0
0.0
-0.771129
0.0
0.0
0.0
0.0
0.016564
-0.319173
0.146974
-0.054175
-0.268447
-0.178887
0.123495
0.643669
-0.38933
0.390625
0.615265
0.274802
0.248071
-0.702834
-0.0864425
-0.104652
0.0490451
0.0393424
-0.207865
0.620706
0.184712
0.657118
0.431172
-0.319851
1.04076
1.1144
0.858398
0.0600383
0.0806133
-0.389425
-0.192595
-0.018586
-0.304478
0.0647302
0.372141
0.335212
0.255026
0.586671
-1.13838
-0.122614
0.121987
0.227424
0.0874602
-0.0372331
0.131579
0.0465655
0.0168054
-0.274121
-0.383068
0.0
0.0
0.0
0.0
0.0
0.0
0.0
0.0
0.0
0.0
0.0
0.0
0.426072
0.0
0.23869
0.0
0.0
0.0
0.0
0.0
0.0
0.0
-0.56729
0.0
0.0
0.0
0.0
0.0
0.0
0.0
0.0
0.0
0.0
0.0
0.0
0.0
0.0
0.0
0.0
-0.3084
0.0
0.0
0.0
0.0
0.0
0.0
0.0
0.0
0.0
0.0
0.0
-0.444408
0.0
0.0
0.0
0.0
0.0
0.0
0.0
0.0
0.0
0.0
0.0
0.0
0.0
0.0
0.0
0.0
0.0
0.0
0.0
0.0
-0.167956
0.0
0.0
0.0
0.0
0.0
0.0
0.0
0.0
0.0
0.0
0.0
0.0
0.0
0.0
0.0
0.0
0.0
0.492737
0.0
0.0
0.0
0.0
0.0
0.0
0.0
0.0
0.0
0.0
0.0
0.0
0.0
0.0
0.0
0.0
0.0
0.0
0.0
0.0
0.0
0.0
1.36304
0.0
0.0
0.0
0.0
0.0
0.0
0.0
0.0
0.0
0.0
0.0
0.0
0.0
2.58766
0.0
0.0
-2.40709
0.0
0.0
0.0
0.0
-0.0176256
0.90439
0.0
0.0
0.0
0.0
0.0
0.0
0.0
0.0
0.0
0.0
0.0
0.0
0.0
0.0
0.0
0.0
0.0
0.0
0.0
0.0
0.0
0.0
0.0
0.0
0.0
0.0
0.0
0.0
0.0
0.0
0.0
0.0
0.0
0.0
0.0
0.0
0.0
0.0
0.0
0.0
0.0
0.0
0.0
0.0
0.0
0.0
0.0
0.0
0.0
0.0
0.0
0.0
0.0
0.0
0.0
0.0
0.0
0.0
0.0
0.0
0.0
0.0
0.0
0.0
0.0
-0.809909
0.0
0.0
0.0
0.0
0.0
0.0
0.0
0.0
0.0
0.0
0.0
0.0
0.0
0.0
0.0
0.0
0.0
0.0
0.0
0.0
0.0
0.0
0.0
0.0
0.0
0.0
0.0
0.0
0.0
0.0
0.936525
0.0
0.0
0.0
0.0
-0.659329
0.0
0.0
0.0
0.0
0.0
0.0
0.0
0.0
0.0
0.619479
0.0
0.0
0.0
0.0
0.0
0.0
0.0
0.0
0.0
0.0
0.0
0.0
0.0
0.0
0.0
-0.37863
0.0
0.0
0.0
0.0
0.0
0.0
0.0
0.0
0.0
0.0
0.0
0.0
0.0
0.0
0.0
0.0
0.0
-0.119712
0.0
0.0
0.0
0.0
0.0
0.0
0.0
0.0
0.0
0.0
0.0
0.0
0.0
0.0
0.0
0.0
0.0
-0.850072
0.0
0.0
0.0
0.0
0.0
0.0
0.0
0.0
0.0
0.0
0.0
-1.18293
0.0
-0.405823
0.0
0.0
0.0
0.0
0.0
0.0
0.0
0.0
0.0
0.0
0.0
0.0
0.0
0.0
0.0
-1.40281
0.0
0.0
0.0
0.0
0.0
0.0
0.0
0.0
0.0
0.0
0.0
0.0
0.0
0.0
0.0
0.0
0.0
0.0
0.0
0.0
0.0
0.0
0.0
0.0
0.0
0.0
0.0
0.0
0.0
0.0
0.0
-1.28949
0.0
0.0
0.0
0.0
0.0
0.0
0.0
0.0
0.0
0.0
0.0
0.0
0.0
0.0
0.0
0.0
2.45608
0.0
0.0
0.0
0.0
0.0
0.0
0.0
0.0
0.0
0.0
0.0
0.0
0.0
-2.0555
0.0
0.0
0.0
0.0
0.0
0.0
0.491807
0.0
0.0
0.0
0.0
0.0
0.0
0.0
0.0
0.0
0.0
0.0
0.0
0.0
0.0
0.0
0.0
0.0
0.0
0.0
0.0
0.0
0.0
0.0
0.0
0.0
0.0
0.0
0.0
0.0
0.0
0.0
-0.720132
0.0
0.0
0.0
0.0
0.0
0.0
0.0
0.0
0.0358437
-0.492149
0.150412
-0.081574
0.0467577
-0.266957
0.206237
-0.219738
-0.626386
0.0444782
-0.732796
0.196003
0.397444
-0.173754
-0.05697
0.231928
0.416763
-0.396604
-0.0163585
0.41824
0.255759
0.00770468
0.42512
-0.603241
0.563576
0.0800489
0.568388
-0.368711
-0.164912
0.0276234
0.126769
0.195587
0.152922
-0.838893
0.281257
0.421481
0.097276
0.128337
-0.498074
0.00577328
0.0746432
-0.0698926
-0.133944
0.0528984
0.543278
0.0419392
-0.259994
-0.30164
-0.412709
0.0
0.0
0.0
0.0
0.0
0.0
0.0
0.123913
0.0
0.0
0.0
0.584337
0.0
0.0
0.0
0.0
0.0
0.0
0.0
0.0
0.0
0.0
0.0
0.0
0.0
-0.665027
0.0
0.0
0.0
0.0
0.0
0.0
0.0
0.0
0.0
0.0
0.0
0.0
0.0
0.0
0.0
0.0
0.0
0.0
0.0
0.0
0.0
0.0
0.0
0.0
0.0
0.0
0.0
0.0
0.0
0.0
0.0
0.0
0.0
0.0
0.0
0.0
0.0
2.5552
0.0
0.0
0.0
0.0
0.0
0.0
0.0
0.0
0.0
0.0
0.0
0.0
0.0
0.0
0.0
0.0
0.0
0.0
0.0
0.0
-0.521137
0.0
0.0
0.0
0.0
0.0
0.0
0.0
0.0
0.361407
0.0
0.0
0.0
0.0
-0.534335
-0.906522
0.82519
0.399559
-0.158917
-0.426727
0.357339
0.123916
-0.330245
0.700472
0.100595
0.290551
0.410928
0.604543
-0.0911077
0.356422
0.286196
0.428236
-0.440024
0.661765
0.240776
0.972577
0.296849
-0.552999
0.644761
0.282938
0.650703
-0.00721361
0.0220355
0.249007
0.352965
-0.133228
-0.346535
0.0107821
0.370061
0.38832
1.49666
0.808734
-0.0185261
0.427111
-0.0991722
0.0569884
0.363644
-0.409986
0.503633
0.136604
-0.172298
-0.434744
-0.230591
0.0
0.0
1.01774
0.0
0.0
0.0
0.0
0.0
0.0
0.0
0.0
0.0
0.0
0.0
0.0
0.0
0.0
0.0
0.0
0.0
0.0
0.0
-0.436203
0.0
0.0
0.0
0.0
0.0
0.0
0.0
0.0
0.0
0.0
0.0
0.0
0.0
0.0
0.0
0.0
0.0
0.0
0.0
0.0
0.0
0.0
0.0
0.0
0.0
0.0
0.0
0.0
0.0
0.0
0.0
0.0
0.0
0.0
0.0
0.0
0.0
0.0
0.0
0.0
0.0
0.0
0.0
-0.465365
0.0
0.0
0.0
0.0
0.0
0.0
0.0
0.0
-0.30535
0.0
0.0
0.0
-0.802324
0.0
0.0
0.0
-1.60021
0.0
0.0
0.0
0.0
0.0
0.0
0.0
0.0
0.0
0.0
0.0
0.0
0.0
0.0
0.0
0.0
0.0
0.0
0.0
0.0
0.0
0.0
0.0
0.0
0.0
-0.162025
0.0
0.0
0.0
0.0
0.0
0.0
0.0
-2.01408
0.0
0.0
0.0
0.0
0.0
0.0
0.0
0.0
0.0
0.0
0.0
0.0
0.0
0.0
0.0
0.0
0.0
0.0
0.0
0.0
0.0
0.0
0.0
0.0
0.0
0.0
0.0
0.0
0.0
0.0
0.0
0.0
0.0
1.44248
0.0
0.0
0.0
0.0
-0.926837
0.0
0.0
0.0
0.0
0.0
0.0
0.0
0.0
0.0
0.0
0.0
0.0
0.0
0.0
0.0
0.0
0.0
0.0
0.0
0.0
0.0
0.0
0.0
0.0
0.0
-0.301471
0.0
0.0
0.0
0.0
-0.609403
0.0
0.0
0.0
0.0
0.0
0.0
0.935746
0.0
0.0
0.0
-0.520478
0.0
0.0
0.0
0.0
0.0
0.0
0.0
0.0
0.0
-1.05157
0.0
0.0
0.0
0.0
1.53451
0.0
0.0
0.0
0.0
0.0
0.0
0.0
0.0
0.0
0.0
0.0
0.0
0.0
0.0
0.0
0.0
0.0
0.0
0.0
0.0
0.0
-0.321984
0.0
0.0
0.0
0.0
0.0
0.0
0.0
0.0
0.0
0.119551
0.113505
0.472359
-0.156524
0.418648
-0.376362
0.645859
-1.04225
-1.69353
-0.59166
0.9394
-0.0651019
1.34621
0.672927
0.183369
0.17142
2.52485
-0.916671
0.0359791
1.17807
0.248319
0.326463
-0.544291
0.647569
0.747208
-0.240141
1.23831
0.236934
-0.216076
0.150265
-0.0683138
0.529135
0.033888
1.20433
2.37186
0.172503
-0.0982455
-1.30498
0.120636
0.305071
-0.100519
1.67196
-0.35489
3.37833
-0.95966
-3.20125
-0.196351
0.436626
-4.14046
-0.0177254
-0.160898
-0.414069
0.00121283
-0.0120819
0.358058
-0.693187
0.842959
1.91095
0.181745
0.0872931
0.103562
-2.18842
-0.388557
-0.295025
-0.283275
-2.58887
0.112502
-0.154325
-1.42054
0.0669497
-0.0444109
0.169621
0.286201
-0.696547
0.380167
-1.89511
-0.0707686
0.0392775
-0.112652
-0.294855
-0.230262
-0.358511
-1.18081
-3.02811
-0.894489
0.219291
1.84578
0.154177
-0.59125
-0.0520023
-1.76007
0.147273
-2.26054
-0.62004
2.69058
0.578098
-0.239791
3.85717
0.00852513
0.636922
-0.117455
-0.370045
0.996126
-0.999086
-2.36096
-1.19478
-0.0393198
1.00203
1.33378
0.568864
-2.87449
-1.22615
-1.10782
-0.163579
1.64376
-0.876772
-0.0532769
-1.76124
1.00885
-1.47146
0.253531
-0.321012
-2.04252
0.918461
4.04236
0.105149
0.0222002
0.240474
0.356474
0.0400596
0.145057
0.656853
-1.52498
1.68566
1.13345
-0.92986
0.225251
-0.20004
0.161419
-0.592982
-0.34076
-1.95657
-0.0773277
1.16426
-0.807192
0.439882
3.17038
-0.0566929
-0.623667
0.125095
-0.0801658
-1.03258
-0.289397
1.87797
-0.888203
0.0329486
3.66903
-0.135261
3.46367
0.842652
4.0567
-0.0496422
0.0273786
-0.938321
1.25951
0.72741
2.0799
-1.80592
1.35896
-1.55761
-1.05408
1.16
0.193442
-0.316815
-0.42549
-0.515408
-0.454742
-0.385421
-0.71966
0.305995
-3.79144
2.33129
-0.676636
-0.108591
0.755016
0.0483307
0.415257
-0.272004
-0.0571183
0.335631
0.994638
0.651751
-2.23145
0.939989
-2.50801
-2.88834
0.101828
-0.047358
0.0582205
-0.155282
0.406583
-0.0181933
-0.0474702
-0.199238
0.217167
-0.410134
0.297998
0.0381534
0.306027
0.284407
-0.111803
-0.111823
-0.0639858
-0.420718
-0.118354
-0.241748
0.313903
0.282152
-0.37446
0.933692
0.0509089
0.139998
-0.657392
0.16618
-0.176748
0.0375761
-0.363079
0.298761
-0.32474
0.0243504
-0.655498
-0.721969
0.12103
-0.777834
0.274748
-0.286023
-0.0935192
-0.0881094
-0.20762
-0.0248594
-0.384267
0.202496
0.380846
0.19679
-0.284564
0.0114556
-0.181628
0.00463145
-0.01621
-0.0330133
0.277783
0.0136818
0.0723199
0.0116341
-0.0491898
0.0724817
0.172783
-0.108062
-0.352438
-0.0755266
0.0772725
0.332913
-0.0820683
-0.222515
-0.0494689
0.144354
0.0230209
0.0432179
0.201382
-0.353016
0.179045
-0.108519
0.157968
-0.00260872
-0.0184406
-0.0803779
0.0282569
-0.183887
-0.0613697
0.135573
0.303872
0.150411
0.183348
-0.0919668
-0.0797681
-0.17559
0.0924922
-0.0806089
-0.120941
-0.086217
-0.329326
-0.0359504
-0.200407
0.0539585
1.33575
-0.914136
0.634414
-0.0141669
-0.0190069
0.203889
-0.374817
-0.675884
0.177834
-1.07597
-0.0445964
0.549574
0.25803
0.670802
-0.626325
-0.51161
-0.945607
0.0839475
-0.0103162
-0.623645
0.101358
0.397866
0.169334
-0.211465
-0.339711
-1.95172
2.23245
-0.926861
-0.00981517
-0.0934884
-0.101873
-0.404304
-0.0573979
-0.333766
-0.0971294
-0.779755
-0.101579
1.15931
0.338444
-0.972796
-0.0547575
-0.312835
0.012675
0.447091
-0.2872
-0.128505
-0.592914
-0.629984
-0.490603
1.80794
0.983535
-0.435561
-0.0124924
-1.70579
0.277408
-0.180214
-0.0507509
0.103053
0.0826232
0.0580178
-0.272353
2.00598
-0.164833
-0.739232
0.11656
-0.171858
0.104696
-0.204822
-0.120835
0.440766
0.0257574
-0.0964977
0.190721
-0.469181
1.57864
-1.16954
0.140433
-0.00253385
0.06006
0.0199988
0.110199
-0.208142
-0.385036
-0.0662732
-0.118783
2.21491
-0.0292757
0.066823
-0.29009
-0.160655
0.000947118
-0.0111335
-0.196799
-0.177622
0.191387
-0.0566712
0.0473366
0.130075
1.75888
-1.5257
-1.97295
-0.016254
2.47981
0.304672
0.0610799
-0.0308164
0.0632157
-0.0156514
0.0842493
0.122861
-1.00874
2.24871
-2.84562
1.64062
1.54301
-0.0696535
-0.223753
0.00205716
-0.00145381
-0.00919994
0.132358
0.200605
0.6879
-0.0484972
-0.256154
1.06086
0.580541
-0.00431993
-0.0446151
0.171736
-0.208816
-0.118411
-0.296136
0.21885
0.14703
1.9775
-0.104526
-0.23865
-0.161759
0.0109124
-0.0218927
-0.0695619
-0.218189
0.0438993
0.085933
-0.126291
-0.212514
0.019015
1.00196
2.00669
2.42445
2.66584
-2.24676
0.0770785
-0.936972
0.401645
-0.115734
0.108224
-0.15058
0.172239
-0.124816
2.42877
2.24025
-0.0702779
-2.08297
-0.223751
-0.0753294
-0.305459
-0.0902112
-0.0151482
0.220726
1.52193
-0.0280463
2.10857
0.155619
-0.297043
0.0345364
-0.0650934
0.169537
-0.195446
-0.152544
-0.075906
0.0264325
0.158535
-0.192897
-0.105489
-0.244522
-0.16007
0.00905047
-0.0588751
-0.0893835
0.0265295
0.325869
-0.209015
0.223385
-0.266141
0.0212484
-0.0300869
2.23795
2.12694
1.56708
2.44804
-0.618396
2.63057
0.319703
0.0347855
0.073494
0.0894367
0.181345
-2.4971
0.227637
2.64272
-2.00049
-0.160258
-0.220024
-0.373106
0.13294
0.0120751
-0.00375712
0.22475
-0.351464
-1.34266
0.188934
1.95041
-0.00214748
-2.75666
1.56585
0.17886
-2.69427
0.629004
-0.447134
0.0907427
0.157037
-0.327911
-0.113498
-0.270459
-1.85076
-2.09563
-0.0430199
0.032447
-0.41199
-0.0232039
0.232842
0.0201951
-0.269853
0.0213621
0.756668
0.694577
2.47953
-0.564699
1.73419
0.55508
-1.3278
-0.144035
-0.115709
0.227867
-0.69148
0.148467
-0.545185
0.502527
-0.104364
-0.113163
2.1288
-2.84717
2.4278
2.01257
1.16179
0.494834
0.167112
0.48612
-1.0659
-0.0232875
-1.33006
-0.0182318
-0.0344971
0.000478767
-0.355013
-0.0274906
-1.17414
0.79595
0.709125
-0.0107073
-1.26964
-0.504704
-0.142681
0.0371843
0.230587
-1.20724
-0.524686
-0.42972
-0.15361
0.375493
0.482323
-0.00640268
0.0249117
0.231072
-0.27018
-0.00974427
0.397007
-1.00846
1.58121
1.31369
-0.422926
-0.172782
0.132288
-0.275607
0.69174
0.193104
0.168578
-0.0305465
-0.291037
-1.42244
-0.51942
0.512029
-0.245316
-0.343561
0.112451
0.027591
0.193873
-0.819765
-0.171131
-0.0803056
-0.969276
-0.0223198
1.69886
-0.874854
-0.276908
0.389397
0.528018
0.474828
-0.00316517
-0.357596
-2.33303
-0.0288219
0.0354276
-0.243078
-0.143898
-0.0332859
2.38094
-0.6018
-1.99237
0.466136
-1.24064
0.0195861
-0.76918
-0.269236
-0.0145362
-0.0145708
0.292867
-2.08787
-2.22876
-2.5624
-1.87986
0.0887588
0.536215
-0.746985
0.349625
0.0931786
-0.121826
-0.0455289
0.346552
-2.76922
1.94128
-1.44527
-0.472989
-0.00449659
0.16474
0.611469
0.325523
-0.655814
1.18316
0.00200017
-0.104677
-0.0530097
-0.0174104
-0.212121
-1.45613
-0.164684
-0.385134
0.131595
0.259988
-0.071702
-0.221154
-0.204374
0.200285
0.0408815
-0.0666291
-0.548282
0.82424
0.385566
-1.45862
-0.507925
-0.0318141
0.756726
-0.0545617
0.00137969
-0.18581
-0.317252
-0.446555
1.75894
0.39217
2.01735
0.147928
1.31666
-0.0226087
0.281194
-0.155719
0.290203
1.561
1.04532
0.322444
-1.64406
1.51712
-0.830774
-0.147552
2.89367
-1.9667
-0.749317
-0.117876
-0.464875
0.00675824
-0.15279
-0.429315
-1.9897
1.43332
2.44245
-0.0897776
-0.544086
0.284024
0.86756
-0.175598
0.477108
-0.0390385
0.0597424
-0.32647
0.309863
-0.780707
-0.460031
0.0735965
-0.900131
-2.95114
0.0449968
-0.0189625
0.0129038
-0.015772
-0.0601306
0.285683
1.48281
0.715664
1.94222
-2.35904
1.77865
-0.0308151
0.00317806
-0.0088894
0.322112
0.0445999
0.0147288
0.0946627
-0.221883
0.250589
-0.363162
-1.50139
-1.64751
2.52562
-0.132335
-0.126736
0.15244
-0.00957714
-0.00211619
-0.0512316
-0.0670822
0.106154
-0.188381
-0.0801293
-0.440687
0.0675455
0.128499
0.0419874
-0.101178
-0.20394
-0.160131
0.0375126
-0.0679037
-0.076653
2.07119
-0.0590686
0.23874
-0.0898708
-0.200115
0.0281873
0.446525
-0.272654
-0.00201191
-0.103352
-0.146371
0.230581
-0.227245
-1.75575
2.44416
-2.48489
0.233218
0.121275
-0.0162061
0.295629
-0.00651265
0.31363
0.728171
-0.166578
-0.425503
-0.806787
1.36225
2.14084
-2.08261
0.498798
-0.373776
-0.211396
0.102131
0.00124881
-0.142216
-0.0631462
-0.197537
2.17437
0.332063
-2.46496
2.84261
-0.00615416
0.0296069
0.235137
0.508062
-0.161722
-0.409976
-0.181175
-0.125779
-1.05925
-1.40771
-0.05947
-0.481072
0.133907
0.052979
0.467671
0.325681
0.00233273
-0.076932
0.0132417
0.959215
0.164918
-1.0387
-0.294616
2.91793
-2.90733
0.354719
-0.470538
-1.40949
0.459148
0.667167
-0.45684
-0.0161822
0.487451
-0.734179
1.28412
-3.2007
1.70648
-0.91496
-0.686254
0.519091
-0.269436
-0.0108438
-0.122123
-0.578378
-0.150273
0.0918007
0.264972
-0.461917
-1.99617
-0.110163
0.543275
0.053006
0.277091
0.00964628
0.10728
-0.149142
-0.154332
-0.116685
-1.00003
-0.163054
0.00227933
0.0210195
-2.60362
1.86877
-0.258848
-0.0095286
-0.0761056
0.0329595
0.763141
-0.0941067
-1.11371
0.550981
-0.0314307
-0.280306
3.33064
-1.81085
2.51824
-0.0871926
0.00360402
0.779963
-0.00569624
0.521378
0.568238
0.835401
-0.486723
0.0509341
2.48615
-2.58337
0.352654
-0.263782
-0.00417625
-0.108584
-0.278809
-1.04623
0.0233695
-0.261953
-0.072346
-1.30601
0.00666442
0.985543
-2.28635
-0.199383
-0.0600778
0.094206
-0.104382
0.125152
0.354093
0.0367046
0.803674
-0.886849
-0.367479
-2.10061
-0.422174
-0.0877488
-0.0192209
0.00017941
0.143758
-0.786537
-0.198535
1.97695
-1.05084
0.14396
0.455325
-1.68972
-2.56176
-1.26799
-0.257808
-0.679214
-0.178929
-0.0143525
0.409744
0.156469
0.296523
-0.254671
0.223137
-3.04203
-1.48959
0.747817
1.75279
-0.0171837
-0.0272907
-0.182797
0.224083
-0.0397581
-0.229535
-1.34667
-0.63833
0.0339506
-3.60079
-0.402253
-0.849026
0.0684847
-0.00219016
-0.088641
0.808055
-1.62981
0.728831
-0.796341
1.19496
-1.65674
0.0271118
-1.31209
0.145697
2.12948
-0.011595
0.255433
-0.234408
0.366425
-0.577171
0.204041
0.12975
-0.750752
0.360369
-0.100553
1.05832
-2.76649
1.16348
-0.114723
-0.214576
-0.389964
-0.227155
-0.175307
0.0768194
0.196972
-0.647523
-1.90441
-0.77922
0.444858
-0.00126619
0.0118861
-0.0624078
2.00319
-0.174271
0.043532
-0.354313
0.523984
0.209174
-0.0496017
0.138127
0.073425
1.17167
0.310518
-0.0518643
-0.129906
-0.400647
-0.0801145
-0.168266
0.279018
0.0701418
0.0401204
-0.684771
-0.849668
-0.0268828
-1.35402
0.427661
-0.141248
-0.207045
-0.120455
0.532758
0.069447
0.266708
-0.276265
0.06193
-2.52917
1.90034
0.547153
-0.420753
-0.941442
-0.396907
-0.341724
-0.176861
0.188956
-0.00470014
-0.0938838
2.72324
-0.616466
1.40781
2.16724
-0.0335092
-0.110042
0.190841
-0.200563
0.393918
-0.0853578
1.04168
0.151953
0.189812
-2.79319
-0.00568001
-0.0587323
0.10712
-0.105821
0.00643914
-0.423008
-0.337154
-0.610707
0.502537
-0.247559
0.0197758
-0.400814
1.14493
0.105902
-1.37772
2.32022
1.68408
0.0883224
-0.107922
0.191057
0.00810973
-0.500818
0.61465
0.0985357
-0.606169
1.43562
-2.32654
-1.95646
-2.35883
-0.938111
0.307854
0.225946
0.198604
0.072686
-0.386435
-2.38107
-0.936013
-1.37235
-1.50752
0.0248185
0.267161
-0.0863076
-0.0487693
-0.279642
-1.04503
0.485752
0.0066836
-0.5457
-0.0931344
-0.0501622
-0.189738
1.40614
0.286623
-0.24884
-0.00948465
0.3994
-0.165006
-0.179247
-0.636548
0.00660297
0.0630047
-0.0332165
-0.00858914
-2.53055
-1.05631
2.47469
-0.0693081
-0.0526715
-0.0901277
0.0339128
-0.0479614
-0.102151
-0.0057891
0.104928
-0.317964
1.55323
0.957825
-0.610537
-0.0913094
0.161085
0.288725
0.0891723
0.0139866
0.0624682
0.0689345
1.96065
-1.62965
-0.00156765
-0.050544
2.49876
0.742558
1.59002
2.3545
-0.090386
-0.128801
0.0118819
0.186118
0.0178163
0.89444
-0.0120267
-0.0198192
-0.0489257
-1.08254
-0.188999
0.102703
-0.0716261
0.0773791
0.0198184
0.00721943
0.708073
0.155097
-0.014993
-0.0525107
-1.60106
-0.516308
-2.98531
-0.393208
0.42793
0.0839186
0.187862
-0.23654
-0.434205
-0.0621026
-0.197825
-1.27461
-0.904978
-2.87129
0.473071
1.83087
0.468959
0.162388
0.217984
-0.498187
-0.153539
-2.1561
-0.582653
0.986882
0.374
-1.58836
-2.76458
-2.5939
0.414902
-0.0270492
-0.139135
-0.204511
-0.0100199
-0.12148
1.81707
1.63732
0.802556
-0.0881857
0.64536
-2.2629
-0.384066
0.927314
0.09358
1.46119
0.0250505
-0.161166
-0.0253105
-0.0185346
0.0680934
0.417757
2.7133
-0.815882
0.560194
0.62636
0.178523
1.18144
0.290149
0.596001
1.13197
-0.140619
-3.44486
-1.17117
-2.5778
3.5201
3.35997
1.74241
0.12751
0.218547
0.293677
-0.295586
-2.88956
0.332956
-0.0242144
-1.88753
-0.276202
-0.830214
0.565017
-1.04813
-2.09697
-1.90326
0.0545923
0.538338
0.098572
0.516933
-0.277709
-0.209451
-0.126428
1.33937
0.708609
-0.00770376
1.76523
0.411763
0.496719
0.0193069
-0.184594
0.35767
-0.012482
-0.0318948
0.390195
0.327602
-1.61702
1.3358
-0.0143288
0.0797833
-1.15417
0.273994
-0.0226392
-0.155989
-0.0919045
-0.367334
0.117325
1.60292
0.926139
1.88659
-1.03686
-2.26592
0.194327
-0.255046
-0.00799061
0.523055
0.0936975
-0.00574699
-0.237501
0.22819
-0.0542848
-0.220373
-0.514537
1.06141
-1.496
0.1049
-0.737762
0.00291968
-0.474556
-0.136864
-0.0282664
0.0136327
-0.634263
-1.1346
-1.43061
0.15452
-0.629097
0.677328
0.0203425
-1.05323
-1.40293
-0.0083823
0.0249015
-0.287973
-0.887834
-0.280213
1.28263
2.7966
2.60631
2.47449
-2.92618
0.0694298
0.588105
0.2301
0.43374
-0.197089
0.959467
0.186882
-1.41691
0.376832
0.279607
-1.28834
-0.181135
-0.248941
-1.48002
0.226276
0.01161
-0.116912
-0.378931
-0.436904
-0.651232
3.10745
-1.63941
0.611197
0.155911
0.0047545
0.60832
-0.243948
-0.184725
-0.815242
-2.33683
2.38417
-1.76412
-1.01682
-0.809876
-0.604808
-1.2845
0.032641
-0.23663
0.00030146
-0.0151954
-0.0318712
0.323235
0.192705
1.63074
-0.478267
-1.25422
2.82713
0.614587
-0.318229
-0.0200822
0.184676
0.0729783
-0.105228
0.0343915
-0.220441
-0.112899
-1.85798
2.87777
2.0955
-0.44162
-0.0381712
-0.203173
-0.226098
0.141803
-0.00136193
-0.063841
-0.0459981
2.89813
-0.209128
-0.21882
2.47301
-2.02369
0.133114
-0.0772659
-0.132706
-0.22031
-0.163503
0.0157671
-0.0319305
-0.101228
0.189024
3.03994
-0.272474
-1.79082
-0.277053
0.0125337
-1.18707
-0.347213
-0.015127
0.0438542
0.257858
0.590741
0.079748
0.779642
-3.06767
0.464563
-1.27661
-0.540172
0.569317
1.59421
0.164113
-0.115948
0.00604604
-0.0378359
-0.884892
0.89714
0.611607
0.502426
2.11849
-0.449247
-0.699539
-1.28021
0.52638
-0.00379312
-0.213227
-0.0797951
-0.157033
-0.000952999
-1.13015
2.00599
0.804077
0.155419
-0.00474855
-0.0482358
-0.357194
-0.0721826
0.447358
0.00875978
0.446827
0.453412
-0.21454
-3.17944
4.26744
-0.703876
0.0635429
1.39858
0.345009
-0.0254184
-0.029677
0.171942
0.387712
-0.00881917
0.267948
0.0684959
0.173975
0.434375
0.65509
-1.6218
-1.06997
-2.29311
0.48993
-1.06967
-0.21989
0.42918
0.0128542
0.347218
0.0332593
0.105162
-2.19666
3.98662
1.85187
0.114897
-0.0047116
-0.0551433
0.149651
-0.327737
-0.226635
-1.06989
-0.500361
0.319213
1.89043
1.33491
0.193512
0.679435
0.340656
-0.48081
-0.159846
-0.244419
1.2346
-0.257052
0.471568
0.283064
1.62664
1.01813
-1.93956
0.601791
-0.0323455
0.0975834
-0.196943
0.67738
0.614924
-0.838937
2.67938
0.249741
-0.194289
3.43672
0.712305
-1.41536
0.989813
1.76756
-1.06622
-0.176105
0.92236
-0.481617
0.973528
-1.35699
0.203836
-2.26103
1.38043
-0.151335
-0.052745
0.00386411
2.12947
0.110526
0.255622
0.0451621
-0.061807
0.856304
-0.975248
2.31431
-2.82696
0.52355
0.986307
0.0416196
-1.18587
-0.190402
-1.36252
1.0413
-0.738742
0.125514
-0.000326878
0.725578
0.786873
0.331587
0.0609346
-0.0186309
1.28374
0.258792
-0.218735
-0.0431359
0.0997979
-0.152181
0.0920894
-0.297988
-1.82257
-2.46261
-0.106465
-0.0768677
0.236945
-0.165918
-0.222378
0.00945116
-0.74545
-0.0434424
-0.380189
0.19524
-0.585638
2.21389
0.0288813
-1.812
-0.0933439
-0.0574656
-0.0820216
0.106271
-0.182727
-0.076841
0.102582
0.170921
0.188142
0.0655441
0.597836
-0.912194
-1.53414
0.0151014
-0.0835949
-0.125865
0.116667
-0.03105
-0.172659
0.0388404
0.167718
0.0443563
-0.0101716
1.53545
1.51822
-0.356014
2.73449
-0.111857
-0.0895122
0.262102
-0.0844459
0.0907022
-0.0441923
-1.35014
-0.0777315
1.56799
2.73747
1.16445
-0.30903
-0.223726
-0.0919508
-0.329698
-0.229881
0.0232158
0.199364
-0.234429
0.185881
0.987259
1.3154
2.17696
0.0349708
-2.76405
0.19
-0.214156
0.0151549
-0.333059
0.286285
-0.440549
-2.86089
1.16736
-2.85679
-0.0928781
0.00377093
-0.0568821
-0.0715967
-0.198401
0.102013
0.128356
-0.0108903
-0.29036
0.0190833
-0.0552807
1.95946
-0.736156
1.74495
0.0192701
0.318397
-0.291597
-0.0746157
0.0952911
0.0349999
-0.186636
0.425991
-0.286633
1.40578
-0.22758
0.406849
-0.220599
-0.00416499
0.0802768
0.682967
0.403371
0.150127
0.03072
0.35789
0.407634
1.66377
-1.59728
2.84521
-0.484883
-1.4307
0.903621
-0.0328859
-0.657285
-0.490353
-0.651402
-0.0231744
-0.455807
0.00706284
0.464684
-1.59308
-0.434188
-0.0338703
-0.277269
-0.0983779
0.635443
-0.379747
0.476587
-0.0853705
0.0289849
-0.0202331
-0.0776963
-0.01501
-0.796664
-0.0549467
0.393982
-0.1234
-0.0775487
-0.120937
0.123116
-0.269289
0.32583
-0.0407136
0.0700883
-1.07435
-1.70552
2.63339
-1.19315
-0.42405
-1.8908
-0.187077
0.442115
0.0286523
0.11592
0.207433
-0.0785201
1.22716
1.85258
0.825447
-0.00115485
1.38892
-0.111808
-2.58741
-0.000969234
0.511014
0.0130469
-0.0800691
-0.03126
0.996946
-0.0443021
1.61174
2.78915
-0.512224
0.66435
0.344581
-0.639805
0.179341
-0.21776
0.0351359
-0.584836
-0.0351876
-0.0207152
2.53482
0.273631
0.0725886
0.0826596
0.649494
-0.716033
0.166348
0.644227
-0.59744
-0.132624
0.0077915
0.0222807
3.20475
0.744833
-0.955862
-1.2197
-0.496014
2.2696
0.659418
0.101353
0.706482
0.193693
0.131369
0.133235
0.4598
-0.982641
1.48195
1.42345
-1.24678
0.0356073
-0.10491
1.2007
0.186805
0.072986
-0.148285
-0.36226
-1.18183
0.94561
-2.31824
2.6276
1.2528
0.708227
0.288079
0.150399
-0.380908
0.00905623
0.0607813
0.0129593
-0.0115866
-0.00952842
0.00879682
-2.3807
-0.113682
0.0278692
-0.0646676
0.046267
-0.0384162
-0.179708
0.146375
0.102249
-2.49605
-0.494282
0.104136
1.84124
-0.807721
1.01459
0.293554
0.0228723
0.0572539
-0.0422421
0.0080408
0.0491886
0.0561889
2.8908
-0.0444954
-2.63652
1.02929
1.74205
0.0357409
-0.199155
-0.526744
-0.00111444
-0.0453351
0.0139955
-0.0274966
1.7336
1.97817
-1.85135
-0.511049
-0.00995364
0.424069
-0.247585
0.476199
-0.197419
0.0527652
0.134618
-0.417278
-0.0115935
0.0591445
-0.201688
-0.718884
-1.4392
1.90699
-1.46903
0.155856
0.196398
0.0884771
0.148758
-0.483425
-1.67335
-0.637717
-2.87458
1.40561
-1.86925
-0.239602
-3.65731
-0.0622781
-0.213502
0.0180824
0.125397
-1.00784
0.229946
0.00220076
-0.186544
-0.074891
0.792992
-2.13538
1.17331
1.70969
0.349915
0.0376755
0.812814
-0.150828
0.0673188
-0.600257
0.0198648
-1.46226
0.233326
-2.67517
-0.776615
0.139682
-0.0841287
-1.82677
0.00153397
0.0220223
-0.786421
-0.0158974
-0.0483749
-0.143504
-1.10416
0.58036
-0.803522
-1.9669
-0.831781
0.189197
0.157103
-0.465365
0.294011
0.0409658
0.935967
-0.250251
-0.119919
-0.329523
0.484453
2.41558
1.01848
-0.843702
2.29238
0.777939
0.512869
0.349841
0.00977095
-0.293255
-2.78037
2.83338
-2.647
-1.06806
-0.0813375
0.157705
0.229269
0.635063
0.620822
-0.652802
0.0110344
-0.361324
-0.531873
1.00346
3.1719
-0.311604
-0.112096
-1.40645
-0.58872
0.0086153
-0.49656
-1.22343
-0.00946374
-0.00135792
-0.42205
-0.987779
0.270378
-0.483616
1.13544
0.231135
0.722366
-3.14035
0.01787
-0.371027
0.264944
1.43147
-0.582867
-0.204563
-0.457211
1.04394
-1.72755
2.26303
1.19938
-0.682981
0.0509883
1.86626
-0.202736
0.0187313
-0.162523
-0.483199
0.367053
-1.66311
-0.31594
2.04058
2.50475
0.34126
-0.343033
0.239295
-0.466235
-0.069774
-1.03862
0.121113
1.53433
0.626429
-0.240903
-1.65995
-3.54963
-1.4512
0.0541968
0.107315
0.112715
-0.0153319
0.0157297
0.316918
0.24955
0.0855005
0.793344
1.86878
0.110689
-0.0145777
0.304903
-0.0204602
-0.426654
0.0687563
0.0463045
-0.129486
-0.221464
-0.114489
-0.595027
-0.186329
-0.626801
2.88064
-0.184385
-0.0808574
0.240973
0.170783
-0.00154916
0.0343895
-0.0139666
0.134264
-0.219206
-0.289977
-2.18676
-0.806136
0.0931248
0.0759127
-0.109187
-0.136352
-0.164543
0.00468697
-0.00680782
-1.86966
1.24256
0.308982
0.18465
0.787718
-0.289618
0.0334473
0.163135
-0.156391
-0.00474983
-0.0274074
0.0800947
0.460871
-1.38415
0.254028
-0.541896
-0.193474
-0.0249184
0.254977
0.224689
-3.09745
0.144432
-0.612585
-0.373906
-0.0354823
-0.815092
0.154517
1.07626
0.909942
0.182536
0.162934
-1.89697
-0.525318
-0.198876
2.83626
-0.126151
-0.706677
-0.297124
-0.0683415
-0.640569
1.38762
-0.598881
-1.36289
1.57097
-0.208664
0.218556
-0.336097
0.114663
0.0354397
-0.141375
0.902463
0.361852
0.749115
0.21226
1.54265
0.0329225
2.27529
0.0647273
-0.0164107
-0.504245
0.0265749
0.427733
-0.11833
-0.00577819
0.00381249
0.088029
0.100304
-2.55044
0.0262988
0.125505
-0.268235
0.0626295
-0.145774
-0.00511228
0.447955
-0.05332
0.254281
0.39068
0.0930694
-1.86648
0.298876
0.538702
0.156304
-0.00303771
-0.0662915
-0.142546
0.0456039
-0.0149276
-0.0684713
-0.399557
-0.516474
-2.6917
3.26573
-1.27113
-2.5387
-0.0107432
-0.0127027
-0.10698
-0.0279096
-0.423398
0.380017
0.0685666
0.0142879
0.54862
0.0307206
2.11683
0.352222
-0.00576194
2.34592
0.0777286
0.836582
0.0117379
-0.546008
0.015315
0.0178462
-0.250435
-0.637927
-0.0824251
-0.0722919
0.0642524
0.112995
0.416124
-0.0159404
-0.216452
-0.273088
0.11092
-0.0707141
0.0210777
-0.275171
-0.141843
-1.03888
-2.51144
0.630977
2.3036
0.0311971
-0.402409
-0.00023476
0.0906444
-0.0459147
0.507101
-0.0720282
1.15317
1.98856
-1.67285
-0.0634005
0.111785
-0.0694563
-0.0535279
-0.329703
-0.196808
0.235147
-0.117445
1.00201
0.0265052
0.222449
0.018727
-0.0173926
-0.00831088
2.46585
0.542718
-0.137115
-0.136159
-0.180838
0.0956527
-0.286498
0.038527
-1.74361
0.17777
0.0303021
2.96377
-0.0257367
-0.00140582
-0.194957
0.09587
0.52198
0.16844
0.0512294
-0.0458387
1.51148
1.54538
0.824563
-0.00284876
0.523961
-0.127302
-0.222099
-0.0469515
-0.137233
-0.374048
-0.488932
-0.0132686
-0.795864
0.0173645
-0.33434
-2.91581
2.06013
0.619782
-0.0426653
-0.491142
0.130555
0.00681067
0.0676667
-1.04189
0.00048254
-0.920638
0.0164731
-0.0202374
-0.0167786
0.328337
-0.172857
0.259706
-0.193883
-0.31263
0.215989
-0.283782
-0.620016
-0.0174851
-0.320518
-0.103248
-0.686545
0.2164
-1.09586
-0.999956
-0.884551
0.0801037
-0.616947
0.160833
0.128065
-0.196413
-0.0952443
0.0353233
2.0763
-1.82754
0.298451
-0.144946
-0.0581465
0.318156
-0.0501479
-0.472798
0.0545214
-0.576969
-3.0632
0.485881
-1.3218
-0.101037
-0.038965
-0.127373
0.073345
0.392082
0.40966
-0.0359809
0.10944
0.0200852
-0.0290215
0.020922
-0.00976074
-0.0174095
0.0457216
0.0594443
2.23698
-0.0558789
-0.045952
0.0311078
-0.158425
-0.0876165
-0.0755532
0.289285
-0.0821438
0.646422
1.40636
0.00210944
-1.39005
0.294809
0.358041
0.166361
0.0453808
-0.153994
0.151625
0.485525
-2.05014
-2.5219
0.148657
-0.403892
-0.0477098
-0.0140069
0.101353
-0.204208
-0.328761
-0.00934228
0.0816548
-0.0116724
-2.38775
-0.0122253
-0.809266
1.52702
-0.158382
-0.151469
0.127589
0.0728385
0.112914
0.0911674
0.0174183
-0.224965
-0.272698
-0.0218736
-0.0281521
3.00819
-0.881288
-2.0975
0.256414
0.0436849
0.214341
-0.357837
-1.70491
-0.0208545
0.249609
-2.97065
-0.329492
-0.264439
-0.163811
0.545898
-0.584652
0.186784
0.313485
0.175484
-0.146182
-0.0825732
-1.60986
0.238531
-0.0113389
-0.591651
-1.62392
0.196831
-0.0207789
1.92633
0.185989
-0.0409886
0.157627
0.892881
0.130826
-0.268383
-2.67819
1.25778
1.16725
0.22797
-1.05574
0.267054
0.443961
0.472943
0.0322104
0.0302658
-0.611987
0.259087
-0.00302416
-0.0212632
0.441147
-0.538333
1.35746
0.0258434
0.578426
0.0775217
0.397677
-0.271703
-0.745161
1.1105
0.333001
-0.507335
0.960543
-1.67693
-3.88205
-2.89298
0.537394
-1.3538
0.314722
-0.0710265
-0.615496
0.418237
-0.130639
0.0114117
0.793444
-0.870043
1.96649
-0.809482
-2.06928
-1.10038
0.779916
-0.0164042
-1.66513
-0.0156714
-0.847493
0.212376
0.765664
0.286351
-0.285118
0.647362
-0.370937
-2.82161
1.07297
-2.26887
0.0485943
-0.659069
0.324356
-0.00875282
0.0234908
0.476647
-1.2798
-0.168529
-0.0204163
0.148063
0.194474
-0.933149
0.188601
-0.531135
1.97242
0.0335843
0.00449595
0.112279
-0.031469
-1.43222
0.332321
0.431956
-0.0559947
0.162066
-0.27796
0.765422
-0.419066
0.383744
0.01614
0.146741
-0.00550006
-1.66756
1.25867
0.430612
-0.568838
-2.02003
-0.0015903
-1.72758
-0.385113
-0.604732
-0.0798175
0.838949
0.278112
-0.204865
1.95872
-0.747787
0.430223
-0.121655
-0.0214606
0.0100149
1.32009
0.0624531
-0.0120984
-0.086952
0.07934
0.00570028
-1.02612
-0.753569
-0.304922
-0.561793
-0.107269
1.08456
-0.459377
-0.915244
-0.295991
0.134629
0.224963
-0.0896968
0.689443
0.232648
-0.0763026
0.320507
0.0846551
-0.482764
0.529501
-0.0382675
-0.0547519
-0.0128172
-0.0368631
-0.230658
-2.13635
-0.00197206
-0.960263
-1.33515
-0.155212
0.00868789
1.64128
0.228131
0.264026
-0.321462
0.113966
-2.93612
-0.33308
-0.917777
-2.0033
-0.759339
-1.05043
1.111
0.0204729
-0.736823
0.456252
-0.025092
0.00701278
0.349634
-0.717895
-0.189962
0.430249
-1.69662
0.343388
-0.885208
0.101041
-0.499232
1.00044
-0.575061
0.0368664
-0.239121
-2.72195
1.29397
0.164054
1.08858
-2.45056
0.207449
-0.244469
0.554417
-1.32937
0.344561
-0.0163324
-0.00788987
0.124304
0.280604
-0.0645757
-1.62944
0.850859
-1.23108
0.0811233
-1.87784
-0.537105
-0.776654
0.0451169
0.808233
-0.0542401
0.567596
-0.586135
3.39563
2.3507
-0.542089
-0.303452
0.00400894
-0.186414
0.16804
-0.00765167
0.0336416
0.27649
0.679905
-1.39145
0.81819
-1.27042
-0.172456
-0.628445
-0.0486313
0.163588
-0.846271
-0.104389
-0.861213
-0.480633
-0.0555666
0.980586
0.39691
-0.698682
-0.0471259
0.309125
0.43372
0.414333
-1.87419
0.118031
0.00330149
0.120264
-0.455329
0.192138
-0.134494
-0.0281337
0.618344
0.828077
0.117183
-0.150181
-0.183904
-0.0049112
-0.245606
-0.00528472
0.155308
-0.169507
-3.21818
2.05633
2.2491
1.25463
1.32708
0.0613024
-0.0328633
0.0555136
-0.128471
0.424141
-0.328223
-0.31734
-0.0741766
0.0736311
-0.259912
0.160838
0.126128
0.218144
0.35452
-0.201226
-0.0270692
0.0154677
-0.311806
0.105423
-0.192825
0.354251
0.0175464
-0.473941
0.7034
0.225191
2.88274
-0.996554
-0.00484313
-0.17356
0.0789546
-0.236449
0.239725
-0.10079
0.179854
-0.301725
-0.704964
0.222002
-0.176499
0.954077
-0.0251673
1.89757
-0.097754
-0.117491
0.0490576
-0.0285174
0.00155589
0.473068
0.11974
-0.701472
-1.2343
-0.194778
-0.220916
-0.959032
-1.40173
0.54734
-1.10297
-1.27829
-1.65049
-0.29398
1.17121
-1.14905
-1.7215
-0.318091
-0.295212
0.251849
-1.4191
-0.503699
-0.293667
-2.71813
-1.43128
1.27385
-0.125452
-0.702905
-2.22662
-0.953875
0.708336
-2.61855
2.12977
-0.886283
1.59286
-2.55954
1.79998
1.08114
0.66092
0.315737
3.38526
-1.80181
-3.28668
1.50439
0.906361
-0.557978
-0.487585
-0.994989
1.94264
-0.696999
-1.21259
0.240901
-3.67352
-1.76082
-2.76019
-1.77381
-0.72067
-0.474305
-0.184011
-0.254143
-0.623036
-0.320184
0.256982
-0.7211
-1.06154
-0.651215
-0.058926
-0.918358
-0.642058
-4.67152
-0.960861
-1.03396
-0.881649
-0.0311322
1.19123
-0.871888
-0.0026538
-0.119225
-0.150677
-0.0589712
-2.90539
1.77109
-3.01414
-0.516388
-2.45497
1.59931
-1.21759
-2.69079
-2.52054
-0.720226
0.831435
-1.11438
5.11675
-2.26113
-2.45984
4.53169
-1.38293
-0.0661896
-0.345624
-0.898847
-2.02725
-1.49165
-1.44681
-0.499274
-0.909339
0.307133
-0.203223
-0.821245
-2.0627
-1.06502
1.30148
-7.38778
-0.953876
-0.188994
-0.160211
-0.826334
1.56626
-0.321393
-0.318589
-1.23018
-0.379629
-0.190164
0.0977181
-0.480506
0.392088
-0.783319
0.589871
-0.675108
-0.96567
-1.65812
0.999536
0.190163
-0.607508
-0.163935
0.751143
-0.446156
0.462511
0.293533
-3.44491
-0.378401
-4.16558
-4.46717
-3.56378
-0.52207
5.9332
-2.96351
-1.92447
5.57194
-1.26895
-0.27966
0.486695
0.378873
0.629853
3.13271
-1.97453
4.39
-0.150704
0.50482
-0.0274457
-0.111891
-0.472137
-0.101153
-0.900282
-0.385637
-0.306851
-0.0462833
0.0339516
-0.56714
-2.47075
-1.15005
-1.61784
-1.03187
-0.127526
0.167822
0.701283
-0.540478
-3.72002
-2.30682
-5.93016
0.361974
1.86818
1.1121
2.52829
-1.94596
1.36815
3.63601
4.28181
-2.03156
-2.81653
-0.150149
-2.73377
1.56341
-2.15711
0.631286
-0.0252978
-3.53521
-0.454095
5.65818
-1.58247
6.81013
-1.52727
-1.45854
-0.316319
-1.11683
