[125, 16, 16, 4]
0.0
0.0
0.0
0.0
0.0
0.0
0.0
0.0
0.0
0.0
0.0
0.0
0.0
0.0
0.0
0.0
0.0
0.0
0.0
-1.68238
0.0
0.0
0.0
0.0
0.0
0.0
-0.879024
0.0
1.04332
0.0
0.0
0.0
0.0
0.0
0.0
0.0
0.0
0.0
0.0
0.0
0.0
0.0
0.0
0.0
0.0
0.0
0.0
-0.761118
0.0
0.0
0.0
0.0
0.0
0.0
0.0
0.0
0.0
0.0
0.0
0.0
0.0
0.0
0.0
0.0
0.0
0.0
0.0
0.0
0.0
0.0
0.0
0.0
0.0
0.0
1.05175
0.0
0.0
0.0
0.0
0.0
0.147945
-0.264206
0.368313
-0.00556877
-0.224076
0.713926
-0.39417
1.30376
-0.5025
-0.121645
1.43641
-1.03374
0.872307
-0.206379
2.94388
-0.391799
0.0
0.0
0.0
0.0
0.0
0.0
0.0
0.0
0.0
0.817142
0.0
0.0
0.0
0.0
0.0
0.0
0.0
0.0
0.0
0.0
0.0
0.0
0.0
0.0
0.0
0.0
0.0
0.0
0.0
0.0
-1.59542
0.0
0.0
0.0
0.0
0.0
0.0
0.0
0.0
0.0
-0.418866
0.0
0.0
0.0
0.0
0.0
0.0
0.0
0.0
0.0
0.0
0.0
1.8353
0.0
0.0
0.0
0.0
0.0
0.0
0.0
-0.0986769
0.0
0.0
0.0
0.0
0.746645
0.0
0.0
0.0
0.0
0.0
0.0
0.0
0.0
0.0
0.0
0.0
0.0
-0.0086201
0.0
0.0
0.0
-1.79409
0.0
0.0
0.0
0.0
0.0
0.0
0.0
0.0
0.0
0.0
-0.686058
0.0
0.0
0.0
-0.891266
0.0
0.0
0.0
0.0
0.0
0.0
0.0
0.0
0.0
0.0
0.0
0.0
0.0
0.0
0.0
0.0
0.0
0.0
0.178541
0.0
0.0
0.0
0.676804
0.0
0.0
0.0
0.0
0.0
0.0
0.0
0.0
0.0
-0.187737
0.0
0.0
0.0
0.0
0.0
0.0
0.0
0.0
0.0
0.0
0.0
0.0
0.0
0.0
0.0
0.0
0.0
0.0
0.0
0.0
0.0
0.0
0.0
0.0
0.0
0.0
0.0
0.0
-1.83031
0.0
0.0
0.0
0.0
0.0
0.0
0.0
0.0
0.185166
0.0
0.0
0.0
0.0
0.0
0.0
0.0
0.0
0.0
0.0
0.0
0.0
0.0
0.0
0.0
0.0
0.0
0.0
0.0
0.0
0.0
0.0
0.0
0.0
0.0
0.0
0.0
-0.180621
0.0
0.0
0.0
0.0
0.761879
0.0
0.0
0.0
0.0
1.39172
0.0
0.0
0.0
0.0
0.0
0.0
0.0
0.0
0.0
0.0
0.0
0.0
-1.16199
0.0
0.0
0.0
0.0
0.0
0.0
0.0
-1.36537
0.0
0.0
0.0
0.0
0.533905
0.0
0.0
-0.940745
1.15493
0.0
0.0
0.0
0.0
0.0
0.0
0.0
0.0
0.0
0.0
0.0
0.0
0.0
0.0
0.0
0.0
0.0
0.0
0.0
0.0
0.0
0.0
0.0
0.398058
0.0
0.0
0.0
0.0
0.0
0.0
0.0
0.0
0.0
0.0
0.0
0.0
0.0
0.0
0.0
0.0
0.0
0.0
0.0
0.0
0.0
-0.112451
0.0
0.0
0.0
0.0
0.0
0.0
0.0
0.0
0.0
0.0
0.0
0.0
0.0
0.0
0.0
0.0
0.0
-0.128377
1.32741
-0.259245
1.10824
0.0
0.0
0.0
0.0
0.0
0.0
0.0
0.0
0.0
0.0
0.0
0.0
0.0
0.147959
0.0
0.0
0.0
0.0
0.0
0.0
0.0
0.0
0.0
-0.100584
0.0
0.0
0.0
0.0
0.0
1.04871
0.0
0.0
0.0
0.0
0.0
0.0
0.807652
0.0
0.0
0.0
0.0
0.13149
2.36297
0.0
0.0
0.0
0.0
0.0
1.23478
0.0
0.0
0.0
0.0
0.0
0.0
0.0
0.0
0.0
0.0
0.0
0.0
0.0
0.0
0.0
0.0
0.0
0.0
0.0
0.0
-1.5245
0.0
0.0
0.0
0.0
0.0
0.0
0.0
0.0
0.0
0.0
0.0
0.0
-1.54333
0.0
0.0
0.0
-0.272772
0.0
0.0
0.0
0.0
0.0
0.0
0.0
0.0
0.0
0.0
0.0
0.0
0.0
0.0
-1.0807
0.0
0.0
0.0
0.0
0.0
0.0
0.0
0.610559
1.44352
0.0
0.0
0.0
-0.458611
0.0
0.0
0.0
0.0
0.0
0.0
0.0
0.0
0.0
0.0
0.0
0.0
-0.287307
0.399927
-0.956371
-1.95901
0.0
0.0
0.697754
0.0
0.0
0.0
0.0
0.0
0.0
0.0
0.0
0.0
0.0
0.0
0.0
0.0
0.0
0.0
0.0
0.0
0.0
0.0
0.0
0.0
0.0
0.0
0.0
1.0323
0.0
0.0
0.0
0.0
0.0
0.0
0.0
0.0
0.0
0.0
0.0
0.0
0.0
0.0
0.699821
0.0
-0.40112
0.0
0.0
-0.925951
0.0
0.0
0.0
0.0
0.0
0.0
0.0
0.0
0.0
0.0
0.0
0.0
0.0
0.0
0.0
0.0
0.0
0.0
0.0
0.0
0.0
0.0
0.0
0.0
0.0
-0.190082
0.0
0.0
-0.0660396
0.0
0.0
0.0
0.0
0.0
0.0
1.30601
0.0
-0.344176
0.0
0.0
0.0
0.0
0.0
0.0
0.737158
0.0
0.0
0.0
0.0
0.0
0.0
0.0
0.0
1.64955
0.0
0.0
0.0
0.0
0.0
0.0
0.0
0.0
1.47582
-0.657767
0.0
0.0
0.0
0.0
0.0
0.0
0.0
0.0
0.0
0.0
0.0
0.0
0.0
0.0
0.0
0.0
0.0
0.976578
0.0
0.0
0.0
0.0
0.0
0.0
0.0
0.0
-1.20978
0.0
0.702074
0.0
0.0
0.0
0.0
0.728661
0.0
0.0
0.0
-0.351633
0.0
0.0
0.0
-0.307356
0.0
0.0
0.254872
0.0
0.0
0.0
0.0
0.0
0.0
0.0
0.0
0.0
0.0
0.0
0.0
0.0
0.0
0.0
0.0
0.0
0.0
0.0
0.0
0.0
0.0
0.0
0.0
0.0
0.0742629
0.0
0.0
0.0
0.0
0.0
0.0
0.0
0.194955
0.0
0.0
0.0
0.0
0.0
0.0
0.0
0.0
0.0
0.0
0.0
0.0
0.0
0.0
0.0
0.0
0.0
-0.774453
0.0
0.0
0.0
0.0
0.0
-0.837364
0.0
0.0
0.608202
0.0
0.0
0.0
0.575669
0.0
0.0
0.0
0.0
0.0
0.0
0.0
0.0
0.0
0.0
0.296184
0.0
0.0
0.0
0.0
0.0
0.0
0.0
0.0
0.0
0.0
0.0
0.0
0.0
0.0
-2.44407
0.0
0.0
0.0
0.0
0.0
1.52996
0.0
0.0
0.751176
0.0
0.0
-0.684608
0.724542
1.12151
-1.38001
0.0
0.0
0.0
0.0
0.0
0.0
0.0
0.0
0.0
0.0
0.0
-0.482162
0.0
0.0
0.0
0.0
0.0
0.0
0.0
0.0
0.0
0.0
0.0
0.0
0.0
0.0
0.0
0.408572
0.0
0.0
0.0
-0.934973
0.0
0.0
0.0
2.4002
0.0
0.0
0.0
0.0
0.0
0.0
0.0
0.0
0.0
0.0
0.0
0.0
0.0
-1.49689
0.0
0.0
0.0
1.63624
0.0
0.0
0.0
0.0
0.0
0.0
-1.0074
0.0
0.0
0.0
0.0
0.0
0.0
0.0
0.0
0.0
0.263643
0.0
0.0
0.0
0.0
0.0
0.0
0.0
0.0
0.0
0.0
0.0
0.0
0.0
0.0
0.0
-0.300949
-0.360587
-0.209423
-0.978035
-0.266982
0.0432208
-0.897629
-0.19101
0.550052
0.224594
0.0866877
0.256513
-0.628888
-0.507654
-0.618198
0.153752
0.0
0.0
0.0
0.0
0.0
0.0
0.0
0.0
0.0
0.0
0.0
0.106485
0.0
0.0
0.0
0.0
0.0
0.0
0.0
0.0
0.0
0.0
0.0
0.0
0.0
0.0
0.0
1.11392
0.0
0.0
0.0
0.0
0.0
0.0
0.0
0.928324
-0.192265
0.0
0.0
0.0
0.0
0.0
0.0
0.0
0.0
0.0
-0.228147
0.0
0.0
0.0
0.0
0.0
0.0
0.0
0.0
0.0
0.0
0.0
0.0
0.0
0.0
0.0
0.0
0.0
0.0
0.0
0.0
0.0
0.0
0.0
0.501642
0.0
0.0
0.0
0.0
0.0
0.0
0.0
0.0
0.0
0.0
0.0
0.0
1.78259
0.0
0.0
1.18088
0.0
1.34016
0.0
0.0
0.0
0.0
0.0
0.0
0.0
0.0
0.0
0.0
0.0
0.0
0.37829
0.0
0.0
0.0
0.0
0.482002
0.0
0.0
0.0
0.0
0.0
0.0
0.0
0.0
0.0
0.0
0.0
-1.85926
0.0
0.0
0.0
0.0
0.0
0.0
-0.817554
0.0
0.0
0.0
0.0
0.0
0.0
0.0
0.0
0.0
0.0
0.0
0.0
0.308009
-0.752835
0.0
0.0
0.0
0.0
-0.172726
1.06147
0.368718
0.322479
0.00692847
-0.163633
-0.635364
-0.404988
0.175862
-0.0907394
0.285037
-0.105136
0.210944
1.03081
0.417155
-0.258858
0.0
0.0
0.0
0.0
0.0
0.0
0.0
-0.0788354
0.0
0.0
0.0
0.0
0.0
0.0
0.0
0.0
0.0
0.0
0.0
0.0
0.0
0.0
-0.171072
0.519295
0.0
0.793113
0.0
0.0
0.0
0.0
0.0
0.0
0.0
0.0
0.0
0.0
0.0
0.0
0.0
0.0
0.0
0.0
0.0
0.0
0.0
0.0
0.0
0.0
0.0
0.0
0.0
0.0
0.0
0.0
0.0
0.0
0.0
1.90532
0.0
-2.12174
0.0
0.0
0.0
0.0
0.0
1.43804
2.18655
0.0
0.0
0.0
0.0
-0.0377349
0.0
0.0
0.0
-0.115225
0.0
0.242459
-0.580831
0.0
0.0
0.0
0.0
0.0
0.0
1.74191
0.0
0.0
0.0
0.0
0.0
0.0
0.0
0.0
0.0
0.0
-0.153562
0.0
0.0
0.0
0.143626
0.0
0.0
-1.20828
0.0
-1.21529
-0.803701
-1.30615
0.0
0.0
0.0
0.0
0.0
0.102255
0.0
0.683387
0.0
0.0
0.0
0.0
0.0
-1.16149
-0.461587
0.0
0.557182
-0.561787
0.0
0.0
0.0
0.0
0.853136
-1.7382
0.0
0.0
0.0
0.0
0.0
0.0
0.0
0.0
0.0
0.0
0.0
0.0
0.0
0.0
0.0
0.0
0.0
0.0
0.0
0.684941
0.0
0.0
0.0
0.0
0.0
0.0
0.0133734
0.0
0.0
0.0
0.0
0.0
0.0
0.0
0.0
0.0
0.0
0.0
0.0
0.0
-2.02275
0.0
0.0
0.0
0.0
0.0
0.0
0.0
0.0
0.0
0.0
0.0
0.0
0.0
0.0
0.0
0.0
0.0
-0.046651
-0.126485
0.0
0.0
0.0
-1.18506
0.0
0.0
0.0
0.0
0.0
0.0
0.0
0.0
0.0
-1.17083
0.0
0.0
0.0
0.0
0.0
0.0
0.0
0.0
0.0
0.0
0.0
0.0
0.0
0.0
0.0
0.0
0.0
0.0
0.0
0.0
0.0
0.0
0.0
1.19241
0.0
0.0
0.0
1.21165
0.0
0.0
0.0
0.0
0.0
1.19689
0.0
0.922204
0.0
0.0
-1.32182
-1.36039
0.0
0.0
0.0
0.0
0.0
0.0
0.0
0.0
0.0
-0.287396
0.0
0.0
0.0
0.0
0.0
0.0
0.0
0.0
0.0
0.0
0.0
0.0
0.0890927
0.0
0.0
0.0
0.0
0.846923
0.0
0.0
0.0
0.0
0.0
0.0
0.0
0.0
0.0
0.0
0.0
0.0
0.0
0.0
0.0
0.0
0.0
0.0
0.0
0.0
0.0
0.23305
0.0
0.0
0.0
0.0
0.0
0.0
-0.57518
0.0
0.0
0.0
0.0
0.0
0.0
0.0
0.0
0.0
0.0
0.0
0.0
0.0
0.0
0.0
0.0
0.0
0.0
0.0
1.14038
0.0
0.792447
0.0
0.0
0.0
0.0
0.0
0.0
0.0
0.0
0.0
0.0
0.0
1.3451
0.0
0.0
0.0
0.0
0.209378
-0.593869
0.0
0.0
0.0
0.0
0.0
0.0
0.0
0.0
0.0
0.0
0.0
0.0
0.0
0.0
0.0
0.0
0.0
0.0
0.0
0.0
0.0
0.0
0.0
0.0
0.0
0.0
0.0
0.0
0.0
0.0
0.0
0.0
0.0
0.532869
0.0
-1.1133
0.0
0.0
0.0
0.0
0.0
0.0
0.0
0.0
-0.0260689
0.0
0.0
0.0
0.0
0.0
0.0
0.0
0.0
0.0
0.0
0.0
0.0
-0.229197
0.0
-0.0373581
0.66932
0.0
0.0
0.0
0.0
0.0
0.0
0.0
0.0
0.0
0.0
0.0
0.0
0.0
0.0
-0.286226
0.0
0.0
0.0
0.0
0.0
0.0
0.0
0.0
-0.15574
0.0
0.0
0.0
0.0
-1.42335
0.00257804
0.0
0.0
0.0
0.0
0.0
0.0
0.0
0.0
-0.823347
0.0
0.0
0.0
0.0
0.0
0.0
0.0
0.0
0.0
0.0
0.0
0.0
0.0
0.0
0.0
0.0
0.0
0.0
0.0
0.081199
0.0
0.0
0.0
0.0
0.0
-0.270758
0.0
0.0
0.0
0.271008
0.0
0.0
0.0
0.0
0.0
0.15156
0.397092
0.0
0.0
0.0
1.05133
0.0
0.0
0.0
0.0
0.0
0.0
0.0
0.0
0.0
0.0
0.0
0.0
0.0
0.0
0.0
0.0
0.0
0.0
0.0
-0.572158
0.0
0.0
0.0
0.0
0.0
0.0
0.0
0.0
1.0366
0.0
0.0
0.0
0.0
-0.42948
0.0
0.0
-0.847615
0.0
0.0
0.0
0.0
0.0
0.0
0.0
0.0
0.0
0.0
0.0
0.0
-0.579203
0.0
0.0
0.0
0.0
0.0
-1.27351
0.0
0.0
0.0
0.0
0.0
0.0
0.0
0.0
0.0
0.0
0.0
0.0
0.0
0.0
0.0
0.0
0.0
0.0
0.0
0.0
0.0
0.0
0.0
0.0
0.0
0.0
0.0
0.0
0.0
-1.45957
0.0
0.0
-0.144706
0.0
0.0
0.0
0.0
0.0
0.0
0.0
0.0
0.0
0.0
0.0
0.0
0.0
0.0
0.0
0.0
0.0
0.0
0.0
0.0
0.0
0.0
0.0
0.0
0.0
0.0
0.0
0.0
0.0
0.0
0.0
-0.500138
0.0
0.0
0.0
0.717336
0.0
0.0
0.0
0.0
0.0
0.0
0.0
0.0
0.0
0.0
0.0
0.0
0.0
0.0
0.0
0.0
0.0
0.0
0.0
-1.35754
0.0
0.0
0.0
0.0
0.0
1.43079
1.64758
0.0
-1.26919
0.0
0.0
0.0
0.0
0.0
0.0
0.0
0.0
-0.431995
0.0
0.0
0.0
0.0
0.0
0.0
0.0
0.0
0.0
0.0
0.0
0.0
0.0
0.0
0.0
-0.348519
0.0
0.0
0.0
0.0
0.0
0.0
0.0
0.0
0.0
0.0
1.507
0.0
0.0
0.0
0.0
0.0
0.0
0.0
0.0
0.665194
0.0
0.0
0.0
0.0
0.0
0.0
0.0
0.0
0.0
0.0
0.0
0.0
-0.24689
0.0
0.0
0.0
0.0
0.0
0.0
0.0
0.0
0.0
0.0
0.0
0.0
0.0
0.0
0.0
-0.964813
0.0
0.0
0.0
-0.235524
0.0
0.0
0.0
0.0
0.0
0.0
0.0
0.0
0.0
0.0
0.0
0.0
0.0
0.0
0.0
0.0
0.0
0.0
0.0
0.0
0.0
0.0
0.0
0.0
0.0
0.0
0.0
0.0
0.0
0.0
-0.440194
0.0
0.0
0.0
0.0
0.310222
0.0
0.0
0.0
0.699921
0.0
0.0
0.0
0.0
0.0
0.0
0.0
0.0
0.0
0.0
0.0
0.0
0.0
0.0
0.0
0.0
0.0
0.0
0.0
0.0
0.0
0.0
0.0
0.0
0.0
0.0
0.0
0.0
0.0593602
0.557534
0.352927
0.719746
0.208094
0.223408
0.585776
0.0190211
0.0820542
0.208569
-0.491843
0.957069
0.241085
0.576777
-0.141821
0.0998478
0.0
-0.658839
-0.580255
0.0
0.0
1.04601
0.0
0.0
0.0
0.0
0.0
0.0
0.0
0.0
0.0
0.0
-0.376039
0.0
0.0
0.0
0.0
-0.3218
0.0
0.0
0.0
0.0
0.0
0.0
0.0
0.0
0.0
0.0
0.0
0.0
0.0
0.0
0.0
0.0
1.38081
0.0
0.0
0.0
0.0
0.0
0.0
0.0
0.0
0.0
0.0
0.0
0.0
-1.68977
0.0
0.0
0.0
-0.485342
0.0
0.0
0.0
0.0
0.0
0.0
0.0
0.0
0.0
0.841252
0.0
0.0
0.0
0.0
0.0
0.0
0.0
-0.157696
0.0
0.0
0.0
0.0
2.53399
0.0
2.09199
1.78338
2.59295
0.0695149
-0.174023
-0.582002
0.626288
1.03217
0.92474
-2.12465
3.34896
2.64197
-3.19992
1.43792
1.06536
0.291692
-1.63837
-2.26379
-3.69917
0.847043
-0.0105426
0.20262
-1.40536
-0.559408
-2.44438
2.07066
-4.51697
-2.04739
2.82092
-2.46515
-0.745193
-0.229273
-0.723164
0.953639
0.74891
-0.00744114
0.107882
-1.13252
0.451858
-0.355513
2.02058
-0.463622
1.88473
0.542543
0.107911
-0.0980242
-0.523203
0.319288
0.0986847
0.0490041
-0.177578
0.0112987
0.0852351
1.30841
0.125561
1.04124
0.407659
0.0133619
-0.182405
0.0532191
0.105505
0.897391
-0.0610252
0.0414872
0.454238
-0.481485
-0.603993
0.0821841
-0.184317
-0.378758
-0.328369
0.472584
-0.769479
-0.0527388
-0.866268
0.595859
-0.402153
-1.02453
-0.286709
0.0626797
1.22736
-0.715466
-2.15689
0.0742231
0.165712
0.504666
-1.95598
0.448033
-2.05253
-0.215664
-1.97579
-1.3605
1.8693
-1.83193
1.55222
1.10708
2.14758
-0.342899
0.243016
0.0331062
0.0274738
-0.725168
-0.714299
-0.784642
-0.359075
-1.0356
0.735418
0.165836
1.25341
1.79431
-0.489127
0.543541
0.169057
0.782802
0.577366
0.0341261
-1.59696
1.07599
-0.299147
-0.949257
0.740251
-0.549657
0.240739
-0.769704
3.61488
1.4754
-0.74003
-0.0777472
2.48949
-1.80169
-2.72243
0.0261844
2.59734
-0.527506
-0.399457
0.0879682
-0.547855
-0.355699
-0.859208
0.651799
-1.5397
2.47554
-2.83819
1.78777
0.738677
0.547505
1.15924
2.45611
2.83231
-2.93272
-0.533811
-0.721621
-0.640271
-0.484562
-0.769065
0.567955
-0.279089
0.226731
3.24154
2.42642
-0.357296
0.349576
2.76432
2.18623
1.42662
2.71916
0.169562
3.74562
0.630269
0.760666
-0.095453
-0.601998
0.211814
-3.08106
0.0309316
1.77411
-0.935686
-0.448266
1.71597
2.49914
-0.397424
2.18579
1.37824
-3.09989
1.29852
0.439329
0.637476
0.253102
0.888026
0.855838
-0.316954
-0.681655
0.918619
0.229004
-1.37057
0.0180797
0.340894
-1.03784
1.21148
2.91034
0.201269
-0.583814
-1.06788
1.57128
-0.787403
-0.139868
-1.58112
0.292853
-0.919112
-0.128827
1.48868
0.0277006
0.102435
1.07944
-2.92648
-3.6266
-2.21263
-1.35709
0.71373
0.545865
0.522713
1.97295
-0.0747465
-0.370575
-0.987173
-0.083603
-0.176118
0.0153126
-0.0691451
0.496779
-1.19551
3.04772
1.88089
4.79585
-0.33221
1.52118
-1.84482
0.0477767
2.51478
0.161856
-3.85007
-0.21196
3.26876
0.0173032
0.0569989
0.759559
5.03847
-1.78092
3.94292
-2.31906
5.19778
-0.888301
0.432184
0.317805
-2.08194
-1.79113
-1.16311
0.551375
-1.25401
0.0645909
-0.00355393
0.634331
-0.341636
-0.536415
-0.966838
3.99796
-4.41685
-0.428708
1.31609
-0.440049
1.09376
0.97479
1.58104
0.375201
1.99809
0.0565808
-0.112614
-0.854493
2.25746
0.648425
2.21393
-5.20024
6.18672
-3.3496
2.68119
-3.0011
-2.20023
-1.63933
-3.91435
1.69988
-0.596172
0.0739211
0.120544
0.743399
-1.52204
-0.00654473
-0.545956
2.75685
-2.97322
-1.84547
4.12598
-2.51484
5.89062
0.394106
-2.11201
1.10409
-0.83592
0.0293695
-0.105399
-1.19847
-0.13065
1.46428
0.331098
-0.454432
0.627447
-0.00629764
-6.06461
-3.26987
1.45833
0.201029
0.975668
-1.53544
-0.899378
2.19425
-0.00181887
-0.707732
-0.158834
0.349643
-0.680135
-0.571465
-0.916066
0.751477
-0.709045
-0.582304
-0.17062
-2.59275
-0.315898
-0.365772
-0.916679
0.0206502
-1.5558
0.725019
-0.0339487
0.301514
-0.289385
0.200707
0.0286296
-0.12069
0.164051
-0.800362
-1.46269
1.84755
2.93845
0.26796
-3.99476
-3.79448
-1.45385
-0.946057
-1.77682
-3.22322
-5.86082
-3.75349
-4.09824
1.40168
-0.202429
0.0618961
-0.266965
-1.81338
0.0764281
0.177976
0.929118
-1.96328
-2.89753
-0.846879
1.18733
1.08732
1.57914
-4.55806
-2.25505
1.09107
-5.285
2.99524
0.38921
-3.32039
-3.47228
-4.74507
-2.32086
0.792921
-5.17142
-6.25217
4.19705
-1.91532
0.37544
-9.13533
-5.47791
7.32946
-2.33911
-2.52256
-0.378688
-4.57067
3.49716
2.99975
-4.90631
1.73663
-2.39205
1.48429
0.548047
-0.866339
-4.66399
-2.93263
3.94458
-4.43926
-0.945607
1.74217
0.993732
-3.24257
-0.50351
1.14892
-1.35542
-2.09798
