[36, 16, 16, 4]
0.546239
0.37607
0.899958
0.0350886
-0.659181
0.461096
0.214673
0.29043
0.36157
0.289163
0.0276901
-0.25272
0.0187266
-0.361666
-0.515469
0.0989029
0.0708631
-0.0950935
0.677291
0.0407482
0.535188
-0.611774
0.166011
-0.284822
0.270532
-0.0102479
0.0931948
0.209853
-0.545876
-0.0342959
-0.284579
-1.91385
0.016389
0.391299
0.695332
0.0130639
0.99177
-0.032147
0.172804
-0.363144
-0.898356
-0.349646
0.416967
-0.273429
-0.468264
-0.175666
-0.803042
-0.177997
0.135564
0.210294
0.901618
-0.00544515
0.328516
0.135651
-0.0168042
0.0789422
0.283671
0.392173
0.308738
-0.36189
-0.193492
-0.426829
-0.18703
-0.642071
0.395671
0.511169
0.44183
-0.00050065
0.322781
-0.147954
0.0390501
-0.232104
-0.471983
-0.518657
0.331346
-0.0344111
-0.39065
-0.24188
-0.463665
-0.581733
-0.0785378
0.27655
0.686137
0.0271832
0.00954971
0.260402
-0.0604345
0.197446
-0.279646
0.00982106
0.332799
-0.284782
-0.0754441
-0.469723
-0.465355
-0.401566
0.133216
0.178647
1.1623
0.0417202
0.542538
-0.435553
0.126964
-0.538159
0.25886
0.158923
0.56273
-0.218531
-0.750247
-0.131932
-0.407497
-0.781251
-0.340503
0.760137
0.505225
0.02895
0.147475
-0.11274
0.396644
0.462205
-0.156328
-0.322838
0.12912
0.240556
0.591835
-0.6356
-0.490913
-0.0910385
-0.0110411
0.455703
0.97051
-0.0885077
-0.226673
-0.0666381
-0.117694
-0.487601
-0.303053
0.0212335
0.713544
-0.45102
-1.00601
-0.262646
-0.997142
-0.275969
0.155109
0.345537
0.906317
-0.96789
-0.348272
0.109809
-0.980586
-0.195191
0.000285864
-1.02366
0.589514
-0.259435
0.0759911
-0.505532
0.370932
-0.762652
-0.256792
0.838329
0.915011
-0.0805355
-0.557837
-0.00533694
-0.372312
-0.0076205
0.114373
-0.961765
0.622758
-0.0700228
-0.043374
-0.522468
-0.741095
0.138866
-0.123842
0.51526
0.814506
0.0699663
0.037416
-0.0275207
-0.429151
-0.0864874
0.23468
-0.311182
0.0891222
-0.322779
-0.141738
-0.606549
-0.115108
-0.657873
0.128485
0.242434
0.890005
0.0112129
-0.595191
0.324369
-0.674389
-0.212911
-0.480285
-0.342379
1.07455
-0.414205
-0.245892
-0.439499
-0.112453
-0.205957
-0.0702475
0.907703
0.714895
0.00533256
-0.161503
0.063544
-0.63321
-0.245216
0.285742
-1.07257
-0.0415635
-0.0893063
0.082532
-0.428411
-0.493699
-0.741674
-0.281646
0.530133
0.942666
0.346239
-0.607927
0.129149
-0.245664
0.311934
0.324368
-0.0194227
0.462879
-0.361835
-0.127917
-0.830697
-0.169925
0.394297
0.201912
0.814537
0.447465
-0.241216
-0.105369
0.228651
-0.839343
-0.326129
-0.427153
-0.3213
0.542236
-0.350446
0.11031
-0.57384
-0.113293
-0.898728
-0.731838
0.478525
1.34379
0.0848911
-0.218607
0.216154
-0.603214
-0.0119842
0.713294
-0.283809
0.353731
-0.448476
0.153685
-0.618868
-0.337065
0.0791246
0.16728
0.829711
0.347958
-1.14115
-0.41982
0.553048
-0.564592
0.178868
-0.383281
-0.13126
0.299194
-0.751313
0.137853
-1.10787
0.31095
-0.0186752
0.162608
0.57464
0.586802
0.112049
-0.263108
0.398724
-0.684087
0.0136036
0.473298
-0.320147
0.1668
-0.226271
0.406665
-0.378369
-0.0121709
-0.442164
0.274068
0.537448
0.510304
-1.05634
0.187981
0.67004
-0.619277
-0.174073
-0.440759
-0.21253
-0.0514395
-0.802029
-0.246506
-0.194839
-0.00750361
-0.598232
0.284222
0.59801
0.599077
-2.42688
-0.0351821
0.447863
-0.713445
0.0422111
-0.0822019
-0.274141
0.707055
-0.567776
0.659395
-1.05012
0.743114
0.21626
0.49341
0.804758
0.20193
-0.280588
-0.774208
0.547342
-0.492454
0.18917
-0.0507077
-0.226836
-0.389961
-0.677753
-0.474309
-0.291115
-0.294453
-0.292026
0.566517
0.70885
0.651491
-0.099834
0.499273
0.778576
-0.831262
-0.301558
-0.116983
0.0269754
0.389779
-0.677318
0.941965
-0.311687
1.1188
-0.0734155
-0.0155942
0.547998
0.401603
-1.12605
-0.343239
0.256417
-0.494052
0.83001
0.187495
-0.214496
-0.00674293
-0.5703
-0.271365
-1.04169
0.0910493
-0.169801
0.43393
0.560281
0.73965
0.0354806
0.211442
0.297792
0.0313757
0.0628794
0.919436
0.615613
0.177283
-0.643171
0.215592
-0.642074
0.238799
-0.39089
0.545464
0.98252
0.667771
0.386469
0.547173
0.592503
-0.199478
1.04168
-0.41497
0.634059
0.357941
-0.969861
0.426363
-0.374694
1.56098
1.36373
0.615439
0.429837
0.340177
1.37788
0.253311
0.396395
0.419991
0.879647
0.821615
0.753819
-0.106633
-0.480652
0.342593
-0.581808
0.297139
-0.813502
0.516713
0.76061
0.459756
0.0102782
0.325274
0.230642
0.105199
0.513448
0.292466
0.273446
-0.19314
-0.531301
0.149124
-0.406831
0.340883
0.446594
0.62767
0.745746
0.525474
0.0339993
0.499854
0.539271
-0.325188
0.279141
0.471329
0.401935
0.849976
-0.420808
0.081076
-0.529804
-0.186977
-0.491265
-0.147877
0.354418
0.581019
-0.77006
0.909224
0.235478
-0.124787
0.143754
-0.100074
0.296023
-0.402822
-0.652523
0.0748702
-0.134475
0.101662
-0.116913
1.48071
0.732413
0.29075
0.018558
-0.640996
0.368734
0.798684
1.43054
1.06128
0.623036
0.0335156
-0.163198
0.391154
-0.731311
0.541719
-0.18003
-0.358026
0.658166
0.566719
0.011744
1.46167
0.420601
-0.0279487
0.653962
0.183264
1.27214
0.715854
-0.945204
0.48117
-0.382006
0.541194
-0.274064
1.51856
-3.943
2.64228
0.600555
0.698822
2.23477
0.845176
2.92018
-1.8379
-1.5003
-0.527819
3.63352
3.7815
1.74244
-1.70173
2.15514
-1.67373
1.97717
-4.55516
0.372237
-1.59689
-3.5978
-1.28985
-1.36338
1.29043
3.2837
1.02434
-4.90779
-4.07761
-4.61573
1.11598
-1.74675
-0.0438642
-0.0219804
-0.88002
0.496501
0.617695
0.360135
-2.5894
-0.23704
0.266063
1.30718
0.553871
-0.140971
1.94035
0.617969
0.61777
0.0477635
-0.0716282
0.0929011
0.0608249
-0.0365904
-2.73265
0.842227
1.13109
0.402425
-0.68277
0.916054
-0.243953
-2.40475
0.576386
0.80064
0.136905
0.0175207
-0.190903
-1.26274
-1.69667
0.473303
-1.35963
-0.569586
0.55599
1.69596
-2.2359
0.85453
0.495965
-0.741674
-0.296715
0.188964
0.389228
0.408305
1.13784
1.32783
1.05134
0.406141
1.81737
-0.66188
-0.736537
0.13762
-0.734599
-1.04284
-0.295633
-2.31705
1.26752
1.45561
0.682782
-0.819388
2.97415
0.769391
2.55665
-0.523916
-1.53819
1.445
-0.113441
3.27611
-2.64547
-1.07518
1.44333
-2.25182
0.367177
-0.0408397
-0.419699
-4.20509
2.08311
0.481191
1.8044
0.10015
-2.36465
-0.150476
0.38754
2.23558
0.344253
-1.29454
-0.882654
-2.62212
1.95371
-0.613513
-2.30459
-1.65903
1.76317
-2.17978
-3.47572
0.362917
2.30541
-1.10059
0.54878
1.08167
-0.296867
1.0091
0.593844
-0.0104124
-1.84017
0.475437
-3.27343
1.90303
0.735323
0.767627
1.07556
3.11762
3.68195
-4.14033
-1.45305
-1.57758
1.16618
-0.00408354
-0.0368675
-0.135077
-0.211668
-1.48104
1.34806
1.71229
2.69992
-1.28791
5.22848
1.90289
1.41274
3.09486
-1.17794
1.75025
0.309432
-0.337453
-0.03673
1.03615
-1.24127
-1.90504
-0.525029
2.84308
0.0280088
1.44974
0.36992
2.22342
1.5347
2.92349
1.07963
-0.0433073
0.5188
0.263371
1.68757
0.243669
0.257666
0.240185
-0.644144
-1.88003
-1.99946
0.558528
-2.18279
0.234539
-0.941816
-1.38033
2.52052
2.98729
-1.7441
0.616864
-1.53707
-2.01769
0.281213
0.349664
1.63189
-1.32605
-0.675799
1.05148
0.618705
0.712845
-0.160242
1.12459
-2.94573
-2.19058
-0.0377265
-1.85198
0.363433
-0.363203
-0.958573
-0.27244
1.33374
1.79549
0.713859
-1.39685
0.0341529
-0.098416
-1.5384
-1.48
-1.78806
1.9395
-2.57408
3.26212
-2.05099
-1.45525
0.487053
0.865162
-2.61664
2.4938
-0.623959
0.0403821
-0.58508
-1.28742
0.987119
1.21687
1.01391
-1.10156
3.89496
-3.97368
2.05914
1.50101
-2.03182
0.349293
2.0452
0.827945
0.246198
-3.71941
0.797794
0.0448708
0.0400871
-0.230202
-1.7791
-2.57221
-1.23788
5.00155
-4.32572
-0.456148
-0.0951928
0.209186
-3.17541
1.12849
-1.33671
3.01459
0.515993
-0.424922
-1.72668
0.235267
0.896971
0.530268
0.0357391
-3.45892
4.33251
-0.247246
2.10773
-0.173954
1.78355
-1.5859
-3.92526
0.341164
-1.51474
0.0703188
-0.271523
2.3015
-1.24192
0.686804
1.04823
-1.13746
2.55969
0.0768442
2.72554
-1.73869
3.93043
0.448332
-1.24013
0.61334
-0.179731
-1.10278
-0.590001
-0.294796
1.41593
-1.66423
1.12708
-1.60237
-0.699118
0.837058
-2.66742
-2.36804
0.15734
-0.0934943
-0.583662
-2.19001
-0.991175
2.60823
0.0768493
-1.12455
-0.581089
-2.79543
1.31333
0.0662063
-0.818396
1.61623
-1.02218
0.0251063
0.307331
-1.04863
0.0043717
0.0232264
-0.757861
0.268403
-1.56591
0.132341
-0.0810057
-0.173651
-0.080898
0.0195635
0.331353
-0.47657
0.194244
-0.236378
-2.15762
1.87792
0.182163
-1.83036
-0.116262
-4.22815
7.33432
-2.69338
6.78653
-5.37602
-2.43
-3.98712
-1.75018
-3.28207
-1.38331
-1.21464
-3.77403
-0.862541
-0.00328607
1.02482
-4.08446
-0.855331
-0.652264
-3.00804
-3.77626
-0.985207
-1.06247
-3.85458
-1.02637
-6.12266
-6.5321
6.29639
2.87617
-7.93299
2.81224
-2.7459
-3.08031
1.96022
-4.42061
6.46585
4.83628
5.951
1.8835
-7.24808
1.77586
3.50077
-2.49928
-2.3545
-0.394972
-2.19583
-2.45875
-8.83556
-0.133978
-4.65645
-1.06859
-2.21459
-2.29143
-1.7785
1.09312
-2.52856
1.06312
2.23802
-4.01031
0.739076
-6.36221
1.64269
-1.91916
-0.583048
-1.41781
-2.84155
