[293, 49, 49, 4]
0.0
0.0
0.0
0.0
0.0
0.0
0.0
0.0
0.0
0.0
0.0
0.0
0.0
0.0
0.0
0.0
0.0
0.0
0.0
0.0
0.0
0.0
0.0
0.0
0.0
0.0
0.0
0.0
0.0
0.0
0.0
0.0
0.0
0.0
0.0
0.0
0.0
0.0
0.0
0.0
0.0
0.0
0.0
0.0
0.0
0.0
0.0
0.0
0.0
0.0
0.737208
0.0
0.0
0.0
0.0
0.0
0.0
0.0
0.0
0.0
0.0
0.0
-0.0543391
0.0
0.0
0.0
0.0
0.0
0.0
0.0
0.0
0.0
0.0
0.0
0.0
0.0
0.0
0.0
0.0
0.0
0.0
0.0
0.0
0.0
0.0
0.0
0.0
0.0
0.0
0.0
0.0
0.0
0.0
0.0
0.0
0.0
0.0
-1.5234
0.0
0.0
0.0
0.0
0.0
0.0
0.0
-0.95567
0.0
0.0
0.0
0.0
0.0
0.0
-1.21602
0.0
0.0
0.0
0.0
0.0
0.0
0.275398
0.0
0.0
0.0
0.0
0.0
0.407895
0.0
0.0
0.0
0.0
-0.182128
0.0
0.0
0.0
0.0
0.0
0.0
0.0
0.0
0.0
0.0
0.0
0.0
0.0
0.0
0.0
0.0
0.0
0.0
0.0
0.0
0.0
0.0
0.0
0.0
0.0
0.0
0.0
0.0
0.0
0.0
0.0
0.0
0.0
0.0
0.0
0.0
0.0
-0.744531
0.0
0.0
0.0
0.0
0.0
0.0
-1.33944
0.0
0.0
0.0
0.0
0.0
0.0
0.0
0.0
0.0
0.0
0.0
0.0
0.0
0.0
0.0
0.0
0.0
0.0
0.0
0.0
0.0
0.0
0.0
0.0
0.0
0.0
0.0
0.0
0.0
0.0
0.0
0.0
0.0
0.0
0.0
0.0
0.0
0.0
0.0
0.0
0.0
0.0
0.0
0.0
0.0
-1.553
0.0
0.0
0.0
0.0
0.0
0.0
0.0
0.0
0.0
0.0
0.0
0.0
0.0
0.0
0.0
0.0
0.0
0.0
0.0
0.0
0.0
0.0
0.0
0.0
0.0
0.0
0.0
0.0
0.0
0.0
0.0
0.0
0.0
0.0
0.0
0.0
0.0
0.0
0.0
0.0
0.0
0.0
0.0
0.0
0.0
0.0
0.0
0.0
0.0
0.0
0.0
0.0
0.0
0.0
0.0
0.0
0.0
0.0
0.0
0.0
0.0
0.0
0.0
0.0
0.0
0.0
0.0
0.0
0.0
0.0
0.0
0.0
0.0154122
0.319811
0.400461
0.00183154
-0.019545
-0.0597964
0.273903
0.729632
-0.417089
1.23078
-0.47277
0.0588929
-0.0712197
0.199123
-0.759501
-0.00734629
0.860298
-0.119022
0.0134759
-0.0567552
-1.53165
0.0888907
0.714906
0.00393376
-0.735306
0.0871645
-0.250759
-0.177853
-0.0019041
-0.0262335
0.1099
-0.0166815
0.945601
0.0450608
0.459593
-0.450475
-0.16722
0.947303
-0.770138
0.105067
-0.0101352
0.37316
0.0508651
-0.481271
0.67816
0.164646
0.287309
-0.170859
-0.115643
0.0
0.0
0.0
0.0
0.0
0.0
0.0
0.0
0.0
0.0
-1.00063
0.0
0.0
0.0
0.0
0.0
-1.24068
0.0
0.0
0.0
0.0
0.0
0.0
0.0
0.0
0.0
0.0
1.14924
0.0
0.0
0.0
0.0
0.0
0.0
0.0
0.0
0.0
0.0
0.0
0.0
0.0
0.0
0.0
0.0
0.0
0.0
0.0
0.0
0.0
0.0174046
-0.533066
0.718474
0.00354828
-0.00836032
-0.297264
0.797738
0.776016
-0.871312
1.3123
-0.795536
0.333063
-0.824637
0.770639
-0.561027
0.0078566
-0.0967653
-0.740445
-0.0109126
-0.0779614
0.275218
0.183439
0.733736
0.0242205
0.37003
0.310967
-0.294238
0.184505
-0.00419737
0.0163791
-0.0979739
-0.144531
0.469436
-1.9937
0.825189
-0.232936
0.997838
-1.01525
-0.931582
-0.0605626
-0.187794
0.607893
0.544556
-0.572592
-0.0690598
0.406831
0.138543
0.213126
-0.46875
0.0
0.0
0.0
0.0
0.0
0.0
0.0
0.0
0.0
0.0
0.0
0.0
0.307327
0.0
0.0
0.0
0.0
0.0
0.0
0.0
0.0
0.0
0.0
0.0
0.0
0.0
0.0
0.0
0.0
0.0
0.0
0.0
0.0
0.0
0.0
0.0
0.0
0.0
0.0
0.0
0.0
0.0
0.0
0.0
0.0
0.0
0.0
0.0
0.0
0.0246741
-0.148867
0.242897
0.00336935
-0.00508834
0.153176
-0.188789
-0.286239
-0.659746
1.73795
-0.907554
0.258299
-1.10206
-0.0744621
0.488434
0.0323654
0.230664
-0.369091
-0.00427688
0.0528562
-1.12242
-0.0382442
0.339537
1.20164
1.10906
-0.00240614
-0.264962
0.24876
0.00610429
0.154702
-1.10274
-0.536413
-0.860362
1.63106
1.00459
-0.373489
-0.0517386
-1.1906
-0.845815
0.317973
-0.0736272
0.933942
0.959786
0.3848
-0.127993
0.00930931
0.0469272
0.0285622
0.0988206
0.0
0.0
0.0
0.0
0.0
0.0
0.0
0.0
0.0
0.0
0.0
0.0
0.0
0.0
0.0
0.0
0.0
0.0
0.0
0.0
0.0
0.0
0.0
0.0
0.591685
-0.518702
0.0
0.0
0.0
0.0
0.0
0.0
0.0
0.0
0.0
0.0
0.0
0.0
0.0
0.0
0.0
0.0
0.0
0.0
0.0
0.0
0.0
0.0
-0.988849
0.0
0.0
0.0
0.0
0.0
0.0
0.0
0.0
0.0
0.0
0.0
0.0
0.0
0.0
0.0
0.0
0.0
0.0
0.0
0.0
0.0
0.0
0.0
0.0
0.0
0.0
0.0
0.628759
0.0
-0.0533547
0.0
0.0
0.0
0.0
0.0
0.0
0.0
0.0
0.0
0.0
0.0
0.0
0.0
0.0
0.0
0.0
0.0
0.0
0.0
0.0
0.0
0.0
0.0
0.0
0.0
0.0
0.0
0.0
0.0
0.0
0.0
0.0
0.0
0.0
0.0
0.0
0.0563181
0.0
0.847866
0.0
0.0
0.0
0.0
0.0
0.0
0.0
0.0
0.0
-3.29884
0.0
0.0
0.0
0.0
0.0
0.0
0.0
0.0
0.0
0.0
0.0
0.0
0.0
0.0
0.0
0.0
0.0
0.0
0.0
0.0
0.0
0.0
-0.886634
0.0
0.0
0.0
0.0
0.0
0.0
0.0
0.0114516
0.0
0.0
0.0
0.0
0.0
0.0
-0.124704
0.0
0.0
0.0
0.0
0.0
0.0
0.0
0.0
0.0
0.0
0.0
0.0
0.0
0.0
0.0
0.0
0.0
0.0
0.0
0.0
-0.0749717
0.0
0.0
0.0
0.0
0.0
0.0
0.0
0.0
0.0
0.0
0.0
0.0
0.0
0.0
0.0
0.0
0.0
0.0
0.0
0.0
1.40098
0.0
0.0
0.0
0.0
0.0
0.0
0.0
0.0
0.0
0.0
0.0
0.0
0.0
0.0
0.0
0.0
-0.686235
0.0
0.0
0.0
0.0
0.0
0.0
0.0
0.0
0.0
0.0
0.0
0.0
0.0
0.0
0.0
0.0
0.0
0.0
0.0
0.0
0.0
0.0
0.0
0.0
0.0
0.0
0.0
0.0
0.0
0.0
0.0
0.0
0.0
0.493307
0.0
0.0
0.0
0.0
0.0
0.0
0.0
0.0
0.0
0.0
0.0
0.0
-1.23744
0.0
0.0
0.0
0.0
0.0
0.0
0.0
0.0
0.0
0.0
0.0
0.0
0.0
0.0
0.0
0.0
0.0
0.0
0.0
0.0
0.0
0.0
0.0
0.0
0.0
0.0
0.0
0.0
0.0
0.0
0.0
0.0
1.02117
0.0
0.0
0.0
0.0
0.0
0.0
0.0
0.0
0.0
0.0
0.0
0.0
0.0
0.0
0.0
0.0
0.0
0.0
0.0
0.0
0.0
0.0
0.0
0.0
0.0
0.0
0.0
0.0
0.0
0.0
0.0
0.0
0.0
0.0
0.0
-0.220894
0.0
0.0
0.0
0.0
0.0
0.0
-0.233422
0.0
0.0
0.0
0.0
0.0
0.0
0.0
0.0
0.0
0.0
0.0
0.0
-0.558335
0.0
0.0
0.0
0.0
0.0
0.0
0.0
0.0
0.0
0.0
0.0
0.0
0.0
0.0
0.0
0.0
-1.18362
0.0
0.0
0.0
0.0
0.0
0.0
0.0
0.0
0.0
0.0
0.0
0.0
0.0
0.0
0.0
0.0
0.0
0.0
0.0
0.0
0.0
0.0
0.0
0.0
0.0
0.0
0.0
0.385587
0.0
0.0
0.0
0.0
0.0
0.0
0.0
0.0
0.0
0.0
0.0
0.0
-0.100664
0.0
0.0
0.0
0.0
0.0
0.0
0.0
0.0
0.0
0.0
0.0
0.0
0.0
0.0
0.0
0.0
0.0
0.0
0.0
0.0
0.0
0.0
0.0
0.0
0.0
0.0
0.0
0.0
0.0
0.0
0.0
0.0
0.0
0.0
0.0
0.0
0.0
0.0
0.0
0.0
0.0
0.0
0.0
0.0956709
0.0
0.0
0.0
0.0
0.0
0.0
0.0
0.0
0.0
0.0
0.0
0.0
0.0
0.0
0.0
0.0
0.0
0.0
0.0
0.0
0.0
0.0
0.0
0.0
0.0
0.0
2.69474
0.000330669
0.218115
-0.0362393
0.000963697
1.77485
-0.13759
0.185211
0.545988
-0.167675
1.04786
-0.14747
0.338161
-0.192543
-0.169617
-0.465512
-0.00664327
0.0338984
-0.272354
0.0109644
-0.191717
-1.11659
-0.577816
0.533156
-0.100395
-0.382622
-0.994833
-0.153803
-0.0881076
-0.00184377
-0.00989641
0.430362
-0.178343
0.460256
-0.0674767
0.374528
-0.446471
0.371028
0.589048
-0.209558
0.0954435
0.0131035
0.0546534
-0.535167
0.087799
0.582262
-0.368051
0.281261
0.0199606
-0.0769787
0.0
0.0
0.0
0.0
0.0
0.0
0.0
0.0
0.0
0.0
0.0
0.0
0.0
0.0
0.0
0.0
0.0
0.0
0.0
0.0
0.0
0.0
0.0
0.0
0.0
0.0
0.0
0.0
0.0
0.0
0.0
0.0
0.0
0.0
0.0
0.0
0.0
0.0
-1.08484
0.0
0.0
0.0
0.0
0.0
0.0
0.0
0.0
0.0
0.0
0.0
0.0
0.0
0.0
0.0
0.0
0.0
0.0
0.0
0.0
0.0
0.0
0.0
0.0
0.0
0.0
0.0
0.0
0.0
0.0
-0.526204
0.0
0.0
0.0
0.0
0.0
0.0
-0.142961
0.0
0.0
0.0
0.0
0.0
0.0
0.0
0.0
0.0
0.0
0.0
0.0
0.0
0.0
0.0
0.0
0.0
0.0
0.0
0.0
0.0
0.0
0.0
0.0
0.0
0.0
0.0
0.0
0.0
0.0
0.0
0.0
0.0
0.0
0.0
0.637177
0.0
0.0
0.0
0.0
0.0
0.0
0.0
0.0
0.0
0.0
1.71355
0.0
0.0
0.0
0.0
0.0
0.0
0.0
0.0
0.0
0.0
0.0
0.0
0.0
0.0
0.0
0.0
0.0
0.0
0.0
0.0
0.651985
0.0
0.0
0.0
0.0
0.0
0.0
0.0
0.0
0.0
0.0
0.0
0.0
0.0
0.0
0.0
0.0
0.0
0.0
0.0
0.0
0.0
0.0
0.0
0.0
0.0
0.0
1.93365
0.0
0.0
0.0
0.0
0.0
0.0
0.0
0.0
0.0
0.0
0.0
0.0
0.0
0.0
0.0
0.0
0.0
0.0
0.0
0.0
0.0
0.0
0.0
0.0
0.0
0.0
0.0
0.0
0.0
0.0
0.0
0.0
0.0
-0.689594
0.0
0.0
0.0
0.0
0.0
0.0
0.0
0.0
0.0
0.0
0.0
0.0
0.0
0.0
0.0
0.0
0.0
0.0
0.0
0.0
0.0
0.463742
0.0
0.0
0.0
0.0
0.0
0.0
0.0
0.0
0.0
0.0
0.0
0.0
0.0
0.0
0.0
0.0
0.0
0.0
0.0
0.0
0.0
0.0
0.0
0.0
0.0
0.0
0.0
0.0
0.0
0.0
0.0
0.0
0.0
0.0
0.0
0.0
0.0
0.0
0.0
0.32464
0.0
0.0
0.0
0.0
0.0
0.0
0.0
0.0
0.0
0.0
0.0
-0.230631
0.0
0.0
0.0
0.0
0.0
0.0
0.0
0.0
0.0
0.0
0.0
0.0
0.0
0.0
0.0
0.0
0.0
0.0
0.0
0.0
-1.09104
0.0
0.0
0.0
0.0
0.0
0.0
0.0
0.0
0.0
0.0
0.0
0.0
0.0
0.0
0.0
0.0
0.0
0.0
0.0
0.0
0.0
0.0
0.0
0.0
0.0
0.0
0.0
0.0
0.0
0.0
0.0
0.0
0.0
0.0
0.0
0.0
0.0
0.0
0.0
0.0
0.0
1.72406
-0.0251716
-0.473901
0.432101
-0.593253
-0.0182023
-0.226257
0.0635826
-1.13611
-0.255067
1.46342
0.212094
0.00981662
-0.683151
0.159477
-1.17968
-0.00375781
0.0056463
-0.600829
-0.0168075
-0.204939
-1.40685
0.423203
0.451476
0.123687
0.625581
0.386561
-0.281433
-0.0969174
-0.00499494
0.0745946
-1.30361
-0.314046
0.329781
1.04834
0.689195
-0.522813
-0.950919
-0.484252
-0.24173
-0.848541
-0.028167
0.718991
0.256558
2.17561
0.0458393
0.0449181
-0.0854846
-0.160122
0.0353431
0.0
0.0
0.0
0.0
0.0
0.0
0.0
0.0
0.0
0.0
0.0
0.0
0.0
0.0
0.0
0.0
0.0
0.0
0.0
0.0
0.0
0.0
0.0
0.0
0.0
0.0
0.0
0.0
0.0
0.0
0.0
0.0
0.0
0.0
-1.41129
0.0
0.0
0.0
0.0
0.0
0.0
0.0
0.0
0.0
0.0
0.0
0.0
0.0
0.0
0.0
0.0
0.0
0.0
0.0
0.0
0.0
0.0
0.0
0.0
0.0
0.0
0.0
0.0
0.0
0.0
0.0
0.0
0.0
0.0
0.0
0.993439
0.0
0.0
0.0
0.0
0.0
0.0
0.0
0.0
-1.20806
0.0
0.0
0.0
0.0
0.0
0.0
0.0
0.0
0.0
0.0
0.0
0.0
0.0
0.0
1.08147
0.0
-0.324186
0.0
0.0
0.0
0.0
0.0
0.0
0.0
0.0
0.0
0.0
0.6525
0.0
0.0
0.0
0.0
0.0
0.0
0.0
0.0
0.0
0.0
0.0
0.0
0.0
0.0
0.0
0.0
0.0
0.0
0.0
0.0
0.0
0.0
0.0
0.0
0.0
0.0
0.0
0.0
0.0
0.0
0.0
0.0
0.0
0.0
0.0
0.0
0.0
0.0
0.0
0.152495
0.0
0.0
0.0
0.0
0.0
0.0
0.0
0.0
0.0
0.0
0.0
0.0
0.0
0.0
0.0
0.0
0.0
0.0
0.0
0.0
0.0
0.0
0.0
0.0
0.0
0.0
0.0
0.0
0.0
0.0
0.0
0.0
-0.0392674
0.0
0.0
0.0
0.0
0.0
0.0
0.0
0.0
0.0
0.0
0.0
0.0
0.0
0.0
0.0
0.0
0.0
0.0
0.0
0.820427
0.0
0.0
0.0
0.0
0.0
0.0
0.0
0.0
0.0
0.0
0.0
0.0
0.0
0.0
0.0
0.0
-1.10094
0.0
0.0
-1.16649
0.0
0.0
0.0
0.0
0.0
0.0
0.0
0.0
0.0
0.0
0.0
0.0
0.0
0.0
0.0
0.0
0.0
0.0
0.0
0.0
0.0
0.0
0.0
0.0
0.0
0.0
0.0
0.0
0.0
0.0
0.0
-1.04245
0.0
0.0
0.0
0.0
0.0
0.0
0.0
0.0
0.0
0.0
0.0
0.0
0.0
0.0
0.0
0.0
0.0
0.0
0.0
0.0
0.0
0.0
0.0
0.0
0.0
0.0
0.0
0.0
0.0
1.43921
0.0
0.0
0.0
0.0
0.0
0.0
0.0
0.0
0.0
0.0
0.0
-0.00254452
-1.57932
-0.135186
-0.000468215
-0.00862706
-0.0503548
0.405744
0.657062
0.0245703
1.04708
-0.17811
0.218535
0.00259495
-0.00544329
-0.369391
-0.0173654
1.04173
-0.110376
0.00506918
-0.298117
-0.963532
-0.300624
0.152884
-1.53269
-0.559971
-0.890471
-0.129348
0.051779
-0.000180703
-0.0839947
0.671008
0.117223
0.37806
-0.881196
0.126058
-0.573039
-0.0683433
0.432419
-0.345393
0.404835
0.0105442
-0.464157
0.0409834
-0.375354
0.647287
-0.269121
0.299562
-0.104756
0.143375
0.0
0.0
-0.270405
0.0
0.0
0.0
0.0
0.0
0.0
0.0
0.0
0.0
0.0
0.0
0.0
0.0
0.0
0.0
0.028892
0.697836
0.0
0.0
0.0
0.0
0.0
0.0
0.0
0.0
1.50067
0.0
0.0
0.0
0.0
0.0
0.0
0.0
0.0
0.0
0.0
0.0
0.0
0.0
0.0
0.0
0.0
0.0
0.0
0.0
-0.317891
0.0
0.798134
0.0477709
0.0
0.0
0.0
0.0
0.0
0.0
0.0
0.0
0.0
0.0
0.0
0.0
0.0
0.0
0.0
0.0
0.0
0.0
0.0
0.344342
0.0
0.0
0.0
0.0
0.0
0.0
0.0
-0.459805
0.0
0.0
0.0
0.0
0.0
0.0
0.0
0.0
0.0
0.0
0.0
0.124345
0.0
0.0
0.0
0.0
0.0
0.0
0.0
0.0
0.0
0.0
0.0
0.0
0.0
0.0
0.0
0.0
0.0
0.0
0.0
0.0
0.0
0.0
0.0
0.0
0.0
0.0
0.0
0.0
0.0
0.0
0.0
0.0
0.0
0.0
0.0
0.0
0.0
0.0
0.0
0.0
0.0
0.0
0.0
0.0
0.0
0.0
0.0
0.0
0.0
0.0
0.0
0.0
-0.145486
0.0
0.0
0.0
0.0
0.0
0.0
0.0
0.0
0.0
0.0
0.0
0.0
0.0
0.0
0.0
0.0
0.0
0.0
0.0
0.0
0.0
0.0
0.0
0.0
0.0
0.0
0.0
0.0
0.0
0.0
0.0
0.0
0.0
0.0
0.0
0.0
0.0
0.0
0.0
0.0
0.0
0.0
0.0
0.0
0.0
0.0
0.0
0.0
0.0
0.0
0.0
0.0
0.0
0.888517
0.0
0.69119
1.62523
0.0
0.0
0.0
0.0
0.0
0.0
0.0
0.0
0.0
0.0
0.0
0.0
0.0
0.0
0.0
0.0
0.0
1.93885
0.0
0.0
0.0
0.0
0.0
0.0
0.0
0.0
0.0
0.0
0.0
0.0
0.0
0.0
0.0
0.0
0.0
0.0
0.0
0.0
0.0
0.0
0.0
0.0
0.0
0.0
1.24484
0.0
0.0
0.0
0.0
0.0
0.0
0.0
0.0
0.0
0.0
0.0
0.0
0.0
0.0
0.0
0.0
0.0
0.0
-0.00374869
0.0
0.0
0.0
0.0
0.0
0.0
0.0
0.0
0.0
0.0
0.0
0.0
0.0
0.0
0.0
0.0
0.0
0.0
0.0
0.0
0.0
0.0
0.0
0.0
2.18129
0.0
0.0
0.104274
0.80082
0.0
0.0
0.0
0.0
0.0
-0.252957
0.0
0.0
0.0
0.0
0.0
0.0
0.0
0.0
0.0
0.0
0.0
0.0
0.0
0.0
0.0
0.0
-0.967766
0.0
0.0
0.0
0.0
0.0
0.0
0.0
0.0
0.0
0.0
0.0
0.0
0.0
0.0
0.0
0.0
0.0
0.0
0.0
0.0
0.0
0.0
0.0
0.0
0.0
0.0
0.0
0.0
0.0
0.0
0.0
0.0
0.0
0.0
0.0
0.0
0.0
0.0
0.0
0.0
0.0
0.0
0.0
0.0
0.824432
0.0
0.0
0.0
0.0
0.0
0.0
0.0
0.0
0.0
0.90997
0.0
0.0
0.0
0.0
0.0
0.0
0.0
0.0
-0.0731488
0.0
0.0
0.0
0.0
0.0
0.0
0.0
0.0
0.0
0.0
0.0
0.0
0.0
0.0
0.0
0.0
0.0
0.0
0.0
-0.0402394
0.0
0.431306
0.0
-0.759908
0.0
0.0
0.0
0.0
0.0
0.0
0.0
0.0
0.0
0.0
0.0
0.0
0.0
0.0
0.450813
0.0
0.0
0.0
0.0
0.0
0.0
0.0
0.0
0.115307
0.0
0.0
0.0
0.0
0.0
0.0
0.0
0.0
0.0
0.0
0.0
0.0
0.0
0.0
0.0
0.279619
0.0
0.0
0.0
0.0
0.0
0.0
0.0
0.0
0.0
0.0
0.0
0.0
0.999519
1.48451
0.0
0.0
0.0
0.0
0.0
0.0
0.0
0.0
0.0
0.0
0.0
0.0
0.0
0.0
0.0
0.0
0.0
-1.18793
0.0
0.0
0.0
0.0
0.0
0.0
0.0
0.0
0.0
0.0
0.0
0.0
0.0
0.0
0.0
0.0
0.0
0.0
0.0
0.0
0.0
0.0
0.0
0.0
0.0
0.0
0.0
0.0
0.0
0.0
0.277883
0.0
0.0
0.0
0.0
0.0
-0.504411
0.0
0.0
0.0
0.0
0.0
0.0
0.0
0.0
0.0
0.0
0.0
0.0
0.0
0.0
0.0
0.0
0.0
0.0
0.0
0.0
0.0
0.0
0.0
0.0
-0.0278998
-0.314579
0.176242
0.00128102
-0.0102199
-0.0605166
-0.39998
-0.821419
-0.121366
1.19928
-0.121388
-0.230642
-0.900412
0.0609698
-0.581567
0.0127754
0.0172487
-0.335158
-0.0175357
-0.331271
-0.0580861
0.380047
0.429748
0.0742847
1.0503
0.34914
-0.309025
0.0479228
0.000509602
0.129048
-1.14168
-0.245922
-0.358453
1.49927
0.621687
-0.171421
-1.33676
-0.614747
-0.0330117
-0.526339
0.0312748
0.681216
0.630742
1.98364
-0.16645
0.312421
-0.227779
-0.115569
-0.128002
0.0
0.0
0.0
0.0
0.0
0.0
0.0
0.0
0.0
0.0
0.0
0.0
0.0
0.0
0.0
0.0
0.0
0.0
0.0
0.0
0.0
0.0
0.0
0.0
0.0
0.0
-0.303122
0.0
0.0
0.0
0.0
0.0
0.0
0.0
0.0
1.12781
0.0
0.0
0.0
0.0
0.0
0.0
0.0
0.0
0.0
0.0
0.0
0.0
0.0
0.0
0.0
0.0
0.0
0.0
0.0
0.0
0.0
0.0
0.0
0.0
0.0
0.0
0.0
0.0
0.0
0.0
0.0
0.0
0.0
0.0
0.0
0.0
0.0
0.0
0.0
0.0
0.0
0.0
0.0
0.0
0.070852
0.0
0.0
0.0
-0.0137441
0.0
0.0
0.0
0.0
0.0
0.0
0.0
0.0
0.0
0.0
0.0162461
0.0
0.0
0.0
0.0
0.0
0.0
0.0
0.0
0.0
0.0
0.0
0.0
0.0
0.0
0.0
0.357341
0.0
0.0
0.0
0.0
0.0
0.0
0.0
0.0
0.0
0.0
0.0
0.0
0.0
0.0
0.0
0.0
0.0
0.0
0.0
0.0
0.0
0.0
0.0
0.0
0.0
0.0
0.0
0.0
0.0
0.0
0.0
0.0
0.0
0.0
0.0
0.0
0.0
0.0
0.0
0.0
0.0
0.0
0.0
0.0
0.0
0.0
0.0
0.0
0.0
0.173477
0.0
0.0
0.0
0.0
0.0
0.0
0.0
0.0
0.0
0.0
0.0
0.0
0.0
0.0
0.0
0.0
0.0
0.0
0.0
0.0
0.0
0.0
0.0
0.0
0.0
0.0
0.673093
0.0
0.0
0.0
0.0
0.0
0.0
0.0
0.0
0.0
0.0
0.0
0.0
0.0
0.0
0.0
0.0
0.0
0.0
0.0
0.0
0.0
0.0
0.221605
0.0
0.0
0.0
0.0
0.0
-0.306443
0.0
0.0
0.0
0.0
0.0
0.0
0.0
0.0
0.0
0.0
0.0
0.0
0.0
0.0
0.0
0.0
0.0
0.0
0.0
0.0
0.0
0.0
0.0
0.0
0.0
0.0
0.0
0.0
0.0
0.0
0.0
0.0
0.0
0.0
0.0
0.0
0.0
0.0
0.0
0.0
0.0
0.0
0.0
0.0
0.0
0.0
0.0
0.0
0.0
0.0
0.0
0.0
0.0
0.0
0.0
0.0
0.0
0.0
0.0
0.0
0.0
2.02749
0.0
0.0
-0.873048
0.0
0.0
0.0
0.0
0.0
0.0
0.0
0.0
0.0
0.0
0.0
0.0
0.0
0.0
0.0
0.0
0.0
0.0
0.0
-1.2295
0.0
0.0
0.0
0.0
0.0
0.0
0.0
0.0
0.0
0.0
0.0
0.0
0.0
0.0
0.0
0.0
0.0
0.0
0.0
0.0
0.0
0.0
1.41456
0.0
0.0
0.0
0.0
0.0
0.0
0.0
0.0
0.0
-0.60462
0.0
0.0
0.0
0.0
0.0
-1.15191
0.0
0.0
0.0
0.0
0.0
0.0
0.285852
0.0
0.0
0.0
0.0
0.0
0.0
0.0
0.0
0.0
1.09511
0.0
0.0
0.0
0.0
0.0
0.0
0.0
0.0
0.0
0.0
1.09233
0.0
0.0
0.0
0.0
0.0
0.0
0.0
0.0
0.0
0.0
0.0
0.0
0.0
0.0
0.0
-0.695574
0.0
0.0
0.252819
0.0
0.0
0.0
0.0
0.0
0.0
0.0
0.0
0.0
0.0
0.0
0.0
-0.277662
0.0
0.0
0.0
0.0
0.0
0.0
0.0
0.0
0.0
0.0
0.0
0.0
0.0
0.0
0.0
0.0
0.0
0.0
0.0
0.0
0.0
0.0
0.0
0.0
0.0
0.0
0.0
0.0
0.0
0.0
0.0
-0.54996
0.0
0.0
0.0
0.0
0.0
0.0
0.0
0.0
0.0
0.0
0.0
0.0
0.0
0.0
0.0
0.0
0.0
0.0
0.0
0.0
0.0
0.0
0.0
0.0
0.0
0.0
0.0
0.0
0.0
0.0
0.0
0.0
1.19712
0.0
0.0
0.0
0.0
0.0
0.0
0.0
0.0
0.0
0.0
0.0
0.0
0.0
0.0
0.0
0.0
0.0
0.0
0.0
0.0
0.0
0.0
0.0
0.0
0.0
0.0
0.0
0.0
0.0
0.0
0.0
0.0
0.0
0.0
0.0
0.0
0.0
0.0
0.0
0.0
0.0
0.0
0.0
0.0
0.0
0.0
0.0
0.0
0.0
0.0
0.0
0.0
0.0
0.0
0.0
0.0
0.0
0.0
0.0
0.0
0.0
0.0
0.0
0.0
0.0
1.15337
0.0
0.0
0.0
0.0
0.0
0.0
0.0
0.0
0.0
0.0
0.0
0.0
0.0
0.0
0.0
0.0
0.0
0.0
0.0
0.0
0.0
0.0
0.0
0.0
0.0
-0.0666507
0.0
0.0
0.0
0.823255
0.0
0.0
0.0
0.0
0.0
0.0
0.0
0.0
0.0
0.0
0.0
0.0
0.0
0.0
0.0
0.0
0.0
0.0
0.0
0.0
0.0
0.0
0.0
0.0
0.273775
0.0
0.0
0.0
0.0
0.0
0.0
0.0
0.0
0.0
0.0
0.0
0.0
0.0
0.0
0.0
0.0
0.0
0.0
0.0
0.0
0.0
0.0
0.0
0.0
0.0
0.0
0.0
0.0
0.0
0.0
0.0
1.57696
0.0
0.0
0.0
0.0
0.0
0.0
0.0
0.0
0.0
0.0
0.0
0.0
0.0
0.0
0.0
0.0
0.0
0.0
0.0
0.0
0.0
0.0
0.0
0.0
0.0
0.0
0.0
0.0
0.0
0.0
0.0
0.0
0.0
0.0
0.0
0.0
0.0
0.0
0.0
0.0
0.0
-1.91887
0.0
0.0
0.0
0.0
0.0
0.0
0.0
0.0
0.0
0.0
0.0
0.0
0.0
0.0
0.0
0.0
0.0
0.0
0.0
0.0
0.0
0.0
0.0
0.0
0.0
0.0
0.0
0.0
0.0
0.0
1.7536
0.0
0.0
0.091424
0.0
0.0
0.0
0.0
0.0
0.0
0.0
0.0
0.0
0.0
0.0
0.0
0.0
0.0
0.0
0.0
0.0
0.0
0.0
0.0
0.0
0.0
0.0
0.0
0.0
0.0
0.0
0.0
0.0
0.0
0.0
0.0
0.0
0.0
0.0
0.0
0.0
0.0
0.0
0.0
0.0
0.0
0.0
0.0
0.0
0.0
0.0
0.0
0.0
0.0
0.0
0.0
0.0
0.0
0.0
0.0
0.0
0.0
0.0
0.0
0.0
0.0
0.0
0.0
0.0
0.0
0.0
0.0
0.0
0.0
0.0
0.0
0.0
0.0
0.0
0.0
0.0
0.0
0.0
0.0
0.0
0.0
0.0
0.0
0.0
0.0
0.0
0.0
0.0
-1.20839
0.0
0.0
0.0
0.0
0.0
0.0
0.0
0.0
0.0
0.0
0.0
0.0
0.0
0.0
0.593372
0.0
0.0
0.0
0.0
0.0
0.0
0.0
0.0
0.0
-0.560259
-0.0168759
0.593872
0.0
0.0
0.0
0.0
0.0
0.0
0.0
0.0
0.0
0.0
0.0
0.0
0.0
0.0
0.0
0.0
0.0
0.0
0.0
0.0
0.0
0.0
0.0
0.0
0.0
0.0
0.0
0.0
0.0
0.0
0.0
0.0
0.0
0.0
0.0
0.0
0.0
0.0
0.0
0.0
0.0
0.0
0.0
0.0
0.0
0.0
0.0
0.0
0.0
0.0
0.0
0.0
0.0
0.0
0.0
0.0
0.0
0.0
0.0
0.0
0.0
0.0
0.0
0.0
0.0
0.0
0.0
0.0
0.0
0.0
0.0
0.0
0.0
0.0
0.0
0.0
0.0
0.0
0.0
0.0
0.0
0.0
0.0
0.0
0.0
0.0
0.0
0.0
0.0
0.0
0.0
0.0
0.0
0.0
0.0
0.0
0.0
0.0
0.0
-1.96319
0.0
0.0
0.0
0.0
0.0
0.0
0.0
0.0
0.0
0.0
0.0
0.0
0.0
0.0
0.0
0.0
0.0
0.0
0.0
0.0
-1.42949
0.0
0.0
0.0
0.0
0.0
0.0
0.0
0.0
0.0
0.0
0.0
0.0
0.0
0.0
0.0
0.0
0.0
0.0
0.0
0.0
0.0
0.0
0.0
0.0
0.0
0.0
0.0
0.0
0.0
0.0
0.0
0.0
0.0
0.0
0.0
0.0
0.0
0.0
0.0
0.0
0.0
0.0
0.0
0.0
0.0
0.0
-0.01509
-0.0198586
-0.176784
-0.000809705
0.0134969
-0.282231
-0.0490262
0.647151
-0.0356875
1.01128
-0.0474432
0.268097
-0.0651244
0.0221572
-0.271258
-0.00772883
-0.0285435
-0.0750781
0.00710546
-0.267883
-0.801633
-0.0056168
0.104421
-0.108156
-0.664416
-1.05531
-0.160454
-0.0762447
0.140221
-0.0511767
-0.803655
-0.0709564
0.144048
0.0174822
0.122788
-0.368271
0.00812716
0.518923
-0.000658336
-0.0491763
-0.00993197
-0.344274
-0.00663867
-0.362866
0.607107
-0.120857
0.180255
-0.143842
0.23505
0.0
0.0
0.0
0.0
0.0
0.0
0.0
0.0
0.0
0.0
0.0
0.0
-1.68443
0.0
0.0
0.0
0.0
0.0
0.0
0.0
0.0
0.0
0.0
0.0
0.0
0.0
-1.48443
0.0
0.0
0.0
0.0
0.0
0.0
0.0
0.0
0.0
0.0
0.0
0.0
0.0
0.0
0.0
0.0
0.0
0.0
0.0
0.0
0.0
0.0
0.0
0.0
0.0
0.0
0.0
0.0
0.0
0.0
0.0
0.0
0.0
0.0
0.0
0.0
0.0
0.0
0.0
0.0
0.0
0.0
0.0
0.0
0.0
0.0
0.0
0.0
0.0
0.0
0.0
0.0
0.0
0.0
0.0
0.0
0.0
-0.570675
0.0
0.0
0.0
0.0
0.770431
0.0
0.0
0.0
0.0
0.0
0.0
0.0
0.0
0.0
0.0
0.0
0.0
0.0
0.0
0.0
0.0
0.0
0.0
-1.11011
0.0
0.0
0.0
0.0
0.0
0.0
0.0
0.0
0.0
-1.47314
0.0
0.0
0.0
0.0
0.0
0.0
0.0
0.0
0.0
0.0
0.0
0.0
0.0
0.0
0.0
0.0
0.0
0.0
0.0
0.0
0.0
0.0
0.0
0.0
0.0
0.0
0.0
0.0
0.0
0.0
0.0
0.0
0.0
0.0
0.0
0.0
0.0
0.0
0.0
0.0
0.0
0.0
0.0
0.0
0.0
0.0
0.0
0.0
0.0
0.0
0.694666
0.0
0.0
0.0
0.0
0.0
0.0
0.0
0.0
0.0
0.0
0.0
0.0
0.0
0.0
0.0
0.0
0.0
0.0
0.0
0.0
0.0
0.0
0.0
0.0
0.0
0.0
0.0
0.0
0.0
0.0
0.0
0.0
0.0
0.0
0.0
0.0
0.0
0.0
0.0
0.0
0.0
0.0
0.0
0.0
0.0
0.0
0.0
0.0
0.0
0.0
0.0
0.0
0.0
0.0
0.0
0.0
0.0
0.0
-0.157215
0.0
0.0
0.0
0.0
0.0
0.0
0.0
0.0
0.0
0.0
0.0
0.0
0.0
0.0
0.0
0.0
1.7236
0.0
0.0
0.0
0.0
0.0
0.0
0.0
0.0
0.0
0.0
0.0
0.0
0.0
0.0
0.0
0.0
0.0
0.0
0.0
0.0
0.0
-0.99546
0.0
0.0
0.0
0.0
0.0
0.0
0.0
0.0
0.0
0.0
0.0
0.0
0.0
0.0
0.0
0.0
0.0
0.0
0.0
0.0
0.0
0.0
0.0
0.0
0.0
0.0
0.0
0.0
0.0
0.0
0.0
0.0
0.0
0.0
0.0
0.0
0.0
0.0
0.0
0.0
0.0
0.0
0.0
0.0
0.0
0.0
0.0
0.0
0.0
0.0
0.0
0.0
0.0
0.0
0.0
0.0
0.0
0.0
0.0
0.0
0.0
0.0
0.0
0.0
0.0
0.0
0.0
0.0
0.0
0.0
0.0
0.0
0.859931
0.0
0.0
0.0
0.0
0.0
0.0
0.0
0.0
0.0
0.0
-0.724652
0.0
0.0
0.0
0.0
0.0
0.0
0.0
0.0
0.0
0.0
0.0
0.0
0.0
-2.11371
0.0
0.0
0.0
0.0
0.0
0.0
0.0
0.0
0.507485
0.0
0.0
0.0
0.0
0.0
0.0
0.0
0.0
0.0
0.0
0.0
0.0
0.0
0.0
0.0
-0.904838
0.0
0.0
0.0
0.0
0.0
0.0
0.0
0.0
0.0
0.0
0.0
0.0
0.0
0.0
0.0
0.0
0.0
0.0
0.0
0.0
0.0
-0.146693
0.0
0.0
0.0
0.0
0.0
0.0
0.0
0.0
0.0
0.0
0.0
0.0
0.0
0.0
0.0
0.0
0.0
0.0
0.0
0.0
0.0
-0.267777
0.0
0.0
0.0
0.0
0.0
0.0
0.0
0.0
0.0
-1.3361
0.0
0.0
0.0
0.0
0.0
0.0
0.0
0.0
0.0
0.0
0.0
0.0
0.0
0.0
0.0
0.0
0.0
0.0
0.0
0.0
0.0
0.0
0.0
0.0
0.0
0.0
0.0
0.0
0.0
0.0
0.0
0.0
0.0
0.0
0.0
0.0
0.0
0.0
0.0
0.0
0.0
0.0
-0.438998
0.0
0.0
0.0
0.0
0.0
0.0
0.0
0.0
0.0
0.0
0.0
0.0
0.0
0.0
0.0
0.0
0.0
0.0
0.0
0.0
0.0
0.0
0.0
0.0
0.0
0.0
0.0
0.0
0.0
-1.57896
0.0
0.0
0.0
0.0
0.0
0.0
0.0
0.0
0.0
0.0
0.0
0.0
0.0
0.0
0.0
0.0
0.0
0.0
0.0
0.0
0.0
0.611504
0.0
0.0
0.0
0.0
0.0
0.0
0.0
0.0
0.0
0.0
0.0
0.0
-0.832586
0.0
0.0
0.0
0.0
0.0
0.0
0.0
0.0
0.0
0.0
0.0
0.0
0.0
0.0
0.0
0.0
0.0
0.0
0.0
0.0
0.0
0.0
0.0
0.0
0.0
0.0
0.739449
0.0
0.0
0.0
0.0
0.0
0.0
0.0
0.0
0.0
0.157464
0.611921
0.0
0.0
0.759631
0.0
0.0
0.0
0.0
0.0
0.0
0.0
1.12093
0.0
0.0
0.0
0.0
0.0
0.0
0.0
0.0
0.0
0.0
0.0
0.0
0.0
0.0
0.0
0.0
0.0
0.0
0.0
0.0
0.0
0.0
0.0
0.0
0.0
0.0
0.0
0.0
0.0
0.0
-0.710122
-0.458639
0.0
-0.170937
0.0
5.08787e-05
-0.031392
-0.263943
0.000755738
0.0186779
-0.187174
-0.234605
0.0722219
0.0997216
0.50784
-0.0505596
-0.0642804
-0.647548
0.220604
-0.301298
0.00635752
0.502356
0.109425
-0.00454728
-0.457083
0.256246
0.472311
-1.00652
-0.0217866
0.664364
0.405683
-0.148912
0.0828048
-0.00241707
-0.0272688
-0.921632
-0.138022
0.0378456
0.374823
0.375857
-0.337193
-0.875843
-0.170777
0.2267
-0.129322
0.033866
-0.0281424
-0.685864
0.334849
0.0841061
0.0714482
-0.233943
-0.00793627
-0.219039
0.0
0.0
0.0
0.0
0.0
0.0
0.0
0.0
0.0
0.0
0.0
0.0
0.0
0.0
0.0
0.0
0.0
0.0
0.0
0.0
0.0
0.0
0.0
0.0
0.0
0.0
0.0
0.0
0.0
0.0
0.0
0.0
0.0
0.0
0.0
0.0
0.0
0.0
0.0
0.0
0.0
0.0
0.0
0.0
0.0
0.0
0.0
0.0
0.0
0.0
0.486712
0.0
0.0
0.0
0.0
0.0
0.0
0.0
0.0
0.0
0.0
0.0
0.0
0.0
0.0
0.0
0.0
0.0
0.0
0.0
0.0
0.0
0.0
0.0
0.0
0.0
0.0
0.0
0.0
0.0
0.0
0.0
0.0
0.0
0.0
0.0
0.0
0.0
0.0
0.0
0.0
0.0
0.0
0.0
0.0
0.0
0.0
0.0
0.0
0.0
0.0
0.0
0.0
0.0
0.0
0.0
0.0
0.0
0.0
0.0
0.0
0.0
0.0
0.0
0.0
0.0
0.0
0.0
0.0
0.0
0.0
0.0
0.0
0.0
0.0
0.0
0.0
0.0
0.0
0.0
0.0
0.0
0.0
0.0
0.0
0.0
0.0
0.0
0.0
0.0
0.0
0.0
0.0
0.0
-0.0643444
0.0
0.0
0.0
0.0
0.0
0.0
0.0
0.0
0.0
0.0
0.0
0.0
0.0
0.0
0.0
0.0
0.0
0.0
0.0
0.0
0.0
0.0
0.0
0.0
0.0
0.0
0.0
0.0
0.0
0.0
0.0
0.0
0.0
0.0
0.0
0.0
0.0
0.0
0.0
0.0
0.0
0.0
0.0
0.0
0.0
0.0
0.0
0.0
0.0
0.0
0.0
-0.115294
0.0
0.0
0.0
0.0
0.0
0.0
0.0
0.0
0.0
0.0
0.0
0.0
0.0
-0.0688802
0.0
0.0
0.0
0.0
0.0
0.0
0.0
0.0
0.0
0.0
0.0
0.0
0.0
0.0
0.0
0.0
0.0
0.0
0.0
0.0
0.0
0.0
0.0
0.0
0.0
0.0
0.0
0.0
0.719586
0.0
0.0
0.0
0.0
0.0
0.0
0.0
0.0
0.0
0.0
0.0
0.0
0.0
0.0
0.0
0.0
0.0
0.0
0.0
0.0
0.0
0.0
0.0
0.0
0.0
0.0
0.0
0.0
0.0
0.0
0.0
0.0
0.0
0.0
0.0
0.0
0.0
0.0
0.0
0.0
0.0
0.0
2.1245
0.0
0.0
0.0
0.0
0.0
0.0
0.0
0.0
0.0
0.0
0.0
0.0
0.0
0.0
0.0
0.0
0.0
0.0
0.0
0.0
0.0
0.0
0.0
0.0
0.0
0.0
0.0
0.0
0.0
0.0
0.0
0.0
0.0
0.0
0.0
0.436181
0.0
0.0
0.0
0.0
0.0
0.0
0.0
0.0
0.0
0.0
0.0
0.0
0.0
0.0
0.0
0.0
0.0
0.0
0.0
0.0
0.0
0.0
0.0
0.0
0.0
0.0
0.0
0.0
0.0
0.0
0.0
0.0
0.0
0.0
0.0
0.0
0.0
0.0
0.0
0.0
0.0
0.0
0.0
0.0
0.0
0.0
0.0
0.0
0.0
0.0
0.0
0.0
0.0
0.530831
0.0
0.0
0.0
0.0
0.0
0.0
0.0
0.0
0.0
0.0
0.0
0.0
0.0
0.0
0.0
0.0
0.0
0.0
0.0
0.0
0.0
0.0
0.0
0.0
0.0
0.0
0.489399
0.0
0.0
0.0
0.0
0.0
0.0
0.0
0.0
0.0
0.0
0.0
0.0
0.0
0.0
0.0
0.0
0.0
0.0
0.0
0.0
0.0
0.0
0.0
0.0
0.0
0.0
0.0
0.0
0.0
0.0
0.0
0.0
0.0
0.0
0.0
0.0
0.0
0.0
0.0
0.0
0.0
0.0
0.0
0.0
0.0
0.867143
0.0
0.0
0.0
0.0
0.0
0.0
0.194548
0.0
0.0
0.0
0.0
0.0
0.0
0.0
0.0
0.0
0.0
0.0
0.0
0.0
0.0
0.0
0.0
0.0
0.0
0.0
0.0
0.0
0.0
0.0
0.0
0.0
0.0
0.0
0.0
0.0
-0.42638
0.0
0.0
0.0
0.0
0.0
0.0
0.0
0.0
0.0
0.0
0.0
0.0
0.0
0.0
0.0
0.0
0.0
0.0
0.0
0.0
0.0
0.0
0.0
0.0
0.0
0.0
0.0
0.0
0.0
0.0
0.0
0.0
0.0
0.0
0.0
0.0
0.0
0.0
0.0
0.0
0.0
0.0
0.0
0.0
0.0
0.0
0.0
0.0
0.0
0.0
0.0
0.0
0.0
0.0
0.0
0.0
0.0
0.0
0.0
0.0
0.0
0.0
0.0
0.0
0.0
0.0
0.0
0.0
0.0
0.0
0.0
0.0
0.0
0.0
0.0
0.0
0.0
0.0
0.0
0.0
0.28486
0.0
0.0
0.0
0.0
0.0
0.0
0.0
0.0
0.0
0.0
0.0
0.0
0.0
0.0
0.0
0.0
0.0
0.0
0.0
0.0
0.0
0.0
0.0
0.0
0.0
0.0
0.0
0.0
0.0
0.0
0.0
0.0
0.0
0.0
0.0
0.0
0.0
0.0
0.0
0.0
0.0
0.0
0.0
0.0
0.0
-0.208547
0.0
0.0
0.0
0.0
0.0
0.0
0.0
0.0
0.0
0.0
0.0
0.0
0.0
0.0
0.0
0.0
0.0
0.0
0.0
0.0
0.0
0.0
0.0
0.0
0.0
0.0
0.0
0.0
0.0
0.0
0.0
-0.735845
0.0
0.0
0.0
0.0
0.0
0.0
0.0
0.0
0.0
-1.58752
0.0
0.0
0.0
0.0
0.0
0.0
0.0
0.0
0.0
0.0
0.0
0.0
0.0
0.0
0.0
0.570064
0.0
0.0
0.0
0.0
0.0
0.719325
0.0
0.0
0.0
0.0
0.0
0.0
0.0
0.0
0.0
0.0
0.0
0.0
0.0
0.0
0.0
0.0
0.0
0.0
0.0
0.0
0.0
0.0
0.0
0.0
0.0
0.0
0.0
0.0
0.0
0.0
0.0
0.0
0.0
0.0
0.0
0.0
0.0
0.0
0.0
0.0
0.0
0.0
0.0
0.0
0.0
0.0
0.0
0.0
0.0
0.0
0.0
0.0
0.0
0.0
0.0
0.0
-0.845248
0.0
0.0
0.0
0.0
0.0
0.0
0.0
0.0
0.0
0.0
0.0
-0.736578
0.0
0.0
0.108711
0.0
0.0
0.0
0.0
0.0
0.0
0.0
0.0
0.0
0.0
0.0
0.0
0.434332
0.0
0.0
-0.00975494
0.0
0.0
0.0
0.0
0.0
0.0
0.0
0.0
0.0
-1.02862
0.0
0.0
0.0
0.0
0.0
0.0
0.0
0.0
0.0
0.0
0.0
0.0
0.0
0.0
0.0
-0.602718
0.0
0.0
0.0
0.0
0.0
0.0
0.0
0.0
0.0
0.0
0.0
0.0
0.0
0.0
0.0
0.0
0.0
0.0
0.0
0.0
-0.931527
0.0
0.0
0.0
0.0
0.0
0.0
0.0
0.0
0.0
0.0
0.0
0.0
0.0
0.0
0.0
0.0
0.0
-0.777826
0.0
0.0
0.0
0.0
0.0
0.0
0.0
0.0
0.0
0.0
0.0
0.0
0.0
0.0
0.0
0.0
0.0
0.0
0.0
0.0
0.708219
0.0
0.240654
0.0
0.0
0.0
0.0
0.0
0.0
0.0
0.0
0.0
0.0
0.0
0.0
0.0
0.0
0.0
0.0
0.0
0.0
0.0
0.0
0.0
0.0
0.0
0.0
0.0
0.0
0.0
0.0
0.0
0.0
0.0
0.0
-0.0108443
0.0187103
-0.379742
-0.00164238
0.0208977
-0.128153
-0.522513
0.517986
-0.00828801
0.995443
0.160943
0.289485
0.0722869
0.29287
0.484322
-0.0028266
0.0475679
0.285455
0.018833
-0.253101
-0.659177
-0.0309168
-0.318068
0.0254915
-0.845315
-0.767046
-0.165522
0.0725199
0.00123873
-0.0221802
0.0746161
0.0452754
0.178873
-0.193997
0.158768
-0.364468
0.152234
0.847116
0.148839
-0.0199572
0.0409983
-0.296166
-0.0176393
-0.782166
0.70071
-0.123814
0.112176
-0.150759
0.362316
0.639058
0.0
0.0
0.0
0.0
0.0
0.0
0.0
0.0
0.0
0.0
0.0
0.0
0.0
0.0
0.0
0.0
0.0
-0.546419
0.91229
0.0
0.0
-0.115386
0.0
0.0
0.0
0.0
0.0
0.0
0.0
0.0
0.0
0.0
0.0
0.0
0.0
0.0
0.0
0.0
0.0
0.0
0.0
0.0
0.0
0.0
0.0
0.0
0.0
0.0
0.0
0.0
0.0
0.0
0.0
0.0
0.623202
0.0
-1.0814
0.0
0.0
0.0
0.0
0.0
0.0
0.0
0.0
0.0
0.0
0.0
0.335759
0.0
0.0
0.0
0.0
0.0
0.0
0.0
0.0
0.0
0.0
0.0
0.0
0.0
0.0
0.0
0.0
0.0
0.0
0.0
0.0
0.0
0.0
0.0
0.0
0.0
0.0
0.0
0.0
0.0
0.0
0.0
0.0
0.0
0.0
0.0
0.0
0.0
0.0
0.0
0.0
0.0
0.0
0.0
0.0
0.0
0.0
0.0
0.0
0.0
0.0
0.0
0.0
0.0
0.0
0.0
0.0
0.0
0.0
0.0
0.0
0.0
0.0
0.0
0.0
0.0
0.0
0.0
0.0
0.0
0.0
0.0
0.15161
0.0
0.0
0.0
0.0
0.0
0.0
0.0
0.0
0.0
0.0
0.0
0.0
0.0
0.0
0.0
0.0
-0.352325
0.0
0.0
0.0
0.0
0.0
0.0
0.0
0.0
0.0
0.0
0.0
0.0
0.0
0.0
0.0
0.0
0.0
0.0
0.0
0.0
0.0
0.0
0.0
0.0
0.0
0.0
0.0
0.707329
0.0
0.0
0.0
0.0
0.0
0.0
0.0
0.0
0.0
0.0
0.0
0.0
0.0
0.0
0.0
0.0
0.0
0.0
0.0
0.0
0.0
0.0546823
0.0
0.0
0.0
0.0
0.0
0.0
0.0
0.0
0.0
0.0
0.0
0.0
0.0
0.0
0.0
0.0
0.0
0.0
-0.85328
0.0
0.0
0.0
0.0
1.32887
0.0
0.0
0.0
0.0
0.0
0.0
0.0
0.0
0.0
0.0
0.0
0.0
0.0
0.0
0.0
0.0
0.0
0.0
0.0
0.0
0.0
0.0
0.0
0.833512
0.0
0.0
0.0
0.0
0.0
0.0
0.0
-1.55952
0.0
0.0
0.0
0.0
0.0
0.0
0.0
0.0
0.0
0.0
0.0
0.0
-0.577943
0.0
0.0
0.0
0.0
0.0
0.0
0.0
0.0
0.0
0.0
0.0
0.0
0.0
0.0
0.0
0.0
0.0
0.0
0.0
0.0
0.0
0.0
0.0
0.0
0.0
0.0
0.0
0.0
0.0
0.0
0.0
0.0
0.0
0.0
0.0
0.0
0.0
0.0
0.0
0.0
0.0
0.0
0.0
0.0
0.0
0.969277
0.0
0.0
0.0
0.0
0.105803
0.0
0.0
0.0
0.0
0.839751
0.0
0.0
0.0
0.0
0.0
-0.354783
0.0
0.0
0.0
0.0
0.0
0.0
0.0
0.0
0.0
-1.49356
0.0
0.0
0.0
0.0
0.0
0.0
0.0
0.0
0.0
0.0
0.0
0.0
0.0
0.0
0.0
0.0
0.0
0.0
0.0
0.0
0.0
0.0
0.0
0.0
0.0
0.0
0.0
0.0
0.0
0.0
0.0
0.0
0.313642
0.0
0.0
0.0
0.0
0.0
0.0
0.0
0.0
0.0
0.0
0.0
0.0
0.0
0.0
0.0
0.0
0.0
0.0
0.0
0.0
0.0
0.0
0.0
0.0
0.0
0.0
0.0
0.0
0.0
0.0
0.0
0.0
0.0
0.0
0.0
0.0
0.0
0.0
0.0
0.0
0.352471
0.0
0.0
0.0
-0.205522
0.0
0.0413766
0.0
0.0
0.0
0.0
0.0
0.0
0.0
0.0
0.0
0.0
0.0
0.0
0.0
0.0
0.0
0.0
0.0
0.0
0.0
0.0
0.0
0.0
0.0
0.0
0.0
0.0
0.0
0.0
-1.93736
0.0
0.0
0.0
0.0
0.0
0.0
0.0
0.0
0.0
0.0
0.0
0.0
0.0
0.0
0.0
0.0
-1.7419
0.0
0.0
0.0
0.0
0.0
-0.263956
0.0
0.0
0.0
0.0
0.0
0.0
0.0
0.0
0.0
0.0
0.0
0.0
0.0
0.0
0.0
0.0
0.0
0.0
0.592746
0.0
0.0
0.0
0.0
0.0
-0.0960485
0.0
0.931173
0.0
0.0
0.0
0.0
0.0
0.0
0.0
0.0
0.0
0.0
0.0
0.0
0.0
0.0
0.0
0.0
0.0
0.0
0.0
0.0
0.0
0.0
0.0
0.0
0.0
0.0
0.0
0.0
0.0
0.20712
0.0
0.0
0.0
1.36904
0.0
0.0
0.0
0.0
0.0
0.0
0.0
0.0
0.0
0.0
0.0
0.0
0.0
0.0
0.0
0.0
0.0
0.0
0.0
1.43776
0.0
0.0
0.0
0.0
0.0
0.0
0.0
0.0
0.0
0.694546
1.28328
0.0
0.0
0.0
0.0
0.0
0.0
0.0
0.0
0.0
0.0
1.24089
0.0
0.0
0.0
0.0441709
0.0
0.0
0.0
0.0
0.0
0.0
0.0
0.0
0.0
0.0
0.0
0.0
0.0
0.0
0.0
0.0
0.0
0.0
0.0
0.0
0.0
0.0
1.46611
0.0
0.0
0.0
0.0
0.0
0.0
0.0
0.0
0.0
0.0
0.0
0.0
0.0
0.0
0.0
0.0
0.0
0.0
0.0
0.0
0.0
0.0
0.0
0.0
0.0
0.0
0.0
0.0
0.0
0.0
0.66776
0.0
0.0
0.0
0.0
-0.708169
0.0
0.0
0.0
0.0
0.0
-1.1633
0.0
0.0
0.0
-1.34212
0.0
0.0
0.0
0.0
0.0
0.0
0.909492
0.0
0.0
0.0
0.0
0.0
0.0
0.0
0.0
0.0
0.0
0.0
0.0
0.0
0.0
0.0
0.0
0.0
0.0
0.0
0.0
0.0
0.0
0.0
0.0
0.0
0.0
0.0
0.0
0.0
1.52531
0.0
0.0
0.0
0.0
0.0
0.0
0.0
0.0
0.0
0.0
0.0
0.0
1.11589
0.0
0.0
0.0
0.0
0.0
0.0
0.0
0.0
0.0
0.0
0.0
-0.241347
0.0
0.0
0.0
0.0
0.0
0.0
0.0
0.0
0.0
0.0
0.0
0.0
0.0
0.0
0.0
-0.0179527
-0.110449
-0.0369364
0.00123979
-0.0013374
0.0302083
-0.261943
-0.587941
-0.104697
-0.0989177
0.119719
0.0679591
-0.828874
0.428091
-0.0308899
-0.000769974
0.0577728
-0.0495391
-0.0191938
-0.570134
1.10865
-0.0938291
0.0655414
-0.270266
1.19418
0.0436394
-0.151112
0.147949
0.00334732
0.118182
-0.338605
-0.181859
0.315437
-0.532022
0.528088
-0.193959
-0.170525
-0.477298
0.018547
0.187954
1.59523
1.23457
0.642967
0.266577
-0.212602
-0.307616
-0.54298
0.337041
-0.260213
0.0
0.0
0.0
0.0
0.0
0.0
0.0
0.0
0.0
0.0
-0.308276
0.0
0.0
0.0
0.0
0.0
0.0
0.0
0.0
0.0
0.0
0.0
0.0
0.0
0.0
0.0
0.0
0.0
0.0
0.0
0.0
0.0
0.0
0.0
0.0
0.0
0.0
0.0
0.0
-0.26326
0.0
0.0
0.311934
0.0
0.0
0.0
0.0
0.0
0.0
-0.359303
0.0
1.31398
0.0
0.0
0.0
-1.30883
0.0
0.0
0.0
0.0
0.0
0.0
0.0
0.0
0.0
-1.88985
0.0
-0.1557
0.0
0.0
0.0
0.0
0.0
0.0
0.0
0.0
0.0
0.0
0.0
0.0
0.0
0.0
0.0
0.0
0.0
-0.294177
0.0
0.0
0.0
0.0
0.0
0.0
0.0
0.0
0.0
0.0
0.0
0.0
0.0
0.0
0.0
0.0
0.0
0.0
0.0
0.0
0.0
0.0
0.0
0.0
0.0
0.0
0.0
0.0
0.0
0.0
0.0
0.0
0.0
0.0
0.0
0.0
-0.611746
0.0
0.0
0.0
0.0
0.0
0.0
0.0
0.0
0.0
0.0
0.0
0.0
0.0
0.0
0.0
0.0
0.0
0.0
0.0
0.0
0.0
0.0
0.0
0.0
0.0
0.0
0.0
0.0
0.0
0.0
0.0
0.0
0.0
0.0
0.0
0.0
0.0
0.0
0.0
1.65133
0.0
0.0
0.0
0.0
0.0
0.0
0.0
0.0
0.0
0.0
0.0
0.0
0.0
1.57007
0.0
0.0
-1.07225
0.0
0.0
0.0
0.0
0.0
0.0
0.0
0.0
0.0
0.0
0.0
0.0
0.0
0.0
0.0
0.0
0.0
0.0
0.0
1.43336
0.0
0.0
0.0
0.0
0.0
0.0
0.0
0.0
0.0
0.0
0.0
0.0
-0.204878
0.0
0.0
0.0
0.0
0.0
0.0
0.0
0.0
0.0
0.0
0.0
0.0
0.0
0.0
0.0
0.0
0.0
0.0
0.0
0.0
0.0
0.0
0.0
0.0
0.0
0.0
0.0
0.0
0.0
0.0
0.0
0.0
0.0
0.0
0.0
0.519803
0.0
0.0
0.0
0.0
0.0
0.0
0.0
-0.917346
-2.23437
0.0
0.0
0.0
0.0
0.0
0.0
0.0
0.0
0.0
0.0
0.0
0.0
0.0
0.0
0.0
0.0
0.0
0.0
0.0
0.0
0.109602
0.0
0.0
0.0
0.0
0.0
0.0
0.0
0.0
0.0
0.0
0.0
0.0
0.0
0.0
0.0
0.0
0.0
0.0
0.0
0.0
0.0
0.0
0.0
0.0
0.0
0.0
0.0
0.0
0.0
0.0
0.0
0.0
0.0
0.0
0.0
0.0
0.0
0.0
0.0565484
0.0
0.0
0.0
0.0
0.0
0.0
0.0
0.0
0.0
0.0
0.0
0.0
0.0
0.0
0.591774
0.0
0.0
0.0
0.0
0.0
0.0
0.0
0.0
0.0
0.0
0.0
0.0
-0.876218
0.0
0.0
0.0
0.0
0.0
0.0
0.0
0.0
0.0
0.0
0.0
0.0
0.0
0.0
0.0
0.0
0.0
0.0
0.0
0.0
0.0
0.0
0.0
0.0
0.0
0.0
0.0
0.0
0.0
0.0
0.0
0.0
0.0
0.0
0.0
0.0
0.0
0.0
0.0
0.0
0.0
0.0
0.0
0.0
0.0
0.0
0.0
0.0
0.0
0.0
0.0
-0.707389
0.0
0.0
0.0
0.0
0.0
0.0
0.0
-0.513599
0.0
0.0
0.0
0.0
0.0
0.0
0.0
0.0
0.0
0.0
0.0
0.0
0.0
0.0
0.0
0.0
0.0
0.0
0.0
0.0
0.0
0.0
0.0
0.0
0.0
0.0
0.0
0.0532864
0.0
0.0
0.0
0.0
0.0
-0.271947
0.0
1.42432
0.0
0.0
0.0
0.0
0.0
0.0
0.79685
0.0
0.0
0.0
0.0
0.0
0.0
0.0
0.0
0.0
0.0
0.0
0.0
0.0
0.0
0.0
0.0
0.0
0.0
-0.648431
0.0
0.0
0.0
0.0
0.0
0.0
0.0
0.0
0.0
0.0
0.0
0.0
0.0
0.0
0.0
0.0
0.0
0.0
0.0
0.0
0.0
0.0
0.0
0.0
0.0
0.0
0.0
0.0
0.0
0.0
0.0
0.0
0.0
0.0
0.211589
0.0
-0.722958
0.0
0.0
0.0
0.0
0.0
0.0
0.0
0.0
0.0
0.0
0.0
0.0
0.0
0.0
0.0
0.0
0.0
0.0
0.0
0.0
0.0
0.0
0.0
0.0
0.0
-0.0700747
0.0
0.0
0.0
0.0
0.0
0.39415
0.0
0.0
0.0
0.0
0.0
0.0
0.0
0.0
0.0
0.0
0.0
0.0
0.0
0.0
0.0
0.0
0.0
0.328654
0.0
0.0
0.0
0.0
-2.05039
0.0
0.0
0.0
0.561905
0.0
0.910032
0.0
0.0
0.0
0.0
0.0
0.0
0.0
0.0
0.0
0.0
0.0
0.0
-0.294198
0.0
0.0
0.0
0.0
0.0
0.0
0.0
0.0
0.0
0.0
0.0
0.0
0.0
0.0
0.0
0.0
0.0
0.0
-0.192279
0.0
0.0
0.0
0.0
0.0
0.0
0.0
0.0
0.0
0.818479
0.0
0.0
0.0
0.0
0.0
0.0
0.0
0.0
0.0
0.0
0.0
0.0
0.0
0.0
0.0
0.0
0.0
0.0
0.0
0.0
0.0
0.0
0.0
0.0
0.0
1.01187
0.0
0.0
0.0
0.0
0.0
0.0
0.0
0.0
0.0
0.0
0.0
0.0
0.0
0.0
0.0
0.0
0.0
0.0
0.0
0.0
0.0
0.0
0.0
0.0
0.0
0.0
0.0
0.0
0.0
0.0
0.0
0.0
0.0
0.0
0.0
0.430367
0.0
0.0
0.0
0.0
0.0
0.0
0.0
0.0
0.0
0.0
0.0
0.0
0.0
0.0
0.0
0.0
0.0
0.0
0.0
0.0
0.0
0.0
0.0
0.0
0.0
0.0
0.0
0.0
0.0
0.0
0.0
0.0
0.0
0.0
0.0
0.0
0.0
0.0
0.0
0.0
0.0
0.0
0.0
0.0
0.0
0.0
0.0
0.0
0.0
0.0
0.0
0.0
0.0
0.0
0.0
0.0
0.0
0.0
0.0
0.0
0.0
0.0
0.0
0.0
0.0
0.0
0.0
0.0
0.0
0.0
0.0
0.0
0.0
0.0
0.0
0.0
0.0
0.0
0.0
0.0
0.0
0.0
0.0
0.0
0.0
-1.82745
0.0
0.0
0.0
0.0
0.0
0.0
0.0
0.0
0.0
0.0
0.0
0.0
0.0
0.0
0.0
0.0
0.0
0.0
0.0
0.0
0.0
0.0
0.0
0.0
0.0
0.0
0.0
0.0
0.0
0.0
0.0
0.0
0.0
0.0
0.0
0.0
0.0
0.0
0.0
0.0
0.0
0.0
0.0
0.0
0.0
0.0
0.0
0.0
0.0
0.0
0.0
0.0
0.0
0.0
0.0
0.0
0.0
0.0
0.0
0.0
0.0
0.0
0.0
0.0
0.0
0.0
0.0
0.0
0.0
0.0
0.0
0.0
0.0
0.0
0.0
0.0
0.0
0.00163517
0.0404507
-0.230271
-0.00121962
0.00706485
0.0832022
-0.334615
0.817782
0.074127
0.52987
0.0447784
0.131818
0.284546
0.268117
0.730684
0.0149379
-0.163029
0.355871
0.0146011
-0.306591
-0.557041
0.138607
-0.407752
0.0732638
-0.865401
-0.92595
-0.232615
-0.263374
0.00275933
0.057995
-0.0284936
-0.0299664
0.320432
-0.841613
-0.0459974
-0.276863
-0.141145
0.725596
0.210357
0.0981827
0.03175
-0.500957
0.144939
-0.911083
0.636127
0.280917
0.0183688
-0.353819
0.372389
0.0
0.0
0.0
0.0
0.0
0.0
0.0
0.0
0.0
0.0
0.0
0.0
0.0
0.0
0.0
0.0
1.40508
0.0
0.0
0.0
0.0
0.0
0.0
0.0
0.0
-1.3107
0.0
1.59855
0.0
0.0
0.0
0.0
0.0
0.0
0.0
0.0
0.0
0.0
0.0
0.0
0.0
-0.0133049
0.0
0.0
0.0
0.0
0.0
0.0
0.0
0.0
0.0
0.0
0.0
0.0
0.0
0.0
0.0
0.0
1.18344
0.0
0.0
0.0
0.0
0.0
0.0
0.0
0.0
0.0
0.225993
0.0
0.0
0.0
0.0
0.0
0.0
0.0
0.0
0.0
0.0
0.0
0.0
0.0
0.0
0.0
0.0
0.0
0.0
0.0
0.0
0.0
0.0
0.0
0.0
0.0
0.0
0.0
0.0
0.0
0.0
0.0
0.0
0.0
0.0
0.0
0.0
0.0
0.0
0.0
0.0
0.0
-1.88606
0.0
0.0
0.0
0.0
0.0
0.0
0.0
0.0
0.0
0.0
0.0
0.0
0.0
0.0
0.0
0.0
0.0
0.0
0.0
0.0
0.0
0.0
0.0
0.0
-0.893683
0.0
0.0
0.0
0.0
0.0
0.0
0.0
0.0
0.0
0.0
0.0
0.0
0.0
0.0
0.0
0.0
0.0
0.0
0.0
0.0
0.0
0.0
0.0
0.0
0.0
0.0
0.0
0.0
0.0
0.0
0.0
0.0
0.0
0.0
0.0
0.0
0.0
0.0
0.0
0.0
0.0
0.0
0.0
0.0
0.0
0.0
0.0
0.0
0.0
0.0
0.0
0.0
0.0
0.0
0.0
0.0
-0.606227
0.0
0.0
0.0
0.0
0.0
-0.333449
0.0
0.0
0.0
0.0
0.0
0.0
0.0
0.0
0.0
0.0
0.0
0.0
0.0
0.0
0.0
0.0
0.0
0.0
0.0
0.0
0.0
0.0
-0.479973
0.0
0.0
0.0
0.0
0.0
0.0
0.0
0.0
0.0
0.0
0.0
0.0
0.0
0.0
0.0
0.0
0.0
0.0
0.0
0.0
0.0
0.0
0.0
0.0
0.0
0.0
0.0
0.0
0.0
0.0
0.0
0.0
0.0
0.0
0.0
0.0
0.0
0.0
0.0
0.0
1.29367
0.0
-0.412177
0.0
0.0
0.0
0.0
0.0
0.0
0.0
0.0
0.0
0.0
0.0
0.0
0.0
0.0
0.0
0.61526
0.0
0.0
0.0
0.0
0.0
0.0
0.0
0.0
0.0
0.0
0.0
0.0
0.0
-2.13045
0.0
0.0
0.0
0.0
-0.414051
0.0
0.0
0.0
0.0
0.0
0.0
0.0
0.0
0.0
0.26534
0.0
0.0
0.0
0.0
0.0
0.0
0.0
0.0
0.0
0.0
0.0
0.472207
0.0
0.0
0.0
0.0
0.0
0.0
0.0
0.0
0.0
0.0
0.0
0.0
0.0
0.0
0.0
0.0
0.0
0.0
0.0
0.0
0.0
0.0
0.0
0.0
0.0
0.0
0.0
0.0
0.0
0.0
0.0
0.0
0.0
0.0
0.0
0.0
0.0
0.0
0.0
0.0
0.0
0.0
0.0
0.0
0.0
0.0
0.0
0.0
0.0
0.0
0.0
0.0
0.0
0.0
0.0
1.64948
0.0
0.0
0.0
0.0
0.0
0.0
0.0
0.0
0.0
0.0
0.0
2.16607
0.0
0.0
0.0
0.0
0.0
0.0
0.0
0.0
0.0
0.0
0.0
0.0
0.0
0.0
0.0
0.0
0.0
0.0
0.0
0.0
1.00111
0.0
0.0
0.0
0.0
0.0
0.0
0.0
0.0
0.0
0.0
0.0
0.0
0.0
0.0
0.0
0.0
0.0
0.0
0.0
-0.0424412
0.0
0.0
0.0
0.0
-0.49137
0.0
0.0
0.0
0.0
0.0
0.0
0.0
0.0
0.0
0.0
0.0
0.0
-0.87153
0.0294205
0.0
0.0
0.0
0.0
0.0
0.0
0.0
-1.2832
0.0
0.0
0.0
0.0
0.0
0.0
0.713067
0.0
0.0
0.0
0.0
0.0
0.0
0.0
0.0
0.0
0.0
0.0
0.0
0.0
0.0
0.0
0.0
0.0
0.0
0.0
0.0
0.0
0.0
0.0
0.0
0.0
0.0
1.60455
0.0
0.0
0.0
0.0
0.0
0.0
0.0
0.0
0.0
0.0
0.0
0.0
0.0
0.0
0.0
0.0
0.0
0.0
0.0
0.0
0.0
0.0
0.0
0.0
0.0
0.0
0.0
0.0
0.0
0.0
0.0
0.0
0.0
0.0
0.0
0.0
0.0
0.0
0.0
0.0
0.0
0.0
0.0
0.0
0.0
0.0
0.0
0.0
0.0
0.0
0.0
0.0
0.0
0.0
0.0
0.0
0.0
0.0
0.0
-2.66202
0.0
0.0
0.0
0.0
0.0
0.0
0.0
0.0
0.0
0.0
0.0522766
0.0
0.0
0.0
0.0
0.0
0.0
-0.450983
0.0
0.0
0.0
0.0
-1.45139
0.0
0.0
0.0
0.0
0.0
0.0
0.0
0.0
0.0
0.0
0.0
-1.50421
0.0
0.0
0.0
0.0
0.0
-0.208062
0.0
-0.312659
0.0
-1.70649
0.0
0.0
0.0
0.0
0.0
0.0
0.0
0.0
0.0
0.0
0.0
0.0
0.0
0.0
0.0
0.0
0.0
0.0
0.0
0.0
0.0
0.0
0.0
0.0
0.0
0.0
0.0
0.0
0.0
0.0
0.0
0.0
-0.41014
0.0
0.0
0.0
1.48693
0.0
0.0
0.0
0.0
0.0
0.0
0.0
0.0
0.0
0.0
0.0
0.0
0.0
0.0
0.0
0.0
0.0
0.0
-2.78637
0.0
0.0
0.0861369
0.0
0.0
0.0
0.0
0.0
1.22266
0.0
0.0
0.0
0.0
0.0
0.0
0.0
0.0
0.0
0.0
0.0
0.0
0.0
0.0
0.0
0.0
0.0
0.0
0.0
0.0
0.0
0.0
0.0
0.0
0.0
0.0
0.0
0.0
0.0
0.0
0.0
0.0
0.0
0.0
0.0
0.0
0.0
0.0
-0.250185
0.0
0.0
0.0
0.0
0.0
0.0
0.0
0.0
0.0
0.0
0.0
0.0
0.0
0.0
0.0
0.0
0.0
0.0
0.0
0.0
0.0
0.0
0.0
0.0
0.0
0.0
0.0
0.0
0.0
0.0
0.0
0.0
0.0
0.0
0.00913052
-0.257039
-0.327554
0.00143313
0.00974869
0.0765856
0.930128
-1.67046
0.702636
-1.25968
0.47792
0.0138575
0.0741831
0.122798
1.11528
0.0303227
0.0855327
0.442526
0.00987769
-0.963726
0.73217
-0.530435
-0.624728
-0.215024
0.732557
0.0950645
-0.123107
-0.183214
0.00686562
0.0415336
-0.41541
-0.117211
0.297741
0.990716
-0.206674
-0.331246
0.506917
-0.250991
0.123136
0.236748
0.0716562
-0.106037
0.193908
-0.107494
0.0854522
-0.0411
-0.203893
0.204844
-0.359086
0.0
0.0
0.0
0.0
-0.618511
0.0
0.0
0.0
0.0
0.0
-0.150065
0.0
0.0
0.0
0.0
0.0
0.0
0.0
0.0
0.0
0.0
0.0
0.0
0.0
0.0
0.0
0.0
0.0
0.0
0.0
0.0
0.0
0.0
0.0
0.620015
-0.668308
0.0
0.0
0.0
0.0
0.0
0.0
0.0
0.0
0.0
0.0
0.0
0.0
0.0
0.0
0.0
0.0
0.0
0.0
0.0
0.0
0.0
0.0
0.0
0.0
0.0
0.0
0.0
0.0
0.0
0.0
0.0
0.0
0.0
0.0
0.426757
0.0
0.0
0.0
0.0
0.0
0.0
0.0
0.0
0.0
0.0
0.0
-0.0211959
0.0
0.0
0.0
1.30764
0.0
0.0
0.0
0.0
0.0
0.0
0.0
0.0
0.0
0.0
0.0
0.0
0.0
0.0
0.0
0.0
1.84374
0.0
0.0
0.0
0.0
0.0
0.0
0.0
0.0
0.0
0.0
0.0
0.0
-0.610808
0.0
0.0
0.0
0.0
0.0
0.0
0.0
-1.51986
0.0
0.0
0.0
0.0
0.0
0.0
0.0
0.0
0.0
0.0
0.0
0.0
0.0
0.0
0.0
0.0
0.0
0.0
0.0
0.0
0.0
0.0
0.0
0.0
0.0
0.0
0.0
0.0
0.174234
0.0
0.0
0.0
0.0
0.0
0.0
0.0
0.150352
0.0
0.0
0.0
0.0
0.0
0.0
0.0
0.0
0.0
0.0
0.0
0.0
0.0
0.742697
0.0
0.0
0.0
0.0
0.0
0.0
0.0
1.22444
0.0
0.0
0.0
0.0
0.0
0.0
0.0
0.0
0.0
0.0
0.0
0.0
0.0
0.0
0.0
0.0
0.0
0.0
0.0
0.0
0.0
0.0
0.0
0.0
0.0
0.0
0.0
0.0
0.0
0.0
0.0
0.0
0.0
0.0
0.0
0.0
0.0
-1.70547
0.0
0.0
0.0
0.0
0.0
0.0
0.0
0.0
0.0
0.0
0.0
0.0
0.0
0.0
0.0
0.0
0.0
0.0
0.0
0.0
1.58454
-0.714093
0.0
0.0
0.0
0.0
0.0
0.0
0.0
0.0
0.0
0.0
0.40306
0.0
0.0
0.0
0.0
0.0
0.0
0.0
0.0
0.0
0.0
0.0
0.0
0.0
0.0
0.0
0.0
0.0
0.0
0.0
0.0
0.0
0.0
0.0
1.47185
0.0
0.0
0.0
0.0
0.0
0.0
0.0
0.0
0.0
0.0
0.753293
0.0
0.0
0.0
0.0
0.0
0.0
0.0
0.0
0.0
0.0
0.0
0.0
0.0
0.0
0.0
-0.126078
0.0
0.0
0.0
0.0
0.0
0.0
0.0
0.0
0.0
0.0
0.0
0.0
0.0
0.0
0.0
0.0
-0.101727
0.923797
0.0
0.0
0.0
0.0
0.0
0.0
0.0
0.0
0.0
0.0
0.0
0.0
0.0
0.0
0.0
0.0
0.0
0.0
0.0
0.0
0.0
0.0
0.0
0.0
0.0
0.0
0.0
0.0
0.0
0.0
0.0
0.0
0.0
0.0
0.0
0.0
0.0
0.0
0.0
0.0
0.0
0.0
0.0
0.0
0.0
0.0
0.0
0.0
0.0
0.0
0.0
0.0
0.0
0.0
0.0
0.0
0.0
0.0
0.0
0.0
0.0
0.0
0.0
0.0
0.0
0.0
0.0
0.0
0.0
0.0
0.0
0.0
0.0
0.0
0.0
0.0
0.0
0.0
0.0
0.31061
0.0
0.0
0.0
0.0
0.0
0.0
0.0
0.0
0.0
0.0
0.0
0.0
0.0
-0.319512
0.0
0.0
0.0
0.0
0.0
0.0
0.0
0.0
0.0
0.0
0.0
0.0
0.0
0.0
0.0
0.0
-0.119326
0.0
0.0
0.0
0.0
0.0
0.0
-0.438999
0.0
0.0
0.0
0.0
0.0
0.0
-0.971924
0.0
0.0
0.0
0.0
0.0
0.0
0.0
0.0
0.802195
0.0
0.0
0.0
0.0
0.0
0.0
0.0
0.0
0.0
0.0
0.0
1.26969
0.0
0.0
0.0
0.0
0.0
0.0
0.0
0.0
0.0
0.0
0.0
0.0
0.0
0.0
0.0
0.0
0.0
0.0
0.0
0.0
0.0
0.0
0.0
0.0
0.0
0.0
0.0
0.0
0.0
-1.46065
0.0
0.0
-0.501298
0.0
0.0
0.0
0.0
0.0
0.0
0.0
0.0
0.0
0.0
0.0
0.0
0.0
0.0
0.0
0.0
0.0
0.0
0.0
0.0
0.0
0.0
0.0
0.0
0.0
0.0
0.0
0.0
0.0
0.0
0.0
0.0
0.0
0.0
0.0
0.0
0.0
0.0
0.0
0.0
-0.262936
0.0
0.0
0.0
0.0
0.0
0.0
0.0
0.0
1.90886
0.0
0.0
0.0
0.0
0.0
0.0
0.0
0.0
0.0
0.0
0.0
0.0
0.0
0.0
0.0
0.0
0.0
0.0
0.0
0.0
0.0
0.0
0.0
0.0
0.0
0.0
0.0
0.0
0.0
0.0
0.0
0.0
0.0
0.0
0.0
0.0
0.0
0.0
0.0
0.0
0.0
0.390517
0.0
0.0
0.0
0.0
0.0
0.0
0.0
0.0
0.0
0.0
0.0
0.0
0.0
0.0
0.0
0.0
0.0
0.0
0.0
0.0
0.0
0.0
-1.02206
0.0
0.0
0.0
0.0
0.0
0.0
0.0
0.0
0.0
0.0
-0.0781489
0.0
0.0
2.16545
0.0
0.0
0.0
0.0
0.0
0.0
0.0
0.0
0.0
0.0
0.0
0.0
0.0
0.0
0.0
0.0
0.0
0.0
0.0
0.0
0.0675447
0.0
0.0
0.0
0.0
0.0
0.0
0.0
0.0
0.0
0.0
0.0
0.0
0.0
0.0
0.0
0.0
0.0
-1.22253
0.0
0.0
0.0
0.0
-0.237986
0.0
1.15452
0.0
0.0
0.0
0.0
0.0
0.0
0.0
0.0
0.0
0.0
0.0
0.0
0.0
0.0
0.0
0.0
0.0
0.0
0.0
0.0
0.0
0.0
-0.126205
0.0
0.0
0.0
0.0
0.0
0.0
0.0
-0.757855
0.0
0.0
0.0
0.0
0.0
0.0
0.0
0.266094
0.0
0.0
-0.231499
0.0
0.0
0.0
0.0
-1.28281
0.0
0.0
0.0
0.0
0.0
0.0
0.0
0.0
0.0
0.0
0.0
0.0
0.0
0.0
0.0
0.0
0.0
0.0
0.0
0.0
0.0
0.0
0.0
0.0
0.0
0.0
0.0
0.0
0.0
0.0
0.0
0.0
0.0
0.0
0.0
0.0
0.0
0.64936
0.0
0.0
0.0
0.0
0.0
0.0
0.0
0.0
0.0
1.33651
0.0
0.0
0.0
0.0
0.0
0.0
0.0
0.0
0.0
0.0
0.0
0.0
0.0
0.0
-0.418227
0.0
0.0
0.0
-0.825747
0.0
0.0
0.0
0.0
0.0
0.0
0.0
0.0
0.0
0.0
1.04098
0.0
0.0
0.0
0.0
0.0
0.0
0.0
0.0
0.0
0.0
0.0
0.0
0.0
0.0
0.0
-0.915009
0.0
0.0
0.0
-0.963942
0.0
0.0
0.0
0.0
-0.136981
0.0
0.0
0.0
0.0
0.0
0.0252342
0.125872
-0.33847
-0.00124079
0.0205616
0.123648
-0.58405
0.596405
-0.236123
0.449495
0.00653127
-0.0747375
0.63292
-0.150285
0.838891
0.0107542
0.0250627
0.648104
0.0203687
-0.448079
0.0472244
1.05772
-0.493774
0.358226
-0.187026
-0.381759
-0.366191
-0.225464
-7.47965e-05
-0.0585597
0.613324
0.0974359
0.110153
-1.03537
-0.246943
-0.214117
-0.142824
0.919928
0.285124
-0.213277
0.0346329
-0.200472
-2.88013
-0.974742
0.635065
0.445268
-0.0709385
-0.350537
0.0192369
0.0
1.26052
0.0
0.0
0.0
0.656566
0.0
0.0
0.0
0.0
0.0
0.0
0.0
0.0
0.0
0.0
0.0
0.0
0.0
0.0
0.0
0.0
0.0
0.0
0.0
-0.292473
0.0
-0.533197
0.0
0.0
0.0
0.0
0.0
0.0
0.0
0.0
0.0
0.0
0.0
0.0
0.0
0.0
0.0
0.0
0.0
0.0
0.0
0.0
0.0
0.0
0.0
0.0
0.0
0.0
0.0
0.0
0.0
0.0
0.0
0.0
0.0
0.0
0.0
0.0
0.0
0.0
0.0
0.0
0.0
0.0
0.0
0.0
0.0
0.0
0.0
0.0
0.0
0.0
0.0
0.0
0.0
0.0
0.0
0.0
0.0
0.0
0.0
0.0
0.0
0.0
0.0
0.0
0.0
-0.695084
0.0
0.0
0.0
-1.82231
0.0
0.0
0.0
0.0
0.0
0.0
0.0
0.0
0.0
0.0
0.0
0.0
0.0
0.0
0.0
0.0
0.0
0.0
0.0
0.0
0.0
0.0
0.0
0.0
0.0
0.0
0.0
0.0
0.0
0.0
0.0
0.0
0.0
0.0
0.0
0.0
0.0
0.0
0.0
0.0
0.0
0.0
0.0
0.0
0.0
0.0
0.0
0.0
0.0
0.0
0.0
0.0
-0.346245
-0.144632
0.0
0.0
0.0
0.0
0.0
0.0
0.0
0.0
0.0
0.0
0.0
0.0
0.0
0.0
0.0
0.0
0.0
-0.325057
0.0
0.0
0.0
0.0
0.971554
0.0
-0.0691596
0.0
0.0
0.0
0.0
0.0
0.0
0.0
0.0
0.0
0.0
0.0
0.0
0.0
0.166354
0.0
0.0
0.0
0.0
0.0
0.0
0.0
0.0
0.0
0.0
-1.0671
0.0
-0.0505857
0.0
0.0
0.0
0.0
-0.788025
0.0
0.0
0.0
0.0
0.0
0.0
0.0
0.0
-0.149227
0.0
0.0
0.0
0.0
0.0
0.0
-1.84359
0.0
0.0
0.0
0.0
0.0
0.0
0.0
0.0
0.0
0.0
0.0
0.0
0.0
0.0
0.0
0.0
-1.20989
0.0
0.0
0.0
0.0
0.0
-1.60162
0.0
0.0
0.0
0.0
0.0
0.0
0.0
0.0
0.0
0.0
0.0
0.0
0.0
0.0
0.0
0.0
0.0
0.0
0.0
0.0
0.0
0.0
0.0
0.0
0.0
0.0
0.0
0.0
0.0
0.0
0.0
0.0
0.0
0.0
0.0
0.0
0.0
0.0
0.0
0.0
-1.86544
0.0
0.0
0.0
0.0
0.0
0.0
0.0
0.0
0.0
0.0
0.0
0.0
0.0
0.0
0.0
0.0
0.0
0.0
0.0
0.0
0.0
0.0
0.0
0.0
0.0
0.0
0.0
0.276107
0.0
0.0
0.0
0.0
0.0
0.0
0.0
0.0
0.0
0.0
0.0
0.0
0.0
0.0
0.0
0.0
0.0
0.0
0.0
0.0
0.0
0.0
0.0
0.0
0.0
0.0
0.0
0.0
0.0
0.0
0.0
-0.260205
-0.13789
0.0
0.0
0.0
0.0
0.0
0.0
0.0
0.0
0.0
0.0
0.778436
0.0
0.0
0.0
0.0
0.0
0.0
0.0
0.0
0.0
0.0
0.0
0.0
0.0
0.0
0.0
0.0
0.0
0.0
0.0
0.0
0.0
0.0
0.0
0.0
0.848865
0.0
0.0
0.0
0.0
0.0
0.0
0.0
0.0
0.0
0.0
0.0
0.0
0.0
0.0
0.0
0.0
0.0
0.0
0.0
0.0
0.0
0.0
0.0
0.0
0.0
0.465192
0.0
0.0
0.0
0.0
0.0
0.0
0.0
0.0
0.0
0.0
-0.434431
0.0
0.0
0.0
0.0
0.0
0.0
0.0
0.0
0.0
0.0
0.0
0.0
0.0
0.0
0.0
0.061127
0.0
0.0
0.0
0.0
0.0
0.0
0.0
0.0
0.0
0.0
0.0
0.0
0.0
0.0
0.0
0.0
0.0
0.0
0.0
0.0
0.0
0.0
0.0
0.0
0.0
0.0
0.0
0.0
0.0
0.0
0.0
-0.0587052
0.0
0.0
0.0
0.0
0.0
0.0
0.0
0.0
0.0
-0.32622
0.0
0.0
0.0
0.0
0.0
0.0
0.0
0.0
0.0
0.0
0.0
0.0
0.0
0.0
0.0
0.0
0.0
0.0
0.0
0.0
0.0
0.0
0.0
0.0
0.0
0.0
0.0
0.0
0.0
0.0
0.0
0.0
0.0
0.0
0.578082
0.0
0.0
0.0
0.0
0.0
0.0
0.0
0.0
0.0
0.0
0.0
0.0
0.0
0.0
0.0
0.0
0.0
0.0
0.0
0.0
0.0
0.0
0.0
0.0
0.0
0.0
0.0
0.0
0.0
0.0
0.0
0.0
0.0
0.0
0.0
0.0
0.0
0.0
0.0
0.0
0.172945
0.0
0.0
0.0
0.0
0.0
0.0
0.0
0.0
0.0
0.0
0.0
0.0
0.0
0.0
0.0
0.0
0.0
0.0
0.0
0.0
0.0
0.0
0.0
0.0
0.0
-0.22813
0.0
0.0
0.0
0.0
0.0
0.0
0.0
-0.473412
0.0
0.0
0.0
0.0
0.0
0.0
0.0
0.0
0.0
0.0
0.0
0.0
0.0
0.0
0.0
0.0
0.0
0.0
0.0
0.0
0.0
0.0
0.0
0.0
0.0
0.0
0.0
2.37688
0.0
0.0
0.0
0.0
0.0
0.0
0.0
0.0
0.0
0.0
0.0
0.0
0.0
0.0
0.0
0.0
0.0
0.0
0.0
0.0
1.21249
0.0
0.0
0.0
0.0
0.0
0.0
0.0
0.0
0.0
0.0
0.0
0.0
0.0
0.0
0.0
0.0
0.0
0.0
0.0
0.0
0.0
0.0
0.0
-0.470016
0.0
0.0
0.0
0.0
0.0
0.0
0.0
0.0
0.0
-0.605889
2.04808
0.0
0.0
0.0
0.0
0.0
0.0
0.0
0.0
0.0
0.0
0.0
0.0
0.0
0.0
0.0
0.0
0.0
0.0
0.0
0.0
0.0
0.0
0.0
0.0
0.0
0.0
0.0
0.305899
0.0
0.510453
1.18312
0.0
0.0
0.0
0.0
0.0
0.0
0.0
0.0
0.0
0.997587
0.0
0.0
0.0
0.0
0.0
0.0
0.0
0.0
0.0
0.0
1.11259
0.0
0.0
0.0
0.0
0.0
0.0
0.0
0.0
-0.0180804
-0.242803
0.0330215
0.00060106
-0.568364
-0.0172398
1.03378
-1.64555
-0.520456
-0.733791
0.198294
-0.20333
0.308529
-0.0885127
0.465178
0.0288771
-0.175723
0.313603
-0.0089398
-1.09565
0.861252
-0.53344
0.377376
-0.292294
0.762723
-0.0654861
-0.201415
0.13903
0.00230082
0.0326689
0.00230695
-0.0915947
-0.16664
1.11294
-0.605198
-0.136077
0.875935
-0.589816
0.0275971
-0.124356
0.206252
0.343086
0.232
0.712233
-0.0538867
0.146325
-0.370468
0.121008
-0.345551
0.0
0.0
0.0
0.0
0.0
0.0
0.0
0.0
0.0
0.0
0.0
0.0
0.0
0.0
0.0
0.0
0.0
0.0
0.0
0.0
0.0
0.0
0.0
0.0
0.0
0.0
0.0
0.0
0.0
0.0
0.0
0.0
-1.65621
0.0
0.0
0.0
0.0
0.0
0.0
0.0
0.0
0.0
0.0
0.0
0.0
0.0
0.0
0.0
0.0
0.750118
0.161443
0.0
0.0
0.0
0.0
0.0
0.0
0.0
0.0
0.0
0.0
0.0
0.871802
0.0
0.0
0.0
0.0
0.0
0.0
0.0
0.0
0.0
0.0
0.0
0.0
0.0
0.0
0.0
0.0
0.0
0.0
0.0
0.0
0.0
0.0
0.0
0.0
0.0
0.0
0.0
0.0
0.0
0.0
0.0
0.0
0.0
0.0
0.0
0.0
0.0
0.0
0.0
0.0
0.0
0.797863
0.0
0.0
0.0
0.0
-0.236496
0.0
0.0
0.0
0.0
0.0
0.0
0.0
0.0
0.0
0.0
2.27544
0.0
0.0
0.0
0.0
0.0
0.0
0.397524
0.0
0.0
0.101473
0.0
0.0
0.0
0.0
0.0
0.0
0.0
0.0
0.0
0.0
0.0
0.0
0.0
0.0
0.0
0.0
0.0
0.0
0.0
0.127328
0.0
0.0
0.0
0.0
0.0
-0.773687
0.0
-1.22031
0.0
0.0
-1.39735
0.0
0.0
0.0
0.0
0.0
0.0
0.0
0.0
0.0
0.0
0.0
0.0
0.0
0.0
0.0
0.0
0.0
0.0
0.0
0.0
0.0
0.0
0.0
0.0
0.0
0.0
0.0
0.0
0.0
0.0
0.0
0.0
0.0
0.0
0.0
0.0
0.0
0.0
0.0
0.0
0.0
0.0
0.0
0.0
1.17618
0.0
-0.0678307
0.0
0.0
0.0
0.0
0.0
0.0
0.0
0.0
0.0
0.0
0.0
0.0
0.0
0.0
0.0
0.0
0.0
0.0
0.0
0.0
0.0
0.0
0.0
0.0
0.0
0.0
0.0
0.0
0.0
0.0
0.0
0.0
0.0
0.0
0.0
0.0
0.0
0.0
0.0
0.0
0.0
0.0
0.0
0.0
0.0
0.0
0.0
0.0
0.0
0.0
0.0
0.0
0.0
-1.40409
0.0
0.0
0.0
0.0
0.0
0.0
0.0
0.0
0.0
0.0
0.0
0.0
0.0
0.0
0.0
0.0
0.0
0.0
0.0
0.0
0.0
0.0
0.0
0.0
0.0
0.0
0.0
0.0
0.0
0.966374
0.0
0.0
0.0
0.0
0.0
0.0
0.0
0.0
0.0
0.0
0.0
0.0
0.0
0.0
0.0
0.0
0.0
0.0
0.0
0.0
0.0
0.0
0.0
0.482336
0.0
0.0
0.0
0.0
0.0
0.0
0.0
0.0
0.0
0.0
0.0
-0.376687
0.0
0.0
0.0
0.0
0.0
0.181144
0.0
0.0
0.0
0.0
0.0
0.0
0.0
0.0
0.0
0.0
0.0
0.0
0.0
0.0
0.0
0.0
0.27234
0.0
0.757759
0.0
0.0
0.0
0.0
0.0
0.0
0.0
0.0
0.0
0.0
0.0
0.0
0.0
0.0
0.0
0.0
0.0
0.0
0.0
0.0
0.0
-1.10767
0.0
0.0
0.0
0.0
0.0
0.0
0.0
0.0
0.0
0.0
0.0
0.0
0.0
0.0
0.0
0.0
0.0
0.0
0.0
0.0
0.0
-0.068869
0.0
0.0
0.0
0.0
0.0
0.0
0.0
0.0
0.0
0.0
0.0
0.0
0.0
0.0
0.0
0.0
0.0
0.0
0.0
0.0
0.0
0.0
0.0
-1.09343
0.0
0.0
0.0
0.0
0.0
0.0
0.0
0.0
0.0
0.0
0.0
0.0
0.0
0.0
0.0
0.0
0.0
0.0
0.0
0.0
0.160116
0.0
0.0
0.0
0.0
0.0
0.0
0.0
0.0
0.0
0.349957
0.0
0.0
0.0
0.0
0.0
0.0
0.294091
0.0
0.0
0.0
0.0
0.0
0.0
0.0
0.0
0.0
0.0
0.0
0.0
0.0
0.0
0.0
0.0
0.0
0.0
-0.760411
0.0
0.0
0.692544
0.0
0.0
0.0
0.0
0.0
0.0
0.0
0.0
0.0
0.0
0.0
0.0
0.0
0.0
0.0
0.0
0.0
0.0
0.0
0.0
0.0
0.0
0.0
0.0
0.0
0.0
0.0
0.0
0.0
0.0
0.0
0.0
0.0
0.0
0.0
0.0
0.0
0.0
0.0
0.0
0.0
0.0
0.0
0.0
0.0
0.552173
0.0
0.0
0.0
0.0
0.0
0.0
0.0
0.0
0.0
0.856089
0.0
0.0
0.0
0.0
0.0
0.0
0.0
0.0
0.0
0.0
0.0
0.0
0.0
0.108244
0.0
0.0
0.0
0.0
0.0
0.0
-0.771375
0.0
0.0
0.0
0.0
0.0
0.0
0.0
0.0
0.0
0.0
0.0
0.0
0.0
0.0
0.0
0.0
0.0
0.0
0.0
0.0
0.0
0.0
0.0
-1.2093
0.0
0.417035
0.0
0.0
0.0
0.0
0.0
0.0
0.0
0.0
0.0
0.0
1.2058
0.0
0.0
0.0
0.0
0.0
0.0
0.0
0.0
0.0
0.0
0.0
0.0
0.0
0.0
0.0
0.0
0.0
0.0
0.0
0.0
0.0
0.0
0.0
0.0
0.0
0.0
0.0
0.96834
0.0
0.0
0.0
0.0
0.0
0.0
-0.443643
0.0
0.0
0.0
0.0
0.0
0.0
0.0
0.0
0.0
0.0
0.0
0.0
0.0
0.0
0.0
0.0
0.0
0.0
0.0
0.0
0.0
0.0
0.0
0.0
0.0
0.0
0.0
0.0
0.0
0.0
0.0
0.0
0.0
0.0
0.0
0.0
0.0
0.0
0.0
0.0
0.0
0.0
0.0
1.28802
0.0
0.0
0.0
0.0
0.0
-0.882083
0.0
0.0
0.0
0.0
0.0
0.0
0.0
0.0
0.0
0.0
0.0
0.0
0.0
0.0
0.0
0.0
0.0
0.0
0.0
0.0
0.535862
0.0
0.0
0.0
0.0
-1.68098
0.0
0.0
0.0
0.0
0.0
0.0
0.0
-1.05627
0.0
0.0
0.0
0.0
0.0
0.0
0.0
0.0
0.0
0.0
0.0
0.0
0.0
0.0
0.0
0.0
0.0
0.0
0.0
0.0
0.0
0.0
0.0
0.0
0.0
0.0
0.0
0.0
0.0
0.0
0.0
0.0
0.0
0.0
0.0
0.0
0.0
0.0
0.0
0.0
0.0
0.0
0.0
0.0
0.0
0.0
0.0
0.0
0.0
0.0
0.0
0.0
0.0
0.0
0.0
0.0
0.0
0.0
0.0
0.0
0.0
-0.991689
0.0
0.0
0.0
0.0
0.0
0.0
0.0739851
0.0
0.0
0.0
0.0
0.0
0.0
0.0
0.0
0.0
0.0
0.0
0.0
0.0
0.0
0.0
0.0
0.0
0.0
0.0
0.0
0.0
0.0
0.0
-1.88784
0.0
0.0
0.0
0.0
0.0
0.0
0.0
-0.374986
0.0
0.0
0.0
0.0
0.0
0.0
0.0
0.0
0.0
0.0
0.0
0.0
0.0
0.0
0.0
0.0
0.0
0.0
0.0
0.0
0.0
0.0
0.0
0.0
0.0
-1.48608
0.0
0.0
0.0
0.0
0.0
0.0
0.0
0.0
0.0
0.0
0.0
0.0
0.0
0.0
0.0
0.0
0.0
0.0
0.0
0.0
2.24433
0.960309
0.0
0.0
0.0
0.0
1.73747
0.0
0.0
0.0
0.0
0.0
0.0
0.0
0.0
0.0
0.0
0.0
0.0
-1.00489
-0.0198094
-0.186866
-0.316017
-0.000713877
0.0142041
0.262654
-0.403006
0.373601
0.017377
0.227621
0.0383134
-0.053303
0.421139
0.0264923
0.117136
0.0185445
-0.210862
0.476149
0.00695219
-0.441316
-0.241251
0.0588839
-0.138922
0.104417
-0.36509
-0.778857
-0.344688
-0.423068
-0.000202554
-0.0549851
0.409333
-0.101372
-0.134798
-0.374327
-0.210204
-0.146497
-0.0152016
0.558426
0.574801
-0.245911
-0.169981
-0.252473
-0.703557
-0.620494
0.521654
0.502303
-0.112237
-0.402391
0.167888
0.0
0.0
0.0
0.0
0.0
0.0
0.0
0.0
0.0
0.0
0.0
0.0
0.0
0.0
0.0
0.0
0.0
0.0
0.0
0.0
0.0
0.0
0.0
0.0
0.0
0.0
0.0
0.0
0.0
0.0
0.0
0.0
0.0
0.0
0.0
0.0
0.0
0.0
0.0
0.0
0.0
0.0
0.0
-0.429023
0.0
0.0
0.0
0.0
0.0
0.0
0.0
0.0
0.0
0.0
0.0
0.0
0.0
0.0
0.0
0.0
0.0
0.0
0.0
0.0
0.0
0.0
0.0
0.0
-2.46934
0.0
0.0
0.0
0.0
0.0
0.0
0.0
0.0
0.0
0.0
0.0
0.0
0.0
0.0
0.0
0.0
1.11599
0.0
0.0
0.0
0.0
0.0
0.0
0.0
0.0
0.0
0.0
0.0
0.0
0.0
0.0
0.0
0.0
0.0
0.0
0.0
0.0
0.0
0.0
0.0
0.0
0.0
0.0
0.0
0.0
0.0
0.0
0.0
0.0
0.0
0.0
0.0
0.0
0.0
0.0
0.0
0.0
0.0
0.0
0.0
0.0
0.0
0.0
0.0
0.0
0.0
0.0
0.0
0.0
0.0
0.0
0.0
0.0
0.0
0.0
0.0
0.0
0.0
0.0
0.0
0.0
0.0
0.0
0.0
0.0
-0.362417
0.0
0.0
0.0
0.0
0.0
0.0
0.0
0.0
0.0
0.0
0.0
0.0
0.0
0.0
0.0
0.0
0.0
0.0
-0.734633
0.0
0.0144772
0.0
0.0
0.0
0.0
0.0
0.0
0.0
0.0
0.0
0.0
0.0
0.0
0.0
0.0
0.0
0.0
0.0
0.0
0.0
0.0
-0.783608
0.0
0.0
0.0
0.0
0.0
0.0
0.0
0.0
0.0
0.0
0.0
0.0
0.0
0.0
-1.16386
0.0
0.0
0.0
0.0
0.0
0.0
0.0
0.0
0.0
0.0
0.0
0.0
0.0
0.0
0.0
0.0
0.0
0.0
0.0
0.0
0.0
0.0
0.0
0.0
0.0
0.0
0.0
0.0
0.0
0.0
0.0
0.0616437
0.0
0.0
0.0
0.0
0.0
0.0
0.0
0.0
0.0
0.0
0.0
0.0
0.0
0.0
0.0
0.0
0.0
0.0
0.0
0.0
0.0
0.0
0.0
0.0
0.0
0.0
0.0
0.0
0.0
0.0
0.0
0.0
0.0
0.0
0.0
0.0
0.0
0.0
0.0
0.0
0.0
0.0
0.0
0.0
0.0
1.31855
0.0
0.0
0.0
0.0
0.0
0.0
-2.46532
0.0
0.0
0.0
0.0
0.0
0.0
0.0
0.0
0.0
0.0
0.0
0.0
0.0
0.0
0.0
0.0
0.0
0.0
0.0
0.0
0.0
0.689488
0.0
0.0
0.0
0.0
0.0
0.0
0.0
0.0
0.0
0.0
0.0
0.0
0.0
0.0
0.0
0.0
0.0
0.0
0.0
2.66276
0.0
0.0
0.0
0.0
0.0
0.0
0.0
0.0
0.0
0.0
0.0
0.0
0.0
0.0
0.0
0.0
0.0
0.0
0.0
-0.180527
0.0
0.0
0.0
0.0
0.0
0.0
0.0
0.0
0.0
0.0
0.0
0.0
0.0
0.0
0.0
0.0
0.0
0.0
0.0
0.0
0.0
0.0
0.43179
0.0
0.0
0.0
0.0
0.0
0.0
0.0
0.0
0.0
0.0
0.0
0.0
0.0
0.0
0.0
0.0
0.0
0.0
0.0
0.0
0.0
0.0
0.0
0.0
0.0
0.0
0.0
0.0
0.0
0.0
0.0
0.0
0.0
0.0
0.0
0.0
0.0
0.0
0.0726133
0.0
0.0
0.0
0.0
0.0
0.0
0.0
-0.607751
0.0
0.0
0.0
0.0
0.0
0.0
0.0
0.0
0.0
0.0
0.0
0.0
0.0
0.0
0.0
0.0
0.0
0.0
-0.180706
0.0
0.0
0.0
0.0
0.0
0.0
0.0
0.0
0.0
0.0
0.0
0.0
0.0
0.0
0.0
0.0
0.0
0.0
0.0
0.0
0.0
0.0
0.0
0.0
0.0
0.0
-0.167667
0.0
0.0
0.0
0.0
0.0
0.0
0.0
0.0
0.0
0.0
0.0
0.0
0.0
0.0
0.0
0.0
0.0
0.0
0.0
0.0
0.0
0.0
0.0
0.0
0.0
0.0
0.0
0.0
0.0
0.0
0.0
0.0
0.0
0.0
0.0
0.0
0.0
0.0
0.0
0.0
0.0
0.0
0.0
0.0
0.0
0.0
0.0
0.0
0.0
0.0
0.0
0.0
0.0
0.0
0.0
0.0
0.0
0.0
0.0
0.0
0.0
0.0
0.0
0.0
0.0
0.0
0.0
0.0
0.0
0.0
0.0
0.0
-1.24551
0.0
0.0
0.0
0.0
0.0
0.0
0.0
0.0
0.0
0.0
0.0
0.0
0.0
0.0
0.0
0.0
0.0
0.0
0.0
0.0
0.0
0.0
0.0
0.0
0.0
0.0
0.0
0.0
0.0
0.0
0.0
0.0
0.0
0.0
0.0
0.0
0.0
0.0
0.0
0.0
0.0
0.0
0.0
0.0
0.0
0.0
0.0
0.0
0.0
0.0
0.0
0.0
0.0
0.0
0.0
0.0
0.0
0.0
0.0
0.0
0.0
0.0
0.0
0.0
0.0
0.0
0.0
0.0
0.0
0.0
0.0
1.06862
0.436137
0.0
0.0
0.0
0.0
0.0
0.0
0.0
0.0
-1.1588
0.0
0.985403
0.0
0.0
-2.44846
0.0
0.0
0.0187437
0.198744
0.0518246
0.000737372
-0.000936838
0.0643723
1.11877
-0.666219
-0.617219
-0.550271
0.17551
-0.018948
0.516125
-0.197813
0.442945
-0.0150749
0.00204212
0.476104
-0.00594735
-0.880634
0.444516
-0.158665
0.333528
-0.00245554
0.0813438
-0.73408
-0.0266583
0.0253565
0.00437213
-0.0055988
-0.18057
-0.090803
0.199159
1.17996
-0.823126
-0.287679
0.373122
-0.057157
0.0909379
0.0798162
-0.00263528
0.307342
0.580836
-0.454387
0.370906
-0.393805
-0.177656
0.2561
-0.27296
0.0
0.0
0.0
0.0
0.0
0.0
0.0
0.0
0.0
0.0
0.0
0.0
0.0
0.0
0.0
0.0
0.803794
0.0
0.0
0.0
0.0
0.0
0.0
0.0
0.0
0.0
0.0
0.0
0.0
0.0
0.0
0.0
0.0
0.0
0.0
0.0
0.0
0.0
0.0
0.0
0.0
0.0
-0.197277
0.0
0.0
0.0
0.0
0.0
0.0
0.0
0.0
0.0
-0.54402
0.0
0.0
0.0
0.0
0.0
0.0
0.0
0.0
0.0
0.0
0.0
0.0
0.0
0.0
0.0
0.0
0.295044
0.0
0.0
0.0
0.0
0.0
0.0
0.0
0.0
0.0
0.0
0.0
0.0
0.0
0.0
0.0
-0.417866
0.0
0.0
0.0
0.0
0.0
0.0
0.0
0.0
0.0
0.0
0.0
0.0
0.0
0.0
0.0
0.0
0.0
0.0
0.0
0.0
0.0
0.0
0.0
0.0
0.0
0.0
0.0
0.0
0.0
0.0
0.0
0.0
0.0
0.0
0.0
0.0
0.0
0.0
0.0
0.0
0.0
0.0
0.0
0.0
0.0
0.0
0.0
0.0
0.0
0.0
0.0
0.0
0.0
0.0
0.0
-0.756533
0.0
0.0
0.0
0.0
0.0
0.0
0.0
0.0
0.0
0.0
0.0
0.0
0.0
-0.0236514
0.0
0.0
-2.72857
0.0
0.0
0.0
0.0
0.0
0.0
0.0
0.0
0.0
0.0
0.0
0.0
0.0
0.0
0.0
0.0
0.0
0.0
1.13824
-0.087356
0.0
0.0
0.0
0.0
0.0
0.0
0.0
0.0
0.0
0.0
0.0
0.0
0.0
0.0
0.0
0.0
0.0
0.0
0.0
0.0
0.0
0.0
0.0
0.0
0.0
0.0
0.0
0.0
0.0
0.0
0.0
0.0
-0.780511
0.0
0.0
0.0
0.0
0.0
0.0
0.0
0.0
0.0
0.0
0.0
0.0
0.0
0.0
0.0
0.0
0.0
0.0
0.0
0.0
0.0
0.0
0.0
0.0
0.0
0.0
0.0
0.0
0.0
1.37242
0.0
0.0
0.0
0.0
0.0
0.0
0.0
0.0
0.0
0.0
0.0
0.0
0.0
0.0
0.0
0.0
0.0
0.0
0.0
0.0
0.0
0.0
0.0
0.0
0.0
0.0
0.0
0.0
0.0
0.0
0.0
0.0
0.0
0.0
0.0
0.0
0.0
0.0
0.0
0.0
0.0
0.0
0.0
0.0
0.0
0.0
0.0
0.0
0.0
0.0
0.0
0.0
0.0
0.0
-0.615986
0.0
0.0
0.0
0.0
0.0
0.0
0.0
0.0
0.0
0.0
0.0
0.0
0.0
0.0
0.0
0.0
0.0
0.0
0.0
0.0
0.0
0.0
0.0
0.0
0.0
0.0
0.0
0.0
0.0
0.0
0.0
0.0
0.0
0.0
0.0
0.0
0.0
0.0
0.0
0.0
0.0
0.0
0.0
0.0
0.0
0.0
0.0
0.0
0.0
0.0
0.0
0.0
0.0
0.0
0.0
0.0
0.0
0.0
-1.94749
0.0
0.0
0.0
0.0
0.0
0.0
0.0
0.0
0.0
0.0
0.0
0.0
0.0
0.0
0.0
0.0
0.0
0.0
0.0
0.0
0.0
0.0
0.0
0.0
0.0
0.0
0.0
0.0
0.0
0.0
0.0
0.0
0.0
0.0
0.0
0.0
0.0
0.0
0.0
0.0
0.0
0.0
0.0
0.0
0.0
0.0
0.0
0.0
0.0
0.0
0.0
0.360363
0.0
0.0
0.0
0.0
0.0
0.0
0.0
0.0
0.0
0.0
0.0
0.0
0.0
0.0
0.0
0.0
0.0
0.0
0.0
0.0
0.0
0.0
0.0
0.0
0.0
0.0
0.0
0.0
0.0
0.0
-0.504903
0.0
0.0
0.0
0.0
0.0
0.0
0.0
0.0
0.0
0.0
0.0
0.0
0.0
0.0
0.0
0.0
0.0
0.0
0.0
0.0
0.0
0.0
0.0
-0.932132
0.0
0.0
0.0
0.0
0.0
1.16609
0.0
0.0
0.0
0.0
0.0
0.0
0.0
0.0
0.0
0.0
0.0
0.0
0.0
0.0
0.0
0.0
0.0
0.0
0.0
0.0
0.0
0.0
0.0
0.0
0.0
0.0
0.0
0.0
0.0
0.0
0.0
0.0
0.0
0.0
0.0
0.0
0.0
0.0
0.0
-0.0477364
0.0
0.0
0.0
0.0
0.0
0.0
0.0
0.0
0.0
0.0
0.0
0.0
0.0
0.0
0.0
0.0
0.0
0.0
0.0
0.0
0.0
0.0
0.922979
0.0
0.0
0.0
0.0
0.0
0.0
0.0
0.0
0.0
0.0
0.0
0.0
0.0
0.0
0.0
0.0
0.0
0.0
0.0
0.0
0.0
0.0
0.0
0.0
1.06811
0.0
0.0
0.0
0.0
0.0
0.0
0.0
0.0
0.0
0.0
0.0
0.0
0.0
0.0
0.0
0.0
0.0
0.233652
0.0
0.0
0.0
0.0
0.0
0.0
0.0
0.0
0.0
0.0
0.0
0.0
0.0
0.0
0.0
0.0
0.0
0.0
-0.891774
0.0
0.0
0.0
0.0
0.0
0.0
0.0
0.0
0.587809
0.0
0.0
0.0
0.0
0.0
0.0
0.0
0.0
0.0
0.0
0.0
0.0
0.0
0.0
-1.34428
0.0
0.0
0.0
0.0
0.0
0.0
0.0
0.0
0.0
0.0
0.0
0.0
0.0
0.0
-1.77202
0.0
0.0
0.386946
0.0
0.0
0.0
0.0
0.0
0.0
0.0
0.0
-0.279426
0.0
0.0
0.0
0.0
0.0
0.0
0.0
0.0
0.0
0.0
0.0
0.0
0.0
0.0
0.0
0.0
0.0
0.0
0.0
0.0
0.0
0.0
0.0
0.0
0.0
0.0
0.0
0.0
0.0
0.0
0.0
0.0
0.0
0.0
0.0
0.0
0.0
0.0
0.0
0.0
0.0
0.0
0.0
0.0
0.0
0.0
0.0
0.0
0.0
0.0
0.0
0.0
0.0
0.0
0.454534
0.0
0.0
0.0
0.0
0.0
0.0
0.0
0.0
0.0
0.0
0.0
0.0
0.0
0.0
0.0
0.0
0.0
0.0
0.0
0.0
0.0
0.0
0.0
0.0
0.0
0.933582
0.0
0.0
0.0
0.0
0.0
0.0
0.0
0.0
0.0
0.0
0.0
0.0
0.0
0.0
0.0
0.0
0.0
0.0
0.0
0.0
0.0
0.0
0.0
0.0
0.0
0.0
0.0
0.0
0.0
0.0
0.0
0.0
0.0
0.0
0.0
0.0
0.0
0.0
0.0
0.0
0.0
0.0
0.0
0.0
0.0
0.0
0.0
0.0
0.0
0.838359
0.0
0.0
0.0
0.0
0.0
0.0
1.08271
0.0
0.0
0.0
0.0
0.0
0.0
0.0
0.0
0.0
0.0
0.0
0.0
0.0
0.0
0.0
0.0
0.0
0.0
0.0
0.0
0.0
0.0
0.0
0.0
0.0
0.0
0.0
0.0
0.0
0.0
0.0
0.0
0.0
0.0
0.0
0.0
0.0
0.0
0.0
0.0
-0.44591
0.0
0.0
0.0
0.0
0.0
0.0
0.0
0.0
0.0
0.0
0.0
0.0
0.0
0.0
0.0
0.0
0.0
0.0
-0.301945
0.0
0.0
0.0
0.0
0.0
0.0
0.0
0.0
0.0
0.0
0.0
0.0
0.0
0.0
0.0
0.0
0.0
0.0
0.0
0.0
0.0
0.0
0.0
0.0
0.0
0.0
0.0
0.0
0.0
0.0
0.0
0.0
0.0
0.0
0.0
0.0
0.0
0.0
0.0
0.0
0.0
0.0
0.322738
0.0
0.0
0.0
0.0
0.0
0.0
0.0
0.0
0.0
0.0
0.0
0.0
0.0
0.0
0.0
0.0
0.0
0.0
0.0
-0.0941345
0.0
-0.745697
0.0
0.0
0.0
0.0
-0.153733
0.0
0.0
0.0
0.0
0.0
0.0
0.0
0.0
0.0
0.0
0.0
0.0
0.0
0.0
0.0
0.0
0.0
0.0
0.0
0.0
0.0
0.0
0.0
0.0
0.0
0.0
0.0
0.0
0.0
0.0
0.0
0.0
0.0
0.0
0.0
0.0
0.0
0.0
0.0
0.0
0.0
0.0
0.0
0.0
0.0
0.0
0.0
0.0
0.0
0.0
0.0
0.0
0.0
0.0
-0.451418
0.0
0.0
0.0
0.0
0.0
-0.162124
0.0
0.0
0.0
0.0
0.0
0.0
-0.00635647
0.112059
0.153412
-0.000813311
0.0062914
0.244945
-0.113618
0.364505
-0.404947
-0.00571496
-0.124529
-0.0641849
0.814122
0.0341551
-0.00142667
0.0110996
-0.0815708
0.747839
0.00666453
-0.523633
0.277654
0.166521
-0.552857
0.190639
-0.291095
-0.428921
-0.284067
-0.152007
-0.00197196
0.129226
1.05648
0.226594
0.196506
-2.34625
-0.305518
-0.346002
0.151727
0.318651
0.90764
-2.19539
-0.0372075
-0.608324
-0.140408
-1.13658
0.546448
0.431677
0.000703115
-0.321767
0.0905898
0.0
0.0
0.0
0.0
0.0
-0.171517
0.0
-0.470192
0.0
0.0
0.0
0.0
0.0
0.0
0.0
0.0
0.0
0.0
0.0
0.0
0.0
0.0
0.380417
0.0
1.51917
0.0
0.0
0.0
0.0
0.0
0.0
0.0
0.0
0.0
0.0
0.0
0.0
0.0
1.61375
0.0
0.0
0.0
0.0
0.0
0.0
0.0
0.0
0.0
0.0
0.0
0.0
0.0
0.0
0.0
0.0
0.0
0.0
0.0
0.0
0.0
0.0
0.0
0.0
0.0
0.150584
0.0
0.0
0.0
0.885057
0.0
0.0
0.0
0.0
0.0
0.0
0.0
0.0
0.0
0.0
0.0
0.0
0.0
0.0
0.0
0.0
0.0
0.0
0.0
0.0
0.0
0.0
0.0
0.0
0.0
0.0
0.0
0.0
0.0
0.0
0.0
0.0
0.0
0.0
-0.309968
0.0
0.0
0.0
0.0
0.0
0.0
0.0
0.0
0.0
0.0
0.0
0.0
0.0
0.0
0.0
0.0
0.0
0.0
0.0
0.0
0.0
0.0
0.0
0.0
0.0
0.0
0.0
0.0
0.0
0.0
0.0
0.0
0.0
0.0
0.0
0.0
0.0
0.0
0.0
0.0
0.0
0.0
0.0
0.0
0.0
0.0
0.0
0.0
0.0
0.0
0.0
0.0
0.0
0.0
0.0
0.0
0.244986
0.0
0.0
0.0
0.0
0.0
0.0
0.0
0.0
0.0
0.0
0.0
0.0
0.0
0.0
0.0
0.0
0.0
0.0
0.0
0.0
0.0
0.0
0.0
0.0
0.0
0.0
0.0
0.0
0.0
0.0
0.0
0.0
0.0
0.0
0.0
0.0
0.0
0.0
0.0
0.0
0.0
0.0
0.0
0.0
0.0
0.0
-0.605542
0.0
0.0
0.0
0.0
0.0
0.0
0.0
0.0
0.0
0.0
0.0
0.0
0.0
0.0
0.0
0.0
0.0
0.0
0.0
0.0
-0.0858041
0.0
0.0
0.0
0.0
0.0
0.0
0.0
0.0
0.0
0.0
0.0
0.0
0.0
0.0
0.0
0.0
0.0
0.0
0.0
0.0
0.0
0.0
0.0
0.0
0.0
0.0
0.0
0.0
0.0
0.0
0.0
0.0
0.0
0.0
0.0
0.0
0.0
0.0
0.0
0.0
0.0
0.0
0.0
0.0
0.0
0.0
0.0
0.0
-0.821897
0.0
0.0
0.0
0.0
0.0
0.0
0.0
0.0
0.0
0.0
0.0
0.0
0.0
0.0
0.0
0.0
0.0
0.0
0.0
0.0
0.0
0.0
0.0
0.0
0.0
0.0
0.0
0.0
0.0
0.0
0.0
0.0
0.0
-0.116954
0.0
0.0
0.0
0.0
0.0
0.0
0.0
0.0
0.0
0.0
0.0
0.0
0.0
0.0
0.0
0.0
0.0
0.0
0.0
0.0
0.0
0.0
0.0
0.0
0.0
0.0
0.616954
0.0
0.0
0.0
0.0
0.0
0.0
0.0
0.0
0.0
0.0
0.0
0.0
0.0
0.0
0.0
0.0
0.0
0.0
0.0
0.0
0.0
0.0
0.0
0.0
0.0
0.0
0.0
0.0
0.0
-1.50923
0.0
0.0
0.62641
0.0
0.0
0.496211
0.0
-1.71117
0.0
0.0
0.0
0.0
0.0
0.585432
0.0
0.0
0.0
0.0
0.0
0.0
0.0
-0.804242
0.0
0.0
0.0
0.0
0.0
0.0
0.0
0.0
0.0
0.0
0.0
0.0
0.0
0.0
0.0
0.0
0.0
0.0
0.0
0.0
0.0
0.0
0.0
0.0
-0.108329
0.0
0.0
0.0
-1.03074
0.0
0.0
0.0
0.0
0.0
0.0
0.0
0.0
0.0
0.0
0.0
0.0
0.0
0.0
0.0
0.0
0.0
0.0
0.0
0.0
0.0
0.0
0.0
0.0
0.0
0.0
0.0
0.0
0.0
0.0
0.0
0.0
0.0
0.0
0.0
0.0
0.0
0.0
0.0
0.0
0.0
0.0
0.0
0.0
0.0
0.0
0.0
0.0
0.0
0.0
0.0
0.0
0.0
0.0
0.0
0.0
0.0
0.0
0.0
0.0
0.0
0.0
0.0
0.0
0.0
0.0
0.0
0.0
0.0
0.0
0.0
0.0
0.0
0.0
0.0
0.0
0.0
0.0
0.0
0.0
0.0
0.0
0.0
0.0
0.54641
0.0
0.0
0.0
0.0
0.0
0.0
0.0
0.0
0.0
0.0
0.0
0.0
0.0
0.0
0.0
0.0
0.0
0.0
0.0
0.0
0.0
0.0
0.0
0.0
0.0
0.0
0.0
0.0
0.0
0.0
0.0
0.0
0.0
0.0
0.0011884
-0.26792
0.489569
0.000556215
-0.00869437
-0.0275715
0.891471
-0.886718
-0.591622
-1.7534
0.296748
-0.336967
0.647577
-0.177058
0.102785
0.0313694
0.0050062
0.683074
-8.60335e-05
-0.900167
0.918369
-0.264385
-0.495842
0.0715938
0.801325
0.756794
-0.265171
-0.133396
-0.000375042
-0.0837748
0.685635
0.0997336
-0.0239279
0.470075
-0.117526
-0.294675
1.2045
-0.0430378
0.0736832
-0.0828418
0.11832
0.667471
0.150713
-0.116293
0.00440291
0.320752
-0.282595
0.0670475
-0.648061
0.0
0.0
0.0
0.0
0.0
0.0
0.0
0.0
0.0
0.0
0.0
0.0
0.0
0.0
0.0
0.0
0.0
0.0
0.0
0.0
0.0
0.0
0.0
0.0
0.0
0.0
0.0
0.0
0.0
0.0
0.0
0.699782
0.0
0.0
0.0
0.0
0.0
0.0
0.0
0.0
0.0
0.0
0.0
0.0
0.0
0.0
0.0
0.0
0.0
0.0
0.0
0.0
0.0
0.0
0.0
0.0
0.0
0.0
0.0
0.0
0.0
0.0
0.0
0.0
0.0
0.0
-0.571845
0.0
0.0
0.0
0.0
0.0
0.0
0.0
0.0
0.0
0.0
0.0
0.0
0.0
0.0
0.0
0.0
0.0
0.0
0.0
0.0
0.0
0.0
0.0
0.0
0.0
0.0
0.0
0.0
0.0
0.0
0.0
0.0
0.0
0.0
0.12026
0.0
-2.63186
0.0
0.0
0.0
0.0
0.0
0.0
0.0
0.0
0.0
0.0
0.0
0.0
0.0
0.0
0.911661
0.0
0.0
0.0
0.0
0.0
0.0
0.0
0.0
0.0
0.0
0.0
0.0
0.0
0.0
0.0
-1.62535
-1.16209
0.0
0.0
0.0
0.0
0.0
0.0
0.0
0.0
0.0
0.0
0.0
0.0
0.0
0.0
0.0
0.0
0.0
0.0
0.0
0.0
0.0
0.0
0.0
0.0
0.0
0.0
0.0
0.0
0.0
0.0
0.0
-1.84942
0.0
0.0
0.0
0.0
1.31898
0.0
0.0
0.0
0.0
0.0
0.0
0.0
0.0
0.0
0.0
0.0
0.0
0.0
0.0
0.0
0.0
0.0
0.0
0.0
0.0
0.0
0.0
0.0
0.0
0.0
0.0
0.0
-0.959333
0.0
0.0
0.0
0.0
0.0
0.0
0.0
0.0
0.0
0.0
0.0
0.0
0.7974
0.0
0.0
0.0
-0.36868
0.0
0.0
0.0
0.0
0.0
0.0
0.0
0.0
0.0
0.0
0.0
0.0
0.0
0.0
0.0
0.0
-1.30978
0.0
0.0
0.0
0.0
0.0
0.0
0.0
0.0
0.0
0.0
0.0
0.0
0.0
0.0
0.0
0.0
0.0
0.0
0.0
0.0
0.0
0.0
0.0
0.0
0.0
0.0
0.0
0.0
0.0
0.0
0.0
0.0
0.0
0.0
0.0
0.0
0.0
0.0
0.0
0.0
0.0
0.0
0.0
0.0
0.996686
0.0
0.0
0.0
0.0
-0.911933
0.0
0.0
0.0
0.0
0.40117
0.0
0.0
0.0
0.0
-0.0218615
-0.122613
-0.193759
-0.000803403
-0.00276694
0.113876
-0.550409
0.518582
-0.297428
0.0685749
0.0783373
0.0595951
0.29179
-0.264521
-0.421884
-0.000681326
0.180544
0.531807
-0.00230994
-0.302056
-0.216027
0.282166
-0.0752854
0.246761
-0.209378
-1.03352
-0.250487
-0.135883
-0.000735265
-0.0473914
1.1929
-0.275842
-0.0746963
-0.825506
-0.113092
-0.136478
-0.0370957
0.571521
0.105494
-0.00824455
-0.123784
-0.33485
-1.25663
-0.306288
0.531407
0.529095
-0.124939
-0.407996
0.0162113
0.0
0.0
0.0
0.0
0.0
0.0
0.0
1.15068
0.0
0.0
0.0
0.0
0.0
0.0
0.0
0.0
0.0
1.2894
0.0
0.0
0.0
0.0
0.0
0.0
0.0
0.0
0.0
0.0
0.0
0.0
0.0
0.0
0.0
0.0
0.0
0.0
0.0
0.0
0.0
0.0
0.0
0.0
0.0
0.0
0.0
0.0
1.04401
0.0
0.0
0.0
0.0
0.0
0.0
0.0
0.0
0.0
0.0
0.0
0.0
0.0
0.0
0.0
0.0
0.0
0.0
0.0
0.0
0.0
0.0
0.0
0.0
0.0
0.0
0.0
0.0
0.0
0.0
0.0
0.0
0.0
0.0
0.0
0.0
0.0
0.0
0.0
0.0
0.0
0.0
0.0
0.0
0.0
0.0
0.0
0.0
0.0
0.0
0.0
0.0
0.0
0.0
0.0
0.0
0.0
0.0
0.0
0.0
0.0
0.0
0.0
0.0
0.0
0.0
0.0
0.0
0.0
0.0
0.0
0.0
0.0
0.0
0.0
0.0
0.0
0.0
0.0
0.0
0.0
0.0
0.0
0.0
0.0
0.0
0.0
0.0
0.0
0.0
0.0
0.0
0.0
0.0
0.0
0.0
0.0
0.0
0.0
0.0
0.0
0.0
0.0
0.0
0.0
0.0
0.0
0.0
0.0
0.0
0.0
0.0
0.0
0.0
0.0
0.0
0.0
0.0
0.0
0.0
0.0
0.0
0.0
0.0
0.0
0.0
0.0
0.0
0.0
0.0
0.0
0.0
0.0
0.0
0.0
0.0
0.0
0.0
0.0
0.0
0.0
0.0
0.0
0.0
0.0
0.0
0.0
0.0
0.0
0.0
0.0
0.0
0.0
0.0
0.0
0.0
0.0
0.0
0.0
0.0
0.0
0.0
0.0
0.0
0.0
0.0
0.0
0.0
0.0
0.0
0.0
0.0
0.0
0.0
0.0
0.0
0.0
0.0
0.0
0.0
0.0
0.383842
0.0
0.0
0.0
0.0
0.0
0.0
0.0
0.0
0.0
0.0
0.0
0.0
0.0
0.0
0.0
0.0
0.0
0.0
0.0
0.0
0.0
0.0
0.0
0.0
0.0
0.0
0.0
0.0
0.0
0.0
0.0
0.0
0.0
0.0
0.0
0.0
0.0
0.0
0.0
0.0
0.225663
0.0
0.0
0.0
0.0
0.0
0.0
0.0
0.0
0.0
0.0
0.0
0.0
0.0
-0.719337
0.0
0.0
0.0
0.0
0.0
0.0
0.105348
0.0
0.0
0.0
0.0
0.0
0.0
0.0
0.0
0.0
0.0
0.0
0.0
0.0
0.0
0.0
0.0
0.0
0.0
0.0
0.0
0.0
0.0
0.0
0.0
0.0
0.0
0.0
0.0
0.0
0.0
0.0
0.0
0.0
0.0
0.0
0.0
0.0
0.0
0.0
0.574389
0.0
0.0
0.0
0.0
0.0
0.0
0.0
0.0
0.0
0.0
0.0
0.0
-0.00215268
0.0947654
0.297533
-0.00120253
-0.00148778
0.130946
1.02754
-0.285769
-0.29171
-1.98271
0.244843
-0.342893
0.900579
-0.115521
0.327912
0.657219
0.0146186
0.614179
-0.00419214
-0.926111
0.855296
0.0876329
-0.808837
0.115628
0.688438
0.96686
-0.361504
0.112276
-0.00528398
-0.155512
1.33613
0.0840787
-0.218428
-0.326979
-0.0939673
-0.345735
0.420166
0.225124
-0.849426
0.253053
0.067461
0.462827
-0.25098
-0.356932
0.136913
0.369675
-0.228744
0.0165941
-0.735203
0.0
0.0
0.0
0.0
0.0
0.0
0.0
0.0
0.0
0.0
0.0
0.0
0.0
0.0
0.0
0.0
0.0
0.0
0.0
0.0
0.199339
0.0
0.0
0.0
0.0
0.0
0.0
0.0
0.0
0.0
0.0
0.0
0.0
0.0
0.0
0.0
0.0
0.0
0.0
0.0
0.0
0.0
-1.9447
0.0
0.0
0.0
0.0
0.0
0.0
0.0
0.0
0.0
0.0
0.0
0.0
0.0
0.0
0.0
1.15416
0.0
0.0
0.0
0.0
0.0
0.0
0.0
0.0
0.0
0.0
0.0
0.0
0.0
-0.753857
0.0
0.0
0.0
0.0
0.0
0.0
0.0
0.0
0.0
0.0
0.0
0.751631
0.0
0.0
0.0
0.0
0.0
0.0
0.0
0.0
0.0
0.0
0.0
0.0
0.0
0.0
0.0
0.0
0.0
0.0
0.0
0.0
0.0
0.0
0.0
0.0
0.0
0.0
0.0
0.0
0.0
0.0
0.0
0.0
0.0
0.0
0.0
0.988266
0.0
0.0
0.0
0.0
0.0
0.0
0.0
0.0
0.0
0.0
0.0
0.0
0.0
0.0
0.0
0.0
0.0
0.0
0.0
0.0
0.0
0.0
0.0
0.0
0.0
0.0
0.0
0.0
0.0
0.0
0.0
0.0
0.0
0.0
0.0
0.0
0.0
0.0
0.0
0.0
0.0
0.0
0.0
0.0
0.0
0.0
0.0
0.0
0.0
0.0
0.0
0.0
0.0
0.0
0.0
0.0
0.0
0.0
0.0
0.0
0.0
0.0
0.0
0.0
0.0
0.0
0.225713
0.0
0.0
0.0
-0.676433
0.0
0.0
0.0
0.0
0.0
0.681468
0.0
0.0
0.0
0.0
0.767936
0.0
0.0
0.0
0.0
0.0
0.0
0.0
0.0
0.0
0.0
0.0
0.0
0.0
0.0
0.0
0.0
0.0
0.0
0.0
0.0
0.0
0.0
0.0
0.0
0.0
0.0
0.0
0.0
0.0
0.0
0.0
0.0
0.0
0.0
0.0
0.0
0.0
0.0
0.0
0.0
0.891185
0.0
0.637056
0.0
0.0
0.0
0.0
0.0
0.0
0.0
0.0
0.0
0.0
0.0
0.0
0.0
0.0
0.0
0.0
0.0
0.0
0.0
0.0
0.0
0.0
0.0
0.0
0.0
0.0
0.0
0.0
0.0
0.0
0.0
0.0
0.0
0.0
0.0
0.0
0.0
0.0
0.0
0.0
0.0
0.0
0.0
0.0
0.0
0.0
0.0
0.0
0.0
0.0
0.0
0.0
0.0
0.0
0.0
0.0
0.0
0.0
0.254102
0.0
0.0
0.0
0.0
0.0
0.0
0.0
0.0
0.0
1.24602
0.0
0.0
0.0
0.0
0.0
0.0
0.0
0.0
0.0
0.0
0.451012
0.0
0.0
-1.02909
0.0
0.0
0.0
0.0
0.0
0.0
0.0
0.0
0.0
0.0
0.0
0.0
0.0
0.0215544
0.0
0.0
0.0
0.0
0.0
0.0
0.0
0.0
0.0
1.05036
0.50454
0.0
0.0
0.0
0.0
0.0
0.0
0.0
0.0
0.0
0.0
0.0
0.0
0.0
0.0
0.0
0.0
0.0
0.0
0.0
0.0
0.0
0.0
0.0
0.0
0.0
0.0
0.0
0.0
0.0
0.0
0.0
0.0
0.0
0.0
0.0
0.0
0.0
0.0
0.0
0.0
0.0
0.0
0.0
0.0
0.0
0.0
0.0
0.0
0.0
0.0
0.0
0.0
0.0
0.910887
0.0
0.0
0.0
0.0
0.0
0.0
0.0
0.0
0.0
0.0
-0.420554
0.0
0.0
0.0
0.0
0.0
0.0
0.0
0.0
0.0
0.704172
0.0
0.0
0.0
-0.538692
-0.204873
0.0
-0.0625487
0.0
0.0
0.0
0.0
0.0
0.0
0.0
0.0
0.0
0.0
0.0
0.0
0.0
0.0
0.0
0.637598
0.0
0.0
0.0
0.0
0.0
0.0
0.0
0.0
0.0
0.0
0.0
0.0
0.0
0.0
0.0
0.0
0.0
0.0
0.0
0.0
0.0
0.0
0.0
0.0
0.0546879
0.0
0.0
0.0
0.0
0.0
0.0
0.0
0.0
0.0
0.0
0.0
0.0
0.0
-0.00262055
0.975642
-0.525009
-0.0912175
-0.0207151
0.00894059
-1.11954
1.10325
-0.090633
-0.783136
-0.0420649
0.208813
-0.0514621
-0.165867
-0.335707
-0.0293049
-0.310294
0.934622
0.0308144
-0.263339
0.333584
0.602764
0.146995
0.0524749
0.00837355
-1.03472
-0.0720299
0.144786
-0.0138119
-0.301586
2.0981
0.112901
-0.502716
-1.27837
0.212268
-0.3074
1.11879
-0.424065
1.12263
0.319479
-0.0410571
-1.00454
-1.11051
-1.82516
0.512901
0.196683
0.132358
-0.252485
0.570003
0.793575
0.0
0.0
0.0
0.0
0.0
0.0
0.0
0.0
0.0
0.0
0.0
0.0
0.0
0.0
0.0
0.0
0.0
0.0
0.0
0.0
0.0
0.0
0.0
0.0
0.0
0.0
0.0
0.0
0.0
0.0
0.0
0.0
0.0
0.0
0.0
0.0
0.0
0.0
0.0
0.0
0.0
0.0
0.0
0.0
0.0
0.0
0.0
0.0
0.0286255
0.380219
0.0860464
-0.146122
-0.0234994
0.0714101
-0.612708
-0.10514
0.137849
-2.12314
0.214874
-0.295165
1.23361
-0.0790017
0.942773
-0.00979814
-0.140874
1.26957
-0.0139723
-0.579478
-0.12802
0.136526
-0.484958
0.17842
0.127642
0.218276
-0.455758
0.332734
-0.00136037
0.0163699
2.63162
0.199218
-0.528716
-2.40027
-0.0961824
-0.172282
-0.0447515
1.19233
0.487339
0.698587
-0.164217
-0.158056
-0.0330129
-0.219027
0.599873
0.493124
-0.0439957
-0.377379
-0.226827
0.0
0.0
0.0
0.0
0.0
0.0
0.0
0.0
0.0
0.0
0.0
0.0
0.0
0.0
0.0
0.0
0.0
0.0
0.0
0.0
0.0
0.0
0.0
0.0
0.0
0.0
0.0
0.0
0.0
0.0
0.0
0.0
0.0
0.0
0.0
0.0
0.0
0.0
0.0
0.0
0.0
0.0
0.0
0.0
0.0
0.0
0.0
0.0
0.0
0.0398925
0.124538
-0.0318542
-0.00210055
-0.0149243
0.231662
-0.66111
-0.0799304
0.113944
-2.97537
0.246484
-0.379311
0.984076
-0.297658
1.28099
0.00465527
-0.274689
1.14223
-0.0081993
-0.657663
0.266863
-0.32011
-0.0745614
-0.00565309
0.624037
0.589003
-0.34915
0.30976
0.000706221
-0.00510178
1.92197
0.152436
-0.518846
-2.79389
0.119583
-0.339278
-0.489564
1.49774
0.438184
0.43717
-0.0201345
-0.240778
-0.0630214
-0.394259
0.463272
0.00252482
-0.319881
-0.0993364
-0.583593
0.0
0.0
0.0
0.0
0.0
0.0
0.0
0.0
0.10755
0.0
0.0
0.0
2.51898
0.0
0.0
0.0
0.0
0.0
0.0
0.0
0.0
0.0
0.0
0.0
0.0
1.34794
0.0
0.0
0.0
0.0
0.0
0.0
0.0
0.0
0.0
0.222272
0.0
0.0
0.0
-0.308071
0.0
0.0
0.0
0.0
0.0
0.0
0.0
0.0
0.989469
0.0
0.0
0.0
0.0
0.0
0.0
0.0
0.0
0.0
0.624224
0.0
0.0
0.0
0.0
0.0
0.0
0.0
0.0
0.0
0.0
0.0
0.0
0.0
0.0
0.0
0.0
0.0
0.0
1.20889
0.0
0.0
0.0
0.0
0.246159
0.0
0.0
0.0
0.0
0.0
0.0
0.0
0.0
0.0
0.0
-0.121334
0.0
0.0
0.0
0.0
0.0
0.0
0.0
0.0
0.0
0.0
0.0
0.0
0.0
0.0
0.0
-0.432717
0.0
0.0
0.0
0.0
0.0
0.0
0.0
0.0
0.0
0.0
0.0
0.0
0.0
0.0
0.0
0.0
0.0
0.0
0.0
0.0
0.0
1.26551
0.0
0.0
0.0
0.0
0.0
0.0
0.0
0.0
0.0
0.0
0.0
0.0
0.0
0.0
0.0
0.0
0.0
0.0
0.0
0.0
0.0
0.0
0.0
0.0
0.0
0.0
0.0
0.0
0.0
-0.151111
0.0
0.0
0.0
0.0
0.139442
0.0
0.0
0.0
0.0
-0.748376
0.0
0.0
0.0
0.0
0.0
0.0
0.0
0.0
0.0
0.0
1.09024
0.0
0.0
0.0
1.13562
0.0
0.0
0.0
0.0
0.0
0.0
0.0
0.0
0.0
0.0
0.0
0.0
0.0
1.47817
0.0
0.0
0.0
0.0
0.0
0.0
0.0
0.0
0.0
0.0
0.0
0.0
0.0
-0.324509
0.0
0.0
0.0
0.0
0.0
0.0
0.0
0.0
0.0
0.0
0.0
0.0
0.0
0.0
0.0
0.0
0.0
0.0
0.0
0.0
0.0
0.0
0.0
0.0
0.0
0.0
0.0
0.0
0.0
0.0
0.0
0.0
1.24037
0.0
0.0
0.0
0.0
0.0
0.0
-0.551613
0.0
0.0
0.0
0.0
2.28237
0.0
0.0
0.0
0.0
0.0
0.0
0.0
0.0
0.0
0.0
0.0
0.0
0.0
0.0
0.0
0.0
0.0
0.0
0.0
1.61042
0.0
0.0
0.0
0.0
0.0
0.0
0.0
0.0
0.0
0.0
0.0
0.0
0.0
0.0
0.0637189
-4.21971
0.0621492
0.0451524
0.00205289
-0.264992
0.510652
-0.0882071
-0.168192
-1.88591
0.364698
0.969465
1.45307
-0.659497
0.38654
-0.00783578
-0.0699411
0.430655
0.0236371
0.45557
1.4292
1.29927
-0.719032
0.114683
-0.0378453
-0.845289
0.40513
0.16802
0.0502578
0.00972656
-0.500373
-0.087805
0.1679
-0.349022
1.5478
-0.136734
0.843621
3.3228
0.0153008
0.448854
-0.083602
3.83837
-0.0676179
0.287934
0.209994
-0.0650202
-2.4559
0.212893
0.118665
-0.0881547
5.14331
0.10401
0.000433695
-0.0252628
0.237331
0.0381686
-0.26603
0.0856173
2.15128
-0.194042
-0.911635
-1.98536
0.393317
-0.489913
-0.0369642
0.150452
-0.310948
-0.13954
-0.731581
-1.86666
-1.39523
0.758263
-0.0588225
0.0141599
1.08002
-0.646573
0.138015
-0.00453859
0.0212358
0.630675
0.0749297
-0.942033
0.268651
-1.82165
0.222709
-1.03242
-3.44338
-0.0185447
-0.454841
0.104508
-3.81173
0.0469081
-0.193623
-0.165309
-0.127629
2.32752
-0.215698
-0.308629
0.0129414
-0.164343
0.536283
0.102447
0.279109
0.288064
0.645135
-0.251979
0.989039
0.628513
0.00379975
0.173238
-0.444845
-1.17388
0.652097
0.134618
0.796187
0.130246
-0.475672
0.85165
1.39417
0.415959
0.297715
-0.137657
0.57549
0.327588
-1.31712
0.977871
0.125857
-0.123605
0.358532
0.350927
-0.407448
-0.461089
-0.0936676
-0.211349
0.543283
0.0662287
-0.421901
-0.205556
-0.636764
-0.0141099
-1.03785
-0.848301
0.182091
-0.0650059
-0.808315
0.603198
-1.80384
-0.00633483
0.721843
-0.417106
-0.0609005
-0.249534
-0.259059
-0.373255
-0.0265681
-2.62263
0.351984
-0.10402
-0.321388
0.231453
1.51453
-0.682104
-0.141689
-0.534149
0.171713
0.437724
-0.644957
-1.57903
-0.763555
0.34047
0.191019
-0.211766
-0.800402
0.851988
-0.744577
-0.0681942
0.296088
-0.67742
-0.24014
0.217903
1.28484
0.124594
0.282088
-0.286571
-0.721256
0.429205
0.177294
-0.018328
-0.182359
1.19899
0.931097
-0.31829
0.301056
0.477786
-0.575137
-0.517662
-0.0244344
0.0186269
0.166176
0.0455728
-0.0232872
-0.0276255
0.549156
-0.354117
-0.0829668
0.263781
0.171048
0.0568646
-0.532394
-0.265874
-0.103572
-0.0448274
0.0805067
0.118621
-0.11592
-0.275006
-0.437413
-0.0959136
0.0383008
0.0559775
-0.0240075
0.234311
-0.242696
0.305851
0.0456224
0.0309496
0.130711
-0.0128402
-0.277962
-0.45166
-0.274685
0.0863282
-0.189336
-0.119964
-0.0031272
-1.13792
0.0208664
0.0267306
-0.020797
0.0942294
-0.102368
-0.192294
-0.128936
-0.00288502
-1.12012
-0.0406821
0.0361003
0.0654513
0.00877481
-0.0280098
-0.0663443
0.369188
-0.255532
0.104607
-0.201127
0.206372
0.280807
-0.325542
-0.298447
-0.147358
0.0351256
-0.0338702
-0.0200928
-0.0720956
-0.192911
-0.219768
0.0476169
-0.211236
0.00776961
-0.298448
0.34566
0.000162043
0.103098
-0.00938257
-0.0628633
0.10878
-0.0632444
-0.0799132
-0.399104
-0.25888
-0.0518616
-0.0709908
0.18456
-0.0364169
-0.0216965
0.0141228
0.161186
-0.138423
0.102967
0.214743
-0.218831
0.123973
-0.0524828
0.253987
1.2486
0.633196
0.974514
0.00201655
-0.0167135
0.0156835
-0.0488789
-0.789196
0.453649
0.362034
-0.248341
-0.615484
0.430601
0.83902
-0.63741
0.00250377
-0.325972
0.546782
-0.110316
-0.0135913
-0.548685
-0.125726
0.123245
-0.0960504
-0.587168
-1.42578
-0.232799
-1.13279
-0.00614823
-0.000320298
0.101671
0.34335
-0.429427
0.192511
-0.53864
0.180215
-0.500626
0.250983
-0.0737496
0.0804115
-0.147122
-0.636056
0.000673616
-0.25146
-0.510205
1.28376
1.02167
1.07113
0.00119123
1.76208
1.1101
-0.325622
0.00695024
-1.69689
-0.063038
0.473013
-0.280277
-0.134845
-0.0374733
0.17807
0.291461
1.67765
0.0192986
-0.928333
0.0540906
-0.0988035
0.161046
-0.0673705
-0.312297
-0.249178
-0.0159182
-0.122575
-0.0269144
-0.129755
1.91038
-1.63064
0.137799
-0.00912068
-0.0441923
-0.0627221
-0.0206267
-0.0927932
-0.0949287
-0.0518099
-0.113539
2.07098
-0.0415867
-0.0486372
-0.024937
0.0133034
0.145445
-0.153343
0.0604693
0.342778
-0.110595
0.150399
-0.150712
0.106201
1.68077
-1.4615
-1.94853
0.00690582
2.46072
-0.0671666
0.406952
-0.261691
-0.0615714
-0.113229
0.20611
0.173454
-1.37744
2.32781
-3.0704
1.65481
1.57002
0.0277448
-0.0693046
-0.226548
-0.290502
0.0126917
-0.243757
0.00187879
0.751273
0.156081
-0.403804
1.13821
0.572129
-0.0716343
-0.0866845
-0.0360595
-0.100021
-0.251614
-0.0784177
-0.068711
-0.0135639
2.07906
-0.0431268
-0.0708876
0.0326529
0.12382
-0.171463
-0.0048537
0.301854
-0.107778
0.158417
-0.0782554
0.0326441
-0.0460963
1.18454
2.08208
2.45677
2.62719
-2.61504
0.378273
-1.11828
-0.0527363
-0.109187
0.202117
0.161996
-0.219036
-0.0180818
2.34771
2.255
-0.0710812
-1.88321
-0.0698138
-0.232661
-0.301976
-0.027736
-0.220524
0.00567411
1.44129
0.1696
2.15209
0.0852287
-0.304303
-0.056996
-0.0734737
-0.0433065
-0.0808564
-0.258102
-0.0708151
-0.0572631
-0.0545781
-0.101837
-0.0468364
-0.0767492
0.0316369
0.12945
-0.14348
0.063468
0.309541
-0.110448
0.159573
-0.0367898
0.0915873
-0.0451387
0.0572132
2.33856
2.1483
1.58033
2.16827
0.376015
2.5995
-0.139085
0.308312
0.158902
0.298063
-0.0943672
-2.30796
-0.0977399
2.68472
-1.96287
0.0295155
-0.0692579
-0.397743
-0.393947
0.00236957
-0.131693
-0.00189823
-0.0808527
-1.32043
0.0699039
2.0711
-0.00949527
-2.78129
1.59584
-0.017459
-2.57543
0.554225
-0.294918
-0.105509
-0.0599939
0.0494802
-0.0632413
-0.0531532
-1.64657
-1.91777
-0.224565
-0.0497837
-0.152697
-0.00143137
0.115289
0.0865623
0.372423
-0.0112744
0.111504
-0.285725
2.48512
-0.51247
1.63537
-1.29865
0.5373
-0.0415296
0.90896
-0.225214
0.497984
-0.807702
-0.65578
0.225223
0.0797486
-0.322918
2.26355
-2.86265
1.34365
-0.800384
-0.0459714
0.933093
-0.0455721
1.06068
-0.846703
-0.0378891
-0.426637
-0.000123631
-0.0151566
0.921324
0.188043
0.259351
0.157515
1.81313
0.83809
-0.679973
1.312
0.646335
-0.146581
0.309087
-0.0698579
-1.43956
-1.58993
0.296426
0.57828
-0.522707
-0.613591
0.611966
0.00935969
0.587294
-0.246799
0.00578177
0.428099
-0.873745
2.66933
1.57483
-1.13283
-0.402551
-0.268337
0.0763369
0.811022
0.335099
0.650076
0.0797949
-0.763127
-0.403117
-0.464404
0.971353
2.23714
0.0673231
0.852004
-0.208519
1.69013
-2.79893
-0.247263
-0.259209
-0.983851
-0.0208076
1.96012
-0.767472
0.190499
1.84888
0.380875
-1.01418
0.791901
-0.423171
-2.56717
-0.121243
0.319417
0.480257
0.0916261
-0.990157
-2.07837
-0.734557
-0.276139
2.2103
0.786663
-0.0237412
-0.500286
-0.0274648
-0.00163211
0.00659696
-0.0559006
-2.19959
-2.25128
-2.47344
-1.5153
0.245008
0.283333
-0.400719
-0.384036
0.927768
0.0886609
0.304933
0.582404
-2.64031
3.00809
-1.87794
0.507448
0.0117195
-0.00142855
-1.00859
1.48566
0.600955
1.5359
-0.00582836
-0.0112912
0.147866
-0.104794
-0.170926
-2.121
-0.0722959
-0.243279
-0.0722804
-0.622829
-0.133281
-0.604414
0.197182
-0.0663037
-0.247667
-0.625325
-0.896162
-0.21728
-0.916082
0.700592
-1.27516
-0.00156608
0.678176
-0.0660141
0.00419336
0.0226037
0.0899427
0.787917
2.46161
-0.0548968
0.517401
0.0215259
-0.0357867
1.54558
-0.603329
0.294989
0.0307737
1.01657
0.504314
0.416378
-0.587293
5.3064
0.103895
0.581415
2.6523
-0.723118
-0.0287786
0.955724
-0.10221
0.0180203
-0.0226772
0.284621
-1.21515
1.77017
2.47551
0.210771
-0.806367
0.849402
-1.41516
-0.106791
0.272661
0.2519
0.659039
-0.0445995
-0.1733
-0.610548
-0.817016
-0.0060051
1.37978
-1.12572
-0.0443023
-0.0336636
0.037691
0.00690222
-0.0291405
-0.0705514
1.45071
0.517744
2.09714
-2.40265
1.80327
0.195779
-0.131133
-0.0241586
-0.0371222
0.0333892
-0.0582604
-0.210163
-0.0670397
0.0385
-0.95605
-1.66021
-2.00327
2.32432
-0.682971
0.2391
0.387654
0.142352
-0.00907871
-0.057459
-0.159474
-0.0420051
-0.0898721
-0.268024
-0.105774
-0.159445
0.0726449
-0.246382
-0.0470491
-0.153064
0.0730184
0.065261
-0.156454
-0.12625
2.62476
-0.167211
0.374887
-0.17139
-0.0403216
-0.00378619
0.351303
0.075613
0.00670001
0.00192369
-0.0705083
0.976013
0.315936
-2.75456
3.13993
-2.19535
-0.376159
-0.198422
-0.479097
-0.6857
0.0463441
0.165473
1.93041
-0.0438103
-0.479917
1.73942
1.83999
2.01564
-2.34673
1.5612
-1.21995
-0.304889
-0.268867
0.0057135
-0.0485477
1.14312
-0.168713
2.60572
0.869544
-2.69982
2.48605
0.656631
0.363739
-0.436973
0.321175
0.193722
0.0755364
-0.155002
0.824746
-0.786026
0.388207
-0.762224
-0.858337
-0.487171
-0.00254912
-0.443297
-0.0529951
0.00674829
0.0527035
0.00261939
-0.233062
0.390681
0.448019
-1.40061
2.93397
-3.17676
-0.0184875
0.682372
1.6471
0.0652044
-0.0156088
-1.35957
0.00239685
0.243679
0.28828
-0.205326
-2.80453
1.95888
0.182042
-0.143125
1.0987
0.0198389
0.0135239
0.124327
-0.50461
-0.212797
-0.150442
0.63683
-1.23787
0.423404
0.512389
-1.28583
0.0734829
-0.561903
0.189133
0.116877
0.124126
-0.528831
-0.842419
-1.07388
-0.292796
0.112297
-0.0710988
-2.65988
1.19906
-0.411728
0.00746196
0.0212535
-0.0493989
-0.0891155
0.0379855
-0.0595694
-0.423062
-0.0263321
-0.873565
2.80529
-1.3914
3.2423
0.00120073
-0.589434
0.526342
-0.00437861
0.024883
-0.778155
-0.458205
-0.126764
-0.0725909
4.186
-1.51185
-1.01589
-0.287357
-0.0101316
0.0627475
0.278471
-0.0019189
0.037371
0.938344
0.0455241
-0.191373
-0.181885
0.356495
-2.1837
-0.0338449
-0.0518675
-0.25939
0.0634732
-0.43613
0.11274
-0.199424
-0.0838473
-0.0598759
0.442242
-2.09692
0.926453
-0.032616
0.00459868
0.0461288
-0.0847156
0.315087
-0.0639087
-0.0427211
-0.286309
0.0791296
-1.12452
-1.80018
-2.57072
-1.41733
0.112199
-0.0763812
-0.0227016
-0.00366737
0.284932
-0.233048
-0.159567
0.141023
-0.0711224
-2.54639
-0.991418
-0.305087
1.61058
0.00118588
0.023153
-0.192722
0.041234
-0.0273636
-0.459953
0.909345
0.343905
0.204631
-2.74915
0.00441687
-0.435376
0.227859
0.168087
-0.147214
0.155822
-0.753605
0.0165055
-0.260616
0.494959
-1.07928
-0.0436006
-1.80589
0.0650489
2.15035
-0.0268805
-0.0704688
0.387604
-0.267663
0.285935
-0.269235
0.210796
0.266713
-0.414354
-0.456506
0.400343
-2.70529
0.863977
0.0191281
-0.0733709
-0.127261
-0.253461
0.0317999
-0.24319
0.00471786
-0.236557
-1.81976
-0.471193
0.45679
-0.0102075
-0.0621516
0.16765
1.95755
-0.074861
-0.531492
-0.154461
0.01313
-0.125258
0.156163
0.184635
-0.0345657
1.34119
0.176626
-0.166728
0.0289589
0.33038
-0.24632
0.0256379
-0.014791
0.207934
-0.0209315
-0.00640798
-0.851854
0.00632264
-1.37388
0.310855
0.493609
-0.34188
0.132246
0.0218854
0.199087
-0.325024
0.264215
0.0855621
-2.30968
1.94808
0.243667
-0.632395
-0.797054
-0.0632846
-0.419743
0.226786
-0.0755553
0.0564306
0.132461
3.14012
-0.0301637
1.59427
2.15284
-0.092089
-0.277203
-0.0656277
-0.0616126
-0.0373213
-0.240759
-0.0621985
0.289722
-0.257816
-2.82658
-0.219553
0.101463
0.240697
-0.173635
0.383907
0.129306
-0.147339
0.0464591
0.218313
-0.144504
-0.0237596
-0.777882
1.03615
0.119981
-1.39841
2.29112
1.47014
0.747668
-1.15351
0.178696
-0.0387485
0.9569
-0.457233
-0.796267
-0.530304
1.65618
-2.581
-1.14831
-2.37194
-1.39307
-0.628189
-0.340285
0.885346
-0.0522968
0.989029
-1.3111
-1.65454
-1.41714
-1.5242
0.0851154
1.17259
0.276531
-0.112637
0.041455
2.34941
-0.227929
-0.16884
1.33547
0.490969
0.462865
-0.411999
1.42322
0.168069
-1.24006
0.127676
1.7075
-0.181686
-0.825446
0.373953
-0.00647432
0.0197585
0.0107551
0.00577899
-2.48834
-1.06831
2.36622
-0.0972246
-0.0278536
0.0471718
-0.00938224
-0.0356279
-0.0855425
-0.0185349
-0.0922853
-0.125086
1.52655
1.09485
-0.607086
-0.0660733
0.00541836
-0.150496
0.182168
0.0115745
0.010046
0.0313905
1.80273
-1.84436
0.00102148
0.065968
2.58269
0.868423
1.61593
2.59169
0.0705323
-0.0561211
0.0498579
0.00839561
-0.0125834
0.881292
-0.00126538
-0.00789888
0.0711778
-0.924474
0.0679711
0.120228
-0.0945141
0.12568
-0.0693052
-0.0098004
0.275283
0.184157
0.00464261
-0.00680546
-2.16702
-1.50294
-2.30584
0.416336
0.464212
0.418403
-2.0342
2.85466
-0.392278
0.991379
0.0466135
0.2537
-1.46608
-2.86224
-0.392806
1.9005
0.54223
-0.037186
0.0512281
-0.570302
-0.785888
1.60337
-0.679021
1.00591
0.467514
-0.67942
-2.4817
-2.62642
-1.0219
-0.14542
0.570246
0.477853
0.467333
0.399498
1.83211
1.94396
1.7951
-0.0779588
0.196057
-2.52857
0.637563
0.797006
0.596282
0.58426
0.00331883
-0.0562177
0.0534571
0.000529999
0.0226401
-0.0161446
1.32488
-0.683278
0.481631
1.27697
0.0133905
1.17682
0.700231
0.349857
-0.0955653
0.0864416
-0.871002
-0.0615879
-2.56752
2.26103
3.28678
1.40145
-0.0394427
0.0373337
-0.195252
-0.0655351
-1.91628
0.268002
0.00224381
-1.89091
0.47157
-0.747215
0.486597
-0.364739
-2.03707
-0.265691
-0.367557
2.28076
0.566197
0.467982
-0.0984895
-0.54339
0.0551228
2.37596
0.38562
-2.30936
2.49337
-1.19889
0.672427
-0.0367989
-0.0364028
0.137202
0.00778623
-0.0174538
-0.0709593
0.357521
-2.05769
1.19916
0.416346
0.205298
0.757403
-0.762486
-0.147789
-0.797058
0.0838007
0.111094
0.42296
1.73329
0.51643
2.01558
-0.934843
-1.7898
0.013315
-0.24569
0.575539
-0.814819
0.341609
-0.0163552
-0.252225
-0.400995
-0.0505329
-0.097597
-0.706086
1.17806
-0.431357
0.0296525
1.14231
0.106829
0.0838338
-0.0743051
0.406048
-0.217827
0.858615
-1.58988
-2.01752
-0.0512057
-0.426545
0.0761714
-0.00975916
-0.117662
-0.259771
0.00585174
0.0131837
-0.00347002
0.267787
0.88733
-1.6571
1.93247
2.60886
2.36522
-0.308524
-0.0367593
0.15162
0.0546379
-0.595018
1.08777
1.10591
-1.27363
1.27909
-0.615022
-1.19368
-1.48318
-1.4299
-0.271615
0.016995
-0.306204
-0.00370542
0.0511628
1.67716
-1.25291
-0.324802
1.61629
-0.639194
0.404574
0.0432076
0.896953
-0.110698
0.173333
0.177682
-0.537062
-2.19135
-1.96558
0.420014
-1.19404
0.360564
-0.371121
-1.06295
-0.046862
0.0674938
0.0796335
0.00960636
-0.0324854
-0.0902869
0.276428
1.34129
-0.562063
-1.17632
2.8705
0.523627
-0.0962301
0.00497889
-0.183939
0.0298586
-0.0241507
-0.14818
-0.0687883
-0.038024
-2.35517
2.97904
1.8753
-0.643788
-0.343413
0.399496
0.196316
0.0786317
-0.00835531
-0.0550281
-0.160602
2.81732
-0.07453
-0.1776
2.45664
-2.64585
-0.00220346
-0.233606
-0.0804384
-0.10923
0.0581812
0.0881416
-0.126438
0.0152371
-0.0659775
2.86347
0.213556
-1.8068
0.0351643
-0.0545477
0.789051
0.468935
0.00435399
-0.00861934
-0.203288
-1.54978
-1.1235
0.530984
-2.26065
0.223965
-0.681546
0.652167
0.764935
0.137006
0.0418994
-0.394218
-0.0277864
-0.0376994
-0.19741
-1.71557
-1.25646
0.166033
1.99803
0.127273
1.37384
-0.562899
-0.380722
-0.0239738
0.217785
0.0470488
0.0615726
-0.165713
-0.977848
1.48493
3.59496
-0.332838
1.25534
-0.228733
0.353405
-0.412647
-2.01697
-0.0734388
-0.43242
-1.69275
0.587171
-2.02293
3.06115
1.63385
-0.0330487
2.11218
-0.261105
0.0135533
0.0395359
-0.0435377
-0.349394
0.580151
0.349502
1.03417
0.228971
1.14377
-1.19578
-1.70337
-0.784009
-1.78741
0.559888
-1.4789
-0.0599986
0.369679
0.94696
1.17095
0.181634
0.0322366
-1.57406
-1.42802
-0.13218
0.125912
0.00895414
-0.0315855
-1.80365
-0.397983
0.0677022
-0.233897
-1.75823
1.96791
2.21478
-0.299389
-0.359563
-0.328339
0.907087
-0.200842
0.210464
1.21216
-0.0539295
-0.708522
-0.25678
0.125736
0.380577
0.987579
-2.80316
-0.0305949
0.0132365
0.0254906
-0.00199971
-0.55417
1.04743
0.946947
0.432863
0.219884
-1.1399
3.12819
1.41233
-1.20673
1.17761
0.98004
-1.69946
-0.0108411
1.35979
-1.40296
0.278925
-0.248758
0.0799755
-2.28851
0.0550441
2.20826
0.00138943
0.0155165
2.01115
-0.0963021
-0.259959
0.152103
1.39575
-1.91062
0.297433
2.71624
-3.3234
0.590672
-0.712681
0.301502
0.521018
0.136442
0.0593083
-0.492033
-0.900379
0.256823
-1.16934
-1.23779
0.735883
-0.0152247
0.0668494
0.00637501
1.27186
-0.0645768
0.233138
-0.426117
0.67607
-0.285143
0.253266
0.282258
-2.70924
-3.32581
-0.0102858
0.0672124
0.194832
-0.436101
-0.0743151
-0.0260985
0.0174131
0.287509
-0.375138
0.0452215
-0.384106
2.23982
-0.589296
-1.69418
-0.0988428
-0.0911843
0.212064
-0.0855545
-0.0730477
-0.866811
-0.310706
0.0633792
-0.122644
0.135944
0.638722
-0.882124
-1.31612
0.235457
-0.181808
0.154405
0.248477
-0.0836765
-0.348219
0.328213
-0.00306904
-0.0467214
0.0265952
1.62316
1.54423
-0.380785
2.36635
0.378557
-0.272681
-0.0846582
-0.0739808
0.201605
0.155286
-1.71692
0.0155216
1.2954
2.81733
1.18996
0.0471894
-0.0690857
-0.237716
-0.309992
-0.0314287
-0.217281
0.00842754
-0.232874
0.11112
0.71775
1.334
2.16841
-0.0633379
-2.8458
-0.0349001
-0.0878101
-0.22977
-0.0434813
-0.0625452
-0.626613
-2.87704
1.2192
-2.70304
0.099663
0.125682
-0.146944
0.0324042
0.324897
-0.0929333
0.163749
-0.0579378
0.0461541
-0.0142324
-0.0553997
1.98547
-0.714611
1.77176
-0.0076767
-0.0113422
0.0281693
-0.302534
-0.0997542
-0.00578796
-0.173117
-0.0875778
0.557634
1.05452
0.0663659
0.679317
-0.040433
0.00109186
-0.148304
-0.177188
-0.244014
0.202852
-0.0146832
-0.106601
-0.154381
-0.127798
-1.8586
2.84529
-0.251127
-1.64471
0.915702
-0.0168694
0.362886
0.339901
-0.193805
0.325945
-0.58207
-0.0796782
0.71902
-1.59342
-0.295315
0.0424396
0.227098
0.025141
0.0963813
0.0719133
-0.178325
-0.431666
0.00637337
0.209084
-0.0254477
0.00250778
-0.807642
0.0455828
0.95997
0.776601
-0.213206
0.0295138
-0.118403
1.39861
0.158372
-0.80144
0.863947
-0.801049
-2.16212
2.86419
-1.19575
0.357016
-0.434333
0.397283
1.44208
-0.0424748
-2.35865
0.422143
-0.231164
1.28453
1.84836
0.822103
0.827828
1.3088
-0.136744
-2.66871
-0.230752
-0.830862
0.0945694
-0.504658
0.153419
0.932491
0.291956
2.23645
2.85442
-1.6388
-1.14085
0.150222
0.147855
0.639153
-0.631395
-0.0442875
0.00733725
0.0349092
0.00701237
2.4739
-0.100279
0.483959
-0.546611
0.0345904
-0.373367
0.25458
0.0897078
-0.404511
-0.0858657
-0.0232621
0.0566329
2.65305
0.977296
-0.800808
-1.4105
-1.20117
2.74255
-0.195314
0.0192901
0.0719744
0.191695
0.148664
0.109614
0.450177
-0.987405
1.16725
1.36711
-1.07498
-0.148742
0.680715
0.711395
-0.0758676
-1.07983
-0.140032
-0.293419
-0.953687
0.883884
-2.52291
2.91329
0.804587
0.199395
0.830553
0.0989065
-0.313802
-0.011782
0.196122
-0.0132812
0.00552828
0.0312766
-0.00124418
-2.63696
-0.0132924
-0.272526
0.385918
-0.0188471
-1.11807
0.816727
0.185464
-0.126639
-2.34072
-0.534156
-0.334321
1.84033
-0.0345649
1.57387
-0.123434
-0.335873
-0.00449757
0.000617078
-0.06046
0.953414
-0.136332
2.89341
0.0675004
-2.64817
1.05659
2.01107
0.639647
-0.120595
-0.29939
0.287367
-0.0306077
-0.0583459
-0.00896046
1.72111
1.94612
-1.77238
0.515559
-0.767643
0.272758
0.114803
0.9573
0.345907
-0.00445118
0.29629
-0.0495417
0.00620994
0.0318647
0.00610142
0.977365
-1.103
1.46198
-0.331643
0.0226782
0.0523061
0.832739
0.880761
0.944258
-1.77021
-0.171571
-2.17437
1.54271
0.237132
0.178201
-2.61199
0.476169
-0.0186552
0.926908
0.463251
0.914031
-0.185638
0.0117855
0.0488668
0.240291
0.590355
-2.12927
3.30535
2.36187
1.48874
0.0419366
-0.170486
0.35684
-0.25103
-0.46596
-0.421319
-1.30749
-0.526948
-2.13397
-0.541117
-0.665611
1.06908
0.43612
-0.0266404
-0.817296
0.191343
0.00504426
0.0182259
-0.287399
-0.732495
-0.690084
-0.303166
-1.9046
-0.525179
-0.0785757
0.478341
0.501809
1.88141
0.111632
-0.283691
-0.0736535
0.018785
-0.210233
-2.54166
2.00473
0.00580103
-0.243395
0.916566
1.32834
-0.288312
0.128493
-0.00207163
0.243765
-2.07863
3.14722
-2.56811
-0.0668048
0.225142
0.120996
-0.087284
0.339835
-0.539871
-0.564477
0.283389
-0.362194
-0.350607
-0.603773
3.63298
-0.757175
-0.244732
-1.14345
-0.898667
-0.0152347
-0.17392
-0.0911838
0.000881435
0.00330081
0.067931
-0.0532083
-0.0487209
0.451933
-0.43249
0.274968
-0.0673508
2.01714
0.0792598
0.827818
0.0385144
-0.272017
0.143779
-0.0231726
-0.0323582
-0.301068
-2.68367
1.47338
1.60107
0.713408
-0.137962
0.992684
-0.29501
0.00627218
0.13299
0.534416
-0.379993
-2.01711
-1.14873
2.88831
1.41546
-0.124675
1.34173
-0.397697
-0.388345
0.267066
-1.08248
0.608048
-2.27381
0.0349674
-2.12381
0.494816
-3.35028
-0.646603
0.0216323
0.10369
0.0259182
0.00809288
-0.00028441
-0.0224524
-0.318794
0.373257
1.38544
1.95438
0.0641532
0.939823
-0.39286
-0.594593
0.226375
0.061187
1.14605
-2.5911
-0.0679586
0.594837
-0.274572
0.612616
-0.759401
2.78241
-0.765925
1.57835
-0.26806
0.639714
0.0151411
-0.117293
-0.599142
-0.0503145
-0.0559064
-0.0166453
-3.17405
-0.268118
-0.215978
-2.33493
-0.452919
-0.388991
0.195528
-0.578887
-0.151907
-0.80411
0.772449
0.0465557
0.558647
0.110883
-0.226435
-0.0420575
0.210928
0.526236
0.001338
-0.00974705
-0.132333
-0.86544
-0.536169
-0.587359
1.48372
-0.242917
1.41373
0.682924
0.252096
-2.29391
0.0482557
-0.311255
0.742052
0.0147992
-0.37613
1.85958
-1.13618
0.412141
-0.0927325
0.856092
-0.96143
-0.321899
-0.72904
2.82938
0.204416
0.765996
-0.0123135
0.353109
0.582863
0.189373
1.2136
-1.16249
-0.155988
-0.543235
0.650314
-0.0211835
-0.178182
-0.240839
-0.526794
-1.09636
0.940442
-0.668076
0.962569
1.59656
-0.0151859
1.83755
-0.00660883
0.00635807
-0.459481
-0.0179299
-0.309626
-0.363044
0.361904
0.191594
0.0217117
-0.242609
-2.81078
-0.130391
-0.140901
0.071824
-0.111669
-0.31053
-0.00920796
0.661043
0.0774106
-0.288894
-0.172195
-0.0145256
-1.62745
0.478431
0.696699
-0.060114
0.00222542
0.106187
-0.362761
-0.110753
0.0506138
-0.0747907
0.373813
-0.704903
-2.4033
2.92848
-1.40312
-2.66489
0.0129534
-0.0862727
-0.0127139
0.491988
-0.437811
-0.0991131
0.10766
-0.303529
0.732473
-0.00278841
1.91878
0.229822
0.0031634
2.41739
-0.016674
-0.071933
-0.0378051
0.351036
-0.170839
0.0562949
-0.606428
0.198005
0.047696
0.123922
0.0312235
0.0611727
-0.0772005
0.00409989
0.0686094
0.590009
0.0630423
-0.161418
0.000444199
-1.26282
0.186863
-0.686381
-2.51469
0.635385
2.31335
-0.00538314
-0.0386068
-0.0969726
0.016405
-0.0931448
-0.375236
-0.0142089
0.842297
2.05092
-1.73348
0.00994681
0.039359
0.0011524
0.20067
-0.0424795
-0.242264
0.386048
0.0970219
1.22549
-0.0132161
0.0645611
0.00165962
0.0106792
0.05597
2.44281
-0.148558
-0.237605
0.397059
0.0321602
0.0133673
-0.105159
-0.126458
-1.80623
-0.144846
0.405464
2.94089
0.0962059
-0.00579658
-0.171648
-0.013752
-0.281616
0.365343
0.00521613
0.182586
1.56375
0.911293
0.624098
0.0023143
0.712158
0.0254603
-0.0719464
-0.0183136
0.166811
0.271651
-0.166438
0.226847
-1.07988
-0.0219974
-0.358124
-2.89082
2.07448
0.967527
0.598151
-0.274967
0.019026
0.0672834
0.145116
-1.28237
-0.0104279
-0.353181
-0.0103337
0.010484
-0.0153773
-0.0510194
1.42176
1.57713
-0.43014
-0.368062
0.280165
-0.710379
1.12063
0.163569
0.0527149
0.0862285
-0.368945
1.04263
-0.902953
-0.250176
0.435381
0.35799
0.459863
0.11219
-1.15551
-1.18854
0.725755
-0.300778
2.08735
-1.85401
0.815607
-0.0881369
-0.00891869
0.0563718
-1.19801
-1.90686
0.397927
0.271268
-2.86223
0.796582
-0.971287
-0.0863628
-0.176393
-0.0798148
-1.42219
-0.559418
0.158729
0.840048
-1.07476
-0.0108351
0.031034
0.0616369
0.00847988
0.0230257
-0.0225008
-0.0198011
2.35526
-0.350794
0.249522
-0.0475891
0.0769592
-0.540689
0.139613
-0.241899
0.0344922
0.635832
1.77054
-0.000152002
-1.47231
-0.0735295
-0.150097
0.659419
-0.0589166
-0.601842
0.0618141
-0.212878
-2.26938
-2.51985
0.264447
-0.515415
-0.00658018
0.0306727
0.446993
-0.422547
-0.72466
0.0716853
0.202614
-0.0235458
-2.35229
0.0267333
-0.685863
1.66949
0.192156
0.0545653
0.463991
0.0360961
-0.14886
-0.0540722
-0.0530718
0.499326
0.108795
0.0101853
-0.0313364
2.72411
0.732121
-2.46033
0.531149
-0.471997
0.111082
-0.381858
0.0883091
0.354568
-0.420933
-2.92601
0.0559154
0.263552
-0.0390962
-0.131688
0.0128813
0.430268
-0.0462699
-0.021097
-0.443131
0.366719
0.0896616
-0.195912
-0.0033746
-0.420435
-1.18984
-0.0579821
-0.163119
0.587879
-1.10854
-0.148371
-0.090023
0.04961
0.309873
-0.0204026
-2.61761
2.06602
1.19296
0.0818906
0.466427
-0.0335713
0.313754
0.401205
-0.107297
-0.0416142
-0.16959
-0.067263
0.0104866
0.0074177
-0.176221
-1.26699
-0.684396
-0.105047
-0.0863526
0.02502
-1.63449
-1.71605
0.22145
-1.11715
0.106551
-0.0318978
-0.217072
-1.61385
-2.78148
-4.86869
-0.918734
-1.61802
-0.199647
1.93529
-1.93863
-1.49771
0.154587
-0.0187008
0.799808
-2.34282
2.34477
-0.0180733
-2.31154
-0.291896
-0.837174
-0.611531
0.234121
-0.543409
-0.0782811
-0.166771
-0.295085
0.0585325
-0.622087
1.19125
-0.549027
-1.91827
-1.13334
0.262873
-0.0638371
0.993628
0.060991
0.0081256
0.0038188
-0.186549
-0.417959
0.633264
0.311181
0.0917231
-0.216063
-2.80998
0.495659
1.56747
-0.63434
0.0483154
-0.664282
0.284104
-0.0288698
-0.721198
-0.362248
-0.281358
0.0374277
-0.366023
0.00505914
-2.11165
0.913243
-0.674412
-0.0211589
0.14197
-1.53166
-1.47171
1.59068
-0.293498
0.413904
-2.61933
-0.291319
0.344461
0.0593508
0.26273
-0.608573
-0.402214
-0.369569
1.00443
0.463877
-0.75166
-0.0640709
0.312846
1.67774
-0.0177339
0.225289
0.285443
0.00554292
-0.00980225
-0.11742
-0.564828
-0.836624
-1.26734
0.112031
-0.42761
-1.21492
0.603604
0.321607
-0.320683
-0.0301947
-0.0129054
0.233613
-0.0884499
-0.208455
1.29573
1.08101
-0.450529
-0.105838
0.418556
0.998346
0.789394
0.190135
0.00518046
-0.0947536
-0.470989
-1.80035
-0.28138
0.170348
-2.78764
-0.305042
-0.516456
0.658291
0.539971
0.359985
-0.528789
0.264379
-3.04496
0.647109
-0.938586
-1.32986
-1.64538
-0.742315
0.926503
-0.0733361
1.1687
0.428058
0.00699583
0.0389094
-0.0467037
-0.40189
0.18476
-0.665781
0.250753
-0.314617
-1.58582
0.390198
1.53436
-0.495954
0.0809339
-0.250239
0.0109728
-2.71507
1.87179
-1.03127
0.324721
0.478793
-0.286803
0.597689
-0.853585
-0.466643
-0.4476
-0.0248284
0.178102
-1.68344
0.0604607
0.122552
-0.285402
0.812696
-1.66768
1.12666
-0.259701
-0.229862
0.280578
-0.492919
0.231211
-0.324752
1.97965
0.29895
5.33532
1.08772
0.400211
1.72876
-0.0535242
0.297592
0.480936
0.00342087
-0.0154447
-0.150382
-0.363168
-1.46997
-0.342705
0.271303
-0.0703306
0.0645023
0.666233
1.20415
-1.13091
-0.070998
-0.24027
0.809227
-0.00918744
-1.02239
0.642466
-0.22512
-0.622573
-0.0417433
2.69001
0.109034
0.223243
-0.375136
-0.0193471
0.0873362
-0.269207
-0.217897
0.00758042
-0.45346
1.49681
1.15395
-0.612884
1.00827
0.37783
0.49055
-0.773914
0.186916
-0.377545
0.564899
-0.676236
0.682324
1.19595
2.48819
0.937092
0.028782
-0.0331847
0.0935547
0.0324635
-0.026224
0.0495856
0.0929939
-0.0418146
0.00342465
0.326434
-0.0242041
-0.0961321
-0.247681
-0.269193
0.113917
-0.148194
0.170571
-0.0483827
-0.0465842
-0.0520073
-0.152661
0.0542525
0.0538897
0.0438432
0.197328
2.77754
-0.175214
0.234563
0.0546695
0.0241281
0.226132
0.0380646
-0.202087
0.0570078
-0.299431
0.184093
-0.00825403
-0.019213
0.644977
0.0919273
1.87462
-0.0924264
0.0875271
-0.123595
-0.426415
-0.15544
-0.156218
-0.0868876
-0.719287
-0.31454
-0.707152
-0.427423
-0.713712
4.49352
4.97155
8.74851
7.49955
-0.399634
-0.641714
0.0622132
-0.513039
-0.445673
-0.770795
-0.637953
0.684321
-0.439355
-0.75442
-1.55315
-0.717323
0.550842
-0.690652
-0.688047
-0.624107
0.734507
-2.79112
-2.60067
2.39666
3.10939
-3.37616
-1.68496
-1.35455
-0.331652
-0.513464
-0.163735
-1.55537
4.43645
-3.17067
1.67331
-2.00641
-0.328855
-0.877389
-0.59106
-0.598816
1.79455
-1.8577
-1.2392
-1.77307
-0.980723
-0.769619
-3.45229
-1.21129
-0.457964
0.84667
0.141236
1.908
0.99852
-0.693347
-1.78694
-0.496779
-0.380502
-0.656905
-0.480674
-0.67725
-0.761947
-0.256313
-0.313926
-0.950963
1.0442
-2.51021
-2.93834
1.62378
-0.591746
1.02918
-0.1099
-0.182797
-1.81765
-2.52899
4.22257
-3.1031
-1.65852
-1.45434
1.40377
-0.160597
-1.61851
-1.86639
-0.478618
-2.39089
3.47172
-3.41784
-2.86529
1.4251
-0.428144
-0.731279
-0.419235
-0.76811
-0.385982
4.34651
-2.94588
3.59812
0.319535
3.06028
2.45228
-5.12295
-3.92561
-3.0132
0.635342
-3.89992
-0.233239
-0.607801
-0.0566529
-1.04811
-0.450036
-0.760965
-0.636558
-0.706301
0.0450594
-0.206434
-0.564624
-0.223124
4.74042
-3.18331
-0.587467
-0.848986
0.265505
-0.362456
-1.83257
-0.580653
-0.17957
-0.291197
-0.0969044
0.44751
1.24165
-3.57683
2.4227
-0.693811
-3.63973
-6.79558
-2.75121
0.135288
3.46553
-3.84722
-3.52948
2.67182
2.60783
3.78303
-0.166258
-3.50336
-3.79764
-2.60456
-4.11109
0.488396
-0.303073
0.212257
-0.524481
-0.144953
-0.0404699
-0.674164
0.106881
-0.866778
-0.388391
-0.283673
0.972028
-0.29115
-2.40259
-5.06086
-0.584645
-7.48134
-0.186145
-0.125432
0.300742
-0.355329
-3.42951
0.0889027
3.21836
-1.69714
-1.88168
1.35648
-6.60802
1.82893
-2.63036
3.80697
-1.64002
0.609658
0.177246
2.04552
4.82727
2.62927
-3.11942
3.32311
-2.25939
-1.95084
-3.72584
2.2602
-3.51794
1.05356
-1.41739
-0.941857
-0.774129
-0.902301
