[0.21855457022365954,
 -0.04673960333366267,
 0.03860394297859493,
 16.05934715423298,
 0.5281940615913356,
 -0.605350902588242,
 -0.16393679079990875,
 -0.4438739006811261,
 0.09215165130456171,
 -0.021564823572248315,
 -0.30910586552641917,
 0.10314131908097579,
 -0.3657342073407506,
 -0.1539470484407559,
 8.286810916552682,
 0.7266238102528177,
 0.25841131295345576,
 16.081170306838573,
 -0.05053765046014291,
 0.7974168280521496,
 -0.09642094867126616,
 8.3909124123049,
 0.628546717200237,
 16.072544721293525,
 0.9867106596776694,
 0.6801527993900436,
 -0.06006594490702355,
 0.7258235604708148,
 0.059095233271250436,
 -4.665973377603393,
 -1.423782201475035,
 0.05070695920801427,
 -0.2607630834165491,
 0.09561050707847585,
 -1.5070457974188116,
 -0.37973283395538715,
 16.136452491637442,
 0.012536640365928164,
 -0.11806710250451147,
 -16.057681181870578,
 -15.976003972938656,
 -0.435533153688084,
 -0.5311187031465749,
 0.26754034205848143,
 -0.3518108141589664,
 0.12413193826262159,
 -0.1670945545751863,
 -0.22183346487715028,
 0.6139875380976036,
 0.16857235954840633,
 -0.588020038668617,
 0.6560671566957694,
 8.25484764327436,
 -0.4191747832301189,
 35.34932882997141,
 -0.19222729081229062,
 1.2213903852189958,
 0.2573705615745041,
 0.3483672781471441,
 -1.8357545411047624,
 0.4997949911251567,
 34.893603506678716,
 -0.025300068527798203,
 0.349863214962312,
 -0.04159359067175927,
 0.07147114911612107,
 -0.0512521726251407,
 0.11771625679017461,
 0.05058296791060002,
 -0.10142046619799316,
 0.2303436684523419,
 1.0601348087512292,
 -16.01116073822675,
 -0.25711045577344294,
 0.33627820662204044,
 0.19187361293163008,
 34.50418890312643,
 8.497062153080421,
 0.03368745712069199,
 -0.10075413750016082,
 -0.10095425891574905,
 -0.2535762385870157,
 0.2223200350033494,
 -0.14811364164233964,
 -0.02670812486860541,
 -0.1553183906713116,
 -0.6509211904068763,
 0.2770809374254384,
 -0.491040323678817,
 -0.015055858775852471,
 0.016318229975240683,
 -0.010291123334667418,
 0.17776906150022853,
 0.778610980906322,
 0.16461446040460714,
 -0.07662838247995296,
 -0.15808549323211452,
 -0.4984082794735656,
 -16.010022359275467,
 -0.03867304214089394,
 0.27136613732747605,
 0.15628078733951867,
 0.4675744028864983,
 0.23948046667274525,
 -0.029760904240681896,
 -0.05703460871171348,
 0.19762471719081987,
 -0.11461397801104134,
 -0.44870070192877165,
 -0.17329741493445283,
 0.1640217506003978,
 -0.1327047813928175,
 -0.2277609544981729,
 -0.16982887807544955,
 -0.07189976949599688,
 -1.051040873463478,
 34.403873991856514,
 1.0956362499953798,
 1.1392685235350655,
 -16.02140144392729,
 -0.034464457513138314,
 0.10366961438123212,
 0.8710274533189022,
 -0.014040097193841916,
 -0.046293531356850826,
 0.4026609094577651,
 -0.7758980523073546,
 0.02883619643870361,
 -0.038365493669208786,
 0.3041759653236795,
 -0.5092419645083623,
 -0.007962446407390189,
 -0.038189119155930484,
 -0.5001902177129978,
 -0.3216653359239672,
 -0.08739544610023131,
 0.17105836937471963,
 -1.0246049617802555,
 0.209542802538067,
 0.6508163070001478,
 8.285856223193278,
 0.010636044731967331,
 0.11281291467778942,
 0.19569403763224003,
 -15.97346078868685,
 34.16999691432416,
 0.05856512065142283,
 0.029036362773467772,
 16.080543012351455,
 0.04952859464166259,
 0.17005872327418103,
 0.1667591336339349,
 -0.06970231956884435,
 16.114713372077617,
 -0.06740893937740111,
 0.150604727241614,
 -0.15963853327176025,
 -0.45918589158569034,
 0.20648373293005307,
 -15.973553313048455,
 -15.971955020799214,
 -0.11841206536923465,
 -1.6173517706965868,
 0.1842903240254259,
 -0.37499308938265585,
 0.3303926647795379,
 0.2303486502184242,
 -0.11162970757211355,
 0.06301916186151857,
 -0.04807334738603686,
 0.02414213511917751,
 -0.28110218278538923,
 -0.3074491501399166,
 0.18029881971233408,
 0.6513154471570033,
 1.3276779515745423,
 -1.0128439601693344,
 0.1271852414953969,
 0.14158793885862053,
 -0.32275541501569194,
 -0.27651254321330043,
 0.16043758622501514,
 0.15769178306484832,
 0.09115509663683952,
 -0.033116515518770484,
 -0.590707024075698,
 0.6990489652572478,
 8.344705218540568,
 -0.06373783843872616,
 0.25211139623643675,
 -0.0046744675653371814,
 -0.05446700362891046,
 0.21549037726154552,
 0.22043542581701558,
 34.706018220110096,
 1.2442985978956358,
 0.3804304993275025,
 0.2096233128017282,
 -0.18733858854227492,
 0.052866572671312895,
 -0.31952962707595134,
 -0.08095777747826105,
 8.393742373064569,
 -0.026668608425609364,
 -0.1983299376056209,
 16.113712092120707,
 -0.04234250274117812,
 -0.3698079410697801,
 -0.18192868304478793,
 -1.1492838256617315,
 16.084969838088398,
 0.3990037043579946,
 1.2162788572492502,
 0.33540121816827195,
 -0.1845187544767981,
 -0.01958792703180734,
 0.04289597118262378,
 -0.61315972285351,
 0.11988979337058936,
 -0.022154241072229297,
 8.334586020735927,
 -1.9563276243793126,
 -0.10930318513081261,
 -0.2954229765014418,
 -1.3408927289349322,
 -0.06992490069600085,
 0.17895394209340054,
 0.15844218396176757,
 0.7417117168210865,
 0.304504899264316,
 -0.21190716502320583,
 0.12856218111016915,
 34.3319026703292,
 0.1962274727137583,
 -1.386837055015718,
 -0.453049452069223,
 -0.06603987166731073,
 1.6455940292133278,
 0.009052847042937628,
 0.7575720684048974,
 0.5969344449837308,
 -1.9498771571685438,
 -0.16708566179588047,
 0.003763048826584736,
 0.5338954453796845,
 -0.42970125442744234,
 -0.10750915198170219,
 -0.11599664224064554,
 -0.12236435415792357,
 -0.1456476991870943,
 0.1665248390914229,
 34.18009061964372,
 0.7513490639801148,
 -0.3165691370013306,
 -0.2905029960880938,
 -0.17965711917453575]
