[293, 25, 25, 4]
0.0
0.0
0.0
0.0
0.0
0.0
0.0
0.0
0.0
0.0
0.0
0.0
0.0
0.0
0.0
0.0
0.0
0.0
0.0
0.0
0.0
0.0
0.0
0.0
0.0
0.0
0.0
0.0
0.0
0.0
0.0
0.0
0.0
0.0
0.0
0.0
-0.0320079
0.0
0.0
0.0
0.0
1.83638
0.0
0.0
0.0
0.0
0.0
0.0
0.0
0.0
0.0
0.0
0.0
0.0
0.0
0.0
0.0
0.0
0.0
0.0
0.0
0.0
0.0
0.0
0.0
0.0
0.0
0.0
0.0
0.0
0.0
0.0
0.0
0.0
0.0
0.0
0.0
0.0
0.0
0.0
0.0
0.0
0.0
0.0
0.0
0.0
0.0
0.0
0.0
0.0
0.0
0.0
0.0
0.0
0.0
0.0
0.0
0.0
0.0
0.0
0.0
0.0
0.0
0.0
0.0
0.0
0.0
0.0
0.0
0.0
0.0
0.0
0.0
0.0
0.0
0.0
0.0
0.0
0.773831
0.580522
0.0
0.0
0.0
0.0
0.0
-0.0729162
1.10976
0.124419
0.785631
-0.973585
-2.98211
0.368202
0.156204
1.34224
0.47924
-0.529144
-0.526617
0.737555
-0.821864
-0.321266
-0.135621
0.970631
-3.75854
0.031386
-0.216851
-1.20764
1.04631
-0.259327
0.284486
0.504669
0.0
0.0
0.0
0.0
0.0
0.0
0.0
0.0
0.0
0.0
0.0
0.0
0.0
0.0
0.0
0.0
0.0
0.0
0.0
0.0
0.0
0.0
0.0
0.0
0.0
0.0
0.0
0.0
0.0
0.0
0.0
0.0
0.0
0.0
0.0
0.0
0.0
0.0
0.0
0.0
0.0
0.0
0.0
0.0
1.01867
0.0
0.0
0.0
0.0
0.0
-1.42918
0.178988
0.45881
0.0301544
1.05383
1.39412
0.0793198
-0.29977
0.278281
-0.383242
0.4697
-0.399549
-0.360981
0.371508
0.810647
-0.0144783
1.41763
-0.82839
0.0693545
0.315464
-0.453832
0.127937
-0.359872
1.6202
1.35048
-0.758347
0.0
0.0
0.0
0.625123
0.0
0.0
0.0
0.0
0.0
0.0
0.0
0.0
0.0
0.0
0.0
0.0
0.0
0.0
0.0
0.0
0.0
0.0
0.0
0.0
0.0
0.0
0.0
0.0
0.0
0.0
0.0
0.0
0.0
0.0
0.0
0.0
-1.61404
0.0
0.0
0.0
0.0
0.0
0.0
0.0
0.0
0.0
0.0
0.0
0.0
0.0
0.0
0.0
0.0
0.0
0.0
0.0
0.0
0.0
0.0
0.0
0.0
0.0
0.0
0.0
0.0
0.0
0.0
0.0
0.0
0.0
0.0
0.0
0.0
0.0
0.0
0.0
0.0
0.0
0.0
0.0
0.0
0.0
0.0
0.0
0.0
0.0
0.0
0.0
0.0
0.0
0.0
0.0
0.0
0.0
0.0
0.0
0.0
0.0
0.0
0.0
0.0
0.0
0.0
0.0
0.0
0.0
0.0
0.0
0.0
0.0
0.0
0.0
0.0
0.0
0.0
0.0
0.0
0.0
0.0
0.0
0.0
0.0
0.0
0.0
0.0
0.0
0.0
0.0
0.0
0.0
0.0
0.0
0.0
0.0
0.0
0.0
0.0
0.0
0.0
0.0
0.0
0.0
0.0
0.0
0.0
0.0
0.0
0.0
0.0
0.0
0.0
0.0
0.0
0.0
0.0
0.0
0.0
0.0
0.0
0.0
0.0
0.0
0.0
0.0
0.0
0.0
0.0
0.0
0.0
0.0
0.0
0.0
0.0
0.0
0.0
0.0
0.0
0.0
0.0
0.0
0.0
0.0
0.0
0.0
0.0
0.0
0.0
1.73079
0.0
0.0
0.0
0.0
0.0
0.0
0.0
0.0
0.0
0.0
0.0
0.0
0.0
0.0
0.0
0.0
0.0
0.0
0.0
0.0
0.0
0.0
0.0
0.0
0.0
-0.359532
0.0
0.0
0.0
0.0
0.0
0.0
0.0
0.0
0.0
0.0
0.0
0.0
0.0
0.0
0.0
0.0
0.0
0.0
0.0
0.0
0.0
0.0
0.0
0.0
0.0
0.0
0.0
0.0
0.0
0.0
0.0
0.0
0.0
0.0
0.0
0.0
0.0
0.0
0.0
0.0
0.0
0.0
0.0
0.0
0.0
0.0
0.0
0.0
0.0
0.0
0.0
0.0
0.0
0.0
0.0
0.0
0.0
0.0
0.0
0.0
0.0
0.0
0.0
0.0
0.0
0.0
0.0
0.0
0.0
0.0
0.0
-0.194093
0.0
0.0
0.830286
0.0
0.0
0.0
0.0
0.0
1.51844
0.0
0.0
0.0
0.0
0.0
0.0
0.0
0.0
0.0
0.0
0.0
0.0
0.0
0.0
0.0
0.0
0.0
0.0
0.0
0.0
0.0
0.0
0.0
0.0
0.0
0.0
0.0
0.0
0.0
0.0
0.0
0.0
0.535561
0.0
0.0
0.0
0.0
0.0
0.0
0.0
0.0
0.0
0.0
0.0
0.0
0.0
0.796843
0.0
0.0
0.0
0.0
0.0
0.0
0.0
0.0
0.0
0.0
0.0
0.0
0.0
0.0
0.0
0.0
1.19746
0.0
0.0
0.0
0.0
0.0
0.0
0.0
-0.0132754
0.0
0.0
0.0
0.0
0.0
0.0
0.0
0.0
0.0
0.0
0.0
0.0
0.0
0.0
0.0
0.0
0.0
0.0
0.0
0.0
0.0
0.0
0.0
-1.21797
0.0
0.0
0.0
0.0
0.0
0.0
0.0
0.0
0.0
0.0
0.0
-0.16255
0.612848
0.0
0.0
0.0
0.0
0.0
0.0
0.0
0.0
0.0
0.0
0.0
0.0
0.0
0.0
0.0
0.0
0.0
0.0
0.516281
0.0
0.0
0.0
0.0
0.0
0.0
0.0
0.0
0.0
0.0
0.0
0.0
0.0
0.0
0.0
0.0
0.0
0.0
0.0
0.0
0.0
0.0
0.0
0.0
0.0
0.0
0.0
0.0
-0.288421
0.0
0.0
0.0
0.0
0.0
0.0
1.15113
0.0
0.0
0.0
0.0
0.0
0.0
0.0
0.0
0.0
0.0
0.0
0.0
0.746677
0.0
0.0
0.530907
0.0235474
0.365317
-0.368556
0.287945
0.150363
0.161389
-0.441042
0.378742
0.243718
-0.574788
-0.0558991
-0.0664884
0.16025
0.108177
-0.0302844
1.27311
0.0591165
0.00907025
-0.0557942
0.0633292
-0.231651
0.245144
0.100667
0.87184
0.0
0.0
0.0
0.0
0.0
0.0
0.0
0.0
0.0
0.0
0.0
0.0
0.0
0.0
0.0
0.0
0.0
0.0
0.0
0.0
0.0
0.0
0.0
0.0
0.0
0.0
0.0
0.0
0.0
0.0
0.0
0.0
0.0
0.0
0.0
0.0
0.0
0.0
0.0
0.0
0.0
0.0
0.0
0.0
0.0
0.0
0.0
0.0
0.0
0.0
0.0
0.0
0.0
0.0
0.0
0.0
0.0
0.0
0.0
0.0
0.0
0.0
0.0
0.0
0.0
0.0
0.0
0.321736
0.0
0.0
0.0
0.0
0.0
0.0
0.0
0.0
0.0
0.0
0.0
0.0
0.0
0.0
0.0
0.0
0.0
0.0
0.0
0.0
-1.41494
0.0
0.0
0.0
0.0
0.0
0.0
0.0
0.0
0.0
0.0
0.0
0.0
0.0
0.0
0.0
0.0
0.0
-2.26769
0.0
0.0
0.0
0.0
0.0
0.0
0.0
0.0
0.0
0.0
0.0
0.0
0.0
0.0
0.0
0.0
0.0
0.0
0.0
0.0
0.0
0.0
0.0
0.0
0.0
0.0
0.0
0.0
0.0
0.0
0.0
0.0
0.0
0.0
0.0
0.0
0.0
0.426337
0.0
0.0
0.0
0.0
0.0
0.0
0.0
0.0
0.0
0.0
0.0
0.0
0.0
0.0
0.0
0.0
0.0
0.0
0.0
0.0
0.0
0.0
0.0
0.0
0.0
0.0
0.0
0.0
0.0
-1.88685
-1.3382
0.0
0.0
0.0
0.0
0.0
-0.904022
0.0
0.0
0.0
0.0
0.0
0.0
0.0
0.0
0.0
0.0
0.0
0.358154
0.0
0.0
0.0
0.0
0.0
0.0
0.231604
0.918206
0.0721186
0.464077
-0.38177
-0.222305
0.299933
-0.0917883
0.348082
0.296968
0.00520865
-0.310919
0.438031
-0.475128
-0.7005
0.0464468
0.995909
-1.51433
-0.243052
0.175484
-0.542754
1.36908
-0.0117498
0.501657
0.459015
0.0
0.0
0.0
0.0
0.0
0.0
0.0
0.0
0.0
0.0
0.0
0.0
0.0
0.0
0.0
0.0
0.0
0.0
0.0
0.0
0.0
0.0
0.0
0.0
0.0
0.0
0.0
0.0
0.0
0.0
0.0
0.0
0.0
0.0
0.0
0.0
0.370262
0.0
0.0
0.981766
0.0
0.0
0.0
0.0
0.0
0.0
0.0
0.0
0.0
0.0
0.0
-1.518
0.822036
0.0
0.0
0.0
0.0
0.0
0.0
0.0
0.0
0.0
0.0
0.0
0.0
0.0
0.0
0.0
0.0
0.0
0.0
0.0
0.0
0.0
0.0
0.0
0.0
0.0
0.0
0.0
0.0
0.0
0.0
0.0
0.0
0.0
0.0
0.0
0.0
0.0
0.0
0.0
0.0
0.0
0.0
-1.0566
0.0
0.0
0.0
0.0
0.0
0.0
0.0
0.0
0.0
0.0
0.0
0.0
0.0
0.0
0.0
0.0
0.0
0.0
0.0
0.0
0.0
0.0
0.0
0.0
0.0
0.0
0.0
0.0
0.0
0.0
0.0
-1.42025
0.0
0.0
0.0
0.0
0.0
0.0
0.0
0.0
0.0
0.0
0.0
0.0
0.0
0.0
0.0
0.0
0.0
0.0
0.0
0.0
0.0
1.66383
0.0
0.0
0.0
0.0
0.0
0.0
0.0
0.0
-0.326692
0.0
0.0
0.0
0.0
0.0
0.0
0.0
0.84061
0.0
0.0
0.0
0.0
0.0
0.0
0.0
0.0
0.0
0.0
0.0
0.0
0.0
0.0
0.0
0.0
0.0
0.0
0.0
0.0
0.0
0.0
-0.331886
0.0
0.0
0.0
0.0
0.0
0.0
0.0
0.0
0.0
0.0
0.0
0.0
0.0
0.0
0.0
0.0
0.0
0.0
0.0
0.0
0.0
-0.921974
0.0
-2.74342
0.0
0.0
0.0
0.0
0.0
0.0
0.0
0.0
0.0
0.0
0.0
0.0
0.0
0.0
0.0
0.0
0.0
0.0
0.0
0.0
0.0
0.0
0.0
0.0
0.0
0.0
0.0
0.0
0.0
0.0
-0.0557056
0.0
0.0
0.0
0.0
0.0
1.14782
-0.337581
0.460144
-1.09585
0.693248
0.40271
0.314191
-0.37155
0.0829032
0.336214
0.321305
0.0913771
-0.169843
0.340426
0.227447
0.014997
1.29993
0.284019
-0.0119262
0.186335
0.477165
-0.475699
0.355483
-0.298884
0.495015
0.0
0.0
0.0
0.0
0.0
0.0
0.0
0.0
0.0
0.0
0.0
0.0
0.0
0.0
0.0
0.0
0.0
0.0
0.0
0.0
0.0
0.0
0.0
0.0
0.0
0.0
0.0
0.0
0.0
0.0
0.0
0.0
0.0
0.0
0.0
0.0
0.0
0.0
0.0
0.0
0.0
0.0
0.0
0.0
0.0
0.0
0.0
0.0
0.0
0.0
0.0
0.0
0.0
0.0
0.0
0.159575
0.0
0.0
0.0
0.0
0.0
0.0
0.0
0.0
0.0
0.0
0.0
0.0
0.0
0.0
0.0
0.0
0.0
0.0
0.0
0.0
0.0
0.0
0.0
0.0
-0.538725
0.0
0.0
0.0
0.149621
0.0
0.0
0.0
0.0
0.0
0.0
0.0
0.0
0.0
0.0
0.0
0.0
0.0
0.0
0.0
0.0
0.0
0.0
0.0
0.0
0.0
0.0
0.0
0.0
0.0
0.0
0.0
0.0
0.0
0.0
0.0
0.0
0.0
0.0
0.0
0.0
0.0
0.0
0.0
0.0
2.47723
0.0
0.0
0.0
0.0
0.0
0.382659
0.0
0.0
0.0
0.0
0.0
0.0
0.0
0.0
0.0
0.0
0.0
0.0
0.0
0.0
0.0
0.0
0.0
0.0
0.0
0.0
0.0
0.0
0.0
0.0
0.0
0.0
0.0
0.0
0.0
0.0
0.0
0.0
0.0
0.0
0.0
0.0
0.0
0.0
0.0
0.0
0.0
0.0
0.0
0.0
0.0
0.0
0.0
0.0
0.0
0.0
0.0
0.0
0.0
0.0
0.0
0.0
0.0
0.0
0.0
0.0
0.0
0.0
0.0
0.0
0.0
0.0
0.0
0.0
0.0
0.0
0.0
0.0
0.0
0.0
0.0
0.0
-0.384661
0.0
0.0
0.0
0.0
0.0
0.0
0.0
-0.357159
0.0
0.0
0.0
1.67564
0.0
0.0
0.0
0.0
0.0
0.0
1.21117
0.0
0.0
0.0
0.0
0.0
0.0
0.0
0.0
0.0
-0.237452
0.55191
0.0
0.0
0.0
0.0
0.0
0.0
0.0
0.0
0.0
0.0
0.0
0.0
0.0
0.0
1.09794
0.0
0.0
0.0
0.0
0.0
0.0
0.0
0.0
0.0
0.0
0.0
0.0
0.0
0.0
0.0
0.0
0.0
0.0
0.0
0.0
0.0
0.0
0.0
0.0
0.0
0.0
0.0
0.0
0.0
0.0
0.0
0.0
0.0
0.0
0.0
0.0
0.0
0.0
0.0
0.0
0.0
0.0
0.0
0.0
0.0
0.0
0.0
0.0
0.0
0.0
0.0
0.0
0.0
-0.286475
0.0
0.0
0.0
0.0
-0.120984
0.0
0.0
-0.0260258
0.0
0.0
0.0
0.0
0.0
3.13644
1.5339
0.0
0.0
0.0
0.0
0.0
0.555161
0.0
0.0
0.0223957
0.0
0.0
0.0
0.0
0.0
0.0
0.0
0.0
0.0
0.113524
0.0
0.0
0.0
0.0
0.0
0.0
0.0
0.0
0.0
0.0
0.0
0.0
0.0
0.0
0.0
0.0
0.0
0.0
0.0
0.0
0.0
-0.311466
0.0
0.0
0.0
0.0
0.0
0.0
0.0
0.0
0.0
0.0
0.0
0.0
0.0
0.0
0.0
0.0
0.0
0.0
0.0
1.23842
0.0
0.0
0.0
0.0
0.0
0.0
0.0
0.0
0.0
0.0
0.0
0.0
0.0
0.0
0.0
0.0
0.0
0.0
0.0
0.0
0.0
0.0
0.0
0.0
0.0
0.0
0.0
0.0
0.0
0.0
0.0
0.0
0.266233
0.0
0.0
0.0
0.0
0.0
0.0
0.0
1.08885
0.0
0.0
0.0
0.0
0.0
0.0
0.0
0.0
0.0
0.0
0.0
0.0
0.0
0.0
0.0
0.0
0.0
1.72052
0.0
0.0
0.0
0.0
0.0
0.0
0.0
0.0
0.0
0.0
-1.04334
-1.23834
0.0
0.0
0.0
0.0
0.0
0.0
0.0
0.0
0.0
0.0
0.0
0.299685
0.0
0.0
0.0
0.0
0.0
0.0
0.0
0.0
0.0
0.0
0.0
0.0
0.0
0.0
0.0
0.0
0.0
0.0
0.0
0.0
0.0
0.0
0.0
0.0
0.0
0.0
0.0
0.0
0.0
0.0
0.794003
0.0
0.0
0.198657
0.958266
-0.0152096
-0.68614
-0.15582
-0.355114
0.625313
-0.136913
-0.187573
-0.0684061
-0.139453
-0.393143
0.625832
-0.692375
-0.837391
-0.0723815
0.961963
-0.664255
0.0348745
0.271649
-0.840649
1.32431
-0.00435867
-0.340642
0.18683
0.0
0.0
0.0
0.0
0.0
0.0
0.0
0.0
0.0
0.0
0.318835
0.0
0.0
0.0
0.0
0.0
0.0
0.0
0.0
0.0
1.22256
0.0
0.0
0.0
0.0
0.0
0.0
0.0
0.0
0.0
0.0
0.0
0.0
0.0
0.0
0.0
0.0
0.0
0.0
0.0
0.0
0.0
0.0
0.0
0.0
0.0
0.0
0.0
1.22159
0.0
0.0
0.310174
0.0
0.0
0.0
0.0
0.0
0.0
0.0
0.0
0.0
0.0
0.0
0.0
0.0
0.0
0.0
0.0
0.0
0.0
0.0
0.0
0.0
0.0
0.0
0.0
0.0
0.0
0.0
0.0
0.0
0.0
0.0
0.0
0.0
0.0
0.0
0.0
0.0
0.0
0.0
0.0
0.0
0.0
0.0
0.0
0.0
0.0
0.0
0.0
0.0
0.0
-1.63687
0.0
0.0
-0.331076
0.0
0.0
0.0
0.0
0.0
0.0
0.0
0.0
0.0
0.0
0.0
-0.124524
0.0
0.0
0.0
0.0
0.856041
0.165616
0.0
0.0
-0.573137
0.0
0.0
-0.284824
0.0
0.0
0.0
0.0
0.0
0.0
0.0
0.0
0.0
0.0
0.0
0.0
0.0
0.0
0.0
0.0
0.0
0.0
0.801744
0.0
0.0
-0.169094
0.0
0.0
0.0
0.0
0.0
0.0
0.0
0.0
0.0
0.0
0.0
0.0
0.0
0.0
0.0
0.0
0.0
0.0
0.0
0.0
0.0
0.0
0.0
0.0
0.0
0.0
0.0
0.0
0.0
0.0
0.0
0.0
0.0
0.0
0.0
0.0
0.0
0.0
0.0
0.0
0.0
0.0
0.0
0.0
0.0
0.0
0.0
0.0
0.0
0.0
0.0
0.0
1.42688
0.0
0.0
0.0
0.0
0.0
0.0
0.0
0.0
0.0
0.0
0.0
0.0
0.0
0.0
0.0
0.0
0.0
0.0
0.0
0.0
0.0
0.0
-0.540149
0.0
0.0
0.0
0.0
0.0
0.0
0.0
0.0
0.0
0.0
0.0
0.0
0.0
0.0
0.0
0.0
0.0
-0.227512
0.0
0.0
0.0
0.0
-1.24506
0.0
0.0
0.0
0.0
0.0
0.0
0.0
0.0
0.0
0.0
0.0
0.0
0.0
0.0
0.0
0.0
0.0
0.0
0.0
0.0
-1.54195
0.0
-0.154002
0.0
0.0
0.0
0.0
0.0
0.0
0.0
0.0
0.0
0.0
0.0
0.0
0.0
0.0
0.0
0.0
0.0
0.0
0.0
0.0
0.0
0.0
0.0
0.0
0.0
0.0
1.12234
0.0
0.0
0.0
0.0
0.0
0.0
0.0
0.0
0.0
0.0
0.0
0.0
0.0
0.0
2.12243
0.0
0.0
0.0
0.0
0.0
0.0
0.0
0.0
0.0
-1.11641
0.0
0.0
0.0
0.0
0.0
0.0
0.0
0.0
0.0
0.0
0.0
0.0
0.989137
0.0
0.0
0.0
0.0
0.0
0.0
0.0
0.0
0.0
0.0
0.0
0.0
0.0
0.0
0.0
0.0
0.0
0.0
0.0
0.0
0.0
0.0
0.0
0.0
0.0
0.0
0.0
0.0
0.0
0.0
0.0
0.0
0.0
0.0
0.0
0.0
0.0
0.0
0.0
0.0
0.0
0.0
0.0
0.0
0.0
0.0
0.0
0.791318
0.0
0.0
0.0
0.0
0.0
0.0
0.0
0.0
0.0
0.0
0.0
0.0
0.0
0.0
0.0
0.0
0.0
0.0
0.0
0.0
0.0
0.0
0.0
0.0
0.0
-0.0155489
0.0
0.0
0.0
0.0
0.0
0.0
0.0
0.0
0.0
0.0
0.0
0.0
0.0
0.0
0.0
0.0
0.0
0.0
0.0
0.0
0.0
0.0
0.0
0.0
0.0
0.0
0.0
0.0
0.0
0.0
0.0
0.0
0.0
0.0
0.0
0.0
0.0
0.0
0.0
-2.22808
0.0
0.0
0.0
0.0
0.0
0.0
-1.16521
0.0
0.0
0.0
0.0
0.0
-1.23661
0.0
0.0
0.0
0.0
0.0
0.0
1.0312
0.0
0.0
0.0
0.0
0.0
0.0
0.0
0.0
0.0
0.0
0.0
0.0
0.0
0.0
0.0
0.0
-0.0214495
0.0
0.0
0.0
0.0
0.0
0.0
0.0
0.0
0.0
0.0
0.0
0.536607
0.0
0.0
0.0
0.0
0.0
0.0
0.0
0.0
-0.192919
0.0
0.0
0.0
0.0
0.0
0.0
0.0
0.0
0.0
0.0
0.0
0.0
0.0
0.0
0.0
0.0
0.0
0.0
0.0
-1.11544
0.0
0.0
0.0
0.0
0.0
1.07926
0.0
0.0
0.0
0.0
0.0
0.0
0.0
0.0
0.0
0.0
0.0
0.0
0.0
0.0
0.0
0.0
0.0
0.0
0.0
0.0
0.0
0.0
0.0
0.0
0.0
0.0
0.0
0.0
0.0
0.0
0.0
0.0
0.0
0.0
0.0
0.0
0.0
-1.22066
0.0
0.0
0.0
0.0
0.0
0.0
0.0
0.0
0.0
0.0
0.0
0.0
0.0
0.0
0.0
0.0
0.0
0.0
0.0
0.0
0.0
0.0
0.0
0.0
0.0
0.0
0.0
0.0
0.0
0.0
0.0
0.0
0.0
0.0
0.0
0.0
0.0
0.238861
0.0
0.0
0.0
0.0
0.0
0.0
0.0
0.0
0.0
0.0
0.0
0.0
0.0
0.0
0.0
0.0
0.0
0.0
0.0
0.0
0.0
0.0
0.0
0.0
0.0
0.0
0.0
0.0
0.0
-0.177435
0.0
0.0
0.0
1.0453
0.0
0.0
0.0
0.0
0.0
0.0
0.0
0.0
0.0
0.0
0.0
0.0
0.0
0.0
0.0
0.0
0.0
0.0
0.0
-1.31955
0.0
0.0
0.0
0.0
0.0
0.0
0.0
0.0
0.0
0.0
-0.718068
0.0
0.0
-0.195153
0.0
0.0
0.0
0.0
0.0
0.0
0.0
0.0
0.0
0.0
0.0
0.0
0.0
0.0
0.0
0.0
0.0
0.0
0.0
0.0
0.0
0.0
0.0
0.0
0.0
0.0
0.0
-1.11612
0.0
0.0
0.0
0.0
0.0
0.0
0.0
0.0
0.0
0.0
0.0
0.0
0.0
0.0
0.0
0.0
0.0
0.0
0.0
0.0
0.0
0.0
0.0
0.0
0.0
0.0
0.0
0.0
0.138906
0.0
0.0
0.0
0.0
0.0
0.0
0.0
0.0
0.0
0.0
0.0
0.0
1.21822
-0.00799174
0.502395
-1.37053
0.544386
0.14196
-0.11968
-1.02615
-0.357849
0.416672
0.000754028
0.25649
-0.244946
0.424843
-0.00958397
0.263
1.23075
0.0745943
-0.0698473
-0.522331
2.52778
-0.11101
0.0134786
0.17603
-0.199339
0.0
0.0
0.0
0.0
0.0
0.0
0.912001
0.0
-0.685722
0.0
0.0
0.0
0.0
0.0
0.0
0.0
0.0
0.0
0.0
0.0
0.0
0.0
0.0
0.0
0.0
0.0
0.0
0.0
0.0
0.0
0.0
0.0
0.0
0.0
0.0
0.0
0.0
0.0
0.0
0.0
0.0
0.0
0.0
0.0
0.0283257
0.0
0.0
0.0
0.0
0.0
0.0
0.0
0.0
0.0
0.0
0.0
0.0
0.0
0.0
0.0
0.0
0.0
0.0
0.0
0.0
0.0
0.0
0.0
0.0
0.0
0.0
0.0
0.0
0.0
0.0
0.0
0.0
0.0
0.0
0.0
0.0
0.0
0.0
0.0
0.0
0.0
0.0
0.0
0.0
0.0
0.0
0.0
0.0
0.0
0.0
0.0
0.949852
0.0
0.0
0.0
0.0
0.0
0.0
0.0
0.0
0.0
0.0
0.0
0.0
0.0
0.0
0.0
0.0
0.0
0.0
0.0
0.0
0.0
0.0
0.0
0.0
0.0
0.0
0.0
0.0
0.0
0.0
-0.220532
0.0
0.0
0.0
0.0
0.0
0.0
0.0
0.0
0.745268
0.0
0.0
0.0
0.0
0.0
0.0
0.0
0.0
0.0
0.0
-0.202059
0.0
0.0
0.0
0.0
0.0
0.0
0.0
0.0
0.0
0.0
0.0
0.0
0.0
-1.06073
0.0
0.0
0.0
0.0
0.0
0.0
0.0
0.0
0.0
0.0
0.0
0.0
0.0
0.0
0.0
0.0
0.0
0.0
0.0
0.0
0.0
0.0
0.0
0.0
0.0
0.0
0.0
0.0
0.0
0.286429
0.0
0.0
0.0
0.0
0.0
0.0
0.0
0.0
0.0
1.25038
0.0
0.0
0.0
0.0
0.0
0.0
0.0
0.0
0.0
0.0
0.0
0.0
0.0
0.0
0.0
0.0
0.0
0.0
0.0
0.0
0.0
0.0
0.0
0.0
0.0
0.0
0.0
-0.91403
0.0
0.0
0.0
0.0
0.0
0.0
0.0
0.0
0.0
0.0
0.0
0.0
0.0
0.0
0.0
0.0
0.0
0.0
0.0
0.0
0.0
0.0
0.0
0.0
0.232942
0.0
0.0
0.0
0.0
0.0
0.0
0.0
0.0
0.0
0.0
0.0
0.0
0.0
0.0
0.0
0.0
0.0
0.0
0.0
0.0
0.0
0.0
0.0
0.0
0.0
0.0
0.0
0.0
0.0
0.0
0.0
0.0
0.0
0.0
0.0
0.0
0.0
0.0
0.0
0.0
0.0
0.0
0.0
0.0
0.0
0.0
0.0
0.0
0.0
0.0
0.0
0.0
0.0
0.0
0.0
0.0
0.0
0.0
0.0
0.0
0.0
0.0
0.0
0.0
0.0
0.0
0.0
0.0
-1.69682
0.0
0.0
0.0
0.0
0.0
0.0
0.0
0.0
0.0
0.0
0.0
0.0
0.0
0.0
0.0
0.0
0.0
0.0
0.0
0.0
0.0
0.0
0.0
0.0
0.0
0.0
0.0
-0.77032
0.0
0.0
0.0
0.0
0.0
0.0
0.0
0.0
-0.653205
0.0
0.0
0.0
0.0
0.0
0.0
0.0
0.0
0.0
-0.717004
0.0
0.0
0.0
0.0
0.0
0.0
0.0
0.0
0.0
0.0
0.0
0.0
0.0
0.0
0.434325
0.0
0.0
0.0
0.0
0.0
0.0
0.0
0.0
0.0
0.0
0.0
0.0
0.0
0.0
0.0
0.0
0.0
0.0
0.0
0.0
0.0
0.0
0.0
0.0
0.0
0.0
0.0
0.0
0.0
-0.526483
0.0
0.0
0.0
0.0
0.0
0.320511
0.0
0.0
0.0
0.0
0.0
0.0
0.0
0.0
0.0
0.0
-1.51853
0.0
0.0
0.0
0.0
0.0
0.0
0.0
0.0
0.0
0.0
0.0
0.0
0.0
0.0
0.0
0.0
0.0
0.190631
0.764789
-0.166179
-0.535367
-0.781874
-0.422806
0.608927
0.147068
0.260691
0.29268
-0.540176
-0.411521
0.415059
-0.486058
-1.11234
-0.185061
0.970339
-1.30722
0.310375
-0.139407
-0.825858
1.08403
-0.589451
0.104537
0.142934
0.0
0.0
0.0
1.44712
0.0
0.0
0.0
0.0
0.0
0.0
0.0
0.0
0.0
0.0
0.0
0.0
0.0
0.0
-0.1772
0.0
0.0
0.0
0.0
0.0
0.0
0.0
0.0
0.0
0.0
0.0
0.0
0.0
0.0
0.0
0.0
0.0
0.0
0.0
0.0
0.0
0.0
0.0
0.0
0.0
0.0
0.0
0.0
0.0
0.0
0.0
0.0
0.0
0.0
0.0
0.0
0.0
0.0
0.0
0.0
0.0
0.0
0.0
0.0
0.0
0.0
0.0
0.0
0.0
0.0
0.0
0.0
0.0
0.0
0.0
0.0
0.0
0.0
0.0
0.0
0.0
0.0
0.0
0.0
0.0
0.0
0.0
0.0
0.0
0.0
0.0
0.0
0.0
0.0
0.0
0.0
0.0
0.107335
0.0
0.0
0.0
0.0
0.0
0.0
0.0
0.0
0.0
0.0
0.579073
0.0
0.0
0.0
0.0
0.0
0.0
0.0
0.0
0.0
0.0
0.0
0.0
0.0
0.0
0.0
0.0
0.0
0.0
0.0
0.0
0.0
0.0
1.17223
0.0
-0.327252
0.0
0.0
0.0
0.0
0.0
0.0
0.0
0.0
0.0
0.0
-1.9125
0.0
0.0
0.0
0.0
0.0
0.0
0.0
0.0
0.0
0.0
0.0
0.0
0.0
0.0
0.0
0.0
0.0
0.0
0.0
0.0
0.0
0.0
0.0
0.0
0.0
-0.212431
0.0
0.0
0.0
0.0
0.0
0.0
0.0
0.0
0.0
0.0
0.0
0.0
0.0
0.0
0.0
0.0
0.0
0.0
1.32594
0.0
0.0
0.0
0.0
0.0
0.0
0.0
0.0
0.0
0.0
1.51979
0.0
0.0
0.0
0.0
0.0
0.0
0.0
0.0
0.0
0.0
0.0
0.0
0.0
0.0
0.0
0.0
0.0
0.0
0.0
0.0
0.0
0.0
0.0
0.0
0.0
0.0
0.0
0.0
0.0
0.0
0.0
0.0
0.0
0.0
0.0
0.0
0.0
0.0
0.0
0.0
0.0
0.0
0.0
0.0
0.0
0.0
0.0
0.0
0.0
0.0
0.0
0.0
0.0
0.0
0.0
0.0
0.0
0.0
0.0
0.0
0.0
0.0
-0.543772
0.0
0.0
0.0
0.0
0.0
0.0
0.0
0.0
0.0
0.0
0.0
0.0
0.0
0.0
0.0
0.0
0.0
0.0
0.0
0.0
0.0
0.0
0.0
0.0
0.0
0.0
0.0
0.0
0.0
0.0
0.0
0.0
0.0
0.0
0.0
0.0
0.0
0.0
0.0
0.0
0.0
0.0
0.0
0.0
0.0
0.0
0.0
0.0
0.0
0.0
0.0
0.0
0.0
-0.649277
0.0
0.0
0.0
0.0
0.0
0.0
0.0
0.0
0.0
0.0
0.0
0.0
0.0
0.0
0.0
0.0
0.0
0.0
0.0
0.0
0.0
0.0
0.0
0.0
0.0
0.0
0.0
0.0
0.0
0.0
0.0
0.0
0.0
0.0
0.857241
0.0
0.0
0.0
0.553608
0.0
0.0
0.0
0.0
0.0
0.0
0.0
0.0
0.0
0.0
0.0
0.0
-0.801514
0.0
0.0
0.0
0.0
0.0
0.0
0.0
0.0
0.0
0.354366
0.0
0.0
0.0
0.0
0.0
0.0
0.0
0.0
0.0
0.0
0.0
0.0
0.0
0.0
0.0
0.0
0.0
0.0
0.0
0.0
0.0
0.0
0.0
0.0
0.0
0.0
0.0
0.0
0.0
0.0
0.0
0.0
0.0
0.0
0.0
0.0
0.0
0.0
0.0
0.0
0.0
0.0
0.0
0.0
0.0
0.0
0.0
0.0
0.0
0.0
0.0
0.0
0.0
0.674084
0.0
0.0
0.0
0.0
0.0
0.0
0.0
0.0
0.0
0.0
0.0
0.0
0.0
0.0
0.0
0.0
0.0
0.0
0.0
0.0
0.0
0.0
0.0
0.0
0.0
0.0
0.0
0.0
0.0
0.0
0.0
0.0
0.0
0.0
0.0
0.0
0.0
0.0
0.0
0.0
0.0
0.0
0.0
0.0
0.0
0.0
0.0
0.0
0.0
0.0
0.0
0.0
0.0
0.0
0.0
0.0
0.0
0.0
0.0
0.0
0.0
0.0
0.0
0.0
0.0
0.0
0.0
0.0
0.0
-0.457161
0.0
0.0
0.0
0.0
0.0
0.0
0.0
0.0
0.0
0.0
0.0
0.0
0.0
0.0
0.0
0.0
0.0
0.0
0.0
0.0
0.0
0.0
0.0
0.0
0.0
0.385711
0.0
0.0
0.0
0.0
0.0
0.0
0.0
0.0
1.18672
0.0
0.0
0.0
0.0
0.0
0.0
0.0
0.0
0.0
0.0
0.0
0.0
0.0
0.0
0.0
0.0
0.0
0.0
0.0
0.0
0.0
0.0
0.0
0.0
0.0
0.0
0.0
0.0
0.0
0.0
0.0
0.0
0.0
0.0
0.429665
0.0
0.0
0.0
0.0
0.0
0.0
0.0
0.0
0.0
0.0
0.0
0.0
0.0
0.0
0.0
0.0
0.0
0.0
0.0
0.0
0.0
0.0
0.0
0.0
0.0
0.0
0.0
0.0
0.0
0.0
0.0
0.0
0.0
0.0
0.0
0.0
0.0
0.0
0.0
0.0
0.0
0.0
0.0
0.0
0.0
0.0
0.0
0.0
0.0
0.0
0.0
0.0
0.0
0.0
0.0
0.0
0.0
0.0
0.0
0.0
0.0
0.0
0.0
0.0
0.0
0.0
0.0
0.0
0.0
0.0
0.0
0.0
0.0
0.0
0.0
0.0
0.0
0.0
0.0
0.0
0.0
0.0
0.0
0.0
0.0
0.0
0.0
0.0
0.0
0.0
0.0
0.0
0.0
0.0
0.0
0.0
0.0
0.0
0.0
0.0
0.0
-1.39612
0.0
2.2475
0.0
0.0
0.0
0.0
0.0
0.737589
0.0
0.0
0.0
0.0
0.0
0.0
0.0
0.0
0.0
0.0
0.0
0.0
0.0
0.0
0.0
1.3049
0.0
0.0
0.0
0.0
0.0
0.0
0.0
0.0
0.0
0.0
0.0
0.0
0.0
0.0
0.0
0.0
0.0
0.0
0.0
0.0
0.0
0.0
0.0
0.0
-1.42659
0.0
0.0
0.0
0.0
0.0
0.0
0.0
0.0
0.0
0.0
0.0
0.0
0.0
0.0
0.0
0.0
0.0
0.0
0.0
0.0
0.0
-1.00211
0.0
0.0
0.0
0.0
0.0
0.0
0.0
0.0
0.0
0.0
0.0
0.0
0.0
0.0
0.0
0.0
0.0
0.0
0.0
0.0
0.0
0.0
0.0
0.0
0.0
0.0
0.0
0.0
0.0
0.0
0.0
0.0
0.0
0.0
0.0
0.0
0.0
0.0
0.0
0.0
0.0
0.0
0.0
0.0
0.0
0.0
0.0
0.0
0.0
0.0
0.0
0.0
0.0
0.0
2.10317
-1.42343
0.233712
-0.654627
1.04053
0.17614
0.885295
0.0459633
-0.331855
0.45028
0.296215
0.361724
-0.075147
0.462786
-0.732102
0.258119
0.991722
1.3076
0.522189
0.797641
1.55341
-0.586909
1.44773
0.658843
-0.494883
0.0
0.0
0.0
0.0
0.0
0.0
0.0
0.0
0.0
0.0
0.0
0.0
0.0
0.0
0.0
0.0
0.0
0.0
0.0
0.0
0.0
0.0
0.0
0.0
0.0
0.0
0.0
0.0
0.0
0.0
-0.157107
0.0
0.0
0.0
0.0
0.0
0.0
0.0
0.0
0.0
0.0
0.0
0.0
0.0
0.0
0.0
0.0
0.0
0.0
0.0
0.0
0.0
0.0
0.0
0.0
0.0
0.0
0.0
0.0
0.0
0.0
0.0
0.0
-0.173803
0.0
0.0
0.0
0.0
0.0
0.0
0.0
0.0
0.0
0.0
0.0
0.0
0.654251
0.0
0.0
0.0
0.0
0.0
0.0
0.0
0.0
0.0
0.0
0.0
0.0
0.0
0.0
0.0
0.0
0.0
0.0
0.0
0.0
0.0
0.0
0.0
0.0
0.0
0.0
0.0
0.0
0.0
0.0
0.0
0.0
0.0
0.0
0.0
0.0
0.0
0.0
0.0
0.0
0.0
0.0
0.0
0.0
0.0
0.0
0.0
-1.32086
0.0
0.0
0.0
-0.44814
0.0
0.0
0.0
0.0
0.0
0.0
0.0
0.0
0.0
0.0
0.0
0.0
0.0
0.0
0.0
0.0
0.0
0.0
0.0
0.0
0.0
0.0
0.0
0.0
0.0
0.0
0.0
0.0
0.0
0.0
0.0
0.0
0.0
0.0
0.0
0.0
0.0
0.0
0.0
0.0
0.0
0.0
0.0
0.0
0.0
0.0
0.0
0.0
0.0
0.0
0.0
0.0
0.0
0.0
0.0
0.0
0.0
0.0
0.0
0.0
0.0
0.0
0.0
0.0
0.0
0.0
0.0
0.0
0.0
0.0
0.0
0.0
0.0
0.0
0.0
0.0
0.0
0.0
0.0
0.0
0.0
0.0
0.0
0.0
0.0
0.0
0.0
0.0
0.0
0.0
-1.7438
0.0
0.0
0.0
0.0
0.0
0.0
0.0
0.0
0.0
0.0
0.0
0.0
0.0
0.0
0.0
0.0
0.0
0.0
0.591811
0.0
0.276491
0.0
0.0
0.0
0.0
0.0
0.0
0.0
0.0
0.0
0.0
0.0
0.0
0.0
0.0
0.0
0.0
0.0
0.0
0.0
0.0
0.0
0.0
0.0
0.0
0.0
0.0
0.0
0.48096
0.0
0.0
0.0
0.0
0.0
0.0
0.0
0.0
-2.28663
0.0
0.0
0.534245
0.0
0.0
0.0
0.0
0.0
0.0
0.0
0.0
0.0466264
0.0
0.0
0.0
0.0
0.0
0.0
0.0
0.0
0.0
0.0
0.0
0.0
0.0
0.0
0.0
-0.40018
0.0
0.0
-0.0464902
0.0
0.0
0.0
0.0
0.0
0.0
-1.05674
0.0
0.0
0.0
0.0
0.0
0.0
0.0
0.0
0.0
0.0
0.0
0.0
0.0
0.0
0.0
0.0
0.0
0.0
0.0
0.0
0.0
0.0
0.0
0.0
0.0
0.0
1.12391
0.0
0.0
0.0
0.0
0.0
0.0
0.0
0.0
-1.01129
0.0
0.0
0.0
0.0
0.0
0.0
0.0
0.0
0.0
0.0
0.0
0.0
0.0
0.0
0.0
0.0
0.0
-0.142811
0.0
0.0
1.53323
0.0
0.0
0.0
0.0
0.0
0.0
0.0
0.0
0.0
0.0
-1.2584
0.0
0.0
0.0
0.0
0.0
0.0
0.0
0.0
0.0
0.0
0.0
0.0
0.0
0.0
0.0
-1.61786
0.123989
0.0
0.0
0.0
0.0
0.0
-1.04302
0.0
0.0
0.0
0.0
0.0
0.0
0.0
0.0
0.0
0.0
0.0
0.0
1.36328
0.0
0.0
0.0
0.0
0.0
1.2893
0.559123
-0.40086
-0.107222
-1.22179
-0.565922
0.36858
0.588957
0.192823
0.0192525
-0.0803498
-0.335013
0.52744
-0.428077
-1.53841
-0.327344
0.894057
-1.38138
0.433283
0.172834
-0.869829
1.22787
-2.02628
-0.0820367
0.313918
0.0
0.0
0.0
0.0
0.0
0.0
0.0
0.0
0.0
0.0
0.0
0.0
0.0
0.0
0.0
0.0
0.0
0.0
0.0
0.0
0.0
0.0
0.0
0.0
-0.957602
0.0
0.0
0.0
0.0
0.0
0.0
0.0
0.0
0.0
0.0
0.0
0.0
0.0
-0.636988
0.0
0.0
0.0
0.0
0.853521
0.0
0.0
0.0
0.0
0.0
0.0
0.0
0.0
0.0
-0.230158
0.0
0.0
0.0
1.95423
0.0
0.0
0.0
0.0
0.0
0.0
0.0
0.0
0.0
0.0
0.0
0.0
0.0
0.0
0.110622
0.0
0.0
0.0
0.0
0.0
0.0
0.0
0.0
0.0
0.0
0.0
0.0
0.0
0.0
0.0
0.0
0.0
0.0
0.0
0.0
0.0
0.0
0.0
0.0
-1.25965
0.0
0.0
0.0
0.0
0.0
0.0
0.0
0.0
-1.05631
0.0
0.0
0.0
0.0
0.0
0.0
0.0
0.0
0.0
0.0
0.0
0.0
0.0
0.0
0.0
0.0
0.0
0.0
0.0
0.0
0.0
0.0
0.0
0.0
0.0
0.0
0.0
0.0
0.0
0.0
-1.53809
0.0
0.0
0.0
0.0
0.0
-1.56473
0.0
0.0
0.0
0.0
0.0
0.0
0.0
0.0
0.0
0.0
0.0
0.0
0.0
0.0
0.0
0.0
0.0
0.0
0.0
0.0
0.0
0.0
0.0
0.0
0.0
0.0
0.0
0.0
0.0
0.0
0.0
0.0
0.0
0.0
0.0
0.0
0.0
0.0
0.0
0.0
0.0
0.0
0.0
0.0
0.0
0.0
0.0
0.0
0.0
0.0
0.0
0.0
0.0
0.0
0.0
0.0
0.0
0.0
1.73116
0.0
0.0
0.0
0.0
0.810091
0.0
0.0
-0.956035
-1.09531
0.0
0.0
0.0
0.0
0.0
0.0
0.0
0.0
0.0
0.0
0.0
0.0
0.406604
0.0
0.0
0.0
0.0
0.0
0.0
0.0
0.0
0.0
0.0
0.0
0.0
0.0
0.0
0.0
0.0
0.0
0.0
0.0
0.0
0.0
0.0
0.0
0.0
0.0
0.0
0.0
0.0
0.0
0.0
0.0
0.0
0.0
0.0
0.0
0.0
0.0
0.0
2.01046
0.0
0.0
0.0
0.0
0.0
0.0
-0.797634
0.0
0.0
0.0
0.0
0.0
0.0
0.0
0.0
0.0
0.0
0.0
0.0
0.0
0.0
0.0
0.0
-0.32474
0.0
0.0
0.0
0.0
0.0
0.0
0.0
0.0
0.0
0.0
0.0
0.0
0.0
0.0
0.0
0.0
0.0
0.0
0.0
0.968602
-0.575837
0.0
0.0
0.0
0.0
0.0
-0.645842
0.0
0.0
0.0
0.0
0.0
0.0
0.0
0.0
1.10983
0.0
0.0
0.0
0.0
0.0
0.0
0.0
0.0
0.0
0.0
0.0
0.0
0.0
0.0
0.0
0.0
0.0
0.0
0.0
0.0
0.0
0.0
0.0
0.0
0.0
0.0
0.0
0.0
0.0
0.0
-1.02336
0.0
0.0
0.0
0.0
0.0
0.0
0.0
0.0
0.0
0.0
0.0
0.0
0.0
0.0
0.0
0.0
0.0
0.0
0.0
0.0
0.0
0.0
0.0
0.0
0.0
0.0
0.0
0.0
0.0
0.0
0.0
0.0
0.0
0.0
0.0
0.0
0.0
1.67553
0.0
0.0
0.0
0.0
0.0
0.0
0.0
0.0
0.0
-0.247807
0.0
0.0
0.0
0.0
0.0
0.0
0.0
0.0
0.0
0.0
0.0
0.0
0.0
-2.21452
0.0
0.0
0.0
0.0
0.0
0.0
0.0
0.0
0.0
0.0
0.0
0.0
0.0
0.0
0.0
0.0
0.0
-0.922511
0.0
0.0
0.0
0.0
0.0
0.0
0.0
0.0
0.0
0.50719
0.0
0.0
0.0
0.0
0.0
0.0
0.0
0.0
0.0
0.0
0.0
0.0
0.0
0.0
0.0
0.0
0.0
0.0
0.0
0.0
0.0
0.0
0.0
0.0
0.0
0.0
0.0
0.0
0.0
0.0
0.0
0.0
0.0
0.0
0.0
0.0
0.0
0.0
0.0
0.0
0.0
0.0
0.0
0.0
0.0
-0.171029
0.0
0.0
0.0
0.0
0.0
-0.411665
0.0
0.0
0.0
0.0
-2.23189
0.0
0.0
0.0
0.0
0.0
0.0
0.0
0.0
0.0
0.0
0.0
0.0
0.0
0.0
-0.0867418
0.0
0.0
0.0
0.0
0.0
0.0
0.0
0.0
0.0
0.0
0.0
0.0
0.0
0.0
0.0
0.0
0.0
0.0
0.0
0.0
0.0
0.0
0.0
-1.09578
0.0
0.0
0.0
0.0
0.0
0.0
-1.16143
0.0
0.0
0.0
0.0
0.0
0.0
0.0
0.0
0.0
0.0
0.0
0.0
0.0
0.0
0.0
0.0
0.0
0.0
0.0
0.0
0.0
0.0
0.0
0.0
0.0
0.0
0.0
0.0
0.0
0.0
0.0
0.0
0.0
0.0
0.0
0.0
0.0
0.0
0.0
0.0
0.0
0.0
0.0
0.0
0.0
0.0
0.0
0.0
0.0
0.0
0.0
0.0
-0.807258
0.0
0.0
0.0
0.0
0.0
0.0
0.0
0.0
0.3121
-0.459127
-1.55222
0.0
0.0
0.754431
0.0
0.0
0.0
0.0
0.0
0.0
0.0
0.0
0.0
0.0
-1.0815
0.0
0.0
0.0
0.0
0.0
0.0
0.0
0.0
0.0
0.0
0.0
0.0
0.0
0.0
0.0
0.0
0.0
0.0
0.0
0.0
0.0
0.0
0.0
0.0
0.0
0.0
0.0
0.0
0.0
0.0
0.0
0.0
0.392976
0.0
0.0
0.717327
0.0
0.0
0.0
0.0
0.0
0.0
0.0
0.626568
0.0
0.0
0.0
0.0
0.0
0.0
0.0
0.0
0.0
0.0
0.0
0.0
0.0
0.0
0.887414
0.0
0.0
0.0
0.0
0.0
0.0
0.0
0.0
0.0
0.0
-0.134111
0.0
0.0
0.0
0.0
0.0
0.0
0.0
0.0
0.0
0.0
0.0
0.0
0.0
0.0
0.0
0.0
0.0
0.0
0.0
0.0
0.0
0.0
0.0
0.0
0.0
0.0
0.0
0.0
0.0
0.0
0.0
0.0
0.0
0.0
0.0
0.0
0.0
0.0
0.0
0.0
0.0
0.0
0.0
0.0
0.0
0.0
0.0
0.0
0.0
0.0
0.0
0.0
0.0
0.0
0.0
0.0
0.0
0.0
0.0
0.0
0.0
-0.624321
0.0
0.0
0.0
0.0
0.0
0.0
0.0
0.0
0.0
0.0
0.0
0.0
0.0
0.0
0.0
0.0
0.0
0.0
0.0
0.0
0.0
0.0
0.0
0.0
0.0
0.0
0.0
0.0
0.0
0.0
0.0
0.0
0.0
0.0
0.0
0.0
0.0
0.0
0.0
0.0
0.0
0.0
0.0
0.0
0.0
0.0
0.0
0.0
0.0
0.0
0.0
0.0
0.0
0.0
0.0
0.0
0.0
0.0
0.0
0.0
0.0
0.0
0.0
0.0
0.0
0.0
0.0
0.0
0.0
0.0
0.0
0.0
0.0
0.524042
0.0
0.0
0.0
0.0
0.0
0.0
0.0
0.0
0.0
0.0
0.0
0.0
0.0
0.975034
0.0
0.0
0.0
0.0
0.0
0.0
0.0
0.0
0.0
0.0
-0.383502
0.0
0.0
0.0
0.0
0.0
0.0
0.0
0.0
0.0
0.0
0.0
0.0
0.0
0.0
0.0
0.0
0.0
0.0
0.0
0.0
0.0
0.0
0.0
0.0
1.40324
0.0
0.0
0.0
0.0
0.0
0.0
0.0
0.0
-0.302957
0.0
0.0
0.0
0.0
0.0
0.0
0.0
0.0
0.0
0.0
0.0
0.0
0.0
0.0
0.0
0.0
0.0
0.0
0.0
0.0
0.0
0.0
0.0
0.0
0.0
0.0
0.0
0.0
0.0
0.0
0.0
0.0
0.0
0.0
0.0
0.0
0.0
0.0
0.0
-0.158179
0.0
0.0
0.0
0.0
0.0
0.0
0.0
0.0
0.0
0.0
0.0
0.0
0.0
0.0
0.0
2.39453
0.0
0.0
0.0
0.0
0.0
0.0
0.0
0.0
0.0
0.0
0.0
0.0
0.0
0.0
0.0
0.0
0.0
0.0
0.0
0.0
0.0
0.0
0.0
0.0
0.0
0.0
0.0
0.0
0.0
0.0
0.0
0.0
0.0
0.0
0.0
0.0
0.0
0.0
0.0
0.0
0.0
0.0
0.0
0.0
0.0
-1.76628
0.0
0.0
0.0
0.0
0.0
0.0
1.30906
0.0
0.0
0.0
0.0
0.0
0.0
-0.593695
0.0
0.0
0.0
1.61966
0.0
0.0
0.0
0.0
0.0
0.0
0.0
0.0
-0.45305
0.0
0.0
0.0
0.0
0.0
0.0
0.0
0.0
0.0
0.0
0.0
0.0
0.0
0.0
0.0
1.3687
0.0
0.0
0.0
0.0
1.4292
0.0
0.0
0.0
0.0
0.0
0.0
0.0
0.0
0.0
0.0
0.0
0.0
0.0
0.0
0.0
0.0
0.0
0.0
0.0
0.0
0.0
0.0
0.0
0.0
0.0
0.0
0.0
0.0
0.0
0.0
0.0
0.0
0.0
0.0
0.0
0.0
0.0
0.0
0.0
0.0
0.0
0.0
0.0
0.0
0.0
0.0
0.0
0.0
-1.22483
0.0
0.0
0.0
0.0
0.0
0.0
0.0
0.0
0.0
0.0
0.0
0.0
0.0
0.0
0.0
0.0
0.0
0.0
0.0
0.0
0.0
0.0
0.0
0.0
0.0
0.0
0.0
0.0
0.0
0.0
0.0
0.0
0.0
0.0
0.0
0.0
0.0
0.0
0.0
0.0
0.0
0.0
0.0
0.0
0.0
0.0
0.0
0.0
0.0
0.0
0.0
0.0
0.0
0.0
0.0
0.0
0.0
0.0
0.0
0.0
0.0
0.0
0.0
0.0
0.0
0.449392
0.0
0.0
0.0
0.0
0.591908
0.0
0.0
0.0
0.0
0.0
0.0
0.0
0.0
0.0
0.0
0.0
0.0
0.0
0.0
0.0
0.0
0.0
0.0
0.0
0.0
0.0
0.0
0.0
0.0
0.0
0.0
0.0
0.0
0.0
0.0
0.0
0.0
0.0
0.0
0.0
0.0
0.0
0.0
0.0
0.621327
-0.367404
0.0406441
1.02479
0.0455947
0.0457569
-1.10223
-0.12835
0.388419
0.456685
-0.219508
0.349261
-0.347392
0.737409
-0.943783
0.226802
1.14642
1.16704
0.216381
-0.174217
1.8716
-0.321329
0.602987
0.854296
0.0863516
0.0
0.0
0.0
-0.14976
0.0
0.0
0.0
0.0
0.0
0.0
0.0
0.0
-0.43798
0.0
-1.67507
0.0
0.0
0.0
0.0
0.0
0.0
0.0
0.0
0.0
0.0
0.0
0.0
0.0
0.0
0.0
0.0
0.0
0.0
0.0
0.0
0.0
0.0
0.0
0.0
0.0
0.0
0.0
0.0
0.0
0.0
0.0
0.0
0.0
0.0
0.0
0.0
0.0
0.0
0.0
0.0
0.0
0.0
0.0
0.0
0.0
0.0
0.0
0.0
0.0
0.0
0.0
0.0
0.0
0.0
0.0
0.0
0.0
0.0
0.0
0.0
0.771524
0.620047
-0.291225
-0.611095
-0.477903
-0.987623
1.12908
0.176081
-0.129116
0.66931
-0.138708
-0.247149
0.397032
-0.336452
-1.64595
-0.162296
0.942713
0.224314
0.708888
0.0453469
-0.503866
1.49124
-0.736319
0.399588
-0.759623
0.0
0.0
0.0
0.0
0.0
0.0
0.0
0.0
0.0
0.0
0.0
0.0
0.0
0.0
0.0
0.0
0.0
0.0
0.0
0.0
-0.8173
0.0
0.0
0.0
0.0
0.0
0.0
0.0
0.0
0.0
0.0
0.0
-2.12807
0.0
-0.216668
0.0
0.0
0.0
0.0
0.0
0.0
0.0
0.0
0.0
0.0
0.0
0.0
0.307041
0.0
0.0
0.0
0.0
0.0
0.0
0.0
0.0
0.0
0.0
0.0
0.0
0.0
0.0
0.0
0.0
0.0
0.0
0.0
0.0
0.0
0.0
0.0
0.0
0.0
0.0
0.0
0.0
0.0
0.0
0.0
0.0
0.0
0.0
0.0
0.0
0.0
0.0
0.0
0.0
0.0
0.0
-0.0837998
0.0
0.0
0.0
0.0
0.0
0.0
0.0
0.0
0.0
0.0
0.0
0.0
0.0
0.0
0.0
0.0
0.0
0.0
0.0
0.0
0.0
0.0
0.0
0.0
0.0
0.0
0.0
0.0
0.0
0.0
0.0
0.0
0.0
0.0
-0.446212
0.0
0.0
0.0
0.0
0.0
0.0
0.0
0.0
0.0
0.0
0.0
0.0
0.0
0.0
0.0
0.0
0.0
0.0
0.0
0.0
0.0
0.0
0.0
0.0
0.0
0.0
0.0
0.0
1.69344
0.0
0.0
0.0
0.0
0.0
0.0
0.0
0.0
0.0
0.0
0.0
0.0
0.0
0.0
0.0
0.0
0.0
0.0
0.0
0.0
0.0
0.0
0.0
0.0
0.0
0.0
0.0
0.0
0.0
0.0
0.0
0.0
0.0
0.0
0.0
0.0
0.0
0.0
0.0
0.0
0.0
0.0
0.0
0.0
0.126878
0.0
0.0
0.0
0.0
0.0
0.0
0.0
0.0
0.0
0.0
0.0
-1.38058
0.0
0.0
0.0
0.0
0.0
0.0
0.0
2.02501
0.0
0.0
-0.206048
0.0
0.0
0.0
0.0
0.0
0.0
0.0
0.0
0.0
0.0
0.0
0.0
0.0
0.0
0.0
0.0
0.0
0.0
0.0
0.0
0.0
0.0
0.0
0.0
0.0
0.0
0.0
0.0
0.0
0.0
0.0
0.0
0.0
0.0
0.0
0.0
0.0
0.0
0.0
0.0
0.0
0.0
0.0
0.0
0.0
0.0
0.0
0.0
0.0
0.0
-0.746254
0.0
0.0
0.0
0.0
0.0
0.0
0.0
0.0
0.0
0.0
0.0
0.0
0.0
0.0
0.0
0.0
0.0
0.0
0.0
0.0
0.0
0.0
0.0
0.0
0.0
0.0
0.0
0.0
0.0
0.0
1.20761
0.0
0.0
0.0
0.0
0.0
0.0
0.0
0.0
0.0
0.0
0.0
0.0
0.0
0.0
0.0
0.0
0.0
0.0
0.0
0.997041
0.0
0.0
0.0
0.0
0.0
0.0
-0.427002
0.0
0.0
-1.4344
0.0
0.0
0.0
0.0
0.0
0.0
0.0
0.0
0.0
0.0
0.0
0.0
0.0
0.0
0.0
0.0
-1.63878
0.0
-1.39704
0.509236
0.0
0.0
0.0
0.0
0.0
0.0
0.0
0.0
0.0
0.0
0.0
-1.14176
0.0
0.0
0.0
1.36446
0.0
0.0
0.0
0.0
0.0
0.0
0.0
0.0
0.0
0.0
0.0
0.0
0.0
0.779522
0.0
0.0
0.0
0.0
0.0
0.0
0.0
0.0
0.0
0.0
0.0
0.0
0.0
0.0
0.0
0.0
0.0
0.0
0.0
0.0
0.0
0.0
0.0
0.0
0.0
0.0
0.0
0.0
0.0
0.0
0.0
0.0
0.0
0.0
0.0
0.0
0.0
0.0
0.0
0.0
0.0
0.0
0.0
0.0
0.0
0.0
0.0
0.0
0.0
0.0
0.0
0.0
0.0
0.0
0.0
0.0
0.0
0.0
0.0
0.0
0.0
0.0
0.0
0.0
0.0
0.0
0.0
0.0
0.0
0.0
0.0
0.0
0.0
0.0
0.0
0.0
0.0
0.0
0.0
0.0
0.0
0.0
0.0
0.0
0.0
0.0
0.0
0.0
0.0
0.0
-0.118599
0.0
0.0
0.0
-0.247897
0.0
0.0
0.0
0.0
0.0
0.0
0.0
0.0
0.0
0.0
0.0
0.0
0.0
0.0
0.0
0.0
0.343315
0.0
0.382914
0.0
0.107904
0.0
0.0
-0.101275
-0.484929
0.0
0.0
0.0
0.0
-0.946594
0.0
0.350198
0.0
0.0
0.0
-0.877069
0.0
0.0
0.0
0.0
0.0
0.0
0.0
0.0
0.0
0.0
0.0
0.0
0.0
0.0
0.0
0.0
0.0
0.0
0.0
0.0
0.0
0.0
0.0
0.0
0.0
0.0
0.0
0.0
0.0
0.0
0.0
0.0
0.0
0.0
0.0
0.695752
0.0
0.0
0.0
0.0
0.0
0.0
0.0
0.0
0.0
0.0
0.0
0.0
0.0
-2.57874
0.0
0.875877
0.0
0.0
0.0
0.0
0.0
0.0
0.0
0.0
0.0
0.0
0.0
0.0
0.0
0.0
0.0
0.0
0.0
0.0
0.0
0.0
0.0
0.0
0.0
-0.581129
0.0
0.0
0.0
0.0
0.0
0.0
0.0
0.0
0.0
0.0
0.0
0.0
0.0
0.0
0.0
0.0
0.0
0.0
0.0
0.0
0.0
0.0
0.0
0.0
0.0
0.0
0.0
0.0
0.0
0.0
-1.47647
0.0
0.0
0.0
0.0
0.143921
0.0
0.0
0.0
0.0
0.0
0.0
0.0
-1.70149
0.0
0.0
0.0
0.0
0.0
0.0
0.0
0.0
0.0
0.0
0.34779
0.0
0.0
0.0
0.0
0.0
0.0
0.0
0.0
0.0
0.0
0.0
0.0
0.0
0.0
0.0
0.0
0.0
0.0
0.0
0.0
0.0
0.0
0.0
0.0
0.0
0.0
0.0
0.0
1.98308
-0.183444
0.0667856
0.136083
0.582159
-0.33739
-0.131296
-0.13567
0.386909
-0.0293933
-0.158965
0.398894
-0.102548
0.472845
-1.21068
0.133736
1.0913
0.940685
-0.497982
-0.341687
1.88201
0.190901
0.255154
-0.205479
0.361366
0.0
0.0
0.0
0.0
0.0
0.0
0.0
0.0
0.0
0.0
0.0
0.0
0.0
0.612427
0.0
0.0
0.0
0.302979
0.0
0.0
0.0
0.0
0.0
0.0
0.0
0.0
0.0
0.0
0.0
0.0
0.0
0.917865
0.0
0.0
0.0
0.0
0.0
0.0
0.0
0.0
0.0
0.0
0.0
0.0
0.0
0.0
0.0
0.0
0.0
0.0
0.0
0.0
0.0
0.0
0.0
0.0
0.0
0.0
0.0
0.0
0.0
0.0
0.0
-0.263884
0.0
0.0
0.0
0.0
0.0
0.0
0.0
0.0
0.0
0.0
0.0
0.0
0.0
0.0
0.0
0.0
0.0
0.0
0.0
0.0
0.0
0.0
0.0
0.0
0.0
0.0
0.0
0.0
0.0
0.0
0.0
0.0
2.26908
-1.07775
0.0
0.0
0.0
0.0
0.0
0.0
0.0
0.0
0.0
0.0
1.03262
0.0
0.0
0.0
0.0
0.0
0.0
0.0
0.0
0.0
0.0
0.0
0.0
0.0
0.0
0.0
0.0
0.0
0.0
0.0
0.0
0.0
0.0
0.0
0.0
0.0
0.0
0.0
0.0
0.0
0.0
0.0
0.0
0.0
0.0
0.0
0.0
0.0
0.0
0.0
0.0
0.0
0.0
0.0
0.0
0.111895
0.0
0.0
0.0
0.0
0.0
0.0
0.0
0.0
0.0
0.0
0.0
0.0
0.0
0.0
-0.926574
-0.356303
-0.624757
0.0
0.0
0.0
0.0
2.29969
0.697825
-0.342061
0.261223
-0.215999
-1.20072
0.174874
0.104969
-0.282712
-0.0274871
0.126465
-0.155692
0.383953
-0.347087
-1.99895
-0.093271
0.900694
-0.531949
0.104679
-0.367477
0.185371
1.87771
-1.85148
0.0779503
-0.912206
0.0
0.0
0.0
0.0
0.0
0.0
0.0
0.0
0.0
0.0
0.0
0.0
-1.54513
0.0
0.0
0.0
0.0
0.0
0.951596
0.0
0.0
0.0
0.0
0.0
0.0
0.0
0.0
0.0
0.0
0.0
0.0
0.0
0.0
0.0
0.0
0.0
0.0
0.0
0.0
0.0
0.0
0.0
0.0
0.0
0.0
0.0
0.0
0.0
0.0
0.0
0.0
0.0
0.0
0.0
0.0
0.0
0.0
0.0
0.0
0.0
0.0
0.0
0.0
0.944122
0.0
0.0
0.0
0.0
0.0
0.0
0.0
0.0
0.0
0.0
0.0
0.0
0.0
0.0
0.0
-0.394072
0.0
0.0
0.0
0.0
0.0
0.0
0.0
0.0
0.0
0.0
0.0
0.0
0.834464
0.0
0.0
0.0
0.0
0.0
0.0
0.0
-0.237281
0.0
0.0
0.0
0.0
0.0
0.0
0.0
0.0
0.0
0.0
0.0
0.0
0.0
0.0
0.0
0.0
0.0
0.0
0.0
0.0
0.0
0.0
0.0
0.0
0.0
0.0
0.0
0.0
0.0
0.0
0.0
0.0
0.0
0.0
0.918555
0.0
0.0
0.0
-0.210643
0.0
0.0
0.0
0.0
0.0
0.0
0.0
0.0
0.0
0.0
0.0
0.0
-0.923148
0.0
0.0
0.0
0.0
0.0
0.0
0.0
0.0
0.0
0.0
0.0
0.0
0.0
0.0
0.0
0.0
0.0
0.0
0.0
0.0
0.0
0.0
0.0
0.0
0.0
0.0
0.0
0.0
0.0
0.0
0.0
0.0
0.0
0.0
0.0
0.0
0.0
0.0
0.0
0.0
0.0
0.0
0.0
0.0
0.0
0.0
0.0
0.0
0.0
0.0
0.0
0.0
0.0
0.0
0.0
0.0
0.0
0.0
0.0
0.0
0.0
0.0
0.0
0.0
0.0
0.0
0.0
0.0
0.0
0.0
0.0
0.0
0.0
0.0
0.0
0.0
0.0
0.0
0.0
0.0
0.0
0.0
2.1034
0.0
0.0
0.0
0.0
0.0
0.0
0.0
0.0
0.0
0.0
0.0
0.0
0.0
0.0
0.0
0.0
0.0
0.0
0.0
0.0
0.0
0.0
0.0
0.0
0.0
0.0
0.0
0.0
1.15501
0.0
0.0
0.0
-1.1871
0.0
-0.586762
0.0
0.0
0.0
0.0
0.0
0.0
0.0
0.0
0.0
0.0
0.0
0.0
0.0
0.0
0.0
0.0
0.0
0.0
0.0
0.0
0.0
1.18488
0.0
0.0
0.0
0.0
0.0
0.0
0.0
0.0
0.0
0.0
0.0
0.0
-1.29801
0.0
0.0
0.0
0.0
0.0
0.0
0.0
0.0
0.0
0.0
0.0
0.0
0.0
0.0
0.0
0.0
0.0
0.0
0.0
0.0
0.0
0.0
0.0
0.0
0.0
0.0
0.0
0.0
0.0
0.0
0.0
0.0
0.0
0.0
0.0
0.0
0.0
0.0
0.0
0.0
0.0
0.0
0.0
0.0
0.0
0.0
0.0
0.0
0.0
0.0
0.0
-2.30585
0.0
0.101296
-0.615954
0.0
0.0
0.0
0.0
0.0
0.0
0.0
0.0
0.0
0.329649
0.0
0.0
0.0
0.0
0.0
0.0
0.0
0.0
0.0
0.0
0.0
0.0
0.0
0.0
0.0
0.0
0.0
0.0
0.0
0.0
0.0
0.0
0.0
0.0
0.0
0.0
0.0
0.0
0.0
0.0
0.873061
0.0
0.0
0.0
0.0
0.0
0.0
0.0
0.0
0.0
0.0
0.4049
1.80362
0.0
0.0
0.0
0.0
0.0
0.0
0.0
0.0
0.0
0.0
0.0
0.0
0.0
0.0
0.0
0.0
0.0
0.0
0.0
0.0
2.112
1.24066
0.0
0.0
0.0
0.225202
0.0
0.0
0.0
0.0
0.0
0.0
0.0
0.0
0.0
0.0
0.0
0.0
0.0
0.0
0.0
0.0
0.0
0.0
-2.1309
0.0
0.0
0.0
0.0
0.0
0.0
0.0
2.26257
0.0
0.0
0.0
0.0
0.0
0.0
0.0
0.0
1.14997
0.0297932
-0.702486
1.60219
-0.651386
-0.151443
-0.0217794
0.610669
0.482874
0.171367
0.0317396
-0.0817883
0.308412
0.0189803
-3.05547
-0.173902
0.855427
-0.0131483
0.173078
0.123444
1.15494
0.490688
-1.28488
-0.64875
0.232896
0.0
0.0
0.0
0.0
0.0
0.0
0.0
-0.065962
0.0
0.0
0.0
0.0
0.0
0.0
0.0
0.0
0.0
0.0
0.0
0.0
0.0
-0.477087
0.0
0.0
0.0
0.0
0.0
0.0
0.0
0.0
0.0
0.0
0.0
0.0
0.0
0.0
0.0
0.0
0.0
0.0
0.0
0.0
0.0
0.0
0.0
0.0
0.0
0.0
0.0
0.0
0.443055
-0.464444
-0.201354
0.555653
0.0822891
-0.50882
-0.0534637
-0.420312
-0.491375
-1.21468
-0.113009
0.312264
-0.184214
0.781164
-1.39701
0.268588
1.09702
1.36378
-0.579377
-0.621077
1.92816
-0.284482
0.7377
-0.715436
-0.114859
0.0
0.0
0.0
0.0
0.0
0.0
0.0
0.0
0.0
0.0
0.0
0.0
0.0
0.0
0.0
0.0
0.0
0.157756
0.0
0.0
0.0
0.0
0.0
0.0
0.0
0.0
0.0
0.0
0.0
0.0
0.0
0.0
0.0
0.0
1.75695
0.0
-0.688088
0.0
0.0
0.0
0.0
0.0
0.0
0.0
0.0
0.0
0.0
0.0
0.0
0.0
0.0
0.0
0.0
-0.691473
0.0
-1.17423
0.0
0.0
0.0
0.0
0.0
0.0
0.0
0.0
0.0
0.0
0.0
0.0
0.0
0.0
0.0
0.0
0.0
0.0
0.0
0.0
0.0
0.0
0.0
0.0
0.0
0.0
0.0
0.0
0.0
0.0
0.0
0.0
0.0
0.0
0.0
0.0
0.0
0.0
0.0
0.0
0.0
0.0
0.167148
0.0
0.0
0.0
0.0
0.0
0.0
0.0
0.0
0.0
-0.819953
0.0
0.0
0.0
0.0
0.0
0.0
0.0
0.0
0.0
-0.00982612
0.0
0.0
0.0
0.0
-1.25691
0.0
0.0
0.0
0.0
0.0
0.0
0.0
0.0
-0.720302
0.0
0.0
0.0
0.0
0.0
0.0
0.0
0.0
0.0
0.0
0.0
0.0
0.0
0.0
0.0
0.0
0.0
2.43886
2.4755
-2.93123
-0.603046
2.03613
1.46521
4.49983
0.392336
2.13943
1.16475
-0.141849
0.443947
2.24153
-0.620498
-1.6801
-2.16604
-1.49903
-0.142286
1.23942
-0.33663
3.59632
1.83829
-1.64414
0.245507
-1.4275
-2.23761
-2.97827
2.89902
0.240261
-2.64026
-1.40234
-4.67494
0.139214
-1.38555
-1.87411
0.00587462
0.710998
-3.67009
0.632917
0.8316
2.22373
1.74195
-0.43134
-0.163555
0.200415
-4.69867
-1.5361
2.10558
0.058688
2.21365
-4.09452
0.183291
2.60654
0.0120769
1.07802
-0.147822
-0.763173
-0.241975
-1.8357
-0.00244143
0.154113
1.87502
-1.08623
2.35132
-0.927099
-0.54548
-0.462175
-0.480639
0.00318454
0.00424091
2.52517
0.239924
-0.464223
-0.214584
1.66551
1.91755
2.32854
-3.12391
-0.0127705
-3.08756
2.04105
0.775452
0.175152
-0.0253665
-0.110262
0.0488892
-1.55845
-0.683064
2.51113
1.08716
-1.67245
-0.705657
2.31808
0.0170479
0.000999844
-2.51691
0.784971
-1.25504
-0.649085
-5.4087
0.201304
-0.503649
-0.0331454
-0.362899
-0.603986
0.0629099
-0.175349
0.531595
0.752569
0.500292
-0.135918
1.15513
-1.42917
0.0124055
-0.84982
0.0575589
0.242962
-0.573727
1.07588
-0.136229
-1.10394
0.302536
0.461393
0.304098
0.387645
1.08414
0.473826
3.8257
0.019176
0.932653
0.727291
0.864788
-0.992737
-1.74739
-0.441701
0.316152
-0.403028
0.791997
-0.631877
-1.51148
-2.0544
0.411148
-0.692808
-0.057021
-0.127121
-0.0668918
0.407867
-0.88775
-0.226
0.465475
4.32642
-1.11243
0.0569685
-0.0296153
-0.139087
0.0481038
-0.306169
0.10015
-2.80099
1.14013
0.170147
-1.36303
-1.00316
1.6238
-0.226948
-0.47017
-2.08243
0.225263
0.0452259
0.101549
3.11567
-2.63226
-3.24866
0.937848
-1.73252
4.19323
2.40686
0.454822
0.153487
-2.57707
1.01655
0.00167066
-1.46233
-0.657
-0.261921
-0.103097
-2.40814
3.58643
-1.60922
-1.37927
1.07705
0.00123118
2.07429
-0.108922
0.130149
4.95537
1.33902
1.91715
0.144916
0.516559
1.24102
-2.27149
-2.30801
0.105358
2.04403
-0.104921
-0.242583
0.584644
-0.00661693
-0.146963
0.289646
-0.22489
-1.85421
2.01915
-2.9217
1.66556
0.623627
-1.27305
-0.148633
0.243983
0.492763
-0.0057212
0.442005
-0.201928
2.44125
-0.303543
-0.158019
0.433819
2.57805
2.83943
-3.29374
0.715676
-0.872207
3.30199
-0.318324
0.231044
-0.0414501
0.100355
0.865126
2.07421
2.27454
-0.558134
-1.30292
-0.0862128
0.298125
-0.813531
-1.62125
1.82496
1.14926
1.60311
0.117376
0.587144
2.73963
2.10833
0.960136
1.18146
0.0446031
3.25609
0.504078
0.196824
-0.0763568
0.0514212
0.659652
-1.55071
1.12656
1.90745
-1.33835
-0.868884
0.0414699
-0.460628
1.10807
1.69608
0.0940519
0.277629
0.188441
-2.66226
0.856586
2.27199
2.34143
-1.29993
1.29241
1.98416
-1.61267
0.835635
0.633264
0.373777
-0.30011
-3.55161
-0.442011
2.79986
0.103983
-0.045517
2.54102
-2.7812
2.11172
-1.21919
1.22131
1.82286
0.87584
-0.593085
-0.0523355
0.815481
1.23603
0.130998
-1.11424
-0.663227
-0.331978
1.71933
-0.332877
0.0543244
-0.0719093
0.943877
-0.0536971
-0.467226
-0.268938
1.8945
1.66736
-1.07617
-0.440084
1.66637
-0.014219
0.587282
0.316263
0.593807
-0.848468
0.558321
-0.555761
0.279235
0.365628
0.385646
-0.407337
-1.03244
-1.3323
-0.0971848
-0.712678
0.278768
0.329459
-0.404582
-0.596226
0.325549
-0.499825
0.957535
0.750248
-2.71868
2.3235
-1.91237
0.700933
-1.8198
-0.100367
-0.51509
0.718794
-0.42927
-0.0196103
0.0481211
-0.726349
0.398779
-0.996437
3.08669
0.5797
3.14885
0.0347926
0.795366
0.325293
1.7195
0.488075
1.0055
1.31974
0.242711
0.495316
-1.54356
2.38626
0.80124
-0.333087
2.78781
-0.0796781
-0.552863
-0.749266
-0.346211
0.0862986
0.0547455
0.512669
1.02785
1.14614
1.47467
-2.71068
2.04234
0.279085
0.20552
0.6046
-0.398842
-0.0126145
-0.0734335
-0.9231
-0.148371
0.259002
0.277208
-1.70631
-1.04705
2.16839
0.978465
-4.28169
1.20647
-1.30829
0.190417
0.943286
-0.981953
1.3684
-0.063337
-1.2938
2.25791
-2.49172
-0.335829
0.502014
-1.04133
0.0597889
0.722102
-0.800691
-0.160235
-0.0855126
0.565775
-0.564427
1.24905
3.19916
-2.83007
-0.11521
0.379095
1.365
-1.86084
0.166745
-0.0608053
-1.84569
-0.0293187
0.424493
0.077409
-1.69423
2.80128
-3.19226
-1.37766
2.04082
2.00073
1.10874
-2.24012
0.119337
-0.0814859
-2.01475
1.78622
-1.72964
-3.14025
1.90087
-0.863007
-2.81675
1.69108
0.392197
0.0755875
1.70362
-1.3565
0.257437
-1.81317
-1.63114
0.0735051
0.324583
-2.25706
1.99624
-0.803892
1.82842
-1.29063
-0.266055
0.458131
-0.0434534
1.14463
0.934951
-2.31982
-1.09695
0.817322
2.1323
-3.31988
0.753041
-0.779429
-0.0930065
-0.049578
0.969465
3.37602
-1.12593
-1.11539
0.413287
0.153186
1.07722
-0.0830215
-7.20763
-2.82317
-0.223948
2.60969
0.319235
0.0306801
1.23186
-0.726377
1.31386
1.77002
0.535299
-4.9399
2.11689
-5.48049
-0.66202
2.30649
0.659999
-1.29399
-2.29014
0.397681
2.30975
-0.393904
0.353509
1.69394
-1.24576
0.219955
-1.73061
-2.10936
0.375934
-0.638124
-0.146321
0.325431
-2.0465
0.0675801
-2.78943
0.736024
-0.509426
3.03476
0.360676
-3.08484
0.00876554
-0.880753
0.435441
-0.201086
-1.21009
0.356032
-0.370311
0.0785429
-0.063787
1.12164
-2.1249
-1.70599
4.31687
-1.59846
1.24073
-0.865019
0.449558
0.241899
0.489519
-0.0599218
-0.14507
1.38632
1.11439
-2.11808
0.870016
0.103348
-1.17802
2.2294
2.20624
1.02682
-0.351685
0.371644
0.134278
0.666734
0.474364
0.726582
-1.31393
0.733502
-0.888853
-0.828138
-2.35917
-0.902046
0.822096
-0.394814
-1.17058
0.21069
-0.0713212
-0.365391
0.204145
1.35813
0.0700708
-3.18908
-1.04907
2.34524
0.00836349
1.08731
0.392722
-0.19837
1.5228
0.141049
0.9447
-1.16175
-0.051562
2.64946
2.67346
-0.574838
-0.0774225
-0.323941
0.105241
0.316281
0.191811
-0.302418
-0.207277
-0.938434
-0.317331
0.0710391
-0.159069
-1.88845
-2.41479
-1.92939
1.02256
-0.265373
0.269278
0.354807
0.250059
1.30784
-0.107689
0.059872
-0.0982373
-1.93014
-2.9767
0.571156
1.65153
-0.138673
0.239034
0.312781
0.840273
0.408407
2.1233
0.655325
-0.307826
0.367842
-0.193262
2.34905
0.925459
-4.46466
0.0959082
0.315374
-0.541119
0.554731
-0.364356
-0.308595
0.87674
-0.91285
0.294108
-2.57688
1.58142
1.71703
0.993668
-1.29819
0.376057
-0.324872
-0.13954
-1.70969
-0.740432
0.174488
-0.32507
0.297692
-0.253849
-0.769521
0.396579
0.562934
0.381317
1.39752
-1.54881
0.0215916
0.84195
0.627118
2.24378
-0.289902
1.7143
1.72729
0.69217
0.612848
-2.56591
-0.0591026
-1.33585
-3.78483
-0.59202
0.458781
0.262393
-0.494818
0.437903
-1.35316
1.182
-1.15671
2.51203
2.35419
0.731861
-0.328112
-0.841781
-3.83797
0.511427
-0.853845
1.41493
1.09706
-2.06809
-0.139678
0.669653
-0.36308
-2.5831
0.230538
-0.666503
-1.0142
-0.517811
0.129142
0.87206
-0.386167
-0.371164
2.08068
1.81819
-1.33028
2.9703
0.504511
2.17279
1.75622
-0.203073
-0.307031
-0.252793
-0.421927
-0.0902931
0.45303
-2.10549
2.16557
2.00349
-0.124114
0.836638
1.03132
1.26636
2.2975
0.133984
-0.431956
0.276945
-0.539484
0.206171
-1.44729
-3.0268
0.636082
-1.34633
0.191185
-2.03782
1.30858
-1.99553
2.79537
0.332027
-0.141742
0.230986
2.20999
-1.0689
-0.281955
1.78381
1.32331
0.979422
1.57701
-0.228919
-0.507433
-0.0732559
-0.130683
0.126168
-0.0335167
-0.0896488
0.547082
-0.295677
0.0323744
-1.2396
-2.64476
0.135582
-2.02932
-0.0610909
-0.719408
1.19358
-0.386081
-1.61768
0.237042
-0.212176
0.160341
-1.68223
4.30114
7.69623
-8.35232
3.7496
1.25953
-5.5092
-2.54273
-2.81349
6.14081
2.77736
-4.85542
6.38927
-1.41918
-0.891652
0.848216
-1.25581
-5.0226
1.24432
0.478643
-1.8722
1.37722
-1.41232
-0.536777
-1.53756
-3.99698
-5.25311
-3.98173
-5.64393
3.36343
-1.20252
0.762927
-0.734003
-5.93359
8.39785
2.48527
-2.98256
-0.357091
-1.45667
-0.898924
-0.528651
0.150891
-1.06303
0.700502
-1.33051
-1.47326
-6.61474
3.91429
-6.13489
-13.2256
6.24897
-4.17708
7.80162
-11.5343
3.99937
-1.46657
3.93966
-0.222218
1.0276
3.51309
-5.82566
0.1877
-0.48845
0.582297
-0.959675
1.63486
-1.58932
2.00691
-1.56216
-1.75159
0.109365
-1.04772
1.60301
0.365127
-0.0537361
-0.983454
-0.470076
-1.10776
-1.62234
0.0596633
-3.74473
6.94889
-14.4314
-6.98767
6.18618
0.70687
-4.37053
-0.965246
-5.02584
4.51399
-2.71629
3.06416
-4.47788
-4.47771
1.10312
1.65912
0.783497
1.20578
-1.87118
1.81837
-1.05446
-1.45401
-1.22113
0.838064
-1.19237
