[28, 36, 36, 4]
0.0973163
0.0364998
0.562156
0.0476593
0.0673066
-0.101364
-0.340833
-0.135684
0.84917
-1.49757
-0.0130061
0.45884
-0.366352
0.871544
1.12934
0.632851
-0.0703128
0.94814
-0.137853
-0.828824
0.0108866
0.741896
-1.3992
-1.09535
-0.0708783
-0.791178
-0.18182
0.396179
-0.0387926
-0.468205
1.16107
0.442943
-0.775026
0.778755
-0.410678
0.639496
0.177178
0.382293
0.143735
-0.0157765
0.360576
-0.532181
0.283312
0.0579802
1.05226
-0.871317
-1.01272
0.133252
-0.160176
-0.131592
1.08216
0.145301
0.290024
0.760318
0.0337848
-0.284883
-0.620979
0.967924
-1.09429
-0.721453
0.56055
-0.138617
-0.319785
-0.328242
1.87371
-0.783026
-0.575335
-0.396722
0.249345
0.75263
-0.819714
-0.22968
-0.33395
1.50223
0.2355
-0.951937
0.566011
-0.613842
0.049644
0.0157297
0.997868
-0.914965
0.0106964
0.0626895
-0.194389
0.2639
0.605912
0.741405
-0.419425
0.454122
0.192742
-0.28753
-0.615941
0.650923
-1.11418
-0.103762
0.359101
0.397681
-0.446269
-0.598953
0.261873
-0.818573
-0.169886
1.32659
0.137362
0.518409
-0.567305
-1.27304
-0.721354
0.0781438
-0.0292025
-0.415227
0.695331
-0.456295
0.369536
-0.423189
0.928834
-1.57317
-0.803138
-0.0357983
-0.245965
0.478447
-0.813149
-0.063205
-0.237492
-0.0153139
0.276561
-0.955439
-0.488353
0.318834
-1.099
-0.122752
-0.277781
-0.0593558
-0.390318
0.0674393
-0.180928
-0.659421
-0.923491
0.558838
0.237442
0.819694
-0.133782
0.33784
2.53006
0.966263
-0.606728
-0.436071
0.00142036
-0.289871
-0.584182
-0.294827
0.921306
-1.10874
0.79556
-0.226857
-0.598889
0.0411036
-0.024472
0.159007
-1.21008
0.961378
-0.820447
-0.797171
1.05995
0.612431
-1.38339
0.826659
0.324709
-1.30269
-0.357542
-0.360129
0.349953
0.415286
0.967715
0.246296
-0.270658
0.578408
-0.754171
0.38803
0.104573
0.520423
-0.0143025
-0.121767
-0.000786914
0.0921066
0.367859
-0.386419
1.18117
-0.774493
0.377058
-0.107435
-0.14961
-0.299655
-0.100568
0.166585
0.0939602
-0.351123
0.249678
-0.467706
-0.438943
0.456322
-1.00874
0.859552
0.279356
-0.283056
-0.473335
0.0743381
1.40655
-1.56041
-0.202641
0.172311
-0.148619
0.765465
-0.0614589
0.119381
0.978154
0.68744
-0.18518
0.0169079
0.576075
-0.174574
0.161219
-0.26706
1.15679
-0.50392
-0.0938895
0.0418521
0.189382
0.0402612
-0.307613
0.118721
-0.555816
-0.305757
0.407139
0.040883
-0.878481
0.175553
-0.730888
1.31304
0.43165
0.0718566
-0.455398
0.140528
1.35182
-0.95864
-0.124634
0.18589
-0.187077
0.450989
0.132574
0.208649
-0.0587012
0.304441
-0.137303
-0.101496
-0.0453013
-0.693591
0.239062
-0.227352
1.05044
-0.757221
0.547938
0.414911
0.334493
0.0400577
0.0882766
-0.440834
0.458926
-0.249129
0.529717
0.377077
-1.14987
0.10677
-0.432898
0.507783
0.758737
-0.00360125
-0.34268
0.54028
0.338785
-0.746098
-0.906277
-0.159317
-0.682984
0.459708
-0.176062
-0.211395
0.39887
0.765546
-0.104577
0.351802
-0.147816
-0.746916
0.119771
-0.148705
0.912572
-1.03563
0.248264
0.601431
0.430345
0.215929
0.178167
0.0414268
0.144668
-0.223897
0.526962
0.64829
-1.48891
-0.0249241
-0.245842
0.355525
0.793199
-0.220969
-0.292773
0.17367
-0.490108
-0.681882
-1.1113
0.454828
-0.444787
0.483449
-0.256199
0.592848
-0.14611
0.798014
0.0169669
-1.09465
-0.837052
-0.802586
-0.0896435
-0.171159
0.818682
-1.26115
0.0783321
0.426142
0.297324
0.73266
-0.0262229
-0.0507
0.0161655
-0.124534
0.428354
0.672226
-1.49608
-0.205669
-0.280578
0.589313
0.497907
-0.259531
-0.217363
0.363833
-0.359487
-0.120558
-0.91985
-0.0488304
-0.60762
0.444113
-0.49405
0.347745
-1.79757
0.0499678
0.218951
0.696982
0.240105
-1.16277
-0.0324312
-0.425261
0.550762
-2.04592
-2.1766
1.07608
0.127557
0.277327
-0.222109
0.160239
-0.319998
0.36445
0.47267
0.467681
-0.87101
-0.723459
-0.384281
0.611873
0.558475
-0.161175
-0.11184
0.328589
-1.2289
0.578728
-0.862404
-0.888741
-0.208527
0.704763
-0.700549
0.451361
0.0647995
1.56166
-0.452446
0.229997
-0.946599
-1.19369
0.145779
-0.531184
0.747347
-1.20175
0.21817
-0.970564
0.203958
0.637004
-0.409425
0.333143
0.420794
-1.18907
0.100861
0.816584
-2.14167
-0.362141
0.206153
0.578487
0.330814
0.573122
0.584748
-0.72148
0.0504938
-0.786306
-0.0709656
0.0617758
-0.568112
-0.0131889
0.0784883
1.17893
0.177256
-0.579232
0.0788002
0.726947
-0.174082
-0.957353
-0.281741
-0.962132
1.44546
1.20117
1.73627
-0.839082
0.107805
0.0928941
-0.342926
-1.56689
0.164335
-0.746099
0.177905
1.71136
-1.0183
-0.928383
0.304772
1.5004
0.53219
0.465566
0.552955
0.453929
-0.354292
0.779066
-0.0534913
-0.474406
-0.53159
-1.0118
0.601933
0.980648
1.45953
0.0727927
0.0771323
-0.0557103
-0.244706
-0.104668
-1.16657
-1.1077
2.096
0.311387
0.262725
0.510507
0.498598
0.242926
-0.771651
1.44036
1.44342
-0.054036
0.445585
0.765375
0.31034
-1.1048
-0.135165
0.0906665
0.0259994
-0.74526
0.179367
-0.342442
-0.188686
0.489624
-1.303
0.224664
0.420943
-0.115295
0.283466
0.470185
0.0582013
-0.70153
0.544004
0.237408
-0.31563
0.223971
-0.960212
-1.19284
1.72099
-0.308175
-1.50546
1.10646
0.40042
0.948533
-0.492012
-0.434552
-2.24177
0.109433
0.536202
1.16372
-0.0829678
-1.22509
-0.207551
-0.336586
0.123881
-0.967624
-0.0370677
-0.174454
0.041493
-0.514874
-0.96711
0.322295
0.520011
0.234099
0.341573
-0.455733
0.390277
-0.669298
1.24406
0.474645
0.0421752
-0.428086
-1.24232
-0.363818
2.24265
1.30453
0.0610941
1.31242
-0.100165
0.635955
-1.19037
0.946164
0.325241
-0.0192336
0.125478
-0.080317
-0.1229
-0.147899
-0.00880491
0.00562716
0.366108
-0.355368
0.599938
0.49933
-0.295618
1.36105
0.647703
1.66309
0.944086
-1.02539
1.23935
-0.695015
0.217013
-0.822773
1.09389
0.555435
0.030438
-0.480244
-1.05339
-0.226908
2.44159
1.34689
-0.664553
0.462021
-0.12091
0.914646
-0.900852
1.50466
-0.420525
-0.155772
0.0730686
-0.266691
-0.148024
0.166476
-0.00292211
-0.179132
0.158662
-0.552935
0.713341
0.439134
0.20745
1.18153
0.33981
-0.0101191
0.506776
-1.04985
0.297803
0.109908
0.26961
2.35455
0.816321
0.465557
-1.96092
-1.29538
-0.708174
-1.1581
2.18972
1.60768
-0.281635
-0.341062
-0.0208898
-1.20499
0.528854
0.916653
1.52736
-0.645517
-0.216598
0.418139
0.959186
0.417464
-0.13586
-1.14653
0.570356
-0.730268
0.0375369
0.702796
-0.448351
-0.46034
1.59629
0.301901
0.699154
-0.876199
-0.843268
-0.412442
0.375606
-1.88355
0.951171
-0.576381
0.261257
-0.495854
-1.65125
-0.587536
1.61989
1.06877
-0.19755
1.00447
0.0120975
1.02275
-0.396928
-0.282539
-0.426616
0.44182
-0.109564
0.435092
0.128509
0.226748
-0.173217
-1.57376
-0.582028
1.19777
0.700173
-0.556927
0.341953
0.225063
0.772893
0.0456833
-0.147226
-0.90053
0.60103
0.00634851
2.13519
0.369445
0.158312
0.612735
-0.00810682
-0.944014
-0.112778
-1.23605
0.930982
0.0238645
-0.0485823
1.16133
0.113568
-0.989185
0.858956
-0.0334528
-0.612376
0.0523168
0.0179002
-0.301962
0.575173
1.19915
-0.597901
-1.30514
-1.58672
-1.34757
-0.102372
0.305613
2.05901
-0.278907
1.00058
-0.782707
1.41591
-0.299287
-1.48482
0.840239
-0.178948
0.788586
0.649971
-0.191514
0.480211
-0.188093
-0.597739
-1.4349
0.190383
-0.261705
-1.82021
1.76622
0.334574
-0.17743
0.67675
-0.0449005
0.291163
-2.01966
-0.0988608
-0.143538
0.726848
0.255105
-0.459368
-0.956853
-0.757447
0.694239
-0.450811
2.07601
0.196887
0.168432
3.13499
0.913485
-0.28962
-0.495926
0.281206
-0.646131
-0.567523
-0.413678
-0.943357
-0.127998
0.299991
-0.699432
-0.940055
-0.926776
0.608586
-0.546629
-0.773838
0.572128
1.10727
-0.0552768
2.08481
0.199496
0.0871608
-0.651409
0.181962
-0.689678
1.7016
2.24111
-0.606341
-1.62567
-1.2758
-0.411398
-0.230633
0.179007
0.0202721
0.54567
0.0418557
0.0312869
0.0912351
-0.312815
-1.11595
-0.16831
0.025456
0.417498
1.15357
-0.213563
0.150911
0.808697
-0.933788
-0.619821
0.431458
-1.19457
-0.528187
2.26807
-0.0842735
1.04188
1.0181
-0.0416472
-1.68998
-0.0453029
-0.156477
-0.288953
0.478174
0.155244
-1.29985
-0.943014
-0.295483
-0.639444
-0.589474
0.00524112
-0.987482
-0.934771
2.17548
-0.225425
-0.281841
0.468669
-0.448372
-0.172465
-0.14325
0.0519088
0.68348
1.26447
2.62427
0.503547
-0.112782
-0.407016
0.997632
-1.35613
-0.647009
0.255942
-0.105889
0.93884
1.14356
-0.584072
0.14763
0.129891
-0.034576
-1.39724
0.0836296
0.908106
-1.29647
-1.28417
-0.611839
-0.903857
-0.408506
-0.201459
-0.0692044
-0.630754
1.08836
-0.418149
-0.0119536
0.722862
-0.65159
-0.391959
0.128443
1.28546
-1.22051
-1.0035
0.993462
1.48848
0.921197
2.2792
-2.71474
1.06839
-0.149836
3.19989
1.36029
1.0227
-1.26791
0.213799
-0.722803
-2.56254
-2.40342
-1.41243
-3.10671
-0.979334
-0.170398
0.168822
2.70319
-0.221595
0.208246
1.14427
0.492172
0.868774
-0.280693
-0.125703
-0.157996
0.234325
-1.91852
0.567504
1.03063
-0.967387
0.316242
-0.505443
0.0804647
-0.249618
-1.37265
-3.10662
2.02743
-0.404932
0.0676005
-4.53982
-2.02815
2.18489
1.06543
0.115146
0.461116
1.65723
4.8328
1.38389
3.25519
1.5175
0.0657401
-0.893566
-4.07762
0.200521
0.364514
-0.578576
-0.0342828
-0.598474
0.00304911
-0.0563183
0.0441829
0.399385
0.860817
-0.547072
-1.84595
-0.363901
-2.66014
-0.310606
-0.379068
0.460493
0.263114
0.305534
-0.253003
1.94585
1.03285
3.3178
0.929016
1.26347
2.57422
0.784814
-0.554227
0.0954263
-3.27999
0.917354
-3.18552
1.89094
-2.72753
1.05661
0.864174
-0.255569
4.41666
1.02664
-1.88229
-0.388887
4.45269
-0.468771
0.903082
1.25733
1.88958
0.488269
-1.61908
0.697766
-0.145617
-0.789915
0.171162
-1.79923
-0.778955
-0.978951
-2.07416
-1.76484
-0.71569
-0.340249
-1.67715
-1.28294
-1.87245
-1.20254
-0.140572
1.20504
-1.39199
3.34894
-1.76593
-3.13977
1.41185
-0.650702
1.72446
0.579934
-1.0876
-4.86075
0.283619
1.79401
-0.916999
-0.191228
-0.90018
-1.30143
0.419094
-0.109545
0.248165
0.318639
0.540857
-0.403038
0.460748
2.24748
-0.451841
-0.659292
-0.687419
0.567081
-0.948196
-0.887091
-0.353437
-0.0474366
0.276634
0.0258583
0.0819958
0.497534
1.19821
-1.91042
0.988374
0.813868
0.580184
0.891269
-0.409525
-0.434412
0.389923
0.870764
0.457905
0.270218
-0.946812
-1.01258
1.38047
1.61122
-0.327255
0.0201024
0.304344
-0.234996
0.620713
-0.00123472
0.0572946
0.60769
-0.133501
-0.0541077
-0.866095
0.0533505
-0.26916
0.0351972
0.0997861
-0.302614
-0.191791
0.248869
0.534152
0.0870551
0.782875
-0.767964
0.202473
-0.66155
-1.01024
0.262052
-0.0801397
1.27773
0.629089
0.104243
-0.16173
-0.455265
0.173564
0.142498
-0.222222
-0.751947
-0.377421
0.683648
1.1274
0.499121
1.2071
0.00839896
-0.000790439
-0.123013
-0.0191191
-0.798489
-0.554121
0.481875
0.278482
1.11995
0.0527792
0.0409649
0.119584
0.0113295
-0.393494
-1.01746
-0.47115
0.957111
-0.364636
-0.0305618
0.230132
1.2722
-0.341671
-2.24645
0.565111
-1.13415
0.144963
-0.157817
-0.526732
0.220197
-0.246644
1.23357
0.503691
1.34766
1.69568
-1.44926
0.25669
-0.0167717
-1.61443
-0.691295
1.09868
0.820708
-0.579127
0.231539
-0.193392
-0.325222
2.17228
-1.45206
-0.757348
0.159384
0.414338
0.856923
-0.479665
1.76491
-0.40876
0.830635
-0.411857
-1.0662
1.95919
2.90499
-1.46959
1.44558
-0.0156593
-0.741904
0.442997
0.0613573
-0.232982
-0.950107
-0.462242
-1.42488
1.87991
-2.15829
-1.5783
0.000235903
2.56624
-0.634442
-0.281898
-0.0165774
0.286831
0.131291
0.0116464
-0.777837
-1.22768
2.18046
-2.71498
1.78645
1.70722
-0.0402004
0.629868
0.736116
-0.54019
0.0513171
0.537641
0.205134
0.496137
0.35962
-0.559421
1.08817
0.578947
-0.0258996
0.06164
0.134944
-0.153487
0.0146327
0.283105
0.417408
0.0138534
1.05083
2.63966
2.45186
2.68154
-2.57123
-0.0358215
-1.01841
-0.163627
0.0568093
0.185436
-0.449565
0.252655
-0.0261981
2.06419
2.42485
0.0641878
-2.12854
-0.21194
0.578143
0.466984
-0.202342
0.254728
0.231582
1.38062
0.206594
2.46049
-0.290018
-0.297188
0.281632
-0.00473086
0.272131
-0.303041
0.520704
0.650332
0.374364
-0.227175
-1.51213
2.68623
2.16088
1.65672
0.819733
-0.418292
1.57712
-1.57557
1.03729
0.723622
1.17162
1.48376
-2.47529
-0.980005
2.76818
-1.79046
1.18021
0.985051
1.16932
0.1736
0.929559
0.369104
-0.249827
0.233928
-1.95878
-0.414824
3.33048
-0.328517
-2.85287
-0.725557
0.264121
-2.64067
1.91741
-0.398043
-1.65971
-0.292541
0.927979
1.35621
2.50084
-0.460054
1.89872
1.69786
0.131406
0.948507
-1.16777
0.354147
0.42918
-0.051008
-0.448709
0.345931
-0.0553998
0.375242
1.83253
-3.64962
1.58327
0.293649
0.528316
-0.294309
1.06476
-0.812852
-0.128756
-0.110659
0.685633
-0.236913
-0.519836
-0.180283
0.212964
-0.480798
-0.120185
1.46193
-0.324818
0.00840436
1.29822
0.751953
0.0388357
0.405978
-0.0866283
1.59825
1.76132
0.784455
0.0522554
0.521537
0.692046
-1.15213
-0.0254197
1.41802
0.0993559
-0.338931
-2.56607
-1.27692
3.3821
1.56596
-1.95639
-1.45063
-0.330765
-0.292146
-0.0268113
-2.5361
1.36368
-0.978252
0.422208
1.80494
-0.410154
-0.414476
0.300755
0.214788
0.394031
0.0483627
0.594349
-1.1551
-0.00136853
0.0432205
0.180053
-2.45252
-2.49133
-2.01386
-1.97369
-0.371231
0.837488
-0.345181
-0.1376
-0.971713
0.160382
0.540491
-0.301028
-3.9055
1.06816
-3.3035
-0.543157
-0.533342
-0.207163
1.51296
-1.03065
-0.264456
0.937363
0.0915969
-0.658037
0.117952
0.109858
-0.123375
-1.38392
-0.153421
0.240182
0.0804036
-0.470857
-0.657247
0.022249
-0.0134687
0.101341
-1.30335
1.27208
0.610502
0.53176
1.74225
-0.374027
0.0155728
0.277695
0.950289
0.154328
0.913176
1.52509
0.323143
-0.672077
2.17445
-0.830833
0.668112
3.14663
-0.781002
0.933676
0.472205
0.259344
0.247902
-0.778044
-0.152876
-1.11525
1.5622
1.91355
1.46147
0.18816
0.193588
-0.442129
0.607193
0.00202838
0.0674428
0.426661
0.728774
0.410736
2.00886
-2.862
1.40517
0.164965
-0.0568037
0.236598
-0.044045
0.143039
0.421566
0.0707727
-0.390054
-0.345548
-0.90371
-1.75087
-0.914301
2.01995
-0.192711
0.442525
0.0130071
-0.705462
0.0217753
-0.173247
0.522928
0.209458
-0.303709
-0.968026
0.571211
0.444343
0.12018
-0.075594
-2.13069
0.0340845
-0.0204902
-0.761692
-1.48045
-1.0384
-1.67416
1.6531
-1.42518
0.321926
-0.323964
-0.459626
0.331876
0.0907434
-0.560484
-0.0525745
-0.0474912
-1.62914
-0.439868
2.63288
1.33023
-3.2207
0.429
-0.701562
0.378153
0.225531
0.12848
0.119838
-0.842709
0.305783
2.37574
-1.4471
-3.41208
3.65029
-0.279424
-0.837692
-0.624127
0.0092266
0.0170922
0.366466
3.43168
1.7349
-0.254552
-2.71195
2.88199
-0.499092
1.77085
-1.7462
-1.32142
0.0496059
0.00100349
1.87209
-0.393152
-1.22545
0.982911
1.48757
-2.17314
0.868047
0.961225
-0.367871
0.403945
1.25942
0.00137397
1.40491
0.78124
0.146537
-0.161232
-1.90644
-1.96919
-0.162004
-2.4511
1.32319
-0.669633
0.00553965
-0.0420866
0.238145
-0.320401
1.77453
0.238898
0.0986352
0.473519
-0.0515717
0.286347
-1.02847
3.19793
0.116065
0.0296747
0.517932
-1.38372
0.344795
0.67508
-0.0147942
0.728281
-0.0999402
3.13228
-0.898341
-0.515108
-0.0428213
0.105699
-0.157764
0.671954
0.186384
0.0970267
1.7065
-0.18373
-0.202191
-2.10552
1.67968
-0.723401
0.00359109
0.0133927
0.151068
-0.348285
-0.395815
-0.600173
-0.588389
-0.237665
-0.0951608
-1.3537
-1.35098
-0.972785
0.107673
-0.128204
0.519896
-0.34547
-1.65761
0.663411
-1.11492
1.77652
-1.08053
-1.86729
-2.28334
-0.800887
1.28689
0.1644
0.0635024
0.543843
0.0720703
-0.0551291
-0.325213
-1.3819
1.24345
0.280785
-2.25195
0.24961
2.14881
0.0772961
-0.230742
0.255674
-0.134536
-0.0612515
0.185138
0.0920026
-0.505028
0.0298013
0.192637
0.600995
-2.60981
1.17428
0.0537044
0.132812
-0.290448
0.320821
0.196136
-0.119439
0.164442
0.0162067
-1.80352
-0.150527
0.144884
-0.0115661
0.0588082
0.161664
2.15802
0.0720798
0.0732209
-0.216796
0.501563
0.491679
0.334152
-0.723244
0.00647445
-1.24807
-0.217847
-0.24093
-0.729918
-0.0571046
0.295209
-0.0501754
0.0231479
0.0653665
1.50299
-1.82874
1.96194
0.0688782
0.168777
-0.762205
-0.0330009
0.441922
-0.353527
-0.439953
0.254367
-0.306074
3.40159
-0.663062
0.997097
2.02226
-0.769509
0.359375
0.152512
-0.0690795
-1.0319
-0.239774
0.391068
-0.211213
-1.37494
1.1717
0.110517
-1.32441
2.69201
3.23984
0.721567
-0.774996
0.185183
0.105735
-0.54499
-0.538377
-0.303469
-1.88605
1.57192
-1.35986
0.0243431
-0.44822
-0.741382
-1.1978
0.247614
-0.308692
-0.0182057
0.334667
-2.93834
-0.424495
-0.384007
-1.42998
-0.301532
0.594544
0.0453803
0.103932
-0.56894
0.348663
-0.817519
-0.0334787
0.819624
-2.31961
0.0256415
-2.50098
0.190901
2.90745
1.58214
-0.046171
1.05567
0.723877
-3.02432
-1.80769
-0.271444
-0.577244
-0.0649839
1.6319
3.42736
-1.78656
-0.119163
0.0932394
-2.33259
0.0801334
0.7223
0.929201
-1.1532
4.8212
-2.09936
0.400619
0.941913
1.48585
0.990936
1.21319
2.9745
-0.389732
-2.30396
0.0596516
0.89379
-0.416791
-0.0286459
0.0298233
-1.55171
-0.931259
-1.75856
1.04208
0.506716
-0.332575
1.38462
1.49931
0.318614
-1.07383
0.0692949
0.500665
-1.19479
-3.94865
0.759833
1.04135
0.239845
-1.28467
0.432703
0.702276
-0.901278
-0.288128
-0.607664
1.20288
-0.522719
-2.13227
-2.36474
-2.74395
-1.57865
-0.187769
0.0178887
-0.0612466
0.675057
0.700994
-0.0219517
0.105737
-0.191379
1.27759
0.654903
0.948381
0.286478
0.0872185
0.689315
0.976478
1.46732
0.39642
0.178298
-0.530812
-0.449548
-1.62325
2.82522
2.52138
-0.944671
-0.173911
0.568972
-0.115459
-1.60914
-0.818008
1.3571
0.292201
-1.63075
0.337156
-0.720663
0.479409
0.689754
0.78915
-2.32093
0.293458
-0.348216
-0.52782
0.00499869
0.0404339
0.0903001
0.917419
-3.2425
1.18787
1.51
1.04035
-1.3658
0.598993
-1.95673
0.07364
0.162956
-0.158331
0.558046
1.57557
1.21049
0.865206
-0.501045
-1.76262
-1.38238
0.479766
0.422148
-0.171159
-0.0951453
-0.0179579
1.1578
-1.60525
0.119362
-0.175487
-1.04471
-0.113
0.229323
0.00437417
-1.08816
-1.06519
0.026386
0.0244906
-0.382494
-0.747545
2.66274
0.0814691
3.96462
3.89848
0.632638
-0.534735
1.79494
0.926288
0.185769
0.0929619
0.0498113
1.03185
-1.96892
1.28777
2.4372
0.887013
-0.665216
-2.03228
1.59541
-1.80426
0.546621
0.328508
-0.552586
-1.91296
-1.02659
-0.739925
2.97091
-1.6375
-0.707413
-0.0377391
1.13991
-0.451958
0.0198679
0.0510231
1.35679
0.489834
1.18158
0.561025
-1.92716
2.86616
0.759704
1.06986
-0.430623
-0.565517
0.159226
0.162075
-0.297774
-0.767307
0.311319
-0.875281
2.2688
1.83793
-0.645619
-0.0354356
0.608314
1.91759
0.224258
0.00550073
-0.312093
-0.64051
3.17483
-0.220799
0.323219
3.55111
-1.92758
0.168594
-0.266128
-1.84176
0.0314796
-0.0354396
1.10164
-0.315125
-1.13142
0.305215
-2.27817
0.691641
-1.58212
0.277308
-0.0291282
-0.364267
0.0146647
-0.725192
0.60468
1.68005
-1.29433
0.434913
-0.447349
-0.335297
2.32368
-0.0768746
-0.974724
1.01902
-0.905058
0.381063
0.192069
-1.62191
0.265696
-0.120894
0.737718
1.32186
3.83293
0.207358
2.09875
-0.481631
-0.00198621
0.0503876
0.0190098
-0.530361
-1.54342
-0.204732
-0.289584
-0.531568
1.33619
-0.848771
-1.89323
1.24961
-1.76569
0.162402
-1.0667
-1.17744
-0.757226
-0.104358
-0.740132
-0.151432
-0.840323
-2.56246
1.19538
0.948663
-0.618104
-0.292148
0.463924
1.75001
0.138227
-0.189728
0.784416
1.26241
-0.02759
0.94609
-2.91398
1.17216
0.038489
0.0528059
-0.734202
-0.790993
0.895762
0.811731
0.152347
0.801713
-1.19105
2.71361
0.871619
-2.40649
1.18668
0.618859
0.610863
0.850798
0.87824
3.30144
0.238668
-0.0590859
0.468756
-2.19123
-1.41023
2.25795
-0.744204
-0.378616
2.30946
0.0572852
0.162494
0.109991
-0.633159
0.783546
-0.910248
1.02918
-0.90468
-0.737131
0.0232475
1.34062
0.624394
-0.386636
-0.00789616
-0.565048
0.647109
-0.164309
1.02337
-3.2605
-2.37959
0.805084
0.183041
0.284826
-0.209282
0.0599599
-1.55113
-1.38378
-1.36797
0.0581587
-0.737345
-0.764509
1.93528
-1.87787
-0.865725
-0.0577733
-0.417541
0.328537
0.109596
-0.147744
0.924991
-0.933311
0.472679
0.240604
-0.00378003
2.05852
1.54166
-0.296795
1.99385
-0.706556
-0.485013
-0.418886
-0.110102
0.0649148
0.181221
-1.9919
-0.16824
1.01794
2.91331
1.53776
0.119919
-0.0824804
-0.197279
0.108355
-0.141132
0.05955
0.220202
0.0395538
0.17223
0.822835
0.745669
2.2019
-0.0889082
-2.21602
0.255898
-0.0129008
0.31862
0.349094
0.470801
-0.0101444
-0.528293
0.938591
-0.700131
1.73737
-0.128398
-0.023379
-1.31778
1.16774
0.293659
0.983815
-0.356966
-0.235673
0.366584
1.24032
0.0448852
0.383651
0.527089
-0.0311379
0.528177
-0.208731
0.120198
0.124567
1.71547
1.26969
0.458441
0.687509
-2.81577
2.82358
0.574729
1.18904
1.14991
0.128004
-0.505592
0.701429
0.422411
0.0348718
-0.774444
-0.793341
0.0123528
-0.787672
-0.985475
0.521827
-0.920366
1.66124
-0.445016
0.00745038
0.36648
0.16739
-0.241969
0.103797
-0.896499
-1.68333
3.18701
-1.94454
-1.14506
-1.40068
0.047142
1.58443
0.364227
-1.1176
-0.619412
0.891407
1.99019
1.90107
0.331944
-0.767712
1.36176
0.355557
-1.42428
-0.312979
-0.870336
0.315745
-0.395815
0.149779
0.00110192
2.57975
-0.42793
-0.140132
-0.249947
0.772454
-0.33638
-0.0334664
-0.633479
-0.33289
-0.118718
0.139291
0.18313
2.8918
0.793331
-0.324818
-0.461439
-0.118293
2.92205
0.522519
0.238977
-0.584226
0.262335
0.00698401
-0.146864
0.462947
-0.759666
1.52964
1.80877
-1.05573
0.0495571
0.170454
0.372133
-0.471677
0.185776
0.589526
0.0108714
-0.00917186
1.2848
-1.7118
0.584965
1.5979
-0.0835746
0.494091
0.0291556
-0.566083
-0.740642
0.411147
-2.32692
-0.884277
-0.108236
0.705821
-0.524564
2.13125
-1.31932
0.80958
-0.1629
0.460679
-0.80471
0.470499
0.196578
2.90253
1.36659
-2.4599
1.22781
1.67136
1.90858
-0.0911306
0.543499
-0.0738689
0.605941
-0.936757
0.0233097
0.00810706
-1.46124
-1.36759
0.189223
2.03066
0.785895
-1.11285
-0.524218
0.547498
1.0865
-1.42423
-1.52564
0.144464
-3.08087
0.0968986
1.29287
-1.44239
-2.25503
0.441201
1.34199
1.3089
-0.0567971
0.432177
0.173198
0.0607768
-0.837587
2.15259
0.848711
-2.47429
1.82533
4.47873
-0.710384
0.16741
-0.129476
-0.352238
0.00907434
0.0615498
-1.55477
0.553461
1.15267
0.746029
-1.70329
-1.54371
-0.673076
-0.244309
-0.566925
0.172026
0.115314
0.465808
0.4676
-0.28168
1.45701
-0.448791
1.13177
0.748686
0.0580568
0.185442
-0.486003
-0.602074
-0.0461425
-0.17584
0.42431
-3.25025
3.01052
-2.87082
-0.0430939
-1.84951
0.945224
0.371563
-0.46159
-0.428503
0.00579952
0.0453818
-0.55551
0.277275
0.741736
0.824306
-0.702742
-0.00517358
0.560656
0.0768293
-1.40431
0.611291
0.0756835
0.0438472
-1.48519
0.805005
0.625847
-0.927351
-1.67311
1.25247
1.35349
1.33628
-0.173946
-1.74185
-0.138731
0.0587439
0.0778537
0.465475
0.147848
-1.63399
-3.345
1.98449
3.65969
0.24962
0.569308
0.360493
-0.413288
0.411766
0.893954
-0.53515
-0.479516
0.574682
2.1812
-1.25824
-0.768335
0.00285921
-0.0682611
0.397275
0.134331
-0.0469972
0.595526
1.7578
0.260708
0.66728
1.48001
-0.308622
2.24805
-0.100614
-0.633855
-0.318023
0.68753
0.469789
-0.0452141
-0.287659
-0.510567
0.116752
-0.463
-2.50731
-1.77948
-0.655423
-0.809699
-0.613264
-0.232101
1.55612
-2.0885
-0.0598071
-1.56361
-1.25957
1.78765
3.76087
2.42222
-0.988026
-0.913733
-0.768534
-0.131683
-1.00954
-0.877072
-0.828194
-0.703441
-4.52657
2.16097
0.837513
0.426685
-3.85052
1.19772
-5.84131
-2.91672
-2.75037
-3.18887
-1.11867
-5.50276
0.245057
-0.369059
1.65962
0.78681
-0.374897
-1.07554
-7.07823
1.62275
-1.50334
0.851364
-0.315486
-0.756455
-1.9072
-6.15484
-3.37665
-3.53601
-4.24347
2.20667
-4.60889
0.021906
2.43125
-1.87855
-2.90445
1.30164
2.41838
-2.57804
-1.39302
-0.750397
-1.01667
-1.58953
-2.72466
-0.330388
-1.42517
-0.79613
-0.733827
0.87395
-3.15443
3.53882
-4.09675
1.85069
-1.83518
0.637492
-4.98722
5.47986
2.87006
0.879243
4.90644
-2.79331
0.971314
3.07144
2.16983
0.163225
-1.85149
1.54206
1.98393
-1.57055
4.2348
-3.13895
-2.86264
2.71673
-2.55303
0.635665
1.3234
-1.95189
-2.50269
-1.37245
-0.911884
-3.57235
0.0591366
-0.418568
2.82458
0.182136
-2.37083
1.34166
-3.1615
3.77991
-0.666059
-1.29709
-0.257626
-0.747028
-0.29198
-0.99968
-0.713199
-0.262842
-1.14388
-1.6164
-1.96345
-1.16889
-0.637371
-1.23481
-0.00280889
-1.11832
-0.985413
-0.894319
-0.762263
-0.176292
-0.309693
0.00199107
-0.0571003
-0.540922
5.48814
-3.74596
-5.15254
3.87799
0.424269
-0.785882
-0.140982
0.912092
3.95769
-1.42377
1.87796
-5.5484
-0.748466
-0.915354
-1.0405
-2.3079
