[9.51935930751739,
 -35.99145851008845,
 -2.0581636383913917,
 55.332014243685705,
 3.071856171529845,
 3.7632851898194417,
 -26.466565533832906,
 -23.496462610922094,
 -5.320811002345295,
 -1.7344108848569988,
 -3.4221556572376812,
 1.0729118579936028,
 33.71450022136568,
 0.4285163153296594,
 -15.923842676798586,
 5.222887634128625,
 20.40106621488306,
 -5.029395685759198,
 -1.3003800409850328,
 -4.700196280656996,
 -8.668639106973615,
 -17.13295956985971,
 -0.7808522987687638,
 -2.113563638618615,
 18.65848968228254,
 5.617243675524826,
 21.86164146169844,
 0.1586750237730712,
 -21.219557397820893,
 0.1862467140960291,
 4.647189415728835,
 -0.12035259466395587,
 -6.554848143571235,
 -11.302189530202565,
 0.4102721724007097,
 -0.2783591560943819,
 -15.062214857825893,
 -2.4955111877057163,
 -6.574733403298694,
 -7.7877038612033544,
 -1.8277741473372089,
 20.590028870623314,
 -2.2437937896472704,
 14.571142631745346,
 -6.167683853831619,
 37.70361269760779,
 -6.663956963788962,
 49.876522725140134]
