[12, 36, 36, 4]
-0.0701865
0.420372
1.31056
0.220603
0.145484
0.889308
-2.22172
-0.369422
0.471582
-0.866995
-0.344769
1.51315
-0.1009
-0.510284
-0.746836
-0.431933
-0.601922
0.972096
-0.487544
1.2657
0.820612
-0.107381
0.748072
-0.4595
0.502457
0.370812
-0.147284
-0.436282
-0.291702
-1.34607
-0.741747
1.40807
0.471482
1.10012
-1.77233
0.193427
0.375317
-0.416808
-0.0512952
0.237391
0.813305
1.44876
-0.902505
1.05961
1.59944
-0.212163
-1.76756
0.356772
-1.2708
-0.555556
-0.326084
1.00126
0.91729
0.017357
0.2624
1.229
0.223046
0.809497
1.28035
0.178912
1.67317
0.218717
0.175095
0.319062
-0.114153
-1.37984
-0.286165
0.24654
1.20178
0.996371
0.529151
0.455555
-0.0210633
-0.28697
-0.139066
-0.419548
0.448818
1.10055
0.35427
1.13922
-0.350328
2.66508
-1.1371
-1.63535
-3.30735
-0.924187
-1.37812
-2.09011
0.601383
-0.0637063
0.361427
0.997881
-0.60714
0.471301
-1.40461
-0.631126
-0.197146
0.938539
0.517271
-1.16273
-0.931942
1.49342
0.115402
-0.135098
0.281031
1.46493
0.686767
1.69281
-0.33917
0.106414
0.647467
-0.0458474
-0.479465
1.13087
-0.800636
2.04597
-0.0760896
0.333919
-0.313687
-0.108452
-0.696158
-0.441702
0.638279
2.09595
-0.769598
-0.389109
-0.392721
0.969286
-1.28362
0.717449
-0.953898
0.483672
-2.32382
0.229527
-0.690009
-0.0515336
0.480603
0.21347
0.418435
1.26971
-0.250077
-1.437
1.18713
-0.213189
1.07932
-0.055188
-0.539522
1.11494
0.213771
1.627
-1.72582
1.01236
-0.211059
-1.43859
0.906942
-3.19833
-0.467472
2.53747
1.88959
2.67163
-0.0820694
0.36664
0.0713195
0.980825
-0.698518
0.771333
0.951885
1.48093
-1.91312
0.388682
-0.238528
0.100814
0.249844
-0.719292
-0.706556
-1.16316
-0.63047
-1.03264
-0.860927
-2.02045
-0.0209487
-0.27278
0.462999
-1.49811
-0.746116
1.16335
-1.54232
1.82766
0.19151
-1.24737
0.282227
-0.40765
-0.323893
1.03315
0.564307
-0.990025
-0.240216
1.481
-0.44076
-0.479088
1.73184
-0.232204
-0.605645
1.51521
0.543005
0.454618
-1.2061
-0.0223683
-0.359365
0.598585
1.49608
-1.6875
-0.590303
-0.844441
-0.642674
0.745506
1.9273
1.01155
1.02488
0.765323
-0.378145
0.4681
-0.77169
-0.855829
1.28883
-1.23867
0.399041
0.447086
-0.654446
0.865601
-0.60104
0.248589
0.312625
1.51938
0.48795
-0.642365
1.29645
0.317225
-0.0344671
0.326846
0.833308
0.0360862
-0.36992
0.125083
0.256001
0.963658
0.412591
0.49801
0.0245411
0.142572
0.106894
0.503185
-0.854737
1.577
1.70892
-0.00240687
0.452399
0.260802
0.0735932
-2.0771
0.104741
-0.853214
-1.85379
-0.242073
0.239474
0.549428
0.327596
0.0913824
-0.715062
-0.418339
0.0229806
-1.89963
0.66423
-0.592418
1.17137
-0.189571
-0.184427
-0.61904
-0.348175
0.983983
-0.986025
0.380739
-0.129064
1.16217
-1.07811
1.9116
0.600121
-0.642771
1.04812
-2.74163
-0.398799
-0.186866
1.83775
-1.29578
0.670208
-1.75203
1.299
-0.266218
0.466162
-1.10447
-0.943247
0.184183
-2.82915
0.00248603
-0.527522
2.03901
0.863626
2.083
1.536
4.66482
1.73646
-0.414403
1.46806
0.0821625
-3.27979
0.0301836
-0.0353163
0.317771
-1.44311
0.643103
1.77172
0.303316
0.385422
0.464165
-0.12252
0.117979
-0.0545604
0.00687337
-2.55235
1.00156
-0.257229
0.657064
-2.22304
1.24917
0.330122
0.66901
1.00881
-0.265538
1.28718
0.331071
0.302523
-1.9802
-1.52309
2.31387
-1.45395
-4.00563
-0.929947
-0.890409
-1.21568
-0.264895
0.912804
-0.390517
0.0171864
-0.21417
-0.122193
-1.13467
1.05651
-0.648139
2.03531
1.30074
-1.94617
-1.51694
-3.27633
0.0699001
1.22701
2.26626
2.50612
-1.77793
1.57955
0.225881
-1.99261
-0.220608
0.247235
0.218868
1.71183
0.847214
-0.855187
2.02553
-1.03851
1.78952
-1.99992
1.07375
1.06691
-0.0319936
-0.519192
-0.171769
-0.248116
1.80072
-0.868442
1.65864
-0.598847
1.77348
-0.260959
2.04183
0.891807
-0.189652
-0.360889
-0.691233
-0.02607
-1.25782
0.195559
-0.551832
-1.94702
-1.42486
0.848248
1.87733
0.985765
-0.484252
-0.865429
0.675943
-1.38134
-0.0692679
0.998576
2.83324
-0.47129
-2.52408
0.175381
-1.55754
-0.384738
0.956926
0.939292
0.971135
-0.611736
0.0481094
0.358178
-0.38141
-0.580491
0.172192
-0.141961
-0.497601
0.411219
0.321151
0.452397
-1.0853
-0.843226
0.00668122
0.226091
-0.150531
0.549363
-0.368143
-0.33715
0.303495
-1.04172
-0.567132
0.137009
0.844462
0.468581
0.63513
-0.42111
1.57586
0.0620833
-0.600069
1.23035
-0.769654
0.834979
-2.02086
-0.264051
-0.329362
0.010629
-0.109695
-0.33026
0.902964
-1.06549
-2.47983
-1.40721
-0.633567
0.147986
0.543508
0.0209862
0.164155
0.576373
0.0288421
-0.230033
1.59628
-0.115292
-0.22981
0.27701
0.26041
0.250367
-0.793412
0.243315
0.0961004
-0.308788
0.0949108
0.152541
0.21274
-0.292337
0.53424
0.184847
-0.561201
0.482994
-0.653126
0.17809
-0.208793
-0.0834479
-0.0893085
0.182961
-0.248571
-0.0427529
-0.481948
-0.0951068
-0.128464
-0.226568
0.0872348
1.3102
-0.0566599
1.28772
-0.00179119
-0.0650234
1.24449
0.298745
-0.24479
-0.440656
0.0212106
-0.155244
-0.10941
1.04059
0.279955
0.245327
0.00506193
0.168019
0.563178
0.00252759
-0.181756
-0.581218
-0.239387
0.130211
-0.377804
-0.115836
-1.9775
-0.285751
-1.35728
0.0324989
-0.324155
-0.0251076
0.419623
-0.0718916
0.447415
0.158509
-0.0338847
1.62004
1.73031
0.664277
-0.0158697
-1.24472
0.872284
-0.99442
1.36813
-0.587357
-1.77395
0.320207
-2.7984
2.02199
-0.179356
-1.33077
-0.132863
-0.453463
0.545185
-0.000301637
0.263362
-1.13026
-1.05947
0.597581
0.191334
0.566088
1.86155
-3.05766
-0.291872
0.194801
-0.713175
0.297061
0.615469
-0.0740455
-1.34501
-0.51063
-0.260576
1.7997
-1.44322
-1.77964
0.0349027
2.23456
0.108082
0.153374
-0.711616
0.219861
-0.0828264
0.18216
-0.0288731
-1.18474
2.36671
-3.09331
1.7708
1.8522
-0.122256
-0.318425
0.255811
0.00989618
-0.442511
0.356579
-0.394811
0.683974
0.0870815
-1.19731
1.30207
0.757002
0.00119417
-0.0584104
-0.314164
-0.00227497
-0.20481
-0.176593
-0.0936462
0.0348782
1.27722
0.993932
2.47562
2.12821
-3.24618
-0.695097
-0.748909
0.593128
0.231753
0.385848
-0.109764
-0.429188
0.0359836
2.85598
2.41653
0.255394
-2.10502
-0.340059
0.262702
-0.848055
-0.360213
0.157536
-0.448044
1.63569
-0.0194348
1.09744
0.115888
-0.135705
0.255673
-0.197957
-0.619828
-0.320085
-0.163086
-0.189958
0.0809405
-0.169848
0.503854
3.85582
2.13249
1.62443
3.14016
0.0391312
3.424
-1.13758
-2.16089
-2.18949
0.40268
1.63271
-2.44437
-0.552207
2.37992
-2.81782
1.68685
0.0603068
-0.746283
-0.30872
0.6408
-0.612477
-0.295904
0.513376
-2.02271
1.07427
1.55212
0.183783
-4.93015
1.80643
1.84586
-2.63098
-0.559152
0.0370545
0.041291
-0.041527
-0.903231
1.35228
2.47936
-0.306965
2.27781
0.787539
-2.78833
-2.23845
0.643391
-0.584019
1.46861
2.32465
-1.40739
0.563712
-0.0419416
-0.0444154
1.2703
-2.84043
0.93045
2.32619
-1.17715
0.195362
-0.472829
-0.914241
-0.715112
1.8466
-1.11897
0.0114159
-1.51872
-0.392798
-1.22787
-0.343355
-0.739779
-0.873391
-0.399106
-0.0391074
0.351904
0.786893
-0.00550669
0.748824
-1.42772
1.72497
2.60642
1.23795
0.0320887
-1.1853
1.1475
-2.45858
0.093042
-0.232322
-0.0408986
-0.562906
1.27257
-0.441356
1.2877
-1.58127
-0.216626
1.16202
-1.2781
0.751879
-0.0741622
-0.536297
-0.0640189
-0.850175
-0.424305
2.21548
-3.11936
-0.196615
-0.433586
-0.0768751
-0.843203
0.0314804
0.471795
0.876023
0.0279956
-0.0734059
-0.824538
-3.00252
-1.40917
-1.65271
-1.2912
-0.536787
1.31741
0.0576859
0.0541207
-0.934056
0.252132
-0.355517
-0.163032
-2.87379
2.55789
-2.62194
0.288618
0.0624062
-0.0522243
0.423263
-0.404186
-0.443783
0.917528
0.119994
0.282014
-0.222447
0.642922
-0.18173
-3.8775
0.787101
-0.174097
-0.0796034
-0.643777
0.913553
0.0269198
-0.208175
0.664916
-0.690497
2.43744
0.570916
2.64826
-0.747586
0.449795
-0.708659
-1.08356
-0.251546
0.292541
1.26161
-0.462356
0.191693
-2.11645
2.86126
0.575149
-0.103361
2.90035
-0.0694205
0.699468
0.904367
-0.152179
0.0462392
0.895312
-0.46641
-0.908912
1.26035
4.24581
-0.917554
-1.92162
-0.0177161
-0.319926
-0.2327
0.0390639
0.227748
-0.118127
3.37027
-0.111531
2.33709
-3.15697
1.28743
1.63152
-1.66496
0.831401
-0.311971
0.0347826
0.274574
0.898659
-0.0352096
0.934969
-0.833787
-1.25859
-2.80388
3.52251
-0.877281
0.486203
0.782082
0.188203
0.229895
1.05077
0.398735
-0.176985
0.236349
-1.4944
1.2163
0.164041
0.0753344
-0.831999
-1.33605
0.00919615
-0.351595
-0.661423
0.766954
0.25507
-1.15633
2.46082
-3.51593
1.74866
-0.0159661
-0.217732
0.128924
0.155504
-0.313623
-0.00606035
-0.180247
-1.07816
-1.98113
2.80128
1.47295
-1.98367
-0.908466
-0.195994
-0.61036
0.162138
-0.00473518
-0.0633338
-0.250277
0.331529
2.07839
0.366311
-2.68464
3.00933
-0.127497
0.814297
1.74111
-0.0122637
0.295407
-0.930961
-0.879867
0.109877
0.000212744
-2.57672
2.63373
-1.61067
1.53701
0.221904
0.0746822
0.16519
-0.32727
-0.878206
-0.0831586
1.3299
2.47672
0.403606
-1.72155
1.53313
0.00805682
-0.43733
-0.216876
0.0942329
-0.0429572
-0.477192
-0.146332
1.00472
-0.140159
-0.887837
-1.08595
-0.0236224
-2.62293
1.41987
-0.312862
-0.00719706
0.0712769
-0.0801971
-1.00115
-0.292486
1.24597
0.275766
0.0646663
-0.00763693
1.99908
-1.99233
3.03976
0.288731
-0.0312385
-1.43903
-0.0544932
-0.137007
1.6054
-0.202281
0.335863
-0.774352
2.86365
-2.25901
-0.842297
-0.38935
-0.0275527
0.0218067
-0.439984
-0.623942
-0.101317
-0.767211
0.421843
-0.0176354
-2.12097
0.925942
0.200637
0.0117156
0.364655
-0.156648
-1.10559
-0.371934
1.08881
0.513121
0.817817
0.595525
-2.54649
-2.1031
-0.864811
0.101708
-0.0266115
0.0529946
-0.0255998
0.396962
-0.835822
0.753937
0.441522
0.801428
-2.39847
-1.40818
-1.81253
1.67387
0.000345261
0.341013
-0.0593862
0.316646
0.123522
-0.164193
0.943889
0.200581
0.0568606
-1.70469
0.291333
2.19189
-0.161311
-1.39662
-0.114953
-0.879317
0.0555689
0.00206264
-0.598099
0.451234
-0.159421
0.383606
0.258135
-2.81264
1.2413
-0.78345
-0.238536
0.484424
0.219522
-0.713944
0.984066
-0.749805
0.288518
-1.71544
-0.86387
0.616987
0.165835
0.00540842
-0.20599
1.20698
0.172616
0.817157
-0.421422
-0.0874297
0.117077
-0.07417
-0.98802
0.0442252
-1.49676
0.192736
-0.776287
-0.687989
-1.06208
0.955614
0.664056
-0.180217
-0.912881
0.436924
-1.5062
1.96506
0.108473
-0.801944
-1.0049
-0.0323062
0.0859379
0.742446
0.65043
0.617098
0.795929
3.71584
-0.912319
1.99736
2.21022
0.290216
-0.155869
-0.570182
-0.031529
0.909212
0.112082
0.916459
0.00902034
-1.1022
1.41404
0.115443
-1.33727
3.42356
0.588561
-0.476128
0.369767
0.79607
0.152247
1.05676
-0.373351
-0.649249
-0.0773838
1.91747
-1.01563
-1.82085
-2.40816
-1.55083
0.501912
-0.525562
-1.01198
0.0478013
0.212873
-2.9315
-0.428282
-1.33623
-1.4894
-0.309638
0.0791266
-1.8182
-0.347237
1.17367
-0.18135
0.772816
-0.0672789
0.319266
0.114281
-0.005786
-2.32365
-1.08473
2.42921
0.111408
0.3131
0.360362
0.0826695
-0.213955
0.389312
-0.0521574
-0.0864721
0.000990169
1.67164
0.933319
-0.617612
0.226299
0.294092
-0.197524
0.387362
-0.0106058
0.22574
-0.593205
1.97312
-2.48271
-0.0150377
-0.146683
2.22184
0.660699
1.41675
2.42989
0.107886
-0.0283419
0.0519748
0.0129902
-0.516252
0.0271223
-0.25241
-2.80385
-2.23029
-1.85237
0.358158
-0.159223
1.48957
-1.3372
1.09908
-0.0898233
-0.176035
0.135872
0.162004
-2.66203
-3.19423
0.297494
1.40595
-0.295803
-0.181357
0.441827
-0.220429
0.121767
0.433296
-0.347837
1.15212
0.570993
-1.37426
-1.20705
-2.87105
-1.32233
-0.0180428
0.0637695
-0.0599766
-0.30568
-0.685391
0.0251213
-0.122196
-1.17382
3.97892
0.983891
-2.10089
0.971425
-0.455617
2.90289
1.53275
-1.19117
-0.861578
-0.0174253
-1.68374
-0.501848
-2.64665
2.662
3.51465
0.918646
-1.58819
0.796308
-1.7503
0.525908
0.42871
-0.182816
0.11172
-2.96272
0.10246
-1.44785
0.285198
1.6067
-1.94463
-2.66475
0.12132
0.0292834
-0.924628
0.0232678
-0.363405
1.21893
0.909495
-0.0052334
-0.110038
1.81354
-0.186161
1.63653
-0.318798
-0.676536
-0.363892
0.463354
-0.398382
0.506774
1.46658
0.503781
2.592
-0.224899
-1.90955
0.073343
-1.72289
-0.353089
0.472511
-0.0559365
0.0554135
-0.153171
-0.287757
0.813558
-0.318478
-0.367954
0.590057
0.21885
0.0969484
0.230737
-1.23007
0.0314364
-0.161027
0.371277
-0.424517
0.76393
1.08321
2.33237
2.75669
0.150082
0.358112
-0.0366135
-0.107999
0.26547
0.375876
0.588709
0.860595
-0.653134
-1.05656
0.294502
-0.301867
-1.80876
-0.430505
-0.00803659
0.319048
-0.0286649
0.153119
-0.26406
-0.371573
-0.990177
-0.741822
2.36761
-1.24525
-0.231374
-0.0396206
-0.248559
0.282818
0.0269
0.0499185
-0.632058
-0.159772
1.20292
-0.870423
0.233688
3.4267
-1.37027
-0.58513
0.295594
0.224983
0.221521
0.257073
0.475316
-0.235953
-0.400285
-2.42265
2.6
0.362765
1.10091
0.693812
0.0911108
1.58991
0.0868746
0.178991
1.15285
0.194438
3.74853
-0.273315
1.21459
3.85416
-2.2743
-0.0118109
0.551794
0.798239
0.0349583
0.193708
7.71492e-05
-1.258
-0.635249
0.051444
-1.80324
0.980884
-2.14595
1.28937
0.778403
-1.38449
0.296811
1.16321
0.428205
-0.246508
-0.0800537
-0.322129
-0.80553
1.74436
2.09152
-0.0920191
0.689783
-0.411058
-0.270264
0.102196
0.124798
-0.2719
0.0534405
-0.250945
-0.181898
0.216807
2.43324
0.128482
1.25561
-1.73102
0.0311288
-0.29516
0.739033
-0.525013
0.329518
0.797945
0.428867
1.12723
0.469009
-1.24127
-1.71246
0.34455
-1.81482
0.551661
-0.405217
-0.311478
0.0966769
-2.16937
-0.483665
-0.789876
0.439238
-0.993924
1.69279
0.532057
0.298043
0.164375
0.257456
0.228562
-0.32677
-0.341252
0.549266
1.67261
0.466739
1.00492
-2.92911
-1.74148
-0.00352642
-0.193172
-0.295554
0.53435
-1.43588
-0.553893
-0.176369
-0.77726
0.949379
2.15892
0.996453
0.146291
1.28576
0.215946
-0.852173
-0.186009
-0.244162
1.3792
1.12279
-0.558667
-0.464821
-3.06449
-0.0776133
2.13311
0.32116
-0.00610989
1.36278
-0.162288
-1.35359
-0.0305739
0.0903349
0.991005
0.115552
0.854686
0.263534
-0.364065
0.0399023
1.02318
-0.0662805
-0.0635735
-0.278576
0.132419
-0.6364
0.267594
0.0867554
-2.9801
-2.24054
0.0832333
0.113632
0.174947
0.37767
-0.208604
0.019102
-0.520932
-0.985134
0.369472
-0.324082
0.811035
2.00005
-0.945566
-1.84808
0.0822135
0.0355296
-0.164746
-0.0657565
-0.269911
0.042883
-0.252071
0.0394177
0.0988914
-0.113142
1.65796
1.57781
-0.589365
2.17282
-0.0671546
-0.349498
0.0108044
-0.312232
0.0684538
0.227339
-1.80851
0.147568
1.55565
2.82855
1.25551
-0.0819809
-0.311502
0.257227
0.0316975
-0.0936051
0.355438
-0.443459
-0.414333
0.367116
-0.170561
1.83268
2.3445
0.0334056
-2.61061
-0.271784
0.0221429
-0.287051
-0.184441
0.0355236
0.0472523
0.120286
1.69833
-0.714123
1.99029
-1.15877
-2.27456
-0.651799
1.44508
-1.28828
0.825988
1.26079
-1.09251
-0.493718
2.24305
0.458663
0.88571
0.483085
-0.186368
-0.949953
-0.644475
-0.537198
0.677827
0.861187
-0.863965
-0.452385
-0.811018
-2.21243
2.81088
0.455905
-1.61885
1.82861
-0.326792
-0.868547
1.43084
0.347035
-0.0162338
0.148089
0.191943
-0.00348599
-0.751699
0.0488514
-0.207361
0.0862585
0.036986
0.100614
-0.043905
0.0700058
0.0699655
0.0570804
0.0593268
-0.767443
-2.14805
2.9586
-1.19135
0.10391
-1.42799
-0.0372136
0.109481
-0.142425
-0.0106205
-0.456338
-0.0216785
0.909141
1.84786
0.761989
-0.124534
1.21033
-0.0972696
-2.20808
-0.0740698
-0.021343
0.0425639
0.195721
-0.742717
0.0246995
2.65238
0.093693
0.645461
-2.16914
0.557585
0.909091
-1.60192
-1.61842
1.63908
-0.213899
0.520617
0.284687
2.84502
1.16802
-0.978703
-1.35469
-0.670804
3.82324
-0.925871
0.657235
-0.170501
0.222591
1.52322
0.209291
0.521691
-1.23815
1.42361
1.64412
-0.997385
-0.901809
2.53534
2.44604
-0.0679934
0.105409
0.182834
-0.00285861
0.293162
-0.874869
-2.25819
0.585739
0.199068
0.141444
0.646782
-0.497806
0.634627
0.101555
0.208055
-2.1822
-0.483707
0.133439
1.79912
0.0638204
1.2503
0.510853
0.0699906
-0.10658
0.0209042
-0.563057
-0.352115
-0.350259
2.87943
-0.00168819
-2.74062
0.767139
1.46091
0.669098
0.140255
0.0730147
-0.0629675
0.347854
-0.204076
0.00558199
-0.495084
1.48788
-2.9877
-0.0823183
3.29369
0.800657
-0.990603
-0.350059
1.86764
0.109396
-1.17279
-1.66583
-0.0290123
-2.58214
1.2215
-0.867287
-1.74456
-0.876527
0.814357
-0.726487
0.63232
-0.472717
0.738618
0.0298765
0.0460832
-0.564373
-0.23985
0.522989
-2.54746
1.50017
3.35238
-0.186147
0.100704
0.174858
0.729754
0.0341186
-0.372327
0.622874
0.292527
0.50454
0.200489
-2.18624
-2.13513
-0.948664
0.0269454
0.244532
0.0726832
0.0837023
-0.539934
0.15903
-0.317523
0.166609
0.11666
2.38336
-0.494898
-1.0186
0.18893
-0.412387
-0.240609
0.55948
0.192794
0.0879008
-2.1779
2.62554
-2.72714
-1.70364
-0.534185
1.10649
0.078677
-0.0272891
-0.545757
0.0314361
-0.261521
-0.776494
0.386142
-0.388308
-0.927294
0.524503
0.675962
-1.3135
-0.122327
0.171399
0.202548
0.0951239
0.28593
-0.017413
-0.297461
0.204759
0.459859
-2.89377
3.0196
1.68936
0.740717
-0.0141133
-0.818571
0.385413
0.183005
-0.0366479
0.0920065
-0.190439
-1.94197
-2.3609
1.08013
2.85719
-0.0855503
0.0375763
0.327474
-0.210473
0.37568
0.198682
0.600655
0.125465
-0.0145326
2.0648
0.0212664
-0.432583
-0.251641
0.802073
0.0938737
-0.0173045
-0.674532
0.734706
0.374157
0.347571
1.05125
0.120781
-0.631975
2.6945
0.192259
-0.0713181
-0.1127
-0.0445661
-0.070776
0.537964
-0.215606
0.0267123
-0.0668821
0.16395
-1.9213
-1.05632
-0.416992
0.219715
-0.416371
-0.434263
-2.25132
1.88353
-0.0627262
-1.52664
-4.44962
0.0947976
-2.31202
4.05572
-0.681401
-0.196494
-0.0555019
-0.677295
-0.54222
-0.678375
0.377414
-1.8819
5.21533
3.02812
-4.14963
1.16931
3.56165
-2.01915
-1.6475
3.75337
2.86412
2.59443
-0.0387315
-1.00666
-2.8688
-1.36228
-1.62276
-2.39394
2.71424
-4.69892
0.929144
-2.27142
-3.64983
1.17568
0.373595
0.369028
3.54794
-2.11605
0.451372
-0.615942
-3.5655
0.689574
-1.35608
3.94875
-1.98858
-0.800148
-0.323241
-0.837828
0.983761
2.46708
3.18741
-1.368
-0.567698
-0.0928189
-0.044142
-0.573528
0.794555
-0.222211
0.198206
0.845558
-2.88232
-2.16953
-1.82225
-0.420561
-0.085446
-0.319325
-0.0696711
-0.161303
-0.984653
2.09053
-0.939676
-0.00303774
-1.82975
-7.64924
-4.33418
0.564398
-4.08633
-6.83323
-3.54053
-4.51461
-0.454486
-0.334455
-0.0504871
-3.07315
-1.04312
-0.694432
1.05984
-2.21397
-3.68885
-0.498271
-2.0213
-2.69163
-1.38549
-0.315801
0.38917
-0.515619
4.43626
0.545303
3.79243
1.64387
-0.433241
-0.12675
-0.551911
-1.41784
-0.662023
-0.126726
-0.507647
-0.672692
-2.87587
-1.79461
2.47687
-1.67767
-0.0778554
-0.0803391
-0.063675
0.0173222
-3.64488
0.467462
0.570508
-1.01037
-0.291562
0.372564
-0.988463
-0.408904
-1.07433
-0.603339
-0.764958
-2.09415
0.520862
0.226583
-0.233252
-0.411829
-0.453203
0.0290715
-0.320599
-0.394865
-0.784359
-0.441067
-0.875332
-0.784026
