[12, 9, 9, 4]
0.00162413
0.00836238
-0.0101101
0.00238436
0.00182739
0.0685291
0.0200331
0.0548179
0.0134094
0.183852
-0.476149
0.459626
-0.004125
0.217774
0.143051
-0.500694
-0.598466
0.110726
-0.949537
-0.16155
-0.0103239
0.00136241
1.75499
0.0244225
0.958729
-0.447678
0.270871
-0.81999
0.0121905
-1.24785
0.00271704
0.000674159
0.065734
0.113559
-0.17218
0.0219811
-0.640673
0.346566
-0.016369
-0.982642
-0.000440228
0.330631
-0.524062
-1.15168
-0.614499
-0.000905437
-1.54713
0.935085
-0.843472
0.00449529
1.94295
0.0145837
-0.0397086
0.0858411
0.00186657
0.317757
-0.00905901
-0.495737
-0.580381
-0.245903
0.0194908
0.0557657
-0.307516
-0.000896919
0.0338672
-0.614163
-0.00139465
-0.626906
-0.0419483
-1.23868
0.071685
-0.213655
-1.53488
1.68109
0.839503
-0.353183
0.299646
2.78113
3.09082
3.0902
2.32997
0.149843
-1.33823
0.600867
-0.0343309
-0.591001
-1.20536
-0.504312
-2.57583
-3.52402
-1.12489
0.376593
-1.08896
-1.60054
-1.26864
0.0723901
-0.1487
0.015431
0.778756
-0.000291477
-0.0466651
-1.29146
-0.404393
1.41996
1.03685
0.0445356
2.12682
0.0548579
1.18954
-1.63178
0.783144
0.297303
2.30686
1.06077
-0.171102
0.274411
1.49812
-0.0177265
-0.0571011
0.400027
-0.0336574
-0.0207628
0.00892151
-0.104011
-0.304845
-0.472016
1.27157
0.0973233
0.899926
0.00355397
-0.00658131
-0.369471
0.0602329
0.0184824
0.487306
1.78569
1.08903
0.00202408
-0.0378553
-1.69083
0.0428016
-0.391678
-0.146732
-0.385499
1.70734
-1.49166
-1.62003
-0.0388671
2.47854
0.0635576
-0.183304
-0.250656
-0.397197
-0.0248
1.12552
2.39804
2.41327
2.63533
-2.4605
-0.0853621
-0.99951
-0.429992
-0.0545398
-0.0935669
2.31865
2.13557
1.596
1.7126
-0.00839822
2.60902
0.535366
-0.0459783
-0.0393087
0.0950302
2.46787
-0.522026
1.28766
0.882357
-1.64175
0.436538
-0.0587067
-0.179105
-0.0529074
0.00403857
0.39503
-1.59822
1.75927
1.86069
0.600618
-0.059837
0.00309984
-0.131427
0.00249794
-0.00348283
-0.562183
-2.46491
-2.16722
-1.78046
0.0162534
-0.104155
-0.0115906
0.000221853
0.00812564
0.00598168
-1.08172
2.48642
0.560876
0.151993
0.800262
0.29592
-0.179002
-1.37573
-1.6093
-1.42192
-1.77135
0.3625
1.01687
0.344192
0.487387
0.353829
-0.35778
0.458985
0.295602
-0.897435
-0.997581
-0.876183
-0.836423
-0.911647
-2.09799
-2.07857
-2.29701
-1.60142
-0.680203
-2.40032
-0.186057
-3.12123
-3.00367
-2.36599
-2.71964
-3.77519
-3.38696
-2.87598
-3.79171
-0.0426597
-0.585782
-0.0179262
0.0299189
