[125, 25, 25, 4]
0.0
0.0
0.0
0.0
0.0
0.0
0.0
0.0
0.0
0.0
0.0
0.0
0.0
0.0
0.0
0.0
0.0
0.0
0.0
0.0
0.0
0.0
0.0
0.0
0.0
0.0
0.0
0.0
0.0
0.0
0.0
0.0
0.0
0.0
0.687186
0.0
0.0
0.467635
0.0
0.0
0.0
0.0
0.0
0.0
0.0
0.454105
0.0
0.0
0.0
0.0
0.0
0.0
0.0
0.0
0.0
0.0
0.0
0.0
0.0
0.0
0.0
0.0
0.0
0.0
0.0
0.0
0.0
0.0
0.0
0.0
0.0
0.0
0.0
0.0
0.414548
1.05389
0.830679
0.657897
0.0559665
0.705059
-0.306699
0.516169
0.52438
0.422555
0.116231
0.0208602
0.279974
-0.917184
0.640779
-0.592176
0.118179
0.240613
-0.161468
-0.0458253
0.141982
0.284985
-0.789023
0.27197
0.0493822
0.0915925
0.0
0.0
0.0
-0.247859
0.0
0.699781
0.0
0.0
0.0
0.0
0.0
0.0
0.815968
0.0
0.0
0.310421
0.0
0.0
-2.59431
0.0
0.0
0.0
0.861973
0.0
0.0
0.436538
0.0181855
0.906973
-0.0210822
-0.521137
-1.18002
0.230683
0.613429
0.0383902
0.0270308
-0.00489085
-0.75102
-0.411904
0.489708
-0.90145
-0.585464
-0.0969683
-0.732685
-1.29931
-0.172824
-0.000296425
-0.42489
0.132762
0.0847095
0.23443
0.0
0.0
0.0
0.0
0.0
0.0
0.0
0.0
0.0
0.0
0.0
0.0
1.53654
0.0
0.0
0.0
0.0
0.0
0.0
0.0
0.0
0.0
0.0
0.0
-1.22284
0.520349
-0.168356
0.153496
0.0346742
-0.119804
-0.572502
0.318121
-0.0847332
-0.193999
-0.0247213
-0.0177136
-0.832752
0.0028337
0.0396013
-0.626849
-0.0643408
-0.0386349
-0.434215
-0.218484
-1.15808
0.213764
-1.35692
0.423384
-0.113008
-0.25638
0.0
0.0
0.0
0.349028
0.0
0.0
0.0
0.0
0.0
0.0
0.0
0.0
0.0
0.0
0.0
0.0
0.0
0.0
0.0
0.0
0.0
0.0
0.0
0.0
0.0
0.0
0.0
0.0
0.0
0.0
0.0
0.0
0.0
0.0
0.0
0.0
0.0
0.0
0.0
0.0
1.57484
0.0
-0.911125
0.0
0.0
0.0
0.0
0.0
0.12635
0.0
0.0
0.0
0.722471
0.0
0.0
0.0
0.0
0.0
0.0
0.0
0.0
0.0
0.0
0.0
-1.50278
0.0
0.0
0.0
0.0
0.0
0.0
0.0
0.0
0.0
-0.572943
0.0
0.0
0.0
0.0
0.0
0.0
0.0
0.0
0.0
0.147165
0.0
0.0
0.0
0.0
0.0
0.0
0.898427
0.692584
0.0
0.0
0.0
0.0
0.0
0.0
0.0
0.0
0.0
0.0
0.0
0.0
-0.583453
-0.143426
-0.757887
0.0
0.0
0.0
0.0
0.0
0.0
0.0
0.0
0.0
0.0
0.0
0.0
0.0
0.0
-1.91433
0.0
0.0
-0.00622579
0.926183
0.0381249
0.077623
-0.453602
-1.28306
0.642011
0.563768
-0.412933
-0.01333
-0.00410749
1.04172
-0.393743
0.318026
-0.767055
0.9567
-0.0730255
-0.111053
0.0436838
0.176525
0.106497
0.308707
-0.123267
-0.0613115
-0.154762
0.0
0.525805
0.0
0.0
0.0546975
0.0
0.0
0.0
0.0
0.0
0.0
0.0
0.0
0.0
0.0
0.0
0.0
0.0
0.0
0.0
0.0
0.371792
0.0
0.0
0.0
0.0
0.0
0.0
0.0
0.0
0.0
0.0
0.0
0.0
0.0
0.0
0.0
0.0
0.0
0.262395
0.0
-0.847044
0.0
0.0
0.0
0.0
0.0
0.0
0.0
0.0
0.0
0.0
0.0
0.0
0.0
0.204679
-0.0826664
0.0
0.0
0.0
0.0
0.0
0.0
0.0
0.0
0.0
1.22615
0.0
0.0
0.0
0.0
0.0
0.0
0.0
0.0
0.0
0.0
0.0
0.0
0.0
0.0
0.0
0.0
0.0
0.0
0.0
0.0
-0.108322
0.0
0.0
0.0755687
0.0
0.0
0.0
0.0
0.0
-0.510505
0.0
0.0
0.0
0.0
0.0
-0.0634589
0.0
0.0
0.0
0.0
0.0
0.0
0.0
0.0
0.0
0.0
0.0
0.0
0.0
0.0
0.0
0.0
0.0
0.0
0.0
0.0
0.0
0.0
-0.728798
-1.73946
0.0
0.0
0.0
0.0
0.0
0.0
0.0
-1.0947
-1.57384
0.0
0.0150494
0.0
0.0
0.0
0.0
0.0
0.0
-0.0124265
0.0
0.0
0.0
0.0
0.0
0.0
0.0
0.0
-0.437277
0.0
0.0
0.0
0.0
0.0
0.0
0.0
2.08299
0.0
0.0
0.0
0.0
0.0
0.0
0.0
0.0
0.0
0.0
0.0
0.0
0.0
0.0
0.0
0.0
0.0
0.0
0.0
0.0
0.0
1.13882
0.0
0.0
0.0
0.0
0.0
0.0
0.0
-0.0425182
0.0
0.0
0.0
0.0
0.0
0.0
0.0
0.0
0.0
0.0
0.0
0.0
0.0
0.0
0.0
0.0
0.0
0.0
-1.28808
0.0
0.0
0.0
0.0
0.0
0.0
0.0
0.0
0.0
0.0
-0.433738
0.0
0.0
0.0
0.0
0.0
0.0
0.0
0.0
0.0
0.0
0.0
-0.729038
0.0
0.0
0.0
0.0
0.0
0.0
0.0
0.0
-0.797351
0.0
0.0
0.0
0.0
0.0
0.0
0.0
0.683836
0.0
0.0
0.0
0.0
0.0
0.0
0.0
0.0
0.0
-1.27025
0.0
0.0
0.0
0.0
0.0
0.453383
0.0
0.0
0.0
0.0
0.0
0.0
0.0
0.0
0.0
0.0
0.0
0.0
0.0
0.0
0.0
0.0
0.0
0.0
0.0
0.0
0.304681
0.0
0.0
0.0
0.0
0.0
0.0
0.0
0.0
0.0
0.0
0.0696422
0.0
0.0
0.0
0.0
-1.30124
0.0
0.0
0.0
0.0
0.0
0.0
0.0
0.0
0.0
-0.683908
0.549559
0.0
0.0
0.0
0.0
0.0
0.0
0.0
0.0
0.0
0.0
0.0
0.0
0.0
0.0
0.0
0.0
0.0
0.0
0.0
0.0
0.0
0.0
0.0
0.0
0.0
0.0
0.0
0.880087
0.0
0.0
0.0
0.0
0.0
-0.319829
0.0
0.0
0.0
0.0
0.0
0.0
0.0
0.0
0.0
0.0
0.0
0.0
0.0
0.0
0.0
0.0
0.0
0.0
0.0
0.0
-0.915327
0.0
0.0
0.0
0.0
0.0
0.0
0.0
0.0
0.0
0.0
0.0
0.0
0.0
0.0
0.0
0.0
0.0
0.0
0.0
0.0
0.0
0.0
0.0
0.0
1.31379
0.0
0.0
0.0
0.0
0.0
0.0
0.0
0.0
0.0
0.0
0.0
0.0
0.0
0.0
0.196394
0.0
0.0
0.0
0.0
0.0
0.0
0.0
0.0
-1.41841
0.0
0.0
0.0
0.0
0.0
0.0
-0.182748
1.39539
0.114058
-0.00796141
-0.463925
-0.0657641
0.630779
-0.207598
-0.041591
0.101341
-0.0345133
-0.282356
-0.503825
-0.143358
-1.2339
0.723055
0.237705
-0.521843
-0.0467806
0.131808
1.22001
-0.0867345
0.255166
-1.10638
0.0491168
0.0
0.0
-0.0238099
0.0
0.0
1.80233
0.0
0.0
0.0
0.0
0.0
0.0
0.0
0.0
0.0
0.0
0.0
0.0
-0.030651
0.0
0.0
0.0
0.0
0.0
0.0
0.0
0.0
0.0
0.0
0.0
0.0
0.636284
0.0
0.0
0.0
0.0
0.0
0.0
0.0
0.0
0.0
0.0
0.0
0.0
0.0
0.0
0.0
0.0
0.0
0.0
0.0082073
0.180898
0.224703
0.277617
-0.308752
-0.260213
0.651867
0.26318
-0.497147
-0.00340962
-0.00940428
-0.965921
-0.3146
0.166213
-0.455975
1.0723
0.156997
0.0449318
0.0134885
-0.197224
0.597236
-0.0904915
-0.948315
-0.0846042
-0.416611
0.0
0.0
0.0
0.0
0.0
0.0
0.0
2.01198
0.0
0.0
0.0
0.0
0.0
0.0
1.21903
0.0
0.0
0.0
0.0
0.0
0.0
0.0
1.18323
0.0
0.0
0.65451
0.0
0.0
0.0
0.0
-0.367699
0.0
0.0
0.0
0.0
0.0
0.0
0.0
0.0
0.0
0.0
0.0
0.0
0.0
0.0
0.0
0.0
0.0
0.0
0.0
0.0
0.0
0.0
0.0
0.0
-0.138824
0.0
0.0
0.0
0.0
0.0
0.35948
0.0
-0.149027
-0.157896
0.0
0.0
0.0
0.0
0.0
0.0
0.0
0.0
0.0
0.0
0.0
0.0
0.0
0.0
0.0
0.0
0.0
0.0
0.0
0.0
0.0
0.0
0.0
0.0
0.0
0.0
0.0
0.0
0.0
0.0
0.0
0.0
0.0
0.0
0.0
0.0
0.0
0.0
0.0
0.0
0.0
0.0
0.0
-0.0782044
0.0
0.0
0.0
0.0
0.0
0.0
0.0
0.0
0.0
0.0
0.0
0.0
0.0
-0.278587
0.0
-0.614263
0.0
0.0
-0.651791
0.0
0.0
0.0
0.432262
0.0
-0.363516
0.0
0.0
0.0
0.0
-1.40609
0.0
0.0
0.0
0.0
0.0
0.0
0.0
0.0
0.0
0.0
0.0
0.0
0.0
-1.28912
0.0
0.0
0.0
0.0
0.0
0.0
0.0
-0.406553
0.0
0.0
0.0
0.0
-0.800117
-0.0433843
0.0
0.0
0.0
-0.333281
0.450599
0.0
0.0
0.0
0.0
0.0
0.0
0.0
0.0
0.0
0.0
-1.85107
0.0
0.0
0.0
0.0
0.0
0.0
0.0
0.0
-0.485905
0.0
0.0
-2.14372
0.0
0.0
0.0
0.0
0.0
0.421543
0.29038
-0.290226
-0.138615
-0.0714745
-0.549725
0.248912
0.153444
-0.180802
0.0884793
-0.0231311
0.0701829
-0.39675
-0.25348
-1.15056
-0.200615
0.521405
-0.276692
0.191895
-1.41466
-0.366993
-0.162968
-0.0998324
-0.276335
-0.0633266
0.0
0.0
0.0
-1.00981
-0.0413667
0.0
0.0
0.0
0.0
-1.97396
0.0
0.0
0.0
0.0
0.0
0.0
0.0
0.0
0.0
0.0
0.0
0.0
0.0
0.0
0.0
0.0
0.583953
0.0
0.0
0.0
0.0
0.0
2.51458
0.0
0.0
0.0
0.0
0.0
0.0
0.0
0.0
0.0
-1.32044
0.0
0.0
-0.888472
0.0
0.0
0.0
0.0
1.2825
0.0
-1.54738
0.0
0.0
0.0
0.0
0.0
0.0
0.0
0.0
0.0
0.0
0.0
0.0
0.0
0.0
0.0
0.0
0.0
0.0
0.0
-1.09404
0.0
0.0
0.0
0.0
0.0
0.0
0.0
0.0
0.0
0.344408
0.0
0.0
0.0
0.0157017
0.0
0.0
0.0
0.476104
0.0
0.0
0.0
0.0
0.0
0.0
0.0
0.0
0.0
0.0
0.0
0.0
-0.225677
1.64804
0.0
0.0
0.0
0.0
0.0
-0.371252
0.0
0.0
0.0
0.0
0.0
0.0
0.0
0.0
0.0
-2.70861
-0.237182
0.0
0.0
0.0
0.0
0.0
0.0
0.0
0.0
0.0
-0.593747
0.0
0.0
0.0
0.0
0.0
0.0
0.0
0.0
0.0
0.0
0.0
0.0
0.0
-0.00840311
0.0
0.0
0.0
-0.640147
0.0
0.818738
0.0
0.0
0.0
0.0
0.0
0.0
0.0
0.111528
0.0
0.0
0.0
0.0
0.420715
0.0
0.0
0.0
0.0
0.0
0.0
0.0
0.0
0.0
0.0
0.0
0.0
0.0
-0.0061418
0.518526
-0.216824
0.0
0.0
0.0
0.0
-1.65275
0.0
0.0
0.0
0.0
0.0
0.0
0.0
0.0
0.0
0.0
0.0
0.0
0.0
0.0
0.0
0.0
0.0
0.0
0.0
0.0
0.0
0.0
-0.179551
0.0
0.0
0.0
0.0
0.0
0.0
-0.0792823
0.0
0.0
0.0
0.0
0.0
0.0
0.0
0.0
0.0
0.0
0.0
0.0
0.0
1.01743
0.0
0.0
0.0
0.0
0.0
0.0
0.0
0.0
0.0
0.0
0.0
0.818303
0.0
0.0
0.0
0.0
0.0
0.0
0.0
0.0
0.0
0.0
0.0
0.0
0.0
0.0
0.0
0.0
-1.42311
0.0
0.0
0.0
0.0
0.0
0.410631
0.0
0.0
1.29931
0.0
0.0
0.0
0.0
0.0
0.0
0.0
-0.0934624
0.0831823
0.201114
0.00336316
0.394212
1.08869
0.628401
0.157733
-0.423458
-0.088309
0.0112239
0.543974
-0.894692
-0.0768562
-0.389606
0.162483
0.194735
0.208868
0.0920924
0.252932
0.974857
1.33562
0.331304
0.058472
-0.386803
0.0
0.0
0.0
0.0
0.0
0.0
0.0
0.0
0.0
0.674634
0.0
0.0
0.0
0.0
0.0
0.0
0.0
0.0
-0.166743
0.0
0.0
0.0
0.0
0.0
0.0
0.0
0.0
0.0
0.0
0.0
0.0
0.0
0.0
2.06154
0.0
0.0
0.0
0.0
0.711451
0.0
0.0
0.0
0.0
0.0
0.0
0.0
0.0
0.0
0.0
0.0
0.0
-0.663609
0.0
-0.37081
0.0
0.0
0.0
0.0
0.0
0.0
0.0
0.105677
0.0
0.0
0.0
0.0
0.0
0.177825
0.0
0.0
0.0
0.0
0.0
-0.018905
0.0
0.0
0.0
0.672971
1.44488
0.0
0.0
0.0
0.0
0.0
0.0
0.0
0.0
0.0
0.0
0.0
0.0
0.0
0.223629
0.0
0.0
0.0
0.0
-0.104274
0.0
0.0
0.0
0.0
0.0
0.0
0.0
0.0
0.0
0.0
1.20018
0.0
0.0
0.0
0.0
0.0
0.0
0.0
0.0
0.0
0.0
0.0
0.0
0.0
0.0
0.0
0.0
0.0
0.0
0.0
0.0
-0.378567
0.0
0.0
0.0
0.0
0.0
0.0
0.0
0.0
0.0
0.0
0.0634813
-0.197009
0.0
0.0
0.0
0.0
0.0
0.0
0.0
0.00956559
0.0
0.0
0.0
0.0
0.0
0.0
0.0
0.664085
0.0
0.0
0.0
0.0
0.0
0.0
0.0
0.0
0.0
0.0
0.0
0.0
0.0
0.0
0.0
0.0
0.0
0.0
0.0
0.0
0.0
0.0
0.0
0.0
0.0
0.0
0.0
0.0
0.51656
0.0
0.0
0.0
0.0
0.0
0.0
-1.23797
0.0
0.0
0.0
0.0
0.0
0.0
0.0
0.0
0.0
0.366927
0.0
0.0
0.0
0.0
0.0
0.0
0.0
-2.4085
0.0
0.0
0.0
0.0
0.0
0.0
0.0444619
-0.410137
0.0
0.0
0.0
0.0
0.0
0.136714
0.0168667
-0.546736
0.00482125
0.114716
-0.00330181
0.0985543
0.280498
-0.11436
1.45989
-0.014088
0.460206
-0.013929
-0.570089
-1.6298
0.061322
0.331627
-0.119175
-0.118179
-1.59824
0.582835
-0.855939
0.539856
0.013281
-0.245154
0.0
0.11499
0.0
0.0
0.0
0.0
0.0
0.0
0.0
0.0
0.0
0.0
0.0
0.0
0.0
0.0
0.0
0.0
-0.236604
0.204523
0.0
0.0
0.92386
0.0
0.0
0.0
0.0
0.0
0.0
0.228888
0.0
0.0
0.0
0.0
0.0
0.384448
0.0
0.0
0.0
0.0
0.0
-0.873838
0.0
0.0
0.0
0.0
0.0
0.0
0.0
0.0
0.0
0.0
0.0
0.0
0.0
0.0
0.0
0.0
0.0
0.811638
0.0
0.0
0.0
0.0
0.0
0.0
0.74098
0.0
0.0
0.0
0.719007
0.0
0.0
0.0
0.0
0.0
0.0
0.0
0.0
0.0
0.0
0.0
0.0
0.0
0.0
0.0
0.0
0.0
0.0
0.0
0.0
-0.605316
0.0
0.0
0.0
0.0
0.0
0.0
0.0
0.0
0.0
0.0
0.0
0.0
0.0
0.0
0.0
0.0
0.0
0.0
0.0
0.0
0.0
0.0
-0.447007
0.0
0.0
0.0
0.0
0.0
0.0
0.0
0.0
0.0
0.0
-0.308229
0.0
0.0
0.0
0.0
0.0
0.0
0.0
0.0
0.0
0.0
0.0
0.0
0.0
0.0
0.0
0.0
0.0
0.0
0.0
0.0
0.0
0.0
0.0
0.00460312
0.0
0.0
0.0
0.0
0.0
0.0
-0.263286
0.0
0.0
0.0
0.0
0.0
0.0
0.0
0.0
0.0
0.0
-0.142795
0.0
0.0
0.0
0.0
0.0
1.00602
0.0
0.0
0.0
0.0
0.0
0.0
-0.317337
0.0
0.0
0.0
0.0
0.0
1.18413
0.668716
0.0
0.0
0.0
0.0
-0.526535
0.0
0.0
0.0
0.0
0.0
0.0
0.0
0.0
0.0
-0.186156
0.0
0.0
0.0
0.0
0.0
0.0
0.0
0.0
0.0
0.0
0.0
0.0
0.0
0.0
-0.294474
0.0
0.31947
0.0
0.0
0.0
0.0
0.0
0.0
0.0
0.0
0.0
0.0
-0.556029
0.0
0.0
0.0
0.0
0.0
0.0
1.53441
0.0
0.0
0.0
0.0
0.0
0.0
0.0
0.0
0.0
0.0
0.0
0.0
0.0
0.0
0.0
0.0
0.0
0.0
0.0
0.0
0.0
0.385492
0.0
0.0
0.0
-0.67368
0.0
0.0
0.0
0.0
0.0
0.0
0.0
0.0
0.0
0.0
0.0
-0.282982
0.267421
-0.280348
0.0719531
0.496293
1.4741
0.56859
0.155657
-0.517169
-0.150473
0.0148755
-0.101457
-1.05049
-0.358754
-0.778228
-0.145112
0.116493
0.0831036
-0.32209
0.319088
0.452037
1.36051
-0.496458
0.185174
-0.179707
0.0
0.0
0.0
0.0
0.0
0.0
0.0
0.0
0.0
0.0
0.0
0.0
0.0
0.0
0.0
0.0
0.0
0.0
0.0
0.0
0.0
-1.38153
0.0
0.0
0.0
-0.19718
0.0
0.0
0.0
0.0
0.0
0.0
0.0
0.0
0.0
0.0
0.0
0.0
0.0
0.0
0.0
0.0
0.0
-0.989881
0.0
0.0
0.0
0.0
0.0
0.00925808
0.0
0.0
0.0
0.0
0.0
0.0
0.0
0.442825
0.0
-1.5504
0.0
0.0
1.09957
-0.0801061
0.0
0.0
0.0
0.0
0.666538
0.0
0.0
0.0
0.0
0.0
0.0
0.0
0.0
0.0
0.0
0.0
0.0
0.0
0.0
0.0
0.0
0.0
0.0
0.0
0.0
0.0
0.0
0.0
0.0
0.0
0.0
0.0
0.0
0.0
0.0
0.0
0.0
0.0
0.0
0.0
0.0
0.0
0.0
0.0
0.0
0.0
0.0
0.0
0.0
0.0
0.0
0.0
0.792805
0.0
0.0
0.553547
0.0
0.0
0.0
0.0
0.0
0.0
-0.552001
0.0
0.0
0.0
0.0
0.0
0.0
0.0
0.0
0.0
0.0
0.0
0.0
0.0
0.0
0.0
0.0
0.0
0.0
-1.74648
-0.158049
-1.55488
0.0
0.0
0.0
0.0
0.0
0.0
0.0
0.659984
0.0
0.0
0.0
0.0
0.0
0.0
0.0
0.0
0.0
0.0
0.0
0.0
0.0
0.0
0.0
0.0
0.0
-1.65533
0.0
-1.98932
0.0
-0.688932
0.0
0.0
0.132959
0.0
0.0
0.0
-0.483352
0.0
0.0
0.0
-0.656678
0.0028211
0.0
0.0
0.0
0.0
-1.05392
0.0
0.0
0.380455
0.0
0.0
0.0
0.0
0.0
0.0
0.0
0.0
0.0
0.0
0.0
0.0
0.0
0.0
0.0
0.0
0.0
0.0
0.0
0.0
0.0
-1.54546
0.0
0.0
0.0
0.0
0.0
0.0
0.0
0.0
0.0
0.0
1.86908
0.0
0.0
0.0
0.0
0.0
0.0
0.0
0.0
0.0
0.0
0.0
0.0
0.0
0.0
0.733216
0.0
0.0
0.0
0.0
-0.906351
0.0
0.0
0.0
0.881954
1.3188
0.0
0.0
0.0
0.0
0.0
0.0
0.0
0.0
0.0
0.0
0.0
0.0
0.0
0.0
0.0
0.0
0.0
0.0
-1.25096
-0.547363
-0.374568
0.118329
0.11464
0.00692331
0.672675
0.674415
0.351582
-0.216097
0.0236944
-0.000128848
1.32793
-0.103769
-0.224429
-1.05649
0.304881
0.155853
-0.0421289
-0.156533
0.407326
0.172319
-0.0616708
-0.328385
-0.130124
-0.276872
0.0
0.0
0.0
0.0
0.0
0.0
0.0
0.0
0.0
0.0
0.0
0.0
0.0
0.0
0.0
0.0
0.0
0.0
0.0
0.0
0.0
0.0
0.0
0.0
0.0
0.0
0.0
0.0
0.0
0.0
0.203423
0.0
-0.882915
0.0
0.0
0.0
0.0
0.0
0.0
0.0
0.0
0.0
0.0
0.0
0.0
0.0
0.0
-2.57445
0.0
0.0
-0.0241117
0.0
0.0
0.0
0.0
0.0
0.0
0.0
0.709064
0.0
0.0
0.0
0.537518
0.0
0.0
0.0
0.0
0.48125
0.0
0.0
0.0
0.0
-0.107094
1.41176
0.0
0.0
0.454057
0.0
0.0
0.0
0.0
0.0
0.0
0.0
0.0
0.0
1.10378
0.0
0.0
0.0
0.0
0.0
0.0
0.0
0.0
0.0
0.0
0.0
0.0
0.0
-1.07556
0.0
0.0
0.0
0.0
0.0
0.0
0.0
0.0
0.0
0.0
0.0
0.0
0.0
0.199886
0.930065
0.0
0.0
0.588808
0.0
0.0
0.0
0.0
0.0
0.0
0.0
-0.347676
0.0
0.0
0.0
0.0
0.0
0.67567
0.0
0.0
0.0
0.0
0.0
0.0
-0.239556
0.0
0.0
0.0
0.0
-0.311643
0.0
0.0
0.0
-0.885873
0.0
0.0
0.0
0.0
0.0
0.0
0.0
0.0
0.0
0.0
0.0
0.0
0.0
0.0
0.0
0.0
0.0
-0.209259
0.0
0.386365
0.0
0.0
0.0
0.0
0.0
0.0
0.107649
0.317276
-0.819402
0.0672752
-0.30259
0.245712
0.287488
-0.228918
-0.536179
-0.335553
-0.00194047
0.585433
-0.0885657
-0.78936
-1.76742
-0.141871
-0.0379397
-0.440992
0.0599613
0.00929495
0.935459
-1.06766
-0.627813
0.252865
-0.486573
0.0
0.0
0.0
0.0
0.0
0.0
0.0
0.0
0.0
0.0
0.784656
-0.803173
0.0
0.313664
0.0
0.0
0.0
0.0
0.0
0.0
0.0
0.0
0.0
0.0
-0.548111
0.0
-0.403942
0.0
0.0
0.0
0.0
0.0
0.0
0.0
0.0
0.0
0.0
0.0
0.0
0.0
0.0
0.0
0.0
0.0
0.0
-0.892143
0.0
0.0
0.0844208
0.0
0.0
0.0
0.0
0.0
0.0
0.0
0.0
0.0
0.0
0.0
0.0
0.0
0.0
-2.06688
0.0
0.0
0.233795
0.0
0.0
0.0
0.0
-0.0541223
0.0
0.0
0.0
0.0
0.0
0.0
0.0
0.0
0.0
0.482831
-0.712667
0.0
0.0
0.0
0.0
0.0
0.0
0.0
0.0
0.0
0.0
0.0
0.0
0.0
0.0
0.0
0.0
0.0
-0.470673
-0.174277
0.0128046
0.0877235
-0.0335727
0.464651
0.589598
0.435643
-0.374868
0.0193926
0.00464549
-0.26049
0.0827572
-0.242311
-1.07653
0.212615
0.0744903
-0.0113517
-0.0084251
0.0565461
0.11513
-0.0270666
0.0894316
-0.12169
-0.290879
0.0
0.0
-1.51568
0.0
0.0
0.0
0.0
-1.40046
0.0
0.0
0.0
-1.95285
0.0
0.0
0.0
0.0
0.0
0.0
0.0
0.0
0.33499
0.0
0.0
0.0
0.0
0.0
0.0
0.0
0.0
-0.220971
0.0
0.0
0.0
0.0
0.0
0.0
0.0
0.0
0.0
0.0
-0.491052
0.0
0.0
0.0
0.0
0.0
0.0
-0.0132955
0.0547767
0.443372
0.0
0.0
0.0
0.0
1.73942
0.0
0.0
0.0
0.0
0.0
0.0
0.0
0.0
0.0
0.0
1.46541
0.0
0.0
0.0
0.0
1.35974
0.0
0.0
-1.1777
0.0
0.0
0.0
0.0
0.0
0.0
0.0
0.0
0.0
0.0
0.0
0.0
0.0
0.0
0.0
0.0
0.0
0.0
0.0
0.0
0.0
0.0
0.0
0.0
0.0
0.0
-0.602503
0.0989044
-0.148639
-0.0100362
-0.160508
0.103798
0.569447
0.322605
-0.382942
0.0424445
-0.00111525
-0.585422
0.549275
-0.518007
-1.59782
-0.109105
-0.0566858
-0.46741
-0.0405914
0.231578
1.68756
0.698716
0.209025
-0.451207
-0.0288034
0.0
0.0
0.0
0.0
0.0
0.0
0.0
0.0
0.0
0.0
-0.110643
0.0
0.0
0.0
0.0
0.0
0.0
0.0
0.0
0.0
0.0
0.0
0.0
0.0
0.0
0.0
0.0
0.0
0.0
0.0
0.0
0.26044
0.0
0.0
0.0
0.313001
-0.415461
0.0
0.0
0.0
0.0
0.0
0.0
0.0
0.0
0.0
0.0
0.0
-0.667117
0.0
0.0
0.0
0.0
0.0
0.438909
0.0
0.0
0.0
0.0
0.0
0.0
0.0
0.0
1.63794
0.0
0.0
0.0
0.0
0.0
0.0
0.7149
0.0
0.0
0.0
0.0
1.06083
0.0
0.0
0.0
0.0
0.0
0.0
0.0
-0.683252
0.0
0.0
0.0
0.0
0.0
0.0
0.0
0.0
0.0
0.0
0.0
0.0
0.0
0.0
0.0
0.0
0.0
0.0
0.0
0.722248
0.0
0.0
0.0
0.0
0.0
0.0
0.0
0.258733
0.0
0.0
0.0
0.606032
0.0
-0.14105
1.90335
0.0
0.0
-0.792172
0.0
0.0
0.0
0.0
0.0
0.0
0.0
0.0
0.0
0.0
0.0
-0.0566157
0.0
0.0
0.0
-1.075
0.0
0.0
0.0
0.0
0.0
1.00943
0.0
0.0
0.0
0.0
0.0
0.432604
-0.961379
0.263363
-0.465534
0.00952498
0.539114
1.18694
0.607044
0.763699
-0.425129
-0.0145469
0.0154069
0.0180564
-0.291656
-0.500385
-1.74926
0.302241
0.32519
0.259209
-0.0449043
0.950882
-0.239685
0.871718
0.139599
0.0612475
-0.00141192
0.0
0.0
0.0
0.0
0.0
0.0
-0.0790907
0.0
0.465257
0.0
0.360359
0.0
0.0
0.0
0.0
0.0
0.0
0.0
0.0
0.0
0.0
0.0
0.0
0.0
0.0
0.0959274
0.669448
-1.43422
-0.0960794
-0.505722
0.708416
0.137668
0.00842417
-0.622155
-0.0395353
-0.0311692
-0.740093
-0.166236
-0.937801
-2.07254
-0.191688
0.221665
0.0797515
0.0607199
0.119825
1.21058
0.124658
-0.130251
-0.101699
-0.755157
0.0
0.0
0.0
0.0
0.0
0.0
0.502926
0.0
0.0
0.0
0.0
0.0
0.0
0.0
0.0
0.0
0.0
0.0
0.0
0.0
0.0
0.0
0.0
0.0
0.0
0.0
0.0
0.0
0.0
0.0
0.0
0.0
0.239534
0.0
0.0
0.0
0.0
0.0
-0.548559
0.0
0.0
0.0
0.0
0.734073
-0.687908
0.0
0.0
0.0
0.0
0.0
0.0
0.0
0.0
0.0
0.0
0.0
0.0
0.0
0.0
0.0
0.0
0.0
0.0
0.0
0.0
0.0
0.0
0.0
0.0
0.0
0.0
0.0
0.0
0.102358
0.0
0.0
0.0
0.0
0.0
0.0
0.0
0.0
0.0
0.0
0.0
2.15391
0.0
0.0
0.0
0.0
0.0
0.0
0.0
0.0
0.0
0.0
0.0
0.0
0.0
0.0
2.77925
-3.36136
2.18322
-0.777961
-0.681401
-0.32738
1.64222
1.8754
1.42489
0.435517
-0.367771
-3.7619
1.61073
2.55501
0.558165
-1.9229
2.18791
3.09317
-1.05465
2.00529
-1.75959
0.776869
1.60612
0.610778
-2.49786
-3.57517
2.24216
-2.39391
-0.0461511
1.3611
-0.135426
-1.55694
-1.94797
-1.75233
-0.344864
0.385823
5.16918
-1.17961
-2.76764
-0.119198
2.29573
-2.54616
-3.7252
1.03579
-2.40787
2.20729
-1.27232
-1.48576
-0.172343
2.17638
-0.328441
-0.723095
-1.47183
0.464443
0.861316
0.626754
-0.516024
-0.2184
1.21337
-0.0558101
-0.416918
-0.298265
-1.28931
-0.285035
2.47456
0.148179
-0.717571
-0.784782
-0.285246
-0.316467
-0.469061
-0.403629
0.25617
0.295041
-0.58179
-0.270608
0.806126
1.37128
-0.475759
-1.05749
-0.758471
0.181849
-0.321944
-0.641245
0.227243
-0.656004
-1.68979
0.551433
-0.688166
-0.561197
0.433704
0.215892
0.784041
0.166249
0.0201462
0.537182
-0.146927
-0.150448
0.061697
0.0240397
-0.795735
-0.391857
-2.12604
1.62281
0.630319
-0.462751
0.0768574
-0.0725883
-0.327641
0.0905645
0.0180554
0.0857815
-0.27862
-0.213122
0.438643
0.372964
-0.358332
-0.631846
-0.0188906
-0.402419
0.447513
-0.495536
0.120287
0.438484
-0.247215
-0.241918
3.79425
-0.631292
-0.00926551
-0.313979
1.39679
-0.447753
0.721268
-1.40164
0.118347
0.122527
-0.699202
3.26443
-1.41763
0.384218
-1.22568
0.417483
0.264392
0.154843
0.327683
2.11205
2.86556
-1.07819
0.217752
1.67699
-0.0671948
2.48099
2.45682
-0.0213262
1.37113
-0.623691
-0.473721
-0.0534815
0.547956
-0.796431
0.0560412
0.598526
4.10204
-1.56812
-0.34421
-0.0806639
0.847509
-0.495014
1.08488
0.379981
-0.0695645
1.45786
-1.55053
-2.29392
-0.153387
1.46139
2.88995
-1.80517
0.014933
-3.17582
-0.529262
0.682895
-0.0885722
0.0641034
-0.700797
0.0340987
-1.08456
2.76179
0.410812
0.272234
-0.269325
0.0632106
-0.305604
-0.22604
-0.865141
0.584173
0.074332
0.521303
0.627945
0.995672
1.13304
-1.91334
-2.13909
0.130362
2.46752
-0.723217
0.593997
-0.309155
-0.349958
0.0180543
0.425859
-0.0550217
-1.3594
2.31458
-2.88237
1.88297
1.58037
-0.464498
0.117086
-0.214225
0.331779
-0.172801
0.106023
0.0476738
0.731649
-0.399064
0.187653
2.27555
2.49139
2.73722
-3.25604
0.853216
-1.97903
0.739394
0.0604483
0.432739
-0.226857
-0.782366
-1.21113
3.17574
3.02477
-0.0792125
-3.32458
0.237378
0.0352998
0.147596
-0.0430986
0.109007
-0.192755
1.46498
-0.266578
-0.277775
1.74331
2.10708
1.95812
2.43024
1.55259
3.24147
0.0925466
0.178921
-0.023102
-0.403861
-0.111446
-1.55258
0.725339
2.95827
-2.03086
0.659868
-0.170845
-0.105794
0.330539
-0.00897849
0.32427
-0.280168
0.0352998
0.727041
-0.0613693
0.479863
2.48494
0.314743
2.56882
1.07011
-1.96815
-1.73824
-0.172283
0.378338
-0.108284
0.33581
0.169198
-0.506757
-0.848082
0.160683
3.51129
-2.3792
2.67424
-0.39119
1.07125
1.10458
-0.118633
1.36868
-0.0772589
0.944652
-0.259977
0.00803719
-0.618977
-1.70672
1.49107
2.16246
-0.952493
0.176672
0.00650901
-0.306471
0.936115
0.183255
0.507187
-0.229324
1.48328
-1.15397
-0.43802
1.17036
1.49068
0.676591
0.256015
0.305895
-0.872653
-1.23298
-2.6458
0.977529
-0.0431801
2.20876
-0.233563
-3.95194
-2.07937
-1.71165
-2.01749
0.328871
-0.187823
-2.30538
1.10994
-0.643426
-1.13615
0.623938
2.48053
-2.33216
1.02004
-0.978112
-1.48822
-1.30731
-0.391689
-0.315782
0.0363489
0.443823
-0.329616
-0.0536729
-0.308758
-0.318445
-0.175953
2.3812
-0.116216
2.7821
0.322945
-0.0443815
-1.07428
-0.746359
0.819298
0.248033
-0.533397
-0.1975
0.44192
-1.49205
1.15025
-1.131
0.0780237
1.79186
-0.300299
-0.55971
-0.463005
-0.159776
0.153597
-0.0979729
-0.762571
1.73689
0.320416
1.6912
-2.34786
2.11018
-0.0328641
0.212741
0.292649
-0.285529
0.312863
-0.344825
-0.442449
0.255958
-0.411963
-0.75844
-2.0196
-1.57655
2.29408
-0.138173
-1.06746
1.67663
2.4216
-0.0403203
0.706175
0.0348672
1.78477
-0.860506
0.898593
2.3712
-2.28662
1.20702
2.06183
-1.05576
0.391836
0.11446
-0.0435272
0.445043
0.735214
0.512162
-2.32102
3.76801
2.25453
-3.20654
-3.19576
0.661855
0.206241
0.788109
0.0345285
1.54285
-0.441718
-1.47047
0.653324
0.139337
-2.31254
2.81899
-1.59449
1.85119
-0.620781
-0.434582
1.2376
-0.314881
0.406084
0.866753
-0.386741
2.35547
0.209748
-4.25147
2.46895
-0.30398
-3.42938
3.05846
-4.00374
0.210085
-0.855097
1.35551
-0.806044
0.90278
0.199409
0.414409
-0.137984
1.4003
3.61588
-1.1438
3.92798
-0.95212
-1.27201
0.83712
-0.187123
-0.297944
-1.6939
1.42703
-0.309597
0.0896462
2.27566
-3.51113
0.0779081
-0.201026
0.0941043
1.5545
-0.63249
-1.02286
-0.128917
0.285442
0.55596
0.455943
-0.301236
-2.562
-2.76575
-0.853578
0.806073
1.2643
0.0995018
0.418046
0.848835
-1.14073
-0.738761
-2.28531
0.673131
-3.07881
-0.607431
-1.92833
0.429787
2.24049
-0.308323
-0.705507
-0.9517
-1.151
-0.668002
-0.0279202
0.356301
0.0895888
1.29881
0.764332
0.89373
-2.68108
1.2575
-1.52323
0.652593
-1.5752
-1.99738
-1.51413
0.119216
-0.227443
-0.0395249
-0.185173
-0.992849
-0.542213
0.161233
-1.78033
0.237315
-1.65345
-0.65658
1.19444
-0.291829
0.141594
-0.382181
-1.20322
0.251024
-1.24244
2.47957
1.05182
-0.935906
-0.730985
0.617029
-1.27804
-1.45141
-1.81775
1.36339
-0.250914
2.03354
-2.33875
1.77667
0.105048
-1.48532
2.40501
3.35946
0.844952
-1.03655
-0.0999526
-0.0373884
-0.425011
-0.53465
0.266933
-1.88985
1.96973
-3.89023
1.12597
-2.80735
-1.42096
2.86632
-0.773965
-0.0338748
0.0852755
0.606026
-0.0820456
0.241222
0.372802
-0.0731239
-2.13465
-1.17467
0.775468
-0.462865
-0.743288
-0.0586808
-0.104858
0.545019
-0.0346521
-0.320781
0.555363
-0.0933469
1.33036
0.452996
0.347903
-0.513078
-0.200304
0.741021
0.498844
0.0184293
-0.337745
0.24017
-0.97559
0.344879
0.170564
-0.454612
-2.18595
-0.803178
-1.52905
-0.546099
-1.35956
0.529825
-1.60177
-1.0751
-1.37074
-0.107617
1.10308
-0.958612
-1.39565
-3.34445
0.496669
0.2025
0.738657
-0.731686
-0.272958
-0.448004
0.222935
0.958627
-1.14195
-0.115388
1.07527
0.872081
1.77293
-0.292474
-0.268748
-0.752547
0.753509
1.01637
-2.21548
-0.515022
-0.990109
-1.01088
-0.206019
-1.40193
-2.24995
2.24485
0.508782
1.33112
0.261073
-2.03711
1.1628
0.925656
0.432488
0.572491
0.0221566
0.1839
-0.354455
-0.328933
-1.08126
0.849999
-0.806652
0.531369
-0.352586
-0.453344
-0.211632
1.04417
0.797905
-1.19012
-0.223225
0.975744
0.58081
1.67725
-0.221771
-2.66263
0.89408
-0.917451
0.115698
-1.48771
-1.29289
-0.0420092
0.23502
0.253385
-0.131215
0.727955
-0.0743733
3.46085
2.93204
0.680361
-1.52389
0.0851968
-0.0999812
-0.243518
0.743985
0.836852
-0.237274
-1.31342
0.492689
0.277597
1.52767
0.233776
0.242711
-0.0106908
-0.0297405
0.691472
0.120517
-0.477063
-0.698799
0.0836759
1.1001
-0.591442
-0.380978
2.9228
0.381599
0.856316
0.679627
-0.0591105
-0.0739895
0.725146
-0.603891
-0.00777226
-0.0422592
-1.10318
2.16888
2.00221
-0.624253
0.859353
-0.942797
-1.6324
0.0615018
0.21129
-0.043967
0.408595
-0.423966
0.632274
-0.0105971
0.343782
0.96357
0.301455
-1.58561
-1.95546
-2.52174
-0.264444
-0.917525
1.47544
-0.354097
1.80286
1.93786
1.8865
1.89731
1.45492
-0.143514
-0.200638
1.40314
-0.512972
0.104233
0.480713
0.249514
-0.500835
0.176566
0.170638
0.0608936
-0.405733
0.198308
-0.0526123
-2.07419
0.354179
-1.81298
-0.26335
-0.0267038
-0.139211
-0.197135
0.0727578
-0.397417
-0.01522
0.426292
-1.12333
-2.32643
-0.223009
-2.8826
-1.78757
-7.81999
9.30086
5.75199
-4.28415
-2.90472
2.98111
2.7798
-3.32471
-0.00696825
-2.04356
-1.09713
-1.94837
0.664857
-2.10439
-0.0700583
-0.44737
-0.195593
0.0786318
-0.849183
-0.900397
-3.39246
-0.209492
-5.30456
1.16124
-0.360732
-3.01416
-0.0994755
-1.49144
-0.906988
-2.03272
-1.29234
-1.6429
3.35395
-1.66438
-2.64356
1.07542
-0.126604
-2.17936
-1.61147
-2.12591
4.40325
3.04224
6.731
3.85012
-6.72254
0.998776
8.23809
-5.92916
-2.9007
-0.130748
0.898222
-2.50115
0.741202
2.81517
0.708463
-4.59793
1.94912
-1.22141
0.263155
-1.55402
-0.592701
-4.80841
2.68459
-6.51673
-0.687013
-2.01649
-2.80441
-0.768322
2.80241
-1.89806
5.99689
-3.12671
-3.35273
4.16821
-8.44808
3.34221
-7.09962
5.21592
-10.5155
9.06265
-2.07766
3.84876
-3.02989
0.0244389
2.33771
-3.24712
-4.84217
3.67133
1.5584
-3.24305
1.6973
-4.07623
1.10579
-4.04867
-5.48995
5.09853
-1.02085
-3.71779
-3.11831
-2.11106
