[229, 25, 25, 4]
0.0
0.0
0.0
0.0
0.0
0.0
0.0
0.0
0.0
0.0
0.0
0.0
0.0
0.0
0.0
0.0
0.0
0.0
0.0
0.0
0.0
0.0
0.0
0.0
0.0
0.0
0.214415
0.0
0.0
0.0
0.0
0.0
0.0
0.0
0.0
0.0
0.0
0.0
0.0
0.0
0.0
0.0
0.0
0.0
0.0
0.0
0.0
0.0
0.767631
0.0
0.0
0.0
0.0
0.0
0.0
0.0
0.0
0.0
0.0
0.0
0.0
0.0
0.0
0.0
0.0
0.0
-0.200841
0.0
0.0
0.542493
0.0
0.0
0.0
0.0
0.0
0.0
0.0
0.0
0.0
0.0
0.0
0.0
0.0
0.0
0.0
0.551056
0.0
0.0
0.0
0.0
1.42222
0.0
0.0
0.0
0.0
0.0
0.0
1.72459
0.0
0.0
0.0
0.0
0.0
0.0
0.0
0.0
0.0
0.0
0.0
0.0
0.0
0.0
0.0
0.0
0.0
0.0
0.0
0.0
0.0
0.0
0.0
0.0
0.0
0.0
0.0
-0.449348
0.0
0.0
0.0
0.0
0.0
0.0
0.0
0.0
0.0
0.0
0.0
0.0
0.0
0.0
0.0
0.0
0.0
0.0
0.0
0.0
0.0
0.0
0.0
0.0
0.0
0.0
0.0
0.0
0.0
0.0
0.0
0.0
0.0
0.0
0.0
0.0
0.0
0.0
0.0
0.0
0.0
0.0
0.0
0.0
0.0
0.0
0.0
0.0
-1.51322
0.729383
-1.42378
-0.641329
-1.87498
0.369354
-0.291815
-0.294793
-0.393003
0.166212
-1.1824
0.244284
1.6584
1.34529
3.19373
-1.01067
0.549026
0.490131
-0.370698
-0.771328
0.192168
1.9264
2.49214
0.164433
0.290021
-1.16334
-1.61501
0.0
0.0
0.0
0.0
0.0
0.0
0.0
0.0
0.0
0.0
0.0
0.0
0.0
0.0
0.0
0.0
0.0
0.0
0.0
0.0
0.0
0.0
0.0
0.0
0.0
0.0
0.0
0.0
0.0
0.0
0.0
0.0
0.0
0.0
0.0
0.0
0.0
0.0
0.0
0.0
0.0
0.0
0.0
0.0
0.0
0.0
0.0
0.0
0.0
0.0
0.0
0.0
0.0
0.0
0.0
0.0
0.0
0.0
0.0
0.0
0.0
-0.542635
0.0
0.0
0.0
0.0
0.0
0.0
0.0
0.0
0.0
0.0
0.0
0.0
0.32418
0.0
0.0
0.0
0.0
0.0
0.0
0.0
0.0
0.0
0.0
0.0
0.0
0.0
0.0
0.0
0.0
0.0
0.0
0.0
0.0
0.0
0.0
0.0
-0.391051
0.0
0.0
0.0
0.0
0.0
0.0
0.0
0.0
0.0
0.0
0.0
0.0
0.0
0.0
0.0
0.0
0.0
0.0
0.0
0.0
0.0
0.0
0.0
0.0
0.0
0.0
0.0
0.0
0.0
0.0
0.0
0.0
1.75595
0.0
0.0
0.0
0.0
0.0
0.0
0.0
0.0
0.0
0.0
0.0
0.0
0.0
0.0
0.0
0.0
0.0
0.0
0.0
0.0
0.0
0.0
0.0
0.0
0.0
-1.17055
0.0
0.0
0.0
0.0
0.0
0.0
0.66487
0.0
0.0
0.0
0.0
0.0
0.0
0.0
0.0
0.0
0.0
0.0
0.0
0.0
-1.30965
0.0
0.0
0.0
0.0
0.0
0.0
0.0
0.0
0.0
0.0
0.0
0.0
0.0
0.0
0.0
0.0
0.0
0.0
0.0
0.0
0.0
0.0
0.0
-1.93977
0.0
0.0
0.0
0.0
0.0
0.0
0.0
0.0
0.0
0.0
0.0
0.0
0.0
0.0
0.0
0.0
0.0
0.0
0.0
0.0
0.565777
0.0
0.0
0.0
0.0
0.0
0.0
0.0
0.0
0.0
0.0
0.0
0.0
0.0
-0.218422
0.0
0.0
0.0
0.0
0.0
0.0
0.0
0.0
0.0
0.0
0.0
0.0
0.0
0.0
0.0
0.0
1.24466
0.0
0.0
0.0
0.0
0.0
0.0
0.0
0.0
0.0
0.0
0.0
0.0
-0.283615
0.0
0.0
-0.299754
0.0
0.0
0.827954
0.0
0.0
0.0
0.0
0.0
0.0
0.0
0.0
0.0
-0.655791
0.0
0.0
0.0
0.0
-0.647071
0.0
0.0
0.0
0.0
0.0
0.0
0.0
0.0
0.0
0.0
0.0
0.0
0.0
0.0
0.0
0.0
0.0
0.0
0.0
0.0
0.0
0.0
0.0
0.0
0.0
0.0
0.0
-1.02327
0.0
0.0
-0.422204
0.0
0.0
0.0
0.0
0.0
0.0
0.0
0.0
0.0
0.0
0.0
0.0
0.0
0.0
0.0
0.0
0.0
0.0
0.0
0.0
0.0
0.0
0.343654
0.0
0.0
0.0
0.0
0.0
0.0
-1.60087
0.0
0.0
0.0
0.0
0.0
0.0
0.0
0.0
0.0
-0.290768
0.0
0.0
0.0
0.0
0.0
0.0
0.0
0.0
0.0
0.0
0.0
0.0
0.0
0.0
0.0
0.0
0.0
0.0
0.0
0.0
0.0
0.0
0.0
0.0
0.0
0.0
0.0
0.0
0.0
0.0
0.0
0.0
0.0
0.0
0.0
0.0
0.0
0.0
0.0
0.0
0.0
0.0
0.0
0.0
0.0
0.0
0.0
0.0
0.0
0.0
0.021911
0.0
0.0
0.0
0.0
0.386948
0.0
0.0
0.0
0.0
0.0
0.0
0.0
0.0
0.0
0.0
-0.689128
0.0
0.112088
0.0
0.0
0.0
0.0
0.0
0.0
0.0
0.0
0.0
0.0
0.0
0.0
0.0
-0.736582
0.0
0.0
0.0
0.0
0.0
0.0
0.0
0.0
0.0
0.0
0.0
0.0
0.0
0.0
0.0
0.0
0.0
0.0
0.0
0.0
0.0
0.0
0.0
0.0
0.0
0.0
0.0
0.136644
0.0
-2.67288
0.0
0.0
0.0
0.0
0.0
0.0
0.0
0.0
0.0
0.0
0.0
0.0
0.0
0.0
0.0
0.0
0.0
0.0
-0.862428
0.0
0.0
0.0
0.0
0.0
0.0
0.0
0.0
0.0
1.56709
0.0
0.0
0.0
0.0
0.0
0.0
0.0
0.0
-0.379355
0.0
0.0
0.0
0.0
0.0
0.0
0.0
0.0
0.0
0.0
0.0
0.0
0.0
0.0
0.0
0.0
0.0
0.0
0.0
0.0
0.0
0.0
0.0
0.0
0.965178
0.0589113
-0.725032
0.0
0.0
0.0
0.0
0.0
0.0
0.0
0.0
0.0
0.0
0.0
0.0
0.0
0.0
0.0
0.0
0.0
1.50098
0.0
0.0
0.0
0.0
0.0
-1.88779
0.0
0.0
0.0
0.0
0.0
0.0
0.0
0.0
0.0
0.0908318
0.0
0.0
0.0
0.0
0.0
0.0
0.0
0.0
0.0
0.0
0.0
0.0
0.0
2.00212
0.0
0.0
0.0
0.0
0.0
0.0
0.0
0.0
0.0
0.0
0.0
0.0
0.0
0.74629
-0.121157
0.475339
0.319778
-0.3701
0.174489
2.67734
0.112262
-0.0224692
-0.267596
1.30545
0.517598
1.50232
0.110037
0.859148
0.401428
2.44066
-0.848847
0.338798
-0.0368637
3.18953
2.20391
-0.362828
-0.732938
1.97221
0.264495
0.0
0.0
0.296971
0.0
1.15932
0.0
0.0
0.0
0.0
0.0
0.0
0.0
0.0
-0.921914
0.0
0.0
0.0
0.0
0.0
0.0
0.0
0.0
0.0
0.0
0.0
0.0
0.0
0.0
0.0
0.0
0.0
0.0
0.0
0.0
0.0
0.0
0.0
0.0
0.0
0.0
0.0
0.0
0.0
0.0
0.0
0.0
0.0
0.0
0.0
0.0
0.0
0.0
0.0
0.0
-0.842413
0.0
0.0
0.0
0.0
0.0
-0.343836
0.0
0.0
0.0
0.0
0.0
0.0
0.0
0.0
0.0
0.0
0.0
0.0
0.0
0.0
0.0
0.0
0.0
0.0
0.0
0.0
0.0
0.0
0.0
0.0
0.0
0.0
0.0
0.0
0.0
0.0
0.0
0.0
0.0
0.0
0.0
0.0
0.0
-2.42124
0.0
0.0
0.0
0.0
0.0
0.0
0.0
0.0
-0.206428
0.0
0.0
0.0
0.0
0.0
0.0
0.0
0.0
0.0
0.0
0.0
0.0
0.0
0.0
0.0
0.0
0.0
1.5285
0.0
0.0
0.0
0.0
0.0
0.0
0.0
0.0
0.0
0.0
0.0
0.0
0.0
0.0
0.0
0.0
0.0
0.0
0.0
0.303191
0.0
0.0
0.0
0.0
0.0
0.0
0.0
0.0
0.0
0.0
0.0
0.0
0.0
0.0
0.0
0.0
0.0
0.0
0.0
0.0
0.0
0.0
0.0
0.0
0.0
0.0
0.0
0.0
0.0
0.0
0.0
0.0
0.0
0.0
0.0
0.0
0.0
0.0
0.0
0.0
0.0
0.0
0.0
0.0
0.0
0.474253
0.0
0.0
0.0
1.52477
-0.924749
-0.0408127
0.0
0.0
0.0
0.0
0.0
0.0
0.0
0.0
0.0
0.0
0.0
0.0
0.0
0.0
0.0
0.0
0.0
0.0
0.0
0.0
0.0
0.0
0.0
0.0
0.0
0.0
0.796997
-0.331463
-1.55202
-0.152035
0.137544
-0.647171
-0.982009
0.106967
0.821504
2.57718
0.024015
0.0708091
0.713379
2.12756
-1.49783
-0.238768
0.734534
0.089338
0.274298
0.72189
1.96899
1.21127
1.69618
0.455492
-1.94734
0.0
0.0
-0.125611
0.0
0.0
0.0
0.0
0.0
0.0
0.0
0.0
0.0
0.0
0.0
0.0
0.0
0.0
0.0
0.0
0.0
0.0
0.0
0.0
0.0
0.0
0.0
0.0
-1.95726
0.0
0.0
0.0
0.0
0.0
0.0
0.0
0.0
0.0
0.0
0.0
0.0
0.0
0.0
0.0
0.0
0.0
0.0
0.0
0.0
-0.961835
0.0
0.0
0.0
0.0
0.0
0.0
0.0
0.0
0.0
0.0
0.0
0.0
0.0
0.0
0.0
0.483259
0.0
0.0
0.0
0.0
0.0
0.0
0.0
0.0
0.0
-2.59419
0.0
0.0
0.0
0.0
0.0
0.0
0.0
0.0
0.0
0.0
0.0
0.0
0.0
0.0
0.0
0.0
0.0
0.0
0.0
0.0
0.0
0.0
0.0
0.0
0.0
0.0
0.0
0.0
0.0
0.0
0.0
0.0
0.0
0.0
0.0
-0.511668
0.0
0.0
0.0
0.0
0.0
0.0
0.0
0.0
0.0
0.0
0.0
0.0
0.0
0.0
0.0
0.0
0.0
0.0
0.0
0.0
0.0
0.0
0.0
0.0
0.0
-1.00952
0.0
0.0
0.117613
0.0
0.143437
0.0
0.0
0.0
0.0
0.0
0.0
0.0
0.0
0.0
0.0
0.0
0.0
0.0
0.0
0.0
0.0
0.0
0.0
0.0
0.0
0.0
0.552481
0.0
0.0
0.0
0.0
0.0
0.0
0.0
0.0
-1.1715
0.0
0.0
0.0
0.0
0.0
0.0
0.0
0.0
-0.661062
0.0
0.0
0.0
0.0
0.0
0.0
0.0
0.0
0.0
0.0
0.0
0.0
0.0
0.0
0.0
0.0
0.0
0.0
0.0
0.0
0.0
0.0
0.0
0.0
0.0
0.0
0.0
0.0
0.0
0.0
0.0
0.0
0.0
0.0
0.0
1.47584
0.0
0.0
0.0
0.0
0.0
0.0
0.0
0.0
0.0
0.0
0.0
0.0
0.0
0.0
0.0
0.0
0.0
0.0
0.0
0.0
0.0
0.0
0.520588
0.0
0.0
0.0
0.0
0.0
0.0
0.0
0.0747669
0.0
0.0
0.0
0.0
0.0
0.0
0.0
0.0
0.0
0.0
0.0
0.0
0.0
0.0
0.0
0.0
0.0
0.0
0.0
0.0
0.0
0.0
0.310132
-0.599925
0.0
0.0
0.0
0.0
0.0
0.0
0.0
0.0
0.0
0.0
0.0
0.0
0.0
0.0
0.0
0.782203
0.0
0.0
0.0
0.0
0.0
0.0
0.0
-0.803962
0.0
0.0
0.0
0.0
0.0
0.0
0.0
0.0
0.0
0.0
0.0
0.0
0.0
0.0
0.0
0.0
0.0
0.0
0.0
0.0
0.0
0.0
0.0
0.0
0.0
0.0
0.0
0.0
0.0
0.0
0.0
0.0
0.0
0.0
-0.690906
0.0
0.0
0.0
0.0
0.0
1.41321
0.0
0.0
0.0
0.0
0.0
0.0
0.0
0.0
0.0
0.0
0.0
0.0
0.0
0.0
0.0
-1.1043
0.0
0.0
0.0
0.0
0.0
0.0
0.0
0.0
0.0
0.0
0.0
0.0
0.0
-0.978934
0.0
0.0
0.0
0.0
0.0
0.0
0.0
0.0
0.0
0.0
0.0
0.0
0.0
0.0
0.0
0.0
0.0
0.0
0.0
0.0
0.0
0.0
0.0
0.0
0.0842751
0.0
0.0
0.0
0.0
0.0
0.0
0.0
0.0
0.0
0.0
0.0
0.0
0.0
0.0
0.0
0.0
0.0
0.0
0.0
0.0
0.0
0.0
0.0
0.0
0.0
0.0
0.0
0.0
0.0
0.0
0.0
0.0
0.0
0.0
0.0
0.0
0.0
0.0
0.0
0.0
0.0
0.0
0.0
0.0
0.0
0.0
0.0
0.0
0.0
0.0
0.0
0.0
0.0
0.0
0.0
0.0
0.0
0.0
0.0
0.0
0.0
0.0
0.0
0.0
0.0
0.0
0.0
0.0
0.0
0.0
0.0
0.0
0.0
0.0
0.0
0.0
0.0
0.0
0.0
0.0
0.0
0.0
-2.3152
0.0
0.0
0.0
0.0
0.0
0.0
0.0
-0.712129
0.0
0.135224
0.0
0.0
0.0
0.0
0.0
0.0
0.0
0.0
0.0
0.0
0.0
0.0
0.0
0.0
0.0
0.0
0.0
0.276157
0.0
0.743656
0.0
0.0
0.0
0.0
0.0
0.0
0.0
0.0
0.0
0.0
-0.04647
0.0
0.0
0.0
0.0
0.0
0.0
0.0
0.0
0.0
0.0
0.0
0.0
0.0
0.0
0.0
0.0
0.612753
0.0
1.60524
0.0
0.0
0.0
0.0
0.0
0.0
0.0
0.0
0.0
0.0
0.0
0.0
0.0
0.0
0.0
0.0
0.0
0.0
0.0987339
0.0
0.0
-1.30468
0.0
0.0
0.0
0.0
0.0
0.0
0.0
0.0
0.0
0.0
0.0
0.0
0.0
0.0
0.0
0.0
0.0
0.0
-2.05099
1.0082
0.0
0.0
0.0
0.0
0.0
0.0
0.0
0.0
0.0
0.0
0.0
0.0
0.0
0.0
0.0
0.0
0.0
0.0
2.09849
0.0
0.0
-0.700373
0.640385
0.0
0.0
0.0
0.0
0.0
0.0
0.30336
0.0
0.0
0.0
0.0
0.0
0.0
0.0
0.0
0.816457
0.0
0.0
0.0
0.0
0.0
0.0
0.0
0.0
0.0
0.0
0.0
0.0
0.0
0.0
0.0
0.0
0.0
0.0
0.0
0.0
0.0
0.0
0.0
0.0
0.0
0.0
0.0
0.0
0.0
0.496424
0.0
0.0
0.0
0.0
0.0
0.0
0.0
0.0
0.0
0.0
-0.54037
0.0
0.0
0.0
0.0
0.0
0.0
0.0
0.0
0.0
0.0
0.0
0.0
0.0
0.0
0.0
0.0
0.0
0.0
0.0
0.0
0.0
0.0
0.0
0.0
0.0
0.0
0.0
0.0
0.0
0.0
0.0
0.0
0.0
0.0
0.0
0.0
0.0
-0.151535
0.0
0.0
0.0
0.0
0.0
0.0
0.0
0.0
0.0
0.0
0.0
0.0
0.0
0.0
0.0
0.0
0.0
0.0
0.0
0.0
0.0
0.0
0.0
0.0
0.0
0.0
0.0
0.0
0.0
0.0
0.0
0.0
0.0
0.0
0.0
1.16394
0.0
-2.44162
0.0
0.0
0.0
0.0
0.0
0.0
0.0
0.0
0.0
0.0
0.0
0.0
0.0
0.0
0.0
0.0
0.0
0.0
0.0
0.0
0.0
0.0
0.0
0.0
0.0
0.0
0.0
0.0
0.0
0.0
0.0
0.456118
0.0
0.0
0.0
0.0
0.0
0.0
0.0
0.0
0.0
0.0
0.0
0.0
0.0
0.0
0.0
1.02869
0.0
0.0
0.0
0.0
0.0
0.0
0.0
0.0
0.0
0.0
0.0
0.0
0.0
0.0
0.0
0.497454
0.0
0.0
0.0
0.0
0.0
0.582413
0.0
0.0
0.0
0.0
0.0
0.790923
0.0
0.0
0.0
0.0
0.0
0.0
0.0
0.0
0.0
0.0
0.0
0.0
0.0
0.0
0.0
0.0
-1.51419
0.0
-0.732623
0.0
0.0
0.0
0.0
0.646399
0.0
0.0
0.0
0.0
0.0
0.0
0.0
0.0
0.0
0.0
0.0
0.0
0.0
0.0
0.0
0.0
0.0
0.0
0.0
0.0
0.0
0.0
0.0
0.0
0.0
0.0
0.0
0.0
0.0
0.0
0.0
0.0
0.0
0.0
0.0
0.0
0.0
0.0
0.0
0.0
0.0
0.0
0.0
0.0
0.0
0.0
-1.06935
0.0
0.0
0.0
0.0
0.0
0.0
0.0
0.0
0.0
0.0
0.0
0.0
0.0
0.0
0.0
0.0
0.548233
0.0
0.0
0.0
0.402203
0.0
0.0
0.0
0.0
0.0
0.0
0.0
0.0
0.0
0.0
0.0
0.0
0.336083
0.0
0.0
0.0
0.0
0.0
0.0
0.0
0.0
0.0
0.0
0.0
0.0
0.0
0.0
0.0
1.61707
0.0
0.0
0.0
0.0
0.0
0.0
0.0
0.0
0.0
0.0
0.0
2.17582
0.0
0.0
0.0
0.0
0.0
0.0
0.0
0.0
0.0
0.0
0.0
0.0
0.0
0.0
1.45548
0.0
0.0
0.0
0.0
0.0
0.0
0.0
0.0
0.0
0.0
0.0
0.0
0.0
0.0
0.0
0.0
0.0
0.0
0.0
0.0
0.0
0.0
0.0
0.0
0.0
0.0
0.0
0.0
0.0
-0.650207
0.0
0.0
0.0
0.0
0.0
-0.138822
-0.410541
0.0
0.0
0.0
0.0
-0.662332
0.0
0.0
0.0
-1.27544
0.0
0.0
0.0
0.0
0.0
0.0
0.0
1.03634
0.0
0.0
0.0
0.0
0.0
0.0
0.0
0.0
0.0
0.0
0.0
0.0
0.0
0.0
0.0
0.0
1.02199
0.0
0.0
0.0
0.0
0.0
0.0
0.0
0.0
0.0
0.0
0.0
0.0
0.0
0.0
0.0
0.0
0.0
0.0
0.0
0.238634
0.0
0.0
0.0
0.457367
0.010938
0.0
0.0
0.0
0.0
-0.561589
0.0
0.0
0.0
0.0
0.0
0.0
0.0
0.0
-0.479508
0.0
0.0
0.0
0.0
0.0
0.0
0.0
0.0
0.0
0.0
0.0
0.0
-0.293844
0.0
0.0
0.0
0.0
0.0
0.0
0.0
0.0
0.0
0.0
0.0
0.0
0.0
0.0
0.0
0.0
0.0
0.0
0.0
0.0
0.0
0.0
-0.590023
0.0
0.263685
0.0
0.0
0.0
0.0
0.0
0.5557
0.0
0.0
0.0
0.0
0.0
0.0
0.0
0.0
0.0
0.0
0.0
0.0
0.0
0.0
0.0
0.0
0.0
0.0
0.0
0.0
0.0
0.0
0.0
0.0
0.0
0.0
0.0
0.0
1.13445
0.0
0.0
0.0
0.0
0.0
0.0
0.0
0.0
0.0
0.0
0.0
0.0
0.0
0.0
0.0
0.0
0.0
0.0
0.0
0.0
0.0
0.0
0.0
0.0
0.0
0.0
0.0
0.0
0.0
0.0
0.0
0.0
-0.599929
0.0
0.0
0.0
0.0
0.0
0.0
0.0
0.0
0.0
0.0
0.0
0.0
0.0
0.0
0.0
0.0
0.0
0.0
0.0
0.0
0.0
0.0
0.0
0.0
0.0
0.0
0.0
0.0
0.0
0.0
0.0
0.0
0.0
0.0
0.0
0.0
0.0
0.0
0.0
0.0
-1.63718
0.0
0.0
0.0
0.0
-0.418573
0.0
0.0
0.0
0.0
0.0
0.0
0.0
0.0
0.0
0.0
0.0
0.0
0.0
0.0
0.0
0.0
0.0
0.0
0.0
0.0
0.0
-0.0684337
-0.544142
-1.54625
0.0
0.0
0.0
0.0
0.0
0.0
0.0
0.0
0.0
0.476574
0.0
0.0
0.0
0.0
0.0
0.0
0.0
0.0
0.0
0.0
0.0
0.0
0.0
0.0
0.0
0.0
0.0
0.0
0.0
0.0
0.0
0.0
0.0
0.0
0.0
0.0
0.0
0.0
0.0
0.0
0.0
0.0
0.0
0.0
0.0
0.0
0.0
1.58233
0.0
0.0
0.0
-0.697724
0.0
0.0
0.0
0.0
0.0
0.0
0.554376
0.0
0.0
0.0
0.0
0.0
0.0
0.0
0.0
0.0
0.0
0.0
0.0
0.0
0.0
-1.72357
0.0
0.0
0.0
0.0
0.0
0.0
0.0
0.0
0.0
0.0
0.0
0.0
0.0
0.0
0.0
0.0
0.0
0.0
0.0
0.0
0.0
0.0
0.0
0.0
0.0
0.0
0.0
0.0
0.0
0.0
0.0
0.0
-1.12412
0.0
0.0
0.270252
0.0
0.0
0.0
0.0
0.0
0.0
0.0
0.0
0.0
0.0
0.0
0.0
0.0
0.0
0.0
0.0
0.0
0.0
0.0
0.0
0.0
0.0
0.0
0.0
0.0
0.0
0.0
0.0
0.0
0.0
0.0
0.0
-1.23908
-0.448638
0.0
0.0
0.0
-0.0672037
0.0
0.0
0.0
0.0
0.0
0.0
0.0
0.0
0.0
0.0
0.0
0.0
0.0
0.0
0.0
0.0
0.0
0.0
0.0
0.0
0.0
0.0
0.0
0.0
0.0
0.0
0.0
0.0
0.0
0.0
0.0
0.0
0.0
0.0
0.0
0.0
0.0
0.0
0.0
0.0
1.40362
0.0
0.707367
0.0
0.0
0.0
0.0
0.684278
0.0
0.0
-0.0288407
0.0
0.0
0.0
0.0
0.0
-1.07268
0.0
0.0
0.0
0.0
0.0
0.0
0.0
0.0
-1.3431
0.0
0.0
0.0
0.0
0.0
0.0
0.0
0.0
0.0
0.0
0.0
0.0
0.0
0.0
0.0
0.0
0.0
0.0
0.0
0.0
0.0
0.0
0.0
0.0
0.0
0.0
0.0
0.0
0.0
0.0
0.0
0.0
0.0
0.0
0.0
0.0
0.0
0.0
0.0
0.0
0.0
0.0
0.0
0.0
0.0
0.0
0.0
0.0
0.0
0.0
0.0
0.0
0.0
0.0
0.0
0.0
0.0
0.0
0.0
0.0
0.0
0.0
0.0
0.0
0.0
0.0
0.0
0.0
0.0
0.0
0.0
0.0
0.0
0.0
0.0
0.0
0.0
0.0
0.0
0.841081
0.0
0.0
0.0
0.0
0.0
0.0
0.0
1.12482
0.0
0.0
2.46478
0.0
1.14211
0.127261
0.773816
1.12055
1.3976
0.946366
-1.02853
-0.270911
-0.284531
1.13238
0.56673
0.0820362
1.13871
-0.15391
1.03339
0.662141
0.298109
-0.546556
-0.76658
-0.21232
0.711819
2.16123
-0.531861
-0.369342
1.38642
0.0
0.0
0.0
0.0
0.0
0.0
0.0
0.0
0.0
0.0
0.425553
0.0
0.0
0.0
0.0
0.0
0.0
0.0
-0.628068
0.0
0.0
0.0
0.0
0.0
0.0
0.0
0.0
0.0
0.0
0.0
0.0
-0.432533
0.0
0.0
0.0
0.0
0.0
0.0
0.0
0.0
0.0
0.0
0.0
0.0
0.0
0.0
0.0
0.0
0.0
0.0
0.0
0.0
0.0
0.0
0.0
0.0
0.0
0.0
0.0
0.0
0.0
0.0
0.0
0.0650671
0.0
0.0
0.0
0.0
0.0
0.0
0.0
-0.246912
0.0
0.0
0.0
0.0
0.0
0.0
0.0
0.0
0.0
0.0
0.0
0.0103084
0.0
0.0
0.0
0.0
0.0
0.0
-0.46971
2.09526
0.0
0.0
-0.0897796
0.606903
0.0
0.0
0.0
0.0
0.0
0.0
0.0
0.0
0.0
0.0
0.0
0.0
0.0
0.0
0.0
0.0
0.0
-0.827317
0.0
0.0
0.0
0.0
-0.768774
0.0
0.0
0.0
0.0
0.0
0.0
0.0
0.0
0.0
0.0
0.0
0.0
0.0
0.0
0.0
0.0
0.0
0.0
0.0
0.0
0.0
0.0
0.0
0.0
0.0
0.0
0.0
0.0
0.0
0.142048
0.0
0.0
-0.980246
0.0
0.0
0.0
0.0
0.0
0.0
0.0
0.0
0.0
0.0
0.0
0.0
0.0
0.0
-0.75933
0.0
0.0
0.0
0.0
0.0
0.0
0.0
0.0
0.0
0.0
0.0
0.0
0.0
0.0
0.0
0.0
0.0
0.0
0.0
0.0
0.0
0.0
0.0
0.0
0.0
0.0
0.0
0.0
0.0
0.0
0.0
0.0
0.0
0.0
0.0
0.0
0.0
0.0
0.0
0.0
0.0
0.0
0.0
0.0
0.0
0.0
0.397695
0.0
0.0
0.0
0.0
0.0
0.0
0.0
0.0
0.0
0.0
0.0
0.0
0.0
1.00943
0.0
0.0
0.0
0.0
0.0
-1.3855
-1.23059
0.0
0.0
0.0
0.0
0.0
0.0
0.0
0.0
-0.874726
0.0
0.0
0.0
0.0
0.0
0.0
0.0
0.0
0.0
0.0
0.0
0.0
-0.652109
0.0
0.0
-0.0949521
0.0
0.0
0.0
0.0
0.0
0.0
-0.810887
0.0
0.415363
0.0
0.0
0.0
0.0
0.0
0.0
0.0
0.0
0.0
0.0
0.0
0.0
0.0
0.0
0.0
0.0
0.0
0.0
0.0
0.0
0.0
0.0
-0.449407
0.0
0.0
0.0
0.0
0.0
0.0
0.0
0.0
0.0
0.0
0.0
0.0
-0.364064
0.0
0.0
0.0
-0.682532
0.0
0.0
0.0
0.0
0.0
0.0
0.0
0.0
0.0
0.0
0.0
0.0
0.0
0.0
0.0
0.0
2.28227
0.311877
0.308145
1.02918
0.342387
-1.73442
-0.944404
0.538192
-1.30927
-0.417473
-1.43408
-0.831798
0.316695
0.0049197
-0.49084
0.66877
0.218351
0.508045
0.117559
0.805289
0.799213
0.394048
1.31169
-0.425858
-0.531989
0.0
0.0
0.0
0.0
0.0
0.0
0.0
0.0
0.0
0.0
0.0
0.0
0.0
0.0
0.0
0.0
0.0
0.0
0.0
0.0
0.0
0.0
0.0
0.0
0.0
-1.89223
0.0
0.0
0.0
0.0
0.0
0.0
0.0
0.0
0.0
0.0
0.0
0.0
0.0
0.0
0.0
0.0
0.0
0.0
0.0
0.0
0.0
0.0
0.0
0.0
0.0
0.0
0.0
0.0
0.0
0.0
0.0
0.0
0.0
0.0
0.0
0.0
0.0
0.0
0.0
0.0
0.0
0.0
0.0
0.0
0.0
0.0
0.0
0.0
0.0
0.0
0.0
0.0
0.0
-0.254221
0.0
0.0
0.0
0.0
0.0
2.25784
0.0
0.0
0.0
0.0
0.0
0.0
0.0
0.0
1.5975
0.0
0.0
0.0
0.0
0.0
0.0
0.0
0.0
0.0
0.0
-1.1898
0.842645
0.408223
-0.540643
0.0
0.0
0.0
0.0
0.0
0.0
0.0
0.0
0.0
0.0
0.0
0.0
0.0
0.0
0.0
0.0
0.0
0.0
0.0
0.0
0.0
0.0
0.0
0.0
0.0
0.0
0.0
0.0
0.0
0.0
0.0
0.0
-0.123898
0.0
0.0
0.0
0.0
0.0
0.0
0.0
0.0
0.0
0.0
0.0
0.0
0.0
0.0
0.0
0.0
0.0
0.0
-1.65111
0.0
0.0
0.0
0.0
0.0
0.0
0.0
0.0
0.0
0.129956
0.0
0.0
-1.52974
0.0
0.0
0.0
0.0
0.0
0.774704
0.0
0.0
0.0
0.0
0.0
0.0
0.0
0.0
0.0
0.0
0.0
0.0
0.0
0.0
0.603517
0.0
0.0
0.0
0.0
0.0
0.0
0.0
0.0
0.0165387
0.0
0.0
0.0
0.0
0.0
0.0
0.0
0.0
0.0
-2.03652
0.0
0.0
0.0
0.0
-0.254749
0.0
0.0
0.0
0.0
0.0
0.0
0.0
0.0
0.0
0.0
0.0
0.0
0.0
0.0
0.0
0.0
0.0
0.0
0.0
0.0
0.0
0.0
0.0
0.0
0.0
0.0
0.0
0.0
0.0
0.0
0.0
0.0
0.0
0.0
0.0
0.0
0.0
0.0
0.0
0.0
-0.112725
0.0
0.0
0.0
0.0
0.0
0.0
0.0
0.0
0.0
1.04188
0.0
0.0
0.0
0.0
0.0
0.0
0.0
0.0
0.0
0.0
0.0
0.0
0.0
0.0
0.0
0.0
0.0
0.0
0.0
0.0
0.0
0.0
0.0
0.0
0.0
0.0
0.0
0.0
0.0
0.0
-0.521929
0.0
0.0
0.0
0.0
0.0
0.0
0.0
0.0
0.0
0.0
0.0
0.0
0.0
0.0
-1.06287
1.218
0.0
0.0
0.0
0.0
0.0
0.0
0.0
0.0
0.0
0.0
0.0
0.0
0.0
0.0
0.0
0.0
0.0
0.0
0.0
0.0
0.0
0.0
0.0
0.0
0.0
0.0
0.0
0.0
-0.560783
-0.721975
0.0
0.0
0.0
0.0
0.0
0.0
0.0
0.0
2.65862
0.0
0.0
0.0
0.987086
0.0
0.0
0.0
0.0
0.0
0.0
0.0
0.0
1.07679
0.0
0.0
0.0
0.0
0.0
0.0
0.0
0.0
0.0
0.0
0.0
0.0
0.0
0.0
0.0
0.0
0.0
0.0
0.0
0.0
0.0
0.0
0.0
0.0
0.0
0.0
0.0
0.0
0.0
0.0
0.0
0.0
-0.335498
0.0
0.0
-0.0511213
0.0
0.0
0.0
0.0
0.0
0.0
0.0
0.0
0.0
0.0
0.0
0.0
1.28142
0.0
-0.5907
0.0
0.0
0.0
0.0
0.0
0.0
0.0
0.0
0.0
0.0
0.0
0.0
0.0
0.0
0.0
0.0
0.0
0.0
0.0
0.0
0.0
0.0
0.0
0.0
0.0
0.0
0.0
0.0
0.0
0.0
0.0
-0.133357
0.0
0.0
0.0
0.0
0.0
0.0
0.0
0.0
0.0
0.0
0.0
-2.22738
0.0
0.0
0.0
0.0
0.0
0.0
0.0
0.0
0.0
0.0
0.0
0.0
0.0
0.0
0.0
0.0
0.0
0.0
0.0
0.0
0.0
0.0
0.0
0.0
0.0
0.0
0.0
0.0
0.0
0.0
0.0
0.0
0.0
0.0
0.0
0.0
0.0
0.0
0.0
0.0
0.0
0.0
0.0
0.0
0.0
0.0
0.0
0.0
0.0
0.0
0.0
0.0
0.0
0.0
0.0
0.0
0.0
0.0
0.0
0.0
0.0
0.0
0.0
0.0
0.0
0.0
0.0
0.0
0.0
-0.921844
0.0
0.0
0.0
0.0
0.0
0.0
0.0
0.0
0.0
0.0
0.0
0.0
0.0
0.0
0.0
0.0
0.0
0.0
0.0
0.0
0.0
0.0
0.0
0.0
0.0
0.0
0.0
-0.845317
0.0
0.0
0.0
0.116277
0.0
0.0
0.0
0.0
0.0
0.0
0.0
0.0
0.0
0.0
0.0
0.0
0.0
0.0
0.0
0.0
0.0
0.0
0.0
0.0
0.0
0.0
0.0
0.0
0.0
0.0
0.0
0.0
0.0
0.0
0.0
0.0
0.0
0.0
0.0
0.0
0.0
0.0
0.0
0.0
0.0
0.0
0.0
0.0
1.02665
0.0
0.0
0.0
0.0
0.0
0.0
0.0
0.0
0.0
0.0
0.0
0.0
0.0
0.0
0.0
0.0
0.0
0.0
0.0
0.0
0.0
0.960211
1.88835
0.0
0.0
0.0
0.0
0.0
1.19551
0.0
0.0
0.0
0.0
0.0
1.2497
0.0
0.0
0.0
0.0
0.0
0.0
0.0
0.0
0.0
0.0
3.73829
0.0
0.0
0.0
0.0
0.0
0.0
0.0
0.0
-0.956499
0.0
0.0
0.0
0.0
0.0
0.0
0.0
0.0
0.0
0.0
0.0
0.0
0.0
0.0
0.0
0.0
0.0
0.0
0.0
0.146173
0.0
0.0
0.0
0.0
0.0
0.0
0.0
0.0
0.0
0.0
0.0
0.0
0.0
0.0
0.0
0.0
0.0
0.0
0.0
0.0
0.0
0.0
0.0
0.0
-1.18433
0.0
0.0
0.0
0.0
0.0
0.0
0.0
0.0
0.0
0.0
0.0
0.0
1.97213
0.0
0.0
0.0
0.0
0.0
0.0
0.0
0.0
0.0
0.0
0.0
0.0
0.0
0.0
0.0
0.0
0.0
0.0
0.0
0.0
0.0
0.0
0.0
0.0
0.0
0.0
0.0
0.0
0.0
0.0
0.0
0.0
0.0
0.0
0.0
0.0
0.0
0.0
0.0
0.0
0.0
0.0
0.0
0.0
0.0
0.0
0.0
0.0
0.0
0.0
0.0
0.0
0.0
0.0
0.0
0.0
0.0
0.0
0.0
0.0
0.0
0.0
0.0
0.621127
0.0
0.0
0.0
0.0
0.0
0.0
-0.170824
0.0
0.0
0.0
0.0
0.0
0.0
0.0
0.0
0.0
0.339062
0.0
0.0
0.0
0.0
0.0
0.0
0.0
0.0
0.0
-1.3702
0.0
0.0
0.0
0.0
0.0
0.0
0.0
0.0
0.0
0.0
0.0
0.0
0.0
0.0
0.0
0.0
0.0
0.0
0.0
0.0
0.0
0.0
0.0
0.0
0.0
0.0
0.0
0.0
0.0
0.0
0.0
0.0
0.0
0.0
0.0
0.0
0.0
0.0
0.0
0.0
0.0
0.0
0.0
0.0
0.0
0.0
0.0
0.0
0.0
0.0
0.0
0.0
0.0
0.0
0.0
0.0
0.0
-0.321719
0.0
0.0
0.353582
0.0
0.0
0.0
0.0
0.0
0.0
0.0
0.0
0.0
0.0
0.0
0.0
0.0
0.0
0.0
0.0
0.0
0.0
-0.720306
0.0
0.0
0.0
0.0
0.0
-2.41284
0.0
0.0
0.0
0.0
0.0
0.0
0.0
0.0
0.0
0.0
0.0
0.0
0.0
0.0
0.0
0.0
0.0
0.0
-1.55913
0.0
0.342442
0.0
0.0
0.0
0.0
0.0
0.0
0.0
0.0
0.0
0.0
0.0
0.0
0.0
0.0
0.0
0.0
0.0
0.0
0.0
0.0
0.0
0.0
0.0
0.0
0.0620295
-1.35539
0.0
0.0
0.0
-0.598602
0.0
0.0
0.0
0.0
0.0
0.0
0.0
0.0
0.0
0.0
0.415971
0.0
0.0
0.0
0.0
0.0
0.0
0.0
0.0
0.0
0.0
0.0
0.0
0.0
0.0
0.0
0.0
0.0
0.0
0.0
0.0
0.0
0.0
0.0
0.0
0.0
0.0
0.0
0.0
0.0
0.0
0.0
0.0
0.0
0.0
0.0
0.0
0.0
0.0
0.0
1.77095
0.0
0.0
0.0
0.0
0.0
0.0
0.0
0.0
0.0
0.0
0.0
0.0
0.0
0.0
0.0
0.0
0.0
0.0
0.0
0.0
0.0
0.0
0.0
0.0
0.0
0.0
0.0
0.0
-0.692598
0.0
0.0
-0.175671
0.0
0.0
0.0
-0.147594
0.0
0.0
0.0
0.0
0.0
0.0
0.0
0.0
0.0
0.0
0.0
0.0
0.0
0.0
0.0
0.0
-0.56496
0.0
0.0
0.0
0.0
0.0
0.0
0.0
0.0
1.16633
0.0
0.0
0.0
0.0
0.0
0.0
0.0
0.0
0.0
0.0
0.0
0.0
0.0
0.0
0.0
0.0
0.0
0.0
0.0
-1.83895
0.0
0.0
0.0
0.0
0.0
0.0
0.0
0.0
0.0
0.0
0.0
0.0
0.0
0.0
0.0
-0.0164133
0.0
0.0
0.0
-0.285831
0.0
0.0
0.0
-0.547159
0.0
0.0
0.0
0.0
0.0
0.0
0.0
0.0
0.0
0.0
0.0
0.0
0.0
0.0
0.0
0.0
0.0
0.0
0.0
0.0
0.0
0.0
-0.688964
0.0
0.0
0.0
0.0
0.0
0.0
0.0
0.0
0.0
0.0
0.0
0.0
0.0
0.0
0.0
-1.57206
0.0
0.0
0.0
0.0
0.0
0.0
0.0
0.0
0.0
0.0
0.0
0.0
0.0
0.0
0.0
0.0
-2.00673
0.0
0.0
0.0
0.0
0.0
0.0
0.0
0.0
0.0
0.0
-0.481777
0.0
0.0
0.0
0.0
0.0
0.0
0.0
0.0
0.0
0.0
0.0
0.0
0.0
0.0
0.0
0.0
0.0
0.0
0.0
0.0
0.0
0.0
0.0
0.0
0.0
0.0
0.0
0.0
0.0
0.0
0.0
0.0
0.0
0.0
0.0
0.0
0.0
0.0
0.0
0.0
0.0
0.0
0.0
0.0
0.0
0.0
0.0
0.0
0.0
0.0
0.0
0.662789
0.0
0.0
0.0
0.0
0.0
0.0
0.0
1.54062
0.0
0.0
0.0
0.0
0.0
0.0
0.0
0.0
0.0
0.0
0.0
0.0
0.0
0.0
0.0
0.0
0.0
0.0
0.0
0.0
0.0
0.0
0.0
0.0
0.0
0.0
0.0
0.0
0.0
-0.0657881
0.0
0.0
0.0
0.0
0.0
0.0
0.0
0.0
0.0
0.0
0.0
0.0
0.0
0.0
0.0
0.0
0.0
0.0
0.0
0.0
0.0
0.0
0.0
0.0
0.0
0.0
0.0
0.0
0.0
0.0
0.0
0.0
0.0
0.0
0.0
0.0
0.0
0.0
-0.14634
0.0
0.0
0.0
0.0
0.0
0.0
0.0
0.0
0.0
0.0
0.0
0.0
0.0
0.0
0.0
0.0
0.0
0.0
0.0
0.0
0.0
0.0
0.0
0.0
0.0
0.0
0.0
0.0
0.0
0.0
0.302467
0.0
0.0
0.0
0.0
0.0
0.0
0.0
0.0
0.0
0.0
0.0
0.0
0.0
-0.766422
0.0
0.0
0.0
0.0
0.0
0.0
0.0
0.0
0.0
0.0
0.0
0.0
0.0777981
-0.206955
0.0
0.0
0.0
0.0
0.0
0.0
0.0
0.0
0.0
0.0
0.0
0.0
0.0
0.0
0.0
0.0
0.0
0.0
0.0
0.0
0.0
0.0
0.0
0.0
0.0
-1.22387
0.0
0.0
0.0
0.265567
0.0
0.0
0.0
0.0
0.0
0.0
0.0
0.0
0.0
0.0
0.0
0.0
0.0
0.0
0.0
0.0
0.0
0.0
0.0
0.0
0.0
0.0
0.0
0.0
0.0
0.0
0.0
0.0
0.0
0.0
0.0
0.907847
0.554732
0.0
0.0
0.0
0.0
0.0
0.0
0.0
0.0
0.0
0.0
0.0
0.0
0.0
0.0
0.0
0.0
0.0
0.0
0.0
0.0
0.0
0.0
0.0
0.0
0.0
0.0
0.0
0.0
0.0
0.0
0.0
0.0
1.7536
0.0
0.0
0.0
0.0
0.0
0.0
0.0
-0.120092
0.0
0.0
0.0
0.0
0.0
0.0
0.551917
0.0
0.0
0.0
0.0
0.0
0.0
-0.398688
0.0
0.0
0.0
0.0
0.0
0.0
0.0
0.0
0.0
0.0
0.0
0.0
0.0
0.0
0.0
0.0
0.0
0.0
0.0
0.0
0.0
0.0
0.0
0.0
0.0
0.0
0.0
0.0
0.0
0.0
0.0
0.0
0.0
0.0
0.0
0.0
0.0
0.0
0.0
0.0
0.0
0.0
0.0
0.0
0.0
0.0
0.0
0.0
0.0
0.0
0.0
0.0
0.0
0.0
0.0
0.0
0.0
0.0
0.0
0.0
0.0
0.0
0.0
0.0
0.0
0.0
0.0
0.0
0.0921408
1.27387
0.189025
0.803781
-0.251318
-0.258931
-0.852429
0.810616
0.798085
-0.0364422
0.265075
-0.287016
0.0430863
-1.12938
-0.433234
0.155427
0.167567
-1.0699
-0.268981
-0.125181
0.389158
1.6622
1.32976
0.3355
0.203881
0.0
0.0
0.0
0.0
0.0
0.0
0.0
0.0
0.0
0.0
0.0
0.0
0.0
0.0
0.0
0.0
0.0
0.0
0.0
0.0
0.0
0.0
0.0
0.0
0.0
0.0
0.0
0.0
0.0
0.0
0.0
0.0
0.0
0.0
0.0
0.0
0.0
0.0
0.0
0.0
0.0
0.0
0.0
0.0
-1.05068
0.0
0.0
0.0
0.0
0.0
0.0
0.0
0.0
0.0
0.0
0.0
0.0
0.0
0.0
0.0
0.0
0.0
0.0
0.0
-0.0998694
0.0
0.0
0.0
0.0
0.0
1.00797
0.0
0.0
-0.0660694
0.0
0.0
0.0
0.0
0.0
0.0
0.0
0.0
0.330101
0.0
0.0
0.0
0.0
0.0
0.0
0.0
0.0
0.0
0.0
0.0
0.0
0.0
0.0
0.0
0.0
0.0
0.0
0.0
0.0
0.0
0.0
0.0
0.0
0.0301252
0.0
0.0
0.0
0.0
0.0
0.0
0.0
0.0
0.0
0.0
0.0
0.0
0.0
0.0
0.0
0.0
0.0
0.0
1.14263
0.0
0.0
0.0
0.0
0.0
0.0
0.0
0.0
0.0
0.0
0.0
0.0
0.0
0.0
0.0
0.0
0.0
0.0
0.0
0.0
0.0
0.0
0.0
0.0
0.0
0.0
0.0
0.0
0.0
0.0
0.0
0.0
0.0
0.0
0.0
0.0
0.0
0.0
0.0
0.0
0.0
0.0
0.0
0.0
0.0
0.0
0.0
0.0
0.0
0.0
0.0
0.0
0.0
0.0
0.0
0.0
0.0
0.0
0.0
0.0
0.0
0.0
0.0
0.0
0.0
0.0
0.0
-1.02051
0.0
0.0
0.0
0.0
0.0
0.0
0.0
0.0
0.0
0.0
0.0
0.0
0.0
0.0
0.0
0.0
0.0
0.0
0.0
0.0
0.0
0.0
0.0
0.0
0.0
0.0
0.0
0.0
0.0
0.960609
-0.519804
1.28078
0.000780187
0.669466
-0.587885
-1.05162
0.17464
0.148952
0.624788
0.34963
1.25002
-0.00761285
0.0383531
-1.58992
-0.695935
0.68337
-0.0255541
-0.973483
0.519294
0.302322
0.367646
1.56565
1.78335
-0.0931879
0.609581
0.0
0.0
0.0
0.0
0.0
0.0
0.0
0.0
0.0
-0.315669
0.0
0.0
0.0
0.0
0.0
0.0
0.0
0.0
-0.600154
0.0
0.0
0.0
0.0
0.0
0.0
0.0
0.0
0.0
0.377669
0.0
0.0
0.0
0.0
0.0
0.0
0.0
0.0
0.0
0.0
0.0
0.0
0.0
0.0
0.0
0.439958
0.0
0.0
0.0
0.0
0.0
0.0
0.0
0.0
0.0
0.0
0.0
0.0
0.0
0.0
0.0
0.0
0.0
0.0
0.0
0.0
0.0
0.0
0.0
0.0
0.0
0.0
0.0
0.0
0.0
0.0
0.0
0.0
0.0
0.0
0.0
0.0
0.0
0.0
0.0
0.0
0.0
0.0
0.756934
0.0
0.0
0.0
0.0
0.0
0.0
0.0
0.0
0.0
0.0
0.0
0.0
0.0
0.0
0.0
0.0
0.0
0.0
0.0
0.0
0.0
0.0
0.0
0.197872
0.167969
0.0
0.0
0.0
0.0
0.0
0.0
0.0
0.0
0.0
0.0
0.0
0.0
0.0
0.0
0.0
0.0
0.0
0.0
0.0
0.0
0.0
0.0
0.0
0.0
0.0
0.0
0.0
0.0
0.0
0.0
0.0
0.0
0.0
0.0
0.0
0.0
0.0
0.0
0.0
0.0
0.0
0.00908933
0.240561
0.0
0.0
0.0
0.0
0.0
0.0
0.0
0.0
0.0
0.0
0.0
0.0
0.0
0.0
0.0
0.0
0.0
0.0
0.0
0.0
0.0
0.0
0.701605
0.0
0.0
0.0
0.0
0.0
0.0
0.0
0.0
0.0
0.0
0.0
0.0
0.0
0.0
0.0
0.0
0.994923
0.0
0.0
0.0
0.0
0.0
0.0
0.0
0.0
0.0
0.0
0.0
0.0
0.0
0.0
0.0
0.0
0.0
0.0
0.0
0.0
0.0
0.0
0.0
0.0
0.0
0.0
0.0
0.0
0.0
0.0
0.0
1.17861
0.0
0.0
0.507759
0.0
0.0
-0.152627
0.0
0.0
-0.297336
0.0
0.0
0.0
0.0
0.0
0.0
0.0
0.0
0.0
0.847497
0.0
0.0
0.0
0.0
0.0
0.0
0.0
0.0
0.0
0.0
0.0
0.0
0.0
0.0
0.0
0.0
0.0
0.0
0.0
0.0
0.0
0.0
0.0
0.0
0.0
0.0
0.0
0.0
0.0
0.0
0.0
0.0
0.0
0.0
0.0
0.0
0.0
0.0
0.0
0.0
0.0
0.11146
0.0
0.0
0.0
0.0
0.0
0.0
0.0
0.0
0.0
0.0
0.0
0.0
0.0
0.0
0.0
0.0
0.0
0.0
0.0
0.0
0.0
0.0
0.0
0.0
0.0
0.0
0.0
0.0
0.0
0.0
0.0
0.0
0.0
0.0
0.0
0.0
0.0
0.935713
0.0
0.0
0.0
0.0
0.0
0.0
0.0
0.0
0.0
0.0
0.0
0.0
0.0
-1.40381
0.0
0.0
0.0
0.0
0.0
0.0
0.0
0.0
0.0
0.0
0.0
0.546445
0.0
0.0
0.0
0.0
0.0
0.0
0.0
0.0
0.0
0.0
0.0
0.0
0.0
0.0
0.0
0.0
0.0
0.0
-0.739671
0.0
0.0
0.0
0.0
1.74178
0.0
0.0
0.0
0.0
0.0
0.0
0.0
0.0
0.0
0.0
0.0
0.0
0.0
0.0
0.0
0.0
0.0
0.0
0.0
0.0
0.0
0.0
0.0
0.0
0.0
0.0
0.0
0.0
0.0
0.0
0.0
0.0
0.0
0.0
0.0
0.0
0.0
0.0
0.0
0.0
0.0
0.0
0.0
-0.781156
0.0
-0.440194
0.0
0.0
0.0
0.0
-0.930137
0.0
0.0
0.0
0.0
0.0
0.0
-0.615473
0.0
0.0
0.0
0.0
0.0
-1.14285
0.0
0.0730484
0.0
0.0
0.0
0.0
-0.636885
0.487342
0.0
0.0
0.0
0.0
0.0
0.0
0.0
0.0
-2.01194
0.0
0.0
0.0
-0.0786606
0.0
0.0
0.0
0.0
0.0
0.0
0.0
0.0
0.0
0.0
0.0
0.0
0.0
0.0
0.0
-1.56639
0.0
0.0
0.0
0.0
0.0
0.0
0.0
0.0
0.0
0.0
0.0
0.0
0.744441
0.0
0.0
0.0
0.0
0.0
0.0
0.0
0.0
0.0
0.0
0.0
0.0
0.0
0.0
0.0
1.23882
0.0
0.0
0.0
0.0
0.0
-1.21192
0.0
0.0
0.0
0.0
0.0
0.0
1.05055
0.0
0.0
0.0
0.0
0.0
0.0
0.0
0.0
0.0
0.0
0.0
0.0
0.0
0.0
0.0
0.0
0.0
0.0
0.0
0.0
0.0
0.0
0.0
0.0
0.0
0.0
0.0
0.0
0.0
0.0
0.0
0.0
0.0
0.0
0.0
0.0
0.0
0.0
0.0
0.0
0.0
0.0
0.0318732
-2.3273
0.0
0.0
0.0
0.0
0.0
0.0
0.0
0.0
0.0
-0.720493
0.0
0.0
0.0
0.0
0.0
0.0
0.0
0.0
0.0
0.0
0.0
0.0
0.0
0.0
0.0
0.0
0.0
0.0
0.0
0.0
0.0
0.0
0.0
0.0
0.0
0.0
-0.490153
0.973039
0.455402
-0.249839
1.58101
-0.48033
-0.257758
-0.599393
1.04338
-0.420354
0.846319
0.502475
-0.533859
-1.21831
-0.81477
-0.434709
1.15896
-0.10587
-0.314362
0.471089
0.127043
0.572362
1.43089
0.0828531
0.486561
0.0
0.0
0.0
0.0
0.0
1.42084
0.0
0.0
0.0
0.0
0.0
0.0
0.0
0.0
0.0
0.0
0.0
0.0
0.0
0.0
0.0
0.0
0.0
0.0
0.0
0.0
0.0
0.0
0.0
0.0
0.0
0.0
0.0
0.0
0.0
0.0
0.0
0.0
0.0
0.0
0.0
0.0
0.0
0.0
0.0
0.0
0.0
0.0
0.0
0.0
0.0
0.0
0.0
0.0
0.0
0.0
0.0
0.0
0.0
0.0
0.0
0.0
0.0
0.0
0.0
0.0
0.0
0.0
0.0
0.0
0.0
0.0
0.0
0.0
0.0
0.0
0.0
0.0
0.0
1.75548
0.0
0.0
0.0
0.0
0.0
0.0
0.0
0.0
0.0
0.0
0.0
0.0
-1.89895
0.0
0.0
0.0
0.0
0.0
0.0
0.0
0.0
0.0
0.0
0.0
0.0
0.0
0.0
0.0
0.0
-1.71993
0.0
0.0
0.0
0.0
0.0
0.0
0.0
0.0
0.0
0.0
-0.755707
0.0
0.0
0.0
0.0
0.0
0.0
0.0
0.0
0.0
0.0
0.0
0.0
0.0
0.0
0.0
0.0
0.0
-0.471948
-1.18508
0.0
0.0
0.0
0.0
0.0
0.0
0.0
0.0
0.0
0.0
0.0
0.0
0.0
0.0
0.0
0.0
0.0
0.0
0.0
0.0
0.0
0.0
0.0
0.0
0.0
0.0
0.0
0.0
0.0
0.0
0.235224
0.0
0.0
0.0
0.0
2.37824
2.72938
1.7596
0.313775
-1.40793
1.28264
-2.76522
1.42698
4.78583
1.33715
0.441181
-0.676461
-0.569328
0.3804
2.56808
0.0044685
3.04665
2.56396
0.0378379
1.62034
-1.6056
1.93212
2.18335
-0.680436
0.272298
-3.44804
-2.59413
-2.2342
-0.438155
1.02685
-0.863512
3.36037
-1.16541
-5.56931
-2.26632
-0.129039
0.196466
0.639841
-0.922835
-3.80616
0.843926
-2.43663
-2.50094
0.271284
-1.85313
1.49849
-2.94047
-2.77526
0.60395
0.1346
0.267958
-0.664416
1.98345
0.911214
-1.46755
-0.980485
-1.9459
-1.10554
0.519851
-0.260823
-1.23134
-1.15515
-0.0277226
2.83793
-2.04681
0.81216
0.401542
-1.71092
-2.13116
0.341304
3.68078
1.5225
1.96487
0.925645
0.0850972
2.41165
6.7483
-2.23757
-0.599506
0.00355001
0.0985738
-0.156823
0.270455
1.29858
0.118863
0.106184
-1.68996
2.25424
1.24606
1.89879
1.03208
-0.456666
-4.24016
1.10875
0.247036
1.07018
-4.30142
0.268539
-0.826711
0.301519
-1.06978
0.135619
-0.475178
-0.124397
-0.3813
0.683647
-0.0414109
0.261484
-0.783273
-0.928912
0.31216
-0.905381
0.0724228
-0.543221
-1.24863
0.84824
0.610724
0.06304
0.309148
-0.232871
-0.108086
-1.00825
-0.939482
-0.0764826
0.833903
2.63585
0.77731
-2.45595
1.97446
-0.512727
-0.480893
0.347703
-0.497931
-1.05042
1.05131
-0.106569
-0.247733
-0.715444
-2.26526
0.749042
-2.07623
-1.4534
-0.42016
0.159894
-0.694997
0.812343
0.705855
0.976751
-0.384978
0.215317
1.00047
0.683355
3.75979
-1.32792
-0.00890807
-0.995135
0.405505
0.977777
1.01905
0.0684111
0.001813
-2.40762
1.85817
2.85011
0.206606
1.93202
-2.61102
0.276739
-0.0719123
1.49519
0.696482
-0.411027
-0.430184
-0.218158
-1.09923
2.42599
0.969362
0.390385
0.284579
-1.66338
-1.06191
1.5261
-0.139933
-0.605783
-1.35881
-0.038381
-0.647333
3.44683
1.40944
1.06398
-0.0153122
-0.364791
-2.25558
-0.0396483
-0.728437
-3.8959
1.78693
0.308351
-0.223765
-0.0515721
0.94018
-1.2154
-1.55948
-0.52601
2.7652
-1.70913
-0.0558502
-0.139564
0.0412315
-0.567941
-0.114063
-1.39977
-0.388748
2.46722
-4.53712
1.0578
1.36211
-0.186034
0.0179761
-0.307837
-0.816936
-0.823171
-0.779616
0.282911
0.852718
-1.82241
1.58552
1.10409
1.54083
2.02279
-2.42342
-1.22361
-0.959242
-0.350682
-0.194849
-0.110121
-0.737052
0.701376
-0.510364
3.01902
1.53842
0.599217
-1.64707
0.0552438
0.245593
0.211845
-1.28766
0.96547
0.301599
2.45876
0.0526665
-0.91754
2.52824
2.79662
1.7448
1.0264
0.560367
3.23446
-0.317826
-1.20443
0.00819488
0.0886019
-1.06329
-2.17843
-1.83273
3.23885
0.377648
-0.879774
-0.0506502
-1.135
0.0827789
-0.41031
-0.592273
0.0448633
0.473544
0.662797
0.956195
0.100385
2.39862
1.47168
1.17801
-0.598793
-1.32896
-1.37568
-0.671494
-0.199233
0.799284
0.378471
1.6555
-0.937392
-0.4662
-0.407982
-0.29108
-2.83151
1.58244
-0.598992
-0.0920852
-0.157115
0.661433
1.1309
1.08862
-1.12242
1.01513
0.637723
-0.527915
-1.98482
1.60852
1.76929
0.339418
-0.482361
0.0150411
-0.292768
-0.108998
-1.78898
-2.11559
0.661815
0.388659
-1.87128
-0.466829
0.692177
-0.448056
1.4903
-1.5599
0.0998026
0.799439
0.401741
-3.2235
1.0417
-0.0787177
0.202391
0.494536
-1.05904
-1.82144
-1.81621
-1.37895
-0.052542
-0.690973
0.700254
1.89297
-0.0169903
0.478557
-0.925283
0.716866
-2.57184
2.15865
-3.07542
-2.29661
0.573504
-0.344373
-1.19409
2.47856
2.15127
-0.372897
1.39833
-0.199867
-0.851459
-2.43533
1.52819
0.20377
5.8622
-0.0993923
0.907671
1.10729
-0.0442493
-0.789849
0.526568
4.254
-1.06859
0.388193
-2.06569
3.77098
-1.04152
2.698
2.80499
1.23871
0.314697
0.798399
-1.00429
-0.31288
0.536883
0.236909
1.48848
0.812539
2.04016
-3.35639
1.64602
-0.170227
0.184519
-1.15365
-0.819258
0.287378
-0.293454
-0.101312
0.0358186
-0.119381
-0.556866
-1.79947
-2.49865
2.60362
0.119772
0.751728
-0.202068
1.62654
0.594045
0.506951
-0.539326
-2.0805
-0.661172
-0.529682
3.4484
-2.7643
1.22616
-2.36776
-1.58858
1.91554
-0.172695
1.77142
0.0110751
-0.0586473
-0.166637
2.63789
2.11264
1.43512
-2.37026
-0.266128
0.219335
2.32467
1.7865
1.22377
0.658038
-0.0654373
0.60246
1.24494
-0.442056
-3.89633
2.94241
-4.15521
2.46309
0.972276
0.891911
-0.783954
-1.45119
0.857581
0.0581575
-0.315773
-0.91989
2.59261
-3.03769
1.81734
-0.862878
-4.00203
2.28104
-3.20234
0.74619
-0.770763
0.219408
-0.400521
-0.0739876
-0.306996
-1.06595
0.0784062
0.457611
2.25014
-1.70949
2.74981
-1.59234
0.1579
-1.54341
0.196211
-1.39516
-0.937621
1.15504
-0.177099
0.246963
4.46862
-2.34804
0.14711
1.50846
0.0454859
2.68677
-0.788426
-0.540824
1.26101
-1.34249
0.941339
0.0127173
1.83306
-5.68071
-3.71943
-0.750157
1.59063
-0.430175
2.53281
-0.0422358
1.81056
4.16688
2.35873
2.44246
0.171001
-2.48357
-2.21221
-3.00438
-2.98752
2.35807
-0.222481
-0.621055
-0.603885
-0.479832
1.89513
-0.193972
-0.139128
-0.389622
-1.54973
-0.556454
-0.768213
-0.526222
0.453773
0.330293
0.0553061
0.736413
1.44903
1.11699
-0.390855
0.272029
-0.0766056
-0.679735
0.0760513
-2.29344
-0.311237
-2.06707
0.55313
-0.0621349
0.0268308
1.25061
1.52963
-0.0757155
0.745107
0.257744
-1.67037
0.343874
3.65289
3.75106
0.940243
-0.763968
-1.56621
-1.14158
-3.0471
1.12904
0.188804
-0.0223182
0.176908
-2.20844
2.85
-0.00874863
-1.10366
2.25024
1.69994
0.549925
-1.59415
-1.40682
0.0608883
-1.07566
0.424829
1.89931
-2.79292
0.906797
-2.21021
-1.91597
-2.44623
0.533836
1.74485
1.06289
-0.760004
-0.0477703
-0.578295
-0.138978
1.0596
-0.104129
-0.0334691
-2.57699
-0.83731
2.8449
0.240584
-0.385643
-0.599952
0.0089901
-0.264093
-0.486033
-0.789755
-0.180661
-0.110607
2.20159
0.901456
-0.702354
-0.0953519
0.982482
-0.412595
-0.8433
0.130167
-0.101878
0.696929
-0.483499
1.19148
-0.515964
0.509203
-1.72931
-1.25669
-2.88732
-0.458088
-1.27632
-0.102303
0.786442
-0.357352
0.37497
-0.638545
-1.08743
-2.15727
-1.28465
-2.83915
1.0838
2.51751
1.40922
-1.20703
0.258591
0.0840972
-0.568076
-1.28644
1.54319
-1.51735
0.689502
1.11566
3.33157
-0.978371
-0.00954495
0.0361749
-0.171536
3.37011
-0.109239
-0.0749672
1.37551
-0.894465
-3.2313
-1.30374
-2.7136
3.21627
3.21237
3.10652
0.508968
0.431243
0.27462
0.709761
-1.49941
0.815171
-1.49433
1.27318
0.225419
0.831219
-2.29428
-0.0484413
1.18164
-0.0841975
-0.866119
-0.646142
-1.78427
-1.94952
0.622822
-1.43148
-0.720587
1.49364
2.33033
3.38985
0.586036
-2.35874
-0.206424
-1.39819
0.398326
1.16475
-1.05804
0.402268
-1.0012
-0.837099
-1.72534
-1.29055
0.346235
4.50323
2.30462
3.76262
0.0853379
0.825401
4.27985
-0.240688
4.7558
-1.74263
1.22392
-2.29299
2.07531
1.42451
-1.53855
-1.07185
0.644538
0.273592
-0.215106
-0.803212
-0.368723
0.628838
0.0592449
0.0791397
1.29134
-0.581663
-1.74843
2.62302
0.492647
0.132692
-0.748984
-1.0068
0.263837
-0.722091
0.118027
0.0914845
0.00877824
-2.06345
2.39252
2.08781
-0.425775
0.393004
-0.284542
1.00531
-1.47025
-0.57751
0.299155
0.457835
-0.26633
-0.387968
0.739356
-1.11925
0.262867
-0.567654
-1.10891
-0.732776
-0.030561
0.248934
2.33387
1.16665
0.104228
-1.08941
-2.00458
-3.14053
0.67733
2.52848
0.118537
-1.35752
1.68703
0.185373
0.35936
-0.824329
0.133447
0.0355694
0.16834
-0.413176
0.243034
0.408965
-0.733129
0.13516
-1.12003
-0.33225
-1.36629
0.175829
0.159734
0.29658
-0.136146
-0.247785
-0.337453
-0.377746
-0.382934
-0.761979
-3.27877
-5.4511
-0.573919
-3.32936
-7.30107
-3.75973
2.95377
-4.0741
-3.75494
-2.4844
0.374013
-2.63788
-1.12933
-0.0186805
-0.0287682
-1.11261
-0.314504
0.949483
0.407396
-1.09363
-0.152834
-0.307309
-1.07985
-0.109382
2.10217
0.614739
5.80721
0.412108
-1.02642
-0.228766
-0.600919
-1.03766
-5.85914
-3.06444
-6.5091
-6.20075
-7.6162
-1.72569
-0.849881
3.75481
-0.929938
-0.0710207
-0.084858
-2.11023
4.7008
-2.40828
-4.76266
2.53321
-7.00615
-0.918851
3.20262
-5.40626
-2.32843
-0.60335
3.03167
-2.33205
0.26513
-0.600834
0.836244
-1.74992
-1.20682
-0.0521607
-4.79196
-0.924485
-9.12185
3.81724
-6.24863
9.11996
-0.0880976
-0.629251
-0.280016
-3.12326
-0.418591
0.41483
-0.376377
-0.0919483
2.67502
-3.26947
0.435197
-2.10799
10.4273
-7.12637
-0.0580311
-2.03448
2.23344
-6.65505
-2.01101
-4.53138
-1.38212
-2.77904
-4.11972
3.48495
0.430409
-0.0847443
-2.25385
-2.14119
-4.27704
2.71035
-1.1168
1.75194
-1.09626
0.0318266
-0.131227
-2.06674
