[-1.7610632430610451,
 6.034778252785443,
 19.128267443626044,
 -8.147552299170002,
 -1.7346320018039307,
 -4.727408930032935,
 24.104262372380617,
 1.3773497830168537,
 3.8496815501640356,
 -9.142719404496546,
 3.5685192343725873,
 1.8021119196192785,
 6.604271773195592,
 19.094163732189315,
 6.676511910511579,
 -4.229856944167295,
 -14.327643558900036,
 19.71472782249583,
 5.154977737120561,
 0.26922947849175216,
 1.7928463997049988,
 24.43414320083464,
 3.677363277724865,
 -5.343585098917396,
 4.199172943993744,
 3.7927195757534236,
 24.41086530902686,
 -1.120512035729945,
 -1.4020284233958762,
 -0.3412974823728163,
 24.212310447999897,
 -1.1767737698800715,
 -14.260614296017593,
 6.810686222137349,
 -50.28497513519741,
 -29.910483103911048,
 4.153420735547002,
 -0.0018017791134070649,
 1.0797437460976234,
 -1.1683946281575786,
 6.507434745260298,
 -0.6047927634017043,
 -29.92600904887152,
 1.204187443141528,
 1.4256511130648022,
 -50.3000610978026,
 6.618925647308622,
 1.3590105438488251,
 19.070147372976578,
 6.97230789281673,
 -0.23326596468722016,
 -30.204784057764442,
 -50.3636257411012,
 -8.59087808080099,
 3.1673762901703526,
 -32.43341690354177,
 19.141250351043425,
 -4.19963576760737,
 -10.18888871534125,
 -50.31078652892117,
 -5.052050425335192,
 -14.188432181547114,
 -1.57912117114995,
 -14.38449792045833]
