[0.5857204775021643,
 1.9834423313253353,
 1.636732178785465,
 -0.23895242273701456,
 -4.121917764782353,
 2.954434285121039,
 -27.331848661190264,
 8.771193338909143,
 -2.6836213911762337,
 -0.13431519601329,
 -2.583643242286371,
 6.386534484849506,
 -27.269293910840418,
 10.246830196762879,
 1.712404996769017,
 -2.3518663537873294,
 -27.51734051124643,
 -0.9815638483278377,
 2.1691257064487104,
 -2.5690974639787783,
 -0.7153618833958149,
 0.3856678719876143,
 -0.6501690998105794,
 1.5937932802699635,
 8.382527447562794,
 -2.958868581622315,
 -3.0400002011863876,
 -0.5213204216692588,
 0.9000799281231764,
 10.175347922956917,
 -0.5213036544831766,
 0.7799547608667865,
 -2.244227817557429,
 -27.571648863694435,
 -1.018697844057698,
 -0.2561279025979104,
 -0.1780219539177068,
 -0.5225707374535986,
 0.44034716284068054,
 0.612623034986342,
 7.183597952510695,
 -1.4407932937741208,
 9.526807781733055,
 10.258722665071616,
 1.4064459920204655,
 -1.637110793374518,
 7.393148030679583,
 -0.11573855129003618,
 9.608557807071293,
 -0.8877467006122117,
 -2.939388716160316,
 -2.442894563823618,
 3.398929780272958,
 -2.032700172362979,
 -0.830032468708751,
 1.0747799895967063,
 -2.8203363242503485,
 -2.280210516660492,
 -0.9852263090400584,
 3.978495173681999,
 -2.3215078982877513,
 10.246848294415429,
 -2.2594505423716202,
 -1.1102420294901663,
 -27.254992331331465,
 -0.5419733085479663,
 -5.031309812202721,
 -5.647845373498697,
 1.85010130222188,
 -0.8362915286966874,
 -2.721652728436709,
 5.817123663225516,
 0.7856470356937564,
 -0.01457007833491275,
 -0.8076493632229926,
 0.4584254153362508,
 -3.719950023161516,
 -2.8169414118045806,
 -1.4356907084092825,
 10.322459435175631,
 -0.9853324532407726,
 4.777065085861409,
 -2.674685299830133,
 -3.2085180920833807,
 -0.5254642111062253,
 -0.5940918276628793,
 -0.9726617273512375,
 1.6653898199373316,
 -1.8315007419491565,
 3.1560227380398373,
 -1.1801787107535802,
 0.7433173585775563,
 9.37436892109747,
 3.9506460394044183,
 6.692976651004031,
 3.888806159626114,
 -0.47127847607969997,
 7.477387002702756,
 -27.521895196401204,
 -1.3597686268124392,
 1.4311161142593676,
 4.086875694572399,
 -4.322978631471145,
 0.7229929222328053,
 -3.52924998665452,
 0.4882881515998889,
 -2.9154774957223366,
 0.7472999763527923,
 -2.810384260402357,
 10.56613796012357,
 0.026499667255052373,
 -0.21229224157987403,
 15.64592566218736,
 0.00969005928028821,
 -1.037914858929696,
 1.5084203490480377,
 0.2302022035880782,
 -1.2500256329505106,
 -1.2491774185339182,
 2.1352776602879544,
 -2.735198672726771,
 -0.904973712590305,
 9.545000708495763,
 -0.03525647312207525,
 -2.9353424717700705,
 -1.2732015034533504,
 -27.348775199424978,
 -27.59248792688166,
 0.1441600583908027,
 0.016537730509980975,
 1.074155121361116,
 0.322819516127538,
 -3.551538843248977,
 7.424363453292926,
 8.960047857478159,
 -0.7064793973345935,
 1.3372506735343137,
 -0.6301453480341479,
 -1.3933969365320102,
 6.869804924427186,
 -2.668651373161026,
 3.2494583149502034,
 -3.5847417283029017,
 -4.608667014028583,
 -0.4021031034131113,
 -2.647068469447845,
 6.042807401056336,
 -1.476858978328437,
 -0.7170723507308026,
 -0.8153024193246097,
 3.73977435073661,
 -1.6860189961491017,
 -2.90434721935884,
 -3.3076001515671294,
 6.90204831212953,
 3.5463727862268932,
 -2.215792036866077,
 -1.1882936561016209,
 6.420593958789823,
 0.3829834667293994,
 5.5022479780981115,
 7.90656300115306,
 -0.005356678324261566,
 -1.4619618772615866,
 0.6910501673331453,
 10.562584542482114,
 -27.595376485400493,
 -2.067722209645183,
 -0.765684409797359,
 -0.7686458860328003,
 -0.35939404049588575,
 -2.339708592108705,
 -3.084159709635003,
 0.6015840937476185,
 3.9471616175164286,
 9.762864817224113,
 -1.746301833771497,
 -0.7370417140756516,
 -1.423026673528625,
 -0.9424612638498786,
 9.393969327077684,
 6.944250378854491,
 2.576252455995359,
 0.13859047340076813,
 -1.4942192637599874,
 1.816762826905233,
 9.394667916632386,
 -27.538004430361383,
 -2.047560270635472,
 -0.3461022317691089,
 -0.7270330895165955,
 -2.88909241711184,
 9.025188847519217,
 -7.078292192506808,
 7.351726578590672,
 -0.9434182003311662,
 -2.2163141844227425,
 -0.7681563165362775,
 -2.7301732839789463,
 1.0013087207234008,
 0.28934503723229454,
 0.5107786392579499,
 0.7045569334841844,
 0.6700953610745728,
 -0.4775133094908597,
 6.908463176074704,
 -0.24121297422777843,
 -2.2962593150822905,
 -27.45775717512612,
 7.715007605724793,
 -1.7921266028832008,
 -2.7436902871370137,
 -27.616379641407292,
 -0.8372853454200708,
 0.6780429113649262,
 -2.867286022722908,
 0.2367137434498261,
 2.029708764215954,
 4.7330766428716515,
 -0.9380658046131884,
 -1.3561147140272851,
 -27.408826161905324,
 -0.8912532443274301,
 -1.1162859187238325,
 -1.1841268422585642,
 1.8415035134610207,
 0.3389462385335378,
 0.10722972225147487,
 1.456581660680257,
 -2.219594591689969,
 2.174076930455044,
 -2.2275151449009627,
 -1.2887747152373379,
 9.41009763450353,
 -27.398333077011984,
 -1.1351857840688524,
 -2.72613510285413,
 2.0560096264075867,
 0.9053266982508035,
 -0.5558478952587507,
 -1.4426728565367455,
 -27.38437256643664,
 -27.38495317377229,
 -0.8732212598338549,
 0.530135700046781,
 0.4477834656781283,
 -1.7929823957144606,
 -4.797600924525966,
 9.17901033412727,
 -0.02014033679285987,
 5.564754563879646,
 7.680370094810698,
 -3.1937021575400593,
 4.07183792565678,
 0.03083096750049208,
 1.3764263890228108]
