[12, 16, 16, 4]
-0.935482
0.505891
-0.0774813
0.509624
0.435581
0.866774
-0.145103
1.20045
0.616772
0.362414
-0.192234
0.059796
-0.488947
1.06048
-0.912937
-0.620064
0.119049
0.78539
0.195678
0.106813
2.08273
0.52872
-1.9972
0.935316
0.580037
-0.754729
-0.443043
-0.0136072
-0.540519
1.02469
-1.3175
0.943585
-1.65638
0.620818
-0.241916
0.360373
-0.273372
0.665643
-0.766691
0.966058
-0.260536
0.429116
-0.363687
-0.868425
-0.165966
1.10913
-1.02655
0.868911
-0.80944
0.154852
-0.712331
1.07962
0.610333
0.693649
-1.21527
0.335354
-0.019608
0.43257
-0.705658
0.0682586
-0.282001
0.674266
-1.72034
0.208228
-1.65097
1.56284
-0.249088
-0.0178732
-0.404408
1.09147
-0.359838
0.322089
1.30247
0.46056
-0.0730589
0.778589
-0.367733
1.50056
-0.198297
0.280972
-0.217709
0.0676903
0.47732
-0.414754
0.391655
0.164252
0.422075
0.392282
-2.34253e-05
-0.0823333
-0.0123211
0.316534
-1.11006
0.38984
-0.897777
-1.13254
0.0953577
1.60288
-0.197262
-1.57612
0.591635
1.5813
-2.23199
-0.349075
1.1061
-0.0807546
0.0632793
0.835351
-1.65096
1.43089
-0.600032
-1.13927
-0.963501
1.60983
0.164228
0.574278
0.247955
0.382102
-0.743054
0.517319
0.283569
0.430769
0.0594721
-0.554083
-0.372616
0.789409
-0.957025
-0.371734
2.49559
4.51007
-1.04821
0.807155
0.0372306
-0.0548864
2.56094
2.99721
-1.29536
0.705428
-2.11988
-2.43057
-1.97141
2.70311
0.544434
0.731823
-2.19244
-3.38355
0.895045
0.0412973
0.268697
0.167504
0.0560333
-0.549928
2.43056
0.0488165
-1.33925
1.09955
-0.0754961
-4.68932
-1.2839
-0.421042
-3.55184
2.00106
-2.05547
0.918665
-0.67141
0.433038
-0.337335
0.5169
-2.97441
-1.21225
0.665449
1.18374
-2.60405
2.40914
-2.10175
-0.596513
0.876035
0.733116
0.918604
0.320559
1.8783
0.281255
0.653815
0.00970298
0.117603
0.113733
-0.453366
-1.05489
-1.44544
2.30392
4.27377
-0.0451174
0.41922
-0.734116
-0.572997
2.18434
-2.23836
1.28265
-0.725702
0.535548
-0.445249
-0.953291
-2.13484
-0.425885
0.52973
-1.43275
-0.987978
1.76536
3.20771
-2.07167
1.43249
0.0492518
1.41347
0.512314
3.49646
-4.50686
1.11793
-0.727689
1.92008
0.688085
3.56987
-0.0129523
0.278035
-0.6895
3.30388
-1.48926
-0.0639323
0.0461406
1.39609
-1.42867
0.278386
-4.04702
-2.18366
1.44872
0.405667
-1.70465
0.645834
1.3937
-0.0241685
-0.549337
-0.313622
0.935095
-0.226858
0.0161232
-2.90122
2.23795
-0.367919
1.00267
0.311165
-0.527377
0.536982
0.828955
2.45689
-0.293365
-0.570216
0.253875
0.565455
-1.69404
-2.90994
0.0264686
2.60865
-0.355854
-0.199152
0.294612
-0.749505
0.202374
-1.04447
0.0708998
-1.52397
1.15607
-0.818946
2.01249
-0.302755
0.362684
1.24605
2.46342
3.9465
-2.95647
0.308861
-1.11339
1.41988
0.485062
0.738836
1.62471
-0.42042
-0.155931
1.3017
1.76671
-0.623924
0.561188
3.28022
2.22225
1.29897
3.8146
0.646016
3.92708
0.709539
-0.893726
1.16526
-0.857677
3.00697
-1.85927
-2.51052
2.38574
1.31506
0.23871
0.363409
2.49324
0.363137
1.22685
2.18094
-2.41332
0.475818
0.0347665
-1.28662
0.918669
-0.481941
0.746764
-0.17484
0.400092
-0.748543
-0.0128078
0.214121
0.0283132
-2.74225
1.02143
-1.50549
4.04426
-0.408297
-1.94496
2.54312
-0.327331
-1.95562
0.163551
-2.5507
-0.569456
0.916664
1.21314
1.05604
0.0436528
-0.67981
-2.69826
-3.29074
-1.92067
-2.79688
-1.03153
0.535151
-0.769827
-1.95761
1.40947
-1.36314
0.38463
0.551295
0.322344
0.781173
0.0372352
1.38748
-1.34052
-0.209311
-0.268485
0.810126
3.56932
-1.64185
-0.829856
0.652616
-0.944394
-1.65889
0.130434
1.14729
1.24742
-0.24208
-0.00442245
-1.83956
-1.31709
0.881094
0.905472
3.76038
-2.96601
0.687849
-2.70412
0.610365
-0.327141
1.03761
1.05838
-0.760607
0.847524
-0.711874
0.0336352
0.810059
-1.05128
1.42088
0.256611
-0.346848
2.07184
-2.78377
0.164763
-0.880325
0.141091
-0.290534
0.469945
1.07081
-0.359332
3.01164
0.00426157
-0.544963
-0.486601
-0.278698
-0.147424
-0.205129
-1.45992
4.01469
-1.89434
0.529062
-0.772466
-1.10967
0.650573
-7.1158
0.383482
-0.376537
0.061298
-1.09782
-1.63762
-0.466942
7.07639
-0.0219753
0.976061
-0.378419
0.128631
2.32993
-1.24247
6.73416
-1.0367
-2.62395
2.76371
0.744027
-0.0185265
1.24048
-1.40282
-2.47266
1.78674
1.06636
-0.265856
-2.41773
1.0231
-3.90797
-4.41809
-2.26844
0.469968
-1.08685
-2.13575
-0.587485
2.19748
0.0458422
-0.305287
-0.0249658
0.452578
-0.921415
0.243174
-0.498165
0.900003
-1.40979
-0.760443
2.4036
-2.51793
1.24329
0.611133
-0.954557
1.11134
-1.75916
0.690608
0.0472401
0.300862
0.972539
-0.449471
0.0399979
-1.11583
-0.455656
-0.920938
-4.96814
2.00257
-0.302654
-3.22886
5.80677
-9.10929
-6.54422
-2.94123
-4.03569
-5.31138
-0.126247
-1.60092
0.426394
-0.0210528
-4.30213
-0.709084
-4.49972
-1.3428
-4.18049
3.6253
3.86363
-1.13678
2.84172
-3.64268
-0.704792
-1.01072
-0.511606
-1.92046
1.93316
-4.74666
4.69676
-7.11749
-7.31362
5.70669
3.56426
1.95312
0.539079
1.18815
-1.81009
2.29961
-4.61865
-4.56362
6.59738
-4.49154
2.35566
-0.984894
0.356367
4.68489
2.50143
5.14982
2.43047
-2.26161
2.21762
-0.993516
-3.91189
-2.20777
-2.33747
-3.25835
-4.44747
2.04527
-4.84999
5.29421
-4.59772
-1.23308
-2.62884
-1.95828
-4.47406
-0.854732
-3.57794
0.440137
