[12, 16, 16, 4]
-0.441623
-1.79669
0.0216448
0.000164093
0.222876
-0.596685
0.539844
0.444585
0.946413
-1.88585
0.652577
0.135223
-1.00129
-0.642046
0.924392
-0.324144
0.271742
-0.0950894
1.43016
-0.549998
0.08473
-0.185611
-1.06727
1.59511
1.76728
0.944387
-1.30761
1.12512
-1.08118
1.80451
-0.501056
-0.194355
1.02103
-0.370681
-0.362263
-0.0678117
0.719609
-1.25993
-0.0917516
0.848823
0.0988117
0.109601
-0.619889
-0.491501
-0.67101
0.535096
0.160166
-0.789215
0.24844
-1.17599
1.43599
0.943896
-0.293651
-0.12377
0.296392
1.54894
-0.850022
-0.424668
-1.11426
0.437457
-2.32597
0.626708
0.829662
-0.725355
0.527156
-0.0708887
-0.28524
-1.46179
-0.215571
0.341954
-0.134377
0.464721
-0.196183
-0.495196
0.139535
0.504978
-0.602855
0.815675
-0.146021
-2.28286
-0.26415
-1.87935
0.188223
0.438135
-0.85763
-0.247663
1.03766
0.532054
1.28493
-1.08526
-0.176551
0.55534
-2.08693
-0.287452
-0.569335
-0.322234
-0.20881
-0.0270785
1.3159
0.525592
0.419832
-0.173618
0.511809
-0.204383
0.970974
-0.115071
1.76331
0.901848
-1.16232
1.01666
-0.237451
-0.77098
0.557597
-0.691136
0.0799345
1.08384
-0.0519146
-0.970603
-0.218223
0.0120655
0.485206
-0.0568911
0.487638
-0.110907
-1.2636
0.128192
0.493519
0.0213066
-1.27768
-3.27922
-0.894182
0.566802
0.255214
-1.79972
-0.621872
-3.18194
4.86426
1.53548
2.11475
1.15376
0.653585
0.220742
3.43148
-0.587766
3.26237
3.3874
0.559964
-0.0342346
-0.154012
1.27609
0.419144
2.05901
-3.37457
-1.66323
-3.25487
0.80236
-1.11211
1.28063
-1.7219
-0.910816
0.479434
-0.115466
-2.28704
1.10047
0.209019
1.84529
0.930421
-1.73253
-0.0530166
-0.212296
0.915568
1.01564
1.00126
-1.30761
1.42055
1.14618
0.980232
0.0540586
-0.839535
0.0619124
-0.395728
2.40084
0.0408437
2.39396
-0.764077
1.54018
-0.707726
-0.352556
0.240407
0.0366339
0.776129
-2.77245
0.440249
-0.974347
-0.729465
0.0323218
-0.672008
0.504529
-1.01624
0.181525
0.175514
0.250301
0.934463
0.871238
1.67774
1.36436
-0.122258
-0.191772
0.13088
-1.46705
1.28575
-0.0911659
0.115954
-0.633887
-1.01916
-0.793225
2.658
0.107267
0.0865144
-1.37236
1.83797
2.17622
-0.600525
4.43743
2.06694
1.07229
2.11811
-0.265217
0.554329
-0.0944381
-2.35703
-2.25816
1.37152
-0.722709
-1.92017
-1.53354
0.366875
1.20335
-0.977234
-1.10137
4.55282
0.657859
0.463992
0.191667
-2.4982
0.374721
0.0400282
-1.16915
0.7166
1.54576
0.183276
-1.16544
2.4166
0.637898
-1.73033
-1.04037
1.88973
-1.69469
-2.55441
0.297853
2.69584
-0.429322
-1.15132
0.161783
-0.148438
0.288609
-0.113712
0.27316
-0.984638
2.25835
-2.75829
2.3367
-0.290165
1.18396
0.975932
2.72077
2.44309
-3.16179
-0.314385
-0.659166
-1.00667
0.814541
-0.172585
1.17027
-0.890757
-0.256315
3.30065
2.88839
0.707613
-0.796251
3.03285
2.01987
1.5756
1.46748
-1.84926
2.62713
2.30063
0.254121
0.57437
-0.915747
0.432614
-2.43874
-0.305299
3.61733
0.5081
-0.849871
2.31699
2.48347
-2.49743
1.61399
1.36447
-1.03171
1.08076
-2.07979
1.39009
0.305794
0.529305
-0.840563
-0.858886
1.3998
-1.09896
-1.58146
0.688705
0.0184044
-0.365347
-0.329172
5.25536
3.87203
-2.48278
0.731903
0.777399
2.52432
0.865145
0.0804473
0.754852
-0.642873
-0.0963298
1.51788
0.436385
0.318944
1.51443
0.945417
-4.98697
-4.84178
-2.09833
-1.45248
-0.780166
-0.115043
1.43756
1.53406
0.267954
-3.61182
-2.29663
-0.339592
-1.02205
0.164797
0.939792
-0.995749
-4.66398
1.97511
-1.83583
2.89897
-0.858269
0.899123
0.20404
1.25361
0.697255
-1.68501
0.631995
0.837744
-0.511354
0.212636
1.21726
1.6542
3.3139
0.346058
0.57973
-4.06611
3.18323
-3.56961
0.15468
-0.0551297
-1.1204
-1.38214
-1.14609
0.264931
-0.608161
0.228982
-1.423
-1.01588
0.142065
0.90595
-1.36049
3.30622
-3.66476
1.73728
-1.62156
-0.465032
0.160017
0.935237
1.8764
2.04552
2.12761
0.20006
-1.2446
0.0306408
0.830972
-1.08522
0.484112
-2.54209
4.38463
-2.36887
0.932884
-2.21104
-1.30635
0.380773
-2.44489
1.03358
-0.367485
0.217183
-0.660477
-0.348443
-0.615336
0.535623
0.16254
1.30819
0.153973
0.245856
3.05274
-0.867318
3.44636
0.173432
-2.98359
2.11719
-0.403485
0.415234
-0.166781
1.18706
2.21121
0.58961
-2.25041
-1.16597
-0.282933
1.78555
-3.49421
-3.55585
0.721598
-0.614519
-1.2557
-3.94617
0.209885
2.0992
0.752668
-0.907321
1.97142
-1.45991
-4.93095
-1.10311
-0.616308
0.351307
0.114535
2.33599
0.207045
-5.07995
0.38549
-0.0308288
-0.890501
0.247397
-1.24499
1.00041
0.30438
0.235474
-0.290651
-0.0694334
0.158921
0.0280126
0.0010918
0.0278398
-2.16329
1.03281
0.620642
2.01531
1.69263
1.2875
-0.042521
5.25666
5.64919
-1.61494
-1.10135
1.69476
1.46113
-1.44599
-2.72547
-2.21157
-2.65212
-1.6916
-1.48151
-0.0652683
-0.487359
-3.51582
1.26984
-0.630154
1.03279
-1.61638
6.74362
-6.43741
-4.24877
5.26847
1.22844
-0.688824
-3.51583
5.41122
-4.42441
-1.07345
2.09471
-5.99187
-4.78879
4.37246
-2.7879
-1.07291
1.37824
-8.51062
0.166378
-4.71217
-5.72784
2.08674
-7.48145
4.04109
1.81099
-2.34323
2.96636
-4.37998
-1.86655
1.71134
0.475249
-1.40869
-4.71203
-1.82041
-8.18008
-2.0342
4.75698
-3.13511
-2.34853
2.00782
-4.00917
-1.88565
-2.95355
-0.880841
