[-0.3386030410580929,
 -0.7898175741466673,
 0.6451067839336702,
 0.1664477612500832,
 -14.592705564608252,
 -0.4888574371856578,
 -5.7237671379694035,
 0.17213030775138805,
 -0.01367221516892414,
 -1.089164234162297,
 0.024859146159712964,
 0.02498873407594715,
 0.9882725358135076,
 0.8848029955919401,
 6.437060119724549,
 1.176602198490798,
 0.9816921219525341,
 -0.0640689824059848,
 -2.5168808749696723,
 -0.9952129519005837,
 3.2532701822202057,
 1.4239111554772705,
 1.1435524184542771,
 0.2271955042871383,
 -1.3588456407108538,
 0.050662360311264365,
 14.710308229602731,
 -0.9997008990640666,
 2.0669199425235973,
 0.6252302816332076,
 -4.297166614437785,
 -1.6628311541938743,
 0.6206834606555276,
 2.0353411506402495,
 -1.51693969559782,
 -0.20497950041806234,
 -0.6201715985536111,
 0.3490772975630847,
 0.4906941242940661,
 -1.690655182152284,
 -14.969837335916338,
 0.4886296111484967,
 0.7453611525017294,
 0.8961357422991796,
 -0.5553270975956366,
 -1.0893139695786687,
 0.3569035630857229,
 -15.159574910480671,
 -0.9911243249495953,
 14.795371956290921,
 0.10940985862995944,
 0.6245910946574895,
 0.4319436229405085,
 0.5485365090211758,
 0.18251047452494618,
 -0.3075123296858919,
 -14.594552477957393,
 0.673414440217357,
 -0.2307146724501763,
 0.9794693379915316,
 -1.9328232045551488,
 -0.6784037021699305,
 0.24925114283354333,
 -2.6633402943606796,
 1.7748555120683989,
 0.6077538526387798,
 -0.6287480413287767,
 -1.7838300182315976,
 1.065270035251629,
 -0.021447999809140583,
 -1.1932904712605819,
 -1.5044886663118788,
 14.664759424256772,
 1.4906082343657516,
 -0.18401632287705638,
 -0.22238174798951604,
 -0.95624886140439,
 -0.3892983759599815,
 -1.7270540673954713,
 -2.0153088160849393,
 -14.913346366706776,
 -0.9298068379500819,
 0.9480780308882402,
 -2.9301180251454184,
 1.870948807965533,
 -0.9869050015672087,
 -1.0211014506973868,
 -0.623425919575709,
 0.742200428064379,
 -14.663759284361277,
 0.010280178772291038,
 -0.047691059850365036,
 -0.8750640225869688,
 -0.5390807596303375,
 -0.6695614906512475,
 14.64211768043873,
 0.6707559907779341,
 -0.004624325160364151,
 14.676670773872615,
 -1.6709415075738434,
 -1.0324675944773958,
 -1.5123262606978969,
 -0.25063145311935386,
 -2.394558435927138,
 -1.9872407882958782,
 -3.4060772205237413,
 0.1639633682801218,
 0.47691529424656665,
 14.652588289749303,
 -0.45050997696790773,
 14.64552332068655,
 0.9004735018048038,
 1.6787762062522447,
 -0.46455481532561294,
 -0.2707532718474397,
 0.8054675795578419,
 -1.1197083522843343,
 0.799149068413243,
 -0.1266262716877975,
 -0.43310478141653164,
 0.6491295189649691,
 -0.7925502934011206,
 -0.2176956398928951,
 0.6981984521574418,
 0.500661334965514,
 -0.4029533709964426,
 -0.5468825307919474,
 -0.6205819283856329,
 -2.775290328383498,
 4.1256131600227945,
 -0.40283394412372786,
 -0.0072266427596332505,
 -0.17279976694601373,
 0.569412206478944,
 0.9573370311126865,
 -0.6070132213597788,
 0.6929906178713736,
 -1.10421703765347,
 1.077605386207921,
 -0.9763856099970099,
 0.9400993359055363,
 14.606347746257143,
 0.6043843836127962,
 -1.3755851075781038,
 -0.37955487080785133,
 0.8094904769457543,
 0.7719555539601757,
 -0.20316099098283757,
 -0.8764191536972135,
 -14.947279438779844,
 -14.597265262106873,
 0.6245320160553547,
 0.613125078463213,
 -0.35272067642983984,
 0.9347575196423037,
 0.6584725048711846,
 -0.21010854476071472,
 0.08914715048018707,
 0.007907221157324784,
 -0.1932071062071543]
