[-0.5906900423978811,
 18.64782256359439,
 29.58483920687638,
 -1.0336644141447664,
 19.017696451299912,
 3.0036975297105073,
 -36.27039440897125,
 -0.5332129812375683,
 -0.3905026005485297,
 -1.5071266287379785,
 -17.682021790440245,
 -50.22863007252397,
 0.6078679830878286,
 -1.95842715246107,
 29.414383979083652,
 -17.82212785694665,
 -0.535188321699394,
 3.002118125977006,
 29.42620261073381,
 -1.4217538161949221,
 -1.786228587448818,
 60.81030858576719,
 -0.9905431302794625,
 -1.281548162102041,
 0.014921174689419558,
 -1.1138526153520445,
 -2.1004824368719,
 -1.5495662962704273,
 -0.03619479783270663,
 -36.452222903978736,
 -0.41887007544823973,
 -17.995791099698906,
 -1.9771602054364052,
 -0.07608197132913119,
 -2.034381367220817,
 -0.9619398324008159,
 -0.7374219896139778,
 2.2923871443596937,
 -0.8724861905460557,
 1.1136709931643765,
 -2.181397545844959,
 4.354051048778558,
 -1.2289845655693625,
 0.717552095202052,
 -36.31685725206217,
 -36.4866633394543,
 -0.06455527252023785,
 0.701427834225484,
 -0.22532078595551752,
 -0.5458338570882688,
 -36.326665571714294,
 0.3881797855997604,
 29.647300773978145,
 -18.1899441875549,
 19.017224180683172,
 3.2318778862647832,
 -17.99802370524621,
 -1.2556403847337947,
 -2.021378763227588,
 -2.1027383654414393,
 14.666886108272962,
 0.4485039135762747,
 -17.720676893846274,
 -1.8399581868671362,
 -0.5258995471275085,
 29.58337904672345,
 -1.9949483083981931,
 1.9318106838508697,
 5.567128080023593,
 -2.0870633307487907,
 -1.9807724161221785,
 -17.78617171069712,
 19.05506281570456,
 -0.7277402988985955,
 3.3112806295226846,
 0.01039030554375131,
 0.15536947009962887,
 18.65345513959386,
 0.5861054914283272,
 -1.7141746604197579,
 0.5543168155703313,
 -36.50084187575178,
 -18.180883299223368,
 -36.594031655738945,
 -1.231946948816585,
 -0.589532678976127,
 0.5575570246290056,
 2.9273618152991503,
 175.47790240138892,
 -38.85139551351347,
 0.23822431298884794,
 1.0050782014208153,
 -0.6182824775665665,
 3.0584912664013473,
 7.255508341652785,
 -17.953466559802024,
 1.2054248474119618,
 1.006032927597289,
 29.484028167946803,
 -0.24734841745674885,
 -0.37598876133847625,
 -1.5709125396527384,
 -1.2835333412516263,
 49.158499452438605,
 0.1947322246829799,
 1.298836116817796,
 3.0060638596097533,
 0.496005822097942,
 1.4859843044702927,
 -0.9277215239363272,
 0.680108795036034,
 -1.1330138269922827,
 -2.2020056776154036,
 0.5066362367644786,
 -0.20649841711053796,
 -1.5853814169404927,
 -17.820247503674665,
 2.4466801203832205,
 0.020620928891645462,
 -36.52720410801464,
 -0.8408190805606921,
 -2.3470812701837076,
 -0.502618781577695,
 -0.4858984555733059,
 18.76578485584929,
 -49.857202816299704,
 -1.0816482708752062,
 -0.4747288865503947,
 -17.759946758089058,
 -2.1004016922917117,
 -18.18118479932251,
 -0.49319255494268077,
 7.02259843240995,
 -0.2403185404600663,
 3.36498384622638,
 -0.07693780897761826,
 -0.5426468496081611,
 -1.0868984728060695,
 2.0437327254666116,
 -50.21843710636675,
 7.958556741640905,
 -0.4349794031806482,
 2.1977906969331116,
 1.4840769571102612]
