[36, 16, 16, 4]
1.99391
-0.587533
1.03195
1.09394
-1.45666
0.0358113
-1.11111
0.117137
-0.507163
-0.158975
0.570901
-0.47124
0.57577
-0.0180136
1.26874
-0.782243
1.76096
-0.392571
1.0546
0.414797
-0.953942
-0.803201
-1.11381
1.44575
-0.507171
0.151743
0.377992
-0.601434
0.616535
-0.00250544
1.28617
-0.820802
1.78032
-0.204823
0.986121
-0.143217
-0.835902
-0.494543
-1.14746
0.0752649
-0.536895
0.246974
0.10756
-0.848605
0.648858
-0.0196976
1.24073
-0.626923
1.60958
-0.216815
0.953954
1.24502
-0.209003
-0.654986
-1.10579
0.259465
-0.522355
0.348497
0.00919509
-1.14527
0.692827
0.0271933
1.19643
-0.56979
1.42726
-0.206057
0.932612
-0.369822
-0.119278
-1.17568
-1.13428
-0.524631
-0.520788
0.0126221
-0.0117699
-1.23539
0.717569
0.0461378
1.17515
-0.496536
1.28569
-0.172428
0.914486
-0.0282193
0.439541
-0.428224
-1.13194
-0.18194
-0.518165
-0.0767891
-0.168885
-1.35561
0.752558
0.0733284
1.15922
-0.444946
1.11798
-0.112579
0.882901
1.56202
0.0236443
0.255848
-1.16726
-0.528449
-0.518493
-0.533646
-0.372636
-1.45503
0.771646
0.108804
1.15225
-0.441484
1.01315
-0.0745649
0.823325
1.39289
1.36494
0.709113
-1.17634
0.0636147
-0.513047
-0.64736
-0.642014
-1.61881
0.816841
0.167239
1.13617
-0.398779
-0.333073
-0.314459
0.650228
-0.163422
0.988921
-0.035644
-1.54041
-0.361353
-0.484039
-0.63044
-0.857542
-1.89239
0.876962
0.323172
1.01095
0.423275
-0.120258
-0.815786
0.533058
-0.103363
-0.853732
0.386372
-1.48706
0.960808
-0.391078
-1.18301
0.00322952
-2.12144
0.775134
0.432434
0.882488
1.3616
-0.240846
-0.866197
0.514722
-0.66407
-1.17923
0.512436
-1.37492
1.5675
-0.393348
-0.386842
0.215177
-2.11619
0.745755
0.422457
0.866715
1.42858
-0.29327
-0.909637
0.507739
-0.651038
-1.15675
0.373055
-1.28085
0.917128
-0.388628
-0.178666
0.403217
-2.13962
0.724777
0.414142
0.85639
1.45567
-0.298291
-0.956529
0.483714
-1.29992
-1.08106
0.191293
-1.23236
0.746433
-0.386645
-0.160724
0.56288
-2.07627
0.706159
0.416827
0.847952
1.48944
-0.999902
-1.08239
0.443613
-1.62591
-0.986814
0.689079
-0.979388
-0.163625
-0.339349
-0.30056
0.686137
-2.14974
0.751146
0.456612
0.857535
1.5949
-1.03783
-1.16251
0.430072
0.228095
-0.606392
0.69166
-0.854159
0.294808
-0.331608
-1.12779
0.835587
-2.23633
0.744411
0.460095
0.83449
1.54344
-0.960505
-1.15176
0.410886
-1.97331
-0.210749
0.348565
-0.929742
0.361865
-0.374394
-0.227349
1.12498
-1.81526
0.657381
0.4139
0.820664
1.73276
-0.77113
-1.28543
0.314352
-0.289452
1.08969
-0.08262
-0.756859
-0.304358
-0.395514
0.724444
1.77891
-1.69043
0.557641
0.357452
0.770455
1.68626
-0.504962
-1.33969
0.176462
-0.696837
0.778191
0.470054
-0.750919
0.0770045
-0.418222
0.225852
2.13696
-1.46495
0.533694
0.303165
0.784648
1.32249
-0.252981
-1.32387
0.194024
1.21623
1.6771
0.0479198
-0.644515
-0.207015
-0.416307
0.737608
2.0787
-1.52256
0.53426
0.305308
0.792706
1.16356
-0.0266924
-1.29509
0.204937
0.588509
0.513129
-0.566567
-0.725349
-0.301
-0.430047
0.681322
1.94774
-1.47041
0.551189
0.283483
0.811977
1.05046
0.120399
-1.22248
0.211045
-0.991171
-0.0905748
-1.19746
-0.830808
-0.305204
-0.459298
1.1962
1.86406
-1.35121
0.535803
0.223955
0.836317
0.936535
0.242916
-1.22506
0.216526
-0.630936
-0.510855
-1.0025
-0.830318
-0.19866
-0.470006
1.49684
1.90091
-1.27723
0.550917
0.198334
0.851196
0.833563
0.345632
-1.24528
0.214403
0.157623
0.512644
-0.894269
-0.696431
0.147243
-0.483973
1.87297
1.96057
-1.20971
0.568161
0.169344
0.860104
0.684226
0.353779
-1.22185
0.227691
1.30652
-0.620949
-0.816325
-0.630426
0.413015
-0.5151
2.66147
2.03753
-1.09811
0.561369
0.0863909
0.882167
0.492597
-0.315015
-1.83918
-0.218839
-1.14094
-5.0849
0.633342
-0.357336
-0.0377849
-1.013
-0.0734938
-0.686789
1.5473
-1.1959
-0.741359
0.716086
-2.37148
2.11479
-0.958085
0.644783
0.49766
-1.8919
0.244058
-1.06437
-0.309299
-0.560352
1.03638
1.27038
-0.872598
0.610334
-0.0611635
1.04138
-0.0834764
2.36513
-0.901153
0.710469
0.697249
-1.5225
-0.2228
-1.13738
-0.0137861
-0.548456
-0.670661
1.17701
-0.944962
0.614725
-0.0542808
1.06369
-0.177147
2.60283
-0.837842
0.745952
0.0257944
-0.772006
-0.351547
-1.1218
0.69392
-0.550674
-0.425931
1.00156
-0.950619
0.613107
-0.0565416
1.08193
-0.243399
2.67119
-0.765801
0.7798
-0.49173
-1.01723
-0.517752
-1.17373
0.0204099
-0.553604
-0.525361
0.953414
-0.946115
0.589558
-0.0792365
1.10621
-0.318472
2.95304
-0.7009
0.820556
1.00677
-0.602893
-0.298906
-1.15715
1.01448
-0.558518
0.0218767
0.85439
-0.916283
0.571394
-0.0925419
1.12434
-0.391621
2.73443
-0.686935
0.872651
1.55829
-1.19959
-0.179081
-1.15773
0.921853
-0.542082
0.34546
0.847191
-0.862686
0.56251
-0.0818605
1.15493
-0.493117
2.44366
-0.685072
0.935014
0.829837
-1.48897
0.108684
-1.12703
0.406684
-0.529253
0.220265
0.742255
-0.684015
0.561512
-0.0580726
1.19774
-0.628295
1.38731
2.64015
-0.301753
1.12107
4.02105
-1.82961
1.97589
4.92073
3.12098
1.35902
-0.934892
0.681798
-1.68731
1.78227
2.36729
3.3791
-1.64908
-2.23524
0.86117
1.15176
-2.19783
0.910088
-1.32356
-5.1592
-2.29276
-0.966049
-0.501113
-0.0518409
1.06756
-2.74546
-2.8765
-2.52202
1.88252
-2.78088
-0.985203
2.41105
-6.43884
-3.46207
-2.97843
-3.21628
-1.84732
-2.09268
-2.59925
0.569728
1.43789
0.0629203
-0.482726
4.67729
-5.31795
-0.0665298
2.5106
-4.62372
0.508207
-0.463725
1.19126
-0.289929
-1.90518
1.88939
0.239626
-0.965391
7.47124
-2.51704
2.1026
-5.19678
0.589926
0.412419
-0.149148
2.28044
0.996195
-0.062047
0.65302
-0.465704
-0.222005
1.12492
-1.43587
0.629413
-0.62006
0.342244
-0.450954
0.829413
0.382309
-1.60099
3.69627
1.03872
3.13284
-2.46151
2.02699
-2.29201
0.240466
-0.31252
0.986228
-3.48772
0.316125
-1.13066
-0.19257
-0.149371
2.60368
2.5247
-0.305677
-3.83516
-2.48637
-0.636642
-0.288487
1.62163
-1.10794
-1.27538
2.72332
0.0157076
2.68506
1.76564
0.411945
0.0221379
0.955882
0.624659
1.64678
1.03367
-3.58848
-1.68842
0.747051
-1.29572
0.712015
-0.68212
0.568073
-1.29644
1.59997
0.0835829
-1.93414
1.23255
-0.336853
-2.63791
-3.31177
-1.11206
3.42722
-1.05348
-0.182361
-0.02722
0.30654
0.337578
0.842952
2.67751
-0.659705
2.19146
-3.8899
2.11389
0.941089
0.890496
-0.386491
5.79005
5.34234
-2.35788
-2.6308
-0.921877
-0.696181
-2.23764
0.393058
-0.939766
1.57733
0.245227
0.82075
-0.379852
-0.498421
0.501054
4.09514
0.960846
1.62704
3.09381
0.555219
0.945191
1.06884
2.10001
2.54949
0.182944
0.486098
-0.309784
2.06352
0.251091
1.49266
-0.611287
3.94407
0.721664
-2.08846
2.85267
2.17444
-0.75858
0.356771
-3.08543
-0.171743
2.55168
-1.2282
0.464527
1.01656
1.8397
1.59467
1.21399
-2.2868
0.906378
-0.443925
-2.5709
1.9812
3.67339
0.116873
-0.9857
-0.493471
-3.04022
-2.85383
1.38096
0.676258
-1.6389
-4.51856
4.34882
3.56328
2.66695
2.80918
-1.05695
-7.79829
-3.12863
-4.37067
5.4845
2.61296
-5.99145
0.822159
0.571621
0.497158
2.43649
0.660612
-1.07904
-0.568423
-0.793894
-0.405378
1.11498
-0.386798
0.381887
0.710634
3.65438
0.08534
-1.39581
-0.0930125
0.44145
-0.0824246
-1.44952
2.0736
0.401474
-2.98808
-2.32814
-1.86529
0.76351
2.69415
1.85886
0.238022
-5.48284
2.59029
-0.252344
0.356705
-1.8238
-1.51384
-0.376838
-0.956069
0.513528
0.302584
-1.43683
0.110662
2.02709
-0.173974
1.46154
-0.291961
4.32422
-1.04157
0.596935
-0.128715
0.706511
0.176086
-1.49293
-0.930886
2.05866
0.304513
0.721124
2.7773
1.22869
-2.63908
-0.877708
-2.1028
1.73409
6.61342
-0.895716
-0.00370628
-0.198543
-0.917947
-2.26458
-6.48272
2.28567
-0.182592
0.35179
-0.336449
1.37517
-1.73162
1.68442
1.49486
-0.430597
-0.096355
5.55154
1.58202
-3.05269
2.22176
0.294332
-2.06292
-1.55135
-0.948255
-1.23368
-3.80492
2.89952
2.87455
-0.578034
-2.70117
2.88376
-3.82844
6.21929
-1.20641
-7.91493
0.169146
-1.7704
-0.646827
-3.23047
0.0375894
3.1806
-0.452315
-0.208898
-0.426926
0.647737
-0.0823551
-3.54896
-1.11908
-0.315241
0.42729
-2.10827
0.734175
-2.4799
1.82982
0.115976
-0.971936
1.90489
-1.05586
0.320599
-0.00363997
-0.244367
-1.20899
1.05376
0.3485
0.992457
-1.70822
-2.70437
-1.38435
0.804198
-11.2399
12.7052
-0.825922
-4.59195
4.47507
-7.0813
-9.2888
0.757541
-2.92733
6.15325
-2.31805
-3.3881
-1.1079
-4.67643
0.0524207
-0.778139
0.110911
1.47044
-8.51113
3.99205
4.52073
-4.22199
7.07833
-5.53249
-2.12834
0.372876
8.58751
-14.2033
-10.1585
-4.51384
-7.18253
-7.06547
-1.6787
-3.27608
-0.379272
-1.97695
-2.77537
-0.00446313
-1.27454
-1.76751
-2.66487
-3.48334
2.1971
1.28086
11.3464
-8.12575
2.34747
-3.85214
5.55925
2.79261
0.18491
6.82835
8.47993
-5.28738
-5.76055
0.288189
-4.6557
-2.62352
-3.90402
-3.31187
-1.734
-1.06899
-0.888747
2.96233
-3.34508
-4.97369
-0.823255
1.01969
