[229, 9, 9, 4]
0.0
0.0
0.0
0.0
0.0
0.0
0.0
0.0
0.0
0.0
0.0
0.0
0.0
0.0
0.0
0.0
0.0
0.0
0.0
0.0
0.0
0.0
0.0
0.0
0.0
0.0
0.0
0.0
0.0
0.0
0.0
0.456976
0.0
0.0
0.0
0.0
0.0
0.0
0.0
0.0
0.0
0.0
0.0
0.0
0.0
1.23342
1.42446
0.479893
0.45844
0.787637
1.54878
0.731463
0.1547
-1.25101
0.0
0.0
0.0
0.0
0.0
0.0
0.0
0.0
0.0
0.4457
1.29722
0.365434
0.0724257
-0.328863
1.59456
0.0479931
0.0154469
-1.17535
0.0
0.0
0.0
0.0
0.0
0.0
0.0
0.0
0.0
-0.544529
1.26936
0.453063
0.380058
0.257496
1.53068
-0.178562
-0.096825
-1.15835
0.0
0.0
0.0
0.0
0.0
0.0
0.0
0.134607
0.0
0.0
0.0
0.0
0.0
0.0
0.0
0.0
0.0
0.0
0.0
0.0
0.0
0.0
0.0
0.0
0.0
0.0
0.0
0.0
0.0
0.0
0.0
0.0
0.0
0.0
0.0
0.0
0.0
0.0
0.0
0.0
0.0
0.0
0.0
0.0
0.0
0.0
0.0
0.0
0.0
0.0
0.0
0.0
0.0
0.0
0.0
0.0
0.0
0.0
0.0
0.0
0.0
0.0
0.0
0.0
0.0
0.0
1.65282
0.0
0.0
0.0
0.0
0.0
0.720806
1.27143
-0.578103
-0.32966
-1.80005
2.87328
0.290902
0.538676
-1.23023
0.0
0.0
0.0
0.0
0.0
0.0
0.0
0.0
0.0
0.0
0.0
0.0
0.0
0.0
0.0
0.0
0.0
0.0
0.0
0.0
0.0
0.0
0.0
0.0
-0.939209
0.0
0.0
0.0
0.0
0.0
0.467366
0.0
0.0
0.0
0.0
0.0
0.0
0.0
-0.331329
0.0
0.0
0.0
0.0
0.0
0.0
0.0
0.0
0.0
0.0
0.0
0.0
-0.413115
0.0
0.0
0.0
0.0
0.0
0.0
0.0
0.0
0.0
0.0
0.0
-0.823037
1.19263
0.443968
1.1351
-0.499591
1.47107
0.354836
-0.37969
-1.13048
0.0
0.0
0.0
0.0
0.0
0.0
0.0
-0.457605
0.0
0.0
0.0
0.0
0.0
0.0
0.0
0.0
0.0
0.0
0.0
0.0
0.0
0.0
0.0
0.0
0.0
0.0
0.0
0.0
0.0
0.0
0.0
0.0
0.0
0.0
0.0
0.0
0.0
0.0
0.0
0.0
0.0
0.0
0.0
0.0
0.0
0.0
0.0
0.0
0.0
0.0
0.0
0.0
0.0
0.0
-1.94635
0.0
-0.975006
0.0
0.0
0.0
0.0
-0.44664
0.0
0.0
0.0
0.0
0.0
0.0
0.0
0.0
-0.716298
0.0
0.0
0.0
0.0
0.0
0.0
0.0
0.0
0.0
0.0
0.0
0.0
0.0
0.0
0.0
0.0
0.0
0.0
0.0
-0.759804
0.0
0.0
0.0
0.0
0.0
0.0
0.0
0.0
0.0
0.0
0.0
0.0
0.0
0.0
0.0
0.0
-0.4891
0.0
0.0
0.0
0.0
0.0
0.0
0.0
0.0
0.0
0.0
-1.00924
0.0
0.0
0.0
0.0
1.31768
0.0
0.0
0.0
0.189814
0.0
0.0
0.0
0.0
0.0
0.0
0.0
0.0
0.0
0.0
0.0
0.0
0.0
0.0
0.0
0.0
0.0
0.0
0.0
-0.181177
0.0
0.0
0.0
0.0
-0.67273
0.0
0.0
0.0
0.0
0.0
0.0
0.0
0.0
0.0
0.0
0.0
0.0
0.0
0.0
0.0
0.0
0.0
0.0
2.31962
1.48156
0.194424
0.196157
-0.312353
1.92705
1.15543
0.775343
-1.25565
0.0
0.0
0.0
0.0
0.0
-0.601783
0.0
0.0
0.0
0.0
0.0
0.0
0.0
0.0
0.0
0.0
0.0
0.000938429
0.0
0.0
0.0
0.0
0.0
0.0
0.0
-0.674093
0.0
0.0
0.0
0.0
0.0
-0.110376
0.0
0.0
0.0
0.0
0.0
0.0
-1.37317
0.0
0.0
0.0
0.0
0.0
0.0
0.0
0.0
0.0
0.0
0.0
1.39142
0.0
0.0
0.0
0.0
0.0
0.0
0.912182
0.0
0.0
0.0
0.0
0.0
0.0
0.0
1.15243
0.0
0.0
-0.637195
0.0
0.0
0.0
0.0
1.28083
0.0
0.0
0.0
0.0
0.0
0.0
0.0
0.0
0.0
0.0
0.0
0.0
0.0
0.0
0.0
0.0
0.0
0.0
0.0
0.0
0.0
0.0
0.0
0.0
0.0
0.620052
1.19804
1.78758
0.0316525
1.23859
1.20138
-0.0531599
-0.54641
-1.2296
0.0
0.0
0.0
0.0
0.0
0.0
0.0
0.0
0.0
0.960935
0.0
0.0
0.276481
0.0
0.0
0.0
0.0
0.0
0.0
0.0
0.0
-0.311084
0.0
0.0
0.0
0.0
0.0
0.0
0.0
0.0
0.0
0.0
0.0
0.0
0.0
0.0
0.0
0.0
0.0
0.0
0.0
-2.48973
0.0
0.0
0.0
0.0
0.0
0.0
0.0
0.0
0.0
0.0
0.0
0.0
-1.13541
0.0
0.0
0.0
0.0
0.0
0.0
0.0
0.0
0.0
0.949926
0.0
0.0
0.0
0.0
0.0
0.0
0.0
0.0
0.0
0.0
0.0
0.0
0.0
0.0
0.0
0.0
0.0
0.0
0.0
0.0
0.0
1.13547
0.0
0.0
0.0
0.0
0.0
0.0
0.0
0.0
0.0
0.0
0.0
0.0
0.0
0.0
0.0
0.0
0.0
0.0
0.808731
0.0
0.0
0.0
0.0
0.0
0.0
0.0
0.0
0.0
0.0
0.0
0.0
0.0
0.0
0.0
0.0
0.0
0.0
0.0
0.0
0.0
0.0
0.0
0.0
0.0
0.0
0.0
0.0
0.0
0.0
0.0
0.0
0.0
0.0
0.0
0.0
0.0
0.0
1.55537
1.44271
0.255311
0.283992
0.652364
1.8665
1.25594
0.784574
-1.24571
0.0
0.0
0.0
0.0
0.0
0.0
0.0
0.0
0.0
0.0
0.0
0.0
0.0
0.0
0.0
1.33212
0.0
0.0
0.0
0.0
0.0
0.0
0.0
0.0
0.0
0.0
-0.457655
0.0
0.0
1.05192
0.0
0.0
0.0
0.0
0.0
-0.247399
0.0
0.0
0.0
0.0
0.0
0.0
0.0
0.0
0.0
0.0
0.0
0.0
0.0
0.0
0.0
0.0
0.0
0.0
0.0
0.0
0.0
0.0
0.0
0.0
0.0
0.0
0.0
0.0
0.0
0.0
0.0
0.0
0.0
0.0
0.0
0.0
0.0
0.0
-0.191763
0.0
0.0
0.0
0.0
0.0
0.0
0.0
0.0
0.0
0.0
0.0
-0.624957
-0.735571
0.0
0.0
0.0
0.0
0.0
0.0
0.0
-0.222028
0.0
0.0
0.0
0.0
0.0
0.0
0.0
0.0
0.0
0.0
0.0
0.0
0.0
0.0
0.0
0.0
0.0
0.0
0.0
0.0
0.0
-1.79874
1.15277
-0.169359
0.751303
-3.05177
-1.67958
0.422791
-1.46023
0.250779
0.0
0.0
0.0
0.0
0.0
0.0
0.0
0.0
0.0
0.0
0.0
0.0
0.0
0.0
0.0
0.0
0.0
0.0
0.0
0.0
0.0
0.0
0.0
0.0
0.0
0.0
0.0
0.0
0.0
0.0
0.0
0.0
-0.0255009
0.0
0.0
0.0
0.0
0.0
0.0
0.0
0.0
0.0
0.0
0.0
0.0
0.0
0.0
0.0
0.0
0.0
-0.255252
0.0
0.0
0.0
0.0
0.0
0.0
0.0
0.0
0.0
0.0
0.0
0.0
0.0
0.0
0.0
0.0
0.0
0.0
0.0
0.0
0.0
0.0
0.0
0.0
0.0
0.0
0.0
0.0
0.0
0.0
0.0
0.0
0.0
0.0
0.0
0.0
0.0
0.0
0.0
0.0
0.0
0.0
0.0
0.0
0.0
0.0
0.0
0.0
0.0
0.0
0.0
0.0
0.0
1.10816
0.0
0.0
0.0
0.0
0.0
0.543102
0.0
0.0
0.0
0.0
0.0
0.0
0.0
0.0
0.0
0.0
0.0
0.0
-2.75447
0.0
0.0
0.0
0.0
0.0
0.0
0.0
0.0
0.0
0.0
0.0
0.0568486
1.42855
0.100514
0.859274
-0.694344
2.04908
-1.3227
0.756629
-1.14598
0.0
0.0
0.0
0.518082
1.45044
0.0
0.0
0.0
0.0
0.0
0.0
0.0
0.0
0.0
0.0
0.0
0.0
0.0
0.0
0.0
1.535
0.0
0.0
0.0
0.0
0.0
-0.134618
0.0
0.0
0.0
0.0
0.0
0.0
0.0
0.0
0.0
0.0
0.0
0.0
0.0
0.0
0.0
0.0
0.0
0.0
0.0
0.0
0.0
0.0
0.0
0.0
0.0
0.0
0.0
0.0
0.0193185
0.0
0.000466809
0.0
0.0
0.0
0.0
0.0
0.0
0.0
0.0
0.0
0.0
0.0
0.0
0.0
0.0
0.0
0.0
0.0
0.0
0.0
0.0
0.0
0.0
0.0
0.0
0.0
0.0
0.0
0.0
0.0
0.0
0.0
0.0
0.0
0.0
0.0
0.0
-0.917793
0.0
0.0
0.0
0.0
0.618193
0.0
0.0
0.0
0.0
0.0
0.0
0.0
0.0
0.0
0.0
0.0
0.0
0.0
0.0
0.0
0.0
0.0
-0.961467
1.03909
0.327045
-0.0547493
-1.65347
1.07374
0.643908
-0.356331
-0.532702
0.0
0.0
-0.448628
0.0
0.0
0.0
0.0
0.559708
0.0
0.0
0.0
0.0
0.0
0.0
0.0
0.0
0.0
0.0
0.0
0.0
0.0
0.0
0.0
0.0
0.0
0.0
0.0
0.0
0.0
0.0
0.0
0.0
0.0
0.0
0.0
0.0
0.0
0.0
0.0
0.0
0.0
0.0
0.0
0.0
0.0
0.0
0.0
0.0
0.0
0.0
0.0
0.0
0.0
0.0
0.0
0.0
0.0
0.0
0.0
0.0
-1.40586
0.0
0.0
0.0
0.0
0.0
0.0
0.0
0.0
0.0
0.0
0.0
0.0
0.0
0.0
0.0
0.0
0.0
0.0
0.0
0.0
0.0
0.0
0.0
0.0
0.0
0.0
0.0
0.0
0.0
0.0
0.0
0.0
0.0
0.0
0.0
0.0
0.0
0.0
0.0
0.0
0.0
0.0
0.0
0.0
0.0
0.0
0.0
0.0
0.0
0.0
0.0
0.0
0.0
0.0
0.0
0.0
0.0
0.0
0.0
0.0
0.0
0.0
0.0
0.0
0.0
0.0
0.0
0.0
0.0
0.72109
0.0
0.0
0.0
0.0
-0.0479548
1.33196
0.0291784
-0.0209018
-0.525895
2.07168
-0.617136
0.733602
-1.12328
0.0
0.0
0.0
0.0
0.0
0.0
0.0
0.0
0.0
0.0
0.171804
0.0
0.0
0.0
0.0
0.0
1.17867
0.0
0.0
0.0
0.0
0.0
0.0
0.0
0.0
0.0
0.0
0.0
0.0
0.0
-0.229409
0.0
0.0
0.0
0.0
0.0
0.0
0.0
0.0
0.0
0.0
0.0
0.0
0.0
0.0
0.0
0.0
0.0
0.0
0.0
0.0
0.0
0.0
0.0
0.0
0.0
0.0
0.0
0.0
0.0
0.0
0.0
0.0
0.0
0.0
0.0
0.0
0.0
0.0
0.0
0.0
0.0
0.0
0.0
0.0
0.0
0.0
0.0
0.0
0.0
0.0
0.0
0.0
0.0
0.0
0.0
0.0
0.0
0.0
0.0
0.0
-0.969801
1.37506
0.0
0.0
0.0
0.0
0.0
0.0
0.0
0.0
0.0
0.0
0.0
0.0
0.0
0.0
-1.07614
0.0
0.0
0.0
0.0
0.0
0.0
0.0
0.0
0.0
-2.38988
1.34256
1.44108
0.489039
-0.966913
1.19286
-0.0358053
-0.155721
-0.997576
0.0
0.0
0.0
0.0
0.0
0.0
0.0
0.593131
0.0
-0.331588
0.0
0.0
0.0
0.0
0.0
0.0
0.0
0.0
0.0
0.0
0.0
0.0
0.0
0.0
0.0
0.0
0.0
-0.354327
0.0
0.0
0.0
0.0
-1.61671
0.0
0.0
0.0
0.0
0.0
0.0
0.0
0.0
0.0
0.0
0.0
0.0
0.0
0.0
0.0
0.0
0.0
0.0
0.0
0.0
-1.39674
0.0
0.0
0.0
0.0
0.0
0.0
-1.24718
0.0
0.0
0.0
0.0
0.0
0.0
0.0
-1.05257
0.0
-1.31454
0.0
0.0
0.0
-1.04319
0.0
0.0
0.0
0.0
0.0
0.0
0.0
0.0
0.0
0.0
0.0
0.0
0.0
0.0
0.0
0.0
0.550232
0.0
0.0
-0.769541
0.0
0.0
0.0
0.0
0.0
0.0
0.0
0.0
0.0
0.0
0.0
0.0
0.0
0.0
0.0
0.0
0.505585
0.0
2.18533
0.0
0.0
0.0
0.0
0.0
0.0
0.0
-0.699979
0.0
0.0
0.0
0.0
0.0
0.0
0.0
0.199694
0.0
0.0
0.0
0.690027
0.0
0.0
0.588146
0.0
0.0
0.0
0.0
0.0
0.0
0.0
-2.12449
1.2554
-0.0889551
-0.624446
-0.148203
2.27797
0.432338
0.669515
-1.08662
0.0
0.0
0.0
0.0
0.0
0.0
0.0
0.0
0.0
0.0
0.0
0.0
0.0
0.0
0.0
0.0
0.0
0.0
0.0
-0.548113
0.0
0.0
0.0
0.0
0.0
0.0
0.0
0.0
0.0
0.0
0.0
0.0
0.0
0.0
0.0
0.0
0.0
0.0
0.0
0.758042
0.0
0.0
0.0
0.0
0.0
0.0
-0.489869
0.0
0.0
0.0
0.827297
0.0
0.0
0.0
0.0
0.0
0.0
0.0
0.0
0.0
0.0
0.0
0.0
0.0
0.0
0.0
0.0
0.0
0.0
0.0
0.0
0.0
0.0
0.0
0.0
0.0
0.0
0.0
0.0
0.0
0.0
0.0
0.0
0.0
0.0
0.0
0.0
0.0
0.0
0.0
0.0
0.0
0.0
0.0
-1.79877
0.0
0.0
0.0
0.0
-1.55914
1.26664
0.872686
0.0392694
2.41452
1.3605
-0.315669
0.0767252
-1.07949
0.0
0.0
0.0
0.441384
0.0
0.0
0.0
0.0
0.0
0.0
0.0
0.0
0.0
0.809482
0.0
0.0
0.0
0.0
0.0
0.0
0.0
0.0
0.0
0.0
0.0
0.0
0.0
0.0
-0.125288
0.0
0.0
0.657992
0.0
0.0
0.0
0.0
0.0
0.0
0.0
0.0
0.0
0.0
0.0
0.0
0.0
0.0
0.0
0.0
0.0
0.0
0.0
0.0
0.0
0.0
0.0
0.0
2.34297
0.0
0.0
0.0
0.0595232
0.0
0.0
0.0
0.0
0.0
0.0
0.0
0.0
0.0
0.0
0.0
0.0
0.0
0.0
0.0
0.0
0.0
0.0
0.0
0.0
0.0
0.0
0.0
0.0
0.0
0.0
0.0
0.0
-0.0621671
1.12848
0.0
0.0
0.0
0.0
0.0
0.0
0.0
0.0
0.0
0.749528
-1.21435
0.0
0.0
0.0
0.0
0.0
0.0
0.0
0.0
0.0
0.0
-1.57758
0.0
0.0
0.0
0.0
0.0
0.0
0.0
0.0
0.0
0.0
0.0
0.0
0.0
0.0
0.0
0.0
0.0
0.0
0.0
0.0
0.0
0.0
0.0
0.0
0.0
0.0
0.0
0.0
0.150158
0.0
0.0
0.0
0.0
0.0
0.0
0.0
0.0
0.0
0.0
0.0
0.0
0.0
0.0
0.0
0.0
0.0
0.0
0.0
-1.4659
0.0
0.0
0.0
0.0
0.0
0.0
0.0
0.0
0.0
-1.85299
1.2201
-0.0881262
-0.813326
2.62687
2.3832
-0.506762
0.687085
-1.07095
0.0
0.0
0.0
0.0
0.0
0.0
0.0
0.0
0.243131
0.0
0.0
0.0
0.0
0.0
0.0
0.0
0.0
-1.44326
0.0
0.0
0.0
0.0
0.0
0.0
0.0
0.0
0.0
0.332887
0.0
0.0
0.0
0.0
0.0
0.0
0.0
0.0
0.0
0.0
0.0
0.0
-0.15429
0.0
0.0
0.0
0.0
0.0
0.0
0.0
0.0
0.0
0.0
0.0
0.0
0.0
1.25538
0.0
0.0
0.0
0.0
0.0
0.0
-0.0214853
0.0
1.82448
1.07639
-0.0904462
-0.841177
0.82623
2.03149
-0.453473
0.0654867
-0.98624
0.0
1.46072
0.0
0.0
0.0
0.0
0.0
0.0
0.0
0.0
0.0
0.0
0.0
0.0
0.0
0.0
0.0
0.0
0.0
0.0
0.0
0.0
0.0
0.0
0.0
0.0
0.0
0.0
0.0
0.0
0.0
0.0
0.0
0.0
0.546865
0.0
0.0
0.0
0.0
0.0
0.0
0.0
0.0
0.0
0.0
0.0
0.0
0.0
0.0
0.0
0.0
0.0
0.0
0.419108
0.236298
0.0
0.0
0.0
0.0
0.0
-0.0587652
0.0
0.0
0.0
0.0
0.0
0.0
0.0
0.0
0.0
0.0
0.0
-0.61085
1.22323
-0.0911421
-0.107028
3.06873
2.40052
0.466052
0.693811
-1.05927
0.0
0.0
0.0
0.0
0.0
0.0
0.0
0.0
0.0
5.03403
1.06674
-0.811121
-0.230902
-1.77816
1.17977
0.0751742
0.67976
-0.261936
0.0
0.0
0.0
0.0
0.0
0.0
0.0
0.0
0.0
-0.551952
1.228
-1.11128
0.0326622
-2.07827
2.92938
-0.059805
0.563328
-0.939453
-0.762163
0.0
0.0
0.0
0.0
0.0
0.0
0.0
0.0
0.0
0.0
0.0
0.0
0.0
0.0
0.0
0.0
0.0
0.0282534
0.0
0.0
0.0
0.0
0.0
0.0
0.0
0.0
0.0
0.0
0.0
0.0
-0.435393
0.0
0.0
0.0
0.0
0.0
0.0
0.0
0.0
0.170371
0.0
0.0
0.0
0.0
0.569513
-0.0626479
-2.6052
-1.44863
-0.663212
-2.6516
6.19266
2.75957
3.4544
0.614241
-2.02598
2.81554
0.892657
1.08245
1.85375
-5.42505
0.026672
-2.49566
0.482063
1.41766
-3.15743
-2.016
0.786515
1.89434
0.174836
-1.52906
2.01583
1.26005
2.72193
-0.949861
-0.630889
-3.03848
1.35997
0.117742
0.449576
-4.52384
0.412556
-2.09225
0.208601
-0.127146
0.419258
-0.797641
1.72247
2.78458
0.960308
-1.99603
0.39699
-0.5233
-0.112346
-0.41054
2.92401
1.20343
-1.06862
-0.220572
3.06641
3.0533
1.99224
-1.00691
2.17473
1.51647
-1.13402
-2.42617
2.95225
0.193063
1.15854
1.0138
1.31193
-2.02936
-3.44088
-1.04791
-1.41282
-3.44846
1.90448
-3.84466
-4.63338
1.10173
3.64654
0.239523
1.45463
-0.0723617
-0.106505
0.055639
1.98717
2.72288
4.31232
3.80035
-2.18085
-1.43334
-2.80683
3.77195
4.12037
2.55813
2.57201
1.30796
4.15298
5.43642
1.34765
0.891097
-1.74761
1.34773
1.31475
3.29858
1.64061
-0.314313
2.83664
0.529055
-1.01386
-5.37537
-0.101273
-3.09363
-4.7739
0.648067
-0.736656
-4.82618
1.57392
3.92207
-2.66063
-2.95239
7.44288
1.23039
1.11079
-4.65288
-6.69882
-2.65349
-2.52939
-7.42817
0.0303669
1.25949
-0.0388834
-0.578917
-0.0848401
-0.674348
-0.92727
2.54006
0.114354
-0.0243198
-0.770801
-2.9151
-1.49511
1.76033
-6.07424
4.16536
-7.7979
3.41682
0.183422
4.70511
1.89726
-2.061
1.29728
-0.165228
-1.04145
-2.45023
2.07331
-1.17037
-0.6075
6.92053
-8.59523
-4.19867
7.19956
-7.18353
-12.2761
-12.1393
-8.82586
-5.37325
5.24179
-4.11148
7.97205
-3.28866
-3.12649
6.00084
-9.07257
-3.12625
0.670852
-0.523192
-2.97356
