[-39.06950590136603,
 0.5384068984656238,
 -0.1593663775576033,
 0.2110136383926431,
 -0.21006376786363412,
 0.33351514499968005,
 -0.29395966455535927,
 -8.10538202291383,
 0.42431436122052446,
 0.11516347561850182,
 1.2092992346616285,
 0.010976080826026191,
 -0.4573050448730811,
 0.41584681145616287,
 0.32442225078187903,
 0.11571423229557354,
 0.242842653545722,
 -0.37944961382566755,
 0.18098934438208403,
 -0.8881430723046151,
 -0.1078066631043555,
 -0.9199366633707982,
 0.21388041246035527,
 0.19367639699474637,
 -0.7353021181988595,
 -0.1817243515490361,
 0.689806365847474,
 0.09173039930865912,
 -0.6436345345678234,
 0.7933652366889703,
 -1.4080014978148085,
 -0.046830979273863704,
 -0.26862163052936694,
 0.4415887409916195,
 -0.20272273045623024,
 0.3227963675064416,
 0.12152346629718558,
 0.05078597500008186,
 0.18054896546232158,
 0.20105976521995217,
 3.316087071314257,
 1.4756652622633055,
 -1.0758802284570095,
 -0.4719552087731813,
 -1.3482014556438457,
 2.1574305055716536,
 -0.658003215449412,
 0.09021485363922466,
 0.4013829082038569,
 5.3591408880445215,
 0.7605516240300858,
 0.3434150087818466,
 0.11665779732385317,
 -0.8177322380323631,
 -12.443987843768753,
 0.8911312627425616,
 -0.28661328519569906,
 -0.7081760220253273,
 -0.4226040639409021,
 0.1638230840369701,
 0.08493177702769117,
 0.17234018787235073,
 0.06843775611902458,
 -0.6550344851783336,
 6.404386236091796,
 0.8685958108965792,
 0.15676976496978057,
 -0.3505624296296226,
 0.4526946589141687,
 -0.2173776500964948,
 -0.15301585726332068,
 0.09135042257980786,
 0.7635083047646063,
 -1.0677701021394341,
 0.33710066796021465,
 0.3132228823354808,
 -0.23739289993402224,
 -0.28329444508321444,
 -0.953651088042875,
 0.2691509186274743]
