[20, 36, 36, 4]
0.0847385
-0.445869
-0.0144342
-0.00401816
-0.00637291
-0.090071
0.421495
-0.132633
0.305519
0.717665
-0.00517242
0.0618176
0.121824
-0.271383
0.814009
0.017412
-0.559408
0.334262
0.017651
0.157088
0.0495819
0.498818
0.410071
1.63728
-0.398483
-0.436493
-1.52134
-0.0376243
0.0157563
0.00942908
0.167563
0.0280225
-0.128334
-0.0611713
0.456923
-0.71194
0.999122
-0.00723407
0.180872
0.0012275
-0.00416589
-0.294605
0.493005
-1.51884
-0.764548
0.466553
-1.1058
-0.154794
0.24268
-0.647274
-0.968708
-0.429412
-0.821858
-0.011997
-0.806708
-0.0419159
0.045642
0.0584349
0.539252
0.558084
-1.49381
-0.898945
-1.49668
-0.0527799
0.0354094
0.458477
0.189562
0.0262366
-0.587772
-0.0925438
-0.0108363
-0.461425
0.0466852
0.156043
-1.95804
0.377677
-0.560276
0.0986733
0.383142
-0.196812
1.11587
-0.0375305
0.0882666
0.232926
0.852225
-1.00974
0.844751
-0.257536
0.204572
-0.77372
0.519998
-0.00171115
0.43744
-0.963667
-0.141906
0.082974
-0.67172
0.485953
-3.56995
-0.0457623
-0.38544
0.308109
-0.167211
0.00963708
-0.398754
-0.169345
0.185071
-0.637572
-0.173555
1.12234
-0.381816
-0.256983
0.00551911
-0.470681
1.02206
0.777111
-0.627932
-0.245063
0.0275733
-0.0245527
-0.983689
0.832938
0.338972
-0.92786
-0.150007
0.612942
-0.00624126
-0.0785246
0.140368
-0.552934
-0.035509
0.378021
-0.435391
0.593713
-2.07504
0.209636
1.00498
1.04243
-0.0198917
0.00342324
1.49871
-0.0457673
0.117384
-1.36079
-0.148121
0.469265
1.10065
0.0805306
-1.02674
-0.0493928
-0.227765
0.0487793
-1.15729
-0.394966
-0.0265112
-0.154571
-0.16516
-1.05209
0.350065
0.143894
-0.121579
-0.997355
-0.362915
0.283996
-0.187733
0.60344
0.765009
-0.617565
-0.494635
0.361863
1.16489
0.961618
1.94107
-0.0243839
-0.524084
0.309706
3.0955
-0.148316
-0.603441
-1.16588
-0.0236478
1.62334
-0.0899323
0.0349412
-0.88675
-0.138505
1.41422
-0.284365
-0.577007
-1.90539
-0.0131756
0.240799
0.579612
-0.12186
-0.529968
0.0315979
0.33833
-0.982696
-0.0376895
0.151425
0.426328
1.35904
0.85303
0.163545
-1.98127
0.0354488
-1.3965
-0.0202829
-0.00153907
0.236945
-0.556506
2.21278
-0.483723
-0.919466
-0.851709
-0.13621
1.59793
1.0038
0.556285
1.79583
0.00188817
0.0722234
0.426688
-0.323981
1.20116
1.09473
0.0195981
1.12396
1.08476
0.333153
0.384758
-0.00648706
0.501912
-1.45706
-0.0241533
-0.705075
0.250426
0.144566
-0.942715
-0.773825
-0.764158
-0.110205
-1.50618
-0.0114353
0.0145965
0.808368
-1.48724
-0.503948
-0.738212
0.128747
-0.656267
0.315282
0.00111524
1.92838
0.16102
1.31758
0.00355376
-0.070795
0.609124
-0.616205
0.128581
1.43029
0.513858
0.842463
-0.554785
-0.795533
0.422309
0.479229
-0.192194
-0.567051
-0.00630118
-0.794613
-0.413653
0.371781
0.110326
1.48432
-0.441403
2.09906
0.299199
-0.0319247
0.0609256
-0.399914
-0.00100592
-0.00536734
0.0106383
-1.01702
0.503252
-1.22236
0.659977
-0.75335
0.712529
-0.00803589
0.00580586
-0.0788716
0.907719
-0.420284
0.266592
-0.972409
1.01575
-0.245328
1.16194
0.113958
0.0415359
-0.477673
-1.07898
-1.50074
-1.69373
0.362491
0.558825
-0.0808571
0.53484
-0.00247851
-0.521431
-0.373815
-0.994122
-0.955802
-1.55182
1.06526
0.0951272
0.460348
0.507533
-0.225352
-1.20412
-0.520999
0.891764
0.932745
1.37062
0.133734
0.00511939
0.226208
0.469731
0.965391
0.739207
-0.678644
-0.0136595
1.56278
0.258301
0.353047
0.61315
0.0010948
1.32131
-1.55095
0.00586485
0.783435
-0.170617
1.98686
-0.432977
-1.91578
-0.566937
0.879757
-1.86859
0.197038
-0.0108672
0.13934
-2.04396
0.0165227
-0.154925
-0.0880098
-0.742977
0.138783
0.45457
0.798029
0.264628
0.0196786
0.00107246
-0.0572119
1.03822
-0.694832
-0.0337435
-1.48427
-0.0259531
1.03201
1.34911
0.290576
-0.0858695
-0.50727
0.790893
-1.73318
-0.57849
0.865525
0.243859
-0.330526
-0.156611
-0.722425
-0.892707
-0.0668063
-0.802697
-0.498038
0.0897069
0.563604
-0.0659564
1.62938
-0.075606
-2.12423
0.11767
-0.588502
-0.473942
1.01379
0.162261
0.281306
0.173708
0.0142187
0.145802
-0.183118
-2.09772
0.0378043
-0.0507625
0.202395
-0.303889
0.0216189
0.359171
0.00859025
-1.06715
-0.437315
0.0278303
-0.613251
-0.406091
-0.177518
0.353306
-1.77723
-0.55897
-0.357526
-0.163496
0.0759498
-0.00147171
-0.0497595
-0.147461
0.00211544
-0.00805859
-1.00208
0.325983
0.410817
-0.0424867
0.524683
0.308917
-0.00752444
-0.014283
-0.37715
1.02032
1.15908
-0.734044
0.186224
-0.0574158
0.0895101
-0.157464
0.821357
1.3573
-0.846482
-0.319277
-1.16155
-0.904364
0.781703
0.0632904
-0.218848
-0.278428
0.217649
0.157114
1.68879
-0.767343
-0.221432
0.782642
-0.122132
-0.421829
0.00606038
0.0227461
0.0218378
2.34758
0.898557
0.152846
0.196697
0.605183
-0.1039
-0.000212782
0.266883
0.68264
-0.803724
0.796705
-2.22557
0.911636
1.01631
0.661368
0.259479
-0.590162
-0.00191414
0.968982
-0.492256
-1.6526
-0.0430035
0.261152
0.307192
-0.12723
0.0628986
1.54855
0.0735083
-1.13162
0.569227
0.55551
1.16151
-0.315169
-0.475496
0.0555859
-0.0207124
-0.78568
1.09971
0.61249
-0.176723
0.337098
-0.0259163
0.379282
-0.145762
0.61628
-0.738265
0.141341
-0.531235
0.331496
0.225829
-0.0317903
-0.231135
0.452667
0.0191332
-1.0052
-2.52966
0.317795
0.00660146
-0.0788711
0.648357
0.14144
0.693447
0.51481
0.0339891
-1.40927
-0.00710147
-0.750508
0.0414992
0.000845319
0.0223635
0.836739
-0.0999902
0.404958
1.83585
1.05606
0.297038
2.39127
0.378324
-0.00525975
-0.189733
0.904419
-0.205209
0.429172
0.564435
-0.0108281
0.268164
0.678844
-0.588679
0.700689
0.0234833
0.819342
0.44955
0.0126056
-1.39282
0.181926
0.43445
-0.252987
1.43698
-0.113047
1.90749
-0.946043
-0.0295079
-0.00323932
0.257936
0.234616
0.0227956
0.988475
-0.0234062
0.909239
-0.758732
-0.110804
-2.15306
2.95885
-1.8551
-0.00923097
2.31058
-1.1448
0.00653464
3.06454
-1.79221
1.52933
0.995698
-1.69114
-0.328462
3.01653
0.0557772
-0.0165936
-0.757433
-0.253057
0.346238
-0.161915
-0.0277553
-0.67721
-0.480492
2.04289
0.374265
-0.0217278
1.8797
0.130066
-1.14951
-1.3093
0.922458
-0.671444
-1.02421
1.65341
-0.561132
0.218
3.79576
-1.4777
-0.029424
0.934554
-1.61752
1.44348
-2.47371
-1.94332
1.08253
-0.0912465
-1.16394
2.08661
-0.730396
-2.30906
-0.0257595
-0.0445374
1.64032
-1.0236
0.0358103
0.570994
-1.24718
-0.527562
0.970332
0.246412
-0.372154
-1.35781
-0.148683
-1.45924
-0.444946
0.507337
0.158071
-0.300588
1.0287
-0.898366
1.2246
-0.146277
0.399091
0.0353725
-0.0713554
0.0774449
0.218175
0.463013
-0.278827
-0.0308099
1.3934
-0.470559
-1.86655
0.516221
0.018634
-0.0097095
-0.0196133
2.05505
0.226851
-0.0783187
1.35206
1.13601
0.527496
1.16858
-0.015036
-2.97656
0.915875
0.458379
-0.983219
0.0321254
-0.093212
-0.484865
0.84675
0.0360268
0.992574
1.73428
-0.264339
-0.0258929
-0.866924
0.00381323
1.46342
-2.08201
0.185481
-0.474955
0.324753
-0.10974
-0.510576
-0.810097
0.00480052
-0.157768
0.162103
-0.969865
-1.77903
-0.0139074
2.23413
-0.145126
-0.0291978
-1.21611
-0.266587
1.15581
0.229772
0.0361864
-1.86818
-0.629575
-0.0517857
0.0498402
1.57772
0.456451
-1.21048
-0.0225462
0.445125
-0.00930001
0.265095
-1.20332
-0.334782
-0.0930053
-0.095789
1.19506
0.144373
0.115322
-0.109167
-0.0547122
0.316428
-0.11482
0.306479
0.0137788
0.898315
-0.0849373
-0.566834
-0.0610958
0.0929694
-0.295544
1.58302
-0.239229
0.449016
0.925673
0.0820237
-0.17257
-0.465875
0.925932
0.803081
0.0212326
1.47777
-0.596771
0.516123
-0.380637
-1.00139
0.273314
0.40989
0.0669338
-0.195606
-0.177691
0.0162301
-0.000723374
-0.766064
0.740849
-0.0717652
0.0018763
-0.0605701
0.0167024
0.238997
0.380655
-0.295936
-0.153505
0.0254899
0.0237682
-0.0567125
-0.0673832
0.367161
0.0691059
0.110371
-0.27181
-0.137062
0.00974924
0.0409899
0.439258
0.0489882
0.0139379
-0.0734785
0.198641
0.0968336
-0.0927291
0.0401931
0.144188
0.197474
1.25156
0.34916
2.45756
0.0445256
-0.00139838
0.163015
-0.893369
-1.45238
0.406438
0.814505
0.0234087
-0.675108
1.89881
1.41858
-1.05842
-0.0813379
-0.219498
-0.0474117
-0.0476758
0.321054
0.674308
0.212967
1.02002
0.505256
-0.0263476
-2.01836
-0.166642
-0.973417
0.0482787
-0.434143
-0.235913
0.272269
-0.025021
-0.438258
0.910057
-0.225818
1.75289
0.536045
-0.347831
0.0196705
-1.69688
0.239517
0.598282
0.243447
1.07189
0.178554
0.0247887
0.100511
1.47359
0.142374
-0.207925
0.0396569
-0.160794
0.234482
-0.0677311
0.407753
-0.359238
0.42964
-1.09299
0.0500989
0.480668
1.69296
-0.749602
0.19173
0.006656
0.636822
0.214957
-0.0509868
-0.00777143
-0.664138
-0.0176544
0.406664
1.78774
-1.50004
-2.11191
0.0210674
2.48864
0.0116165
0.366854
0.143229
-0.034031
-0.187146
0.0174561
0.0825216
-0.859792
2.14927
-3.07077
1.64267
1.65856
-0.150611
-0.0733423
0.375897
-0.413
0.00633596
0.0951932
0.0403745
1.02697
0.0961702
-0.299405
0.991384
0.593325
-0.0570052
0.123576
0.0920697
-0.0866715
0.065291
0.0339479
0.274186
0.0687713
1.1617
1.92232
2.46281
2.64804
-2.51854
0.357553
-0.813539
0.0417379
0.0059725
0.0149243
0.0488626
0.359852
-0.177239
2.42654
2.23716
0.00538161
-2.09658
-0.0731408
0.384899
-0.194167
0.00738278
-0.00244064
0.0608767
1.65
0.093857
2.3309
-0.0251758
-0.283379
-0.00696215
0.128584
0.0917155
-0.0831509
-0.0319856
0.0588653
0.236689
-0.122151
1.51108
2.09634
2.17634
1.57824
2.96485
2.28642
2.6797
0.428453
-1.09494
0.111978
-1.77557
0.896313
-1.66466
-0.233612
2.67075
-1.61134
1.8788
-0.0363968
-0.558064
-1.63525
-0.0894426
-2.0058
-0.681062
0.80429
-1.66646
-1.43119
2.44007
0.0221599
-4.0936
1.7881
-0.0553017
-2.4988
0.599509
-1.48958
-1.51794
0.126027
0.0668007
-0.0822767
2.48608
-0.527256
3.41138
1.37769
-3.07314
-1.12638
-2.42548
0.0807545
-2.13228
-0.294014
-0.395354
-1.43606
0.103172
0.364424
2.25928
-2.82365
1.6489
-1.00554
0.402019
-1.81532
-0.15722
0.59937
0.870512
0.176441
1.00464
0.108923
-1.53486
0.512424
0.540623
-0.232035
0.782712
0.455009
-0.966055
-0.0464532
0.315976
0.080048
-0.00184253
0.393788
-2.22547
1.44403
1.29445
0.160036
0.37049
-0.0329298
1.33355
-0.308799
-0.0893369
0.231744
0.0400245
-0.254723
-1.55524
-0.462495
1.19984
-0.370679
0.0241538
-0.169979
-1.27168
-0.378685
0.00362821
0.508137
0.0179549
-1.00898
-0.213703
1.77923
-0.763151
0.14798
0.162984
-1.22907
0.924324
0.0205578
-0.53517
-0.0219772
0.0195696
-0.0290805
0.40873
-2.80352
-2.38685
-2.29166
-0.776644
0.0110787
0.614203
-0.236207
0.0434734
0.82634
0.0306272
-0.188106
0.416013
-2.6167
3.20332
-2.05774
0.190793
-0.566811
0.477961
1.26322
-0.108495
-0.209036
0.907365
-0.0297852
0.742444
-0.0788235
-0.244353
0.0374725
-2.46661
0.420123
0.0179443
0.0767919
-1.14354
1.22524
-0.00393473
-0.0220821
-1.24016
-2.82575
1.70197
1.94695
0.944724
-0.00344939
1.2194
-0.310866
-0.421681
-0.581541
0.0735992
1.08782
0.306216
0.481395
-1.69739
2.74685
-0.722591
0.513214
1.66246
1.396
0.207166
2.42424
-0.116997
-0.000146274
1.19472
0.0257688
-1.43703
1.65721
1.71856
0.228917
0.232548
0.0636596
0.0262222
-0.0873421
0.0189167
-0.0211705
0.0370587
1.63415
0.788859
2.09103
-2.42944
1.716
0.0311504
0.292801
-0.160094
-0.110846
0.0221111
-0.00906323
-0.216512
-0.0728905
0.384976
-0.891402
-1.6375
-1.75952
2.42879
-0.0113537
0.065166
0.179062
-0.0302343
0.0114011
-0.0254719
0.0977276
0.0924375
-0.0818596
-0.000970893
0.0786739
0.241694
0.220777
-1.59769
-0.801878
-0.0282021
-0.0194012
-0.92426
0.531813
0.42363
-0.733441
2.05447
-2.59839
-0.448766
-1.29551
-0.904106
0.53662
0.0304293
-0.104218
-0.0586358
-0.00237866
0.334139
1.56378
1.32905
2.41634
-2.50578
-0.830534
0.457437
1.76304
0.0634742
0.00177778
0.112105
0.107438
-0.0619551
2.31927
0.733231
-4.143
2.99655
-0.0357896
0.315728
-0.140858
0.028851
-0.0142018
-0.860332
0.0702033
-0.211074
-0.24553
-2.0908
2.95473
-1.54474
-0.302083
-0.023618
-0.0839272
0.0225047
-0.188122
-0.507417
-0.054574
-0.125675
-0.637608
0.551077
-1.44067
2.18062
-0.878592
-0.397344
1.32876
-0.526775
0.0451524
-0.913323
0.535685
0.100512
-0.0734747
-0.438015
-1.69836
0.0101907
-2.60001
1.18716
-0.189455
-0.00286259
-0.0288346
-0.206196
-0.204697
-0.0864588
0.0372925
0.198312
-0.00294498
0.137836
2.49208
-1.75407
2.68622
-0.00888359
-0.199788
0.0686954
-0.00428553
0.0250516
0.150751
0.0392664
-0.247453
0.0249325
2.62276
-1.78159
-1.40635
-0.14315
-0.00263521
0.370549
-0.0363146
0.00802079
0.0095954
-0.322392
0.268468
0.208739
-2.05357
-0.30027
-0.183756
0.0296226
-0.0161384
1.08253
-1.31303
-0.0521847
0.620715
0.833557
-0.0295634
0.797323
-2.78351
-2.79564
-1.40499
0.0132333
0.151726
-0.272508
-0.0100317
0.422603
0.509433
-0.579177
1.01758
-0.109569
-1.75408
-0.414151
0.335586
1.65289
-0.0388348
0.547372
-0.35287
-0.162538
0.0253563
0.388132
-0.127969
1.07449
0.0564745
-1.83771
-0.131235
2.15626
0.00581433
0.0824752
0.430114
0.0981741
-0.0338945
-0.159447
0.0165404
0.0743061
0.348229
-0.153989
0.416298
-2.73055
0.977905
-0.156511
-0.0735707
0.377145
-0.336415
0.0232254
-0.0313991
0.0258685
0.0407173
-2.06723
-0.206346
0.354215
0.010714
-0.12584
0.145009
2.10002
-0.087897
0.0477157
-0.0176001
0.20959
0.0964695
0.120283
-0.84732
0.0155915
-1.37018
0.305817
-0.100616
0.0528288
0.44679
0.219875
0.00722027
-0.113198
0.467735
-0.113107
-1.52263
1.91373
-0.363254
0.0702806
-0.800791
0.418286
-1.95737
-0.177658
-0.308903
0.371472
-0.131211
2.76546
-1.5271
1.31495
2.15517
0.389631
0.210584
0.0681915
-0.0764102
-0.156672
-0.379644
0.0546875
0.000731719
-0.584376
0.955843
0.120125
-1.41999
1.19099
1.78878
0.0813511
-0.464285
-0.289676
0.0473112
-0.871431
0.702527
-0.298157
-0.914908
1.57442
-1.83552
-1.81928
-2.36212
-1.14089
0.48804
0.12059
-0.3686
0.203423
-0.195222
-2.54401
-2.32477
-1.14312
-1.46796
0.0989442
0.625693
0.124933
-0.0303876
-0.18292
0.193103
-0.504085
-0.00180216
0.0594117
0.010164
0.000166834
-2.53376
-1.02674
2.30232
-0.0250084
0.0176422
0.140689
0.000447499
-0.0709232
-0.0162205
0.00560352
0.0118277
-0.167931
1.52105
0.956503
-0.606709
-0.0801479
0.0919847
-0.0177027
-0.0106281
0.0351707
-0.0686562
-0.0393346
1.83475
-1.81844
0.000343686
0.0330213
2.57055
0.885248
1.59129
2.43763
0.0255803
0.00373586
0.0560262
0.163224
-0.0687657
0.0159682
-0.0251684
-1.94961
-1.9739
-2.42853
-0.019471
0.00628436
0.0171763
-0.156415
0.249235
-0.237076
-0.0386024
0.00864537
-0.00785973
-1.30703
-2.9226
0.548415
1.0053
-0.0347984
-0.0329328
0.16016
0.177118
0.050033
-0.279073
-0.589394
1.02125
0.358483
-1.39219
-2.47119
-2.75642
-0.0343632
0.112369
0.211117
0.270331
-0.695941
0.281686
-0.0590574
0.00901999
0.066157
2.09434
0.51219
-0.961441
-2.19731
0.0142705
2.52914
-3.78358
-0.452377
-0.0348546
-0.0257687
-1.48917
-0.537757
-2.57104
2.55471
5.84349
1.43933
1.77669
0.777853
-0.913839
0.341733
1.15514
1.0111
0.0941027
-1.63351
-0.422235
-0.586929
0.354762
0.128542
-3.19546
-1.72219
0.0285081
0.248412
-0.11683
0.0142935
-0.0120118
0.0370213
-1.20556
-1.14516
1.68524
0.947944
0.0142877
-0.779119
-0.366957
-0.0281375
0.0930751
-0.0530086
-0.0678992
-0.532612
1.71968
1.44869
2.31124
-1.27922
-0.948299
0.43763
0.63549
0.13999
-0.81428
0.470755
0.00683812
-0.475359
0.108857
0.122378
-0.113311
0.176394
1.56312
0.269667
0.20548
2.24895
-0.635601
-0.0267578
-0.00166649
-0.407681
-1.82152
0.620792
-0.388557
3.16664
2.4739
1.57408
-0.318921
-0.286888
0.518573
-0.084748
-0.247326
-0.262587
1.08205
-0.241613
0.476224
-0.646676
1.1783
-1.70842
-0.666624
0.193086
-1.03271
-0.25633
-0.0245077
-0.218927
-0.361375
-1.24113
-0.548668
2.5618
-1.35895
-0.643943
0.0794893
-0.149401
0.126108
0.046202
-0.0346776
0.511042
-0.320455
0.936581
-0.823134
-1.59
2.72547
-0.155421
-0.305259
0.231701
0.106104
0.0620935
-0.313621
0.398967
-0.0718381
0.363709
-2.32106
3.04565
1.93658
-0.27215
0.842877
-0.116595
-0.954847
-0.323507
0.00964314
0.469759
-0.0275605
2.88042
-0.0487369
-0.320118
2.53829
-2.56293
-0.0154629
0.710339
1.62694
0.0164279
-0.027355
-0.307983
0.273284
-0.774237
-0.777977
-3.83175
0.561418
-1.21663
0.940829
0.863061
-0.750674
-0.0497773
-0.689537
0.286184
-0.0149401
-0.0109849
2.01883
-0.551008
-0.970514
3.2263
0.320092
-0.524418
0.0814882
0.702913
-0.0095302
0.716731
-0.122557
0.046535
-0.0807921
-0.6604
2.41707
1.2768
0.0871217
1.09739
-0.412532
0.0188716
0.00240644
-1.71221
0.142765
-0.324427
0.730703
0.106238
0.00963935
-0.263283
0.194012
-2.0413
-0.318977
-1.88806
-0.145269
-0.097787
-0.0604563
0.360694
-1.30977
-0.0948723
-0.0411782
0.367631
-1.23802
0.999278
1.36037
-0.0206444
0.008335
0.160482
0.173965
0.0867399
-0.0753081
0.218929
0.275136
0.555676
1.06594
-3.66201
-2.03431
-0.0362716
-0.0204701
-0.129276
0.437119
0.966626
-0.192652
-0.086542
-0.0568616
0.540342
2.07665
0.155754
-1.34667
1.23383
0.943978
-0.457937
-0.0545404
0.187545
-0.701349
0.376719
-0.320437
-1.72914
-3.26433
0.709749
1.3894
-0.323411
-0.0365652
0.659165
0.231798
-0.0564452
0.0209067
1.11038
-0.759088
1.50474
0.830276
0.295441
-0.218076
0.0176721
1.26261
0.0362682
-0.323448
0.134766
-0.381221
0.287176
0.0178236
-0.405091
-2.08808
-2.61602
-0.0145909
-0.001436
-0.0395124
-0.54125
-0.0611831
0.391092
0.205968
-0.0372314
0.3017
0.133525
0.750911
1.9564
-0.523829
-1.55006
-0.0960785
-0.62589
0.117225
0.118262
-0.130877
0.631687
0.113686
0.159129
0.0624679
0.00954941
1.44893
1.55526
-0.365476
2.42257
0.266607
0.107804
0.0212589
-0.0175868
0.0155217
0.0827361
-1.14622
-0.164718
1.36729
2.80873
1.26798
-0.199193
-0.0731793
0.383728
-0.368511
-0.02288
0.0982088
0.0780205
-0.0467136
0.0784873
0.892338
1.16349
2.1855
0.017351
-2.6533
0.0853841
-0.0824062
0.00222115
0.0422545
0.266798
-0.152172
-0.491821
1.22571
-0.66318
1.69897
-0.827778
-1.9827
0.17816
0.962826
1.27876
-0.0339862
1.18396
0.454233
-0.322554
1.4992
0.0349193
0.953878
-0.0676515
-0.0626533
0.354068
-2.0189
-1.04272
0.437848
-0.0297962
-0.729896
-0.0770595
0.281597
-3.25044
2.80928
-0.158868
-1.34335
0.783896
0.0949271
-0.540401
-0.102998
1.13631
-0.00145518
0.018121
-0.0232868
0.000236224
-0.825883
-0.181354
0.160218
0.0154319
-0.12907
-0.119353
0.00201406
0.00147239
-0.26328
-0.0387672
0.105429
-0.878942
-2.08951
2.9026
-1.17511
-0.0446242
-1.41422
0.0348399
0.012546
0.0534594
0.123595
-0.0228198
-0.481718
1.25957
1.86762
0.639804
0.0400907
1.37126
-0.0135858
-2.33449
-0.00489353
-0.00632213
0.0564507
0.126201
-0.0749374
0.0174695
2.49224
0.0969984
0.272575
0.0637824
-0.0172916
0.178875
0.0153841
-0.0702821
0.439402
-0.143822
-0.107889
0.0131493
2.7406
0.813667
-0.805437
-0.69071
-0.0743791
2.84303
0.0189069
0.0838953
-0.154003
0.0559767
0.22778
-0.0746607
0.469381
-0.888686
1.49544
1.756
-1.06879
-0.0940623
0.0996762
0.236557
0.0012298
-0.0165829
-0.00120187
0.00216443
-0.0125531
0.0989051
-2.54993
-0.000915178
-0.0987709
0.0741343
0.000393806
0.0494298
0.0416318
-0.00605768
-0.0885152
-2.38309
-0.538741
0.11297
1.83875
-0.742916
1.31016
-0.0495018
0.0298679
-0.0261695
-0.0258985
-0.0159353
0.0427739
-0.0799318
2.89182
0.0664847
-2.61266
1.08788
1.81204
0.154055
-0.0805979
0.0166679
0.0264656
-0.347161
-0.747047
0.00018322
-0.0117745
-0.646444
0.229713
-1.54829
1.51926
-0.568152
0.00320139
1.2226
-0.748068
-0.322033
-0.449745
-1.70371
-0.00756019
-2.73735
1.54905
-0.057441
0.139119
-2.47027
0.752836
-0.0186282
0.0051783
0.00605584
0.523141
-0.0865136
0.0138735
-0.545839
-0.105287
0.68609
-2.08228
2.09851
2.07573
-0.440737
-0.0768784
0.795495
0.248704
0.0341431
-0.00072555
0.86204
-0.283793
0.0978229
-0.706585
-1.11861
-1.13277
-0.668018
0.897342
0.651556
0.158796
-0.0295125
-0.0275918
-0.685977
-0.0829465
0.434996
2.50357
2.13152
-0.00632385
-0.185235
-0.278352
-0.37749
-0.408625
-0.0527659
-0.0741553
0.360909
-2.49624
2.91635
-2.50446
-1.70425
-0.316531
0.419419
0.17954
0.251277
0.260118
0.0201214
-0.00202147
-1.61211
0.0503927
-0.237364
0.00912793
0.0160505
-0.035297
-0.368184
0.795093
-0.138884
-0.0907876
0.0102211
-0.00986284
-0.168115
-0.0726401
0.424888
0.411836
-3.00382
2.62246
1.20411
-0.996746
0.347184
-1.16911
-0.272248
-0.00645131
0.447826
0.114793
0.0884313
-1.6751
-1.67102
1.78536
1.0158
0.0212072
0.207886
-0.00376699
-0.115227
-0.156094
0.0840895
-0.00367401
-0.177558
0.588639
2.04534
-0.131295
-0.126548
-0.0155468
0.0365989
0.0295669
0.00831262
-0.0504837
0.268711
-0.222157
0.00270215
0.00980896
0.150338
-0.559983
2.63918
-0.0762288
-0.0137568
-0.207637
0.0424112
0.0808908
0.016858
-0.027494
0.0390544
0.0130029
0.0526479
-2.15361
-0.971237
0.336451
0.126071
0.104095
-0.55865
2.12779
3.81463
-1.8471
3.49511
-3.16036
-1.57404
-2.60718
0.435604
0.0499042
-0.0841414
0.0296585
-0.227193
0.0197791
-0.188903
0.50249
-0.8447
-4.6672
-5.77971
-5.77695
1.59601
5.80118
-6.23016
-1.23196
3.12463
-0.601016
0.89703
-0.479287
-0.62531
-2.93714
-2.32772
-2.42716
-4.63492
-2.2765
-2.86687
2.70568
-1.3443
0.00316769
-0.190988
-0.238554
-0.938535
0.0189491
-4.26738
0.513785
-3.30715
-0.956939
5.09986
3.01003
3.16581
-0.608768
0.985746
0.514679
0.687438
-2.29424
-2.15315
-2.51776
-3.10218
-0.0151893
-0.859184
-0.0183096
-0.67608
0.0202632
1.3585
0.139654
-0.942822
-2.51515
-0.00780526
-1.69898
2.92986
-0.0590108
1.09897
-1.03562
0.987985
-2.59499
-0.700549
-0.598603
-0.702519
3.51773
-2.39883
-1.97586
1.83815
-0.275208
-0.597507
-1.56534
0.0402551
1.51766
0.255167
0.22749
-2.00523
-0.981663
0.911321
-1.2903
-0.211869
-3.12462
-0.249107
-5.67595
3.29024
1.13212
0.160869
0.117872
-1.5603
0.847311
-0.967245
4.20731
-4.17779
-1.13345
-2.91494
-2.20449
-1.08869
-0.155024
-0.0901334
-1.71217
-1.01437
-2.48581
1.95414
4.22726
-2.0404
0.249314
-0.0949109
-0.0506786
0.827583
-0.245895
-1.05622
-1.75048
-0.77559
-0.113447
-0.995242
2.1981
-0.0903909
3.23163
-1.88688
0.558287
-1.12842
-1.43666
2.08724
-2.95366
1.50827
-0.678928
0.54854
1.26408
0.623727
-0.00270017
-0.343001
1.29516
-1.23623
