[28, 36, 36, 4]
-0.0290341
-1.16246
1.41897
-0.0632445
-0.0390456
-0.805752
-0.0600417
0.264654
0.0673356
-0.0590329
0.177937
-0.913322
1.19142
0.267156
-0.478358
0.181078
0.145029
-0.267433
-0.0225355
-0.131627
0.875549
0.183716
0.549457
0.224266
-0.701361
0.557751
0.474728
0.0797409
-0.0174745
-0.46556
0.577434
0.0423573
-0.0337159
0.0138944
-0.472624
-0.976588
-0.0519723
-1.94968
-0.0525056
0.0386762
0.683376
-0.446765
-0.674041
-1.68902
-0.646902
-0.129243
0.253845
-0.688508
0.411879
0.373857
0.0657547
-0.979335
0.336463
0.542743
0.0566475
1.55942
0.499895
0.944437
0.806043
-1.60942
-1.93053
-1.18301
0.201293
0.581755
-1.44617
-0.583604
-0.0424148
0.0732441
-0.00557613
0.0412975
-0.914253
-0.379043
0.0914053
-0.633597
-0.0448198
-0.323957
-0.115915
-0.790546
-0.65694
0.768462
1.13552
-0.417909
0.533641
-1.29093
0.128252
-0.494368
0.503279
0.199628
0.269388
-0.604589
0.197672
0.714227
1.30404
-0.25887
-1.2221
-0.778961
-1.14498
-0.0464054
0.32401
-0.566014
-0.379217
-0.00277888
-0.443488
0.0653642
0.196928
-0.830582
-0.144735
-0.798852
0.154347
-2.40962
0.969191
-0.0158663
-0.083716
-0.331253
0.194146
1.37622
-0.924476
-0.657068
0.996041
0.4208
-0.374633
0.579656
-0.659909
-0.0373898
1.01395
-0.16713
0.654305
0.21289
0.428737
0.500985
1.21693
-0.466057
-1.04435
-1.09875
0.032319
0.0829173
1.1459
0.478228
0.270297
0.0168935
0.538025
-0.370186
-0.324484
-0.475385
0.0442064
-0.289517
0.77412
-1.77013
-0.0389973
-0.851436
-0.109541
0.362944
0.226492
-0.0733953
0.0492407
0.369818
-0.641368
-0.399529
-0.477099
-0.250201
-0.937796
0.575832
1.38199
0.0324038
-0.456494
0.257398
0.0147646
-1.20289
-1.5316
-0.352959
0.29926
0.137784
0.00770454
0.187625
-0.61246
0.0948474
0.54268
-0.608575
-0.715537
-0.809001
-0.866227
-0.951716
0.0301574
-0.613064
0.205959
-0.215277
-0.143793
1.33687
-1.57999
-0.471457
0.998963
-0.240893
-1.67151
-0.382887
-0.283024
-0.490706
1.0682
0.125546
-1.25854
-0.497902
-1.07611
0.43594
-0.00109164
0.123596
-1.39125
0.866238
-0.908037
-0.0245353
-0.234934
1.89171
0.564201
-0.667051
0.0139928
-0.495653
-1.94327
-0.824091
-0.463863
-0.84618
-0.202561
-0.286546
0.756993
-0.430305
-0.623523
1.69315
-0.987881
-1.10832
0.102692
-0.78291
0.187792
0.412805
0.572295
0.580261
0.594278
-0.0692993
-1.45511
-0.81539
-0.0976285
-0.228969
0.85019
-0.449784
-1.85271
-0.431185
0.652212
0.368057
-0.0483051
0.515011
-0.966806
-0.148739
-0.138198
0.221567
-0.777089
0.303581
-0.877977
0.40949
0.153052
-0.093796
-1.28851
0.398557
-1.59346
0.292423
-0.729114
0.371573
-0.519173
0.176138
-0.520682
-0.637734
0.640258
-0.134762
-0.186468
1.03277
0.161565
0.268685
0.2531
-0.181683
0.577569
0.443979
0.180145
-1.87
-0.173027
0.938238
-0.415682
-0.192859
0.817674
0.212659
0.637149
-0.558393
-0.553284
-0.582469
-0.603225
0.193117
0.280406
0.0803228
2.36411
-0.302826
-0.903005
0.772566
-0.621249
1.06105
-0.846632
-0.0210496
0.384355
-0.183057
1.03133
-0.975138
0.295601
0.394656
-0.0384643
0.486326
0.301431
0.213096
-0.0313442
0.267566
-0.480693
-1.50878
0.661936
-0.442648
-0.684379
0.606018
-0.277063
-0.0235139
-1.06554
-2.11312
-0.363899
0.0385376
0.176975
1.06086
0.783089
-0.280522
0.086384
-0.122486
-1.46175
0.368331
-1.28059
0.456632
-0.326333
-1.39518
1.41433
0.421822
1.09156
0.0178151
0.463067
1.46082
-0.453762
0.720537
1.55359
0.575671
0.563196
0.675449
0.100459
-1.07005
-0.173665
0.256136
-0.320058
0.54669
-0.0325868
0.194009
-0.162838
0.353618
-0.107746
0.255331
0.0417856
0.824908
0.317378
-0.0807238
0.168215
0.0979027
-0.397675
0.616949
0.39472
-0.0735861
1.1467
-0.483881
0.878549
-3.64922
0.8464
0.0282257
1.62566
-0.471208
-0.636255
-0.391028
0.788247
0.192161
0.603242
0.56768
-1.27828
-1.132
-0.0995679
0.072731
-0.481532
-0.546424
0.712352
1.35947
-0.481619
0.344961
0.233054
-0.918063
-0.774879
-0.232711
1.27737
-0.0550402
-0.370135
0.0463565
-0.0929245
-0.0649436
0.210811
-1.08592
-1.23072
-0.404928
1.99489
-0.435932
0.206299
-0.00428752
-0.0280255
-0.0175577
-0.0353855
0.865697
0.420049
-0.209418
-0.371123
0.193501
0.0706054
-0.616211
-0.329734
-0.339827
1.45935
0.983591
0.244961
0.0358262
-0.685202
0.319432
-2.24964
-0.433462
-0.082932
-0.0836513
0.1324
0.31097
-0.422634
0.232067
-0.00958018
-0.0539162
-0.0564801
0.361301
-0.32824
0.0863807
0.630421
0.268222
-0.123838
1.23368
-1.09488
0.130642
-0.0105431
-0.186303
0.159164
-0.327914
1.02901
-0.255351
-0.339039
-0.21724
0.896216
0.0371719
0.257795
-0.462325
0.479461
-0.0555027
-0.247595
-0.00449544
-0.0073714
0.32321
0.994309
1.94543
0.215895
-0.0434673
-0.422181
0.208027
-0.989949
-0.897253
0.220677
0.307388
-0.049863
-0.19586
-0.0141426
0.151994
-1.46551
-0.916767
-0.662957
0.982977
-0.0772022
-0.836906
1.63881
-0.19883
0.0726767
-0.488215
-0.0490636
-2.28189
0.903078
-0.10458
0.170619
-0.382574
0.623859
-0.0400832
0.0166518
-0.593325
-0.0556292
-0.455841
0.789742
0.791314
0.470867
0.414162
-0.413443
1.04709
-1.25271
-0.796054
-0.809014
-0.259431
-0.346892
0.785933
0.677445
-0.211482
0.745795
-0.0527786
-0.0211223
0.596006
-0.0743536
0.419226
0.571123
-0.185696
0.293701
-0.346051
-0.804551
-1.01876
1.16472
-0.0928042
-0.264414
-0.250168
0.523246
-0.250703
1.93189
-0.633789
-0.698259
-0.415511
-2.30601
1.19183
0.0300655
-0.906747
-0.199687
0.8656
-0.730917
-1.57644
-0.289682
-0.468653
-0.1485
0.215857
0.482693
-1.49957
-0.386013
1.14911
0.264917
0.97372
-1.92964
0.0711154
0.493007
-0.370121
0.522642
-0.130643
-0.385479
-0.948748
0.542078
-0.0862165
0.380155
-0.987778
0.0700964
0.0556736
0.152004
-0.669342
-0.320344
-0.584237
-0.235123
1.07136
-0.101362
0.191573
0.95309
-0.0574181
-1.55644
-0.059885
-1.11333
0.397569
0.489779
0.612169
1.09754
-0.674387
0.120212
-1.8439
-0.0716216
1.89121
-1.56908
0.0322309
1.10261
-0.670333
-0.830231
0.390619
-1.00186
-0.457542
0.799989
1.36041
-0.25355
-0.652838
-0.252372
0.0548965
0.452
0.304949
0.469034
0.0725688
1.97773
1.36241
0.316907
1.27343
-1.3186
2.44905
1.07604
-0.540509
0.617716
-0.207428
-0.390609
1.4803
1.33573
-1.26109
0.47113
-0.0357008
-0.428244
1.63775
-0.645328
0.570202
-0.0334628
-2.03019
-0.52681
0.517315
-0.860738
0.0730145
0.555653
-0.33496
0.147867
-0.792634
-0.250103
-0.156115
0.41982
1.28434
0.204332
-0.270876
0.0716565
0.28557
-1.19698
1.28823
0.570849
0.290135
0.612767
-0.405903
-1.12896
-0.358417
-0.0854544
0.0382422
1.17172
0.395051
0.436276
-2.03171
0.158325
-0.549687
-1.92313
0.398815
0.94351
-0.296956
-0.749849
-0.391291
-0.739868
0.301888
0.926864
-0.199951
0.00501559
0.747228
-0.982753
-0.161689
0.160329
-0.760883
0.234234
0.236624
-1.23199
-1.12455
-0.298446
0.532383
-0.799197
0.661689
-1.03734
0.309454
-1.30538
-0.207264
0.0101202
-1.28233
0.306767
-0.348352
-0.245207
-0.572874
-0.286457
-0.502445
-0.267217
0.0939838
0.797505
0.38959
-0.54525
-0.317971
-0.176854
-0.190619
0.335721
-0.173091
-0.0395283
-0.349301
0.00657484
-1.65519
0.0759439
0.422486
1.08412
-0.410503
0.0821827
0.610105
-0.0327215
0.259686
-0.697942
0.404744
0.305267
0.876693
-0.678182
0.0708585
0.883836
-0.13521
1.50636
-0.405165
-0.142124
-0.023005
-0.197237
-0.239509
-0.0956192
-0.0336489
1.35626
0.563223
0.0364284
-0.620221
0.275527
-0.057954
0.231336
-2.3916
0.15526
0.162093
0.508921
0.075799
0.0985382
0.467283
1.92573
-0.194571
0.0512479
-0.472641
-0.405066
0.344465
0.594613
0.259967
0.473447
0.350708
-1.25815
0.20704
0.289394
-1.25721
0.399756
-1.49873
-0.501054
0.356828
0.137409
-0.356766
0.866707
1.28024
0.0215018
-0.198552
-0.514179
-0.0348507
0.649994
0.221646
0.460764
-0.361158
0.55183
0.409194
0.50259
0.438563
0.3795
0.0240992
0.0347448
-0.126144
0.01085
-0.605433
-0.270338
0.0844046
-0.78164
0.42901
0.32615
0.958498
-0.14355
0.38844
0.678254
0.368327
1.29811
-0.478042
-0.184492
0.254468
0.186809
-0.313716
0.253904
-0.157562
-0.462334
0.762304
0.201903
-0.859506
0.529126
-0.271496
-0.479432
-1.78705
0.513676
0.505836
0.883014
0.0110386
1.14926
0.750503
0.227847
-0.370221
0.0355184
-1.37643
0.167305
0.837352
0.0708686
-0.220939
1.1047
-0.275436
-1.86754
0.211252
0.33839
0.112025
2.21658
-0.595215
-0.689921
0.237314
-0.240265
-0.327662
-0.522715
-0.673678
1.21271
-0.513262
-1.03525
0.992272
0.173695
0.0904398
0.238327
0.0789974
0.119545
0.156927
1.00088
0.037795
-0.0138569
0.331909
-0.170828
0.145913
0.143226
3.97799
1.69575
1.31733
0.517557
0.319906
0.109567
-0.411566
-0.605388
-0.821178
0.296251
-0.294507
-0.501664
1.72035
0.931015
-0.678737
1.07018
3.22856
-0.946843
0.402716
1.79723
0.20523
2.39906
-0.44588
0.70952
-2.02797
-1.44851
1.05966
0.378503
1.26788
-0.932725
1.59907
0.113095
1.11126
0.549493
0.599952
1.0408
-3.52219
-1.25302
0.660326
-0.258261
0.413825
0.47662
1.13637
1.58378
0.232837
-0.0421768
0.120523
-0.19645
-0.609607
-0.66596
0.71955
-1.44454
-2.291
0.820234
-0.161383
-2.171
0.0649511
-3.47037
1.0136
0.547138
2.21559
0.766673
-1.72351
-0.16463
-1.37727
0.55231
-0.0129366
0.00473398
-0.986962
-0.552241
-0.49321
0.0400436
-1.15646
-4.02623
0.000635314
0.042745
-2.03998
0.65332
-0.212517
-3.4964
2.21333
-1.0063
2.5664
-1.83073
0.615618
-1.55302
0.0420972
-1.61872
1.12931
0.00451745
-0.675995
2.09542
-1.2152
-2.07611
0.000166905
-3.15932
-4.20439
0.73928
0.524096
0.0624883
-1.4536
3.71736
-0.00342178
-0.269709
1.8086
-0.170128
3.42307
-0.0372993
0.994226
-2.64847
-0.000242535
0.0421807
1.99207
-2.23892
-0.844483
-1.16138
0.39412
-0.257085
-0.0678902
1.5463
1.56995
-0.605626
1.41137
1.15176
-0.288553
-0.000101239
0.180741
0.547238
0.0310945
-0.566578
0.75477
0.607087
2.60246
-3.32825
-1.22387
0.0182984
0.808884
-3.61565
0.00179497
-0.00313215
0.0950065
-1.84325
0.027804
0.0376747
0.026223
0.442706
0.152934
0.259288
0.734033
2.08217
-0.140661
1.01379
0.411958
1.18742
-2.02597
-0.3983
-0.153408
0.265062
-0.0238439
-0.504071
-0.304059
-0.462266
0.241385
-1.14838
0.237198
-1.07055
0.567679
0.278189
-0.0909419
-0.172346
1.48776
1.26426
0.172341
-0.380796
1.3759
-0.355359
0.0180873
0.745299
0.106131
0.0266194
0.00113556
-0.315442
0.00434566
0.0133588
0.656482
-0.459318
-0.213819
0.0530917
-0.152589
0.119935
0.215346
-0.390836
-0.0723635
0.372996
-0.0878418
0.146435
0.469133
-0.125077
-0.182883
-0.0547356
0.0191495
1.12154
-0.26221
0.185431
0.026714
0.309389
0.0431004
-0.0951067
0.328093
-0.447134
-0.0165536
0.0480826
0.28534
0.0564549
0.720607
1.50122
-0.951473
1.27167
-0.0014456
0.00191354
-0.564557
0.0910749
0.221392
0.608399
-0.0674653
0.0681477
-1.13329
2.02534
1.56296
-1.1752
-0.0594726
-0.138191
0.349865
-0.0676604
0.0412241
-0.183025
0.0430405
0.361008
-0.49816
-0.269262
-2.74721
1.5298
-0.400446
-0.0230922
1.38133
-0.151424
0.00114598
0.00803575
-0.510242
-0.42033
-0.560075
1.83855
0.808869
-0.0340293
0.00308786
-1.72668
-0.781069
-0.0483042
-0.577854
-0.610002
-1.31655
0.117298
-0.187143
2.32265
0.881369
-1.44602
-0.086808
0.281016
-0.637999
-0.103741
0.389587
-0.334919
0.187639
-1.92983
0.793658
-1.0594
1.53037
-0.250078
0.199582
-0.117058
-0.166473
2.08074
-0.0192639
0.0661038
-0.633101
0.438522
0.0404645
1.83059
-1.67718
-1.82646
0.00478355
2.47813
-0.177466
-0.0836591
0.425304
-0.0735084
-0.189697
0.122935
-0.0342112
-1.2219
2.05485
-2.62827
1.55331
1.89393
0.685874
-0.126343
0.0253497
-0.0387105
-0.0370053
0.0592741
0.214747
1.31357
-0.183689
-0.287821
1.102
0.485849
-0.0121699
-0.170063
-0.0105101
0.0148625
-0.0143379
0.180813
-0.454546
0.155719
1.11984
2.25324
2.45334
2.66349
-2.59396
-0.0701551
-0.550286
-0.370841
0.212792
0.123445
-0.0375479
0.147792
-0.102199
1.78355
2.09987
0.467344
-1.55517
-0.126242
-0.174854
0.091756
0.243468
0.091933
0.104469
2.06743
0.0646033
1.65063
0.159131
-0.388652
0.0637133
0.213397
-0.0142453
0.0189202
-0.129391
0.337727
-0.445216
-0.0678243
1.51779
2.09083
2.14336
1.55325
2.56333
0.586174
2.73111
0.292427
0.445509
0.118085
-0.0958544
0.377901
-1.89748
0.656426
2.56256
-1.13188
-0.403972
-0.0683893
-1.04165
0.246736
-0.111808
-0.676977
0.300612
0.168511
-0.953482
0.707642
1.50136
-0.0438052
-3.29774
-0.0243934
0.00359524
-2.47055
1.67899
0.0814473
-0.885604
-0.0602226
-1.16377
0.408348
2.4912
-0.411151
1.64364
1.83152
-3.31854
0.5205
-0.302048
0.101124
-1.08491
0.513144
0.728956
0.258868
-0.0665251
0.16103
0.928427
-2.85084
1.95296
-0.202246
0.451478
-1.04944
-0.84864
-1.97583
0.128762
-0.211237
-1.96772
-0.0943451
-1.96155
1.16065
-0.00277239
0.0702282
-0.0862443
-0.138779
-0.371502
0.041749
-0.594849
0.254289
0.000550859
0.456117
-1.02033
0.462706
1.76589
-1.1322
0.23703
0.0472593
0.0388134
0.43294
-0.0764045
-0.546041
-0.0239711
0.208633
-0.21564
-0.484752
1.01573
0.0578869
0.173996
-0.360708
-0.0919471
0.176753
1.20663
-1.67597
0.217945
-0.955981
-0.0266598
2.09231
-0.65428
0.0398347
0.136571
0.268423
0.143648
0.0309624
-0.13981
-1.11924
0.00570299
-0.0306977
0.905204
-3.82959
-2.10915
-2.34766
-1.86744
0.0469759
0.396553
0.135327
0.242522
0.755638
-0.0833974
-0.228781
-0.261381
-2.68382
3.27808
-2.71056
-0.0621638
1.8395
-0.397279
-0.761267
-0.268863
-0.0308115
1.45792
-0.0249943
0.530054
1.1118
-0.0108068
-0.0087595
-2.83434
0.256697
0.0980853
0.0143154
0.497894
1.00493
0.00185408
-0.084367
-0.341358
-0.0501617
2.07986
0.20508
2.713
0.00824125
0.443713
-0.336765
-2.23097
-0.459012
0.0821219
1.27291
-0.570649
0.465527
-1.19878
1.2315
-0.919142
0.625234
3.53918
-1.35612
0.975482
1.26647
-0.109753
0.0256007
0.308724
-0.143081
-1.33241
1.60095
2.34474
0.131957
-1.02392
0.0816578
0.0209581
0.207991
0.00563228
-5.87553e-05
-0.19191
1.00452
0.803688
2.43157
-2.56242
1.82277
0.0576988
-0.0408066
-0.119269
0.148367
-0.0918526
0.459609
0.550523
-0.127067
5.56323e-05
-0.923442
-1.64131
-1.55471
2.50861
0.880303
-0.157831
-0.191954
0.00828603
-0.0957225
-0.0721778
-0.377924
-0.0142616
0.0733034
0.235328
0.146986
-0.285888
-0.0246556
0.678321
-0.134448
0.00119857
6.27802e-05
-0.832779
-0.201749
0.080666
-0.223034
2.00649
-2.59626
0.0514132
-0.278418
0.437287
-1.0525
-0.0103611
-0.0400538
-1.05083
-0.014054
0.157251
-1.05257
1.88432
2.78146
-2.39
-0.213951
-0.858867
-0.489141
-0.303979
0.010557
1.10809
-0.716354
-0.00972188
2.35281
0.272592
-2.51548
2.77198
0.0688765
-0.625754
0.577912
0.00138896
0.0265604
-1.6758
0.154123
1.13734
-0.376391
-1.78239
2.97141
-0.0546476
2.51437
0.319228
-0.913798
-0.0405326
-0.399704
-0.17749
-0.0151912
0.521429
2.93225
0.0665208
-1.78556
0.181652
-1.93576
-0.0506587
-0.138838
-0.96941
-0.0342636
0.282492
-1.97282
-0.00401976
0.00883618
-0.548207
-1.992
-0.326539
-2.51262
1.07939
0.0613637
0.00095323
0.0895144
-0.637135
0.477612
0.169133
-0.464524
0.0009758
0.0440122
0.0812363
1.34431
-0.779401
1.99017
0.0198518
0.00663194
0.768768
-0.0178169
0.00307447
0.00629534
-0.271648
-0.150599
1.26983
2.93513
-0.63649
-2.63175
-0.0729567
-0.0688033
0.272316
0.0301176
-0.00184884
0.0238046
-0.244507
-0.241849
1.09405
-1.93269
0.509059
0.793318
0.00111922
-0.044731
0.521122
0.368824
-1.14992
-0.415597
0.00828066
0.0235357
-0.782
-2.10778
-1.40714
-0.968097
0.0162501
0.308211
-1.17896
-0.0332794
0.39675
0.520251
0.036833
0.0913167
0.742091
-1.99602
-1.02498
-1.42787
2.05743
0.00327584
-0.634165
0.654995
0.00263569
0.00658335
-1.34515
-0.0360053
0.0135385
0.0447088
-2.15141
0.358333
2.14594
0.0988216
-0.40936
-0.229073
0.283323
0.306551
-0.107374
0.122724
0.0358609
-0.656463
-0.067453
-0.106134
-2.91665
1.07287
0.212882
-0.125786
-0.158748
-0.224326
0.385629
0.0714977
-0.11514
0.524392
-1.72823
-0.101205
0.647192
-0.0986463
0.182514
-0.0520017
1.99
0.0863302
0.35311
0.154939
0.775874
0.141473
-0.0467805
-1.48197
0.00378078
-1.29971
-1.01802
-0.528806
0.014148
0.262995
0.470419
0.113769
0.793509
-0.250823
-0.0312674
-1.75977
1.78324
-0.513609
0.160685
-0.852479
0.13787
0.200094
0.00291158
0.764053
0.0842123
0.623218
2.01975
-0.542642
1.47852
2.06285
0.64397
-0.707444
-0.0112601
0.0406557
0.260464
0.236436
0.667335
0.270223
0.0839291
-0.499462
0.113492
-1.34876
3.11013
3.85206
0.884113
-1.48679
0.563071
0.0730725
-1.33904
-1.64782
-0.278408
-0.568958
1.62498
-1.13641
-1.88065
-2.37363
-0.868427
1.62465
-0.445718
-0.431369
0.419125
1.13715
-1.57786
-1.1305
-1.25413
-1.55887
-1.23255
1.23189
0.0160062
0.0622597
-3.03145
-0.677984
0.757861
0.0215485
-0.21673
-0.0781714
0.000114105
-2.52292
-0.854072
2.40801
-0.144428
0.160576
0.0367919
-0.000215602
0.0206969
-0.0884959
-0.0792984
0.24108
-0.121096
1.63681
1.07259
-0.607193
-0.0376018
-0.210549
-0.0778721
0.198296
0.0722024
0.318239
-0.211632
1.72737
-1.72691
0.00119086
0.117935
2.29985
0.879822
1.60647
2.5752
0.147909
0.0769057
0.0920395
-0.256388
0.312205
0.00643578
-0.0104856
-1.9914
-1.81903
-2.3889
-0.370454
-0.0422904
0.119011
-0.161864
0.0231679
-0.0981418
-0.176137
-0.0792113
0.396952
-0.659016
-2.97217
0.0272383
1.50693
0.151942
-0.182218
0.0887771
0.712201
-0.10235
0.167721
-0.275363
0.914743
0.371002
-1.56902
-2.58957
-2.64844
0.097385
0.112698
-0.244337
0.0645949
-0.328876
-0.377214
0.00358792
-0.0504816
-0.445233
3.28762
0.207472
-0.471159
0.036056
0.0616666
0.369223
0.255267
-0.993395
0.15879
0.00745331
-1.09843
-0.159226
-2.59152
2.65312
2.48385
1.00125
0.21482
-0.658647
-1.57899
1.14729
1.48687
-0.440686
-0.0657912
-2.4495
-0.709237
-0.831026
0.48398
-0.556726
-3.35789
-1.67352
0.135585
-0.593749
0.0821554
0.00541478
0.0227509
-0.0748531
-0.207041
-1.62687
1.5741
0.427159
0.122302
-0.133835
-0.285234
-0.0613267
-0.293462
-0.104922
0.358392
-0.5402
1.66344
0.935744
1.66256
-0.813801
-1.94516
0.133329
0.639547
0.214404
-0.258757
0.396962
-0.0959433
-0.227132
0.687089
-0.0141864
0.0565064
-0.113841
1.78228
0.381346
0.156218
0.163353
-0.821819
-0.000865182
-0.0574069
-0.907158
-0.864668
1.54717
-1.01187
3.61538
2.55269
1.6485
-0.643326
-0.154254
1.48852
-0.0909818
0.229464
-1.25296
1.06038
-0.961877
-0.665506
0.214944
0.553658
-2.09567
0.173782
-0.0317113
0.74345
0.825432
-0.0116271
1.08782
-0.781747
-1.31663
-0.450415
2.89989
-0.853437
0.247174
0.118655
-0.386013
-0.0900535
0.00495723
0.07527
-0.133484
-0.419224
1.11114
0.375652
-1.72903
2.78625
-0.0879005
-0.564919
0.876541
0.602106
-0.0927173
-0.0444519
-0.215903
-0.117983
0.0285867
-2.90653
2.74038
2.01095
-0.633927
-0.198749
-0.893553
-1.54455
-0.287354
-0.042312
-0.251934
0.219559
2.87958
0.0177429
0.363373
1.8855
-1.36415
0.142029
0.85525
0.0788636
0.00353093
0.0815716
1.4424
-2.61533
-0.0990857
-0.861085
-2.44428
0.559528
-1.61051
0.326577
0.215381
-0.61839
0.00488753
-0.163212
-0.191777
-0.0951444
0.0291532
-2.37482
0.185746
0.123195
3.23175
0.138612
-0.677938
-1.63369
0.474741
-0.0628428
-0.154225
1.45799
-0.00531593
0.0067721
-0.0179836
1.28946
1.13718
0.0622979
1.6504
-0.421694
0.00355675
-0.0762093
1.76903
2.98217
-1.32472
0.135542
-0.213339
0.0661778
-0.291733
0.373585
-2.89549
-0.226167
-2.16032
-0.203123
9.52056e-05
-0.0941511
0.309005
2.08268
-0.0559481
0.983857
-0.0633556
-3.096
2.79913
0.955382
-1.14599
-0.0343389
0.657951
-1.42568
-0.00389571
0.0334193
0.648161
-0.0634817
0.0177187
1.09343
-1.96188
0.73786
0.00602446
-0.131543
-1.2829
1.58914
-0.605196
-0.836874
1.12044
0.0335435
0.468074
2.82333
1.29414
-2.51493
1.0975
0.20331
-0.882324
-0.044461
0.377792
1.20865
-0.244604
-0.528901
-0.949287
-2.16627
1.21908
1.1081
-0.670647
-0.00588086
2.95533
0.894393
-0.0175348
-0.0116421
-0.0472914
-0.867797
1.23672
0.896746
0.390295
-0.282014
0.00506989
1.32736
-0.805119
0.18364
0.0757587
-0.640727
0.0640508
0.120546
-0.358315
-2.34025
-2.28187
-0.263949
-0.0946925
0.225333
0.00992822
-0.12119
-0.0700817
0.0246213
-0.0842989
0.655323
0.237148
0.536011
1.84971
-0.866614
-1.45797
-0.191251
-0.409169
-0.0297075
-0.0101805
0.0396295
-0.490412
0.258314
-0.444283
0.113072
-0.233367
1.67035
1.54139
-0.357173
2.17937
0.12715
0.113876
0.164089
-0.0424069
0.120657
0.0163415
-1.64251
-0.296353
1.36942
2.67663
1.62553
0.341534
-0.126765
-0.0321557
-0.0682294
-0.0215796
0.241963
0.0725947
0.28377
-0.0675361
0.653346
1.3939
2.08167
0.0347215
-2.91796
-0.0151134
0.0741028
-0.384085
0.322414
-0.181659
0.0814075
0.561132
1.00014
-0.719363
1.68137
-0.458253
-0.813173
-0.697022
-0.267643
0.167287
0.0345901
0.887835
1.21173
-0.287015
1.93786
0.0853434
1.24334
0.555205
-0.0210916
0.144504
-0.180776
-0.0911091
0.79424
0.167028
-0.655882
0.0593013
1.24757
-1.97123
2.83405
0.774504
-1.02481
0.941545
0.0385611
0.065828
0.956489
0.0505406
-0.0307194
-0.316079
0.758977
0.00143764
-0.725463
-0.912835
0.262306
0.825056
0.491027
0.128341
0.0703511
-1.49758
-0.298426
0.221937
0.588936
-0.881265
-1.19628
2.05601
-1.19164
0.0566141
-0.173029
0.0425233
0.13506
0.480528
0.626592
0.964791
0.437302
1.25177
1.84293
0.88113
-1.08237
1.31771
0.0749527
-3.78441
-0.153948
-0.799231
0.123377
-0.136081
0.130794
0.00580284
2.50386
-0.0708705
0.0819238
0.133921
-0.0821064
0.0478864
0.123338
-0.0484752
0.12487
-0.334777
0.0558226
-0.0559191
3.19377
1.45722
-0.859099
-1.02452
-0.164307
2.80608
0.0907161
0.192407
0.56791
-0.254014
-0.241415
0.0803467
0.363881
-0.867475
1.20507
1.65595
-0.927314
-0.123161
0.321709
-0.463802
0.0474408
-0.113196
-0.17353
0.00279989
-0.0170859
0.24648
-2.16562
-0.18548
-0.0075826
-0.0598393
0.000111374
0.0803224
0.428399
-0.539982
0.0359354
-2.32325
-0.297349
0.204456
1.83836
-0.522223
1.13532
-0.301685
0.191496
0.164822
-0.206658
-0.485804
-0.237673
-0.130976
2.8943
-0.0410107
-2.81891
1.1006
1.83127
-0.108826
0.253019
-0.860918
-0.158165
0.0127572
-0.127782
0.000465643
-0.150235
0.119873
-1.66817
-0.841106
0.861183
0.931737
0.0697991
0.16706
-0.225238
0.337907
1.8711
-1.7225
-0.0858798
-1.22453
1.53874
0.486781
-0.582524
-2.3776
-0.808805
-0.575265
-0.257577
0.319669
-0.811907
0.0224259
0.0296041
1.29488
-1.00065
0.642404
-2.06237
3.25772
2.06861
0.726415
0.0743347
0.175766
0.740661
0.0037671
0.00816568
0.799419
0.672149
1.09944
1.5391
-1.55802
-1.0502
0.55687
0.471504
-0.219151
0.0990799
-0.141203
0.456142
0.148791
-0.122886
-0.448462
1.74485
2.39712
-0.839954
-0.319388
0.220139
1.38781
0.464691
0.948492
-0.0405079
-0.0484992
-1.30028
2.96771
-2.60531
-1.76561
-0.812521
1.15392
0.026061
1.25154
-2.48079
0.00216187
-0.0658655
0.442006
-0.412255
0.896632
0.571271
1.26001
0.0732046
0.950214
0.329054
-1.31526
0.500632
-0.196551
-0.941933
-1.94356
-0.116769
-0.283075
0.682482
-2.7254
2.41262
1.02709
-1.40332
0.705607
0.359459
-0.255661
0.00763887
0.211097
-0.739622
-0.0258027
-1.53244
0.236905
0.657425
1.35796
-0.0854985
0.0846045
0.316234
0.146819
0.283198
0.799259
0.497267
-0.247077
1.62869
1.99953
0.190162
-0.11678
-0.581923
0.105041
0.0765846
0.0311453
-0.921976
-0.944328
-0.334923
0.191681
-0.181528
0.31876
-1.61503
3.01553
-0.277235
0.509609
-0.202749
-0.263062
0.47297
0.180096
-0.188407
0.0436529
-0.0151714
0.165848
-2.45178
-0.391541
-0.446942
-0.269876
-0.583769
-0.286242
-5.14305
-5.7008
-4.33835
-5.35102
1.98248
-2.28272
-0.665957
-1.84694
-1.56969
-0.488223
-0.72372
-0.499435
-2.18733
-0.332222
-1.03164
-0.495033
6.13941
-5.9582
-4.23754
2.36197
4.81271
-7.29492
1.22515
-3.09739
-2.665
-2.23446
-3.50607
6.23757
-0.41389
1.22237
0.855214
0.34597
-0.816537
0.014993
2.4978
-1.19732
-0.729078
-0.36918
-0.796763
-1.53185
-1.06246
1.1236
1.81512
-0.424482
-1.5323
-0.768045
6.43179
-3.29287
-1.84242
-0.995985
-1.07666
-1.68168
-3.35435
-0.866671
-0.955405
-1.79328
0.775104
-0.366665
-0.602015
-0.472131
-0.862593
-0.0545019
0.0983368
-1.57031
-1.16611
-3.70739
-1.75116
-3.25103
-0.181539
0.073773
-0.109994
0.0148501
-0.482121
-0.3499
-0.317333
-0.735749
-7.66506
-6.1969
2.2205
-4.65685
-1.23604
-0.249139
0.423885
-0.471946
-4.01471
1.47518
-3.4019
-0.149164
1.96299
-0.842679
-0.663928
0.379379
-2.60058
0.388159
-5.81572
4.79292
1.95007
3.4101
3.15346
1.34451
4.74344
4.45596
3.61851
-3.62639
0.305833
-1.77438
-2.63565
-0.102489
-2.00817
-1.15027
-0.676692
-0.527654
-3.48624
2.24398
1.26571
-2.15385
-1.91135
-1.84285
-3.01334
0.779892
-0.74213
-0.4438
-0.77707
0.151313
-0.192307
-0.659492
-0.0700994
-0.0197268
-1.01923
-1.23298
-0.103077
-1.69185
0.630523
1.26572
-2.18125
1.1389
-0.160565
2.51672
2.21667
2.72615
-0.776848
0.750196
-0.495967
-0.505859
