[-0.3182794326432773,
 0.0011085083689863495,
 0.021064421567928093,
 14.406279980415594,
 1.753610630014066,
 0.1461743427972806,
 -25.947366477893638,
 -0.05859366427779378,
 0.09656817128438888,
 -44.94831903930526,
 -44.89657876571118,
 -0.4811545569090754,
 0.008065481579706102,
 8.670175560658393,
 -0.001886116884730717,
 0.20880601702921808,
 -0.0006116946853182981,
 44.99117383822215,
 0.012821868184971663,
 0.014591016090548692,
 -10.345260263897416,
 -0.00023218036636762918,
 0.0010579760428583995,
 -30.489647080903012,
 0.09247929080446227,
 -45.00845484418369,
 35.61175021819662,
 0.028959832862028634,
 0.035161384572745646,
 7.7403492943811045,
 31.490412624477244,
 16.578908835439336]
