[125, 16, 16, 4]
0.0
0.0
0.0
0.0
0.0
0.0
0.0
0.0
0.0
0.0
0.0
0.0
0.0
0.0
0.0
0.0
0.0
0.0
0.0
0.395039
0.0
0.0
0.0
0.0
0.0
0.0
0.0
0.0
0.0
-0.88716
0.0
0.0
0.299038
1.11145
0.0
0.0
-1.17755
1.62464
0.0
0.0
0.0
0.0
0.0
0.0
0.0
0.0
0.0
0.0
0.0
0.0
0.0
0.0
0.0
0.0
0.0
0.0
0.0
0.0
0.892808
0.0
0.0
0.0
0.0
0.0
0.0
0.0
0.0
0.0
0.0
0.0
0.0
0.0
0.0
0.0
0.0
0.0
0.0
0.0
0.0
0.0
-0.11292
0.00892869
-0.855431
-0.565698
-0.736528
-0.646054
1.26585
-0.201444
0.359737
0.258633
-1.58146
0.788551
0.834922
-0.0409449
0.422876
0.927859
0.0
0.0
0.0
-1.6002
0.0
0.0
0.0
0.0
0.0
-0.629111
0.0
-1.91426
0.0
-1.27076
0.0
0.0
0.0
0.0
0.0
0.0
0.0
0.0
0.0
0.0
0.0
-0.626225
-0.662694
0.0
0.0
0.0
0.0
0.0
0.0
0.0
0.0
0.0
0.0
0.0
-0.706794
0.0
0.0
0.0
0.0
0.0
0.0
0.0
0.222134
0.0
0.0
-0.850281
0.0
0.0
0.0
0.0
0.0
0.0
0.0
0.0
0.0
0.0
0.0
0.0
0.0
0.0
0.0
0.0
0.0
0.0
0.0
0.0
0.0
0.0
0.0
-0.340347
0.0
0.0
0.0
0.0
0.0
2.75112
0.0
0.0
0.0
0.0
0.134176
0.0
0.0
0.0
0.0
0.0
-1.02276
0.0
0.0
0.127143
0.0
-1.99998
-0.133624
2.62903
0.884551
-0.318042
0.420709
-1.04695
3.04511
0.241848
1.15008
1.42509
0.760253
-0.140596
-0.861204
-2.12208
-0.890984
-0.405156
0.0
0.0
0.0
0.0
0.0
0.0
0.0
0.0
0.0
-0.630371
0.0
0.443708
0.0
0.0
0.813266
0.0
0.0
0.0
0.0
0.0
0.0
0.0
0.0
0.0
0.0
0.0
0.0
0.0
0.0
0.0
0.0
0.0
0.0
0.0
0.0
0.0
0.0
0.0
0.0
0.0
0.0
0.0
0.0
0.0
0.0
0.0
1.00514
0.0
0.0
0.0
0.0
0.0
0.0
0.0
0.0
0.0
0.0
0.0
0.0
-1.15693
0.0
0.0
0.0
0.0
0.0
0.0
0.0
0.0
1.49895
0.0
0.0
0.0
0.0
0.0
0.0
0.0
0.0
0.0
0.0
0.0
0.0
0.0
0.0
0.0
0.0
0.0
0.0
0.0
1.56197
1.37321
0.0
-0.95231
0.0
0.0
0.0
0.0
0.0
0.0
0.0
0.0
0.0
0.55077
0.0
0.0
0.0
0.0
0.0
0.0
0.0
0.0
0.0
0.0
-0.255326
-0.867687
-0.466954
-0.115666
-0.2603
1.38825
2.24617
-0.398462
0.437353
-1.40393
-0.0951421
0.531257
1.48502
-1.56245
-1.02872
-1.36355
0.0
0.0
-1.43228
0.0
0.0
0.0
0.0
0.0
0.0
0.0
0.0
0.0
0.489029
0.0
0.0236808
0.0
0.0
-0.49582
0.321551
0.0
1.00876
0.0
0.0
0.0
0.0
-0.0344045
0.0
0.0
-0.381845
0.0
0.0
0.0
0.0
0.0
0.0
0.0
0.0
0.0
0.0
0.0
0.0
-0.462121
0.0
0.0
0.0
0.0
0.0
0.0
0.0
0.0
0.0
0.0
-0.296959
0.0
0.0
0.0
0.0
0.0
0.0
0.0
0.0
0.0
0.0
0.0
0.0
0.0
0.0
-1.13632
0.0
0.0
0.0
0.0
0.0
0.0
0.0
0.0
-0.549559
0.0
0.0
0.0
0.0
0.0
0.0
0.0
0.0
0.0
0.0
-0.061749
0.0
0.0
0.0
0.605939
0.0
0.0
0.0
0.0
0.0
0.0
0.0
0.0
0.0
0.0452885
0.0
0.244087
0.0
0.0
-0.210173
0.0
0.0
0.0
0.0
0.0
0.0
0.0
0.0
0.0
0.0
0.0
0.0
0.0
0.0
0.0
0.0
0.0
0.0
0.0
0.0
0.0
0.0
0.0
2.33602
0.0
0.0
0.0
0.0
0.0
0.0
0.0
0.0
0.0
0.0
0.0
0.0
0.0
0.0
0.0
0.0
0.0
0.0
0.0
0.0
1.31704
0.0
1.86196
0.788181
0.0
0.0
0.0
0.0
0.0
0.0
0.0
0.0
0.0
0.0
0.0
0.0
0.0
0.0
0.0
0.0
0.0
0.0
0.0
0.0
0.0
0.0
0.0
0.0
0.0
0.0
0.0
0.0
2.24631
-1.01645
0.0
0.0
0.163202
0.0
0.0
0.0
0.0
0.0
0.0
0.0
0.0
0.0
0.0
1.50716
0.0
0.0
1.49661
0.0
0.0
0.0
0.0
0.0
0.0
0.0
0.0
0.0
0.0
0.0
0.0
0.0
0.0
0.0
0.0
0.0
0.0
0.0
0.0
0.0
-0.885403
1.20154
0.0
0.0
0.0
0.0
0.538363
0.0
0.0
0.0
0.0
0.0
0.0
0.0
-2.65274
0.0
0.0
0.0
0.0
0.0
0.0
-0.257158
-0.775218
0.0
0.0
0.0
0.0
0.0
0.0
0.0
0.0
0.0
0.0
-0.618224
0.0
0.0
0.0
-1.14009
0.0
0.0
0.0
0.0
0.0
0.0
0.0
0.0
0.0
0.0
0.0
0.0
0.0
1.12855
0.0
0.0
0.0
0.0
0.0
0.0
0.0
-0.776536
0.0
0.0
0.0
0.0
0.0
-0.231274
0.0
-0.477885
0.0
0.0
0.0
0.0
0.0
0.283501
0.0
0.0
-0.0167548
0.0
0.0
0.0
0.0
0.0
0.0
0.0
0.0
0.0
0.0
0.0
0.0
0.0
0.0
0.0
0.0
0.0
1.81409
0.0
0.0
0.0
0.0
0.0
0.0
0.0
0.0
0.0
0.0
0.0
0.0
0.0
0.0
0.0
0.0
0.0
0.0
0.0
0.0
0.0
0.0
0.0
0.0
0.0
0.0
-0.922735
0.0
0.0
-0.103115
0.0
-0.25639
-1.53041
-1.34171
0.0
0.0
0.0
0.0
0.0
0.0
0.0
0.0
-0.442994
0.0
0.0
0.0
0.0
0.0
0.0
0.0
-5.37885e-05
-0.0172185
0.0
0.0
0.0
0.0
0.0
0.0
0.0
0.0
0.0
0.0
0.0
0.0
0.0
0.0
0.0
0.0
0.0
0.0
0.0
0.0
0.0
0.0
0.0
0.0
0.0
0.0
0.0
0.0
0.0
0.0
-0.868315
0.0
0.0
0.0
0.0
0.0
0.0
0.0
-0.114553
0.0
0.0
0.0
0.0
0.0
-0.676725
0.0
0.918172
0.0
0.0
0.0
0.0
0.0
0.0
0.0
0.0
0.0
0.0
0.0
0.0
0.0
0.0
0.0
0.0
0.0
0.0
0.0753215
0.0
0.0
0.0
0.0
0.0
0.0
0.38553
0.0
0.0
0.0
0.0
-0.277185
0.0
0.0
0.0
0.0
0.0
0.573811
0.0
0.0
0.0
0.0
0.0
0.0
0.0
0.0
0.0
0.0
0.0
0.0
0.0
0.0
0.0
0.0
0.0
0.0
0.0
-0.997725
0.0
0.0
0.0
0.0
0.0
0.0
0.0
-0.351499
0.0
0.0
0.0
0.0
0.0
0.0
0.0
0.0
0.0
0.0
0.0
0.598785
0.0
0.0
0.0
0.0
0.0
0.0
0.0
0.0
-1.04003
0.0
0.0
0.0
0.0
0.0
0.0
1.05717
0.0
0.0
-0.567396
0.0
0.0
0.0
0.00336415
0.0
0.0
0.0
0.0
0.0
0.00894144
0.0
0.0
0.0
0.0
0.0
0.0
0.0
0.0
0.0
0.0
0.0
0.0
0.0
0.0
0.0
0.0
0.0
0.0
0.0
0.0
0.0
-2.03061
2.73809
0.147827
-1.15663
-0.531916
-1.1652
1.48576
0.392946
-1.50856
0.541833
-0.0548363
0.0010359
-0.266107
-0.270131
1.2982
-2.22573
0.0
0.0
0.0
0.0
0.0
-0.968294
0.0
-1.27017
0.0
1.52682
0.0
0.0
0.0
0.0
0.0
0.0
0.0
0.0
0.0
0.0
0.0
0.0
0.864324
0.0
0.0
0.0
0.0
0.0
0.0
0.0
0.0
0.0
0.0
0.0
0.0
0.0
0.0
0.0
1.76602
-0.561544
-0.445388
0.0
0.0
0.0
0.0
0.0
0.0
0.0
0.0
0.0
0.0
0.0
0.0
-1.98749
0.0
0.0
0.0
0.0
0.0
0.0
-1.13387
1.18141
-1.19386
0.0
0.0
0.0
0.0
0.0
0.0
0.0
0.0
0.0
0.0
0.0
-0.318989
0.0
0.0
0.0
0.0
0.0
0.0
0.0
0.0
0.945032
0.0
0.0
0.0
0.0
0.0
0.0
0.0
0.0
0.0
0.0
0.0
0.0
0.0
0.0
0.0
0.0
0.0
0.0
0.0
0.0
-1.97673
0.0
0.0
0.0
0.0
0.0
0.0
0.0
0.0
0.0
0.0
0.0
0.0
0.0
0.0
0.0
0.0
0.0
0.0
0.0
0.0
0.0
0.0
0.0
0.0
0.0
0.0
0.0
0.0
0.0
0.0
0.0
0.0
0.0
0.0
0.0
0.0598773
0.0
0.0
0.0
1.87741
-0.477537
-1.01649
-0.612567
0.44262
1.27112
1.32327
-0.722939
0.805428
-1.33675
0.324668
-1.01229
2.36118
-1.26642
1.71473
1.06814
0.0
0.0
1.05645
0.0
0.0
0.0
-0.847197
0.0
0.0
0.0
0.0
-0.596699
0.0
0.0
-0.312244
0.0
0.0
0.0
0.0
0.0
0.0
0.0
0.0
0.0
0.0
0.0
0.0
0.0
0.0
1.51815
0.0
0.0
0.0
0.0
0.33325
0.0
0.0
0.0
0.0
0.0
0.0
0.0
0.0
0.0
0.0
0.0
0.0
0.0
0.0
0.0
0.0
0.0
0.0
0.0
0.0
0.0
0.0
0.0
0.0
-0.848525
0.0
0.0
0.0
0.0
0.0
0.0
0.0
-2.12407
0.0
0.0
-1.66666
0.0
0.0
0.0
0.0
0.0
0.0
0.0
0.0
0.0
0.0
-2.28954
0.0
0.0
0.0
0.0
0.0
0.0
0.0
0.0
0.0
0.0
0.0
0.0
0.0
0.0
0.0
0.0
0.0
0.0
0.0
0.0
1.95628
0.0
0.0
0.0
-0.0252067
0.0
0.0
0.0
0.0
0.0
0.0
0.0
0.0
0.0
0.0
0.0
0.0
0.0
0.0
0.0
0.0
0.0
0.0
0.0
0.0
0.0
0.0
0.0
0.0
0.0
0.761369
0.0
0.0
-0.783832
0.0
0.0
0.0
0.0
0.0
0.0
0.0
-0.983517
0.0
0.0
0.0
0.0
0.0
0.0
0.0
0.0
0.0
0.0
0.0
0.0
0.0
0.0
0.0
0.0
0.0
0.0
0.0
0.0
0.0
0.0
0.0
0.0
-0.303568
0.0
0.0
0.0
0.0
0.0
0.0
-1.85958
0.0
0.0
0.0
0.0
0.0
-0.64159
0.0
0.0
0.0
0.0
0.0
0.0
0.0
0.0
0.0
0.0
-0.521668
0.0
0.0
0.0
0.0
0.0
-0.440955
0.0
0.0
0.0
-2.59828
0.0
0.0
0.0
0.0
0.0
0.0
0.0
0.0
-1.86142
-0.524399
0.0
0.0
0.0
0.0
0.0
0.0
0.0
0.491903
0.0
0.0
0.0
0.0
0.0
0.0
0.0
0.0
0.0
0.0
0.0767348
0.0
0.0
0.0
0.0
0.0
0.0
0.0
1.05363
0.0
0.0
0.0
0.0
0.0
0.0
-3.36126
0.0
0.0
0.0
0.0
0.0
0.0
0.0
-2.96237
0.0
0.0
0.0
0.0
0.0
0.0
0.692188
0.0
0.260034
0.0
0.0
0.0
0.0
0.0
0.0
0.0
0.0
0.0
0.0
0.0
-1.66406
0.0
0.0
0.0
0.0
0.0
0.0
0.0
0.0
0.0
0.0
0.0
0.0
0.0
0.0
0.0
0.0
0.0
0.0
0.0
0.0
0.0
0.0
0.0
0.0
0.0
0.0
0.0
0.0
0.0
0.0
0.0
0.582046
0.0
0.0
0.0
0.0
0.0
0.0
0.0
0.0
0.0
0.0
0.0
0.0
0.0
-0.234817
-1.11982
0.0
0.0
0.0
0.0
0.00419932
0.0
0.0
0.0
0.0
0.0
0.0
0.0
0.0
0.0
0.0
0.0
0.0
0.0
0.0
0.0
0.0
0.0
0.0
-0.727376
0.0
0.0
0.0
0.0
0.0
0.0
0.0
0.0
0.0
0.0
0.0
-0.773836
0.0
0.0
0.0
0.0
0.0
0.0
0.840504
-0.0993298
1.05266
0.0
0.0
0.0
0.0
0.0
0.0
0.0
0.0
0.0
0.0
0.0
0.0
0.0
0.0
0.0
0.0
0.0
-1.51278
0.0
0.7641
0.0
0.0
0.0
0.0
0.0
-0.525182
0.0
0.0
0.0
0.0
0.0
0.0
0.0
0.0
0.0
0.0
0.0
0.0
0.0
0.0
0.0
0.0
0.0
0.0
0.0
0.0
0.0
0.0
0.0
0.183446
0.0
0.0
0.0
-1.28222
0.0
0.0
0.0
0.0
0.0
0.0
0.0
0.0
0.0
0.0
0.0
0.0
0.0
0.0
0.0
0.0
1.0259
0.0
0.0
0.0
0.0
0.0
1.02945
0.0
0.0
0.0
0.0
0.0
0.0
2.02503
0.0
0.0
0.0
0.0
0.0
0.0
0.0
0.0
0.0
0.0
1.43882
0.0
0.0
0.0
0.0
0.0
0.0
0.0
0.0
0.0
0.0
0.0
0.0
0.0
0.0
0.0
0.0
0.0
0.0
0.0
0.0
0.0
-1.64616
0.0
0.0
0.0
0.0
0.0
0.0
0.0
0.534046
0.0
-1.24764
0.0
0.0
0.0
0.0
0.0
0.0
0.0
0.0
0.0
0.0
0.0
1.04239
0.0
0.0
0.0
0.0
0.0
0.0
0.0
1.60915
0.0
0.0
0.0
0.0
-1.01423
0.0
0.0
0.0
0.0
0.0
0.0
0.0
0.0
0.0
0.0
0.0
0.0
0.0
0.0
0.0
0.0
0.0
0.0
-0.0117669
0.0
0.0
0.0
0.0
-0.298452
0.151937
1.4426
-1.22884
-0.446833
0.252246
-0.544948
1.04233
0.348603
-0.595288
0.502921
-0.940673
-0.163046
1.13865
0.624167
0.742065
-0.689042
0.0
0.0
0.0
0.0
0.0
0.0
0.0
0.0
0.0
0.0
0.0
0.740894
0.510706
0.0
0.0
0.0
0.0
0.0
-0.167812
0.0
0.0
0.0
0.0
0.0
0.0
0.0
0.0
0.864864
0.95285
0.0
0.0
0.0
0.0
0.0
0.0
0.0
0.0
0.0
0.0
-2.21642
0.0
0.0
0.0
0.1307
0.0
0.0
0.0405501
1.8347
0.0
0.0
0.0
0.0
0.0
0.509188
0.0
0.0
0.0
0.0
0.0
0.0
0.0
-1.06475
0.0
0.0
1.0317
0.0
0.0
0.0
0.0
0.0
0.0
0.0
0.0
0.0
0.0
0.0
0.0
0.0
0.0
0.0
0.0
0.0
0.0
0.0
0.0
0.0
0.0
0.0
0.0
0.0
0.0
0.0
0.0
0.0
0.0
0.0
0.0
0.0
0.0
0.0
0.0
0.0
0.0
0.0
0.0
0.0
0.0
0.0
0.0
0.0
0.0
0.0
0.208246
1.18234
-0.530072
0.291202
0.138551
-0.525365
1.17635
-0.0215427
-0.364127
0.627765
-0.679915
0.466259
1.26742
0.571335
0.742427
0.610547
0.452732
0.0
0.0
0.0
0.0
0.0
0.0
1.48183
0.241663
0.0
0.0
0.0
0.0
0.0
0.0
0.0
0.0
0.0
0.0
0.0
0.0
0.0
0.0
0.0
0.0
0.0
0.0
-0.365723
0.0
0.0
0.0
2.5429
0.0
0.0
0.21991
0.0
0.0
0.0
0.0
0.0
0.0
0.0
0.0
0.0
1.13653
0.0
0.0
0.0
0.0
0.0
0.0
0.0
0.0
0.0
0.0
0.0
0.0
0.0
0.0
0.0
0.0
0.0
0.0
0.0
0.0
0.0
0.0
-1.75932
0.0
0.0
0.0
0.0
0.0
0.0
0.0
0.0
0.0
0.0
0.0
0.0
0.0
0.0
0.0
0.0
0.0
0.0
0.0
0.0
0.0
1.05102
-1.63503
0.0
0.0
0.0
0.0
0.0
0.43612
1.22956
-1.06751
0.474999
-0.277585
-0.532753
1.02738
0.208948
-0.655962
0.527309
-0.754634
0.0229757
1.1979
0.968222
0.71541
-0.566973
0.0
0.792884
0.0
0.0
0.0
0.0
0.0
0.0
0.0
0.0
0.0
0.0
-0.145512
0.0
0.0
0.0
0.0
0.0
0.0
0.0
0.604968
0.0
0.0
0.0
0.0
0.0
0.0
0.0
0.0
0.0
0.0
0.0
0.0
0.0
0.0
0.0
0.0
0.0
0.0
0.191446
0.0
0.0
0.0
0.0
0.0
0.0
0.0
0.0
0.0
0.0
0.0
0.0
1.32244
0.0
0.0
0.0
0.0
0.0
0.0
0.0
0.0
0.0
0.0
0.0
0.0
0.0
0.0
0.0
0.0
0.0
0.0
0.0
0.0
0.0
0.0
0.0
0.0
0.0
0.0
0.0
-0.648665
2.88579
0.462396
-0.30698
-0.0208349
4.513
-1.27304
-0.547005
1.99434
2.28657
3.90134
1.98394
4.93211
1.59813
4.86627
-0.655607
0.490283
-3.29866
1.83568
0.103425
0.258447
-4.22116
1.9147
0.846421
-1.5072
-2.51239
-2.57581
-3.2347
-5.08372
-3.73014
-5.24525
0.273438
0.798075
0.562297
1.8317
0.470356
0.481218
-1.84622
1.82417
-0.91354
1.81696
-1.2896
2.10475
-2.44821
1.5375
-1.72546
0.209912
-0.817541
-1.5146
1.0372
-4.07996
0.144153
0.0490028
2.9704
0.371908
4.83579
-5.8574
0.835573
2.60156
1.22403
0.871935
2.68888
1.1517
-0.927623
-0.158137
-0.413181
1.86459
-0.20354
0.2376
0.508294
0.641955
0.299753
0.22803
0.504146
1.32541
-1.25054
-0.151711
-2.70885
-0.379029
-0.382189
0.589399
-0.660783
-0.826133
0.102987
0.38112
-2.57833
0.317848
0.362333
0.486398
0.763932
-1.43991
1.58958
-3.42521
-1.55152
-0.0841702
-1.10118
-0.765315
-1.25389
0.272699
0.103033
0.12142
-0.412975
-0.931328
-2.30627
1.01196
-0.520814
1.50321
-1.88262
3.52311
2.17146
0.310956
-1.46855
2.25768
-1.14421
-0.581092
0.0832958
-1.29026
-0.779146
-3.80628
1.19211
0.372191
-1.5211
-0.376199
2.80115
0.766563
-0.905197
-1.97891
-0.221991
1.76397
-1.82261
-1.55257
0.159527
2.83007
-0.544723
-1.17537
-0.863493
0.974188
-0.803766
0.205771
-0.934725
-0.721425
2.70342
-3.66963
1.78742
0.267436
0.595113
1.85293
2.61973
2.91162
-3.07182
-1.26837
-2.13904
0.33448
-0.902264
0.765371
-0.561406
0.540977
1.00356
1.92906
2.84629
0.932623
3.74869
3.92386
2.19208
1.64049
5.35573
-0.432883
9.45274
-1.33763
0.542368
-2.12998
3.86115
-2.26958
-7.63668
-1.08929
2.4801
-1.11316
3.05898
-2.00716
2.45702
-0.14443
2.04991
4.2775
-1.45452
-0.738367
-1.38862
-3.9108
-0.208589
-4.75152
-4.89207
0.692043
-2.99007
2.12814
1.73497
-1.99606
0.0462484
0.378904
-3.99199
0.594997
4.49822
-2.49281
2.7015
-3.68067
2.70345
-0.844601
0.782154
2.74197
1.16006
1.01114
-1.54405
-1.21809
0.175908
0.513829
0.545496
-4.95766
-2.2196
-0.801989
-3.00165
3.77089
-0.799408
-0.101171
0.146905
-0.795099
1.38244
-1.58456
0.592703
-0.494573
0.00164939
0.113601
0.00571052
-2.29011
1.40042
1.09411
2.92034
2.39527
-1.49409
0.420436
1.16087
-0.428689
0.576287
-0.458805
0.220453
-1.50003
0.180911
0.239026
0.900378
0.982858
0.21837
4.43905
-3.88278
1.32768
-1.37568
-1.31081
0.771445
-1.48953
1.76621
-0.114206
2.18249
-1.94683
0.0156633
-0.0396412
0.0502925
1.95911
0.442676
-2.94434
2.46304
-4.6241
-1.73392
-0.39679
-2.62709
0.812967
-0.754955
-0.526341
-3.22857
2.33458
0.130069
0.294645
0.125874
0.746157
-2.24892
1.98958
-2.91402
2.35972
-1.26081
3.26215
4.19004
1.51898
0.802182
-6.30011
1.27321
1.33698
0.0829792
0.0256083
-1.76528
-2.73723
-0.485768
3.58134
-1.01491
4.96278
-1.16924
9.22407
1.41884
1.45702
4.1203
-1.80087
-0.465469
-1.58823
0.131947
0.0529564
-0.242686
2.2386
-4.2481
-1.70465
-1.5452
-2.20372
-0.0849924
-1.42453
-2.92742
0.938206
-0.964361
0.674917
-2.22567
-0.221804
2.25214
0.310507
-0.409558
1.30017
0.545428
-0.523865
1.01237
0.19805
0.988196
0.674099
2.2864
-0.082434
-1.57384
0.341658
-0.200307
-0.765268
-0.360191
-1.49766
0.659961
1.46996
0.920004
-1.85358
0.436201
1.36948
0.393779
-0.645166
-2.03329
-1.35156
1.76667
0.674978
0.859929
-6.30043
4.50625
-1.63529
-1.71534
-4.51711
-3.07395
3.45424
-0.254955
-2.92192
0.14162
0.928881
-1.8458
-1.83776
-1.09038
1.16074
-1.3958
-1.22971
-0.15629
-3.75476
-3.42901
-6.0111
-2.12273
-3.78136
-0.341775
-2.38829
11.3382
-8.24707
9.17074
12.1356
-11.003
-1.65876
-4.86825
5.22317
-8.19579
-1.52752
1.02109
3.09636
-4.61003
-6.95531
-5.19224
13.3178
-10.8059
-2.49865
-0.56657
-0.0593475
-3.27838
5.41567
-3.5115
-12.3603
-8.75397
2.89238
-2.56024
-3.2151
-9.60038
-6.34717
-3.17312
-6.19674
-4.0793
0.282201
0.1203
2.57234
-3.0565
0.716227
-2.23925
-3.22537
-1.59517
