[28, 25, 25, 4]
0.0634908
0.218716
-0.188248
0.790643
0.178012
0.449687
-0.66085
0.292786
-0.870879
-0.361603
0.658853
-0.0229637
-0.950839
0.26269
-0.150297
0.384561
0.0264673
0.488274
-0.0440542
0.265231
0.137253
-0.0108468
-0.865653
-0.0353873
-0.455708
0.430814
0.600192
-0.74868
0.184998
-0.224264
0.393393
-0.156154
-0.466152
-0.746698
-0.410428
1.57439
0.077773
-0.508726
-0.27925
-0.152296
-0.187339
-0.562157
-0.0135507
0.219311
0.740548
0.229753
-0.742832
-0.655736
-0.0141817
-0.278875
0.29906
0.0349355
-0.324072
-1.14949
-0.114351
0.486961
-0.456894
-0.126163
-2.0718
-0.652185
1.11799
0.024659
-1.12041
-0.0281881
-0.175656
-0.0263307
-0.224691
0.241268
0.0203739
-0.311641
0.510809
-0.13933
-0.599994
0.139775
-0.214511
0.485423
0.206156
-0.519239
-0.724252
0.13014
0.521544
-0.111473
-0.11491
-0.720649
-0.313133
1.61933
0.155449
-0.683987
-0.0899447
-0.168562
0.142729
-0.40498
0.0283518
0.134721
0.428364
0.622643
-0.230592
-0.691662
-0.207086
-0.343859
0.750892
0.204426
-0.488372
0.287154
-0.359029
0.396533
-0.612824
-0.266286
-0.594009
-0.437767
2.37773
-0.209379
-0.869245
-0.0614234
-0.154791
-0.263773
-0.308188
0.292738
-0.835333
1.0858
1.25119
0.324801
-0.500415
0.468828
-0.342108
1.18036
-0.371854
-0.614844
0.0150207
0.241142
0.724864
0.300867
0.450569
-1.31949
-0.776073
1.05708
0.254349
-0.781853
-0.11555
-0.100152
0.298769
-0.220809
-0.0334264
0.167069
0.29348
0.921092
-0.678307
-0.794764
-0.838677
-0.342655
1.36748
0.547308
-0.231253
-0.320542
-0.273473
0.500432
-0.73297
-1.19018
-0.975418
0.0171159
0.701298
-0.223378
-0.963238
0.150556
-0.321817
-0.6294
-0.521407
-0.0693938
-0.344267
0.875142
1.57404
0.942215
-0.189246
1.29434
-0.445584
1.01649
-1.0429
-0.563779
-0.694817
-0.528572
0.0479601
0.310764
-0.12263
-0.502216
-0.935736
1.22051
-0.155377
-1.25331
-0.0754375
0.652534
0.356245
0.0536927
-0.541676
1.00006
0.287732
1.23288
1.49879
-0.407979
0.338513
0.287068
1.23378
-0.551096
0.46945
0.412188
-0.280687
0.375865
0.334072
-0.128823
-0.182304
-0.4401
0.122211
-0.0610602
-0.589877
0.1226
0.556793
-0.475525
-0.179117
-0.267767
0.660333
-0.167865
-0.286499
-0.489591
-0.168571
0.385919
-0.0885018
-0.368355
-1.47599
-0.253234
1.96528
0.0673606
0.565264
-0.40149
-0.404369
-0.855251
-0.328174
0.733816
-0.0158775
-1.8634
0.519592
0.27589
0.08234
0.0420798
-0.492816
0.641831
0.442975
0.146878
-0.231345
-0.169975
-0.0156321
0.0469052
0.0825922
-0.988368
0.40156
1.29741
-0.60398
0.29233
0.000588966
-0.342273
0.110934
-0.679094
0.507599
-0.328155
-1.05613
-0.233007
0.794685
-0.467658
0.111824
0.147222
1.22867
1.13041
-0.179302
0.455016
-0.293524
-0.822387
0.121194
0.701424
-0.485134
0.697438
0.824947
-0.166876
0.437601
-0.635695
-0.241809
-0.728288
0.422526
0.762998
-0.628804
-1.42369
0.17361
0.0629186
0.0153969
0.0707298
-0.677447
-0.17021
1.49893
1.24524
0.0608784
-0.476843
0.447509
0.00868961
0.111452
-1.98041
0.466983
-0.341453
-0.359719
0.335169
0.190296
-0.621074
-0.225378
-0.927426
0.950046
0.142139
-1.28439
0.1052
1.00725
-0.602671
-0.198017
-0.139709
0.548301
1.39552
0.81297
-0.321364
-0.117673
-0.626747
0.3129
-0.347127
0.387712
0.86959
0.128339
-0.973056
-0.722603
-0.178601
1.1447
-0.722127
-1.28508
0.449736
0.0752713
-0.201432
-0.324165
0.687927
-0.503876
0.289239
0.70791
0.579446
-0.946178
1.41496
-0.76842
-0.225113
0.473412
0.308626
0.0338653
-0.337056
0.676158
0.955233
-1.11035
-0.367356
-0.0381893
0.118908
-0.332588
-0.148389
0.601377
0.105948
-0.491983
-0.335981
0.713637
-0.672099
0.0230704
0.045274
0.602154
0.389145
-0.812038
-0.584378
-0.32251
0.0032571
0.362119
-0.421573
-0.564768
0.724734
0.669391
-0.327229
-0.0889402
-0.33615
0.107304
-1.34674
-1.45065
0.777687
0.0594491
-1.00476
-0.0920766
0.844951
-0.337034
0.296091
0.277033
0.569856
-0.26641
2.63335
-0.118525
-0.206405
0.0114482
0.409308
-0.192711
0.301212
0.289972
-0.121941
-1.51335
-0.594366
-0.110121
0.627708
-0.202463
-0.555046
0.424347
0.53189
-0.165737
-0.24181
0.717928
-0.943104
0.265321
0.529186
0.775001
-0.285887
0.744999
-0.208293
-0.0832405
0.357699
0.210519
-0.10395
0.221161
1.25744
-0.0186071
-0.880725
-0.534486
-0.16585
0.904086
-0.718458
-1.06152
0.739172
-0.364667
-0.602522
-0.52508
0.647718
0.09379
0.1803
0.0356591
-0.267876
0.200966
0.120394
-0.248988
-0.915228
-0.3912
0.604188
-0.900846
0.268914
-0.97595
0.668678
-0.738378
-0.00439127
0.0526997
0.244571
0.138941
-1.72141
0.545344
0.946948
-0.544222
0.193559
1.2011
-1.31857
0.550037
1.48677
-0.348332
0.324857
0.290806
-0.5921
0.980862
0.221806
-0.209613
-1.35892
0.923942
-0.134371
1.92708
-0.732215
0.277536
-1.01366
0.0975904
0.0721371
0.287073
0.639676
1.04262
-1.28519
0.316526
0.0732593
0.325791
0.91226
-0.0294404
0.19176
0.0433712
0.992868
-0.773904
-0.784475
-0.72072
0.342432
-0.200096
0.52968
-0.712029
-0.325678
-0.57711
0.0323822
-1.39842
0.226991
-0.107762
-0.46599
0.615929
-0.408449
-0.27291
-0.284606
0.383157
0.327968
-0.0370786
1.68159
-0.556593
2.24366
-0.0414274
1.84415
-0.284436
-0.609516
-0.178576
0.257671
0.438327
-0.060778
0.478669
-0.287934
0.606053
-1.0879
-0.155156
-0.399057
-0.162579
0.448978
0.528514
-1.48811
0.0636852
0.278268
0.475407
0.414281
-0.0144614
-0.377
0.462605
1.28528
0.269178
-0.547002
-0.808072
0.594409
-0.585428
0.843099
-0.534971
2.1014
-0.745008
-0.0062785
-1.00331
0.62132
0.525766
-0.562058
1.17596
0.0113472
-0.104995
0.00472545
0.324597
0.17777
0.154523
1.04801
1.62265
-0.291015
0.914896
-0.216694
-0.463467
-0.422137
-0.610277
-0.118824
0.944165
-0.3689
-0.42815
-0.646687
0.406196
-1.26048
-0.131701
-0.272492
-0.252801
0.178414
0.76601
-1.35253
0.118667
0.543228
0.475302
0.517178
0.263215
-0.708006
-0.337741
1.09372
0.834727
-0.3283
-0.898446
0.802907
2.74751
0.6603
-0.185413
2.45174
-4.39052
-1.03967
1.09655
1.31018
-2.98916
1.74297
0.528946
2.34407
0.195146
0.306814
5.75402
0.115647
2.51334
-0.287234
0.71872
1.11211
1.804
4.11889
-0.315136
1.03079
-0.851565
-0.33091
-0.945009
0.536794
0.619866
2.03505
0.97608
-0.473885
-0.254383
1.2666
-0.806071
-1.67558
-3.53708
-0.747038
-1.0481
-4.12233
-2.71421
-1.63312
-0.588477
1.48825
-0.01576
-1.94146
-5.71298
0.708886
-0.773257
-0.43565
-1.09146
0.261329
0.539518
-0.00339938
2.1277
-1.67858
-2.30426
-0.574101
0.927433
0.38617
-0.735754
1.32504
0.460946
1.17014
0.173233
0.331048
3.97828
-0.899379
-2.37009
0.0558882
-3.00418
1.00624
-3.23382
0.821272
0.21112
1.77646
-0.937994
5.3255
-0.517631
1.18688
0.993301
0.137865
1.99147
-1.28561
-1.24922
3.07185
-1.53981
-2.2073
-2.30709
0.207266
2.31959
-0.700783
3.90817
0.976863
-2.16345
0.587331
0.589286
0.228434
1.39112
0.419076
-0.612409
0.249432
0.75752
1.2692
-0.368217
-0.0550988
-0.0435758
1.66976
0.00958833
0.732866
0.232038
-0.120293
-1.64076
-0.681352
-0.995134
0.053269
0.880321
-1.31547
0.663713
1.76606
0.193246
0.810391
0.39368
0.134705
0.654611
0.0220061
-0.0804057
-0.431524
0.205788
-0.734691
-0.926125
0.219443
-0.319207
-0.42518
0.754647
-0.564133
-0.613838
0.0640202
-1.00564
-1.25791
0.0912708
-1.19817
0.873732
-0.0341401
0.395854
-1.40148
-1.37869
0.93544
0.552054
1.26369
0.706609
-1.3526
0.398909
0.098879
-0.177893
0.120092
-0.541162
-1.0487
-0.775309
-0.376002
-0.0551035
-1.20731
-0.120613
0.477628
-0.425833
0.307304
-1.43575
-0.377684
0.00167108
0.154223
1.30318
0.36072
0.278731
-1.41879
-0.566469
0.962514
2.17243
0.701709
0.140126
-1.81409
0.221537
-0.286567
-0.196643
-0.351302
-1.12837
0.313373
0.140536
0.410513
-0.176407
-0.540407
1.19562
-1.00248
-0.715655
-0.019426
0.273383
-0.766271
-0.389793
0.159263
-0.941728
-0.678816
1.43965
-0.373474
-1.80661
0.199447
3.29055
0.503857
0.358288
-0.0691594
0.293256
-0.394003
-0.51345
-0.0413634
-1.78547
1.17419
-3.83007
1.99655
2.50641
-1.83236
-0.208297
0.445834
-0.0231379
-0.773984
0.263988
0.639388
1.4736
0.456936
3.41941
2.22403
2.49899
0.715652
-4.18233
-1.23055
-0.677863
-0.928644
-0.973111
0.573619
0.997814
0.289593
-0.0278394
1.50769
2.28514
1.09374
-1.54778
-0.0762483
0.2797
-0.150974
-1.03386
1.02616
0.104823
1.23045
0.077787
-0.433478
1.54092
2.15891
0.846861
2.06013
-1.17745
3.56756
0.897977
-0.626427
-0.211425
-0.377256
0.162805
-1.06259
0.0994241
4.26366
-3.57239
-0.0647917
-0.271101
-0.415384
-0.500869
0.142219
-2.37784
1.10003
-1.10393
-0.668018
-0.776585
-0.966699
2.65133
-0.0525536
1.67128
1.78002
-1.1132
-1.40341
1.43793
-0.727669
-0.958198
-0.727568
-0.690031
-0.80117
-0.944005
0.316185
2.21064
-3.09127
2.18194
-0.717709
0.463316
-0.43481
-0.244869
0.503814
0.0425136
-1.39002
-0.0329349
0.147094
1.2163
-2.54445
1.24422
4.41757
0.795823
1.6291
0.869619
2.25423
0.219391
1.96266
0.204952
0.857233
0.406195
-1.22162
-0.370278
1.08149
-0.508025
-0.231893
0.622269
1.22991
0.464302
0.413939
-0.200635
0.29307
0.000504772
-0.87659
-0.287281
-1.44117
-1.18363
-1.93397
-2.2694
-0.0685179
0.412509
-0.531795
0.343069
-0.241143
-1.71725
0.46463
-0.578869
-2.47201
2.86573
-1.66916
-1.07571
-0.409757
1.07878
0.709706
0.774619
0.715766
-1.35874
0.291794
-1.47481
-0.880174
-1.43285
2.38563
-0.605488
2.46707
0.623027
-0.972443
0.694478
0.141706
-0.0583553
-1.58087
1.5884
0.677161
0.598787
-1.45499
1.93694
-0.168921
-2.08185
3.07158
-1.03286
-0.851115
-2.00643
0.139852
0.072119
1.78323
0.896589
2.69469
-0.958609
1.43622
-2.27669
2.04609
-0.0484653
-0.359327
-0.382733
0.321956
-1.20789
-0.663915
2.032
-0.31221
0.267256
1.12846
-1.61081
-2.71236
1.42105
-1.28834
0.93299
1.22895
2.16483
0.126137
-1.74108
0.178644
-2.92125
0.546575
-0.955016
1.95375
-2.60904
-0.253915
1.21674
-0.530276
-0.802909
-1.28467
-1.65023
-2.37779
-0.221103
0.177443
0.337201
2.41142
1.68456
-2.99425
0.864199
-1.50226
-0.422678
0.481591
0.114632
0.747371
1.88733
-1.9091
0.902472
1.35152
-2.72103
1.14096
-1.77287
0.937153
0.106755
1.17849
-1.25667
-0.551339
0.907982
0.144
0.140667
1.08348
0.440051
-2.72603
1.27629
-1.49354
-2.51915
-0.0667022
-2.47145
0.0612304
0.0979638
-0.698681
0.85193
-0.416018
0.898787
1.16036
0.157041
-0.399886
3.10186
-1.36194
4.26039
0.703429
1.79991
2.57592
0.0114617
0.218761
0.909288
-1.24104
0.166042
0.812474
4.94295
0.460794
1.1105
-1.05826
0.181128
1.51495
-0.0818577
1.2746
-2.38395
0.92887
0.428032
0.339417
0.876999
-4.29406
-3.42646
0.923631
-0.764752
-0.741507
-0.267668
-0.38309
0.159666
-1.02889
0.877117
-0.21356
0.858727
-3.32335
0.163189
-0.340953
0.417445
2.12899
-0.535391
1.50897
1.46444
-0.880707
-0.0292863
-0.253588
0.997662
0.496939
0.632808
1.19228
0.832369
-2.52986
0.92782
0.185838
-0.127396
0.263408
0.188886
0.653972
1.64797
-0.614446
-0.0796268
0.434947
1.50344
-0.1704
0.233649
-1.06081
-0.370771
0.100108
0.032987
-0.202443
-1.23514
0.569964
-0.826824
-0.501875
0.931152
-2.57281
1.95966
-0.858772
0.448907
-0.803359
0.231677
-0.923815
0.124303
1.11054
0.0277203
0.285893
-0.00612527
-0.330816
1.16383
0.264607
-0.699297
1.1262
2.1692
-0.538025
-0.915391
-1.56978
-0.403429
-0.48756
-0.417004
-1.53138
0.256035
1.90688
-2.32423
-0.980352
-2.49168
-0.777979
0.600364
0.487127
-0.388252
-0.876247
0.720535
-0.866371
1.50953
-0.509222
0.0664466
-3.63329
0.29636
2.76298
0.457399
1.26045
0.511189
-1.08338
0.557273
0.0785792
-1.94849
-0.742269
-0.634767
-0.963734
0.455336
-0.678443
-0.0686716
0.324954
-0.527973
0.729963
0.29637
0.931357
-0.146232
0.45439
0.544988
0.155544
0.838551
-0.58967
-2.01676
-2.65283
0.333068
-1.09746
0.186208
-0.211692
0.0342903
0.156041
-1.09982
0.6407
1.13556
-2.26364
-3.05165
0.599379
0.87423
-0.537197
-0.269773
0.728067
0.291089
-0.820612
-0.257173
-2.71552
0.220788
2.45714
-1.32048
-0.443474
1.57332
0.632377
0.453419
-1.72678
0.719589
3.9783
3.38075
0.554159
-0.051348
0.923
-1.10961
-2.70135
2.55215
2.21615
0.506255
0.419642
0.263407
-0.716344
-0.598555
-0.962189
-0.0351538
0.130886
-0.551676
-0.217639
-0.0106437
-3.66165
2.34744
1.80259
-0.55689
0.55295
-1.09748
-1.38774
-0.093342
-0.127266
-2.29106
2.8436
1.35758
1.22137
0.349718
-0.22181
-1.88307
-1.37726
-1.03511
0.616948
1.7634
0.588697
0.121698
-1.5294
-0.280815
-1.60909
0.799804
1.35451
3.33174
1.42475
-2.73064
0.610544
1.37637
-1.18074
1.35398
0.422476
0.149679
1.24649
-0.57237
0.0706846
0.514261
1.61938
-2.09176
0.560408
-0.0123902
-1.33265
-0.084702
0.128513
1.37499
1.68081
1.12651
1.76772
0.62768
-2.01126
3.07464
0.32606
-0.015123
-0.826889
0.203361
0.325325
-0.338966
0.861789
-0.251471
0.270583
-0.0916185
1.65291
0.89928
-0.255219
-1.0323
-1.70948
-1.3206
0.749224
0.0828068
-0.395961
0.430805
-0.0740433
-0.216243
-0.317792
-3.15795
-0.650438
-1.46319
1.01982
-0.404644
0.355703
-0.84894
-1.54689
1.84184
0.0204782
0.220439
-0.547191
0.443833
-0.889386
2.02942
2.03208
-0.289802
0.634557
0.694848
1.0287
-1.01495
-0.576142
-0.434956
1.15123
-0.255436
0.373895
0.524974
0.347961
0.0193822
-1.21052
0.200875
-2.19977
-0.354878
0.42381
0.873358
0.973343
-0.281697
1.09907
-0.0678902
-0.766055
-1.58863
-1.36188
0.241172
-0.818266
-3.33743
-5.58177
2.39213
-3.26436
-2.33412
-0.0614646
2.50803
-1.13499
-2.61921
-2.73215
0.0504024
-1.47872
-0.497027
-0.693037
3.9675
0.894901
3.05324
5.66323
-3.70213
2.16715
-6.31565
-5.65612
-1.97496
2.43868
-3.20117
3.98462
-6.20182
-0.420242
1.40554
1.89312
2.17692
0.604685
1.63863
-1.3464
-10.7161
-3.47699
1.97329
0.844455
-0.504141
4.05087
-4.5892
-1.78578
-2.51775
-1.6138
-3.29036
6.08216
-1.19464
-6.65521
4.00155
2.49546
-0.554794
-3.61467
4.20463
-2.30123
-1.43089
-6.2458
1.10135
-4.51183
1.12888
0.880675
-1.22178
-6.19002
-1.57382
0.192371
1.65587
1.14076
-3.99795
1.58323
-7.41149
-0.367684
-0.122346
0.0781103
-2.23582
-2.52084
-0.108407
-1.9215
-0.870458
-2.19748
-3.37247
-8.17418
5.9699
-2.4328
-4.41419
-3.87379
-6.60273
-6.25618
5.18902
-1.59365
2.53952
-0.0566595
-1.61492
2.44263
-5.41319
5.46076
-3.05306
3.7574
0.311127
-2.68742
-0.401103
-1.4968
-0.505917
