[20, 25, 25, 4]
0.114227
0.761998
-0.275528
0.341702
0.00442487
-0.206142
0.816371
-0.680376
0.0943813
1.26408
-0.55542
-0.721482
-2.03605
-0.171855
-0.0382975
0.262201
-0.563283
0.972593
0.267608
0.161223
-0.449925
-0.846027
-0.660074
0.766147
-1.06541
-0.841776
1.02843
1.02963
-0.325163
0.55181
0.66043
0.155243
0.251559
-0.407514
-0.31832
-1.34825
-0.356556
0.394332
0.00183315
-0.12929
1.04074
0.00378275
-0.00496424
0.247673
0.940102
-0.0763873
1.24212
0.819452
0.380708
-0.811589
0.0707806
-1.17305
-0.158852
0.353327
1.51817
0.451733
-0.398772
-0.139948
-0.558963
0.915459
-0.954261
0.311374
-0.705077
-1.09699
-0.564939
0.104513
-0.908331
0.814189
1.42873
0.234091
0.00397218
-0.200153
-0.0417016
-0.04195
-0.286892
-1.23617
0.884912
0.526622
-0.265115
1.07476
0.1261
0.19076
-0.189612
-0.315466
0.372895
-1.49441
-0.522883
-0.196224
-0.320506
-0.122117
0.553056
-0.0894721
0.449825
1.28307
1.73297
0.0849991
0.344549
0.0799848
-0.346008
-0.271918
-0.108384
0.284878
0.525944
0.874895
0.299535
1.06086
-0.104119
-0.0681594
-0.524596
0.583922
-0.643666
0.372427
-0.356956
0.128104
-0.32685
0.554839
-0.674641
0.470647
-0.0384278
0.971146
0.200679
1.4102
0.306814
0.18368
-1.6467
0.0240414
-0.525925
0.79007
0.116758
1.53725
-0.324171
0.36669
0.891513
-0.140772
-0.137744
-0.0977615
0.0704697
-0.793594
-0.411339
-0.642887
-0.546847
0.860151
0.381732
1.77044
0.547926
-0.749577
-0.387557
-0.55089
0.303233
0.180562
0.579495
-0.129282
0.180284
0.506846
0.433722
0.593916
-0.195446
-0.110847
-0.473438
0.705247
-0.0126938
0.0826265
-0.356872
-0.100736
-0.3869
-0.0969971
-0.417793
0.465506
0.27262
0.196745
-0.517163
-0.34939
0.215425
-0.0509159
-0.367785
0.205152
0.0364876
0.963134
0.676783
0.822992
0.254349
0.396808
0.327237
-0.212567
-0.308732
-1.22972
0.0917363
-0.804142
-0.322519
-0.352467
-0.0570889
0.260719
0.462169
0.932655
1.36715
0.110954
0.616871
-0.114246
-0.61713
-0.934535
-0.237311
-0.897847
0.491793
0.239063
0.784414
0.00858247
-0.237297
0.836753
-0.404603
0.492669
1.03658
0.30037
-0.413807
-0.147261
-0.689437
0.200034
0.132769
0.44247
0.322893
-0.84362
-0.847177
-1.40857
-0.0388466
0.49853
0.269894
0.396834
0.566364
-0.00283587
-0.169298
0.302888
0.608569
0.0254889
0.102981
-0.205948
0.590699
-0.457952
-0.247808
-0.725267
-0.169915
-0.206629
0.473142
-0.214484
0.79426
0.665593
0.0100528
-1.36205
-0.356054
-0.218736
-0.631635
0.965855
0.406667
0.530543
-0.177198
-1.23441
0.0507528
0.257421
-0.202943
0.57691
-0.296387
0.44492
1.8884
-0.020011
-0.816941
-0.452736
-0.322595
-0.538522
-0.186573
0.819163
0.688848
-0.381929
-0.991479
-0.565025
0.352304
0.44489
0.935666
-0.0451397
-0.266545
1.02385
-0.276609
0.523741
0.401218
-0.00706063
0.257432
-0.378208
0.034501
1.16884
0.190448
-0.218449
0.210009
-0.575795
-0.232127
0.173331
0.238845
-0.52209
-0.342209
-1.11786
-1.06402
-0.0970183
-0.622865
1.05508
1.23666
0.845553
-1.42209
-0.299492
-1.20173
0.834665
-0.613292
1.6117
-0.194407
1.82617
0.580091
-0.394134
-0.84779
-0.308867
-0.13482
-0.252944
-0.796759
1.93041
-0.0533042
0.233652
-1.5986
-0.925421
-0.133718
-0.444181
1.19886
-0.661723
0.824316
-0.199082
-0.572973
0.371627
0.0911969
0.261717
-0.398233
-0.345533
0.00905418
-0.499507
0.110646
-1.59211
-0.338617
0.169224
-1.5492
0.731268
0.751604
-2.03864
0.913609
-0.380722
-0.0414322
-0.67955
0.36926
-1.57463
0.792859
0.399992
-0.165543
-0.889884
-0.260969
0.499078
-0.100273
0.331473
-0.0866089
1.08653
-0.131835
-0.401488
-0.835112
0.118868
-0.240692
-0.93623
-0.563156
1.23558
0.400583
0.540452
-0.876946
-0.634125
-0.252819
-0.00455859
0.75696
1.78253
0.859616
-0.662007
-0.00924695
-0.142156
0.640853
-0.576989
0.154426
-0.59543
-0.00523167
0.0444345
0.365362
-0.698451
-0.679445
0.0789797
-0.890033
0.629878
0.898092
-0.794344
0.978054
-0.794075
-0.355359
-0.141491
0.776263
-0.176707
3.36273
0.408698
0.345101
-0.259982
2.16371
-0.922556
1.19468
-2.57112
-4.94044
1.47169
0.386526
-1.02415
0.897577
-4.82213
2.83345
1.07234
1.88801
1.14588
-0.555792
2.0177
0.877256
-0.811938
0.62792
1.49407
0.828597
-3.67861
0.34318
0.319563
-0.0815629
-1.64858
0.645063
-0.75206
4.96886
4.07091
-0.402588
0.431172
1.89968
1.01812
2.53748
-2.91564
0.524272
-4.6812
-1.83467
-0.839945
-0.883355
1.3649
-0.130039
-1.09361
-0.412462
-1.14707
-0.809997
0.0978369
-0.890918
-1.50762
-1.21322
3.26096
1.72525
-0.49818
-2.94127
0.970166
-1.64827
4.3208
3.78898
0.595135
0.362519
0.595952
-1.91192
0.140892
2.40692
-1.20304
-0.978607
-1.36884
-0.304841
0.561082
-0.465131
0.177156
-0.617864
-2.09386
1.34589
2.93067
1.04179
4.03358
1.37197
2.48384
3.13831
-2.2218
-1.40871
-0.0986081
1.04448
-1.47036
-0.917269
-0.541948
0.0980537
-2.28922
-0.715541
1.40459
-2.26289
0.702732
-0.355946
-0.72387
-0.315919
-0.275488
0.519212
-0.773543
0.612571
0.429833
0.44324
1.5266
0.929681
0.598867
0.817566
0.103026
3.35345
0.597368
0.390833
-0.487216
-1.16151
2.37615
-0.734454
0.992494
1.85917
-0.782562
-0.465334
0.667018
-0.222908
3.70058
0.222066
-0.470273
0.103271
-2.09048
0.826874
-0.921695
1.02265
0.895667
-0.20377
-1.11485
-0.873626
-0.702669
0.619226
0.908084
-0.739192
-0.899531
1.49589
-0.0736548
0.191421
0.107684
0.731273
-0.579083
0.373873
2.30501
0.598947
0.183568
2.6768
-0.037269
-0.974681
0.511837
0.0776147
0.603787
-2.82791
0.379417
1.91243
-1.24132
2.48581
-0.719927
0.258772
0.253823
-0.459273
-0.291784
-0.00811149
-0.420005
-0.0658824
-0.343285
-1.38886
0.239121
-0.215179
1.94151
0.324373
-1.13919
0.0056785
0.121006
0.753812
-0.476397
-0.882833
0.236612
1.08397
-0.243563
-0.87216
1.65758
0.637772
0.69825
-1.08927
-0.506057
-0.387757
-0.0488393
0.721212
0.435552
0.519437
-1.15751
0.325149
1.16958
2.43163
-2.53102
-0.611849
0.0384249
1.16417
-1.24996
0.126893
-0.794
0.296542
-0.102636
-0.324101
0.991388
-0.386812
2.5945
-2.95089
1.97997
0.614255
-1.13153
-0.120007
0.59882
-0.0387613
-0.409638
0.144989
0.460464
1.3324
0.0463831
3.1761
1.90535
2.56959
4.10848
-1.86805
-1.1038
-3.32065
3.30344
0.710546
-0.681308
2.80693
1.44852
0.903644
1.6436
3.576
-0.305795
-3.86469
-0.0996804
0.47079
0.115999
-1.28604
-0.00032787
0.0880317
1.0636
0.395121
0.386693
1.54277
2.10991
0.778365
0.571358
-1.90251
2.78207
-1.91495
-1.89643
-0.397404
0.430207
-1.56997
-0.9481
0.869736
3.16014
-3.17636
1.66124
-0.0155438
-0.819277
0.67928
-0.954432
-2.60078
-0.551254
-0.941123
-2.67096
-1.14543
-1.54267
2.53915
2.86581
2.03495
-0.0529012
-1.71229
-2.52514
-1.82458
-0.288554
-0.319461
-0.705419
-0.631641
-0.13751
0.711661
-1.37329
1.78177
-2.92089
3.06019
-0.744759
0.558183
-0.297633
0.199174
0.101063
1.29761
2.03823
-1.47974
-0.141521
0.394797
-2.64275
0.625659
4.04016
-0.557847
2.66192
0.373545
-0.317266
1.13747
1.12729
-0.0869272
-0.888038
0.0722762
-0.535667
-0.489337
1.06346
0.029492
0.0164346
1.56687
0.287867
1.71739
5.76499
0.682487
-1.20411
-0.0529665
2.94362
-0.00598465
-4.93251
-0.822892
-3.23966
-1.74331
0.664351
0.289931
0.429762
0.597243
-1.04818
-1.2122
0.631547
2.55585
-2.63964
3.35998
-1.00775
-0.698269
-0.049247
-0.427643
-1.43073
-0.541428
1.0912
0.125066
-0.0479906
0.605393
0.27374
-0.445249
4.82604
-0.266924
2.81796
-0.169607
0.029572
-0.862639
-0.271185
-0.567904
1.32877
0.572142
-0.93446
0.390454
-0.65682
3.50376
-0.6931
1.62098
3.94716
-0.203718
1.12777
-0.337727
-0.519203
0.000100185
0.637775
-0.410598
0.623869
0.13009
1.37966
-5.02335
2.26807
0.366244
-1.30095
0.0853216
-0.803832
0.296039
0.380827
0.193733
-0.121653
0.289803
-0.442029
0.00660511
-2.14177
3.09174
0.690394
-0.336836
-0.20875
0.976803
-0.0336337
0.777658
-1.49203
-1.37687
0.586418
-2.14771
5.16291
-2.90768
0.905081
-0.298635
-0.135616
-0.0729979
-0.896376
1.78545
0.203878
-0.100533
0.196968
-0.459416
3.03946
1.24733
-2.96705
-1.54103
1.25535
-1.27947
0.964071
-0.0313395
-0.113848
1.3125
1.62137
0.860393
1.54297
-1.8022
3.20103
-3.87369
-0.532729
-0.29493
0.322557
-0.675544
0.326131
-0.340807
-0.0472716
0.020715
0.604412
-0.0689826
-2.79667
0.392917
-1.04061
-4.33221
-1.14237
-1.71546
-0.0327997
-2.47816
0.186748
0.216376
-0.68016
-3.53117
-1.11755
0.280769
1.03019
0.397082
-2.62169
2.65158
-0.299187
-1.39892
-0.351504
-0.0627473
1.06869
0.909293
0.0377844
2.04273
-0.0429678
4.59065
-2.15618
1.88439
1.22838
0.022898
-0.461396
-0.26374
1.55681
-0.795572
0.16818
3.10338
-0.860185
-0.517158
-4.90691
-3.31487
-0.499324
0.379303
4.90431
0.680785
-0.0745131
-0.834204
-0.977596
-1.28096
0.338539
-0.539104
-3.37142
-0.77495
-3.20826
-0.660124
2.21259
0.126381
-0.568884
0.200526
-1.22993
-0.83117
0.942382
-0.347238
1.4247
0.655776
0.89492
0.289229
-2.17045
1.60689
1.08737
-0.120155
0.436578
0.444889
0.587596
0.154953
0.449217
0.182018
-0.631593
0.0382699
0.290978
0.107765
-0.891523
-0.386304
0.942931
1.64789
1.37734
1.03392
-0.910956
1.67731
-0.803246
-0.162594
-1.9857
1.37676
-0.291932
0.532425
-0.731039
-1.24234
-2.29017
-0.810322
0.219485
1.57963
-0.882376
-1.43353
-1.86447
2.45244
0.139926
-4.06015
1.88307
1.42928
-0.309213
0.736723
-0.985066
-1.05003
-0.470729
-0.504185
-0.348304
-1.50497
2.74275
-3.25458
-1.53451
-2.37185
-0.628914
-0.0218431
1.21119
-1.09703
0.297735
1.95888
-0.32287
0.455751
0.52581
-0.0217744
-2.60874
-0.74265
2.27872
0.269519
-1.51841
0.0886417
0.225317
-0.92634
0.983324
0.410255
-0.0361451
-0.163331
2.01486
0.597498
-0.603676
-0.510197
-0.152064
0.0784494
-0.772538
-0.0145868
-0.262901
-0.316428
-0.772983
-0.294788
0.0352335
0.49314
-3.1384
-2.45738
-3.53499
0.0651152
0.088657
-0.338163
0.734036
0.554543
-0.445606
-0.676822
0.296635
1.22168
-0.781448
-2.96581
0.188202
1.53961
0.552425
0.354546
0.233737
-0.00538453
0.667888
-1.38663
-0.882364
0.0648972
-2.43271
0.703645
2.84246
-0.647811
0.884602
-0.647748
1.0318
-0.769531
-0.498833
-0.273736
0.419804
-0.0351962
-0.629093
-0.709354
-2.70649
2.17079
3.38079
1.85216
-0.41568
0.471345
0.268351
-1.38429
-0.30035
0.557249
0.0418414
2.32878
1.7682
1.13836
-1.94519
3.1186
0.312572
0.421147
-1.35121
-1.25389
1.18515
1.58836
0.646022
0.142471
-0.0425616
1.66648
2.00034
0.907991
-2.91042
-2.33353
0.12248
2.57109
-0.00644607
1.54558
-0.133733
-0.0527099
-2.28427
-0.0174551
0.87211
0.486846
0.166617
3.38866
1.47717
1.77255
-1.21342
-0.340503
-1.43055
0.958786
0.642803
-0.0352995
1.07176
0.113337
-0.281898
0.594928
1.18082
-0.0817331
-0.285822
1.22051
-0.55122
-0.283466
0.0477608
-0.834581
-0.45729
-1.58176
1.77158
-0.123797
-0.620978
2.56202
1.20453
0.170017
0.655631
-0.224139
0.366644
-0.299171
-0.730483
-0.123663
0.182682
-2.14456
2.08985
0.875397
-0.25225
-1.20422
-3.11113
2.0646
-1.83078
-0.0259165
0.171871
0.216958
1.24669
-0.0576236
-2.53671
-3.13088
1.40434
-3.91639
-0.319874
-0.973599
-1.12657
-0.0547325
-0.954529
-0.0969285
-0.113083
1.3626
0.488906
2.06621
3.46441
1.44636
-3.33332
-0.627318
2.10072
0.689716
-0.795814
1.03353
1.20288
0.391749
1.58569
1.50596
-0.210779
1.21691
0.143885
1.16067
-1.78574
2.19842
-2.74521
-0.815407
-0.14965
-0.446097
0.0395596
0.890524
-0.780969
0.386531
0.261347
-1.64467
-2.6234
-10.3374
10.1744
-8.55373
2.42309
-1.27658
-0.888751
-0.793741
-2.95102
-4.20039
2.73097
0.202796
-3.1008
-0.80297
-0.54841
-1.10773
4.45775
5.47695
-3.45566
-7.09729
-3.51373
-1.74764
-0.597772
0.150058
-7.10182
1.10587
-8.58925
4.21517
6.40216
-7.88874
3.55111
7.56187
5.20558
-0.23781
5.28646
-5.22972
6.5296
-6.63204
-5.17998
-2.9167
-1.99941
0.507391
-0.619962
-0.885496
0.867529
-0.223946
-2.2563
2.74869
-4.00615
-0.260279
1.82807
-0.192893
0.557143
4.14183
3.332
4.1897
0.304133
0.255274
-3.77526
-3.71671
-0.884275
1.51962
-2.83907
-3.54571
-0.984514
-3.6115
-0.740475
-2.08733
-6.58907
-5.85542
0.176183
4.2133
-0.44991
-0.143769
-0.284885
0.0893818
-0.804767
0.391089
-0.169305
-1.92499
-2.12002
0.271903
0.141688
-0.509949
-0.0306232
1.38881
-1.02817
1.28243
4.49226
-4.09057
-5.08332
1.70383
-2.28188
-1.87039
-0.444392
0.0937429
-2.44104
-0.249389
-6.03222
2.35801
-2.74355
0.0413332
1.19801
-0.556595
