[229, 49, 49, 4]
0.0
0.0
0.0
0.0
0.0
0.0
0.0
0.0
0.0
0.0
0.0
0.0
0.0
0.0
0.0
0.0
0.0
0.0
0.0
0.0
0.0
0.0
0.0
0.0
0.0
0.0
0.0
0.0
0.0
0.0
0.0
0.0
0.0
0.0
0.0
0.0
0.0
0.0
0.0
0.0
0.0
0.0
0.0
0.0
0.0
0.0
0.0
0.0
0.0
0.0
0.0
0.0
0.0
0.0
0.0
0.0
0.0
0.0
0.0
0.0
0.0
0.0
0.0
0.0
0.0
0.0
0.0
0.0
0.0
0.0
0.0
0.0
0.0
0.0
0.0
0.0
0.0
0.0
0.0
0.0
0.0
0.0
0.0
0.0
0.0
0.0
0.0
0.0
0.0
0.0
0.0
0.0
0.0
-1.23573
0.0
0.0
0.0
0.0
0.0
0.0
0.0
0.0
0.0
0.0
0.690723
0.0
0.0
3.5666
0.0
0.0
0.0
0.0
0.0
0.0
0.0
0.0
0.0
0.0
0.0
0.0
0.0
0.0
0.0
0.0
0.0
0.0
0.448405
0.0
0.0
0.0
0.147657
0.0
0.0
0.0
0.0
0.0
0.0
0.0
0.0
0.0
0.0
0.0
0.0
-0.891545
0.0
0.0
0.0
0.0
0.0
0.0
0.0
0.0
0.0
0.0
0.0
0.0
0.0
0.0
0.0
0.0
0.0
-0.0147682
0.0
0.0
0.0
0.0
0.0
0.0
0.0
0.0
0.0
0.0
0.0
0.0
0.0
0.0
0.0
0.0
0.0
0.0
0.0
0.0
0.0
0.0
0.0
0.0
0.0
0.0
0.0
0.0
0.0
0.0
0.0
0.0
0.0
0.0
0.0
0.0
0.0
0.0
0.0
0.0
0.0
0.0
0.0
0.0
0.0
-1.05141
0.0
0.0
0.0
0.0
0.0
0.0
0.0
0.0
0.0
-0.120894
0.0
0.0
0.0
0.0
0.0
0.0
0.0
-0.150868
0.0
0.0
0.0
0.0
0.0
0.0
0.0
0.0
0.0
0.0
0.0
0.0
0.0
0.0
0.0
0.0
0.0
-0.865195
0.0
0.0225967
-0.395682
0.342372
0.00108055
0.00231355
-0.0296057
0.232621
-0.243076
0.508678
0.186702
0.862857
-0.29537
-0.489898
-0.109692
-0.134509
0.0110728
-0.177832
0.29972
-0.0631157
0.309681
-0.376354
0.114087
-0.308814
0.0405503
0.592733
0.163299
-0.129094
0.0732848
-0.000890508
0.00810739
-0.348869
0.0357787
0.0036059
0.0230316
-0.11533
0.15771
-0.0220454
0.182261
0.0592909
-0.0220705
0.0312288
0.194827
-0.193332
0.0627197
0.338436
-0.0811245
-0.295229
0.0138552
-0.633024
0.0
0.0
0.0
0.0
0.0
0.0
0.0
0.0
0.0
0.0
0.0
-0.177155
0.0
-0.708065
0.0
0.0
0.0
0.0
0.0
0.0
0.0
0.0
0.0
0.0
0.0
0.0
0.0
0.0
0.0
0.0
0.0
0.0
0.0
0.0
0.0993426
0.0
0.0
0.0
0.0
0.0
0.0
0.385289
0.0
0.0
0.0
0.0
0.0
0.0
0.0
0.00133833
-0.176351
-0.626865
0.000166621
0.00663877
-0.0329391
0.200694
-0.177386
0.162021
-0.716338
0.216008
-0.176478
-0.245067
-0.152163
0.0414549
-0.959918
-0.324157
0.171515
-0.0125508
0.140385
-0.192143
-0.094026
-0.0976323
0.0148163
0.0627912
0.10802
-0.248448
-0.0691664
0.00369285
0.00509431
0.047178
0.109929
0.59326
0.146304
-0.00326471
0.251539
0.222346
0.275404
0.10345
0.048601
0.0567021
0.155258
-0.543329
0.0992941
0.345979
0.0018332
-0.130999
0.027275
-0.141631
0.711367
0.0
0.0
0.0
0.0
0.0
0.0
0.0
0.0
0.0
0.0
0.0
0.0
0.0
0.0
0.0
0.0
-0.962717
0.0
0.0
0.0
0.0
0.0
0.217155
0.0
0.0
0.0
0.0
0.0
0.0
0.0
0.0
0.0
0.0
0.0
0.0
0.0
0.0
0.0
0.0
1.52859
0.0
0.0
0.0
0.0
0.0
0.0
0.0
0.0
-0.00209891
-0.370741
-0.247905
-0.000558888
0.00200334
0.031098
0.183138
-0.320379
0.475865
0.156607
0.318721
-0.28429
-0.492418
-0.0632617
-0.010653
0.0958581
-0.0852988
0.563419
-0.133379
0.478701
-0.618186
-0.394457
-0.105988
0.0417359
0.286717
0.14142
-0.0142944
0.081477
-0.000155077
0.000967881
-0.0544757
-0.266443
-0.0566814
0.387736
0.263899
0.0371692
-0.00615407
0.155206
0.0937154
-0.0707749
0.00986289
0.203069
0.108921
0.0781106
0.203396
-0.340017
-0.0820434
0.0817761
-0.67482
0.0
0.0
0.0
0.0
0.0
0.0
0.0
0.0
0.0
0.0
0.0
0.0
0.532145
0.0
0.0
0.0
0.0
0.0
0.0
0.0
0.0
0.0
0.0
0.0
0.0
0.0
0.0
0.0
0.0
0.0
0.0
0.0
0.0
0.0
0.0
0.0
0.0
0.0
0.0
0.0
2.30323
0.0
0.0
0.0
0.0
0.0
0.0
0.0
0.0
0.0
0.0
0.0
0.0
0.0
0.0
-2.17284
0.0
0.0
0.0
0.0
0.0
0.0
0.0
0.0
0.0
0.0
0.0
0.0
0.0
0.0
0.0
0.0
0.0
0.0
0.0
0.0
0.0
0.0
0.0
0.0
0.0
0.0
0.0
0.0
0.0
0.0
0.0
-1.21417
0.0
0.0
0.0
0.0
0.0
0.0
0.0
0.0
0.0
0.0
0.0
0.0
0.0
0.0
0.0
0.0
0.0
0.0
0.0
0.0
0.0
0.82157
0.0
0.0
0.0
0.0
0.0
0.0
0.0
0.0
0.0
0.0
0.0
0.0
0.0
0.0
0.0
0.0
0.0
0.0
0.0
0.0
0.0
0.0
-1.83298
0.0
0.0
0.0
0.0
0.0
0.0
0.0
0.0
0.0
0.0
0.0
0.0
0.0
0.0
0.0
0.0
0.230186
0.0
0.0
0.0
0.0
0.0
0.0
0.0
0.0
0.0
0.0
0.0
0.0
0.0
0.0
-0.18672
0.0
0.0
0.0
0.0
0.0
0.0
0.0
0.0
0.0
0.0
0.0
0.0
0.0
0.0
0.358118
0.0
0.0
0.0
0.0
0.0
0.0
0.0
0.0
0.0
0.0
0.0
0.0
0.0
0.0
0.0
0.0
0.0
0.0
0.0
0.0
0.0
0.0
0.0
0.0
0.0
0.0
0.0
0.0
0.0
0.0
0.0
0.0
0.0
0.0
0.0
0.0
0.0
0.0
0.0
0.0
0.0
0.0
0.0
0.0
0.0
0.0
0.0
0.0
0.0
0.0
0.0
0.0
0.0
0.0
0.0
0.0
0.0
0.578987
0.0
0.0
0.0
0.0
0.0
0.0
0.0
0.0
0.0
0.0
0.0
-1.46598
0.0
0.0
0.0
0.0
0.0
0.0
0.0
0.0
0.0
0.403693
0.0
0.0
-0.997516
0.0
0.0
0.0
0.0
0.0
0.0
0.0
0.0
0.0
0.0
0.0
0.0
0.0
0.0
0.0
0.0
0.626435
0.0
0.0
0.0
0.0
0.0
0.0
0.0
0.0
0.0
0.0
0.0
0.0
0.0
0.0
0.0
-0.756124
0.0
0.0
0.0
0.0
0.0
0.0
0.0
0.0
0.0
0.0
0.0
0.0
0.0
0.0
0.0
0.0
0.0
-0.579948
0.0
0.0
0.0
0.0
0.0
0.0
0.0
0.0
0.0
0.0
0.0
0.0
0.0
0.0
0.0
0.0
0.0
0.0
0.0
0.0
0.0
0.0
0.0
0.0
0.0
-0.99115
0.0
0.0
0.0
0.0
0.0
0.0
0.0
0.0
0.0
-0.0392046
-0.809115
0.0
0.0
0.0
0.0
0.0
0.0
0.0
0.0
0.0
0.0
0.0
0.0
0.0
0.0
0.0
0.0
0.0
0.0
0.0
0.0
0.0
0.0
0.0
0.0
0.0
0.0
0.0
0.0
0.0
0.0
0.0
0.0
0.0
0.0
0.0
0.0
0.0
0.0
0.0
0.0
0.0
0.0
0.0
0.0
0.0
0.0
0.0
0.0
0.0
0.0
0.0
0.0
0.0
0.0
0.0
0.0
0.0
0.0
0.0
0.0825413
0.0
0.0
0.0
0.0
0.0
0.0
0.0
0.0
0.0
0.0
0.0
0.0
0.0
0.0
0.0
0.0
0.0
0.0
0.0
0.0
0.0
0.0
0.0
0.0
0.0
0.0
0.0
0.0
0.0
0.0
0.0171683
-0.1702
0.215473
0.000740029
-0.000943532
0.0483093
0.346298
-0.167805
0.208687
-0.307663
0.135322
-0.14657
-0.273277
0.0572108
0.242162
0.0649571
-0.11981
0.165684
-0.00530618
0.223737
-0.301014
0.2089
-0.350345
0.0466163
0.186884
0.46373
-0.0307044
0.0273148
-0.000892191
0.0419256
-0.281283
0.0321937
-0.0245335
0.0337896
0.189245
0.188808
-0.119587
0.355709
0.126955
0.222431
-0.0289908
-0.0453484
-0.0373169
-0.185631
0.307126
-0.118503
-0.485314
-0.124389
-0.316101
0.0
0.0
0.0
0.0
0.0
0.0
0.0
0.0
0.0
0.0
0.0
0.0
-0.36419
0.0
0.0
0.0
0.0
0.0
0.0
0.0
0.0
0.0
0.0
0.0
0.0
0.0
0.0
0.0
0.0
0.0
0.0
0.0
0.0
0.0
0.0
0.0
0.0
0.0
0.0
0.0
0.0
0.0
-0.6732
0.0
0.0
0.0
0.0
0.0
0.0
0.0
0.0
0.0
0.0
0.0
0.0
0.0
0.0
0.0
0.0
0.0
0.0
0.0
0.0
0.0
0.0
0.0
0.0
0.0
0.0
0.0
0.0
0.0
0.0
0.0
0.0
0.0
0.0
0.0
-0.00136816
0.0
0.0
0.0
0.0
0.0
0.0
0.0
0.0
0.0
0.0
0.0
0.0
0.0
0.0
0.0
0.0
0.0
-0.288448
0.0
0.0
0.0
0.0
0.0
0.0
0.0
0.0
0.0
0.0
0.0
0.0
0.0
0.0
0.0
0.0
0.0
0.0
0.0
0.0
0.0
0.0
0.0
0.635592
0.0
0.423271
0.0
0.0
0.0
0.0
0.0
0.0
0.0
0.0
0.0
0.0
0.0
0.0
0.0
0.0
0.0
0.0
0.0
0.0
0.0
0.0
0.0
0.0
0.796629
-1.01341
0.167755
0.0
0.0
0.0
0.0
0.0
0.0
0.0
0.0
0.0
0.0
0.0
0.816777
0.0
0.0
0.0
0.0
0.0
0.0
0.0
0.0
0.0
0.0
0.0
0.0
0.0
-0.430067
0.0
0.0
0.0
0.0
0.0
0.0
0.719148
0.0
0.0
0.0
0.0179083
0.0
0.0
0.0
0.0
0.0
0.0
0.0
0.0
0.0
0.0
0.0
0.0
0.0
0.0
0.0
0.0
0.0
0.0
0.0
0.0
0.0
0.0
0.0
0.0
0.0
0.0
0.0
0.0
0.0
0.0
0.0
0.0
0.0
0.0
0.0
0.0
0.0
0.0
0.0
0.0
0.0
0.0
0.0
0.0
0.0
0.0
0.0
0.0
0.0
0.0
0.0
0.0
0.0
0.0
0.0
0.0
0.0
0.0
0.0
0.0
0.0
0.0
0.0
0.0
0.0
0.0
0.0
0.69889
0.0
0.0
0.0
0.0
0.0
0.0
0.0
0.0
0.0
0.0
0.822975
0.0
0.0
0.0
0.0
0.0
0.0
0.0
0.0
0.0
0.0
0.0
-1.33694
0.0
0.0
0.0
0.0
0.0
0.0
0.0
0.0
0.0
0.0
0.0
0.0
0.0
0.0
0.0
0.0
0.0
0.0
-0.0182274
-0.280402
0.259778
0.00245014
0.00159122
0.0741414
0.198269
-0.135477
0.182791
-0.127956
-0.0361932
-0.133583
-0.515857
-0.0488582
0.00257459
-1.2161
-0.0661414
0.354442
0.0224759
0.264581
-0.556233
-0.456649
-0.246733
0.0195248
0.141265
-0.0219294
-0.0394394
0.0686812
-0.00205135
-0.00830362
0.136165
0.00403047
-0.0369702
0.494821
0.293112
-0.166819
-0.0349153
0.143475
0.0435805
0.214146
-0.0274635
0.0692793
0.0244287
0.350027
0.169999
-0.309145
0.0118827
0.0278366
-0.482511
0.599962
0.0
0.0
0.0
0.0
0.0
0.0
0.0
0.0
0.0
0.0
0.0
0.0
0.0
0.0
0.0
0.0
0.0
0.0
0.0
1.55437
0.0
0.0
0.0
0.0
0.0
0.0
0.0
0.0
0.0
0.0
0.0
0.0
0.0
0.0
0.0
0.0
0.0
0.0
0.0
0.0
0.0
0.0
0.0
0.0
0.0
0.0
0.0
0.0
0.0
0.0
0.0
0.0
0.0
0.0
0.0
0.0
0.0
0.0
0.0
0.0
0.0
0.0
0.0
0.0
0.0
0.0
0.0
0.0
1.38533
0.0
0.0
0.0
0.0
0.0
0.0
0.0
0.0
0.0
0.0
0.0
0.0
0.0
0.0
0.0
0.0
0.0
0.0
0.0
0.0
0.0
0.0
0.0
0.0
0.0
0.0
0.0
0.0
0.0
0.0
-0.379115
0.0
0.0
0.0
0.0
0.0
0.0
0.0
0.0
0.0
0.0
0.0
0.0
0.0
0.0
0.0
0.0
0.0
0.0
0.0
0.0
0.0
0.0
0.0
0.0
0.0
0.0
0.551826
0.0
0.0
0.0
0.0
0.0
0.0
0.0
0.0
1.69994
0.0
0.0
0.0
0.0
0.0
0.0
0.0
-1.19759
0.0
0.0
0.0
0.0
0.0
-0.979648
0.0
0.0
0.0
0.0
0.0
0.0
0.0
0.0
0.0
0.0
0.0
-0.00302016
0.0
0.0
-0.936194
0.0
0.0
0.0
0.0
0.0
0.0
0.0
0.0
0.0
0.0
0.0
0.0
0.0
0.0
0.0
0.0
0.0
0.0
0.0
0.415049
0.0
0.0
0.0
0.0
0.0
-1.44637
0.0
0.0
0.0
0.0
0.0
0.0
0.0
0.0
0.0
0.0
0.0
0.0
0.0
0.0
0.0
0.0
0.0
0.0
0.0
0.0
0.0
0.0
0.0
0.0
0.0
0.0
0.0
0.0
0.0
-2.20918
0.0
0.0
0.0
0.0
0.0
0.0
-0.960627
0.0
0.0
0.0
0.0
0.0
0.0
0.0
0.0
0.0
0.0
-1.08872
0.0
0.0
0.0
0.0
0.0
0.000394724
-0.439599
0.277867
0.000255295
-0.0004086
-0.0204346
0.193222
0.17457
0.669752
-0.220897
0.751531
-0.0850403
-0.133135
0.169195
0.0426743
-0.101468
-0.203756
0.536585
-0.0657973
0.485863
-0.269823
0.324278
-0.212815
0.0538305
0.364338
0.133569
-0.14981
1.03346
1.06415
-0.000206708
-0.903834
0.31034
-0.034348
-0.209496
0.0890261
0.452548
-0.109382
0.200601
0.130245
0.163463
-0.0131932
-0.0150254
-0.0625792
0.198089
0.484588
-0.0945883
-0.424246
0.615667
-0.512171
0.0
0.0
0.0
0.0
0.0
0.0
0.0
0.0
0.0
0.0
0.0
0.0
0.0
0.0
0.0
0.0
0.0
0.0
0.0
0.0
0.0
0.0
0.0
0.0
0.0
0.0
0.0
0.0
0.0
0.0
0.0
0.0
0.0
0.0
0.0
0.0
0.0
-0.511236
0.0
0.0
0.0
0.0
0.0
0.0
0.0
0.0
0.0
0.0
0.0
0.0
0.0
0.268142
0.0
0.0
0.0
0.0
0.0
0.0
0.0
0.0
0.0
0.0
-0.753531
0.0
0.438866
0.0
0.0
0.0
0.0
0.0
0.0
0.0
0.0
0.0
0.0
0.0
0.0
0.0
0.0
0.0
0.0
0.0
0.0
0.0
0.0
0.0
0.0
0.0
1.14341
0.0
0.0
0.0
0.0
0.0
0.0
0.0
0.0
0.0
0.0
0.0
0.0
0.0
0.0
0.0
0.0
0.0
0.0
0.0
0.0
0.0
0.0
0.0
0.0
0.0
0.0
0.0
0.0
0.0
0.0
-0.617159
0.0
0.0
1.13954
0.0
0.0
0.0
0.0
0.0
0.0
0.0
0.0
0.0
0.0
0.340556
0.0
-0.634313
0.0
0.0
0.0
0.0
0.0
0.0
0.0
0.0
0.0
0.0
0.0
0.0
0.0
0.0
0.0
0.0
0.0
0.0
0.0
-0.599745
0.0
0.0
0.0
0.0
0.0
0.0
0.0
0.0
0.0
0.0
0.0
0.0
0.0
0.0
0.0
0.0
0.0
0.0
0.0
0.0
0.0
0.0
0.0
0.0
0.0
0.0
0.0
0.0
0.0
0.0
0.0
0.0
0.0
0.0
0.0
0.0
0.0
0.0
0.0
0.0
1.26517
0.0
0.0
0.0
0.0
0.0
0.0
0.0
0.0
0.0
0.0
0.0271244
0.0
0.0
0.0
0.0
0.0
0.0
0.0
0.0
0.0
-0.31214
0.0
0.0
0.0
0.0
0.0
0.0
0.0
0.0
0.0
0.0
0.0
0.0
0.0
0.0
0.0
0.0
0.0
0.0
0.0
0.0
0.0
0.0
0.0
0.0
0.0
0.0
0.0
0.0
0.0
-2.00952
0.0
0.0
0.0
0.0
0.0
0.0
0.0
0.0
0.0
0.0
0.0
0.0
0.0
0.0
0.0
0.0
0.0
0.0
0.0
0.0
0.0
0.655849
0.0
0.0
0.0
0.0
0.0
0.0
0.0
0.0
0.0
0.0
0.0
0.0
0.0
0.0
0.0
0.0
0.0
0.0
0.0
0.0
0.0
0.0
0.0
0.0
0.0
0.0
0.0
0.0
0.0
0.0
0.0
0.0
0.0
0.0
0.0
0.0
0.0
-0.529678
0.0
0.0
0.0
0.0
0.0
0.0
0.0
0.0
0.0
0.0
0.0
0.0
0.0
0.0
0.0
0.0
0.0
0.684339
-0.743103
0.0
1.50943
0.0
0.0
0.0
0.0
0.876864
0.0
0.0
0.0
0.0
0.0
0.0
0.0
0.0
0.0
0.0
0.0
0.0
0.0
0.0
0.0
0.0
0.0
0.0
0.0
0.0
0.0
0.0
0.0
0.0
0.0
0.0
0.0
1.70123
0.0
0.0
0.0
0.0
0.0
0.0
0.0
-1.31883
0.0
0.0
0.0
0.0
0.0
0.0
0.0
0.0
0.0
0.0
0.0
0.0
0.0
0.0
0.0
0.0
0.0
0.0
0.0
0.0
0.0
0.0
0.0
0.0
0.0
0.0
0.0
1.39914
0.0
0.0
0.0
0.0
0.0
0.0
0.0
0.0
0.0
0.0
0.0
0.0
0.0
0.0
0.0
0.0
0.0
0.0
0.0
-0.396963
0.0
0.0
0.0
0.0
0.0
0.0
0.0
0.0
0.0
0.0
0.0
0.0
0.0
0.0
0.0
0.0
0.0
0.0
0.0
1.80874
0.0
0.0
0.0
0.00349935
-0.519572
0.312626
-0.00115495
-0.000589999
-0.0346772
0.298675
0.16783
0.132189
-0.537616
-0.104328
-0.0158751
-0.442952
-0.0790928
0.327881
-0.253252
-0.483738
0.760574
-0.017116
0.464333
-0.921706
-0.308669
-0.0746347
0.106716
-0.187838
0.094131
0.455561
0.148229
6.36484e-05
0.015068
0.0631243
-0.515127
-0.0498456
0.677498
0.571531
-0.688608
-0.161849
0.1259
0.164821
-0.000224707
-0.00326918
0.240137
-0.0624968
0.161769
0.0526652
-0.708997
-0.0453764
0.111085
-0.797306
0.0
0.0
0.0
0.0
0.0
0.0
0.0
0.0
0.0
0.0
0.0
0.0
0.0
0.0
0.0
0.0
0.0
0.0
0.0
0.0
0.0
0.0
0.0
0.0
0.0
0.0
0.0
0.0
0.0
0.0
0.0
-0.319917
0.0
0.0
0.0
0.0
0.0
0.0
0.0
0.0
0.0
0.0
0.0
0.0
0.0
0.0
0.0
0.0
0.0
0.0
0.0
0.0
0.0
0.0
0.0
0.0
0.0
0.0
0.0
0.0
0.0
0.0
-0.84747
0.0
0.0
0.0
0.0
0.0
-0.310062
1.51991
0.0
0.0
0.801051
0.0
0.0
0.0
0.0
0.0
0.0
0.0
0.0
0.0
0.0
0.0
0.0
0.0
0.0
0.0
0.0
0.0
0.0
-0.922141
0.0
0.0
0.0
0.0
0.0
0.0
0.0
0.0
0.0
0.0
0.0
0.0
0.0
0.0
0.0
0.0
0.0
0.0
0.0
0.0
0.0
0.0
0.0
0.0
0.0
0.0
0.0
0.0
0.0
0.0
-1.05765
0.0
0.0
0.0
0.0
1.13285
0.0
0.0
0.0
0.0
0.105315
0.0
0.0
0.0
0.0
0.0
0.0
0.0
0.0
0.0
-1.06931
0.0
0.0
0.0
0.0
0.0
0.0
0.0
0.0
0.0
0.0
0.0
0.0
0.0
0.0
0.0
0.0
0.0
0.0
0.0
0.0
0.0
0.0
0.0
0.0
0.0
0.0
0.0
0.0
0.0
0.0
0.0
0.0
0.0
0.0
0.0
0.0
0.0
0.0
0.0
0.0
0.0
0.0
0.0
0.0
0.0
0.0
0.0
0.0
0.0
0.0
0.0
0.0
0.0
0.0
0.0
0.0
0.0
0.958683
0.0
0.0
0.0
0.0
0.0
0.0
0.0
0.0
0.261082
0.0
0.0
0.0
0.0
0.0
0.0
0.0
0.0
0.0
0.0
0.214608
0.0
0.0
0.0
0.0
0.0
0.0
0.0
0.0
1.60728
0.0
0.0
0.0
0.0
0.0
-1.3255
0.0
-0.316003
0.0
1.47173
-0.985418
0.0
-3.03535
0.0
-0.359282
0.0
0.0
0.0
0.0
-1.87741
0.0
0.0
0.0
-1.33291
0.0
0.0
0.0
0.0
0.0
-0.085623
0.0
0.0
0.0
0.0
0.0
0.0
0.740065
0.0
0.0
0.0
0.0
0.0
0.710696
0.0
0.0
0.0
-1.56592
0.817873
0.0
0.0
0.0
0.0
0.0
0.0
0.0
0.0
0.0
0.0
0.0
0.0
0.0
0.0
0.0
0.0
0.0
0.0
0.0
0.0
0.0
0.0
0.0
0.0
2.16244
0.0
0.0
0.0
0.0
0.0
0.0
0.0
0.0
0.0
0.0
0.0
0.0
0.0
0.0
0.0
0.0
0.0
0.0
0.0
0.0
0.0
0.0
0.0
0.0
0.0
0.0
0.0
0.0
0.0
0.0
0.0
0.0
0.0
0.0
0.0
0.0
0.0
0.0
0.0
0.0
0.0
0.0
0.0
0.0
0.0
0.0
0.0
0.0
0.0
0.0
0.0
0.0
0.0
0.0
0.0
0.0
0.0
0.0
0.0
0.0
0.0
0.0
0.320032
0.0
0.0
0.0
0.0
0.0
0.0
0.0
0.0
0.0
0.0
0.0
0.0
0.0
0.0
0.0
0.0
0.0
0.0
0.0
0.0
0.0
0.0
0.0
0.0
0.0
0.0
0.0
0.0
0.923617
0.0
0.0
0.0
-0.916491
0.0
0.0
0.0
0.0
0.0
0.0
-0.113791
0.0
0.0
0.0
0.0
0.0
0.0
0.0
0.0
0.0
0.0
-1.12693
0.0
0.0
0.0
0.0
0.0
0.0
0.0
0.0
0.0
0.0
0.0
0.759669
0.0
0.0
0.0
0.0
0.0
0.0
0.0
0.0
0.0
0.0
0.0
-1.95558
0.0
0.0
0.0
0.0
0.0
0.0
0.0
0.0
0.0
0.0
0.0
-1.83178
0.0
-0.96251
0.0
0.0
0.885315
0.0
0.0
0.0
0.0
0.0
1.48278
0.0
0.0
0.0
-0.275296
0.0
0.0
0.0
0.0
0.0
0.0
0.0
0.0
0.0
0.0
0.0
0.0
0.0
0.0
0.0
0.0
0.0
0.0
0.0
0.0
-0.104921
0.0784909
0.0
0.0
0.0
0.0
-0.0335416
0.0
0.0
0.0
0.0
0.588662
0.0
0.0
0.0
0.0
0.0
0.0
0.0
0.0
0.0
0.0
0.0
0.0
0.0
0.0
0.0
0.0
0.0
0.0
1.43953
0.0
0.0
0.0
0.0
0.0
0.0
0.0
0.0
0.0
0.0
0.0
0.0
0.0
-0.520281
0.0
0.0
0.0
-1.04279
0.0
0.0
0.0
0.0
-0.608262
0.0
0.0
0.0
0.0
0.0
0.0
0.0
-0.289944
0.0
0.0
0.0
0.0
0.0
0.0
0.0
0.0
0.0
0.0
0.0
0.0
0.0
0.0
0.0
0.0
0.0
0.0
0.0
0.0
0.0
0.0
0.0
0.0
0.0
0.0
0.0
0.0
0.0
0.0
0.0
0.0
0.0
0.0
0.0
0.338768
0.0
0.0
0.0
0.0
1.15278
0.0
0.0
0.0
0.0
0.0
0.0
0.0
-1.82546
0.0
0.0
0.0
0.0
0.0
0.0
0.0
0.0
0.0
0.0
0.0
0.0475033
0.0
0.0
0.0
0.0
0.0
-0.110463
0.0
0.0
0.0
0.0
0.0
0.0
0.0
0.0
0.0
0.0
0.0
0.0
0.0
0.0
0.0
0.0
0.0
0.0
0.0
0.0
0.0
0.0
0.0
0.0
0.0
0.0
0.0
-0.595571
0.0
0.0
0.0
0.0
0.0
0.0
0.0
0.0
0.0
0.0
0.0
0.0
0.0
0.0
0.0
0.0
0.0
0.0
0.0
0.0
0.0
0.0
0.0
0.0
0.0
0.0
0.0
0.0
0.0
0.0
0.0
0.0
0.0
0.0
0.0
0.0
0.0
0.0
0.0
0.0
0.0
0.0
0.0
0.0
0.0
0.0
0.135522
0.0
0.0
0.0
0.0
0.0
0.0
0.0
0.0
0.0
0.0
0.0
0.0
0.0
0.0
0.0
0.0
0.0
0.0
0.0
0.0
0.0
0.0
0.0
0.0
0.0
0.0
0.0
0.0
0.0
0.0
0.0
0.0
0.0
0.0
0.0
0.0
0.0
0.0
0.0
0.0
0.0
0.0
0.0
0.0
0.0
0.0
0.0
0.0
0.0
0.0
0.0
-0.645965
0.0
0.0
0.0
2.92273
0.0
0.0
0.0
0.0
0.0
0.0
-0.641297
0.0
0.0
-0.8604
0.0
0.0
0.69857
0.0
0.0
0.0
0.0
0.0
0.0
0.0
0.0
0.0
0.0
0.0
0.0
0.0
0.0
0.0
0.0
0.0
0.0
0.0
0.0
0.0
0.0
0.0
0.0
0.0
0.0
0.0
0.0
0.0
0.0
0.0
0.0
0.0
0.0
0.0
0.0
0.0
0.0
0.0
0.0
0.0
0.0
0.0
0.0
0.0
0.0
0.0
0.0
0.0
0.0
0.0
-1.37411
0.0
0.0
-0.575163
0.0
0.0
0.0
0.0
0.0
0.0
0.0
0.0
0.0
0.0
0.0
0.0
0.0
0.0
0.0
0.0
0.0
0.0
-0.910038
0.0
0.0
0.0
0.0
0.0
0.0
0.0
0.0
0.0
0.0
0.0
0.0
0.0
0.0
0.315442
0.0
0.0
0.0
0.0
0.0
0.0
0.0
0.0
0.0
0.0
0.750845
0.0745329
0.0
0.0
0.0
0.0
0.0
0.0
0.0
0.0
0.0
0.0
0.0
0.0
0.0
0.0
0.0283716
0.0
0.0
0.0
0.0
0.0
-0.0102906
-0.463205
-0.182328
-0.00227504
-0.00125535
0.115181
0.347221
-0.0120795
0.363558
0.0215028
1.34876
0.196486
-0.424528
0.089186
0.184633
-1.65345
0.106491
0.268869
-0.0678694
0.379066
-0.240904
1.11884
-0.332799
0.0688535
0.735036
0.234953
0.123499
-0.036634
0.00422623
0.0214412
-0.346951
1.12696
-0.00590997
-0.080164
0.117997
0.278595
0.335859
0.378709
-0.0788418
-0.111438
0.00246428
0.0593822
0.00159488
-0.365879
0.464336
0.201116
-0.486373
0.156238
-0.772803
0.0
0.0
0.0
0.0
0.0
0.0
0.0
0.0
0.0
0.0
0.0
0.0
0.0
0.0
0.0
0.0
0.0
0.0
-0.0638094
0.0
0.0
0.0
0.0
0.0
0.0
0.0
0.0
0.0
0.0
0.0
1.01066
0.0
0.0
0.0
0.0
0.0
0.0
0.0
0.0
0.0
0.0
0.0
0.0
0.0
0.0
0.0
0.0
0.0
0.0
-1.02814
0.0
0.0
0.0
0.0
0.0
0.0
0.0
0.0
0.0
0.0
0.0
0.575132
0.0
0.0
0.0
0.0
0.0
0.0
1.60294
-2.42887
0.0
0.0
0.0
0.0
0.0
0.0
0.0
-0.102343
1.35134
0.0
0.0
-0.42359
0.0
0.0
0.0
0.0
0.0
0.0
0.0
0.0
0.0
0.0
0.0
0.0
0.0
0.0
0.0
0.0
0.0
0.0
0.0
0.0
0.0
0.0
0.0
0.0
0.0
0.0
0.0
0.0
0.0
0.0
0.65486
0.0
0.0
0.0
-2.10229
0.0
0.0
0.0
0.0
0.0
0.0
0.0
0.0
0.0
0.0
0.0
0.0
0.0
0.0
0.0
0.0
0.0
0.0
-1.59118
0.0
-2.66649
0.0
0.0
0.0
0.0
-0.45431
-0.316596
0.0
0.0
0.0
0.0
0.0
-1.46919
0.0
0.0
0.0
0.0
0.0
0.0
0.0
0.0
0.0
0.0
0.0
0.0
0.0
0.0
0.0
0.0
0.0
0.0
0.0
0.0
0.0
0.0
0.0
0.0
0.0
0.0
0.386918
0.0
0.0
0.0
0.0
0.0
0.0
-0.385186
3.12498
1.33531
0.0
0.0
0.0
0.0
0.0
0.0
0.0
0.0
0.0
0.0
0.0
0.0
0.0
0.0
0.0
0.0
0.0
0.0
0.0
0.0
0.0
0.0
0.0
0.0
0.0
0.0
0.0
0.0
0.0
0.0
0.0
0.0
-0.340359
0.0
0.0
0.0
0.0
0.0
0.0
0.0
0.0
0.0
0.0
0.0
0.0
0.0
0.0
0.0
0.0
0.0
0.0
0.0
0.0
0.0
0.0
0.0
-1.926
0.0
0.0
0.0
0.626769
0.0
0.0
0.0
0.0
0.0
0.0
0.0
0.0
0.0
0.0
0.0
0.0
0.0
0.0
0.0
0.0
0.0
0.0
0.0
0.0
0.0
0.0
0.0
0.0
0.0
0.0
0.0
0.0
0.0
0.0
0.0
0.0
0.0
0.0
0.0
0.0
0.0
0.0
0.0
0.0
0.0
0.0
0.0
0.0
0.0
0.0533192
0.0
0.0
0.0
0.0
0.0
0.0
0.0
0.0
0.0
0.0
0.0
0.175562
0.0
0.0
0.0
0.0
0.0
0.0
0.0
0.0
0.0
0.0
0.0
0.0
0.0
0.0
2.48015
0.0
0.0
0.0
0.0
0.0
0.0
0.0
0.0
0.0
0.0
0.0
0.0
-0.883459
0.0
0.0
0.0
0.0
0.0
0.0
0.0
0.0
0.0
0.0
0.0
0.0
0.0
0.0
0.0
0.0
0.0
0.0
0.0
0.0
0.0
0.0
0.0
0.0
0.0
0.0
-2.08756
0.0
0.0
0.0
0.0
0.0
0.0
0.0
1.15684
0.0
0.0
0.0
0.0
0.0
0.0
0.0
0.0
0.0
0.0
0.0
0.0
0.0
0.0
0.0
0.0
0.0
0.0
0.0
0.0
0.0
0.0
0.0
0.0
0.0
0.0
0.0
0.0
0.0
0.0
0.0
0.0
0.0
0.0
0.0
0.0
0.0
0.6993
0.0
0.0
0.0
0.0
0.0
0.0
0.0
0.0
0.0
0.0
0.0
0.0
0.0
0.0
0.0
-0.694775
0.0
0.0
0.0
0.0
0.0
0.0
0.0
0.0
0.0
-1.26821
0.0
0.0
0.0
-0.322213
0.0
0.0
0.0
0.0
0.0
0.0
0.0
0.0
0.0
0.0
0.0
0.0
2.02914
0.0
0.0
0.0
0.0
0.0
0.0
0.0
0.0
0.0
0.0
0.0
0.0
0.0
0.0
0.0
0.0
0.0
0.0
0.0
0.0
0.0
0.0
0.0
0.0
0.0
0.0
0.0
0.0
0.0
0.0
0.0
0.0
0.0
0.0
0.0
0.0
0.0
0.0
0.0
0.0
0.0
0.0
0.0
0.0
0.0
-1.17838
0.0
0.0
0.0
-0.305019
0.0
0.0
0.0
0.0
0.0
0.0
0.0
0.0
0.0
0.0
0.0
0.0
0.0
0.0
0.0
0.0
0.0
0.0
0.0
0.0
0.0
0.0
0.0
0.0
0.0
0.0
0.0
-0.615139
0.0
0.0
0.0
0.0
0.0
0.0
0.0
0.0
0.0
0.0
0.0
0.0
0.0113945
-0.329604
-2.20942
-0.00135326
-0.00250087
-0.0753456
0.508107
-0.833185
0.567003
-0.980137
0.236284
-0.209998
0.0671654
0.0341435
0.695047
-0.149472
0.0622361
0.672571
-0.000475511
-0.106058
0.321553
0.399738
-1.03014
-0.113731
0.0105613
-0.153101
-0.303428
0.0503691
-0.000626526
0.00257083
1.14671
0.30585
-0.0750211
1.16692
-0.180751
-0.137092
-0.365024
-1.1657
-0.118014
-0.210496
0.00451782
0.0217144
1.93508
-0.0230327
-1.37988
-0.174567
0.0240921
-0.0315286
-0.284665
0.0
0.0
0.0
0.0
0.0
0.0
0.0
0.0
0.0
0.0
0.0
0.0
0.0
0.0
0.0
0.0
0.0
0.0
0.0
0.0
0.0
0.0
0.0
0.0
0.0
0.0
0.0
1.00997
-0.861466
0.0
0.0
0.0
0.0
0.0
0.0
0.0
0.0
0.0
0.0
0.0
0.0
0.0
0.0
0.0
0.0
0.0
-0.33946
0.0
0.0
0.00268728
0.380158
0.322937
0.000473447
-0.00549304
0.0127189
0.261175
0.117807
-0.894344
0.219194
0.698855
0.5283
0.802624
-0.12102
0.482296
0.304781
0.639578
-0.503265
-0.0159282
-0.477221
0.324649
0.81129
0.778206
0.0377664
0.412274
0.0905572
-0.481588
-0.0639398
-0.00281248
0.028413
-1.17457
0.314879
0.119807
-1.14952
-0.350567
1.18985
0.358315
0.30043
0.0903272
0.367545
-0.0688579
-0.242849
-0.831379
0.00172839
0.459121
-1.15609
0.123044
-0.160958
0.688447
0.0
0.0
0.0
0.0
0.0
-1.0213
0.0
0.0
0.0
0.0
0.0
0.0
0.0
0.0
0.0
0.0
0.0
0.0
0.0
0.0
0.0
0.0
0.453773
0.0
0.0
0.0
-0.197657
0.0
0.0
0.0
0.0
-0.0665524
0.0
0.0
0.0
0.0
0.0
0.0
0.0
0.0
0.0
-0.44438
-1.12476
0.0
0.0
0.0
0.0
0.0
0.0
0.0
0.0
0.0
0.0
0.0
0.0
0.0
0.0
0.0
0.0
0.192635
0.0
0.0
0.0
0.0
0.0
0.0
0.0
0.0
0.0
0.0
0.150185
0.0
0.0
0.0
0.0
0.0
0.0
0.0
0.0
0.0
0.0
0.0
0.0
0.0
0.0
0.0
0.0
0.0
0.0
0.158292
0.0
0.0
0.426516
0.0
0.0
0.0
0.0
0.0
0.0
0.0
0.0
0.0
0.0
0.0
0.0
0.0
0.0
0.0
0.0
0.0
0.0
0.0
0.0
0.0
0.0
0.0
0.0
0.0
0.0
0.0
0.0
0.0
0.0
0.0
0.0
0.0
0.0
0.0
0.0
0.0
0.0
0.0
0.0
0.0
0.0
0.0
0.0
0.0
0.0
0.0
0.0
0.0
0.0
0.0
0.0
0.0
0.0
0.0
0.0
0.0
-0.436407
0.0
0.0
0.0
0.0
0.0
0.0
0.0
0.0
0.0
0.0
0.0
-0.405183
0.0
0.0
0.0
0.0
0.0
0.0
0.0
0.0
-1.55632
0.0
0.0
0.0
0.0
0.0
0.0709722
0.0
0.0
0.0
0.0
0.0
0.0
0.0
0.0
0.0
0.0
0.0
-0.567323
0.0
0.0
0.0
0.0
0.0
0.0
0.0
0.0
0.0
0.0
0.0
0.0
0.0
0.0
0.0
0.0
0.0
0.0
0.0
0.0
0.0
0.0
0.0
0.0
0.0
0.0
0.0
0.0
0.0
1.24833
0.0
0.0
0.0
0.0
0.0
0.0
0.0
0.0
0.0
0.0
0.0
0.0
0.0
0.0
0.0
0.0
0.0
0.0
0.0
0.0
0.0
0.0
0.0
0.0
0.0
0.0
0.0
0.0
0.0
0.0
0.0
0.0
0.0
0.0
0.0
0.0
0.0
0.0
0.0
0.0
0.0
0.0
0.0
0.0
0.0
0.0
0.0
0.0
0.0
0.0
0.0
0.0
0.0
0.0
0.0
-0.012085
0.0
0.0
0.0
0.0
0.0
0.0
0.0
0.0
-1.42361
0.0
0.0
0.0
0.0
0.718638
0.0
0.0
0.0
0.0
0.0
0.0
0.0
0.0
0.0
0.0
0.0
0.0
0.0
0.0
0.0
0.0
0.0
0.0
0.0
0.0
0.0
0.0
0.0
0.0
0.0
0.426997
0.0
0.0
0.0
0.0
0.0
0.0
0.0
0.0
0.0
0.20802
0.0
0.0
0.0
0.0
0.0
0.298244
0.0
0.0
0.0
0.0
0.0
0.0
0.234428
0.0
0.0
0.0
0.0
0.0
0.0
0.0
0.0
1.50845
0.0
0.0
0.0
0.0
0.0
0.0
0.0
0.0
0.0
0.0
0.0
0.0
0.0
0.0
0.0
0.0
0.0
-0.942367
0.0
0.0
0.0
0.0
0.0
0.0
0.0
0.0
0.0
0.0
0.0
0.0
0.0
0.0
0.0
0.0
0.0
-0.151309
0.0
0.0
0.0
0.0
0.0
0.0
0.0
0.0
0.0
0.0
0.0
0.0
0.0
0.0
0.0
0.0
1.29866
0.0
0.0
0.0
0.0
0.0
0.0
1.04518
0.0
0.0
0.0
0.0
0.0
0.0
0.0
0.0
0.0
0.0
0.0
0.0
0.0
0.0
0.0
0.0
0.0
0.0
0.0
0.0
0.0
0.0
0.0
0.0
0.0
0.917773
0.0
0.0
0.0
0.0
0.0
0.0
0.0
0.252906
0.0
0.0
0.0
0.0
0.0
0.0
0.0
0.0
0.0
0.0
0.0
0.0
0.0
0.0
0.0
0.0
0.0
0.0
0.0
0.0
0.0
0.0
0.0
0.0
0.0
0.0
-0.947323
0.0
0.0
0.0
0.0
0.0
0.0
0.0
0.0
0.0
0.0
0.0
0.0
0.0
0.0
0.0
0.0
0.0
0.0
0.0
0.0
0.0
0.0
0.0
0.0
0.0
0.0
0.0
0.0
0.0
0.485934
0.0
0.0
0.0
0.0
0.0
0.0
0.0
0.0
0.982455
0.0
-0.604072
0.0
0.0
0.0
0.0
0.0
0.0
0.0
0.0
0.0
0.137918
0.0
0.0
0.0
0.0
0.248816
0.0
0.0
0.0
0.0
0.0
0.0
1.52156
0.0
0.0
0.0
0.0
0.0
0.0
0.0
0.0
0.0
0.0
0.0
0.0
0.979083
0.0
0.0
0.0
0.0
0.0
0.0
0.0
0.0
0.205712
0.0
0.0
0.0
0.0
0.0
0.0
0.0
0.0
0.0
0.0
0.0
0.0
0.0
0.0
0.0
0.0
0.0
0.0
0.0
0.0
0.0
0.0
0.0
0.0
0.0
0.0
0.0
0.0
-0.628284
0.0
0.0
0.0
0.0
0.0
0.0
0.0
0.0
0.0
0.0
0.0
0.0
0.0
0.0
0.0
0.0
0.0
0.0
0.0
0.0
0.0
0.0
0.0
2.4902
0.0
0.0
0.0
0.0
0.0
0.0
0.0
0.0
0.0
0.0
0.0
0.0
0.0
0.0
0.0
0.0
0.0
0.0
0.0
0.0
0.0
0.0
0.0
0.0
0.0
0.0
0.0
0.0
0.0
0.0
0.00947312
-0.640237
0.223712
0.000568286
-0.0043938
-0.0156888
-0.538755
-0.151639
-0.344956
-0.614683
-0.88074
-0.190341
-0.485325
-0.0246839
-0.721857
-0.142463
-0.00902517
0.657929
0.01769
-0.552171
0.616048
-0.867547
-0.227038
-0.0134289
0.472799
0.241468
-0.681547
0.122263
-0.00358834
-0.0226499
1.74719
-0.800947
-0.0705928
1.67433
-0.177334
-0.183854
-0.526245
-0.474428
0.0571176
0.0980563
0.00663895
0.0298717
0.430251
-0.227581
-1.15021
0.277553
-0.312235
0.321909
0.336648
0.0
0.0
0.0
0.0
0.0
0.0
0.0
-0.493073
0.0
0.0
0.0
0.0
0.0
0.0
0.0
0.0
0.0
0.0
0.0
0.0
0.0
0.0
0.0
0.0
0.0
0.0
0.0
0.390156
0.0
0.0
0.0
0.0
0.0
0.0
0.0
0.0
0.0
0.0
0.0
1.7549
0.0
0.0
0.0
0.0
0.0
0.0
0.0
0.0
0.0
0.0
0.0
0.0
0.0
0.0
0.0
0.0
0.0
0.0
0.0
0.0
0.0
-0.391232
0.0
0.0
0.0
0.0
0.0
0.0
0.0
0.0
0.0
0.0
0.0
0.0
-0.466874
0.0
0.0
0.0
0.0
0.0
0.0
0.0
-0.894157
0.0
0.0
0.0
0.0
0.0
0.0
0.0
0.0
0.0
0.0
0.0
0.0
0.0
0.0
0.0
0.0
0.0
0.0
0.0
0.0
0.0
0.0
0.0
0.0
0.0
0.0
0.0
0.0
0.0
0.0
0.0
0.0
-0.760521
0.0
0.0
0.0
0.0
0.0
0.0
0.0
0.0
0.0
0.0
0.0
0.0
0.0
0.0
0.0
0.0
0.0
0.881785
0.0
0.0
0.0
0.0
0.0
-1.26287
0.0
0.0
0.0
0.0
0.0
0.0
0.0
0.0
0.0
0.0
0.0
0.0
0.0
0.0
0.0
0.0
0.0
0.0
0.0
0.0
0.0
0.0
1.19325
0.0
0.0
0.0
0.0
0.0
0.0
0.0
-0.136721
0.0
0.0
0.0
0.0
0.0
0.0
0.0
0.0
0.0
0.0
0.0
0.0
0.0
0.0
0.0
0.0
0.0
0.0
0.0
0.0
0.0
0.0
0.0
0.0
0.0
0.0
0.0
0.0
0.0
0.0
0.0
0.0
0.0
0.0
0.0
0.0
0.0
0.0
0.0
0.0
0.0
0.0
0.0
0.0
0.0
0.0
0.0
0.0
-0.583985
0.0
0.0
0.0
0.0
0.0
0.0
0.0
0.0
0.0
0.0
0.0
0.0
0.0
0.0
0.0
0.0
0.0
0.0
0.0
0.0
0.0
0.0
0.0
0.0
0.0
0.0
0.0
0.0
0.0
0.0
0.0
0.0
0.0
0.0
0.0
0.0
0.0
1.03869
0.0
0.0
0.0
-1.07887
0.0
0.0
0.0
0.0
0.0
1.67533
0.0
-0.856169
0.0
0.0
0.0
0.0
0.0
0.0
0.0
0.0
0.0
0.0
0.0
0.0
0.0
0.0
0.0
0.0
0.0
0.0
0.0
0.0
0.0
0.0527399
0.0
0.0
0.0
0.0
0.0
-0.98354
0.0
0.0
0.0
0.0
0.0
0.0
0.0
0.0
0.0
0.0
0.0
0.0
0.0
0.0
0.0
0.0
0.0
0.0
0.0
0.0
0.0
0.0
0.0
0.0
0.0
0.0
0.0
0.0
0.0
0.0
0.0
0.0
0.0
0.0
0.0
0.0
-0.211971
0.0
0.0
0.0
0.0
0.0
0.0
0.0
0.0
0.0
0.0
0.0
0.0
-1.19601
0.0
0.0
0.0
0.0
0.0
0.0
0.0
0.0
0.0
0.0
0.0
-1.77304
0.0
0.0
0.0
-1.25434
0.0
-0.49699
0.0
0.0
0.0
0.0
0.0
-1.65241
0.0
0.0
0.0
0.0
-0.211683
0.0
0.0
0.36437
0.0
0.0
0.0
0.0
0.0
0.0
0.0
0.0
2.37436
0.0
0.332863
0.0
0.0
0.0
0.0
0.0
0.0
0.0
0.0133994
0.0
0.0
0.0
0.0
0.0
0.0
0.0
0.0
0.0
0.0
0.0
0.0
0.0
0.0
0.0
0.0
0.0
0.0
0.0
0.0
0.0
0.0
0.0
0.0
0.0
0.0
0.0
0.0
0.0
0.0
0.0
0.0
0.0
0.0
0.0
0.0
0.0
0.0
0.0
0.0
0.518336
0.0
0.0
0.0
0.374432
0.0
0.0
0.423549
0.0
0.0
0.0
0.0
0.0
0.0
0.0
0.0
0.0
0.0
0.0
0.0
0.0
0.0
0.0
0.0
-0.0842241
0.0
0.0
0.0
0.0
0.0
0.0
0.0
0.0
0.0
0.0
0.0
0.0
0.0
0.0
0.0
0.0
0.0
0.0
0.0
0.0
0.0
0.0
0.0
0.0
0.0
0.0
0.0
0.0
0.0
0.0
0.0
-1.60057
0.0
0.0
0.0
0.0
0.0
0.0
0.0
0.0
0.0
0.0
0.0
0.0
0.0
0.0
0.0
0.0
0.0
0.0
0.0
0.0
0.0
0.0
0.0
0.0
0.0
0.0
0.0
0.0
0.0
0.0
0.0
0.0
0.0
0.0
0.0
0.0
0.0
0.0
0.0
0.0
0.0
0.0
0.0
0.0
0.0
0.0
0.0
2.23975
0.0
0.0
0.0
0.870306
0.0
0.0
0.0
0.0
0.0
0.0
0.0
0.0
0.0
0.0
0.286612
0.0
0.0
0.0
0.0
0.0
0.0
0.0
0.0
0.0
0.0
0.0
-0.832932
0.0
0.0
0.0
0.0
0.0
0.0
0.0
0.0
0.0
0.0
0.0
0.0
0.0
0.0
0.0
0.0
0.0
0.0
0.0
0.0
0.0
0.0
0.0
0.0
-2.31329
0.0
0.0
0.0
0.0
0.0
0.0
0.0
0.0
1.90082
0.0
0.0
0.0
0.0
0.0
0.0
0.0
0.0
0.0
0.0
0.0
0.0
0.0
-0.397976
0.0
1.6481
0.0
0.0
0.0
0.0
0.0
0.0
0.0
0.0
0.0
0.0
0.0
0.0
0.0
0.0
0.0
0.0
0.0
0.0
0.0
0.0
0.0
0.0
0.0
0.0
0.0
0.0
0.0
0.0
0.0
0.0
0.0
0.0
-0.241447
0.0
0.0
0.0
0.0
0.0
0.0
0.0
0.0
0.0
0.0
0.0
0.0
0.0
0.471172
0.0
0.0
0.0
0.0
0.0
0.0
0.0
0.0
0.0
0.0
0.0
0.0
0.0
0.0
-1.54011
0.0
0.0
0.0
0.0
0.751872
0.0
0.0
0.0
0.0
0.0
0.0
0.0
0.0
0.0
0.0
0.0
0.0
0.0
0.0
0.0
0.0
0.0
0.0
0.0
0.0
0.0
0.0
0.0
0.0
0.0
0.0
0.0
0.0
0.0
0.0
0.0
0.0
0.0
0.0
0.0
0.0
0.0
0.0
0.0
0.0
0.0
0.0
0.0
0.0
0.0
0.0
0.0
-0.00176465
0.42004
0.427732
0.00132252
-0.00326433
0.0172446
0.629799
-0.145669
-0.200553
0.546547
0.127246
0.11988
0.082281
-0.1703
0.738515
0.23982
0.231644
-0.472442
-0.0123738
-0.454802
-0.135455
-0.0521958
0.26667
-0.026635
0.588871
0.461203
-0.00925939
-0.0605168
-0.00664299
-1.86995
-0.542573
-0.00900185
-0.027926
-0.352981
0.263641
0.885562
0.0982909
0.267184
0.121168
0.0607975
-0.0696901
0.0451681
-0.0433673
0.439769
-0.0301732
-0.320871
-0.275286
-0.161561
0.492736
-1.49531
0.0
0.0
0.0
0.0
0.0
0.0
0.0
0.0
0.0
0.0
0.0
0.0
0.0
0.0
0.0
0.0
0.0
-0.151704
0.0
0.0
0.0
0.0
0.0
0.0
0.0
0.0
0.0
0.0
0.0
0.0
0.0
0.0
0.0
0.0
0.0
0.0
0.0
0.0
0.0
0.0
0.0
0.0
0.0
0.0
0.0
0.0
0.0
0.0
0.0
0.0
0.0
0.0
0.0
0.0
0.0
0.0
0.0
0.0
-0.845683
0.0
0.0
0.0
0.0
0.0
0.0
0.0
0.0
0.0
0.0
0.0
0.0
0.0
0.0
0.0
0.0
0.0
-0.938304
0.0
0.0
0.0
0.0
0.0
0.0
0.0
0.0
0.0
-1.14726
0.0
0.0
0.0
0.0
0.0
0.0
0.0
0.0
0.0
0.0
0.0
0.0
0.0
0.0
0.0
0.0
0.0
0.0
0.0
0.0
0.0
0.0
0.0
0.0
0.0
0.0
-0.340772
0.0
0.0
0.0
0.0
0.0
0.0
0.0
0.0
0.0
0.0
0.0
0.0
0.0
0.0
0.0
0.0
0.0
0.0
0.0
0.0
0.0
0.0
0.0
0.0
0.0
0.0
0.0
0.0
0.0
0.0
0.0
0.0
0.0
0.0
0.0
0.0
0.147952
0.0
0.0
0.0
0.0
0.0
0.0
0.0
0.0
0.0
0.0
0.0
0.0
0.0
0.0
0.0
0.0
0.0
0.0
-0.491049
-0.714091
0.0
0.0
0.0
0.0
0.0
0.0
0.0
0.0
0.0
0.0
0.0
0.0
0.0
0.0
0.0
0.0
0.0
0.0
0.0
0.0
0.0
0.0
0.0
0.0
0.0
0.0
0.0
0.0
0.0
0.0
0.0
0.0
0.0
0.0
0.0
0.0
0.82976
0.0
0.0
0.0
0.0
0.0
0.0
0.0
0.0
0.0
0.0
0.0
0.0
0.0
0.0
0.0
0.0
0.0
0.0
0.0
0.0
0.0
0.0
0.0
0.128474
0.0
0.0
0.0
0.0
0.0
0.0
0.0
0.0
0.0
0.0
0.0
0.0
0.0
0.0
0.0
0.0
0.0
-1.25643
0.0
0.0
0.252401
0.0
0.0
0.0
0.0
0.0
0.0
0.0
0.0
0.0
0.0
0.0
0.0
0.0
0.0
0.0
0.0
0.922639
0.0
0.0
0.0
0.0
0.0
0.0
0.0
0.0
0.0
0.0
0.858871
0.0
0.0
1.10885
0.0
0.0
0.0
0.0
0.0
0.0
0.0
0.0
0.0
0.0
0.0
0.0
0.0
0.0
0.0
0.0
0.0
0.0
0.0
0.0
0.0
0.0
0.0
0.0
0.0
0.0
0.0
0.0
0.0
0.0
0.0
0.0
0.0
0.0
0.0
0.0
0.0
0.0
0.0
0.0
0.0
0.0
0.0
0.0
0.0
0.0
0.0
0.0
0.0
0.0
0.0
0.0
0.0
0.0
0.0
0.0
0.0
0.0
-0.906946
0.0
0.0
0.0
0.0
0.0
0.0
0.0
0.0
0.0
0.0
0.0
0.0
0.0
0.0
0.0
0.0
0.0
0.0
0.0
0.0
0.0
0.0
0.0
0.0
0.0
0.0
0.0
0.0
0.0
0.0
0.0
0.0
0.0
0.0
0.0
0.0
0.0
0.0
0.0
0.0
0.0
0.0
0.0
0.0
0.0
0.0
0.0
0.0
0.0
0.0
0.0
0.0
0.0
0.0
0.0
0.0
0.0
0.0
0.0
0.0
0.0
0.0
0.0
0.0
0.0
0.0
0.0
0.0
0.0
0.0
0.0
0.0
0.0
0.0
0.0
0.0
0.0
0.0
0.0
0.0
0.0
0.0
0.0
0.0
0.0
0.0456771
0.0
0.0
0.0
0.0
0.0
0.0
0.0
-1.56443
0.0
0.0
0.0
0.0
0.0
0.0
0.0
0.0
0.0
0.0
0.0
0.0
0.0
0.0
0.0
1.83075
0.0
0.0
0.0
0.0
0.0
0.0
0.0
0.578523
0.0
0.0
0.0
0.0
0.0
0.0
0.0
0.0
0.0
0.0
0.0
0.0
1.37844
0.0
0.0
0.0
0.0
0.0
0.0
0.0
0.0
0.0
0.0
0.0
0.0
0.0
0.0
0.0
-0.0299282
0.0
0.0
0.0
0.0
0.0
0.0
0.0
0.0
0.0
0.0
0.0
0.0
0.0
0.0
0.0
0.0
0.0
0.0
0.0
0.0
0.0
0.0
0.0
0.0
0.0
0.0
0.0
0.0
0.0
0.0
0.0
0.0
0.0
0.0
0.0
0.0
0.0
0.0
-0.905666
0.0
0.0
0.0
0.0
0.0
0.0
0.0
0.0
0.0
0.0
0.0
0.0
0.0
0.0
0.0
0.0
0.0
0.0
0.0
0.0
0.0
0.0
0.0
0.0
-0.203986
0.0
0.0
0.0
0.0
0.0
0.0
0.0
0.0
0.0
0.0
0.0
0.0
0.0
0.0
0.0
0.0
0.0
0.0
0.0
0.0
0.0
0.0
0.0
0.0
0.0
-0.209491
0.0
0.0
0.0
0.0
0.0
0.0
0.0
0.0
0.0
0.0
0.0
0.0
0.0
0.0
0.0
0.0
0.889258
0.0
0.0
0.0
0.0
0.0
0.0
0.0
0.0
0.0
0.0
0.0
0.0
0.0
0.0
0.0
0.0
0.0
0.0
0.0
0.0
0.0
0.0
-0.702536
0.0
0.0
0.0
0.0
0.51759
0.0
0.0
0.0
0.0
0.0
0.0
0.0
0.0
0.0
0.0
-0.894171
0.00714728
0.0288294
0.0856088
-1.25117
0.00135358
0.0682093
-0.0593427
-0.361476
-0.207392
-0.388299
-1.30054
0.0358177
-0.313794
0.0356013
-0.336447
-0.0319822
-0.0948566
0.19236
0.0123975
-0.315031
-0.107645
-1.01788
-0.193744
-0.0645633
-0.00911374
-0.990094
-0.531832
-0.0102654
0.000120076
-0.0103417
1.03917
-0.508375
0.0140596
1.18269
-0.362006
-0.188783
-0.498666
0.0313897
-0.0187337
-0.0967946
0.0200977
1.268
-0.0619062
0.285231
-0.389124
0.129329
0.23366
-0.0867702
0.174015
0.0
0.0
0.0
0.0
0.0
0.0
0.0
0.0
0.0
0.0
0.0
0.0
0.0
0.0
0.0
0.0
0.0
0.0
0.0
0.0
0.0
0.0
0.0
0.0
0.0
0.0
0.0
0.0
0.0
0.0
0.0
0.205954
0.0
0.0
0.0
0.0
0.0
0.0
-0.0343204
0.0
0.0
-1.78093
0.0
0.0
0.0
0.0
0.0
0.0
0.0
0.0
0.0
0.0
0.0
0.0
0.0
0.0
0.0
0.0
0.0
0.0
0.0
0.0
0.0
0.0
0.0
0.0
0.0
0.0
0.608674
-0.126275
0.0
0.0
0.0
0.0
0.725166
0.0
0.00087512
0.0
0.0
0.0
0.0
0.0
0.0
0.0
0.0
0.947982
0.0
0.0
0.0
0.0
0.0
0.0
0.0
0.0
0.0
0.0
0.0
0.857658
0.0
0.0
0.0
0.0
0.0
0.0
0.0
0.0
0.0
-0.234727
0.0
0.0
0.0
0.0
0.0
0.0
0.0
0.0
0.0
0.0
0.0
0.0
0.0
0.0
0.0
0.0
0.0
0.0
-0.744932
0.0
0.0
0.0
0.0
0.0
0.0
0.0
0.0
0.0
0.0
0.0
0.783677
0.0
0.0
0.0
0.0
0.0
0.0
0.0
0.0
0.0
0.0
0.0
0.0
0.0
0.0
0.0
0.0
0.0
0.0
0.0
0.0
0.0
0.0
0.0
0.0
0.0
0.0
0.0
-0.329127
0.0
0.0
0.0
0.0
0.0
0.0
0.0
0.0
0.0
0.0
0.0
0.0
0.0
0.0
0.0
0.0
0.0
0.0
0.0
0.0
0.0
0.0
0.0
0.0
0.0
0.0
0.0
0.937117
0.0
0.0
0.0
0.0
0.0
0.0
1.13961
0.0
0.0
0.0
0.0
0.0
0.0
0.0
0.0
0.30606
0.0
0.0
0.0
0.0
0.0
0.0
0.0
0.0
-1.11669
0.0
0.0652759
0.0
0.0
0.0
0.0
0.0
0.0
0.0
0.0
0.0
0.0
0.0
0.0
0.141742
0.0
0.0
-0.335765
0.0
0.0
0.0
0.0
0.0
0.0
-0.475805
0.0
0.0
0.0
0.0
0.0
0.0
0.0
0.0
0.0
0.0
0.0
0.0
0.0
0.0
0.0
0.0
0.0
0.0
-0.615905
0.0
0.0
0.0
0.0
0.0
0.0
0.0
0.0
-0.651017
0.0
0.0
0.0
0.0
1.40382
0.0
0.0
0.0
-0.176344
0.0
0.0
0.0
0.0
0.0
0.0
0.0
0.0
0.873491
0.0
0.0
0.0
0.0
0.0
0.0
-0.158782
0.0
0.0
0.0
-0.942491
-0.0334817
0.0
0.0
0.0
0.0
0.0
0.0
0.0
0.0
0.0
0.0
0.30365
0.0
0.0
0.0
0.0
0.0
0.0
0.0
0.0
0.0
0.0
0.0
0.0
0.0
0.0
0.0
0.0
0.0
0.0
-1.09084
0.0
0.0
0.0
0.0
-0.0612625
0.0
0.0
0.0
0.0
0.0
0.0
-1.41253
0.0
0.0
0.0
0.0
0.0
0.0
0.0
0.0
0.0
0.0
0.0
0.0
0.0
0.0
0.0
0.437448
0.0
0.0
0.0
1.11117
0.0
0.0
0.0
0.0
0.0
0.0
0.0
0.0
0.0
0.0
0.0
0.0
0.0
0.0
0.0
0.0
0.0
0.0
0.0
0.0
0.0
0.0
0.0
0.0
1.00879
0.0
0.0
0.0
0.0
0.0
0.0
0.0
0.0
0.0
0.0
0.0
0.0
0.0
0.0
0.0
0.0
0.0
0.0
0.0
0.0
0.0
0.0
0.0
0.0
0.0
0.232099
0.0
0.0
0.0
0.0
0.0
0.0
0.0
-0.355389
-0.464081
0.0
0.0
0.0
0.0
0.0
0.0
0.0
0.0
0.0
0.0
-1.35198
0.0
0.0
0.0
0.0
0.0
0.0
0.0
0.0
0.0
0.0
0.0
0.0
0.0
0.0
0.0
0.0
0.0349269
0.0
0.0
0.0
0.0
0.0
0.0
0.0
-1.57138
0.0
0.0
0.0
0.0
0.0
-1.27229
0.0
0.0
0.0
0.0
0.0
-2.0213
0.0
0.0
-0.0457006
0.0
0.0
0.0
0.11098
0.0
0.0
0.0
0.0
0.0
0.0
0.0
0.0
0.0
0.0
0.0
0.0
0.0
0.0
0.0
0.0
0.885594
0.0
0.0
0.0
0.0
1.50471
0.0
0.0
0.0
0.0
0.0
-0.239201
0.0
0.0
0.0
0.0
0.0
0.0
0.0
0.0
0.0
0.0
0.0
0.0
0.0
0.0
0.0
0.0
0.0
0.0
0.0
0.0
0.0
0.0
0.0
0.0
0.0
0.0
0.0
0.0
0.0
0.0
0.0
0.0
0.0
0.0
0.0
0.0
0.0
0.0
0.0
0.0
0.0
0.0
0.0
0.0
0.0
0.0
0.0
-0.716007
0.0
0.0
0.0
0.0
0.0
0.0
0.0
0.0
0.0
0.0
0.0
0.0
0.0
0.0
0.0
0.0
0.0
0.0
0.0
0.0
0.0
0.0
0.0
0.0
0.0
0.0
0.0
0.0
0.0
0.0
0.0
0.0
0.0
0.0
0.0
0.0
0.0
0.0
0.429731
0.0
0.0
0.0
0.0
0.0
0.0
0.0
0.0
0.0
0.0
-1.12981
0.0
0.0
0.0
0.0
0.0
-0.868134
0.0
0.0
0.0
-0.416691
0.0
0.0
0.0
0.0
0.0
0.0
0.0
0.0
0.0
0.0
0.0
0.0
0.0
0.0
0.00769393
0.0
0.195491
0.0
-1.71236
0.0
0.0
-1.09585
0.0
0.0
0.0
0.0
0.0
0.0
0.0
0.0
0.0210384
0.0
0.0
0.0
0.0
0.0
0.0
0.0
0.0
0.0
0.0
0.0
0.0
0.0
0.0
0.0
0.0
0.0
0.0
0.0
0.0
0.0
0.0
0.0
0.0
0.0
0.0
0.0
0.0
0.0
0.0
0.0
0.0
0.0
0.0
0.0
0.0
0.0
0.0
0.0
0.0
0.0
0.0
0.0
0.0
0.0
0.0
0.0
0.0
0.0
0.0
0.0
0.0
0.0
0.0
0.0
0.0
0.0
0.0
0.0
0.0
0.0
0.0
0.0
0.0
0.0
0.0
-0.278525
0.0
0.0
0.0
0.0
0.0
0.0
0.0
0.0
0.0
0.0
-0.199589
0.0
0.0
0.0
0.0
0.0
0.0
0.0
0.0
0.0
0.0
-0.0130126
-0.574263
-0.0583436
0.000485217
-0.00179508
0.0420654
0.396929
-0.382784
0.489198
0.00121929
0.175385
0.337673
-0.30681
-0.146314
0.652559
-0.284972
0.616012
-0.200728
-0.0214498
0.311971
0.104212
1.09428
0.303695
0.0313442
1.60149
0.408333
-0.0256455
0.0378695
-0.0015801
0.00402519
-0.828775
0.64673
-0.0124858
-0.697491
0.486103
0.433959
0.605012
0.416291
0.0618342
-0.151969
-0.00594594
-0.32019
-0.0510372
0.327884
0.816672
-0.732903
-0.369169
0.569865
-0.681177
0.0
0.0
0.0
0.0
0.0
0.0
0.0
0.0
0.0
0.0
0.0
0.0
0.0
0.0
0.0
0.0
0.0
0.0
0.0
0.0
0.0
0.0
0.0
0.0
0.0
0.0
0.0
0.0
0.0
0.0
0.0
0.0
0.0
0.0
0.0
0.0
0.0
0.0
0.0
0.0
0.0
0.0
0.0
0.0
0.0
0.0
0.0
0.0
0.0
0.0
0.0
-0.552275
0.0
0.0
0.0
0.0
0.0
0.0
0.0
0.0
0.0
0.0
0.0
0.0
0.0
0.0
0.0
0.0
0.0
0.0
0.0
0.0
0.0
0.0
0.0
0.0
0.0
0.0
0.0
0.0
0.0
0.0
0.0
0.0
2.76598
0.0
0.0
0.0
0.0
0.0
0.0
0.0
0.0
0.0
0.0
0.0
0.0
0.0
0.0
0.0
0.0
0.0
0.0
0.0
0.0
0.0
0.0
0.0
0.0
0.0
0.0
-1.72148
0.0
0.0
0.0
0.0
0.0
0.0
-0.0924887
0.0
0.0
0.0
0.0
0.0
0.0
0.0
0.0
0.000390776
0.0
0.0
0.0
0.0
1.00798
0.0
0.0
0.0
0.0
0.0
0.0
0.0
0.0
0.0
0.0
0.0
0.0
0.0
0.0
0.0
0.0
0.0
0.0
0.0
0.0
0.0
0.0
0.0
0.0
0.0
0.0
0.0
0.0
0.0
0.0
0.0
0.0
0.0
0.0
0.0
1.09508
0.0
0.0
0.0564844
0.0
0.0
0.0
0.0
0.0
0.0
0.0
0.0
0.0
0.0
0.0
0.0
0.0
0.0
0.0
0.0
0.0
0.0
0.0
0.0
-0.856763
0.0
0.0
0.0
0.0
0.0
0.0
0.541991
0.0
0.0
0.0
0.0
0.0
0.0
0.0
0.0
0.0
0.0
0.0
0.781313
0.0
0.0
0.0
0.0
0.0
0.0
0.0
0.0
0.0
0.0
0.0
0.0
0.0
0.0
0.0
0.0
0.0
0.43272
0.0
0.0
0.0
0.0
0.0
0.0
0.0
0.0
0.0
0.0
0.0
0.0
0.0
0.0
0.0
0.0
0.0
0.0
0.0
0.0
0.484796
0.0
-0.198357
0.802374
-1.30561
0.0
0.0
0.0
0.0
0.0
-0.747465
0.0
0.0
0.0
0.0
0.0
0.0
0.0
0.0
1.77113
0.0
0.0
0.0
0.0
0.0
0.0
0.0
0.0
0.0
0.0
0.0
0.0
0.0
0.0
0.0
0.0
0.0
-0.416298
0.0
0.0
0.0
0.0
0.0
0.0
0.0
0.0
0.0
0.763644
-0.788347
0.0
0.0
0.0
0.0677928
0.0
-1.16668
0.0
0.0
0.0
0.0
0.0
0.0
-0.0598193
0.0
0.0
0.0
0.0
0.0
0.0
0.0
0.0
0.0
0.0
0.0
0.0
0.0
0.0
0.0
-1.03333
0.0
0.0
0.0
0.0
0.0
0.0
0.0
0.0
0.0
1.03791
0.0
0.0
0.0
0.0
0.0
0.0
0.0
0.0
0.0
0.0
0.0
0.0
0.0
0.0
0.0
0.0
0.0
0.0
0.0
0.0
0.0
0.0
0.0
0.0
0.0
0.0
0.0
0.0
0.0
0.0
0.0
0.0
0.0
0.0
0.0
0.0
0.0
0.0
0.0
0.0
0.0
0.0
0.0
0.0
0.0
0.0
0.0
0.0
0.0
0.0
0.0
0.0
0.0
0.0
0.0
0.0
0.0
0.0
0.0
0.0
0.0
0.0
0.0
0.0
0.0
0.0
0.0
0.0
0.0
0.0
0.0
0.0
0.0
0.0
0.0
0.0
0.0
0.162281
0.0
0.0
0.0
0.0
0.0
0.0
0.0
0.0
0.0
0.0
-0.437143
0.0
0.0
0.832678
0.0
0.0
0.0
0.0
0.0
0.0
0.0
0.0
-0.0322326
0.0
0.0
0.0
0.0
0.0
0.0
0.0
0.0
0.0
0.0
0.0
0.0
0.0
0.0
0.0
0.0
0.0
0.0
0.0
0.0
0.0
1.21312
0.0
0.0
0.0
0.0
0.0
0.0
0.0
0.0
0.0
0.0
0.0
0.0
0.0
-0.22435
0.0
0.0
0.0
0.0
0.0
0.0
0.0
0.0
0.0
0.0
-0.549051
0.0
0.0
0.0
0.0
0.0
0.0
0.0
0.0
0.0
0.0
0.0
0.0
0.0
0.0
0.580312
0.0
0.0
0.0
0.211543
0.0
0.0
0.0
0.0
0.0
0.0
0.0
0.0
1.08616
0.0
0.0
0.0
0.0
0.0
0.0
0.0
0.0
0.0
0.0
0.0
0.0
0.0
0.701705
0.0
0.0
-0.67339
0.0
0.0
-0.14309
0.0
0.0
0.0
0.0
0.0
0.0
0.0
0.0
0.0
0.0
0.0
0.0
0.0
0.0
0.0
0.0
0.0
0.0
0.0
0.0
0.0
0.0
0.0
0.0
0.0
0.0
0.0
0.0
0.0
0.0
0.0
0.0
0.0
0.0
0.0
0.0
0.0
0.0
0.0
0.0
0.0
0.0
0.0
0.0
0.0
-0.790231
0.0
0.0
0.0
0.0
0.0
0.0
0.0
0.0
0.0
0.0
0.0
0.0
0.0
0.0
0.0
0.0
0.0
0.0
0.0
0.0
-1.29407
0.0
0.0
0.0
0.0
0.897959
0.0
0.0
0.0
0.0
0.0
0.0
0.0
0.0
-0.995423
0.0
0.0
0.0
0.0
0.0
0.0
0.0
0.0
0.0
0.0
0.0
0.0
0.0
0.0
0.0
0.0
0.0
0.0
0.0
0.0
0.0
0.0
-0.00016128
0.233673
0.119412
0.797754
0.00159516
-0.0240038
-0.0569963
0.427164
-0.509463
-0.175749
-0.723608
0.669458
-0.481133
-0.1265
-0.749232
0.0211338
-0.664265
0.15285
1.03539
-0.0206087
-1.0109
-0.380974
0.0342726
-0.077112
-0.35788
-0.0476622
-0.225495
0.0527056
-0.00199196
0.0106225
0.340104
-0.534794
-0.777323
1.08417
-0.255934
-0.331086
-0.0956459
0.774023
-0.0730669
-0.0261463
-0.00858579
-0.0354112
-0.13776
-0.0236817
0.00143349
0.185446
0.202252
0.0769363
-0.196569
0.0
0.0
0.0
0.0
0.0
0.0
0.0
-0.993759
0.0
0.0
0.0
0.0
0.0
0.0
0.0
0.0
0.0
0.0
0.0
0.0
0.0
0.0
0.0
0.0
0.0
0.0
0.0
0.0
-0.806431
-0.467445
0.0
0.0
0.0
0.0
0.0
0.0
0.0
0.0
0.0
0.630879
0.0
0.0
0.0
0.0
0.0
-1.38554
0.0
0.0
0.0
0.0
0.0
0.0
0.0
0.0
0.0
0.0
0.0
0.0
-0.169894
0.0
0.0
0.0
0.0
0.0
0.0
0.0
0.0
0.0
-0.775883
0.0
0.0
0.0
0.0
0.0
0.0
0.0
0.0
0.0
0.0
1.3361
0.0
0.0
0.0
0.0
0.0
0.0
0.0
0.0
0.0
0.0
0.0
0.0
0.0
0.0
0.0
0.549102
0.0
0.0
0.0
0.0
0.0
0.0
0.0
0.0
1.26751
0.0
0.0
0.0
0.0
0.0
0.0
0.0
0.0
0.0
0.0
0.0
0.0
0.0
0.0
0.0
-0.586835
0.0
0.0
0.0
0.0
0.0
0.0
0.0
0.0
0.0
0.0
0.0
0.0
-3.06355
0.0
0.0
1.19671
0.0
0.0
0.0
-0.267228
0.0
0.0
0.0
0.0
0.0
0.0
0.0
0.0
0.0
0.0
0.0
0.0
0.0
0.0
0.0
0.0
0.0
0.111613
0.0
0.0
0.0
0.0
0.0
0.0
0.0
0.0
0.0
0.0
-1.09658
0.0
0.0
0.105311
0.0
0.0
0.0
0.0
0.0
0.0
0.0
0.0
0.0
0.0
0.0
0.0
0.0
0.0
0.0
0.0
0.0
-0.301561
0.0
-1.42187
0.0
0.0
0.0
0.0
-0.0228615
0.0
0.0
0.0
0.0
0.0
0.0
0.0
0.0
0.0
0.0
0.0
0.0
0.0
0.0
0.0
0.0
0.0
0.0
0.0
0.0
0.0
0.0
0.0
0.0
0.0
0.0
0.0
0.0
0.0
0.0
0.0
0.0
0.0
0.0
0.0
0.0
0.0
0.0
0.0
0.0
0.0
0.0
0.0
0.0
0.0
0.0
0.0
0.0
0.0
0.0
-1.01511
0.0
0.0
-1.89775
0.0
0.0
0.0
0.0
0.0
0.0
0.0
0.0
0.0
0.0
-0.0683799
0.0
0.0
0.0
0.0
0.0
0.0
0.0
0.0837067
0.0
0.0
0.0
0.0
0.0
0.0
0.0
0.0
0.0
0.0
0.0
0.0
0.0
0.0
0.0
0.0
0.0
0.0
0.0
0.0
0.0
0.0
0.0
0.0
0.0
0.0
0.0
0.0
0.0
-2.52743
0.0
0.0
0.0
0.0
0.0
0.0
0.0
0.0
0.0
0.0
0.0
0.0
0.0
0.0
0.0
0.0
0.0
0.0
0.0
0.0
0.0
0.0
0.0
0.0
0.0
0.0
0.0
0.0
0.0
0.0
2.38475
0.0
0.0
0.0
0.0
0.0
0.0
0.0
0.0
0.0
0.0
0.0
0.0
0.0
0.0
0.0
0.0
0.0
0.0
0.0
0.0
0.0
0.0
0.0
0.0
0.0
0.0
0.0
0.0
0.0
0.0
0.0
-0.105167
0.0
0.0
0.525229
0.0
0.0
0.0
0.0
0.0
0.0
0.0
0.0
0.0
0.0
0.0
0.0
0.0
0.0
0.0
0.0
0.0
0.0
0.0
0.0
0.0
0.0
0.0
0.0
0.0
0.0
0.0
0.0
0.0
0.0
0.0
0.0
0.0
0.0
0.0
0.0
0.0
0.0
0.0
0.0
0.0
0.0
0.0
0.0
0.0
0.0
0.0
-0.24312
0.0
0.0
0.0
0.0
0.0
0.0
0.0
0.0
0.0
0.0
0.0
0.0
0.0
0.0
0.0
0.0
0.0
0.0
0.0
0.0
0.0
0.0
0.0
0.0
-0.165864
0.0
0.0
0.0
0.0
0.0
0.0
0.0
0.0
2.25156
0.0
0.0
0.0
0.0
0.0
0.0
0.0
0.0
0.0
0.0
0.0
0.0
0.0
0.0
0.0
0.0
0.0
0.0
0.0
0.0
0.0
0.0
0.0
0.0
0.0
0.0
0.0
0.0
0.0
0.0
0.0
0.0
0.0
0.0
0.0
0.0
0.0
0.0
0.0
0.0
0.0
0.0
0.0
0.0
0.0
0.0
0.0
0.0
0.0
0.0
0.0
-0.130773
0.0
0.0
0.0
0.0
0.0
0.0
0.0
0.0
0.0
0.0
1.30123
0.0
0.0
0.0
0.0
0.0
0.0
0.0
0.0
0.0
0.0
0.0
-0.385997
0.0
0.0
0.0
0.0
0.0
0.0
0.0
0.0
0.0
0.0
0.0
0.0
0.0
0.0
0.0
0.0
0.0
0.0
0.0
0.0
0.0
0.242164
0.0
0.0
0.0
0.0
0.0
0.0
0.0
0.0
0.0
0.0
0.0
0.0
0.0
0.0
-1.31819
0.0
0.0
0.0
0.0
0.0
0.0
0.0
0.0
0.0
0.0
0.0
0.0
0.912246
0.0
0.0
0.0
0.0
0.0
0.0
0.0
0.0
0.0
0.0
0.0
0.0
0.0
0.0
0.0
1.22956
0.0
0.0
0.0
0.0
0.0
0.0
0.0
0.0
0.0
0.0
0.0
0.0
0.0
0.0
0.0
0.0
-0.0187277
0.0
0.0
0.0
0.0
0.0
0.0
0.0
0.0
0.0
0.0
0.0
0.0
0.0
0.0
-0.932594
0.0
0.0
0.0
0.0
-1.55041
0.0
0.0
0.0
0.0
0.0
0.0
0.0
0.0
0.0
0.0
0.0
0.0
0.0
0.0
0.0
0.0
0.0
0.0
0.0
0.0
0.0
0.0
0.349606
0.0
0.0
-0.802398
0.0
0.0
0.0
0.0
0.0
0.0
0.0
0.0
0.0
0.0
0.0
0.0
0.0
0.0
0.0
0.0
0.0
0.0
0.0
0.0
0.0
0.0
0.0
0.0
0.0
0.0
0.0
0.0
0.0
0.0
0.0
0.0
1.02951
0.0
0.0
0.0
0.0
0.0
0.0
0.0
0.0
0.0
0.0
0.0
0.0
0.0
0.0
0.0
0.0
0.0
0.0
0.0
0.0
0.0
0.0
0.0
0.0
0.0
0.0
0.0
0.0
0.0
0.0
0.0
0.0
0.0
0.0
0.0
0.0
0.0
0.0
0.0
0.0
0.0
0.0
0.0
0.0
0.0
0.0
0.0
0.0
0.0
0.0
0.0
0.0
0.0
0.427052
0.0
0.0
0.0
0.0
0.0
0.0
0.0
0.0
0.0
0.0
0.0
0.0
0.0
0.0
0.0
0.0
-1.90087
0.0
0.0
0.0
0.0
0.0
0.0
0.0
-0.145718
0.0
0.0
0.0
0.0
0.0
0.0
0.0
0.0
0.0
0.0
0.0
-0.651139
0.0
0.0
0.0
0.0
0.0
0.0
0.0
0.00741103
0.00586387
0.564817
0.000959968
-0.0047647
-0.10662
-0.101538
0.609043
0.0272309
0.539824
0.323872
-0.420553
-0.144564
0.0671014
-0.185604
0.0626576
0.456861
0.212198
-0.0201734
0.83254
0.328701
0.626936
0.00653904
0.0877476
0.421476
0.906782
-0.410104
0.00854047
-0.000676044
0.0214777
-0.901905
0.0819062
0.0397162
-0.881917
0.237555
-0.284267
0.375591
0.809539
2.1181
0.0454931
-0.0118524
0.600417
0.0154263
-0.0800562
1.0865
-0.135977
-1.06912
0.164171
-0.590288
0.0
0.0
0.0
0.0
0.0
0.0
0.0
0.0
0.0
0.0
0.0
0.0
0.0
0.0
0.0
0.0
0.0
0.0
0.0
0.0
0.0
0.0
0.0
0.0
0.0
0.0
0.0
0.0
0.0
0.0
0.0
0.0
0.0
0.0
0.0
0.0
0.0
0.0
0.0
-0.563916
0.0
0.0
0.0
0.0
0.0
0.0
0.0
0.0
0.0
0.0
0.0
0.0
0.0
0.0
0.0
0.0
0.0
0.0
0.0
0.0
0.0
0.0
0.0
0.0
0.0
0.0
0.0
0.0
0.0
0.0
0.0
0.0
0.0
0.0
0.0
-0.0776298
0.0
0.0
0.0
0.0
0.0
0.0
0.0
0.0
0.238188
0.0
0.0
0.0
0.0
0.0
0.0
0.0
0.0
0.0
0.0
0.0
0.0
0.0
0.0
-1.22727
0.0
0.0
0.0
0.0
0.0
0.0
0.0
0.0
0.0
-1.11723
0.0
0.0
0.0
0.0
0.0
0.0
0.0
0.0
0.0
0.0
0.0
0.0
0.0
0.0
0.0
0.0
-0.000921378
0.161898
0.0
0.0
0.0
0.0
0.0
0.0
0.0
0.0
0.0
0.0
0.0
0.0
0.0
0.0
0.0
0.0
0.0
0.0
0.0
0.0
0.0
0.0
0.0
0.0
0.0
0.0
0.0
0.0
0.0
0.0
0.0
0.0
0.0
0.0
0.0
0.0
0.0
0.0
0.0
0.0
0.0
0.0
-0.935047
0.0
0.0
0.0
0.0
0.0
0.0
0.0
0.0
0.0
0.0
0.0
0.0
0.0
1.56391
0.0
-1.13873
0.0
0.0
0.0
0.0
0.0
0.0
0.0
0.0
0.0
0.0
0.0
0.0
-0.00303996
0.0
0.0
-0.0460713
0.0
0.0
0.0
0.0
0.0
0.0
0.0
0.0
0.0
0.0
0.0
0.0
0.0
0.0
0.0
0.0
0.0
0.0
0.0
0.0
0.0
0.0
0.0
0.0
0.0
0.0
0.0
0.0
0.0
0.0
-0.156205
0.0
0.0
0.0
0.0
0.0
0.0
0.0
0.0
0.0
0.0
0.0
0.0
0.0
0.0
0.0
0.0
0.0
0.0
0.0
0.0
0.0
0.0
0.0
0.0
-0.710205
0.0
0.0
0.0
0.0
0.0
0.0
0.0
0.0
0.0
0.0
0.0
0.0
0.0
0.0
0.0
0.0
0.0
0.0
0.0
0.0
0.0
0.0
0.0
0.0
0.0
0.0
0.0
0.0
0.0
0.0
0.0
0.0
0.0
0.0
0.0
-0.545468
0.0
0.0
0.0
0.0
0.0
0.0
0.0
0.0
0.0
0.0
0.292149
0.0
0.0
0.0
0.0
0.0
0.0
0.0
0.0
0.0
0.0
0.0
0.0
0.0
0.0
-0.876989
0.0
0.0
0.0
0.0
0.0
0.0
0.0
0.0
0.0
0.0
0.0
0.0
-0.886191
0.0
0.0
0.0
1.16581
0.0
0.0
0.0
0.0
0.0
0.0
0.0
0.0
0.0
2.36786
0.0
0.0
0.0
0.0
0.0
0.0
0.0
0.0
0.0
-0.0398359
0.0
0.0
0.0
1.00496
0.0
0.0
0.0
0.0
0.0
0.0
0.0
0.0
0.0
0.0
0.0
0.0
0.0
0.0
0.0
0.0
0.0
0.0
0.0
0.0
0.0
0.0
0.0
0.0
0.0
0.0
0.0
0.0
0.0
0.0
0.0
0.0
0.0
0.0
0.0
0.0
0.0
0.0
0.0
0.0
0.0
0.0
0.0
0.0
0.0
0.0
0.0
0.0
0.0
0.0
0.0
0.0
0.0
0.0
0.0
0.175524
0.0
0.0
0.0
0.0
0.0
0.0
0.0
0.0
0.0
0.0
-0.640957
0.0
0.0
0.0
0.0
0.0
0.0
0.0
0.0
0.0
0.0
1.18386
0.0
0.0
1.64322
0.0
0.0
0.0
0.0
0.0
-0.761371
0.0
0.0
0.0
0.0
0.0
0.0
0.0
0.0
0.0
-0.551047
0.0
0.0
0.0
0.0
0.0
0.0
0.0
0.0
0.0
0.0
0.0
0.0
0.0
0.0
0.0
0.0
0.0
0.0
0.0
0.0
0.0
0.0
0.0
0.0
0.0
0.0
0.0
0.0
0.0
0.0
0.0
0.0
-0.761922
0.0
0.0
0.0
0.0
0.0
0.0
0.0
0.0
0.0
0.0
0.0
0.0
0.0
0.0
0.0
0.0
0.0
0.0
0.0
0.0
0.0
0.0
0.0
0.0
0.0
0.0
0.0
0.0
0.0
0.0
0.0
0.0
0.395802
0.0
0.621167
0.0
0.0
0.0
0.0
0.0
0.0
0.525705
0.0
0.0
0.0
0.0
0.0
-0.0116059
0.263402
0.818335
0.00263793
0.000215437
-0.516856
-0.22252
-0.0162625
-0.250688
-0.243157
-0.368878
-0.0446572
-0.16199
0.626392
-0.630381
0.0386758
-0.155142
0.102383
0.0297842
-0.151523
-0.124659
-0.571346
-0.0208183
-0.0418561
0.156496
-0.168475
-0.554282
0.0278042
-0.00112249
-0.00717255
0.621244
-0.534303
-0.0782265
0.63114
-0.0761993
-0.0946329
-0.0207319
0.306491
0.00294207
0.0982618
-0.00310906
-0.0261715
-0.0251152
0.161225
-0.123777
0.175096
0.301356
-0.162421
-0.0978775
0.0
0.0
0.0
0.0
0.0
0.0
0.0
0.0
0.0
0.0
0.0
0.0
0.0
-0.186642
0.0
0.0
0.0
0.0
0.0
0.0
0.585888
0.0
0.0
0.0
0.0
0.0
0.0
0.498663
0.0
0.0
0.0
0.0
0.0
0.510333
0.0
0.0
0.0
0.0
0.0
0.0
0.0
0.0
0.0
0.0
0.0
0.0
0.0
0.0
0.0
0.0
0.0
0.0
0.0
0.0
0.0
0.0
0.0
0.0
0.0
0.0
0.0
0.0
0.0
0.0
0.0
0.0
0.0
0.0
0.0
0.0
0.0
0.0
0.0
0.0
0.0
0.0
0.0
0.0
0.0
0.0
1.23296
0.0
1.27957
0.0
0.0
0.0
0.0
0.0
0.0
0.0
0.0
0.0
0.0
0.0
0.0
0.0
0.0
0.0
0.0
0.0
0.0
0.0
0.0
0.0
0.0
0.0
-0.0507597
0.0
0.0
0.0
0.0
0.0
0.0
0.0
0.0
0.0
0.0
0.0
0.0
0.0
0.0
0.0
0.0
0.0
0.0
0.0
0.0
0.0
0.217054
0.0
0.0
0.0
0.0
1.05404
0.0
0.0
0.0
0.0
0.0
0.0
0.0
0.0
0.0
0.0
0.0
0.0
0.0
0.00497734
0.115006
0.121029
0.00051262
0.000845417
0.0508364
0.246426
0.302081
-0.38152
0.0961937
-0.313893
0.106265
-0.0324372
0.0657159
-0.191138
-0.0287565
-0.0591853
-0.3269
-0.0129702
-0.476575
-0.13729
0.514487
0.315214
0.0429062
-0.347979
0.00967412
-0.430772
0.0443927
-1.325
0.0270674
-0.239183
-0.160523
0.0377247
-0.123584
0.0969217
0.54945
-0.210286
0.476119
0.0777134
0.00401657
-0.00483467
-0.00766372
-0.0297206
0.166888
-0.136969
0.110229
0.204185
-0.216097
-0.0594228
0.0
0.0
0.0
0.0
0.0
0.0
0.0
0.0
0.0
0.0
0.0
0.0
0.0
0.314285
0.0
0.0
0.668277
0.0
0.0
0.0
-0.552601
0.0
0.0
0.0
0.0
0.0
0.0
0.0
0.0
0.0
0.0
0.0
0.0
0.0
0.0
0.0
0.0
0.0
0.0
0.0
-1.55783
0.0
0.0
0.0
0.0
0.0
0.0
0.0
0.0
0.0
0.0
0.0
0.0
0.0
-0.623416
0.0
0.0
0.0
0.0
-0.388719
-1.4281
0.0
0.0
0.0
0.0
0.0
0.0
0.0
0.0
0.0
0.0
0.0
0.0
0.129721
0.0
0.0
0.0
1.44985
0.0
0.0
0.0
0.0
0.0
0.0
0.0
0.0
0.0
0.0
0.0
0.0
0.0
0.0
0.0
0.0
0.0
0.0
0.0
0.0
0.0
0.0
0.422807
0.0
0.0
0.0
0.0
0.0
0.0
0.0
0.0
0.0
0.0
0.0
0.0
0.0
0.0
0.0
0.0
0.0
0.0
0.0
0.0
0.0
0.0
0.0
0.0
0.0
0.0
0.0
-0.992491
0.0
0.0
0.0
0.0
0.0
0.0
0.0
0.0
0.0
0.0
0.0
0.0
0.0
-1.41353
0.0
0.0
0.0
0.0
0.0
0.0
0.0
0.0
0.0
0.0
0.0
0.0
0.0
0.0
-0.93614
0.0
0.0
0.0
1.24711
0.0
0.0
0.0
0.0
0.0
0.0
0.0
0.0
0.0
0.0
0.0
0.0
0.0
0.0
0.0
0.0
0.0
0.0
0.0
0.0
0.531836
0.0
0.0
0.0
0.0
0.0
0.0
0.0
0.0
0.0
0.0
0.0
0.0
0.0
0.0
0.0
0.0
0.0
0.0
0.0
0.0
0.0
0.0
0.0
0.0
0.0
0.0
0.0
0.0
0.0
0.0714026
0.0
0.0
0.0
0.135725
0.0
0.0
0.0
0.0
0.0
0.0
0.0
0.0
0.0
0.0
0.0
0.0
0.0
0.0
0.0
0.0
0.0
0.0
0.0
0.0
0.0
0.0
0.0
0.0
0.0
0.0
0.0
0.749224
-0.0116228
0.0
0.0
0.0
0.0
0.0
0.0
0.0
0.0
0.0
0.0
0.0
0.0
0.0
0.0
0.0
0.0
0.0
0.0
0.0
0.499034
0.0
0.0
0.0
0.0
0.0
-0.835003
0.0
0.0
0.0
0.725028
0.0
0.0
0.0
0.787992
0.0
0.0
0.0
0.0
0.0
0.0
0.0
0.0
1.00503
0.0
0.0
0.0
0.0
0.0
0.0
0.0
0.0
0.0
0.0
0.0
0.0
0.0
-0.5434
-0.391596
0.0
0.0
0.0
0.0
0.0
0.0
0.0
0.0
0.0
0.0
0.0
0.0
0.0
0.0
0.0
0.0
0.0
0.0
0.0
0.0
0.0
0.0
0.557502
0.0
0.0
0.0
0.0
0.0
0.0
0.0
0.0
0.0
0.0
0.0
0.0
0.0
1.27636
0.0
0.0
0.0
0.0
0.0
0.0
0.0
0.0
0.0
0.0
0.0
0.0
0.0
0.0
0.0
0.0
0.0
0.0
0.0
1.56169
0.0
0.0
0.0
-0.256153
1.65842
0.0
0.0
0.0
-1.5169
0.0
0.0
0.0
0.0
0.0
0.0
0.0
0.0
0.0
0.0
0.0
0.0
0.0
0.0
0.0
0.0
0.0
0.0
0.0
0.0
0.0
0.0
0.0
0.0
0.0
0.0
0.0
0.0
0.0
0.0
0.0
0.0
0.0
0.0
0.0
0.0
-0.339312
0.0
0.0
0.0
0.0
0.0
0.0
0.0
0.0
0.0
0.0
0.0
0.0
0.0
0.0
0.0
0.0
0.0
0.0
0.0
0.0
0.0
0.0
0.0
0.0
0.0
0.0
0.0
0.0
0.0
-1.06902
0.0
0.0
0.0
0.0
-0.0136199
0.189998
0.321271
-0.000373005
-0.00275961
0.0136061
-0.133519
0.30833
0.0784327
-0.266419
0.523045
0.379223
-0.0435664
0.0823156
-0.631774
-0.127055
-0.199092
0.0844409
-0.00297009
-0.0714313
-0.291709
0.0846197
0.331449
-0.00779837
0.0112811
-0.224616
-0.53611
-0.0499127
-0.00173557
0.00875759
0.381592
-0.203598
0.060202
0.552628
-0.00268751
-0.110972
-0.62108
0.320653
0.284534
0.0629547
-0.0239433
-0.226018
0.162014
0.465918
-0.248123
1.22594
0.287833
-0.0114673
0.0842952
0.0
0.0
0.0
0.0
0.0
0.0
0.0
0.0
0.0
-0.915897
0.0
0.0
0.0
0.0
0.0
0.0
0.0
0.0
0.0
0.0
0.0
0.0
0.0
0.0
0.0
0.0
0.0
0.0
0.0
0.0
0.0
0.0
0.0
0.0
0.0
0.0
0.0
0.0
0.0
0.0
0.0
0.0
0.0
0.0
0.0
0.0
0.0
0.0
0.0
-0.467174
-0.426823
0.0
0.0
0.0
0.0
0.0
0.0
0.0
0.0
0.0
0.0
0.0
0.0
0.0
0.0
0.163161
0.0
0.0
0.0
0.0
0.0
0.0
0.0
0.0
0.0
0.0
0.0
0.0
0.0
0.0
0.0
0.151288
0.0
0.0
0.0
0.0
0.0
0.0
0.0
0.0
0.0
0.0
-2.42531
0.0
0.0
0.0
0.0
0.0
0.0
0.0
0.0
0.0
0.0
0.0
0.0
0.0
0.0
-1.55969
0.0
0.0
0.0
0.0
0.0
0.0
0.0
0.0
0.0
0.0
0.0
0.0
0.0
0.0
0.0
0.0
0.0
0.0
0.0
0.0
0.0
0.0
0.0
0.0
0.0
0.0
0.0
0.0
0.0
0.0
0.0
0.0
0.0
0.0
0.0
0.0
0.0
0.0
0.0
0.0
0.0
0.0
0.0
0.0
0.0
0.0
0.0
0.0
0.0
0.0
0.0
0.0
0.0
0.0
0.0
0.0
0.0
0.0
0.0
0.0
0.0
0.0
0.0
0.0
0.0
0.0
0.0
0.0
0.0
0.0
0.0
0.0
0.20405
0.0
0.0
0.0
0.0
0.0
0.0
0.0
0.0
0.0
0.0
1.72915
0.0
0.0
0.0
0.0
0.0
0.0
0.0
0.0
0.0
-0.0563889
0.0
0.0
0.0
0.0
0.0
0.0
0.0
0.0
0.0
1.33781
0.0
0.0
0.0
0.0797954
0.0
0.0
0.0
0.0
0.0
0.0
0.0
0.0
0.0
0.0
0.0
-0.775865
0.0
0.0
0.0
0.0
0.0
0.0
0.0
0.0
0.0
0.0
0.0
0.0
0.0
0.0
0.0
0.0
-0.0377928
-0.00591486
0.085207
0.161268
0.00218938
0.00169839
0.0164923
0.251023
-0.32406
-0.460362
-0.240413
-0.630362
-0.0304248
0.257376
-0.0365527
-0.040574
0.226327
-0.160877
-0.510041
0.029448
-0.450679
-0.0103269
-0.699478
0.415937
-0.10476
-0.115776
-0.10544
-0.612381
-0.0385292
-0.00600005
0.0135591
-0.461079
-0.00180021
-0.131934
-0.196664
-0.190508
0.570334
0.129654
0.472452
0.240913
0.148138
-0.0484502
-1.22546
0.120435
0.273045
-0.159493
0.282258
0.22046
0.480204
0.455699
0.0
0.0
0.0
0.0
0.0
0.0
0.0
-0.350972
0.0
0.0
-1.76456
0.0
0.0
0.0
0.0
0.0
0.0
0.0
0.0
0.0
0.0
0.0
0.0
0.0
0.0
0.0
0.0
0.0
0.0
0.0
-0.330377
0.0
0.0
0.0
0.0
0.0
0.0
0.0
0.0
0.0
0.0
0.0
0.0
0.0
0.0
0.0
0.0
0.0
0.0
0.0
0.0
-0.548215
0.0
0.0
0.0
0.0
-0.98458
0.0
0.0
0.0
0.0
0.0
0.0
0.0
0.0
0.0
0.0
0.0
0.0
0.0
0.0
0.0
0.0
0.0
0.0
0.0
0.0
0.0
0.0
0.0
0.0
0.0
0.0
0.0
0.0
0.0
0.0
0.0
0.0
0.0
0.0
0.0
0.0
0.0
0.0
0.0
0.0
0.0
0.0
-1.32887
0.0
0.0
0.0
0.0
0.0
0.0
0.0
0.0
0.0
0.0
0.0
0.0
0.0
0.0
0.0
0.0
0.0
0.0
0.0
0.0
0.0
0.0
0.0
0.0
0.0
0.0
0.0
0.649984
0.0
0.0
0.0
0.0
0.0
0.0
0.0
0.0
0.0
0.0
0.0
0.0
0.0
0.0
0.0
0.0
0.0
0.0
0.0
0.0
0.0
0.0
0.0
0.0
0.0
0.0
0.0
0.0
0.0
0.0
0.0
-0.143291
0.0
0.0
0.0
0.0
0.0
0.0
1.10918
0.0
0.0
0.0
0.0
0.0
0.0
0.0
0.0
0.0
0.0
0.0
0.0
0.0
0.0
0.0
0.0
0.0
0.0
0.0
0.0
0.0
0.0
0.0
0.0
0.0
0.0
0.0
0.0
0.0
0.0
0.0
0.0
0.0
0.0
0.0
0.0
0.0
0.0
0.0
0.0
0.0
0.0
0.0
0.0
-0.0779253
0.0
0.0
0.0
1.44814
0.0
0.0
0.0
0.0
0.0
0.0
0.0
0.0
0.0
0.0
0.0
0.0
0.0
0.0
0.0
0.0
0.0
0.0
-1.36627
0.0
0.0
0.0
0.0
0.0
0.0
0.0
0.0
0.0
0.0
0.0
0.0
0.0
0.0
0.0
0.0
0.0
0.0
0.0
0.0
0.0
0.0
0.0
-1.12965
0.0
0.0
0.0
0.0
0.0
0.0
0.0
0.0
0.0
0.0
0.0
0.0
0.0
0.0
0.0
0.0
0.0
0.0
0.0
0.0
0.0
0.0
0.0
0.0
0.0
0.0
0.0
0.0
0.0
0.0
0.0
0.0
0.0
0.0
0.0
0.0
0.0
0.0
0.0
0.0
0.0
0.0
0.0
0.0
0.0
0.0
0.0
0.0
0.0
-0.794104
0.0
0.0
0.0
0.0
0.0
0.0
0.0
0.0
0.0
1.50003
0.0
0.299321
0.0
0.0
0.0
0.0
0.0
0.0
0.0
0.0
0.0
0.0
0.0
0.0
-0.370164
0.0
0.0
0.0
0.0
0.0
0.0
0.0
0.0
0.0
-0.0156868
0.244412
0.316967
0.00295393
-0.00135087
0.030857
-0.0186384
0.128735
-0.198628
-0.234167
-0.0813465
0.191205
-0.0613073
-0.0278947
-0.282375
0.161854
0.0608281
0.0424205
0.0370942
-0.25836
-0.111677
-0.630701
0.130495
0.0214043
0.0610785
-0.160278
-0.448373
0.0529185
-0.00302808
-0.00418922
0.407287
-0.396949
0.0131027
0.512075
-0.016878
-0.036108
-0.115773
0.293933
0.111377
0.141635
-0.0153292
-0.100335
0.110098
-0.0163158
-0.200162
0.275477
0.198353
-0.217543
0.211376
0.0
0.0
0.0
0.0
0.0
0.0
0.0
0.379802
0.0
0.0
0.0
0.0
0.0
0.0
0.0
0.0
0.0
0.0
0.0
0.0
0.0
0.0
0.0
0.0
0.0
0.0
0.0
0.0
0.0
0.0
0.0
0.0
0.0
0.0
0.0
0.0
2.03752
0.0
0.0
0.0
0.0
0.0
0.0
0.0
0.0
0.0
0.0
0.0
0.0
0.0
0.0
0.0
0.0
0.0
0.0
0.0
0.0
0.0
0.0
0.0
0.0
1.91041
0.0
0.0
0.0
0.0
0.0
0.0
0.0
0.0
0.0
0.0
0.0
0.0
0.0
0.0
-0.239148
0.0
0.0
-0.115069
0.0
0.0
0.0
0.0
0.0
0.0
0.0
0.0
0.0
0.0
0.0
0.0
0.0
0.0
0.0
0.0
0.0
0.0
0.0
0.0
0.0
0.0
-0.206732
0.0
0.0
0.0
0.0
0.0
0.0
0.0
0.0
0.0
0.0
0.0
0.0
0.0
0.0
0.0
0.0
0.0
0.0
0.0
0.0
0.0
0.0
0.0
0.0
0.0
0.0
0.0
0.0
0.0
0.0
0.0
0.0
0.0
0.0
0.0
0.0
0.0
0.0
0.0
0.0
0.0
0.0
0.0
0.0
0.0
0.0
0.0
0.0
0.0
0.0
0.0
0.0
0.0
0.0
0.0
0.0
0.0
0.0
0.0
0.0
0.0
0.0
0.0
0.0
0.0
0.0
0.0
0.0
0.0
0.0
0.0
0.0
0.0
0.0
0.0
0.0
0.0
0.0
0.0
0.0
0.0
0.0
0.0
0.0
0.0
0.0
0.0
0.0
0.0
0.0
0.0
0.0
0.0
0.0
0.0
0.0
0.0
-0.444795
0.0
0.0
0.0
0.0
0.0
0.0
0.0
0.0
0.0
0.0
0.0
0.0
0.0
0.0
0.0
0.0
0.0
0.0
0.0
0.0
0.0
0.0
0.0
0.0
0.0
0.0
0.0
0.0
0.0
0.0
0.0
1.37376
0.0
0.0
0.0
0.502314
0.0
0.0
0.0
0.0
0.0
0.0
0.0
0.0
0.0
0.0
0.0
0.0
0.0
0.0
0.0
0.0
0.0
0.0
-0.722977
0.0
0.0
0.0
0.0
0.0
0.0
0.0
0.0
0.0
0.0
0.0
0.0
0.0
0.0
0.0
0.343571
0.0
0.0
0.0
0.0
0.0
0.0
0.0
0.0
0.0
0.418498
0.0
0.0
0.0
0.0
0.0
0.0
0.0
0.0
0.0
0.0
0.0
0.0
0.0
0.0
0.0
0.99203
0.0
0.0
0.126159
0.0
0.0
0.0
0.0
0.0
0.0
0.0
-0.041064
0.0
0.0
0.0
0.0
0.0
0.0
0.0
0.0
0.0
0.0
1.15905
0.0
0.0
0.0
0.0
0.0
1.76546
0.0
0.0
0.0
0.0
0.0
0.0
0.0
0.0
0.0
0.0
0.0
0.0
0.0
0.0
0.0
0.0
0.0
0.0
0.0
0.0
0.0
0.0
0.0
0.0
0.0
0.0
0.0
0.0
0.0
0.0
0.0
0.0
0.0
0.0
0.0
0.0
0.0
0.0
0.0
0.0
0.0
0.0
0.0
0.0
0.0
0.0
0.0
0.0
0.0
0.0
0.0
0.0
0.0
0.0
0.0
0.0
0.0
0.0
0.0
0.0
0.0
0.0
0.791932
0.0
0.0
0.0
0.0152684
0.452334
0.216445
-0.000690844
0.307187
0.0174476
0.424529
0.0583564
-0.945328
-0.0863182
-0.146174
0.509316
0.299207
0.0164524
0.746997
0.150271
-0.201824
-0.530109
0.0630616
-0.483383
-0.220509
-0.18756
0.370422
0.0410336
-0.638035
0.0567454
-0.157252
-0.0232107
-0.000175231
0.0286307
-0.160915
-0.158447
-0.0197874
0.0199021
0.27213
0.0982128
-0.505684
0.513117
0.1727
0.0542531
-0.00995597
-0.44326
0.0291525
-0.520494
-0.307895
-0.0781048
0.0239246
-0.274954
0.853465
0.205366
0.0
0.0
0.0
0.0
0.0
0.0
0.0
0.0
0.0
0.0
0.0
0.0
0.0
-0.76988
0.0
0.0
0.0
0.0
0.0
0.0
0.0
0.0
0.0
0.0
0.0
0.0
0.0
0.0
0.0
0.0
0.0
0.0
0.0
0.0
0.0
0.0
0.0
0.0
0.0
0.0
0.0
0.0
0.0
0.0
0.0
-2.04946
0.0
0.0
-0.00185897
0.801216
-0.569253
6.22081e-06
0.00257275
-0.00257724
0.405423
-0.132908
-0.722621
-0.122197
-0.960958
0.349637
0.0394535
-0.0245932
0.564363
0.284672
-0.0650722
-0.258232
-0.888867
-0.426795
-0.0153368
-0.0709043
0.443417
0.0311154
-0.018854
0.0697741
0.0871639
-0.134518
0.00181463
-0.00870018
0.384557
-0.216426
-0.040738
0.330208
-0.0137957
0.396302
0.149301
0.341069
0.320609
-0.0288142
-0.000494353
-0.155319
0.119342
-0.423392
-0.230552
0.0643854
0.516492
-0.151995
0.289399
0.0
0.0
0.0
0.0
0.0
0.0
0.0
0.0
0.0
0.0
0.0
0.0
0.0
0.0
0.0
0.0
0.0
0.0
0.0
0.0
0.0
0.0
0.0
1.32964
0.0
0.0
0.0
0.0
0.0
0.0
0.0
0.0
0.0
0.0
0.0
0.0
0.0
0.0
0.0
0.0
0.0
0.0
0.0
0.0
0.0
0.0
0.0
0.0
0.0
0.0137764
0.552543
-0.0973938
-0.000485161
0.00180915
-0.0065593
0.208194
0.414834
-0.519043
-0.785129
-0.270687
-0.00791176
0.124612
0.066085
0.352874
0.0150483
-0.145065
-0.165363
0.0421383
-0.466811
0.0663335
-0.192914
0.473416
-0.0599479
0.00435297
0.116224
-0.332556
1.55097
0.00300909
-0.0130751
0.25611
-0.272616
-0.00688556
0.365264
-0.391576
0.0381498
-0.0876183
0.40491
0.128569
-0.0211172
-0.864051
-0.131278
-0.126868
0.0498386
-0.129368
-0.0563398
0.281759
-0.141509
0.64186
0.0
0.0
0.0
0.0
0.0
0.0
0.0
0.0
-0.889825
0.0
0.0
0.0
0.0
0.0
0.0
0.0
0.0
-1.33837
0.0
0.0
0.0
0.0
0.0
0.0
0.0
0.0
0.0
0.0
0.0
0.0
0.0
0.0
0.0
0.0
0.0
0.553471
0.0
0.0
0.0
0.0
0.0
0.0
0.0
0.0
0.0
0.0
0.0
0.0
0.0
0.0
0.0
0.0
0.0
0.0
0.0
0.0
0.0
0.0
0.0
0.0
0.0
0.316585
0.0
0.0
0.0
0.0
0.0
0.0
0.0
0.0
0.0
0.0
0.0
0.0
0.0
0.0
0.0
0.0
0.0
0.0
0.0
0.0
0.0
0.0
0.0
0.0
0.0
0.0
0.0
0.860528
0.0
1.05579
0.0
0.0
0.0
0.0
0.0
0.0
0.0
0.0
0.0
-0.701144
0.0
0.0
0.0
0.0
0.0
0.0
0.0
-2.07021
0.0
0.0
0.0
0.0
0.0
0.0
0.0
0.0
0.0
0.735425
0.0
0.0
-0.545518
0.0
0.0
0.0
0.0
0.0
0.0
0.0
0.0
0.0
0.0
0.0
0.0
-0.777242
0.0
0.0
0.0
0.0
1.71494
0.0
0.0
0.0
1.46372
0.0
0.0
0.0
0.0
0.0
0.499143
0.0
0.0
0.0
0.0
0.0
0.0
0.0
0.0
0.0
0.0
0.0
0.0
0.0
0.0
0.0
0.0
0.0
0.0
0.0
0.0
0.0
0.0
1.25287
0.0
0.0
0.0
0.0
0.0
0.0
0.0
0.0
0.0
0.0
0.0
0.0
0.0
0.0
0.0
0.0
0.0
0.0
0.0
0.0
0.0
0.0
0.0
0.0
0.0
0.0
0.0
1.65769
0.0
0.0
0.0
0.0
0.0
0.0
0.0
0.0
0.0
0.0
0.0
0.0
0.0
0.0
0.0
0.0
0.0
0.0
0.0
0.0
0.0
0.0
0.0
0.0
0.0
0.0
0.0
0.0
0.0
0.0
0.0
0.0
0.0
0.0
0.924662
0.0
0.0
0.0
0.0
0.0
0.0
0.0
0.0
2.17912
0.856481
3.26136
0.0460533
0.277676
-0.513144
1.35019
-0.251977
0.873756
0.464561
1.65773
0.306644
-0.3542
-0.468737
1.04791
1.17704
0.231447
-0.195293
0.00909975
-0.807664
-0.210049
-0.237925
0.177346
0.0108393
-1.16252
0.14337
-0.403668
0.0546843
0.0241689
0.427505
-0.503958
0.436631
-1.13433
1.3514
1.42865
0.897846
0.0762624
1.23034
0.138699
-0.622952
0.124267
0.943059
0.594436
3.35768
-0.858929
-3.19401
0.157697
-4.50929
0.677507
-0.45964
-1.02634
-3.28036
0.00262504
-0.0124528
0.509629
-1.71191
0.25201
-0.957456
-0.471906
-1.8462
0.165235
0.218723
0.300322
-1.17549
-1.81418
-0.355185
-0.217925
-0.0227445
1.06807
0.145756
0.203161
-0.240805
-0.164859
1.34705
0.0815673
0.457841
0.116063
0.119931
-0.180642
0.319126
-0.464678
0.427697
-1.66649
-1.49628
-0.915307
0.0599014
-1.51149
-0.20469
0.684982
-0.212238
-0.895571
-0.548477
-3.72468
0.75359
3.18913
-0.210088
4.0275
-0.614226
0.00606951
-0.154406
0.304187
-0.520808
0.192554
0.0167327
-0.236297
0.178987
0.0194615
-0.677524
0.0305685
-0.306031
0.0109054
-0.0480152
-0.0739354
0.0307886
0.182258
-0.35239
-0.0700533
0.339277
-0.488085
-0.203177
-0.0774288
-0.0569875
0.303565
0.0262226
0.296373
0.0552161
0.179743
0.0446
-0.302191
0.03774
-0.103838
0.277943
-0.280484
-0.213509
-0.745279
-0.332555
-0.132539
-0.034068
-1.06229
0.0128478
-0.533922
0.0884356
-0.216937
0.00414578
-0.0481344
0.095615
-0.0392533
0.0131355
-0.00548144
-0.124144
-0.00400457
0.0935248
-1.40753
-0.261315
0.34521
0.019886
0.597776
-0.347872
0.839127
-0.272337
0.336586
-0.271037
-0.110794
-0.163517
-0.706984
0.154576
0.309948
0.70906
0.180006
0.156107
-0.275877
-0.125345
0.224194
0.989949
-0.161745
-0.12574
0.120383
-0.0398551
-0.177175
0.0924631
-1.0815
0.0062918
0.529691
0.170638
-0.344402
0.0365311
-0.0666503
0.015574
-0.0519479
0.216306
-0.35979
-0.220089
-0.0894047
-0.0862884
0.166455
0.508685
-0.259235
-0.169895
-0.0189832
0.048751
0.265204
-0.00348426
-0.361408
-6.74889e-06
-0.0835138
-0.00727721
-0.18849
0.472104
-0.135546
-0.168416
-0.127677
-0.165443
-0.518139
-0.413182
-0.0136557
0.259278
-0.0667348
-0.0348429
-0.0633035
-0.154027
0.184452
0.225047
0.053979
0.170707
0.144182
-0.0820016
-0.184581
-0.0279565
0.0313519
-0.313857
-0.067708
-0.378069
0.136022
-0.280533
-0.0659705
-1.99357
-0.0879246
0.047711
0.0459083
-0.36692
-0.10661
-0.00484273
-0.0521095
0.341285
0.06285
-0.16764
-0.078201
0.307824
0.000876492
0.0422921
0.135604
-0.3089
-0.167469
0.228927
-0.148135
-0.0355786
0.134242
-0.0696177
-0.00454774
-0.0443952
-0.108172
0.233064
-0.0448097
-0.096705
-0.0525647
-0.0590716
0.0465707
0.0175199
0.193191
0.0137332
0.150472
-0.514363
0.293954
0.0877983
-0.105541
0.0810381
0.0611282
0.0387907
-0.0412298
-0.150067
-0.0504371
0.215452
-0.402227
-0.0656798
0.0697312
-0.13274
0.222112
-0.0355161
-0.0504072
-0.0613333
0.100656
0.115167
0.0351944
-0.163889
1.27138
0.610704
0.827659
-0.000280187
0.026533
0.0342661
1.56946
0.46656
-0.410876
-0.409311
1.48862
-0.120491
0.717375
0.770141
-0.266133
0.905289
-0.256077
1.95629
-0.0265933
-0.718875
-2.12433
0.481896
0.130678
0.134737
0.529134
-2.62157
-0.588457
-1.60122
0.0201232
0.110224
-0.278436
0.254288
0.0128716
1.34654
0.514193
0.228353
-0.321398
-0.378345
-0.66598
-0.234665
0.0770302
0.718209
0.0863368
0.338981
0.346895
-0.518866
0.0920794
-0.461974
-0.510356
1.74136
1.58089
0.979452
-0.000934908
-1.63332
0.0857458
0.117559
0.174212
0.215967
0.0906225
0.544022
0.661774
1.67007
-0.329045
-0.314116
0.135285
0.0678878
-1.21662
-0.0940816
-0.567166
-0.657973
-0.211881
0.797377
0.236044
0.0539584
3.41164
-2.25518
0.316252
0.0866386
0.0595455
-0.298441
0.283165
0.341982
0.0836254
-0.707521
0.102265
1.75391
-1.61283
-0.245663
0.25814
0.0293381
-0.202404
-0.0615187
0.0897032
-0.381294
0.62755
-0.462823
-0.186798
-1.92867
1.44664
-1.47518
-1.90405
0.00183936
2.51352
0.188381
0.135258
-0.280334
-0.156661
-0.197607
0.0228229
0.0185162
-1.28979
2.32317
-2.95542
1.52921
1.54099
0.139816
-0.0974148
-0.00803768
-0.00243995
-0.0249818
0.0705211
0.181134
1.0005
0.186337
-0.989192
1.11687
0.672631
-0.17867
-0.0903086
0.106415
0.0460471
-0.0522007
0.0988403
-0.0895254
-0.0845556
2.01703
0.0104649
0.0588234
-0.157207
0.0857108
-0.0838629
-0.152543
-0.027154
0.117257
0.00691505
0.173176
-0.120557
-0.277727
1.12532
2.1132
2.44996
2.6765
-2.37152
0.128556
-1.11347
-0.118553
-0.221749
0.00428225
0.0615126
-0.090994
-0.0112233
2.52657
2.13171
-0.10407
-1.77858
-0.0973301
-0.0229919
-0.0407121
-0.00139901
0.0385403
0.178721
1.70303
0.179711
1.55167
0.124641
-0.203971
-0.166899
-0.0675874
0.100225
0.0475728
-0.0177415
0.0523785
-0.0714235
-0.0694603
-0.156068
0.0131859
0.0682296
-0.158557
0.0814377
-0.078134
-0.155673
-0.00970171
0.104654
0.0157692
0.182021
-0.104681
-0.28381
-0.0342405
2.32111
2.14361
1.61574
2.47073
0.104067
2.32929
0.0805093
-0.247406
0.0236124
-0.328534
0.141947
-2.37452
-0.012042
2.59206
-1.98874
0.167497
-0.0925252
-0.46577
-0.170302
-0.130628
0.0149767
0.180909
0.0237135
-1.31265
-0.208302
2.10434
0.0903223
-2.9235
1.57805
0.126412
-2.48457
0.625969
0.0187477
-0.221871
-0.105395
-0.176046
0.00260312
0.0148942
-1.80371
-2.09404
-0.130928
-0.185802
-0.0255983
0.135872
-0.0572565
0.235204
-0.170492
-0.0200922
0.340649
0.851586
2.48196
-0.483275
1.55378
1.44973
-1.99308
-0.168189
0.493138
0.326403
-0.846805
0.0350467
0.143578
0.89575
0.302395
-0.984905
3.56714
-2.82836
-0.281734
0.471443
-0.709742
0.757606
0.0143147
-0.418696
-1.44832
-1.81784
-1.21627
0.0717587
0.0514058
0.218676
-0.477743
-0.0214701
0.28436
0.416173
0.418455
-0.855231
0.659598
0.710606
-0.262787
0.0921693
0.0409392
-1.44777
-0.295764
-0.0242951
0.0772745
-0.106072
-0.0464896
-0.35454
-0.00969413
-0.505849
-0.322703
-0.000249406
0.437633
-0.850647
2.13087
2.01007
-0.113122
0.191088
-0.106163
0.638131
0.330469
0.196622
0.176108
-0.0262425
-0.237005
-2.12028
-0.451188
0.71183
-0.113751
0.0721933
-0.101219
0.0171985
-0.76337
0.0675247
-0.179687
0.00135818
-0.979163
-0.000585444
2.02247
-0.887248
-0.142437
-0.981585
-0.00147071
0.303084
0.122762
-0.850545
-2.14031
-0.197539
-0.0426972
0.0669271
-0.014386
-0.217337
0.772229
0.202704
0.558479
-0.94603
0.300289
-0.0890341
-0.389476
0.144044
-7.98141e-05
0.0308916
0.0292161
-2.98859
-1.98533
-2.61307
-1.28732
-0.283363
0.376824
0.189033
-0.071745
0.893288
0.0841815
0.0376238
-0.442658
-2.68236
2.13796
-1.18659
0.0534867
-0.143599
0.157411
-0.35023
0.588864
0.750873
1.14405
0.0321191
-0.0107874
-0.211637
0.072388
-0.238046
-2.92757
0.034762
-0.521768
0.362966
-0.719069
-0.137839
-0.116651
0.0278513
0.336038
0.0258899
0.349649
-1.46946
0.239096
0.235554
-0.620631
-0.0572192
-0.012336
0.0216248
0.23244
-0.000462061
0.0308904
-0.0679183
-0.711062
2.96737
0.752652
2.53799
0.208085
-0.169643
0.385211
0.304453
-0.507861
-0.0331151
0.97991
-0.0318062
0.45124
-1.14166
2.71519
-0.605639
-0.0962491
2.76746
0.303854
0.476962
0.456889
-0.0918851
3.53161e-06
0.0556018
0.0750646
-1.89115
1.6094
0.566566
-0.156643
0.249546
-0.00363947
-0.421679
0.0107241
-0.0550528
-0.060354
-0.0977238
-0.0321898
-0.460646
-0.591699
0.0566086
-0.0142374
0.142331
0.315865
-0.226845
-0.268389
-0.559508
-0.000490062
0.0254168
-0.0605435
0.374938
0.536413
2.04748
-2.17371
1.0518
-0.529411
0.50589
0.271947
0.491611
-0.107342
-0.425265
-0.0267919
-0.089333
0.172548
-0.229324
-1.60519
-1.82339
2.45171
-0.325305
-0.286883
1.43565
-0.15571
0.067125
-0.158973
-0.145866
-0.422453
-0.197411
0.358354
0.166757
-0.0549619
-0.266441
-0.400377
0.0574344
-0.270238
-0.0606296
0.075918
-0.0842284
-0.274597
2.17843
-0.136546
-0.190214
-0.0734616
-0.217489
-0.104307
0.32498
0.267586
0.00156948
0.0247625
0.00407435
0.150171
0.383201
-0.772112
1.94997
-1.60855
-1.34672
0.0668688
-0.161237
-0.521686
-0.248329
0.375488
0.427701
-0.0685349
0.75228
-0.520267
2.03341
1.06597
-2.33092
0.166599
0.0965033
-1.00843
-0.0428974
0.0195284
0.0189337
-0.167821
0.0368896
2.58103
0.20454
-2.25101
2.67988
-0.0299116
-0.157712
-0.326489
0.213331
-0.0677477
-0.0833207
0.0593784
-0.293167
-0.764995
0.284383
-0.437375
0.317354
-0.261021
-0.0359
-0.761773
-0.316316
-0.000193584
0.0328081
0.071759
-0.784124
0.426085
1.09936
-1.5577
3.21614
-1.65268
0.237587
-0.0470683
0.0335236
0.419541
-0.0395913
-0.00276865
-0.00367431
-0.482531
0.65545
0.0248913
-2.84814
1.94266
-1.07919
-0.459065
1.4092
0.0246617
0.0146229
-0.0603917
0.7321
-0.403853
-0.463798
-0.262925
-1.41672
0.21283
0.00796593
0.442061
0.358206
-0.432667
-0.085618
0.490777
0.159295
0.0409497
0.62304
-0.149896
0.178248
-0.556212
0.437189
-2.69188
1.13026
-0.55509
-0.00100835
0.0319919
-0.0654728
0.369366
0.0924652
-0.422296
0.203814
0.0632052
0.0968714
2.58878
-1.44828
2.72829
0.0643313
-0.370326
0.347628
-0.00148022
-0.168131
0.175004
0.0427478
0.127447
-0.0172429
3.08435
-1.67448
-0.790801
-0.0817685
0.00120953
0.0225924
-0.0713029
-0.169337
-0.0379138
-0.0110229
0.175165
0.298558
-0.154458
1.56358
-2.02627
0.000137643
-0.0592779
-0.0906381
0.00830072
-0.290375
-0.103567
0.0439139
-0.00546344
0.131632
-0.0232357
-2.08147
1.33825
0.131248
-9.21618e-05
0.0343761
0.0766306
-0.16802
0.333672
0.0838502
-0.18962
0.294336
0.0296751
-2.43969
-2.70563
-1.5487
0.00217805
-0.0526263
-0.44285
-0.0555908
-0.0590965
-0.472593
0.79374
0.321784
0.135761
-2.05775
-0.667759
-2.86378
1.64992
-0.00324237
0.128407
-0.291292
0.0538536
0.225236
0.918209
-0.54308
0.245564
-0.195931
-2.30686
-0.0251402
0.153476
-0.0333644
-0.0709049
-0.127733
-0.191529
-0.053849
0.0857365
-0.14545
0.139693
-0.54167
-0.211677
-1.97542
0.484593
2.14295
0.0254284
-0.0141798
0.542296
-0.328506
-0.0397426
-0.190947
0.340346
-0.534269
0.42988
-0.164787
-0.0564792
-2.64584
0.694597
0.803409
-0.0818048
-0.337232
-0.242285
0.0818949
-0.0399805
0.0955756
0.0880354
-2.16715
-0.636857
0.518748
0.0835732
-0.155413
0.0424024
1.86716
-0.303931
0.0132316
0.320028
0.0722251
-0.109323
0.327221
0.386225
-0.250664
1.10048
0.0418469
-0.148691
0.0566496
-0.0563918
-0.127701
0.115953
-0.26441
-0.0134429
-0.261048
-0.244684
-1.0099
0.00401837
-1.34497
0.635292
-0.870457
0.0367993
0.315192
-0.172118
-0.195356
-0.429937
-0.0509321
-0.0239684
-2.95914
1.80893
0.770027
-0.361629
-0.815475
0.398646
0.286402
0.193444
-0.891063
0.151725
0.303219
2.96843
-0.190388
1.48619
2.22053
-0.152655
-0.446957
-0.1764
-0.143993
-0.875147
0.45823
-0.658771
1.00523
-0.228179
-3.32685
-0.0417506
-0.110119
0.170077
0.0306754
0.122722
0.0133055
0.144014
0.218473
-0.109076
0.78894
-0.104087
-0.209101
1.75378
0.113761
-1.35366
2.16944
1.66843
-0.719609
-0.921741
0.111996
0.187187
-0.922229
0.142831
-0.0648698
-0.371678
1.45142
-2.56568
-0.770386
-2.36535
-3.74367
-1.10268
-0.233678
0.516977
-0.0439655
-0.109794
-2.48848
-2.42393
-1.31953
-1.42712
-0.0935176
-0.111826
0.00959005
-0.0588244
0.159209
0.447088
-0.150511
-0.330404
0.267228
0.433382
-0.268027
-0.109565
1.2068
-0.145092
-0.348485
0.850054
0.471737
-0.223074
0.144956
-0.118277
-4.74867e-05
-0.0279996
-0.031361
-0.000902833
-2.4839
-1.14503
2.27291
0.132456
0.066324
0.0693829
-0.100993
0.142059
-0.0574117
-0.0126667
-0.124014
-0.161317
1.53633
0.855677
-0.606838
0.123296
0.0768365
0.0674962
-0.0772321
-0.00925992
0.0522458
0.00986945
2.10394
-1.80276
0.000677788
0.0594061
2.57535
0.882027
1.59846
2.44415
-0.102362
0.161312
0.0211508
-0.0451707
-0.00444445
0.905558
0.000465515
-0.00158312
0.0406471
-1.16903
-0.045014
-0.0469201
0.000398434
0.0604171
0.0762751
0.0343585
0.178725
-0.307607
0.00118225
0.0167848
-1.8469
-4.32099
-2.81818
0.216846
0.225417
0.823486
0.530799
-0.0305987
-0.201009
1.11259
0.0686955
0.380623
-3.15382
-2.93876
-0.519688
1.59931
0.470969
0.121115
0.262204
-0.723711
0.358824
0.868469
-0.332519
1.02009
0.387045
-1.49016
-2.43552
-2.47949
1.71745
-0.534237
0.0893589
-0.0202383
0.0169285
0.1554
2.29412
1.59404
1.73733
0.212376
0.504495
-1.90938
-0.0753554
-0.0823766
0.181972
-0.549191
-0.0533108
0.170237
1.15812
-0.0019832
0.0257708
-0.271463
3.16485
-0.595375
-0.19441
0.256641
-0.659362
1.05703
-0.682519
0.265775
0.0153641
-0.710917
-1.65094
-0.73219
-2.5728
2.33421
2.07324
0.389411
0.657113
0.0215681
0.790977
-0.0806359
-0.00660437
0.00685056
0.00220682
-1.82893
1.07615
-1.2673
1.1207
1.81664
-3.28276
-1.60366
-0.185367
-1.03314
0.175632
0.372234
-0.195168
-0.284793
0.100859
1.63102
-0.420956
-0.580109
1.7733
0.812234
0.187806
-0.232761
-0.226007
-0.0374842
0.00409183
0.00998183
0.190714
-0.0652406
-1.81741
1.21453
0.315453
0.00212515
-0.074272
-0.2511
-0.113496
-0.812025
-0.261405
0.452931
0.159657
1.70912
0.41402
1.2591
-1.35312
-1.86557
0.1353
0.123367
0.0474173
-0.148428
0.0978303
0.0889309
-0.400541
-0.313849
-0.248382
0.0493034
-0.316487
1.66349
-0.0440437
-0.00049036
0.450987
-0.120116
0.0795117
-0.151931
0.153075
0.04878
-0.141347
-1.29727
-2.35603
0.194481
-0.71459
0.317867
-0.504573
0.172283
0.434302
-0.00136034
0.0255683
-0.0838071
1.17099
0.244174
-0.20806
2.89034
3.06649
0.334057
-0.421166
0.456489
-0.0174021
0.535463
-0.614914
1.23033
1.1372
-1.48364
-0.321529
0.67862
0.0183898
-1.52527
0.216019
-0.390692
-0.652804
-0.143961
0.0142751
0.0707973
-0.268927
-0.979391
-0.441224
1.82076
0.207775
0.703153
-1.67867
1.03843
0.42277
-0.0129827
-0.136372
-0.721876
-2.28296
-0.752495
0.216131
-0.48431
-0.66991
0.130453
-1.26085
-0.274793
-0.00722399
0.0665013
0.0012158
0.0204127
0.202878
0.0548177
1.29637
-0.65417
-1.4669
2.71308
0.393872
-0.0504602
0.00487951
0.0138769
-0.0572694
-0.109809
0.0448024
-0.0946313
0.00758561
-2.0747
2.91642
2.10084
-0.428962
-0.0207564
0.189927
-0.296898
0.128272
0.0906477
-0.163387
-0.0904112
2.97281
0.0474049
0.027092
2.59285
-2.68115
-0.0852854
-0.200427
0.0276853
0.0492969
-0.151047
0.0927026
-0.0898609
-0.0977774
-0.0622932
3.08985
0.0329842
-1.57139
-0.0516853
-0.12322
0.0957442
0.645641
0.000912285
0.0273866
0.0526474
1.05604
-2.08319
-0.321909
-2.74186
0.503491
-0.734967
-1.02717
-0.046518
0.0307265
0.322476
-0.863028
0.848671
0.0170671
0.102891
0.074454
-0.0402325
0.553084
2.06946
0.222315
-0.731942
1.12012
0.0465452
0.0982918
-0.0578971
-1.02216
0.150303
0.307639
0.394166
0.998778
3.10119
0.134165
1.52956
0.0984599
0.0998626
-0.0670877
-0.130251
-0.471041
0.128641
0.244621
-0.62205
-2.32737
3.194
-0.132444
0.0988193
2.76628
2.185
-0.000495821
0.0632119
0.278609
0.888364
1.4985
0.435073
-0.603536
-1.77981
0.678165
0.0493247
-2.18899
-0.0990162
-2.34001
0.456332
-0.282756
-0.0863938
1.51549
0.100828
-0.460459
-0.516013
0.244424
-0.972095
2.17961
0.0690561
-0.135458
0.0392513
0.091701
0.526223
0.164889
0.34469
-1.353
-0.848486
-0.142966
2.00949
-3.07385
-0.700567
0.348745
0.510035
-0.294726
0.426478
0.188203
-0.175267
0.825368
-0.0964854
0.0978108
-1.10297
0.735605
-4.58245
-1.64023
0.000592396
0.021533
0.0755067
-0.959027
0.824631
0.704772
1.28718
-0.121018
-0.874632
3.84138
1.64138
-1.5922
1.28381
0.730046
0.331201
-0.0266697
0.673522
0.895446
-0.0717622
-0.378713
0.02918
-4.35922
-0.975048
2.27416
-0.0599146
-0.00517027
1.81227
1.15657
-0.246699
-0.162886
-0.733497
0.423057
-0.112439
2.15003
-0.78868
1.32607
-0.343299
-0.302947
0.562023
0.669953
-0.139992
1.60079
-0.590295
0.0244976
-1.31011
1.62971
0.556671
-0.00714741
-0.0192073
0.0021336
1.30981
0.179194
-0.228711
-0.218116
-0.0617438
-0.500917
-0.0220145
-0.077845
-2.37987
-2.75605
-0.0525446
-0.156048
0.0527258
0.100122
-0.0956682
0.202039
-0.213331
0.0228561
-0.372245
0.182286
0.0190476
1.8772
-1.47772
-1.70572
-0.00792438
-0.163983
0.0423197
0.142229
0.0494873
0.196775
-0.10906
-0.394099
0.323874
0.236622
0.616709
-0.662818
-1.53312
0.214682
-0.0767138
-0.0182427
0.213901
0.232977
0.224774
0.204585
-0.166344
-0.281259
-0.00356169
1.6346
1.53771
-0.329552
2.62098
0.118417
-0.266655
-0.131997
-0.199211
0.0136577
0.0224278
-1.60773
0.0105104
1.46196
2.71254
1.14582
0.110728
-0.097253
-0.01714
-0.0354322
-0.0083993
0.0478932
0.180782
0.0249694
0.175275
0.167428
1.35188
2.268
-0.163128
-2.84853
0.102394
0.0470707
-0.037791
0.0564877
-0.0867002
-0.66534
-2.90401
1.2791
-2.56694
-0.090381
0.0782622
-0.0820616
-0.143638
-0.0358324
0.113824
0.000676979
0.184594
-0.0981988
-0.00261871
-0.0178215
1.76113
-0.72121
1.77306
-0.0729975
-0.14686
0.252627
0.0431988
0.267884
-0.0467049
0.130572
-0.0561376
0.26548
1.04766
0.0221926
0.704401
-0.284987
-0.00258185
0.0467131
0.161159
0.0579119
0.0820037
-0.00331249
-0.145061
-0.166154
0.518198
-1.90809
2.84537
-0.265085
-1.33057
0.922456
-0.0066387
-0.351537
-0.120159
0.205581
0.00296917
-0.249352
0.00841013
0.781804
-1.62656
-0.16008
0.0594964
-0.00845646
-0.0528708
0.0159155
0.00873987
-0.0200573
0.332763
0.0234963
-0.26424
-0.342651
-0.00141671
-0.786298
-0.125735
-0.769369
0.214587
0.79644
0.107782
-0.0189149
-0.482202
-0.0264638
-0.0610645
0.0725396
-0.737803
-2.19528
2.00499
-1.18591
-0.748015
-2.5913
-0.468814
-0.250527
0.0158362
-0.608377
0.390436
1.71818
1.18316
1.8589
0.858352
-0.00868851
0.782134
0.0194911
-2.78576
0.0336876
0.0502095
0.161741
-0.46934
0.129733
0.578865
-0.0278755
1.96727
2.87113
-0.114136
0.251378
-0.0184973
-0.0491605
-0.597302
0.392488
-0.207575
-0.350828
-0.818714
0.00389512
2.52208
0.319016
0.172611
-0.0336302
-0.0897727
-0.112474
0.323087
-0.739244
0.299674
0.00610108
-0.298476
-0.107456
2.93825
1.1149
-0.791224
-1.99269
-0.528552
2.51527
0.311889
0.141573
0.753412
0.0755941
-0.194915
0.0498281
0.548984
-1.0718
0.156236
1.70312
-1.22702
-0.645275
0.979001
0.0384668
-0.100105
0.527225
-0.00719514
-0.21453
-0.837991
1.10189
-2.34912
2.50443
1.34195
0.11194
1.06392
-0.263732
0.196567
-0.0103178
0.0356374
-0.0868894
-0.000708595
0.0159366
-0.0936416
-2.72246
0.19603
-0.212586
0.0604549
-0.525284
0.195689
-0.13999
0.0262723
-0.173056
-2.74976
-0.303423
-0.0923833
1.83845
-0.681784
1.05431
0.0131173
-0.0138111
-0.0047922
-0.112448
0.149174
0.374297
0.0166939
2.89587
0.0155698
-2.39607
1.02331
2.04412
0.0445308
-0.0998276
0.08705
0.0404469
-0.216387
-0.0246393
0.0579403
1.70665
1.95793
-1.76841
-0.0775305
0.0451271
0.0406374
0.0352387
0.314271
0.193292
-0.0413017
-0.290074
-1.34234
-0.0013613
0.0400217
-0.191595
-0.554726
-1.50666
1.7006
-0.369996
-0.261647
0.237293
-0.273179
0.351633
0.887693
-1.60759
-0.566004
-3.34343
1.41784
1.12082
1.43374
-2.04264
-1.26757
0.17058
-0.0168469
-1.09111
-0.653818
-0.0378291
-0.0021771
0.189133
-0.0613115
0.178631
-2.00064
1.23124
2.54609
-0.635557
-0.845508
0.189285
-0.178648
0.0393861
-0.505668
0.0110119
-1.63446
-0.512795
-3.77179
-0.41899
-0.00649086
0.265478
0.214883
-0.263879
-0.437813
-1.27822
0.00450069
0.0226212
-0.00168921
0.256938
-0.596345
-1.08119
-1.99554
-1.15765
1.13178
-0.393679
0.463602
0.0927499
0.836721
-0.738303
-0.218856
-0.000845023
-0.747878
0.805366
2.59676
0.587613
-0.332512
0.464374
-1.56041
0.402383
-0.450229
0.00954578
0.072615
-3.52447
3.22034
-2.75724
-1.1866
0.453126
1.06909
-1.24412
2.19741
0.10986
0.147741
-0.0680347
-0.331119
-0.56685
-0.00912683
2.1748
-1.30236
0.300627
0.392462
0.592738
-0.552992
0.210644
0.477622
-0.00151868
0.0227609
-0.0859935
0.36977
-0.314073
-0.462802
0.619882
0.188898
-0.589216
-0.497952
0.604727
-0.366947
-0.0208382
-0.920212
0.449851
0.00946035
-0.120359
-0.764844
-2.81718
3.24215
1.14671
-0.0198641
-0.327069
0.428033
-0.192314
-0.00421425
0.0428529
-0.0761649
-0.0512438
-1.55808
-2.05366
1.96069
3.13474
-1.57976
0.564108
0.43886
-0.10455
-0.0508007
-1.03325
0.105453
-0.355004
-0.563284
-1.0354
-0.991475
-2.17394
-1.29459
0.293277
-0.189688
0.614519
0.00175821
0.0218584
0.221958
-0.346536
0.248751
1.0577
1.68196
-0.331024
-0.114199
0.422269
-0.598022
0.136042
-0.0938227
0.791952
-0.415773
-0.101809
-0.217399
0.54874
0.000798805
-1.30792
2.86778
-0.663462
0.615287
0.261576
0.421442
0.100122
-0.143525
0.129508
0.0842339
0.0620171
-0.433051
-2.75611
-2.39406
1.80645
-0.854251
-0.310729
0.0740907
-0.0580996
0.821646
-0.0537348
-1.39934
0.351336
0.567664
1.41994
1.07672
1.63226
-0.0690912
-1.23267
-1.66425
-0.000383109
0.0349114
-0.431042
-0.774954
-1.55482
-0.325283
-0.282707
1.1505
-0.976384
-1.10582
0.527602
-2.88928
-0.149102
-0.260049
1.14007
0.0461545
0.583571
1.01915
0.305146
-0.402419
-0.00226633
0.158541
-4.24034
1.58745
-0.322717
2.82909
-0.0500128
0.858724
0.571606
-0.587607
0.31707
-0.986217
-0.269599
-0.486422
4.91401
0.438431
-0.0196801
-0.166209
-0.104719
-0.0362499
0.774319
1.41408
-0.79616
0.835049
0.707562
3.05827
-0.0556489
2.08079
0.386029
-0.00178127
-0.454023
-0.161178
0.498875
0.583772
-0.204628
0.243091
0.316685
-0.237852
-2.72731
0.0495597
0.0407614
-0.0880748
0.0520585
0.299264
-0.00686082
0.698721
-0.076033
0.34377
0.201702
0.057721
-1.22531
0.478864
-0.0209024
-0.00821274
0.00328865
0.0776257
-0.325894
0.0694464
0.0333953
0.237099
0.19433
0.413898
-2.96488
2.52555
-1.79802
-2.59768
-0.0205072
0.13475
0.0321013
-0.256151
0.42088
-0.0257669
-0.400725
0.157826
-0.0539265
0.00286765
1.98224
0.481866
-6.70604e-05
2.40482
-0.0100097
-0.230661
-0.0798442
0.102163
0.0250519
-0.1385
0.177798
-0.214397
-0.0676913
0.103051
-0.0538672
0.129089
-0.177328
-0.00765749
0.127487
0.313614
0.0234261
-0.0882038
0.0261032
-0.857303
0.0859222
-1.27801
-2.48442
0.639764
2.309
-0.0993539
0.0211312
0.177715
0.212367
-0.0496287
-0.0940335
0.0486311
0.50227
1.90331
-1.58677
-0.0619668
0.0101152
0.0125415
0.0732186
-0.331305
0.0746302
0.0740231
-0.0164753
1.07602
-0.000228141
-0.00695974
-0.015358
-0.00143035
0.0517821
2.28219
-0.125894
0.210333
0.163151
0.118771
-0.269954
0.290368
-0.261562
-1.78954
-0.175043
0.245844
2.97908
-0.249386
-0.00280396
0.242961
0.0936101
0.118062
-0.0959704
-0.00758973
0.0676993
1.49788
1.20173
0.682774
0.00312896
0.690252
-0.0581127
-0.0597014
0.0383199
-0.00097729
-0.202667
0.28393
0.041664
-1.1787
-0.00047812
-0.322002
-2.94111
2.06011
0.790225
-0.0162691
-0.178041
-0.0462999
0.0483639
0.10689
-1.05486
-0.128925
-1.14534
-0.386988
0.000220073
0.0248016
0.0649241
-1.24295
0.473564
0.423197
0.0230274
-0.405103
0.214223
-0.150734
-0.181227
0.229478
-0.0536682
-0.37857
-0.248307
-1.0259
0.118832
-0.171255
0.0815253
-0.269564
0.211114
-0.516076
-0.116222
0.110791
0.211074
2.13053
-1.81213
-0.286625
-0.0287135
-0.0193575
-0.0903686
-0.252955
-0.497299
0.170311
-0.305696
-3.21126
0.957853
-1.25873
0.0690679
-0.00291739
-0.0404836
0.0501801
0.139552
0.0570213
0.290956
0.280065
-0.0078075
0.0248271
0.360555
-0.00115819
0.036231
-0.100846
0.0575195
2.29157
0.23403
0.0713473
-0.256008
0.0222164
-0.0490465
-0.0448943
-0.267074
-0.0452388
0.876819
1.11929
-0.000527422
-1.72733
-0.257745
0.142285
-0.0995579
-0.00904794
0.194774
0.409985
0.115961
-2.21933
-2.52169
0.239114
-0.294186
0.0775895
-0.059232
-0.0181692
-0.00736106
0.069502
0.054273
-0.264104
0.00284631
-2.35581
0.00313063
-0.841293
1.52442
0.059031
-0.0772918
0.0151887
-0.00963597
0.0884783
0.202079
-0.119961
0.216286
0.336988
-0.00141152
0.0332133
2.65862
0.0855361
-1.67996
0.293849
0.00304005
-0.00448659
-0.134067
-0.302419
-0.102921
0.0280054
-2.62778
-0.0318381
-0.267271
-0.0744775
-0.174758
-0.30077
-0.0770752
0.32752
0.202887
0.299652
0.229801
0.860478
0.0867024
-0.013676
-0.211297
-1.25192
-0.176869
0.0185591
1.64082
-0.00355802
-0.250424
-0.165219
0.261186
-0.00400796
0.223288
-2.57442
1.86149
1.42173
0.366104
0.183465
-0.0855844
-0.169412
0.0748668
-0.311292
-0.372073
0.0224624
-0.955332
-0.00149822
0.0103791
0.181235
0.69029
0.18082
-0.722344
-0.0967832
-0.513866
-0.119431
0.103375
0.0580252
0.183751
-0.724515
-0.685465
0.645461
-1.58643
-2.47759
-2.85163
-0.235998
-0.0927711
0.0049294
-0.313498
-0.572218
-1.14611
0.0622532
0.0868054
0.521052
-2.10231
2.13165
-0.978507
-3.04841
-1.65795
-0.189248
0.391452
-1.07213
-0.12652
-0.690091
0.125434
0.0299381
0.111699
-1.11832
1.09734
0.65697
-0.271784
0.675514
0.706692
-0.0680069
0.19562
0.518794
0.000720772
0.00752035
0.367592
0.116572
-0.244295
-0.435482
-0.510418
-0.015014
0.207715
0.239832
0.0231934
-0.303157
-0.435008
-0.00673817
0.38821
-0.0311601
-0.84742
-0.368668
0.350815
0.0446666
0.0471444
0.112204
-0.196658
-0.824691
0.0534434
0.10511
-0.303275
0.322826
-1.44287
1.70227
0.45011
-0.268757
-2.0558
-0.155543
-0.660176
0.151679
0.154194
-0.209301
0.478038
0.117135
-0.44779
0.81309
-0.873075
-0.0768447
0.379895
-0.320499
0.135367
-0.109862
-0.334151
0.000720829
0.0225023
-0.0339194
0.252403
-0.0844682
-0.559277
0.0470106
-0.318121
0.612136
0.210418
0.0881803
0.0689575
-0.570169
0.496867
-0.539635
-0.0758085
0.194329
0.570939
0.202199
-0.159051
0.155422
0.0623798
-0.24214
0.111961
0.159101
0.0231901
-0.133385
1.16984
-2.17128
-0.0144589
-0.0623967
-1.72894
-1.16089
0.613795
0.740437
0.357707
0.125587
-0.186598
0.527989
-2.53562
-0.0150487
-1.45411
-1.5844
-1.73203
-1.14204
0.641934
-0.0031114
-0.37244
0.451384
0.0015543
0.0107397
0.339163
-0.0985079
-1.03774
-0.396893
-0.343047
0.224397
-0.24296
0.305645
-0.0591794
-0.42567
-0.51043
0.0833776
0.266014
-2.71415
2.00764
0.193087
0.929101
-0.237873
-0.0174208
0.425209
0.0245511
0.454423
0.130701
0.111086
-0.367242
-0.129111
0.42078
0.336313
-0.541235
-0.332316
0.552502
0.479384
0.0605179
0.156713
0.127935
-0.129359
0.636655
-0.109868
-0.146212
0.134103
2.6752
1.5383
-0.637749
0.0408865
-0.122743
-0.490408
-1.27497
-0.000917629
0.0197977
-0.319333
0.290187
-0.255109
-0.768246
0.0865859
0.267421
-0.478105
0.148342
0.120111
0.114804
-0.51721
-0.260493
0.931429
-0.0171309
0.195436
0.494393
-0.111294
-0.555607
0.0601693
0.343605
-0.707967
2.04047
0.0515361
0.013086
-0.14112
0.843072
-0.166113
-0.436742
-0.36411
-0.398851
1.05477
0.684265
1.85546
0.0422171
-0.243891
-0.108259
0.1458
0.223416
0.225964
-1.19347
0.180517
2.14776
1.83628
-0.145267
0.0195993
-0.149626
-0.111092
0.0479384
0.215144
-0.115705
-0.438336
0.157325
-0.0141793
0.126765
-0.142405
0.34836
0.00658694
-0.164302
-0.0339905
-0.106654
-0.0221341
-0.423456
0.0839613
0.169179
-0.0295967
-0.0738381
-0.0650279
-0.330449
0.13878
2.76075
0.341984
0.0654567
0.0526613
0.0267138
-0.080982
-0.132852
-0.0237715
-0.243434
-0.0224296
-0.0670966
0.441619
0.000908386
0.516455
0.00340126
1.94985
-0.037672
0.0909437
-0.188816
-0.0472023
-0.0961276
-0.0641215
0.109253
-0.47603
-0.851475
-1.60278
-1.2226
-0.650922
-1.24206
-0.76333
1.29349
-2.88449
-0.683893
-1.03141
0.344259
-6.59053
-0.52135
-0.959634
-0.91017
-0.485654
-0.512719
-0.959788
-0.720755
-0.477016
-0.146632
0.674908
-0.230097
-0.206987
-2.26126
2.4055
0.122849
-5.95121
-0.660502
-0.65737
0.377269
2.89376
-2.07948
-1.61983
-0.642938
-1.40686
0.248091
-0.527122
-0.424437
-0.218557
-3.71272
-0.337629
-2.90683
-0.710904
0.751085
-1.01673
-0.529887
-0.633608
-1.26903
0.272992
-1.93539
1.4963
-0.808005
0.66065
0.129997
0.20911
-0.870879
0.567761
-0.653532
-1.78391
-3.85754
-0.73566
-1.75051
-0.292516
0.537201
-2.01862
0.729614
0.840935
-2.59271
4.7964
1.69847
-2.24795
-0.109131
-0.203097
-0.04566
-0.193603
2.52124
-2.29951
-2.87851
2.3756
4.99264
-0.758021
-0.0188647
-5.02928
-0.258424
0.0437888
-0.877227
-0.206522
-0.687108
1.40919
1.19953
-2.78525
-0.578536
-1.30328
-0.893688
-0.46427
2.5935
1.81619
4.17463
-4.48501
4.54247
-5.77137
7.11407
-8.33431
-2.69261
-3.32421
-6.11162
8.9319
0.0196507
-1.4601
-0.867217
0.0231636
-0.536149
-1.03805
-0.924864
-0.457661
-0.419858
-0.767512
-0.512522
0.515848
-1.36769
-0.209475
-0.678877
2.19787
-2.71682
-0.839206
-0.48972
1.56548
1.74081
0.362398
0.119745
0.055032
-2.40749
-1.12327
-0.770618
-1.89484
-1.74352
1.70382
-1.11964
-2.72959
-0.678239
0.442557
0.876384
-1.89261
0.239878
-2.13444
-0.0175411
-1.52192
-2.3447
-1.17811
-3.96068
4.86072
-0.0959228
0.148261
0.094358
-0.721334
1.57833
-0.125908
-0.331811
-0.00465555
0.117443
-0.445617
-0.26041
-0.0554552
-0.908296
-2.35256
-2.50655
0.467751
-0.395203
-0.32057
-2.08884
-0.585259
-0.797275
-5.4942
-2.90374
-5.65632
-3.08164
2.461
3.30562
3.61412
2.77167
3.825
2.16809
4.07675
0.797139
-1.98221
-3.0309
1.23037
3.51278
4.04731
4.19651
4.06711
0.0231787
-1.6266
-2.65552
1.12077
-0.637585
-1.19087
-0.953951
-0.728647
