[125, 36, 36, 4]
0.0
0.0
0.0
0.0
0.0
0.0
0.0
0.0
0.0
0.0
0.0
0.0
0.0
0.0
0.0
0.0
0.0
0.0
0.0
0.0
0.0
0.0
0.0
0.0
0.0
0.0
0.0
0.0
0.0
0.0
0.0
0.0
0.0
0.0
0.0
0.0
-1.75605
0.0
0.0
0.0
0.0
0.0
0.0
0.0
0.0
-0.143056
0.0
0.0
0.0
0.0
0.0
0.0
0.0
0.0
0.0
0.0
0.0
0.0
-0.544048
0.0
0.0
0.0
0.0
0.0
0.0
0.0
0.0
0.0
0.0
0.0
0.0
0.0
0.0
-0.685512
-1.72982
0.0
0.0
0.0
0.0
0.0
0.0
0.0
0.0
0.0
0.0
0.0
0.0
0.0
0.0
0.0
0.0
0.0
0.0
0.0
0.0
0.0
0.0
0.0
0.0
0.0
0.0
0.0
0.0
0.0
0.0
0.0
0.0
0.0
0.0
0.0
0.0
-0.10116
0.0
0.0
0.0
0.0
0.0
0.0
0.0194412
-1.19239
0.0
-0.865369
0.0
0.0
0.0
0.0
0.0
0.639403
0.0
0.0
0.0
0.0
0.0
0.0
0.0
0.0
0.0
0.0
0.0
0.0
0.0
0.0
0.0
0.0
0.0
0.0
0.0
0.0
0.0
-1.07727
0.0
0.0
0.0
0.0
0.0
0.0
-1.14906
0.0
0.0
0.0
0.0
0.0
0.0
0.0
0.0
0.0
0.0
0.0
1.1344
0.0
0.0
0.0
0.0
0.0
0.705233
0.0
0.0
0.0
0.0
0.0
-0.02826
-0.112537
0.0603337
0.0258874
-0.021434
0.224327
-0.086141
-0.065579
0.172889
0.0937938
0.0191002
0.209692
-0.375369
0.0148714
2.00346
0.0252191
0.0310377
-0.211516
0.000789216
-0.0779872
-0.521465
-0.0299251
-0.0551108
-0.0107939
-0.489739
0.00214148
-0.0216702
0.0988196
0.0197567
-0.11779
-0.322848
0.00317375
0.0696786
-0.0850986
0.204519
0.274482
0.0
0.0286964
0.0
0.0
0.0
0.33384
0.0
0.0
0.0
0.0
0.0
0.0
0.0
0.0
0.0
0.0
0.0
0.0
-1.56453
0.0
1.56681
0.0
0.0
0.0
0.0
0.0
0.0
0.0
0.0
0.0
-0.0466999
0.0
0.0
0.331786
0.0
0.0
0.0
0.0
0.0
0.0
0.0
0.0
0.0
0.0
0.0
0.0
0.0
0.0
0.0
0.0
0.0
0.0
0.0
0.542849
0.0
0.0
0.0
0.0
0.0
0.0
0.0
0.0
0.0
0.0
0.0
0.0
0.0
0.0
0.0
0.0
0.0
0.0
0.0
0.0
0.0
0.582601
0.0
0.0
0.0
0.0
0.0
0.0
0.0
0.0
0.0
0.0
0.0
0.0
0.0
0.0
0.884287
0.0
0.0
0.0
0.0
-1.95025
0.0
0.0
0.0
0.0
0.0
0.0
0.0
0.0
0.0
0.0
0.0
0.0
-0.732227
0.0
0.0
0.0
0.0
0.0
0.0
0.0
0.0
0.0
0.0
0.0
0.0
0.0
0.0
0.0
0.0
0.0
0.0
0.0
0.0
0.0
0.0
0.0
0.0
0.0
0.0
0.0
0.0
0.0
0.0
0.0
1.92799
0.0
0.0
1.5214
0.0
0.0
0.0
0.0
0.0
0.0
0.0
0.0
0.0
0.0
0.0
0.0
0.0
-0.172243
0.0
0.0
0.0
0.0
0.0
0.0
0.0
0.0
-0.203822
1.04541
0.0
0.0
0.0
0.0
0.0
0.0
0.0
0.0
0.0
0.205908
0.0
2.53225
-0.618173
0.0
0.0
0.0
0.0
0.0
0.0
0.134491
-0.747401
0.0
0.0
0.0
0.754286
0.0
0.0
0.0
0.0
0.0
-1.14635
0.0
0.0
0.0
0.0
0.0
0.0
0.0
0.0
0.0
0.0
0.0
0.0
0.0
0.0
-0.601522
0.0
0.0
0.0
0.0
0.0
0.0
0.817412
0.0
0.0
0.0
0.0
1.2871
0.0
0.0
0.0
0.0
0.0
-1.36949
0.909313
0.0
0.0
0.0
0.0
0.0
0.0
0.0
0.0
0.0
0.0
0.0
0.0
0.0
0.0
0.0
0.0
0.0
0.0
0.0
0.0
0.0
0.0
0.0
0.0
0.0
0.927742
0.0
0.0
0.0
0.0
0.0
0.0
0.0
0.0
0.0
0.0
0.0
-1.27434
-0.424634
0.27813
0.0
0.0
0.0
0.0
0.0
0.0
0.0
0.0
0.0
0.0
0.0
0.0
0.0
0.0
0.0
0.0
0.0
0.0
0.0
0.0
0.0
0.0
0.0
-0.43217
1.54001
0.0
0.0
0.0
0.0
0.0
0.0
0.0
0.0
0.0
0.0
0.0
0.0
-1.2322
0.0
0.0
0.0
0.211762
0.0
0.0
0.0
0.0
0.0
0.0
0.0
0.0
0.0
0.0
0.0
0.0
0.0
0.0
0.0
0.0
1.69384
0.0
-0.1214
0.0
0.0
0.0
0.0
0.68837
0.0
0.0
1.66806
0.0
0.0
0.0
0.0
0.0
0.0
0.0
0.0
0.0
0.0
0.0
0.0
0.0
0.0
0.0
0.0
0.0
0.0
0.0
0.0
0.0
0.0
0.0
0.0
0.0
-0.00790288
0.0
0.0
0.0
0.0
0.0
0.0
0.0
0.0
0.0
0.0
0.0
0.0
0.0
0.0
0.0
-2.21598
0.0
0.0
0.0
0.0
0.0
0.0
0.0
0.0
0.0
1.24792
0.0
0.0
0.0
0.498537
0.0
1.04294
0.0
0.0
0.0
0.0
0.0
0.0
0.0
1.60753
0.185893
0.0
0.0
0.0
0.0
0.0
0.0
0.0
0.0
0.0166726
0.200643
0.0
0.0
0.0
0.0
-1.15954
0.0
0.0
0.0
0.0
0.0
0.0
0.0
0.0
0.0
0.0
0.0
0.0
-1.70534
-1.32024
0.0
0.102667
0.0
1.60182
0.0
0.0
0.0
0.0
0.0
0.0
0.0
0.0
1.21898
0.0
0.0
0.0
0.0
0.0
-0.505301
0.0
0.0
0.0
0.0
0.0
0.0
0.0
0.0
0.0
0.0
0.0
0.50964
0.0
0.0
0.0
0.0
0.0
0.0
0.0
2.82721
0.0
0.0
0.0
0.0
0.0
0.0
0.0
0.0
0.0
0.0
0.0
0.0
0.0
0.0
0.0
0.0
-0.511465
0.0
0.0
0.0
0.0
0.0
0.913372
0.0
0.0
0.0
0.0
0.0
0.0
0.0
0.0
0.0
0.0
1.07793
0.0
0.0
0.0
0.0
1.13323
0.0
0.0
0.0
0.0
0.0
0.0
0.0
0.0
0.0
0.0
0.0
-1.46195
0.0
0.0
0.0
0.0
0.0
-1.71605
0.0
0.0
0.0
0.0
0.0
0.0
0.0
0.0362026
0.0
0.0
0.0
0.0
0.0
0.0
0.0
0.0
0.0
0.0
0.0
1.69508
0.0
0.0
0.0
0.0
0.0
0.0
0.0
0.0
0.0
0.0
0.0
0.0
0.0
0.0
0.0
0.0
0.0
0.0
0.0
0.0
1.05899
0.0
0.0
0.0
0.0
0.0
0.0
0.0
0.0
0.0
0.0
0.0
0.0
0.0
0.0
0.0
0.260194
-1.80529
0.0
0.0
1.6117
0.0
0.0
0.0
0.0
0.0
0.0
0.0
0.0
0.0
1.09588
0.0
1.21022
-0.966197
0.0
0.0
0.0
0.0
0.0
0.0
0.0
0.0
0.0
0.0
0.0
0.0
0.0
0.0
0.0
0.0
0.0
0.0
0.0
0.0
0.0
0.0
0.0
0.0
0.0
-0.1523
0.0
0.0
0.0
0.0
0.0
0.0
0.0
0.0
0.0
0.0
0.0
0.0
0.0
0.0
0.0
0.0
0.0
0.0
0.0
0.0
0.0
0.0
0.0
0.0
0.0
0.0
0.967095
0.0
0.0
0.0
0.0
0.0
0.0
0.0
0.0
0.690637
0.0
0.0
0.0
1.4321
0.0
0.0
0.0
0.0
0.0
0.0
0.0
-0.272121
0.0
0.0
0.0
0.0
0.0
0.0
0.0
0.0
0.0
0.0
0.0
0.0
-0.657898
0.0
0.0
0.0
0.0
0.0
0.158237
0.0
0.0
0.0
0.0
0.0
0.0
0.623522
0.0
0.0
0.0
0.0
0.0
0.0
0.0
0.0
0.0
0.0
0.00463699
0.0
0.0
0.0
0.0
0.0
0.0
0.279829
0.0
0.0
0.0
0.0
0.0
-1.92617
0.0
0.0
0.0
0.0
0.0
0.0
0.0
0.0
0.0
-1.52414
-1.61313
-1.3851
0.0
0.0
0.0
0.639591
0.0
0.0
-0.252325
0.0
0.0
0.0
0.0
0.0
0.0
0.0
0.0
0.591289
-0.90603
0.0
0.0
0.0
0.0
0.0
0.0
0.0
0.0
0.0
0.0
0.0
0.0
0.0
0.0
0.0
1.99727
0.0
0.0
0.0
0.0
0.0
0.0
0.0
0.0
0.0
0.0
0.0
0.0
0.0
0.0
0.0
0.0
0.0
0.0
0.0
-1.91952
0.0
0.0
0.0
0.0
0.0
0.0
0.0
0.0
0.0
0.0
0.0
0.0
0.0
0.0
0.0
0.0
0.0
0.0
0.0
0.0
0.0
0.0
0.0
0.0
0.0
-2.67333
0.0
0.0
0.0
0.0
0.0
0.0
0.0
0.0
0.0
0.0
0.0
0.0
0.0
0.0
2.01521
0.0
0.0
0.0
0.0
0.0
0.0
0.0
-0.538197
0.0
0.0
0.0
0.0
0.0
0.0
0.0
0.0
0.0
0.0
0.0
0.0
0.0
0.0
0.0
0.0
1.64238
0.0
0.0
0.0
0.0
0.0
0.0
0.0
-0.722121
-0.578929
0.0
0.0
0.0
0.0
0.0
0.0
0.0
-0.382983
0.0
0.0
0.0
0.0
0.0
0.580858
0.0
0.0
0.0
0.0
0.0
0.0
-0.547304
0.0
0.0
0.0
0.0
0.0
0.0
-0.960833
0.0
0.0
0.0
0.0
0.0
0.0
0.0
0.0
-0.384935
0.0
0.0
0.0
0.0
0.0
0.0
0.499758
0.0
0.0
0.0
0.0
0.893275
0.0
0.0
0.0
0.0
0.0
0.0
0.0
0.0
0.0
0.0
0.0
0.0
0.0
1.06312
0.0
0.0
0.0
0.0
0.0
0.0
0.0
0.0
0.0
0.0
0.0
0.0
0.0
0.0
0.0
0.0
0.0
3.05336
0.0
0.0
0.264078
-0.616829
0.0
0.0
0.0
0.0
0.0
0.0
0.0
0.0197536
0.0
-0.707066
0.0
0.0
0.0
0.0
0.0
0.0
0.0
0.0
0.0
0.0
0.0
0.543059
0.0
0.0
0.0
0.0
0.0
0.0
0.0
0.0
0.0
0.0
0.0
1.46356
0.0
0.0
0.0
0.493817
0.0
0.0
0.0
0.0
0.0
-0.843558
0.0
0.0
0.0
0.0
0.0
0.0
0.0
0.0
0.0
0.75127
0.0
0.0
0.0
0.774245
0.0
0.0
0.0
0.0
0.0
0.0
0.0
0.0
0.0
0.0
0.0
0.0
0.0
0.0
0.0
0.0
0.0
0.0
-0.631628
0.0
0.0
0.0
-1.16601
0.0
0.0
0.0
0.0
0.0
0.0
0.0
-1.01342
0.0
0.0
-1.89332
0.0
0.0
0.0
0.0
0.0
0.0
0.454749
0.0
0.0
0.300722
0.0
-1.46226
0.0
0.0
0.0
0.0
0.0
0.0
0.0
0.0
0.0
0.0
0.827817
0.0
0.0
0.0
0.0
0.0
0.0
-0.191258
0.0
0.0
0.0
0.0
0.0
0.0
0.0
0.0
0.0
0.0
0.0
0.0
0.0
0.0
0.0
0.0
0.0
0.0
0.0
0.0
0.0
0.0
0.0
0.0
0.0
0.0
0.0
0.0
1.09265
0.0
0.0
0.0
0.0
0.233152
0.0
0.0
0.0
0.0
0.0
0.0
0.0
0.0
0.0
0.0
0.0
-0.41045
0.0
0.0
0.0
0.0
0.0
0.0
0.0
0.0
0.0
0.0
0.0
-1.98688
0.0
0.0
0.0
0.0
0.0
0.0
-0.963873
0.0
0.0
0.0
0.0
2.50358
0.0
0.0
0.0
0.0
0.0
0.0
0.0
0.0
0.0
-0.101701
0.0
-1.21569
0.0
0.0
0.0
0.0
0.0
0.0
2.6696
0.0
0.0
1.00552
0.0
0.0
0.0
0.0
0.0
0.0
0.0
0.0
0.0
0.0
0.0
0.0
0.0
0.0
0.0
0.781021
0.0
0.0
0.0
0.0
0.0
0.0
0.0
0.0
-0.137848
0.0
0.0
0.0
0.0
0.0
0.0
0.0
0.0
0.0
0.0
0.0
0.0
0.0
0.0
-0.311596
0.0
0.0
0.0
0.0
0.0
0.0
0.0
0.0
0.0
0.0
0.0
0.0
0.0
0.0
0.0
0.0
0.0
0.0
0.0
0.0
0.0
0.0
0.0
0.0
0.0
0.0
0.644751
0.0
0.0
0.0
0.0
0.0
0.0
0.0
0.0
0.0
0.0
0.0
0.0
0.0
0.0
0.0
-1.0537
0.0
0.0
0.0
0.0
0.0
0.0
0.326888
0.0
0.0
0.0
0.0
0.0
0.0
0.0
0.0
0.0
0.0
0.0
0.0
0.0
0.0
0.0
0.0
-0.162068
0.0
0.0
0.0
0.0
0.0
-0.529485
0.0
0.0
0.0
0.0
0.0
0.0
0.0
0.0
0.0
0.0
0.0
0.0
0.891536
0.0
0.0
0.0
0.0
0.0
0.0
0.0
0.0
0.0
0.0
0.0
0.0
0.0
1.4268
0.0
0.0
0.0
0.0
0.0
0.0
0.0
0.0
0.0
0.0
0.0
0.0
0.0
0.0
0.0
0.0
0.0
0.0
0.0
0.0
0.0
0.0
0.0
0.0
0.0
0.0
0.0
0.0
-0.538914
0.0
-0.119844
0.0
0.0
0.0
-0.509723
0.0
0.0
0.0
-0.434859
0.0
0.0
0.0
-0.0505236
0.0
0.0
0.0
1.47539
0.0
0.0
0.0
0.0
0.0
0.0
0.0
0.0
0.0
0.0
0.0
0.0
0.0
0.0
0.0
0.0
0.0
0.0
0.0
0.0
0.0
0.0
0.0
0.0
0.0
0.0
0.0
0.0
0.0
0.0
0.0
0.0
0.0
0.0
0.0
0.0
-0.946289
0.0
-1.17052
0.0
0.0
0.0
0.0
0.0
0.0
0.0
0.0
0.0
0.0
0.0
-1.14782
0.0
0.0
0.852333
0.0
0.0
-1.10098
0.0
0.0
0.0
0.0
0.0
-0.681703
0.0
0.0
0.0
0.0
0.0
0.0
0.0
0.0
0.0
0.0
0.0
0.0
0.0
0.0
0.0
0.0
0.0
0.0
-0.78304
0.0
0.0
0.0
-1.58144
0.0
0.0
0.0
0.0
0.0
0.707033
0.0
0.0
0.0
0.0
0.0
0.0
0.0
0.0
0.0
0.0
0.0
0.0
0.0
0.0
0.0
0.0
0.0
0.0
0.462963
0.0
0.0
-0.736883
0.0
0.0
0.0
0.0
0.0
0.0
0.0
0.0
0.0
0.0
0.0
0.0
0.0
0.0
0.0
0.0
0.0
0.0
0.0
0.0
0.0
-0.335113
0.0
0.0
0.0
0.0
0.0
0.0
0.0
0.0
0.0
0.0
0.0
-1.00832
0.0
0.0
0.0
0.0
0.0
0.918975
-0.878095
0.0
0.47325
0.0
0.0
-1.64336
0.0
0.0
0.0
0.0
0.0
0.0
0.0
0.0
0.0
0.0
0.0
0.0
0.0
0.0
0.0
0.0
0.0
0.0
0.0
0.0
0.0
0.0
0.0
0.0
0.0
0.0
0.0
0.0
-0.247515
0.0
0.0
0.0
0.0
0.0
0.0
0.0
0.0
0.0
-0.737408
0.0
0.0
0.0
0.0
0.0
0.0
-0.747627
0.0
0.0
0.0
0.0
0.0
-0.910449
0.0
1.17388
0.0
0.0
0.0
0.0
0.0
0.0
0.0
0.0
0.0
0.0
0.0
0.0
0.0
0.0
0.0
0.780843
0.0428153
0.631687
0.0
0.0
0.0
0.0
0.0
0.0
0.0
0.0
0.0
0.0
-0.00923225
0.0
0.0
0.0
0.0
0.0
0.0
0.0
0.880366
0.0
0.0
0.0
-1.38807
0.0
0.0
0.0195442
0.0
0.719742
0.0
-0.254181
0.0
0.918466
0.0
0.0
0.0
0.0
0.0
0.0
0.0
0.0
0.0
0.0
0.48639
0.0
0.0
1.93752
0.0
0.0
0.0
0.0
0.0
-0.437338
0.0
1.21954
0.0
0.0
0.0
0.0
0.0
0.0
0.0
0.0
0.0
0.0
0.0
0.0
0.0
0.0
0.0
0.0
0.0
0.0
-0.515955
0.0
0.0
0.0
0.0
0.0
0.0
0.946935
0.0
0.0
0.0
0.856029
0.0
0.408181
0.0
0.0
0.0
0.0
0.0
0.794558
0.0
0.0
0.0
0.0
0.0
0.0
0.0
0.0
0.0
0.0
0.0
0.0
0.0
-0.281126
0.0
0.0
0.0
0.0
0.0
0.0
-0.395433
0.0
0.0
-0.905258
0.0
0.0
0.0
0.0
0.0
0.0
0.0
-0.500697
0.0
0.0
0.0
0.0
0.853535
0.0
-0.159658
1.28787
0.0
0.0
0.0
0.0
0.203819
0.300929
0.0
0.0
0.0
0.0
0.0
0.0
0.0
0.0
0.0
0.0
0.0
0.0
0.0
0.0
0.0
0.0
0.0
0.0
0.0
0.0
0.0
0.0
0.0
0.0
0.0
0.0
0.0
0.0
0.0
0.0
0.0
0.0
0.0
0.0
0.0
0.0
0.00335436
-0.167121
0.015329
-0.0230533
0.00621535
1.58608
0.0741179
0.897161
0.378699
-0.0701311
0.0241169
-0.254381
-0.332385
0.0727747
0.0184218
0.01165
0.0305346
-0.0402351
0.0510727
0.0411817
-0.335317
0.0448714
0.143542
0.274883
0.260782
0.0578175
-0.479099
-0.00217742
0.00969343
-0.047298
-0.0905938
-4.20862e-05
0.00257914
0.0353333
-0.111203
-0.186865
-0.331512
0.0
-0.113557
0.0
-2.53587
0.0
-1.32162
0.0
0.0
0.0
0.0
0.0
0.0
0.0
-0.772992
0.0
0.0
-0.0942281
0.0
0.0
0.713375
0.0
0.0
0.0
0.0
0.0
0.403751
0.0
0.0
-0.619752
0.0
0.861709
0.0
0.0
0.0
0.0
0.0
0.0
0.0
0.0
0.0
0.0
0.0
0.0
0.0
0.0
0.0
0.0
0.0
0.0
0.0
0.0
0.0
0.0
0.0
0.0
0.0
0.0
0.0
1.65812
0.0
-0.940036
-0.710415
1.19381
0.0
0.0
0.0
0.0
0.0
0.0
0.0
0.0
0.0
0.0
0.0
0.0
0.0
0.0
0.0
0.0
-0.733694
0.0
0.0
0.0
0.0
0.0
-0.206977
0.0
0.0
-1.50157
0.0
0.0
0.0
0.0
0.0
0.0
-1.09505
0.0
0.0
0.0
0.0
0.0
1.22912
0.0
0.0
0.0
0.0
0.0
0.0
1.24025
-0.918418
0.0
0.0
0.0
0.816464
0.0
0.0
0.0
0.0
0.0
0.0
0.0
0.0
0.0
0.0
0.0
-0.418865
0.0
0.0
0.0
0.0
0.0
0.0
0.0
0.0
0.0
0.0
0.0
0.0
0.0
0.0
0.0
0.0
0.0
0.0
0.0
0.0
0.0
0.0
0.0
0.0
0.0
0.0
0.0
0.0
0.0
0.0454673
0.0
0.0
0.0
0.0
0.0
0.0
0.0
0.0
0.0
0.0
0.0
0.0
0.0
0.0
0.0
0.0
0.0
0.0
0.0
0.0
0.0
0.0
0.0
0.0
0.0
1.86941
0.0
-1.98581
0.0
0.0
0.0
0.161932
0.0
0.0
1.27142
0.0
0.0
-0.0115722
0.0
0.0
0.0
0.0
0.0
0.0
0.0
-2.4944
0.20264
0.613313
0.0
0.0
0.58406
0.0
0.0
0.0
0.0
-0.481816
-0.200881
0.0
0.0
0.0
0.0
0.0
0.0
0.0
-0.655171
0.0
0.0
0.0
-0.588437
0.0
0.0
0.0
0.0
0.0
0.0
0.0
0.0
-1.57182
0.0
0.0
0.0
0.0
0.0
0.0
0.0
0.0
0.0
0.0
0.0
-0.51218
0.0
0.0
0.0
0.0
0.0
0.0
0.0
0.0
0.0
1.3412
0.0
0.0
0.0
0.0
-1.59831
-0.336016
0.0
0.0
0.0
0.0
0.0
0.0
0.0
0.0
-0.451522
0.0
0.0
0.0
0.0
0.0
0.0
0.0
0.0
0.0
0.0
0.0
0.0
-2.35851
0.0
0.0
0.0
0.957705
0.0
0.0
0.0
0.0
0.0
0.0
0.0
0.0
0.0
0.0
-1.31926
0.0
0.0
0.0
0.0
0.0
0.0
0.0
0.0
0.0
0.0
0.0
0.0
0.0
0.0
0.0
0.0
0.0
0.0
0.0
0.0
0.0
0.0
1.13327
0.0
-0.0262293
-0.0554568
0.0392746
0.0203281
-0.0534534
-0.127389
-0.709366
-0.136942
0.223947
0.303436
0.00226423
0.257168
-1.92715
0.102401
0.0744902
1.13921
-0.695643
-0.586046
0.0144711
-0.059026
1.45374
0.016958
0.0202478
-0.0337802
-0.0976148
-0.0425272
0.196296
0.058378
0.020314
-0.0864863
-0.382148
-0.0113293
0.027385
0.0203481
0.0623185
0.23991
0.0
0.0
0.0
0.0
0.0
0.0
0.0
0.0
0.0
0.0
-0.352931
0.0
0.0
0.0
0.566502
0.0
0.0
0.0
0.0
0.0
0.0
0.0
0.0
0.0
0.0
0.0
0.0
0.0
0.0
0.0
0.0
0.0
0.0
0.0
0.0
0.0
0.0
0.0
0.0
0.0
0.0
0.0
0.0
0.0
0.0
0.0
0.0
0.0
0.0
0.0
0.0
0.0
0.0
-0.76536
0.0
0.0
0.0
0.0
0.0
0.0
0.0
-0.6285
1.20359
0.0
0.0
0.399247
0.0
-1.04365
0.0
0.367172
0.0
0.0
0.0
0.0
1.88923
0.0
0.218276
0.0
0.0
0.0
0.0
0.0
0.0
0.0
0.0
0.0
0.0
0.0
0.0
-0.88617
1.44615
0.0
0.0
0.0
0.0
0.0
0.0
0.0
0.0
0.0
0.0
0.0
0.0
0.0
0.0
0.0
0.0
0.0
0.0
0.0
0.0
0.0
0.0
0.0
0.0
0.0
0.0
1.31238
0.0
0.0
0.0
0.0
0.0
0.0
0.0
0.0
0.0
1.92747
0.0
0.0
0.0
0.0
0.0
0.0
0.0
0.0
0.0
0.0
0.0
0.0
0.0
0.0
0.0
0.0
0.0
0.0
0.0
0.0
0.0
0.0
0.0
0.0
0.0
0.0
0.0
0.0
1.54348
0.0
0.0
0.0
0.0
0.0
0.0
0.0
0.0
0.0
0.0
0.0
0.0
0.0
0.0
0.0
0.0
0.0
0.443719
0.0
0.0
0.0
0.0
0.0
0.0
0.0
0.150314
0.0
0.0
0.0
0.0
0.0
0.0
0.0
0.0
0.0
0.0
0.0
0.0
1.40424
0.0
0.0
0.0
0.0
0.0
0.0
0.0
0.0
0.0
0.0
0.0
0.0
0.0
0.0
0.0
1.26255
0.0
0.0
0.0
0.0
0.0
0.0
0.167349
0.0
0.0
0.0
0.0
0.0
0.0
0.0
0.0
-0.45738
0.0
0.0
0.0
0.0
0.0950951
-1.45007
0.0
0.0
0.0
0.0
0.0
0.0
0.0
0.0
0.0
0.0
0.0
0.0
0.0
0.0
0.0
0.0
0.0
0.0
-0.802787
0.0
0.388712
-0.598935
-0.846605
0.0
0.0
0.0
0.0
0.0
0.0
0.0
0.0
0.0
0.0
0.0
-0.853227
0.0
0.0
0.975997
0.0
0.0
0.0
0.0
0.0
-1.17313
0.0
0.0
0.0
0.0
0.0
0.0
0.0
0.0
0.582495
0.0
0.0
0.0
0.0
-0.152287
0.0
0.0
1.75546
0.0
0.0
0.0
0.0
0.0
0.0
0.0
0.0
0.0
0.0
0.0
0.0
0.0
0.0
0.0
0.0
0.0
0.0
0.853647
0.0
0.0
0.0
0.0
0.0
0.0
0.0
0.0
-0.713711
0.0
0.0
0.0
0.0
0.0
0.0
0.0
0.0
-1.18668
0.0
0.0
0.0
0.0
0.0
0.0
0.0
0.0
0.0
0.0
0.0
-0.286463
0.0
0.0
1.29877
0.0
0.241112
0.0
0.0
0.0
0.0
0.0
0.0
0.0
0.0
0.0
0.0
0.0
0.0
0.0
-0.0423888
0.0
0.0
0.0
1.28557
0.0
0.0
0.0
0.0
0.0
0.0
0.0
0.0
0.0
0.0
0.0
0.0
0.0
0.0
0.0
0.0
0.0
0.0
0.0
-0.0788378
0.535646
0.0
0.0
0.0
0.0
0.0
0.0
0.0
0.0
0.0
0.0
0.0
0.0
0.0
0.0
0.0
0.0
0.0
0.0
0.0
0.0
0.0
0.0
0.0
0.880567
0.0
0.0
0.0
0.0
0.0
0.0
0.0
0.0
0.0
0.0
0.0
0.0
0.0
0.524505
0.0
0.0
0.0
0.0
0.0
0.0
0.0
0.0
0.0
0.0
0.0
0.0
0.0
0.0
0.0
0.0
0.0
0.0
0.0
0.0
0.0
0.0
0.0
0.0
0.150418
0.0
0.0
0.0
0.0
0.0
0.0
0.0
-2.35086
-0.526854
0.0
0.0
0.0
0.0
0.0
0.0
0.0
0.0
-0.302178
0.0
0.0
0.0
0.0
0.0
0.0
0.0
0.0
0.0
0.0
0.0
0.0
0.0
0.0
0.0
0.0
0.0
0.0
0.345936
0.0
0.0
0.592883
0.0
0.0
0.0
0.0
-0.195716
0.0
0.0
-1.3329
0.0
0.0
0.0
0.0
0.0
0.0
0.0
0.0
0.0
0.0
0.0
0.0
0.0
-0.556936
0.0
0.0
0.0
0.0
0.0
0.0
0.0
0.0
0.0
0.0
0.0
0.0
0.0
0.0
0.0
0.0
0.0
0.0
0.0
0.0
0.0
0.0
0.0
0.0
0.0
0.0
0.0
0.0
0.575268
0.0
0.0
0.0
2.20534
0.0
0.0
0.0
0.0
0.0
0.0
0.0
0.0
0.0
0.860533
0.0
0.0
0.0
0.0
0.0
0.0
0.0
0.0
0.0
0.0
0.0
0.0
0.0
0.0
0.0
0.0
0.0
0.0
0.0
0.0
0.0
0.0
0.0
0.0
0.0
0.0
0.0
0.0
-1.74105
0.0
0.0
0.0
0.0
0.0
0.0
0.0
-0.142628
0.0
0.0
0.0
0.623733
0.0
0.0
0.0
0.0
0.0
0.0
0.0
-1.4856
0.0
0.0
0.0
0.0
0.0
0.0
0.0
0.0
0.0
0.0
0.0
0.0
0.0
0.0
0.0
0.935396
0.0
-0.227597
0.0
0.0
0.0
-1.14584
0.0
0.0
-0.373931
0.0
0.0
0.0
0.0
0.0
0.0
0.0
2.08506
0.0
0.0
0.0
0.0
0.0
1.87559
0.0
0.0
0.0
0.0
0.0
0.0
0.0
0.0
0.0
0.0
0.0
0.0
0.0
0.0
1.39147
0.0
0.0
0.0
0.0
0.0
-1.59338
0.0
0.0
0.077497
0.0
-0.0536929
0.0
0.0
0.0
0.0
0.0
0.0
0.826084
0.299483
0.0
0.0
0.0
0.0
0.0
0.0
0.0
0.0
0.0
0.0
-0.011194
0.0
0.0
0.0
0.0
0.0
0.0
0.0
0.0
0.0
0.0
0.0
0.0
0.0
0.0
0.0
0.0
0.0
0.0
0.0
0.0
0.0
0.0
0.0
0.0
0.0
0.0
0.0
0.0
0.0
0.0
0.0
0.0
0.0
0.0
1.50136
0.0
0.0
0.0
0.0
0.0
0.0
0.0
0.0
0.0
0.0
0.0
0.0
0.0
0.0
0.379248
0.0
-0.98803
0.0
0.0
0.0
0.0
0.0
0.0
0.0
-1.60895
0.0
0.638398
-0.269357
0.0
0.0192709
0.0
0.0
0.153105
0.0
0.0
1.5703
0.0
0.241256
0.0
0.0
0.0
0.0
0.0
0.0
0.0
0.0
0.0
0.0
0.0
0.0
0.0
0.0
0.0
0.0
0.0
0.0
0.0
0.0
0.0
0.0
0.0
0.0
0.0
0.0
0.0
0.0
0.0
0.0
0.0
0.0
0.0
0.0
0.0
0.0
0.0
0.0
0.0
-0.593158
0.0
0.0
0.0
0.956268
0.0
0.0
0.0
0.0
0.0
0.0
0.0
0.0
0.0
0.0
0.0
0.0
0.0
0.0
0.0
0.263481
-0.0364868
0.0
0.0
0.0
0.0
0.0
0.0
0.0
0.0
0.0
0.0
0.0
0.0
0.0
0.0
0.0
0.0
0.0
0.0
-1.30835
0.0
0.0
0.0
0.0
0.0
0.0
0.0
0.0
0.0
0.0
0.0
0.0
0.901348
2.25391
0.0
1.43177
0.0
0.0
0.0
0.0
0.0
0.0
0.0
0.0
0.0
0.0
0.0
0.0
0.0
0.0
0.0
0.0
0.0
0.0
0.0
0.0
0.0
0.453595
0.0
0.0
0.0
0.0
0.0
0.0
0.0
0.0
0.0
0.0
0.0
0.0
0.0
0.0
0.0
0.0
0.0
0.0
0.0
0.0
0.0
0.590166
0.0
0.0
0.0
-1.16248
0.0
0.0
0.0
0.0
0.0
0.0
0.0
0.0
0.0
0.0
0.0
0.0
0.0
0.0
0.0
-1.18686
0.0
0.0
0.0
0.0
0.0
0.0
0.0
0.0
0.0
0.0
0.0
0.0
0.0
0.0
0.0
0.0
0.0
0.0
0.0
-1.11183
0.0
-0.0582843
0.0
0.0
0.153441
0.0
0.0
1.2657
0.0
0.0
0.0
0.0
0.0
0.0
0.0
0.0
0.0
0.0
-0.477268
0.0
0.0
0.0
0.0
0.0
0.0
0.0
0.0
0.0
0.0
0.0
0.0
0.0
0.0
0.0
0.0
0.0
0.0
0.0
0.0
0.0
0.0
0.0
0.0
0.0
0.0
0.0
0.0
0.0
0.0
0.0
0.0
0.0
0.0
0.0
-0.804619
2.45004
0.0
0.0
0.0
0.0
0.0
0.0
0.0
0.0
0.0
0.0
0.0
0.0
0.0
0.0
0.212275
0.0
0.0
0.0
0.0
0.0
0.0
0.0
0.0
0.0
0.0
0.0
0.0
0.0
0.0
0.0
0.0
0.0
0.0
0.0
0.341909
0.0
0.0
0.0
0.0
0.0
0.0
0.0
0.0
0.0
0.208589
0.0
0.0
-0.533869
0.0
0.0
0.0
0.0
0.0
0.0
0.0
0.0
0.0
0.0
-0.416344
0.0
0.0
0.0
0.0
0.0
0.0
0.0
0.0
0.0
0.0
0.0
0.0
0.0
0.0
0.0
0.0
0.0
0.0
0.0
1.47874
0.0
0.0
0.0
0.0
0.0
0.0
0.0
0.0
0.0
0.0
0.0
0.0
0.0
0.0
-0.320535
1.07643
0.0
0.304808
0.0
0.0
0.0
0.0
0.0
0.0
0.0
0.0
0.0
0.0
0.0
0.0
0.0
0.0
0.0
0.0
0.0
0.0
0.0
0.0
0.0
0.719303
0.0
0.0
0.0
0.0
0.0
0.57229
0.0
0.0
0.0
-2.04001
0.0
0.0
0.0
0.0
0.0
0.652954
0.0
0.0
0.0
0.0
0.0
0.0
0.0
0.0
0.174063
0.544477
-1.25113
0.0
0.102011
0.0
0.0
0.0284382
0.0
0.0
0.0
0.0
-1.10102
0.0
0.0
0.0
0.0
0.0
0.0
0.0
0.0
-0.683676
-0.110989
0.0
0.0
0.0
-1.65158
0.0
0.0
0.0
0.0
-0.331467
0.0
0.0
0.0
0.0
0.0
0.0
0.0
-0.944804
0.0
0.0
0.0
0.0
0.0
-3.05688
0.0
0.0
0.0
0.291525
0.0
0.0
0.0
0.0
0.0
0.0
0.0
0.0
0.0
0.0
0.0
0.0
0.0
0.0
0.0
0.0
0.613471
0.0
0.0
-0.4089
0.0
0.0
-1.20583
0.0
0.0
0.0
0.0
0.0
0.0
0.0
0.0
0.0
0.0
0.0
0.0
0.0
0.0
0.0
0.0
1.10543
0.0
0.0
-0.0569947
0.0
0.0
0.0
0.0
0.0
0.0
0.0
0.0
0.0
0.0
0.0
0.0
0.0
0.0
0.0
0.0
0.0
0.0
0.0
0.0
0.0
0.425177
1.49081
0.0
0.0
0.0
0.0
0.0
0.0
0.0
0.0
0.0
0.0
0.0
0.0
0.0
0.0
0.0
0.0
0.223042
0.0
0.0
0.0
0.0
1.25918
0.0
0.0
1.13405
0.0
1.67461
0.0
0.0
0.30925
0.0
0.0
-0.319084
0.0
0.0
0.0
0.0
2.04952
0.0
0.0
0.0
0.0
0.0
0.0
0.0
0.0
0.0
0.0
0.0
0.0
0.0
0.0
0.0
0.0
0.0
-0.00119762
0.0
0.0
0.0
0.0
-2.52575
0.0
0.0
0.0
0.0
0.0
0.0
0.0
0.0
0.0
0.0
0.0
0.0
0.0
0.176738
0.0
-0.590471
0.0
0.0
0.0
0.0
0.0
0.0
0.0
0.0
-0.0563144
0.0
0.0
0.0
0.0
0.0
0.0
0.0
0.0
0.0
0.0
0.0
-0.717931
0.0
0.0
0.0
0.0
0.0
0.0
0.0
0.0
0.0
-0.591307
0.0
0.0
0.0
0.0
0.0
-1.22393
0.0
0.655926
0.0
0.0
0.0
-0.597196
0.0
0.0
0.0
0.0
0.0
0.0
0.0
0.0
0.0
0.0
0.0
0.0
0.0
0.0
0.0
0.0
0.0
0.0
0.0
0.0
0.147953
0.0
0.0
-0.481035
0.0
0.0
-0.761881
0.0
0.0
0.0
0.0
0.0
0.0
0.0
0.0
0.0
0.0
0.0
0.0997203
0.404789
0.0
0.0
0.0
0.0
0.0
0.0
0.0
0.0
0.0
0.0
0.0
0.0
0.0
0.0
0.0
0.0
0.0
0.0
0.0
0.0
0.0
0.0
0.0
0.0
0.0
0.0
0.0
0.0
0.0
0.0
0.0
0.298093
0.0
0.0
0.333163
0.0
0.0
0.0
0.0
0.0
0.0
0.0
0.0
0.0
0.0
0.0
0.0
0.261301
0.0
0.0
0.0
0.0
0.0
0.0
0.0
0.0
0.0
0.0
0.0
0.0
0.0
0.0
0.0
0.0
0.0
0.0
0.0
0.0
0.0
0.0
0.0
0.0
0.0
0.0
0.0
-1.3236
0.0
0.0
0.0
0.0
0.0
0.0
0.0
0.0
0.0
0.0
0.0
0.0
0.0
0.0
0.0
-0.623753
0.0
0.0
0.0
0.0
0.0
0.0
0.0
0.0
0.0
0.0
0.0
0.0
0.0
0.0
0.0
0.0
0.0
0.0
0.0
0.0
0.0
0.0
0.0
0.0
0.0
0.0
0.0
0.0
-0.0797809
0.0
0.0
0.0
0.0
0.0
0.0
0.0
0.0
0.0
0.0
0.0
0.0
0.0
0.0
0.0
0.0
0.0
0.0
0.0
0.0
0.0
0.0
0.0
0.0
0.111282
0.0
0.0
0.585989
0.0
0.916388
0.0
0.0
0.0
0.0
0.0
0.0
0.929469
0.0
0.0
0.0
0.0
0.0
-0.321931
0.0
0.0
0.0
0.0
0.0
0.08022
0.0
0.0
0.0
0.0
0.0
0.820239
0.0
0.0
0.0
0.0
0.0
0.0
0.0
0.0
0.0
0.966574
0.0
0.0
0.0
0.0
0.0
-0.0741813
0.0
0.0
0.0
0.0
0.0
0.0
0.0
0.0
0.0
0.0
0.744143
0.0
0.0
0.0
0.0
0.0
0.0
0.0
0.0
0.0
0.0
0.0
0.0
0.0
0.0
0.0
-1.18379
0.333671
0.0
0.0
-0.941425
0.0
0.0
0.0
0.631319
0.0
0.0
0.0
0.0
0.0
0.0
0.0
0.0
0.0
0.0
0.0
0.0
0.0
0.0
0.0
0.0
0.0
0.0
0.0
0.0
0.0
0.0
0.0
0.0
0.0
0.0
0.0
0.0
0.0
0.0
0.0
0.0
0.0
0.0
0.0
0.0
0.0
0.643777
-1.07009
0.0
0.0
0.0
0.0
0.0
0.0
1.87927
0.0
0.0
0.0
0.0
0.0
0.0
0.0
0.0
0.0
0.0
0.0
0.0
0.0
0.0
0.0
0.0
0.0
0.0
0.0
0.0
0.0
0.0
0.0
0.0
0.0
0.0
0.0
0.0
0.0
1.05113
0.0
0.0
0.0
0.0
0.0
0.0
-1.07304
-0.929622
0.0
-0.53365
-1.41571
0.0
0.0
0.0
0.0
0.326816
0.0
0.0
0.0
0.0
0.0
-0.658034
0.0
0.0
0.0
0.0
0.0
0.0
0.243098
1.19071
0.0
0.0
0.0
0.0
0.0
0.0
0.0
0.0
0.0
-0.360812
-0.693216
0.331599
0.0
0.0
-0.0222292
-0.218376
-0.121464
0.0371663
-0.0932838
-0.145387
0.0442631
-0.42624
-0.0612093
0.0492216
-0.0347721
0.075843
-0.0639271
-0.0723827
-0.0420447
0.0318127
0.0366924
0.0491936
-0.000566004
-0.1665
-0.718078
-0.0336915
0.14437
-0.0201445
0.150771
-0.11977
-0.401954
0.0525092
1.18652
-0.108853
0.125207
0.0594978
-0.105892
-0.0687985
0.00934954
-0.266935
-0.121279
0.0
0.0
0.0
0.0
0.108863
0.0
0.0
0.0
0.0
0.0
0.0
0.812314
0.0
0.0
0.0
0.0
0.0
0.0
0.0
0.0
0.0
0.0
0.0
0.0
0.0
-0.672006
0.0
0.0
0.0
-0.589494
0.0
0.0
0.0
0.0
-0.436619
0.0
0.0
0.0
0.735074
0.0
-1.09821
0.0
0.0
0.0
0.258323
0.0
0.0
0.354395
-0.780549
0.129708
0.0
0.0
0.0
0.0
0.0
0.0
0.0
0.0
0.0
0.0
0.0
0.0
0.0
0.0
0.0
0.0
0.0
0.0
0.0
0.0
0.0
0.0
0.0
0.0
0.0
0.0
0.0
0.0
0.0
0.0
0.0
0.0
0.0
0.0
0.0
0.0
0.0
0.0
0.0
0.0
0.0
0.0
0.0
1.29003
0.0
0.0
0.0
0.0
0.0
0.0
0.0
0.0
1.24222
0.0
0.0
0.0
0.0
0.0
0.0
0.0
0.0
0.0
0.0
1.48747
0.0
0.0
0.109305
0.0
-1.7783
0.0
0.0
0.0
0.0
0.0
0.0
0.0
0.0
0.0
0.0
0.0
0.0
0.0
0.0
0.0
-1.16386
0.0
0.0
0.0
-0.471925
0.0
0.0
0.0
0.0
0.0
0.0
0.0
0.0
0.0
0.0
0.0
0.0
0.0
0.0
0.0
0.814946
0.0
0.0
-0.0458174
0.0
0.0
0.0
0.0
0.0
0.0
0.0
0.0
0.0
0.0
0.0
0.0
0.0
0.0
0.0
0.0
0.0
0.0
0.0
0.0
0.0
-0.039223
1.60769
1.09725
0.0603344
-0.161402
-0.481702
0.386589
1.32812
-0.270463
-0.765236
0.736828
0.301676
0.38863
0.199474
0.994594
0.0686042
0.149089
-1.18985
0.0719096
-0.0108576
-0.0264278
0.143479
-0.108878
1.95752
0.420944
0.342695
1.13054
1.24681
0.0613676
-0.255825
-0.80968
0.11229
0.0557046
-2.34888
-0.14637
0.509379
0.0367437
-1.6787
-1.34182
0.00178144
0.00598826
0.638791
1.08152
-1.46084
0.278755
0.663262
-0.0441118
-0.485991
-0.296387
-0.342588
-0.572796
0.0193592
-0.168093
1.26885
-0.0700149
0.00208434
0.192221
-0.0841817
-0.0226227
-3.72268
-0.454408
-0.396074
-1.23723
-1.38344
-0.00169171
0.385504
2.20038
-0.0260994
-0.0273225
4.12892
0.20791
-0.465009
-0.00366501
-0.229577
-0.0292581
0.364061
0.000912
0.0222826
-0.542788
-0.085827
0.3361
-0.496719
0.0146241
-0.227821
0.108317
0.0307721
0.214618
0.00115354
-0.00870435
-0.54174
-0.00258249
-0.118077
0.57671
1.26067
-0.309503
0.273923
-0.178304
-0.00128716
-0.327775
0.0630229
0.000146181
0.00594897
-0.202571
0.264788
-0.000369785
-0.0310724
0.156321
-0.827808
0.00235966
-0.0325479
-0.0443732
-0.000187607
0.00684547
-0.470446
-0.668085
0.0619952
0.127071
1.10815
0.0806135
0.504177
-0.387641
-0.0163145
-0.109403
-0.00271763
0.0706835
-0.446323
0.00462745
0.209851
0.0569036
0.0703138
1.05244
-0.110676
0.594459
0.261868
0.399466
0.06926
0.534765
-0.195644
0.0415133
-0.0377418
0.00861856
-0.759152
-0.00512023
0.797618
-0.00242296
-0.0709069
-0.244617
0.911865
-0.155493
0.1561
-0.0341176
-0.133005
0.00883258
-0.102208
-0.0296576
-0.183995
0.0935629
-0.143173
0.00713058
0.158531
-0.0190064
0.0797494
0.0020786
-0.00922543
0.166618
0.0594447
-0.133015
-0.0450536
-0.0307837
-0.0531897
0.467548
-0.137179
2.17885
0.12955
0.0492047
0.0861324
0.02833
-0.0213035
0.0615535
-0.209374
0.0287087
0.036338
-0.114475
0.0023182
0.00124691
-0.171578
-0.306629
-0.0352486
0.0640568
-0.0283247
-0.0698165
-0.0683485
0.161906
-0.0998331
0.0745635
0.0143797
-0.0417629
-0.240541
-0.0570696
0.145388
0.0804399
0.0803302
-0.0918188
-0.0364519
-0.120145
0.132985
0.153735
-0.152638
0.000452827
0.204009
-0.026005
0.00701214
0.0170653
0.0490499
0.0187436
-0.0985495
1.27276
0.211423
0.915244
0.000440784
-0.00799235
-0.025732
-0.297837
0.084195
-0.0179815
0.425101
-0.0757307
0.597373
1.00099
0.591211
0.0469119
0.000145932
-0.0830921
-0.394918
-0.0140945
0.0265023
-0.0938684
0.0185114
0.0977607
-0.0665583
0.297389
-2.03491
0.360399
-1.30509
0.000399009
0.0249176
-0.143318
-0.00623683
-0.0232849
0.154725
0.0283559
0.384774
1.80263
1.11247
-0.0165232
0.00126975
-1.67163
0.300451
-0.071178
-0.0245628
0.0337893
0.051477
-0.0445358
0.0845937
1.83198
0.0294299
-0.639232
0.0132264
-0.0361284
-0.112888
-0.0533571
0.128535
-0.0130947
0.0106602
-0.0300109
-0.119631
0.0366547
1.81762
-1.62565
0.43315
0.000683502
0.00601569
0.292244
0.00716731
0.0107108
-0.0299837
-0.0410404
0.0408916
1.74219
-1.45182
-2.13478
0.00249641
2.49536
-0.162187
-0.277371
-0.0601952
0.069459
-0.0299517
-0.0700124
-0.0473112
-1.09029
2.2146
-2.87008
1.63435
1.59674
-0.223615
-0.0568911
0.119192
0.0672576
0.0781737
-0.0780985
-0.0407688
0.896746
0.0960275
-0.432385
0.869832
0.582466
0.179539
-0.0510222
0.00861994
0.00645716
0.0378961
0.0360331
-0.0858775
0.0307243
1.17413
1.89003
2.45035
2.65676
-2.73139
-0.3189
-0.889383
0.0765776
-0.0184216
-0.0711835
-0.049467
0.154114
-0.101706
2.6083
2.23114
-0.0377712
-2.19062
-0.0577086
0.145683
0.0511437
0.086268
-0.0852406
-0.0375842
1.58527
0.128354
2.19384
-0.166589
-0.294139
0.209153
-0.0376513
0.0074163
0.0188832
0.0374926
0.0301826
-0.0901847
-0.02168
-0.247838
3.28016
2.14213
1.60668
3.99068
0.789624
2.6702
-0.114418
0.286308
-0.0178211
0.447519
-1.1121
-2.17625
0.812353
2.66054
-1.90205
0.219574
-0.0591309
-0.404225
-0.721437
-0.0471595
0.281745
-0.566253
-0.0821566
-1.44015
-1.12287
3.28809
0.00101167
-3.30761
3.20706
0.00838161
-2.53275
0.656693
-0.671319
-0.0285049
-0.0168125
0.160624
0.646917
2.48497
-0.51291
2.86575
2.16188
-1.49682
-0.414089
-1.10362
0.145325
-0.815411
-0.213889
-0.0288475
-0.253671
0.0112972
-0.0324541
3.88625
-2.82801
2.07787
1.06685
-0.343998
0.0557752
-0.225846
-0.202891
-0.594385
-0.557122
-0.567472
0.000647565
-0.722232
0.748278
0.0152907
-0.00412058
-0.537197
-0.458845
-0.422016
-0.0369602
-0.14097
0.014807
0.000120958
0.392133
-0.786303
1.83063
1.84763
0.154268
0.296062
-0.0368668
-0.261492
0.227974
0.0360556
-0.0469847
-0.000992963
-0.285111
-2.37668
-0.45131
1.14924
-0.316575
0.0846778
-0.113425
0.159559
0.190122
0.014658
0.282853
0.103149
-0.986897
0.00652743
1.86461
-0.646454
-0.0282711
0.266868
-0.044275
-0.120852
0.0175673
-0.107237
-0.197668
0.00199899
-0.00583932
-0.187964
-3.0342
-2.44968
-2.74141
-1.33922
-0.0300322
-0.148223
0.276245
-0.108961
0.0716929
0.0121051
-0.0142865
0.0971613
-2.64562
2.78738
-2.19862
0.0552026
-0.0766755
-0.281324
-0.249283
0.224032
0.10827
0.869618
0.000185977
0.184879
-0.0365074
0.00490904
-0.00189498
-2.32214
0.0962497
-0.147796
-0.037565
-0.344652
-0.14452
-9.44864e-05
-0.0123049
-0.358004
-1.6723
2.41426
0.594624
3.32713
-0.0773271
0.564245
0.291827
-0.0066042
0.330179
-0.000429245
1.12191
-1.05223
0.435749
-1.55867
1.84553
-0.631419
0.129087
2.50808
0.160478
0.245839
0.866811
0.0958888
0.000219595
0.317468
-0.361603
-1.31163
1.57431
1.88837
0.255947
0.184883
0.0142378
0.0707406
-0.144179
0.00244
-0.00195242
-0.204296
1.00717
0.684931
2.15031
-2.50048
1.62944
0.0879901
0.0740278
-0.0984878
-0.0430247
0.0131473
-0.0370185
-0.132332
-0.0526932
0.124373
-0.675964
-1.60775
-1.77066
2.33585
0.0523931
-0.00402888
0.151667
-0.191156
0.000519564
0.17921
-0.167071
0.0104325
0.0085655
0.0152141
0.0463309
-0.0793001
-0.0240516
0.0120691
-0.0808169
-8.63868e-05
-0.00321329
-0.0340327
-0.38616
0.091974
-1.05102
2.80344
-2.64022
0.789637
-0.0268732
0.0595367
0.081442
0.00180094
0.0781251
-0.301478
-0.0519454
0.16683
-1.32113
1.90166
2.28302
-2.62016
0.814999
-0.0657367
0.208675
-0.0741359
0.000821191
0.183741
-0.342565
0.0225387
2.33449
0.128653
-2.57475
3.67647
0.022329
0.0683271
-0.459502
0.00221496
-0.00959397
-0.633699
-0.224931
-0.0801841
0.117507
-2.44564
2.89781
-2.13133
0.424982
-0.192998
-0.0931664
0.00766563
-0.0872426
0.0637126
0.00218027
-0.089948
1.60417
0.0677163
-3.1625
2.17471
-0.502653
0.0477741
-0.206282
-0.511737
-0.000797912
0.220054
-0.118917
-0.00648316
-0.0172481
0.114215
-1.32147
-0.672471
-2.64493
1.1613
-0.466971
0.000415587
-0.00907902
-0.120714
-0.0420275
-0.0171239
0.0179941
-0.0401076
-0.00277517
-0.0674846
2.57243
-1.59818
2.666
0.000836806
-0.212236
0.0359336
0.00106579
-0.0437156
0.081233
-0.00318644
-0.00718774
0.0323999
2.96531
-1.75764
-1.10774
-0.0792776
-6.74817e-05
-0.0166804
-0.1149
0.0027216
-0.0200327
0.0282259
0.0148537
-0.049198
-2.11594
0.846904
-0.0174018
0.000757347
-0.00958323
-0.133983
-0.277046
-0.0828831
0.122625
0.328005
-0.0607266
0.298224
-2.37472
-2.73657
-0.979663
-0.000408424
-0.0297968
-0.474453
-0.0118142
-0.0247532
-0.188697
0.0613226
-0.0501938
-0.064633
-2.43558
-0.979209
-0.882898
1.71964
0.000306192
0.0283783
-0.218852
-0.00232592
-0.0065509
0.083096
0.178649
0.244493
0.0225924
-1.81611
-0.110131
2.14441
-0.000460593
-0.157155
-0.288839
-0.0581654
0.0817863
-0.0298951
-0.0696594
-0.0419301
0.109744
-0.0961205
0.559002
-2.73634
0.905825
-0.238135
-0.0572855
0.138747
0.0641635
0.0811366
-0.0719172
-0.0396512
-0.0754797
-2.07446
-0.394485
0.187833
0.000472092
0.189517
-0.0378013
2.01787
0.0190645
0.0352311
0.0341941
-0.0810402
0.0284574
0.0236747
-1.12417
0.00235797
-1.35901
0.0826605
-0.396816
-0.0497291
0.0835481
0.0366869
-0.0781259
0.0456201
0.149385
-0.107933
-1.96679
1.9036
-0.0279504
-0.196551
-0.785937
0.139158
-0.0571679
0.108528
-0.0268824
0.0110176
0.00548205
2.76442
-0.772918
1.23274
2.1573
0.254173
-0.132385
0.00495906
0.0121601
0.114517
0.0333787
-0.0442367
-0.0202639
-0.244892
1.36275
0.114886
-1.37438
2.9613
2.28405
0.177139
-0.157338
-0.677391
0.123662
-0.00653103
-0.291962
-0.00764141
-0.784483
1.57826
-1.88158
-0.927749
-2.37039
-0.920966
0.50965
-0.241626
0.389412
0.269564
0.463383
-2.98597
-1.92854
-1.19639
-1.5049
-0.243589
-0.00218583
0.0370588
-0.0101807
-0.690099
-0.132177
0.140126
-0.0267878
-0.0336282
7.35064e-05
0.00024354
-2.52761
-1.01601
2.39909
-0.021614
0.0052828
-0.00290954
-0.000823029
0.0224747
-0.0932302
0.00419655
0.0442755
-0.167875
1.51663
1.02779
-0.605414
-0.136841
-0.0253374
-0.0105674
0.0196025
-0.000122349
0.0247282
-0.0451873
1.82191
-1.71899
9.9717e-06
-0.0340413
2.5707
0.884894
1.56592
2.49305
0.00708332
0.016038
0.0290641
0.0629621
-0.117516
0.00240025
0.00136183
-2.29259
-2.45291
-2.51541
0.0274518
-0.127501
-0.0577061
-0.199052
0.195491
-0.103131
-0.0241461
0.0139997
-0.0386483
-1.28774
-2.90368
0.344535
1.41743
0.0419001
-0.137767
-0.0552872
-0.149349
0.114643
0.170094
-0.79266
1.00841
0.648338
-1.50855
-2.57075
-2.64256
0.0261198
0.020806
-0.10989
0.0136502
-0.184086
0.0416426
0.00283604
-0.00475461
0.0467238
3.95326
-0.266114
-0.651913
-1.08696
0.038467
-1.31199
0.470211
-0.140303
-0.788373
0.0124208
-1.45833
0.378884
-2.56527
2.29423
5.11901
0.708081
-0.604
-0.763317
-1.05383
-0.33297
0.584041
-0.199603
-0.000800969
-2.2999
0.772497
-0.841702
0.549248
-0.225604
-2.02368
-2.53766
0.0225289
0.139563
-0.116222
0.00235631
-0.00193635
-0.280076
-0.571873
-1.4456
1.39444
0.6033
-0.183415
0.363811
-0.142442
-0.0977635
0.193924
0.0139036
-0.131058
-0.524254
1.74006
1.14609
1.86383
-0.75604
-1.53473
0.192102
-0.133529
0.0662247
0.214376
-0.120414
6.10389e-05
-0.00334295
0.0273517
-0.00728419
0.0155982
0.319265
1.33603
-0.0500708
-0.0280569
0.221506
-0.0151348
-0.000400386
-0.00116161
0.922044
0.511481
0.504215
0.16641
3.41683
2.6001
2.00819
-0.340105
0.163748
-0.313961
-0.000586205
0.235884
1.01138
1.08668
-0.592237
-1.21406
0.138741
0.845227
-1.13322
2.06855
-0.640043
-0.592777
-0.17405
0.00236606
0.0610051
-0.742477
-1.22245
-0.476131
1.24171
-1.04297
1.23002
-0.0422035
0.169759
-0.0794458
0.00147401
-0.00789889
-0.186089
-0.302897
1.6536
-0.336543
-0.964208
2.57625
0.681136
-0.170522
0.0711681
0.0228618
0.00122402
-0.214684
-0.0705061
-0.0243112
0.0509377
-2.11622
2.89764
1.71527
-0.5754
0.303531
-0.244988
-0.0287422
0.0636222
0.000351121
0.0905141
0.0126031
2.86313
-0.00808232
0.471606
2.68097
-2.41789
-0.036457
0.20498
-0.228515
-0.000163238
-0.00299316
0.387433
-0.150198
0.208802
0.135203
-1.52042
0.546082
0.013235
-0.186055
0.0684917
-0.0684781
-0.000897463
0.120017
0.314983
-0.0534745
0.15811
-1.0432
-0.225721
1.40859
2.23284
1.27077
-0.503888
0.0795808
-0.294181
0.00186807
0.135929
-0.661103
0.0462765
-0.0279709
-0.183056
1.53508
3.70737
0.0355155
1.25649
-0.111341
0.00231743
-0.00161231
-0.219101
-0.389229
-0.0526598
0.0137671
-0.0189727
-0.139963
-0.205383
0.29767
-1.9275
0.283306
-1.8988
-0.146087
-0.335446
-0.0514561
0.137744
0.0250266
0.231982
-0.283598
-0.030489
-1.62984
2.03784
0.745629
-0.0557734
-0.000160904
0.207335
0.282494
-0.0112781
0.0180018
0.350305
-0.140274
-0.314481
1.01181
-2.95985
-0.321477
0.00261722
-0.0146753
-0.749523
0.0110076
-0.171841
-0.108049
-0.379164
-0.13087
-1.05705
3.37113
1.04016
-1.34459
1.1721
0.195247
0.201209
-0.000799841
-0.0485242
0.998696
0.0929829
-0.610124
0.0592414
-3.57867
0.441003
1.93761
-0.374472
-0.00130989
2.16392
0.206802
-0.0320781
0.000498678
0.451901
0.0675967
-0.634234
0.756088
-0.0130765
0.301485
0.00121963
1.29199
0.138347
-0.211074
-0.0496111
0.0493742
0.0851808
-0.0757273
0.0685116
-2.49212
-2.38084
0.295907
0.0150069
-0.0564076
-0.213346
-0.0563625
0.135202
-0.0524723
0.0685164
-0.0867028
-0.021932
-0.0310242
1.81916
-0.888626
-1.57069
-0.0909772
0.0841676
0.233448
0.00562465
0.00984604
0.0687286
-0.0130412
0.00544213
0.0069812
0.00887061
1.43177
1.53859
-0.358693
2.28992
-0.251744
-0.0650702
0.0627047
-0.0352873
-0.0698915
-0.0434878
-1.45019
-0.100082
1.56676
2.80117
1.20257
-0.196753
-0.0563173
0.0958882
0.075563
0.0722247
-0.075125
-0.041037
-0.0744037
0.0789476
0.658881
1.11393
2.17847
0.164592
-2.82
0.00962451
-0.00707974
0.0310353
0.0400211
-0.0756821
0.0018268
-0.0241293
1.39922
-0.718481
1.72409
-0.497713
-0.31591
-0.119143
0.180686
-0.00649603
-0.0299453
-0.1231
0.388739
-0.100739
1.01731
-0.000340817
0.718949
-0.213895
-0.00354175
-0.0503066
-0.0642417
0.0724856
-0.0647542
0.112359
-0.017266
-0.11513
0.221719
-2.45587
2.84388
-0.0243321
-1.89677
0.962934
-0.0206751
0.132544
0.187611
-0.148139
-0.00757519
-0.040934
0.384619
0.000471452
-0.823882
0.522074
0.289618
-0.0943789
-0.116139
-0.346392
0.036076
-0.476223
-0.151108
-0.0295602
0.171215
-0.882609
-2.07296
2.78661
-1.18576
-0.0368458
-1.14979
0.0531547
-0.0559697
0.100073
-0.302288
0.138176
-0.00158268
1.57148
1.85428
0.695366
0.280604
1.33503
-0.0167084
-2.71198
-0.199215
-0.349819
0.0265425
0.0378161
-0.116945
0.00240818
2.50778
-0.171186
-0.340022
-0.0550106
0.101297
-0.0220075
-0.0769679
-0.013216
0.0791138
-0.0996633
0.0948092
0.0145632
2.69953
0.763016
-0.788938
-0.946132
-0.0346205
2.94207
-0.0649499
-0.00960177
-0.0899799
0.108211
0.048229
-0.155061
0.459428
-0.725785
1.36496
1.67511
-0.971878
0.0663574
0.00763029
-0.110958
-0.0302214
-0.0313428
0.00626621
0.00029957
-0.0115523
0.0541308
-2.56224
-0.0526505
-0.0128303
-0.0216114
0.000983209
0.0491859
-0.180187
0.00477086
-0.00393493
-2.39148
-0.548347
0.153146
1.8421
-0.805136
1.22352
-0.0120957
0.0545312
-0.00675946
0.0845587
-0.121668
-0.2005
0.0590111
2.89199
-0.0691462
-2.62498
1.1014
1.78765
0.129563
0.030901
0.047147
0.053062
-0.286156
-0.281063
0.0015912
-0.00635107
-0.264831
-0.0546124
-1.76304
1.62324
-0.324385
0.0531616
-0.351588
0.478598
-0.27838
0.0858931
-1.77072
0.15096
-2.86222
1.51065
-0.0187469
-0.169379
-2.26939
0.00484943
-0.0244153
-0.567446
0.329207
0.228682
-0.460856
-0.000569841
0.207668
-0.202803
0.68895
-2.14177
2.11145
2.78509
-0.722017
0.0400743
-0.0407959
-0.199773
0.00153935
0.0032935
0.252917
-0.146225
0.0173148
0.0806143
-1.41465
-1.19475
0.172102
0.144208
-0.071893
0.142636
0.0119003
0.0219035
-0.254298
-0.0576516
0.135536
0.0118736
2.20526
0.0694208
-0.322689
0.0364573
0.13003
0.0242716
-0.261482
0.000595275
0.227255
-2.39803
3.00335
-2.59884
-1.09609
-0.28943
0.816086
-0.034714
-0.0935757
-0.0138029
-0.00033253
-0.00953278
2.02589
1.89813
-0.0742236
-0.124982
0.736901
0.234988
0.087859
-0.0316655
0.271113
-0.434525
-0.00153345
0.268763
2.09745
-0.063998
0.175208
-0.786187
-3.20734
3.44951
0.815903
1.7901
-0.784791
-1.23379
-0.210314
0.00241611
-0.185833
-0.323536
0.060191
-1.52064
-2.62684
1.5158
3.78581
-0.00542561
-0.0786166
-0.123272
0.0596095
-0.147319
0.297559
0.2115
-0.0642294
0.571877
1.79029
0.0402135
-0.137699
0.0362108
-0.0442355
-0.0754046
0.0737672
0.0357885
0.268462
0.0585875
-0.10048
0.0941767
-0.0104132
-0.69291
2.67171
0.0406156
-0.124694
-0.143234
-0.02507
0.0592092
-0.0301115
0.114111
0.0759769
0.0343381
-0.0537177
-2.10693
-1.01963
-0.989458
-0.532559
-0.350162
-0.302944
-1.6583
-2.30403
-1.09027
-1.00448
-0.634987
-0.854344
1.13158
-3.6858
-1.04872
-1.13962
-0.588453
-0.321691
0.0436933
-0.529102
-0.475475
-0.281544
0.846707
-0.0326091
4.20648
-3.62921
4.41346
-4.45358
1.8895
-1.08189
-1.26843
-1.63838
-1.01268
-0.526272
-0.71989
0.364693
-0.510996
0.311987
-2.03462
5.10173
-1.65414
-0.527321
-0.514138
-1.07399
-1.28618
-0.492234
0.252777
2.04631
-2.17271
-1.0895
-1.50392
-0.908325
-1.52708
2.09183
-0.480972
-0.292832
0.370153
0.396934
-2.87833
-0.139271
-0.117561
-0.727579
-1.2019
-0.587521
-0.481948
-0.380938
-1.12995
-0.172987
-1.55605
0.112743
6.10107
-1.51957
1.31303
-0.580554
-0.0787785
-0.137782
-1.70874
-0.0529213
-0.950857
-0.969971
-0.395664
-0.231814
0.803907
-3.98608
1.36478
1.49671
-2.77888
-0.889181
-0.0682064
-0.140003
3.83646
2.52168
-3.79613
-1.73047
-4.23582
-3.67723
-3.53346
-2.30117
1.36007
0.797025
-4.91896
-3.39511
-2.47415
0.284006
1.09433
0.202374
-2.90538
-1.76614
-1.73037
2.28417
-1.47934
-0.326418
1.18966
-4.71232
-1.05838
-0.7341
-1.19918
-0.671005
-1.89063
0.524068
-2.18286
1.52213
1.52146
0.219871
4.81155
-1.12211
-1.12148
-0.536686
-1.33963
-0.498619
-0.081177
-0.281146
-0.386556
-1.76628
2.40822
5.62589
3.67244
5.52263
-0.436737
0.919663
-0.799359
0.474794
4.86689
0.761409
-5.09364
-2.15176
-2.84108
-1.04787
-0.712518
-0.348985
