[125, 16, 16, 4]
0.0
0.0
0.0
0.0
0.0
0.0
0.0
0.0
0.0
0.0
0.0
0.0
0.0
0.0
0.0
0.0
0.0
0.0
0.0
0.0
0.0
0.0
0.0
0.0
0.0
-1.72682
0.0
0.0
0.0
0.0
0.0
0.0
0.0
0.0
0.0
0.0
0.0
0.0
0.0
0.0
0.0
0.0
0.0
0.0
0.0
0.0
0.0
0.0
0.283598
0.990459
0.34606
-0.311238
-2.04909
0.303543
-0.933909
-0.0152499
0.199798
-0.446065
0.629526
1.59619
-1.34684
-0.976807
0.225705
0.206164
-1.19947
0.0
-1.76986
0.0
0.0
-0.260312
0.0
0.0
0.0
0.0
0.0
0.0
0.0
0.0
0.0
0.0
-0.764646
-1.15359
-0.101197
0.0670166
-0.0445608
1.67746
-3.00069
-0.126768
0.427629
2.15663
1.34139
1.95953
-0.714744
-0.216506
0.376119
0.146216
0.0
0.0
0.0
0.0
0.0
1.22615
0.0
0.0
0.0
-0.0219152
0.0
0.0
0.0
0.0
0.0
0.0
0.228041
1.19537
-0.192127
-0.105504
-0.976133
0.333968
0.543229
0.0889297
0.0327246
-0.511213
0.438139
0.820265
-0.665797
0.867551
0.329256
-0.349904
0.0
-1.26769
0.0
0.0
0.0
0.0
0.0
0.0
0.0
0.0
0.0
0.0
0.0
0.0
0.0
0.0
0.0
0.0
0.0
0.0
0.0
0.0
0.0
0.0
0.0
0.0
0.0
0.0
0.0
0.0
-1.02549
0.0
0.0
0.0
0.0
0.0
0.0
0.0
0.0
0.117666
-0.758093
0.0
0.0
0.0
0.0
0.0
0.0
0.0
0.0
0.0
0.0
0.0
0.0
0.0
0.0
0.0
0.0
0.0
0.0
0.0
0.0
-0.418571
0.0
0.0
0.0
0.0
0.0
-1.36798
0.0
0.0
0.0
0.0
0.0
-0.103226
0.0
0.0
0.0
0.0
0.0
0.0
-0.230377
-0.282764
0.289687
-0.409776
-1.54391
-0.776448
0.42656
-0.436968
-0.311522
-1.04987
0.618983
1.80329
-1.5638
0.534453
1.26033
-0.177345
0.214066
0.0
-1.01132
0.0
0.0
0.0
0.0
0.0
0.0
0.0
0.0
0.0
-0.200329
0.0
0.0
0.0
0.0
0.0
0.0
0.0
0.0
0.0
0.0
0.0
0.0
0.327743
-0.735357
0.0
0.0
0.0
0.0
0.0
0.0
0.0
0.0
-1.42594
0.0
0.0
0.728729
0.0
0.0
0.0
0.0
-1.48033
0.705643
-0.779091
0.0
0.0
0.0
0.0
0.0179229
0.0
0.0
0.0
0.0
0.0
0.0
0.0
0.0
0.0
0.0
0.0
0.0
0.0
0.0
0.0
-0.386071
0.0
0.0
0.0
0.0
0.0
0.281604
0.0
0.0
-1.89835
0.0
0.0
0.0
0.0
0.0
1.00305
0.0
0.0
0.0
0.0
0.0
0.0
0.0
0.0
0.0
0.0
0.0
0.0
0.0
0.0
0.0
0.123093
0.0
0.0
-1.7691
0.0
0.0
0.0
0.0
0.0
0.0
0.0
0.0
0.0
2.06625
0.0
0.0
0.0
0.0
0.0
0.0
0.0
0.0
0.0
0.787451
0.0
0.0
-0.989872
0.0
0.0
0.0
0.0
0.0
0.0
0.0
0.0
0.0
0.0
0.0
0.618062
0.0
0.375133
0.0
0.0
0.0
0.0
0.0
0.0
0.0
0.0
0.0
0.0
0.0
0.0
0.0
0.0
0.0
0.0
0.0
0.0
0.0
0.0
0.0
0.0
0.0
0.0
0.0
0.0
0.0
0.0
0.0
0.0
0.0
0.0
0.0
0.487246
-1.00478
0.0
0.0
0.0
0.0
0.0
0.0
0.0
0.0
-0.17609
0.0
0.0
0.0
0.0
0.0
0.0
0.0
0.0
0.0
0.466066
0.0
0.0
0.0
0.0
0.0
0.0
0.0
0.0
0.0
0.0
0.0
0.0
0.0
0.0
0.0
0.0
0.0
0.0
0.0
0.0
0.0
0.0
-2.11363
0.0
0.0
0.0
0.0
0.0
0.0
0.0
0.0
0.0
0.0
0.0
0.0
0.0
0.0
0.0
0.0
0.0
0.0
-0.780116
0.0
0.0
0.0
0.0
0.0
0.0
0.0
0.0
0.0
-1.71526
0.0
1.85514
0.0
0.0
0.0
0.0
0.0
0.0
-0.753508
-1.59585
0.458001
0.0
0.0
0.0
0.0
0.0
0.0
0.0
0.0
0.0
0.265807
0.0
0.0
0.0
-0.165219
0.0
0.0
0.0
0.331004
1.13971
-0.0279317
-0.84672
-0.543084
0.277016
0.14093
-0.131575
0.414312
-0.608837
0.0567422
0.885845
-0.420346
0.195887
0.355181
-0.3485
0.0
0.0
0.0
0.0
0.0
0.0
0.0
0.0
0.0
0.0
0.0
0.0
0.0
0.0
0.0
0.0
0.0
0.0
0.0
0.0
0.0
0.0
0.0
0.0
0.0
0.0
0.0
0.0
0.0
0.0
0.0
0.0
-0.446619
-0.088156
-0.290213
-0.272673
0.753696
-1.41446
1.33199
-0.793749
0.997837
-0.0370351
0.544409
0.382277
-0.413689
0.205872
1.47008
-0.110704
0.0
-0.66406
0.0
0.0
0.0
0.0
0.0
0.0
0.0
0.0
-0.533627
0.0
0.0
0.0
0.0
0.0
0.0
0.0
0.0
0.0
0.0
0.0
0.190246
0.0
-1.39921
0.0
0.0
0.0
0.0
0.0
0.0
0.0
0.0
0.0
0.0
0.0
-0.971193
0.0
0.0
0.0
0.0
0.0
0.0
0.492087
0.0
0.0
0.0
0.0
0.0
0.0
0.0
1.03172
0.0
0.0
1.62246
-1.16775
0.0
0.0
0.770404
0.0
0.0
0.0
0.0
0.0
0.0
0.0
0.0
0.0
0.0
0.0
0.0
0.0
0.0
0.0
0.0
0.0
0.0
0.0
0.0
0.0
0.0
0.0
0.0
0.0
0.0
0.0
0.0
0.0
0.0
0.0
0.0
0.0
0.0
0.0
0.0
0.0
0.0
0.0
0.0
0.0
0.0
0.0
0.0
0.0
0.0
0.0
0.0
0.0
0.0
0.0
0.0
0.0
0.0
0.0
0.0
0.0
0.0
0.0
0.0
0.0
-1.96779
0.0
0.227745
0.0215724
0.0
0.0
1.06094
0.0
0.341833
0.947663
0.422924
-0.849501
1.15438
-0.00123172
0.23494
-0.247123
-0.293222
-0.417032
0.530788
1.08214
0.0823621
-0.0173861
0.595087
-0.102535
1.58249
-0.15491
0.0
0.0
0.0
-0.113821
0.0
0.402511
0.0
0.0
0.0
0.0
0.0
0.0
0.0
0.0
0.0
0.0
0.0
0.0
0.0
0.0
0.604449
0.0
0.0
0.0
0.0
0.0
0.0
0.0
0.0
0.0
0.0
0.0
0.0
0.0
0.0
0.0
0.0
0.0
0.0
0.0
0.0
0.0
0.0
0.0
0.0
0.0
0.0
0.0
0.256374
0.0
0.0
0.0
0.0
0.0
0.0
0.0
0.0
0.0
0.0
-0.32024
0.0
0.0
0.0
0.0
0.0
0.0
0.0
0.0
0.0
0.0
0.0
-0.796659
0.0
0.0
0.0
0.0
0.0
0.0
0.0
0.0
0.0
0.0
0.0
0.0
0.0
0.0
1.08751
0.0
0.0
0.0
0.0
0.0
0.0
0.0
0.0
0.0
0.0
0.0
0.0
0.0
0.0
0.0
0.0
0.225809
0.0
0.0
0.0
0.0
0.0
-1.62015
0.0
0.0
0.0
0.0
0.0
0.0
0.0
0.0
0.0
0.0
0.0
0.0
0.0
0.0
0.0
0.0
0.0
0.0
-0.317151
0.0
0.0
0.0
0.0
0.999931
0.0
0.0
0.0
-0.285333
0.0
0.0
0.0
0.0
0.0
0.0
0.0
0.0
0.0
0.0
0.0
-0.688822
0.0
0.0
0.0
0.0
-1.28389
0.0
0.0
0.0
0.0
0.0
0.0
0.0
0.0
0.0
0.0
0.0
0.0
1.23034
0.0
0.0
0.0
0.0
0.0
0.212303
0.0718676
0.739349
0.261311
-0.278649
0.434885
-0.727959
0.714605
-0.0978789
0.484831
-0.279092
-0.430603
-0.246882
-0.269262
0.281264
1.00876
0.205001
0.0
0.0
0.0
0.0
0.0
0.0
0.0
1.5906
0.0
0.747479
0.0
0.0
0.0
0.0
0.0
0.0
0.0
0.0
0.0
0.0
0.0
0.0
0.0
0.0
0.0
0.0
0.0
0.0
0.0
0.0
0.0
0.0
0.0
-1.25061
0.0
0.0
0.0
0.0
0.0
0.0
0.0
0.0
0.0
0.0
0.0
0.0
0.0
0.0
0.0
0.0
0.0
0.0
0.0
0.0
0.0
0.0
0.0
0.0
0.0
0.0
0.0
0.0
0.0
-0.17346
0.0
0.0
0.0
0.0
0.0
0.0
0.0
0.0
0.0
0.0
0.0
0.0
0.0
-0.0972394
0.0
0.0
0.0
0.0
0.0
0.0
-1.00226
0.0
0.0
0.0
0.0
0.0
0.0
0.0
0.0
0.0
0.0
0.0
0.0
-0.0934352
0.0
0.0
0.0
-0.0227867
2.11312
0.0
0.0
0.0
0.0
0.0
0.0
0.0
0.0
0.0
0.0
0.0
-0.694484
0.0
0.0
0.0
0.0
0.0
0.0
0.0
0.0
0.0
0.0
0.0
1.21393
0.0
0.0
0.0
0.0
0.527007
0.0
0.0
0.0
-0.05879
0.0
0.0
0.0
0.0
0.0
-1.22465
0.0
0.0
0.397136
1.22949
0.153797
0.663061
-0.0812411
0.278194
0.216538
-0.137035
0.31065
-0.58801
0.167518
1.00555
-0.346797
0.365248
-0.133832
0.132942
0.0
0.0
0.0
0.0
0.0
1.14675
0.0
0.0
0.0
0.0
-0.510446
0.0
-0.172675
0.0
0.0
-0.844756
0.0
0.0
0.0
0.0
0.0
0.0
0.0
0.0
0.0
0.0
0.0
0.0
0.0
0.0
0.0
0.716488
-0.0303841
0.0
0.0
0.0
0.0
0.676145
0.0
0.372711
0.0
0.0
0.0
0.0
0.0
0.0
0.0
0.0
0.368629
0.0
0.0
0.0
0.0
0.0
0.0
0.0
0.0
0.0
2.88508
0.0
0.0
0.0
0.0
0.0
0.0
0.0
0.0
0.0
0.0
-1.56042
0.705384
0.0
0.0
-1.13995
0.0
-0.507359
0.0
0.0
0.0
0.0
0.737532
0.0
0.0
0.0
0.0
0.0
0.0
0.0
0.0
0.0
0.099436
0.0
0.0
0.967635
0.0
0.0
0.0
0.0
0.0
0.0
0.0
0.0
-0.489648
0.0
0.0
0.0
0.0
0.0
0.0
-1.3473
-0.166164
0.0
0.0
0.0
0.0
0.0
0.0
0.0
0.0
0.0
0.0
0.0
0.81395
0.0
0.0
0.557203
0.0
0.0
0.458684
0.0
0.0
0.0
0.0
0.0
0.0
0.0
0.0
0.0
0.0
0.0
0.0
0.0
0.0
0.0
0.0
0.0
0.0
0.0
0.0
0.0
0.0
0.0
0.0
0.0
0.0973717
0.0
0.0
0.410542
0.0
0.0
0.0
0.0
0.0
0.0
0.0
0.0
0.0
0.0
0.0
0.0
0.0
0.0
0.0
0.0
0.0
0.0
0.29473
0.526153
-0.525891
0.140712
0.433417
-0.682806
0.221627
-0.472548
2.58682
0.0393147
-0.609267
0.488403
0.433251
-0.302819
0.849703
2.06463
0.0
0.0
0.0
0.0
0.0409615
0.0
0.0
0.0
-1.63494
0.0
0.0
0.0
0.0
0.0
0.0
-0.0379678
0.0
0.0
0.0
0.0
0.0
0.0
0.0
0.0
0.0
1.86542
0.0
0.0
0.0
0.0
0.232565
0.0
0.0
0.0
0.0
0.0
0.149947
0.0
0.0
0.0
0.0
0.0
0.0
0.0
0.0
0.0
0.0
0.0
0.0
0.0
0.0
0.0
0.0
0.0
0.0
0.0
0.0
0.0
0.0
0.0
0.0
0.0
0.0
0.0
0.0
0.0
0.0
0.0
0.0
0.833007
0.0
0.0
0.0
0.0
0.0
0.0
0.0
0.0
0.0
0.0
0.0
-0.371667
0.0
0.0
0.0
0.0
0.0
-0.769512
0.0
0.0
1.30718
0.0
0.0
0.0
0.0
0.0
0.0
0.0
0.0
0.0
0.0
0.0
0.0
0.0
0.0
0.0
0.0
0.0
0.0
0.23033
0.0
0.0
0.582262
0.0
0.0
0.0
0.0
0.0
0.0
0.0
0.0
0.0
0.0
0.0
0.0
0.0
0.0
0.0
0.0
0.0
0.0
0.0
0.0
0.0
0.0
0.0
0.0
0.0
0.0
0.905206
0.0
0.0
-2.89668
0.0
0.0
0.0
0.0
0.0
-0.0533106
0.0
0.0
0.0
0.0
0.0
0.0
0.0
0.0
0.0
0.0
0.0
-0.28403
0.0
0.0
0.0
0.0
0.0
0.0
0.0
0.0
0.0
0.0
0.0
0.0
0.0
0.0
0.0
0.37802
0.750673
-0.53994
0.644574
0.242076
-0.328888
0.560853
-0.295787
0.0182421
0.494841
0.0983008
0.145622
0.300752
0.529649
0.225168
-0.325006
0.0
0.0
0.0
0.0
0.0
0.0
0.799081
0.0
0.0
0.0
-0.798715
0.0
0.0
0.0
0.0
0.0
0.0
0.0
0.0
0.0
0.0
0.0
0.383495
0.0
0.0
0.0
0.0
0.0
0.0
0.0
0.0
0.0
0.0
0.0
0.235562
0.0
0.0
0.0
0.0
0.0
0.0
0.0
0.0
0.0
0.0
0.0
0.0
0.0
0.0
0.0
0.0
0.0
0.763204
0.0
0.0
0.0
0.0
0.0
-1.83772
0.0
-0.135136
0.0
0.0
0.0
0.0
0.0
0.0
0.88632
0.0
0.0
0.0
0.0
0.0
0.0
0.0
0.0
0.0
0.0
0.0
0.0
0.0
0.0
0.0
0.0
0.0
0.0
0.0
0.0
0.0
0.0
0.0
0.620629
0.0
0.0
0.0
0.0
0.0
0.0
0.0
0.0
-0.0429078
0.0
0.0
0.0
0.0
0.0
0.0
-0.401853
0.0
0.0
0.0
0.0
-0.0628351
1.70577
1.34714
0.0834348
-0.764637
-0.4159
0.229362
0.29174
-0.32546
-0.0546913
0.525889
0.0902156
-0.254915
-1.03159
-0.401189
0.195156
0.0
0.0
0.0
0.0
0.0
0.0
0.0
0.0
0.0
0.0
0.0
0.0
-1.16128
0.0
0.0
0.0
0.0
-0.931259
0.0
0.0
0.0
0.0
0.0
0.0
0.0
0.0
0.0
0.0
0.0
0.0
0.0
0.0
0.0
0.0
0.0
0.0
-1.21442
0.0
0.0
0.0
0.0
0.0
0.0
0.0
0.0
0.0
0.685437
0.0
0.0
0.0
0.0
0.0
0.0
0.0
0.0
0.0
0.0
0.0
-0.72064
0.0
0.0
0.0
1.22302
0.0
0.510897
0.312518
0.604768
0.322748
0.263288
-0.606116
0.562826
-0.225789
0.337193
0.468739
0.149466
0.763646
0.797064
0.358527
-0.283049
-0.00983293
0.0
0.0
0.0
0.0
0.0
0.0
0.0
0.0
0.0
0.0
0.0
0.0
0.0
0.0
0.0
-0.706504
-0.595353
-0.902724
0.0
0.0
0.0
1.86973
0.0
0.0
0.0
0.0
0.0
0.0
0.0
0.0
0.0
0.0
0.0
0.0
0.0873309
0.0
-1.53774
0.0
0.0
0.0
0.0
0.0
0.0
0.0
-0.416237
0.0
-0.141881
0.0
0.0
0.0
0.0
0.395581
0.0
0.0
0.0
0.0
0.0
0.0
0.0
0.0
0.0
0.0
0.0
0.0
-0.297144
1.49102
-0.475076
0.616417
1.51487
-0.0555719
-0.452302
0.237728
-0.0904799
-0.221973
1.44353
-0.810306
2.12264
-0.57921
-1.67671
-0.182921
0.0
0.0
0.0
0.0
0.0
0.0
0.0
0.0
0.0
0.0
0.0
0.0
0.0
0.0
0.0
0.0
1.20086
0.0
0.0
0.0
0.0
0.0
0.0
0.0
0.0
0.0
0.0
0.0
1.83182
0.0
0.0
0.0
0.0
0.0
0.0
0.0
0.0
1.36955
0.0
0.0
0.0
0.0
0.0
0.0
0.0
0.0
-0.0627664
0.0
0.0
0.0
-1.13893
0.0
0.0
0.221927
0.0
1.42897
0.0
0.0
0.0
0.0
0.768841
0.0
0.0
0.0
0.0
0.0
0.0
0.0
0.0
0.0
0.0
0.0
0.0
0.153073
0.0
0.0
0.0
0.0
0.0
0.0
0.0
0.0
0.0
0.0
0.0
0.0
0.0
0.0
0.0
0.0
0.0
0.0
0.0
0.0
0.0
0.0
1.03139
0.226425
0.512358
-0.0987968
0.558546
-1.08238
1.68795
0.0559366
0.396403
-0.440872
1.07873
-1.27677
1.10517
-0.0309012
-0.420805
-0.0145631
0.0
0.0
0.0
0.0
1.19062
0.0
0.0
0.0
0.0
0.0
0.0
-0.122844
0.0
0.0
0.0
0.0
-0.0851308
0.322577
0.520328
0.137594
0.727702
-0.503725
0.262725
-0.929792
-0.632548
0.661734
-0.974184
-0.699106
0.874334
0.456956
-0.952584
-0.407253
0.0
0.234164
0.0
0.0
0.0
0.0
0.0
0.0
0.0
0.0
0.0
0.0
0.0
0.0
0.0
0.0
0.0
0.0
0.0
0.0
0.0
0.0
0.0
0.0
0.0
0.0
-0.793219
0.0
0.0
0.0
0.0
0.0
-1.03875
0.335031
0.0
0.0
0.0
0.0
0.0
0.0
0.0
0.0
0.0
0.0
0.0
0.0
0.0
0.0
1.22648
0.0
-2.17007
0.921384
0.0
0.0
0.0
0.0
0.0
1.00219
0.0
0.0
0.0
0.0
0.0
0.0
1.51714
0.0629922
3.85797
0.16522
-0.931223
0.646022
0.888953
0.0487061
2.50045
0.869501
-1.74716
2.55294
0.0207917
-1.63608
1.32544
2.42429
-1.43975
-0.400201
-3.9487
-0.199995
-1.28822
-0.923613
0.46941
-2.10948
-2.28047
-1.34214
1.32903
-3.86408
0.0257018
1.80387
-1.92523
-0.993462
0.695007
2.10063
1.74633
0.00169487
1.08249
-0.295603
2.85445
-0.390067
-0.167423
-1.22607
3.13853
-0.151628
-1.5323
-0.0675342
0.732056
-0.717993
0.310773
0.940855
0.504942
-0.0112569
-0.583059
4.81319
-1.05299
-2.25719
-0.233904
1.68095
-1.16377
1.15467
0.61793
-0.320276
-1.98326
0.127695
0.0776302
-0.208674
-0.0905623
-0.0347268
0.0398914
-0.28017
0.469576
-1.43432
0.21996
-0.558869
-0.419184
-1.3101
-0.687213
0.16794
-0.599867
-0.266693
-0.151735
0.185743
0.209738
-0.266324
0.174198
-0.861831
0.334805
-0.300545
1.16443
-1.53683
0.556245
0.653184
-0.328751
0.747185
0.0657263
-1.85108
2.67329
0.599098
0.808261
-0.302556
0.51716
-1.42315
-1.90945
-0.970352
1.06437
0.762299
-0.757443
2.8614
-0.328247
0.523331
0.614815
-1.42214
0.251951
1.89108
-0.576727
-0.0703468
-1.61499
0.665637
-0.0273484
0.0694105
1.01283
0.221476
-0.416213
0.867576
1.36189
0.0865515
0.231896
0.753712
1.56487
-1.53724
-2.2337
-0.148518
2.47917
-0.946792
0.458037
-0.865288
-0.522698
-0.275087
-1.48165
-0.430459
-1.5798
2.97016
-3.15938
1.46155
-0.0895363
0.979501
1.65416
2.27103
2.5731
-2.58243
0.188299
-1.35681
-0.314319
-0.0672028
-2.03641
0.189983
-1.07567
1.01346
2.66154
2.22884
-1.27702
1.25118
1.6702
2.14922
1.42326
4.44042
1.16766
1.88166
-1.97712
1.66088
2.9292
0.765103
3.40671
-2.48824
-2.49601
1.99003
-1.96496
-1.11921
-0.603832
2.62882
-0.184686
3.56052
2.82414
0.964195
-1.86389
-0.375269
1.39482
-2.49814
-0.082601
-1.31307
0.571014
1.77862
-1.81296
-2.46001
-0.428111
-0.128992
-0.0567426
-2.44255
3.86209
3.43682
-1.11552
0.0587553
2.52195
-0.217354
1.19144
-1.45892
0.834076
2.13891
0.729424
-0.465892
0.278698
-0.11701
0.894185
-0.818754
-2.39868
-2.62666
-0.26741
-2.12198
1.25657
-0.432476
-0.148549
0.834718
-0.0164613
-0.516289
0.274462
0.681155
0.0304605
-0.322431
0.0268154
-1.61827
-2.4541
2.74493
0.704206
1.59836
-2.08195
2.93894
0.0937977
-1.27112
0.844691
-0.451797
2.41166
-0.165234
0.132995
-0.101048
0.846741
0.396571
0.160358
1.8453
3.20767
-2.59851
6.54401
-2.12844
0.664771
0.157765
-1.06743
-3.57527
0.640037
-0.867908
0.638426
-0.456244
0.0658053
-1.67476
0.448585
1.72418
-1.62363
3.51033
-4.79471
1.10253
-0.0247164
-1.09698
0.711976
-0.819413
-0.270529
-0.740107
-0.954399
0.0614334
0.362558
-1.12547
-0.00854595
0.2241
-1.05006
-1.77349
5.52527
-2.23373
0.179531
0.216792
0.799574
0.305302
-1.2834
1.16158
-0.470492
-0.16208
0.414818
-0.567871
-0.980898
-1.10661
0.0673941
0.836786
-1.0541
0.168797
1.93918
-0.650088
2.66664
-0.767666
-1.90726
1.14496
0.0103441
-0.256353
0.261956
-0.0223175
-0.660435
-0.445449
1.00038
0.467407
-1.72389
0.505309
-2.97901
-2.70314
-0.200643
0.00172493
-1.31832
-0.907434
0.104955
2.20108
0.247984
1.22168
0.126349
0.883048
-0.188265
-0.126416
1.34169
-1.41999
1.186
0.482366
1.11959
-0.470984
-0.05825
-0.459703
-1.01895
0.131051
-1.76567
1.07284
0.796578
-0.254772
0.748405
-0.202049
0.543714
-0.663487
-0.0432485
-0.436922
-1.8581
1.96119
1.45779
-3.2571
-3.53362
-0.0996575
0.603649
-1.38604
-3.92721
2.32955
-2.97371
-3.12978
-6.60094
-3.6188
-1.78128
2.08744
-0.373648
-1.31379
-0.496749
1.34931
1.45668
1.28879
-3.50992
6.25536
2.6587
-2.64887
-2.68272
-0.0821084
4.57559
-7.71492
-2.69207
-7.92703
1.46298
-0.726173
2.08425
-4.34857
-3.49847
0.730097
-5.18556
-4.60631
0.22857
2.57612
7.60184
-12.4611
-0.781607
1.83807
-3.64637
-4.21454
-3.0053
0.163022
-0.361231
1.68859
1.12783
-0.593696
1.05214
2.74156
1.63331
1.45604
-3.14935
-0.919807
-3.29471
-0.978101
-5.12683
1.86836
-0.411606
-3.47938
-0.93591
1.29157
-1.25464
-1.38673
