[125, 9, 9, 4]
0.0
0.0
0.0
0.0
0.0
0.0
0.0
0.0
0.0
0.0
0.0
0.0
0.0
0.0
0.0
0.0
0.0
0.0
0.0
0.0
-1.65985
0.0
0.0
0.0
0.0
0.0
0.18791
0.0
0.0
0.0
0.0
0.0
0.0
0.0
0.0
0.0
0.0
0.0
0.0
0.0
0.0
0.0
0.0
0.0
0.0
-0.132243
-0.98104
-0.480889
1.40172
0.538553
-0.251022
-0.320497
0.103925
-2.23783
0.0
0.0
0.0
-2.48431
0.0
0.0
0.0
0.0
0.0
0.0
0.0
0.0
0.0
0.0
0.0
0.0
0.0
0.30703
0.0
0.0
0.0
0.0
0.0
0.0
0.0
0.0
0.0
0.0
0.0
0.0
0.0
0.0
0.0
0.0
0.0
0.0
0.0
0.0
0.0
0.0
0.0
0.260575
0.0
0.0
0.0
0.0
0.0
0.0
0.0
0.0
0.0
0.0
0.0
0.0
1.19591
0.0
0.0
0.0
0.0
0.0
0.0
0.0
0.0
0.0
0.0
0.0419799
0.0
0.0
0.0
0.0
0.0
0.0
0.0
0.0
0.0
0.0
0.0
-0.194603
0.0
0.0
0.0
0.0
0.0
0.0
0.0
0.0
1.40088
0.0
0.0
0.0
0.0
0.0
0.205107
0.0
0.0
0.0
0.0
0.0
1.05624
0.0
0.0
0.0
-1.02785
0.0
0.0
0.0
0.0
0.0
0.0
0.0
0.0
0.0
0.173281
0.0
0.0
0.0
1.05281
0.0
0.801693
0.0
0.0
0.95342
0.0
0.0
0.0
0.0
0.0
0.0
-0.255177
0.0
-0.328486
0.0
0.0
0.0
0.0
0.0
0.0
0.0
0.0
0.357041
0.0
0.0
0.0
0.0
0.0
0.0
0.0
0.0
0.0
0.223386
0.0
0.0
-0.278227
0.0
0.0
0.0
0.0
0.0
0.0
0.0
0.0
0.0
0.0
0.0
0.0
0.0
0.0
0.0
0.0
0.0
0.0
0.0
1.098
0.0
-0.477008
0.0
0.0
1.58381
-1.28792
0.0
0.0
0.268014
0.0
0.0
0.867191
0.0
1.64017
0.0
0.0
0.0
1.81651
0.0
0.0
0.0
0.0
0.0
0.158523
0.0
-0.934448
0.0
0.0
0.0
0.0
0.0
0.0
0.0
0.0
0.0
0.0
0.0
0.0
0.0
0.0
0.0
0.0
0.0
0.0
0.0
0.0
0.0
0.0
0.0
0.0
0.0
0.0
0.0
0.0
0.0
0.0
0.0
1.1381
0.0
0.0
0.0
0.0
0.0
0.0
0.0
0.0
0.0
0.0
0.0
0.0
0.0
0.0
0.0
0.0
0.0
-1.09956
0.0
0.0
1.6839
0.0
-0.0568569
0.0
0.0
0.0
0.0
0.0
0.0
0.0
2.29531
0.0
0.0
-0.72232
0.0
0.0
0.0
0.0
0.0
0.0
0.0
0.0
-0.517999
0.0
0.0
0.0
0.0
0.0
0.0
0.0
0.0
0.0
0.0
0.0
1.34469
0.0
0.0
0.0
0.0
0.0
0.0
0.0
0.0
0.0
-0.741611
0.0
0.0
0.0
0.0
0.0
0.0
0.0
0.0
0.0
0.0
-0.0330856
0.0
0.0
-0.00716652
0.0
0.0
0.0
0.0
0.0
0.0
0.0
0.0
0.0
0.0
0.0
-0.582907
0.0
0.828982
0.0
0.0
0.0
0.0
0.0
0.0
0.0
0.0
0.0
0.0
0.0
1.94274
0.0
0.0
0.0
0.0
0.0
0.0
0.0
0.0
0.0
0.0
0.0
0.0
0.0
0.0
0.0
0.0
0.0
0.0
0.0
0.247004
0.0
0.0
0.0
0.0
0.0
0.0
0.0
1.51115
0.0
0.0
0.0
0.0
-0.750584
0.0
-0.104961
0.0
0.0
0.0
0.0
0.0
0.0
0.0
0.0
0.0
0.0
0.0
0.0
0.0
0.215204
0.0
0.0
0.0
0.0
0.0
0.307203
1.53632
0.0
0.0
0.0
0.0
0.0
0.0
0.953626
0.0
0.326354
0.0
0.0
0.0
0.0
0.0
0.0
0.0
0.0
0.0
-1.01573
0.0
0.0
0.0
0.0
0.0
-0.12444
0.0
0.0
0.0
0.0
0.0
0.0
2.19268
0.0
0.0
0.0
0.0
0.0
0.0
0.0
0.0
0.0
0.0
0.0
0.0
0.0
0.0
0.0
0.0
0.0
-0.887341
0.176843
-0.815414
0.0857054
0.276832
-0.79821
1.62986
1.81114
-0.105323
0.508722
0.0
0.0
0.0
1.20133
0.0
0.0
0.0
0.0
-0.160036
0.0
0.0
0.0
0.0
-0.822919
0.0
0.0
0.0
0.0
0.0
0.0
0.0
0.0
0.0
0.0
0.0
0.0
0.0
0.0
0.0
0.0
0.0
0.0
0.0
-0.173901
0.0
0.0
0.0
0.0
0.0
0.0
0.0
0.0
0.637792
0.0
0.0
0.0
0.0
0.0
0.0
0.0
0.0
0.0
0.0
0.0
0.0
0.908432
0.0
0.0
0.0
0.0
0.0
0.0
0.0
0.0
0.0
0.0
0.0
0.0
0.0
0.0
0.0
0.0
0.0
1.90653
0.0
0.0
0.0
0.0
0.0
0.0
0.0297424
-1.9143
1.12671
-0.07037
-1.46682
-0.110124
-0.0564001
-0.225131
-1.37943
0.0
0.0
0.0
0.0
0.0
0.0
0.0
0.0
1.56311
0.0
0.0
0.0
0.0
0.0
0.0
0.0
0.0
0.0
0.0
0.0
0.0
0.0
0.0
0.0
0.0
2.18303
0.103435
0.0
0.0
0.0
0.0
0.0
0.0
0.0
0.0
0.0
0.0
0.0
0.0
0.0
0.0
0.0
0.0
0.0
0.0
0.902734
0.0
0.0
0.0
0.0
0.0
0.0
0.0
0.0
0.0
0.0
0.0
0.000366918
0.0
0.0
0.0
2.08751
0.0
0.0
0.0
0.0
0.0
0.0
0.0
0.0
0.0
-0.972989
0.0
0.0
0.0
0.0
0.0
0.0
0.0
0.0
0.0
0.0
0.0
0.0
0.0
0.0
-0.365731
0.0
0.0
0.0
0.0
1.02015
0.0
0.0
0.0
0.0
0.0
0.0
0.0
0.0
0.0
0.0
0.0
0.0
0.0
0.0
0.0
0.0
0.0
0.0
0.0
0.0
0.0
0.0
0.0
0.0
0.0
0.0
0.0
0.0
0.0
0.0
0.0
0.0
0.0
0.0
0.0
0.912232
0.0
0.0
0.0
-0.696933
0.710507
-0.865802
0.0
1.10482
0.0
0.0
0.0
0.0
0.0
0.0
0.0
0.0
0.0
0.0
-0.31029
0.0
0.0111485
0.0
0.0
0.0
0.0
0.0
0.0
0.0
-0.652152
0.0
0.0
0.0
0.0
0.0
0.0
0.0
0.0
0.0
0.0
0.0
0.0
0.0
0.0
0.0
0.0
0.0
0.0
0.0
0.0
0.0
0.0
0.0
-0.0570269
0.0
0.0
0.0
0.0
0.0
0.0
0.0
0.0
0.0
0.0
0.0
0.0
0.0
0.0
0.0
0.0
0.383468
0.0
0.0
0.0
0.0
0.0
0.0
0.0
-2.68591
0.0
0.948272
0.0
0.0
0.0
0.0
0.0
0.0
0.0
0.0
0.0
0.0
0.0
0.0
0.0
0.0
0.0
0.0
0.0
0.0
0.0
0.0
0.0
0.0
0.0
0.0
0.0
0.0
0.0
0.0
0.0
0.0
0.0
0.0
0.0
0.0
0.0
-0.533221
-1.13608
0.0
0.0
0.0
0.0
0.0
0.0
0.0
0.0
0.0
0.0
0.0
0.0
0.0
0.0
0.0
0.0
0.0
0.0
0.0
0.0
0.0
0.0
2.44539
0.0
0.0
0.0
0.0
0.0
0.0
0.0
0.0
0.0
0.0
0.0
0.0
0.0
0.0
0.0
0.0
0.0
0.0
0.0
0.0
0.0
1.12103
0.0
0.0
0.0
0.0
0.0
0.0
0.0
0.0
0.0
0.0
0.0
0.0
0.0
0.0
0.0
0.0
0.0
0.106148
0.0
0.0
0.0
0.0
0.0
0.0
0.0
0.0
0.0
0.0
0.0
0.0
0.0
0.0
0.0
0.0
0.0
0.0
0.0
0.0
0.0
0.0
0.0
0.0
0.0
0.0
0.304498
0.0
1.72559
0.0
0.0
0.0
0.0
-0.0191543
0.0
0.0
0.0
0.0
1.52591
0.0
0.0
0.0
0.0
0.0
0.0
0.0
0.0
0.0
0.0
0.0
0.0
0.0
0.0
0.0
0.0
0.0
-0.398698
0.514191
-0.190431
1.85406
0.0
0.0
0.0
0.0
-2.21206
0.0
0.0
0.0
0.0
0.0
0.0
0.0
0.0
0.0
0.0
0.0
0.0
0.0
0.0
0.0
0.0
0.0
0.0
0.0
0.0
1.6187
0.0
0.0
0.0
0.0
-2.04817
0.0
0.0
-0.651966
-0.296226
0.0
0.0
0.0
0.0
0.0
0.0
0.0
0.0
0.0
0.0
0.0
0.0
0.0
0.0
0.0
0.0
0.0
0.0
0.0
0.0
0.0
0.0
1.08079
0.0
0.0
0.0
0.0
0.0
0.629748
0.0
0.0
0.0
0.0
-0.0286457
0.0
0.0
0.0
0.0
-0.0536627
0.178717
1.58981
-0.711241
-0.458652
-1.78047
-1.00617
1.99905
2.21756
0.0
0.0
0.0
0.0
0.0
0.0
0.0
0.0
0.0
0.0
0.0
0.0
0.0
0.0
0.0
0.0
0.0
0.0
0.0
0.0
0.0
0.0
0.0
0.0
0.0
-0.645987
0.0
0.0
0.0
0.0
0.0
0.0
0.0
0.679242
0.0
0.0
0.0561246
0.0
0.0
0.0
0.0
0.0
-0.3923
0.0
0.0
-0.0347589
-0.541435
0.394527
-2.49324
0.387537
-2.22926
3.73966
1.65588
1.27902
0.435833
-0.096822
-1.56405
0.903738
-0.0499086
1.1979
-3.77481
-3.05613
-1.24703
-0.242287
1.42218
1.73618
0.586474
1.61013
-4.31237
0.377018
1.65889
-0.0135715
0.00228017
-2.15155
0.155569
-0.963316
1.06152
1.50926
-1.02444
-1.21364
2.68193
0.401208
-0.637659
-1.16935
-0.0869735
0.337294
0.529293
-0.0351985
-0.294598
0.906389
0.354178
-0.60928
-1.45658
-0.0219974
-0.0972374
-0.117001
-0.0614317
-1.46768
1.12907
1.4214
0.980435
2.04162
0.949046
0.483216
1.27707
-0.156242
-0.152636
-2.64623
1.76634
2.58155
3.17564
-0.329987
-1.94219
0.987008
-0.686118
2.18581
-1.30905
2.06566
-2.44003
-3.47102
0.460119
2.37142
0.254029
0.27191
-2.15149
0.45524
0.319054
0.64222
0.796224
2.19049
2.3757
-3.26342
-0.357742
-2.343
1.39818
0.1457
2.04853
3.71997
1.81817
1.40259
4.62992
-0.804901
4.74427
-3.04784
-0.0462367
0.892513
-1.11431
2.70923
0.228191
1.66857
1.47696
-0.796347
1.06279
-0.186229
1.83279
4.09244
-0.179492
0.107314
1.09741
1.25172
6.13717
-0.605503
0.0458594
-2.23393
-0.649862
-0.651588
0.247423
-2.56161
-3.33529
-2.86975
-2.65641
0.0463645
-0.206612
0.181644
0.120933
0.253401
-0.0418251
-0.81762
2.49838
-0.340414
-1.88136
0.189563
-1.97243
0.590859
3.92725
0.457747
0.842857
-1.73651
2.65148
-5.96146
2.11473
-3.47161
-1.34211
0.0536864
-0.0695441
1.67509
-2.19686
0.0147448
-3.4469
1.34832
7.52661
4.24132
1.37986
-8.18777
-4.06043
-4.1159
-5.51155
-5.85905
-5.91489
-6.8296
5.47502
-4.79098
-3.36963
-3.77589
-3.26764
0.0034995
-4.50003
-1.12086
-2.43583
-0.280559
