[125, 49, 49, 4]
0.0
0.0
0.0
0.0
0.0
0.0
0.0
0.0
0.0
0.0
0.0
0.0
0.0
0.0
0.0
0.0
0.0
0.0
0.0
0.0
0.0
0.0
0.0
0.0
0.0
0.0
0.0
0.0
0.0
0.0
0.0
0.0
0.0
0.0
0.0
0.0
0.0
0.0
0.0
0.0
0.0
0.0
0.0
0.0
0.0
0.0
0.0
0.0
0.0
0.0
0.0
0.0
0.0
0.0
0.0
0.0
0.0
0.0
-0.510462
0.0
0.436923
0.0
0.0
0.0
0.0
0.0
0.0
0.0
0.0
0.0
0.0
0.0
0.0
0.0
0.0
0.0
0.0
0.0
0.0
0.0
0.0
0.0
-1.65976
-0.14315
0.0
0.0
0.0
-0.460862
0.0
0.0
0.0
0.0
0.650664
0.0
0.0
0.0
0.0
-0.451827
0.0
-0.466989
0.0
1.02206
0.0
0.0
-1.70399
0.0
1.05472
0.0
0.0
0.0
0.0
0.0
0.0
0.0
1.08297
0.0
0.0
0.0
0.0
0.0
-0.248562
0.0
0.0
0.0
0.0
0.0
0.0
-0.642877
0.0
0.0
0.0
0.0
0.0
0.0
0.0
0.0
0.0
0.0
0.0
0.490396
0.0
0.0
0.0
0.0
0.0
0.0
0.0
0.0322219
0.814975
0.530913
0.502195
-0.656767
-0.0716063
0.349751
0.0724695
-0.622634
-1.35093
0.810032
-0.754174
-0.0909441
-0.107413
-1.01322
0.268529
0.716121
0.00667267
-0.0809525
1.33624
-0.0472858
-0.583234
-0.0281724
0.210767
-0.884882
0.614863
-0.570576
-0.790493
-0.468052
-0.0878231
-1.29243
-0.0883616
-0.117279
1.7134
0.971651
-0.210832
0.960981
-0.462186
0.581912
0.80985
-0.114657
-0.818009
-0.199393
-0.896425
-0.0781722
-0.493063
-0.2078
0.140247
0.0610964
0.0
0.0
0.0
0.0
0.103757
0.0
0.0
0.0
0.0
0.0
0.730963
0.0
0.0
0.0
0.0
0.0
0.0
0.0
0.0
0.222145
0.0
0.0
0.0
0.0
-0.568134
0.0
-0.185514
0.0
-0.360108
0.0
0.0
0.0
0.0
0.0
0.0
0.0
0.0
0.0
0.0
-0.711573
0.0
0.0
0.0
0.0
0.0
2.91769
0.693962
0.0
0.0
0.0778688
0.884261
0.656489
0.432386
-0.369725
0.0407699
0.248155
-0.920052
-0.139773
-0.935188
1.11789
-0.491542
0.223101
-0.056206
0.694092
0.269698
0.626079
-0.914129
-0.272506
1.36375
-0.316603
0.111168
-0.221602
-0.0259648
-0.778783
0.789461
-0.434988
-0.411863
-0.75282
0.0176081
-0.844093
-0.409706
-0.299812
1.42131
0.804815
-0.397283
0.131564
-0.853071
-0.668252
-0.240298
-0.0466689
-0.289318
0.345405
-0.304437
-0.781289
-0.224709
0.135909
-0.245443
0.114523
0.0
0.0
0.0
0.0
0.0
0.0
0.0
0.0
0.0
2.82689
0.0
0.0
0.0
0.0
0.0
0.0
0.0
0.0
0.0
0.727759
0.0
0.0
0.0
0.0
1.72365
0.0
0.0
0.0
0.0
0.0
0.0
0.0
0.0
0.0
0.0
0.0
0.0
0.784163
0.0
0.0
0.0
0.0
0.0
0.0
0.0
0.0
0.0
0.0
0.0
0.125987
0.788586
0.248201
0.374579
-0.919605
-0.528589
0.289744
0.13102
0.402492
-1.44595
1.00057
-0.567234
0.487064
-0.552452
1.23678
-0.223781
0.365778
-1.39945
-0.0703973
2.57621
-0.429695
0.467195
-0.388301
-0.404086
-0.667716
0.517132
-0.335433
0.132435
-0.660991
0.163637
-0.540957
-0.371879
-0.356824
1.50462
0.609777
-0.451198
-0.155773
-0.870099
-1.11328
-0.035417
-0.157829
0.442313
-0.0567816
0.238385
-0.0188369
-0.232296
-0.409194
-0.271046
0.0278259
0.0
0.0
0.0
0.0
0.0
0.0
0.997707
0.0
0.0
0.0
0.0
0.0
0.0
0.0
0.0
-2.54569
0.0410557
0.0
0.0
0.0
0.0
0.0
0.0
0.0
0.0
0.0
0.0
0.166923
0.0
0.0
0.0
0.0
0.0
2.27242
0.0
0.0
0.0
0.0
0.0
0.0
0.0
0.0
0.0
0.0
0.0
0.0
0.0
0.0
0.0
0.0
0.195069
0.0
0.0
0.0
0.0
0.0
0.0
0.0
0.0
0.0
0.0
0.0
0.0
0.0
0.0
0.0
0.0
0.0
0.0
0.0
0.0
-1.87823
-1.05632
0.0
0.0
0.0
0.0
0.0
0.0
0.0
0.0283474
0.0
0.0
0.0
0.0
0.0
0.0
0.0
-0.118547
0.0
0.0
0.0
0.0
0.0
0.0
0.0
0.0
0.0
0.0
0.0
0.0
0.0
0.0
0.0
0.0
0.0
0.173913
0.0
0.0
0.0
1.73921
0.0
0.0
0.7725
0.0
0.0
0.0
0.0
0.0
0.0
0.0
0.0
0.0
0.0
0.0
0.0
0.0
0.0
0.0
0.852113
0.0
0.0
0.0
0.0
0.0
0.0
0.0
0.0
0.0
0.0
0.0
0.0
0.0
0.0
0.0
0.0
0.0
0.0
0.0
0.0
0.0
0.0
0.0
0.0
0.109195
0.0
0.0
0.0
0.0
0.0
0.0
0.0
0.0
0.0
0.0
0.0
0.0
0.0
0.0
0.0
0.0
0.0
0.570262
0.0
0.0
0.0
0.0
0.0
1.16153
0.0
0.0
0.0
0.0
0.0
0.0
0.0
0.0
0.0
0.0
0.0
0.0
0.0
0.0
1.36096
0.0
0.0
0.0
0.0
-0.640727
0.0
0.0
0.0
0.0
0.0
0.0
0.0
0.0
0.0
1.30115
0.0
0.0
0.0
0.0
0.0
0.0
0.0
0.0
-0.43676
0.0
0.0
0.153882
0.0
0.0
0.0
0.0
0.0
0.0
0.0
0.0
0.0
0.0
0.0
0.0
0.0
0.554924
0.0
0.0
0.0
0.0
0.0
0.0
0.0
0.0
0.0
-0.72809
-0.106073
0.696782
-0.258526
-0.330206
0.520195
0.165868
0.017729
0.591278
-0.389978
0.390642
-0.55987
-1.05163
0.0272408
0.0244772
-0.233683
0.451487
0.37874
0.139542
-0.169913
0.414277
-0.107606
-1.13227
-0.13691
-0.192763
-1.03237
0.454758
-0.608842
-0.178166
0.904735
-0.0151412
-0.126207
0.135626
0.639647
1.38463
0.735198
-0.3857
-0.32095
0.00710358
1.24523
1.27925
-0.562527
-0.166561
-0.141487
0.614162
-0.566109
-0.519053
-0.144167
-0.113654
0.141914
0.0
0.0
0.0
0.0
0.424029
0.0
0.0
0.0
0.0
0.0
0.0
0.0
0.0
0.510673
0.0
0.0
0.0
0.0
-0.641124
0.0
0.0
0.0
0.0
0.0
0.0
0.0
0.0
0.0
0.0
0.0
0.0
0.0
1.20123
0.0
0.0
0.0
0.0
0.0
0.0
0.0
0.0
0.0
0.0
0.0
0.0
0.0
0.0
2.03948
0.0
0.0
0.0
0.0
0.0
0.0
0.0
0.0
0.0
1.81279
0.0
0.0
0.0
0.0
-0.735598
0.0
0.0
0.0
0.0
0.0
0.0
0.0
0.0
-0.121993
0.0
0.0
0.0
0.0
0.0
0.0
0.859684
0.0
0.0
0.0
0.0
0.0570014
0.0
0.0
0.0
-1.47973
0.0
0.0
0.0
0.0
0.0
0.0
0.0
0.0
0.0
0.0
0.0
0.0
0.0
0.0
0.0
0.0
0.0
0.0
0.0
0.0
0.0
0.0
-0.125822
0.0
0.0
0.0
0.0
0.0
0.0
0.0
0.0
0.0
0.0
0.513137
0.0485735
0.0
0.0
0.0
0.0
0.0
0.0
0.0
0.0
0.0
0.0
0.0
0.0
0.0
0.0
-0.130165
0.0
0.0
0.0
0.0
0.0
0.0
0.0
0.247786
0.0
0.0
0.0
0.0
0.0
0.0
0.0
0.0
0.0
0.0
0.0
0.0
0.0
0.0
0.0
0.0
0.273186
0.0
0.0
0.0
0.0
0.0
0.0
0.0
0.0
0.0
0.0
0.0
0.0
0.0
0.0
0.0
0.0
0.0
0.0
0.0
1.21596
0.0
0.0
0.0
0.0
0.0
0.0
-1.36245
0.0
0.0
0.0
0.0
0.0
0.0
0.0
0.0
0.0
0.0
0.0
0.0
0.0
0.0
0.0
-1.30563
0.0
0.0
-0.326264
0.0
0.0
0.0
0.0
0.0
0.0
-1.31839
0.0
0.721443
0.0
0.0
0.0
0.0
0.0
0.0
0.0
0.0
0.0
0.0
0.0
0.0
0.0
0.0
0.0
0.0
0.0
0.0
0.0
0.0
0.0
0.0
0.343032
0.0
0.0
0.0
0.0
0.0
0.0
0.0
0.480351
0.0
0.0
0.0
0.0
0.0
0.0
0.0
0.0
0.0
0.0
1.13504
0.528573
0.0
0.0
0.0
0.0
0.0
0.0
0.0
0.0
0.0
0.0
0.0
0.0
0.0
0.0
0.0
0.0
0.0
0.0
0.0
0.0
0.0
-0.152603
0.0
0.0
-1.45413
0.0
0.0
0.0
0.0
0.0
0.0
0.0
-0.0859482
0.0
0.530277
0.0
0.0
-2.17542
0.0
0.0
0.0
0.0
0.0
0.0
0.0
0.0
0.235397
0.0
0.0
0.0
0.0
0.0
-0.167775
0.0
0.0
0.0
0.0
0.0
0.0
0.0
0.0
0.0
0.0
0.0
0.0
0.0
0.0
0.0
0.0
0.0
0.968326
0.0
0.0
0.0
0.0
0.0
0.0
0.0
0.0
0.0
0.0
0.0
0.0
0.0
0.0
0.0
0.0
0.0
0.0
0.0
0.0
0.0
0.0
0.0
0.0
0.0
0.0
0.0
0.0
0.0
0.0
0.0
0.0
0.0
-0.964931
0.0
0.0
0.0
0.0
0.0
0.0
0.0
0.0
0.0
0.0
0.0
0.0
0.0
0.0
0.0
0.0
0.0
0.0
0.0
0.0
-0.258815
0.0
0.0
0.0
2.08963
-0.272659
0.0
0.0
0.0
0.0
0.0
0.0
0.0
0.0
0.0
0.0
0.0
0.0
0.0
0.0
0.0
0.0
0.0
0.0
0.0
0.0
0.0
0.466776
0.0
0.0
0.0
0.0
-0.371974
0.0
0.0
0.0
0.0
0.0
0.0
0.0
0.0
0.0
0.0
0.0
0.0
0.0
0.0
0.0
0.0
0.0
0.0
0.0
0.0
0.0
0.0
0.0
0.0
0.0
0.0
1.39367
0.0
0.0
2.21218
0.0
0.0
0.0
0.0
0.0
0.0
0.0
0.0
0.0
0.0
-0.211457
0.0
0.0
0.0
0.0
-2.27395
0.0
0.0
-1.84106
0.0
0.0
0.0
0.0
0.0
0.0
0.0
0.0
0.0
0.0
0.0
0.0
0.0
0.0
0.0
0.0
0.0
0.0
0.0
0.0
0.0
0.0
0.0
0.0
0.682316
0.0
0.0
-0.0645036
0.0
0.0
0.0
0.0
0.0
0.0
0.0
0.0
0.0
0.0
0.0
0.0
0.0
0.0
1.05949
0.0
0.0
0.0
0.139972
0.0
0.0
0.0
0.0
0.0
0.0
0.0
0.0
0.0
0.0
0.0
-0.861605
0.0
0.0
0.0
0.0
0.0
0.0
0.0
0.0
0.0
0.0
0.0
0.0
0.0
0.0
0.0
0.0
0.0
0.0
0.0
0.0
0.0
0.0
0.0
0.0
0.0
0.0
0.0
0.0
0.0
-0.552385
0.0
0.0
0.0
0.0
0.0
0.0
0.0
0.0
0.0
0.0
0.0
0.0
0.0
-0.680869
0.0
0.0
0.0
0.0
0.0
0.0
0.0
-0.758927
0.0
0.0
0.0
0.0
0.0
0.0
0.0
0.0
0.0
0.0
0.0
0.0
0.0
0.0
0.0
0.0
0.0
0.0
-0.63037
0.0
0.0
0.0
-2.11544
0.0
0.0
0.0
0.0
0.0
0.0
0.0
0.0
0.0
0.0
0.0
0.0
0.0
0.266468
0.0
0.0
0.0
0.0
0.0
0.0
0.0
0.0
0.0
0.0
0.0
0.0
0.0
0.0
-0.239091
0.0
0.0
-1.29708
0.0
-0.0249259
0.0
0.0
0.0
0.0
0.0
0.0
0.0
0.0
0.0
0.0
-0.873059
0.0
0.0
0.0
0.0
0.0
0.0
0.0
0.0
0.0
-0.989659
1.70685
0.0
0.0
0.461698
0.0
0.0
0.251432
0.0
0.0
0.0
0.0
0.0
0.0
0.0
0.0
0.0
0.0
0.0
0.0
0.0
0.0
0.0
0.0
0.0
0.0
0.0
0.0
0.0
0.0
0.0
0.0
0.0
-0.178807
0.0
0.369873
0.0
0.0
0.0
0.0
0.724161
0.0
0.0
0.0
0.0
0.0
0.0
0.0
0.0
0.0
0.0
0.0
0.0
0.0
0.0
0.0
-0.31006
0.0
0.0
0.0
0.0
0.0
0.0
0.0
0.0
0.0
0.0
0.0
0.0
0.0
0.0
0.0
-1.52848
0.0
0.0
0.0
0.0
0.0
0.0
0.0
0.0
0.501427
-0.593236
0.0
0.0
0.0
0.0
-0.0379205
-0.0321719
0.0
0.0
0.0
0.0
0.0
0.0
0.0
0.0
0.0
0.0
0.0
0.0
0.0
0.0
0.0
0.0
0.0
0.0
0.0
0.0
0.0
0.0
0.0
0.0
0.0
0.0
0.0
0.0
0.0
0.0
-0.278882
0.0
-0.691014
0.0
0.0
0.0
0.0
0.0
0.0
0.0
0.676134
0.0
0.0
0.0
0.0
0.0
0.0
0.0
0.0
0.0
0.0
0.0
0.0
0.0
0.0
0.0
0.0
-0.151604
0.0
0.0
0.0
0.0
0.0
0.0
0.0
0.0
2.40557
0.0
0.0
0.0
0.715984
0.0
0.0
0.0
0.0
0.0
0.259317
0.0
0.0
0.0
0.0774719
1.33513
0.0
0.0
0.0
-0.99827
1.54341
0.0
-0.171408
0.817371
0.340662
0.390296
-0.00699675
0.549467
-0.437424
0.245263
-0.11166
-0.329194
0.0522299
-0.464227
0.617201
-0.899958
1.89969
-0.297151
-0.0552289
-0.612228
-0.0830494
0.881974
-0.0904711
0.212232
-0.54929
0.775459
-0.753048
0.673612
-0.342109
-0.0627515
0.485708
0.103629
0.0795198
0.598845
-0.262954
1.18129
0.707025
-0.140026
-0.0383569
-0.809376
-0.930219
0.405067
-0.293788
-0.488339
0.189096
0.747369
-0.850334
-0.274925
-0.0835224
-0.517721
-0.00595363
0.0
0.0
-0.263335
0.0
0.0
2.26018
0.0
-0.225244
0.0
0.0
0.0
0.0
0.0
0.0
0.0
-0.969868
0.0
0.0
0.0
0.0
0.0
0.0
0.0
0.0
0.0
0.0
0.0
0.0
-0.343005
0.0
0.0
0.0
0.0
0.0
0.0
0.0
0.0
0.0
0.0
0.0
1.40946
0.0
0.0
0.0
-0.731088
0.0
0.0
0.0
0.0
0.0
0.0
0.0
0.0
0.0
0.0
0.0
0.0
0.0
0.0
0.0
0.0
0.0
0.0
0.0
0.0
-0.0263483
0.839117
0.0
0.0
0.0
0.0
0.0
0.598919
0.0
0.0
0.0
-1.54299
0.0
0.0
0.0
0.0
-0.837156
0.0
0.0
0.0
0.0
0.0
0.0
0.0
0.0
0.0
0.0
0.0
0.0
0.0
0.0
0.0
0.0
0.52789
0.585207
0.183573
0.57001
0.305071
0.031631
0.151104
0.430905
-0.164497
1.12115
-1.09381
-1.26855
-0.260616
0.635564
-1.01587
0.160256
-0.0730045
0.489403
0.275781
0.246886
-0.0988632
-0.392886
-0.1145
0.713902
-1.06565
0.704302
-0.539208
0.134717
-0.12589
0.150635
-0.335578
-0.0372304
0.225128
1.36047
0.996527
-0.355846
0.212777
0.217656
1.52954
0.57017
-0.203126
-0.512411
-0.0391288
0.307168
-0.289386
-0.50322
0.14376
-0.190955
-0.205353
0.0
0.0
0.0
0.0
-0.369535
0.0
0.0
0.0
0.0
-0.664406
0.0
0.0
0.0
0.0
0.0
0.0
0.0
0.0
0.0
0.0
0.0
0.0
0.0
0.0
0.0
0.0
0.0
0.0
-0.882059
-0.872492
0.0
0.0
0.0
0.0
0.0
0.0
0.0
-0.886471
0.0
0.0
2.5273
0.0
0.0
0.0
0.0
0.0
0.0
0.0
0.0
0.0
0.0
0.0
-1.2112
0.0
0.0
0.0
0.0
0.0
0.0
0.0
0.0
0.0
0.0
0.972984
0.0
0.0
0.0
0.0
0.0
0.0
0.0
0.0
0.0
0.0
0.0
0.0
0.0
0.000811923
0.0
0.0
0.0
0.0
2.38998
0.0
0.0
0.0
0.0
0.0
0.0
0.0
0.0
0.0
0.0
0.0
0.0
0.0
0.0
0.0
0.0
0.0
0.0
0.0
0.0
0.0
0.0
0.0
0.0927761
1.63097
0.0
0.0
0.0
0.0
0.0
0.0
0.0
0.0
-1.8133
0.0
0.0
0.0
0.0
0.0
0.0
0.0
0.0
0.0
0.0
0.0
0.0
0.0
0.0
-0.51806
0.0
0.0398975
0.0
0.0
0.0
0.0
0.212159
0.234708
0.0
0.899658
0.0
-1.54518
0.0
0.0
0.0
0.0
0.0
0.0
0.0
0.0
0.0
0.0
0.0
0.0
0.0
0.0
1.31752
0.0
1.09246
0.0
0.0
0.0
0.527231
0.0
0.0
-0.879444
0.0
0.0
0.0
0.0
0.0
0.0
0.0
0.0
0.0
0.0
0.0
0.0
0.0
0.0
0.0
0.0
0.0
0.0
0.0
-0.0809387
0.0
0.0
0.0
0.0
0.0
0.0
0.0
0.0
0.0
0.0
0.0
0.0
0.0
0.0
0.0
0.0
0.0
0.0
0.0
0.0
0.0
0.0
0.0
0.0
0.0
0.0
0.0
0.0
0.0
0.0
0.0
-0.454232
0.0
0.6639
0.0
0.0
0.0
0.0
0.0
0.0
-0.174964
0.0
0.0
0.747993
-0.385274
0.0
0.0
0.0
0.0
0.0
0.0
0.0
0.0
0.0
0.0
0.448938
0.0
0.0
0.0
0.0
0.0
0.0
-0.0661376
0.689044
0.0
0.0
0.0
0.0
-1.68737
0.0
0.0
0.0
0.0
0.0
0.0
0.0
0.0
0.0
0.0
0.569294
0.0
0.0
0.634323
0.0
0.0
-2.65514
0.0
0.3898
0.0
0.0
0.0
0.0
0.0
0.0
2.4026
0.0
0.475196
-1.0913
0.0
0.0
0.0
-0.133074
0.0
-1.17571
0.0
0.0
0.0
0.0
0.0
0.0
0.0
0.0
0.0
0.0
0.0
0.0
0.0
0.0
0.0
0.0
0.0
0.0
0.0
0.0
0.0
0.0
0.0
0.0
0.0
0.0
0.0
0.0
0.0
0.0
0.0
0.0
0.0
0.0
0.0
-0.819548
0.0
0.0
0.0
0.0
0.0
0.0
0.0
0.0
0.0
0.0
0.0
0.0
0.0
0.0
0.0
0.0
0.0
0.0
0.0
0.014992
0.0
0.0
-1.26134
0.0
0.0
0.0
0.0
0.0
0.0
0.0
0.0
0.0
0.0
0.0
0.0
0.0
0.0
0.0
0.0
0.0
0.0
0.0
0.0
0.0
0.0
0.0
0.0
0.0
0.0
0.0
0.0
-0.210427
0.0
0.0
0.0
0.0
0.0
0.0
0.0
0.0
0.0
0.0
0.0
0.0
0.132238
1.12606
0.67773
0.548621
0.31484
1.04528
0.14749
-1.59665
0.715038
-1.35429
0.25772
-0.748241
0.678833
-0.61165
1.94978
-0.742941
0.417916
-1.34468
0.102922
1.13207
-0.587813
1.34667
-0.437889
0.158572
-0.590085
0.998153
0.136896
-0.214663
0.229228
0.100997
-0.36135
-0.668644
-0.11833
1.07857
-0.127345
-0.399063
0.998173
-1.365
-0.69967
0.97903
0.0623556
0.39676
0.152269
0.358477
0.239554
-0.0531481
-0.0162744
-0.719194
0.814151
0.0
0.0
0.0
0.0
0.0
0.0
0.0
0.0
0.0
0.0
0.0
0.0
0.0
0.0
0.0
0.0
0.511093
0.0
0.0
0.0
0.0
0.0
1.09949
0.0
0.0
0.0
0.0
0.0
0.0
0.0
0.0
0.0
0.0
0.0
-0.0970021
1.36114
0.964243
0.0
0.0
0.0
0.0
-1.0795
0.0
0.0
0.0
0.0
0.0701227
0.0
0.0
-1.30132
0.0
0.0
0.0
0.0
0.0
0.0
0.0
0.0
0.0
0.0
0.0
0.0
0.0
0.0
0.0
0.12724
0.0337159
0.0
0.0
0.0
0.0
0.0
0.0
1.14881
0.0
0.0
0.0
0.0
1.91435
0.0
0.195828
0.0
0.0
0.0
0.0
0.0
0.0
0.0
0.0
0.0
0.0
0.0
0.0
0.0
0.292277
0.0
0.0
0.0
0.0
0.0
0.0
0.0
-0.70977
-1.61799
0.0
0.552957
0.0
0.0
-0.894568
0.0
0.0
0.0
0.0
0.0
0.399251
0.0
0.0
0.0
0.0
0.0
0.0
0.0
0.0
0.0
0.0
0.537065
0.0
0.0
0.0
0.0
0.0
0.0
0.0
0.0
0.0
0.197225
0.0
0.0
0.0
0.0
0.0
0.0
0.0
-1.55647
-0.90081
0.0
0.0
0.0
0.0
0.0
0.0
0.171135
0.0
0.0
0.0
-1.91398
0.0
0.0
0.0
0.0
0.0
0.0
0.0
0.0
0.0
0.0
0.0
0.0
-0.330504
0.0
0.0
0.0
0.0
0.0
0.0
0.0
0.0
0.0
0.0
0.0
0.0
-0.329053
0.0
0.0
0.0
0.0
0.0
0.0
-0.681486
0.0
0.0
0.0
0.0
0.0
-0.359258
0.0
0.0
0.0
0.0
0.0
0.0
-0.208887
0.0
0.0
-1.65881
0.0
0.0
0.0
0.0
0.0
0.37891
-0.0177211
0.0
0.0
0.0
-0.91245
0.0
0.0
0.0
0.0
0.0
0.0
0.0
0.0
0.0
0.0
0.0
0.0
0.0
0.0
0.0
0.0
0.0
0.0
0.0
-0.353317
0.0
0.771451
0.0
0.0
0.0
1.82676
0.0
0.0
0.0
0.0
0.0
0.0
0.0
0.0
0.0
0.0
0.0
0.0
0.0
0.0
0.0
0.0
0.0
0.0
0.0
0.0
0.0
0.0
0.0
0.0
0.0
0.0
0.0
0.0
0.0
0.0
0.0
0.0
0.0
0.0
0.0
-0.347428
0.0
0.0
0.0
0.0
0.0
0.0
0.0
0.0
0.0
0.0
0.0
0.0
0.0
-0.0781073
0.0
0.0
0.0
0.0
0.0
-0.604094
0.0
0.0
0.0
0.0
0.0
0.0
0.0
0.0
0.0
0.821641
1.38999
0.0
0.0
-0.612536
0.0
0.0
0.0
0.49479
0.0
0.0
0.0
0.379649
0.0
0.0
0.0
0.0
0.0
0.0
0.0
0.0
0.0
0.0
0.0
0.0
0.0
0.0
0.0
0.0
0.0
0.0
0.0
0.0
0.0
0.0
0.0
0.0
0.0
0.0
0.0
0.0
0.0
0.0
0.0
0.0
0.0
0.0
0.0
0.0
0.123744
0.0
0.0
0.0
0.0
0.0
0.0
0.0
0.0
0.0
-0.62278
0.0
-1.69354
0.0
0.0
-0.404098
0.0
0.0
0.0
0.0
0.0
0.0
0.0
0.0
0.0
0.0
0.0
0.0
0.0
0.0
0.0
0.0
0.0
0.0
-0.7679
0.0
0.0
0.0
0.0
0.0
0.0
0.0
0.0
0.0
1.10127
0.0
0.0
0.0
0.0
0.0
0.0
0.0
-0.827614
0.0
0.0
0.0
0.0
0.0
0.0
0.0
0.0
0.0
-0.653039
-1.07294
0.0
-2.87761
0.0
0.0
-1.00895
0.0
0.0
0.0
0.0
0.0
0.0
0.0
0.0
0.109577
0.0
0.0
0.0
0.0
0.0
0.0
0.0
0.0
0.0
0.0
0.0
0.0
0.0
0.0
0.0
0.0
0.0
0.0695755
0.0
0.0
0.0
0.0
0.0
0.0
0.0
0.0
0.0
0.0
0.0
0.0
-0.116831
0.0
0.0
0.0
0.0
0.0
0.0
0.0
0.109484
0.0
0.0
0.0
0.0
0.0
0.0
0.0
0.0
0.0
0.0
0.0
0.0
0.0
0.0
0.0
0.0
0.0
0.0
0.0
0.0
0.0
0.0
0.0
0.0
0.0
0.0
0.0
0.0
0.0
0.0
0.0
-0.600448
0.0
0.0
0.0
0.0
0.0
0.0
0.0
0.0
0.0
0.0
0.0
0.0
0.0
0.0
0.0
0.0
0.0
0.0
0.0
0.0
0.0
0.0
0.0
0.0
0.0
0.0
0.0
0.0
0.0
0.0
0.0
1.165
0.0
0.0
-0.0607288
-0.251355
0.550663
0.091626
-0.0797445
0.0691596
-0.0663506
0.483894
-0.460369
-0.163724
0.437482
2.4212
0.0661665
1.01389
-0.918654
-1.10102
-0.513092
0.725706
0.0368132
1.87085
0.53464
0.45437
0.432022
-0.320704
-1.56026
-0.516356
-1.62205
-0.671235
-1.88242
-0.0398978
0.352185
0.685274
-0.290567
-1.63082
-0.417822
0.962559
-0.346716
2.3864
1.33749
0.52242
-0.879493
-1.02086
0.234338
-0.13701
-1.67958
-0.282774
0.1691
0.220196
-0.0693016
0.0
0.0
0.0
0.0
0.0
0.0
0.0
0.0
0.0
0.0
0.0
0.0
0.0
0.0
0.0
0.0
2.05808
0.0
0.0
0.0
0.0
0.0
0.0
0.0
0.0
0.0
0.0
0.0
0.0
0.0
0.0
0.0
0.0
0.0
0.0
0.0
0.0
1.06427
0.0
0.0
0.0
0.0
0.0
0.0
0.0
-0.129165
0.0
-2.4014
0.0
0.0
0.509206
0.0
0.0
0.0
0.0
0.0
-1.63666
0.0
0.0
0.0
0.0
0.0
0.212293
0.0
0.0
0.0
0.0
0.0
0.0
0.0
0.0
0.0
0.0
0.0
0.0
0.0
0.0
0.0
0.0
0.0
-0.0939679
0.0
0.0
0.0
0.0
0.0
0.0
0.0
0.0
0.0
-0.00376444
0.0
0.0
0.0
0.0
0.0
0.0
0.0
-7.18172e-05
0.0
0.0
0.0
0.0
0.0
0.0
0.0
0.0
0.0
0.946762
0.0
1.39445
0.0
0.0
0.0
0.0
0.0
0.0
0.0
0.0
0.0
0.0
0.0
0.0
0.0
0.0
0.0
-1.49354
0.0
-0.639699
0.0
0.0
0.0
0.0
0.0
0.0
0.0
0.0
0.0
0.0
0.0
0.0
0.0
0.0
0.0
0.0
0.0
0.0
0.0
-0.710919
0.0
0.0
0.0
0.0
0.0
0.0
0.0
0.0
0.0
0.0
0.0
0.0
0.621943
0.541309
0.0
1.10507
0.780498
0.0
0.0
0.0
0.317887
0.0
0.0
0.0
0.0
0.0
0.0
0.0
0.0
0.0
0.0
0.0
0.0
-0.0705829
0.0
0.0
0.0
0.0
0.0
0.0
0.0
0.0
0.0
0.0
0.0
0.0
-1.19173
0.0
0.0
0.0
0.0
0.804232
0.0
0.0
0.0
0.0
0.0
0.0
0.0
1.82333
0.0
0.0
0.0
0.0
0.0
0.0
0.0
0.686351
0.0
0.0
0.0
0.0
0.0
0.0
0.0
0.0
0.0
0.0
0.0
0.0
0.0
0.0
0.0
0.0
0.0
0.0
0.0
0.0
0.0
0.0
0.0
0.0
0.585253
0.0
0.0
0.0
0.0
0.0
0.0
0.0
0.0
0.0
1.91336
-0.165849
0.0
0.0
0.0
0.0
0.0
0.0
0.0
0.0
0.0
0.0
0.0
0.0
0.0
0.0
0.0
0.0
0.0
0.0
0.0
0.691069
0.323468
0.0
0.0
0.0
1.89255
0.0
0.0
0.0
0.0
0.0
0.0
0.0
0.0
0.0
0.905613
0.742733
0.0
0.0
0.0
0.0
0.0
0.0
0.92074
0.0
0.0
0.0
0.0
0.0
0.0
0.0
0.0
0.0
0.0
0.0
0.0703867
-0.293306
0.0
0.0
0.0
0.0
0.0
0.0
0.0
0.0
0.0
0.0
0.0
0.0
0.0
0.0
0.772921
0.0
0.0
0.0
0.0
0.0
0.0
0.0
1.98293
0.0
0.673084
0.0
0.0
0.0
0.0
0.0
0.0
0.0
0.0
0.0
0.0
0.0
0.0
0.0
0.0
0.0
0.0
0.0
0.0
0.0
0.0
0.0
0.0
0.0
0.0
0.0
0.0
0.0
0.0
0.0
0.0
0.0
0.0
0.0
0.0
0.0
0.0
0.0
0.0
0.0
0.0
0.0
-0.547272
0.0
0.0
0.0
0.0
0.0
0.0
0.0
0.0
0.0
0.0
0.0
0.0
1.08389
0.0
0.0
0.0
0.197107
0.0
0.0
0.0
0.0
0.0
0.0
0.0
0.0
0.0
0.0
0.0
0.0
0.0
0.0
-0.214425
0.0
0.0
1.35823
0.0
0.0
0.0
0.0
0.0
0.0
0.0
0.0
0.231065
0.0
0.0
0.0
0.0122185
0.0
0.0
0.0
0.0
0.0
0.0
0.0
0.0
0.0
0.0
0.0
0.0
0.0
0.0
0.0
0.0
0.0
0.0804092
0.938204
0.0560979
0.357184
0.155459
0.214634
-0.285742
0.3569
0.546768
-1.54074
0.289971
-0.176977
1.00758
-0.615862
3.0721
-0.863303
0.403255
0.0276896
0.0888761
1.87612
-0.0354601
-1.10766
-0.280672
-0.225956
-0.630667
-0.182951
-0.0113652
-0.318297
-0.234061
-0.0147019
-0.62706
0.0605352
-0.333302
0.974785
-0.472054
-0.339372
0.220915
-0.782682
-1.27251
-0.436529
2.16062
0.88782
0.0945336
0.570353
0.0706804
-0.212582
0.0920819
-1.08501
0.563652
0.0
0.0
0.0
0.0
0.0
0.0
0.0
0.0
0.0
0.0
0.0
1.14445
0.0
0.0
0.0
0.0712885
0.0
0.0
0.0
0.0
0.0
0.0
0.0
0.0
0.0
0.0
0.0
0.0
0.0
0.0
0.0
0.0
0.0
0.0
0.0
0.0
0.0
0.0
-0.213731
0.0
0.0
0.0
0.0
-1.53318
0.0
0.0
0.0
-0.389644
0.0
0.0
0.0
0.0
0.0
0.0
0.0
1.06094
0.0
0.0
0.0
0.379653
0.0
0.0
0.0
0.0
0.0
0.0
0.0
0.0
0.0
0.0
0.0
0.0
0.0
0.0
0.0
0.0
0.0
0.0
0.0
0.0
0.0
0.0
0.0
0.0
0.0
-0.532733
0.0
0.0
0.0
0.0
-1.15943
-0.455806
0.0
0.0
0.0
0.0
0.0
0.469211
0.616533
0.0
0.0
0.0
0.0
-0.743627
0.0
0.0
0.0
-2.39967
0.0
0.0
0.0
0.0
0.0
0.0
0.0
0.0
-1.02413
0.0
0.0
0.0
0.0
0.0
0.0
-0.708014
0.0
0.0
0.0
0.0
0.0
0.0
0.0
0.318367
0.0
0.0
0.0
0.0
0.0
0.0
0.0
0.0
0.0
0.0
0.0
0.0
0.0
0.0
0.0
0.0
0.778376
0.0
0.0
1.20917
0.0
0.0
0.0
0.0
0.0
0.0
0.474897
0.0
0.0
0.0
0.0
0.586944
0.0
0.0
0.0
0.105669
0.0
-1.04267
0.0
0.0
0.0
0.0
0.0
0.0
1.38565
-0.458978
0.0
0.0
0.0
0.0
0.0
0.0
0.0
0.207654
0.0
0.0
0.0
0.0
1.52534
0.0
0.0
0.0
0.0
0.0
0.0
0.0
0.0
0.0
0.0
0.0
0.0
0.0
0.0
0.0
0.0
0.0
0.0
0.0
0.0
0.0
0.0
0.0
0.0
0.0
1.34926
0.799707
0.0
0.0
0.0
-1.36849
0.0
0.0
0.0
0.0
0.0
0.0
0.0
0.0
0.0
0.0
0.0
0.0
0.0
-0.654724
0.0
0.0
0.0
0.0
0.0
0.0
0.0
0.0
0.0
0.413403
0.0
-0.392314
1.67674
0.0
0.0
0.0
0.0
0.0
0.0
0.0
-0.936704
0.0
0.0
0.0
0.0
0.0
0.0
0.0
0.0
0.966234
0.0
1.17091
0.0
0.0
0.0
0.0
0.0
0.383356
0.0
0.0
0.0
0.0
0.0
0.0
0.0
0.0
-1.17681
0.0
0.0
0.0
0.0
-1.1621
-0.836686
0.0
0.0
-1.72938
0.0
0.0
0.0
0.0
0.0
0.0
0.0
-0.591456
-2.60215
0.0
0.0
0.0
0.0
0.0
0.0
0.0
0.0
0.0
0.0
0.0
0.0
0.0
0.0
0.0
0.0
0.0
0.0
0.0
-0.118075
0.0
0.0
0.0
0.0
0.0
0.0
0.0
0.0
0.0
0.0
0.0
0.0
0.0
0.0
0.0
0.0
0.0
-1.11871
0.0
0.0
0.0
0.0
0.0
0.0
0.0
0.0
0.0
0.0
0.0
0.0
0.0
0.0
0.0
0.0
0.0
0.0
0.0
0.0
0.0
1.47876
0.0
0.0
0.0
0.0
0.0
0.0
0.0
0.0
1.12642
0.0
0.0
0.0
0.0
0.0
0.0
0.0
0.0
0.512839
0.0
0.0
0.0
0.0
0.0
0.0
0.0
0.0
0.0
0.0
0.0
0.0
0.335179
0.0
0.0
0.741338
0.0
0.0
0.0
0.0
0.0
0.0
0.0
0.0
0.0
0.0
0.0
-0.139292
-0.994535
0.0
0.0
-0.0345911
0.0
0.0
0.0
0.0
0.0
0.0
0.0
0.0
0.0
0.0
0.0
0.0
0.0
0.0
0.0
0.0
0.0
0.0
0.0
0.0
-0.802756
0.0
0.0
0.0
0.0
0.0
0.0
0.0
0.0
0.0
0.0
0.0
0.0
0.0
0.0
0.0
0.0
0.0
0.0
0.0
0.0
-0.824765
0.0
0.731778
-1.2616
0.0
0.0
0.0
0.0
0.0
0.0
0.0
0.0
-0.439714
0.0
0.0
0.0
0.0
0.0
0.0
0.0
0.0
0.0
0.0
0.0
-1.06813
0.0
0.0
0.0
0.0
0.0
0.0
0.0
1.64545
0.0
0.0
0.0
0.0
0.0
0.0
0.0
0.0
0.0
0.0
0.0
0.0
0.0
0.0
0.0
0.0
0.0
0.0
0.0
0.0
0.0
0.0
0.0
0.0
0.0
0.0
0.0
0.011687
0.0
0.0
0.0
0.0
0.0220259
0.0
0.0
1.8634
0.0
0.0
0.0
0.806146
0.0
0.0
-0.103229
0.0
0.0
0.0
0.0
0.0
0.0
0.0
0.0
0.0
0.0
0.0
0.00238211
-0.787534
-0.0044845
-0.0760617
0.253779
-0.365148
0.0577357
-0.333036
0.525688
0.0624444
-0.11272
0.394683
0.127169
0.708492
-0.734385
0.0396064
0.749341
0.77136
-0.198064
-0.505934
-0.130788
0.133915
0.261476
-0.340176
-1.40047
-0.553159
-0.701511
-0.150331
0.484165
0.211591
0.375425
-0.607661
0.116292
0.628597
0.0295812
-0.587357
1.92509
1.55218
-1.18995
0.502298
0.471177
-0.463051
-0.135356
0.286971
-0.657251
-0.421287
0.0306973
-0.388313
1.82543
0.0
0.0
0.0
0.0
-0.409605
0.0
0.0
0.0
0.0
0.0
0.0
0.985565
0.0
0.0
0.0
0.0
0.0
0.0
0.0
0.0
-1.37485
0.0
0.0
0.0
0.0
0.0
0.0
0.0
0.0
0.0
-0.265944
0.0
-0.497635
0.0
0.0
0.0
0.0
0.0
0.0
0.0
0.0
0.0
0.0
0.0
-1.04314
0.0
0.0
0.0
0.0
-0.065042
0.0
0.0
0.0
1.39997
0.0
0.0
0.0
0.0
0.0
0.0
0.0
0.0
1.74138
0.0
0.0
0.0
0.0
-1.87956
0.0
0.0
0.0
0.0
0.0
0.943331
0.0
0.0
0.0
1.3635
0.0
0.0
0.0
-0.340694
0.0
-0.0311949
0.0
0.0
0.0
-1.16433
0.0
0.0
0.0
0.0
0.0
0.0
0.0
0.0
0.0
0.66857
0.61658
0.0
0.0
0.0
0.0
0.0
0.585392
0.0
0.0
0.0
0.0
0.0
0.0
0.0
0.0
0.0
0.0
0.0
0.0
0.378538
0.0
0.0
0.0
0.0
0.0
0.0
0.0
0.0
0.0
0.0
0.0
0.0
0.0
0.0
1.3744
0.0
0.0
0.0
0.0
0.0
0.0
0.0
0.0
0.0
0.0
0.0
0.0
0.0
0.0
0.0
0.0
0.0
0.0
0.0
0.0
0.0
0.0
0.0
0.0
0.0
0.0
0.0
0.0
0.0
0.0
0.0
0.0
0.0
0.0
0.0
0.0
0.0
0.0
0.0
0.0
0.0
0.0
-0.624977
0.0
0.0
0.0
0.0
0.0
0.0
0.0
0.0
0.0
0.0
-1.4577
0.0
0.0
0.0
0.0
0.0
0.0
0.0
0.0
0.0
0.0
0.0
0.0
0.0
0.0
0.0
0.0
0.0
0.0
-2.57154
-0.47586
0.0
0.0
0.0
0.0
0.0
0.0
0.628895
0.0
0.0
0.0
0.0
0.0
0.0
0.127994
0.0
0.0
0.0
0.0
0.0
0.0
0.0
0.0
0.0393479
-1.11665
0.0
0.0
0.0
0.622786
0.0
0.0
0.0
0.0
0.0
0.0
0.0
0.0
0.0
0.0
0.0
0.0
0.0
0.0
0.0
1.78831
0.0
0.0
0.0
0.0
0.0
0.0
0.0
0.0
0.0
0.0
0.0
0.0
0.0
0.0
0.0
0.0
0.0
0.0
0.0
1.44911
2.38452
0.0
0.0
0.0
0.0
0.0
0.73861
0.0
0.0
0.0
0.0
0.0
-1.98859
0.0
-1.24074
0.0
0.0
0.0
0.0
0.0
0.0
0.0
0.0
0.0
0.0
0.0
0.0
0.0
0.0
0.0
0.0
0.0
0.0
0.0
0.0
0.0
0.0
0.0
0.0
0.0
0.0
0.0
0.0
0.0
0.0
0.0
0.0
0.0
0.0
1.00463
0.0
0.0
0.0
0.552893
0.0
1.15063
0.148543
0.0
0.0
0.0
0.0
0.0
0.0
0.0
0.0
0.0
0.120092
0.0
0.0
0.0
0.0
0.0
0.0
0.0
0.0
0.0
0.0
0.0
0.0
0.0
0.0
0.0
0.0
0.0
0.0
0.0
0.0
-0.0778285
0.0
0.0
0.0
0.0
0.0
0.0
0.0
0.0
0.0
0.0
0.0
0.0
0.0
0.0
0.0
0.23968
0.0
0.0
0.0
0.0
0.0
0.0
0.0
0.0
0.3329
0.0
0.0
0.0
0.0
0.0
0.0
0.0
0.0
0.0
0.0
0.955652
0.0
0.0
0.0
0.0
-1.76188
0.0
0.0
0.375332
0.0
0.0
0.0
0.0072906
0.0
0.0
0.0
0.0
0.0
0.0
0.0
0.0
0.0
0.0
0.0
0.0
0.0
0.0
0.0
1.61814
0.0
0.0
0.128094
1.94944
0.0
0.0
0.357064
0.0
0.0
0.0
0.0
0.0
0.0
0.0
0.0
0.0
0.0
0.0
0.0
0.0
0.0
0.0
0.0
0.0
0.0
0.0
0.0
0.0
-0.16722
0.0
1.2675
0.0
0.0
0.0
0.0
0.0
0.0
0.949145
0.0
0.0
0.0
0.0
0.012968
0.0
0.0
0.0
0.0
0.0
0.0
0.0
0.0
0.0
0.0
0.0
1.95141
0.0
0.0
0.0
0.0
0.305886
0.0
0.0
0.0
0.0
0.0
0.0
0.0
0.0
0.0
0.0
0.0
0.0
0.0
0.0
0.0
0.0
0.0
0.0
0.0
0.0
0.0
0.0
0.0
0.0
0.0
0.0
0.0
0.0
0.0
0.0
0.0
0.0
0.0
0.0
0.0
0.0
0.0
0.0
0.0
0.0
0.0
0.0
0.0
0.0
0.0
0.0
0.0
0.0
0.0
0.0
0.0
0.0
0.0
0.0
0.0
0.0
0.250089
0.085547
0.934113
-0.601411
0.542497
-0.185293
0.0659183
0.348486
-0.0327443
0.190283
-0.994904
0.16864
0.236737
0.25587
0.00908791
0.185723
0.0845944
-0.187059
-0.0290992
-0.223733
-0.258342
0.550887
0.147202
-0.0249431
-1.23042
-0.25974
-0.770992
-0.577692
0.974118
-0.0265552
0.235366
-0.465076
0.44091
0.666958
0.538101
-0.721616
0.820977
0.780453
-0.575153
-0.333807
0.381885
0.629392
-0.0279272
0.44906
-1.10455
-0.369912
-0.169389
-0.307568
0.899213
0.0
-0.151492
0.0
0.0
0.0
0.0
0.0
0.0
-0.907254
0.0
0.0
0.0
-1.11939
0.0
0.0
0.0
0.0
0.0
0.0
0.0
0.0
0.0
0.0
0.0
0.0
0.0
0.0
0.0
0.0
1.10974
0.0
0.0
0.0
0.0
0.0
0.0
0.0
0.0
0.0
-0.570503
0.0
0.0
0.0
0.0
0.0
0.0
-0.313704
0.0
0.0
0.860188
0.0
0.0
0.0
0.0
0.0
0.0
0.0
0.0
0.0
0.0
-1.20136
0.0
0.0
0.0
0.0
0.0
0.0
0.0
-0.746176
0.0
-0.167294
0.0
0.0
0.0
0.0
0.0
0.0
0.0
0.612124
0.0
0.0
0.0
0.0
0.0
0.205607
0.0
0.0
0.0
0.0
0.218078
0.0
0.0
0.0
0.0
0.0
0.0
0.0
0.0
0.0
0.0
0.863021
0.0
0.0
0.0
0.0
0.0
0.0
0.0
0.0
0.0
0.0
0.0
0.0
0.0
0.0
0.0
0.0
0.0
0.0
0.0
0.0
1.38882
0.0
0.0
0.0
0.0
0.0
0.0
0.0
0.575845
0.0
0.0
0.0
0.395542
0.0
0.0
0.0
0.0
0.0
0.0
0.0
0.0
0.0
0.0
0.0
0.0
-0.825434
0.0
0.0
0.171941
0.0
0.0
0.0
0.0
0.0
0.0
0.0
0.0
-0.0993451
0.0
0.0
0.0
0.0
0.0
0.0
0.0
0.0
0.0
0.0
0.0
0.0
0.0
0.0
0.0
0.0
0.0
-0.4117
0.0
0.0
0.0
0.0
0.0
0.0
0.0
0.0
0.0
0.0
0.0
0.0
0.0
0.0
0.0
0.0
0.0
0.0
0.0
0.0
0.0
0.0
0.0
0.0
0.0
0.0
0.0
0.0
0.0
0.488281
0.0
0.0
0.0
0.0
0.0
0.0
0.0
0.0
0.0
0.0
0.0
0.0
0.0
0.0
0.0
0.0
0.0
0.0
0.0
0.0
0.0
0.0
1.18184
0.0
0.0
0.0
0.0
0.0
0.0
0.0
0.0
0.267761
0.0
-0.28033
0.0
-0.251385
0.0
0.0
0.0
0.0
-0.60618
-0.773689
0.0
0.0
0.0
0.0
-0.266831
0.0
0.0
-1.13859
-2.73603
0.0
0.0
0.0
0.0
0.0
0.0
0.0
-1.84792
0.0
0.0
-0.995986
-0.479986
0.0
0.0
-1.11996
0.0
0.0
0.0
0.0
0.0
0.0
0.0
0.0
0.0
0.0
0.0
0.0
0.0
0.0
0.0
0.0
0.0
0.0
0.0
0.0
0.0
1.55164
0.0
0.0
0.0
0.0
0.0
0.0
0.0
-1.06598
0.0
0.0
0.0
0.0
0.0
0.0
0.0
0.0
0.0
-0.550946
0.0
0.0
0.0
-0.205118
0.0
0.0
0.0
-0.575772
0.0
0.0
0.0
0.0
0.0
0.0
0.0
-1.18493
1.92381
0.0
0.0
0.0
0.0
0.0
0.0
0.0
0.0
1.75519
0.704972
1.04374
0.0
0.0
7.63906e-06
0.427945
-0.268541
0.654956
0.332673
0.336248
-0.117581
0.310456
0.176085
-0.27141
0.22094
0.0772293
0.863724
-0.0737476
2.35635
-0.171223
0.353844
-0.519421
0.536873
0.0994296
-0.0851289
1.31823
-0.524263
0.370574
-0.775129
-0.203913
-0.355128
-0.421256
0.419632
-0.113274
0.0815068
1.00636
0.361075
1.0078
-0.0455222
-0.121439
0.180342
-0.523596
-0.755587
-0.996195
-0.941557
0.192971
-0.354944
0.684733
-1.01708
-0.287684
0.010827
-0.590291
0.182423
0.0
0.0
0.0
0.0
0.0
0.0
0.0
0.0
-0.0589898
0.0
0.0
0.0
0.0
0.0
0.0
0.0
0.0
0.0
-0.553524
0.0
0.0
0.0
0.0
0.0
0.0
0.0
0.0
0.0
0.0
-0.0447839
0.0
0.0
0.0
0.0
0.0
0.0
1.20437
0.0
0.0
0.0
0.0
0.0
0.0
0.0
0.0
0.0
0.0
0.0
0.0
0.0
0.0
0.0
0.0
0.0
0.0
0.0
0.0
0.0
0.0
0.0
0.0
0.0
0.0
0.0
0.0
0.0
0.0
0.0
0.0
0.0
0.0
0.0
0.0
0.0
0.0
0.0
0.0
0.0
0.0
0.0
0.0
-0.337022
0.0
0.0
0.0
0.0
0.0
0.0
0.0
0.0
0.0
0.0
0.0
0.0
0.0
0.0
-0.534078
0.0
0.0
0.0
0.0
0.0
0.0
-0.355531
0.0
0.0
0.0
0.0
1.1023
-0.0624704
0.0
0.0
0.0
0.0
0.0
0.0
0.0
0.0
0.0
0.0
0.0
0.0
0.0
0.0
0.0
0.0
0.0
0.0
0.0
0.0
0.0
0.0
0.0
0.0
0.0
0.0
0.0
1.12667
0.0
0.0
0.0
0.0
0.0
0.0
0.0
0.0
0.0
0.0
0.0
0.0
0.0
0.0
0.0
0.0
0.0
0.0
0.0
0.0
0.0
0.0
0.0
0.0
0.0
0.0
0.0
0.0
0.0
0.0
0.0
0.0
0.0
0.0
0.0
0.0
0.0
0.0
0.0
0.0
0.0
-0.79301
0.0
0.0
0.0
0.0
0.0
0.0
0.0
-0.606292
0.0
0.0
0.0
0.0
0.0
0.0
0.0
0.0
0.0580542
0.21411
-0.262027
-0.692142
0.14496
0.775095
0.13889
0.459481
0.09184
-0.609093
-0.730449
0.151189
0.449032
-0.279983
0.462278
0.37717
-0.0101052
-0.222361
-0.231719
-0.0217627
-0.2098
-0.665494
0.0766839
0.0370161
-1.1701
-0.137019
-0.812289
-0.763644
0.719607
0.0142302
0.0624808
-0.338579
0.734786
0.768152
0.502133
-0.7422
-0.0735698
0.409927
-0.394899
0.321459
0.462167
0.638432
-0.176738
0.514019
-0.776225
-0.312204
-0.0732844
-0.437851
-0.260386
0.0
0.0
0.0
0.715181
0.0
0.0
0.0
0.0
0.0
0.0
0.0
0.0
0.0
0.0
0.0
0.0
-1.74658
0.0
0.0
-0.289102
0.0
0.0
0.0
0.0
0.0
-0.207464
0.0
0.0
0.0
0.0
0.883956
0.0
0.0
0.0
0.0
-0.258606
0.0
0.0
0.0
0.0
0.0
0.0
0.0
0.0
0.0
0.0
0.0
-0.317259
0.0
0.0
0.0
0.0
-0.609372
0.0
0.0
0.0
0.0
0.0
0.0
0.0
0.0
0.0
0.0
1.66966
0.464783
0.0
0.0
0.0
0.0
0.0
0.0
0.0
0.0
0.0
0.0
0.0
0.0
0.0
0.0
0.0
0.0
0.0
0.0
2.21465
0.0
-1.48464
0.0
0.841788
0.0
0.0
0.0
0.0
0.0
-0.343477
0.0
0.090999
0.104923
-1.53685
0.0
0.0
0.0
0.0
0.0
0.0
0.0
0.0
0.0
0.0
0.0
0.0
0.0
0.0
0.0
0.0
0.0
0.0
0.0
-0.158916
0.0
0.0
0.0
0.0
0.0
0.0
0.0
0.0
0.0
0.0
0.0
2.47347
0.0
0.0
0.0
0.0
0.0
-0.783534
0.355079
0.0
0.0
0.0
0.0
0.0
0.0
0.0
0.0
0.0
0.0
0.0
0.0
0.26934
0.0
0.269435
0.0
-0.422219
0.0
0.0
-0.248254
0.0
0.0
0.0
0.0
0.0
0.0
0.0
0.0
0.0
0.0
0.0
0.0
0.0
0.0
0.0
0.0
0.0
0.0
0.0
0.0
0.0
0.0
0.351576
0.0
0.0
-0.162327
0.0
0.0
0.0
0.0
0.0
0.0
0.0
0.0
0.0
0.0
0.0
0.0
0.0
0.104105
0.701893
-0.397518
-0.169408
0.350967
0.878973
0.126098
0.138868
-0.445034
-0.487909
1.12297
0.136724
0.796462
-0.286707
2.24972
0.0918091
-0.623014
-0.138376
0.28261
-0.62693
0.16194
-0.129488
-0.581645
1.36248
-0.89022
0.123198
-0.48284
-0.449629
-0.0321014
-0.444822
-0.0399856
1.31392
-1.09789
0.751921
0.0273425
0.240886
0.607807
-0.73817
-0.14741
-0.868733
-0.743386
0.082764
0.296738
0.763018
-0.160144
-0.229722
0.0821652
-0.758442
0.018119
0.0
0.0
0.0
0.0
0.0
0.0
0.0
0.0
0.0
0.357029
0.0
0.0
0.0
0.0
-1.92725
0.0
0.0
0.0
0.0
1.09062
0.0
0.0
0.0
0.0
0.0
0.0
0.0
0.0
0.0
0.0
0.0
0.0
0.0
0.0
0.0
0.0
0.0
0.0
0.0
1.05988
0.66233
0.0
0.0
-0.745359
-1.9845
0.0
0.934011
0.0
0.0
0.0
0.0
0.0
0.0
0.0
0.0
0.134987
0.0
0.0
0.0
0.0
0.0
0.0
0.0
0.0
0.0
0.0
-2.63354
0.0
0.0
0.0
0.0
0.0
0.0
0.0
0.0
0.0
0.0
0.0
0.312341
0.0
0.0
0.0
-1.90734
0.0
0.0
0.0
0.0
0.0
0.18659
0.0
0.0
0.0
0.0
0.0
0.0
0.0
0.0
0.0
0.0
0.0
0.0
0.0
0.0
0.0
0.0
0.0
0.0
0.0
0.0
0.0
0.0
0.0
0.0
0.0
0.0
0.0
-1.5226
0.0
0.0
0.00129636
0.0
0.0
-0.113726
0.0
-1.56619
0.0
0.0
0.0
0.0
0.0
0.0
0.0
0.0
0.0
0.0
0.0
0.0
0.0
0.0
0.0
0.0
0.0
0.0
0.728713
0.0
0.0
0.0
0.0
0.0
0.0
0.0
-1.71143
0.0
0.0
-0.485759
0.0
0.0
0.0
0.0
0.0
0.0
0.0
0.0
0.0
0.0
0.0
0.0
0.0
0.0
0.0
0.0
0.0
0.0
0.0
0.0
0.0
0.0
1.42776
0.0
0.0
2.15089
0.0
0.0
-2.07154
0.0
-1.02246
0.0
0.0
-1.11924
0.0177144
0.0
0.0
0.0
0.0
0.0
0.0
0.0
0.0
0.0
0.0
0.0
0.0
-1.01386
0.0
0.0
0.0
-0.420567
0.0
-0.862755
0.0
0.0
-2.71069
0.0
0.0
0.0
0.243854
0.0
0.0
0.0
0.0
0.0
0.0
0.0
0.0
0.0
0.0
0.679501
-0.809286
0.0
0.0
0.0
1.32943
0.0
0.0
0.0
0.0
0.0
0.0
0.0
-0.582589
0.0
0.0
0.0
0.0
0.0
0.0
0.0
0.0
0.0
0.0
0.863933
0.0
0.0
0.0
0.0
0.0
0.0
0.0
0.0
0.0
0.0
0.0
-1.02764
0.0
0.0
0.0
0.0
0.0
0.0
0.0
0.0
0.0
0.0
0.0
0.0
0.0
0.0
0.0
0.0
0.0
0.0
0.0
0.0
0.0
0.0
0.0
0.0
0.0
0.0
0.0
0.0
0.0
0.0
0.0
0.368505
0.00276717
-0.198047
-0.366275
-0.558892
0.908096
0.117033
0.427766
0.418422
-1.98117
1.14535
0.141933
0.393663
0.558272
1.08731
0.218621
-0.662202
0.227472
0.259906
-0.523455
-0.0294998
-0.968031
-0.162748
0.475747
-1.10216
-0.355116
-0.664689
0.916072
-0.156721
-0.166521
0.37299
0.394256
-0.516951
0.797255
-0.0265844
-0.267752
1.58389
0.683975
-0.632107
-0.0169873
-0.348189
0.817496
0.553402
1.05707
-1.39959
-0.37301
-0.212654
-0.459663
-0.0673347
0.0
0.0
0.0
0.0
-1.60406
0.0
0.0
0.0
0.0
0.0
0.0
0.0
0.0
0.0
0.0
0.0
0.0913858
0.0
0.0
0.0
1.25354
0.0
0.0
0.0
0.0
0.0
0.0
0.0
0.0
0.0
0.083101
0.0
0.0
0.0
0.0
0.0
0.0
0.0
0.0
0.0
0.0
0.0
0.0
0.0
0.0
0.0
0.0
0.0
0.0
0.0203604
0.324749
-0.871075
1.39072
0.660984
0.399835
-0.221787
-0.489385
-0.425692
-1.00922
0.816667
0.558209
0.815363
0.485269
2.09168
-0.0952835
-0.341507
-0.264423
-0.375468
-0.952178
0.0898478
0.228269
-0.440186
1.13893
-0.911824
-0.4962
-0.609337
-0.421013
0.654909
-0.480335
0.138928
1.18159
-0.317485
0.644278
-0.293151
0.0787116
0.963208
-0.457518
-0.683643
-0.703209
-0.014477
-0.198724
0.0246906
0.655958
-1.52297
-0.247862
-0.178431
-0.647799
-0.0489001
0.0
0.0
-1.10237
0.0
0.0
0.0
0.0
0.0
0.0
0.0
0.0
0.0
0.0
0.0
0.0
0.0
0.0
0.0
0.0
0.0
0.0
1.89218
0.0
0.0
0.0
0.0
0.0
0.0
0.0
0.0
0.0
0.0
0.0
0.0
0.0
0.0
0.0
0.0
0.0
0.0
-1.8528
0.0
0.0
0.0
0.0
0.0
0.0
0.0
0.0
0.0
0.0
0.0
0.0
0.0
0.0
0.0
0.0
0.0
0.246998
0.0
0.0
0.0
0.0
-0.110254
0.0
0.973346
0.0
0.153089
0.0
0.487958
0.0
0.0
0.0
0.0
0.0
0.0
0.0
0.269309
0.0
0.0
0.0
0.0
0.0
0.0
0.0
0.0706613
0.0
0.0
0.0
0.0
0.0
0.0
0.0
-0.913019
0.0
0.0
0.0
0.0
0.0
0.0
0.0
0.0
0.0
0.0
0.0
0.0
0.401969
0.0
0.0
0.0
0.0
0.0
0.0
0.0
0.0
0.885141
0.0
0.0
0.812375
0.0
0.0
0.0
0.0
0.0
0.0
0.769501
-0.443102
1.63425
0.0
0.0
0.0
0.0
0.0
0.0
0.0
0.0
0.0
0.0
0.0
0.0
0.0
0.0
0.0
0.0
0.0
-1.14245
-1.18003
0.0
0.0
0.0
0.0
0.0
0.0
0.0
0.0
0.0
0.0
0.0
0.0
0.0
0.0
0.0
0.0
-0.0861951
0.0
0.0
0.0
0.0
0.0
1.62922
0.0
0.0
0.0
0.0
0.0
0.0
0.0
1.05497
0.0
0.0
0.0
0.0
0.0
0.63639
0.0
0.0
0.0
0.0
0.0
0.0
0.0
0.0
0.0
0.0
0.0
0.0
0.683212
0.778483
0.717206
0.168864
0.462059
0.413679
0.382821
-0.151867
3.02487
0.698375
0.316726
-0.17569
-0.34632
0.40607
1.26043
-0.0249252
0.195718
-0.180875
-0.106703
0.67641
1.67958
0.1631
0.532098
0.101146
-1.90405
-0.827448
-0.52257
0.0839572
0.358505
0.0961103
1.939
1.04591
-0.24224
1.42314
2.18421
0.583322
1.73488
0.921576
0.17071
0.651038
-0.31524
0.819326
0.782685
0.597518
-1.53161
0.392871
-0.578434
0.522079
5.55502
-0.0649279
-0.862037
-0.478303
4.24142e-05
0.0222251
-0.186613
-0.145301
0.662999
-3.01498
0.162018
0.102917
0.369077
0.41639
-0.419436
-1.80288
-0.0852626
-0.0322082
-1.4777
0.041147
-1.16386
-2.05214
0.260017
-0.841141
0.22077
1.47305
1.54842
1.29284
0.0842605
0.00289445
-0.295139
-0.832975
-0.749597
-0.143881
-2.40614
-2.51723
0.289135
-1.00353
-0.678535
-0.00679846
-0.515517
0.393205
-0.703452
-0.0981977
-0.61608
0.754099
0.26178
0.816998
-0.410264
-3.56801
-0.88753
-0.167097
0.185128
-1.67943
-0.0557449
-0.262421
-0.225837
1.45366
-0.507911
2.13343
-0.838101
0.242798
-2.10532
0.713028
-2.26717
0.152427
-0.778226
0.360485
-0.113689
-0.150541
2.28494
-0.824448
4.0059
-0.39475
1.62977
-1.34335
0.237676
0.465471
0.197578
-0.0555761
-2.28172
-2.60724
0.55298
-0.719958
-2.53959
1.82529
-1.53716
-1.55086
0.387769
1.24119
0.186279
0.0134212
0.397308
-0.312728
2.83687
-0.318508
0.30615
-0.0149004
-0.445467
-0.150485
1.5506
-0.301808
0.458545
-0.548729
-1.01106
-0.338896
0.0996865
-0.622932
-1.91265
-0.431497
1.6103
3.4047
0.024533
3.27821
-0.601065
0.965146
-0.265549
-0.686975
0.84453
-1.53781
-0.254272
0.563653
-1.09495
-4.66515
-0.131871
2.78175
-1.29833
-1.67381
0.579371
2.83309
1.76446
-1.57681
1.62083
0.843043
0.225032
1.01677
0.999104
-0.154596
-0.62613
-0.477761
-0.840365
-0.306488
-0.344648
-3.06251
-2.35055
0.30513
-1.54225
0.698654
0.187672
-0.0544797
0.239118
0.16891
0.484306
0.227117
4.06102
0.511078
0.00893717
0.0648021
0.419648
0.345471
0.0683187
-0.0135433
-0.544191
-0.110049
0.163508
0.0835971
-0.0655698
-0.488118
-0.375818
0.423109
-0.309634
0.321613
-0.428244
0.213266
0.773988
0.168209
0.361404
-0.199019
0.0939276
0.296954
-0.386083
-0.982833
-0.334472
-0.081431
0.731481
0.242951
0.164231
0.134804
0.0779664
0.115894
0.684505
-0.0188346
-0.260609
0.200103
1.97043
0.111609
0.124959
0.0467121
-0.0712735
0.0823747
0.00150745
0.0932043
0.10216
0.231076
-0.33146
0.157645
-0.318475
0.0388695
-0.291137
-0.0981539
-0.231533
-0.406556
-0.00917599
0.121024
-0.0666165
0.0388142
0.0122216
0.306165
0.653807
-0.214754
-0.0455832
-0.420024
0.0465955
0.496771
0.114007
0.0265545
-0.0242213
0.120878
0.460654
-0.0441564
0.011906
0.2034
-0.00674463
0.14742
0.72764
-0.00635844
-0.0873969
0.0383594
0.0183634
-0.0564288
0.141084
-0.294024
-0.211363
0.315279
-0.336458
0.205467
1.31378
0.574404
1.35559
0.000729872
0.0864436
0.251267
-0.111289
0.160774
0.668752
-0.316877
0.177481
-0.205082
1.43636
0.485878
0.123943
-0.182838
0.878096
-0.448349
-0.00508084
0.25936
-1.22747
0.00855625
-0.838775
-0.331806
-0.256216
-1.2785
0.463311
-1.42549
-0.0156786
0.183902
1.9069
-0.494392
-0.0580305
-0.134806
0.499705
-0.491746
-0.151584
3.20367
0.867335
1.53597
-0.72366
-0.980095
-0.0944462
-2.11773
-0.152513
0.736509
-0.223244
-0.498108
-0.365337
1.8296
1.13022
-0.22483
0.00092543
-1.56358
0.0967728
0.225031
-0.0747633
0.454908
-0.432083
0.0364058
-0.299578
1.86625
0.2635
-0.977824
-0.114128
0.262109
0.105057
0.0294141
0.20717
0.134854
0.207077
-0.324792
-0.0383328
-0.140791
1.66519
-1.39725
0.104003
0.0276023
-0.0119427
0.300828
0.0652907
-0.0317962
-0.397373
0.155095
0.0123353
2.10936
0.208127
-0.177149
-0.100132
-0.0628547
0.0585955
-0.0741157
-0.00363874
-0.304673
0.0489891
0.2076
0.491298
0.182012
1.78306
-1.46886
-1.91834
0.00060248
2.61368
0.101338
0.238972
-0.346648
0.302166
-0.389834
0.0408931
-0.355846
-1.21871
2.40453
-3.20132
1.74949
1.74506
-0.135755
0.0390774
-0.0555426
0.178964
0.307517
-0.226453
-0.00626813
0.784944
-0.00915091
-0.61948
1.25777
0.61054
-0.0131563
0.309914
0.289858
-0.0546938
-0.249187
0.0403212
0.0591919
0.0585539
2.58272
0.0739565
-0.107897
0.0450869
-0.0241639
-0.0521683
0.0741924
-0.395116
0.0558016
0.310098
0.26909
0.16087
0.0199288
1.14166
2.11066
2.45025
2.71412
-2.44583
0.220606
-0.752883
0.10446
-0.27866
0.0286203
-0.349262
-0.0920399
0.119872
2.30037
2.06746
0.128891
-2.00741
0.0392241
-0.0109629
-0.127113
0.317239
-0.112452
-0.0385074
1.5101
-0.0428222
1.68159
0.243295
-0.264776
-0.0858769
0.358183
0.234801
-0.0321419
-0.231149
-0.119868
-0.218405
0.184344
0.0855929
-0.00503183
0.0314678
0.0455541
0.0091381
-0.0233136
-0.134365
-0.37431
0.168278
0.324021
-0.0192362
0.158299
0.0415283
-0.130227
2.3464
2.14308
1.70708
2.34508
0.240169
2.32028
0.0430287
-0.303193
0.014321
-0.0566993
0.0464025
-2.23675
-0.403492
2.61467
-1.76721
-0.178418
0.0396597
-0.259194
0.241145
0.532521
-0.135145
-0.0197365
-0.120987
-1.39538
0.455366
2.14366
0.0305177
-2.79617
1.48904
0.390325
-2.54834
0.58053
-0.0118279
0.177985
0.205956
0.332732
-0.0316829
-0.161508
-1.64665
-2.10598
-0.0388128
0.24621
-0.396432
-0.389582
0.331046
0.0219991
0.15241
0.0442388
-0.832413
-0.027604
2.48626
-0.371734
1.71467
0.938557
-1.59592
0.0733514
0.00780562
0.0258055
0.549052
-0.991153
-0.13759
-0.29611
-0.162357
0.0870953
1.77719
-2.78009
2.327
0.489634
0.326802
0.536758
-0.0507441
0.100943
0.200562
0.87085
-0.720199
0.0278584
-0.0539394
-0.649989
-0.10481
-0.0636377
-0.094467
0.246704
0.46531
0.439136
-0.99309
-0.106648
-0.763251
0.106598
0.112632
-1.1662
0.76261
-0.307147
-0.513813
0.286549
-0.00920794
0.161278
0.0483623
0.333931
0.388636
0.00131679
0.430679
-0.995925
1.76853
2.12625
0.382084
0.0105407
0.0921709
0.00125191
0.290497
0.723332
0.244879
-0.375813
0.553163
-1.69002
-0.453488
2.07095
-0.36075
-1.47583
0.0662844
-0.165424
1.54337
0.274778
-0.885571
-0.410254
-0.989483
-0.0509598
1.32545
-2.19677
-0.0196804
-0.158228
-1.35681
0.881482
-0.412735
0.404475
-2.78615
-0.168957
-0.117006
-0.0570098
-0.0318583
-0.260676
-0.272993
0.271947
-0.482496
0.266524
-0.0898736
0.0558988
0.324779
0.504636
0.00258396
0.00567256
0.219261
-2.43374
-2.50655
-1.97819
-0.992983
-0.0948901
-0.221636
0.445364
0.126093
-0.327495
0.0978602
0.576217
1.03765
-2.59795
2.27865
-1.06699
0.0775329
0.29033
-0.11886
-0.949642
0.693813
0.437725
0.793813
0.0112474
0.128859
0.750232
-0.249302
0.0305233
-1.45968
0.38183
-0.345245
0.0610162
-0.447905
0.302091
0.493416
-0.37011
0.226228
-0.0392347
-0.755275
-1.21414
0.0713519
0.0872575
0.282417
0.313689
0.0110098
0.9315
-0.0176305
0.000714222
0.0632524
-0.0672225
-1.06236
3.17099
0.627648
2.06005
-0.304891
-0.165808
-0.353468
0.75168
0.103229
-0.484063
1.09945
0.636233
0.473726
-1.69601
-0.0310983
-2.1084
-0.418258
2.91667
-0.968701
0.803453
0.926104
-0.16959
-0.00577036
-0.186288
0.484327
-0.483102
1.6135
2.21177
-0.23123
-0.65152
0.310477
-0.759298
0.148434
0.55745
-0.126739
0.221855
0.0208211
0.671137
0.0297882
0.137942
0.397849
0.92686
0.144495
0.0418436
0.00588701
0.110734
0.000339863
0.0894247
0.103509
1.56164
0.308849
1.92767
-2.5237
1.69077
0.0263448
0.0937338
-0.0322348
-0.503214
0.105824
0.171266
-0.116822
0.0360582
0.0494817
0.0552863
-1.28274
-1.93376
2.23807
-0.162552
0.0612186
0.163473
0.259785
0.0285977
0.114654
0.165962
0.133401
-0.00534794
-0.258628
0.258694
-0.18277
0.122367
0.535159
0.00883009
-0.0452161
0.0408525
0.00825817
-0.010956
0.215648
2.2169
-0.340149
0.31047
0.0124826
0.254241
0.0703662
-0.599461
-0.379674
-0.000447128
0.058401
-0.0197845
-0.00828925
-0.409715
-0.588925
2.03007
-2.39306
-1.21956
-0.853344
-0.245823
-0.583568
-0.202146
-0.369247
-0.645443
0.0836923
-0.0480278
0.510961
2.71736
1.97598
-2.27041
-0.452227
0.681313
0.206367
0.476665
0.00119569
-0.249818
-0.80089
-0.191343
2.26536
1.16894
-2.10303
1.60894
1.63954
0.541748
0.96869
-0.222731
0.36908
-0.0601591
-0.0183071
0.934312
-0.85497
-0.597986
0.953625
0.498681
0.0486946
0.073253
0.0113467
0.0865282
-0.000993859
0.0192647
-0.0971226
0.418841
0.724756
0.215585
0.549327
2.66328
-1.58465
0.234463
-0.584595
-0.415481
0.0519476
-0.0465033
0.912867
-0.00574485
0.264581
0.9815
-0.464635
-3.01795
1.48944
-1.58829
-1.14453
2.27276
-1.34721
-0.00108136
0.294219
0.406326
0.514134
-0.0166402
-0.712056
-1.9349
-1.49424
1.17475
1.2573
-0.319859
-0.908073
0.0686988
0.466268
0.0546895
-0.795344
0.114352
0.647352
0.00664984
0.618015
0.283312
-2.52673
1.01937
-0.233197
0.00076125
0.0743072
-0.0515526
0.0896953
0.30512
0.0288084
0.0683488
0.056849
-0.294213
2.83831
-1.61874
2.46482
-0.0633512
-0.306385
0.0315364
0.000969935
-0.135261
0.952492
0.178887
-0.31893
0.00172069
1.34636
-1.2846
-0.158634
-0.637327
-0.00338136
0.115201
-0.259404
0.377679
-0.0365346
0.0538707
-0.537761
-0.599579
0.938957
1.59966
-2.63952
-0.308951
-0.108089
0.0413676
0.00750223
-0.168056
-0.361527
-0.0141065
-0.0409719
-0.0890631
-0.0202131
-2.00701
1.66654
0.252592
0.000105093
0.128849
0.129401
-0.340592
0.0245417
0.744505
-1.10866
0.131691
0.517288
-2.15476
-2.66213
-0.107426
-1.13504
0.644023
-0.155894
0.00150651
0.738955
-0.881692
-0.956168
1.18401
-0.0519529
-1.7871
-0.746458
-2.102
2.10916
0.00480619
-0.088937
0.983703
-0.415252
-0.0188434
-0.188075
-0.222882
-0.85695
1.22391
-2.18095
-0.689982
-0.490732
0.286423
0.230365
0.0358731
-0.688864
-0.927658
0.0586316
-0.145541
1.02227
0.421804
0.0143111
-0.954932
0.200807
2.14386
0.0512777
0.0940978
0.121217
-0.299433
0.341706
-0.468994
0.0128389
-1.37352
0.204952
-0.110171
1.07918
-2.68733
0.789287
0.714959
0.00686727
0.278304
1.68984
0.521694
-0.310964
0.0891695
0.720658
-2.13263
-0.503909
0.103013
0.0304514
-0.134403
0.21695
2.53801
-0.00386252
-0.141312
0.503234
-0.21673
0.0979216
-0.431582
-0.370606
-0.233963
1.40535
0.102603
-0.0569118
0.1487
-0.342322
0.402548
0.171852
-0.268629
0.214904
0.000943981
0.619117
-1.03567
2.1098e-05
-1.21243
0.4988
0.084208
-0.109556
-0.0378854
-0.059824
0.124003
1.25546
-0.491717
0.454716
-0.801571
1.54595
-0.341727
-0.00627401
-0.684202
-0.0145654
-2.13163
0.428177
0.757298
0.119778
0.741387
2.44688
-1.35053
1.68772
2.18832
0.0748543
0.517377
-0.41751
-0.047474
-0.301377
-0.329349
0.863964
-0.508766
-1.76386
-3.23908
-0.0928194
-0.0230101
0.235133
-0.111814
-0.0594629
-0.410619
-0.0515431
0.460599
-0.526827
-0.113944
-0.0097318
-1.41084
0.679372
0.115376
-1.26553
2.33744
1.45743
0.339285
0.380077
0.184937
0.167639
-1.39002
-0.740796
0.489417
-0.664038
2.05252
-1.53114
-1.70598
-2.35994
-0.093962
0.0095967
0.0496541
0.635909
0.0483519
0.378652
-2.6816
-1.09564
-0.873035
-1.47825
0.137715
0.657734
0.194295
-0.0313971
-0.573983
1.73403
0.351303
0.343452
-0.949525
-0.84635
-0.80987
-0.482675
2.00402
0.317685
0.277017
-0.0899179
0.317207
-0.296718
1.62128
-0.0908703
0.0193173
0.00327906
-0.0231637
0.000267221
-2.46068
-1.05489
2.35726
0.230344
0.150843
0.109857
0.045733
0.295175
-0.111379
-0.0201351
0.0367581
-0.390889
1.54927
0.955488
-0.594786
-0.0979437
-0.10469
-0.0100545
0.40937
6.57928e-05
0.0315455
0.0496198
2.00258
-1.99718
-0.00321886
-0.0789348
2.42418
0.757775
1.55572
2.52271
-0.0935945
0.153254
0.189077
-0.0398873
-0.0774021
0.595025
0.000813502
0.0115621
-0.0205327
-1.09689
0.0587803
-0.0532545
-0.0101454
-0.169682
-0.0271925
0.0134879
-0.328155
0.331801
0.00176831
0.0526756
-1.99766
-2.00877
-3.00291
0.0480991
-0.232037
0.00475987
-0.314977
0.680286
-1.26533
-0.0637793
-0.0612238
0.173125
-0.431811
-2.83016
-0.692456
-0.331487
0.640702
-0.332037
0.112741
0.0310201
0.579926
0.313148
-0.394142
1.0325
0.47901
-1.32371
-2.56901
-2.67882
-0.927506
0.588089
0.299531
-0.250909
-0.363745
0.323749
2.00979
2.1147
1.06136
-0.137908
-0.104386
-1.69787
-0.47938
0.295126
0.507251
-0.541677
0.00532577
0.414656
0.0865507
0.0017625
0.16694
0.00825617
2.67935
0.348877
0.0980666
1.68321
-0.502249
0.460705
0.807816
-0.446709
-0.706769
0.182829
-1.43603
-1.24363
-2.55593
1.71847
0.654022
0.0536244
-0.17053
0.103647
-0.496475
1.47403
1.50054
-0.858405
0.0160894
-2.10289
-2.82892
-1.72505
0.577871
0.295274
-2.68337
-2.42732
1.27016
-0.832835
1.11109
-0.979745
0.697046
0.31213
-0.0176417
3.46952
1.66557
1.22269
2.51431
0.46327
-0.35835
0.0329809
0.597897
-0.0834708
0.00259046
0.078145
0.0940728
0.26013
-1.81477
1.79071
0.189209
0.12241
-1.57121
0.0034399
-0.28554
-0.21171
0.102543
-0.0861469
0.106511
1.82595
0.990463
0.923936
-1.04122
-0.891341
0.177909
0.866214
-0.817934
-0.736671
-0.165835
0.028805
-0.130948
0.596333
0.506187
-0.0803234
0.541848
2.06388
-0.61278
-0.111979
-0.188969
-0.806712
-0.267326
0.0846576
0.692008
-0.024421
0.269864
-1.86913
-1.6849
0.311659
-0.662723
0.112336
-0.0634413
-0.0550099
0.330602
-5.35557e-05
0.174831
-0.0402279
-0.0817638
1.68715
-1.14842
0.847089
2.75304
0.221683
-2.55261
0.225394
0.242877
-0.054253
-0.292606
0.504495
1.15612
-2.10733
0.974917
-0.700135
0.782697
-1.46345
0.790817
-0.304995
-0.549179
0.8017
0.0092953
0.0242513
-1.56966
-0.0759226
-0.479283
2.66742
-0.3482
0.880669
-0.666517
1.86782
0.917846
0.77383
-0.34277
-0.324358
-2.41945
0.712502
1.61615
-0.848451
0.128838
-1.593
0.929485
0.0285811
0.0665922
0.0840211
4.02119e-06
0.104945
0.0967203
0.257881
1.26714
-0.445759
-1.39199
2.67165
0.140514
0.103113
0.100184
-0.166487
-0.0666215
0.169331
0.0444813
0.0343984
0.196594
-1.46002
3.32559
1.63789
-0.727878
-0.240683
-0.127142
0.0131313
0.254079
0.0304145
-0.087978
0.292494
2.99097
-0.0197238
-0.621349
2.44806
-2.72203
-0.0347094
0.283245
0.0593645
-0.0519137
0.0421279
0.0214596
-0.0103522
-0.0357206
-0.326099
3.1625
0.285754
-1.18893
0.271375
-0.0375309
1.17038
0.0626032
0.000936624
0.0594985
-0.124498
-0.0102873
0.220479
-0.608603
-3.71437
0.433665
-1.49178
-2.37567
-1.67832
0.146757
-0.688845
-0.0306711
0.875138
-0.0224463
-1.6207
-2.61647
-0.982967
0.85226
2.60878
0.189908
-0.532958
-1.80378
1.01347
0.0157691
-0.0588084
-0.337865
-0.238443
-0.0909831
-2.09615
1.65161
2.28227
-1.04913
0.980169
0.710848
0.437558
0.184204
-1.0224
-0.0561927
-1.03466
1.69796
0.910057
-3.02885
2.36996
0.803187
0.0191287
1.37723
-0.657364
0.0018073
0.102287
0.205127
0.130352
-0.97486
-0.280806
0.285195
0.222088
1.60587
-0.0129132
-1.75723
1.4306
-2.46802
-0.332682
-0.314685
0.0588117
1.34577
-0.10324
-0.0730335
0.155379
0.588107
0.518087
-0.178948
0.488916
1.12622
0.00610597
-0.417831
-0.460435
-0.984622
-0.117416
1.45986
-2.42262
0.25672
1.86832
0.469776
0.616566
0.145442
0.657163
-0.607757
-0.12845
-0.0253645
-0.838934
-0.0456426
0.827627
-0.589922
-0.0517232
1.04015
-2.83464
0.0757035
-0.000796849
0.0853479
-0.0690354
0.325632
-0.58239
-0.829858
3.25287
-0.506451
1.51155
4.16133
1.5914
-1.08257
1.11694
0.158689
0.643003
0.0534302
0.592588
1.15951
0.798527
-0.532917
-0.519139
-4.3616
-0.188841
-0.0639146
-1.16312
-0.00803423
2.12236
-0.319213
-0.00178334
-0.0042283
1.43459
-2.26615
-2.58533
3.07719
-3.45323
-0.10898
0.711782
0.419182
1.03878
0.0510684
0.286557
0.0972218
0.105952
0.971931
-0.323406
-1.63431
0.791797
0.576038
0.158374
0.00420464
1.26653
0.100418
0.0332275
-0.261916
0.227175
-1.12959
0.115614
-1.04307
-2.46123
-2.70003
0.131547
-0.215806
-0.234918
0.735707
0.0431871
0.12426
1.23769
0.602734
-0.124456
0.0236457
-0.301059
1.42449
-0.501032
-1.55835
-0.068973
-0.221835
0.515033
0.422907
-0.0329449
0.730008
-0.343359
-0.0172448
-0.046986
0.168662
0.439804
-0.410538
-1.2291
-0.133534
-0.061663
-0.177308
0.353971
0.540978
0.351146
0.182438
0.491704
0.0287149
0.0664157
1.67276
1.5396
-0.344036
2.53046
0.229039
-0.0248305
0.102592
-0.273874
-0.00690193
-0.204164
-1.54852
0.0909438
1.08035
2.74932
1.3933
-0.0404366
0.0389368
0.0962934
-0.0720162
0.312946
-0.141375
-0.0379812
-0.189678
-0.176487
0.8037
1.40678
2.20918
-0.0912835
-2.61966
0.340951
-0.0141548
-0.20102
-0.147369
-0.133207
-0.376866
-2.48204
1.25449
-2.45982
0.10817
-0.0184991
-0.00755894
0.177048
-0.40867
0.18989
0.313399
0.132995
0.16137
0.0329135
0.465769
2.02847
-0.719165
1.79776
0.00830287
0.0460345
0.33306
0.238383
0.553836
0.0559659
-0.13774
0.417815
0.254926
1.0893
-0.243379
0.764062
0.222006
-0.000528685
0.266012
-0.585443
-0.284155
-0.313461
0.0454446
0.158594
-0.453637
0.283644
-2.21048
2.8399
-0.259412
-1.09756
0.35465
-0.0457937
-0.684086
-0.266866
-0.47549
0.428146
0.781487
0.0170064
1.3225
-1.60854
-0.345053
-0.0209328
-0.512705
-0.131942
0.841313
-0.0400378
1.04228
-0.012886
0.111862
0.476304
0.171006
0.00186522
-0.836832
0.0712669
-0.226141
0.464882
1.37129
0.468056
0.176698
-0.783234
0.18285
-0.413551
0.263718
-1.30588
-2.02716
3.4893
-1.17503
-0.253056
-2.03776
-0.20455
0.715564
-0.052996
-0.1786
-0.361733
-1.08075
0.425461
1.8487
1.03571
0.23461
0.407555
-0.100313
-1.90577
0.31813
-0.346008
0.869483
0.903617
-0.286034
1.77421
-0.545655
1.91337
2.87367
-1.57386
-0.304854
0.437743
-0.0347478
0.492304
0.247548
0.0066975
-0.225324
-0.552369
0.000421084
2.58953
0.0600189
0.285168
-0.00583192
-1.81922
-1.03076
0.520446
0.614025
0.558179
0.300088
-0.332736
-0.28463
2.99469
-0.143853
-0.678917
-2.09304
-0.334276
3.24014
1.0769
0.532395
0.758629
-1.17621
-0.107146
-0.197818
0.503711
-0.783895
-0.491129
-1.0977
-1.1074
-0.367476
-0.285981
1.38517
-1.04198
-2.08641
-0.953789
-1.2684
-1.3189
1.50317
-2.31053
2.93536
0.203
-0.426705
2.54166
-0.765604
-1.02849
0.0258743
0.0151085
0.0129628
0.00153457
-0.025223
-0.00507011
-2.69586
0.311984
0.389116
-0.482249
0.1007
0.124735
-0.433736
0.0544459
0.390219
-2.36214
-0.484431
0.211672
1.84055
-1.03005
-0.0621544
-0.233132
0.0870716
0.0620526
0.15997
-0.132201
0.185321
-0.115168
2.89175
-0.193951
-2.51
1.20765
1.75731
0.325713
-0.0716797
0.453609
0.196197
-0.528587
-0.147564
-0.156839
1.74969
1.95405
-1.78576
-0.142456
0.0103764
-0.0547924
-0.0896841
0.111396
-0.0119372
0.112309
0.221762
-0.0514212
-0.00029863
-0.0651957
0.105898
0.408556
-1.36461
0.357991
1.28781
-0.192721
1.67187
-1.11867
-0.292852
-0.160941
-1.93718
0.189473
-0.945182
1.6359
-1.35177
-0.646122
-2.53989
0.575385
0.2812
-0.752862
-0.0290664
-0.473723
0.359456
0.000282315
-0.274117
-1.38014
-0.459034
-2.05735
0.0232495
1.18835
0.22018
0.820901
1.03312
0.57129
0.669371
-0.409348
0.0885821
-1.47133
-0.862957
-1.26457
-0.640753
1.63747
-0.906628
0.109122
0.0922551
0.323147
0.581762
0.00382608
0.0218843
0.131873
0.871941
0.56915
-0.571595
-3.69019
-0.771436
-0.641787
0.0862656
0.729519
-0.807924
0.240372
0.655539
0.888298
-0.022292
-1.32403
0.34302
3.10643
0.749143
-0.0505517
-0.195409
-1.34562
-0.578597
-0.172039
0.0268944
0.0122521
-1.72982
2.32844
-2.68619
-1.24635
-1.81084
0.620713
-0.832233
0.882339
-1.01838
-0.218664
-0.608654
-0.250216
-0.628363
-0.352092
2.61872
0.895711
-0.47811
0.194167
0.112983
0.0479996
0.181132
0.237085
0.00135624
0.121987
0.0700837
0.263384
0.155042
1.17615
-1.20797
0.153671
-0.923305
-1.15783
0.399095
-0.57672
0.123214
0.218609
1.58511
-0.0342357
-0.41524
-1.17142
-2.69665
2.63155
1.60544
-1.18749
-0.762252
0.0481307
-0.384301
-6.3665e-05
0.164391
1.94346
3.51208
-1.61595
2.02368
1.96233
-1.46275
-0.403455
1.57668
-0.541343
0.129856
-0.470412
-0.0399354
-0.00926608
-0.430906
0.405822
-1.16973
0.0646135
-3.39067
0.663044
0.057469
-1.35502
-0.312648
0.0020202
0.10832
0.1024
0.168176
-0.769412
0.390587
1.5861
0.152791
0.250078
-0.108236
0.055283
0.0603058
-0.265497
0.139761
-0.877575
0.0588208
-0.0119556
0.662945
0.476649
-1.62005
2.64082
-0.192648
0.782935
0.669799
0.412427
0.0254404
-0.10405
0.638645
-0.88418
-0.0450567
-0.142974
-2.87057
0.515891
-0.248072
-0.889569
0.140569
-0.780384
0.175144
-0.0169407
-0.0670022
-1.83087
0.209598
-0.492485
1.36214
-1.03958
0.311676
0.0350399
1.50408
0.889676
0.000159466
0.116301
0.00462712
0.467793
0.993317
0.639657
-1.29781
-0.0200536
-0.737887
0.809572
0.033879
-3.09312
-0.258632
0.909369
-1.36007
-0.0124159
-0.73573
0.741836
0.245785
-1.1962
-0.717267
0.653212
-0.751421
-0.081438
-1.27707
2.83404
0.461162
0.0640962
1.16259
-0.0666708
-0.688035
1.25473
-0.376101
-2.12191
0.00360388
0.204272
0.768726
-0.515229
-0.894211
0.120512
0.25188
0.341991
-0.360359
-0.476803
-1.84791
1.41861
0.0102819
2.21422
0.106551
0.0024884
-0.46011
0.0838967
0.0236509
0.0914627
0.0464967
0.27846
-0.048318
-0.71292
-2.30051
0.124275
-0.419384
0.0435027
-0.145039
-0.00489627
0.015826
0.162776
2.07734
0.321582
-0.231861
-0.175213
-1.81483
-0.0311031
0.858139
-0.494097
-0.0122539
-0.00762915
0.584403
-0.0140753
-0.0588023
-0.365384
-0.648911
-1.52129
-1.75412
3.32325
-1.4349
-2.02797
-0.12064
-0.16874
-0.0376455
-1.26889
-0.195238
1.20158
-0.108585
0.566186
0.6502
0.0299887
1.83282
0.723364
0.00171867
2.43774
0.0419073
-0.0592638
0.448288
0.887432
-0.0699953
0.0139612
0.00596048
-0.611094
-0.193423
-0.189291
-0.293251
0.291561
0.564469
-0.00729187
-0.126609
-0.197079
-0.200234
0.347473
-0.0961431
-0.979556
0.619955
-0.937985
-2.53473
0.628496
2.31249
0.171095
0.0631452
-0.00486578
0.0260515
-0.0903354
0.183682
0.167526
0.763322
1.7623
-2.03308
-0.141426
-0.13981
0.0589401
-0.094659
0.128389
0.595544
0.0226705
0.124897
1.10367
0.0449541
0.169858
-0.0428374
0.00173885
0.0870366
2.4607
-0.0241067
0.260094
0.744086
-0.043211
0.0716107
0.259609
-0.202764
-1.83931
-0.305027
0.0628009
2.92557
0.536095
-0.00364941
-0.0808068
-0.47648
0.0111993
0.208361
0.0379707
-0.027854
1.06866
2.18502
0.138278
-0.00823205
0.518275
0.483117
0.129531
-0.0682062
-0.321146
-0.168558
0.132921
0.494781
-1.2867
-0.247834
-0.806616
-2.65468
2.01092
0.746088
-0.54439
0.0414457
0.209591
-0.199985
-0.400914
-1.03466
0.0313919
-1.59479
-0.104949
0.00143529
0.092378
0.0716846
0.122003
0.120561
-0.926906
0.337673
-0.0178863
1.01894
-0.760765
-0.0820308
0.345567
0.0773078
-0.415628
-0.914328
-0.905898
-0.349172
-0.544271
0.0498211
0.770554
0.085694
0.449633
0.222782
0.11015
0.945728
2.13508
-1.94897
-0.835995
-0.243958
0.00387101
0.724214
-0.331318
0.988548
0.113447
-1.31472
-2.65049
-0.217804
-1.22676
-0.227232
-0.0441163
0.966024
-0.418639
-0.319713
1.01123
0.947088
-0.0416687
0.0426262
-0.0734781
-0.000929658
0.00167581
0.0472406
0.00440357
0.00832909
2.53184
0.372833
-0.12948
0.0757687
-0.0854747
0.0914501
-0.0526112
-0.0986375
-0.104642
0.720947
1.56617
-0.000298625
-1.4548
-0.398933
0.00149852
0.0519808
0.0660149
0.145765
-0.19578
0.526588
-2.51988
-2.52501
0.12949
-0.285466
0.0624951
-0.0491923
-0.016395
0.0224498
0.069035
0.317852
0.0232469
-0.125919
-2.67215
0.0230891
-0.830166
1.617
-0.0807132
0.023542
0.0502406
-0.0588877
-0.125649
0.0709721
0.05017
-1.17935
-0.148732
0.00234873
0.133644
2.82987
0.562991
-1.50561
-1.84586
-0.5962
0.137067
0.46123
0.676648
0.0935843
-1.23123
-2.66705
-0.144347
-1.04414
0.0495845
-0.0216859
0.0655464
0.363795
0.171536
0.251554
0.00825966
0.0377871
1.30299
0.01523
0.0396976
-0.614984
-3.23707
-0.36438
-0.0481886
2.04724
-0.87669
-0.792813
0.317016
-1.64858
-0.864418
-1.96753
-2.60834
2.13989
1.23633
0.966025
0.371219
-0.523407
1.1914
-0.0473932
-0.409122
-0.0552701
0.766221
0.0371796
0.000367466
0.0316157
-0.0365809
0.0210885
1.02118
-0.0504807
0.0812167
-0.0407471
0.189778
-0.434947
0.0391331
0.411036
-0.0694376
-0.0157249
0.433305
-1.62711
-2.42154
-1.44143
-0.146298
0.862379
-0.00499158
0.732699
-0.333228
-0.250814
-0.19449
0.00159414
0.834503
-2.10284
1.98718
-0.574896
-2.5551
-1.552
0.196185
-0.977375
1.07645
0.40331
0.354038
-0.0396476
-0.513447
0.272179
-0.989366
0.427427
-0.0432221
-1.51744
0.954368
1.16941
-0.0179267
-0.626015
0.614256
0.00448267
-0.0239575
0.102128
0.359425
0.195846
0.687034
0.446095
-0.25245
-1.09596
-0.104573
-1.25644
0.83792
-0.376908
0.0923332
0.38225
-0.0158687
-0.161121
0.0195594
0.634695
0.106682
0.0503789
0.0114448
-0.591648
-1.46547
0.456456
0.0157011
-0.124945
-1.74296
-2.31535
1.43664
-0.752148
-0.069788
-2.78257
-0.446019
-0.181951
0.631086
0.534637
-0.0754551
-0.761634
0.134641
0.698112
0.976601
1.48653
-1.16213
1.54212
0.0641127
0.035397
-0.0965357
0.178405
0.00197194
0.112998
0.12864
0.206892
0.290179
-1.24583
-0.184955
-0.485177
-0.0364485
0.0132412
0.161456
-0.392949
-0.119164
0.228356
-0.129398
0.0420103
-0.475558
-0.304033
0.633866
-0.526844
-0.0435781
-0.287515
-0.0716741
-0.527812
0.037907
0.0268766
-0.0430106
0.308476
-1.59447
-0.0513653
-0.944177
-1.26002
-1.23312
0.328565
0.11007
-0.239414
-0.255028
-0.137415
0.290725
-2.84217
-0.217116
-0.160348
-1.65895
-1.22474
-0.963812
-0.243239
0.013638
0.00480705
0.292237
0.00281849
0.0605465
0.163896
0.392717
-0.134346
0.395247
0.314308
-0.0607073
-0.193698
-0.440249
-1.11406
0.371082
0.0662496
0.186238
-1.0658
-2.7221
1.04799
0.532597
0.797619
0.394039
0.154891
-0.205003
0.73968
-0.372067
0.173526
0.017158
0.0635961
-1.61465
-0.487339
0.0273209
-1.61298
-0.430565
-0.10053
0.216273
0.123814
0.379374
-0.831816
-0.0693839
0.0940539
-0.0399664
0.28322
0.694236
2.81639
0.904723
0.869235
0.10649
0.0748509
1.01345
0.655761
0.00249969
0.0684565
0.251545
0.345379
0.72873
1.83635
-0.161072
0.0684533
-0.714814
0.337118
0.213787
0.669833
0.298039
0.531346
1.00733
-0.0111514
-0.636615
-0.734467
0.267704
0.0330839
-0.179288
0.0342369
0.00924775
-1.30547
-0.309295
0.0182773
0.224053
0.877393
0.942551
0.0604473
0.59158
2.31935
1.97003
-0.467019
0.784972
-0.0329
0.470297
-0.432911
0.0623954
-0.0188164
-0.600748
-1.54698
-0.773453
1.51831
1.52871
-0.544014
0.0153092
-0.049516
0.144143
0.166581
0.350997
0.124853
-0.00183556
0.479946
-0.283393
0.322354
0.334052
0.442941
0.118403
-0.0988762
-0.133953
0.0745934
0.00719069
0.164017
-0.104632
-0.591861
-0.480059
0.0909657
-0.0984636
0.349226
-0.318595
2.98136
0.354893
0.21485
0.335796
-0.153295
-0.121623
0.263757
-0.315844
-0.46859
-0.177503
0.142041
0.509227
-0.0751299
0.838238
0.493122
1.92225
0.137782
0.750415
0.0751574
0.106528
0.0485411
-0.0635624
-0.091744
-0.649872
-0.380211
-0.367923
-0.440997
-1.22287
0.453144
-0.949386
0.511463
-2.38651
-0.208192
-0.579012
-0.0470897
-2.0869
-0.303161
-0.396594
-0.357451
-1.22316
-0.330121
-0.395177
0.683641
-1.15153
-0.233968
-0.483158
-0.457808
-1.07754
-0.344219
-0.503417
-0.467169
-1.2677
3.07481
-0.507149
0.0442737
-1.90017
-4.74897
-2.00198
-1.58334
-1.77759
-0.155072
4.48697
-3.97263
-4.07593
0.508219
-0.632276
0.252281
-1.33037
-0.902703
1.72939
-3.58642
3.10542
-1.07897
2.25958
-3.04218
-2.20465
-1.43902
0.181796
-0.999935
-0.550791
-0.784007
-1.94652
-0.469699
-0.825339
-0.266813
-0.232243
0.251943
-1.52181
0.413857
-0.496264
-0.222544
0.271832
-2.54705
-2.4859
-1.42359
-3.54508
-0.0568084
-0.0320435
0.621434
1.21833
-1.77357
0.577759
3.62225
-1.92683
-4.82346
2.01509
-3.88826
-3.53864
0.259425
-0.289017
0.337681
-1.02687
2.28706
-3.22644
-5.76933
3.22469
-0.275777
-0.2679
1.11858
-1.39051
6.19634
-2.53949
11.4274
2.96893
-0.934158
0.851719
1.65122
2.27824
-3.42675
5.36257
-6.0632
0.881667
-0.119658
-0.23784
0.262695
-0.579753
-0.305367
-0.397089
-0.010486
-0.193921
-0.153635
0.127666
1.01226
-0.444697
-0.558265
-0.338463
-0.278935
-0.300322
2.30471
-2.72596
-2.761
4.12044
-0.195943
0.0350858
-0.0678239
-0.352485
-1.143
2.32075
-6.90171
4.53834
2.10569
-5.36273
-3.20952
-4.32167
1.02174
-3.76495
-7.22288
3.29621
-4.22428
0.744004
0.726514
3.07162
2.05979
-2.5552
0.148854
-4.56125
-0.619747
0.344477
0.630975
-1.30832
-0.637354
-0.527286
-0.548115
-0.779893
-0.700665
0.234024
1.49732
-1.59171
-0.557635
-0.58824
-2.04066
1.21916
0.362725
-0.565311
-0.0683057
-0.355404
0.881791
-0.38423
-2.4431
2.8527
2.90963
-0.978697
-2.26357
-3.00259
-0.222356
1.17628
5.49997
-7.96222
-0.686874
0.520334
-1.22003
0.788329
-1.8389
-1.98838
2.32458
-5.77495
-3.79482
-8.51875
-3.45174
-6.39395
-0.391853
0.0776368
-0.531505
-1.05687
