[36, 25, 25, 4]
0.19484
-0.590373
0.274563
0.0551299
0.257075
0.408119
-0.17334
-0.113495
1.14625
-0.000547418
0.0325078
0.0473601
0.767011
0.515149
-0.457399
0.461491
-0.281646
0.436121
-0.000317117
-0.735881
1.42567
0.0497245
-0.540916
-0.0261861
-0.892981
-0.00308302
-0.405117
0.583123
0.0408202
-0.477906
-0.955638
-0.0642761
1.23175
0.764879
-0.000216343
0.00672781
0.213325
0.358994
0.417267
-0.872947
0.703554
-0.144354
0.230978
-0.147865
-0.124148
-0.0597798
-0.308378
-0.0727596
-0.0320211
2.62237
-0.0760318
0.159292
0.542723
-0.00314369
0.381653
0.0737113
-0.0614842
-0.872725
1.55888
-1.23755
2.23672
0.215621
0.215837
0.392352
-0.299298
0.143225
0.271322
0.334461
-0.000309289
-0.329062
1.0407
0.329449
0.170941
0.0188107
-0.135489
0.578315
-0.0951168
0.105536
-0.0455998
-0.168031
-0.73957
0.213496
0.576463
0.534056
-0.000349105
-0.000546894
0.621143
0.369157
-0.423069
-0.723621
-0.873164
0.147735
0.276249
-0.0033099
-0.093843
1.58351
0.452317
0.115464
0.0444711
-0.945761
-0.199016
-0.187676
0.608138
-0.606683
-0.134308
0.0692174
-0.0965864
0.492538
0.566921
-0.000903394
0.00581185
0.153511
0.298729
0.943489
-0.0910526
0.213218
0.238495
-0.170074
-0.00582858
-0.921913
0.258085
0.166336
-0.785671
-0.129258
-0.262526
-0.0135026
-0.716817
0.732405
0.177079
0.122781
-0.820282
0.265286
0.143475
0.917884
-0.000544833
0.0129304
-0.0999567
0.459656
-0.195327
-0.427876
-0.0725832
0.0110364
0.57978
-0.000105697
-0.0826633
0.219678
1.11493
-0.15443
1.03605
-0.138448
0.673365
0.434849
-0.321764
-0.611891
0.0732315
-0.511734
0.373823
0.0279021
0.678472
1.18458e-05
0.636181
0.607989
-0.222274
0.0115137
-0.649507
0.660673
-0.185476
0.601102
0.00278976
-0.525201
1.31708
0.521018
-0.720995
-0.0171303
-0.130725
0.375517
-0.32764
0.806992
0.0104713
-0.0472012
-0.568102
0.176943
0.109765
0.93667
-0.959351
-0.00394525
0.470459
0.147878
-0.516013
-0.473929
0.56986
-0.083292
-0.0133303
0.143901
-0.202623
1.16341
0.838064
-0.768235
-0.0269008
-0.0921218
0.0687281
0.000787135
-0.32015
0.460144
-0.103558
-0.476001
-0.0321491
0.129051
0.395435
0.000500194
0.00500196
-0.0209646
0.523098
0.338873
-0.465779
0.195292
0.402139
0.842774
0.000497218
-0.021443
0.969219
-0.0130006
-0.542351
-0.0282435
-0.13081
0.694667
-0.183563
0.360651
0.00377107
-0.356192
-0.305592
0.120363
0.183228
0.155307
0.000619713
-0.0146866
0.473623
-0.150925
0.215796
-0.811601
-0.0270031
0.14881
-0.181605
2.45972e-05
0.425379
0.712258
0.892638
-0.261097
-0.0257205
-0.165331
0.108787
-0.817059
0.110139
-0.00490457
-0.134741
-0.786853
-0.177862
0.313975
0.0973371
0.000802963
-0.0328152
0.0888368
-0.271022
-0.511972
0.0783152
-0.0235362
-0.282928
1.17915
0.00110688
0.415309
2.27626
0.287936
-0.157965
0.629392
-0.486872
0.671125
0.940869
-0.117733
-0.406267
-0.206746
-0.333668
0.669233
0.265716
0.397669
1.20876
0.00425022
0.708042
-0.0238482
0.155516
-1.04215
-0.25078
0.296996
0.00570093
0.193694
0.237331
0.366799
0.976051
0.629828
-0.0714913
-0.182717
-0.166143
-0.858705
0.673097
0.231308
-0.0502319
-0.379566
0.358973
2.06609
0.601178
-0.323599
0.483172
0.484088
-0.15481
0.18443
-0.495101
-0.0710329
0.912244
0.360264
0.000107191
0.158613
1.23737
-0.0487413
0.944097
-0.0677774
0.0632166
0.698869
0.181026
-0.163898
-0.0168619
-0.286888
-0.431993
0.389513
-0.130884
0.435195
0.000850141
0.0145182
0.651803
-0.339456
0.0254037
-0.919168
0.0246109
-0.451488
0.319945
1.01786
0.528966
0.763934
-1.38947
0.173594
-0.0496169
0.00487844
-0.143518
-0.60846
0.198476
-0.0200493
-0.415131
-0.286236
0.469878
-0.0367384
0.00687728
-1.33822
0.0260969
0.0839612
0.307579
0.534344
0.0440307
-0.118302
0.241012
0.197756
0.00265492
0.427444
0.338772
0.239207
-0.883957
-0.0870953
1.10544
0.154374
-0.324305
0.390474
-0.0169114
-0.00847163
-0.342325
0.0588497
-0.625372
0.761027
8.94755e-05
-0.242886
0.117094
0.12207
0.560656
-1.3478
0.642301
0.61326
0.351861
-0.273786
-0.124797
0.0448271
0.157486
0.270632
0.161305
0.403933
-0.194183
0.288381
0.224197
-0.017791
-0.995992
0.0293026
0.263139
-0.950288
0.33008
-0.990945
0.0495723
0.514168
-0.283696
0.835013
1.03456
1.24565
-0.444116
-0.144735
2.94342e-05
0.362527
1.24834
1.02765
0.601156
-0.0173002
-0.577593
-0.406011
0.699146
0.382448
0.188941
0.0004455
-0.202869
1.18481
0.196693
-0.0231184
-0.000327609
-0.343123
0.19664
-0.161145
-0.258548
0.723279
-0.172243
1.17907
0.812603
-0.00097324
0.757448
-0.410373
0.480063
0.0658061
0.0363393
0.640419
-0.32176
0.871589
0.376433
-0.00255589
-0.505926
-0.0380887
0.874041
0.293034
0.0658467
0.00107332
-1.14782
0.638515
-0.0765937
0.109305
0.055377
-0.196281
-0.380035
-0.121092
-0.000581392
-0.710781
0.723597
-0.386148
-0.404175
-0.917199
0.540612
-0.239797
1.05122
0.589856
0.00690729
-0.366983
0.222065
0.359439
0.277317
-0.771966
1.04495
0.0302035
1.09118
-0.563977
0.343458
0.921809
-0.101424
0.242733
0.0366854
-0.864314
0.239361
-0.233128
0.143725
0.941021
1.77213
0.694881
-0.0874704
1.02419
0.158484
0.012336
-0.418873
0.845631
-0.230167
1.74997
-0.686348
-0.769271
0.0161234
-0.250427
-0.178052
0.241155
0.602123
0.0657699
0.277469
0.460194
0.000584551
0.225579
-0.234222
0.489584
-1.47911
0.0826882
0.669326
-0.52206
1.3709
0.698679
0.00211798
-0.239155
-0.14279
0.552836
0.404637
0.207606
0.650832
0.627332
1.11337
0.325541
-0.371166
0.53388
0.161099
0.0183959
-0.490204
-0.90777
-0.88574
0.318745
0.471425
-1.40059
-0.0188249
0.0771266
-0.735968
0.583377
0.550348
0.634613
-0.274899
0.300933
0.479982
0.282676
-0.290429
0.00116682
0.00698613
0.517438
-0.255943
0.422425
0.625442
0.04085
0.20969
0.52199
0.00141251
0.674098
0.101828
-0.717815
0.681455
-0.032874
0.226575
0.34791
0.642312
0.665206
-0.00412537
-0.06623
0.0542246
0.442038
0.0329937
-1.38406
-1.04943
-0.0227325
0.642686
-0.480196
-0.0523704
0.584163
-0.178502
0.870249
-0.112887
0.00203087
-0.433292
-0.173114
-0.152045
-0.64145
-0.0115174
-0.093772
-1.18443
1.40054
0.422429
0.0216393
-0.470723
0.0184725
0.277389
-0.748273
0.379248
1.48364e-05
-0.429577
0.383613
0.677642
0.466212
0.832437
0.503817
-0.22926
-0.0506831
0.00149255
-0.518667
-0.0280404
-0.198161
0.35147
0.399937
-0.0023293
-0.446625
0.224091
1.98383
0.054484
0.12151
-0.328711
-0.0721233
-0.0896726
-0.42018
-0.40741
0.121386
-0.104712
0.0437459
-0.737701
0.892093
1.70687
0.70025
0.0387627
-0.00123541
-0.490593
0.219843
-0.533274
-0.00716696
0.0114554
-0.261338
0.174788
0.275181
0.493295
-1.2784
0.142105
-0.388107
-0.00216521
-0.168052
-0.0549193
-0.00021488
-0.0410648
0.142354
-0.304011
0.128651
1.74077
1.57375
0.586791
0.878137
-0.00278028
-0.513965
0.03083
-0.772696
-0.0430434
-0.0685067
-0.716386
-1.09668
0.551496
1.5337
-0.159889
0.414896
-0.243723
0.200386
-0.0815574
-0.109548
-0.00050387
0.389665
0.154284
0.307287
-0.395629
0.411542
0.137179
-0.366746
-0.0440937
0.339856
-0.691554
0.374765
-0.0266266
0.0252358
0.104581
0.233722
0.416014
0.359885
0.957398
0.296234
0.572041
-0.153027
-0.178491
0.771386
0.232985
-9.3288e-05
-0.00457823
0.0464692
-0.0190851
0.0802866
1.55462
-0.152957
0.996961
0.377467
-0.613058
-0.712783
0.00447253
0.491083
0.124258
-0.00450755
-0.681524
-0.203407
0.321855
1.10875
-0.0336964
0.883956
-0.139876
-0.141495
0.0318459
0.28543
-1.06499
0.0163911
0.0379075
-0.0758572
0.168138
0.573732
-1.60056
-0.537033
0.43788
0.964791
-0.422178
0.543781
0.48881
0.46253
-0.0108062
0.764674
-0.712889
-0.046431
1.35968
-0.0211963
1.6044
-0.28986
0.124297
-0.0533775
0.215451
-0.00046658
-0.308331
0.166003
0.321384
-0.28482
1.08433
0.38169
0.366794
0.45144
-0.275234
-0.799846
-0.0114462
0.9294
0.202009
0.120889
-0.128528
-0.542798
0.809654
0.683912
-0.777016
0.905785
-0.301594
-0.374962
-0.693879
0.360853
0.642462
0.0466279
-0.0222
0.472178
0.0234232
1.34136
0.673813
-0.351822
-0.0944688
0.000892204
-0.812104
1.1755
0.222697
-0.474561
-1.2488
-0.974927
0.23026
-2.49347
1.49398
-0.0207604
-0.0209136
3.58807
3.11159
1.2081
1.58693
0.0754182
0.454433
0.297654
-0.334513
-3.78577
3.40518
-0.302266
3.7826
2.0221
-0.170096
-1.9884
0.844003
2.58617
-2.12256
0.680572
4.28501
0.21222
3.63856
-1.47257
0.140328
0.355825
-3.74699
-2.80842
1.63076
-1.25638
-1.11016
-0.140279
1.35626
-0.731309
4.89067
-3.29682
2.2289
-3.99109
-2.52836
-0.207378
0.701159
-1.31898
-3.22897
2.81258
-1.82844
-2.45611
-1.51257
-0.142916
-1.15294
-0.718173
0.656089
0.199874
-0.153758
1.05114
-0.696418
0.0629613
-1.44432
-1.70245
0.64985
1.53726
0.489466
-0.0514573
0.0624219
-0.556835
-0.338154
-0.547635
-0.548104
-1.29481
0.669265
0.0973767
0.332536
0.106259
0.532779
0.407994
-0.100518
-1.88221
-0.0122549
-0.0270135
-0.0374806
0.0615493
-0.00821652
-0.112402
0.795975
0.292024
0.00272424
-0.356593
-0.0720178
-0.431229
-0.139689
1.06213
-0.0460073
0.542832
-1.19111
-0.0243395
0.095708
-0.107795
-0.154047
0.171857
0.0192244
0.12012
0.332592
-0.624761
-0.217601
0.0204472
0.329885
-0.357814
-0.277048
0.552148
-0.55967
1.1061
0.105382
0.2336
0.254716
0.398964
-0.377475
0.199343
-0.140434
-0.641962
-0.264375
0.396042
-1.92737
2.04407
-0.912176
1.11523
-0.174194
0.0351368
0.84964
-1.04207
-2.75473
-1.11301
-0.141206
-0.0410798
-0.543981
0.789976
2.58522
2.22345
-0.223597
-1.52899
0.619347
-0.0656581
-0.236555
1.3285
1.49832
-0.998784
1.78653
-0.469789
1.23873
2.40839
2.27991
0.115392
0.867026
-2.13262
0.290576
1.18125
-0.362058
-0.0768486
-0.110422
-1.0827
0.544456
0.624351
-1.84029
0.766357
-1.22398
-0.773388
-0.106444
1.77989
0.296103
-0.0193854
-0.198696
1.75046
-1.3061
2.93644
1.53425
0.21564
-0.0742291
-0.54713
0.750258
0.214008
-0.340183
-1.40373
0.0498039
-0.0416018
-0.133616
2.22672
-0.18206
-1.50034
0.0147738
-0.257346
0.244384
0.00422773
-0.122551
1.60547
-0.2038
-1.53102
0.482697
-0.872773
1.98945
-1.53705
-1.70143
0.158173
2.53835
-0.621292
0.0207541
-0.154803
0.615048
-0.338832
-0.0712389
0.591241
-1.69988
2.9262
-2.23575
1.89047
2.29666
-0.483231
-0.179139
0.522472
-0.0704897
0.0213943
0.517872
0.176946
0.565921
0.73191
1.05347
0.221116
2.4213
4.15505
-2.69397
-1.65668
-1.35841
-0.515573
-0.332844
-0.0807903
0.227687
-0.119289
1.21313
3.21936
2.59441
0.167988
-2.7729
-0.155665
-0.582762
-0.432502
-0.0540745
0.665543
-0.492808
0.403644
0.676845
0.822569
2.25187
2.09775
1.97665
1.57578
1.46144
1.9236
-1.84895
0.0990253
0.0849985
1.2134
-0.0471827
-4.55986
1.10116
2.13175
-3.13146
1.80125
0.00970335
-1.45437
-0.175799
0.223238
-1.29457
0.760004
0.964173
-0.325055
1.33407
-0.575646
2.48012
-0.0655333
2.52524
1.02844
-1.53575
0.311706
0.112161
0.0857099
-1.48788
1.24296
1.40838
0.0370013
-0.17656
0.484957
1.63325
-2.81583
2.25689
0.754075
-0.822824
-0.133578
0.0537568
1.18157
-0.347275
0.390583
-0.116961
-0.0251996
0.49854
-0.816715
2.39001
2.32119
-0.210988
0.0451974
0.0192362
-0.401762
-0.00357514
-0.930419
-0.276058
0.0620781
-0.610834
-1.92495
-0.492188
0.972887
0.14779
-0.593321
0.359375
-0.214806
-0.638374
0.192462
-2.34223
0.0996205
0.0367026
0.246475
0.188341
-2.49442
-2.91506
-0.944207
-1.42982
0.112731
0.214344
-0.360552
0.361722
-0.340415
0.0921319
1.80788
0.787636
-2.64281
3.28877
-3.03106
-0.323894
0.165248
-1.74907
1.6542
-0.25819
-0.0308025
-0.0159899
-0.0071297
0.0932412
0.0385574
-1.07922
2.66488
0.390554
2.42354
0.0297925
-0.0635754
0.0299804
0.265101
0.089437
0.00312937
1.01309
-0.00710101
0.468299
-1.68255
2.21459
-0.867367
0.0889286
2.69947
0.0146389
0.454253
-0.0483319
0.231701
0.158703
0.108716
-0.549409
1.45776
0.498126
2.68685
-2.80971
1.62227
0.694374
-0.902607
0.673467
0.595794
0.283634
0.708412
-0.384363
-0.182438
0.568594
-0.787348
-1.6477
-1.23976
2.49381
-0.437721
0.755889
-0.838134
-1.50721
0.0320841
-1.43869
-0.92217
0.42022
-1.68115
-0.427998
1.84277
-2.63542
1.77076
0.176807
-0.946817
0.90773
-0.00850872
1.30233
1.0771
-0.0436024
-1.18504
-0.934229
2.24106
1.48081
-2.35982
-1.35927
0.755763
0.606631
0.414407
0.096789
-1.78728
-0.0917706
0.265256
0.252356
-1.67584
-1.93247
2.93474
-0.836743
-0.235117
-1.0388
-1.47581
-0.291735
-1.32983
1.47796
0.00724994
-0.711588
1.5312
-1.1497
-2.63658
1.96479
-1.26158
-3.78589
0.0821752
0.0278216
0.032766
-1.61217
0.103479
-0.73451
0.694588
-1.22095
-0.311351
-0.144263
-1.55335
4.1079
-0.873767
3.48602
-0.0523302
-0.825609
-1.28469
-0.138342
0.413786
0.357605
-1.25217
-1.72295
0.65672
7.82894
-1.00011
1.77303
-0.322282
0.0255549
0.362055
-1.92015
-0.22475
-0.543377
-0.235763
-0.015383
-0.0402094
0.941792
-1.58634
-3.29729
-2.22156
-0.372645
0.199105
-0.484435
0.0510222
-0.290127
1.07905
1.99083
1.14219
-0.965751
-4.66913
0.263014
-0.17424
0.148075
2.31844
1.04567
0.0687496
-0.385365
-0.103907
-0.311413
-0.384208
-0.100709
0.0649461
-0.646133
-0.706502
0.275526
-2.8488
0.723917
-0.627653
-0.18222
-0.0653275
0.304882
0.100544
0.126099
0.414352
-0.256753
-0.296368
-2.80223
-3.39704
0.0986881
-1.76792
0.720224
-0.92854
-0.458268
1.654
-0.0800355
0.122815
1.3471
0.162444
0.408638
-1.6023
1.93843
1.99365
-0.257517
-0.773342
-0.134899
-1.65763
0.351621
0.559952
-1.00143
0.780041
0.427804
-1.47512
1.51601
0.104598
-1.98545
1.37279
1.00749
-0.347194
-1.44278
0.0858423
0.156158
0.232731
2.33254
-0.938064
-0.442469
1.17929
-1.32143
-0.696684
-2.36443
-0.847723
0.472298
-0.132034
-0.275685
0.0684874
1.16401
-0.132484
0.0647448
-0.00349612
-0.0122863
-2.4148
-1.03827
2.33754
0.14713
-0.276853
0.0565696
0.043205
-0.0885734
-0.0106104
0.251827
0.0266041
-0.167101
1.42178
1.01811
-0.609931
-0.164588
-0.00162038
0.00959138
0.0848245
-0.042848
-0.00805043
0.0409081
1.37236
0.148541
0.151472
-0.439755
-1.81183
-1.99138
-2.8505
0.111878
-0.362601
-0.143938
-1.13205
-0.528722
0.286778
0.924826
0.186804
0.465601
-1.77759
-2.99894
0.475409
1.9094
0.245918
-0.00504454
0.688861
0.133379
-0.115223
2.2233
0.476725
-0.0632574
-0.126595
1.20457
1.11406
0.139635
-1.89968
0.0380347
-0.076059
-0.595421
-0.539462
1.4658
-0.0163365
-0.0123571
-2.93194
-0.630158
-2.57395
1.62356
2.3895
1.64388
0.699989
0.790158
-0.369961
1.14025
-0.717138
-0.0437414
0.0391879
-0.518528
-0.579608
0.773376
-2.51632
1.74744
0.398246
-0.0251378
0.137248
0.350562
-1.19482
0.0902081
0.0781156
0.00151028
-0.0661506
1.71361
0.564717
0.777132
-0.307067
-0.758967
-0.317796
0.144088
-0.496158
-0.262314
-1.84079
0.0538008
0.39517
-1.72134
-0.104668
-0.10827
0.415226
2.67909
2.47785
1.63269
-0.905688
-0.914399
1.58266
0.0657104
0.848539
-0.645827
1.11721
-0.484434
-0.415665
1.25271
0.803011
-1.00681
-2.25312
-0.0579202
0.744299
0.602948
0.130797
-0.197035
-0.268428
0.0825886
1.66391
-0.697384
-1.4775
2.66231
0.169398
0.408625
1.52091
0.493233
0.192912
-0.540882
-0.372531
-0.134349
0.364286
-2.28463
2.14016
1.65103
0.436171
0.558383
-4.69116
-0.936181
-0.829945
0.249902
-0.401528
-0.294227
0.174298
0.818461
1.39303
-2.41508
0.493618
-3.1743
1.65184
0.732777
-3.8297
-0.26614
0.158526
-0.159285
-0.0732938
-0.102594
-1.10078
-1.55559
-0.492672
0.614149
2.24482
0.1166
1.57852
-0.246018
-0.032603
0.0671244
-0.0207649
-0.216022
0.0282296
-0.0374993
-0.0774978
-0.235116
-0.0211093
0.0472492
-1.65432
-0.520284
-1.95405
-0.240057
-0.0295056
-0.198081
-0.0978872
0.0193394
-0.594589
0.0680448
0.221503
-1.26232
-4.42174
3.4969
1.6212
-4.23898
-2.74594
1.90842
3.4704
1.67342
-2.07594
4.24366
-2.29983
-2.97114
-0.533826
-1.53519
-0.857074
-0.835113
0.550693
-0.826659
2.33041
-2.3989
-1.23045
-3.58435
-1.16311
-2.09759
-2.96355
-5.54097
-2.31362
-2.4978
-0.649494
0.19838
-3.29297
0.90888
-1.62345
-4.71208
-3.17333
-1.48855
-1.7472
2.64957
-0.040765
1.684
-0.6519
-1.41645
-0.301038
0.338306
2.8209
-1.59621
4.15194
-2.60548
-3.52795
4.47826
-5.20368
2.90736
1.91277
0.299838
-2.1353
4.01634
0.373367
-0.602689
4.40041
-2.9894
1.17464
0.0132956
0.754172
-0.73944
1.20727
-7.74577
-6.39786
-4.49524
-1.35555
-2.71516
-0.455843
-0.297712
-1.52457
0.953368
0.291547
-0.222945
0.589738
-1.19187
-0.214184
-0.561211
-3.83434
2.74705
-2.85398
-6.48075
-3.52574
-2.37449
0.921117
-3.22249
5.23075
-2.6667
1.8458
-2.07044
-3.71938
-1.69079
1.31538
1.12637
0.421399
-1.96974
-5.9047
6.69992
-0.542676
-1.71558
-0.264182
-1.38825
